x1,x2,x3,x4,x5,x6,x7,x8,x9,x10,x11,x12,x13,x14,x15,x16,x17,x18,x19,x20,x21,x22,x23,x24,x25,x26,x27,x28,x29,x30,x31,x32,x33,x34,x35,x36,x37,x38,x39,x40,x41,x42,x43,x44,x45,x46,x47,x48,x49,x50,x51,x52,x53,x54,x55,x56,x57,x58,x59,x60,x61,x62,x63,x64,x65,x66,x67,x68,x69,x70,x71,x72,x73,x74,x75,x76,x77,x78,x79,x80,x81,x82,x83,x84,x85,x86,x87,x88,x89,x90,x91,x92,x93,x94,x95,x96,x97,x98,x99,x100,x101,x102,x103,x104,x105,x106,x107,x108,x109,x110,x111,x112,x113,x114,x115,x116,x117,x118,x119,x120,x121,x122,x123,x124,x125,x126,x127,x128,x129,x130,x131,x132,x133,x134,x135,x136,x137,x138,x139,x140,x141,x142,x143,x144,x145,x146,x147,x148,x149,x150,x151,x152,x153,x154,x155,x156,x157,x158,x159,x160,x161,x162,x163,x164,x165,x166,x167,x168,x169,x170,x171,x172,x173,x174,x175,x176,x177,x178,x179,x180,x181,x182,x183,x184,x185,x186,x187,x188,x189,x190,x191,x192,x193,x194,x195,x196,x197,x198,x199,x200,x201,x202,x203,x204,x205,x206,x207,x208,x209,x210,x211,x212,x213,x214,x215,x216,x217,x218,x219,x220,x221,x222,x223,x224,x225,x226,x227,x228,x229,x230,x231,x232,x233,x234,x235,x236,x237,x238,x239,x240,x241,x242,x243,x244,x245,x246,x247,x248,x249,x250,x251,x252,x253,x254,x255,x256,x257,x258,x259,x260,x261,x262,x263,x264,x265,x266,x267,x268,x269,x270,x271,x272,x273,x274,x275,x276,x277,x278,x279,x280,x281,x282,x283,x284,x285,x286,x287,x288,x289,x290,x291,x292,x293,x294,x295,x296,x297,x298,x299,x300,x301,x302,x303,x304,x305,x306,x307,x308,x309,x310,x311,x312,x313,x314,x315,x316,x317,x318,x319,x320,x321,x322,x323,x324,x325,x326,x327,x328,x329,x330,x331,x332,x333,x334,x335,x336,x337,x338,x339,x340,x341,x342,x343,x344,x345,x346,x347,x348,x349,x350,x351,x352,x353,x354,x355,x356,x357,x358,x359,x360,x361,x362,x363,x364,x365,x366,x367,x368,x369,x370,x371,x372,x373,x374,x375,x376,x377,x378,x379,x380,x381,x382,x383,x384,x385,x386,x387,x388,x389,x390,x391,x392,x393,x394,x395,x396,x397,x398,x399,x400,x401,x402,x403,x404,x405,x406,x407,x408,x409,x410,x411,x412,x413,x414,x415,x416,x417,x418,x419,x420,x421,x422,x423,x424,x425,x426,x427,x428,x429,x430,x431,x432,x433,x434,x435,x436,x437,x438,x439,x440,x441,x442,x443,x444,x445,x446,x447,x448,x449,x450,x451,x452,x453,x454,x455,x456,x457,x458,x459,x460,x461,x462,x463,x464,x465,x466,x467,x468,x469,x470,x471,x472,x473,x474,x475,x476,x477,x478,x479,x480,x481,x482,x483,x484,x485,x486,x487,x488,x489,x490,x491,x492,x493,x494,x495,x496,x497,x498,x499,x500,x501,x502,x503,x504,x505,x506,x507,x508,x509,x510,x511,x512,x513,x514,x515,x516,x517,x518,x519,x520,x521,x522,x523,x524,x525,x526,x527,x528,x529,x530,x531,x532,x533,x534,x535,x536,x537,x538,x539,x540,x541,x542,x543,x544,x545,x546,x547,x548,x549,x550,x551,x552,x553,x554,x555,x556,x557,x558,x559,x560,x561,x562,x563,x564,x565,x566,x567,x568,x569,x570,x571,x572,x573,x574,x575,x576,x577,x578,x579,x580,x581,x582,x583,x584,x585,x586,x587,x588,x589,x590,x591,x592,x593,x594,x595,x596,x597,x598,x599,x600,x601,x602,x603,x604,x605,x606,x607,x608,x609,x610,x611,x612,x613,x614,x615,x616,x617,x618,x619,x620,x621,x622,x623,x624,x625,x626,x627,x628,x629,x630,x631,x632,x633,x634,x635,x636,x637,x638,x639,x640,x641,x642,x643,x644,x645,x646,x647,x648,x649,x650,x651,x652,x653,x654,x655,x656,x657,x658,x659,x660,x661,x662,x663,x664,x665,x666,x667,x668,x669,x670,x671,x672,x673,x674,x675,x676,x677,x678,x679,x680,x681,x682,x683,x684,x685,x686,x687,x688,x689,x690,x691,x692,x693,x694,x695,x696,x697,x698,x699,x700,x701,x702,x703,x704,x705,x706,x707,x708,x709,x710,x711,x712,x713,x714,x715,x716,x717,x718,x719,x720,x721,x722,x723,x724,x725,x726,x727,x728,x729,x730,x731,x732,x733,x734,x735,x736,x737,x738,x739,x740,x741,x742,x743,x744,x745,x746,x747,x748,x749,x750,x751,x752,x753,x754,x755,x756,x757,x758,x759,x760,x761,x762,x763,x764,x765,x766,x767,x768,x769,x770,x771,x772,x773,x774,x775,x776,x777,x778,x779,x780,x781,x782,x783,x784,x785,x786,x787,x788,x789,x790,x791,x792,x793,x794,x795,x796,x797,x798,x799,x800,x801,x802,x803,x804,x805,x806,x807,x808,x809,x810,x811,x812,x813,x814,x815,x816,x817,x818,x819,x820,x821,x822,x823,x824,x825,x826,x827,x828,x829,x830,x831,x832,x833,x834,x835,x836,x837,x838,x839,x840,x841,x842,x843,x844,x845,x846,x847,x848,x849,x850,x851,x852,x853,x854,x855,x856,x857,x858,x859,x860,x861,x862,x863,x864,x865,x866,x867,x868,x869,x870,x871,x872,x873,x874,x875,x876,x877,x878,x879,x880,x881,x882,x883,x884,x885,x886,x887,x888,x889,x890,x891,x892,x893,x894,x895,x896,x897,x898,x899,x900,x901,x902,x903,x904,x905,x906,x907,x908,x909,x910,x911,x912,x913,x914,x915,x916,x917,x918,x919,x920,x921,x922,x923,x924,x925,x926,x927,x928,x929,x930,x931,x932,x933,x934,x935,x936,x937,x938,x939,x940,x941,x942,x943,x944,x945,x946,x947,x948,x949,x950,x951,x952,x953,x954,x955,x956,x957,x958,x959,x960,x961,x962,x963,x964,x965,x966,x967,x968,x969,x970,x971,x972,x973,x974,x975,x976,x977,x978,x979,x980,x981,x982,x983,x984,x985,x986,x987,x988,x989,x990,x991,x992,x993,x994,x995,x996,x997,x998,x999,x1000,x1001,x1002,x1003,x1004,x1005,x1006,x1007,x1008,x1009,x1010,x1011,x1012,x1013,x1014,x1015,x1016,x1017,x1018,x1019,x1020,x1021,x1022,x1023,x1024,x1025,x1026,x1027,x1028,x1029,x1030,x1031,x1032,x1033,x1034,x1035,x1036,x1037,x1038,x1039,x1040,x1041,x1042,x1043,x1044,x1045,x1046,x1047,x1048,x1049,x1050,x1051,x1052,x1053,x1054,x1055,x1056,x1057,x1058,x1059,x1060,x1061,x1062,x1063,x1064,x1065,x1066,x1067,x1068,x1069,x1070,x1071,x1072,x1073,x1074,x1075,x1076,x1077,x1078,x1079,x1080,x1081,x1082,x1083,x1084,x1085,x1086,x1087,x1088,x1089,x1090,x1091,x1092,x1093,x1094,x1095,x1096,x1097,x1098,x1099,x1100,x1101,x1102,x1103,x1104,x1105,x1106,x1107,x1108,x1109,x1110,x1111,x1112,x1113,x1114,x1115,x1116,x1117,x1118,x1119,x1120,x1121,x1122,x1123,x1124,x1125,x1126,x1127,x1128,x1129,x1130,x1131,x1132,x1133,x1134,x1135,x1136,x1137,x1138,x1139,x1140,x1141,x1142,x1143,x1144,x1145,x1146,x1147,x1148,x1149,x1150,x1151,x1152,x1153,x1154,x1155,x1156,x1157,x1158,x1159,x1160,x1161,x1162,x1163,x1164,x1165,x1166,x1167,x1168,x1169,x1170,x1171,x1172,x1173,x1174,x1175,x1176,x1177,x1178,x1179,x1180,x1181,x1182,x1183,x1184,x1185,x1186,x1187,x1188,x1189,x1190,x1191,x1192,x1193,x1194,x1195,x1196,x1197,x1198,x1199,x1200,x1201,x1202,x1203,x1204,x1205,x1206,x1207,x1208,x1209,x1210,x1211,x1212,x1213,x1214,x1215,x1216,x1217,x1218,x1219,x1220,x1221,x1222,x1223,x1224,x1225,x1226,x1227,x1228,x1229,x1230,x1231,x1232,x1233,x1234,x1235,x1236,x1237,x1238,x1239,x1240,x1241,x1242,x1243,x1244,x1245,x1246,x1247,x1248,x1249,x1250,x1251,x1252,x1253,x1254,x1255,x1256,x1257,x1258,x1259,x1260,x1261,x1262,x1263,x1264,x1265,x1266,x1267,x1268,x1269,x1270,x1271,x1272,x1273,x1274,x1275,x1276,x1277,x1278,x1279,x1280,x1281,x1282,x1283,x1284,x1285,x1286,x1287,x1288,x1289,x1290,x1291,x1292,x1293,x1294,x1295,x1296,x1297,x1298,x1299,x1300,x1301,x1302,x1303,x1304,x1305,x1306,x1307,x1308,x1309,x1310,x1311,x1312,x1313,x1314,x1315,x1316,x1317,x1318,x1319,x1320,x1321,x1322,x1323,x1324,x1325,x1326,x1327,x1328,x1329,x1330,x1331,x1332,x1333,x1334,x1335,x1336,x1337,x1338,x1339,x1340,x1341,x1342,x1343,x1344,x1345,x1346,x1347,x1348,x1349,x1350,x1351,x1352,x1353,x1354,x1355,x1356,x1357,x1358,x1359,x1360,x1361,x1362,x1363,x1364,x1365,x1366,x1367,x1368,x1369,x1370,x1371,x1372,x1373,x1374,x1375,x1376,x1377,x1378,x1379,x1380,x1381,x1382,x1383,x1384,x1385,x1386,x1387,x1388,x1389,x1390,x1391,x1392,x1393,x1394,x1395,x1396,x1397,x1398,x1399,x1400,x1401,x1402,x1403,x1404,x1405,x1406,x1407,x1408,x1409,x1410,x1411,x1412,x1413,x1414,x1415,x1416,x1417,x1418,x1419,x1420,x1421,x1422,x1423,x1424,x1425,x1426,x1427,x1428,x1429,x1430,x1431,x1432,x1433,x1434,x1435,x1436,x1437,x1438,x1439,x1440,x1441,x1442,x1443,x1444,x1445,x1446,x1447,x1448,x1449,x1450,x1451,x1452,x1453,x1454,x1455,x1456,x1457,x1458,x1459,x1460,x1461,x1462,x1463,x1464,x1465,x1466,x1467,x1468,x1469,x1470,x1471,x1472,x1473,x1474,x1475,x1476,x1477,x1478,x1479,x1480,x1481,x1482,x1483,x1484,x1485,x1486,x1487,x1488,x1489,x1490,x1491,x1492,x1493,x1494,x1495,x1496,x1497,x1498,x1499,x1500,x1501,x1502,x1503,x1504,x1505,x1506,x1507,x1508,x1509,x1510,x1511,x1512,x1513,x1514,x1515,x1516,x1517,x1518,x1519,x1520,x1521,x1522,x1523,x1524,x1525,x1526,x1527,x1528,x1529,x1530,x1531,x1532,x1533,x1534,x1535,x1536,x1537
LYZ,0,0,1,0,0,51,37,2,3,0,40,0,55,2,1,6,0,1,56,0,1,0,83,31,2,2,0,0,0,0,0,0,0,1,0,1,0,0,51,0,1,0,84,1,0,0,1,48,0,1,0,2,54,0,0,86,0,0,1,0,101,0,0,24,0,1,3,0,45,1,1,0,0,57,66,0,0,103,19,48,0,0,30,25,0,0,0,0,0,0,0,1,1,50,1,60,2,0,63,3,0,1,103,1,2,30,0,1,105,1,2,0,16,44,0,1,1,1,75,0,0,26,89,0,2,1,2,1,122,0,0,0,1,0,0,1,1,2,28,1,3,0,2,1,56,1,76,46,0,1,113,0,0,0,0,1,0,2,1,58,0,1,94,44,0,1,49,1,66,94,3,0,3,1,98,0,0,1,58,0,0,0,0,0,42,1,0,2,59,22,31,19,0,1,1,3,1,1,0,0,25,2,52,1,3,2,0,0,3,0,0,0,2,1,0,0,0,1,1,88,0,0,0,1,0,0,1,47,0,0,0,0,6,23,55,1,0,0,0,0,42,1,3,27,2,0,0,71,125,93,0,55,0,2,0,1,0,2,1,25,1,0,0,100,1,1,0,2,2,0,1,135,39,4,0,1,1,69,113,2,56,30,0,2,1,0,1,0,0,1,0,3,90,1,1,1,1,0,123,0,0,1,0,0,60,0,0,24,7,1,1,0,2,2,3,0,0,0,0,1,0,0,78,1,2,0,19,0,2,0,0,48,2,0,22,0,0,53,1,86,182,1,36,1,1,2,1,39,1,106,111,1,7,0,0,61,0,0,63,34,0,1,0,32,0,1,176,0,1,0,0,42,3,0,1,121,1,0,1,82,62,0,37,2,0,7,1,1,2,0,1,34,0,20,1,41,1,2,0,6,74,0,1,0,55,0,2,1,2,1,0,1,54,0,2,142,0,0,0,0,77,0,2,0,14,0,1,3,1,1,1,1,1,1,33,1,35,1,2,98,0,1,79,0,2,171,1,0,0,1,4,1,41,0,82,2,2,45,84,1,0,0,0,1,86,23,0,0,29,41,55,73,0,1,0,4,36,1,0,1,128,0,1,0,37,0,1,2,0,39,0,0,1,1,1,51,0,0,1,0,21,52,0,0,1,1,1,108,1,0,27,0,0,0,0,1,1,1,0,50,1,1,1,82,38,25,1,1,106,1,70,0,1,0,50,106,1,69,1,1,2,3,0,0,0,0,120,1,84,1,3,74,1,2,36,58,0,3,1,3,0,0,2,1,1,1,2,0,2,0,2,0,0,0,1,47,0,2,32,2,1,3,1,58,0,1,2,0,1,51,0,0,0,73,0,5,1,0,0,0,0,89,21,1,0,79,72,2,1,0,33,2,0,0,2,1,1,0,36,61,2,1,1,2,0,1,0,16,1,2,1,0,0,0,37,0,2,1,0,1,0,26,3,1,1,0,6,1,1,38,0,1,0,26,0,52,0,0,1,81,41,0,3,0,0,1,23,0,2,3,1,2,30,0,0,1,22,83,0,0,0,108,0,1,44,1,2,1,21,0,0,0,0,0,0,1,1,1,1,58,1,1,0,0,0,46,0,0,2,98,0,0,0,0,58,2,1,1,2,0,0,1,0,1,1,0,1,0,1,3,2,0,0,0,2,2,54,1,0,0,0,0,0,56,1,1,0,0,0,0,1,0,2,0,0,1,1,1,2,2,1,66,1,0,60,0,1,0,0,2,0,0,1,1,3,53,98,1,90,2,27,1,0,1,48,17,1,1,1,2,1,0,1,39,164,1,0,1,60,0,1,0,0,0,1,0,0,1,2,0,0,55,0,29,1,2,38,1,0,1,0,0,68,1,1,1,1,0,0,21,1,1,0,45,1,1,0,1,69,2,62,51,1,1,1,1,0,2,0,0,0,35,17,0,0,0,32,97,0,1,1,0,2,1,1,1,0,71,0,2,2,38,31,0,0,1,2,2,1,44,0,0,42,107,84,0,1,0,1,3,2,1,0,16,19,48,3,0,51,0,1,0,1,1,0,0,0,2,79,113,110,0,1,3,35,0,0,0,1,1,0,79,38,0,1,33,1,0,21,37,41,1,0,1,0,0,0,10,0,3,3,0,1,1,0,3,2,27,0,1,19,0,42,1,0,0,2,0,5,39,0,0,0,0,72,145,0,0,1,44,0,141,45,0,3,2,0,0,44,1,0,1,2,154,0,1,0,0,1,1,1,1,0,0,2,0,1,0,0,0,0,54,0,0,1,2,0,0,16,0,2,3,74,0,0,1,1,0,55,0,0,1,0,0,2,0,2,41,1,1,87,103,0,1,0,93,1,76,39,0,1,2,2,0,2,1,1,0,0,0,0,57,2,0,1,0,39,1,0,1,0,1,3,13,3,0,44,39,0,39,78,0,0,7,0,1,1,33,74,85,1,34,1,2,0,0,58,2,1,1,57,2,0,158,2,17,0,0,41,0,0,1,8,41,87,0,1,1,1,1,0,2,1,0,1,0,35,1,1,0,0,0,109,0,2,0,0,1,39,0,0,33,0,1,0,1,0,1,0,0,0,0,58,0,0,0,1,0,0,0,54,0,0,97,2,2,0,0,3,1,0,0,3,0,1,1,0,0,1,1,1,2,1,1,2,0,78,1,2,114,1,0,63,0,1,0,0,0,39,52,0,1,1,2,1,0,70,0,3,0,0,0,3,0,1,2,2,115,1,87,0,0,0,18,1,0,9,0,0,1,0,45,0,1,2,1,53,105,1,1,87,58,0,0,0,2,164,0,1,1,0,0,0,0,1,0,2,1,1,1,3,0,35,35,0,0,3,1,0,1,1,1,80,110,1,1,17,0,1,1,1,13,1,1,0,0,164,2,14,30,58,0,103,0,2,54,0,0,0,48,0,0,1,1,27,0,0,0,22,2,14,1,1,42,1,0,50,1,2,0,0,0,1,0,1,0,0,2,0,1,0,82,34,53,1,0,2,1,0,148,2,1,1,0,1,1,1,3,5,1,49,0,0,1,2,0,1,0,45,0,1,0,1,1,13,0,1,0,29,1,1,14,0,69,24,106,1,2,0,3,33,40,2,2,50,2,90,0,2,69,3,4,0,2,0,0,1,0,1,0,34,0,0,0,2,22,0,33,0,56,0,28,0,1,0,33,0,1,0,0,1,0,1,1,49,0,0,97,0,1,49,1,36,59,1,2,1,1,1,1,1,0,1,0,1,1,0,2,1,37,1,0,1,1,41,1,1,2,1,24,1,1,1,0,0,25,2,1,0,2,0,1,14,2,1,0,7,36,0,0,18,1,2,37,95,0,0,0,0,125,1,2,3,0,2,42,1,43,53,1,0,0,1,37,0,0,1,2,107,2,2,14,1,0,19,0,48,0,0,33,0,0,1,0,0,0,0,1,1,0,0,21,65,0,82,1,30,144,1,0,0,1,0,1,0,0
S100A9,0,0,0,1,1,19,80,0,1,0,43,0,22,0,1,5,0,1,42,1,0,1,80,35,1,1,1,0,0,0,0,0,0,2,1,1,1,1,2,0,1,0,144,1,0,1,0,38,1,1,0,1,47,1,0,58,0,4,3,0,46,1,0,11,1,2,5,0,36,1,0,4,0,99,13,0,0,138,34,14,0,1,42,18,2,0,0,1,2,1,1,3,2,133,2,109,0,1,127,3,0,1,24,2,3,52,0,2,13,0,1,3,21,42,2,0,4,1,14,2,0,17,169,0,2,1,0,0,100,1,0,0,1,1,2,1,0,1,15,0,3,0,1,2,2,0,85,112,3,0,81,2,2,1,1,2,0,1,0,100,0,1,36,146,0,3,93,0,18,10,3,2,2,0,101,1,0,0,36,0,1,0,0,0,38,0,1,1,60,7,2,2,2,0,0,0,1,0,0,0,55,1,25,2,0,0,1,1,1,0,1,0,3,1,0,1,1,0,1,59,0,2,1,1,3,1,2,44,1,2,3,0,2,5,143,2,0,0,0,0,19,0,1,8,0,0,0,46,113,82,1,68,0,0,1,2,0,0,1,34,0,0,4,205,2,1,0,0,2,0,2,67,54,2,0,0,1,84,81,1,44,35,2,1,3,3,2,0,1,2,5,1,134,3,2,0,0,1,79,1,0,0,1,1,92,0,1,12,2,1,0,1,1,4,0,1,1,0,1,2,0,0,28,1,1,0,54,2,0,0,0,14,2,1,19,2,0,47,0,50,53,0,42,1,1,0,1,44,0,149,107,2,0,0,0,42,0,0,40,39,1,0,1,72,1,2,11,1,1,2,0,21,3,0,0,27,1,0,0,133,47,0,65,0,0,13,2,2,2,0,2,14,1,5,1,47,6,1,0,3,72,1,1,2,75,2,1,0,0,0,0,1,61,0,1,9,1,1,0,0,18,2,2,0,27,2,1,0,0,2,0,0,1,0,29,1,12,0,1,100,2,3,2,0,1,44,1,1,1,0,2,1,81,0,133,0,0,34,118,0,1,0,1,0,138,4,1,1,9,57,68,130,0,0,1,4,25,3,2,0,60,1,1,0,92,1,0,0,0,35,2,1,0,1,0,44,0,0,0,0,36,112,0,0,0,1,2,17,1,2,21,0,2,1,0,1,0,0,3,7,2,1,1,52,28,34,0,2,149,1,49,2,0,0,92,149,0,4,1,1,5,0,0,0,1,6,153,2,3,1,2,74,0,1,22,27,1,10,0,2,0,4,1,1,0,2,1,0,1,1,1,0,0,0,1,44,0,1,50,0,0,0,1,12,0,1,0,0,1,54,0,2,0,26,1,0,1,0,0,0,1,13,27,0,0,3,58,0,0,0,26,1,0,0,5,1,0,0,68,37,1,2,1,0,2,1,0,4,1,1,2,1,2,4,52,0,1,2,0,0,1,57,0,2,1,1,9,1,2,20,0,2,1,0,3,42,1,1,1,95,50,1,2,0,0,0,44,1,1,1,0,1,76,2,1,0,40,80,1,1,3,17,0,1,52,1,0,2,36,1,6,2,1,0,0,1,5,0,0,47,0,2,3,2,0,14,0,1,0,4,0,0,0,2,38,0,1,0,0,3,1,2,0,0,0,1,1,0,1,1,1,0,0,1,2,1,14,1,0,3,0,1,1,62,1,0,1,0,1,1,2,0,1,0,0,0,0,1,0,1,0,91,1,0,64,1,0,1,1,2,1,1,2,1,3,33,101,1,49,0,31,0,1,1,117,3,2,0,2,1,0,0,0,49,149,0,2,0,28,1,4,0,3,1,2,0,1,1,1,0,0,70,0,23,1,0,9,3,0,0,0,1,10,1,1,0,2,1,1,27,0,1,0,21,0,0,0,1,72,2,24,36,0,2,1,0,0,0,1,0,0,49,42,2,1,1,32,144,3,1,1,1,0,0,0,2,1,37,2,0,3,61,6,0,0,3,1,2,0,38,2,0,27,12,49,1,0,0,4,1,0,2,4,15,34,47,3,1,2,0,1,3,0,1,0,0,0,0,2,92,76,1,0,1,64,0,1,1,1,1,0,2,57,1,1,47,0,0,25,24,37,2,2,0,2,0,2,13,2,2,0,2,0,0,1,3,1,16,0,1,19,0,27,2,1,0,3,3,0,75,1,0,0,0,48,108,1,1,2,34,1,59,60,1,0,2,1,1,82,2,0,2,0,98,1,2,1,0,0,0,3,3,1,0,0,1,1,2,1,0,1,225,1,0,0,1,2,0,45,0,0,1,72,0,0,0,2,3,22,1,0,1,0,5,0,3,0,122,3,2,3,5,0,1,0,58,0,77,38,1,0,1,1,1,1,0,0,1,1,2,0,99,1,1,0,2,3,3,1,2,2,0,4,16,3,2,82,27,0,57,31,0,0,2,6,1,2,26,72,138,1,11,0,2,1,3,100,1,0,0,46,3,1,9,2,36,0,1,57,0,2,1,2,122,53,2,0,0,1,1,0,0,0,2,1,0,13,0,0,1,3,1,148,1,2,2,0,1,30,2,0,5,2,0,0,0,2,3,0,1,0,0,32,0,1,1,0,0,2,0,225,2,0,2,0,0,0,1,2,0,0,0,0,1,0,0,0,1,1,0,3,0,0,3,3,0,144,0,1,3,3,0,10,1,0,2,1,0,49,150,1,0,0,3,1,3,49,1,1,3,0,1,1,1,1,1,2,26,1,139,0,1,0,8,1,0,12,1,1,1,1,45,1,1,0,3,35,147,0,0,53,27,1,1,0,1,102,0,0,2,1,0,0,1,4,0,0,0,3,1,10,1,13,63,2,1,3,0,4,3,3,0,31,52,2,1,29,4,0,0,1,1,0,0,1,0,102,1,6,76,27,2,3,0,0,61,1,1,2,14,0,3,2,0,21,0,0,1,13,1,10,1,1,60,0,1,21,3,0,1,2,0,1,0,0,1,0,1,0,3,2,66,11,25,2,1,0,1,0,279,0,0,0,1,1,1,0,0,5,1,20,1,2,0,1,2,0,0,15,1,0,3,1,0,6,0,0,1,42,1,2,4,1,75,29,30,1,1,0,2,20,76,0,0,48,0,92,0,2,33,1,3,1,0,1,0,0,0,2,1,14,0,3,2,1,25,2,63,2,2,1,13,1,0,1,13,2,0,1,0,2,0,0,1,62,0,2,3,3,4,25,0,15,60,0,0,2,3,1,1,1,0,0,1,1,0,0,1,1,75,1,1,3,2,16,2,0,2,2,29,0,0,3,1,1,62,2,1,0,4,0,1,9,0,2,0,4,39,6,1,22,1,0,92,9,0,1,0,1,53,2,0,2,0,1,19,2,85,26,0,1,2,2,63,0,1,2,1,60,1,1,10,1,1,34,0,26,1,0,54,1,1,1,2,1,2,1,1,1,2,0,42,82,0,66,0,25,6,0,1,1,1,0,1,1,0
S100A8,1,0,0,1,0,14,54,0,0,1,64,3,10,2,1,0,0,2,38,1,0,0,77,29,0,1,1,0,0,1,0,0,1,4,1,1,0,1,1,0,0,0,96,0,0,0,0,60,1,0,0,1,25,0,1,54,0,0,1,1,32,1,0,13,0,0,2,2,31,0,0,0,1,97,10,0,0,181,44,10,2,0,62,17,1,1,0,0,1,2,1,0,0,131,0,87,2,1,113,2,2,0,18,1,0,32,0,0,10,1,1,1,27,36,1,0,2,0,8,4,0,19,241,2,1,1,1,0,137,0,1,1,0,0,0,0,1,1,17,0,0,2,0,1,0,0,55,93,0,0,62,4,2,0,0,0,1,0,1,79,0,0,16,163,0,3,116,2,10,5,0,1,1,0,75,0,1,1,22,1,0,0,2,1,23,0,0,0,68,3,3,2,2,0,1,0,0,0,2,1,50,2,13,0,2,0,1,2,0,2,0,0,1,0,0,0,0,0,0,26,0,0,3,0,0,0,0,39,0,0,0,0,1,5,99,0,0,1,0,0,21,2,1,5,0,1,1,29,97,48,0,44,0,1,1,0,0,0,0,20,0,1,0,175,0,0,0,0,1,1,0,34,47,3,0,3,0,36,62,0,55,20,1,1,2,0,0,1,0,0,1,1,77,0,0,0,1,0,30,0,1,1,2,1,104,0,0,16,4,0,0,0,1,3,0,0,0,2,1,0,1,0,20,2,0,0,41,0,0,2,0,10,1,0,14,0,1,33,1,30,25,1,25,0,1,0,2,21,0,100,75,0,5,1,1,48,3,2,25,30,0,0,1,90,0,0,6,0,0,1,0,18,0,0,0,9,0,1,1,74,35,1,52,0,0,16,0,1,0,1,1,3,0,2,0,38,0,0,0,0,77,2,0,0,45,1,2,0,1,0,1,1,53,0,1,10,0,1,2,0,14,1,2,0,3,1,0,2,0,0,1,0,0,0,37,1,16,0,1,60,1,0,2,0,0,22,0,0,0,0,0,1,43,0,74,2,1,19,74,0,3,2,0,0,112,10,2,0,7,73,44,117,1,0,1,4,14,2,0,0,32,1,0,1,54,4,1,0,0,35,1,0,1,1,1,39,2,1,0,0,48,102,0,0,2,1,0,23,0,1,43,1,0,1,1,1,1,1,0,9,1,1,0,46,18,20,3,0,100,1,30,0,1,0,80,100,1,2,2,1,4,0,1,0,0,1,98,0,2,3,1,47,0,1,17,20,0,5,0,2,1,1,0,0,0,1,1,0,1,0,0,1,2,1,1,37,1,0,65,0,0,2,2,13,0,0,4,0,2,43,0,0,0,9,2,0,0,1,3,1,0,12,37,0,0,1,43,1,1,0,22,0,1,0,2,0,0,2,62,31,0,2,0,0,0,1,0,1,0,0,0,0,0,1,47,3,1,1,0,1,1,92,1,0,0,0,4,1,0,25,0,0,1,2,0,73,1,1,1,98,24,0,0,0,1,0,32,0,1,1,1,0,69,0,1,0,50,77,0,1,0,23,1,0,64,0,0,0,48,1,1,0,0,0,1,1,1,0,1,33,0,0,4,4,2,1,0,1,1,4,0,0,1,1,35,0,0,0,0,2,1,0,0,2,0,0,1,2,0,0,0,0,0,0,0,0,14,1,0,2,3,0,1,44,1,0,0,1,0,1,2,1,2,2,0,0,1,0,1,3,0,55,1,1,55,2,0,0,1,2,1,0,1,0,0,33,75,0,42,2,18,0,0,0,89,9,1,1,0,0,0,0,1,49,105,2,1,1,30,2,0,0,0,0,1,2,0,0,2,1,0,68,2,33,0,0,4,0,1,0,0,0,26,0,2,0,1,0,0,37,1,1,1,17,0,0,0,1,91,2,21,25,0,0,1,4,0,1,0,1,0,55,46,1,1,0,32,132,0,0,2,0,1,0,0,1,1,51,1,0,0,60,3,1,0,0,2,1,1,22,1,0,20,6,22,1,2,0,1,0,1,0,1,10,44,40,2,0,1,2,2,2,0,0,0,0,0,1,2,78,55,0,0,2,63,3,0,0,0,2,0,2,39,0,1,22,0,2,12,18,41,1,2,0,0,0,2,2,0,0,1,0,0,3,1,0,1,12,1,0,28,1,20,0,0,0,0,1,3,91,0,1,0,0,36,55,0,0,3,42,0,14,33,0,2,0,0,0,63,1,0,1,1,58,1,1,0,0,2,0,0,1,0,0,0,1,0,0,0,0,1,144,2,0,0,1,2,2,55,0,2,1,77,0,2,0,0,2,10,1,1,0,0,0,0,4,1,126,1,2,1,0,0,0,0,40,1,55,49,0,0,0,1,1,2,1,1,0,0,1,1,97,0,1,2,0,6,0,0,0,1,0,2,0,0,5,63,52,1,47,25,0,0,0,1,0,1,22,77,93,0,10,0,3,0,1,79,2,0,0,19,0,1,2,3,19,0,1,73,1,0,0,3,126,53,0,0,1,1,1,0,0,1,0,1,0,9,1,0,0,2,0,97,0,1,1,0,0,20,1,0,4,0,0,1,0,0,1,0,0,0,1,18,0,2,0,0,1,1,0,144,2,0,1,0,0,1,0,1,0,0,1,1,1,1,0,1,2,0,2,1,0,0,1,2,0,78,1,2,4,3,0,3,0,0,0,1,0,49,131,0,0,0,0,0,0,30,0,0,2,0,0,1,2,0,0,2,12,0,121,0,2,1,2,1,0,1,0,0,0,0,49,0,1,1,1,22,85,1,3,53,20,0,0,1,0,85,1,0,0,0,2,0,0,0,0,0,1,1,0,5,1,9,58,4,1,3,0,2,0,2,1,28,20,0,2,30,1,0,0,1,8,1,1,1,0,85,2,6,69,20,0,1,0,0,53,0,1,1,10,1,0,2,1,43,2,0,2,2,0,18,0,1,43,1,1,16,0,0,0,0,0,1,2,0,0,2,1,0,0,1,77,10,22,1,2,0,3,1,193,0,0,0,1,2,1,2,0,5,2,14,1,1,1,1,0,3,4,9,0,2,0,1,1,4,0,1,0,55,0,0,0,0,54,25,17,1,3,0,2,21,68,1,0,14,1,121,0,0,38,1,1,0,0,0,0,0,1,0,1,3,0,1,2,1,27,1,72,0,0,2,10,0,0,1,8,4,1,1,0,2,1,2,0,59,1,0,2,0,2,21,0,13,68,0,0,0,3,0,1,0,2,1,2,1,0,0,0,0,92,0,1,0,1,18,0,0,1,1,25,2,0,2,0,1,44,2,2,1,0,1,1,2,0,1,1,0,40,1,1,12,0,0,54,1,0,1,1,0,48,1,0,0,1,3,21,0,93,7,0,1,1,1,54,0,2,0,5,33,1,0,18,2,0,44,2,11,0,0,34,0,1,2,1,1,0,0,1,1,1,0,53,70,0,77,0,14,1,2,0,2,1,2,0,0,0
HLA.DRA,0,0,0,0,0,24,10,1,37,0,26,0,29,0,1,20,0,0,31,2,0,1,6,12,0,2,0,0,0,24,0,4,24,41,0,0,3,0,73,14,1,1,21,1,1,18,25,12,1,0,0,2,13,1,1,4,0,3,0,0,77,1,1,6,1,2,1,0,10,1,1,12,1,1,12,0,0,9,3,23,1,0,8,17,1,0,0,18,1,1,14,1,0,6,2,21,0,20,16,85,1,1,21,1,2,8,0,0,26,0,1,1,6,9,1,2,0,2,17,18,0,6,7,7,2,1,0,13,25,0,0,0,0,20,0,1,22,0,15,1,1,0,3,17,157,1,16,8,4,0,49,0,0,1,0,0,0,0,0,4,0,0,48,5,0,1,2,1,45,212,1,0,1,2,9,0,1,0,18,3,0,1,16,23,13,23,2,1,7,28,66,73,0,0,1,31,2,1,0,24,5,0,46,22,0,0,22,15,27,1,0,1,0,0,3,0,0,0,21,24,0,15,16,21,4,1,12,8,0,2,1,0,16,14,5,0,7,11,0,15,5,1,16,8,1,8,1,36,28,15,2,13,17,3,51,0,0,0,15,10,0,23,0,11,0,4,1,2,0,2,0,57,5,3,0,4,23,60,49,3,9,9,2,1,1,1,0,14,0,2,0,0,15,0,1,0,3,2,31,0,0,1,2,1,15,0,0,10,19,1,0,0,1,0,0,23,0,1,23,0,0,1,83,0,0,1,20,20,25,3,0,23,0,14,12,1,0,6,1,11,61,0,10,1,22,0,0,10,0,25,16,0,18,0,0,5,23,3,31,2,0,33,34,6,0,0,274,2,1,0,0,10,1,1,0,181,2,0,0,11,5,6,5,0,0,2,0,16,0,0,3,44,2,31,0,4,83,2,1,19,19,0,1,0,15,1,2,21,17,31,0,4,5,0,2,60,0,51,0,1,19,1,20,0,10,1,0,0,1,1,7,0,0,1,9,19,17,0,0,69,1,2,100,0,1,187,1,1,25,1,2,1,6,0,11,0,0,35,12,29,22,1,0,15,9,18,0,1,20,4,13,9,1,0,0,16,8,0,24,0,26,1,1,0,12,0,2,1,0,9,2,0,2,23,0,9,1,0,18,1,5,12,1,1,0,0,28,120,3,0,1,0,29,2,0,0,1,1,1,10,0,0,2,29,17,10,0,23,25,1,25,53,2,0,3,25,3,127,1,1,21,0,1,0,0,0,4,0,78,1,1,58,0,0,21,53,29,12,0,1,10,0,36,1,0,0,2,1,3,24,3,0,2,0,0,18,1,3,5,0,18,2,1,14,0,1,28,0,21,5,1,30,1,46,0,23,1,12,23,10,0,60,6,1,2,193,29,1,0,1,15,36,0,0,3,0,0,0,7,17,1,0,4,2,0,0,0,21,2,2,22,0,0,0,5,2,2,1,1,13,0,3,0,2,0,23,19,1,0,2,0,0,0,10,14,14,16,0,16,21,15,27,27,2,1,0,5,0,0,11,1,1,5,0,1,0,5,6,0,0,0,120,2,0,15,0,0,0,5,0,2,1,0,0,1,1,0,2,13,11,0,0,32,1,17,28,0,0,1,169,3,0,12,0,5,1,0,1,0,2,0,0,0,3,11,0,19,0,0,1,0,0,22,0,30,0,15,23,0,19,23,1,1,11,1,1,11,0,0,1,0,0,2,1,16,0,1,15,1,1,30,4,19,0,7,12,1,2,0,0,0,0,0,0,2,5,9,1,12,0,4,0,0,0,10,15,0,0,2,3,0,0,1,3,37,1,0,1,32,0,1,0,17,0,2,0,1,12,27,0,0,7,1,17,1,1,36,0,0,1,0,23,92,32,21,0,0,13,0,6,0,0,27,26,0,0,1,2,8,43,11,21,1,1,1,39,2,4,0,0,0,2,4,2,1,0,10,9,1,44,2,0,2,0,16,1,0,14,0,1,17,7,56,0,0,0,0,0,27,10,1,18,13,74,11,1,33,1,22,27,1,4,0,18,3,12,32,0,73,0,31,0,2,0,0,1,17,20,100,16,18,0,1,0,9,0,31,1,2,15,0,100,21,2,18,20,0,0,7,22,3,17,1,20,10,2,1,31,1,0,17,0,2,0,20,1,0,5,1,2,5,1,13,1,2,0,17,1,2,11,1,0,1,0,6,11,0,0,37,6,0,145,16,1,0,19,1,0,15,0,0,0,0,84,1,1,0,0,1,1,21,0,2,2,0,0,0,1,6,0,0,8,1,0,0,1,1,1,1,0,0,2,19,0,0,1,17,19,29,0,23,18,0,1,1,0,1,8,1,0,89,228,17,1,0,34,0,9,15,0,1,0,0,0,0,2,1,0,1,1,2,1,2,1,1,29,13,3,0,2,0,1,24,23,2,8,15,3,1,7,51,2,1,16,2,7,1,15,19,37,35,3,0,1,2,2,4,0,18,23,17,0,0,218,1,3,0,0,4,2,1,1,35,8,23,1,0,1,17,0,1,0,24,1,23,0,6,0,0,2,2,0,14,1,19,2,1,0,13,33,0,3,1,0,1,1,9,43,1,4,1,0,42,1,0,16,2,1,16,7,8,19,8,135,25,0,1,25,0,0,2,1,3,5,0,0,40,0,1,0,26,0,0,43,26,1,11,0,27,167,1,1,32,0,0,0,1,1,3,11,1,0,0,0,2,0,25,1,36,0,1,0,0,1,1,1,20,36,1,9,23,2,1,33,1,0,17,1,1,0,0,18,0,0,22,26,5,5,0,3,23,53,2,0,1,31,18,1,1,1,1,1,0,0,1,17,22,14,22,0,12,1,6,3,18,1,12,1,1,0,1,1,68,11,0,21,2,0,0,0,0,13,0,1,0,0,18,0,16,5,53,0,72,3,1,5,3,1,11,23,26,0,1,0,1,27,0,0,10,1,21,15,0,6,22,0,4,0,1,0,29,1,0,1,0,0,12,0,1,38,0,7,3,18,25,0,1,19,0,3,0,1,0,22,0,0,0,0,7,7,14,13,1,1,0,19,4,1,26,1,1,4,1,0,7,0,19,0,7,0,0,10,2,30,10,43,1,1,1,2,9,8,1,1,86,1,7,1,0,18,0,1,0,0,31,24,25,1,1,14,44,0,1,0,1,10,1,5,36,157,0,12,2,2,3,17,0,1,5,8,1,1,0,0,13,0,0,183,1,0,6,0,27,7,1,1,0,1,0,1,1,0,15,2,0,0,1,0,1,1,0,1,0,2,14,2,1,1,0,10,0,0,0,0,1,4,0,29,1,0,0,0,13,0,2,1,7,2,0,1,18,0,30,12,199,1,1,0,0,28,1,0,1,0,1,5,0,4,15,0,0,4,0,10,0,0,0,33,6,0,19,21,0,1,3,1,7,23,2,16,20,0,1,0,1,1,2,0,0,1,0,2,10,0,7,0,7,197,0,0,1,1,1,0,0,1
CD74,3,5,3,5,6,17,15,2,41,1,26,2,31,3,3,36,1,3,20,1,2,1,24,15,0,19,2,1,1,51,3,1,51,110,5,6,2,2,127,34,2,0,21,5,1,48,56,15,1,1,2,3,14,4,2,0,5,5,2,1,126,0,3,7,0,5,3,0,10,3,1,22,1,1,10,3,7,13,2,23,5,1,10,18,3,1,0,50,6,1,67,0,3,13,2,26,0,37,8,129,6,1,12,2,1,7,1,6,35,1,8,1,2,20,1,3,3,3,20,17,1,3,8,14,3,1,8,34,26,4,1,1,7,65,2,1,41,0,8,3,3,1,1,46,228,1,10,7,3,0,40,1,2,3,3,4,0,1,3,5,3,1,58,6,3,4,4,2,44,260,1,0,4,0,8,0,1,3,17,3,1,2,43,46,11,61,0,1,10,55,73,131,0,5,1,58,3,2,0,51,6,1,35,44,2,0,36,44,61,0,1,2,0,0,4,10,2,2,91,33,1,52,92,41,3,1,45,9,2,1,2,1,32,20,3,1,11,38,2,40,10,1,27,4,3,36,2,16,12,4,2,17,47,11,51,1,0,3,43,13,1,41,1,13,1,2,2,7,3,3,6,114,13,8,0,7,51,65,40,1,8,8,5,1,4,2,1,32,4,0,3,1,15,0,10,0,1,3,28,2,4,1,3,0,4,1,4,3,36,3,1,2,2,3,2,58,2,5,37,3,0,2,39,1,3,3,13,49,47,3,0,23,1,31,9,1,1,8,1,20,79,0,13,4,56,7,0,10,2,24,27,0,38,3,4,3,53,7,58,5,3,44,45,7,3,1,388,0,1,0,4,9,1,2,1,253,1,4,2,11,1,18,4,2,1,8,1,27,0,1,3,81,1,49,2,2,115,2,2,35,7,1,6,2,9,0,2,57,55,81,3,2,5,4,3,88,0,51,2,2,29,0,39,3,6,1,5,0,3,4,32,0,6,3,5,33,7,5,1,69,3,3,196,1,4,202,6,0,45,1,3,4,5,4,11,1,8,39,16,45,73,1,1,30,18,43,0,2,13,1,17,10,1,2,3,28,10,1,39,2,13,6,3,2,13,4,2,2,2,10,1,2,1,56,0,2,2,2,44,1,2,0,0,1,2,2,59,233,3,4,1,4,52,1,1,5,6,1,3,11,2,4,3,12,14,13,3,48,24,1,29,82,10,0,3,24,4,251,0,10,29,3,1,1,0,3,11,0,180,1,4,161,1,0,7,57,26,13,1,2,56,1,52,6,2,2,2,1,6,66,2,4,3,1,3,26,2,1,3,0,52,2,0,13,8,0,55,1,53,5,1,39,4,40,1,53,1,47,53,30,2,71,5,4,4,319,7,6,2,2,16,52,5,0,2,2,1,0,13,15,2,4,2,1,2,6,7,49,4,1,44,3,2,5,1,0,4,3,0,52,1,3,2,0,3,58,99,2,1,2,0,1,0,15,51,8,30,0,53,37,18,52,45,3,5,5,3,1,4,38,0,2,2,2,3,6,3,24,1,6,2,233,3,4,7,3,6,4,2,1,0,2,2,3,2,4,3,2,51,11,0,3,92,0,45,49,2,1,1,318,2,1,34,1,8,2,5,1,0,1,2,0,1,6,37,2,25,2,1,2,1,1,44,1,103,2,11,55,0,36,54,1,2,6,4,4,50,1,7,1,8,4,3,1,50,0,1,41,6,3,56,11,25,4,13,49,5,8,2,0,4,2,1,1,11,5,8,4,11,1,6,0,1,4,6,22,1,0,3,1,3,0,2,1,68,17,2,1,5,0,3,3,51,3,2,4,4,49,34,5,0,7,2,6,1,1,42,1,2,1,0,28,157,46,58,3,1,48,1,5,0,1,71,13,1,1,1,2,13,104,13,16,3,3,1,86,0,5,0,1,0,2,3,0,8,1,5,15,5,64,3,2,3,1,49,2,0,5,0,0,64,8,47,5,4,1,3,1,58,15,2,45,13,72,17,3,82,0,48,61,1,4,5,8,2,14,61,3,127,0,45,1,0,3,1,2,34,49,196,11,11,4,1,1,8,2,50,0,1,50,0,196,21,4,70,25,0,3,9,25,3,46,1,47,46,0,0,47,3,2,45,1,4,3,35,1,3,4,3,2,2,2,13,1,3,2,64,1,2,10,12,1,0,3,9,13,4,2,60,8,2,189,8,8,1,49,2,5,12,2,4,3,2,129,4,0,0,1,2,1,63,0,0,4,4,6,0,3,20,1,0,6,5,1,1,1,1,1,2,1,1,5,7,1,2,3,24,36,31,1,46,27,3,1,1,7,4,10,4,0,201,503,35,2,2,25,1,24,12,7,2,1,3,8,1,1,1,7,5,1,4,1,1,2,2,58,10,3,2,2,5,0,34,69,11,7,12,3,3,13,38,4,2,30,0,55,3,16,7,29,101,4,0,2,2,0,5,2,53,56,8,1,0,340,2,4,0,3,1,1,1,4,41,10,23,2,5,4,48,2,3,1,40,1,48,0,6,2,5,5,1,3,21,0,52,2,1,4,4,52,2,2,5,5,8,3,29,122,1,3,1,1,32,2,4,42,1,1,92,11,6,37,47,234,47,4,1,28,1,1,4,3,5,24,3,1,62,1,0,1,68,1,1,122,67,2,12,1,34,220,1,1,38,1,2,1,3,0,1,10,1,1,2,1,2,1,29,1,62,1,3,1,1,1,0,2,35,42,0,4,48,3,4,48,3,4,25,1,2,3,1,26,2,1,43,68,8,9,3,2,23,57,0,1,2,94,26,0,4,2,4,2,1,1,3,47,45,40,31,5,13,1,6,7,17,7,32,2,3,1,4,0,93,15,2,53,0,5,1,4,0,9,16,1,2,4,26,1,12,2,57,0,174,2,1,5,11,3,29,23,47,2,5,0,1,75,1,1,7,3,19,43,1,1,41,0,8,2,3,4,52,2,0,2,3,5,37,0,2,70,3,18,4,12,72,4,1,26,1,9,1,5,3,36,1,0,1,3,23,28,30,40,3,1,1,67,7,1,58,4,5,3,9,1,18,1,85,3,4,0,3,23,0,33,10,61,2,5,2,1,5,3,2,2,128,1,13,2,2,44,2,2,2,0,50,46,56,3,5,67,81,4,1,1,4,7,1,7,48,228,2,20,2,0,4,12,1,4,24,47,4,4,2,0,1,1,1,228,1,3,17,1,27,10,3,0,2,1,7,1,2,1,49,3,0,3,2,0,0,3,4,4,1,2,4,1,1,1,1,10,2,1,6,9,1,9,0,51,0,6,2,2,8,1,2,9,19,3,3,4,20,2,42,13,239,2,2,6,2,46,1,1,2,0,3,10,3,4,22,4,3,1,3,8,0,2,0,55,19,0,44,19,1,6,2,1,3,28,4,12,44,1,1,3,3,3,1,2,2,1,2,2,7,0,18,3,8,221,7,2,1,7,2,1,1,2
CST3,1,0,0,0,0,27,19,0,0,1,4,2,34,1,0,41,2,2,18,2,0,0,15,5,0,0,0,1,0,0,0,0,0,25,0,0,0,0,33,1,0,2,16,0,0,0,0,17,1,0,0,0,15,1,0,10,0,2,1,0,48,0,2,7,0,0,1,3,8,1,0,1,0,5,17,1,1,33,9,31,1,0,7,16,0,0,0,0,0,0,19,0,1,13,0,23,0,0,12,2,0,0,18,1,0,5,0,0,49,0,1,1,2,11,0,3,0,0,23,0,0,12,14,0,2,0,0,0,16,0,0,0,0,0,1,0,2,1,10,0,0,2,1,0,97,1,17,11,2,0,21,1,1,1,0,0,2,0,0,17,0,0,47,15,0,0,5,0,21,92,0,0,1,1,12,0,0,0,22,1,0,0,2,0,20,0,3,0,21,44,68,33,1,1,0,0,1,1,3,0,4,0,16,0,2,1,0,2,0,0,0,0,1,0,1,1,1,1,38,25,0,1,20,1,2,0,1,11,1,1,2,1,36,18,18,0,0,0,0,0,11,1,0,8,0,0,0,21,24,12,0,19,1,1,0,0,0,0,0,10,0,0,0,22,1,1,0,0,1,1,0,59,13,14,0,1,0,52,21,1,20,10,0,2,1,0,0,0,0,0,0,0,16,1,0,0,0,1,38,1,0,0,0,2,18,0,0,12,17,1,0,0,0,2,0,0,0,1,0,1,2,2,19,0,0,0,11,0,0,1,0,31,1,0,17,0,1,10,0,26,26,2,9,0,1,0,1,17,2,16,34,1,16,0,1,8,0,0,36,8,0,0,1,16,0,0,164,1,0,0,0,14,0,0,0,104,0,0,0,13,12,0,3,0,1,8,0,3,0,0,1,74,0,45,0,11,1,0,1,22,18,1,1,0,16,0,0,0,1,0,0,0,13,1,0,45,0,0,0,3,26,0,1,0,15,0,2,0,2,2,0,0,0,0,9,0,20,1,0,42,0,0,81,1,2,76,1,0,1,0,1,0,9,0,13,0,0,37,13,0,16,2,0,0,24,15,1,1,6,7,19,8,1,0,0,16,9,1,0,0,13,0,1,0,17,2,0,0,1,9,1,0,0,2,1,5,3,0,0,0,5,5,1,1,0,0,0,90,1,0,1,1,0,0,1,0,0,0,0,15,0,1,0,28,15,10,2,0,16,0,24,1,1,1,10,16,0,72,0,0,4,0,1,1,1,1,23,0,97,1,1,33,0,0,11,48,1,21,0,0,0,0,0,1,0,1,0,1,1,0,0,0,0,0,0,17,0,1,7,1,2,0,0,11,0,0,0,1,1,2,1,0,0,39,1,0,0,1,0,1,0,51,2,0,0,152,20,0,1,0,6,0,0,0,3,1,0,0,8,18,0,0,1,0,1,0,2,20,0,0,0,0,0,0,5,0,1,1,0,1,0,7,0,0,0,0,15,1,1,9,0,0,1,9,1,11,0,1,1,39,19,2,0,1,1,1,8,1,0,0,0,2,8,0,2,0,5,15,0,0,0,90,0,1,17,0,0,0,5,0,0,0,0,0,0,1,0,1,0,10,0,1,24,1,0,20,2,0,0,97,0,0,0,2,18,2,2,2,0,0,2,0,0,1,0,0,3,1,0,1,1,2,0,0,11,0,14,0,0,0,0,0,1,11,0,2,0,1,0,0,1,0,0,0,0,1,0,2,0,1,0,7,3,1,13,0,0,0,0,1,1,0,1,0,9,7,12,1,14,0,3,0,0,0,11,22,0,0,1,1,0,0,0,7,31,0,0,0,13,1,0,0,0,0,0,1,0,0,0,0,0,11,0,18,0,0,38,0,0,1,0,1,74,1,0,0,1,2,1,2,0,1,1,11,0,0,1,0,13,1,11,15,0,1,0,0,0,0,1,0,0,3,4,0,0,0,5,12,0,0,0,1,0,2,1,0,3,8,1,0,0,10,37,1,0,0,1,1,1,20,0,1,15,62,23,0,0,0,1,0,1,0,0,11,9,21,1,0,33,0,2,0,1,0,0,0,1,0,81,30,16,0,0,0,10,2,1,0,0,0,0,81,22,0,17,19,0,0,14,12,2,0,0,1,0,0,0,50,0,0,1,0,2,2,0,0,1,12,0,0,8,0,15,0,0,0,0,1,0,18,1,0,0,1,7,22,0,0,0,14,1,99,14,0,1,1,0,1,16,1,3,0,0,55,0,2,1,0,1,0,1,0,1,0,1,0,0,0,0,1,0,20,0,0,2,0,0,0,6,1,0,0,18,0,0,0,0,0,34,0,0,0,0,1,1,0,1,12,1,1,76,108,0,0,0,16,3,25,12,0,1,0,1,1,0,0,0,0,0,0,1,5,0,0,0,0,19,0,0,0,0,0,9,35,9,2,16,9,1,9,24,0,2,16,0,17,1,6,18,19,11,4,0,1,0,0,17,0,0,1,9,0,0,138,1,6,0,1,7,0,0,0,24,12,17,0,0,0,0,0,1,1,0,0,0,1,18,0,0,3,0,0,22,0,1,1,0,1,8,0,0,5,1,1,4,0,0,0,0,1,0,0,17,0,3,0,0,1,14,0,20,0,9,113,0,1,0,1,0,0,0,0,1,1,0,1,0,0,0,1,1,3,0,0,21,0,12,1,0,126,0,0,22,0,0,2,1,1,7,11,1,1,0,2,0,1,24,0,0,0,0,0,0,2,0,2,0,33,0,14,0,1,0,30,0,0,15,0,0,0,1,15,0,0,0,1,17,27,0,0,17,48,1,0,0,25,33,0,1,0,0,1,0,1,0,1,0,3,0,2,21,0,18,7,0,1,9,1,0,1,1,1,46,19,0,1,0,0,2,1,0,5,0,0,0,1,33,0,9,8,48,0,82,0,0,13,0,0,0,31,1,3,0,1,1,1,1,0,10,0,61,0,0,7,2,0,9,1,2,0,0,0,1,1,0,1,0,0,1,1,2,14,4,14,0,0,1,2,0,21,1,0,0,0,0,0,1,0,2,1,15,0,2,0,1,0,1,1,17,0,0,2,0,0,16,1,1,0,12,0,0,21,1,17,12,51,1,2,0,0,3,2,0,2,73,1,15,0,0,26,0,0,0,0,1,0,0,2,2,19,74,0,1,0,0,15,0,12,2,97,1,15,0,1,0,12,1,1,1,9,2,0,0,0,14,0,0,64,0,0,17,0,22,21,1,0,0,0,0,0,0,0,1,1,0,0,0,2,0,12,0,0,0,0,6,2,2,0,0,12,0,0,1,0,0,14,1,1,0,1,0,0,20,1,0,0,19,6,1,0,16,1,0,17,99,0,0,2,0,48,2,1,0,2,0,11,1,6,12,1,1,0,1,11,1,0,0,1,18,1,0,61,0,0,9,2,14,1,1,16,0,0,2,2,0,2,0,1,0,0,0,5,13,1,14,0,7,93,0,0,0,2,0,0,0,0
TYROBP,0,5,6,6,0,16,19,1,0,0,12,1,22,0,1,22,0,1,27,1,1,0,21,3,1,0,1,1,0,0,0,1,0,11,6,0,0,0,9,0,1,0,30,1,0,0,0,16,0,0,1,0,11,5,1,10,6,0,0,0,16,1,0,11,0,0,0,0,18,1,0,1,0,2,11,0,4,32,14,25,0,0,11,16,7,1,1,1,0,0,21,0,0,24,0,29,0,0,14,3,0,0,21,0,0,19,1,2,28,0,0,0,5,12,0,0,0,1,20,0,0,5,23,0,0,0,0,0,35,0,0,0,0,1,0,0,0,0,12,0,0,0,1,1,11,5,12,16,0,3,22,7,0,3,0,0,1,0,0,15,1,0,29,15,5,1,15,1,20,18,0,6,0,0,10,0,0,0,30,0,0,0,1,0,11,0,0,0,23,27,34,10,0,1,0,0,0,3,0,0,7,0,18,0,1,0,2,0,0,0,1,0,2,0,2,0,2,0,7,26,0,1,14,0,0,5,0,14,0,3,0,0,28,24,20,2,0,0,1,0,14,0,0,5,0,0,0,17,36,14,0,28,2,0,0,0,0,0,0,10,0,0,0,14,0,1,0,0,0,4,2,22,6,12,0,0,0,17,22,1,18,15,2,0,0,0,0,0,0,0,1,0,19,0,0,1,1,0,39,0,0,0,0,2,14,0,0,10,17,1,0,0,0,1,0,0,0,0,1,0,1,5,19,0,0,0,15,0,0,0,0,25,1,0,19,0,0,15,1,20,27,0,17,0,0,0,0,13,0,19,18,0,26,0,0,11,0,1,9,7,4,0,1,9,12,0,2,1,0,0,0,11,8,1,0,14,0,3,0,19,8,0,8,1,1,6,0,0,0,1,0,52,0,25,0,13,0,0,5,19,16,0,0,0,16,0,8,0,2,0,0,0,9,1,0,21,0,0,0,0,20,0,2,5,19,0,1,2,0,0,0,0,4,1,7,0,22,0,0,19,7,0,9,1,0,27,7,0,0,0,1,1,14,1,19,0,0,22,28,1,11,0,0,0,26,8,0,0,13,6,28,17,0,0,0,25,11,0,0,0,10,0,4,0,15,0,0,1,0,14,0,0,0,0,0,11,0,0,0,4,9,19,1,0,0,0,0,10,0,0,5,0,0,0,0,0,0,0,2,9,1,0,1,25,19,10,0,1,19,1,16,0,0,0,6,19,1,1,0,0,0,2,0,8,0,0,19,0,14,1,0,17,0,0,11,20,0,30,1,0,0,0,1,0,0,0,0,0,1,0,0,9,1,0,0,14,0,1,11,0,1,2,0,10,0,0,0,0,0,12,0,0,3,15,0,1,0,0,0,0,0,18,10,1,0,25,23,0,0,0,9,1,7,1,1,0,1,0,10,26,0,0,1,0,4,0,0,17,0,0,0,0,0,5,6,0,1,0,1,0,0,4,8,0,0,0,12,0,0,6,6,0,1,10,0,20,0,0,0,11,22,0,1,7,0,0,8,0,0,0,0,0,17,0,8,1,7,21,1,0,1,10,0,2,6,2,0,0,9,1,0,1,1,1,0,1,0,0,0,15,0,0,10,1,0,21,0,0,0,2,0,0,0,0,22,0,1,0,0,0,0,0,0,0,0,1,0,0,0,0,0,0,0,0,5,0,22,0,0,1,0,1,0,11,0,5,0,0,0,0,0,0,3,0,0,0,0,0,0,0,1,11,0,2,19,0,0,0,0,0,0,0,0,1,6,5,10,0,10,0,7,1,0,1,20,26,1,1,1,1,6,1,0,13,28,0,0,0,10,0,0,1,1,0,2,0,0,0,0,0,1,11,0,10,0,0,19,0,6,5,5,0,17,1,2,1,0,0,0,10,0,1,0,17,1,1,0,0,11,0,7,27,2,1,0,1,4,0,2,1,0,9,8,0,1,1,12,31,0,0,0,2,0,1,1,1,1,27,1,0,0,15,29,0,0,5,6,1,0,21,0,0,15,15,31,1,0,0,0,0,0,1,5,15,14,18,0,1,9,0,0,1,0,1,1,0,0,0,9,27,12,2,0,0,12,1,0,1,0,0,0,9,18,0,9,18,1,1,10,14,4,1,0,0,0,4,0,35,0,0,0,0,0,0,0,0,0,12,0,6,6,0,15,0,0,0,0,0,2,24,0,0,0,7,11,26,0,0,0,16,0,13,11,1,1,0,0,1,12,0,0,0,0,27,1,1,0,0,2,1,1,0,0,0,2,0,1,0,1,0,0,11,0,1,0,0,0,0,5,0,0,0,16,0,0,0,0,1,22,0,0,0,1,0,0,0,0,14,0,0,16,2,0,2,0,19,0,23,13,0,0,0,0,10,0,0,0,0,1,1,0,2,0,0,0,0,14,0,1,0,1,1,16,33,6,1,12,10,0,20,22,0,5,16,0,9,0,9,16,25,12,3,0,1,6,5,15,0,0,0,17,0,0,24,1,7,0,0,6,1,0,0,16,14,16,1,2,0,0,6,1,0,0,2,0,0,27,2,0,1,0,0,16,0,0,0,4,2,12,1,0,12,0,2,0,1,0,1,0,0,0,0,28,6,1,1,0,0,18,0,11,1,5,31,0,2,0,0,0,1,0,0,1,0,0,0,0,0,0,9,1,0,1,1,2,6,22,1,0,8,0,1,20,0,1,0,1,1,13,22,0,0,0,0,0,0,16,4,1,1,0,0,0,0,0,0,0,45,0,15,0,1,4,28,1,1,22,0,0,0,0,15,1,0,1,1,21,17,0,0,16,20,0,1,0,23,30,0,0,0,0,1,1,0,0,2,0,0,0,0,30,0,27,14,0,1,17,1,0,0,0,0,13,28,3,0,8,5,1,0,0,7,0,0,0,1,30,0,17,17,20,1,0,2,0,9,1,0,1,25,0,0,0,0,5,0,1,0,11,0,32,0,0,5,0,0,8,0,0,0,0,0,0,4,1,1,0,0,7,0,0,29,3,11,1,0,0,0,0,15,0,0,0,2,0,0,0,0,0,0,15,0,0,0,0,0,0,0,10,0,0,0,1,0,7,1,0,12,12,0,0,26,0,22,13,26,1,0,0,0,3,25,0,0,20,0,14,1,0,30,5,0,0,0,0,0,0,0,1,21,52,2,0,0,0,16,1,14,1,11,0,15,6,0,4,15,7,1,0,5,0,0,0,1,12,1,1,11,0,0,7,4,17,23,0,1,0,0,0,0,2,0,1,1,0,1,0,0,0,10,1,0,0,1,8,0,1,2,1,13,0,0,0,1,1,20,0,1,0,0,0,0,12,0,1,0,23,6,0,1,22,0,0,15,17,1,0,0,1,23,2,0,0,1,0,14,0,15,12,0,0,0,0,17,0,0,0,1,28,0,0,32,0,0,14,0,5,0,1,15,1,0,1,0,0,0,1,0,6,0,1,6,22,0,29,0,9,26,2,1,0,1,2,0,0,0
S100A4,1,2,5,5,9,19,22,2,1,5,13,14,22,0,7,40,11,4,22,1,2,1,16,10,2,24,2,2,2,3,1,3,3,9,5,11,9,7,15,2,1,15,24,23,0,2,1,25,2,0,0,3,19,0,4,23,3,2,3,5,52,0,9,3,2,17,0,0,23,0,1,4,5,20,18,13,8,33,8,16,12,19,10,19,5,5,3,1,0,1,1,14,4,38,11,35,0,1,21,16,1,4,9,3,11,18,10,5,22,0,10,1,7,19,0,3,5,2,24,2,1,19,23,1,4,2,2,0,30,0,1,3,2,0,0,1,2,1,18,7,12,13,1,3,40,4,25,22,20,2,22,7,5,4,11,0,2,3,2,19,1,0,42,29,6,8,13,1,25,83,8,11,24,0,23,1,5,4,29,0,0,1,0,0,17,0,1,2,24,34,48,25,8,5,0,4,7,3,0,3,13,9,16,4,6,3,2,3,1,0,1,10,0,6,1,8,1,26,10,23,1,1,10,0,20,3,1,21,1,1,3,1,31,27,16,20,1,1,4,1,14,0,1,9,12,0,2,30,38,27,1,16,0,7,1,2,1,6,2,14,2,0,3,36,1,5,2,2,1,12,5,41,20,18,0,7,0,35,22,1,13,15,4,5,5,2,2,2,0,4,1,14,22,6,0,0,0,1,23,5,1,1,4,2,17,1,0,18,28,0,2,13,3,12,4,1,5,42,3,4,2,4,26,1,19,1,13,3,0,1,1,16,3,2,30,1,5,40,7,25,29,6,19,3,0,16,0,19,5,27,31,0,55,6,6,17,2,5,37,10,20,0,1,23,7,7,46,6,4,10,10,15,5,0,6,60,3,6,4,26,23,0,18,0,2,15,2,0,0,9,4,71,17,27,1,15,18,24,4,28,24,2,11,1,27,15,9,1,3,2,9,16,14,1,3,39,6,1,2,0,11,15,79,6,22,0,12,15,6,6,0,1,13,5,22,1,14,7,0,43,5,4,20,2,13,44,3,2,0,1,15,10,7,5,26,22,2,20,29,3,4,2,6,2,38,23,0,2,19,14,16,25,11,3,1,33,17,4,1,7,26,2,6,18,36,2,8,2,3,20,1,0,2,2,0,24,0,1,0,10,10,31,0,0,0,4,0,40,6,0,11,6,1,0,5,24,2,15,2,12,1,5,2,22,25,14,6,1,27,12,24,1,9,1,27,27,8,2,5,14,11,10,5,2,1,4,24,2,28,1,24,42,0,0,8,27,0,65,0,9,2,10,2,11,0,0,7,2,7,1,0,7,1,10,2,21,2,1,18,8,0,11,5,17,5,13,0,0,0,13,6,1,2,29,2,3,2,0,2,2,9,28,7,15,24,29,16,10,1,2,7,2,5,1,16,5,0,2,14,16,19,3,5,1,21,11,2,16,0,0,4,2,6,11,7,2,1,4,1,1,1,10,17,4,4,1,11,1,1,12,10,6,0,8,2,24,0,1,2,31,16,2,2,1,2,7,13,2,3,0,1,0,20,6,12,2,20,16,4,2,4,40,6,1,8,8,1,4,10,4,5,1,11,3,0,0,7,2,2,17,8,4,5,18,0,8,1,1,7,45,27,2,1,0,21,0,12,16,0,1,0,1,8,10,0,11,0,0,1,17,8,11,0,3,3,0,11,1,1,1,1,0,12,24,2,4,1,5,1,2,6,1,2,6,1,7,3,0,10,0,0,14,0,0,26,1,6,4,7,0,2,6,1,8,9,19,23,1,16,22,15,0,3,14,24,60,13,5,5,1,5,1,1,13,40,16,14,0,11,0,0,3,1,6,29,0,9,0,1,6,1,18,4,17,1,1,33,3,11,4,7,0,55,1,1,16,1,0,0,7,6,11,1,21,2,0,6,2,14,5,10,22,20,6,5,7,2,3,6,1,1,11,7,1,14,0,13,29,1,1,2,1,3,1,2,3,0,19,15,1,5,15,33,7,1,8,7,0,2,27,3,3,32,36,22,3,1,0,0,1,1,1,11,24,8,31,1,0,15,0,1,3,0,2,1,0,0,0,20,20,21,2,2,0,30,14,0,1,3,2,1,20,26,9,2,17,0,4,11,29,19,3,1,0,0,2,1,82,9,17,2,0,11,6,0,8,17,14,1,10,14,0,32,0,20,0,5,3,3,27,11,5,2,0,12,17,0,0,1,15,5,47,24,0,1,1,1,5,30,0,1,4,0,46,13,0,1,1,3,0,1,5,0,5,9,3,3,7,0,2,0,25,11,10,4,6,1,1,10,2,22,12,24,2,2,1,1,1,22,1,0,1,1,6,8,8,18,24,0,1,47,2,0,0,0,18,4,21,26,1,2,10,17,6,0,2,0,8,5,11,8,20,0,12,3,2,18,4,2,11,2,3,49,53,9,7,30,4,7,16,22,24,4,31,5,7,4,7,24,43,4,7,5,2,5,0,19,6,1,0,18,4,10,33,2,14,0,12,14,1,13,11,50,24,35,3,11,1,0,6,15,2,1,9,0,2,13,15,6,11,1,11,31,0,0,2,10,1,22,1,1,2,29,2,3,5,0,2,0,9,16,3,16,6,2,1,1,1,6,1,25,0,2,29,0,9,7,0,10,7,24,7,1,0,3,5,6,3,2,11,2,6,2,2,5,6,21,1,1,18,1,0,18,6,2,2,9,0,13,22,1,3,0,1,3,11,24,1,7,3,1,0,14,0,2,5,1,27,13,19,1,4,1,47,7,0,46,14,2,4,1,23,1,2,2,2,30,39,2,4,35,27,0,0,2,2,22,0,2,0,9,3,0,0,0,0,0,5,0,7,65,1,13,21,2,5,23,3,5,0,5,0,36,17,9,0,14,11,1,2,7,17,8,1,3,1,22,9,14,20,27,1,2,0,0,14,24,2,2,16,0,3,10,0,11,2,11,3,15,1,31,2,1,14,2,16,9,3,0,0,1,2,6,7,16,5,0,1,3,2,1,27,7,10,2,0,8,1,3,36,7,0,2,2,1,0,0,16,113,0,24,0,9,3,0,1,7,2,9,5,6,20,8,0,21,0,2,7,17,5,3,106,6,20,13,35,2,12,0,33,12,6,1,0,40,1,16,2,11,25,12,16,13,2,0,2,1,4,22,1,71,12,3,2,1,20,11,26,0,40,4,15,5,0,8,4,7,0,0,2,0,2,0,3,16,16,1,29,4,5,4,0,31,24,0,4,1,1,2,2,0,18,1,4,0,0,2,13,0,25,14,0,3,0,6,6,10,1,13,13,0,2,3,12,8,19,0,1,1,21,2,0,15,2,0,2,42,10,4,13,17,1,0,36,24,2,10,7,11,55,1,7,16,2,1,14,4,20,22,17,3,17,2,13,5,7,2,12,36,1,1,31,1,1,8,2,10,0,8,12,0,1,8,1,2,2,5,2,6,0,4,13,11,1,27,2,6,31,7,11,0,2,2,1,0,7
NA.,0,0,0,0,0,0,1,0,43,1,1,0,0,0,0,0,0,0,0,1,0,0,2,8,1,0,0,1,1,0,0,0,0,4,0,0,0,0,0,39,0,0,0,0,0,37,33,0,0,0,0,0,0,0,0,0,1,0,0,0,1,0,0,0,0,0,2,0,0,0,0,0,0,0,0,0,0,0,0,0,0,0,0,0,0,0,0,0,0,0,7,0,0,0,0,0,0,0,0,363,0,0,0,0,1,0,0,0,0,0,0,0,0,1,0,0,0,0,0,0,0,0,0,5,0,0,0,21,0,0,1,0,0,15,0,0,0,0,0,0,0,0,0,1,0,0,1,1,1,0,1,0,0,0,0,0,0,1,0,1,0,0,0,0,0,0,0,0,0,1,0,0,2,0,0,0,0,1,0,0,0,0,0,9,0,21,0,0,1,0,1,1,0,1,0,0,1,0,0,0,0,0,0,26,0,0,21,0,46,0,0,0,0,0,0,0,0,0,20,1,0,11,5,16,1,2,31,0,0,0,1,0,0,0,0,0,0,26,0,25,0,0,0,1,1,28,0,0,1,0,1,0,26,0,1,0,0,0,1,1,0,0,0,0,1,0,0,0,0,0,0,1,0,0,0,0,49,1,1,0,0,0,0,0,0,0,0,1,0,0,0,0,1,0,0,0,0,0,1,0,0,0,0,1,0,0,0,1,1,0,0,0,0,0,0,0,1,0,43,0,0,0,0,0,0,1,0,46,26,0,0,0,1,31,0,0,0,0,0,1,1,0,1,0,32,0,0,0,0,0,0,0,3,0,1,1,35,1,0,1,1,25,33,1,0,0,2,0,0,0,0,0,0,0,0,0,0,1,0,0,0,0,0,0,1,0,0,40,1,0,1,0,0,0,0,1,0,0,0,0,0,0,0,0,0,0,0,22,28,54,2,0,0,0,0,2,0,1,1,1,0,0,0,0,2,0,0,0,0,0,4,0,0,0,0,0,1,0,1,0,0,1,1,1,0,0,1,0,38,0,1,0,0,0,0,0,0,1,1,19,26,0,0,0,0,19,0,0,1,0,0,1,0,0,0,0,0,0,28,0,0,0,0,0,0,1,0,0,0,0,0,0,0,0,1,0,1,0,5,0,1,0,0,0,0,0,0,0,1,0,0,1,4,0,1,0,0,0,0,0,0,0,0,0,0,1,0,53,0,0,0,0,0,0,0,0,0,0,0,0,1,0,0,0,0,1,0,0,0,0,2,37,0,0,0,0,18,2,1,1,0,1,0,0,0,0,0,0,0,16,0,0,0,1,0,1,0,0,0,0,31,0,0,0,0,0,49,0,51,0,1,22,2,0,0,65,0,1,35,1,0,0,0,0,0,0,0,0,0,0,3,0,0,0,1,0,1,0,0,0,0,0,0,0,0,0,0,0,0,0,26,1,1,1,0,0,0,0,0,49,0,0,0,0,0,0,8,0,1,1,0,0,0,0,26,0,0,0,45,0,0,56,28,0,0,0,0,1,0,0,0,0,0,1,0,0,0,2,0,0,0,0,0,0,1,0,0,0,1,0,0,0,0,0,0,1,0,0,0,0,0,0,7,0,38,0,1,0,0,0,0,1,0,0,0,0,0,0,0,0,0,0,0,0,31,0,43,0,0,0,1,0,60,0,13,0,1,44,0,20,27,0,0,1,1,0,52,0,0,0,0,0,0,0,0,0,0,0,0,1,27,0,43,1,0,1,0,2,0,1,0,0,0,0,0,0,0,0,0,0,0,0,0,0,0,0,1,0,2,0,0,0,0,0,0,0,0,0,0,0,0,0,35,0,1,0,1,25,23,0,0,0,0,0,0,0,0,0,0,0,0,28,0,37,24,0,0,0,0,0,0,0,0,0,0,1,1,0,0,42,0,0,0,0,0,6,0,1,0,0,0,0,0,1,1,0,0,1,0,70,1,0,0,0,54,1,0,0,0,0,0,0,0,0,0,0,0,0,32,1,0,0,0,0,0,0,46,0,0,46,0,1,1,0,0,0,50,0,0,0,37,0,0,0,1,0,44,55,1,0,1,0,1,1,0,0,31,1,0,0,0,1,1,0,5,0,0,1,0,0,0,1,0,39,36,0,0,0,0,0,43,0,0,0,0,0,0,0,0,1,1,0,0,0,0,0,0,0,0,0,0,0,0,0,1,0,0,0,46,1,1,0,0,0,0,0,1,0,0,0,0,0,0,0,0,0,0,1,0,0,2,0,0,0,0,0,0,0,9,0,0,0,0,0,0,0,0,1,0,1,0,0,0,0,1,0,8,20,0,0,9,32,0,0,0,0,0,0,0,0,1,0,0,0,0,1,0,0,0,0,0,0,0,1,0,0,0,0,1,0,1,0,0,0,0,21,0,0,0,0,0,0,1,0,0,1,0,0,0,0,2,0,0,0,0,11,0,3,0,0,9,2,0,1,1,0,1,1,0,26,0,0,1,0,1,0,0,0,0,0,0,1,1,0,0,0,0,0,23,0,0,0,28,0,0,0,0,0,0,0,0,0,0,0,23,1,0,0,1,57,0,0,1,0,0,0,0,21,0,0,0,0,1,1,0,3,0,0,14,0,0,1,4,1,26,0,1,4,0,0,0,0,0,1,1,0,7,0,1,0,39,0,0,21,11,1,0,0,23,1,0,0,0,0,0,0,2,0,0,1,0,0,1,0,0,0,0,0,59,0,1,0,0,0,1,0,0,0,0,1,35,0,0,0,0,0,0,0,0,0,1,13,0,1,0,39,0,1,0,0,0,0,0,0,0,19,1,0,0,0,1,0,0,0,0,26,0,0,73,0,2,0,0,0,0,0,1,1,0,0,0,0,0,0,0,51,0,1,0,0,0,0,0,0,0,0,1,0,0,0,0,0,0,0,2,0,0,0,31,0,16,0,0,0,0,1,0,0,0,0,1,1,0,0,0,0,0,0,1,0,4,0,1,1,0,0,27,0,0,0,1,0,2,0,31,0,0,21,0,1,0,0,1,21,0,0,0,0,1,30,0,32,2,0,0,0,0,0,0,1,0,1,0,0,0,1,58,0,1,0,0,0,0,0,0,1,0,4,0,1,0,0,0,0,0,0,1,0,0,0,1,3,0,0,31,26,33,0,1,7,0,0,0,0,0,0,0,0,61,0,1,0,1,0,0,1,0,0,1,4,1,0,0,0,0,0,0,2,0,0,0,0,0,1,0,0,0,0,0,0,0,1,15,0,0,0,0,0,0,0,0,1,0,0,0,0,0,0,1,0,0,0,0,0,0,0,1,0,0,0,1,0,0,0,0,1,1,0,1,0,1,0,25,0,0,0,0,0,0,0,0,0,1,0,0,0,0,0,0,0,0,0,0,0,0,0,0,0,0,0,23,1,0,0,0,0,0,28,0,0,0,0,0,1,0,0,1,0,0,0,0,0,0,0,0,1,0,0,0,0,0,0,0,0,0,0
FTL,11,5,9,6,9,103,99,12,8,1,67,5,95,11,7,198,7,6,87,2,11,5,63,47,1,8,6,12,10,15,8,12,15,18,6,5,6,6,10,13,12,10,103,16,3,2,7,94,8,3,4,12,63,6,7,74,2,10,6,9,60,4,4,40,13,11,5,8,71,9,8,28,4,57,63,5,8,87,39,83,8,3,45,112,9,4,7,9,6,8,10,4,6,88,6,75,1,8,74,10,5,6,71,4,9,36,4,3,121,6,9,10,41,64,7,8,6,4,96,5,1,31,79,2,17,6,12,5,78,5,6,13,6,6,2,5,12,7,118,6,7,10,9,19,27,3,63,70,19,6,149,3,10,11,5,4,6,4,2,51,5,3,101,54,3,2,82,4,73,47,8,5,6,4,53,0,4,4,80,5,3,5,11,7,62,13,8,4,72,111,141,17,4,7,9,7,4,4,8,15,37,7,102,7,11,1,4,22,17,8,4,7,5,3,1,9,12,6,13,75,1,7,13,9,19,1,6,93,6,6,8,5,211,128,72,4,9,4,8,4,48,5,10,24,6,4,6,88,134,92,6,112,3,7,6,7,7,8,3,46,4,4,15,100,6,8,2,4,8,12,3,75,75,78,7,7,9,73,149,9,68,57,8,9,11,14,7,4,5,9,5,4,51,10,1,0,1,4,106,4,7,7,5,5,67,9,4,36,279,9,1,2,2,8,8,10,2,19,6,6,6,5,171,5,14,5,56,21,6,9,12,83,7,3,98,8,16,59,5,93,97,11,74,2,7,6,6,77,3,76,74,4,136,14,1,39,10,12,48,39,3,7,14,57,6,5,38,9,6,13,4,54,4,5,5,50,8,13,9,113,49,4,65,2,12,44,7,10,2,4,7,279,5,150,7,71,11,9,7,97,76,4,8,9,69,6,5,11,15,15,4,10,75,3,12,85,6,6,5,5,104,6,25,3,104,7,6,12,8,2,2,7,11,2,60,8,31,7,13,69,9,19,28,12,8,88,12,13,9,8,6,10,32,5,113,11,12,117,94,11,9,16,7,7,80,91,9,6,75,49,112,74,6,9,5,99,53,6,11,2,68,3,10,6,86,16,7,12,16,72,5,9,6,7,3,35,7,10,6,7,45,77,8,3,7,2,10,42,5,4,47,1,3,6,1,6,6,6,5,62,3,13,4,86,72,46,4,13,76,4,89,21,4,2,48,76,7,17,5,8,27,6,5,5,7,10,92,7,26,7,6,79,2,1,50,104,7,115,3,10,4,12,11,8,6,4,8,6,15,5,10,1,14,5,8,73,6,9,57,6,9,3,5,65,8,6,10,3,14,35,5,7,4,94,4,18,14,6,10,9,15,51,42,8,11,36,76,8,2,2,33,11,7,10,8,12,3,2,52,84,4,11,8,3,11,5,2,108,5,10,7,10,9,10,40,7,8,5,1,14,5,31,15,8,8,10,23,8,6,39,9,8,5,52,12,61,8,7,5,96,81,15,8,3,13,7,30,3,4,9,10,2,52,9,18,10,41,63,11,10,5,42,6,6,42,6,4,14,45,4,5,1,11,7,11,10,4,10,8,72,3,6,10,6,8,172,7,5,7,45,8,10,6,12,86,9,6,9,5,12,3,7,3,10,7,11,7,1,1,6,11,7,6,6,7,10,66,12,4,9,7,3,3,59,11,0,2,16,5,4,5,7,4,8,9,4,9,8,8,3,13,37,7,10,63,4,6,1,6,8,1,4,10,6,42,60,53,6,51,11,45,0,6,3,53,233,8,5,5,9,9,10,9,42,81,3,2,9,54,8,9,7,11,5,13,6,5,10,8,11,10,60,8,50,5,5,116,2,2,3,2,5,32,14,6,13,10,4,5,42,4,7,6,81,1,3,5,16,44,10,40,118,4,0,6,12,9,27,7,6,4,48,24,3,9,3,53,86,9,9,7,12,7,2,15,14,11,68,4,0,9,57,106,8,13,11,7,2,9,104,3,11,78,58,89,8,15,2,17,17,11,5,10,80,39,81,11,6,10,5,9,9,4,14,3,3,7,5,28,86,56,3,9,9,66,5,7,8,8,11,3,28,104,7,10,92,0,21,66,114,43,19,10,6,8,9,7,301,9,3,12,5,9,4,8,8,8,46,6,9,14,11,78,9,8,4,9,4,5,89,9,2,2,6,50,69,5,3,20,61,8,80,65,5,3,3,6,6,51,4,6,4,5,58,13,7,8,2,14,2,17,7,7,15,4,7,2,6,2,7,1,75,3,4,6,5,10,6,38,8,11,13,76,7,5,9,9,9,95,12,7,4,5,5,12,8,10,61,14,2,19,45,3,10,8,122,8,106,69,5,5,4,8,8,9,6,2,17,9,6,10,57,10,5,12,11,87,7,12,6,6,7,152,380,42,10,51,49,8,64,98,11,5,94,5,15,5,33,76,118,16,26,4,15,6,7,51,6,16,9,60,9,9,41,15,53,3,6,49,6,15,5,141,61,88,3,4,3,4,11,16,12,6,7,10,6,77,4,6,16,12,5,117,9,6,10,7,6,63,13,6,24,5,6,8,2,4,21,2,2,5,13,87,6,9,4,5,4,17,9,75,9,7,34,6,4,7,5,19,9,11,5,6,4,4,10,16,8,2,1,17,5,1,21,8,6,86,4,8,47,3,4,88,7,11,3,5,8,42,106,9,7,6,5,12,8,89,11,21,9,5,6,4,13,2,2,8,145,6,61,8,12,15,140,7,15,150,3,9,8,9,114,10,6,11,17,98,95,5,9,88,104,7,3,6,9,125,7,7,10,5,15,7,5,9,3,14,27,8,10,115,9,77,39,5,3,100,6,9,3,11,4,51,100,4,14,28,10,2,4,8,78,7,7,3,6,125,7,54,52,104,12,29,4,10,75,8,4,6,83,4,5,7,1,47,7,4,8,64,14,211,3,6,71,12,6,44,3,20,5,3,5,5,3,13,6,9,9,4,13,4,66,26,57,10,8,12,12,13,114,7,2,5,4,5,4,3,7,12,11,67,10,6,4,7,7,7,12,12,4,7,19,2,7,70,3,15,6,60,3,10,156,9,78,65,84,7,15,3,13,43,60,8,9,42,11,63,7,5,75,3,12,2,9,7,7,7,7,16,10,279,8,4,5,11,80,6,47,14,27,8,63,6,4,11,58,3,10,4,7,5,4,7,2,41,13,2,32,2,6,32,3,140,72,3,9,5,3,6,6,10,5,4,12,4,6,5,11,7,77,3,1,2,3,48,9,11,11,8,65,7,8,2,4,11,59,8,15,3,7,5,4,108,12,3,4,113,46,10,13,76,8,12,86,53,7,14,7,11,97,11,7,5,6,6,48,7,65,115,5,3,7,3,43,2,0,7,24,96,7,6,211,5,5,39,16,23,5,8,44,7,5,12,4,4,7,11,6,11,7,8,35,65,3,66,5,43,49,4,11,4,19,14,1,6,6
HLA.DRB1,0,1,3,0,0,15,10,0,7,0,7,0,15,0,0,11,0,2,17,2,0,0,9,5,0,4,0,0,0,8,1,1,8,14,0,1,0,0,26,9,0,0,15,0,0,7,7,5,0,0,1,0,4,1,1,1,0,0,0,0,39,2,0,2,1,0,0,0,6,0,1,3,0,1,8,1,1,4,0,12,1,0,3,7,0,0,0,6,4,0,12,0,0,7,0,21,0,12,5,34,0,0,13,0,0,0,0,1,10,2,1,0,0,6,0,1,0,0,9,2,0,5,3,3,0,0,1,5,12,1,0,0,0,19,0,0,10,0,6,0,2,1,0,7,76,0,8,7,1,0,22,0,2,2,0,1,0,0,1,2,0,0,46,6,0,1,1,0,29,131,0,0,0,0,5,0,0,2,6,0,0,0,6,10,8,7,1,1,7,16,36,31,0,0,1,8,0,0,0,8,2,1,14,8,0,2,10,3,10,2,0,0,0,0,0,7,1,0,19,11,0,14,8,6,1,1,8,2,0,0,0,0,7,12,3,0,2,9,1,4,4,0,7,4,0,11,2,10,15,7,0,10,5,1,17,0,1,0,4,1,0,9,0,5,0,2,0,2,0,1,1,53,4,0,0,1,14,24,22,0,5,5,0,0,0,0,1,9,0,0,0,1,2,0,0,1,0,0,13,0,0,0,2,1,1,0,0,2,11,0,2,1,0,0,0,6,2,0,8,0,0,0,28,0,0,0,10,8,8,0,0,12,0,7,5,1,0,3,1,3,26,1,5,0,5,2,0,3,2,8,7,0,4,0,1,2,8,2,17,2,0,10,8,7,0,0,142,0,0,1,0,7,1,0,0,112,0,0,0,6,3,6,3,2,0,3,0,13,0,0,1,40,2,26,0,0,32,0,0,11,8,1,2,0,4,3,0,5,9,17,1,0,1,0,0,42,0,17,0,0,11,3,16,0,7,0,0,0,1,0,4,0,0,1,6,8,8,0,1,39,0,0,35,0,0,116,0,1,10,1,1,0,5,0,6,0,1,22,4,11,14,0,2,7,5,8,0,0,12,1,10,5,2,0,0,10,5,0,6,0,12,0,1,3,5,0,1,0,0,6,0,0,0,6,0,1,0,2,10,1,2,4,1,0,0,0,10,71,1,0,1,1,16,0,0,0,3,0,0,8,0,1,0,12,9,1,0,11,8,0,11,20,3,0,2,8,0,70,0,0,3,1,0,0,1,0,2,0,50,0,0,23,0,1,5,45,8,8,0,3,6,0,7,2,0,0,1,0,0,11,0,1,1,0,0,14,2,0,1,0,10,0,0,10,1,0,14,0,9,4,0,8,0,22,1,3,0,15,8,8,0,38,0,3,0,144,8,0,0,0,8,7,0,0,0,0,0,1,2,6,0,0,2,0,0,1,0,9,0,0,8,1,0,0,4,0,0,0,0,6,0,0,0,0,0,6,12,0,0,1,0,0,0,6,8,8,9,0,6,8,8,7,10,1,1,0,0,0,1,7,0,1,2,0,1,0,2,9,0,1,0,71,1,0,4,1,0,0,2,0,1,0,0,0,0,0,1,0,5,7,2,0,16,0,9,24,0,0,0,92,0,0,9,0,1,0,0,0,0,0,0,0,1,0,9,0,4,0,0,3,0,0,9,0,9,0,5,13,0,9,6,1,0,4,0,0,9,0,0,0,1,0,0,0,12,1,1,7,0,0,8,0,4,0,6,6,1,0,0,0,0,0,1,2,4,2,5,2,2,0,2,1,0,0,1,12,4,0,0,0,3,0,0,1,15,2,0,1,11,0,1,0,11,0,0,1,1,5,4,1,0,4,0,3,0,0,14,1,0,0,0,8,72,13,7,0,1,3,0,0,0,1,19,10,0,0,0,0,4,14,9,8,0,0,0,17,0,1,0,0,0,0,1,0,1,0,5,10,0,15,1,1,0,0,6,0,0,5,0,0,14,2,22,0,1,1,0,0,16,5,0,12,13,39,7,0,13,0,5,10,0,2,0,6,0,7,10,0,26,0,20,0,0,0,0,0,4,6,35,8,3,1,1,1,4,0,10,0,0,2,0,35,19,1,11,4,1,1,5,10,1,7,1,2,7,0,0,23,0,0,13,0,0,0,7,0,1,4,0,1,0,0,13,0,0,1,14,0,0,3,2,1,0,0,2,8,1,0,11,3,0,75,9,1,1,6,0,0,11,0,0,2,0,67,1,0,1,0,0,0,9,0,0,2,1,1,1,0,4,1,0,1,0,0,1,0,1,0,1,0,0,1,8,0,0,0,7,9,15,1,10,6,0,0,3,0,0,4,1,0,51,151,6,1,0,7,0,5,8,0,0,0,1,0,1,0,0,0,0,0,2,1,0,0,0,7,6,1,0,0,0,1,16,27,4,5,11,4,0,11,16,0,0,22,1,11,0,8,8,13,22,3,0,0,0,2,2,0,10,11,8,1,0,156,0,2,1,0,1,1,0,0,23,4,15,0,1,0,8,0,0,0,11,0,13,0,4,0,0,0,0,0,4,0,7,0,1,0,3,8,0,0,1,2,1,1,3,18,0,2,0,0,14,2,0,14,0,0,6,2,1,4,7,74,8,1,1,8,1,0,0,0,0,0,0,0,13,1,0,0,12,0,0,18,11,2,4,0,4,90,1,1,5,2,0,0,0,1,1,6,0,1,0,0,0,0,11,0,20,0,0,0,1,0,0,0,10,17,0,3,7,1,0,25,0,0,11,0,0,0,0,3,1,2,14,12,6,3,1,0,15,45,0,0,2,22,9,0,0,1,1,0,0,0,1,5,9,10,7,0,8,0,4,2,2,1,5,1,0,0,0,0,35,11,1,9,0,0,0,0,2,4,0,0,0,0,9,1,6,2,45,3,47,0,0,1,1,0,5,12,12,0,0,0,1,10,0,1,8,0,13,4,0,0,10,0,1,0,0,0,16,0,0,0,0,0,3,0,0,25,0,10,3,4,17,0,3,6,0,4,0,1,0,10,0,1,0,0,6,2,9,5,0,1,0,5,1,0,12,1,4,1,1,0,9,0,20,0,1,0,1,17,0,15,2,33,0,2,0,0,4,4,0,0,59,0,3,0,0,18,0,0,1,0,10,6,7,1,1,12,40,0,0,0,1,6,0,3,11,76,0,4,0,0,0,6,0,0,0,7,0,1,0,1,2,0,0,99,1,0,0,0,25,7,0,0,0,1,0,0,1,1,8,1,1,1,0,1,0,6,0,1,1,1,3,0,1,2,4,2,0,0,0,1,0,5,0,12,0,0,0,1,5,0,1,1,6,1,0,1,11,0,13,5,104,0,1,0,0,29,0,0,0,0,0,4,0,3,9,1,0,0,1,5,1,0,0,13,6,0,11,13,0,2,0,0,3,8,1,2,7,0,0,0,0,0,1,2,0,0,1,2,2,1,10,0,1,116,1,0,1,0,1,0,0,0
CCL5,0,0,14,12,8,0,0,2,0,0,1,1,0,0,0,6,1,16,0,0,0,0,0,0,0,6,0,6,19,0,0,0,0,0,12,19,0,0,0,0,0,0,2,0,10,0,0,0,1,0,0,0,0,16,13,0,13,0,0,22,0,0,2,1,0,0,1,11,2,0,3,0,0,0,1,22,9,0,0,0,5,0,0,0,0,0,0,1,25,0,0,0,3,0,6,0,0,0,0,0,16,0,0,0,12,0,2,0,0,0,18,0,0,0,0,0,7,1,0,0,0,0,7,0,0,0,20,0,0,0,0,1,15,1,0,1,1,0,1,10,0,9,0,0,1,10,0,0,0,7,0,1,27,0,0,1,10,2,0,0,0,0,1,1,2,0,0,0,1,2,0,0,0,1,1,0,0,0,0,0,0,0,0,0,0,1,0,0,0,1,0,0,2,0,0,0,0,3,11,0,1,22,0,0,0,12,1,18,1,0,3,8,27,4,0,14,0,6,1,1,0,0,0,1,0,7,0,0,0,0,1,0,0,0,0,4,18,1,0,0,1,0,1,0,4,0,10,0,0,0,0,0,0,22,0,1,0,1,0,0,0,0,17,0,0,17,1,12,0,12,0,0,0,0,0,14,1,1,0,0,0,1,0,0,0,1,0,0,0,0,1,0,0,19,12,0,0,0,0,10,0,0,14,0,0,0,9,1,0,0,0,2,0,0,17,0,0,0,0,3,10,10,0,0,14,0,0,0,0,0,0,0,0,0,0,0,0,0,0,0,0,1,0,0,0,1,0,0,0,1,0,0,0,0,10,0,0,0,0,0,2,0,0,0,2,0,0,14,0,0,3,2,3,0,6,0,1,10,0,0,0,0,1,0,6,0,1,0,0,6,0,1,3,0,0,0,0,0,8,0,0,0,12,0,0,0,10,0,27,1,1,0,0,0,0,1,1,0,0,0,0,0,42,2,1,0,8,11,12,6,0,0,8,19,4,0,0,8,0,0,0,1,0,6,2,0,20,0,0,3,6,0,0,5,0,0,20,2,0,0,0,0,0,0,6,0,0,0,0,1,0,0,22,0,0,0,0,23,0,0,1,1,30,16,0,0,10,2,0,0,0,0,1,0,2,0,0,1,0,2,0,0,0,3,0,0,0,0,15,1,0,10,0,0,0,0,13,0,0,0,0,1,1,0,0,0,10,0,1,0,1,1,21,1,1,1,44,1,0,0,1,0,0,0,0,0,0,0,0,1,0,1,0,0,0,0,0,0,1,14,0,0,0,12,0,0,7,0,5,1,0,8,0,1,0,0,10,0,1,9,0,19,0,0,8,25,0,0,0,0,7,0,11,0,0,0,0,0,0,0,0,0,0,25,1,0,1,20,0,1,1,0,25,0,7,1,1,0,0,0,0,7,17,0,3,19,0,0,1,0,0,2,4,0,0,0,0,1,13,1,0,0,20,0,0,0,0,2,0,0,10,24,0,0,0,0,1,0,0,0,0,0,0,0,0,8,0,0,0,0,0,0,0,4,24,2,0,0,1,0,7,0,0,0,0,1,7,0,0,2,0,0,2,3,0,0,3,0,0,0,1,3,0,13,0,0,0,0,19,1,19,19,0,0,2,0,8,17,0,0,0,0,4,8,0,2,0,0,0,19,4,1,0,2,0,0,0,0,19,0,0,0,16,0,1,10,0,0,3,0,15,0,0,1,0,0,0,0,20,0,0,0,0,0,0,0,13,0,0,0,0,0,0,0,1,0,1,0,0,0,0,0,2,0,0,0,20,0,0,0,14,0,0,0,0,5,16,0,0,0,0,3,0,0,14,18,5,0,0,13,0,0,0,0,1,0,0,4,6,10,0,0,0,0,0,0,0,0,0,0,0,8,1,0,0,1,7,0,0,0,0,0,1,5,1,0,14,15,6,0,3,0,0,0,17,0,0,0,0,0,0,0,0,0,1,10,0,0,13,0,0,1,0,17,0,8,5,0,0,1,0,0,1,0,0,5,1,0,0,1,0,0,0,0,0,2,0,0,0,0,0,0,1,0,0,0,0,0,0,0,0,16,0,0,0,1,0,0,1,0,0,0,0,19,1,0,0,18,0,0,0,0,2,0,0,14,0,1,0,18,0,0,0,10,1,0,30,1,1,23,0,0,1,0,6,0,0,0,0,0,19,1,0,0,0,0,0,0,0,0,0,0,0,15,0,0,0,5,0,0,0,1,0,0,9,1,0,0,0,0,0,0,0,22,7,0,0,12,0,0,0,0,0,2,0,8,2,0,0,0,0,10,0,0,0,0,0,0,0,0,0,0,0,0,10,6,0,0,0,0,0,1,0,0,0,0,0,16,0,3,0,12,30,0,0,1,0,13,0,9,0,0,0,5,0,0,0,11,0,6,0,0,1,0,1,28,0,0,9,0,0,1,10,0,0,0,1,1,0,0,0,0,0,1,3,16,0,0,0,0,0,0,2,0,1,1,0,9,1,0,1,7,0,0,0,0,8,0,0,0,15,0,1,0,0,0,1,6,11,24,0,0,1,0,0,0,2,0,0,1,1,0,0,19,14,19,0,0,0,0,7,1,1,8,0,0,0,0,0,18,0,0,0,0,0,7,0,0,16,17,1,0,4,0,0,0,0,0,0,0,0,0,0,0,0,8,0,0,0,1,0,1,0,0,0,0,5,0,0,0,0,0,0,0,0,4,1,0,0,0,0,0,0,1,0,0,0,0,25,0,0,0,16,0,0,0,0,1,0,0,0,0,0,0,0,0,0,0,0,0,0,0,0,0,10,0,0,0,0,1,5,0,0,0,0,0,0,0,0,6,0,0,1,0,0,0,0,14,0,0,0,0,1,1,0,0,0,0,0,0,13,0,22,0,0,0,0,22,0,0,0,1,1,0,0,0,0,0,0,0,0,0,0,0,0,0,0,0,0,15,0,0,0,0,1,0,0,0,0,0,0,0,0,3,0,5,0,1,12,0,0,0,0,1,1,0,10,2,1,0,0,0,0,1,0,0,1,20,6,0,0,0,0,7,0,0,14,0,0,19,2,0,8,1,0,0,0,2,0,0,0,0,12,0,0,1,0,32,0,0,0,0,0,0,0,0,0,0,5,0,15,8,2,0,0,0,0,0,0,0,1,6,0,0,0,0,9,0,0,1,0,0,3,1,17,0,1,0,0,0,0,0,0,0,0,15,0,1,0,7,1,1,0,0,0,0,0,0,15,0,0,12,0,0,0,0,0,14,0,0,0,0,4,0,0,15,17,0,20,0,0,0,25,15,22,0,0,0,1,0,1,0,0,0,0,12,0,0,0,9,0,0,0,0,1,0,0,15,2,1,0,0,8,10,0,1,0,0,1,18,2,0,1,0,1,6,0,1,0,0,1,0,0,0,0,0,0,0,19,0,0,0,3,0,0,16,0,0,0,0,0,0,0,0,0,0,0,0,3,2,0,0,0,0,0,16
NKG7,0,24,25,23,10,0,0,0,2,0,0,1,1,0,0,9,4,14,0,0,1,0,1,1,0,1,0,0,8,0,0,0,0,0,23,28,0,1,0,0,1,2,0,0,0,0,0,0,0,0,0,0,1,10,0,0,16,1,0,5,0,0,1,0,0,0,0,0,0,3,2,0,1,0,0,23,23,2,0,0,1,0,0,0,27,2,1,0,17,0,0,0,0,1,0,0,0,0,0,1,6,0,1,0,13,0,0,29,0,0,11,0,0,0,0,0,0,0,0,0,0,0,1,0,0,1,8,0,0,0,0,0,4,0,1,1,0,0,0,5,0,5,0,0,1,22,1,0,0,19,1,15,22,1,0,0,10,1,0,1,1,0,0,0,17,0,0,0,2,2,1,31,1,0,0,0,1,0,0,0,0,0,1,0,1,0,0,1,0,0,2,0,0,0,1,0,1,19,0,0,0,18,0,0,1,20,0,6,1,0,0,7,34,12,25,10,0,14,1,0,0,0,0,0,0,24,0,0,0,1,0,0,1,1,0,1,0,0,0,0,0,0,0,0,6,0,10,1,0,0,0,0,0,18,0,0,0,0,0,1,0,0,3,2,1,11,0,13,0,24,29,3,0,1,0,14,0,1,1,0,0,0,2,0,0,0,0,1,0,0,0,0,1,5,9,0,0,0,0,13,1,0,34,0,0,0,0,0,1,3,1,0,0,0,1,0,1,0,0,0,10,27,0,0,15,0,0,1,0,0,0,0,0,1,0,1,0,0,1,1,0,0,2,0,0,0,0,2,1,0,2,1,0,0,10,0,0,0,1,0,11,0,1,1,35,0,0,0,0,0,10,1,32,0,2,1,1,4,1,0,0,0,0,0,0,0,0,2,0,22,0,2,0,3,0,0,1,0,18,0,1,1,25,0,0,0,12,0,6,1,0,0,1,0,0,1,0,0,1,0,0,0,7,17,3,0,16,12,4,2,0,1,2,3,6,0,0,3,0,1,27,1,0,0,0,0,38,0,1,2,10,0,0,1,0,1,8,3,0,0,0,0,0,0,4,0,0,0,0,1,0,0,12,0,0,2,0,1,0,0,1,0,32,5,0,0,8,0,0,0,1,1,0,0,0,0,0,0,0,44,0,0,0,1,0,1,0,2,14,1,0,10,0,0,0,0,14,0,1,0,0,1,0,0,0,1,9,0,0,1,0,1,13,0,0,0,44,0,0,0,1,0,0,31,0,0,1,0,0,1,1,1,0,0,0,0,1,1,1,28,1,1,0,25,0,0,1,0,0,0,0,26,0,0,1,0,10,0,0,3,0,13,0,0,2,13,1,1,0,0,0,0,10,0,1,0,0,0,0,0,0,0,0,13,0,0,0,20,0,0,1,0,27,0,0,0,1,0,1,0,2,1,11,0,55,28,0,0,0,0,0,0,10,22,0,0,0,0,1,0,0,0,21,0,4,0,0,0,1,1,19,1,0,0,0,0,0,1,0,1,0,0,0,24,0,3,0,0,0,0,0,0,0,10,38,0,1,1,0,0,12,2,0,0,0,0,9,0,0,0,0,0,0,4,1,0,8,1,0,1,0,0,2,25,1,1,1,0,6,2,28,8,0,1,0,0,16,3,0,1,0,0,0,12,0,0,0,0,0,27,1,4,0,0,1,0,0,0,7,0,0,0,13,0,0,23,0,0,2,0,9,1,0,0,0,0,0,0,20,0,0,1,0,0,0,0,2,0,1,0,0,0,2,0,1,0,0,0,0,1,0,0,0,0,0,2,23,1,0,0,25,0,1,0,0,2,25,1,0,1,0,4,0,0,20,1,0,0,0,0,0,0,1,0,1,0,0,5,9,22,46,2,2,0,0,0,2,0,0,0,1,17,0,1,0,1,0,0,0,1,1,0,0,6,0,0,12,10,36,0,3,0,0,0,11,0,0,1,0,0,0,0,0,0,0,5,0,0,12,0,0,0,0,14,0,15,22,0,0,0,0,0,0,1,1,1,0,0,0,1,0,0,22,0,0,15,1,0,0,0,0,0,0,1,0,0,0,0,0,0,1,11,0,0,0,1,0,0,1,0,0,0,1,16,1,0,0,1,0,1,1,0,0,0,0,12,1,1,0,22,0,0,0,9,0,1,21,1,0,11,0,1,0,0,6,0,0,0,1,0,8,0,0,23,1,0,0,0,1,0,0,0,0,3,0,0,0,2,0,0,0,5,0,1,3,0,0,2,0,1,0,0,0,6,5,2,0,2,0,1,0,0,0,0,0,16,0,0,0,1,1,15,1,0,1,0,0,0,1,0,0,0,1,0,11,5,0,1,0,1,0,0,0,0,0,1,1,5,0,2,0,23,21,22,0,0,0,3,1,1,0,0,0,1,0,0,1,0,0,0,0,0,1,1,1,31,0,0,10,0,0,0,27,0,0,0,0,1,1,1,1,0,0,0,27,25,1,0,0,0,0,0,14,0,0,0,1,13,1,0,0,13,0,1,0,1,4,1,0,1,11,0,0,0,0,0,0,1,6,20,1,0,0,0,0,0,44,0,0,0,0,0,0,26,18,3,0,0,1,0,15,0,1,30,0,0,0,0,1,0,0,0,0,0,0,5,0,0,18,0,0,1,5,0,0,0,0,0,0,22,0,2,0,0,1,30,0,1,0,0,0,0,1,0,1,0,8,0,0,0,0,1,1,0,1,2,0,17,1,0,0,0,0,1,0,0,0,0,13,0,0,1,30,1,0,0,1,0,0,4,0,0,0,0,0,0,0,0,1,1,0,0,0,0,10,1,1,0,1,0,0,0,0,0,0,0,0,0,0,4,1,0,0,1,0,0,1,14,1,1,0,1,1,0,22,0,0,22,0,0,7,1,6,0,0,1,1,18,0,0,0,0,1,0,0,1,0,1,0,0,0,1,0,0,0,1,18,0,0,0,4,0,0,0,0,0,1,0,0,0,0,1,0,9,0,2,0,0,18,1,0,0,0,0,0,0,11,1,0,1,0,0,0,0,0,0,0,21,17,0,0,0,0,6,0,0,14,1,1,3,1,0,16,0,0,1,0,35,0,0,0,0,8,0,0,0,1,15,0,0,0,0,0,0,0,0,0,0,0,0,29,1,0,1,0,1,0,0,0,0,2,14,0,0,0,0,1,0,0,1,0,1,27,0,13,0,15,0,0,0,0,1,0,0,0,12,0,2,0,0,0,36,2,0,1,1,0,0,4,1,0,12,0,1,0,0,1,7,0,0,0,0,5,0,0,1,5,0,23,0,0,1,4,8,2,0,0,0,0,1,0,0,1,0,0,12,0,0,0,3,0,0,0,0,1,0,0,0,0,0,0,0,18,10,0,0,0,0,0,4,1,0,0,0,0,11,0,0,0,0,0,4,0,0,0,0,0,2,17,1,0,0,0,0,1,11,1,0,1,0,0,1,0,0,0,0,0,1,0,0,0,0,2,0,0,16
CTSS,1,0,0,0,0,12,15,3,2,0,15,0,12,0,0,12,1,1,22,0,1,0,24,6,0,1,1,1,0,1,0,0,1,2,0,0,1,0,1,4,0,1,21,1,0,2,3,12,1,1,0,0,6,1,2,6,1,0,0,0,9,0,0,7,0,0,1,0,13,0,0,0,1,7,19,0,1,12,6,15,0,2,10,14,1,0,2,0,1,0,6,0,0,12,0,19,0,3,15,1,0,2,22,1,0,10,2,0,37,0,3,2,9,11,1,3,0,0,13,0,0,7,15,0,1,1,1,0,17,2,0,0,0,0,0,3,1,2,18,1,0,1,2,1,2,0,13,14,3,0,17,1,0,0,0,1,0,0,0,14,0,1,37,7,0,1,22,1,12,18,0,0,2,0,9,1,1,1,12,1,1,0,2,1,14,2,1,1,16,19,19,1,1,1,0,1,0,1,0,1,10,1,15,1,2,0,2,0,3,1,0,0,0,0,0,0,1,0,3,8,0,1,1,1,3,0,1,15,0,0,0,1,28,20,11,1,2,0,0,2,15,1,0,10,1,2,0,26,22,16,1,15,2,1,0,0,0,0,0,11,1,2,2,12,0,1,0,0,1,3,0,13,11,5,0,0,1,18,17,2,18,13,1,1,1,0,1,0,0,0,1,1,16,1,0,1,1,0,25,0,1,0,0,0,14,0,1,7,18,0,1,2,3,1,0,3,1,0,1,0,0,1,21,0,0,1,6,1,2,1,1,15,1,3,10,0,1,18,0,15,22,0,12,0,1,1,0,12,1,18,9,1,17,1,0,5,3,2,4,4,0,0,1,9,0,0,4,1,2,0,0,11,0,1,1,17,0,0,2,10,18,0,11,0,1,6,0,4,0,0,0,72,2,51,0,3,5,2,0,17,13,2,0,2,18,1,0,0,1,2,1,2,12,1,0,12,0,0,0,0,12,1,0,0,12,1,0,1,0,1,0,0,0,1,14,0,5,0,1,12,1,0,7,1,2,25,0,0,1,0,2,2,12,1,10,0,1,15,15,1,3,0,0,3,19,8,1,1,17,7,15,9,0,0,0,24,17,1,0,0,18,2,2,2,24,1,1,3,0,22,1,0,0,1,0,8,0,0,1,1,4,16,0,0,1,1,1,5,0,0,9,0,3,0,0,0,0,2,0,9,0,0,0,21,23,11,1,1,18,0,13,6,0,0,7,18,2,3,1,1,1,0,0,0,1,0,9,1,6,0,2,4,0,0,14,19,0,8,0,0,0,2,0,0,0,0,1,0,0,0,0,2,2,0,1,11,0,2,17,0,1,0,1,14,1,1,4,0,2,6,0,2,0,24,2,4,0,1,3,1,1,11,2,3,0,5,19,1,0,0,4,0,2,0,0,0,0,0,7,17,0,0,1,0,1,0,0,8,1,2,1,1,3,0,16,0,0,1,1,1,0,3,1,0,0,3,2,1,0,8,0,0,0,1,0,9,1,0,1,17,4,2,4,0,1,0,5,0,1,0,0,0,11,3,1,1,7,24,1,1,1,5,0,0,14,0,0,0,4,2,1,0,0,0,2,0,0,0,0,7,0,0,0,2,1,11,1,0,1,4,0,0,0,0,18,1,0,1,0,0,0,0,0,0,1,0,3,0,0,1,0,1,1,1,6,0,15,3,0,0,1,0,1,14,0,1,0,1,1,1,0,1,0,0,2,0,1,2,1,0,1,6,3,0,13,0,3,0,0,1,0,0,0,0,7,10,9,0,18,0,6,1,1,2,16,13,1,0,1,2,0,0,0,7,27,1,0,0,15,0,0,0,1,1,1,0,2,2,1,0,0,13,0,9,3,0,17,1,1,0,1,0,5,1,1,3,0,1,1,2,0,1,2,9,0,0,0,0,8,4,10,18,2,0,1,2,1,0,0,1,0,6,10,1,1,0,7,16,0,1,0,1,0,1,0,0,0,16,1,1,3,6,25,0,0,1,1,0,1,14,1,2,10,8,16,0,4,0,2,3,1,1,0,17,6,11,4,0,1,0,1,0,0,0,0,0,0,3,7,12,21,0,0,1,15,0,0,0,0,2,1,7,30,0,1,14,1,1,10,18,7,1,0,0,3,1,0,20,1,0,2,0,1,1,3,0,2,18,0,0,5,2,10,0,1,0,3,1,0,17,1,1,0,1,13,16,2,1,1,4,0,6,15,1,0,0,0,0,5,0,0,1,0,15,0,0,0,0,1,0,0,1,0,1,0,0,0,0,0,0,0,5,0,2,2,1,0,0,3,0,0,0,13,0,0,0,2,0,12,1,1,1,0,0,0,1,1,9,1,1,2,2,2,0,0,29,1,20,8,1,1,0,2,1,2,0,0,3,0,0,0,7,2,0,0,0,15,1,1,0,0,1,20,38,7,2,5,6,1,7,30,0,1,12,1,5,1,4,13,30,6,7,0,0,1,2,14,3,3,0,18,2,0,8,0,8,2,0,7,1,0,0,36,9,26,2,3,0,0,0,0,0,3,1,2,0,17,0,2,0,0,0,14,0,2,1,1,0,14,2,0,6,2,2,0,1,0,3,1,0,0,0,17,2,0,1,0,1,1,2,5,1,0,11,2,0,1,0,0,1,0,0,1,2,3,0,2,1,0,2,1,0,0,3,2,2,15,0,1,8,1,1,11,0,1,0,2,0,7,13,0,1,1,2,1,1,13,1,1,0,1,0,1,1,0,0,1,24,1,8,2,1,0,35,0,0,32,1,0,0,0,15,0,0,1,1,14,12,0,0,26,19,0,0,0,0,17,0,2,0,2,0,1,0,0,2,1,1,3,0,8,0,17,10,0,0,18,2,1,1,1,1,7,19,1,2,4,0,1,0,1,5,1,0,0,0,17,1,10,11,19,2,3,3,0,12,1,0,3,15,0,1,1,0,9,0,0,1,8,0,26,0,2,5,1,1,8,1,0,0,3,1,1,0,3,0,3,1,1,1,0,7,7,8,0,0,0,1,0,15,0,1,1,2,0,0,2,0,1,1,16,0,1,0,0,0,0,0,5,1,0,3,0,1,9,0,2,0,7,1,2,14,0,16,8,24,0,2,0,2,10,13,0,1,7,1,12,0,1,35,2,1,2,0,0,0,3,0,1,6,72,0,1,1,0,18,0,12,0,2,0,11,1,0,2,10,1,0,2,0,1,1,1,0,13,3,0,2,0,0,8,1,30,16,0,1,0,1,0,1,0,2,0,1,0,1,1,1,2,10,2,0,1,3,6,2,0,1,1,8,1,0,0,1,0,13,1,1,0,1,1,0,14,0,3,0,13,5,0,0,11,1,3,24,13,0,0,1,0,25,0,0,2,0,0,15,0,8,21,0,0,0,0,11,0,1,1,1,16,2,2,26,0,2,6,0,2,0,1,13,1,0,1,0,0,2,0,1,0,1,0,8,10,0,7,1,7,9,1,0,0,0,1,0,0,0
S100A6,2,0,4,1,1,24,23,6,1,0,17,7,27,1,9,26,6,8,21,3,3,4,33,10,0,23,4,4,4,2,5,3,2,10,1,8,3,6,4,0,0,3,25,10,6,0,3,26,2,1,1,2,8,1,5,25,1,4,3,3,25,5,4,6,1,7,0,1,24,1,8,3,0,26,16,2,2,41,16,9,1,9,8,30,2,0,3,3,1,1,8,7,2,39,5,46,3,0,31,24,3,1,17,1,5,9,4,0,17,1,4,3,3,26,1,6,7,0,35,0,0,18,26,1,7,3,5,1,36,0,1,2,3,2,2,2,1,0,12,1,3,6,4,0,32,1,27,26,8,2,34,3,1,3,5,3,2,1,5,22,1,1,34,32,1,9,15,3,28,54,2,3,8,1,27,2,0,4,33,5,0,0,1,0,15,0,2,5,37,39,32,13,2,3,2,1,4,1,1,2,15,0,24,0,2,1,2,2,2,3,1,5,1,2,0,3,3,9,7,30,0,1,8,0,8,2,0,20,0,2,2,4,14,20,33,3,6,0,3,0,11,1,1,4,4,1,2,27,37,20,0,16,1,5,0,3,3,0,2,14,2,1,6,49,3,6,1,4,2,6,0,45,21,13,2,3,0,30,34,4,10,17,4,1,4,1,1,0,2,2,0,7,39,3,4,0,1,1,15,4,0,5,9,2,24,1,0,7,21,1,6,2,3,3,3,2,1,10,2,2,2,2,32,0,2,3,18,5,2,2,1,9,2,1,14,0,4,26,6,18,26,9,24,5,0,6,0,15,12,32,38,2,47,1,4,20,0,4,28,16,8,1,0,22,2,3,40,2,1,3,1,14,0,1,1,36,4,9,4,27,23,0,23,2,4,16,3,3,6,0,2,28,6,17,3,17,5,11,0,29,28,1,5,5,23,6,5,0,0,0,4,7,15,0,2,44,5,0,1,1,7,6,28,1,23,1,1,1,4,7,2,4,6,1,16,0,14,4,7,28,2,3,22,4,8,30,3,1,1,8,6,5,14,0,27,8,5,24,30,1,4,2,1,1,32,18,2,2,9,13,16,35,4,2,2,35,17,1,0,1,28,0,1,8,53,3,4,6,2,17,5,2,2,0,1,10,4,0,0,3,13,30,1,2,1,3,1,38,0,0,10,4,0,2,0,5,3,9,0,16,3,2,0,36,16,14,4,0,32,8,22,2,1,1,19,32,12,3,1,9,1,5,1,2,3,2,24,5,24,6,8,33,0,2,16,34,0,46,3,6,1,3,1,5,1,0,3,3,2,1,2,10,1,5,3,28,2,4,12,2,0,3,1,12,2,7,1,2,0,14,4,0,5,30,1,1,3,1,0,0,6,32,14,3,12,24,16,5,0,1,10,1,2,5,11,3,3,4,25,26,12,1,6,3,3,8,2,15,4,5,0,6,2,9,9,1,3,2,0,3,1,5,7,0,2,2,14,5,3,14,1,12,2,12,0,22,1,3,0,27,26,1,3,1,2,4,13,1,2,0,1,3,18,2,10,2,15,33,1,2,5,38,7,2,18,3,2,1,13,2,2,2,6,8,2,3,7,1,0,20,0,2,8,12,1,11,2,1,6,28,10,4,0,2,33,2,1,3,1,3,9,1,3,3,2,6,2,5,2,11,6,6,0,1,2,2,17,1,4,2,1,4,10,10,2,0,0,4,0,1,4,0,6,1,2,2,0,2,5,4,1,17,2,2,43,0,8,1,6,6,1,3,6,7,7,17,27,3,21,8,16,0,1,7,22,48,12,0,6,4,4,5,0,18,44,3,4,2,14,3,3,8,0,0,13,4,3,0,1,1,5,19,0,4,2,1,18,2,5,1,1,0,29,4,1,11,6,0,3,14,4,3,0,28,1,3,4,0,32,4,14,39,14,9,3,1,2,6,5,2,5,13,7,0,5,1,11,50,2,1,2,3,2,3,3,2,2,13,4,1,4,17,24,2,2,6,4,3,0,24,1,0,26,35,34,2,1,0,1,2,5,0,9,18,16,33,0,1,4,2,1,1,1,2,4,4,1,1,22,34,14,0,2,4,22,7,0,1,4,4,3,22,27,5,3,17,0,4,19,25,10,0,3,0,3,2,2,50,1,6,1,2,5,4,0,2,5,19,3,3,7,2,26,1,1,0,4,4,3,29,1,3,1,0,28,48,0,3,2,10,5,67,22,2,2,1,4,4,23,0,7,2,0,46,4,2,0,0,2,2,4,4,3,1,3,2,0,2,1,0,1,30,3,4,1,5,3,4,17,4,8,6,28,7,1,0,4,2,27,6,0,0,1,5,1,2,6,33,1,4,17,18,0,5,1,19,4,23,31,0,2,7,5,3,3,2,4,3,2,1,1,26,5,6,2,0,24,6,5,5,4,5,41,48,7,3,23,12,1,18,15,12,2,11,2,9,2,10,28,43,10,10,2,2,1,0,22,6,0,1,7,3,7,26,2,12,1,9,13,4,6,7,34,33,27,4,3,1,0,8,4,4,0,6,2,2,19,7,2,6,3,5,30,3,1,3,3,2,15,8,1,6,11,3,5,1,0,4,1,5,5,2,21,3,1,0,1,0,4,6,30,2,6,20,2,3,2,0,5,4,12,6,0,0,6,2,1,1,3,1,4,3,1,4,7,3,23,1,1,15,6,0,16,1,3,4,5,1,18,46,3,0,2,4,3,9,22,0,4,1,3,1,7,3,3,1,2,34,7,28,0,1,0,24,9,1,50,4,1,2,1,27,0,1,1,4,26,42,2,6,27,34,3,1,2,7,31,1,2,2,3,5,4,3,3,1,0,2,1,4,46,2,19,16,0,4,15,5,3,0,4,3,30,31,3,0,10,9,3,4,2,13,5,5,2,1,31,0,11,18,34,2,6,12,1,15,5,1,0,9,0,3,6,2,10,0,0,1,14,2,40,2,3,14,1,6,12,2,2,2,0,5,2,3,11,4,1,1,3,2,2,25,10,16,2,3,1,2,2,58,0,2,1,2,0,3,2,4,51,0,20,0,5,1,4,3,3,1,11,6,4,8,2,3,14,1,5,2,24,1,2,55,4,17,20,36,1,7,4,4,15,14,1,2,50,5,20,1,4,23,2,10,2,4,0,0,3,2,9,8,28,6,4,2,5,20,1,20,1,32,3,13,1,1,3,12,3,3,0,6,5,3,1,0,20,4,2,18,2,7,13,3,44,37,4,18,3,6,3,3,5,5,0,1,3,2,5,5,1,21,7,5,2,3,8,5,6,3,12,20,1,3,8,7,3,26,6,0,3,8,3,0,28,4,3,1,46,15,2,4,16,2,0,53,39,1,6,2,6,60,2,0,8,2,4,11,2,29,14,2,2,6,8,20,2,5,5,5,34,0,2,40,0,2,16,2,14,0,1,14,0,1,4,2,1,1,4,7,8,1,3,12,17,2,25,1,8,25,5,6,1,3,3,2,1,3
HLA.DPB1,0,0,3,1,1,17,2,0,13,1,7,0,16,0,0,11,0,1,5,0,0,1,3,3,0,4,0,0,0,11,1,0,11,14,1,1,0,0,45,7,1,0,1,0,0,4,6,3,0,0,0,0,4,1,0,1,0,2,3,1,29,0,0,3,0,1,0,0,0,0,0,4,1,0,1,1,0,2,1,11,0,0,1,9,3,1,0,22,3,0,9,0,0,3,0,7,0,14,1,37,0,1,2,2,0,2,0,1,15,3,1,0,1,1,0,1,0,0,4,2,0,1,1,0,1,0,2,8,2,0,0,0,0,5,0,0,5,1,3,0,2,1,0,6,94,0,2,2,0,1,11,0,1,1,1,0,1,0,0,0,1,0,25,0,0,0,0,0,13,89,0,0,0,0,2,1,1,0,4,0,0,1,10,11,2,6,0,0,0,30,32,55,0,0,0,5,0,0,0,11,1,0,12,8,0,2,12,6,7,0,0,0,0,0,0,3,2,1,14,8,0,10,11,5,0,0,8,2,2,0,0,0,14,10,0,1,2,4,0,6,4,0,3,1,0,9,0,4,11,0,0,4,4,2,10,0,0,1,9,3,0,6,1,1,0,2,0,1,0,0,1,34,1,7,1,2,10,27,11,0,2,3,1,0,1,0,1,5,0,1,0,0,4,0,5,0,0,0,9,3,0,1,1,1,1,0,1,2,6,0,1,0,0,0,0,13,0,0,3,0,1,1,21,0,1,0,5,13,14,0,1,11,0,11,2,0,0,4,0,4,15,0,2,1,6,0,0,1,1,4,5,0,10,1,1,0,11,0,20,0,0,10,8,0,0,0,110,1,1,0,0,3,1,0,0,60,0,2,1,1,1,3,2,0,0,0,0,8,1,1,2,21,0,22,0,1,44,0,0,8,3,1,2,1,3,1,0,13,9,17,0,1,0,1,0,45,0,10,0,0,8,1,13,0,7,0,0,0,0,1,5,0,0,0,1,3,7,2,1,20,3,1,70,0,1,76,0,0,14,0,1,1,1,0,1,0,2,15,2,5,13,0,1,7,7,13,1,0,8,0,4,3,1,0,0,2,1,1,10,0,3,0,2,1,0,2,0,0,1,8,1,1,0,19,0,0,1,0,7,1,1,4,0,0,0,2,15,51,1,0,1,1,9,0,1,0,1,0,0,5,1,1,0,6,5,3,0,6,4,0,6,18,6,0,0,4,2,87,0,0,8,0,0,0,0,0,4,0,64,0,0,42,1,0,3,19,18,6,1,3,18,0,9,2,0,2,1,0,1,4,0,1,0,0,1,7,0,0,0,0,6,0,0,1,1,2,6,0,7,1,2,10,1,24,1,9,1,10,11,12,0,28,0,1,0,181,3,3,0,0,8,9,3,0,1,0,1,1,1,5,0,1,2,0,0,1,0,10,0,0,8,0,1,0,1,0,0,2,0,12,0,0,6,0,1,13,11,1,0,0,0,1,0,3,5,4,6,0,6,9,2,7,7,0,0,2,1,0,0,5,0,2,0,1,0,0,0,3,1,0,0,51,1,0,1,0,0,0,1,0,0,0,0,0,0,2,0,0,12,3,0,0,9,3,5,10,1,0,1,119,2,0,5,0,2,2,0,1,0,0,0,0,0,1,5,0,5,0,0,0,1,0,9,0,7,0,5,10,3,8,9,0,3,0,0,0,7,0,1,0,0,0,0,0,7,1,0,9,3,1,16,0,5,1,2,10,0,0,0,1,1,0,0,1,4,0,2,0,3,0,1,0,0,1,2,12,2,0,0,0,3,0,0,0,20,2,0,0,4,0,0,0,10,2,1,0,0,13,9,0,0,4,0,4,0,0,24,0,0,0,0,2,59,10,15,0,0,11,0,0,0,0,12,5,0,1,2,0,2,15,0,11,0,1,0,26,1,0,0,0,1,0,0,0,0,0,4,2,0,6,0,2,0,0,2,0,0,1,2,0,18,2,34,1,0,1,0,1,6,1,0,12,8,41,3,0,18,0,7,7,0,1,0,2,1,4,13,0,45,0,8,0,0,0,0,1,10,11,70,0,3,1,0,0,3,0,3,0,0,6,0,70,7,4,6,5,0,0,1,7,0,6,0,6,9,1,0,11,0,1,8,1,0,0,4,0,1,0,0,1,0,0,8,0,0,0,18,2,0,2,0,0,1,0,1,0,0,0,11,2,0,66,4,1,1,11,0,0,3,2,0,0,0,55,0,0,0,2,1,0,17,0,0,4,0,0,0,2,4,0,0,0,1,0,1,3,0,0,2,1,0,0,3,1,0,1,19,8,16,0,11,5,1,0,1,0,0,1,0,0,36,146,9,0,0,4,0,5,0,1,0,0,1,1,0,0,0,1,0,0,0,0,0,2,0,21,3,0,2,0,2,1,12,15,4,8,3,1,0,2,11,0,1,16,0,7,2,8,3,7,16,0,0,0,0,0,0,0,17,10,5,0,1,99,0,1,0,1,0,0,1,1,15,1,2,0,0,0,8,0,1,0,8,0,7,0,2,1,0,0,0,1,1,0,11,0,1,0,4,16,0,0,5,2,2,0,11,24,0,0,0,0,8,1,1,9,0,0,6,2,0,7,4,123,14,0,0,10,0,1,0,2,1,2,0,1,17,0,0,1,14,1,0,24,6,1,8,0,9,130,0,1,15,1,0,1,0,0,0,2,1,1,0,0,2,1,6,0,11,0,0,0,0,0,0,1,7,14,2,2,4,1,4,19,0,0,6,0,1,1,0,4,0,1,12,14,3,0,0,1,2,19,0,0,0,15,3,0,0,0,0,0,0,0,0,4,9,7,5,1,6,0,2,0,2,1,7,0,2,0,1,1,18,4,0,7,0,0,0,0,1,0,3,1,0,0,3,0,6,0,19,0,67,0,0,0,4,0,7,11,6,0,1,0,1,11,0,0,6,0,19,9,1,1,5,0,2,0,1,0,9,0,2,0,0,0,3,0,1,19,1,1,0,5,9,0,1,8,0,1,0,0,0,12,0,0,0,2,3,2,5,4,1,0,0,16,2,0,24,1,1,0,2,0,6,0,11,0,2,0,1,8,0,8,3,16,0,4,1,0,2,2,0,2,41,0,2,1,0,6,0,1,0,0,3,10,6,0,0,9,21,0,2,0,1,7,0,0,4,94,1,5,0,0,0,7,0,1,2,4,0,1,0,0,1,0,1,100,0,0,2,0,5,0,1,2,0,0,0,0,0,0,7,1,0,0,0,1,0,2,1,0,0,0,1,2,1,0,2,3,0,0,2,1,0,3,1,11,0,2,1,0,1,0,0,3,4,0,0,0,6,0,11,0,91,1,1,1,0,11,0,0,1,1,0,4,0,2,1,2,1,0,0,1,1,0,0,10,4,1,8,19,0,2,1,0,1,2,2,1,5,0,1,1,0,1,1,0,0,0,0,1,1,0,1,0,0,106,2,0,2,0,1,0,0,1
HLA.DPA1,0,0,0,1,2,11,2,0,7,0,10,0,12,0,0,15,1,0,4,0,0,0,2,2,1,2,0,0,0,14,1,0,14,8,1,0,1,0,46,8,0,0,2,0,1,10,9,3,0,0,0,0,1,0,0,0,0,0,0,1,21,0,0,0,0,0,0,0,2,0,0,5,0,0,2,0,0,1,1,9,0,0,1,2,1,0,1,9,3,0,8,0,0,1,0,4,0,7,2,38,2,0,4,1,1,1,0,2,10,0,1,0,0,2,0,0,0,0,5,9,0,3,0,2,0,1,1,5,5,0,0,0,0,4,0,0,11,0,1,1,0,0,1,10,67,0,2,1,1,0,11,1,2,0,0,1,0,0,1,0,0,0,16,0,0,0,1,1,20,95,1,1,0,0,1,0,0,0,3,1,0,0,10,7,0,10,1,2,2,21,35,34,2,1,0,15,0,1,0,14,0,0,9,6,0,0,10,6,13,0,0,0,0,1,0,2,0,0,7,4,0,9,13,4,1,0,3,2,0,0,0,0,9,7,2,0,5,8,1,6,2,0,1,1,0,3,0,3,8,3,0,1,10,3,9,0,1,0,10,5,0,4,0,2,0,1,0,2,0,0,2,23,2,3,0,4,11,12,11,1,1,0,1,0,0,2,0,9,0,1,0,0,1,0,0,0,0,0,6,1,0,1,0,0,0,0,0,2,11,0,0,0,0,0,0,14,0,0,8,0,0,0,16,0,1,0,4,8,14,0,1,9,0,11,2,0,0,0,1,1,26,1,3,0,9,0,0,2,1,5,4,0,21,0,1,0,9,0,8,0,0,13,6,0,0,0,127,0,0,1,0,4,0,0,0,70,0,2,1,3,3,2,1,0,0,1,0,14,0,1,1,29,0,29,0,1,25,0,1,9,0,0,1,1,0,1,1,16,9,18,0,2,1,0,0,24,0,9,1,0,15,1,10,0,9,0,1,1,1,1,3,0,0,1,0,2,2,0,0,22,1,1,59,0,0,79,0,0,12,0,0,1,1,0,3,0,1,12,3,7,2,0,0,3,0,14,0,0,4,0,1,3,1,2,3,6,0,1,4,0,1,0,0,0,1,0,0,0,1,1,1,0,2,9,0,0,0,0,6,1,0,2,0,0,0,1,9,53,2,0,0,1,8,0,0,1,1,0,0,0,0,1,0,5,5,5,0,8,5,0,7,20,1,1,0,5,0,77,1,1,13,1,0,0,0,0,1,1,54,1,0,21,0,1,8,12,16,9,0,0,10,1,12,1,1,0,0,0,2,11,0,0,1,0,0,5,0,1,3,0,6,0,1,4,1,1,18,0,13,0,0,9,1,13,0,9,0,9,9,7,1,27,0,0,0,124,0,0,0,0,2,12,0,2,3,1,0,1,0,3,1,0,1,0,0,0,1,12,0,0,6,0,1,0,0,0,0,1,1,9,0,0,0,0,0,14,9,0,0,2,1,1,0,1,7,2,4,1,6,8,3,12,6,0,0,0,0,0,0,9,0,0,4,1,1,1,1,2,0,0,0,53,0,0,0,1,0,0,0,0,0,1,0,0,0,1,0,0,5,1,0,0,13,0,4,19,0,0,0,91,2,0,15,0,2,0,1,1,0,0,0,0,0,0,4,0,7,0,0,1,0,1,8,0,4,1,1,5,1,6,13,0,3,1,0,1,10,0,1,0,0,0,0,0,11,0,0,9,0,0,8,2,7,1,0,5,1,0,0,1,0,0,0,1,9,1,1,0,2,0,1,0,0,0,0,16,2,1,0,1,0,2,0,0,14,4,1,0,4,0,0,0,11,1,0,1,0,13,7,1,2,1,0,0,0,0,21,0,0,0,0,3,56,14,9,2,0,8,0,0,0,0,4,4,0,0,0,0,1,6,3,5,0,0,1,14,0,2,2,0,0,0,1,0,0,0,1,3,0,11,0,0,0,0,13,2,0,2,2,0,13,0,25,0,0,0,0,0,11,2,0,6,4,32,2,0,15,0,6,13,0,0,0,3,1,2,14,0,46,0,10,1,0,1,0,0,4,12,59,3,3,0,0,1,1,0,12,0,0,7,0,59,9,3,7,3,0,0,1,4,2,10,0,3,8,0,1,26,1,4,10,1,0,0,7,1,0,1,0,1,1,0,4,1,0,0,13,1,0,3,3,0,0,0,4,1,0,0,14,0,0,54,0,2,1,8,0,0,0,0,0,1,0,35,0,0,0,0,0,0,11,0,0,1,0,1,0,0,3,0,0,2,0,0,0,0,0,0,0,0,0,0,0,1,1,0,6,6,12,0,7,6,0,0,0,1,1,1,1,0,60,150,10,1,0,9,0,2,2,1,0,3,0,1,0,2,0,0,0,2,0,0,0,0,0,13,2,1,0,0,0,1,14,24,9,4,0,1,1,3,18,0,0,21,0,14,1,2,0,7,13,0,1,0,0,0,0,0,16,6,0,0,0,86,0,0,0,0,0,0,0,0,19,1,1,0,0,0,6,0,0,0,14,1,8,0,2,1,0,0,0,0,1,0,4,0,1,0,2,18,0,0,0,0,2,1,6,16,0,0,0,0,10,1,0,8,0,0,8,5,2,5,7,55,14,0,1,7,0,0,0,1,0,2,0,0,13,0,0,1,13,0,0,16,10,1,5,0,7,68,1,0,7,0,0,1,0,0,0,1,0,0,0,0,1,0,7,1,15,1,0,0,0,1,0,0,8,12,1,2,10,0,0,37,0,1,9,0,0,0,1,3,0,0,10,13,0,2,0,0,1,12,0,0,0,13,4,0,1,0,0,0,1,0,0,10,8,12,12,0,9,0,2,1,9,0,9,1,0,0,0,1,15,3,0,13,0,0,0,0,2,3,7,1,0,0,4,0,6,4,12,0,42,0,0,1,2,0,5,9,10,0,0,0,0,13,0,0,0,0,5,10,0,1,11,1,3,1,0,0,8,0,0,0,2,0,8,2,0,15,0,1,0,2,11,0,0,4,0,0,0,0,0,10,0,0,2,1,5,6,3,4,1,0,0,6,4,0,12,0,1,1,0,0,6,0,11,0,1,0,0,13,0,5,2,14,0,0,0,0,4,1,0,0,28,0,0,0,1,12,0,0,0,1,12,5,9,0,0,8,29,0,1,1,0,3,2,3,12,67,0,6,0,0,1,3,1,0,2,7,1,0,0,0,2,0,0,66,1,0,3,0,6,2,0,0,2,1,0,1,1,1,6,0,0,1,0,1,0,0,0,1,0,0,0,2,2,0,2,2,0,0,2,1,0,5,1,14,0,1,0,0,3,0,0,2,4,0,0,0,8,0,7,1,89,0,0,1,0,10,0,0,0,0,0,2,0,2,7,0,0,0,0,0,0,0,1,8,0,0,6,5,0,0,1,0,1,3,2,4,7,0,2,0,0,1,0,1,0,0,1,0,2,0,1,0,3,79,0,0,0,2,0,0,0,0
IL32,3,0,10,0,7,0,0,6,0,2,1,13,0,3,9,6,7,12,0,2,5,4,0,0,1,15,7,1,5,0,3,3,0,0,0,8,1,6,0,0,1,9,0,20,7,1,0,0,2,2,0,1,1,1,17,0,0,4,9,7,1,1,7,1,5,8,0,0,0,1,4,0,1,0,0,11,0,0,0,0,2,13,0,0,0,0,3,0,6,5,0,11,8,1,13,0,1,0,0,2,4,2,0,3,5,0,3,0,0,4,10,3,0,1,4,9,17,8,0,0,4,0,0,1,12,0,4,1,1,1,4,2,5,0,2,2,0,2,1,8,2,4,0,0,1,1,0,1,8,3,0,0,9,3,2,1,7,2,4,0,2,2,0,0,0,22,4,8,1,0,3,0,21,5,1,0,1,6,0,1,2,5,0,0,0,0,1,5,1,0,1,0,14,6,3,0,5,0,0,0,1,15,0,0,2,3,0,1,0,6,0,6,2,6,0,6,5,18,3,0,4,0,0,0,8,0,0,0,2,6,2,6,1,2,0,8,7,0,4,0,0,0,0,0,9,0,3,0,0,0,1,0,0,12,0,4,1,2,0,0,7,0,15,0,0,9,5,9,12,6,0,0,0,0,2,10,0,0,0,0,0,0,2,7,10,2,1,0,6,3,0,12,0,6,6,0,1,4,0,12,4,4,6,0,0,0,9,0,0,1,7,7,2,4,1,0,7,12,0,8,7,1,0,0,9,2,0,0,2,2,2,0,2,0,0,1,8,0,4,0,0,16,0,6,1,10,7,0,7,0,0,0,10,1,3,0,1,2,0,0,11,0,0,0,1,7,1,13,2,4,5,0,0,6,3,0,7,6,5,1,1,0,1,0,1,0,4,1,4,0,6,1,5,1,1,0,3,12,0,0,0,2,9,9,0,7,11,0,10,0,12,8,0,8,1,0,4,0,6,1,0,7,51,0,1,4,8,7,3,7,0,3,11,12,10,0,1,14,2,0,0,8,1,1,9,0,0,5,0,4,18,9,1,10,1,11,4,5,1,0,0,3,8,0,7,0,9,2,0,0,0,0,5,1,6,0,0,5,1,1,0,3,0,16,0,7,11,6,1,0,2,2,8,1,1,0,4,5,0,6,0,0,1,1,1,9,0,1,8,3,0,3,0,1,2,24,7,11,1,0,9,3,8,1,1,0,6,1,0,9,0,1,3,2,8,0,22,0,1,9,4,3,2,4,0,6,2,4,1,5,21,0,4,3,0,0,0,2,6,6,0,18,0,9,3,3,15,1,13,1,2,1,0,4,0,0,3,0,0,6,0,0,1,1,7,3,0,0,0,0,4,0,0,1,2,0,0,0,1,1,9,0,1,17,13,2,0,11,2,5,0,0,0,6,11,4,6,7,0,1,8,0,9,3,0,8,6,1,4,4,0,5,10,0,0,7,3,3,4,0,1,0,6,2,7,0,0,6,0,0,0,4,1,0,0,0,0,2,0,0,0,1,0,0,0,14,0,2,4,0,2,1,0,10,6,6,1,0,4,9,0,1,8,1,0,4,3,7,0,3,1,1,8,6,1,2,7,3,0,1,6,8,0,8,0,0,4,1,6,2,9,5,0,2,0,7,8,14,1,1,3,0,11,9,0,8,0,4,0,9,11,7,0,5,1,1,0,0,4,0,0,2,10,0,5,0,0,8,2,1,10,4,4,2,0,8,1,0,11,5,0,0,0,3,0,0,11,7,6,6,5,9,3,10,0,0,1,0,0,11,0,0,5,19,0,1,14,0,5,0,10,6,4,0,0,7,8,3,0,0,2,6,0,1,18,2,22,1,0,9,6,0,4,1,2,7,0,3,7,1,0,0,0,0,0,4,3,0,3,1,1,7,0,0,6,6,4,4,0,0,0,0,18,11,10,0,0,7,0,3,3,0,0,1,10,0,0,0,4,0,4,5,3,3,0,8,2,0,9,2,0,0,1,7,2,5,7,4,0,1,5,1,1,1,0,10,0,2,0,0,2,1,0,0,0,0,0,1,0,1,0,3,5,7,6,4,0,0,1,0,0,0,1,1,0,13,0,2,7,0,1,1,0,9,0,0,0,7,0,9,0,0,2,0,0,0,2,0,6,10,1,4,20,6,0,3,7,0,0,9,0,1,1,1,11,3,0,5,5,0,19,10,4,1,0,0,1,1,0,0,5,0,0,8,4,0,5,6,0,3,10,6,1,3,14,2,5,1,6,0,0,4,2,9,7,15,0,4,0,0,0,1,9,3,2,4,2,2,0,3,11,8,0,6,6,3,0,0,0,8,0,0,2,4,10,7,17,1,5,4,2,0,0,3,0,1,2,12,1,2,1,16,7,9,3,8,2,17,3,3,4,0,4,9,6,0,0,1,2,13,8,0,0,0,0,12,0,1,8,0,1,13,1,0,1,0,3,0,0,1,1,0,1,3,1,0,0,5,0,0,0,2,7,2,3,0,0,12,0,1,15,10,1,1,0,1,6,3,0,14,12,4,0,7,1,2,0,7,18,15,1,2,0,2,0,4,6,1,0,0,2,0,14,5,4,12,1,1,0,7,5,2,2,0,3,0,1,3,1,7,1,0,1,1,2,7,3,0,6,4,13,10,6,0,2,5,0,4,2,0,1,13,6,1,1,0,0,4,0,0,4,2,0,8,5,4,0,1,0,0,1,1,0,2,3,10,0,0,0,3,2,7,12,7,2,10,0,0,3,0,0,5,10,0,9,1,0,7,5,7,3,0,3,0,0,1,0,1,4,0,0,0,2,0,3,0,1,2,5,7,22,5,2,6,2,0,0,0,0,7,2,8,0,0,0,6,0,14,4,1,10,0,0,1,3,0,3,0,3,2,4,0,9,4,2,2,1,15,0,0,0,3,0,23,4,0,41,5,1,0,0,4,11,0,0,0,0,4,0,8,0,0,0,0,0,4,0,5,4,6,0,1,3,0,4,6,0,0,0,0,2,0,0,0,2,4,10,2,2,0,4,2,0,0,0,2,2,11,83,0,0,0,19,3,3,0,10,6,0,5,3,8,4,1,0,5,0,1,0,3,2,2,12,0,0,0,9,19,4,18,0,0,0,7,0,2,0,2,5,1,0,14,7,8,0,0,0,8,10,0,1,6,5,6,6,0,3,0,0,1,3,0,1,5,9,0,0,1,0,1,1,0,1,0,1,7,2,1,12,17,0,4,0,1,2,8,2,4,5,0,3,18,0,5,2,1,1,10,4,0,19,1,3,4,0,4,11,0,14,0,1,1,13,8,10,0,6,2,0,10,4,0,2,4,4,10,1,2,6,14,0,3,1,0,1,2,7,14,8,0,2,4,16,7,1,0,4,1,0,13,0,10,2,1,4,6,4,0,0,2,0,0,0,9,0,3,0,0,2,1,0,1,15,2,5,16,5,3,14,4,4,0,0,7,0,0,0,0,8,8,0,10,7,0,7,3
GNLY,1,13,1,24,0,1,0,0,1,0,0,0,0,1,0,0,0,0,0,0,0,0,0,0,0,1,0,0,0,0,0,0,0,1,24,0,1,0,0,0,0,0,0,0,0,0,0,0,0,2,0,0,0,44,0,0,12,0,0,0,0,0,0,0,0,0,0,0,0,0,0,0,0,0,0,5,24,0,0,0,0,0,0,0,12,0,0,1,0,0,0,0,0,0,0,1,0,0,0,0,0,1,1,0,1,0,0,15,0,0,0,0,0,0,0,1,0,0,0,0,0,0,0,0,0,0,9,0,1,0,0,1,1,0,0,0,1,0,0,0,0,0,1,0,2,0,0,0,0,41,0,26,0,0,0,0,0,0,0,0,0,2,0,0,7,0,1,1,0,1,0,24,0,1,1,0,0,0,0,1,0,0,0,0,0,0,2,0,0,0,0,0,1,0,0,0,0,12,0,0,0,11,0,0,0,0,1,0,0,0,0,0,11,7,0,0,0,1,1,0,0,0,0,0,0,14,0,0,1,0,0,0,0,0,0,0,0,0,0,0,0,0,1,0,0,0,1,0,1,0,0,0,0,0,0,0,0,0,0,0,0,0,0,0,1,0,0,0,0,16,15,0,0,0,0,0,0,1,0,1,0,0,0,0,0,1,0,0,0,0,0,0,0,6,0,0,0,0,0,2,0,0,0,0,1,0,0,0,0,0,0,0,0,1,0,0,0,0,0,0,0,36,0,0,26,0,1,0,0,0,0,0,0,0,0,0,0,0,0,0,0,0,0,0,0,0,1,0,0,0,0,0,2,0,9,0,0,0,0,0,3,0,0,0,44,0,2,0,1,0,13,0,33,1,1,1,0,0,0,0,0,0,1,0,0,0,0,0,0,12,0,0,0,0,0,0,0,0,25,0,0,0,0,0,1,0,14,1,0,0,0,0,0,0,0,0,0,0,1,0,0,0,197,7,0,0,0,19,1,0,0,0,1,1,3,0,0,16,0,0,12,0,0,0,0,1,16,0,0,0,0,0,0,0,0,1,9,0,0,0,0,1,0,0,0,0,0,0,0,0,0,0,4,0,0,0,1,0,0,0,0,1,5,0,0,0,3,0,0,0,1,0,0,0,1,0,0,0,0,24,0,0,0,0,1,1,0,0,1,0,0,9,0,1,0,0,0,0,0,0,0,1,0,0,0,0,0,0,0,0,0,1,0,1,1,0,1,0,0,0,0,0,0,19,0,0,1,0,0,0,0,0,0,0,0,0,0,0,0,0,0,1,0,0,0,0,12,0,0,0,0,66,0,0,0,0,1,1,0,3,0,39,0,0,0,21,0,1,0,0,0,0,23,0,0,1,0,0,0,0,0,1,1,0,0,1,0,34,1,0,0,0,31,0,0,0,0,0,1,0,1,0,0,0,59,0,0,1,1,0,0,1,2,77,0,0,0,0,0,0,0,0,17,0,0,0,0,1,1,0,35,0,0,0,0,1,0,1,0,1,0,0,0,13,0,16,1,0,0,0,0,2,0,2,39,0,0,0,0,0,18,0,0,0,0,0,7,1,0,0,0,0,0,1,1,0,0,0,0,0,0,0,0,7,0,0,0,0,32,1,30,0,0,0,0,0,0,6,0,0,0,0,0,0,0,0,1,0,0,17,0,0,0,0,1,0,0,0,0,0,0,0,10,0,0,11,0,0,0,0,0,0,0,0,0,0,0,0,34,0,0,0,1,0,0,2,0,0,0,0,0,0,0,1,0,0,1,0,0,1,0,0,0,1,0,1,27,0,0,1,1,0,0,1,0,0,16,0,1,0,0,1,0,1,0,0,0,0,0,0,0,0,0,1,0,0,0,0,1,0,14,0,0,0,0,0,0,0,0,1,0,4,0,0,0,0,0,0,0,0,0,0,0,0,0,0,18,12,16,0,0,0,0,0,0,0,0,0,0,0,0,0,0,0,0,0,0,0,11,0,0,0,1,31,0,7,5,0,0,0,0,0,0,0,0,0,1,0,0,0,0,0,77,0,0,9,0,0,0,0,0,0,1,0,0,0,0,0,0,0,1,34,0,0,0,0,0,0,0,0,0,0,2,0,0,0,0,0,1,0,0,0,0,1,0,18,0,0,0,0,1,0,0,0,0,0,1,0,0,6,1,1,0,0,0,0,0,0,0,0,0,0,0,7,0,0,0,0,1,0,0,1,0,0,0,2,0,0,0,0,0,1,0,0,0,0,0,0,0,0,0,0,1,0,0,0,0,0,0,0,0,0,1,0,0,11,0,0,0,0,1,23,0,0,1,0,0,0,0,0,0,0,0,0,0,0,0,0,0,0,1,1,0,1,0,1,0,0,0,0,1,42,1,43,1,0,0,0,0,0,0,0,0,0,0,0,0,0,0,0,0,0,0,0,0,10,0,0,9,0,0,0,36,0,0,0,0,0,0,0,0,0,0,0,21,20,0,1,1,0,0,1,0,0,0,1,0,0,0,0,0,19,0,0,0,0,1,0,0,0,0,0,0,0,0,0,1,0,0,1,0,0,0,0,0,0,24,0,0,2,0,0,0,6,13,1,0,0,0,0,1,1,0,18,0,0,0,0,0,0,0,0,0,0,0,0,0,0,21,0,0,0,0,0,1,0,0,0,0,6,0,0,0,0,0,18,1,0,0,1,1,0,0,0,0,0,30,0,1,0,0,0,0,0,0,0,0,12,0,0,0,0,0,0,0,0,0,1,21,0,0,0,15,0,0,0,1,0,0,0,1,0,0,1,0,0,0,0,1,0,0,0,1,0,1,1,0,0,0,0,0,0,0,0,0,0,0,0,1,0,0,0,1,0,0,0,0,13,0,0,0,1,0,0,100,0,0,77,0,1,0,0,0,0,0,1,0,11,0,0,0,0,0,1,0,0,0,0,1,0,0,0,0,0,0,0,9,0,0,0,0,0,0,0,1,0,0,0,0,0,0,1,0,0,0,0,1,0,29,0,0,0,0,0,0,0,0,0,1,0,0,0,1,1,0,0,1,18,1,0,0,0,1,6,0,0,0,0,0,0,0,0,0,0,0,1,2,44,0,0,0,0,10,0,0,0,0,0,0,1,0,1,0,0,0,0,1,0,0,0,27,0,0,0,0,0,0,0,2,0,0,1,0,0,0,0,0,0,1,2,0,1,21,1,13,0,26,0,0,0,0,0,1,0,1,1,0,0,0,0,0,17,0,0,0,0,0,1,1,0,1,9,1,0,0,0,1,0,0,0,1,0,0,0,0,1,0,0,27,0,1,1,0,0,0,0,0,0,0,1,0,0,0,0,0,0,0,0,0,0,0,0,0,0,1,0,0,0,0,1,0,0,32,0,1,0,0,0,0,0,0,0,0,1,0,7,0,0,0,0,0,0,0,0,0,1,0,0,4,0,0,0,0,0,0,0,0,0,0,0,0,0,0,0,0,1,0,1,0,0,0,0,0,0,0,1
LTB,11,0,1,2,2,1,2,10,0,5,22,22,1,3,19,12,4,1,1,4,7,14,0,1,1,0,4,6,4,16,3,6,16,4,2,0,5,0,1,5,8,25,0,26,14,5,6,0,5,1,1,0,0,0,2,2,1,5,9,3,0,10,11,1,3,31,8,0,0,2,0,0,8,0,0,0,1,2,0,0,22,11,0,0,1,7,7,19,0,15,2,9,10,0,7,1,4,4,0,52,7,1,0,2,2,1,12,0,1,4,4,4,0,4,5,6,12,32,0,7,0,0,5,1,11,8,4,7,1,16,11,2,4,1,17,3,3,1,1,0,2,5,9,15,3,1,1,0,26,0,0,0,0,2,4,35,3,7,5,0,5,1,3,0,1,13,1,5,2,2,10,0,27,7,0,1,8,4,1,4,4,7,7,1,0,12,1,7,0,2,1,2,3,6,4,19,11,0,0,16,0,1,2,3,3,1,13,9,21,5,6,3,0,0,0,0,7,20,1,1,0,8,5,8,26,0,4,0,9,6,15,0,1,4,0,0,6,6,16,2,0,2,7,1,25,2,0,1,0,0,5,0,3,1,7,4,2,14,5,0,10,4,4,0,5,1,9,2,17,8,0,1,1,1,3,0,8,1,0,9,0,0,4,6,2,3,2,1,3,1,10,10,0,0,0,4,3,5,0,0,1,2,0,7,0,9,13,0,3,2,17,11,11,16,4,3,5,26,5,10,3,3,1,1,1,9,0,17,10,5,2,0,2,7,1,0,6,2,18,0,1,4,0,7,4,19,3,1,4,2,0,5,13,8,1,0,6,5,1,0,3,8,4,0,0,5,0,3,1,15,4,0,1,1,0,2,7,10,18,0,1,3,5,4,6,0,4,13,3,0,4,4,4,2,9,0,7,16,0,3,0,3,0,23,1,31,3,14,16,23,27,24,0,2,0,1,5,7,11,0,0,31,2,1,1,5,4,0,1,11,0,2,17,2,0,3,1,7,4,0,1,3,3,6,13,2,0,3,3,0,0,13,0,14,0,22,4,2,1,7,2,3,9,7,5,3,14,5,0,1,0,0,1,5,3,1,0,0,3,11,1,8,1,21,2,6,10,10,9,1,12,4,3,1,2,1,12,3,4,0,0,0,4,2,4,18,13,1,1,2,1,1,8,10,5,12,1,4,6,0,1,4,32,0,1,0,7,3,2,12,0,19,2,3,18,2,0,1,5,10,3,9,1,1,4,5,0,10,4,5,27,2,5,3,0,0,1,2,6,0,7,13,14,0,7,10,18,5,7,2,7,1,5,4,4,1,0,9,0,3,4,1,5,1,4,1,5,2,6,0,5,2,0,3,3,30,4,2,6,3,21,0,0,3,15,2,0,0,4,9,3,14,0,11,22,6,6,2,0,0,11,4,1,4,0,0,12,0,28,12,3,12,2,1,1,4,8,7,3,4,6,1,9,2,3,3,0,16,5,0,0,0,4,0,2,0,7,10,8,1,0,4,11,0,8,7,1,4,10,14,1,4,0,2,14,14,1,0,3,5,1,1,32,4,0,14,0,10,0,4,0,9,12,3,5,4,3,2,5,0,7,10,5,1,4,1,5,6,7,4,4,4,5,8,0,3,4,7,2,1,6,3,6,11,5,12,3,7,1,1,1,4,8,3,4,8,1,14,0,3,5,1,5,0,5,1,6,6,5,6,1,1,29,6,5,7,2,3,0,11,7,0,3,16,0,22,25,5,0,3,2,20,5,12,0,0,0,8,0,22,0,4,3,9,1,0,1,4,5,9,1,11,5,1,0,1,1,4,1,3,7,3,3,6,10,9,3,11,2,1,11,0,3,0,3,6,0,5,3,1,0,4,1,17,4,24,5,0,6,0,12,0,4,0,1,6,5,18,0,17,0,2,1,3,9,18,1,7,1,3,3,0,0,5,5,1,1,4,7,6,11,7,13,7,10,1,3,1,2,2,35,1,3,0,9,0,0,9,4,0,5,6,1,1,1,8,18,2,1,21,6,5,1,0,0,1,16,6,1,2,9,9,7,6,5,1,7,6,3,0,0,0,4,2,0,22,8,7,7,7,2,3,0,0,3,0,4,4,0,10,0,15,5,7,9,1,4,0,9,1,10,3,1,7,5,10,1,0,1,0,0,5,1,1,4,1,35,2,8,0,6,6,6,0,0,1,16,9,13,2,4,1,0,1,2,5,6,3,1,10,5,3,4,0,13,7,5,4,11,2,9,13,6,1,0,11,2,3,1,7,7,1,15,12,7,0,5,3,0,27,22,0,0,1,11,1,18,3,1,6,1,6,5,1,0,2,37,1,7,6,4,1,1,3,1,0,5,0,0,5,2,1,1,0,7,3,6,3,3,8,14,0,12,3,5,6,1,7,29,7,23,10,2,2,0,0,1,1,0,0,1,15,3,1,0,13,7,3,0,2,7,0,2,7,0,0,0,11,0,10,1,4,6,1,7,0,0,5,1,1,21,10,3,1,1,0,10,3,8,5,0,4,9,12,3,1,0,2,5,6,1,4,1,3,7,1,0,4,0,8,4,0,4,2,0,2,4,13,0,7,3,2,0,1,4,3,5,3,0,6,1,7,1,2,10,0,7,5,2,0,15,9,6,2,2,4,15,7,3,1,2,7,1,13,2,1,1,2,2,2,16,7,2,9,7,7,1,4,1,1,9,10,3,9,3,2,0,1,4,9,9,3,10,7,3,39,6,0,1,1,11,2,0,2,19,11,2,14,11,3,2,8,6,3,3,2,2,0,5,2,1,0,6,1,0,5,0,3,11,7,3,6,4,2,7,3,2,0,19,3,2,9,0,1,7,9,2,2,2,3,2,6,0,1,0,6,1,1,7,0,0,0,2,2,3,3,0,1,0,0,0,6,0,8,2,0,9,6,4,0,5,2,14,2,1,20,0,7,0,8,6,5,2,0,3,47,0,9,4,3,8,0,4,0,24,3,5,6,0,17,2,1,0,2,13,4,0,6,2,0,8,8,8,13,1,3,7,0,5,13,0,3,14,5,3,5,0,3,1,2,2,26,3,4,0,4,25,0,0,7,1,0,1,0,0,1,2,5,1,52,1,1,3,3,2,6,2,8,8,0,2,7,11,2,8,3,6,1,10,2,4,16,2,3,15,1,8,1,9,3,21,0,0,7,10,1,0,19,2,1,1,9,4,2,0,1,2,0,10,12,0,1,1,0,5,4,9,16,4,8,3,0,7,2,3,4,0,2,9,0,9,13,5,3,0,6,2,1,1,0,4,1,15,0,1,0,3,18,2,5,8,6,2,4,3,0,1,2,5,13,0,6,2,2,1,8,10,8,12,0,0,8,0,3,6,0,3,0,0,1,2,14,4,0,7,0,10,17,0,1,6,6,1,7,0,3,0,4,0,0,5,6,14,2,6,0,4,9,5,5,16,0,1,4,1,8,0,0,29,12,0,20,9,1,3,0
LGALS1,1,1,0,3,1,7,7,0,2,0,6,2,7,0,0,6,0,0,6,1,0,0,10,2,0,2,1,0,0,0,0,1,0,1,3,4,1,0,4,0,0,1,13,4,0,0,1,9,0,0,0,1,5,0,0,9,1,0,3,0,11,0,1,3,0,0,0,0,13,0,1,0,0,7,3,1,1,13,2,2,0,8,3,5,0,0,0,2,1,0,6,2,1,13,1,4,0,0,14,27,4,0,8,0,0,13,0,1,9,0,0,0,2,15,0,0,2,1,7,0,0,1,11,0,3,0,0,0,12,1,0,1,0,0,0,1,0,0,6,0,1,1,0,1,33,5,15,13,1,1,12,3,0,0,0,0,2,0,0,3,0,0,14,18,0,1,8,0,10,17,0,1,0,0,15,0,0,3,10,2,0,0,0,0,18,0,0,0,8,7,4,26,0,0,1,0,1,0,0,0,15,2,4,0,1,1,0,2,0,0,0,0,1,0,0,0,0,0,1,5,0,0,6,0,1,5,0,12,0,0,0,0,15,10,24,0,0,0,1,0,5,0,0,2,0,0,0,7,25,2,0,20,0,1,0,0,0,1,0,5,0,1,0,24,0,0,0,0,0,0,1,23,11,8,0,0,1,16,12,0,8,4,0,0,0,0,1,0,1,2,0,0,16,2,0,0,1,0,10,0,0,1,0,0,14,0,1,5,3,0,0,0,0,0,0,0,0,5,0,1,2,4,10,0,2,0,8,1,0,1,0,2,0,0,9,0,0,9,0,7,28,4,2,0,1,0,0,7,0,10,15,0,15,0,3,4,0,0,18,9,0,1,0,12,0,1,42,0,0,0,0,6,2,0,1,23,0,0,0,20,8,0,6,0,0,5,0,2,0,0,0,16,4,8,0,9,2,0,0,11,17,0,0,0,10,0,0,0,0,4,1,0,10,1,1,24,0,0,0,0,1,0,67,0,13,0,0,1,0,0,0,0,0,0,8,0,4,0,0,19,0,3,7,0,0,27,3,0,0,1,9,0,5,2,20,2,0,2,22,0,1,0,0,0,24,9,1,0,3,6,20,10,4,0,0,20,7,0,0,1,20,0,2,0,3,0,0,0,1,9,0,0,2,0,0,4,0,1,0,8,4,21,0,0,0,1,0,23,1,0,9,3,0,0,0,8,1,1,0,8,0,0,1,10,4,5,1,0,10,0,4,0,1,0,25,10,3,2,0,2,5,0,2,0,0,1,15,0,6,1,0,14,0,0,6,7,0,12,0,0,2,0,0,0,0,1,1,0,0,0,1,6,0,0,0,13,0,0,7,0,0,1,0,2,0,1,2,0,0,4,1,0,0,8,0,2,0,0,0,0,3,16,4,2,0,7,10,0,0,0,18,0,0,0,0,2,0,1,9,22,4,1,0,0,11,4,0,10,0,0,0,1,0,8,5,0,0,0,0,1,1,6,2,0,1,0,0,0,0,7,1,0,0,5,0,11,0,0,0,17,6,1,1,0,0,0,6,0,0,0,0,0,4,0,2,0,6,10,1,0,0,23,0,0,6,0,0,0,4,0,0,0,0,0,0,1,0,0,0,5,2,1,13,0,0,14,0,1,3,15,3,0,1,0,3,0,0,1,0,0,1,0,2,0,0,0,0,0,0,5,0,0,0,1,1,3,10,4,0,1,0,0,2,4,1,0,0,0,0,0,0,0,0,0,0,0,0,0,0,0,0,4,0,1,12,0,1,0,0,1,0,0,1,6,5,1,15,0,1,2,12,0,1,2,12,16,2,1,0,0,0,0,0,7,15,0,0,1,1,0,0,0,0,0,0,0,2,0,1,1,0,7,0,4,1,0,3,0,0,5,1,0,35,0,0,2,1,0,0,4,0,2,0,11,1,0,1,0,10,0,6,16,2,4,0,1,0,2,9,0,0,1,2,1,1,0,8,19,0,1,0,0,0,0,2,0,0,0,1,0,2,8,5,0,0,2,0,0,1,8,0,0,12,27,16,0,2,1,0,0,0,0,8,10,2,13,1,1,4,0,0,0,0,0,0,0,0,2,7,17,15,0,1,0,3,2,0,0,0,0,0,7,5,0,3,11,0,0,5,8,13,1,0,0,0,0,0,12,1,0,0,0,1,1,0,0,1,5,1,0,2,0,12,1,0,0,2,0,0,8,1,0,1,1,8,15,1,0,2,3,0,35,7,0,2,1,1,0,18,1,0,0,0,18,1,1,0,0,0,2,0,1,0,0,0,1,0,0,0,2,0,18,1,0,1,3,0,0,0,1,2,0,17,1,0,0,0,1,7,0,0,0,0,0,0,0,1,9,0,1,19,20,0,0,0,8,1,4,12,0,0,2,1,0,1,2,0,0,0,0,0,7,0,0,0,0,8,0,0,1,0,0,9,7,5,0,18,4,0,0,7,0,4,4,0,8,0,18,17,14,2,2,0,0,2,0,3,3,0,0,4,0,0,7,0,2,0,0,6,1,1,0,16,9,6,1,1,0,0,6,0,0,0,0,1,0,6,4,0,0,0,0,23,1,2,0,8,0,8,1,0,7,12,0,1,0,0,3,0,2,0,1,9,0,0,0,0,0,1,0,18,0,0,19,0,0,0,0,0,0,0,0,0,0,0,0,1,0,0,1,0,0,1,3,1,0,7,0,1,7,0,0,8,0,0,0,0,0,7,5,0,0,0,0,0,1,4,0,0,0,0,0,0,2,0,0,0,18,1,8,0,1,1,4,0,0,27,0,1,1,0,15,0,1,0,0,10,14,0,0,6,7,0,0,0,18,28,0,0,1,2,1,0,0,0,0,0,1,1,0,12,0,6,7,0,1,2,1,2,0,0,0,15,16,0,0,5,8,0,0,0,6,0,1,1,1,28,2,5,4,7,1,10,2,0,10,1,0,1,2,1,1,0,0,9,0,2,0,3,0,6,0,1,3,0,0,7,0,0,1,0,2,0,1,2,0,0,0,0,0,0,7,2,10,0,1,0,1,1,19,0,0,0,0,0,1,0,1,28,0,4,2,6,1,0,0,0,0,9,0,0,1,0,1,11,1,0,0,7,1,0,30,0,14,1,5,0,2,0,0,3,2,1,0,12,0,10,0,1,7,0,0,0,0,0,0,1,0,2,6,16,0,0,0,1,16,0,19,3,33,1,6,2,0,0,4,3,0,0,0,0,0,0,0,3,0,0,15,0,2,3,6,9,8,2,0,1,0,0,0,0,3,1,1,1,1,2,0,1,9,2,0,0,1,7,1,2,0,2,1,0,0,4,0,0,7,1,0,0,5,0,0,4,0,1,0,7,7,1,1,6,0,0,3,6,0,6,0,0,19,0,0,5,2,0,5,1,5,6,2,1,0,2,2,0,2,0,3,12,0,0,6,0,0,2,0,7,0,0,4,0,1,1,0,0,0,0,0,6,0,1,6,17,0,7,0,2,4,2,0,0,0,1,0,0,0
FOS,28,0,1,1,2,9,26,29,9,0,13,14,17,7,8,22,9,4,42,13,13,3,15,21,2,4,1,6,11,0,21,6,0,7,1,1,2,19,9,1,15,1,3,37,7,2,2,14,2,6,2,3,5,12,12,3,4,14,0,3,37,2,3,15,0,9,10,0,12,8,1,47,3,37,15,0,17,13,17,27,1,4,6,12,7,17,11,2,5,8,8,2,11,14,0,31,1,0,7,5,4,4,15,7,2,14,6,7,3,10,14,11,6,32,0,12,14,19,15,0,4,13,21,0,3,8,1,7,0,3,0,15,3,2,6,6,13,13,20,0,2,2,12,2,30,10,31,20,31,4,26,5,6,23,0,14,0,11,2,18,8,6,6,38,16,2,29,19,7,10,8,3,15,1,17,1,3,5,19,11,0,6,3,8,13,2,27,0,24,16,25,17,3,16,2,3,0,8,0,0,24,18,23,5,18,0,1,3,8,2,2,5,15,5,8,1,11,24,12,18,4,15,1,1,31,3,5,23,12,3,3,6,22,22,16,1,2,0,2,4,14,3,3,6,3,2,2,22,39,13,1,13,1,1,20,21,5,16,4,36,8,2,3,15,7,23,6,3,7,4,7,28,18,11,2,4,11,34,26,12,22,3,9,2,4,1,2,7,2,6,9,0,18,5,3,1,6,4,18,0,6,9,6,16,15,1,6,9,15,8,3,4,4,3,2,3,1,16,3,11,0,6,10,0,3,4,22,22,1,8,1,27,6,4,15,6,4,8,11,16,12,7,21,20,6,8,7,24,11,21,24,5,28,4,0,13,7,20,34,20,0,7,6,9,1,13,26,7,4,10,7,26,20,1,1,33,4,2,6,23,17,0,30,9,6,9,21,6,8,5,19,46,28,37,0,9,15,22,1,17,9,11,14,12,18,17,4,1,4,13,13,15,16,0,3,25,0,20,1,1,28,17,2,16,11,0,4,17,2,1,5,11,3,15,10,4,5,0,10,23,7,9,20,6,16,38,6,0,0,1,19,4,6,3,23,8,1,39,18,7,9,6,1,5,24,15,11,1,19,4,13,13,2,7,5,3,6,9,1,6,23,17,4,17,16,12,1,29,2,28,1,1,6,5,8,15,9,9,8,1,12,19,1,0,3,0,5,32,9,4,20,0,13,2,0,16,1,0,3,7,1,19,19,23,36,36,3,1,21,13,28,2,1,3,29,21,4,22,14,1,37,28,11,3,1,12,24,0,26,10,15,33,4,3,14,11,9,29,3,0,2,13,4,14,10,11,38,3,30,3,16,1,4,5,1,18,2,12,23,2,24,0,14,7,12,1,1,0,2,3,15,10,1,8,11,2,3,4,7,0,19,12,13,2,23,31,11,0,3,6,14,4,5,21,22,6,3,4,12,24,2,9,23,8,10,1,3,2,6,22,5,10,14,7,12,5,4,17,0,6,10,15,21,1,0,3,4,3,7,12,0,15,0,8,1,15,2,3,4,30,18,19,2,10,26,0,8,0,8,3,10,14,25,14,23,26,10,15,3,6,1,32,18,14,10,15,16,0,12,6,11,3,20,3,7,12,5,11,1,13,0,11,8,8,8,18,11,10,2,38,3,11,2,5,13,8,4,21,4,0,1,2,0,10,6,20,10,0,1,11,22,9,2,2,11,17,10,3,0,4,5,8,2,12,9,3,2,4,21,2,6,6,2,8,3,4,9,4,0,8,1,14,10,3,15,0,1,0,19,6,1,11,4,2,3,14,17,11,21,8,15,1,2,3,31,20,0,10,24,12,1,21,2,19,20,0,1,2,22,8,10,3,0,1,9,2,9,3,7,10,21,21,9,18,6,10,20,0,0,10,1,1,56,1,1,25,4,2,3,13,0,7,4,11,14,3,15,11,30,4,15,20,2,1,2,2,8,13,7,17,0,11,2,9,12,1,26,7,9,12,11,11,7,0,2,0,15,15,3,7,20,10,13,2,1,1,2,5,5,9,1,0,12,14,13,8,4,2,2,8,0,6,7,28,17,23,11,21,9,2,1,12,1,2,5,3,0,13,20,20,35,1,11,9,14,14,15,3,4,8,3,20,14,1,2,18,1,1,24,29,6,2,7,4,1,8,4,22,15,2,6,13,4,3,1,8,12,14,10,16,16,7,12,0,1,7,20,10,11,32,36,7,3,0,12,10,3,2,18,14,6,40,19,1,5,1,15,13,22,11,0,2,2,17,5,10,7,14,6,8,3,18,2,6,1,10,3,1,1,14,3,23,17,6,8,3,7,15,5,4,8,0,9,8,1,4,13,4,17,13,8,2,8,4,10,1,12,24,12,13,16,47,3,2,3,18,5,14,18,21,8,9,12,2,7,6,9,3,1,1,7,37,22,17,7,1,17,9,2,0,0,9,22,21,3,11,22,5,2,19,2,23,6,4,11,14,17,14,9,20,12,12,2,6,0,8,18,2,3,0,17,10,4,25,6,16,2,1,4,7,16,1,27,24,17,9,6,19,0,10,1,6,2,10,9,3,21,0,8,15,0,0,23,1,6,6,1,14,19,12,2,12,7,15,0,15,2,5,5,3,7,15,24,4,10,5,4,8,10,2,23,0,5,24,1,1,2,6,3,8,23,0,4,1,8,0,3,9,1,4,4,0,14,5,1,4,30,0,7,35,14,19,20,1,13,6,3,1,19,23,7,11,0,11,4,22,28,5,1,12,4,15,0,7,1,10,0,32,1,27,6,3,2,22,8,6,25,1,0,0,1,13,7,0,1,4,15,21,20,11,17,11,2,1,2,5,28,0,2,9,9,24,13,3,10,1,5,11,3,0,29,11,21,23,0,8,20,9,7,9,4,7,22,14,15,2,11,7,0,3,1,12,1,9,10,7,28,18,17,25,11,10,15,13,8,16,7,10,7,27,5,11,18,3,20,2,14,9,21,10,16,4,1,21,13,1,5,10,8,2,13,5,13,8,25,13,1,17,5,1,5,8,12,23,3,2,10,12,15,26,3,15,3,1,0,6,7,7,7,4,2,3,2,9,6,2,4,1,2,8,8,31,3,2,10,8,1,1,27,8,7,4,2,28,16,14,0,11,3,25,2,17,12,8,33,0,13,0,8,14,8,26,4,8,15,0,2,0,14,8,46,1,10,4,8,14,1,12,7,30,13,19,0,1,10,12,5,7,1,5,7,6,3,3,11,8,0,29,9,14,7,5,31,24,3,3,6,14,3,8,2,5,1,3,6,5,5,6,16,17,3,1,0,3,4,1,16,8,0,16,3,5,34,0,14,9,6,7,4,1,4,4,13,6,3,0,10,11,12,5,13,11,5,16,47,0,4,10,20,27,7,3,13,0,8,14,4,18,12,7,1,12,9,22,2,3,0,16,12,13,4,16,0,1,17,6,16,1,5,11,2,10,12,5,10,1,21,3,10,0,2,16,22,2,8,3,10,40,29,20,1,24,10,1,15,5
LST1,1,0,0,0,0,11,12,0,0,0,4,0,9,0,3,35,1,0,9,0,0,0,9,5,0,0,1,0,1,0,0,0,0,0,0,0,0,1,11,0,0,0,7,0,1,0,0,10,0,0,0,0,7,2,1,6,0,1,1,0,10,0,2,7,0,0,0,0,4,0,0,1,1,9,6,0,0,12,5,8,0,0,3,13,0,0,0,0,0,0,0,0,0,5,0,3,0,0,6,0,1,0,6,0,2,4,0,0,13,0,0,0,5,6,0,0,0,0,10,0,1,0,12,0,0,1,0,0,13,0,0,1,0,0,0,0,1,0,4,0,0,0,0,0,14,0,6,6,3,0,4,0,1,0,0,0,0,0,1,6,1,0,13,5,0,1,9,1,17,21,1,0,0,0,2,0,1,0,6,0,0,0,0,1,5,0,1,0,4,20,25,8,0,0,1,0,0,0,0,0,3,0,3,0,0,0,1,0,0,0,0,0,1,0,0,0,0,1,0,8,1,0,1,0,3,1,1,8,0,0,0,0,42,21,7,1,1,1,0,0,3,0,0,1,2,1,0,11,5,7,3,10,0,0,0,0,1,0,0,5,0,0,0,17,0,0,0,0,0,0,0,24,4,14,0,0,0,9,4,0,5,6,0,0,2,1,0,0,2,0,0,1,8,0,0,0,0,0,5,0,0,0,1,0,3,1,0,6,34,0,0,0,0,0,0,0,0,1,0,0,0,0,7,0,0,0,2,0,0,1,0,8,0,0,8,1,0,10,1,11,18,0,6,1,0,0,1,7,0,6,9,0,29,0,0,4,0,0,9,4,1,0,1,9,1,1,4,2,0,0,0,6,1,0,0,19,0,0,0,8,4,0,4,0,0,2,0,0,1,1,2,78,0,50,0,3,0,1,0,31,2,0,1,0,10,2,1,0,1,0,0,1,4,0,0,8,0,0,0,0,11,2,0,0,28,0,0,0,0,2,0,0,1,0,6,0,7,0,0,3,0,2,15,0,0,13,0,0,0,0,0,1,4,0,8,0,0,9,7,1,0,1,0,0,10,13,1,0,9,2,10,13,0,0,0,23,6,0,1,0,5,0,0,1,13,0,1,0,1,6,0,1,0,0,0,5,0,0,0,1,6,4,0,0,0,0,0,12,0,0,3,0,1,0,0,0,0,2,0,4,0,1,0,7,7,5,1,0,6,1,9,0,0,0,5,6,0,1,0,0,2,0,0,0,0,0,8,0,9,1,0,16,0,0,7,7,0,33,0,1,0,0,0,1,0,1,0,0,0,0,1,0,0,0,1,5,0,0,4,0,0,0,0,5,0,1,0,0,0,1,0,1,1,19,0,0,0,0,0,0,1,7,3,0,0,28,8,0,0,0,2,0,2,0,1,0,0,0,5,7,1,1,0,0,0,0,0,15,2,2,0,0,0,0,3,0,0,0,3,0,0,6,1,0,0,0,1,1,0,2,0,0,0,7,0,4,0,0,0,9,6,0,0,0,0,0,2,0,0,0,0,0,2,0,0,0,3,9,0,0,0,12,5,0,3,0,0,0,6,0,0,0,0,0,0,0,1,0,0,5,0,0,0,1,0,7,0,0,1,2,1,1,1,1,5,1,0,0,0,0,1,0,0,0,0,0,0,0,0,1,0,1,0,0,1,0,6,0,0,0,0,0,0,9,0,0,0,0,0,0,0,0,0,0,1,0,0,0,0,0,0,5,0,0,5,0,1,1,1,0,0,0,0,0,15,5,2,2,6,0,2,0,0,0,12,40,0,0,1,0,0,0,0,1,8,0,0,1,2,1,1,0,0,0,2,0,0,0,0,0,0,2,1,7,0,2,14,0,0,0,0,0,6,0,0,0,0,0,0,3,0,0,0,7,1,0,0,0,2,1,7,9,0,0,0,0,0,1,1,1,0,3,4,0,1,0,12,11,1,0,1,0,0,0,0,0,0,5,0,0,2,6,22,0,0,0,1,0,0,6,1,0,9,6,7,0,1,0,0,0,0,0,0,8,5,8,2,0,11,0,0,0,0,1,0,0,1,0,15,7,7,0,0,0,14,0,0,0,0,1,0,15,11,0,1,8,0,0,3,6,3,0,0,0,1,0,0,36,1,1,0,1,0,1,0,1,0,6,0,0,1,0,9,0,0,1,2,0,0,4,0,0,0,0,3,10,0,0,0,5,0,13,5,0,0,2,0,0,6,1,0,0,0,11,0,0,0,0,0,1,0,0,0,1,0,1,0,0,0,0,1,2,0,0,0,0,0,0,3,0,0,0,2,0,0,0,0,0,9,1,1,1,1,0,0,0,0,5,1,0,11,1,0,0,1,13,0,7,5,0,2,0,0,0,0,0,0,0,0,0,0,9,2,1,0,0,12,3,0,0,0,0,20,49,15,0,6,8,0,7,5,0,0,27,0,1,0,2,2,15,0,0,0,2,2,0,6,1,0,0,4,1,0,7,2,3,0,1,2,0,1,0,33,5,6,0,1,0,0,0,0,0,0,1,0,0,7,1,0,1,0,0,4,0,0,0,1,0,6,0,1,5,1,1,1,0,0,1,0,1,0,1,9,0,0,0,0,0,0,1,2,1,0,15,0,0,0,1,0,0,0,1,0,0,0,0,0,1,0,0,0,0,1,1,0,0,8,0,0,15,0,0,12,0,0,0,1,0,1,8,0,0,0,0,0,0,9,0,0,0,0,0,1,0,0,0,0,10,1,2,0,1,0,28,3,1,36,0,0,0,0,2,0,0,0,0,6,8,0,0,6,7,0,0,0,0,20,0,0,0,0,0,0,0,1,0,0,7,0,0,33,0,7,5,0,0,22,0,0,0,2,0,6,6,0,0,6,0,0,0,0,8,0,0,0,0,20,0,6,2,7,0,2,0,1,4,0,0,0,8,2,0,0,1,3,1,0,1,4,1,27,0,0,5,1,1,3,0,0,2,1,0,0,0,0,0,0,0,0,0,1,13,0,13,0,1,0,1,1,10,0,0,0,1,0,1,0,0,0,0,9,0,0,0,0,0,0,1,4,0,0,3,0,0,22,0,1,1,7,0,0,39,1,14,6,13,0,1,0,1,4,3,0,1,7,0,4,0,1,8,0,3,0,0,0,1,0,0,0,0,78,3,0,0,0,9,0,2,0,14,1,9,2,0,0,3,0,0,0,0,0,0,0,0,1,1,0,19,0,0,0,0,17,4,0,0,0,0,0,1,0,1,0,1,1,0,0,0,0,8,0,0,0,0,1,1,0,0,0,6,0,0,1,0,1,6,0,0,0,1,1,0,17,0,0,0,31,7,0,0,6,0,0,13,16,0,0,0,0,12,0,0,0,0,0,3,0,7,8,0,0,0,0,10,1,0,0,0,15,0,1,27,0,0,5,1,3,0,0,7,0,0,0,1,0,0,0,1,0,0,0,3,7,0,13,0,6,17,0,0,0,0,0,0,0,0
FCER1G,1,2,0,2,0,5,11,0,0,0,6,1,7,0,0,21,0,0,6,0,1,0,8,5,0,0,0,0,0,0,0,0,0,16,2,1,1,0,5,0,0,0,15,0,0,0,0,6,0,0,0,1,7,3,0,0,3,0,0,0,5,0,0,3,0,0,0,1,4,0,0,0,0,4,4,0,3,12,1,5,1,0,0,7,8,0,0,0,0,0,13,2,0,5,0,5,0,1,5,1,0,0,10,0,0,6,0,5,8,0,0,0,5,5,1,0,1,0,7,1,0,3,7,0,0,0,0,0,7,1,0,0,0,1,0,0,0,0,3,0,0,0,0,0,13,7,10,8,0,1,16,4,0,1,0,0,0,0,0,8,0,0,18,2,2,0,6,1,14,25,0,3,1,0,2,1,0,0,8,0,0,0,1,0,6,1,1,0,4,14,14,7,0,1,1,1,0,10,1,0,4,0,11,0,1,0,0,0,0,1,0,0,7,2,4,0,0,0,19,9,0,0,14,0,0,1,0,5,0,0,0,0,5,10,8,0,0,0,0,0,4,0,0,3,0,0,1,12,13,3,0,2,0,0,0,0,0,0,0,10,0,0,1,10,0,0,0,0,0,0,5,10,4,12,0,0,0,11,16,0,3,4,0,1,1,0,1,0,0,0,0,0,5,1,0,0,0,0,8,0,0,0,0,0,3,0,1,5,14,0,1,0,0,0,1,0,0,0,0,0,0,4,18,0,0,1,4,0,0,0,0,5,0,0,2,0,0,11,0,3,13,0,3,0,0,0,0,2,0,13,7,0,13,0,0,5,0,1,8,0,0,0,0,1,10,0,13,0,0,0,1,1,5,1,0,19,0,1,0,7,0,0,4,0,0,4,0,0,0,3,0,37,0,17,0,1,0,0,8,14,6,0,0,0,13,0,0,0,1,0,0,0,5,0,1,7,0,0,0,1,8,0,0,2,13,1,0,1,0,0,1,0,0,0,2,0,7,0,0,7,8,0,5,0,2,10,8,0,0,0,0,0,5,0,7,0,0,9,13,1,7,1,0,0,8,9,0,1,7,6,2,4,0,0,0,18,5,0,0,0,10,0,4,0,6,0,1,0,0,4,0,0,0,0,0,4,0,0,0,8,1,9,0,0,0,0,0,12,0,0,1,0,0,0,0,0,0,0,0,8,0,0,0,5,8,10,0,0,13,0,10,0,0,1,2,13,0,2,0,0,0,0,0,9,3,2,4,1,13,1,1,13,0,0,5,12,2,16,0,1,0,0,0,0,0,0,0,0,0,0,1,11,0,0,0,9,1,0,4,1,0,4,0,5,2,0,1,0,0,4,0,0,5,7,0,0,0,0,0,0,0,14,2,0,0,24,10,0,0,0,4,0,3,0,2,0,0,0,3,4,0,0,0,0,9,1,0,1,1,0,0,0,0,7,0,0,1,1,0,0,0,6,0,0,0,0,21,0,0,1,6,0,0,2,0,5,0,0,0,5,7,0,0,6,0,0,4,0,1,0,0,0,7,0,2,0,2,8,1,0,6,12,0,0,4,1,0,0,1,0,1,0,0,0,0,0,0,0,0,8,0,0,16,0,0,5,0,0,1,8,0,0,1,0,5,1,0,0,0,0,0,0,0,1,0,0,1,1,0,0,0,0,0,0,10,0,2,0,0,0,0,0,0,6,0,2,0,0,0,0,1,0,0,0,0,1,1,0,0,0,0,2,1,1,5,0,0,0,0,0,0,1,0,1,5,4,2,0,3,0,4,0,0,0,7,14,0,2,0,0,0,0,0,0,19,0,2,1,12,0,0,0,0,0,0,0,2,0,0,0,0,7,0,2,0,0,10,0,0,7,3,0,13,0,0,0,0,1,0,2,0,0,0,2,0,0,0,2,1,0,10,6,0,0,0,0,2,0,5,0,0,4,0,0,0,0,0,9,1,0,1,0,0,0,0,0,0,7,0,0,0,6,22,1,0,0,4,0,0,6,0,0,5,9,2,0,0,0,0,0,0,0,7,6,1,10,0,0,5,0,0,1,0,0,0,0,1,0,5,12,9,10,0,0,9,1,0,0,0,0,0,5,8,0,18,4,0,0,5,5,1,0,0,0,0,2,0,40,0,0,0,0,1,0,0,0,1,3,0,0,0,0,5,0,1,0,0,0,1,5,1,1,0,1,5,8,1,0,0,9,0,21,4,0,0,0,1,1,4,0,0,0,0,13,0,0,0,0,0,1,0,0,1,0,1,0,0,0,1,0,1,8,0,0,0,0,0,0,4,0,0,0,6,0,0,2,0,0,7,0,0,0,0,0,0,1,0,7,0,0,14,7,0,0,0,12,0,6,3,0,0,0,1,3,0,0,0,0,0,0,0,4,0,0,0,0,10,0,0,0,0,0,19,18,5,0,4,3,0,4,9,0,4,23,1,3,1,4,6,16,13,2,0,0,5,10,8,0,0,0,3,0,0,12,0,1,0,1,6,0,0,0,36,7,11,0,0,0,0,5,0,0,0,1,0,0,2,0,0,0,0,0,9,0,0,0,8,0,9,0,0,3,1,11,1,0,0,0,0,0,1,0,6,1,0,0,0,0,14,0,8,0,4,15,0,1,0,0,1,0,0,1,0,0,1,0,0,0,1,7,1,0,0,0,8,1,1,0,0,15,0,1,2,0,1,1,0,0,0,15,0,0,0,0,1,0,10,6,0,1,1,0,0,0,1,0,0,20,0,8,0,0,3,28,0,0,36,1,0,0,0,4,0,0,0,1,5,6,0,0,11,12,1,0,1,9,10,0,0,0,2,0,0,0,0,0,0,0,0,0,16,0,2,9,1,0,20,0,0,0,1,0,9,4,6,0,2,7,0,1,0,5,0,0,0,0,10,0,3,7,12,1,3,1,0,5,0,2,0,5,0,1,0,0,1,0,9,0,5,0,23,0,2,8,0,0,2,0,0,0,0,0,1,0,0,1,1,0,4,1,0,9,2,4,0,0,0,1,0,8,0,0,0,0,0,1,2,0,1,0,8,0,0,0,0,0,0,1,3,0,1,0,0,0,3,0,0,10,8,0,0,32,0,11,7,11,0,0,0,0,5,2,1,1,14,0,7,0,1,8,5,0,0,0,0,1,0,1,0,13,37,0,0,0,0,9,0,6,0,13,0,3,5,0,0,4,4,0,0,4,1,0,0,0,6,0,0,17,0,1,2,10,12,4,0,0,0,0,0,0,0,1,0,0,1,1,0,0,0,5,0,1,0,0,0,0,0,0,0,7,0,0,1,0,1,3,0,1,0,0,0,0,10,0,0,1,13,4,2,0,6,0,0,6,11,0,0,0,0,18,0,0,0,0,0,4,0,6,12,1,0,0,1,1,0,0,1,1,11,0,0,23,0,0,1,1,0,0,0,7,1,0,0,0,2,1,0,0,5,1,0,3,12,0,9,0,0,20,0,0,0,1,0,0,0,1
NA..1,0,0,0,0,0,4,10,0,0,0,7,0,6,0,0,0,0,1,3,0,0,0,5,4,0,0,0,0,0,1,0,0,1,0,0,1,0,0,9,0,0,0,2,0,0,0,0,6,1,0,0,0,5,0,0,19,0,0,0,0,3,0,0,8,0,0,0,0,7,0,0,0,0,8,22,0,0,2,2,2,0,0,2,2,0,0,0,0,1,0,0,0,0,7,0,6,0,0,10,1,0,0,7,0,0,3,0,0,20,0,0,0,7,7,0,0,0,0,10,0,0,4,6,0,0,0,1,0,17,0,0,0,0,0,0,1,0,0,3,0,0,0,0,0,2,0,5,3,1,0,3,0,0,0,0,0,0,0,0,2,0,0,1,7,0,0,5,0,3,3,0,0,0,0,8,1,0,0,3,0,0,0,0,1,6,0,0,0,6,0,1,0,0,0,0,0,0,0,0,1,5,0,5,0,1,1,0,1,0,0,0,0,0,0,0,0,0,1,0,6,0,0,2,0,1,0,0,8,1,0,0,0,0,3,5,0,0,0,1,0,4,0,0,11,0,0,0,9,11,27,0,3,0,0,0,0,0,0,0,0,0,0,0,10,0,0,0,0,0,0,0,8,3,0,0,0,0,3,3,0,8,6,0,0,0,0,0,0,0,0,0,0,7,0,0,0,0,0,18,0,0,1,0,0,9,0,0,3,1,0,0,0,0,0,0,0,0,0,0,0,0,0,4,0,0,0,2,0,0,0,0,2,0,0,2,0,0,5,0,5,5,0,5,0,0,1,0,5,0,8,39,0,0,0,0,8,0,1,3,3,0,0,0,12,0,0,4,0,0,0,0,8,0,0,0,5,0,0,0,9,18,0,7,0,0,2,0,0,0,0,0,0,0,1,0,7,0,0,0,0,6,0,0,0,3,0,0,0,0,0,0,0,6,0,0,9,0,0,0,0,5,0,0,0,3,0,1,0,0,0,0,0,0,1,4,0,5,0,1,8,0,0,2,0,0,2,0,0,0,0,0,0,1,0,9,0,1,4,6,0,0,0,0,0,10,3,0,0,1,7,3,28,0,0,0,1,9,0,0,0,29,0,0,0,2,0,0,0,0,6,0,0,0,0,0,5,0,0,0,0,2,7,0,0,0,0,0,2,0,0,1,0,0,0,0,0,0,0,0,6,0,0,0,39,2,0,0,0,8,1,18,0,0,0,6,8,0,10,0,0,0,0,0,0,0,0,13,0,4,0,0,4,0,0,3,1,0,0,0,0,0,0,0,0,0,1,0,0,0,0,0,0,1,1,0,3,0,0,3,0,0,0,0,3,0,0,0,0,0,14,0,0,0,23,0,0,0,0,0,0,0,27,1,0,0,2,8,0,0,0,10,0,0,1,0,0,0,0,4,9,0,0,0,0,0,1,0,2,0,0,0,1,0,0,1,0,0,0,0,0,0,1,1,0,0,0,0,0,0,5,0,0,0,5,0,12,0,0,0,0,8,0,0,0,0,0,9,0,0,0,0,0,2,0,0,0,6,5,0,0,0,2,0,0,7,0,0,0,2,0,0,0,0,0,0,0,0,0,0,10,0,0,0,0,0,6,0,0,0,5,0,0,0,0,6,0,1,0,0,0,0,0,0,0,0,0,0,1,0,0,0,0,0,0,0,1,18,0,0,0,0,0,0,3,0,0,0,0,0,0,0,0,0,0,0,0,0,1,0,0,1,4,0,0,6,0,0,0,0,0,0,0,0,0,0,4,8,0,18,0,7,0,0,0,5,0,0,0,0,0,0,1,0,15,21,1,0,0,6,1,0,0,0,0,0,0,0,0,0,0,1,5,0,2,1,0,1,0,0,0,0,0,4,0,0,0,0,0,0,1,0,0,0,5,0,0,0,0,7,0,12,7,0,0,0,0,0,1,0,0,0,7,7,0,0,0,1,7,0,0,1,0,0,0,0,0,0,9,0,0,1,4,3,0,0,0,0,0,0,6,0,0,3,18,7,0,0,1,0,0,0,0,0,2,2,9,0,0,9,0,0,0,0,0,0,0,0,0,2,15,18,0,0,0,3,0,0,0,0,0,0,2,5,0,0,5,0,0,1,4,6,0,0,0,0,0,0,2,1,0,0,0,0,0,1,0,0,2,0,0,3,0,3,0,0,0,1,0,0,9,0,0,0,0,14,16,0,0,0,7,0,2,7,0,0,0,0,0,6,1,0,0,0,11,0,0,0,0,0,0,0,0,0,0,0,0,0,0,0,0,0,7,0,0,0,0,0,0,2,0,0,0,6,0,0,0,0,0,6,0,1,0,0,0,0,0,0,6,0,0,4,6,0,0,0,3,0,3,3,0,0,0,0,1,0,0,0,0,0,0,0,8,0,0,0,0,5,0,0,0,0,0,2,1,0,0,6,6,0,3,3,0,0,0,0,0,0,10,6,7,1,12,0,0,0,0,2,0,0,0,13,0,0,5,0,3,0,0,7,0,0,0,0,6,20,0,1,0,0,0,0,0,0,0,0,0,2,0,0,0,0,0,7,0,1,0,0,0,3,0,0,10,0,0,0,1,0,0,0,0,0,0,9,0,0,0,0,0,0,0,7,0,1,3,0,0,0,0,0,0,0,0,0,0,1,0,0,0,0,0,0,1,0,0,0,0,7,0,0,4,0,0,3,0,0,0,0,0,15,5,0,0,0,0,0,1,18,0,0,0,0,0,0,0,0,0,0,27,0,10,0,0,1,0,0,0,1,0,0,0,0,4,0,0,0,0,6,9,0,0,20,1,0,0,0,0,24,0,1,0,0,1,0,0,0,0,0,0,0,0,0,0,2,5,0,0,0,0,0,0,0,0,10,27,0,0,1,0,0,0,0,0,0,1,0,0,24,0,4,2,1,0,34,0,0,6,1,0,0,2,0,0,0,0,1,0,1,0,4,0,3,0,0,1,0,0,15,0,0,0,0,0,0,1,0,0,0,0,0,0,0,7,12,11,1,0,0,0,0,11,1,1,0,0,0,0,0,0,1,0,2,0,0,0,0,0,0,1,5,0,0,1,0,0,0,0,0,0,6,0,0,0,0,4,3,4,0,0,0,0,4,6,0,0,2,0,17,1,1,2,0,0,0,0,0,0,0,0,0,0,0,0,0,0,0,0,0,8,0,2,0,2,0,0,0,3,0,0,0,1,0,0,0,0,15,0,0,25,0,0,24,0,2,6,0,0,0,0,0,0,0,1,0,0,0,0,0,0,0,10,0,1,0,0,20,0,0,0,0,3,0,0,0,0,0,5,0,1,0,1,0,0,1,0,0,0,0,8,0,0,3,0,0,2,2,1,0,0,0,6,0,1,0,0,0,4,0,9,2,0,0,0,0,3,0,0,0,0,35,0,1,3,0,0,2,0,12,0,0,8,0,0,0,0,0,1,0,0,0,0,1,2,4,0,7,0,3,5,0,0,0,0,0,0,0,0
HLA.DQB1,0,0,0,0,1,4,4,1,9,0,4,0,4,0,0,4,0,0,8,0,0,0,4,2,0,2,0,0,0,4,0,1,4,8,0,0,0,0,25,7,0,0,0,0,0,11,5,4,0,0,1,0,3,2,0,0,0,0,0,0,8,0,0,1,0,1,1,0,4,0,0,2,0,1,2,0,0,3,0,8,0,0,0,5,0,0,1,3,0,0,5,0,1,3,0,2,0,6,2,18,0,0,9,0,0,0,0,0,6,0,1,0,0,3,1,0,0,1,6,1,0,1,1,4,0,0,1,3,7,1,0,0,1,11,0,0,5,0,2,0,1,0,0,5,34,0,3,3,1,1,8,0,0,0,0,0,0,0,0,0,0,0,18,1,0,0,2,1,8,64,0,0,0,0,1,0,0,1,5,0,0,0,9,7,4,7,0,0,1,8,8,17,0,0,0,8,0,0,0,4,1,0,7,4,0,1,4,6,6,0,0,0,0,0,0,0,0,0,9,5,0,10,7,7,1,1,6,1,0,0,0,0,8,5,2,0,2,6,1,7,2,0,3,1,1,5,0,3,6,2,0,4,8,2,8,0,0,0,4,4,0,6,0,2,1,0,0,3,0,0,0,14,2,2,0,1,10,8,8,0,2,0,0,0,0,0,0,5,0,0,0,0,5,0,2,0,0,0,9,1,0,1,2,0,4,0,0,2,4,0,0,1,0,2,1,6,0,0,10,1,0,0,12,1,1,0,4,9,4,0,0,8,0,2,4,0,0,1,0,6,12,0,4,0,2,0,0,3,0,6,5,0,3,0,0,0,8,0,9,1,1,2,8,0,0,1,62,0,0,0,1,2,1,1,0,50,1,0,0,0,0,5,1,0,0,1,0,3,0,0,0,10,0,15,0,3,18,2,0,7,2,0,2,0,2,0,0,9,6,14,0,0,3,1,0,22,0,8,1,0,13,0,4,0,2,1,0,0,0,0,4,0,1,3,1,6,1,0,1,11,0,0,32,0,0,41,0,0,9,0,0,0,2,0,0,0,1,7,3,10,5,0,0,2,1,4,0,0,4,0,4,3,0,0,0,0,4,0,5,0,6,0,0,0,2,0,0,1,0,4,0,0,0,8,0,3,0,0,8,0,0,1,0,0,1,1,7,41,1,0,0,0,3,2,0,0,0,0,0,1,0,0,1,3,1,4,0,5,6,1,6,8,0,0,0,6,2,39,0,1,0,1,0,0,0,1,2,1,25,0,0,27,0,0,2,14,5,1,0,1,3,0,7,2,0,0,0,0,1,11,0,0,0,0,1,3,0,0,1,0,4,0,0,1,1,0,11,0,8,3,0,11,0,10,0,3,0,6,8,5,0,14,5,0,0,69,0,0,0,0,4,7,0,0,1,0,0,0,0,3,3,0,0,0,0,0,1,4,0,0,4,0,0,2,2,0,0,0,0,4,0,2,0,0,1,6,3,0,1,2,0,0,0,2,5,3,1,0,10,4,4,8,1,0,0,0,0,0,1,3,0,0,2,0,1,0,1,4,0,0,0,41,0,0,0,0,0,0,0,0,1,0,0,0,0,0,1,0,8,3,0,1,8,0,7,13,0,0,0,65,0,0,9,0,2,0,0,0,0,0,0,0,0,1,5,0,5,0,0,1,0,0,7,0,5,0,4,4,1,11,4,0,0,3,0,0,11,0,0,0,0,0,0,0,6,0,1,8,0,0,7,1,5,0,0,9,0,0,0,0,0,0,0,0,1,2,1,0,1,0,0,0,0,2,0,3,0,0,0,0,0,0,1,2,3,1,0,0,1,1,2,0,19,0,0,2,0,12,10,1,0,1,0,1,0,0,8,0,0,0,0,10,24,8,5,0,0,4,0,5,0,0,6,3,0,0,0,0,2,9,3,1,2,0,1,8,0,0,0,0,0,1,0,0,0,0,4,1,1,11,0,0,1,1,6,1,0,5,0,0,9,0,18,0,0,1,0,0,8,5,0,13,4,15,2,0,12,0,7,6,0,0,2,0,0,3,8,0,25,0,15,0,0,0,0,0,5,5,32,5,3,1,0,2,2,0,12,0,1,10,0,32,6,1,6,7,0,0,2,4,2,5,0,12,3,0,0,8,0,0,10,0,0,0,3,0,0,2,0,0,0,0,4,0,0,0,9,0,0,1,4,0,0,1,0,2,1,0,3,1,0,34,3,1,0,5,0,0,1,0,0,0,0,35,0,0,0,0,0,0,10,0,0,0,0,0,0,1,5,0,0,1,0,0,0,1,0,0,0,0,0,0,2,0,1,0,9,11,4,0,7,4,0,0,0,0,1,0,0,0,24,78,6,0,0,4,0,7,1,0,0,0,0,1,0,0,0,1,0,0,0,1,0,0,0,6,1,0,0,0,0,0,4,11,1,2,1,1,0,2,10,0,0,11,1,8,0,4,2,8,2,3,1,0,0,0,0,0,11,4,3,1,0,54,0,2,0,0,0,0,0,0,8,0,4,0,0,1,4,0,3,0,5,0,11,0,1,0,0,0,0,0,2,0,9,0,0,0,4,11,0,1,3,0,1,3,2,10,0,1,0,0,12,1,0,1,0,0,3,2,1,3,13,46,4,0,1,7,1,0,0,0,0,0,0,0,4,1,0,0,7,0,0,10,7,1,6,0,10,64,1,1,10,0,0,0,0,0,2,1,0,0,0,0,0,1,6,0,11,0,0,0,0,0,0,0,4,10,0,3,4,0,0,12,0,0,2,0,0,1,0,5,0,0,3,7,3,1,0,0,4,14,0,0,0,7,3,0,0,0,0,0,0,0,2,8,9,3,8,0,1,0,1,1,1,0,4,0,0,0,0,0,18,8,0,8,0,2,1,0,0,3,0,1,0,0,3,0,4,2,14,0,29,0,0,3,0,0,8,8,11,0,0,0,0,8,0,1,3,1,3,4,0,2,5,0,0,0,1,0,3,0,0,1,0,0,2,0,0,7,0,5,3,2,8,0,0,8,0,1,0,0,1,4,1,0,0,0,7,4,4,1,0,0,0,6,1,0,8,0,2,1,1,0,0,1,2,0,0,0,0,2,0,11,4,10,0,1,0,0,1,1,0,0,16,0,5,0,0,9,0,0,1,0,12,6,5,0,0,5,10,0,0,0,0,4,0,6,6,34,0,1,0,0,2,4,0,0,0,13,1,0,1,0,3,0,0,39,0,0,1,0,9,1,0,0,0,1,1,0,0,2,7,0,0,1,0,0,0,0,2,1,0,0,0,0,1,0,0,4,1,0,0,2,0,7,0,7,1,0,0,0,1,0,0,1,5,1,1,0,8,0,8,2,71,0,0,0,0,7,0,0,0,0,1,2,0,0,8,0,2,0,1,2,0,1,1,6,2,0,11,3,1,1,0,0,1,10,0,1,7,0,0,0,0,0,0,1,0,1,1,1,2,1,5,1,2,66,0,0,0,0,0,0,0,0
AIF1,1,0,0,1,0,11,9,0,0,0,3,0,8,1,0,21,0,0,11,2,1,0,8,3,0,0,0,0,0,0,0,0,0,1,1,0,0,0,6,0,1,0,13,0,0,1,0,6,1,0,0,1,1,0,0,9,0,0,0,1,7,0,0,6,0,1,0,0,4,0,0,2,1,3,7,0,0,9,1,9,0,1,2,9,1,0,0,0,0,0,1,0,0,9,0,17,0,1,4,1,0,1,9,0,0,3,0,0,17,0,0,2,2,4,0,5,0,0,13,0,1,4,5,0,0,1,0,0,14,0,0,2,0,0,0,0,0,2,14,0,0,0,0,0,4,0,7,1,1,0,6,0,0,0,1,0,1,0,0,8,0,0,17,5,0,0,5,0,10,18,1,0,0,2,8,0,1,1,5,1,0,3,0,0,4,0,0,0,9,17,34,3,0,1,0,0,0,0,0,0,2,0,2,0,1,0,0,0,0,0,1,0,0,0,0,0,2,0,0,6,1,0,0,0,1,0,0,9,0,0,0,1,22,18,2,0,0,0,0,0,4,0,0,2,0,0,0,10,5,8,0,3,0,0,0,0,0,1,0,5,0,0,0,6,0,0,0,0,1,0,0,4,1,2,2,0,0,5,6,0,2,6,0,1,1,3,0,0,0,0,0,0,2,0,0,0,0,1,19,0,0,0,0,0,7,0,0,0,26,0,0,0,0,0,0,0,1,0,0,0,1,0,23,0,1,1,8,0,0,0,0,9,4,0,6,0,0,7,0,12,13,0,2,1,0,0,1,3,0,11,3,2,19,0,0,3,0,1,3,4,0,0,0,6,0,0,6,0,1,1,0,6,0,0,0,9,1,0,1,7,7,0,2,1,0,4,0,0,0,0,0,47,0,31,0,7,0,0,0,15,5,0,1,0,4,1,0,0,0,0,0,0,5,0,1,11,0,0,0,0,15,1,1,0,13,0,1,0,0,0,1,0,0,0,5,0,5,0,0,12,1,2,3,0,0,14,0,0,0,0,0,0,4,0,7,0,0,13,7,0,0,0,0,0,7,12,0,0,9,5,3,3,0,0,1,23,6,0,0,0,12,0,0,0,11,1,0,0,2,4,0,0,0,0,0,5,0,0,0,0,6,6,0,0,3,0,1,5,0,1,8,0,0,0,0,0,0,0,0,3,0,0,0,9,4,5,0,0,11,1,2,0,0,0,5,11,0,7,0,1,5,0,0,0,0,1,9,0,2,0,0,4,0,0,5,10,0,17,1,0,1,0,0,1,1,0,1,1,0,0,0,0,0,0,0,5,0,0,5,0,0,0,0,13,0,0,0,0,0,1,0,1,0,15,0,0,2,0,0,0,0,7,4,0,1,9,15,0,0,0,2,0,1,0,0,0,1,1,3,7,0,0,0,0,1,0,1,16,1,0,0,0,0,0,1,0,0,1,0,1,2,1,1,0,0,0,2,2,0,4,0,0,0,7,0,11,0,0,0,6,6,0,0,0,2,0,3,0,0,1,0,0,6,0,1,0,6,8,0,0,0,5,0,0,6,0,1,0,6,0,0,0,0,0,0,1,0,0,0,4,0,0,1,3,0,18,1,2,0,5,1,0,1,0,2,4,1,0,0,0,0,0,0,1,0,0,1,0,0,0,0,0,0,2,0,0,2,0,0,0,0,0,0,5,1,1,0,0,0,0,0,0,0,2,0,1,0,0,0,0,0,1,1,1,5,0,1,0,0,0,0,1,1,0,9,6,8,4,7,0,2,0,2,0,6,24,0,1,0,0,0,0,1,2,6,0,0,0,7,1,2,0,0,0,1,1,0,0,0,0,0,6,0,9,0,0,13,0,0,0,0,0,4,0,0,0,1,0,0,4,2,0,1,15,0,1,0,0,1,0,8,8,0,0,0,0,0,0,0,1,0,1,2,2,0,0,17,7,1,0,0,2,0,0,1,0,0,8,0,0,0,8,15,0,1,0,0,0,0,11,0,0,4,6,7,1,0,0,0,0,0,1,0,7,1,5,1,0,6,0,0,0,2,1,0,0,0,1,3,15,2,0,0,0,11,0,0,3,1,0,0,3,5,0,1,6,0,0,5,7,1,0,0,0,0,0,1,32,0,0,0,0,0,0,0,1,1,5,1,0,5,0,4,0,1,0,0,0,0,8,0,0,0,0,5,9,0,0,0,10,1,15,3,0,1,0,0,0,3,0,0,0,0,15,1,0,0,0,0,0,0,0,1,0,0,0,1,0,0,0,0,5,0,0,0,1,0,0,3,0,0,1,5,0,0,0,0,0,8,0,0,0,0,0,0,0,0,8,0,0,1,7,1,0,0,5,1,8,8,0,0,0,1,1,1,0,2,0,1,1,1,3,0,1,2,1,1,0,0,0,2,0,20,31,9,1,3,4,0,9,12,1,0,16,0,1,1,2,5,11,1,3,0,1,1,1,8,0,0,0,5,0,0,19,1,2,0,0,5,0,0,1,34,8,14,0,1,0,0,0,1,0,0,0,0,0,5,0,0,0,0,1,11,0,0,0,0,0,1,0,1,1,0,1,0,0,0,0,0,0,0,2,10,0,1,0,0,0,0,0,5,0,0,15,0,0,0,0,1,0,1,0,0,0,2,0,0,1,0,0,0,0,0,0,0,0,5,0,0,14,2,0,11,0,1,3,0,0,2,5,0,0,0,0,0,0,2,0,0,0,1,0,0,0,0,0,0,11,0,8,0,0,1,33,0,2,26,0,0,0,0,4,1,0,0,0,9,6,0,0,14,10,1,0,0,1,4,0,0,0,0,0,1,0,2,0,0,5,1,1,17,0,5,1,0,1,14,0,0,0,1,0,3,13,0,0,0,0,0,0,0,9,1,0,3,0,4,0,8,6,10,0,1,1,0,5,0,0,0,9,0,0,0,0,8,0,1,1,5,1,15,0,0,5,0,0,2,0,0,0,0,0,0,0,0,0,0,0,0,0,2,7,3,6,0,0,0,2,2,5,0,0,0,0,0,1,0,0,3,0,23,0,0,0,0,1,0,0,4,0,0,1,0,0,11,0,0,0,1,0,0,36,0,7,7,12,0,0,0,0,6,1,0,4,15,0,7,0,0,10,0,0,0,0,0,0,0,0,0,1,47,0,0,0,1,5,1,5,0,4,1,3,1,2,0,5,0,1,0,0,0,0,3,1,6,0,1,20,0,0,3,0,18,9,0,0,3,2,0,1,0,1,0,0,1,0,0,0,0,8,0,0,0,0,4,1,1,0,0,7,3,0,2,0,0,8,0,0,0,0,0,0,9,0,0,0,10,5,1,1,6,0,0,11,23,0,0,0,0,8,2,0,0,1,0,4,2,2,10,0,0,0,1,3,0,0,0,1,4,2,0,15,0,0,1,0,2,0,1,5,0,2,0,2,0,0,1,0,0,0,0,3,5,0,7,0,2,4,0,0,1,0,0,0,0,0
JUNB,18,0,2,1,15,5,7,24,5,0,5,17,8,11,4,19,3,6,6,15,14,22,9,1,3,7,1,7,15,8,26,12,8,1,1,2,17,10,13,4,23,2,10,29,17,2,6,3,2,18,6,10,6,3,41,7,7,8,2,11,6,3,18,1,2,25,27,0,5,23,0,9,1,4,3,1,7,2,1,6,6,11,1,4,3,27,31,2,6,10,5,0,6,6,1,8,0,0,6,7,16,20,4,19,3,1,6,12,11,10,11,17,1,11,1,20,21,21,6,2,13,1,5,1,7,25,1,2,4,7,3,14,18,9,17,14,4,13,5,5,9,1,14,8,17,3,14,2,31,5,6,3,23,23,4,37,5,17,2,3,8,18,7,1,2,7,6,43,8,10,19,6,4,18,2,1,1,7,11,16,11,22,4,18,4,7,12,2,14,17,11,12,10,10,15,14,3,7,0,8,3,6,12,9,24,0,1,13,7,2,9,3,15,15,0,5,19,27,5,8,13,6,1,0,31,5,4,4,15,23,2,25,27,16,3,0,4,1,11,2,4,3,6,1,11,1,2,8,4,3,0,4,13,17,3,27,5,21,15,4,3,2,9,10,16,7,28,11,32,6,12,24,5,8,3,25,4,13,6,14,4,2,32,2,19,10,2,0,22,5,13,1,1,11,1,9,8,15,8,1,23,10,1,4,5,10,21,2,19,23,12,4,16,14,0,4,17,10,4,6,5,5,5,7,0,8,5,29,5,19,19,6,18,7,5,2,31,3,17,5,12,7,3,15,2,26,8,7,4,11,9,6,39,19,1,3,4,19,9,4,6,9,10,5,1,27,20,15,20,12,9,4,5,0,14,13,10,3,3,4,2,1,23,18,7,3,27,17,3,1,18,73,26,54,1,4,2,21,1,22,7,8,10,23,3,13,11,3,12,43,38,9,6,8,10,13,5,3,21,3,6,13,4,2,5,1,2,10,2,3,8,17,6,9,2,4,3,4,16,9,3,24,18,7,16,9,5,2,1,0,19,11,6,1,4,17,1,19,3,1,5,11,11,9,13,15,12,22,6,3,4,6,2,17,8,18,4,21,4,7,6,20,3,12,8,24,1,24,3,4,3,2,10,6,10,9,22,12,5,1,5,12,5,0,13,4,6,27,5,5,2,1,2,1,0,15,1,4,2,2,0,23,21,7,6,4,3,0,11,5,3,5,1,13,11,11,0,1,19,2,9,11,13,6,2,22,6,0,47,13,4,12,2,3,2,16,1,23,8,1,7,14,6,10,18,23,24,19,42,9,24,5,4,20,6,6,2,14,3,4,12,0,19,8,20,0,2,1,5,0,8,5,3,6,8,2,21,13,4,2,16,7,5,7,11,34,3,1,9,28,3,6,4,18,49,13,8,4,4,7,4,25,7,4,5,2,26,3,30,13,9,14,10,9,2,16,14,10,3,10,11,1,11,3,4,4,1,0,16,2,1,7,1,4,1,4,1,1,3,14,3,25,7,13,29,4,1,3,9,4,11,7,4,10,29,47,1,9,15,3,2,27,18,13,2,15,4,0,5,11,24,6,26,4,18,11,3,19,3,4,0,6,2,7,6,4,29,11,1,43,12,15,7,9,5,27,2,22,7,1,2,8,6,7,4,26,0,1,0,11,11,3,6,10,3,8,7,3,9,18,5,26,8,1,20,10,2,31,10,3,21,23,1,16,3,4,14,8,1,18,8,5,0,20,5,0,0,2,10,18,7,13,11,0,4,0,2,32,8,17,4,9,10,1,7,16,9,2,33,14,2,18,3,2,22,5,1,15,4,10,14,4,3,2,3,8,23,5,1,20,18,3,10,1,14,7,13,0,4,3,1,2,18,9,4,39,11,3,21,5,3,16,4,6,37,8,8,20,5,2,3,7,6,0,1,5,3,19,4,23,0,2,3,22,2,13,3,6,27,4,16,19,13,2,5,1,19,7,2,7,20,5,11,5,0,0,5,14,1,4,4,1,14,7,5,21,11,3,6,7,0,8,9,6,1,2,13,31,13,12,2,27,18,2,6,3,1,3,18,9,4,0,25,16,4,17,12,5,10,9,5,18,2,3,2,5,9,5,7,14,2,8,6,8,12,3,21,32,17,1,8,16,2,3,1,19,6,2,17,6,1,18,14,2,1,15,20,14,15,2,35,12,7,3,4,6,7,4,7,4,14,15,3,14,17,4,16,17,7,23,5,9,4,8,9,15,15,2,16,15,8,25,1,7,0,11,6,1,2,3,11,7,20,6,26,3,6,25,1,23,17,2,7,14,21,21,4,18,8,33,18,2,8,28,15,4,29,2,31,14,13,21,7,1,5,10,28,8,4,10,14,4,6,5,12,10,5,9,1,4,25,4,13,10,13,1,6,16,0,1,3,16,33,18,4,12,7,7,3,10,2,11,5,4,24,0,10,3,7,14,5,3,7,17,1,8,3,3,4,1,5,19,10,8,17,2,3,5,3,13,46,2,35,2,5,27,4,32,0,15,3,3,1,22,7,18,3,3,5,15,1,4,3,0,7,23,1,13,5,9,6,1,16,12,1,9,1,3,9,7,3,14,6,1,8,7,1,7,2,4,7,0,2,40,5,0,8,4,8,9,11,11,27,0,13,1,0,18,18,8,3,1,37,3,6,1,6,1,1,32,19,24,6,11,14,7,9,5,2,4,11,36,2,14,22,26,3,7,6,27,8,20,1,10,18,6,1,14,0,4,1,0,1,14,4,12,8,2,22,4,5,9,15,0,2,3,4,7,7,23,5,16,1,13,2,9,8,1,22,24,23,31,15,7,14,13,8,1,25,0,23,10,3,2,2,22,12,19,13,15,19,11,14,7,7,5,1,9,2,17,1,3,2,10,10,11,8,6,4,4,16,25,8,11,9,6,13,18,6,6,4,14,22,4,2,5,3,18,4,23,15,15,7,3,4,1,0,18,9,22,2,17,29,6,39,17,4,26,7,2,12,4,3,7,6,4,15,12,14,14,3,17,15,1,7,13,30,5,8,3,6,5,2,5,20,6,25,5,1,13,11,31,5,4,4,17,1,1,2,20,15,8,3,8,9,6,1,17,3,16,2,0,10,27,27,0,6,11,20,9,0,26,4,22,12,1,6,0,14,5,73,11,14,14,43,1,4,5,13,17,26,4,1,18,8,4,3,23,0,2,10,4,13,6,3,16,1,46,6,21,3,0,20,14,14,2,21,19,18,25,1,5,0,0,13,13,17,18,28,3,1,0,0,12,1,2,15,8,9,9,13,30,25,1,27,5,18,7,8,2,3,0,12,3,12,7,9,2,22,9,1,9,0,8,35,11,3,8,26,4,12,3,1,5,22,4,17,3,5,14,0,40,24,5,4,4,0,17,5,13,10,15,7,23,1,11,3,2,7,3,3,11,26,12,18,29,26,6,15,1,11,0,5,9,4,15,1,26,16,26,8,34,22,0,20,9
SAT1,0,1,0,1,2,8,8,0,4,0,7,4,17,2,0,35,0,0,20,0,0,0,3,9,1,0,0,1,2,1,3,0,1,5,1,1,0,3,4,0,0,1,22,2,0,2,0,8,2,0,0,1,8,1,1,3,2,1,1,1,7,2,0,2,0,3,0,10,18,1,0,2,2,0,5,0,2,2,8,2,1,8,5,6,0,0,1,1,0,1,3,0,0,6,1,8,0,0,6,12,0,1,11,1,1,6,0,1,36,0,2,0,3,2,1,3,3,1,5,0,2,9,16,0,0,1,1,0,21,0,0,1,0,0,1,0,1,0,15,0,1,1,0,0,30,0,6,1,2,1,20,1,2,3,0,0,0,0,0,7,0,0,22,9,2,2,3,1,2,18,0,2,1,3,7,0,2,0,18,2,3,0,0,1,7,2,3,1,5,22,20,3,1,1,0,2,0,0,10,1,8,3,8,1,0,0,1,8,1,0,1,1,1,1,1,2,2,1,1,8,2,0,3,0,2,2,0,5,1,0,1,0,39,26,4,0,0,0,1,0,3,0,2,4,0,1,1,7,11,4,0,9,1,3,1,0,0,8,1,10,1,1,1,5,1,2,0,0,2,1,1,17,10,28,1,2,0,3,20,0,19,10,0,0,0,1,0,1,0,0,1,1,1,0,3,0,0,0,15,0,0,4,1,1,2,0,2,7,42,1,0,0,0,6,0,0,2,2,3,0,0,3,10,0,1,0,10,1,1,0,0,2,0,0,5,0,0,12,0,12,6,7,6,0,2,4,0,9,0,8,10,1,42,2,0,1,1,2,15,2,0,3,0,2,0,0,25,1,1,1,0,7,2,1,3,14,1,0,3,10,2,0,6,0,1,2,0,3,0,4,0,80,1,71,0,8,2,1,0,17,4,2,0,2,14,1,0,1,0,1,1,0,14,0,1,12,0,1,1,0,6,1,1,2,31,1,0,3,0,0,0,3,1,1,16,0,3,1,2,10,0,0,6,1,0,9,0,0,0,0,1,1,1,1,10,2,1,8,10,3,5,0,0,3,16,21,0,2,11,3,9,3,3,2,0,30,11,3,1,1,10,0,1,4,10,0,1,0,0,12,0,1,1,0,1,5,0,0,0,1,3,2,0,1,1,0,0,24,1,1,3,0,0,0,0,2,1,0,0,6,0,3,1,1,20,10,3,0,8,3,9,0,2,0,4,8,3,17,1,2,6,1,3,1,0,3,7,0,4,0,1,7,1,1,8,28,0,31,0,2,0,1,1,0,2,0,0,0,2,4,0,1,2,2,5,18,1,0,7,1,1,1,1,5,3,1,3,0,1,0,0,0,6,23,2,2,0,1,1,0,1,16,9,2,1,19,10,0,1,0,3,1,1,1,4,1,0,4,5,9,1,2,2,2,0,1,2,16,0,1,1,0,2,0,2,0,1,1,0,1,0,2,2,1,1,0,0,0,1,1,0,0,0,1,1,5,0,1,2,6,7,5,3,0,2,1,6,1,1,1,1,1,8,2,4,3,2,3,1,0,0,24,2,0,9,1,3,0,3,0,0,1,1,0,0,0,2,6,2,6,0,0,4,2,0,11,2,0,0,11,1,2,1,0,23,0,0,2,2,0,1,0,1,0,0,1,1,0,0,7,3,0,1,0,5,0,12,1,0,0,0,1,3,7,2,1,2,0,0,0,1,0,0,0,0,2,1,0,0,1,0,3,1,0,5,0,1,0,3,1,0,0,0,0,16,2,7,1,10,2,9,0,0,0,3,18,4,0,1,0,0,1,0,7,14,2,1,0,11,0,0,0,1,2,0,2,7,0,0,1,1,3,0,10,0,2,13,0,0,0,2,0,20,1,1,1,0,0,0,9,2,2,0,5,0,0,0,3,5,4,3,8,4,0,3,4,1,2,0,1,1,3,4,0,3,1,5,19,1,0,0,2,0,2,2,0,0,7,0,2,3,3,29,0,1,0,0,0,5,19,1,1,2,17,12,0,0,1,1,1,1,0,0,10,8,5,4,3,4,1,1,3,3,0,2,0,0,1,6,5,3,0,0,1,3,4,1,1,1,1,0,6,16,3,2,10,0,2,5,21,2,0,1,2,3,1,2,31,1,0,1,1,9,3,0,0,3,14,1,5,2,0,2,1,0,1,3,0,1,7,1,2,21,1,9,1,0,0,1,5,0,3,8,4,0,2,4,1,12,0,2,1,1,6,0,2,0,3,0,0,1,5,1,5,2,4,0,0,0,1,0,9,1,0,0,1,1,1,5,1,2,0,4,0,1,3,3,0,17,0,1,0,0,1,1,0,1,7,1,2,10,30,0,1,0,14,0,14,6,0,0,0,3,3,0,1,2,2,0,0,2,0,1,4,1,0,6,1,3,1,1,0,34,33,16,3,12,3,0,11,22,1,3,24,0,0,1,3,4,2,1,0,1,1,0,1,7,1,1,0,9,5,2,34,1,4,0,0,3,0,3,0,27,7,23,1,3,1,2,2,5,2,3,1,1,1,7,1,0,1,0,0,6,0,1,0,1,0,11,2,1,2,2,2,1,1,1,1,1,1,0,1,4,1,2,2,0,1,1,0,9,3,1,25,1,2,0,0,0,1,1,1,0,1,0,0,4,0,0,0,1,0,0,1,4,1,11,0,0,22,0,2,22,0,0,1,1,0,7,3,0,2,0,0,1,0,9,0,5,3,0,0,1,0,0,3,0,8,1,4,0,0,1,40,0,1,47,0,0,1,0,5,1,0,0,1,13,5,1,2,23,28,1,1,1,3,16,0,0,1,7,0,1,1,0,1,0,6,4,3,31,0,7,5,0,1,9,2,0,0,0,0,12,5,1,1,1,0,2,1,1,16,4,4,1,1,16,3,5,8,28,2,8,19,1,14,7,3,0,2,0,0,1,1,3,0,0,0,13,3,41,1,0,7,1,0,4,4,0,0,0,1,1,0,1,1,0,1,3,4,0,3,0,4,5,0,1,1,1,4,0,0,1,1,0,0,0,1,7,1,8,5,0,1,1,1,2,1,1,0,1,2,1,0,13,1,3,0,3,0,0,24,1,13,6,13,2,2,0,2,6,3,2,0,10,1,5,0,2,11,3,0,0,1,1,2,0,0,1,3,80,3,0,0,0,3,0,4,2,30,1,3,0,3,4,3,1,0,1,1,0,3,1,0,6,2,0,11,1,3,3,2,27,5,1,0,1,0,0,1,1,2,0,0,0,0,1,0,0,3,0,0,0,0,0,1,0,0,4,6,1,1,0,1,0,6,1,0,0,4,0,0,20,2,0,0,24,4,3,0,14,1,0,10,10,0,6,0,1,17,0,0,4,0,1,3,0,5,5,1,2,1,0,10,0,0,0,11,8,0,1,41,0,0,8,0,3,0,0,8,0,0,1,0,3,2,1,3,2,1,1,2,7,2,3,1,5,10,2,1,1,3,0,0,0,1
FTH1,6,2,6,5,6,27,39,19,9,2,23,11,50,3,9,87,3,3,23,6,0,6,75,21,3,6,5,3,2,11,11,4,11,36,5,4,8,7,35,7,8,15,59,11,7,7,3,91,10,9,2,4,30,6,10,23,2,9,6,6,41,16,7,13,6,9,5,20,38,9,4,23,12,16,51,5,6,45,13,38,2,8,29,45,4,10,8,7,8,8,46,13,11,25,8,37,1,7,33,21,5,13,43,7,4,9,4,1,70,4,10,10,30,43,6,16,4,11,33,4,4,21,51,1,18,5,10,3,46,8,2,9,5,11,11,8,12,9,41,5,12,8,7,13,77,4,36,14,13,5,167,3,11,18,5,5,4,5,5,34,8,9,96,19,4,9,18,15,40,49,11,2,13,7,15,3,12,2,53,6,3,8,7,5,25,11,8,11,34,75,143,31,8,15,4,13,9,3,20,11,15,4,107,7,14,10,9,10,14,11,5,6,8,4,7,6,7,5,37,78,4,10,34,10,13,2,8,38,8,8,6,2,114,110,27,2,5,6,9,6,37,4,7,21,5,9,3,72,53,38,5,53,4,7,5,6,4,13,9,28,5,7,5,39,8,5,6,6,14,8,1,52,16,36,5,4,8,51,167,7,39,42,14,4,9,11,3,9,8,7,5,2,15,7,3,3,4,8,66,2,3,2,5,7,16,6,14,45,85,9,9,4,5,10,8,5,4,10,4,11,4,5,55,2,5,3,54,13,5,11,4,38,15,2,55,3,12,31,8,47,65,15,58,11,6,9,6,21,8,56,42,10,96,8,0,8,5,6,26,16,7,8,9,26,5,7,119,9,13,17,7,37,4,3,1,78,3,11,8,34,19,1,28,4,3,31,6,17,12,5,4,183,9,94,7,26,18,14,3,84,28,5,4,10,75,19,5,11,20,14,14,8,68,3,4,54,8,5,3,8,47,19,16,4,59,6,5,5,4,8,6,8,2,7,41,7,33,4,10,38,4,5,67,3,14,67,5,6,3,4,10,8,30,5,34,13,10,64,37,3,32,6,4,13,38,27,8,5,36,18,53,23,3,9,6,124,28,8,6,7,49,4,2,17,52,10,7,19,7,34,7,3,2,9,11,18,11,8,4,4,17,35,6,4,7,7,13,67,9,0,30,0,9,2,2,17,5,2,3,26,11,9,11,26,39,28,8,0,56,11,33,7,6,10,26,56,6,48,5,7,40,14,10,2,4,7,16,4,63,7,13,62,2,5,31,47,10,101,6,4,6,13,7,4,5,7,9,3,22,7,10,5,7,7,12,42,3,7,24,5,11,1,5,42,9,6,5,1,5,14,3,8,3,64,5,6,7,7,5,2,9,29,59,5,12,76,39,3,4,6,12,7,3,7,23,8,6,11,15,51,8,10,5,6,12,4,3,95,6,16,7,10,10,10,18,8,6,4,0,7,6,7,9,7,5,5,42,4,8,22,4,5,4,21,3,43,1,5,6,17,27,4,7,5,8,4,20,6,6,9,1,4,31,10,11,15,7,75,7,5,5,67,13,7,39,9,9,4,17,7,5,3,8,1,6,9,4,5,7,31,3,11,40,7,9,114,7,6,8,102,5,2,3,5,33,9,5,12,2,3,6,4,2,15,5,8,8,0,4,5,9,3,7,3,33,7,42,8,4,8,7,4,5,21,8,1,8,12,9,5,10,3,7,6,9,1,9,7,3,13,11,13,8,14,29,4,17,4,7,9,4,16,4,7,31,19,15,10,24,13,19,3,3,5,34,77,9,5,11,7,6,7,5,21,70,8,3,4,43,5,4,1,8,3,11,1,9,3,9,8,7,23,2,25,8,8,53,3,13,4,4,2,56,6,8,15,4,7,2,59,18,6,3,24,6,6,3,5,20,16,11,61,18,4,8,8,3,8,10,2,4,13,11,2,11,4,34,38,11,14,13,7,5,8,8,3,7,31,6,5,9,23,83,4,6,8,6,6,10,20,1,2,54,35,33,10,13,3,5,14,2,6,10,42,13,36,15,10,35,3,2,11,7,8,8,1,9,5,67,27,19,2,4,8,21,11,9,8,3,12,1,67,55,7,34,38,3,8,39,66,22,13,5,2,9,3,10,132,6,1,13,3,23,8,9,11,9,69,7,9,15,6,54,4,7,2,9,4,6,26,8,1,2,3,15,26,8,8,16,43,10,79,45,3,6,14,12,6,29,7,3,6,7,62,5,14,7,5,4,4,3,7,3,8,4,4,2,6,3,2,4,24,10,4,5,5,5,10,12,7,13,4,28,6,3,4,10,8,50,11,5,11,8,5,7,7,10,15,6,5,82,105,6,7,3,59,7,32,37,9,3,5,9,7,7,2,7,5,6,3,18,16,16,18,9,7,21,6,7,8,7,5,123,180,31,5,29,29,8,40,62,12,5,81,5,24,4,12,28,57,40,19,8,14,5,5,34,7,6,6,14,8,6,67,14,28,2,6,18,3,12,2,102,15,58,2,4,8,3,8,9,5,6,22,6,9,26,3,6,5,3,5,26,1,9,10,4,7,35,12,0,12,17,7,3,7,6,22,9,10,8,9,61,8,11,5,2,3,32,5,24,5,12,81,5,4,8,9,6,4,12,7,4,0,5,4,8,9,6,7,5,4,6,22,38,8,30,4,9,61,5,8,42,4,0,10,10,6,21,42,7,11,4,6,4,10,33,3,12,11,3,5,2,12,6,12,5,124,6,13,9,6,10,122,9,8,178,5,6,5,2,40,8,6,4,5,30,27,11,7,58,47,3,4,3,42,68,1,5,9,9,7,7,6,4,4,6,16,8,8,101,15,26,24,4,11,115,12,4,5,9,6,31,88,2,5,6,10,8,3,0,24,6,2,4,3,68,4,37,31,47,9,54,11,10,68,16,6,8,38,6,6,11,3,30,10,2,9,15,3,90,9,8,13,12,4,19,7,7,8,9,4,13,4,15,6,18,1,5,8,5,20,19,26,7,2,7,7,9,31,4,13,6,9,2,3,7,7,34,8,32,11,10,5,5,13,4,6,28,4,4,13,3,0,42,6,11,5,16,8,2,110,5,91,26,53,3,11,1,12,26,30,8,9,52,2,30,5,13,62,5,8,4,2,9,12,3,3,10,46,183,4,4,9,8,44,3,41,12,77,10,28,5,7,5,21,3,3,0,12,5,5,7,2,17,12,1,69,8,4,14,6,57,34,0,6,12,5,5,5,7,4,4,6,3,4,4,11,14,16,5,6,3,7,28,9,6,8,9,26,7,6,14,6,5,44,9,12,2,26,7,5,73,5,7,5,106,22,7,5,54,4,9,52,65,5,9,9,8,73,7,4,5,4,9,37,3,21,47,7,2,18,13,44,5,1,4,14,42,9,4,90,2,10,13,6,11,2,5,43,8,6,8,5,6,12,9,6,8,6,9,12,19,4,20,6,18,72,7,8,6,25,12,4,5,7
KLRB1,0,7,13,5,0,0,0,2,0,0,0,4,0,0,4,26,16,0,0,0,1,0,1,0,0,0,0,0,11,0,0,0,0,0,5,0,0,0,0,0,0,2,0,0,0,0,0,0,0,0,0,0,0,5,0,0,4,0,0,3,0,0,0,0,1,4,0,0,0,0,0,0,0,0,0,2,6,0,0,0,0,0,0,0,10,0,0,1,1,0,0,0,0,1,11,0,0,0,0,0,0,0,0,0,14,0,5,1,0,0,6,0,0,0,0,1,1,0,0,0,1,0,0,0,14,0,0,0,0,0,8,0,0,1,0,0,1,0,0,0,8,34,0,0,0,8,0,0,0,4,0,5,7,0,3,0,6,2,0,0,0,0,1,0,7,1,0,0,0,0,0,8,1,0,0,0,0,0,0,1,0,0,0,0,0,0,0,0,1,0,0,0,8,0,0,0,0,7,0,0,0,3,0,0,0,1,0,0,0,0,0,11,3,4,7,0,0,26,1,0,1,0,0,0,0,7,0,0,0,0,0,0,0,0,0,1,0,0,4,0,0,0,0,0,10,0,8,0,0,0,0,0,0,0,0,9,0,6,0,0,0,0,0,0,0,5,0,1,0,18,1,1,0,0,0,1,0,1,0,0,0,0,0,7,0,0,0,0,0,0,0,15,0,3,0,0,0,0,0,0,0,0,0,0,0,0,0,0,0,0,0,5,0,0,11,0,0,11,0,0,6,5,0,0,0,1,0,1,0,1,0,0,0,0,0,0,0,2,0,0,0,0,0,0,0,10,1,0,2,1,0,0,0,0,0,0,0,1,0,0,14,0,1,0,0,1,0,0,0,0,1,0,7,0,1,0,0,3,0,0,0,0,0,0,0,0,9,1,0,6,0,0,0,1,0,0,0,0,2,0,0,0,5,0,0,8,9,0,0,0,0,12,1,0,0,0,0,0,1,0,0,8,0,7,0,0,13,12,0,0,0,0,18,0,6,0,0,5,0,0,10,1,0,0,0,0,6,1,0,0,0,0,0,12,0,4,0,3,0,0,0,0,1,0,14,0,0,0,0,0,0,1,0,1,0,0,0,1,0,3,0,0,5,2,0,0,0,2,0,0,0,0,0,0,0,0,0,0,1,14,0,0,0,0,0,3,0,0,0,0,0,0,0,0,0,5,1,0,0,0,0,0,0,0,0,0,28,0,1,2,0,0,0,0,0,1,0,1,0,10,0,23,0,10,0,0,0,4,0,0,1,0,0,0,0,0,0,0,1,0,0,5,0,5,1,0,6,0,8,0,0,2,0,0,0,1,8,0,0,3,0,4,0,0,0,0,0,0,0,0,5,0,5,0,0,0,1,0,0,0,12,1,0,0,13,0,0,2,0,0,0,0,13,0,6,0,1,0,0,0,0,0,5,0,2,0,0,0,0,0,0,3,0,9,0,0,0,0,2,0,0,0,5,0,0,0,1,0,0,0,5,1,0,0,0,0,0,0,0,0,1,0,0,5,1,5,0,7,0,0,0,0,0,0,2,21,0,1,2,0,1,0,8,0,0,0,6,1,0,0,0,0,14,11,0,0,6,0,0,0,0,0,0,0,0,0,0,0,0,0,0,11,0,0,0,0,13,0,0,0,0,0,0,12,0,14,0,0,0,6,0,16,0,0,1,0,0,0,0,0,0,0,8,0,0,3,0,0,0,0,0,0,20,0,0,9,0,0,2,0,1,0,0,0,0,0,31,3,0,0,0,1,0,0,0,0,0,0,0,4,0,0,0,1,0,0,0,0,0,0,13,0,0,0,0,0,4,0,0,0,0,11,0,1,22,0,4,0,0,1,0,0,0,0,0,0,0,3,9,8,7,0,0,0,0,2,0,0,0,0,2,0,0,0,0,1,5,1,0,0,0,0,0,13,5,0,6,11,2,0,0,0,0,0,13,0,0,0,0,0,0,0,0,0,0,0,0,0,2,0,0,0,0,1,0,6,12,1,0,0,1,0,0,0,0,1,0,0,0,0,0,1,9,1,0,3,1,0,0,0,0,0,0,0,0,0,0,0,0,0,0,0,0,0,0,4,0,0,0,0,0,0,0,0,0,0,0,0,0,3,0,0,0,0,0,6,0,0,1,0,1,0,6,28,0,0,19,0,0,11,0,0,0,0,21,0,0,0,0,0,1,0,0,8,0,0,0,0,0,0,0,0,0,0,0,0,0,0,0,0,0,0,0,0,24,7,0,0,4,0,0,0,0,0,7,0,0,3,0,0,0,0,18,5,0,3,0,0,0,0,4,0,0,0,1,0,0,0,0,0,0,0,0,2,0,0,0,0,0,0,0,0,0,0,0,0,0,12,0,0,0,1,19,18,0,0,0,0,0,8,2,0,0,1,0,0,0,0,0,11,0,0,1,0,0,0,0,0,0,0,0,13,5,0,0,0,0,0,0,0,1,0,0,1,1,9,0,1,0,0,0,0,18,0,1,0,0,13,0,1,0,9,0,0,0,0,21,0,0,0,5,0,0,4,0,0,0,0,8,3,0,3,0,0,0,0,14,0,0,0,0,0,0,6,0,0,0,0,0,0,20,0,0,5,0,0,0,0,0,0,0,0,1,0,0,7,1,0,11,0,13,10,0,0,0,0,0,0,0,2,0,0,0,0,0,5,0,0,0,0,0,0,0,1,1,0,0,0,0,0,0,3,0,0,0,0,0,12,0,0,1,1,15,0,0,20,0,0,0,1,0,0,15,0,4,0,0,3,0,0,0,0,0,0,0,0,0,0,0,0,0,0,0,0,8,0,0,2,0,0,4,0,0,0,0,0,0,0,0,2,0,0,0,1,0,0,0,0,0,0,0,0,0,0,4,0,2,9,0,0,1,0,0,0,0,0,0,3,0,0,0,0,0,0,0,1,0,0,0,0,0,0,4,0,0,0,6,0,0,0,1,0,0,0,1,24,0,0,0,0,0,1,8,0,2,0,0,0,2,0,0,0,0,0,0,0,0,0,0,0,0,0,0,0,0,0,0,1,6,0,0,0,5,1,0,0,1,0,0,0,0,0,14,0,0,0,0,0,0,1,0,0,0,0,1,0,1,5,0,5,0,0,0,0,0,0,0,1,1,0,4,1,5,0,0,0,0,0,0,0,0,22,0,0,0,0,8,0,0,0,12,0,1,0,8,0,5,0,0,1,1,0,0,0,0,7,0,0,0,1,0,3,0,1,0,3,0,0,0,0,0,0,0,0,0,0,1,5,0,0,1,5,3,0,0,0,0,0,0,1,0,0,3,0,0,1,0,0,0,8,0,1,0,0,0,0,0,0,0,24,0,0,0,0,0,1,0,2,14,0,0,0,0,6,0,0,0,0,0,0,0,12,0,0,0,3,4,1,0,0,0,1,0,0,0,0,0,0,0,0,0,0,1,0,0,2,0,0,0,0,4,0,0,0,0,0,0,0,2,14,0,0,0,0,1,3
NA..2,2,2,3,0,5,0,0,11,1,2,0,6,0,7,4,6,5,7,0,4,2,6,0,0,2,8,7,2,4,0,2,0,0,0,0,2,5,28,1,0,11,7,0,6,3,0,0,2,5,6,1,3,0,0,17,0,0,2,3,2,0,1,5,0,1,8,4,0,0,2,1,0,2,0,0,0,0,0,0,0,2,3,0,0,0,5,1,0,8,2,0,4,1,0,6,0,5,0,1,0,3,4,0,2,7,0,1,0,0,10,0,2,0,1,4,11,11,5,0,0,1,0,2,0,7,8,4,1,0,3,3,3,2,0,7,7,0,1,0,2,9,3,3,0,1,0,0,1,9,0,0,0,1,5,3,4,0,4,0,0,5,6,0,0,0,18,2,9,0,0,7,0,6,4,0,0,2,4,0,3,1,0,0,0,0,0,4,7,1,0,0,0,10,5,3,0,6,0,0,0,0,2,0,1,8,3,0,2,0,1,0,2,0,0,0,5,4,12,1,0,1,0,0,0,9,0,0,0,2,2,1,3,1,5,0,3,1,0,2,0,0,1,0,0,2,0,2,1,0,0,5,0,1,2,0,4,2,12,0,0,3,2,14,0,7,1,11,7,5,3,0,1,0,0,3,6,0,1,0,3,0,0,1,12,9,3,3,0,4,1,14,5,0,6,4,5,5,1,0,4,5,5,4,3,0,9,6,0,0,2,7,2,12,4,4,0,3,14,0,1,0,0,0,0,10,3,0,8,1,1,4,0,1,0,0,4,3,0,2,0,0,3,1,8,0,17,4,1,13,0,2,8,2,3,3,0,0,13,0,0,5,0,0,0,0,7,0,12,4,2,0,0,0,5,2,1,3,7,3,0,1,1,5,13,2,0,4,9,12,0,8,0,6,0,2,0,1,6,0,0,0,5,8,2,1,11,2,0,2,0,7,9,0,3,3,1,1,0,3,4,0,11,12,0,1,4,0,3,0,3,0,2,8,8,1,0,1,6,4,1,0,7,1,2,4,0,0,1,0,1,4,3,1,7,0,4,4,1,1,0,0,6,3,0,1,0,3,1,0,0,0,0,0,3,5,0,0,6,0,2,0,5,1,14,0,5,1,11,8,0,3,5,6,1,1,0,4,7,1,2,0,0,1,3,5,5,0,0,2,4,0,3,1,4,2,7,3,8,3,0,12,2,5,0,1,0,2,0,0,3,0,2,2,4,3,0,10,1,8,7,1,5,2,0,3,5,0,0,0,1,6,2,4,1,0,0,0,0,4,4,0,7,0,8,2,4,6,5,9,0,8,0,8,7,8,1,2,3,1,2,0,0,8,0,2,3,0,2,0,0,5,0,0,0,5,0,5,1,0,0,4,0,0,3,5,0,0,1,0,11,0,0,0,1,13,6,4,7,0,0,7,3,1,1,1,2,5,0,9,11,1,5,5,1,1,0,5,3,3,3,4,0,3,4,1,0,1,7,7,0,0,4,0,0,0,0,0,2,0,0,0,1,0,0,3,6,1,1,3,0,2,2,1,5,0,2,0,0,4,0,0,0,1,6,0,4,4,5,0,3,3,2,4,2,1,1,2,8,0,0,5,1,1,6,0,0,4,4,2,2,24,4,0,2,0,8,0,8,1,1,3,1,4,4,0,4,0,3,0,0,2,5,0,2,1,2,0,0,7,0,1,5,3,0,20,0,0,3,6,3,5,5,6,6,0,3,2,0,1,4,0,0,0,2,0,0,8,0,28,2,1,9,4,3,0,0,0,8,1,4,0,5,2,7,0,0,3,1,6,3,3,1,3,0,0,5,1,3,0,0,3,2,0,5,6,3,3,0,0,9,1,1,3,0,7,8,0,3,15,0,0,0,1,0,0,4,4,0,4,0,3,6,0,0,10,4,5,4,0,1,0,1,7,3,10,0,1,4,0,3,4,0,0,4,4,3,0,0,6,0,1,4,6,3,0,2,5,0,2,1,0,0,0,2,0,2,0,1,0,1,7,0,1,0,0,5,1,9,1,0,3,8,1,1,0,1,0,1,1,1,0,4,4,3,0,6,0,0,1,0,0,0,4,2,0,6,0,5,3,0,3,1,1,6,1,2,5,3,0,7,0,0,7,0,0,1,1,0,4,4,0,5,10,2,0,7,0,0,3,0,0,1,1,5,6,4,0,6,3,0,5,2,2,0,0,0,3,3,0,0,5,0,0,4,6,0,3,0,0,4,5,7,5,0,8,12,2,2,3,4,0,3,0,11,1,0,2,7,0,7,6,0,10,1,5,1,7,9,0,4,4,0,0,3,3,8,0,0,0,6,0,1,5,4,6,2,10,0,3,3,0,1,0,2,1,0,3,0,0,6,4,0,0,0,3,6,3,7,4,4,4,0,11,7,1,0,0,1,1,6,2,3,0,2,0,1,0,0,0,0,0,5,0,0,3,0,3,0,0,0,0,0,3,8,1,0,0,8,0,0,1,3,4,0,8,0,1,4,0,1,5,8,0,0,0,3,3,3,1,0,1,3,0,4,0,5,0,2,1,3,1,3,0,5,0,3,2,6,0,0,3,0,19,1,8,8,0,1,1,13,3,3,0,1,6,0,2,1,1,1,0,0,0,0,1,1,9,0,2,2,5,3,6,1,4,5,0,6,4,0,0,0,10,1,0,1,0,3,0,0,4,4,0,3,2,7,17,1,0,0,6,4,0,2,10,4,0,1,0,4,3,5,5,4,4,5,0,0,3,0,0,4,0,0,4,1,0,6,1,1,2,0,2,10,0,0,0,1,3,9,0,0,0,3,2,0,0,3,1,4,3,7,5,1,3,1,0,1,0,0,0,2,0,0,0,9,0,6,7,4,9,4,1,0,0,0,1,1,3,3,3,0,6,5,3,1,0,2,0,1,0,11,0,9,3,0,22,7,1,0,0,5,3,0,0,1,0,6,0,1,0,0,8,0,0,4,0,7,5,4,1,1,7,0,4,0,0,3,0,0,4,0,0,0,1,3,6,1,3,0,4,3,5,0,0,1,0,3,23,0,0,1,3,2,8,0,6,14,0,2,1,9,1,6,0,4,0,0,0,0,3,0,3,0,0,0,8,7,6,10,0,0,0,8,0,3,0,2,2,0,0,2,2,3,0,0,0,3,5,0,0,1,6,2,13,0,4,1,0,1,9,1,1,4,2,0,0,1,1,0,3,7,5,2,0,2,3,0,6,11,0,0,0,1,3,4,2,4,2,8,2,12,0,4,1,4,1,2,5,0,7,9,3,6,0,6,4,3,3,0,5,1,17,3,1,0,2,1,2,16,6,2,1,3,6,14,1,0,5,8,0,2,0,0,0,2,6,6,4,0,3,4,2,0,3,0,10,0,0,5,2,9,3,0,6,0,0,1,0,1,0,0,0,3,0,6,0,0,2,0,1,4,7,4,7,5,9,9,0,4,2,0,0,2,0,5,1,1,6,4,6,6,6,0,5,3
JUN,19,3,1,5,8,5,3,20,18,0,4,8,5,0,6,3,2,1,9,8,7,3,6,3,1,11,1,2,7,0,11,4,0,7,5,0,3,4,6,1,5,0,6,18,2,0,0,4,1,6,1,1,2,0,9,0,4,6,0,5,5,3,9,1,1,16,8,0,1,18,0,14,1,8,1,2,5,3,1,8,0,4,3,3,7,15,8,0,9,10,2,0,4,2,2,9,0,0,1,12,8,0,0,2,1,1,8,9,1,6,4,5,0,4,0,5,4,6,2,2,6,0,8,0,3,9,0,3,0,1,0,6,4,8,3,0,5,3,1,0,15,1,19,5,8,6,2,1,16,0,2,7,6,6,2,7,1,15,8,2,3,6,0,5,21,7,1,6,8,1,15,1,20,4,2,1,1,3,2,10,6,2,10,5,1,0,11,0,2,4,5,2,6,6,13,3,0,4,0,0,4,20,8,0,9,0,0,3,3,5,4,0,10,4,2,1,7,19,6,1,6,7,0,7,16,2,4,1,14,4,1,5,6,6,12,1,3,0,4,3,6,2,4,1,11,8,2,4,8,5,0,0,7,6,11,14,4,16,11,1,4,4,6,3,6,8,2,2,4,1,9,8,1,1,2,1,4,3,2,19,0,0,9,1,1,1,0,7,5,1,4,0,0,1,0,2,0,4,10,0,5,5,8,12,1,0,2,0,9,18,3,3,8,2,1,5,2,20,3,4,1,1,4,1,2,3,1,13,3,7,5,8,8,0,4,0,16,4,8,0,3,2,6,7,0,4,1,3,5,14,0,8,16,4,1,5,7,10,6,1,2,3,4,3,0,12,16,5,0,15,5,5,7,2,7,1,1,0,3,2,2,0,6,3,2,0,14,4,5,3,8,12,9,18,0,3,8,4,0,11,3,8,8,3,3,2,5,3,13,16,20,17,3,3,1,7,0,11,6,0,6,2,1,21,6,0,0,4,0,0,2,11,1,11,1,12,0,0,5,4,7,5,17,2,4,5,6,1,0,0,7,2,1,0,2,8,0,22,1,9,7,3,0,9,23,5,5,6,0,1,0,3,1,3,5,0,2,7,3,12,3,9,6,4,0,4,0,20,0,7,0,1,2,3,4,1,10,8,3,2,4,2,0,1,2,0,4,9,3,1,1,1,6,0,0,15,1,0,4,3,0,1,6,3,5,1,0,1,14,5,6,2,2,3,4,14,7,10,8,2,30,25,1,2,1,7,1,1,3,10,20,3,2,3,2,5,3,6,5,2,5,10,6,8,5,4,25,3,14,2,11,1,5,7,1,6,2,19,5,1,7,1,8,0,9,0,6,0,2,1,3,2,1,0,8,1,8,7,7,1,11,5,4,3,6,7,1,0,4,2,0,6,5,2,14,10,5,3,3,2,0,9,8,6,12,0,12,0,3,10,0,8,11,9,2,8,5,5,1,4,3,1,12,0,1,5,1,0,6,3,0,15,1,5,0,5,1,0,6,7,0,9,1,13,21,0,0,1,4,0,4,4,2,11,12,20,1,6,6,2,3,9,6,2,4,4,9,0,4,5,5,1,9,0,8,10,1,12,0,0,0,4,4,2,1,1,4,3,0,19,15,7,3,0,4,14,0,11,5,0,1,0,0,7,3,9,2,0,2,10,14,2,7,0,8,7,4,2,5,5,14,3,24,1,4,3,0,16,17,1,11,5,0,5,1,1,9,5,0,11,5,3,2,5,0,1,2,0,4,0,2,6,8,0,6,1,2,12,2,8,0,2,0,0,2,1,6,2,7,19,1,2,1,0,6,3,0,13,3,6,9,0,1,0,18,1,9,1,13,5,2,2,4,1,0,2,1,3,1,6,3,3,16,2,1,8,8,22,3,4,0,4,2,0,13,5,3,17,3,7,5,0,7,2,0,1,2,15,5,6,2,1,0,8,9,1,1,2,9,1,4,7,14,1,2,2,4,2,0,1,6,6,2,3,0,0,1,16,3,2,0,1,4,4,2,12,2,0,8,3,1,7,9,2,1,1,4,2,6,2,9,5,4,0,1,1,1,11,17,0,8,2,4,9,0,8,9,1,1,12,1,17,5,2,0,6,2,2,0,1,1,5,2,2,1,2,2,2,6,2,3,11,1,0,3,15,13,0,4,13,0,8,4,0,0,4,6,16,6,0,11,7,3,8,5,1,1,2,4,4,5,14,0,10,7,4,8,15,4,4,0,3,2,3,2,7,1,6,1,5,1,7,1,17,0,9,4,0,1,3,9,10,8,8,2,0,2,3,1,8,8,1,3,13,6,0,1,5,5,2,5,4,3,6,1,0,15,4,3,11,6,6,6,1,3,5,8,9,2,17,3,2,13,10,3,2,2,12,0,0,8,8,10,19,6,1,4,8,1,2,1,12,13,3,6,4,4,2,0,3,0,6,1,6,5,2,5,0,3,0,17,5,2,5,2,3,2,1,2,2,0,13,12,13,5,0,2,0,1,0,28,0,1,4,6,5,10,13,0,1,1,11,2,12,12,9,3,2,13,15,0,2,2,0,6,8,2,2,1,9,3,0,9,20,0,11,3,5,3,3,1,6,1,1,11,1,1,2,1,3,10,1,19,14,3,0,10,3,1,15,6,1,24,0,12,0,0,14,1,5,0,0,13,5,19,1,1,0,13,5,1,15,2,0,7,1,1,0,0,4,7,3,0,0,3,17,6,3,13,5,3,13,0,1,1,6,0,8,0,6,5,3,5,0,6,5,2,1,11,1,0,5,12,0,3,0,1,1,7,9,6,5,1,1,2,0,5,1,8,7,9,17,21,3,9,7,2,19,14,1,6,4,3,5,2,7,10,3,9,6,1,8,11,2,6,2,1,9,1,4,0,1,1,5,5,4,5,20,0,2,5,4,2,1,0,3,6,10,0,8,10,5,25,0,1,0,5,14,6,6,9,11,4,1,5,0,1,4,18,5,6,5,13,4,8,15,4,12,3,0,6,1,5,2,15,2,1,7,6,11,4,14,5,0,1,2,10,8,14,3,0,6,2,8,7,2,1,0,0,4,11,16,4,4,2,4,3,0,0,6,0,2,0,5,4,5,0,17,1,9,0,1,4,14,16,1,1,1,18,2,3,16,3,1,9,2,0,0,8,2,12,0,16,2,9,1,0,3,15,8,14,0,2,4,7,4,7,8,0,19,6,6,2,4,0,9,0,18,11,4,1,6,16,2,3,7,2,1,4,9,1,5,1,3,2,11,5,3,15,4,0,0,3,6,2,0,8,7,6,4,2,12,27,0,16,0,0,8,10,2,3,2,9,11,6,1,0,1,7,2,3,4,19,0,8,1,9,4,9,3,2,4,9,1,6,6,5,2,3,14,2,9,3,7,1,2,1,16,0,3,7,9,1,6,1,3,0,3,11,1,6,3,6,6,10,1,14,5,1,0,4,3,3,5,1,5,3,10,21,9,5,15,10,2,13,2
S100A12,0,0,0,0,0,0,8,1,0,0,6,0,1,0,0,0,0,0,3,0,0,0,10,5,0,0,0,0,0,0,0,0,0,0,0,0,0,0,0,0,0,0,17,0,0,0,0,6,0,0,0,0,2,0,0,15,0,0,0,0,4,0,0,2,0,0,0,0,5,0,0,2,1,10,1,0,1,26,5,0,0,0,4,0,0,0,0,1,0,0,1,1,0,13,0,10,0,0,17,0,0,0,4,0,0,8,1,0,1,0,0,0,6,3,0,0,0,0,1,0,0,1,14,0,0,1,0,0,17,0,0,0,0,0,0,0,1,0,0,0,0,0,0,0,1,0,10,3,0,0,9,0,0,0,0,0,0,0,0,13,0,0,4,6,0,0,15,0,0,1,0,0,0,0,19,0,1,0,4,0,0,0,0,0,2,0,1,1,4,1,0,0,1,0,0,0,0,0,0,0,9,0,6,1,0,0,0,0,0,0,0,0,0,0,0,0,1,0,0,1,0,0,0,0,0,0,0,4,1,0,0,0,0,0,12,0,0,0,0,0,2,0,0,0,0,0,1,4,14,8,0,16,0,1,0,0,0,0,0,1,0,0,0,31,0,0,0,0,0,0,0,4,5,0,0,0,0,5,9,0,8,6,0,0,0,0,0,0,0,0,0,1,8,0,0,0,0,0,3,0,0,0,0,0,13,0,0,1,0,0,0,0,1,0,0,0,0,0,0,0,0,0,0,0,0,0,4,0,0,0,0,0,0,0,5,0,0,5,0,3,1,0,3,0,0,0,0,6,0,8,3,0,0,0,0,8,0,1,2,3,0,0,0,9,0,0,1,0,0,0,0,3,0,0,0,1,1,0,0,18,6,0,8,0,0,2,0,0,0,0,0,2,0,0,0,7,0,0,0,0,14,0,0,0,14,0,0,0,0,0,0,0,6,0,0,3,0,0,0,0,1,0,0,0,1,0,0,0,0,1,0,0,1,0,10,0,2,0,0,1,0,0,0,0,0,3,0,0,0,0,0,0,5,0,18,0,0,2,29,0,0,0,0,0,2,0,0,0,6,11,16,17,0,0,0,0,6,0,0,0,15,0,0,1,11,0,0,1,0,4,0,0,0,0,1,3,0,0,0,0,6,8,0,0,0,0,0,2,0,0,2,0,0,0,0,0,0,0,0,3,0,0,0,4,2,1,0,0,8,0,6,0,0,0,4,8,0,0,0,0,0,0,0,0,1,0,9,0,1,0,0,2,0,0,2,0,0,0,0,0,0,0,0,0,0,0,0,0,2,0,1,0,0,0,0,7,1,0,5,0,0,0,0,5,0,0,0,0,0,2,0,0,0,0,0,2,0,0,0,0,0,2,7,0,0,0,10,0,0,0,3,0,0,0,0,0,0,0,3,4,0,0,0,0,0,0,0,1,0,0,1,0,0,0,5,0,0,0,0,0,0,16,0,0,1,0,1,0,0,3,0,1,0,0,0,7,0,0,0,9,1,0,0,0,0,0,6,0,0,0,0,0,12,0,0,0,4,10,0,0,0,2,0,0,14,0,0,0,6,0,1,0,0,0,0,0,0,0,0,3,0,0,0,0,0,1,0,0,0,0,0,0,0,1,9,0,0,1,0,0,0,0,0,0,0,0,0,0,0,0,0,0,0,0,2,0,4,0,0,0,0,0,0,4,0,0,0,0,0,0,0,0,0,0,0,0,0,0,0,0,0,16,0,0,9,0,0,0,0,0,0,0,0,0,0,12,19,0,15,0,4,0,0,0,32,0,0,0,0,0,0,0,0,5,5,0,0,0,5,0,0,0,0,1,0,0,0,0,0,0,0,17,2,2,0,1,0,0,0,0,0,0,2,0,0,0,0,0,0,7,1,0,0,2,0,0,0,1,27,0,2,6,0,0,0,0,1,0,0,0,0,9,3,0,0,0,9,35,0,0,0,1,0,0,1,0,0,2,0,0,1,6,0,0,0,0,0,0,0,2,0,0,1,1,7,0,0,1,0,0,0,0,0,1,5,4,0,0,0,0,0,0,0,0,0,0,0,0,0,18,28,0,0,0,1,0,0,0,1,0,0,0,3,0,0,6,0,0,5,2,3,0,0,0,0,1,0,1,0,0,0,0,0,0,0,0,0,0,0,0,2,0,1,0,0,0,1,0,0,12,0,0,0,0,11,5,0,1,0,7,0,0,2,0,0,0,0,0,6,0,0,0,0,6,0,0,0,0,0,0,0,0,0,0,0,0,0,0,0,0,1,24,0,1,2,0,0,0,6,0,0,0,14,0,0,0,0,0,1,0,0,0,0,0,0,0,0,23,0,0,0,0,0,0,1,9,0,14,1,0,0,0,0,0,0,0,0,0,0,0,0,10,0,0,0,0,0,0,0,0,0,0,0,0,0,0,6,13,0,4,7,0,0,0,1,0,0,3,14,16,0,1,0,0,0,0,13,0,0,0,0,0,0,0,0,4,0,0,11,1,0,0,0,23,6,0,0,0,0,0,0,0,1,0,0,0,0,1,0,0,0,0,12,0,0,0,0,0,5,0,0,1,0,0,1,0,0,0,0,0,0,0,2,0,0,0,0,0,0,0,24,0,0,0,0,0,0,0,0,0,0,0,0,0,0,0,0,0,0,0,0,0,0,0,0,0,16,0,0,1,0,0,0,0,0,0,0,0,5,32,0,0,0,0,0,0,6,0,0,0,0,1,1,0,0,0,0,3,0,12,0,0,0,0,0,0,0,0,0,1,0,4,0,0,0,0,1,4,0,0,6,0,0,0,1,0,10,0,0,0,0,0,1,0,0,0,0,0,0,0,0,0,0,7,0,0,0,0,0,0,0,0,1,8,0,0,4,0,0,0,0,0,0,0,0,0,10,0,0,12,0,0,0,0,0,6,1,0,0,0,0,1,0,0,2,0,0,0,1,0,1,0,0,8,1,0,1,0,0,0,0,0,0,0,0,0,0,0,0,0,0,25,1,3,0,0,0,0,0,24,0,0,0,0,0,0,0,0,0,0,0,0,0,0,0,0,0,0,1,0,0,0,0,0,0,0,0,0,10,0,0,0,0,16,2,3,0,0,0,0,1,8,0,0,1,0,19,0,0,11,0,0,0,1,0,0,0,0,0,1,2,0,0,0,0,4,0,13,0,1,0,2,0,0,0,0,0,0,0,0,0,0,0,0,6,0,0,0,0,0,2,0,0,4,0,0,0,0,0,1,0,0,0,0,0,0,0,1,0,23,0,0,0,0,2,0,1,0,0,2,0,1,0,1,0,5,0,0,0,0,0,0,0,0,0,0,0,3,0,0,4,0,0,11,1,0,1,0,0,6,0,0,0,0,0,2,0,14,2,0,0,0,0,10,0,0,0,0,8,0,0,1,0,0,5,0,1,0,0,6,0,0,0,0,0,0,0,0,0,0,0,23,5,0,25,0,0,0,0,0,0,0,0,0,1,0
NEAT1,1,4,2,1,0,4,7,0,2,1,2,0,4,0,0,7,1,1,6,2,0,0,9,9,0,4,1,0,4,0,0,1,0,3,1,3,0,1,0,0,0,1,16,6,4,1,0,9,0,0,0,0,10,4,0,7,1,1,0,0,6,5,2,8,0,2,2,0,8,0,4,4,0,9,4,3,3,13,3,6,0,4,5,7,1,2,0,1,2,1,1,0,1,9,1,7,1,0,4,14,1,2,8,0,2,5,0,3,9,0,1,0,3,9,1,0,4,2,2,0,1,5,7,3,6,0,1,0,4,0,1,2,1,0,0,0,0,3,4,0,4,4,1,0,7,2,4,8,6,4,14,0,0,0,1,0,0,0,3,8,2,0,14,8,1,3,14,0,21,5,2,2,1,0,10,1,0,0,19,0,1,0,2,0,10,1,1,3,14,15,26,3,8,1,5,0,0,3,0,0,1,4,21,1,0,3,0,1,0,0,0,3,1,1,1,1,0,1,1,13,1,0,0,0,6,3,1,13,0,0,1,4,23,7,11,1,0,0,2,0,4,0,0,0,0,1,1,10,24,5,1,2,0,3,0,2,1,1,0,7,1,0,5,12,1,1,1,0,3,1,3,9,13,7,0,0,0,3,14,1,7,7,2,16,0,1,0,0,0,0,2,1,6,0,2,2,0,0,14,0,0,0,2,3,5,1,1,9,23,0,0,1,1,7,1,0,0,5,1,1,0,2,15,1,2,0,11,3,0,3,0,6,1,0,11,0,0,9,2,8,6,1,6,0,1,1,0,10,1,14,6,0,13,2,0,4,0,1,7,8,1,0,1,4,2,0,3,1,2,1,3,6,3,0,0,4,1,2,2,14,1,0,7,0,0,4,2,0,1,2,1,21,3,20,0,9,5,2,0,7,7,0,2,3,17,1,0,0,5,3,2,2,7,0,0,8,1,0,1,0,14,1,4,1,16,1,1,1,10,1,2,0,0,0,12,0,0,3,1,13,1,0,7,0,3,16,5,0,0,4,1,1,11,3,14,0,1,8,19,2,0,2,1,0,19,11,0,1,9,2,2,4,1,0,0,15,21,4,0,2,13,2,3,3,5,2,1,0,0,2,2,1,0,1,0,4,1,0,0,4,3,6,1,0,0,0,1,1,2,0,6,0,0,0,1,3,8,2,0,4,3,2,2,10,25,7,0,1,14,0,11,2,0,0,1,14,6,1,0,1,15,0,1,7,0,7,6,4,3,1,1,10,1,1,6,17,0,24,0,2,2,2,1,2,2,0,1,0,1,1,0,1,0,2,0,18,1,1,13,0,0,3,0,13,1,1,0,0,0,2,1,0,1,10,0,1,0,1,0,0,0,6,6,2,5,4,13,3,0,1,4,1,1,3,2,0,0,3,9,8,4,1,1,0,0,3,0,15,0,0,1,1,1,0,7,0,2,3,2,1,1,1,0,2,0,0,1,3,1,8,1,0,0,5,0,7,2,0,0,12,11,5,2,2,0,3,4,2,2,0,1,2,6,1,3,1,4,9,2,5,0,1,3,0,4,2,2,2,3,0,0,0,5,0,0,0,5,2,0,3,4,1,4,5,0,8,1,1,2,6,4,4,0,3,18,1,1,6,0,0,1,1,0,2,0,5,4,2,0,2,2,1,0,0,0,5,9,0,1,1,0,2,2,6,1,0,1,0,0,1,4,0,2,0,1,3,0,1,3,2,0,10,4,0,22,0,3,0,1,0,0,1,0,0,4,6,10,3,7,0,11,2,0,0,9,13,0,0,0,1,2,3,0,3,13,0,0,5,18,0,0,0,1,1,0,1,4,0,1,0,3,3,3,4,0,1,16,1,0,2,0,0,3,0,0,2,0,1,0,6,1,0,1,11,0,0,1,0,13,0,5,4,0,1,1,5,1,7,4,1,0,6,2,0,3,1,9,6,1,2,0,0,1,0,0,1,8,7,3,1,2,2,17,2,0,1,2,2,0,18,1,1,23,5,11,1,1,0,0,0,3,0,0,7,3,5,1,3,0,0,1,1,0,0,1,0,0,1,7,8,7,2,2,1,15,0,1,1,1,0,0,7,12,1,0,11,2,5,3,16,4,0,0,0,0,1,2,11,2,4,1,0,25,0,0,2,4,5,1,0,1,0,23,0,0,0,2,0,1,6,5,0,0,1,6,2,0,2,0,4,0,18,6,3,1,0,0,1,5,0,3,1,0,13,1,4,4,0,1,0,0,2,0,3,3,2,0,1,0,0,1,7,5,0,1,1,0,0,3,1,0,1,7,0,1,1,1,1,4,1,0,1,2,1,1,4,0,3,2,1,17,12,0,2,0,15,2,9,4,0,0,0,4,2,1,0,0,0,0,0,1,9,0,0,1,0,17,1,1,1,1,2,18,20,4,4,5,8,0,13,10,5,2,7,0,0,3,4,7,10,0,3,0,0,3,2,8,0,0,1,7,1,1,7,0,7,0,0,2,3,2,1,9,3,15,0,1,1,0,0,3,0,0,1,0,0,10,2,1,3,0,1,3,0,0,1,4,0,8,1,0,0,2,1,1,0,0,0,2,1,4,2,13,2,1,0,0,0,1,0,7,0,1,2,0,3,1,0,2,1,5,1,0,0,2,1,1,1,0,0,3,1,0,0,2,2,8,0,1,2,0,0,11,1,0,2,1,1,3,2,0,1,1,3,0,2,11,2,5,1,0,0,1,0,0,3,1,17,1,8,0,0,0,12,0,2,13,4,0,0,1,11,1,0,1,3,4,4,0,0,15,17,0,1,1,0,18,0,0,0,4,2,0,0,0,0,0,4,1,0,24,0,10,5,0,3,8,1,0,0,0,0,9,12,1,0,2,0,0,0,1,7,2,0,0,1,18,4,5,6,17,2,8,3,0,7,8,0,1,6,1,0,0,0,6,4,1,1,7,1,34,0,0,5,0,1,6,0,0,0,0,0,1,2,2,1,2,1,3,2,0,6,3,7,2,0,1,1,2,3,0,1,0,0,1,0,0,4,14,1,6,1,3,0,1,1,0,1,2,0,1,6,3,1,10,1,2,2,6,0,0,14,3,4,4,8,0,4,0,8,10,6,0,1,6,3,7,0,3,7,4,0,1,1,1,2,0,1,4,1,21,1,0,0,3,4,0,7,1,7,0,9,3,0,2,13,0,0,0,1,0,0,0,0,4,1,0,9,1,4,6,5,15,14,1,0,0,0,1,0,2,0,0,0,0,4,0,3,0,7,0,3,1,1,2,0,3,1,0,4,0,0,2,0,1,1,0,1,0,6,0,0,15,0,1,1,13,9,7,1,7,2,0,5,6,0,5,3,5,31,1,0,2,0,0,4,0,10,10,1,2,0,0,7,3,0,4,0,7,3,1,34,1,2,3,2,5,0,0,5,0,1,3,0,0,1,2,0,0,1,2,7,7,1,6,0,5,11,1,5,1,1,0,0,0,2
FCN1,0,1,0,0,0,9,11,1,0,0,9,0,4,0,1,9,0,0,10,0,0,0,10,2,0,1,0,0,1,0,1,0,0,0,0,0,1,1,0,0,0,0,10,0,0,0,0,8,0,0,0,0,3,1,0,4,0,0,0,0,10,1,0,1,0,0,0,0,5,0,0,1,0,7,8,0,0,26,4,3,0,0,5,4,0,0,0,0,0,0,0,0,0,7,0,17,0,1,7,1,0,0,10,0,1,7,0,0,11,0,0,0,0,7,0,0,0,0,4,0,0,8,7,0,1,2,0,0,16,0,0,0,1,0,0,0,0,0,2,1,0,0,0,0,0,0,8,6,0,0,15,0,0,1,0,0,0,0,0,5,0,0,12,5,0,0,4,0,8,2,0,0,0,0,7,0,0,1,6,0,0,0,0,0,8,0,0,0,7,11,12,0,0,0,0,0,0,0,0,0,1,0,7,0,1,1,0,0,0,0,0,0,0,0,0,0,0,1,0,4,0,0,0,0,0,0,0,6,0,0,0,0,9,17,11,0,0,0,0,0,4,0,0,3,0,0,0,13,12,5,0,10,0,0,0,0,0,0,0,2,0,0,0,20,0,0,0,0,0,0,0,24,3,1,1,0,0,6,15,0,6,5,0,0,0,0,0,1,0,0,0,0,6,0,0,0,0,0,9,0,0,0,0,0,8,0,0,0,3,0,0,0,0,0,0,0,0,0,0,0,0,0,9,0,0,0,8,0,1,0,0,3,0,0,2,0,0,12,0,5,7,0,2,0,0,1,0,3,0,30,16,0,1,0,0,6,0,0,1,3,0,0,0,5,0,0,0,0,0,0,0,4,0,0,0,10,0,1,0,6,5,0,4,0,0,3,0,1,0,0,0,12,0,19,0,5,1,1,0,4,10,0,0,1,6,0,0,0,0,0,0,0,11,0,0,6,0,0,0,0,16,0,0,0,2,0,0,0,0,1,0,1,0,0,2,1,5,0,0,8,0,0,1,0,0,13,0,0,0,0,1,0,6,0,6,0,0,13,17,0,0,0,0,0,5,4,0,0,11,4,10,8,0,0,0,3,5,1,1,0,10,0,0,1,11,0,0,1,0,11,0,0,0,0,0,3,1,0,0,0,1,9,0,0,0,0,0,2,0,1,1,0,0,0,0,0,0,0,0,2,0,0,0,12,3,2,0,0,30,0,6,0,0,0,1,30,0,1,0,1,0,1,0,0,0,0,10,0,0,0,0,1,1,0,8,12,0,14,0,0,0,0,0,0,0,0,0,0,0,0,0,0,0,0,0,8,0,0,1,0,0,0,0,13,0,0,0,0,0,1,0,0,0,31,0,0,1,0,0,0,0,6,1,0,0,0,11,0,0,0,1,0,0,1,0,1,0,1,7,6,0,0,0,0,0,0,1,3,0,1,0,0,0,0,1,0,0,0,0,0,0,5,1,0,0,0,0,1,0,3,0,0,0,2,0,6,0,0,0,17,4,0,0,0,0,0,2,0,0,0,0,0,4,0,0,1,2,10,0,0,0,2,0,0,5,0,0,0,1,0,1,0,0,0,0,0,0,0,0,6,0,0,0,0,0,10,0,0,0,0,0,1,1,0,3,0,0,0,0,0,0,0,0,0,0,0,0,0,0,0,0,0,0,1,0,0,4,0,0,0,1,0,0,10,0,1,0,0,0,0,0,0,0,1,0,0,0,0,0,0,1,9,0,0,5,0,1,0,1,0,0,0,1,0,1,4,7,0,5,0,3,0,1,0,3,9,0,0,0,0,0,1,0,2,18,0,0,0,6,0,0,0,0,1,0,0,1,0,0,0,1,4,0,6,0,0,8,0,0,0,0,0,3,0,0,0,1,0,0,1,0,0,0,6,0,0,0,0,7,0,3,9,0,0,1,0,0,0,0,0,0,1,1,1,1,0,0,17,0,0,0,0,0,0,0,0,0,10,0,0,0,7,7,0,0,0,0,0,0,8,0,0,8,11,18,0,0,0,0,0,0,0,0,9,4,4,1,0,0,0,0,0,0,0,1,0,0,0,1,9,10,0,0,0,3,0,0,0,0,0,0,1,7,1,0,1,0,0,8,2,0,0,0,0,0,0,0,7,0,1,0,0,0,0,0,0,0,5,0,0,1,0,8,0,0,0,0,0,0,7,0,0,0,0,5,12,0,1,0,4,0,26,3,0,0,0,0,0,6,0,0,0,0,31,0,0,0,0,0,2,0,0,0,0,0,0,0,0,0,0,0,9,1,0,0,1,0,0,3,0,0,0,10,0,0,0,0,0,4,0,0,0,0,0,0,0,0,11,0,0,0,1,0,1,0,8,1,14,3,0,0,0,0,0,1,0,0,0,0,0,0,7,1,0,0,0,5,0,0,0,0,0,1,6,1,2,6,4,0,11,15,0,0,0,1,0,0,1,10,14,0,4,0,0,0,0,5,0,0,0,6,0,0,6,0,1,0,0,4,0,1,0,1,11,9,0,0,0,0,0,0,0,0,0,0,1,1,0,0,0,0,0,19,0,0,0,0,0,2,0,0,4,0,0,0,0,0,0,0,0,0,0,9,0,0,0,0,0,0,0,9,0,0,2,1,0,0,0,1,0,0,0,0,0,0,0,0,0,0,0,0,0,0,0,0,0,4,0,0,1,0,0,6,0,0,0,0,0,2,10,1,0,0,0,0,0,6,0,0,0,0,0,0,0,0,0,0,11,0,10,0,0,0,4,1,0,8,0,0,0,0,4,0,0,0,0,2,12,1,0,9,12,0,0,0,1,14,0,0,0,1,0,0,1,0,0,0,0,0,0,14,0,1,7,0,1,0,0,0,0,0,0,15,15,1,0,4,0,0,0,0,3,0,0,0,0,14,0,1,4,12,1,0,0,0,11,0,0,0,3,0,0,0,0,1,0,0,0,5,0,9,0,0,6,0,0,3,0,0,0,0,0,0,1,0,0,0,0,1,0,0,11,4,1,0,0,0,0,0,10,0,0,0,0,0,0,0,1,2,0,6,1,0,0,0,0,0,0,1,0,0,0,0,0,1,0,0,0,6,0,0,4,0,11,3,10,0,0,0,0,3,3,1,0,15,0,10,0,0,21,0,0,0,0,0,0,0,0,0,0,12,1,0,0,1,4,0,0,0,0,0,6,0,0,1,4,0,0,0,0,0,0,0,0,6,0,0,2,0,0,1,0,13,7,0,0,0,0,1,2,1,0,0,0,0,0,0,0,0,5,0,0,0,0,4,0,0,0,0,3,0,0,0,0,0,8,0,0,0,1,0,0,1,0,0,1,4,1,0,0,6,0,0,11,1,0,0,0,0,14,0,0,0,0,0,4,0,2,12,0,0,1,1,6,0,0,0,0,13,0,0,9,0,0,4,0,6,0,0,1,1,0,0,0,0,0,0,0,0,0,0,2,6,0,11,0,4,4,0,0,0,0,0,0,0,0
DUSP1,3,3,2,2,1,10,11,12,14,0,6,13,13,10,8,15,8,1,21,9,8,1,9,11,3,1,0,1,7,11,4,3,11,3,2,1,2,4,10,0,2,0,7,15,5,1,9,13,0,3,1,2,5,1,4,3,1,3,0,14,16,1,3,7,0,6,5,0,8,7,0,17,1,14,4,1,6,15,8,22,0,1,7,19,8,12,5,1,14,5,1,0,10,7,0,4,0,0,2,4,6,8,6,4,3,6,4,0,8,6,12,2,8,13,0,5,9,11,8,6,5,7,22,0,1,2,1,5,3,3,0,6,8,4,4,2,2,5,12,0,9,0,3,1,14,4,10,7,10,1,13,5,4,6,0,7,1,5,3,12,4,3,1,5,8,10,14,4,12,3,3,9,13,4,7,0,1,1,7,6,1,6,4,7,10,2,4,1,5,12,28,5,3,3,4,8,0,7,0,11,8,12,31,3,5,1,1,3,8,1,2,2,19,4,3,3,7,13,4,21,5,6,0,1,10,0,0,12,2,6,2,5,10,15,8,3,0,0,5,3,3,2,2,0,11,11,1,13,17,8,1,7,9,1,6,5,0,2,2,8,4,1,3,11,2,4,5,2,5,0,0,18,11,5,0,10,3,19,13,3,6,11,8,2,5,4,1,2,2,5,3,2,4,2,0,4,1,1,10,1,6,3,3,2,7,4,4,12,11,7,3,3,5,7,1,0,6,4,4,10,1,11,8,3,2,4,9,11,0,5,8,22,2,2,2,1,7,7,1,10,12,3,6,8,1,4,9,8,5,11,6,5,16,3,0,5,3,14,5,5,7,3,4,6,0,5,14,11,8,5,2,10,2,0,3,9,2,6,2,7,5,2,18,8,1,7,5,2,6,8,9,53,3,50,0,7,8,4,6,31,4,4,20,7,7,4,4,3,3,5,3,6,9,1,2,9,4,6,13,0,5,4,1,8,5,0,3,12,2,2,5,5,3,1,12,1,2,1,2,15,8,10,15,1,3,13,8,0,1,0,2,3,11,2,7,7,1,13,14,5,2,4,4,7,14,6,0,7,8,2,7,8,2,0,1,17,4,6,3,3,7,6,4,16,7,5,0,12,2,22,0,0,5,2,10,11,7,1,4,1,6,9,1,1,1,0,7,25,2,1,7,0,6,1,0,8,1,0,2,9,0,8,11,10,10,8,3,0,11,1,12,2,0,3,16,11,3,16,5,0,6,24,0,6,0,3,7,0,14,2,13,11,2,0,18,19,2,28,3,2,3,9,3,20,1,2,10,0,3,3,7,2,4,3,0,12,1,3,11,0,6,0,5,5,1,1,3,0,7,1,4,3,0,4,4,0,5,5,3,1,5,3,4,2,9,9,7,0,0,5,7,3,4,9,10,8,3,3,9,13,0,7,4,0,8,1,6,4,4,6,3,4,4,4,8,2,4,5,3,0,3,8,4,1,0,0,3,1,2,5,1,14,0,2,1,16,2,0,7,7,4,9,1,9,8,1,7,0,0,0,8,5,7,4,13,16,9,9,3,1,1,25,8,6,9,0,15,0,6,2,7,6,14,5,1,14,2,0,0,12,1,10,1,1,7,10,9,3,0,21,1,7,3,1,9,12,3,1,0,0,0,2,4,3,5,14,5,0,1,4,10,8,9,0,7,1,8,0,3,9,2,12,7,6,5,7,1,7,7,1,6,6,0,3,1,2,2,7,0,6,1,8,5,5,19,0,2,0,4,13,4,8,3,0,3,7,7,6,10,7,11,4,0,0,14,23,0,6,2,3,2,9,0,9,19,5,0,4,14,6,4,5,1,1,5,1,3,2,3,5,9,7,1,8,2,5,10,0,2,4,1,1,18,10,6,3,3,7,4,4,1,1,5,3,8,3,4,3,4,2,3,6,5,1,2,1,1,6,2,14,0,3,13,5,7,2,7,16,5,2,4,7,3,0,6,3,6,7,0,1,8,4,6,5,0,1,5,5,2,2,0,0,8,7,16,3,10,0,6,8,0,3,4,28,8,13,9,3,10,2,4,5,4,2,3,2,0,2,15,5,3,7,3,4,8,13,4,0,2,3,2,15,10,2,0,5,4,2,10,22,6,1,1,6,3,1,1,48,7,0,10,8,2,3,3,3,8,5,3,11,12,1,8,0,4,5,8,3,7,8,8,5,1,5,8,10,3,2,5,7,10,6,2,2,4,6,0,11,17,2,0,5,3,4,12,13,2,1,7,6,2,5,0,11,1,7,5,0,1,5,2,4,11,4,2,1,1,0,4,11,7,0,4,5,13,5,1,9,13,2,7,1,4,4,9,2,9,8,7,3,7,29,4,1,0,5,1,7,11,7,6,10,8,13,1,5,3,1,1,2,7,14,6,12,8,1,1,9,1,0,3,2,24,22,3,18,17,12,1,7,11,9,11,13,7,3,5,7,4,6,2,2,2,2,3,9,12,1,4,2,10,2,7,9,2,3,2,2,2,1,13,2,28,8,19,6,2,3,1,8,1,2,1,5,10,5,9,2,6,9,0,0,8,0,4,5,1,6,6,6,1,7,6,25,1,1,0,5,1,1,6,6,17,5,2,7,0,1,1,0,4,2,0,15,0,1,4,5,2,5,9,1,4,1,7,0,0,5,3,5,1,0,8,5,0,5,9,0,3,14,7,3,8,4,8,3,9,1,9,10,2,7,0,11,6,6,12,7,7,5,4,2,2,2,3,5,1,23,1,9,2,3,5,13,8,6,11,0,3,0,0,19,3,0,5,1,13,7,3,6,19,19,0,2,1,7,4,1,8,4,3,6,15,0,4,9,5,23,8,3,28,3,9,9,6,3,11,7,10,3,5,4,15,11,7,7,7,4,0,1,0,21,1,3,1,5,4,12,11,7,19,2,1,8,5,9,14,5,2,22,5,1,13,2,7,3,13,5,10,7,35,2,3,5,2,1,3,3,5,2,6,2,5,8,3,11,0,4,3,0,5,1,2,13,3,0,9,8,6,17,2,2,3,1,3,3,4,5,8,1,5,5,1,4,3,4,10,0,1,2,4,10,0,3,6,6,1,0,11,3,1,3,3,8,7,5,0,10,2,14,4,5,5,12,17,0,11,3,2,9,0,1,3,4,4,2,9,0,6,1,53,5,3,2,11,8,2,11,7,14,9,12,3,4,5,4,5,3,1,0,3,2,1,5,4,3,0,20,0,9,1,7,9,5,7,1,4,7,8,2,1,4,1,3,3,5,2,9,7,8,0,0,0,4,2,1,10,1,0,7,1,5,13,0,6,8,13,3,10,2,0,1,4,2,4,1,10,3,3,12,6,3,4,7,32,3,4,3,14,2,3,2,10,1,0,3,7,10,10,10,1,10,11,14,1,1,0,11,5,5,1,35,3,2,8,4,6,1,3,8,5,3,6,5,5,3,7,4,8,0,5,5,3,1,1,3,12,20,15,14,6,9,5,1,2,2
MNDA,0,0,0,0,0,0,6,0,0,0,7,0,3,0,1,7,0,0,11,0,1,0,7,2,0,1,0,0,0,0,0,0,0,0,0,0,0,0,1,0,0,0,1,0,0,0,0,1,0,0,0,0,2,0,0,6,0,0,0,0,9,0,1,2,0,0,0,0,4,0,0,0,0,15,2,0,0,5,6,1,0,0,6,2,0,0,1,0,0,0,0,0,0,7,0,23,0,0,4,0,0,0,21,0,0,2,0,0,4,0,0,0,2,7,0,0,0,0,6,0,0,8,20,0,0,0,0,0,13,0,0,0,0,0,0,0,0,0,1,0,0,0,0,0,6,0,7,6,0,0,6,0,0,0,0,0,1,2,0,6,0,0,7,1,0,0,4,1,1,10,0,0,0,0,10,0,0,0,7,0,0,0,1,0,5,0,0,0,6,5,3,1,0,0,0,0,0,0,0,0,5,0,1,0,0,0,0,0,0,0,0,0,0,0,0,0,0,0,0,5,0,0,0,0,0,0,0,6,0,0,0,0,2,4,6,0,0,0,0,0,4,0,0,0,0,0,0,7,7,4,0,3,0,0,0,0,0,0,0,5,0,0,0,9,0,0,0,0,0,0,0,15,0,0,0,0,0,1,6,0,3,2,0,0,0,0,0,0,0,0,0,0,8,0,0,0,0,0,6,0,0,0,2,0,9,0,0,4,5,0,0,0,0,1,0,0,0,0,0,0,1,0,12,0,0,0,5,0,0,0,1,1,0,0,1,0,0,8,0,10,17,0,5,0,0,0,0,2,0,10,7,0,1,0,0,2,0,0,3,6,0,0,0,5,0,0,8,0,0,0,0,6,0,0,0,15,0,0,0,8,4,0,6,0,0,7,0,0,0,0,0,10,0,4,0,7,3,0,0,3,3,0,0,0,4,0,0,0,0,1,0,0,6,0,0,0,0,0,0,0,6,0,0,0,2,0,0,0,0,0,0,0,0,0,3,0,2,0,0,13,0,1,1,0,0,16,0,0,0,0,0,0,5,0,8,0,0,4,8,1,0,0,0,0,14,2,0,0,3,6,3,4,0,0,0,0,3,0,0,0,3,0,0,0,7,0,0,0,0,8,0,0,0,0,0,6,0,0,0,0,5,2,1,0,0,0,0,5,0,0,6,0,0,0,0,0,0,0,0,5,0,0,0,11,4,5,0,0,10,0,6,2,0,0,6,10,0,2,0,0,0,0,0,0,0,0,2,1,1,0,0,7,0,0,2,12,0,6,0,0,0,1,0,0,0,0,0,0,0,0,0,0,0,0,0,12,0,0,8,0,0,0,0,5,0,0,0,0,0,5,0,0,0,1,0,0,0,1,0,0,0,5,4,0,1,2,7,0,0,0,1,0,0,0,0,0,0,0,5,8,0,0,0,0,0,0,0,0,0,0,0,0,0,0,3,0,1,0,0,0,0,9,0,0,0,0,0,0,0,1,0,0,0,0,0,2,0,0,0,4,4,0,0,0,0,0,6,0,0,2,0,0,4,0,0,0,5,7,0,0,0,5,0,0,7,0,0,1,5,0,0,0,0,0,0,0,0,0,0,5,0,0,0,0,0,2,0,0,0,6,0,0,0,0,9,0,0,0,0,0,0,0,0,0,0,0,0,0,0,0,0,0,0,0,0,0,4,0,0,0,1,0,0,5,0,0,0,0,0,0,0,0,0,0,0,0,0,0,0,1,0,1,0,0,1,0,0,0,0,0,0,0,0,0,4,4,10,0,10,0,6,0,0,0,5,5,0,0,0,0,0,0,0,3,13,0,0,0,9,0,0,0,0,0,0,0,0,0,0,0,0,5,0,6,0,0,6,0,0,0,0,0,8,0,0,0,0,0,0,4,0,0,0,2,0,0,0,0,2,0,2,5,0,0,0,0,0,1,0,0,0,4,3,0,0,0,3,16,1,0,0,0,0,0,0,0,0,8,0,0,0,4,3,0,0,0,0,0,0,6,0,0,5,4,7,0,0,0,0,0,0,0,0,4,6,7,0,0,1,0,0,0,0,0,0,0,0,0,1,3,7,0,0,0,5,0,0,0,0,0,0,1,4,1,0,0,0,0,1,1,1,0,0,0,0,0,0,9,0,0,0,0,0,0,0,0,0,5,0,0,4,0,5,0,0,0,0,0,0,6,0,0,0,0,7,4,0,0,0,4,0,5,10,0,0,0,0,0,4,0,0,0,0,18,0,0,0,0,0,0,0,0,0,0,0,0,0,0,0,0,0,7,0,0,0,0,0,0,3,0,0,0,3,0,0,0,0,0,3,0,0,0,0,0,0,0,0,9,0,0,0,2,0,0,0,5,0,6,9,0,0,0,0,0,0,0,0,0,0,0,1,15,0,0,0,0,2,0,1,0,1,1,5,1,4,0,4,7,1,4,10,1,0,1,0,0,0,1,3,4,0,0,0,0,0,0,6,0,0,0,6,0,0,9,0,1,0,0,6,0,0,0,4,9,5,0,0,0,0,0,0,0,0,0,0,0,5,0,0,0,0,0,4,0,0,0,0,0,4,0,0,1,0,0,0,0,0,0,0,0,0,0,1,0,0,0,0,0,0,0,7,0,0,8,0,0,0,0,0,1,1,0,0,0,0,0,0,0,0,0,0,0,0,0,0,0,10,0,0,9,0,0,2,0,1,0,0,1,3,2,1,0,0,0,0,0,6,0,0,0,0,0,0,0,0,0,0,1,0,5,0,0,0,7,1,0,0,0,0,0,0,2,0,1,0,0,4,6,0,0,5,12,0,0,0,0,8,0,0,0,0,0,0,0,0,0,0,0,0,0,6,0,5,8,0,0,3,0,0,0,0,0,17,10,0,0,3,0,0,0,0,1,0,0,0,0,8,0,3,4,12,0,1,0,0,6,0,0,0,1,0,0,0,0,6,0,0,0,7,0,6,0,0,1,0,0,1,0,0,0,0,0,0,0,0,0,0,0,0,0,0,20,0,9,0,0,0,0,0,23,0,0,0,0,0,0,0,0,0,0,3,1,0,0,0,0,0,0,2,0,0,0,0,0,2,0,1,0,6,0,0,5,0,5,4,8,0,0,0,0,3,1,0,0,12,0,9,0,1,9,0,0,0,0,0,0,0,0,0,0,10,0,0,0,0,7,0,4,2,6,0,0,0,0,0,2,0,1,0,0,0,0,0,0,11,0,0,6,0,0,1,0,15,6,0,0,0,0,0,0,0,0,0,0,0,0,0,0,0,7,0,0,0,0,2,0,0,0,0,4,0,0,0,0,0,7,0,0,0,0,0,0,2,0,0,0,2,4,0,0,1,0,0,7,10,0,1,0,0,6,0,0,1,1,0,4,0,6,10,0,0,1,0,6,0,0,1,1,6,0,0,6,0,0,6,0,2,0,0,5,0,0,0,0,0,0,0,0,0,0,0,9,6,0,20,0,4,21,0,0,0,0,0,0,0,0
GPX1,2,0,0,0,0,10,9,2,1,0,8,1,7,0,0,7,1,0,14,1,1,2,5,3,0,1,1,0,0,4,2,1,4,17,0,0,1,0,4,0,0,1,9,2,0,1,0,6,0,0,0,1,7,1,0,3,0,3,0,1,13,0,0,3,0,0,0,15,10,0,0,2,0,2,4,0,1,8,6,10,2,1,6,2,1,0,0,2,0,0,16,1,3,7,0,7,0,0,5,12,2,1,5,2,1,6,1,0,7,0,1,0,5,1,0,6,0,1,7,0,0,4,29,0,0,0,1,0,12,0,0,1,1,0,0,0,1,1,4,0,5,0,1,1,6,0,6,6,4,0,18,0,1,1,0,0,1,0,1,5,0,0,7,10,0,1,8,0,8,11,1,0,0,0,15,1,0,1,3,1,0,0,1,0,11,1,0,1,4,1,5,5,0,0,0,1,1,0,15,4,8,1,7,0,0,0,0,0,4,0,0,0,2,0,0,2,0,1,9,12,0,1,9,0,4,0,0,7,1,0,0,1,5,0,14,0,1,1,2,0,9,1,0,2,0,1,0,6,16,6,0,6,0,1,0,0,1,0,0,2,0,0,0,11,1,1,1,1,0,1,0,10,7,1,0,0,0,12,18,1,8,4,1,0,1,0,0,0,1,2,1,1,13,0,0,0,0,1,10,0,0,0,0,1,14,0,0,6,3,0,0,0,1,0,0,1,0,1,3,3,1,0,15,0,0,0,8,2,1,0,0,10,1,0,6,1,0,10,1,8,10,0,10,0,0,1,0,5,4,19,4,0,3,0,0,7,0,1,6,3,2,0,1,9,0,0,4,0,1,0,0,6,0,1,0,18,0,0,2,11,9,0,5,2,0,6,0,1,1,2,2,3,0,5,0,7,5,1,0,1,4,0,0,0,8,0,0,4,0,2,0,1,6,2,1,22,0,0,1,0,9,0,1,0,3,0,1,0,0,0,0,1,0,0,6,0,8,0,0,14,1,0,9,0,1,16,1,0,1,0,1,1,2,0,11,1,1,16,12,1,8,0,1,1,15,0,1,1,6,3,6,6,0,1,2,1,3,0,0,0,5,0,1,0,11,0,0,2,3,7,0,1,0,0,0,11,0,0,0,0,1,6,1,0,0,3,0,5,1,1,1,0,1,0,0,1,1,0,0,8,0,2,1,4,6,2,1,1,19,0,3,4,0,1,4,19,0,11,0,0,12,0,0,0,3,3,10,0,12,1,0,13,0,1,3,7,0,2,1,1,0,0,1,0,1,0,0,1,5,0,0,1,1,0,0,6,0,1,4,1,0,0,0,2,0,1,0,0,0,4,2,2,0,5,0,0,2,1,0,1,0,14,2,1,2,5,4,1,0,1,5,1,0,2,0,1,1,3,6,11,0,2,1,1,2,0,1,5,0,1,0,1,0,0,2,0,0,3,0,1,0,4,1,2,0,1,16,1,1,1,0,0,1,7,0,6,0,0,3,8,6,0,0,1,0,0,5,0,0,1,0,0,5,0,0,0,2,5,2,0,0,5,0,0,5,0,0,0,1,0,0,1,0,1,1,0,0,0,1,3,1,3,17,0,0,11,0,0,0,9,0,0,1,1,11,1,1,1,0,1,0,0,2,1,0,0,0,0,0,0,0,1,0,0,17,0,2,0,0,1,1,0,0,9,0,1,0,0,1,1,1,0,0,1,1,0,0,0,1,0,0,8,0,1,7,0,2,1,0,0,0,1,1,0,1,5,15,0,13,1,2,0,0,2,7,1,0,1,2,1,0,2,0,4,14,1,0,0,9,0,2,1,3,0,1,1,0,1,0,1,2,5,0,6,0,0,4,0,0,0,1,2,19,2,2,1,1,0,0,2,1,0,2,11,1,1,2,1,8,2,6,6,2,2,0,3,0,2,0,0,2,2,6,0,1,0,2,10,0,1,2,0,0,0,4,0,0,7,1,0,2,7,2,1,0,0,0,0,0,7,1,1,7,11,4,0,4,0,0,4,1,0,0,4,6,3,0,1,4,0,0,1,0,1,0,0,2,1,9,13,16,0,0,0,2,1,0,0,0,0,0,9,9,0,10,9,0,1,7,11,3,1,1,1,2,0,0,6,0,0,0,0,0,1,0,1,2,3,1,1,1,1,7,0,0,1,2,1,2,8,0,0,1,0,5,14,0,0,1,6,0,31,13,0,1,0,0,0,4,0,0,1,0,25,1,1,0,0,0,0,2,0,0,0,0,0,0,1,1,0,0,10,1,1,0,0,1,0,3,1,1,0,4,0,1,0,1,1,7,1,0,0,0,1,0,0,2,5,1,0,14,10,1,1,1,18,0,18,4,1,1,0,2,1,2,0,0,0,0,0,0,2,1,2,2,3,5,0,0,0,1,0,2,6,1,0,4,6,1,9,6,2,0,6,0,10,3,5,4,13,11,1,0,0,0,1,5,0,3,0,8,1,1,11,0,3,0,0,3,2,1,1,2,5,9,0,1,1,0,1,1,0,2,1,2,1,3,0,0,0,1,0,11,0,2,1,0,0,5,0,0,3,2,0,1,0,2,2,0,0,0,1,12,0,0,1,0,0,13,1,10,2,11,17,1,0,1,0,1,0,2,0,2,0,2,0,0,0,0,0,2,0,1,2,10,0,2,1,0,20,2,1,3,1,1,0,0,1,4,8,1,0,1,1,3,0,3,0,0,1,0,0,1,1,0,1,0,8,1,10,0,1,0,1,0,0,1,4,0,0,2,5,0,2,2,2,3,12,2,0,9,7,0,0,0,10,18,0,0,1,0,0,0,0,2,0,0,6,1,0,2,0,3,6,0,0,0,0,1,1,1,1,11,6,1,0,1,0,0,0,0,3,0,0,0,0,18,1,5,5,7,2,7,2,0,6,5,0,3,10,0,0,0,1,1,0,1,0,8,1,1,0,1,3,1,1,4,0,1,1,1,0,0,0,1,0,0,0,0,2,0,9,1,12,2,0,0,1,1,13,1,0,1,0,0,1,0,0,9,1,6,0,1,0,0,0,0,0,5,0,0,4,0,1,0,0,4,0,7,0,1,1,0,3,1,7,0,0,0,2,4,11,0,1,10,1,5,0,1,8,0,1,0,0,0,1,0,1,1,16,3,2,1,0,1,7,0,7,0,6,0,5,0,0,0,6,0,1,0,11,1,0,0,0,4,2,0,2,0,0,3,0,6,4,1,0,1,2,1,0,1,1,1,1,1,0,0,1,0,4,2,0,0,1,7,1,0,0,0,1,0,2,0,0,0,7,0,0,2,0,0,2,6,0,1,0,1,5,3,1,8,0,1,11,9,0,2,1,0,12,1,1,0,1,2,9,1,1,5,0,0,1,0,6,0,1,0,3,14,1,2,1,0,1,6,0,2,2,0,5,2,0,1,0,0,2,1,0,1,0,2,1,6,0,9,1,8,15,0,0,0,0,0,0,0,1
CD79A,0,0,0,0,0,0,0,1,7,0,1,0,0,0,0,0,0,0,0,0,0,0,0,0,0,0,0,0,0,6,0,0,6,0,0,0,0,0,1,3,0,0,0,0,0,7,9,0,0,0,0,0,0,0,0,0,0,0,0,0,0,0,0,0,0,0,0,0,0,0,0,0,0,0,0,0,0,0,0,0,0,0,0,0,0,0,0,3,0,0,0,0,0,0,0,0,0,1,0,32,0,0,0,0,0,0,0,0,0,0,0,0,0,0,0,0,0,1,0,3,0,0,0,0,0,0,0,3,0,0,0,0,0,2,1,0,3,0,0,0,1,0,0,3,0,0,0,0,1,0,0,0,0,0,0,0,0,0,0,0,0,0,0,0,0,0,0,0,0,0,0,0,0,0,0,0,0,0,0,0,0,0,6,6,0,2,1,0,0,0,0,0,0,0,0,15,0,0,0,6,0,0,0,9,0,0,4,13,3,0,0,0,0,0,0,0,0,0,0,0,0,8,0,2,1,0,5,0,0,0,0,0,0,0,0,0,1,3,0,5,0,0,3,0,0,2,0,0,0,0,0,0,6,0,6,0,0,0,10,1,0,5,0,0,0,0,0,0,0,0,0,0,0,0,0,0,6,0,0,0,0,0,1,0,0,0,0,6,1,0,1,0,0,1,0,0,2,0,0,0,0,0,0,0,0,0,0,0,0,0,0,0,0,0,0,6,0,0,12,0,0,0,1,0,0,0,0,9,8,0,0,0,2,7,0,0,0,0,2,0,0,0,0,0,4,0,0,0,0,0,0,0,0,0,0,0,8,0,0,0,0,9,8,0,0,0,0,0,0,0,0,0,0,0,0,0,0,1,0,1,0,5,0,0,0,0,0,7,0,0,0,0,0,1,0,0,20,0,0,1,0,0,0,0,0,0,0,12,7,7,0,0,0,0,0,0,0,6,0,0,0,0,0,0,0,0,0,0,0,0,7,0,0,0,0,3,0,0,0,0,0,1,0,0,0,0,0,0,3,0,0,0,0,0,1,0,0,0,0,4,0,0,0,12,2,5,0,0,0,0,0,0,0,0,0,0,0,0,1,0,0,0,0,0,0,0,0,1,0,0,0,0,0,12,0,0,0,1,4,0,0,0,0,0,0,0,7,1,1,0,0,0,5,0,0,1,0,0,0,0,3,0,1,0,0,1,0,10,0,0,0,12,0,0,1,0,0,0,0,0,1,0,1,0,0,0,0,0,0,0,0,3,0,0,0,0,4,0,0,0,6,0,6,0,0,0,0,0,1,4,0,0,0,1,0,0,0,0,0,0,4,0,0,0,0,0,8,0,5,0,0,5,0,0,0,4,0,1,8,4,0,0,0,0,0,0,1,0,0,0,0,6,0,0,0,0,0,0,0,0,0,0,0,0,0,0,0,0,0,0,9,0,0,0,0,0,0,0,0,9,0,0,0,0,0,6,0,0,0,0,0,0,0,0,5,0,10,0,4,1,0,11,2,0,0,0,0,0,0,3,0,0,1,0,1,0,0,0,0,0,0,1,0,0,0,1,0,0,0,0,0,0,0,0,0,0,0,1,2,0,0,0,0,0,9,0,0,0,0,0,0,0,8,0,0,0,0,0,0,0,0,0,0,0,3,0,6,0,0,0,0,0,9,0,1,0,0,3,0,3,6,0,0,0,0,0,3,0,0,0,0,0,0,1,7,0,0,7,0,0,2,0,6,0,0,5,0,0,0,0,0,0,0,0,0,0,0,0,0,0,0,0,0,0,0,0,0,0,0,0,0,0,0,0,0,0,0,0,0,0,0,0,2,0,0,0,0,4,2,0,0,0,0,0,0,0,0,0,0,0,0,8,0,7,1,0,0,6,1,0,1,0,7,0,3,0,0,0,0,4,0,0,0,0,0,1,0,1,0,0,0,0,0,0,0,0,0,0,1,10,0,0,1,0,5,0,0,0,0,0,7,0,0,0,0,0,0,1,8,1,0,5,0,0,1,0,9,0,3,3,0,0,0,0,0,0,13,0,1,0,4,0,0,1,0,0,3,3,0,1,0,0,0,0,0,0,4,0,0,4,0,0,0,0,0,0,0,0,0,1,0,3,0,4,8,0,0,1,0,0,10,0,0,0,7,0,0,0,0,0,0,0,0,0,0,0,7,0,0,0,0,0,0,0,0,0,0,0,7,0,0,1,0,0,0,4,0,0,0,0,0,0,0,0,0,0,0,0,0,0,3,0,0,0,0,0,0,0,5,0,0,0,0,0,0,0,0,0,0,0,0,0,0,0,0,2,3,3,0,0,6,0,0,0,0,0,0,0,0,0,1,0,3,0,0,0,0,0,0,0,0,0,0,0,0,0,0,0,0,0,0,0,0,0,0,1,0,0,0,0,0,0,1,0,0,0,0,0,1,0,0,0,0,0,0,0,0,0,0,0,1,0,0,0,0,0,0,0,11,2,0,0,1,0,0,0,0,0,0,0,0,0,0,0,0,0,0,0,4,0,0,0,10,0,5,0,0,0,0,1,0,0,0,1,4,0,0,0,0,9,0,0,0,0,0,0,5,15,0,0,0,0,1,0,0,12,1,0,0,1,0,2,0,0,8,0,0,7,0,0,0,0,0,6,0,0,6,0,0,0,7,0,3,15,0,0,0,0,2,0,0,0,0,0,0,0,0,0,0,0,0,0,0,0,1,0,0,0,12,0,0,0,0,1,0,0,6,0,0,0,5,0,0,0,0,0,0,0,0,0,0,3,0,0,5,7,1,0,0,0,0,0,0,0,0,1,0,0,0,0,0,0,0,0,0,6,8,0,3,0,0,0,0,0,3,0,0,0,0,0,0,0,0,0,0,5,0,0,0,0,0,1,0,0,1,0,0,0,0,1,0,0,0,0,0,0,0,1,7,0,6,0,0,0,0,5,0,0,0,0,0,10,0,0,3,0,0,0,0,1,5,0,0,0,0,0,4,1,0,8,0,0,0,0,6,0,0,1,0,0,1,0,0,4,0,0,0,0,0,3,0,7,0,0,0,4,0,0,0,0,0,1,0,0,0,0,8,0,0,1,0,0,0,0,0,0,0,0,0,0,0,0,0,0,0,0,2,0,0,0,0,0,0,1,4,7,9,1,0,0,0,0,0,1,1,0,0,0,11,0,0,0,0,0,0,0,0,0,6,0,0,0,0,0,0,0,0,1,0,0,0,0,0,0,0,0,0,0,0,0,0,0,2,0,0,0,0,0,1,0,0,0,0,0,0,0,0,0,0,0,0,0,0,0,0,0,0,8,0,0,0,0,0,0,0,0,0,0,0,0,0,0,5,0,0,0,0,0,0,0,0,1,0,0,0,0,1,0,0,0,0,0,0,0,1,0,0,7,0,0,5,0,0,0,0,0,0,8,0,0,7,0,0,0,1,0,1,0,0,0,0,0,0,0,0,0,0,0,0,0,0,0,0,0,0,0
S100A11,0,0,1,0,0,4,8,2,0,0,4,3,8,0,2,16,2,0,3,0,0,0,4,4,0,1,0,0,1,0,0,1,0,2,0,2,1,1,7,2,0,1,11,4,0,0,1,2,0,0,0,1,5,1,0,1,0,0,0,3,10,0,2,2,0,5,1,0,10,0,1,1,1,4,9,1,0,9,6,9,2,2,4,4,0,1,0,0,2,0,8,2,0,10,1,21,0,1,7,0,1,1,6,0,0,3,2,0,7,0,5,0,0,5,0,0,1,1,15,1,1,4,8,0,2,0,1,0,3,1,0,0,0,1,0,0,0,1,6,2,3,1,3,0,7,0,7,6,1,0,9,0,1,0,1,0,0,1,0,4,0,0,15,15,0,0,7,0,2,12,1,0,1,0,6,0,1,1,6,0,0,0,0,0,3,0,1,0,8,5,19,9,1,0,0,0,1,1,0,0,4,3,5,0,0,0,0,0,0,0,0,1,0,0,0,0,0,0,0,7,1,0,2,0,1,2,0,6,0,0,0,0,12,12,11,0,1,0,0,0,7,0,0,5,0,0,0,6,8,8,1,11,0,0,0,0,0,0,0,4,1,0,0,11,0,0,0,0,1,1,0,9,6,0,0,1,0,6,9,3,4,2,1,2,0,0,0,1,0,0,0,1,4,0,0,1,1,0,10,1,0,1,1,0,5,0,0,4,9,0,0,0,0,3,0,0,0,1,0,0,0,1,17,0,3,0,3,1,0,1,0,9,0,1,3,0,0,6,3,8,8,1,2,1,0,1,1,2,2,8,12,0,9,0,1,3,0,0,5,2,0,1,0,3,3,0,20,1,1,0,0,3,4,0,0,10,1,1,0,8,1,0,6,0,0,5,0,0,0,1,0,30,1,17,0,3,1,1,0,7,6,0,5,3,4,4,2,0,0,0,2,5,6,0,1,4,0,0,1,1,4,4,11,0,8,0,0,2,1,1,1,0,1,0,8,0,2,5,0,8,0,2,9,0,1,15,2,0,0,1,1,5,2,0,8,0,1,4,7,0,0,0,0,0,9,4,2,0,8,2,11,4,0,0,0,12,1,0,0,1,6,1,1,2,3,1,0,2,0,2,1,0,0,0,0,5,1,0,0,0,8,12,0,1,0,1,0,9,0,1,5,1,0,1,0,4,1,0,0,6,0,0,1,12,7,4,1,0,8,4,5,0,0,0,9,8,0,5,1,3,0,2,0,0,0,0,3,0,9,1,1,5,0,1,11,11,1,28,0,0,1,2,0,5,0,0,4,0,2,0,2,4,2,2,1,8,0,3,9,2,0,1,1,5,1,1,0,0,0,2,0,0,0,8,0,2,0,0,0,1,3,2,4,2,3,8,3,1,0,0,2,0,2,0,0,0,0,4,5,9,2,0,0,0,1,2,0,9,0,0,0,2,0,2,3,0,0,1,0,0,0,0,0,0,1,0,5,1,0,2,2,0,0,4,0,4,0,2,1,3,7,1,1,0,1,5,1,0,2,0,0,0,10,0,2,0,2,4,0,3,0,9,2,0,5,0,1,0,8,0,0,1,1,0,1,1,0,0,0,7,1,0,2,3,0,6,1,0,0,10,1,1,0,0,6,1,0,1,0,0,0,0,0,3,0,1,0,0,0,1,1,2,1,1,4,2,5,0,2,0,0,0,1,4,2,0,0,0,1,0,0,0,1,0,0,0,0,0,1,0,1,5,0,0,11,0,1,0,1,0,0,4,0,1,7,1,6,0,6,0,5,1,1,3,8,18,1,1,1,3,1,0,0,5,21,2,2,0,2,0,0,0,0,0,1,1,2,0,0,0,0,4,0,8,0,0,8,1,0,0,0,0,9,0,0,3,0,0,0,4,2,0,0,7,0,0,0,1,5,0,3,3,8,1,1,0,0,1,4,0,0,6,0,0,0,0,5,10,1,0,0,0,1,1,1,0,0,5,0,0,0,5,7,1,0,0,1,0,0,3,1,0,4,2,2,0,0,0,0,0,0,0,2,6,6,9,0,0,7,0,0,0,0,1,0,0,0,0,9,8,13,0,0,0,6,3,0,0,1,0,0,9,9,0,1,9,1,2,4,4,1,0,0,0,0,0,0,31,2,5,0,0,5,1,0,1,2,2,0,0,3,1,4,0,1,0,0,0,0,5,2,0,1,1,1,5,1,2,1,7,0,13,2,0,0,0,0,2,3,0,0,0,0,11,1,0,0,1,2,0,0,0,0,1,0,0,0,1,0,1,0,7,0,2,1,3,0,0,2,0,0,2,6,0,1,0,0,0,8,1,0,0,0,0,0,2,3,9,0,0,15,9,0,1,0,6,0,6,6,1,0,2,2,1,1,0,0,0,0,0,0,4,0,3,0,0,6,0,2,1,0,0,18,28,7,0,3,6,0,5,8,3,1,7,0,2,1,2,6,11,1,3,0,1,2,0,4,0,0,0,3,0,0,14,1,3,1,1,2,0,7,0,15,9,7,2,2,1,0,3,0,0,0,3,0,0,2,2,2,5,0,1,7,0,0,0,0,0,2,2,0,0,2,0,0,0,0,1,0,1,0,0,5,1,1,0,0,0,1,1,7,0,1,5,0,0,0,0,0,1,3,0,0,0,0,0,0,0,0,0,0,0,0,1,0,1,6,0,0,7,0,0,4,0,0,0,0,0,5,11,0,0,0,2,0,2,5,0,0,0,0,0,1,1,0,2,0,10,1,7,0,0,0,15,2,0,27,1,1,1,0,7,0,0,0,0,16,11,1,1,7,11,0,0,0,2,8,1,1,0,2,0,0,0,0,0,0,1,0,1,28,0,2,3,1,0,16,3,0,0,0,0,7,5,3,0,0,2,1,2,1,2,0,1,0,0,8,3,5,10,11,0,4,5,0,6,2,0,0,9,0,1,0,1,5,0,1,0,1,0,14,0,1,2,0,1,9,0,0,0,0,0,0,1,3,2,0,0,4,0,0,7,3,2,0,1,0,0,0,13,0,0,1,0,0,0,0,3,19,1,4,0,1,1,0,1,1,0,0,0,1,1,1,0,7,0,0,3,2,1,4,12,1,12,8,9,0,2,0,2,1,2,0,1,12,0,4,0,2,13,1,3,0,0,0,0,1,0,5,8,30,1,0,0,0,7,0,6,0,7,0,4,2,0,0,2,0,0,0,1,0,0,0,0,4,1,0,5,0,1,2,0,12,8,0,2,0,0,0,0,1,0,0,0,0,0,0,2,0,6,3,1,1,0,1,0,1,0,1,8,0,0,2,1,0,3,0,0,0,1,0,0,12,0,0,0,18,0,0,1,13,0,0,3,8,0,5,2,1,12,0,0,0,0,0,7,1,5,2,1,0,0,0,4,1,1,0,1,9,1,0,14,0,2,6,0,3,0,0,2,0,0,3,0,0,1,0,0,3,0,0,4,3,0,7,1,3,23,0,1,0,3,0,0,0,0
NA..3,1,0,0,0,0,0,0,0,1,0,16,0,0,0,0,0,0,0,0,0,2,0,0,0,0,0,0,0,2,38,1,0,38,1,0,0,1,0,0,0,0,0,0,0,0,0,0,0,0,0,0,0,0,0,0,0,0,0,0,0,0,0,0,0,0,1,0,0,0,0,0,0,0,0,1,0,1,0,0,1,1,1,0,0,1,0,0,0,0,0,0,0,0,0,0,0,0,23,0,2,0,0,0,0,0,0,0,0,1,0,0,0,0,1,0,0,0,0,0,4,0,0,0,2,0,0,0,0,0,0,0,1,0,1,0,0,0,0,0,1,0,0,0,22,1,0,0,0,0,0,0,0,0,0,0,0,0,0,0,0,0,0,0,1,0,0,0,0,0,0,0,0,1,0,1,0,0,0,0,0,0,0,0,0,0,0,0,0,0,0,0,0,0,0,0,30,1,0,0,38,0,0,0,1,0,0,0,53,0,0,0,1,0,0,0,0,0,0,0,0,0,23,0,0,0,0,0,0,1,0,0,0,0,0,0,0,1,0,0,0,0,0,25,1,0,0,1,0,0,0,0,1,0,0,10,0,1,0,13,0,0,27,0,1,0,0,1,0,0,0,0,1,0,0,0,0,3,0,0,0,0,0,0,0,0,0,0,32,0,0,0,0,1,0,0,0,0,0,0,0,0,0,1,0,0,0,0,0,0,0,0,0,0,0,0,14,0,0,0,0,0,1,0,0,0,0,0,0,0,0,0,1,0,0,0,0,0,0,0,0,1,0,0,0,1,1,1,0,0,0,0,0,0,0,0,0,0,0,0,0,0,38,0,0,0,1,1,0,0,0,0,0,0,0,0,1,0,0,0,0,0,16,0,0,0,1,0,1,0,1,1,0,0,0,0,0,64,0,0,0,0,0,0,0,0,2,0,0,2,0,1,0,0,0,0,0,0,10,0,0,0,2,1,0,0,0,0,0,0,0,2,0,1,0,0,1,1,0,0,0,1,0,0,0,0,1,0,0,0,0,1,0,0,1,0,0,0,0,0,0,0,0,0,1,0,0,0,0,0,0,1,0,0,0,0,0,0,1,0,1,0,0,0,0,0,2,1,0,0,0,0,0,0,3,0,0,0,0,1,0,0,0,0,0,0,0,1,0,0,0,0,0,16,0,0,1,0,0,0,0,0,0,0,1,0,0,0,1,0,0,0,2,0,0,0,0,0,0,1,0,0,0,0,0,0,0,0,0,1,1,1,1,0,0,0,0,1,0,0,0,39,0,12,0,0,1,0,0,0,0,0,0,0,0,0,0,1,0,0,0,0,0,1,0,0,0,2,0,2,0,0,0,0,0,0,22,1,27,0,26,0,0,0,0,1,0,0,0,0,1,0,12,0,0,1,0,0,1,0,0,0,0,0,0,0,0,0,0,0,1,1,0,0,0,0,0,0,0,0,0,0,1,1,0,0,14,0,0,0,0,0,0,0,0,0,0,67,0,0,0,0,0,0,1,0,0,0,0,1,43,1,0,0,0,0,0,0,0,0,0,0,0,1,0,0,0,0,0,0,0,0,0,0,0,0,0,0,2,24,1,0,0,1,0,0,1,0,0,0,0,0,2,1,0,1,0,0,0,0,0,0,0,1,0,0,0,1,0,0,0,0,0,0,0,3,0,0,0,0,41,1,0,0,0,0,0,0,0,0,0,0,0,0,0,80,0,0,2,0,1,0,0,1,0,0,2,0,0,0,0,1,0,0,0,0,0,1,0,1,0,0,0,0,0,0,0,1,0,0,0,0,0,0,1,0,0,0,0,0,0,0,0,0,0,0,0,0,0,0,0,0,1,0,0,0,0,0,0,0,0,0,0,1,1,1,1,0,0,0,0,0,0,54,0,0,0,0,0,0,0,0,0,1,0,0,60,0,1,0,1,0,0,0,0,0,0,0,0,0,0,0,0,0,0,2,0,0,0,0,1,10,0,0,0,0,1,1,0,8,0,0,7,0,0,0,0,2,1,20,0,0,0,0,1,0,1,0,0,0,0,2,0,0,1,0,0,0,1,0,1,0,1,0,0,0,0,1,0,0,59,0,0,0,1,0,0,0,1,0,0,0,22,0,0,0,0,0,0,0,0,1,0,0,0,0,0,0,0,0,0,0,0,0,0,0,0,10,0,0,1,0,1,0,0,0,2,0,0,0,0,0,1,0,0,0,27,0,1,0,1,0,0,0,2,1,0,0,0,0,0,47,0,0,0,0,0,0,0,0,0,0,0,0,0,0,0,0,0,0,0,0,0,0,0,0,0,0,41,0,1,0,0,0,0,0,0,0,0,0,0,0,1,3,0,0,0,0,0,0,0,0,0,0,0,0,0,0,0,1,0,0,0,1,0,0,0,1,0,1,0,0,1,0,0,0,0,0,0,0,0,0,1,1,0,0,0,0,0,0,0,0,0,0,0,0,0,0,0,0,0,0,0,0,1,0,0,0,1,0,0,0,0,0,0,0,0,0,0,0,0,0,0,21,0,0,0,0,0,0,0,0,0,0,0,0,0,0,0,0,1,0,0,0,0,0,0,18,77,0,0,0,1,0,0,0,34,0,0,2,1,0,10,0,0,0,0,0,2,1,0,1,2,1,3,0,0,48,0,0,0,1,0,0,77,1,0,1,0,0,0,0,0,0,0,2,0,0,0,1,2,0,0,1,0,0,0,0,0,2,0,0,0,0,0,0,0,29,0,0,0,2,0,0,0,0,0,0,0,0,0,0,1,0,0,8,1,0,0,0,0,0,0,0,0,1,0,0,0,0,1,0,0,0,0,0,0,1,0,0,0,0,0,0,0,4,0,0,0,2,0,0,0,1,0,0,2,0,0,0,0,0,1,0,0,0,0,0,0,0,0,0,0,0,0,0,0,0,0,2,1,21,0,0,0,0,28,0,0,0,1,0,13,0,0,0,0,0,0,1,0,16,0,0,0,1,1,0,0,0,51,0,0,0,0,0,0,0,1,1,0,0,0,0,0,0,0,0,0,1,0,0,1,0,0,0,16,0,0,0,0,0,0,0,0,0,0,24,0,0,0,0,0,0,0,0,0,0,0,0,0,0,0,0,0,1,0,5,0,0,0,0,0,0,0,1,0,0,1,0,0,0,0,0,0,0,0,0,0,0,1,0,1,0,0,0,0,0,0,3,0,0,0,0,0,0,0,0,1,0,0,0,1,0,0,0,0,0,0,0,0,0,1,0,0,0,0,0,0,0,0,0,0,0,0,0,0,0,0,1,0,0,0,0,0,1,0,0,3,0,0,0,0,1,0,0,0,0,0,0,1,0,1,0,0,0,0,0,0,0,0,0,0,0,0,0,0,0,0,0,0,0,1,1,1,0,0,0,56,0,0,1,0,0,0,0,0,0,0,0,0,1,0,1,0,0,0,0,1,0,0,0,1,0,0,0,0,0,1,0,0,0,0,0,0,0,0
NA..4,0,1,0,0,0,0,0,0,6,0,0,0,1,0,0,0,0,0,1,0,0,0,0,0,0,1,0,0,0,0,0,0,0,6,0,0,0,0,0,8,0,0,0,0,0,7,0,0,0,0,0,0,0,0,0,0,0,0,0,0,0,0,0,0,0,0,1,0,0,0,0,0,0,0,0,1,0,0,0,0,0,0,0,0,0,0,0,0,2,0,1,0,0,0,0,0,0,1,0,0,0,0,0,0,0,0,0,0,0,0,1,0,0,0,0,0,0,0,0,0,0,0,0,4,0,0,0,6,0,0,0,0,0,1,0,0,10,0,0,0,0,0,0,1,0,0,0,0,1,1,0,0,0,1,0,0,0,0,0,0,0,0,0,0,0,0,0,0,0,0,0,0,1,0,0,0,0,0,0,0,0,0,6,4,0,8,0,1,1,0,0,0,0,0,0,7,0,0,0,0,0,0,0,7,0,0,2,4,0,0,0,0,0,0,0,0,0,0,1,0,0,2,1,0,1,0,7,0,0,0,0,0,1,0,0,0,0,1,0,7,0,0,5,0,0,3,0,0,0,0,0,0,6,0,7,0,0,0,6,0,0,1,0,0,0,0,0,0,0,0,0,0,0,0,0,0,11,0,0,0,0,0,0,0,0,0,0,5,0,0,0,0,0,0,0,0,0,0,0,0,0,0,0,0,1,0,0,0,1,0,0,0,0,0,0,1,0,0,8,0,0,0,0,0,0,0,0,5,2,0,0,0,0,6,0,0,0,0,0,0,0,0,0,0,5,0,0,0,0,0,0,0,0,0,0,0,9,0,0,1,0,3,2,0,0,0,0,1,0,0,1,0,0,0,0,0,1,0,0,0,0,1,0,0,0,0,0,11,0,0,0,0,0,0,0,0,11,0,0,0,1,0,0,0,0,0,0,0,1,8,0,0,1,0,0,0,0,7,0,0,0,0,0,0,0,0,0,0,0,0,1,0,1,0,1,6,0,0,0,0,0,0,0,0,0,0,0,0,10,0,0,0,0,0,0,0,0,0,0,0,2,0,0,14,0,4,0,0,0,0,0,0,0,0,0,0,0,0,3,0,0,0,0,0,0,0,0,0,0,0,0,0,0,8,0,0,0,1,2,0,0,0,0,0,0,0,11,0,0,0,0,0,5,0,0,0,0,1,0,0,0,0,0,0,0,0,0,2,0,0,1,15,0,0,0,0,0,0,0,0,0,0,0,0,0,0,0,1,0,0,1,1,0,0,0,0,6,0,0,0,4,2,5,0,0,0,0,0,0,9,0,0,0,0,0,0,0,0,0,0,6,0,0,0,0,0,3,0,0,1,0,3,0,0,0,13,0,5,9,2,0,0,0,0,0,0,0,0,0,0,2,5,0,0,0,0,0,0,0,0,0,0,0,0,0,0,0,0,0,0,7,0,0,0,0,0,0,0,0,4,0,0,1,0,0,1,1,0,0,0,0,0,0,0,1,1,6,0,5,1,0,17,5,0,0,0,0,0,0,2,0,0,0,0,0,0,0,0,0,0,0,0,0,0,0,0,0,0,0,0,0,0,0,0,0,1,0,0,1,0,0,0,4,0,10,0,0,0,0,0,0,0,4,0,0,1,0,1,0,0,0,0,0,0,3,0,7,0,1,0,0,0,3,0,0,0,0,28,0,12,5,0,0,0,0,0,6,0,0,0,0,0,0,0,8,0,0,10,0,0,9,0,7,0,0,7,0,0,0,0,0,0,0,0,0,0,0,0,0,0,0,0,0,1,0,0,0,0,0,0,0,0,0,0,1,0,0,0,0,0,1,0,1,0,0,0,0,1,7,0,0,0,0,0,0,0,0,0,0,0,0,8,0,2,7,0,0,1,0,0,0,0,6,0,0,0,0,0,0,9,0,0,0,0,0,3,0,1,0,0,0,0,1,0,0,0,0,0,0,14,0,0,0,0,10,0,0,0,0,0,23,0,0,0,0,0,0,0,7,0,0,3,0,0,0,0,15,0,5,0,0,1,0,0,0,1,11,0,0,0,3,1,0,0,0,0,0,7,0,0,0,0,0,0,0,0,6,0,1,6,0,0,0,0,1,0,0,0,0,0,0,1,0,13,7,0,0,0,0,0,6,0,0,0,12,0,0,0,0,0,0,0,0,0,0,0,23,0,0,0,1,0,0,0,0,0,0,0,7,0,0,0,0,0,0,7,1,0,0,0,1,0,0,0,0,0,0,0,0,0,11,0,0,0,0,0,0,0,1,0,0,0,0,0,0,0,0,0,0,0,0,0,1,0,0,0,10,12,1,0,4,9,0,1,0,0,0,0,0,0,0,1,5,0,0,0,0,0,0,0,0,0,0,0,0,0,0,0,0,0,0,0,0,0,0,1,0,0,0,0,0,0,0,0,0,0,0,0,0,0,0,0,0,0,0,0,0,2,1,0,1,0,0,0,0,0,0,0,8,4,0,0,0,0,0,0,0,0,0,0,0,0,0,0,0,0,0,0,1,0,0,0,19,0,1,0,0,0,0,0,0,0,0,0,6,0,0,0,1,15,0,0,0,0,1,0,6,22,0,0,0,0,0,0,0,4,0,0,3,0,0,9,0,0,2,0,0,7,0,0,0,0,0,15,0,0,1,0,0,0,7,0,0,22,2,0,0,0,7,0,0,0,0,0,0,1,1,0,0,0,0,0,0,0,0,0,1,0,10,1,0,0,0,0,0,0,2,0,0,0,5,1,0,1,0,0,0,0,0,0,0,1,0,0,12,7,0,0,0,0,0,0,0,0,0,0,0,0,0,0,0,0,0,0,1,6,5,3,0,0,0,0,0,0,0,0,0,1,0,0,0,0,0,0,0,0,0,0,0,0,0,0,0,0,0,1,0,0,0,0,0,0,0,0,0,1,0,0,4,0,9,0,0,0,0,1,0,0,0,0,0,6,0,0,10,0,0,0,0,0,5,0,1,0,0,0,5,0,0,6,0,0,0,0,6,0,0,2,0,0,0,0,0,2,0,0,0,1,0,12,0,0,0,0,0,8,0,0,0,0,0,1,0,0,0,0,8,0,1,0,0,0,0,1,0,0,0,0,0,0,0,0,0,1,0,0,0,0,0,0,0,0,0,0,6,5,0,0,0,1,0,0,0,0,0,1,0,0,0,0,0,0,0,0,0,0,0,0,15,0,0,0,0,0,0,0,0,0,0,0,0,0,0,1,0,0,0,0,0,0,0,0,7,1,0,0,0,0,0,0,1,0,0,0,0,1,0,1,0,0,0,0,0,1,0,0,0,6,0,0,0,0,0,0,0,1,0,0,0,0,0,0,4,0,0,0,0,0,0,0,0,0,0,0,0,0,0,0,0,0,0,0,0,0,0,0,1,0,1,0,5,0,0,0,0,0,0,8,0,0,2,0,0,0,0,0,1,0,0,0,0,0,0,0,0,0,0,1,1,0,0,0,0,1,0,0
SRGN,0,3,3,4,4,4,8,1,3,0,5,1,5,1,1,8,0,0,13,1,0,0,9,7,0,0,2,0,1,0,0,0,0,5,4,0,1,0,2,0,0,2,8,1,1,0,0,8,1,0,0,0,5,5,2,3,1,0,0,0,8,1,0,8,1,2,1,8,9,1,1,3,2,9,8,1,2,12,4,7,0,3,7,4,4,1,1,0,4,0,4,1,0,5,2,9,1,1,6,4,2,1,6,0,2,3,0,5,3,2,2,1,10,8,0,0,2,0,7,0,0,2,14,0,1,1,1,0,6,0,0,0,0,1,0,1,0,0,6,2,0,0,0,1,5,2,6,14,0,3,15,2,5,2,0,0,1,1,4,6,0,0,26,4,1,3,0,3,9,12,0,0,0,1,3,0,2,0,6,2,1,0,0,0,7,0,0,0,3,2,7,2,0,2,1,0,1,1,8,0,2,3,4,0,0,1,0,1,0,0,1,1,6,1,4,1,1,0,12,20,0,0,7,0,0,3,0,5,0,0,1,0,5,5,7,1,0,0,0,1,3,0,0,3,0,1,0,6,7,9,0,7,0,6,0,1,0,1,0,3,0,0,5,7,0,3,1,0,1,4,5,8,5,2,0,2,0,6,15,0,8,6,1,0,0,0,1,0,0,0,5,0,2,3,0,0,0,0,15,2,2,0,2,0,4,1,2,2,7,1,0,0,1,1,0,0,1,3,0,0,1,5,9,0,0,0,6,0,0,3,1,7,1,0,1,0,0,4,0,8,6,4,11,0,0,5,0,3,1,11,9,0,7,1,1,3,0,0,9,3,2,0,1,7,5,1,24,2,1,0,0,8,4,0,3,12,1,3,0,11,5,0,10,1,0,5,1,0,0,4,1,15,1,3,0,5,1,3,4,0,9,0,7,1,5,4,4,0,0,0,0,1,6,1,0,9,0,0,0,0,7,4,6,1,8,0,1,2,1,0,0,1,1,1,7,0,3,1,1,13,4,0,6,0,2,13,5,1,0,1,2,0,4,0,11,0,1,20,9,0,2,0,1,0,10,3,0,1,3,2,7,10,0,2,0,13,5,1,0,0,7,4,4,5,10,1,2,1,0,5,1,0,0,0,0,5,0,0,0,4,5,6,0,0,0,1,0,6,1,0,2,1,0,0,0,0,1,0,0,3,0,0,0,7,6,3,2,0,11,0,4,0,0,0,4,11,7,6,0,1,3,3,1,3,1,1,5,0,7,0,0,7,1,1,6,13,0,13,0,2,0,1,0,7,1,0,4,0,0,0,1,4,2,2,0,4,0,0,2,2,1,3,0,3,3,2,1,0,0,2,2,0,4,7,0,0,1,0,0,0,1,6,1,5,0,22,5,1,0,1,4,0,5,2,7,0,0,4,8,12,0,2,3,0,6,0,3,2,2,2,0,1,3,7,3,0,0,0,0,0,0,4,3,1,0,0,7,0,0,4,1,2,0,3,0,5,0,1,0,9,6,0,1,7,0,1,3,0,0,0,0,0,2,3,7,2,3,9,1,0,3,6,3,1,2,0,3,1,5,0,2,0,1,1,1,0,1,2,0,2,0,0,9,2,0,7,0,0,1,11,4,1,0,1,1,6,1,2,0,0,1,1,0,0,0,1,0,0,1,5,2,0,0,1,7,0,8,0,1,1,0,1,0,11,5,4,0,0,4,0,1,2,1,1,1,0,1,0,1,1,1,8,0,0,8,0,2,0,0,1,0,4,1,1,1,6,3,0,3,0,6,0,1,1,13,4,5,0,2,0,3,2,0,2,14,3,2,1,12,0,1,1,0,0,6,0,0,0,1,2,2,3,1,4,1,1,5,0,1,2,3,0,4,0,0,0,1,0,3,1,0,5,0,2,2,0,2,1,5,0,2,8,4,1,1,0,2,1,3,0,1,3,5,0,4,1,3,19,1,2,1,1,0,0,0,0,0,5,3,0,0,5,9,1,0,2,5,0,0,3,0,0,5,7,10,3,0,0,0,0,0,0,7,8,4,8,0,0,2,1,0,1,1,0,1,1,0,0,6,12,3,2,0,0,9,1,0,0,1,0,1,6,14,1,2,7,0,0,6,3,1,1,1,0,0,2,0,8,1,4,1,0,1,2,1,0,3,1,0,2,2,1,5,0,0,0,0,0,0,7,1,0,0,1,3,9,0,0,0,8,3,10,8,1,0,0,0,1,6,0,1,0,0,9,2,1,1,0,1,1,0,0,1,2,0,1,0,0,1,0,0,4,4,0,1,0,1,1,6,0,0,1,9,0,0,0,1,1,5,0,0,0,0,0,2,1,2,5,0,1,15,12,0,0,0,7,1,9,7,4,2,5,3,2,0,0,0,2,0,0,1,9,2,4,1,0,3,1,1,2,1,1,14,10,1,5,6,11,0,6,6,0,5,5,2,9,0,4,9,12,1,7,0,2,3,11,6,0,0,0,3,1,1,7,2,2,0,1,2,1,2,2,6,5,15,1,3,1,0,5,4,0,0,2,0,0,3,2,2,2,0,0,12,0,0,0,4,1,3,0,1,2,7,4,1,1,0,0,0,1,2,0,11,10,0,0,2,1,2,0,4,0,2,8,0,0,1,0,3,0,0,1,0,0,1,0,0,0,0,6,1,1,2,0,3,10,9,0,1,9,0,0,8,1,0,3,3,0,2,9,0,2,0,1,1,0,4,2,0,1,0,0,0,2,0,4,0,20,2,7,1,0,1,10,1,1,6,2,0,0,0,6,1,1,0,1,6,7,1,0,15,13,1,1,0,10,8,0,0,0,0,1,1,1,1,0,1,5,1,0,13,0,3,3,0,2,4,5,1,0,0,0,2,4,1,0,0,7,0,1,1,0,0,0,1,2,8,3,8,2,13,3,6,2,0,6,1,2,0,7,0,0,3,0,2,0,10,0,7,2,15,0,0,6,0,0,2,1,1,0,0,1,2,0,0,1,0,1,6,0,2,4,7,6,1,0,2,1,0,9,0,1,0,0,0,0,0,2,9,0,7,0,1,1,1,0,2,0,1,1,1,0,0,0,3,0,0,5,8,1,1,6,0,14,1,8,1,4,1,3,5,4,1,6,12,0,5,1,3,6,3,2,0,2,0,0,0,0,1,4,15,0,0,1,2,3,0,7,1,5,2,9,3,1,3,5,2,1,0,2,0,3,0,0,4,1,0,11,2,2,1,5,12,3,0,1,0,0,0,1,0,1,1,0,0,1,1,1,0,5,1,1,0,2,5,0,0,1,5,1,0,0,4,0,0,7,1,0,0,6,1,1,4,0,2,1,6,5,1,2,4,1,0,10,10,1,0,5,1,11,1,0,0,1,0,3,0,7,5,3,0,2,4,6,1,1,0,0,6,0,0,15,0,3,4,0,5,0,2,2,0,0,1,2,2,2,0,0,5,0,0,2,7,1,4,0,2,16,1,1,0,0,1,1,0,1
HLA.DQA1,0,0,0,0,0,11,3,0,1,1,6,0,8,0,0,4,0,0,2,0,0,0,1,2,0,1,0,0,0,1,0,1,1,5,0,0,0,0,28,2,0,0,1,0,0,1,1,4,0,0,0,0,1,0,0,0,0,0,0,0,20,0,0,3,0,0,0,0,1,1,0,0,1,0,2,0,1,1,0,7,0,0,0,3,1,0,0,4,1,0,1,0,0,1,0,2,0,5,3,24,0,1,3,1,0,0,0,0,6,0,0,0,0,0,0,1,0,1,0,2,0,0,0,1,0,0,2,4,0,0,0,0,0,0,0,0,0,0,1,0,0,0,0,3,43,0,1,1,0,0,3,0,0,0,0,0,0,0,0,0,0,0,9,0,0,0,0,0,7,71,0,0,0,1,0,0,1,0,5,0,0,0,3,2,0,1,0,0,0,2,15,18,0,0,0,8,0,0,0,1,3,0,11,2,0,0,5,4,4,1,0,0,0,0,0,0,0,0,4,1,0,7,5,3,0,0,3,1,0,0,0,0,1,8,0,0,1,4,0,0,1,0,5,0,1,2,0,1,0,2,0,0,4,2,5,0,0,0,3,3,0,1,0,0,0,0,0,0,0,0,0,24,2,1,1,0,2,8,3,0,0,0,0,0,0,0,1,4,0,0,0,1,1,0,0,0,0,0,3,1,0,0,0,1,0,0,0,1,2,1,0,0,1,0,0,6,0,0,3,0,0,0,14,0,0,0,3,2,2,0,0,7,0,2,1,0,0,0,0,1,10,0,0,1,3,0,0,1,0,2,3,0,5,1,1,0,4,0,5,2,1,2,5,0,0,0,61,1,1,0,0,3,0,0,0,51,0,0,0,0,0,1,1,0,0,0,0,6,0,0,0,7,0,10,0,0,10,0,0,5,0,0,0,0,1,0,0,3,3,0,0,0,0,0,0,20,0,5,0,1,7,0,1,0,0,0,1,0,0,2,0,0,0,0,2,2,3,1,0,11,1,0,30,0,0,47,0,0,7,0,0,0,0,0,0,0,2,6,1,2,3,0,0,4,2,4,0,0,5,0,0,1,1,0,0,2,1,0,1,0,4,1,0,0,0,0,0,0,0,0,0,0,0,2,0,0,1,0,0,0,1,1,0,0,0,0,2,30,0,0,0,1,4,0,1,0,0,0,0,0,0,0,1,2,0,3,0,3,2,0,2,6,0,1,0,2,1,41,0,1,1,0,0,0,0,0,0,0,24,0,0,16,0,0,3,13,3,1,0,0,3,0,3,0,0,0,0,0,0,4,0,0,0,0,0,0,0,0,1,0,5,0,0,3,0,1,4,0,0,1,0,3,0,6,0,4,0,3,4,3,0,13,0,1,1,73,1,0,0,0,1,3,0,0,0,0,0,0,2,5,0,0,0,0,0,0,0,8,0,0,2,0,0,0,0,0,0,0,0,2,0,1,0,1,0,6,3,0,0,1,0,2,0,2,2,0,1,1,1,6,2,3,3,0,0,1,0,0,1,3,0,1,0,0,0,1,0,1,0,0,0,30,0,0,0,0,0,0,1,0,0,0,0,0,0,1,0,0,2,0,0,0,3,1,0,9,0,0,0,58,1,0,4,0,0,1,1,0,0,0,0,0,1,0,3,0,4,1,0,1,0,0,1,0,7,0,2,2,0,5,0,0,0,0,1,0,3,0,0,0,1,0,0,0,6,0,0,0,0,1,5,0,4,0,1,2,0,0,0,0,0,0,0,0,1,0,0,0,0,0,1,0,0,0,0,4,0,0,0,0,0,0,0,0,6,1,0,0,3,0,0,0,4,0,0,0,0,4,2,0,0,0,0,0,0,1,10,0,0,0,0,4,35,3,4,0,0,3,0,0,0,1,5,3,0,0,0,1,1,9,2,2,0,0,0,4,0,0,0,0,0,0,1,0,0,0,0,2,0,7,0,0,0,0,3,1,0,0,0,1,2,0,12,0,0,0,0,0,4,1,0,0,0,28,1,0,7,0,2,4,0,0,0,0,0,4,2,0,28,0,10,0,1,0,0,0,1,4,30,0,1,0,0,1,0,0,4,1,0,5,0,30,3,1,3,3,0,0,0,1,0,3,0,1,4,0,0,13,0,0,2,0,0,0,2,0,0,1,1,0,0,0,0,1,0,0,2,0,2,0,3,2,0,0,0,0,0,0,4,0,0,40,0,1,0,1,0,0,1,0,0,1,0,27,0,2,1,1,0,0,5,0,0,0,0,0,0,0,0,0,0,0,0,0,0,0,0,0,0,0,0,0,0,0,0,1,8,5,8,0,2,4,0,0,0,0,0,0,0,0,36,77,2,0,0,4,0,0,0,0,0,0,0,0,0,0,0,0,0,0,0,0,0,1,0,6,1,0,0,0,0,0,3,7,1,2,1,0,0,0,9,1,0,0,0,1,0,1,0,1,10,0,0,0,1,0,0,0,2,5,0,0,0,79,0,0,0,0,0,0,0,0,2,0,4,0,0,0,4,0,1,0,7,0,5,0,0,0,0,0,0,0,1,0,1,2,0,0,0,5,0,0,0,0,0,0,0,10,0,0,0,0,11,0,1,2,0,0,4,1,0,3,5,68,2,0,1,1,1,0,1,0,0,0,0,1,8,0,0,0,5,0,0,10,6,0,3,0,2,60,0,0,7,0,0,0,0,0,0,1,0,0,0,0,1,1,2,0,8,0,0,0,1,0,0,0,2,11,1,0,4,0,0,4,0,0,3,1,0,0,0,1,0,0,2,5,0,0,0,0,4,13,0,0,0,10,4,0,0,0,0,0,0,0,0,4,3,1,4,0,1,0,0,0,2,0,0,1,1,0,0,0,18,4,1,0,0,0,0,0,0,2,1,0,0,1,4,0,4,0,13,0,21,0,0,0,0,0,3,7,3,0,0,0,0,4,0,0,1,0,3,3,0,0,0,0,0,0,0,0,4,0,0,0,0,0,0,0,0,7,0,1,0,4,5,0,0,1,0,1,0,0,0,5,0,0,0,0,1,2,3,1,1,0,1,4,0,0,9,0,0,0,0,0,0,0,4,0,1,0,1,2,0,1,0,10,1,0,0,0,0,0,0,1,19,0,0,1,0,4,0,0,0,0,4,6,1,0,0,1,7,0,0,0,0,2,0,1,1,43,0,3,1,1,0,2,0,0,0,5,0,0,0,0,0,0,0,48,0,0,3,1,7,0,0,0,0,0,0,0,0,0,0,0,0,0,0,0,1,0,0,0,0,0,0,0,0,1,0,0,0,0,2,0,0,1,0,3,0,0,0,0,3,0,0,1,2,0,0,0,3,0,4,0,55,1,0,0,0,1,0,0,0,0,0,1,0,0,1,0,0,0,0,2,0,0,0,4,1,0,4,3,0,0,0,0,0,4,0,1,0,0,0,0,0,1,0,0,0,0,0,0,0,0,1,0,1,68,0,0,0,0,0,0,0,0
COTL1,1,0,0,0,0,4,1,2,2,1,5,4,5,1,2,20,0,1,2,2,1,0,5,5,0,12,0,2,0,6,3,0,6,3,0,0,3,2,13,2,0,3,8,3,1,1,6,8,1,0,0,2,6,3,0,5,0,3,1,2,16,0,3,3,1,2,0,1,6,1,0,0,1,6,7,0,0,7,1,9,1,2,4,2,0,2,1,2,1,0,1,3,3,7,3,7,0,0,4,13,3,0,4,1,0,5,2,0,17,0,0,0,0,6,0,0,0,1,5,0,1,3,8,1,0,4,2,0,6,0,0,0,3,0,0,1,1,1,3,0,0,1,2,3,35,0,5,4,4,0,11,0,0,3,0,0,0,1,0,6,0,0,9,6,0,6,4,3,5,29,1,1,3,1,8,0,1,3,7,1,0,0,1,0,5,3,1,1,4,12,25,6,0,2,3,2,3,0,1,6,4,0,7,1,3,2,0,1,2,1,0,0,1,0,2,1,0,0,0,9,1,2,1,2,4,0,0,9,0,0,2,0,26,10,5,2,3,0,1,2,5,0,1,0,0,0,4,13,7,6,0,4,1,2,0,4,0,2,1,10,2,3,2,11,5,2,3,3,2,0,0,13,4,10,1,3,1,13,11,2,1,4,0,4,4,2,1,0,2,2,1,1,7,3,4,0,0,1,8,1,0,0,5,1,4,0,0,1,33,1,1,0,2,6,1,0,2,2,0,3,0,0,12,0,0,1,4,2,1,0,0,9,0,0,8,1,0,3,4,5,20,11,5,0,2,7,1,9,1,9,13,2,18,1,0,2,0,0,8,1,0,1,1,2,1,1,28,0,0,1,0,5,0,1,1,37,3,4,0,7,1,1,6,0,2,3,4,1,0,0,1,38,0,31,2,6,15,2,0,18,4,0,2,2,8,2,2,2,1,9,2,1,7,2,2,14,1,0,0,0,4,2,28,0,13,0,2,1,0,4,0,1,0,2,2,0,4,0,1,10,0,3,24,2,7,33,2,1,0,0,1,1,5,0,7,2,2,10,8,0,0,0,0,0,9,13,0,2,1,1,4,5,0,0,1,15,6,1,1,1,3,2,0,2,3,1,0,2,0,5,1,1,1,0,0,0,1,0,0,1,2,8,0,1,0,6,0,33,0,1,3,0,0,0,1,3,2,3,2,0,2,1,1,5,7,10,1,1,9,0,12,2,2,0,1,9,4,15,0,1,1,1,2,0,0,1,7,2,24,1,3,19,1,0,5,8,0,25,0,3,2,1,0,2,0,2,3,0,1,0,2,2,1,1,2,5,4,2,2,0,0,0,0,4,1,2,0,2,1,6,0,1,0,11,0,2,1,2,0,0,2,12,3,3,3,18,6,0,0,3,6,0,2,0,3,1,0,4,8,8,1,1,2,1,0,0,0,20,2,1,1,1,2,0,4,0,1,2,0,3,2,4,1,1,1,0,1,0,5,0,0,0,0,3,0,9,0,1,1,14,5,2,6,0,1,0,6,0,1,1,1,0,3,2,1,2,4,5,1,2,0,33,1,1,4,0,0,2,2,0,0,0,0,0,1,0,3,2,0,4,1,3,0,2,0,8,2,2,1,28,0,0,0,5,3,3,2,1,1,1,1,0,0,3,0,0,2,1,1,0,0,0,0,0,0,1,4,5,2,0,0,0,1,7,2,1,0,0,1,2,4,0,1,3,0,0,0,1,0,1,2,5,2,1,6,0,1,0,2,0,0,3,3,3,9,7,8,1,7,2,3,0,0,0,2,21,0,1,3,2,0,0,0,3,10,5,1,3,3,2,1,0,0,2,1,2,1,2,0,1,0,2,0,6,1,1,9,0,0,0,0,1,22,1,0,0,3,1,1,3,4,0,0,4,3,0,0,1,6,6,5,5,9,0,1,4,0,0,0,0,1,3,1,1,1,0,1,8,1,3,1,0,0,1,3,0,1,1,0,0,6,4,27,0,1,0,0,1,1,6,2,0,5,14,4,1,1,0,1,2,0,1,0,4,1,9,6,1,13,1,0,1,1,0,3,1,2,0,24,4,8,0,1,3,2,4,0,2,3,4,0,24,4,1,0,6,0,3,5,15,1,3,1,0,0,0,1,36,1,0,2,1,3,1,1,1,0,0,1,0,1,1,5,1,0,1,6,2,2,1,5,0,2,0,3,10,0,0,2,3,1,50,3,2,2,2,1,0,9,2,1,0,1,23,2,2,0,0,1,0,0,0,1,5,1,0,0,5,0,0,0,4,0,2,1,1,1,0,1,2,2,0,4,1,0,1,1,0,5,0,0,2,0,0,3,2,6,8,0,1,36,15,1,0,0,9,1,10,2,1,1,0,0,0,0,1,0,2,0,0,0,6,1,3,1,1,5,1,1,3,0,1,24,41,9,1,9,4,0,4,7,3,0,22,0,1,2,6,4,10,0,5,0,0,1,3,6,0,1,2,2,1,1,30,0,2,0,2,1,0,2,0,32,8,8,2,0,1,0,0,3,1,3,2,2,0,3,1,3,1,1,0,9,0,1,2,1,1,8,3,0,3,3,1,0,2,0,3,0,2,0,0,9,0,2,0,0,1,0,3,4,3,0,23,1,1,0,1,0,0,3,1,0,0,4,1,2,0,1,0,1,1,3,3,1,0,11,2,0,13,1,0,9,0,1,0,1,0,3,6,0,1,0,1,1,2,12,0,1,1,1,0,1,1,1,3,3,9,2,8,0,4,0,41,2,1,25,1,1,1,0,5,3,2,1,1,5,10,1,2,8,8,1,0,4,1,16,0,0,0,1,1,1,0,1,1,2,2,3,1,25,1,3,6,0,1,19,1,2,0,4,2,11,11,0,1,1,0,1,1,3,3,1,0,0,0,16,0,5,3,8,1,14,18,2,7,5,3,0,9,1,3,2,1,3,1,1,0,2,0,31,1,0,4,1,0,0,3,0,2,0,0,3,0,0,0,1,0,0,2,1,11,5,6,4,1,3,1,0,5,1,0,2,0,0,1,0,0,36,0,2,1,1,0,1,1,3,0,10,2,4,4,0,0,16,1,5,1,2,0,0,31,0,9,6,14,2,3,1,1,2,2,1,3,27,0,0,0,2,14,1,4,0,0,0,1,6,1,2,1,38,0,2,6,2,4,0,1,1,35,2,6,1,1,0,4,0,1,0,0,0,0,0,0,3,2,1,32,3,0,2,0,11,4,1,1,0,1,3,4,0,1,1,4,1,1,0,0,0,4,0,1,0,2,2,1,3,1,0,6,0,0,7,2,1,6,0,2,0,12,1,0,15,1,2,0,16,4,1,2,7,1,0,3,33,0,7,1,0,12,0,1,0,0,1,5,0,6,8,3,0,1,1,3,1,2,2,7,5,1,2,31,0,9,1,0,2,1,1,5,2,2,1,1,3,2,0,3,0,0,1,3,3,0,11,2,2,20,4,0,1,4,2,1,0,0
VIM,6,0,0,0,5,3,12,9,0,0,6,6,18,1,0,14,4,1,8,1,4,5,7,7,1,0,0,0,0,1,2,3,1,14,0,7,2,2,8,0,4,19,9,12,0,0,4,2,1,1,0,3,4,3,1,6,0,4,3,4,17,1,9,5,0,5,0,1,7,5,2,19,2,9,2,1,0,16,13,7,4,2,0,1,0,2,0,2,2,2,6,6,7,4,4,13,0,2,8,15,4,2,0,3,1,3,2,1,4,4,2,0,2,7,2,10,5,1,4,5,0,3,4,0,8,0,1,0,9,0,1,1,4,0,0,0,0,0,5,1,5,1,3,2,39,0,15,5,15,1,8,2,0,3,2,2,3,3,2,3,0,1,13,7,0,7,7,3,5,62,3,1,5,0,9,0,2,4,9,0,4,1,1,0,4,2,0,7,9,8,3,11,4,6,2,2,2,0,1,1,9,1,11,2,8,1,2,3,2,4,4,3,0,0,0,2,0,2,9,24,0,1,9,0,15,0,0,4,1,3,5,3,12,9,6,6,2,3,7,1,6,2,0,1,6,0,1,9,17,1,1,6,1,0,2,8,1,3,1,3,1,0,2,9,1,2,1,0,3,1,1,21,9,0,4,1,0,18,8,3,5,1,1,5,8,1,3,0,0,2,3,7,5,4,1,0,3,1,3,1,3,2,3,4,4,0,2,1,3,5,4,2,2,6,4,1,1,17,1,7,3,1,7,2,3,0,3,3,2,0,1,7,7,2,4,0,2,3,3,16,19,6,3,12,0,4,1,6,1,15,21,1,7,3,1,6,0,3,20,2,5,1,2,2,2,1,131,6,2,3,2,9,3,1,2,62,7,4,1,13,4,1,17,1,0,1,8,8,2,1,1,17,5,7,3,15,1,3,0,3,7,1,2,2,8,8,5,2,1,2,8,4,5,1,3,18,0,2,0,1,3,8,19,0,8,2,0,0,1,3,1,5,2,0,5,0,5,1,0,13,0,2,16,0,5,19,0,0,1,2,8,7,16,1,13,10,1,6,17,4,6,3,2,0,8,10,8,2,5,2,6,7,3,1,1,2,4,4,1,3,10,5,1,8,4,6,0,9,0,2,4,3,1,1,0,4,1,1,3,0,0,11,2,0,3,1,1,34,1,0,5,1,2,0,0,4,0,9,1,2,3,7,1,6,4,3,1,0,15,1,19,3,4,0,7,15,7,15,3,12,2,2,1,1,2,1,15,1,48,5,5,45,2,2,0,13,1,3,1,0,0,12,1,2,1,1,2,3,12,0,5,4,0,3,4,17,1,3,6,0,0,0,3,1,8,2,0,0,0,5,3,0,1,5,1,1,3,0,0,4,7,16,2,2,5,26,13,1,0,1,10,1,0,2,9,5,1,10,14,16,10,3,2,1,1,7,2,7,1,3,2,1,3,1,6,1,0,2,0,1,3,2,6,3,4,1,13,1,1,2,0,4,1,2,0,6,2,1,2,19,11,3,1,1,6,1,9,2,2,2,1,2,4,3,5,2,5,7,2,6,0,34,6,2,3,9,1,1,0,2,1,0,5,1,1,1,3,1,1,10,4,7,11,4,0,11,3,3,7,82,6,0,0,1,8,3,0,12,2,0,4,3,4,5,1,5,1,1,0,0,5,4,0,3,11,5,10,1,0,2,0,3,2,5,3,1,1,2,2,2,7,3,2,2,1,7,1,0,1,4,2,7,1,3,13,0,2,1,2,2,2,2,3,3,7,7,9,2,11,10,7,0,3,3,4,8,3,2,1,3,0,2,1,0,10,6,3,2,4,2,0,1,1,4,0,4,4,0,0,1,2,3,0,3,0,1,4,1,0,0,0,0,17,0,0,8,3,1,0,2,6,1,0,4,1,1,3,2,10,2,4,4,23,6,3,3,0,4,0,3,5,2,3,2,0,0,2,7,3,0,2,0,2,1,2,0,2,3,2,0,4,6,5,0,5,2,0,1,0,8,3,0,6,33,4,0,1,1,0,2,0,3,1,1,13,8,1,1,8,0,0,4,0,5,1,0,0,0,16,6,11,1,1,0,3,6,1,1,7,4,0,16,6,1,3,14,0,4,4,12,4,2,2,0,1,0,2,17,4,0,2,0,0,1,0,3,3,1,4,4,3,1,6,2,3,0,4,2,5,8,11,3,2,0,3,8,0,0,2,2,4,65,9,0,1,4,5,0,20,1,3,1,1,51,1,2,0,1,5,1,2,4,1,4,3,0,1,2,1,1,0,11,10,2,3,1,2,1,3,3,10,1,7,0,0,0,2,2,18,1,0,0,0,3,3,1,9,13,2,3,68,99,0,1,1,17,8,21,2,2,3,7,3,2,9,1,0,3,5,2,1,9,3,8,3,2,12,1,4,4,2,2,5,14,7,4,20,8,3,4,9,5,1,5,1,7,2,10,7,9,5,4,1,1,2,1,3,3,1,0,3,3,0,48,1,0,0,5,2,3,9,3,12,13,3,3,1,3,0,8,5,1,0,17,0,1,3,6,0,1,0,2,12,2,2,2,0,2,5,0,0,1,11,0,0,0,0,0,1,3,3,1,5,0,1,1,2,2,5,2,11,1,6,20,2,3,0,0,3,0,5,8,0,0,1,1,2,1,0,1,3,0,1,0,7,0,9,0,0,12,3,0,6,2,4,4,3,2,0,9,1,2,0,1,1,7,19,1,0,4,0,3,7,4,0,2,1,13,2,6,0,3,1,8,0,0,8,4,2,4,2,5,3,3,1,3,4,11,2,6,3,13,1,0,1,11,18,2,4,1,4,5,1,4,0,1,1,2,1,3,3,5,3,8,5,5,5,3,4,1,8,0,23,3,1,0,2,1,1,2,2,4,1,2,2,0,18,1,3,4,13,2,21,13,0,5,8,1,0,7,0,3,3,1,5,2,2,1,4,2,14,1,2,8,0,5,9,1,1,0,2,2,5,0,8,0,2,1,1,1,1,9,4,11,3,2,3,2,1,19,0,1,0,2,2,6,2,5,52,0,3,1,5,3,3,2,1,1,23,4,3,15,4,1,11,1,3,2,8,3,2,30,4,11,1,7,1,7,0,4,2,4,0,3,15,0,9,0,3,7,1,10,2,0,1,1,4,7,13,6,17,4,2,1,7,3,2,7,3,39,6,2,2,0,0,1,2,3,0,6,0,0,3,1,3,2,1,23,3,5,6,1,10,9,0,6,3,3,4,0,1,5,0,3,6,3,2,4,3,8,3,1,1,4,4,3,4,2,3,1,3,4,10,2,1,3,2,0,1,13,3,1,2,1,4,2,12,5,1,1,2,2,2,4,31,0,5,4,5,48,1,0,6,3,5,6,2,6,2,8,0,7,6,0,1,0,1,12,23,0,1,14,2,4,13,3,1,0,0,5,4,3,1,1,1,1,5,0,8,2,7,5,4,1,9,0,2,23,5,5,0,3,5,0,3,0
GZMA,0,10,5,3,4,0,0,0,0,0,0,3,0,0,0,3,2,2,0,0,0,0,0,0,0,0,0,1,2,0,0,0,0,0,3,3,0,0,0,0,0,1,0,0,5,0,0,0,0,0,0,0,0,4,0,0,5,0,0,5,0,0,0,0,0,1,0,0,0,0,1,0,0,0,0,5,4,0,0,0,0,0,1,0,5,0,0,0,6,0,0,1,0,0,0,0,1,0,0,0,6,0,0,0,8,0,0,9,0,0,5,0,0,0,0,1,4,0,0,0,0,0,0,0,0,0,2,0,1,0,1,0,3,0,2,0,0,0,0,5,0,4,1,0,0,2,0,0,0,2,0,7,10,0,0,0,3,0,1,0,0,0,0,0,8,0,0,0,0,0,0,9,0,0,0,0,0,0,0,0,0,0,0,0,0,1,0,0,0,0,0,0,1,0,0,0,0,3,0,0,0,6,0,0,0,2,0,4,0,0,0,7,5,4,0,4,0,5,0,0,0,0,0,0,0,3,0,0,0,0,0,1,0,0,0,0,1,0,0,0,0,0,0,0,3,0,0,0,0,0,0,0,0,6,0,1,0,0,0,0,0,0,1,0,0,5,0,2,0,8,9,0,1,0,0,4,0,0,0,1,0,0,0,0,0,0,0,0,0,0,0,0,0,4,4,0,0,0,0,6,0,0,2,0,0,0,0,0,0,0,0,0,1,0,0,0,0,0,0,0,3,3,0,0,6,0,0,0,0,0,0,0,0,0,0,0,0,0,0,0,0,0,0,0,0,1,0,0,0,0,0,0,1,0,8,0,0,0,0,0,8,0,0,0,11,0,0,0,0,0,4,0,9,0,0,0,0,2,0,0,0,0,0,0,1,0,1,0,0,0,0,0,0,1,0,0,1,1,7,0,0,0,5,0,0,0,4,0,8,1,0,0,0,0,0,1,0,0,0,0,0,0,61,8,0,0,4,6,0,0,0,0,3,6,0,0,0,1,0,0,5,0,1,1,6,0,9,0,0,1,2,0,0,1,0,0,2,3,0,0,0,0,0,0,4,0,0,0,0,0,0,0,2,0,0,0,1,0,0,0,0,0,7,2,0,0,4,0,0,0,0,0,0,0,0,0,0,0,0,5,0,1,0,0,0,0,0,0,6,0,0,8,0,0,0,0,5,0,0,0,0,0,0,0,0,0,8,0,0,1,0,0,4,0,0,0,0,0,0,0,0,1,0,5,0,0,0,0,0,0,0,0,0,0,0,0,0,0,0,1,0,0,0,5,0,0,2,0,0,0,0,14,0,0,0,0,0,1,0,3,0,6,0,0,0,5,0,0,1,0,4,0,10,0,0,0,0,0,0,0,0,0,0,4,0,0,0,3,0,0,0,0,6,0,2,0,0,0,0,0,0,0,5,0,10,3,0,0,0,0,0,0,1,15,0,1,0,0,1,0,1,0,6,0,1,0,0,0,0,0,1,0,0,0,0,0,0,0,0,0,0,0,0,10,0,1,0,0,0,0,0,0,0,1,10,0,0,0,0,1,6,0,0,0,0,0,2,0,0,0,0,0,2,5,0,0,4,1,0,0,0,0,0,9,0,0,0,1,0,0,2,2,0,0,0,0,4,5,0,0,0,0,5,1,0,2,0,0,1,5,0,2,0,0,0,0,0,0,2,0,0,0,5,0,0,6,0,0,1,0,6,0,0,1,0,0,0,0,3,0,0,0,0,0,0,0,13,0,0,0,0,0,0,0,0,0,0,0,0,0,0,0,0,6,1,1,5,0,0,1,5,0,0,0,0,1,8,0,0,1,0,5,0,0,6,1,5,0,0,4,0,0,0,0,0,0,0,1,2,2,8,0,0,0,0,0,0,0,0,0,0,4,0,0,0,0,4,0,0,0,0,0,0,0,5,0,6,5,8,0,3,0,0,0,3,0,0,0,0,0,0,0,0,0,0,2,0,0,6,0,0,0,1,6,0,2,4,0,0,1,1,0,0,0,1,1,0,0,0,0,0,0,15,0,0,6,0,0,0,0,0,0,0,0,1,0,0,0,1,0,0,5,0,0,0,3,0,0,0,0,0,1,0,4,0,0,0,0,0,1,0,0,0,0,0,6,1,0,0,7,0,0,0,8,0,0,3,0,0,6,1,0,0,0,0,0,0,0,0,0,7,1,1,3,0,0,0,0,0,0,0,1,0,0,0,0,0,0,0,0,0,0,0,0,3,0,0,0,0,0,0,0,0,6,1,0,0,3,0,0,0,0,0,0,0,6,0,1,0,1,0,5,0,0,0,0,0,0,0,0,0,0,0,0,1,3,0,0,0,0,0,0,0,0,0,0,0,2,0,1,1,0,3,5,0,0,0,3,0,1,0,0,0,1,0,0,0,0,2,0,0,0,0,0,0,8,0,0,1,0,1,0,3,0,0,0,0,0,0,1,0,0,0,0,6,3,0,1,0,0,0,0,4,0,0,0,0,4,0,0,0,6,0,0,0,0,2,2,0,0,3,0,0,0,0,0,0,1,3,4,0,0,0,0,0,0,5,0,0,0,0,1,13,3,2,6,0,0,0,0,3,0,0,5,0,0,0,0,0,1,0,0,0,0,0,1,0,0,1,0,0,0,1,0,0,0,0,0,0,12,0,0,0,0,0,5,0,0,0,0,0,0,0,0,0,0,0,0,0,1,0,0,0,0,0,0,0,1,0,0,0,0,0,0,0,0,0,1,5,0,0,0,10,0,0,0,0,0,0,1,0,1,0,0,0,0,0,1,0,0,0,0,0,0,0,0,0,0,1,0,5,0,0,0,0,0,0,0,0,5,0,0,0,0,0,0,0,5,0,1,0,0,0,0,12,1,0,15,0,0,1,0,6,0,0,0,0,6,0,0,0,0,0,0,0,0,0,0,0,0,0,0,0,0,0,0,8,0,0,0,0,0,0,0,0,0,0,0,0,0,0,1,0,6,0,0,0,0,2,0,0,0,0,1,0,0,1,0,0,1,0,0,0,0,0,0,0,7,40,0,0,0,0,4,0,0,4,0,0,6,0,0,1,0,0,0,0,11,0,0,0,0,3,0,0,0,0,9,0,0,0,0,0,0,0,0,0,0,4,0,5,0,0,0,0,0,0,0,0,0,0,6,0,0,0,0,1,0,0,0,0,0,6,0,6,0,7,0,0,0,0,0,0,0,0,6,0,0,0,4,0,5,0,0,0,0,1,0,3,0,0,5,0,0,0,0,1,1,0,0,6,0,1,0,0,1,1,0,5,0,0,0,0,2,0,0,0,0,0,0,0,0,1,0,0,2,0,0,0,3,0,0,0,0,0,0,0,1,2,0,0,0,8,3,0,0,0,1,0,4,2,0,0,0,2,0,0,0,0,0,0,0,0,1,0,0,0,0,3,1,0,1,2,0,0,6,0,0,0,0,0,0,0,0,0,0,0,0,0,2,0,0,1,1,0,1
CD79B,0,0,0,1,1,1,0,0,7,0,3,0,0,0,0,1,0,0,0,0,0,0,0,2,0,2,1,0,0,5,0,0,5,0,1,0,0,0,0,4,0,0,0,0,0,4,2,0,0,0,0,0,1,0,1,0,0,0,0,0,0,1,0,0,0,1,0,0,0,0,0,1,1,1,0,0,0,0,0,1,0,0,1,0,0,1,0,3,0,0,0,0,0,0,2,0,0,7,0,34,0,0,0,0,0,0,0,0,0,0,2,0,0,0,0,0,0,0,0,1,0,1,2,3,0,0,0,3,1,0,0,1,1,4,0,0,2,0,0,0,1,0,0,5,0,0,0,0,1,0,0,0,0,0,1,0,0,0,0,0,0,0,1,0,0,1,0,0,0,0,2,0,2,0,0,0,1,1,0,0,0,0,10,2,0,3,1,0,1,1,0,0,0,0,0,7,0,0,0,5,0,0,1,3,0,0,4,4,3,0,0,0,0,0,0,0,2,1,0,0,0,7,1,1,1,0,5,0,0,0,0,0,1,0,0,0,0,0,0,3,0,0,3,0,0,4,0,0,1,0,0,0,6,0,6,0,0,0,3,0,0,6,1,1,0,0,1,0,0,0,0,0,1,0,0,0,5,0,0,0,0,0,0,0,0,0,0,2,0,0,0,0,0,0,0,0,0,0,0,0,0,1,0,0,0,0,0,0,5,0,0,0,0,0,0,3,0,1,6,0,0,0,0,0,1,0,0,4,6,0,0,1,0,6,0,0,1,0,0,0,0,0,0,0,6,0,0,0,0,0,0,0,2,0,1,0,4,0,0,0,0,4,5,0,1,0,0,0,0,1,0,0,2,0,0,1,0,0,0,0,0,3,0,0,0,0,0,11,0,0,0,3,0,3,0,0,16,0,0,2,0,0,0,0,0,0,0,2,4,6,0,0,0,1,0,1,0,6,0,0,0,0,0,0,0,0,0,0,0,0,2,0,0,0,0,4,0,1,0,0,0,0,1,0,0,0,0,0,12,0,0,0,0,1,0,0,0,1,0,3,1,0,0,6,1,1,0,0,0,0,0,0,0,0,1,0,0,0,3,0,0,0,1,0,0,0,0,0,0,0,0,0,0,7,0,0,0,0,2,1,0,0,0,0,0,0,11,1,0,0,0,1,3,0,0,1,0,0,0,0,0,1,0,0,1,0,0,5,0,0,0,3,0,0,1,0,0,1,0,0,0,0,0,0,1,0,0,0,0,0,2,4,0,0,0,0,3,2,0,1,6,0,5,0,0,0,2,0,0,6,0,0,1,0,0,0,0,0,0,0,5,0,0,0,1,0,9,0,2,0,0,4,1,0,0,10,0,7,4,4,0,0,0,0,0,0,0,0,0,1,5,5,0,0,0,0,0,2,0,0,1,0,0,1,1,0,0,0,1,1,3,1,0,0,0,0,0,0,0,6,0,0,0,1,0,3,0,0,0,0,0,0,0,0,0,1,10,1,9,0,0,7,1,0,0,1,0,0,0,2,0,0,0,0,1,0,0,0,1,0,1,1,1,0,0,0,0,1,0,0,0,0,0,0,0,0,0,0,5,0,0,0,0,0,2,0,0,0,0,3,0,0,0,0,0,1,0,0,0,0,0,0,1,0,3,0,4,0,0,0,0,0,5,0,0,0,0,1,0,5,7,0,0,0,1,0,9,1,0,0,0,0,0,0,10,0,0,1,0,0,4,0,4,1,0,7,0,0,0,0,0,1,0,0,1,0,0,0,0,0,0,0,0,0,0,0,0,0,0,0,0,0,0,0,0,0,0,0,0,0,0,0,4,1,0,0,0,4,6,0,0,0,0,0,0,0,0,1,0,0,1,5,0,2,5,0,0,0,0,0,0,0,3,0,0,0,0,0,0,5,0,0,2,0,1,5,1,0,1,0,0,0,0,0,0,0,0,0,0,8,1,2,0,0,6,0,0,0,0,0,5,0,0,1,0,0,1,0,4,0,0,0,0,0,0,0,7,0,6,3,0,2,0,0,0,0,10,0,0,1,4,0,0,0,0,2,3,5,1,0,0,0,0,0,0,0,4,0,0,5,0,1,0,0,0,0,0,0,0,0,0,5,1,10,2,1,0,3,1,0,8,0,1,0,4,2,1,0,0,2,0,0,0,0,0,0,5,0,0,0,0,0,0,0,0,0,0,0,9,0,0,1,0,0,0,2,0,0,0,0,0,0,0,0,0,0,0,0,0,0,14,0,0,0,0,0,1,0,2,0,0,0,0,0,0,0,1,1,0,0,0,1,0,0,0,0,3,5,0,0,2,5,0,0,0,0,0,0,0,0,0,0,6,0,0,0,0,0,0,0,0,0,1,0,0,0,0,0,0,0,0,1,1,0,0,2,0,0,1,2,0,0,1,1,1,0,0,0,1,1,0,0,0,1,0,0,0,5,0,0,0,0,0,0,0,0,0,0,8,9,0,0,0,1,0,0,0,0,0,0,0,0,2,0,0,0,0,1,10,0,1,0,5,0,4,0,0,0,0,1,0,1,0,0,6,2,1,0,0,5,0,0,0,1,0,0,2,37,0,0,0,1,0,0,0,3,0,0,0,0,0,6,0,0,6,0,0,3,0,0,0,0,0,4,1,0,2,0,0,0,10,0,0,37,0,0,0,0,6,0,0,0,0,0,0,1,0,0,0,1,0,0,0,0,0,0,0,0,9,0,0,0,0,0,0,0,6,0,0,0,4,0,0,5,0,0,1,1,1,0,0,3,0,0,7,10,0,0,0,0,0,0,0,0,0,1,0,0,0,0,0,0,0,0,0,6,7,1,9,0,2,0,0,0,1,0,0,0,0,0,0,0,0,1,0,2,0,0,0,0,0,0,0,1,0,0,0,0,0,0,0,0,0,0,0,0,1,0,8,1,4,0,1,0,0,6,1,0,0,1,2,3,0,0,2,1,0,0,0,0,3,0,0,0,0,0,4,0,4,15,0,0,0,0,7,1,0,2,1,1,1,0,0,4,0,0,0,0,2,5,0,10,0,0,0,4,0,0,0,0,0,1,1,0,0,0,14,1,0,0,0,3,0,2,0,1,0,1,2,0,0,0,0,1,0,0,3,0,0,0,1,0,0,1,4,11,2,0,0,0,3,0,0,0,0,0,0,0,3,0,0,0,0,0,0,0,0,0,4,0,1,0,0,1,0,0,0,1,0,0,0,0,0,1,0,0,0,0,1,0,0,0,3,0,0,0,0,0,0,0,0,0,1,0,0,0,0,0,0,0,0,0,0,0,0,0,0,5,0,1,0,0,0,0,0,0,5,0,0,0,1,1,2,0,0,0,0,0,0,0,0,1,0,0,0,0,0,0,0,0,0,0,1,1,0,0,0,7,0,0,4,2,0,1,0,0,0,5,0,0,6,0,0,0,0,0,0,0,0,0,0,0,0,0,0,0,0,0,0,0,0,0,0,0,0,0
NA..5,3,0,3,0,6,0,0,2,0,0,0,0,0,1,1,0,0,0,0,0,7,7,0,0,1,2,0,0,0,0,1,6,0,1,0,4,1,0,0,0,0,2,0,4,3,0,0,0,2,1,2,1,0,1,2,0,1,0,0,1,0,2,0,0,7,2,2,0,0,10,0,0,0,0,0,2,1,0,0,0,0,0,0,0,0,2,0,0,1,0,0,5,9,0,9,1,1,0,0,0,7,7,0,0,0,0,1,3,0,9,2,0,0,0,0,0,6,0,0,0,0,0,2,0,2,1,2,0,0,0,1,1,5,0,1,24,0,1,0,0,12,2,1,0,0,0,0,0,11,1,0,0,0,3,0,0,2,1,0,0,0,1,0,0,1,3,3,0,0,0,4,0,0,3,0,1,0,1,0,0,0,0,0,1,0,0,6,0,0,0,0,1,0,0,5,0,5,1,0,0,0,1,0,0,2,0,0,3,0,0,1,5,1,1,1,1,0,6,0,0,0,1,0,0,11,0,0,0,8,5,2,0,0,3,0,0,2,0,1,0,0,0,0,0,0,0,4,0,1,0,1,0,0,0,0,4,4,2,0,0,1,0,0,0,0,0,1,0,0,1,3,0,0,0,0,4,0,0,0,1,0,0,2,0,0,0,0,0,1,0,0,3,0,4,3,0,0,0,0,0,0,2,0,3,0,2,0,0,0,10,0,1,0,0,0,0,0,11,0,9,2,1,0,0,9,1,0,0,0,3,4,0,5,0,0,1,3,0,2,0,0,1,0,0,0,0,0,1,0,0,0,4,3,0,0,1,0,9,0,0,1,0,0,0,5,8,0,0,7,8,0,0,1,7,0,0,1,0,0,1,0,0,0,2,0,0,4,0,6,0,1,0,0,0,0,0,0,0,1,1,0,0,0,0,0,4,1,0,1,1,12,1,0,0,1,0,3,0,1,0,0,4,4,1,0,0,1,1,1,11,0,1,0,0,2,0,0,1,1,0,0,3,0,0,0,0,3,7,0,0,0,2,0,0,1,0,2,1,0,0,0,0,9,0,1,0,0,2,0,0,0,0,0,7,8,0,0,3,0,1,0,4,0,14,0,0,0,2,0,0,0,1,4,0,0,0,4,0,1,0,0,0,2,0,1,0,0,0,0,0,0,0,0,0,0,5,0,2,0,0,0,0,0,1,0,0,0,0,0,1,0,1,2,7,6,0,7,0,0,0,2,0,1,0,1,0,0,2,0,3,0,0,2,1,0,0,1,1,0,0,0,4,0,0,3,0,12,0,4,0,0,2,0,0,1,0,4,1,0,1,0,1,0,0,0,0,0,0,0,0,0,0,1,0,0,0,6,0,0,0,2,0,0,0,0,1,0,0,0,1,0,0,1,0,2,7,0,0,0,0,0,0,0,0,0,4,0,0,0,0,0,2,7,0,0,1,0,1,0,0,0,0,6,3,0,0,0,0,0,0,3,1,3,0,1,0,0,4,0,0,0,1,0,3,0,1,0,2,1,0,1,6,0,7,0,2,0,0,1,2,0,0,1,0,0,0,2,0,0,2,0,0,1,2,0,0,1,0,0,0,5,9,0,3,0,1,1,0,0,0,15,0,0,2,1,0,1,4,1,2,3,0,10,0,0,1,0,3,1,0,10,0,0,0,0,2,0,1,6,0,0,1,1,0,0,0,0,3,0,0,0,0,9,0,0,0,0,0,0,0,0,0,0,5,0,0,15,3,0,1,0,0,4,5,0,0,0,8,0,0,0,0,0,11,0,0,0,1,0,1,3,0,0,0,0,4,0,5,0,0,0,2,0,4,1,2,0,0,0,0,0,0,2,0,24,0,0,1,0,0,0,0,0,0,0,1,4,0,1,0,0,2,0,0,0,0,0,1,0,1,0,0,0,0,3,0,1,1,0,3,1,0,0,0,0,0,0,0,1,0,0,0,0,0,0,2,0,1,0,0,0,0,0,4,0,2,0,0,0,0,0,0,0,0,0,1,0,0,0,0,0,9,0,0,0,2,0,4,0,1,0,13,3,4,2,0,0,0,0,0,0,4,0,0,0,0,0,0,1,0,0,0,0,0,0,0,0,1,1,0,0,0,7,0,0,1,0,0,0,0,1,0,6,0,0,4,1,0,3,0,0,0,0,0,2,0,0,0,0,0,4,0,4,0,0,0,0,0,0,0,0,0,0,0,3,0,1,5,0,0,1,8,4,0,0,4,5,0,2,0,0,0,1,0,1,2,2,5,0,1,2,0,13,1,0,4,7,3,0,0,0,3,0,7,1,0,0,0,0,0,1,0,0,0,2,6,1,0,2,3,0,0,0,0,1,0,0,0,0,0,0,4,1,4,0,4,0,0,3,0,0,0,0,5,0,1,0,1,0,9,3,7,0,0,0,4,0,0,0,0,1,0,1,0,0,0,1,0,0,0,0,0,5,10,1,3,0,3,1,0,0,0,0,1,10,0,0,0,0,3,5,0,0,0,0,0,4,2,0,0,2,0,0,3,0,1,0,0,1,3,2,0,0,0,0,7,0,0,0,0,0,1,3,0,0,0,0,0,0,4,0,1,0,0,0,0,0,0,0,2,0,0,0,0,0,1,0,2,0,4,0,5,3,0,0,0,0,12,1,0,0,1,0,0,0,0,0,0,0,0,0,0,0,9,7,0,0,2,0,0,0,7,0,0,0,0,0,0,0,13,1,0,3,11,1,0,0,0,0,0,0,3,4,0,1,2,0,4,1,0,5,0,0,0,0,0,0,0,2,11,0,0,1,0,4,0,0,3,1,7,0,4,3,7,0,0,0,0,0,5,1,0,0,0,0,1,0,0,4,1,0,17,1,1,1,0,2,0,0,5,1,0,2,2,6,1,0,1,0,0,0,6,0,0,0,0,2,0,0,0,0,7,0,0,0,0,0,12,0,0,0,0,0,0,0,2,0,0,6,1,0,1,2,2,1,5,1,0,1,0,0,0,0,0,0,2,2,1,1,0,7,3,0,0,0,1,0,4,17,0,0,0,4,0,13,0,4,0,0,0,4,11,4,5,0,0,0,5,0,0,6,0,2,0,0,0,3,6,0,13,0,0,1,0,0,0,0,0,7,0,4,3,1,0,0,0,0,1,0,0,0,1,0,2,0,0,0,0,0,0,0,0,1,3,1,0,0,4,0,0,0,0,1,2,0,1,0,1,0,6,0,2,0,0,2,0,15,0,5,1,0,0,0,3,1,0,1,5,0,0,11,0,1,2,0,7,0,0,0,0,1,1,6,1,1,0,1,0,0,0,0,2,0,0,2,1,0,0,0,0,0,0,0,0,0,0,5,0,1,1,2,7,0,2,0,0,2,0,0,0,0,12,1,0,0,1,2,0,0,1,0,0,0,0,0,0,0,0,4,0,0,0,1,0,0,5,0,1,0,0,1,0,0,0,0,0,0,0,2,1,0,5,6,1,0,1
PSAP,0,0,1,2,0,6,4,0,2,0,1,1,5,0,0,17,0,0,2,0,0,1,5,0,1,0,0,1,0,2,0,0,2,5,2,0,0,1,4,2,1,2,17,2,0,1,0,7,0,0,1,0,6,1,2,2,1,0,2,1,7,0,1,4,0,1,0,1,5,0,0,0,1,7,0,2,0,10,0,10,1,1,2,4,1,0,0,0,1,0,4,1,0,3,1,9,0,0,5,4,0,1,5,0,2,3,0,3,18,1,2,1,3,5,0,2,0,0,10,1,0,3,9,0,1,0,1,1,6,0,0,1,1,0,1,0,0,0,6,1,1,0,1,2,5,1,5,7,1,3,15,0,3,1,0,0,2,0,0,7,0,0,25,2,1,0,6,2,15,17,2,0,1,0,5,0,1,0,7,0,0,0,1,0,3,1,0,0,3,8,32,6,2,1,0,3,1,2,1,2,2,1,2,1,2,0,0,0,1,1,0,0,1,0,0,0,1,0,8,6,0,0,6,1,1,0,1,2,0,0,0,0,10,14,2,0,0,1,0,1,4,0,0,1,0,0,0,8,6,8,0,6,0,0,0,1,0,2,1,6,1,3,1,8,1,0,1,0,0,0,3,11,5,4,0,0,1,7,15,1,4,11,0,0,0,0,1,0,0,0,1,0,5,0,0,0,0,0,18,0,0,0,0,0,2,0,2,4,29,0,0,0,3,1,0,1,2,2,1,0,2,2,14,0,0,1,5,0,1,0,0,10,1,0,3,0,1,4,0,11,15,1,6,1,0,0,0,6,0,11,7,1,6,0,2,5,0,2,6,0,0,1,0,4,0,0,21,1,1,0,1,3,0,2,1,7,0,0,2,5,7,0,7,0,1,4,1,1,2,0,2,41,0,38,0,2,2,1,0,16,8,0,1,1,8,1,2,0,0,2,1,0,3,0,0,10,0,0,0,0,7,1,2,1,7,0,1,0,1,1,1,2,1,1,3,0,3,0,1,10,1,1,4,1,0,10,0,0,1,0,0,1,6,0,5,2,1,9,5,0,5,0,0,2,13,11,0,1,2,1,6,9,0,1,1,15,2,0,0,0,6,1,4,1,6,0,0,0,2,7,3,1,0,0,0,6,0,0,1,2,2,7,1,0,0,0,0,8,0,0,4,2,0,1,0,0,0,0,1,9,1,0,0,11,4,6,1,1,11,1,6,0,1,0,3,11,0,12,0,0,3,1,2,1,1,0,4,0,8,0,1,9,1,0,3,9,2,13,1,2,0,0,0,1,0,1,1,0,0,0,0,1,0,1,0,1,0,1,3,2,1,0,0,6,0,0,3,0,1,5,0,2,1,19,0,2,1,0,0,2,0,9,4,0,1,8,1,1,2,1,9,0,1,0,1,1,1,0,5,7,1,0,0,1,3,0,2,7,0,1,1,1,0,1,1,2,0,0,0,2,1,2,3,0,2,1,9,0,1,4,0,0,1,9,0,10,1,0,0,11,8,0,1,3,1,0,3,0,0,1,1,0,6,0,1,1,1,5,0,0,0,8,1,1,4,0,1,0,2,0,1,0,0,1,0,1,0,0,0,5,0,0,3,0,0,8,1,1,1,6,0,0,0,2,6,1,1,0,0,1,0,0,1,2,0,0,0,0,0,0,0,0,0,1,5,1,7,1,0,0,0,0,0,2,2,0,0,1,0,0,1,0,2,1,0,0,0,1,1,1,1,4,0,0,2,0,1,0,1,1,1,0,2,0,12,5,5,0,4,2,8,0,1,0,3,17,1,0,1,1,1,0,2,6,16,2,0,0,4,0,0,1,0,1,0,0,1,0,1,0,0,3,1,4,0,1,5,0,0,1,0,0,5,1,0,0,2,0,1,4,2,0,1,4,0,1,0,0,11,0,3,9,0,1,3,2,0,3,0,2,1,4,2,0,0,0,3,7,2,1,0,1,0,1,1,0,1,2,1,0,1,2,16,1,1,0,2,1,1,4,1,0,5,12,10,0,0,0,0,1,0,1,1,8,0,1,1,0,4,0,1,0,0,0,1,0,0,2,4,3,7,0,0,0,2,1,0,0,0,0,0,4,13,0,1,7,0,0,3,6,2,2,0,2,0,0,0,32,1,0,0,0,2,1,1,2,1,6,0,2,4,0,5,0,1,0,1,0,1,6,2,0,0,2,4,7,0,0,1,2,0,10,4,1,1,0,1,0,4,1,0,2,1,18,0,0,0,1,2,0,1,0,0,2,0,0,1,0,0,1,0,3,1,0,0,1,0,0,2,0,2,0,8,0,0,0,1,0,5,0,0,1,0,1,0,0,1,1,1,2,6,15,1,0,0,7,0,6,3,0,0,2,1,1,0,0,0,1,2,2,2,7,1,0,2,1,6,0,2,1,2,0,11,22,12,0,4,3,0,4,8,1,2,7,1,4,0,9,8,8,10,0,1,0,2,0,7,0,0,1,3,0,2,9,0,1,0,1,1,0,1,0,23,1,6,0,4,1,0,0,0,0,0,0,0,0,3,2,1,0,1,0,4,1,0,1,2,1,4,1,0,3,3,2,0,1,0,0,0,0,1,1,10,0,0,0,0,0,4,0,3,1,3,5,1,0,3,1,0,0,1,0,0,1,1,0,1,0,1,2,1,0,0,0,3,0,10,0,1,6,1,0,8,0,0,1,0,1,6,1,0,0,0,0,1,0,6,0,0,0,1,0,0,0,1,0,1,10,0,4,0,1,1,30,0,2,28,2,0,2,1,4,0,0,0,1,3,8,1,0,6,9,0,0,0,4,6,0,0,1,1,2,3,1,0,0,3,3,2,0,13,0,3,4,1,0,16,1,0,1,0,0,3,5,1,1,4,1,1,0,1,7,1,0,0,0,6,1,2,6,9,2,3,2,1,3,3,0,0,10,2,1,0,0,4,0,1,0,5,0,27,1,2,3,0,0,2,0,0,0,0,0,1,1,0,0,1,0,1,1,0,5,0,2,2,0,0,2,1,10,0,1,2,0,0,0,0,0,3,1,5,1,4,0,0,1,0,0,3,0,2,1,2,0,13,0,2,0,4,1,2,16,2,9,5,16,0,2,0,1,2,2,1,1,13,0,6,0,0,6,0,0,0,1,0,1,0,0,2,4,41,0,0,0,1,2,2,8,1,5,0,8,2,0,0,7,0,0,1,3,1,0,0,1,1,2,0,4,0,0,0,2,17,3,0,0,1,1,1,0,0,2,1,1,0,1,0,0,1,4,0,1,0,0,8,0,0,1,1,5,0,0,0,0,0,6,1,1,0,1,0,1,8,0,0,1,11,1,0,0,7,0,0,6,7,0,1,0,0,25,0,0,2,2,1,4,0,3,7,0,0,0,0,7,0,1,0,1,10,0,0,27,0,1,0,0,2,0,0,6,0,1,2,0,0,0,0,0,0,0,0,2,4,0,5,2,0,7,1,0,0,1,0,0,0,0
NA..6,0,1,0,0,0,0,0,0,0,0,1,0,0,0,1,0,0,0,0,0,0,0,0,0,0,0,0,0,1,2,0,0,2,0,0,1,0,0,0,0,0,2,0,0,0,0,0,0,0,0,0,0,0,0,0,0,0,0,1,0,0,0,0,0,0,0,0,0,0,0,0,0,1,1,0,0,0,0,0,0,0,0,0,0,0,0,0,53,0,0,0,0,0,0,0,0,1,24,0,0,0,0,0,0,0,0,0,0,0,0,0,0,1,0,0,0,0,0,0,0,0,0,0,0,0,0,0,0,0,0,0,0,0,1,0,0,25,0,0,0,0,0,0,3,0,0,0,0,0,0,0,0,0,0,0,0,0,1,0,0,0,0,0,0,1,1,0,0,0,0,0,0,0,0,0,0,1,0,0,0,0,0,22,0,1,0,0,0,0,0,0,0,1,0,0,0,0,0,0,2,0,0,0,0,1,0,0,2,0,0,0,0,0,0,0,0,0,0,0,0,0,1,0,0,0,0,0,0,0,0,0,0,0,0,0,0,0,1,0,0,1,0,8,0,0,0,0,0,0,0,0,0,1,0,2,0,0,0,60,0,0,1,0,0,0,0,0,0,1,0,0,1,1,0,0,0,2,0,0,0,0,0,0,0,0,0,0,1,0,0,0,0,1,0,0,0,0,0,0,0,0,0,0,0,0,0,0,0,1,0,0,0,0,1,0,0,0,0,0,0,0,0,0,0,0,0,0,0,0,0,0,0,0,0,0,0,0,0,0,0,0,0,0,0,0,0,0,0,0,0,0,1,0,0,0,0,0,0,1,1,0,2,1,0,0,0,0,0,0,0,0,0,1,0,0,0,0,0,0,0,0,22,0,0,0,0,0,0,0,0,0,0,0,0,0,0,0,0,0,0,0,0,0,0,0,0,0,0,1,0,0,0,0,0,0,0,0,2,0,0,0,0,0,1,0,0,0,0,0,0,0,0,0,0,0,27,0,0,0,1,0,0,0,0,0,0,0,0,0,0,0,0,1,0,0,0,0,0,0,0,0,0,0,25,0,0,0,0,0,0,0,0,0,0,0,0,0,0,0,0,0,0,0,0,0,0,0,0,0,0,1,0,0,23,0,0,0,0,0,0,0,0,0,0,0,1,32,1,0,0,0,0,0,0,0,0,0,0,0,2,0,0,0,0,0,0,0,1,0,0,0,81,1,0,0,0,0,0,0,0,0,0,0,0,0,0,0,0,0,0,0,0,0,0,0,0,0,0,0,0,3,0,43,0,0,0,0,0,0,0,0,0,0,0,0,0,0,0,0,0,0,0,0,0,0,0,0,0,6,0,0,0,0,0,0,4,0,4,0,0,0,1,0,0,0,0,0,0,0,0,0,43,0,0,0,0,0,0,0,0,0,0,0,0,0,1,0,0,0,0,0,0,0,0,0,0,0,0,0,0,0,0,0,0,0,0,0,0,0,0,1,0,0,0,14,1,0,0,0,1,0,1,0,0,0,0,0,0,0,0,0,0,0,0,0,0,0,0,1,0,0,1,0,1,0,0,0,0,0,0,0,0,0,0,0,1,0,0,2,0,1,0,0,0,0,0,0,0,0,0,0,1,26,0,0,0,0,0,0,1,0,0,0,0,1,0,0,0,0,0,0,0,0,0,1,0,1,0,0,1,0,0,0,0,0,0,0,0,0,0,0,0,0,0,3,0,0,0,0,0,5,0,0,0,0,61,0,0,0,0,0,0,0,0,0,0,0,0,0,0,0,0,0,0,0,0,0,0,0,0,0,0,0,0,0,0,0,0,0,0,0,0,0,0,0,0,0,0,0,0,0,0,0,0,0,0,0,0,0,0,0,0,0,0,0,0,0,43,0,0,0,0,5,0,1,0,0,0,0,0,0,1,0,1,0,0,1,0,0,0,0,0,0,0,0,0,0,0,0,0,0,0,0,0,0,0,0,0,0,0,0,0,0,0,0,0,0,0,3,0,0,0,0,0,0,0,0,0,3,0,0,4,0,0,0,0,0,0,0,0,1,0,0,0,1,0,1,1,0,0,0,0,0,0,0,0,0,0,0,11,0,0,0,0,0,0,0,0,0,1,0,3,0,0,0,1,0,0,0,0,0,0,0,0,33,0,0,0,0,0,0,0,0,0,0,0,0,0,1,0,0,0,0,0,0,0,0,0,0,0,0,0,0,0,0,5,0,0,0,0,0,0,0,0,0,0,0,0,0,0,9,0,0,1,0,0,0,0,0,0,0,0,0,0,0,0,0,0,0,0,0,0,0,0,0,0,25,1,0,0,0,0,0,0,0,0,0,0,0,0,0,0,14,0,0,1,0,0,1,0,0,0,0,0,1,0,0,0,0,0,0,1,0,0,0,0,0,0,0,0,0,0,0,0,0,0,0,0,0,0,0,0,0,1,0,1,0,0,0,0,0,0,0,0,0,0,0,1,32,0,0,0,0,0,0,0,0,0,0,0,0,0,0,0,0,0,0,0,0,0,0,0,2,0,24,0,0,0,0,0,1,0,0,0,0,0,0,1,0,0,0,0,0,0,0,0,6,7,0,0,0,0,0,0,0,0,0,0,0,0,0,22,0,0,0,0,0,9,0,0,0,0,0,0,0,0,0,0,0,0,0,0,1,7,0,0,0,0,0,1,0,0,0,0,0,0,0,0,0,0,0,0,0,0,0,0,0,0,0,0,0,0,0,0,0,0,1,0,0,0,0,0,0,0,1,0,0,0,0,0,0,0,0,0,17,0,0,0,0,0,0,0,0,0,0,0,0,0,0,0,0,0,0,0,0,1,38,0,0,0,0,0,0,0,0,0,0,0,0,0,0,0,0,0,0,6,0,0,0,0,0,0,0,0,0,0,0,0,0,0,0,0,0,0,0,0,0,0,0,0,0,0,0,0,0,5,0,0,0,0,0,60,0,0,25,0,0,0,0,0,0,0,0,0,0,0,0,0,0,0,0,0,0,0,0,0,0,0,0,0,0,0,0,0,0,0,0,0,0,0,0,11,1,0,0,0,0,0,0,0,0,0,0,0,0,0,9,0,0,0,0,0,0,0,0,0,0,0,0,0,0,0,0,0,0,0,0,0,0,0,0,0,0,0,0,0,0,0,0,0,0,0,0,0,0,0,0,0,1,0,0,0,0,0,0,0,0,0,0,0,0,0,0,0,0,0,0,0,0,0,0,0,0,0,0,0,0,0,0,0,0,0,36,0,0,0,0,0,0,0,0,0,0,0,0,0,0,0,0,0,0,1,1,0,0,0,0,57,0,0,0,0,0,0,0,1,0,0,0,0,0,0,0,0,0,0,0,0,0,0,0,0,0,0,0,1,1,0,0,0,0,0,0,0,0,0,0,0,0,0,1,0,0,1,0,0,0,0,0,0,45,0,0,0,0,0,0,0,0,0,0,0,0,0,0,0,0,0,0,0,0,0,0,0,0,0
NA..7,1,3,0,1,0,1,2,3,1,1,0,3,0,0,5,1,0,2,0,9,1,3,0,0,0,8,7,0,2,1,1,0,1,0,1,2,9,6,0,1,10,0,0,0,1,4,2,0,1,8,1,0,0,0,4,0,1,7,7,0,0,2,8,0,1,1,3,0,0,0,0,0,1,0,0,0,1,0,0,0,0,5,0,0,0,1,7,0,5,3,0,1,0,0,0,1,0,1,0,4,0,1,0,1,3,0,0,0,0,1,0,6,0,0,6,9,0,6,0,0,1,0,1,0,1,6,3,0,0,4,0,4,3,1,0,0,0,5,0,1,0,2,7,1,0,1,0,0,3,1,0,0,3,1,1,4,2,7,1,1,1,8,0,0,0,6,1,2,0,1,0,1,4,1,0,1,1,6,0,5,1,2,0,0,0,1,0,4,0,0,0,0,3,5,1,1,2,2,0,1,0,2,0,3,7,8,1,1,3,3,0,0,1,1,0,2,0,1,0,0,1,1,0,1,3,1,0,0,0,1,4,4,0,1,0,3,0,0,5,0,1,3,0,0,3,0,1,0,0,1,1,0,0,0,1,4,1,11,0,0,0,0,6,1,11,0,3,2,4,0,0,2,0,0,7,3,1,0,0,7,0,0,6,2,2,6,2,1,0,5,5,3,0,0,0,2,0,3,0,1,5,0,8,0,0,0,4,0,0,0,8,0,10,5,7,0,7,1,0,0,2,3,0,1,2,1,0,2,0,1,1,0,1,0,0,0,3,0,3,0,0,11,0,14,0,7,3,1,5,0,1,2,0,2,0,0,0,3,0,0,2,1,1,0,1,1,1,7,1,0,0,0,0,0,0,0,4,2,7,0,0,0,3,1,0,0,4,4,2,0,3,1,1,1,5,0,1,3,1,0,0,5,6,6,4,13,1,0,1,0,0,8,0,3,0,1,0,1,3,7,0,13,4,0,1,6,2,1,3,1,3,1,6,8,1,0,0,0,0,0,0,0,0,0,5,1,2,1,0,0,3,5,0,7,0,7,3,5,1,0,0,1,1,0,0,0,2,0,1,0,0,0,4,3,0,0,0,0,0,1,0,5,2,0,1,2,5,3,7,0,5,1,1,1,0,0,0,3,0,1,0,0,1,1,1,2,0,0,0,5,1,0,0,1,1,2,4,5,4,0,4,0,6,0,0,0,2,1,0,0,0,1,3,0,1,0,1,1,4,4,3,2,1,2,0,7,0,1,0,1,4,1,4,0,1,0,0,1,1,2,0,1,1,6,0,7,3,8,0,0,3,1,0,6,4,0,1,7,0,1,0,1,4,0,2,7,0,2,0,0,3,0,1,1,5,1,1,0,0,0,2,0,0,4,3,1,0,2,1,3,0,1,1,4,16,0,1,9,0,0,7,0,0,0,1,2,7,0,5,11,3,3,1,1,0,2,6,7,7,1,6,0,11,0,1,0,0,4,11,0,0,2,0,0,0,0,2,0,0,0,0,2,1,2,4,0,0,0,1,1,1,2,0,1,7,3,0,0,9,4,1,0,8,2,0,4,0,4,0,1,2,1,2,0,1,2,1,4,0,0,0,0,0,6,0,0,4,6,2,2,0,2,0,0,0,3,2,0,0,6,0,3,0,3,1,2,1,2,0,1,1,0,0,2,0,6,0,0,1,1,1,1,0,1,3,1,2,3,5,0,3,5,0,6,0,1,2,0,2,8,2,0,1,0,0,2,4,1,6,1,1,5,2,0,0,1,0,0,0,7,2,2,2,1,0,0,3,2,7,7,0,4,7,0,0,1,1,1,0,5,4,0,1,0,2,7,4,0,0,4,4,0,1,0,0,11,0,1,0,1,0,0,0,0,0,2,2,0,6,0,2,0,0,0,2,1,3,16,0,0,0,0,9,3,0,0,0,4,0,0,2,0,0,3,0,0,0,1,0,0,5,0,4,5,1,3,1,1,0,1,0,2,0,0,3,1,0,3,1,0,1,0,1,0,0,1,0,2,2,3,0,1,1,0,0,0,0,1,0,0,1,1,1,2,1,1,1,1,0,0,0,0,6,3,0,3,1,4,4,0,1,0,0,7,0,1,2,0,1,0,0,1,2,2,1,0,3,1,1,0,1,3,16,2,1,0,0,1,0,1,0,1,1,1,0,2,0,5,3,1,2,2,1,1,0,2,4,4,0,0,7,1,1,2,0,1,2,3,1,7,2,0,0,3,2,3,1,3,0,1,2,7,1,3,1,0,4,2,0,0,0,0,0,0,1,0,2,0,1,2,7,1,0,6,3,3,0,1,0,7,0,0,1,5,4,1,5,0,0,0,0,0,0,4,2,0,2,5,0,5,7,0,0,0,5,1,3,5,0,0,7,0,11,1,1,0,1,0,6,0,1,2,1,1,0,0,1,0,3,0,1,3,3,1,2,1,7,0,0,1,1,0,0,2,2,1,1,0,0,2,0,6,2,0,2,0,4,1,0,0,0,0,0,0,0,2,0,7,1,3,1,2,0,0,0,6,0,6,0,0,6,1,0,2,0,0,1,2,0,0,3,0,12,1,9,8,0,1,2,2,2,4,0,2,4,2,1,1,1,0,0,0,0,1,0,1,15,0,1,0,3,0,6,0,2,2,0,0,2,0,2,0,2,1,0,2,0,4,0,0,7,9,0,1,1,3,0,1,0,1,5,0,2,6,3,1,0,2,3,1,1,5,3,3,2,6,1,1,7,0,0,1,0,1,5,0,0,0,0,1,0,0,4,4,1,2,0,0,0,1,0,0,1,0,1,0,0,5,0,0,4,5,1,11,4,0,0,0,1,2,1,7,0,0,0,3,1,8,0,1,2,0,0,0,4,0,0,1,5,0,1,0,1,0,0,1,0,2,0,0,0,1,1,20,8,0,8,3,0,0,0,0,5,0,1,1,1,0,0,2,1,0,7,0,0,6,0,9,2,0,0,2,1,0,2,3,1,5,0,2,2,0,0,0,0,0,4,8,4,0,0,2,1,1,1,1,5,2,3,0,0,0,3,0,2,1,3,7,0,4,0,3,3,2,0,7,2,1,0,3,2,0,0,0,0,0,0,5,1,1,0,2,3,3,1,0,0,2,6,1,2,0,0,2,1,3,2,5,8,0,1,2,5,10,3,0,0,0,0,0,1,0,2,1,0,0,0,0,0,0,3,6,1,4,0,1,1,1,7,0,0,1,0,0,2,1,1,7,3,6,4,3,1,1,1,0,2,1,9,1,1,3,1,2,0,0,4,6,3,0,1,4,4,2,10,1,1,1,2,22,9,0,0,2,2,2,1,0,7,2,1,4,0,1,0,2,0,6,2,0,1,0,5,2,3,1,0,0,0,3,0,1,4,0,0,0,1,0,0,5,0,1,1,0,0,1,0,0,1,0,0,6,1,2,3,0,1,3,3,6,5,0,1,5,0,1,0,1,1,2,5,7,0,0,5,2
CSTA,0,0,0,0,0,5,5,1,0,0,3,0,8,1,0,5,0,0,7,0,0,0,5,3,0,1,0,0,0,0,0,0,0,0,0,0,0,0,1,0,0,1,7,0,0,0,0,6,0,0,0,0,3,0,0,5,0,0,0,0,9,0,0,2,0,0,0,1,5,0,0,0,0,3,3,1,0,4,1,1,0,0,4,2,0,0,0,0,0,0,0,0,0,3,0,7,0,0,10,0,0,0,2,0,0,6,0,0,3,0,1,0,2,5,0,0,0,0,5,0,0,3,4,0,0,0,0,0,7,0,0,0,0,0,0,0,0,0,4,1,0,0,0,0,4,0,6,6,0,0,8,0,0,0,0,0,0,0,0,4,0,0,7,2,0,0,5,0,6,8,0,0,0,0,7,0,0,0,5,0,0,0,1,0,2,0,0,0,4,3,5,4,0,0,0,0,0,0,1,0,2,0,3,0,0,0,0,0,0,0,0,0,0,0,0,0,0,0,0,2,0,0,0,0,0,0,0,6,0,0,0,0,4,5,2,0,0,1,0,0,2,0,0,0,0,0,0,7,6,3,0,4,0,0,0,0,0,0,0,2,0,0,0,13,0,0,0,0,0,0,0,12,2,1,0,0,0,6,8,0,9,6,0,0,0,0,0,0,0,0,0,0,4,0,0,0,0,0,10,0,0,0,0,0,9,0,0,1,1,0,0,0,0,0,0,1,0,1,0,0,0,0,3,0,0,1,4,0,0,0,0,1,0,0,3,0,0,2,0,8,6,1,3,0,0,0,0,2,0,10,7,0,0,0,0,3,0,0,5,3,0,1,0,3,0,0,1,0,0,0,0,3,0,0,0,8,0,1,0,4,5,0,3,0,0,0,0,0,0,0,1,1,0,5,0,4,0,0,0,2,7,0,0,0,4,0,1,0,0,0,0,0,4,0,0,11,0,0,0,0,8,0,0,0,2,0,0,0,0,0,0,1,0,0,2,0,4,0,0,11,0,0,2,0,0,12,0,0,0,0,0,0,4,0,4,0,0,7,16,0,0,0,0,0,4,0,0,0,4,3,4,6,0,0,0,1,2,0,0,0,8,0,0,0,7,0,0,1,0,2,1,0,0,0,0,6,0,0,0,0,1,6,0,0,0,0,0,9,0,0,1,0,0,0,0,0,0,0,0,3,0,0,0,5,4,2,0,1,10,0,6,0,0,0,6,10,1,0,0,0,0,0,0,0,0,0,4,0,0,0,0,4,0,0,5,2,0,3,0,1,0,0,1,0,0,1,0,0,0,0,0,0,1,0,0,6,0,0,3,0,0,0,0,6,0,0,0,0,0,1,0,1,0,9,0,0,0,0,0,0,0,1,2,0,0,0,6,0,0,0,1,1,0,0,0,0,0,0,5,4,0,0,0,0,0,0,0,2,0,0,0,0,0,0,4,0,0,0,0,0,0,0,0,0,0,1,1,0,0,4,0,0,0,5,1,1,0,0,0,8,2,0,2,0,0,0,6,0,1,0,0,0,5,0,1,0,1,5,0,0,0,9,0,0,5,0,0,0,1,0,0,0,0,0,1,0,0,0,0,1,0,0,0,0,0,2,0,0,0,0,0,0,0,0,4,0,0,0,0,0,2,0,0,0,0,0,0,0,0,0,0,0,0,0,0,0,6,0,0,0,0,0,0,6,0,0,0,0,0,0,0,0,0,0,0,0,0,0,0,1,0,6,0,0,7,0,0,0,0,0,0,0,0,0,0,5,7,0,1,0,2,0,0,0,6,2,0,0,0,0,0,0,0,5,4,0,0,0,1,0,0,0,0,0,0,0,0,0,0,0,0,3,0,4,0,0,7,0,0,0,0,0,5,0,1,0,0,0,0,2,0,0,0,1,0,0,0,0,3,0,1,4,1,0,0,0,0,0,0,0,0,0,1,0,1,0,3,5,0,0,0,0,0,0,0,0,0,7,0,0,0,3,5,0,0,0,0,0,0,1,0,0,4,10,5,0,0,0,0,0,0,0,0,1,1,5,0,0,1,0,0,0,0,0,0,0,0,0,2,8,10,0,0,0,9,0,0,0,0,0,0,2,5,0,0,6,0,0,1,4,0,0,0,0,0,0,0,5,0,0,0,0,0,0,0,0,1,3,0,0,0,1,4,0,0,0,0,0,0,11,0,0,0,0,5,5,0,0,0,2,0,19,4,0,0,1,0,0,7,1,0,0,0,12,0,0,0,0,0,0,0,0,0,0,0,0,0,0,0,0,0,4,0,0,0,0,0,0,1,0,0,0,7,0,0,1,0,0,8,1,0,0,0,0,0,0,0,1,0,0,0,0,0,0,0,10,0,5,5,0,0,0,1,0,0,0,0,0,0,0,0,3,0,0,0,0,4,0,0,0,0,0,2,10,0,0,7,4,0,2,7,0,0,5,0,0,0,1,7,13,0,2,0,0,0,0,4,0,0,0,5,0,0,12,0,2,0,0,3,0,0,0,5,1,7,0,0,0,0,0,0,0,0,0,0,0,0,0,0,0,0,0,4,0,0,0,0,0,5,0,0,3,0,0,0,0,0,0,0,0,0,0,6,0,0,0,0,0,0,0,4,0,0,5,0,0,0,0,0,0,0,0,0,0,0,0,0,0,0,0,0,0,0,0,1,0,3,0,0,3,0,0,12,0,0,1,0,0,5,4,0,0,0,0,0,0,6,0,0,0,1,0,0,0,0,0,0,6,0,4,0,0,0,4,0,0,2,0,0,0,0,5,0,0,0,0,0,4,0,0,7,2,0,0,0,0,8,0,0,0,0,0,0,0,0,0,0,0,0,0,3,0,0,4,0,0,0,0,0,0,0,0,10,3,0,0,0,0,0,0,0,1,0,0,0,0,8,0,2,5,2,1,2,0,0,4,1,0,0,1,0,0,0,0,1,0,0,0,2,0,6,0,1,6,0,0,5,0,0,0,0,0,0,0,0,0,0,0,1,0,0,8,2,6,0,0,0,0,0,6,0,0,0,0,0,0,0,0,0,0,4,0,0,0,0,0,0,0,2,0,0,0,0,0,1,0,0,0,5,0,0,5,0,8,2,11,0,2,0,0,2,4,0,0,9,0,12,0,0,4,0,0,0,0,0,0,0,0,0,0,1,0,0,0,0,5,0,2,0,4,0,3,0,0,0,4,0,0,0,0,0,0,0,0,1,0,0,1,0,0,2,0,6,4,0,0,0,0,0,0,0,0,0,0,0,0,0,0,0,2,0,0,0,0,1,0,0,0,0,2,0,0,0,0,0,3,0,0,0,0,0,0,5,0,0,0,0,3,0,0,3,0,0,7,2,0,0,2,0,7,0,0,0,0,0,2,0,1,5,0,0,0,0,3,0,0,0,0,2,0,0,6,0,0,1,0,3,0,0,5,1,0,0,0,0,0,0,0,0,0,0,4,6,0,8,0,1,10,0,0,0,0,1,0,0,0
ACTB,23,48,24,22,30,30,36,19,6,9,47,36,52,32,12,99,6,31,45,14,17,31,37,15,4,57,15,18,15,20,10,10,20,60,22,39,20,20,106,9,21,35,70,24,7,3,23,36,4,29,4,20,34,27,38,40,35,38,29,19,75,10,16,8,14,74,36,64,53,15,8,12,15,44,35,25,12,71,16,28,18,12,8,22,12,17,17,15,11,2,39,7,48,47,16,76,13,4,45,94,23,20,40,17,17,13,11,74,91,15,11,32,8,48,20,38,33,32,31,14,4,22,68,4,6,37,12,8,44,5,4,9,13,9,26,32,11,12,24,10,11,12,6,7,95,22,34,47,37,22,81,11,32,25,30,28,18,10,8,31,9,29,80,51,51,61,31,16,72,201,16,26,40,26,45,1,15,12,27,15,5,13,19,6,33,14,11,18,35,55,117,33,14,18,12,33,22,28,64,20,24,69,39,5,24,9,19,25,11,9,11,24,25,12,30,20,8,20,26,43,4,27,26,13,37,7,8,27,3,14,7,17,95,57,48,17,20,7,8,11,21,8,6,17,12,7,35,65,55,47,4,42,6,18,8,59,10,48,10,21,17,10,32,90,19,38,9,25,36,47,74,105,42,17,15,31,11,69,81,6,25,21,19,29,30,6,12,13,26,15,34,32,74,32,22,16,12,11,68,23,22,21,73,11,50,11,33,7,134,15,13,12,20,37,6,10,11,58,8,48,18,23,83,10,28,7,33,26,15,11,17,28,30,12,46,8,33,54,16,53,81,21,23,31,6,80,15,23,11,65,43,12,109,36,23,23,11,34,66,17,22,18,12,19,65,11,362,23,20,29,31,28,30,9,24,263,34,21,12,57,23,2,30,12,18,13,59,25,35,20,23,190,28,180,22,28,27,15,10,54,37,8,56,36,47,13,52,2,43,14,51,30,25,32,20,97,9,8,13,3,63,13,231,51,44,20,16,17,7,37,2,19,26,12,45,6,23,17,21,108,12,37,150,18,22,255,25,14,17,8,24,25,16,16,57,45,12,75,61,13,28,12,11,9,59,38,29,15,21,25,42,37,12,13,23,81,34,17,11,13,42,29,36,58,32,25,26,19,13,22,23,7,16,7,11,26,3,16,5,45,28,48,5,6,18,35,17,210,35,22,15,23,12,11,9,49,39,13,8,29,30,11,32,50,26,21,25,12,65,9,52,28,15,22,50,65,31,128,3,19,76,19,3,19,17,21,59,18,77,21,40,82,8,14,18,55,10,122,25,24,6,18,9,56,19,29,16,13,32,16,17,83,17,22,27,37,35,6,21,6,6,10,3,33,16,37,27,6,22,15,23,16,21,113,8,22,20,11,11,11,22,94,18,84,20,174,31,21,12,9,16,9,31,22,51,17,25,128,21,42,15,36,38,7,130,39,5,31,12,28,5,35,21,53,28,16,8,14,7,7,19,24,22,21,25,10,37,38,19,11,15,14,0,24,12,41,10,12,13,66,37,17,15,28,17,17,16,2,11,16,6,10,30,21,45,25,38,37,15,22,29,210,12,29,14,25,4,33,28,17,19,5,26,9,5,20,34,17,10,33,18,48,94,53,8,43,18,19,22,190,35,15,4,23,33,47,16,18,3,14,18,10,13,19,7,26,8,11,14,59,40,6,3,14,43,10,14,26,35,14,24,19,8,43,18,26,18,33,7,3,32,22,15,30,19,8,9,7,21,26,5,28,8,22,36,16,19,8,20,15,18,23,24,30,45,12,45,5,39,45,30,16,14,34,49,92,56,8,34,6,24,22,16,23,86,42,35,12,18,3,22,9,10,25,72,29,20,18,15,6,22,23,12,21,32,14,66,9,18,22,24,9,93,22,11,23,24,3,8,18,27,28,9,38,41,25,23,21,26,25,47,25,148,15,40,27,21,16,34,3,21,27,21,14,20,13,23,79,2,22,35,8,13,8,11,17,13,45,35,3,33,25,106,19,10,13,46,25,17,37,6,18,45,81,36,22,23,3,1,11,18,5,53,29,16,39,19,13,106,2,22,14,26,19,32,11,10,15,150,63,56,28,4,11,46,36,18,11,34,8,3,150,50,27,34,42,16,26,24,54,19,7,10,9,9,21,7,190,21,63,18,11,33,25,9,16,29,22,26,28,13,5,45,13,15,16,33,36,27,34,31,7,13,43,37,71,5,3,23,30,27,235,31,8,33,6,12,29,42,29,20,10,4,124,29,17,4,1,21,8,16,19,9,36,12,23,11,19,10,11,9,49,12,11,15,25,10,7,14,13,45,21,37,29,13,19,7,14,52,9,6,20,9,21,41,13,47,31,23,22,153,275,12,28,6,38,17,68,27,7,16,41,29,18,25,16,14,14,2,15,14,44,28,31,24,16,19,18,9,16,19,17,154,87,45,23,42,18,11,39,77,20,23,92,19,36,14,16,37,83,31,22,6,18,64,16,31,24,5,14,29,34,27,195,18,15,1,26,25,11,15,31,149,31,50,25,18,20,13,25,51,20,26,13,9,8,23,27,24,28,14,30,79,5,5,20,45,29,28,14,10,4,48,57,46,12,5,27,4,15,29,9,86,41,34,17,4,7,11,20,49,14,9,99,15,12,13,9,11,8,20,25,10,4,8,9,20,33,15,66,30,20,41,27,23,41,54,21,15,109,6,17,42,11,17,19,29,5,23,36,7,15,1,5,12,31,52,4,34,14,7,8,32,8,15,42,21,57,37,53,24,19,22,178,12,31,177,62,6,25,8,34,26,6,11,30,61,92,10,31,50,55,9,13,35,70,79,8,23,4,20,19,13,5,22,6,18,25,12,14,122,39,23,30,14,32,92,10,26,12,30,12,95,46,55,22,15,53,8,23,25,26,8,21,7,11,79,69,26,30,55,34,150,230,19,25,73,17,5,28,9,16,22,6,15,11,61,33,20,19,74,10,20,18,11,27,22,16,14,26,12,7,17,14,23,29,13,6,20,20,15,51,22,35,16,22,41,13,9,101,18,28,29,19,10,7,7,31,596,4,61,23,18,20,15,20,31,20,48,14,9,37,15,32,63,3,28,65,30,15,13,170,16,68,20,54,20,82,11,42,15,23,11,47,91,18,48,7,11,69,19,36,12,6,18,16,23,13,40,39,190,42,36,55,47,43,15,39,12,95,16,28,64,26,47,19,11,17,4,9,27,13,18,11,32,36,5,216,35,33,24,21,82,35,10,3,13,6,13,37,28,64,15,19,7,20,7,28,5,27,34,11,9,25,19,25,25,21,56,20,18,8,24,32,20,37,15,21,5,69,10,5,41,20,25,23,68,14,21,29,38,6,27,32,285,7,14,10,26,107,2,18,69,18,18,21,4,27,28,22,12,12,25,17,12,6,18,29,60,12,14,74,10,22,16,12,18,9,15,24,8,19,20,15,17,27,19,26,25,20,8,22,34,12,51,29,14,271,54,26,19,49,39,14,8,14
LGALS2,0,0,0,0,1,4,8,0,0,0,0,0,6,0,0,0,0,0,6,0,0,1,12,1,0,0,0,0,0,0,0,0,0,0,0,0,0,0,3,0,0,0,7,0,0,1,0,1,0,0,0,0,1,0,0,5,0,0,0,0,3,0,0,1,0,0,0,0,0,0,0,0,0,0,2,0,0,2,0,4,0,0,2,3,1,0,0,0,0,0,0,0,0,2,0,9,0,0,4,0,0,0,6,1,0,4,0,0,6,0,0,0,1,1,0,0,0,0,6,0,0,6,5,0,0,0,0,0,4,0,0,1,0,0,0,0,0,0,5,0,0,0,0,0,4,0,4,1,0,0,4,0,0,0,0,0,0,0,0,0,0,0,4,2,0,0,1,0,5,1,0,0,0,0,1,0,0,0,8,0,0,0,0,0,0,0,0,0,3,2,1,2,0,0,0,0,0,0,0,0,3,0,8,0,0,0,0,0,0,0,0,0,0,0,0,0,0,0,0,6,0,0,0,0,0,0,0,1,0,0,0,0,1,0,1,0,0,0,1,0,9,0,0,3,0,0,0,5,15,2,0,3,0,0,0,0,0,0,0,3,0,0,0,2,0,0,0,0,0,0,0,7,3,0,0,0,0,3,4,0,1,4,1,0,0,0,0,0,0,0,0,0,3,1,0,0,0,0,10,1,0,0,0,0,0,0,1,3,0,0,1,0,0,0,1,0,0,0,0,0,0,0,8,0,1,0,9,0,0,0,0,4,0,0,1,0,0,3,0,7,13,0,5,1,0,0,0,3,0,1,3,0,0,0,0,1,0,0,5,2,0,1,0,0,0,0,8,0,0,0,0,4,0,0,0,6,0,0,0,5,2,0,4,0,0,0,0,0,0,0,0,2,0,1,0,3,0,0,0,0,4,0,0,0,10,0,0,0,0,0,0,0,4,0,0,5,0,0,0,1,6,0,0,0,1,0,0,0,0,0,0,0,0,0,0,0,1,1,0,3,1,2,1,0,0,10,0,0,0,0,0,0,3,0,5,0,0,5,5,0,0,0,0,0,4,3,0,0,7,0,3,1,0,0,1,0,6,0,0,0,7,0,0,0,7,0,0,0,0,5,1,0,0,0,0,1,0,0,0,0,1,5,0,0,0,0,0,4,0,0,2,0,0,0,0,0,0,0,0,8,0,0,0,6,8,3,0,0,1,0,8,0,0,0,0,1,0,11,0,0,0,0,0,0,0,0,5,0,0,1,0,11,0,0,10,8,0,0,0,0,0,0,0,0,0,0,0,0,0,0,0,0,0,0,0,8,0,0,2,0,0,0,0,1,0,0,0,0,1,4,0,0,0,9,0,0,0,0,0,1,0,4,0,0,0,4,8,0,0,0,2,0,1,0,0,0,0,0,3,11,0,1,0,0,0,0,0,5,0,0,0,0,0,0,0,0,0,0,0,0,0,0,0,1,1,0,0,0,0,4,0,0,0,2,0,3,0,0,0,8,5,0,0,0,1,1,2,0,0,0,0,0,4,0,0,0,1,12,0,0,0,4,2,0,2,0,0,0,1,0,0,0,0,0,0,0,0,0,0,11,0,0,0,0,0,7,0,0,0,2,0,0,0,0,3,0,0,0,0,0,0,0,0,0,0,0,0,0,0,0,0,0,0,0,0,0,4,0,0,0,0,0,0,4,0,0,0,0,0,0,0,0,0,0,0,0,0,0,0,0,0,1,0,0,3,0,0,0,0,0,0,0,0,0,0,0,1,0,2,0,2,0,0,1,5,0,0,0,0,0,0,0,0,1,11,0,0,0,3,0,0,0,0,0,0,0,0,0,0,0,0,1,0,6,0,0,6,1,0,0,0,0,7,1,0,0,0,0,0,0,0,0,0,11,0,0,0,0,2,0,2,9,0,0,1,0,0,0,0,0,0,0,0,0,0,0,5,1,0,0,0,0,0,0,0,0,0,4,0,0,0,4,4,0,0,0,0,0,0,0,0,1,7,7,7,0,0,0,0,0,0,0,0,2,0,7,0,0,3,0,0,0,0,0,0,0,0,0,1,1,3,0,0,0,4,0,0,0,0,0,0,1,6,0,0,5,0,0,5,10,4,0,0,0,0,0,0,0,0,0,0,0,1,0,0,0,0,8,0,0,6,0,7,0,0,0,0,0,0,2,0,0,0,0,4,1,0,0,0,3,0,14,2,0,0,0,0,0,2,0,0,0,0,5,0,1,0,0,0,0,0,0,0,0,0,0,0,0,0,0,0,0,0,0,0,0,0,0,0,0,0,0,4,1,0,0,0,0,6,0,0,0,0,1,0,0,0,4,0,1,0,21,0,1,0,12,0,2,1,0,0,0,0,0,0,0,0,0,0,0,0,0,0,0,0,0,10,0,0,0,0,0,0,0,0,0,2,1,0,8,9,0,0,0,0,0,0,2,4,9,0,1,0,0,0,0,0,1,0,0,5,0,0,19,0,3,0,0,0,0,0,0,1,4,11,0,1,0,0,0,0,0,0,0,0,0,4,0,0,0,0,0,3,0,0,1,0,0,4,0,0,0,0,0,0,0,0,0,0,0,0,1,4,0,0,0,0,0,0,0,0,0,0,6,0,0,0,0,0,0,0,0,0,0,0,0,0,0,0,0,0,0,0,0,0,0,1,0,0,12,0,0,4,0,0,0,0,0,1,1,0,0,0,0,0,0,8,0,0,0,0,0,0,0,0,1,0,6,0,1,0,0,0,0,0,0,0,0,0,1,0,2,0,0,0,0,4,1,1,0,11,8,0,0,0,0,9,0,0,0,0,0,0,0,0,0,0,0,0,0,0,0,4,1,0,0,0,1,1,0,0,0,2,13,0,1,0,0,0,0,0,1,0,0,0,0,9,0,4,4,8,0,7,0,0,4,0,0,0,4,0,0,0,0,2,0,0,0,3,0,0,0,0,0,0,0,1,0,1,0,0,0,1,0,0,0,0,0,0,0,0,2,1,4,0,0,0,0,1,0,0,0,0,0,0,0,0,0,1,0,4,0,0,0,0,0,0,0,7,0,0,0,0,0,0,1,0,0,1,0,0,0,1,5,6,9,0,0,0,0,2,6,0,0,9,0,0,0,0,14,0,0,0,0,0,1,0,1,0,0,2,0,0,0,0,3,0,1,0,4,0,5,0,0,0,8,0,0,0,0,0,0,0,0,1,0,0,6,0,0,2,0,3,3,0,0,0,0,0,0,1,0,0,0,0,1,0,1,0,1,1,0,1,0,3,1,0,0,0,6,0,0,0,0,0,6,0,0,0,0,0,0,0,0,0,0,0,0,0,0,8,0,0,7,19,0,1,0,0,7,0,0,0,0,0,9,0,0,4,0,0,0,0,4,0,0,0,0,4,0,0,0,0,0,0,0,1,0,1,6,0,0,1,0,0,1,0,0,0,0,1,0,5,0,2,0,4,18,0,0,0,0,0,0,0,0
TCL1A,0,0,0,0,0,0,0,0,0,0,1,0,0,0,0,0,0,0,0,1,0,1,0,2,0,0,0,0,0,0,0,0,0,1,0,0,0,1,0,1,0,0,0,0,0,6,0,0,0,0,0,0,0,0,0,0,0,0,0,0,0,0,0,1,0,0,0,0,0,0,0,1,0,0,0,0,0,1,0,0,0,0,0,0,0,0,0,0,0,0,6,0,0,0,0,0,0,1,0,0,0,0,0,0,0,0,0,0,0,0,0,0,0,0,0,0,0,0,0,0,0,0,0,0,0,0,0,2,0,0,0,0,0,3,0,0,6,0,0,0,0,0,0,0,0,0,0,0,0,0,0,0,0,0,0,0,0,0,0,0,0,0,0,0,0,0,0,0,0,0,0,0,0,0,0,0,0,0,0,0,0,1,0,5,0,0,1,0,0,0,0,0,0,0,0,0,0,0,0,0,0,0,0,6,0,0,4,0,0,0,0,0,1,0,0,0,0,0,0,0,0,5,0,0,0,0,4,0,0,0,0,0,1,0,0,0,1,3,0,7,0,0,0,0,0,0,0,0,0,0,1,0,4,0,3,0,0,0,5,0,0,0,0,0,0,0,0,0,0,0,0,0,0,0,0,0,4,0,0,0,0,0,0,0,0,0,0,9,0,0,0,0,0,0,0,0,0,0,0,0,0,0,0,0,0,0,0,0,0,0,0,0,1,0,0,3,0,0,2,0,0,0,0,0,0,0,0,3,7,0,0,0,0,8,0,0,0,0,0,0,0,0,0,0,0,0,0,0,0,0,0,0,1,0,1,0,10,0,0,0,0,4,1,0,0,0,0,0,0,0,0,0,0,0,0,0,0,0,0,0,0,3,0,0,0,0,0,0,0,0,0,0,0,1,0,0,0,0,0,0,0,0,0,0,0,0,0,0,2,0,0,0,0,0,0,0,0,3,0,0,0,0,0,0,0,0,0,0,0,0,3,0,0,0,0,3,0,0,0,0,0,0,0,0,0,0,0,0,8,0,1,0,0,0,0,0,0,0,0,0,4,0,0,3,0,0,0,1,0,0,0,0,0,0,0,0,0,0,3,0,0,0,0,0,0,0,0,0,0,0,0,0,0,4,0,0,0,0,1,0,0,0,0,0,0,0,17,0,0,0,0,1,4,0,0,0,0,0,0,0,0,0,0,0,0,0,0,7,0,0,1,0,0,0,0,0,0,0,0,0,0,0,0,0,0,0,0,0,0,0,0,0,0,0,0,0,2,0,0,0,0,0,5,0,0,0,0,0,0,4,0,0,0,1,0,0,0,0,0,0,6,0,0,0,0,0,6,0,8,0,0,4,0,0,0,0,0,0,10,10,0,0,0,0,0,1,0,0,0,0,0,5,0,0,0,0,0,0,0,0,0,0,0,0,0,0,0,0,0,0,6,0,0,0,0,0,0,1,0,4,0,0,0,0,0,3,7,0,0,0,0,0,0,0,8,0,7,0,8,0,0,7,0,0,0,0,0,0,0,0,0,0,0,0,0,0,1,0,0,0,0,0,0,0,0,0,0,0,0,0,0,0,0,0,0,0,0,0,7,0,0,0,36,0,6,0,0,0,0,0,0,0,6,0,0,1,0,0,0,0,0,0,0,0,6,0,5,0,0,0,0,0,5,0,44,0,0,0,0,5,10,0,0,0,0,0,4,0,0,0,0,0,0,0,2,0,0,2,0,0,0,0,5,0,0,8,0,0,1,0,0,0,0,0,0,0,0,0,0,0,0,0,0,0,0,0,0,0,0,0,0,0,0,0,0,0,0,0,0,0,0,0,8,0,0,0,0,4,6,0,0,0,0,0,0,0,0,0,1,0,0,5,0,0,4,0,0,1,0,0,0,0,4,0,0,0,0,0,0,0,0,0,0,0,0,0,0,0,0,0,0,0,0,0,0,0,0,0,0,1,0,0,0,0,0,0,0,0,1,0,0,0,0,0,0,0,0,0,2,0,0,1,0,0,0,0,9,0,2,0,0,0,0,0,0,0,0,0,0,0,1,0,0,0,0,0,4,2,0,0,1,1,0,0,0,0,4,0,0,0,0,0,0,0,4,0,0,0,0,0,0,0,0,8,6,0,0,0,0,0,0,0,0,0,10,0,0,0,0,0,0,0,0,0,0,0,0,1,0,0,0,0,0,0,0,0,0,0,0,0,0,0,0,0,0,0,0,0,1,0,0,0,0,1,0,0,0,0,0,0,0,0,0,0,0,0,0,0,8,0,0,0,1,0,0,0,0,0,0,0,0,0,0,0,0,1,3,5,0,0,5,6,0,0,0,0,0,0,0,0,0,0,3,0,0,0,0,0,0,0,0,0,0,1,0,0,0,0,0,0,0,0,0,0,0,0,0,0,0,0,0,0,0,0,0,1,1,0,0,0,1,0,0,0,0,0,1,0,0,0,27,0,0,0,0,0,0,0,4,1,0,0,0,0,0,0,0,0,0,0,0,0,0,0,0,0,0,0,2,0,0,0,1,0,2,0,0,0,0,0,0,0,0,0,4,0,0,0,0,0,0,0,0,1,0,0,4,30,0,0,0,0,0,0,0,10,0,0,0,1,0,0,0,0,7,0,0,3,0,0,0,0,0,0,0,0,0,0,0,0,3,0,0,30,0,0,0,0,6,0,0,0,0,0,0,0,0,0,0,0,0,0,0,0,0,0,1,0,7,0,0,0,0,0,0,0,3,0,0,0,10,0,0,0,0,0,0,0,0,0,0,0,0,0,0,3,0,0,0,0,0,0,0,0,0,0,0,0,0,0,0,0,0,0,0,4,5,0,0,0,0,0,0,0,0,0,0,0,0,1,0,0,0,0,0,8,0,0,0,0,0,0,0,0,0,0,0,0,0,0,0,0,0,1,0,0,0,0,6,0,5,0,0,1,0,0,0,0,0,0,0,5,0,0,6,0,0,0,0,0,4,0,0,0,0,0,0,0,0,0,0,0,0,0,0,0,0,0,0,0,1,0,0,4,0,0,0,0,0,2,0,0,1,0,0,0,0,0,0,0,0,0,0,0,0,0,6,0,0,0,0,0,0,0,0,0,0,0,0,0,0,0,0,1,0,0,0,0,0,0,0,0,0,0,4,0,0,0,0,6,0,0,1,1,1,0,0,0,0,0,0,0,0,0,0,0,0,0,0,0,0,0,0,0,0,0,0,0,0,0,0,0,0,0,0,0,0,0,0,0,0,0,7,0,0,0,0,0,0,0,0,0,0,0,0,0,0,0,0,0,0,0,0,0,0,0,0,0,0,0,0,0,0,0,0,0,1,0,0,0,0,0,2,0,0,0,0,0,0,0,0,1,0,0,0,0,0,0,0,0,0,0,0,0,0,0,0,0,1,0,7,0,0,0,0,0,0,5,0,0,0,0,0,0,0,0,1,0,0,0,0,0,0,0,0,0,0,0,0,0,0,0,0,0,0,0
CD3D,1,0,2,0,0,0,0,4,0,1,0,3,0,2,5,2,1,5,0,2,3,3,0,0,1,5,8,2,3,0,2,1,0,0,0,3,1,5,1,0,5,2,0,3,2,0,0,0,6,0,1,1,0,0,3,0,0,0,3,6,1,0,1,0,4,5,6,0,0,5,1,0,5,0,0,4,0,0,0,0,7,2,0,0,0,3,3,1,7,2,0,1,7,1,4,1,2,0,0,0,5,2,1,3,1,0,1,0,0,5,4,5,0,1,0,4,6,5,0,0,1,1,0,0,5,6,3,0,0,1,1,2,3,0,5,4,0,5,1,3,2,1,2,0,0,0,0,0,4,0,1,0,7,0,1,1,5,2,1,0,2,0,0,0,0,3,2,6,1,1,6,0,8,3,1,1,5,6,1,2,2,0,0,0,0,0,3,4,0,0,0,0,2,4,4,0,2,0,0,0,0,2,0,0,4,4,0,1,0,1,1,6,0,0,1,0,3,3,1,0,1,0,1,0,4,0,0,0,3,1,3,5,0,0,0,6,3,1,2,0,0,0,1,0,0,0,9,0,0,0,2,0,0,3,1,2,1,8,0,0,3,0,1,0,2,6,2,3,10,2,0,0,0,0,4,6,0,0,1,2,0,0,4,1,4,7,3,0,4,4,7,7,0,2,4,1,2,4,0,2,5,2,1,5,1,2,5,0,0,5,2,1,6,7,2,0,1,6,0,7,5,0,0,3,1,0,0,3,1,3,3,0,4,0,0,1,4,0,1,0,1,6,0,2,0,6,1,0,9,0,0,2,1,3,3,0,0,7,0,0,4,1,0,0,0,5,0,5,2,4,5,2,0,2,1,0,2,5,5,0,0,0,1,5,2,0,2,3,2,0,3,0,1,0,3,0,0,1,0,1,0,3,2,3,0,3,4,0,3,0,3,3,0,5,1,0,2,1,1,2,1,3,13,0,0,0,2,3,1,5,0,2,4,1,3,0,1,3,2,0,0,6,0,2,3,1,0,4,1,1,3,2,0,6,0,3,3,3,0,0,0,6,2,0,4,0,0,2,0,0,0,0,4,2,2,1,0,1,0,2,0,6,1,2,0,3,9,4,1,0,2,1,0,0,2,0,4,2,0,0,0,0,3,1,4,11,0,0,0,3,0,3,0,1,1,2,6,1,4,0,3,3,5,0,0,0,3,0,0,2,0,1,3,2,2,0,6,1,2,5,0,5,0,0,0,3,0,1,1,4,8,0,2,2,0,0,0,0,4,9,0,6,0,2,1,5,4,1,8,0,4,0,3,1,4,0,9,2,0,3,0,0,2,0,5,3,0,1,0,0,0,0,0,0,3,1,7,0,0,0,1,0,0,3,5,0,0,3,1,2,0,0,0,3,8,4,4,4,0,1,2,3,6,3,1,3,2,0,0,7,0,3,4,0,0,1,1,2,3,0,5,0,11,3,3,0,0,2,2,0,0,1,0,0,1,0,0,1,0,0,0,0,0,0,5,3,0,1,3,0,3,1,0,4,2,2,0,0,6,3,0,0,3,3,0,6,1,2,0,3,3,1,3,4,4,1,5,2,0,1,1,7,0,5,0,0,2,5,0,0,9,3,0,1,0,3,2,3,0,2,4,3,1,5,0,3,0,2,3,4,3,1,0,2,0,1,0,0,8,1,0,1,5,0,4,0,0,4,1,2,5,5,2,6,0,1,0,0,3,5,0,0,0,5,0,0,7,1,5,6,2,4,3,3,0,0,1,3,1,3,1,1,2,5,0,0,6,1,6,2,2,3,1,0,1,2,6,4,0,0,2,4,0,3,6,1,0,0,0,1,3,0,1,0,4,1,0,2,5,0,0,0,0,0,0,3,3,0,0,0,3,2,0,1,4,4,0,7,0,0,0,1,5,0,5,0,0,7,0,0,2,0,0,5,3,2,0,0,2,0,5,3,2,3,0,1,3,1,4,0,0,1,0,6,2,4,0,8,1,0,2,0,0,0,0,2,0,5,0,0,1,3,0,0,0,0,0,1,1,1,0,3,3,3,2,4,0,0,0,0,0,0,3,2,1,3,0,2,2,0,3,0,0,3,1,0,1,3,0,4,0,0,2,0,0,0,1,1,2,5,0,2,6,3,0,6,9,1,4,7,0,4,0,1,1,3,0,4,5,1,5,2,3,0,0,0,1,1,0,0,4,0,0,3,1,0,2,6,0,5,1,3,1,0,2,6,1,0,6,6,0,1,5,4,2,3,5,1,0,7,1,0,6,1,3,3,2,2,0,4,3,4,0,3,1,2,0,1,0,2,0,0,2,2,6,2,4,0,4,2,0,0,0,3,0,0,1,4,0,1,0,4,9,0,7,0,3,2,3,1,2,0,7,4,0,0,0,1,3,4,4,6,0,1,0,6,0,0,1,0,0,5,0,0,3,1,2,0,0,0,0,0,1,2,0,0,0,1,0,0,0,3,3,1,2,0,0,1,0,1,2,5,0,0,0,1,6,4,0,3,10,0,0,5,0,0,0,6,0,2,2,1,0,3,1,3,0,3,1,0,1,1,7,0,8,1,0,1,0,2,5,2,0,0,7,0,2,1,0,3,0,0,0,0,1,2,6,0,4,5,5,3,2,0,1,2,0,5,3,0,0,1,4,1,0,0,0,1,0,2,4,4,0,2,3,2,9,3,0,0,3,7,0,0,5,1,0,0,0,3,0,2,7,1,3,7,0,0,3,2,0,7,0,0,5,3,0,1,1,3,3,0,1,2,0,0,0,0,0,2,0,0,5,2,9,0,0,1,4,2,0,5,2,1,2,0,0,1,0,2,0,6,0,1,0,4,1,1,6,0,4,4,0,0,0,0,2,0,3,3,6,0,2,2,4,0,0,2,0,0,0,6,1,10,5,0,8,3,0,0,0,2,2,1,0,0,0,5,0,3,0,0,2,0,0,2,0,1,2,4,0,1,0,0,3,6,0,3,0,0,0,0,0,0,0,4,6,3,2,0,4,5,7,0,3,1,3,6,18,0,0,1,2,2,2,0,6,3,0,2,3,4,3,2,0,3,0,0,0,3,3,1,3,0,0,0,4,9,4,0,1,0,5,3,0,1,0,1,4,0,0,4,1,3,0,0,0,0,4,0,0,7,4,4,6,0,1,1,1,0,3,0,0,3,5,0,0,0,0,0,3,6,4,5,1,3,0,1,4,6,0,0,0,0,3,0,2,4,3,6,3,3,1,7,1,1,1,7,2,0,5,2,2,3,0,2,3,3,6,0,4,2,7,5,5,0,6,0,1,11,7,4,0,0,3,7,0,0,3,2,0,0,1,0,0,1,3,4,3,0,4,4,6,5,4,0,2,1,0,4,1,4,4,0,1,0,1,1,0,5,0,0,3,6,0,6,0,0,3,0,0,5,3,0,3,3,2,6,3,0,2,0,0,1,0,7,0,1,5,3,2,4,2,3,2,4
TYMP,0,0,0,1,0,7,2,0,0,0,4,0,3,0,0,5,0,0,18,0,0,0,7,4,0,0,0,0,2,0,0,0,0,0,1,0,0,0,1,0,0,0,6,1,1,0,0,4,0,0,0,1,5,0,0,4,0,0,0,0,8,0,0,0,0,0,0,0,2,0,0,1,1,2,2,0,0,5,2,4,1,1,10,3,0,1,0,0,0,0,0,0,0,2,0,8,0,0,4,1,1,0,5,0,1,8,0,0,4,1,0,0,1,4,0,1,0,1,6,2,1,6,6,0,0,0,0,0,7,0,0,1,0,0,0,0,1,0,4,0,0,1,0,0,4,0,4,0,0,0,6,1,1,0,0,1,0,0,0,2,0,0,24,4,0,1,3,0,5,9,0,0,1,0,7,0,1,0,5,0,0,0,0,0,4,1,0,0,1,5,12,1,0,0,0,0,0,0,0,0,1,0,5,0,0,0,0,1,0,1,0,0,0,0,0,0,0,0,1,7,1,0,4,0,0,0,0,0,0,0,0,0,4,13,5,0,1,0,0,0,4,0,0,3,2,1,0,12,10,3,0,3,0,0,2,1,1,0,0,6,0,0,0,6,0,0,0,0,0,0,0,15,3,2,0,0,0,7,6,0,5,4,0,0,0,0,0,0,0,0,1,0,6,0,0,0,0,0,6,1,0,0,1,0,8,0,0,4,7,0,0,1,0,0,0,0,0,0,0,0,0,0,14,0,1,0,7,1,0,0,0,4,0,0,3,0,0,3,0,12,10,0,3,0,0,0,0,3,1,8,6,0,4,0,1,1,0,1,6,3,0,0,0,3,0,0,20,0,0,0,0,0,0,0,1,3,0,0,0,2,0,0,2,0,0,6,1,1,0,0,1,19,1,14,0,1,2,0,0,3,0,0,1,0,7,0,1,0,0,2,0,1,7,0,1,8,1,2,0,0,2,0,0,0,3,0,0,0,0,1,0,0,0,0,2,0,5,0,0,6,0,1,3,0,0,9,0,0,0,0,0,0,3,0,2,0,0,0,5,0,0,0,0,0,2,1,0,0,2,3,3,1,0,0,0,11,0,1,0,0,3,0,0,0,3,1,0,0,0,6,1,0,0,0,0,3,0,0,0,0,3,4,0,0,0,0,0,2,0,0,3,1,0,0,0,0,1,0,0,3,0,0,1,15,10,6,0,0,8,2,5,2,0,0,0,8,0,2,0,0,0,0,0,0,0,0,2,0,5,0,1,4,0,0,5,5,0,6,0,0,0,0,0,1,0,0,0,1,1,0,1,0,1,0,0,7,0,0,4,0,0,1,0,2,0,0,1,0,0,3,0,0,0,11,0,0,0,0,0,0,0,2,0,0,0,13,9,0,0,0,5,0,1,0,0,0,0,1,4,4,1,0,0,0,0,0,0,1,0,0,0,0,0,1,2,0,0,0,0,0,0,0,0,0,0,0,0,1,0,2,0,0,0,3,1,3,0,0,0,4,4,0,1,0,1,0,1,0,0,1,0,0,3,0,0,1,1,7,1,0,0,2,0,0,5,0,1,0,3,0,1,0,0,1,0,0,0,0,0,2,1,0,2,0,0,5,0,0,0,7,0,2,0,0,4,0,0,0,0,0,0,0,1,1,0,0,0,0,1,0,0,0,0,0,0,0,3,0,0,0,0,0,0,5,0,0,0,0,2,0,0,0,0,2,0,0,0,0,0,0,0,2,0,0,4,0,0,0,0,0,0,0,0,0,3,1,7,0,1,0,4,0,0,0,3,7,0,0,0,0,0,0,1,1,3,0,1,0,6,0,0,1,0,0,0,0,0,0,1,0,0,2,0,2,0,0,4,0,1,0,0,0,4,0,1,0,0,1,0,0,0,1,0,3,0,0,0,1,1,0,2,2,0,0,0,1,0,0,0,0,1,2,0,1,0,0,4,1,0,0,0,0,0,0,0,0,1,5,1,0,0,1,13,1,0,0,0,0,0,7,0,0,1,2,7,0,0,0,1,0,0,0,1,6,2,0,0,0,1,0,0,0,0,1,0,0,0,1,3,3,5,0,0,0,1,0,0,0,0,0,0,3,6,1,0,2,0,0,4,3,4,0,0,0,0,0,0,11,0,0,1,0,0,0,1,0,0,3,0,0,1,0,1,0,0,0,0,0,0,2,2,0,0,0,2,0,0,0,0,9,1,7,1,0,0,0,0,2,12,0,0,0,0,13,0,0,0,0,0,1,0,0,0,0,0,0,0,1,0,0,0,5,0,0,0,1,0,0,2,0,0,0,0,0,0,0,0,0,3,0,0,0,0,0,0,0,0,3,1,2,22,5,0,1,0,12,0,5,2,2,0,1,0,0,0,0,0,0,0,0,0,2,0,0,0,0,3,0,1,0,2,0,9,19,3,0,12,3,0,1,5,0,0,8,1,0,0,5,0,7,2,0,0,0,0,1,2,2,0,0,2,0,0,4,0,4,0,0,3,0,0,0,14,3,2,0,0,1,1,1,0,0,0,0,0,0,2,0,0,0,0,0,6,0,0,0,0,0,1,0,0,1,1,1,0,0,0,0,0,0,0,1,2,0,0,0,0,0,2,1,5,0,0,2,0,0,0,0,0,0,0,0,0,0,0,0,0,1,0,0,0,1,0,0,2,0,7,0,1,3,0,1,1,0,0,0,0,0,1,3,0,0,0,0,0,0,5,0,0,0,0,0,0,1,0,0,1,3,0,6,0,0,0,9,0,0,14,1,0,0,0,6,0,0,2,0,6,3,0,0,2,5,0,0,0,2,10,1,0,0,0,0,0,0,0,0,1,0,0,0,6,0,2,2,2,0,7,1,1,0,0,0,7,7,1,0,0,1,0,0,0,4,3,0,0,1,10,0,3,3,5,0,1,2,0,7,1,0,0,4,0,0,0,0,3,1,0,1,6,0,1,0,0,1,1,0,0,0,0,0,0,0,0,0,0,2,0,0,0,0,0,7,0,2,0,2,0,0,1,5,0,1,1,0,0,0,0,0,0,0,9,0,0,0,0,0,0,0,2,0,0,0,0,0,3,0,0,0,5,0,0,5,0,10,6,6,1,0,0,1,0,3,0,0,3,0,5,0,0,7,0,1,1,0,0,0,0,0,0,0,19,0,0,0,0,1,0,3,0,4,0,4,0,0,1,1,1,0,0,0,1,0,0,0,6,0,0,7,0,0,1,0,12,1,0,0,0,0,0,0,1,0,0,0,0,0,0,1,0,1,0,0,0,0,1,0,0,0,0,6,0,0,1,0,0,3,0,0,0,1,0,1,6,0,0,0,5,1,0,0,4,0,0,3,4,0,1,0,0,8,0,0,0,0,0,4,0,3,3,2,0,0,0,6,0,0,0,1,1,0,0,1,0,0,2,0,3,0,0,2,0,0,1,0,0,0,1,0,1,0,0,5,7,0,7,1,5,3,0,0,0,0,0,1,0,1
CTSW,1,7,5,5,5,0,0,0,0,0,0,0,0,0,0,3,1,3,0,0,0,0,0,1,0,0,0,0,2,0,2,0,0,0,5,4,1,2,0,0,0,1,0,0,2,0,0,1,1,1,1,0,0,2,5,0,1,0,0,3,2,0,0,0,0,0,0,1,0,0,2,0,0,0,0,2,6,0,0,0,0,0,0,0,6,0,0,0,2,0,0,0,1,0,3,0,0,1,0,0,2,0,0,0,4,0,1,8,0,1,5,2,0,0,0,4,3,2,0,0,0,0,0,0,0,0,3,0,1,3,0,1,0,0,0,0,0,0,0,0,0,4,1,0,1,7,0,0,0,3,0,4,3,2,0,0,4,0,0,0,0,1,1,0,6,1,0,0,0,0,0,4,0,0,0,0,0,1,0,2,0,1,0,0,0,0,0,0,0,0,0,0,1,2,0,0,0,6,1,0,0,5,0,0,0,2,0,0,0,0,1,1,4,5,11,3,1,1,0,1,0,0,0,0,0,3,0,0,0,0,0,0,0,1,0,0,3,0,2,0,0,1,0,0,3,0,3,0,1,0,0,0,0,3,0,0,0,0,0,0,0,0,1,0,0,2,0,3,5,2,8,0,0,1,0,1,0,0,0,1,0,0,2,0,3,1,2,0,0,0,0,0,1,3,4,0,1,0,0,4,2,0,2,0,0,0,1,0,0,0,0,0,0,0,1,0,0,1,0,1,4,5,0,0,2,0,0,0,1,0,0,0,1,0,0,0,0,1,1,0,0,1,1,2,0,0,0,0,2,0,0,0,0,0,4,0,0,2,0,0,5,0,0,0,19,0,1,0,0,0,1,0,8,0,1,2,0,1,0,0,0,0,0,1,0,0,0,0,0,8,0,0,0,0,0,0,0,1,4,0,0,2,3,0,0,0,5,1,1,1,0,1,0,2,0,0,0,0,0,1,0,0,11,6,0,0,1,4,1,2,0,1,6,0,0,0,0,3,1,0,6,2,1,0,1,1,3,0,0,2,1,0,0,1,0,0,3,2,0,0,0,0,0,0,2,0,1,1,0,0,0,0,2,0,1,0,0,0,0,0,1,1,3,4,0,3,7,0,1,0,0,0,0,0,0,0,0,1,0,13,0,0,0,1,2,0,0,0,4,1,0,4,0,2,0,0,1,1,1,0,2,0,2,0,0,0,3,0,0,0,0,0,2,0,0,0,4,0,0,1,2,0,0,5,0,0,0,0,1,1,0,1,0,0,0,0,0,0,2,1,0,0,0,3,0,0,0,0,1,0,2,12,0,0,1,0,3,1,0,6,0,10,0,0,1,3,0,0,0,0,0,0,3,0,2,2,1,0,0,0,0,1,0,8,0,0,0,6,0,0,0,0,3,0,0,0,2,0,0,0,1,1,2,0,10,4,0,0,0,0,0,0,1,6,0,1,0,0,0,0,0,0,8,0,4,0,2,3,0,0,1,0,0,0,0,0,0,0,0,0,0,0,0,2,0,3,0,0,0,0,0,1,1,1,5,0,0,0,1,1,3,0,1,1,0,1,1,0,0,1,0,0,0,3,1,1,2,0,0,0,1,1,0,3,0,0,0,0,1,0,12,2,0,1,0,1,1,9,0,0,0,0,1,2,0,0,0,2,0,5,1,1,0,0,2,0,0,0,2,0,0,0,3,0,1,2,1,0,1,1,5,2,0,2,0,0,1,0,6,1,0,0,0,0,0,0,0,0,2,0,0,0,2,1,0,0,0,1,0,0,0,0,0,2,0,0,4,0,2,1,5,0,1,0,1,1,2,0,0,0,1,3,0,0,8,2,0,0,0,1,0,0,1,0,0,0,0,1,0,7,8,0,0,0,0,0,2,0,0,0,0,5,0,0,0,2,0,1,0,0,0,0,0,2,0,0,2,3,7,1,2,0,0,0,6,0,0,0,2,0,0,1,0,0,0,3,0,0,8,0,0,0,0,2,0,5,4,0,0,0,0,0,0,1,0,2,0,0,0,0,0,0,6,0,0,4,0,0,0,0,0,0,0,0,0,0,0,0,1,0,0,4,0,0,0,0,0,0,0,0,0,1,0,1,0,0,0,1,0,0,0,0,1,0,0,2,0,0,0,4,0,0,0,3,0,0,9,0,0,5,0,1,0,0,5,0,0,2,0,0,2,1,1,3,0,0,3,0,0,0,0,0,0,1,2,0,0,1,0,0,1,3,0,0,1,0,1,1,0,0,0,1,0,7,3,5,0,3,0,0,0,0,0,1,2,7,1,1,0,0,0,9,0,0,0,3,0,0,0,0,0,0,0,0,3,0,0,0,0,0,5,0,0,0,0,0,0,2,0,1,1,5,9,4,0,0,0,1,1,1,0,0,0,2,0,0,0,2,0,3,0,0,0,0,0,2,0,0,5,0,0,0,5,0,0,2,0,0,0,0,0,0,0,0,8,7,0,1,0,0,0,0,2,1,0,0,0,3,0,0,0,1,1,0,0,1,1,1,0,3,7,2,0,0,0,0,0,1,0,4,0,0,1,1,0,3,13,1,0,0,0,0,1,6,7,0,0,0,0,0,3,1,1,7,0,0,0,2,0,3,0,0,0,0,1,3,1,0,4,1,0,3,1,0,0,0,1,0,1,15,0,3,0,0,1,7,1,0,0,0,0,0,0,0,0,0,4,0,0,0,0,0,0,0,0,0,0,2,0,0,0,2,0,0,1,0,0,0,3,0,0,2,5,0,0,0,1,0,0,4,0,0,1,0,0,0,0,0,1,0,0,0,0,0,3,0,0,0,2,0,0,2,1,0,1,0,0,2,0,1,0,0,0,0,0,3,0,5,1,0,3,0,1,0,2,0,0,6,0,0,4,0,1,0,0,0,0,5,0,1,0,1,0,0,1,0,0,0,0,0,0,0,0,0,0,0,15,0,0,1,0,0,0,0,0,2,0,0,0,0,0,0,1,3,0,1,0,0,2,0,0,0,0,0,0,1,3,0,1,0,2,3,0,0,0,0,1,8,1,0,0,0,1,0,0,0,1,0,0,1,0,0,7,0,0,0,0,19,0,0,0,0,3,0,0,0,0,7,0,0,0,0,0,1,0,0,0,0,0,0,5,0,0,4,0,0,0,1,0,0,0,7,2,2,2,0,1,0,0,1,0,0,8,0,5,0,4,0,0,0,0,4,2,0,1,4,0,1,0,3,0,8,1,0,1,0,0,0,0,0,0,2,0,2,0,0,0,8,0,0,2,0,1,0,0,2,5,1,4,0,2,4,1,2,3,0,0,0,0,0,0,0,0,2,0,7,0,0,0,1,0,0,0,0,1,0,0,0,0,0,0,2,6,4,0,0,0,0,0,4,0,0,1,0,0,0,0,0,0,0,0,0,0,2,0,0,0,0,2,0,0,0,0,0,0,3,9,1,3,0,2,0,0,0,0,0,0,0,0,0,0,0,0,0,2,2
CYBA,1,3,3,2,5,10,5,2,2,1,16,7,13,1,1,20,3,6,11,4,1,1,11,6,1,6,0,3,6,8,0,2,8,23,2,3,2,7,8,1,0,3,15,8,3,4,7,7,3,1,0,2,9,1,4,5,1,3,2,2,17,4,6,1,1,8,4,0,4,2,1,1,2,9,9,3,7,16,4,11,2,1,3,11,4,1,2,6,5,3,22,2,4,10,2,7,0,3,13,26,2,1,12,3,3,8,1,8,12,3,2,2,5,10,0,4,1,6,6,1,0,6,12,1,2,4,5,1,11,1,0,1,3,4,2,3,2,4,5,3,4,3,2,5,16,0,4,5,5,5,18,3,5,2,4,3,1,4,1,13,0,1,20,11,1,1,8,2,23,23,0,5,1,2,8,1,2,3,11,1,0,0,8,3,6,2,2,0,6,13,17,3,3,1,0,8,2,5,0,8,1,4,8,4,3,0,4,8,5,0,1,6,3,4,7,6,3,4,29,15,0,2,26,3,5,4,1,2,1,0,2,2,14,17,8,4,3,4,3,5,8,0,3,2,5,6,3,8,14,5,5,9,4,7,3,3,2,3,6,4,1,1,4,19,1,3,0,2,6,5,8,13,12,5,2,6,5,13,18,2,8,7,1,1,6,1,3,4,2,1,0,2,9,4,4,0,0,0,18,4,1,5,3,2,11,0,5,5,22,2,0,1,4,5,2,2,2,5,4,4,1,3,24,1,3,5,5,8,5,2,1,11,4,2,5,2,3,8,1,9,19,7,10,2,5,3,0,8,3,14,8,3,17,2,7,10,2,4,11,4,2,1,3,8,21,2,34,5,1,1,5,7,7,1,7,36,1,4,1,13,5,2,7,3,3,6,3,5,1,8,4,24,2,13,0,5,8,4,11,8,3,4,4,5,6,2,5,4,6,7,5,1,9,2,2,19,2,3,3,2,18,2,16,1,14,0,1,3,1,0,2,3,3,3,10,2,6,3,2,20,4,2,19,3,2,21,3,1,0,1,5,5,5,4,13,4,5,18,10,4,21,3,4,4,11,6,1,3,10,4,9,6,4,2,1,9,9,5,6,1,9,2,2,3,12,5,5,2,3,7,1,5,1,2,3,3,3,0,4,6,10,10,2,1,5,3,8,21,5,1,6,7,9,0,1,3,6,3,3,5,0,1,6,10,4,4,4,9,14,2,8,13,3,0,10,14,7,13,0,6,12,2,2,4,0,4,6,2,20,1,1,25,0,0,6,12,1,21,0,9,3,5,6,4,4,3,1,2,4,3,1,7,3,2,3,8,3,2,8,6,2,1,0,6,0,5,1,1,2,4,1,6,4,9,4,5,6,5,2,5,6,13,8,6,1,21,4,4,1,0,3,6,5,2,8,0,0,7,6,12,4,5,3,1,14,3,0,10,0,2,4,1,4,10,6,4,1,0,0,4,1,8,6,5,0,2,10,0,1,8,5,3,1,6,5,11,1,2,5,11,5,6,5,6,5,3,5,0,2,7,0,0,4,4,7,1,8,11,2,3,6,21,2,4,4,4,2,0,10,3,0,0,1,3,1,0,5,4,2,6,3,4,20,7,4,9,0,1,4,15,4,6,2,4,5,6,1,5,0,1,0,2,4,4,2,1,2,4,0,10,1,3,4,1,25,0,4,8,4,3,8,0,2,9,3,3,3,3,1,0,2,1,4,7,8,4,3,4,4,5,4,10,2,4,10,4,2,2,7,1,0,2,2,1,7,8,8,3,5,4,6,0,1,4,15,14,12,0,4,2,3,2,2,8,13,1,4,0,14,4,4,3,1,1,10,4,3,5,4,0,2,3,0,4,3,2,6,0,1,0,2,7,14,5,3,4,2,2,2,8,3,4,5,18,1,0,1,1,11,5,5,10,4,7,3,7,4,4,8,2,2,5,5,1,3,1,3,18,0,2,3,3,1,1,1,3,3,9,11,2,10,5,19,1,1,5,2,1,2,14,2,1,7,15,8,4,10,1,3,5,1,1,10,6,4,5,6,0,8,0,6,2,2,1,1,0,2,4,19,14,10,5,4,2,7,7,4,2,1,5,1,19,10,3,21,10,0,4,8,17,6,5,1,2,4,4,2,22,1,6,7,1,5,4,1,0,3,3,2,3,4,1,7,0,2,0,10,1,2,10,5,2,2,6,5,13,1,1,10,3,2,31,9,4,3,7,0,4,10,3,3,2,1,24,4,3,0,2,2,0,5,1,2,3,2,2,1,4,2,2,1,19,0,1,2,7,1,1,3,1,4,7,3,0,3,3,2,3,13,3,3,5,0,2,6,5,5,4,2,1,31,25,2,1,0,15,3,13,10,1,1,4,3,10,4,1,3,5,1,2,4,9,2,4,0,4,6,0,2,2,3,1,14,19,7,1,10,12,2,12,10,1,3,9,0,28,0,3,3,9,22,3,1,3,4,1,13,2,4,2,4,2,2,17,3,2,1,2,4,1,0,7,13,4,12,5,1,2,6,4,2,1,2,5,7,0,6,7,2,10,1,4,13,2,4,5,6,4,10,1,1,1,3,5,6,3,4,8,1,1,4,1,15,7,2,11,1,2,25,3,19,1,11,13,5,2,1,1,3,3,1,4,2,3,2,3,8,3,0,3,7,1,1,8,14,7,15,1,4,16,2,2,7,4,1,4,4,2,8,8,0,3,0,4,4,2,8,2,2,2,5,2,2,1,0,3,7,20,5,13,1,2,6,15,1,2,12,4,4,0,2,6,3,2,6,7,7,9,0,3,12,12,2,1,3,22,18,1,1,0,3,6,3,0,4,4,6,8,7,0,21,4,6,10,1,1,12,5,0,0,6,1,17,12,7,2,1,10,1,3,0,9,3,5,5,1,18,4,7,4,12,2,14,6,4,9,10,3,2,11,2,0,2,2,6,1,10,3,7,4,15,6,3,5,2,8,7,3,1,2,9,2,1,5,4,4,1,1,3,8,2,18,3,5,3,1,6,13,1,14,2,2,5,4,1,4,1,8,18,4,12,4,1,0,1,9,6,1,6,2,2,5,3,1,7,2,6,21,8,1,0,29,7,11,6,18,3,8,0,5,2,2,2,6,16,1,13,1,4,19,8,4,1,0,4,4,7,1,3,22,24,2,1,0,5,7,2,6,5,16,4,6,4,2,5,6,3,0,3,11,1,1,5,1,9,5,0,31,6,1,0,8,19,6,0,1,2,2,3,4,1,1,1,2,4,2,2,6,2,5,4,1,0,2,0,3,4,3,12,6,5,5,3,6,3,11,1,2,1,5,1,0,10,1,2,5,21,5,4,4,5,0,2,12,22,1,2,6,1,25,0,2,2,1,1,8,1,8,13,3,2,2,3,7,0,1,2,9,12,4,1,15,1,5,4,3,7,7,2,8,2,1,3,2,3,2,4,3,4,0,3,4,12,0,18,5,4,20,2,1,3,10,3,0,2,3
GAPDH,5,0,4,6,3,4,13,9,2,0,13,8,11,0,1,13,3,4,9,2,0,2,12,3,2,2,0,3,2,4,1,3,4,6,6,1,2,4,6,0,5,6,15,6,3,0,1,0,2,2,2,1,4,3,5,5,1,5,6,4,24,5,4,6,1,2,0,6,8,1,1,16,5,5,3,3,3,37,3,7,3,4,4,4,10,1,1,0,7,1,0,3,2,9,4,15,0,0,7,61,1,3,3,2,3,6,2,1,8,1,6,3,1,5,2,9,5,5,6,0,0,1,10,0,2,3,1,0,19,2,0,1,1,1,2,1,0,1,9,0,3,2,0,3,26,3,20,11,5,1,16,2,8,0,2,7,2,0,1,6,1,2,13,10,4,18,9,5,16,27,3,1,8,2,11,0,5,3,6,1,1,2,1,3,9,5,2,2,12,5,12,15,4,0,2,1,2,0,6,4,6,10,4,0,1,6,4,4,4,2,0,5,3,3,6,5,0,3,2,23,0,0,0,0,5,0,0,9,3,2,2,2,7,6,13,3,6,0,2,1,3,0,2,1,2,1,3,13,18,10,3,5,0,3,0,8,1,3,1,4,1,1,2,16,2,3,1,2,5,2,1,34,14,4,3,5,1,14,16,0,4,4,0,9,5,1,3,1,4,3,3,4,16,5,6,0,2,2,11,4,2,1,7,1,13,1,4,3,15,1,1,4,2,6,5,2,0,4,2,2,2,4,9,0,4,1,8,4,1,1,2,7,0,0,3,0,4,1,3,5,27,5,5,4,1,12,1,14,5,20,15,1,9,7,5,13,1,2,17,6,1,3,1,7,8,1,37,4,3,3,2,5,6,0,2,34,5,5,2,21,3,1,6,2,3,3,8,3,4,1,5,21,3,14,5,4,9,1,0,10,12,3,2,1,8,3,3,0,2,3,1,8,3,4,1,20,1,0,1,2,9,3,40,4,4,2,4,1,1,1,0,2,2,4,4,1,6,1,2,33,10,4,13,3,4,40,6,1,2,1,1,3,3,2,21,9,1,9,19,4,4,2,1,1,13,6,4,1,6,3,5,8,2,2,5,3,14,4,1,5,11,6,1,4,14,3,1,9,3,6,7,0,3,1,2,5,3,0,1,11,3,11,1,1,1,3,0,37,0,3,4,5,0,0,0,2,3,1,1,4,2,1,5,6,5,4,4,1,20,2,18,4,6,1,8,20,4,17,4,5,52,11,3,2,2,3,34,1,12,3,8,23,0,2,3,9,2,13,5,6,2,3,0,2,1,2,1,0,11,1,0,11,2,4,5,20,3,0,4,4,0,1,4,5,7,5,1,1,5,3,2,1,3,8,3,7,4,5,1,1,6,17,6,4,8,15,9,1,0,1,8,0,5,5,7,2,5,16,13,14,10,5,3,2,11,1,0,10,3,5,0,1,4,4,2,0,1,4,3,4,1,2,7,4,4,2,9,4,2,5,3,3,0,3,1,5,1,3,1,20,16,6,3,3,4,1,3,0,4,3,1,4,8,4,7,3,3,12,1,2,0,37,2,1,7,3,0,3,3,2,0,4,5,1,1,2,5,1,0,10,2,2,5,0,1,5,3,1,5,44,4,2,0,1,12,2,4,6,0,3,2,0,4,2,0,5,1,1,0,3,3,3,1,4,5,2,6,2,5,1,3,2,2,5,3,4,0,4,6,1,3,2,3,2,1,3,2,3,1,5,1,9,1,2,9,1,3,0,4,4,1,3,2,3,4,5,11,3,7,9,5,0,4,4,8,9,3,4,0,0,4,5,0,6,18,3,2,2,4,2,4,1,0,3,5,4,3,0,0,3,5,3,0,0,1,1,6,0,2,3,7,1,22,0,1,12,2,0,0,6,9,5,1,6,3,5,2,2,6,2,7,16,39,2,9,8,5,6,2,4,3,0,1,5,3,0,4,13,1,0,2,0,2,1,1,4,1,7,6,1,3,4,10,5,0,4,4,2,1,9,0,1,9,21,9,2,2,1,3,4,1,4,4,4,3,5,3,1,6,2,0,1,2,3,2,1,1,1,13,10,20,1,2,2,5,8,0,1,5,3,0,13,15,5,3,11,0,2,6,9,5,3,1,0,0,5,2,10,3,5,0,3,17,4,1,3,8,4,1,1,0,1,9,2,2,1,3,1,1,10,4,2,0,4,13,19,2,1,12,2,0,48,3,1,3,0,3,0,12,2,6,7,1,39,0,4,1,0,3,1,5,1,2,6,0,2,1,5,1,2,2,13,4,2,3,1,1,1,0,2,9,3,12,0,1,4,1,1,11,1,3,0,1,3,2,5,2,10,3,1,23,32,2,4,1,22,2,30,5,6,3,3,8,4,2,3,1,5,2,1,7,5,5,5,4,3,11,2,6,4,1,6,9,11,4,9,12,8,4,4,7,8,4,7,0,2,4,8,12,22,4,2,2,0,8,2,6,7,2,0,4,2,3,28,0,1,0,0,3,3,4,7,8,10,6,2,2,0,0,2,1,0,2,8,1,3,5,4,0,3,3,2,31,1,0,1,11,1,5,2,2,3,26,1,1,4,0,1,1,3,6,1,4,3,4,1,1,0,4,6,13,0,1,24,1,0,1,2,9,2,8,3,2,1,2,0,3,3,0,3,10,1,3,1,2,3,11,2,0,31,9,2,8,1,0,2,8,1,6,4,1,3,0,4,4,2,18,3,3,1,1,2,4,0,0,6,1,14,5,10,0,2,3,10,1,2,18,6,0,4,2,14,2,5,1,10,2,16,2,1,6,9,2,0,3,4,25,1,5,0,3,2,3,3,4,0,1,23,0,1,13,3,5,4,0,2,6,4,2,0,5,0,12,13,6,5,4,4,1,1,3,4,3,1,2,0,25,10,7,8,9,5,10,32,2,3,17,0,2,7,0,2,1,1,4,2,13,3,6,1,7,1,3,8,0,6,6,4,1,4,0,1,1,0,12,0,0,0,1,2,2,8,2,1,5,4,2,1,1,18,1,2,1,4,0,4,2,7,92,0,6,1,3,1,1,0,5,5,6,4,2,5,4,1,6,1,6,8,3,1,2,16,4,21,2,9,1,7,1,8,3,6,4,2,24,1,12,3,2,12,3,9,4,0,0,2,1,3,15,0,21,2,1,3,3,5,1,8,3,26,5,4,8,2,2,9,2,1,1,1,0,1,1,1,3,5,0,27,3,5,5,12,3,12,0,4,1,9,1,3,4,3,1,2,4,2,1,6,2,13,4,5,0,2,3,3,6,2,3,2,1,1,3,2,2,6,4,1,0,15,2,0,1,0,2,8,2,1,3,0,2,1,1,14,26,3,9,6,5,28,1,1,4,2,3,3,2,13,9,4,1,3,3,3,3,5,1,10,13,1,0,7,0,7,3,2,3,1,7,5,6,1,1,2,0,3,5,0,2,2,2,4,4,1,8,1,3,29,3,5,3,6,6,0,2,1
VCAN,0,0,0,0,0,1,3,1,0,0,3,0,2,0,0,0,0,1,6,0,0,0,4,4,0,0,0,0,0,0,0,0,0,0,0,0,0,0,0,0,0,0,5,0,1,0,0,2,0,0,0,0,0,0,0,5,0,0,0,0,1,0,0,5,0,0,0,0,6,0,0,0,0,2,0,0,0,8,2,4,0,0,6,1,0,0,0,0,0,0,0,1,0,3,0,10,0,0,7,0,0,0,0,0,0,2,0,0,0,0,0,0,1,3,0,0,1,0,3,0,0,2,4,0,0,0,0,0,7,0,0,0,0,0,1,0,0,0,5,0,0,0,0,0,0,0,6,6,1,1,8,0,0,0,0,0,0,0,1,5,0,0,2,2,0,0,5,0,0,0,0,1,0,0,7,0,0,0,2,0,0,0,0,0,4,0,0,0,4,0,0,0,0,0,0,0,0,0,0,0,8,0,0,0,0,0,0,0,0,0,0,0,0,0,0,0,0,0,0,7,0,0,0,0,1,0,0,5,0,0,0,0,0,2,2,0,0,0,0,0,1,0,0,1,0,0,0,1,14,2,0,2,0,0,0,0,0,0,0,3,0,0,0,5,0,0,0,0,1,0,0,3,4,0,0,0,0,5,8,0,3,1,0,0,0,0,0,0,0,0,0,0,11,0,0,0,0,0,6,0,0,0,0,0,1,0,0,1,1,0,0,0,0,0,0,0,0,0,0,0,0,0,1,0,0,0,6,1,0,0,0,4,0,0,1,0,0,1,0,4,5,0,2,0,0,1,0,6,0,6,9,0,0,0,0,7,0,0,6,4,0,0,0,0,0,0,0,0,0,0,0,2,0,0,0,1,0,0,0,11,4,0,2,0,0,2,0,0,0,0,0,0,0,0,0,2,0,0,1,0,6,0,0,0,3,0,0,0,0,0,0,0,1,0,0,1,0,0,0,0,1,0,0,0,0,0,0,0,0,0,0,0,0,0,7,0,3,0,0,3,0,0,2,0,0,4,0,0,0,0,0,0,8,0,11,0,0,2,12,0,0,0,0,0,4,1,0,0,0,4,2,7,0,0,0,0,3,0,0,0,6,0,1,0,1,0,0,1,0,2,0,0,0,0,0,6,0,0,0,0,0,9,0,0,0,0,0,4,0,0,12,0,0,0,0,0,0,0,0,2,0,0,0,4,2,3,0,0,6,0,8,0,0,0,6,6,0,0,0,0,0,0,0,0,0,0,7,0,0,0,0,1,0,0,0,1,0,0,0,0,0,0,0,0,1,0,0,0,0,0,0,0,0,1,0,4,0,0,3,0,0,0,0,4,0,0,0,0,0,4,0,0,0,0,0,0,0,0,0,0,0,2,1,0,0,0,5,0,0,0,6,0,0,0,0,0,0,0,4,2,0,0,0,0,0,0,0,0,0,0,0,0,0,1,4,0,0,0,0,0,0,4,0,0,0,0,0,0,0,2,0,0,0,0,0,1,1,0,0,5,5,0,0,0,0,0,1,0,0,0,0,0,2,0,1,0,2,4,0,0,0,4,0,0,2,0,0,0,0,0,0,0,0,0,0,0,0,0,0,1,0,0,0,0,0,2,0,0,0,0,0,0,0,0,2,1,0,0,0,0,0,0,0,0,0,0,0,0,0,0,0,0,0,0,0,0,5,0,0,0,0,0,0,9,0,0,0,0,0,0,0,0,0,0,0,0,0,0,0,0,0,2,0,0,3,0,0,0,0,0,0,0,0,0,1,0,7,0,2,0,4,0,0,0,9,0,0,0,0,0,0,0,0,1,6,1,0,0,2,0,0,0,1,0,0,0,0,0,0,0,0,2,0,3,0,0,1,0,0,0,0,0,3,0,0,0,0,0,0,1,1,0,0,0,0,0,0,1,1,0,1,4,1,0,0,0,0,0,0,0,0,1,4,0,0,0,3,6,0,0,0,0,0,0,0,0,0,4,0,0,0,3,0,0,0,0,0,0,0,0,0,0,6,0,10,0,0,0,0,0,0,0,1,2,2,3,0,0,0,0,0,0,0,0,0,0,0,0,2,8,6,0,0,0,3,0,0,0,0,0,0,2,4,0,0,6,0,0,6,0,0,0,0,0,0,0,0,0,0,0,0,0,0,0,0,0,0,1,0,0,1,0,6,0,0,0,0,0,0,7,0,0,0,0,3,5,0,0,0,2,0,8,4,1,0,0,0,0,6,0,0,0,0,14,0,0,0,0,1,0,0,0,0,0,0,0,0,0,0,0,0,5,0,0,0,0,0,0,3,0,0,0,6,0,0,0,0,0,2,0,0,0,0,0,0,0,0,3,0,0,0,0,0,0,0,5,0,13,4,0,0,0,0,0,0,0,0,0,0,0,0,2,0,0,0,0,0,0,0,0,0,0,0,0,1,0,6,0,0,0,12,0,0,0,0,0,0,6,6,6,0,0,0,0,0,0,5,0,0,1,2,0,0,0,0,2,0,0,4,0,0,0,0,3,1,0,0,0,0,0,0,0,0,0,0,0,0,0,0,0,0,0,6,0,0,0,0,0,2,0,0,0,0,0,0,0,0,0,0,0,0,0,3,0,0,0,0,0,0,0,5,0,0,0,0,0,0,0,0,0,0,0,0,0,0,0,0,0,0,0,0,0,0,0,0,0,5,0,0,1,0,0,0,0,0,0,1,0,1,3,0,0,0,0,0,0,8,0,0,0,0,0,0,1,0,0,0,3,0,4,0,0,0,0,0,0,1,0,0,0,0,0,0,0,0,0,0,6,0,0,1,1,0,0,0,0,2,0,0,0,0,0,0,0,0,0,0,0,0,0,0,0,0,7,0,1,0,0,0,0,0,0,5,3,0,0,3,1,0,0,0,0,0,0,0,0,2,0,1,2,1,0,0,1,0,1,0,0,0,4,0,0,0,0,12,0,0,0,1,0,0,0,0,1,0,0,0,0,0,0,0,0,0,0,0,0,0,1,0,0,0,6,0,3,1,0,0,0,0,9,0,0,0,0,0,0,0,0,0,0,2,0,0,0,0,0,0,0,2,0,0,1,0,0,0,0,0,0,2,0,0,0,0,2,1,1,1,0,0,0,1,4,0,1,4,0,6,0,0,7,0,0,0,0,0,0,0,0,0,0,0,0,0,0,0,1,0,3,0,0,0,2,0,0,0,1,0,0,0,0,1,0,0,0,0,0,0,0,0,1,3,0,0,4,1,0,0,0,0,0,0,0,0,0,0,0,0,0,1,7,0,0,0,0,3,0,0,0,0,1,0,1,0,0,0,1,0,0,0,0,0,0,1,0,0,0,0,8,0,0,0,0,0,1,0,0,0,0,0,5,0,0,0,0,0,1,0,5,2,0,0,0,0,4,0,0,0,0,8,0,0,0,0,0,2,0,2,0,0,1,0,0,0,0,0,0,0,0,0,0,0,3,2,0,6,0,1,0,0,0,0,0,0,0,0,0
ANXA1,0,0,2,0,0,1,0,4,0,1,9,6,3,0,2,2,0,1,6,1,0,0,3,2,0,3,0,1,2,1,0,0,1,0,0,2,0,0,3,0,1,0,1,3,0,1,0,2,0,0,0,0,4,1,2,0,0,0,0,1,6,1,7,4,0,7,0,0,3,0,1,8,1,4,2,2,1,6,1,3,1,1,2,3,2,4,0,0,0,0,1,4,4,10,3,3,0,0,2,0,0,0,2,0,1,2,0,1,2,0,8,0,4,3,0,0,2,1,0,0,0,3,9,0,1,1,0,0,1,0,0,0,0,0,0,0,0,0,2,1,0,1,1,0,7,1,5,7,3,1,3,0,5,2,0,1,0,0,2,4,2,0,3,3,0,3,0,0,1,8,2,2,10,0,1,0,1,1,4,0,0,0,0,0,3,0,0,0,3,2,6,8,1,0,0,0,1,1,0,1,0,6,5,0,1,0,0,1,1,0,0,2,0,2,1,0,1,0,1,1,0,0,1,0,3,1,0,1,0,1,1,0,2,1,2,1,0,0,3,0,2,0,0,1,1,0,0,2,6,2,0,6,0,2,0,5,0,5,0,1,0,0,2,4,0,2,2,2,0,0,1,14,0,2,0,3,1,6,3,1,5,2,0,0,0,0,0,0,0,0,0,0,2,2,0,0,0,0,7,1,0,0,1,0,0,0,1,2,0,0,0,1,0,7,2,1,2,2,0,4,0,1,0,0,2,0,1,0,0,0,0,3,0,0,3,0,0,0,2,1,6,11,0,0,0,0,1,2,2,9,3,1,8,2,2,1,0,0,8,1,3,0,0,3,1,0,21,7,0,0,3,3,3,0,1,21,3,1,0,6,0,0,3,0,1,2,5,1,0,1,1,3,2,0,0,6,0,4,0,7,1,0,3,0,1,1,1,0,0,1,3,4,0,0,0,6,0,0,0,0,5,1,10,0,0,0,1,3,0,1,0,0,0,0,4,0,2,3,0,5,2,0,8,1,1,7,1,0,0,1,0,10,8,0,6,5,0,3,3,0,0,0,0,0,8,9,0,0,0,0,6,5,0,0,0,0,1,2,0,1,7,0,2,5,1,0,1,4,0,1,1,0,0,3,0,2,0,0,0,2,2,3,0,2,0,0,0,7,1,0,0,2,0,0,1,3,1,3,0,0,1,2,1,2,2,1,0,0,9,4,4,0,0,0,11,9,0,1,1,4,6,2,0,3,0,0,6,0,7,3,10,6,0,0,0,5,0,4,0,1,0,8,0,3,1,0,5,0,1,0,0,4,1,0,0,5,0,1,1,2,0,1,1,0,0,2,0,0,0,1,2,0,3,0,0,0,0,0,0,0,6,1,0,4,7,10,1,7,0,2,2,0,1,4,2,0,0,0,5,9,1,0,2,0,5,2,0,1,0,0,0,0,0,3,0,2,1,0,0,0,0,3,1,1,0,1,2,0,0,10,3,2,0,1,0,1,0,0,0,11,1,0,0,1,2,3,3,1,1,0,0,0,4,0,1,4,1,3,0,0,0,7,7,0,4,0,1,0,2,0,0,0,3,2,1,0,1,0,0,2,4,4,0,5,0,0,0,0,2,10,5,2,0,1,2,0,1,5,0,0,0,0,2,2,0,3,0,0,0,6,3,0,0,0,1,0,2,0,2,1,0,0,4,10,5,2,0,0,5,0,1,0,0,0,0,0,0,0,7,0,0,2,0,0,2,0,3,2,0,0,0,2,0,3,0,2,1,0,2,5,0,0,0,6,3,0,5,0,2,1,2,4,0,2,10,2,1,0,5,1,0,2,0,0,5,1,3,0,0,0,4,2,1,1,0,0,0,1,1,1,3,0,9,0,0,9,0,1,0,0,3,0,0,0,0,0,2,1,7,0,5,2,0,2,0,0,1,1,2,1,0,0,2,0,4,0,5,3,1,0,0,1,1,0,0,0,0,5,6,1,0,0,0,3,0,2,0,0,0,1,0,0,1,6,1,0,0,0,0,1,0,0,3,0,1,8,0,0,3,1,0,1,0,0,0,1,0,0,8,3,0,2,0,1,2,6,0,0,3,0,0,8,5,1,0,0,0,2,2,2,0,0,0,0,0,1,0,7,1,0,0,1,0,0,0,2,7,1,2,6,1,1,1,0,0,0,0,0,1,3,6,2,0,0,1,4,0,0,0,2,1,13,0,0,0,0,1,0,4,0,0,0,1,10,2,0,1,0,0,0,0,0,0,0,3,0,0,1,0,0,0,6,9,0,0,3,0,0,0,0,5,2,1,1,0,0,0,1,3,0,0,0,2,2,2,0,6,3,0,0,7,9,0,0,0,9,0,3,3,5,0,5,7,4,0,0,1,1,0,0,1,4,0,1,2,1,1,0,1,3,1,0,5,2,0,4,4,4,0,1,1,7,1,3,0,0,0,2,1,6,0,1,0,0,0,3,4,2,0,0,6,0,1,5,0,2,0,1,0,0,5,5,4,3,1,0,5,1,0,6,2,0,0,9,0,0,4,5,1,3,0,0,1,1,0,0,2,0,2,0,0,0,2,0,1,0,0,0,0,0,3,0,1,2,1,0,0,0,0,0,6,0,0,0,0,3,0,0,2,0,7,1,1,0,0,0,0,1,0,1,0,0,0,0,0,2,3,0,0,6,1,0,1,0,0,1,0,0,2,5,0,2,0,1,0,2,4,1,0,1,0,0,0,0,0,0,0,0,2,2,0,0,5,3,2,0,1,0,0,0,0,2,1,0,0,0,0,5,0,0,1,5,0,0,0,0,2,0,0,0,3,0,0,0,0,0,0,1,0,2,4,0,4,1,0,0,5,3,0,0,0,0,11,2,1,0,1,3,0,0,0,1,1,0,0,0,2,6,4,4,5,0,2,0,0,0,0,0,0,3,0,0,1,0,0,1,1,1,1,0,6,0,0,4,0,1,1,0,0,0,0,0,3,0,9,0,0,0,2,0,0,3,1,1,0,0,2,1,0,7,0,0,0,0,0,0,1,3,17,0,0,0,3,5,0,0,3,0,1,1,1,3,2,0,2,0,0,1,3,0,0,9,0,5,2,2,0,3,1,11,1,4,0,0,11,0,1,0,1,0,4,1,1,0,0,0,0,0,9,1,3,3,0,1,0,1,0,3,0,7,3,0,0,0,3,1,0,0,0,0,1,0,0,0,2,3,0,5,1,2,1,2,6,3,0,0,0,1,0,1,0,0,0,0,0,1,0,2,0,7,6,1,1,3,1,0,3,0,5,2,0,0,5,0,1,2,0,0,0,0,0,0,0,0,3,0,0,1,0,2,0,0,0,1,4,0,5,3,3,7,0,0,7,0,1,2,0,3,2,4,2,4,1,2,0,0,0,0,2,0,0,6,0,2,1,0,2,0,1,1,0,0,2,0,0,2,0,0,6,0,3,2,2,0,3,0,3,9,2,3,1,9,1,0,0,2
NA..8,0,0,0,0,0,0,0,0,1,0,0,0,0,0,0,0,0,0,0,0,0,0,0,0,0,0,0,0,0,0,0,0,0,0,0,0,0,0,0,3,0,0,0,0,0,4,0,0,0,0,0,0,0,0,0,0,0,0,0,0,0,0,0,0,0,1,0,0,0,0,0,0,0,0,0,0,0,0,0,0,0,0,0,0,0,0,0,0,0,0,1,0,0,0,0,0,0,5,0,0,0,0,0,0,0,0,0,0,0,0,0,0,0,0,0,0,0,0,0,0,0,0,0,0,0,0,0,2,0,0,0,0,0,5,0,0,2,0,0,0,0,0,1,0,0,0,1,0,0,0,0,0,0,0,0,0,0,0,0,0,0,0,0,0,0,0,0,0,0,0,0,0,0,0,0,0,0,0,0,0,0,0,2,5,0,0,0,0,0,0,0,0,0,0,0,7,0,0,0,0,0,0,0,3,0,0,6,0,0,0,0,0,0,0,0,0,0,0,0,0,0,2,0,3,0,0,2,0,0,0,0,0,1,0,0,0,0,6,0,5,0,0,1,0,0,1,0,0,0,0,0,0,3,0,6,0,0,0,5,0,0,1,0,0,0,0,0,0,0,0,0,0,0,0,0,0,8,0,0,1,0,0,0,0,0,0,0,2,0,0,0,0,0,0,0,0,0,0,0,0,0,0,0,0,0,0,0,0,0,0,0,0,0,0,0,1,0,0,2,0,0,0,0,0,0,0,0,10,5,0,0,0,0,7,0,0,0,0,0,0,0,0,0,0,2,0,0,0,0,0,0,0,0,1,0,0,1,0,0,0,0,4,3,0,1,0,0,0,0,0,0,0,0,0,0,0,0,0,0,0,0,4,0,0,0,0,0,1,0,0,0,0,0,0,0,0,8,0,0,0,0,1,0,0,0,0,0,1,6,0,0,0,0,0,0,0,0,6,0,0,0,0,0,0,0,0,0,0,0,0,2,0,0,0,0,5,0,0,0,0,0,0,0,0,0,0,0,0,5,0,0,0,0,0,0,0,0,0,0,0,0,0,0,9,0,1,0,0,0,0,0,0,0,0,0,0,0,0,0,0,0,0,0,0,0,0,0,0,0,0,0,0,0,5,0,0,0,0,4,0,0,0,0,0,0,0,5,0,0,0,0,0,5,0,0,0,0,0,0,0,0,0,0,0,0,0,0,10,0,0,0,1,0,0,0,0,0,0,0,0,0,0,0,0,0,0,0,0,0,0,0,0,0,0,0,0,2,0,0,0,0,0,5,0,0,0,0,1,0,4,0,0,0,0,0,0,0,1,0,0,5,0,0,0,0,0,8,0,2,0,0,3,0,0,1,2,0,0,1,4,0,1,0,0,0,0,0,0,0,0,1,5,0,0,0,0,0,0,0,0,0,0,0,0,0,0,0,0,0,0,3,0,0,0,0,0,0,0,0,3,0,0,0,0,0,1,0,0,0,0,0,0,0,0,4,0,2,0,6,0,0,4,0,0,0,0,0,0,0,1,0,0,0,0,0,0,0,0,0,0,0,0,0,0,0,0,0,0,0,0,0,0,0,0,0,0,0,0,7,0,0,0,0,0,5,0,0,0,0,0,0,0,7,0,0,1,0,0,0,0,0,0,0,0,1,0,5,0,0,0,0,0,2,0,1,0,0,0,0,3,2,0,0,0,0,0,11,0,0,0,0,0,0,0,4,0,0,3,0,0,2,0,5,0,0,6,0,0,0,0,0,0,0,0,0,0,0,0,0,0,0,0,0,0,0,0,0,0,0,1,0,0,0,0,0,0,0,0,0,0,0,0,1,0,0,0,0,3,2,0,0,0,0,0,0,0,0,0,0,0,0,4,0,0,5,0,0,1,0,0,0,0,10,0,0,0,0,0,0,4,1,0,0,0,0,0,0,0,0,0,0,0,0,0,0,0,0,0,0,3,0,0,0,0,0,0,0,0,0,0,0,0,0,0,0,0,0,0,3,0,0,1,0,0,0,0,5,0,6,0,0,0,0,0,0,0,0,0,0,0,8,0,0,0,1,0,3,3,0,0,0,0,0,0,0,0,7,0,0,1,0,0,0,0,0,0,0,0,0,0,0,0,0,0,2,0,0,0,0,0,5,0,0,0,4,0,0,0,0,0,0,0,0,0,0,0,0,0,0,0,0,0,0,0,0,1,0,0,2,0,0,1,0,0,0,1,0,0,0,0,0,0,0,0,0,0,0,0,0,0,4,0,0,0,0,1,0,0,1,0,0,0,0,0,0,1,0,0,0,0,0,0,0,0,0,0,1,3,0,1,5,4,0,0,0,0,0,0,0,0,1,0,3,0,0,0,0,0,0,0,0,1,0,0,1,0,0,0,0,0,0,0,0,0,0,0,0,0,0,0,0,0,0,1,0,0,0,0,0,0,0,0,0,0,0,0,0,1,0,0,0,0,0,0,0,0,0,0,4,2,0,0,0,0,0,0,0,0,0,0,0,0,0,0,0,0,0,0,3,0,0,0,1,0,3,0,0,0,0,0,0,0,0,1,4,0,0,0,0,3,0,0,0,0,0,0,0,9,0,0,0,0,0,0,0,4,0,0,0,0,0,4,0,0,5,0,0,2,1,0,0,0,0,1,0,0,0,0,0,0,4,0,0,9,0,0,0,0,2,0,0,0,0,0,0,0,0,0,0,0,0,0,0,0,0,0,0,0,7,0,0,0,0,0,0,0,4,0,0,0,1,0,0,0,0,0,0,0,0,0,0,1,0,0,2,4,0,0,0,0,0,0,0,0,0,0,0,0,0,0,0,0,0,0,0,3,9,0,0,0,0,0,0,0,0,0,0,0,0,0,0,0,0,0,0,2,0,0,0,0,0,0,0,0,0,0,0,0,0,0,0,0,0,0,0,0,0,0,2,0,1,0,0,0,0,0,0,0,0,0,0,5,1,0,2,0,0,0,0,0,5,0,0,0,0,0,0,0,0,0,0,0,0,0,1,0,0,3,0,0,0,0,0,6,0,0,1,0,0,6,0,0,0,0,0,0,0,0,0,0,0,0,0,0,0,0,6,1,0,0,0,0,1,0,0,0,0,0,0,0,0,0,0,1,0,0,0,0,0,0,0,0,0,0,7,2,0,0,0,1,0,0,0,0,0,0,0,0,0,0,0,0,0,0,0,0,0,0,1,0,0,0,0,0,0,0,0,0,0,0,0,0,0,0,0,0,0,0,0,0,0,0,4,0,0,0,0,0,0,0,0,1,0,0,0,0,0,0,0,0,0,0,0,0,0,0,0,4,0,0,0,0,0,0,0,0,0,0,0,0,0,0,1,0,0,0,0,0,0,0,0,0,0,0,0,0,0,0,1,0,0,0,0,0,0,0,0,0,0,0,1,0,0,0,0,0,0,4,0,0,1,0,0,0,0,0,0,0,0,0,0,0,0,0,0,0,1,0,1,0,0,0,0,0,0,0
CST7,0,5,2,3,2,0,0,0,0,0,0,1,0,0,0,2,1,6,0,0,0,0,1,0,0,1,0,0,4,0,0,0,0,0,3,4,0,0,0,0,0,0,0,0,0,0,0,0,0,0,0,0,0,4,2,0,5,0,0,3,2,2,1,0,0,0,0,0,0,0,1,0,0,0,0,3,2,0,0,0,0,0,0,0,2,0,0,0,4,0,0,0,0,0,0,0,0,0,0,0,1,0,0,0,2,0,0,2,0,0,3,0,0,0,0,0,1,0,0,0,0,0,0,0,0,0,6,0,1,0,0,0,0,1,0,0,0,0,0,1,0,0,0,0,0,4,1,0,0,9,0,5,1,0,0,0,3,0,0,0,0,0,0,0,2,0,0,0,0,1,0,7,0,0,0,0,0,0,0,0,0,0,0,0,0,0,1,0,0,0,0,1,0,0,0,0,0,6,0,0,0,2,0,0,0,1,0,4,0,0,0,2,4,1,0,4,0,2,0,0,0,0,0,0,0,6,0,0,0,0,0,0,0,1,0,0,1,0,0,0,0,0,0,0,1,0,4,0,0,0,0,0,0,2,0,0,0,1,0,0,1,0,3,0,0,3,0,2,0,3,2,1,0,0,0,6,0,0,0,0,0,0,0,0,1,0,0,0,0,0,0,0,0,3,5,0,0,0,0,3,0,0,2,0,0,0,0,0,0,0,0,0,0,0,0,0,0,0,2,0,3,8,0,0,7,0,0,0,0,0,0,0,0,0,0,0,0,0,0,0,0,0,0,0,0,0,0,0,0,0,0,0,0,0,4,0,0,0,0,0,3,0,0,0,7,0,0,0,0,0,2,0,7,1,0,0,0,4,0,0,0,0,1,0,0,0,0,0,0,4,0,0,0,0,0,0,0,0,1,0,0,0,2,0,0,0,5,0,4,0,0,0,0,0,0,0,0,0,0,0,0,0,5,2,0,0,4,6,3,1,0,0,0,0,0,0,0,1,0,0,2,0,0,0,0,0,7,0,0,1,0,0,0,0,0,0,6,2,0,0,0,0,0,0,0,0,0,0,0,0,0,0,6,0,0,0,0,1,0,0,0,0,5,3,0,0,1,0,0,0,0,0,0,0,0,0,0,0,0,12,0,0,0,0,0,0,0,1,2,1,0,4,0,0,0,0,1,0,0,0,0,0,0,0,0,0,3,0,0,0,0,1,2,0,0,0,15,0,0,0,0,0,1,5,0,0,0,0,0,0,0,0,1,0,0,0,0,0,0,3,0,0,0,2,0,0,0,0,0,0,0,1,0,0,0,0,4,0,0,5,0,4,0,0,2,2,0,0,0,0,0,0,3,0,0,0,0,0,0,0,0,0,0,6,0,2,0,2,0,0,0,0,4,0,0,0,0,0,0,0,0,0,3,1,9,4,0,0,0,0,0,0,4,5,0,0,0,0,1,0,0,0,3,0,1,0,0,0,0,0,6,0,0,0,0,0,1,0,0,0,0,0,0,4,0,1,0,0,0,0,0,0,0,4,7,1,0,1,0,2,2,1,0,0,0,0,2,0,0,0,0,0,0,0,0,0,2,0,0,0,0,0,1,3,0,0,0,0,0,0,1,4,0,0,0,0,4,1,0,0,0,0,1,4,0,0,0,0,0,7,0,1,0,0,0,0,0,1,5,0,0,0,5,0,0,0,0,0,1,0,4,0,1,0,0,0,0,0,2,0,0,0,0,0,0,0,5,0,0,0,0,0,1,0,0,0,0,0,0,0,0,0,0,0,0,1,1,0,1,0,2,0,0,0,0,2,4,0,0,0,0,0,0,0,8,2,1,0,0,1,0,0,0,0,0,0,0,0,2,4,5,0,0,0,1,0,1,0,0,0,0,2,0,0,0,0,0,0,0,0,0,0,0,1,0,0,0,1,5,0,0,0,0,0,0,0,0,0,0,0,0,0,0,0,0,2,0,0,3,0,0,0,0,7,0,5,3,0,0,0,0,0,0,0,0,0,0,1,0,0,0,0,5,0,0,6,0,0,0,0,0,0,0,0,0,0,0,0,0,0,0,7,0,0,0,1,0,0,0,0,0,0,0,4,0,0,0,0,0,0,0,0,0,0,0,0,0,0,0,7,0,0,0,3,0,0,8,0,0,2,0,0,0,0,3,0,0,0,0,0,5,0,0,2,0,0,0,0,0,1,0,1,0,2,0,0,0,2,0,0,0,3,0,0,4,0,0,0,0,0,0,0,0,4,2,1,0,4,0,0,0,0,0,0,0,2,0,0,0,0,0,2,0,0,0,0,0,0,0,0,0,0,0,0,3,2,0,0,0,0,0,0,1,0,0,0,0,2,0,1,0,1,8,7,0,0,0,5,0,1,0,0,0,2,0,0,0,0,0,0,0,0,0,0,0,5,0,0,3,0,0,0,8,0,0,0,0,0,0,0,0,0,0,0,11,3,0,0,0,0,0,0,2,1,0,0,0,6,0,1,0,3,0,0,0,0,0,0,0,2,5,0,0,0,0,0,0,3,2,2,0,0,0,0,0,0,12,0,0,0,0,0,1,5,3,0,0,1,0,0,2,0,0,3,0,0,0,0,0,1,0,0,0,1,0,2,0,0,2,0,0,1,2,0,0,0,0,0,0,6,0,0,0,1,0,3,0,0,0,1,0,0,0,0,0,0,2,0,0,0,0,0,0,0,0,0,0,2,0,0,0,0,0,0,0,0,0,0,2,0,0,0,11,0,0,0,0,0,0,1,0,0,0,0,0,0,0,0,0,0,0,0,0,0,4,1,0,0,0,0,1,0,0,0,0,0,0,0,0,3,0,0,0,0,0,0,0,1,1,0,1,0,0,0,2,0,0,5,0,0,2,0,5,0,0,0,0,2,0,0,0,0,0,0,0,0,0,0,0,0,0,0,0,0,0,0,8,0,0,0,0,0,0,0,0,0,0,0,0,0,0,0,0,2,0,2,0,0,2,0,0,0,0,0,0,0,3,0,0,0,0,0,0,0,0,0,0,7,1,0,0,0,0,1,0,0,6,0,0,0,3,0,2,0,0,0,1,7,0,0,0,0,0,0,0,0,2,6,0,1,0,0,0,0,1,0,0,0,0,0,5,0,0,0,0,0,0,0,0,0,0,2,0,0,0,0,1,0,0,0,0,0,11,0,1,0,5,0,0,0,1,0,0,0,0,1,0,1,0,1,0,4,0,0,2,0,0,0,0,0,0,3,0,0,0,0,0,5,0,0,0,0,0,0,0,2,4,0,1,0,0,0,0,0,2,0,0,0,0,0,0,0,0,0,0,5,0,0,0,4,0,0,0,0,0,0,1,4,0,0,0,0,6,3,0,0,0,0,0,2,0,0,0,0,0,3,0,0,0,0,0,0,0,1,0,0,0,0,4,0,0,0,0,0,0,2,0,0,2,0,0,0,0,0,0,0,0,0,1,0,0,1,0,0,0,2
GSTP1,1,1,1,1,1,8,5,1,2,1,2,1,2,1,2,4,1,2,7,1,0,1,5,0,0,1,1,0,1,1,0,0,1,7,1,0,0,0,5,1,1,0,17,2,0,1,3,6,0,1,0,0,5,1,1,3,0,1,1,4,10,0,1,1,0,0,1,0,2,0,0,6,0,0,8,1,1,6,1,7,3,0,5,5,1,0,1,2,0,0,5,0,2,4,0,8,0,0,3,0,1,1,7,1,0,2,0,1,5,0,0,1,3,1,0,1,1,0,4,1,0,2,5,0,1,0,1,0,5,0,0,0,0,0,0,0,0,0,1,2,0,0,1,2,11,1,6,1,0,2,13,1,3,0,1,1,0,1,0,2,0,1,11,4,1,1,1,0,11,13,0,1,1,1,5,2,0,0,6,1,0,0,1,0,6,2,0,1,7,13,16,0,2,0,0,1,0,2,0,1,3,0,3,3,1,0,1,1,1,0,0,0,0,1,0,1,0,0,3,8,0,0,4,0,0,0,0,2,0,0,2,0,6,6,2,0,1,0,1,1,5,0,0,1,1,0,3,5,6,5,0,4,0,1,0,2,0,1,1,4,0,0,1,9,2,2,1,2,1,0,1,15,7,1,0,0,0,4,13,1,8,3,2,0,1,0,0,0,0,1,0,0,2,2,1,0,1,0,9,0,0,1,2,1,5,0,0,2,8,0,0,1,0,1,1,3,0,1,1,2,0,1,4,0,3,1,8,1,0,1,0,7,0,1,2,1,0,3,0,1,8,0,0,1,0,0,1,4,0,9,3,0,1,1,0,3,0,0,9,2,2,0,0,2,1,1,33,1,1,0,1,6,0,1,0,22,0,2,1,6,2,0,2,0,0,2,2,3,0,3,0,11,1,7,0,3,1,2,3,4,2,1,3,0,7,1,1,1,0,1,0,0,5,1,0,10,0,0,1,0,9,1,5,1,7,0,2,3,1,1,0,0,0,0,3,1,9,0,1,15,1,0,4,0,1,18,2,0,1,0,0,2,2,1,6,1,1,3,2,1,3,1,0,0,5,7,1,1,3,0,4,3,0,0,0,5,9,0,1,0,13,0,1,1,2,1,1,1,1,1,0,0,0,0,1,2,0,2,0,2,4,7,0,0,0,3,0,13,3,0,1,0,2,0,1,0,0,0,0,4,0,0,0,4,5,4,0,0,9,0,6,1,1,0,5,9,1,10,0,1,6,0,2,0,0,1,3,0,8,0,1,6,0,0,2,8,0,8,1,2,0,1,0,3,0,1,1,0,1,0,0,2,0,0,1,6,3,1,3,0,0,0,0,0,1,0,0,0,0,3,1,1,3,8,1,0,0,2,0,0,1,3,1,3,3,10,5,0,0,1,1,0,2,1,1,0,1,0,1,6,0,1,2,0,2,0,0,1,0,1,3,0,1,4,3,0,1,0,1,1,1,1,0,0,0,3,2,3,2,3,0,0,0,0,0,8,0,0,0,3,7,1,1,4,0,0,1,0,0,0,1,0,6,1,2,0,0,5,0,1,0,13,0,0,2,0,0,1,4,0,0,2,0,1,1,0,1,0,1,3,0,2,6,0,0,0,0,1,1,33,1,1,1,1,5,0,2,0,0,0,1,0,0,3,0,0,0,1,0,0,0,1,0,0,2,0,3,2,2,0,0,1,3,2,0,0,1,0,0,2,2,0,0,1,2,0,1,1,0,0,1,3,0,1,3,0,0,0,0,0,0,1,1,0,2,5,5,1,6,1,2,0,0,1,6,0,1,0,0,1,1,1,0,0,11,1,3,0,1,4,2,1,0,0,1,2,0,0,1,1,1,7,0,2,0,1,4,0,0,1,1,0,5,1,1,0,1,0,2,1,1,1,0,7,1,1,1,0,3,2,3,2,1,1,0,0,1,1,1,1,0,3,0,0,0,1,0,3,1,0,1,0,1,1,1,1,0,4,1,0,2,1,11,1,0,1,0,0,1,6,0,0,2,5,7,2,0,0,0,1,0,2,4,5,1,4,1,1,5,0,1,1,1,0,0,1,2,1,4,3,9,1,0,2,2,1,1,1,0,2,0,4,3,0,5,2,0,1,4,5,1,2,0,0,3,1,1,5,0,2,2,0,0,0,0,0,1,3,0,0,1,1,2,0,0,0,2,0,0,2,0,0,1,0,4,5,0,0,0,5,1,15,4,1,1,0,0,0,7,1,1,2,0,10,1,0,0,0,0,2,1,0,0,0,0,0,0,0,1,0,1,3,0,0,1,0,0,1,0,0,1,1,2,1,1,0,0,0,2,1,0,0,0,0,0,0,0,4,2,0,17,31,1,0,0,9,0,5,3,0,0,2,1,0,0,0,0,0,1,0,0,0,1,2,0,1,5,0,0,0,2,0,3,3,2,1,7,2,1,3,10,3,1,2,0,1,0,1,2,9,1,3,1,0,5,0,2,0,0,0,4,2,1,17,0,4,0,0,0,1,0,0,1,4,5,1,0,1,1,0,0,0,4,1,1,0,6,0,1,1,0,1,6,0,1,1,2,0,4,3,0,4,1,1,3,0,0,4,0,0,0,0,6,6,0,0,0,1,4,1,3,1,0,4,0,0,0,0,1,0,3,2,1,0,0,1,0,1,0,2,2,0,1,4,5,6,3,1,1,9,0,0,7,0,0,0,1,0,0,5,0,0,0,1,0,2,6,0,0,1,1,0,0,1,0,0,0,4,0,6,0,0,2,1,2,0,7,1,0,0,0,1,0,0,3,2,4,7,0,0,5,8,0,1,3,6,11,0,1,1,0,1,0,0,2,0,1,10,1,1,8,0,6,6,1,0,2,1,0,0,1,0,13,4,1,0,0,4,1,1,0,4,1,1,1,0,11,0,0,6,8,0,19,1,1,5,0,0,0,7,1,2,0,0,1,1,4,1,1,0,4,1,0,1,0,0,3,0,0,0,2,0,0,1,0,0,0,0,2,3,0,3,3,5,0,2,0,1,0,11,0,2,1,1,0,0,0,2,7,0,5,0,0,0,0,0,0,0,7,0,0,0,0,0,3,0,3,1,3,1,0,6,1,9,4,19,0,2,1,0,0,0,0,0,11,0,3,0,1,9,4,1,1,1,1,1,3,0,0,5,11,1,0,0,1,6,0,3,2,11,0,1,5,1,2,11,1,0,0,0,0,0,0,0,9,1,0,15,0,1,4,1,11,7,0,1,0,0,0,0,0,8,2,0,0,0,0,0,0,2,1,0,0,0,2,0,1,0,1,4,0,1,5,1,1,4,0,1,0,0,0,1,6,0,0,3,2,3,1,1,5,0,5,2,12,0,2,2,0,16,0,0,0,0,1,5,0,3,9,1,1,0,0,2,0,0,0,0,3,0,0,4,0,0,1,1,3,0,0,4,1,1,0,0,0,0,0,1,0,0,1,0,10,0,3,1,1,12,2,0,0,2,0,0,0,0
MS4A1,0,0,0,0,0,0,0,1,1,0,9,1,0,0,0,0,0,0,1,1,0,0,0,0,0,0,0,0,0,9,0,0,9,0,0,0,0,0,0,1,0,2,0,0,0,2,2,0,0,0,0,0,0,0,0,0,0,0,0,0,0,0,0,0,0,0,0,0,0,0,0,0,0,0,0,0,0,0,0,0,0,0,0,0,0,0,0,7,0,0,0,0,0,0,0,0,0,4,0,15,1,0,0,0,0,0,0,0,0,0,0,0,0,0,1,1,0,0,0,2,0,0,0,2,0,0,0,1,0,0,0,0,0,3,0,0,2,0,0,0,0,0,0,3,0,0,0,0,0,0,0,0,0,0,0,0,0,0,0,1,0,0,0,0,0,0,0,0,0,0,0,0,1,0,0,0,0,0,1,0,0,0,5,1,0,1,0,0,0,0,0,0,0,0,0,1,0,0,0,9,0,0,0,4,0,0,5,2,2,0,0,1,0,0,0,0,0,0,0,1,0,4,0,2,0,0,3,0,0,1,0,0,0,0,0,0,0,5,0,4,0,0,1,0,0,2,0,0,0,0,0,0,0,0,5,0,0,0,1,0,0,2,0,0,0,0,0,1,0,0,0,0,0,0,0,0,0,0,0,0,0,0,0,1,0,0,0,4,0,0,0,0,0,0,0,0,0,0,0,0,1,0,0,0,0,0,0,0,0,0,0,0,0,0,0,5,0,0,3,0,0,0,0,0,0,0,0,7,8,1,0,0,0,3,0,0,0,0,0,0,0,0,0,1,5,0,0,0,0,0,0,1,0,0,0,0,2,0,0,0,0,2,2,0,0,0,2,0,0,0,0,0,0,0,0,0,0,0,0,0,0,1,0,0,0,0,0,7,0,0,0,0,0,0,0,0,12,0,0,0,0,0,0,0,0,0,0,3,3,2,0,0,0,0,0,0,0,5,0,0,0,0,0,0,0,1,0,0,0,0,5,0,0,0,0,3,0,0,0,0,0,0,0,0,0,0,1,0,7,0,0,0,0,0,0,0,0,1,0,2,0,0,0,0,0,0,0,0,0,0,0,0,0,0,0,0,0,0,1,0,0,0,0,0,0,0,0,1,0,0,0,0,0,0,0,0,0,0,1,0,0,0,0,0,0,0,4,0,0,0,0,0,4,0,0,0,0,0,0,0,0,0,0,0,0,0,1,6,0,0,0,3,0,0,1,0,0,0,0,0,0,0,0,0,0,0,0,0,0,0,1,6,0,0,0,0,3,0,0,0,6,0,1,0,0,0,0,0,0,2,0,0,0,0,0,0,0,0,0,0,3,0,0,0,1,0,7,0,6,0,0,1,0,0,0,8,0,5,2,0,0,0,0,1,0,0,0,1,1,0,3,1,0,0,0,0,0,0,0,0,0,0,0,0,0,0,0,0,0,0,4,0,0,0,0,0,0,0,0,2,0,0,0,0,1,5,0,0,0,1,0,0,0,0,4,0,1,0,4,0,0,3,1,0,0,0,0,0,1,2,0,0,0,0,1,0,0,0,0,0,0,0,0,0,0,0,0,0,0,0,0,0,1,0,0,0,0,0,8,0,0,0,0,0,3,0,0,0,0,0,0,0,4,0,0,0,0,0,0,0,0,0,0,0,0,1,3,0,0,0,0,0,5,0,0,0,0,5,1,2,4,0,0,0,0,0,10,0,0,0,0,1,0,0,5,0,0,2,1,0,6,0,3,0,0,9,0,0,0,0,1,0,0,0,0,0,0,0,0,0,0,0,0,0,0,1,0,0,0,0,0,0,0,0,1,1,0,0,0,0,0,0,3,0,0,1,0,4,2,0,0,1,0,0,0,0,0,0,0,0,0,2,0,5,6,0,0,1,0,0,0,0,5,0,0,0,0,0,0,10,0,0,0,0,0,7,0,0,0,0,0,0,0,0,0,0,0,0,0,4,0,0,0,0,2,0,0,0,0,0,6,0,0,0,0,0,0,0,6,0,0,3,0,0,0,0,2,1,7,2,0,0,0,0,0,0,3,0,0,0,2,0,0,0,0,0,8,2,0,0,0,0,0,0,0,1,3,0,0,3,0,0,0,0,0,0,0,0,0,0,0,3,0,4,1,0,0,0,0,0,1,0,0,1,0,0,0,1,1,1,0,0,0,0,0,0,6,0,0,0,0,0,0,0,0,0,0,0,5,0,0,0,0,0,0,3,0,1,0,0,0,0,0,0,0,0,0,0,1,0,4,0,0,0,0,0,0,0,1,0,0,0,0,0,0,0,0,0,0,0,0,0,0,0,0,0,6,2,0,0,1,0,0,0,0,1,0,0,0,0,0,0,1,0,0,0,0,0,0,0,0,0,0,0,0,0,0,0,0,0,0,0,0,0,0,11,0,0,0,0,0,0,0,0,0,0,0,0,0,0,0,0,0,0,0,0,0,3,0,0,0,0,0,0,0,0,1,1,6,0,0,0,0,0,0,0,0,0,0,0,0,0,0,0,0,0,0,0,6,0,0,0,3,0,5,0,0,1,0,0,0,0,0,0,0,0,0,0,0,3,0,0,0,0,0,0,2,12,0,0,0,0,0,0,0,4,0,0,0,0,0,2,0,0,8,0,0,1,0,1,0,0,1,5,0,0,5,0,0,0,10,0,0,12,0,0,0,0,2,0,0,0,0,0,0,0,0,0,0,0,0,0,0,0,0,0,0,0,5,0,0,0,0,0,0,0,10,0,0,0,1,0,0,0,0,0,0,0,0,1,0,1,0,0,0,10,0,1,0,0,0,0,0,0,0,0,0,0,0,0,0,0,0,0,0,0,3,0,0,0,0,0,0,0,2,0,0,0,0,0,0,0,0,0,0,6,0,0,0,0,0,0,0,0,0,0,0,0,0,0,0,0,0,0,0,0,0,0,3,0,3,0,1,0,0,10,0,0,0,0,1,1,0,0,2,0,0,0,0,0,4,0,0,0,0,1,2,0,0,7,0,0,0,0,7,0,0,4,0,1,0,0,0,5,0,0,0,0,0,5,0,0,0,0,0,2,0,0,0,0,0,0,1,0,0,0,11,0,0,0,0,0,0,1,0,0,0,0,0,0,0,0,0,0,1,0,1,0,0,0,0,0,0,0,3,2,2,0,0,0,0,0,0,0,0,0,0,0,0,0,0,0,0,0,0,0,0,0,5,0,0,0,0,0,0,0,0,0,0,0,0,1,0,0,0,0,0,0,0,0,0,0,9,0,0,0,0,1,0,0,0,0,0,0,0,0,1,0,0,0,0,0,0,0,0,0,0,1,0,0,0,0,0,0,0,0,0,0,0,0,0,0,4,0,1,0,0,0,1,0,0,0,0,0,0,0,0,0,0,0,0,1,0,0,0,0,0,10,0,0,4,1,0,0,0,0,0,2,0,0,3,0,0,0,0,0,0,0,0,1,0,0,1,0,0,0,0,0,0,1,0,0,0,0,0,0
GZMK,0,0,0,0,0,0,0,0,0,0,0,1,0,0,0,3,0,0,0,0,0,0,0,0,0,19,0,0,7,0,0,0,0,0,0,0,0,0,0,0,0,0,0,0,5,0,0,0,0,0,0,0,0,1,0,1,0,0,0,2,0,0,0,0,0,0,0,0,0,0,1,1,0,0,0,0,1,0,0,0,0,0,0,0,0,1,0,0,13,0,0,0,0,0,0,0,1,0,0,0,10,0,0,0,3,0,0,0,0,0,9,0,0,0,1,0,7,0,0,0,0,0,0,0,0,0,16,0,0,0,0,0,6,0,0,0,0,0,0,2,0,0,0,0,0,0,0,0,0,0,0,0,0,0,0,0,4,1,0,0,0,0,0,1,0,0,0,0,0,0,0,0,0,0,0,0,0,0,0,0,0,0,0,0,0,0,0,0,0,0,0,0,0,0,0,0,0,0,0,0,0,0,0,0,0,0,0,3,0,0,0,5,0,0,0,6,0,0,0,0,0,0,0,0,0,0,0,0,0,0,1,0,0,0,0,0,7,0,0,0,0,0,0,0,4,0,0,0,0,0,0,0,0,2,0,0,0,0,0,0,0,0,3,0,0,4,0,3,0,7,0,0,0,0,0,0,0,0,0,0,0,0,0,0,0,1,0,0,0,0,0,0,0,0,2,0,0,0,0,1,0,0,0,0,0,0,0,0,0,0,0,1,2,0,0,1,0,0,0,0,4,0,0,0,0,0,0,0,0,0,0,0,0,0,0,0,0,0,0,0,0,0,0,0,0,0,0,0,0,0,0,0,0,0,0,0,0,0,0,0,2,0,0,0,0,0,0,0,0,1,1,0,0,0,1,2,0,4,0,0,0,0,0,0,0,0,0,0,0,0,0,0,0,0,0,0,0,0,1,0,0,0,1,0,0,0,0,0,8,0,0,1,0,0,0,1,0,0,0,0,0,0,1,0,0,1,5,0,5,1,0,0,0,12,0,0,0,2,0,0,0,0,0,0,1,0,0,0,0,1,6,0,0,0,0,0,16,13,0,0,0,0,0,0,0,0,0,0,0,0,0,1,0,0,0,0,0,4,0,0,0,0,0,3,0,0,2,0,0,0,0,0,0,0,4,0,0,0,0,0,0,0,0,4,0,0,0,0,0,0,0,0,0,0,0,0,5,0,0,0,0,0,0,0,0,0,6,0,0,0,0,0,9,0,0,0,0,0,0,0,0,1,0,0,0,0,0,0,0,0,0,2,0,0,0,0,1,0,0,0,0,0,0,1,0,0,0,0,0,0,0,0,0,0,0,0,0,0,0,5,0,0,0,0,5,5,0,0,0,0,0,0,0,0,0,0,0,0,0,0,0,0,0,0,0,0,1,0,0,0,0,0,0,0,1,0,0,0,0,0,0,0,4,0,0,0,0,0,0,0,0,0,5,0,0,0,0,0,0,0,0,0,0,0,4,1,0,0,0,0,0,0,0,0,0,0,0,0,0,0,0,0,0,0,0,2,0,1,0,0,0,0,0,5,0,0,0,0,0,11,0,0,0,1,0,0,8,0,0,0,0,0,0,5,1,0,3,0,0,0,0,0,0,0,0,1,0,0,3,0,1,7,0,0,0,0,5,3,0,0,0,0,5,5,0,0,0,0,0,0,0,0,0,0,0,0,0,0,0,0,0,0,1,1,0,2,0,0,9,0,6,0,0,0,0,0,0,0,0,0,0,0,0,0,1,0,3,0,0,0,0,0,0,0,0,0,0,0,0,0,0,0,0,0,0,0,0,0,1,0,0,0,0,0,0,9,0,0,0,0,0,5,0,0,4,4,4,0,0,9,0,0,0,0,0,0,0,3,3,0,0,0,0,0,0,0,0,0,0,0,0,0,0,0,0,0,0,1,0,0,0,0,0,5,0,0,0,2,0,0,3,0,0,0,3,0,0,0,0,0,0,0,0,0,0,7,0,0,0,0,0,0,0,0,0,0,0,0,0,0,0,0,0,0,0,0,0,0,0,0,0,0,0,0,0,0,0,0,0,0,0,0,0,0,0,0,0,0,0,0,0,1,0,0,0,1,0,0,0,0,0,0,0,2,0,0,0,0,0,0,0,0,0,0,0,0,0,0,0,0,0,0,0,6,0,0,0,0,0,2,0,1,0,0,0,0,0,0,0,0,5,0,0,0,0,0,0,0,0,0,0,0,0,6,1,0,0,1,0,0,0,5,0,0,4,0,0,0,0,0,0,0,0,2,3,0,0,3,0,0,0,0,0,0,0,1,0,0,0,0,0,0,0,0,0,0,0,0,0,1,0,0,0,0,0,6,0,0,0,0,0,0,0,0,0,0,0,1,0,9,0,0,0,0,0,0,0,8,0,2,0,0,0,1,0,0,0,5,1,0,0,0,0,1,0,0,0,0,0,0,0,0,0,0,0,0,0,0,0,0,0,0,0,0,0,2,0,1,0,0,0,0,4,0,0,0,0,2,0,0,0,3,0,0,0,0,4,2,0,0,6,0,0,0,0,0,0,0,5,7,0,0,0,0,0,0,0,1,0,0,0,0,0,0,0,12,0,0,0,0,3,0,0,0,0,0,0,0,0,7,0,0,0,0,0,3,0,0,3,1,0,0,7,0,0,0,0,0,0,0,0,0,0,0,0,0,0,1,0,0,0,0,0,0,0,0,0,0,0,0,0,0,0,0,1,0,0,0,0,0,0,0,0,0,0,0,0,0,5,0,1,0,0,0,0,0,0,0,0,4,0,0,0,0,0,0,0,0,0,0,0,0,0,0,0,0,0,0,0,0,4,0,0,0,0,0,0,1,0,1,0,0,0,0,0,0,0,1,0,0,0,0,0,0,0,0,0,0,0,0,0,0,7,0,0,0,0,0,0,0,0,0,0,1,0,0,0,0,0,0,0,0,0,0,0,0,0,0,0,1,0,0,0,0,0,0,0,0,0,0,0,0,0,0,0,1,0,0,0,0,0,0,0,0,0,0,0,0,0,1,0,2,0,0,0,0,0,0,1,0,0,0,0,1,0,0,0,0,0,3,4,0,3,0,0,0,0,0,0,0,0,0,6,0,0,0,2,11,0,0,0,0,0,0,0,0,0,0,2,1,0,0,1,0,0,0,0,0,0,0,0,5,0,0,0,0,2,0,0,0,0,0,0,0,1,0,0,0,0,0,0,3,0,0,0,5,0,0,0,7,0,0,0,0,0,0,0,0,6,0,0,0,0,0,0,0,0,2,0,0,0,0,3,0,0,4,8,0,0,0,0,0,0,5,0,0,0,0,0,0,0,0,0,0,0,8,0,0,0,4,0,0,0,0,0,0,0,10,0,0,0,0,0,4,0,0,0,0,0,6,2,0,0,0,1,3,0,0,0,0,0,0,0,3,0,0,0,0,11,0,0,0,5,0,0,1,2,0,0,1,0,0,0,0,0,0,0,0,6,0,0,0,0,0,0,3
NFKBIA,0,0,2,0,1,3,3,1,0,0,2,0,9,0,3,0,3,0,11,0,2,1,1,1,0,1,0,2,2,0,2,1,0,1,0,0,0,3,2,0,3,1,7,1,3,0,0,5,0,0,0,0,4,0,0,0,0,0,0,0,1,1,0,4,2,1,1,0,1,0,0,5,0,2,5,0,5,4,3,4,0,1,3,3,1,0,0,0,2,1,2,0,0,1,1,5,0,0,1,2,1,0,0,0,0,3,1,0,1,0,0,0,3,9,0,1,3,3,6,0,0,0,8,0,0,1,0,2,0,1,0,0,2,0,0,1,0,1,3,0,1,0,0,0,3,2,0,2,0,0,5,1,0,2,0,0,0,0,1,2,2,0,2,2,2,1,7,1,3,0,2,0,4,0,3,0,0,0,5,0,1,0,1,0,2,2,0,1,0,2,5,1,0,2,0,0,1,0,0,0,2,0,4,0,0,0,0,0,0,0,0,0,1,1,2,0,1,2,0,7,0,0,1,0,0,0,3,0,2,0,0,0,1,1,4,0,0,0,3,0,4,0,0,1,0,3,1,14,3,2,2,0,0,2,0,2,0,0,0,5,0,0,0,5,0,2,0,0,0,0,0,5,3,3,0,0,0,10,5,0,6,1,1,0,0,0,0,0,0,0,0,0,3,4,0,0,0,1,9,0,0,0,1,0,7,1,0,0,2,0,0,2,2,1,0,0,0,6,0,0,0,0,6,0,0,2,6,1,0,0,0,4,0,0,5,2,0,2,1,1,2,0,5,0,0,1,2,5,1,9,1,0,2,1,1,0,3,1,3,0,5,0,0,2,0,0,0,3,0,1,1,4,0,0,1,11,0,0,0,6,0,0,4,1,2,8,2,0,1,0,1,4,3,8,0,4,0,2,0,6,3,0,0,0,2,0,1,0,0,0,2,0,0,0,0,3,0,0,1,0,9,0,1,2,6,0,0,0,0,1,0,2,0,2,1,1,0,0,0,8,1,0,7,2,2,4,0,2,0,0,0,0,4,0,6,4,0,11,1,2,0,0,0,0,9,2,0,1,1,3,0,0,0,1,0,0,2,0,2,0,4,0,2,2,6,1,2,1,1,4,0,0,2,0,0,7,2,0,0,0,5,1,1,0,0,0,0,2,0,0,2,1,2,0,0,0,0,0,1,1,0,2,3,2,7,5,0,0,9,0,2,0,1,0,3,9,0,0,1,2,3,1,1,0,0,0,1,0,1,2,4,2,1,0,4,0,1,2,0,0,0,1,1,0,0,1,2,0,1,0,0,0,0,0,0,3,1,0,10,1,0,0,1,8,0,1,0,0,0,0,1,1,2,3,0,0,1,0,3,0,0,2,22,1,1,4,3,0,2,0,4,1,0,0,2,0,0,2,4,3,0,1,2,1,1,0,1,0,1,1,0,0,4,1,3,0,0,0,1,1,0,0,2,0,1,0,1,0,0,0,0,0,0,4,0,9,0,0,0,8,0,0,2,0,1,0,2,2,1,1,0,0,1,4,4,6,1,1,1,2,1,2,10,0,2,0,0,0,5,0,1,0,0,0,0,1,0,0,0,5,0,0,0,0,0,2,1,0,0,15,7,2,1,0,2,1,0,2,0,0,0,0,2,0,1,0,0,0,0,1,0,3,0,0,0,0,9,0,0,1,0,0,0,2,1,0,0,0,1,0,1,0,0,0,0,1,0,0,0,3,0,2,0,0,5,0,0,0,3,0,1,0,1,0,0,2,3,1,4,4,3,0,0,1,5,2,0,1,0,0,2,0,0,2,1,0,0,0,4,0,2,0,1,0,2,0,1,0,0,2,0,0,0,1,1,0,12,1,0,2,1,0,5,0,0,4,1,0,0,22,0,0,0,0,5,0,1,1,0,0,0,5,0,0,0,0,2,0,1,0,0,1,4,0,1,0,1,0,1,0,1,1,1,0,1,0,0,1,0,0,1,6,2,0,0,0,1,0,0,8,0,1,8,2,2,0,0,0,2,0,0,0,1,0,3,3,0,0,2,0,1,1,0,0,0,0,0,0,7,3,3,1,0,0,8,0,2,0,0,0,0,7,0,0,2,8,0,0,8,5,3,0,2,0,0,2,0,1,0,1,1,0,1,0,0,2,0,2,0,5,0,0,8,0,1,0,1,1,0,3,9,1,0,1,4,6,1,0,1,5,0,13,5,0,0,0,1,0,1,1,0,0,0,2,0,0,0,0,0,2,0,1,0,0,0,0,0,0,0,1,0,1,4,1,1,0,2,0,0,2,4,0,3,0,1,0,0,1,9,0,0,0,2,2,0,0,1,5,1,0,1,3,0,0,1,7,0,1,6,1,0,1,0,2,0,2,0,1,0,0,2,2,1,2,0,0,2,0,1,1,0,0,5,4,0,0,1,7,0,4,0,1,0,0,1,0,0,4,3,5,0,5,0,1,0,1,2,1,0,0,2,0,0,0,1,5,0,1,3,0,4,1,3,5,2,0,0,0,0,0,0,0,1,0,1,1,0,0,1,1,0,0,1,2,0,0,0,0,1,0,0,1,2,1,1,2,0,0,0,0,0,0,1,0,1,0,0,0,0,0,1,0,3,4,0,0,0,1,1,1,1,0,5,0,1,0,1,0,0,0,0,0,5,0,5,0,9,0,0,2,1,0,6,0,2,1,3,1,2,0,0,0,0,0,1,2,2,2,1,1,2,1,0,0,0,0,0,4,1,5,0,0,0,0,3,0,5,0,1,1,0,4,0,0,0,0,1,2,0,0,2,0,0,0,1,0,2,0,0,0,1,0,2,0,2,0,0,2,0,0,2,0,0,2,0,1,1,0,1,0,0,0,3,1,0,0,3,1,0,0,0,4,0,0,0,0,2,0,3,1,0,0,2,2,0,0,1,0,0,4,0,0,0,0,2,0,7,0,5,4,8,0,0,3,0,1,6,0,0,0,2,0,0,0,4,0,2,2,1,1,0,0,5,0,1,0,0,1,0,12,1,2,1,0,0,0,0,2,0,0,1,0,0,0,0,2,0,0,0,0,1,0,0,0,0,0,0,0,3,1,1,1,0,8,7,9,0,2,0,7,2,1,0,1,14,0,0,1,2,0,1,6,2,2,2,0,0,1,1,2,4,1,1,0,0,1,0,5,2,3,0,2,0,0,2,10,1,0,0,3,1,0,0,0,2,1,0,2,0,3,3,1,9,0,0,0,0,1,2,1,0,2,0,0,0,0,0,3,0,4,1,0,1,1,4,0,0,3,0,7,0,0,0,0,0,8,0,0,0,0,2,0,3,0,1,1,1,6,0,0,4,0,0,6,3,1,3,0,0,0,0,1,0,0,2,4,0,6,0,3,0,0,0,6,0,0,0,1,1,1,0,8,0,1,3,0,2,0,1,6,1,0,0,0,0,4,0,1,0,0,3,1,2,0,0,1,6,4,1,0,0,3,0,0,1,1
RPSA,12,4,6,4,4,6,4,23,7,1,3,3,8,16,13,19,5,6,3,14,5,17,1,6,5,5,7,8,15,18,14,13,18,12,4,2,23,22,13,2,20,13,8,21,14,7,20,0,16,8,10,10,3,7,18,3,3,11,8,8,21,8,11,0,8,11,7,0,6,16,5,30,8,1,0,6,7,6,0,11,11,9,0,5,4,10,11,15,7,6,11,8,13,2,10,6,1,10,2,29,4,18,3,11,10,7,3,4,4,8,10,18,1,5,13,23,7,16,4,7,1,0,4,5,19,18,6,8,4,7,7,13,8,7,4,10,11,13,2,10,7,10,5,27,25,2,8,0,31,5,6,2,6,21,9,14,8,10,2,3,4,8,12,7,2,20,3,20,9,23,12,4,46,9,6,0,8,7,4,15,11,9,23,8,2,17,22,11,7,10,9,16,11,17,18,18,5,5,0,18,0,5,6,5,12,4,4,19,18,12,8,3,6,2,11,4,13,14,11,10,1,9,5,8,31,1,6,3,19,10,23,8,13,18,5,7,12,11,15,6,2,3,13,2,6,9,11,0,4,2,12,7,8,5,12,22,8,12,9,5,17,13,9,14,17,9,10,5,21,15,4,17,3,1,6,3,8,13,6,5,2,0,24,12,20,12,12,8,15,7,10,14,1,9,8,5,6,12,5,8,12,8,5,7,1,7,12,2,6,16,7,7,2,9,9,4,4,26,12,13,8,1,5,6,12,8,1,27,4,13,9,11,15,11,4,9,5,4,21,4,10,11,3,18,16,10,9,3,8,8,5,14,19,7,3,3,8,17,17,0,9,26,8,2,4,14,65,8,18,16,5,1,8,8,4,30,14,22,8,14,1,0,15,4,8,1,22,18,10,6,16,17,6,8,10,5,15,4,3,5,3,13,6,8,3,17,8,12,9,14,15,17,2,9,10,16,3,12,7,13,10,17,23,2,6,13,7,7,5,7,0,15,16,6,5,11,1,6,12,16,4,21,26,8,11,10,7,8,14,5,6,10,3,5,14,19,6,16,3,16,9,14,5,14,19,7,15,10,1,2,7,0,4,9,18,3,1,3,7,2,5,11,4,18,2,18,13,23,18,5,9,14,5,10,9,3,8,13,2,6,1,4,3,5,11,10,9,24,1,9,0,3,11,8,1,11,7,4,10,0,8,11,16,2,0,5,9,10,8,15,3,27,12,5,11,8,12,12,15,12,51,16,7,3,7,15,3,4,16,11,46,26,3,5,5,9,6,12,10,11,11,8,8,6,4,17,11,16,19,4,10,4,12,9,16,9,11,5,0,8,11,1,15,4,7,21,19,1,8,2,5,8,2,6,13,17,12,8,8,6,20,3,0,5,34,20,5,14,4,10,4,8,0,10,39,12,10,15,3,5,22,21,9,1,12,2,19,2,6,24,5,7,7,5,1,6,8,29,18,6,12,1,22,16,5,4,13,14,17,0,6,10,1,1,5,0,8,8,4,10,2,21,7,8,21,6,0,4,12,12,10,17,4,7,17,21,1,1,10,9,2,24,11,10,2,17,6,17,1,10,6,5,18,9,8,8,12,15,9,3,2,13,19,9,0,6,13,12,5,46,14,15,4,7,3,15,7,12,0,11,12,6,11,23,6,18,9,16,6,11,8,5,4,5,20,6,7,20,9,11,3,8,15,2,12,4,12,5,6,9,7,12,9,16,9,12,7,4,14,8,8,1,9,22,0,6,10,2,22,11,11,14,6,13,2,4,6,7,3,19,0,5,5,10,2,9,2,13,15,5,6,10,6,1,4,6,3,18,1,7,18,9,4,3,15,9,5,10,16,6,10,0,14,4,10,10,4,5,4,2,3,6,23,19,16,21,6,7,6,0,17,8,3,5,11,10,5,19,4,11,0,4,14,8,15,24,6,38,4,13,9,0,1,12,11,2,2,5,15,7,14,13,11,9,26,2,18,2,15,3,7,1,10,7,13,6,3,18,5,0,7,4,2,14,7,8,30,4,10,18,13,8,5,3,0,1,34,11,13,9,10,11,9,18,9,3,7,7,26,2,2,4,14,11,3,3,6,12,14,18,3,26,3,11,13,7,5,17,0,16,2,27,8,13,8,6,9,11,10,6,13,10,21,9,9,12,7,4,11,17,0,8,2,4,15,2,7,14,8,5,8,9,6,0,4,1,7,6,26,0,10,50,1,4,8,11,16,3,2,17,6,6,8,26,12,13,9,10,5,6,14,10,4,5,8,7,6,13,10,11,11,6,29,3,15,5,8,12,0,14,19,6,3,15,7,9,12,11,8,16,8,13,4,12,3,5,24,1,16,10,27,47,6,19,6,13,6,12,1,6,8,5,7,4,13,5,8,7,14,5,14,1,24,11,8,10,4,11,17,10,8,8,1,10,2,7,2,0,5,3,10,34,1,1,6,13,29,4,3,6,8,0,5,16,5,8,3,20,10,4,1,16,10,8,16,0,3,14,2,11,23,10,8,1,8,14,12,11,11,8,8,16,10,12,11,8,5,7,6,17,11,9,4,5,13,17,6,10,2,27,6,1,16,5,3,6,5,27,3,8,14,13,3,3,11,7,10,7,10,12,6,7,1,17,4,8,12,12,16,4,34,5,3,3,9,7,8,18,12,3,29,6,11,27,14,3,4,18,16,19,19,14,6,5,5,16,8,3,1,3,8,8,3,9,11,7,3,7,9,11,8,10,14,13,12,9,13,7,21,5,8,11,4,7,13,10,10,6,9,5,9,2,8,16,6,29,7,2,15,16,8,9,4,2,11,15,5,5,9,6,5,9,14,8,18,8,5,22,17,14,12,11,5,3,7,14,4,5,12,11,20,10,12,2,3,8,4,5,9,8,9,2,4,8,5,4,5,5,2,4,9,13,22,23,6,2,16,9,7,11,5,11,14,1,0,13,6,18,1,8,11,9,10,1,11,14,3,9,12,15,11,3,8,3,21,3,15,13,1,26,10,9,0,4,18,10,3,15,13,5,15,9,9,4,6,9,15,6,58,7,1,7,15,3,10,9,3,17,8,3,13,31,14,2,7,4,22,4,2,7,6,6,14,4,2,8,6,19,3,37,0,4,6,15,28,13,3,8,9,6,2,18,7,4,6,11,20,12,22,11,17,12,14,11,27,4,5,3,14,25,8,1,5,9,4,1,2,16,3,1,12,7,11,6,4,9,4,22,3,7,3,2,4,7,13,11,10,19,8,18,19,8,9,11,9,7,3,9,8,2,10,9,5,7,0,14,5,22,2,2,11,13,35,6,6,3,11,22,5,13,8,3,6,16,7,7,3,1,15,12,3,5,13,2,29,8,27,7,18,10,5,15,5,8,17,2,5,6,2,6,3,6,6,2,3,3,4,27,3,13,14,11,6,10,0,14,2,6,1,2,12,12,19,10,9,11,28,15,8,13,15,2,4,8,9,9,1,21,6,18,9,40,27,6,10,8
HCST,1,1,3,2,3,8,6,2,0,0,0,0,3,2,3,5,4,6,2,1,0,0,6,2,3,8,0,1,2,0,2,4,0,12,2,9,4,11,1,0,1,1,4,0,3,0,0,3,1,1,3,2,5,3,5,1,2,4,3,3,3,0,1,0,2,2,6,0,10,2,1,0,6,3,3,4,7,6,1,2,3,1,0,0,6,1,2,0,8,1,6,2,1,9,3,6,0,0,2,4,4,0,1,4,8,3,0,6,1,3,3,3,2,4,1,5,4,2,8,0,0,1,5,0,4,1,1,0,4,1,0,0,0,0,2,1,0,1,1,1,1,2,3,0,1,6,2,1,3,1,4,2,6,3,1,1,4,1,0,5,0,1,2,3,2,1,3,1,5,6,2,4,0,0,2,0,6,0,2,1,1,5,0,0,6,0,2,0,1,1,5,0,0,0,3,1,1,0,0,0,1,8,4,0,1,6,0,4,0,0,0,4,2,6,7,6,1,8,6,1,0,0,3,0,3,0,0,1,1,2,1,5,1,6,2,2,2,0,3,0,2,1,0,2,3,0,2,3,1,2,0,2,0,5,0,2,1,6,1,0,3,0,3,0,2,6,0,2,3,9,6,3,3,0,2,8,0,6,4,3,3,2,1,0,5,2,2,0,6,0,3,1,6,4,6,3,1,1,3,5,3,0,4,1,6,0,2,3,0,2,2,1,2,0,2,0,1,0,0,1,4,9,3,1,2,3,2,2,0,0,5,2,1,0,0,1,0,0,2,3,6,1,4,3,1,2,0,0,2,4,6,0,3,3,0,2,0,3,3,2,2,1,0,5,7,0,1,4,0,1,5,6,6,0,4,6,1,3,3,12,1,0,4,1,1,1,2,1,2,2,1,1,4,5,1,2,0,2,3,0,2,1,11,3,5,1,8,0,4,0,8,3,3,4,2,4,0,0,2,3,4,1,4,2,2,1,3,2,2,2,0,2,3,1,4,0,1,4,1,5,6,0,2,1,4,7,3,2,0,1,5,3,2,0,12,1,1,6,6,0,5,3,2,0,8,1,0,0,3,1,2,5,3,3,4,1,4,4,0,0,5,5,3,10,6,3,9,2,2,0,1,1,2,0,1,3,3,3,0,2,2,6,0,0,5,0,0,1,7,5,2,0,0,2,0,1,4,0,0,0,6,2,2,5,2,0,7,0,4,1,0,0,2,0,5,4,12,1,3,2,1,1,1,7,1,1,0,0,0,3,0,3,0,0,2,3,0,3,1,7,0,3,1,11,2,4,3,0,3,0,1,6,0,1,7,0,2,3,1,1,0,8,3,2,0,1,0,1,0,1,1,0,6,4,1,1,2,0,0,0,1,7,0,3,1,0,1,7,0,0,0,1,7,1,1,0,1,0,1,2,0,2,6,0,4,9,2,2,1,1,0,0,0,8,1,3,4,2,0,0,1,1,4,2,4,0,5,2,2,2,4,1,1,0,1,3,0,2,0,8,1,0,0,5,4,4,2,2,1,0,4,2,1,0,3,0,1,6,4,3,3,1,3,2,0,0,2,0,2,3,4,0,1,3,3,0,4,4,0,2,2,1,4,10,1,3,1,1,2,0,4,2,0,2,1,2,3,6,0,1,1,3,2,1,0,1,0,2,0,10,2,4,0,3,6,4,6,0,0,0,0,1,3,1,2,3,0,0,2,0,5,3,2,6,0,1,2,0,7,2,1,3,0,2,2,0,1,0,11,1,1,3,5,2,0,2,2,0,1,1,1,3,3,2,2,2,5,1,3,3,3,1,1,0,3,1,8,3,1,0,1,3,0,1,6,5,3,1,0,4,1,3,0,1,1,0,4,2,2,6,3,0,1,0,0,3,5,1,1,0,0,5,0,1,0,1,1,1,1,0,1,5,0,1,1,1,7,8,4,1,1,0,1,4,8,1,3,7,4,0,3,1,1,2,0,6,1,4,4,0,0,2,6,11,0,1,4,4,0,1,2,0,5,3,4,0,0,2,0,0,0,2,8,2,1,8,0,1,1,0,0,0,0,3,0,2,0,1,2,2,6,2,2,0,6,0,0,3,1,0,1,2,3,3,9,3,3,4,2,6,0,0,0,0,0,7,4,6,2,7,0,3,1,7,0,2,4,0,3,2,0,3,5,0,4,1,0,1,3,2,7,0,2,0,2,3,1,2,0,5,2,8,1,0,1,0,1,8,2,4,3,2,3,2,5,0,2,1,1,0,0,0,0,8,9,1,2,1,0,1,1,6,2,0,0,7,0,0,1,0,1,4,2,1,2,1,0,0,3,2,0,1,0,0,7,5,2,3,5,1,2,0,0,0,0,1,0,12,2,2,3,1,4,3,5,2,0,3,0,3,4,3,1,3,1,1,0,2,0,3,1,2,4,4,0,5,2,0,5,1,5,1,9,2,4,8,2,0,2,2,7,1,3,1,10,6,5,1,1,0,0,3,7,4,1,0,0,7,1,3,1,7,0,3,1,1,5,6,0,3,7,2,0,2,0,3,1,5,6,7,1,1,5,0,0,7,2,2,1,2,0,2,3,6,8,1,0,0,0,0,4,0,4,14,1,0,1,3,6,2,6,0,2,2,0,9,4,0,1,0,1,5,5,0,0,0,0,1,0,6,1,1,0,0,4,14,3,3,0,6,1,2,3,2,0,1,7,0,0,3,4,0,0,2,6,1,0,5,2,0,3,0,1,0,0,1,0,3,1,2,0,3,5,6,3,5,4,3,0,4,3,1,0,0,0,1,2,1,1,1,1,3,0,1,2,2,0,1,1,2,3,7,2,0,1,0,0,1,0,4,3,6,1,3,0,1,1,6,2,1,5,1,5,6,9,0,2,8,2,0,1,1,0,0,2,0,0,8,1,1,3,5,0,6,1,3,0,0,0,2,0,4,1,1,2,0,3,1,0,1,4,1,2,2,0,1,2,0,4,6,0,2,0,10,3,8,0,0,1,0,1,4,1,4,0,0,7,0,0,8,2,3,1,0,1,3,0,6,7,1,3,0,4,8,1,0,8,0,4,1,0,3,3,3,2,1,1,7,3,2,1,1,2,4,5,6,4,11,2,3,3,1,0,2,10,0,2,0,1,0,4,1,1,2,0,0,0,2,3,6,1,7,1,3,2,1,3,3,0,1,1,1,10,0,7,1,2,0,0,2,2,1,5,2,4,7,0,0,2,4,0,1,4,1,2,1,0,1,0,1,0,4,0,3,3,1,2,8,1,1,2,1,2,0,2,4,3,2,5,5,5,0,2,3,1,0,1,0,0,4,4,1,1,2,0,4,3,1,1,5,3,1,0,6,0,0,1,6,1,2,1,2,4,4,0,2,0,0,2,2,2,1,1,4,1,3,0,1,3,1,0,4,1,3,1,3,3,0,6,1,0,1,3,1,0,4,3,5,3,1,3,1,1,0,4,1,0,1,3,1,0,3,1,0,0,8
CXCL8,0,0,0,0,0,0,2,0,0,0,2,0,1,0,0,2,0,0,11,0,0,0,0,0,0,0,0,0,0,0,0,0,0,0,0,0,0,0,0,0,0,0,0,0,0,0,0,1,1,0,0,0,4,0,0,0,0,0,0,0,0,0,0,1,0,0,0,0,2,0,0,0,0,5,0,0,0,10,4,4,0,0,0,8,0,0,0,0,0,0,0,0,0,9,0,0,0,0,0,0,0,0,0,0,0,2,0,0,1,0,0,0,0,0,0,0,0,0,0,0,0,0,0,0,0,0,0,0,0,0,0,0,0,0,0,0,0,0,4,0,0,0,0,0,0,0,0,3,0,0,9,0,0,0,0,0,0,0,0,2,0,0,1,2,0,0,0,0,9,0,0,0,0,0,5,0,0,0,0,0,0,0,0,0,0,0,0,1,3,0,7,0,0,0,0,1,0,0,0,0,3,0,0,0,0,0,0,0,0,0,0,0,0,0,0,0,0,0,0,0,0,0,0,0,0,0,0,4,0,0,0,0,0,0,3,0,0,0,0,0,0,0,0,0,0,0,0,6,16,0,0,0,0,0,0,0,0,0,0,0,0,0,0,0,0,0,0,0,0,0,0,0,5,0,0,0,0,0,9,0,0,0,0,0,0,0,0,0,0,0,0,0,0,0,1,0,0,0,3,0,0,0,0,0,6,0,0,0,1,0,0,0,0,1,0,1,0,0,0,0,0,0,0,0,0,0,1,0,0,0,0,4,0,0,3,0,0,0,0,0,0,0,0,0,0,0,0,0,0,10,0,0,0,0,0,0,0,0,0,0,0,0,0,4,0,0,0,0,0,1,0,1,0,0,1,1,0,0,0,0,0,0,3,0,0,0,0,0,0,0,0,1,0,13,0,2,0,0,0,0,7,0,0,0,4,0,0,0,0,0,0,0,1,0,0,1,1,0,0,0,0,0,1,0,0,0,0,0,0,0,0,0,0,0,1,0,0,0,0,1,0,0,0,0,0,4,0,0,0,0,0,0,1,0,0,0,0,0,0,0,0,0,0,0,2,1,0,0,3,0,0,3,0,0,0,0,7,0,0,0,3,0,0,0,8,1,0,0,0,2,0,0,0,1,0,6,0,0,0,0,7,1,0,0,0,0,0,0,0,0,4,0,0,0,0,0,0,0,0,0,0,0,0,1,1,0,0,0,10,0,3,1,0,0,0,10,0,0,0,0,0,0,0,0,0,0,5,0,0,0,0,0,0,0,0,2,0,0,0,0,0,1,0,0,0,0,0,0,0,0,0,0,0,0,0,0,0,0,0,0,0,0,0,0,0,0,0,0,0,0,0,0,0,1,0,0,0,0,0,1,0,0,5,0,0,0,0,0,0,0,2,0,0,0,1,0,0,0,1,0,0,0,0,0,0,0,0,0,0,0,0,0,0,0,9,0,0,0,0,0,0,1,0,0,0,1,0,0,0,0,0,0,0,0,0,3,0,0,0,13,5,0,0,0,0,0,0,0,0,0,0,0,1,0,0,0,0,0,0,0,0,0,0,0,4,0,0,0,7,0,0,0,0,0,0,0,0,0,0,1,0,0,0,0,0,0,0,0,0,5,0,0,1,0,0,0,0,0,0,0,0,0,0,0,0,0,1,0,0,0,0,0,0,1,1,0,0,0,0,0,1,0,0,4,0,0,0,0,0,0,0,0,1,0,0,0,0,0,0,0,0,2,1,0,1,0,0,0,0,0,0,0,0,0,0,18,5,0,0,0,5,0,1,0,2,0,0,1,0,0,0,0,0,5,0,0,0,0,0,0,0,0,1,0,0,1,1,0,0,0,0,0,0,0,0,0,2,0,0,0,0,0,1,0,0,0,0,0,0,5,0,0,0,3,0,0,0,0,8,0,0,3,0,0,0,0,0,0,0,0,0,3,0,0,0,0,1,4,0,0,0,0,0,0,0,0,0,1,0,0,0,0,2,0,0,0,0,0,0,0,0,0,8,0,0,0,0,0,0,0,0,0,0,0,4,1,0,0,0,0,0,0,0,0,0,0,0,0,0,2,3,0,0,0,15,0,0,0,0,0,0,0,3,0,0,0,0,0,2,0,0,0,1,0,0,0,0,0,0,0,0,0,1,0,0,0,0,4,0,0,0,0,8,0,0,0,0,0,0,4,0,0,0,0,0,0,0,0,0,8,0,0,0,0,0,0,0,0,2,0,0,0,0,0,0,0,0,0,0,0,0,0,0,0,0,0,0,0,0,0,0,0,0,0,0,0,1,0,1,1,0,0,7,1,0,0,0,0,1,0,0,0,0,0,0,0,0,8,0,0,0,0,0,0,0,5,0,0,3,0,1,0,0,0,0,0,0,0,0,0,0,5,0,0,0,0,0,0,0,0,0,0,2,0,0,0,2,0,0,0,0,0,0,0,0,0,0,2,7,0,0,1,0,0,0,0,2,0,0,0,5,0,0,0,0,2,0,0,0,0,0,0,0,8,0,0,0,0,0,0,0,0,0,1,0,0,3,0,0,0,0,0,0,0,0,0,0,0,2,0,0,0,0,0,0,0,0,0,0,0,0,0,0,0,0,0,0,0,1,0,0,0,0,0,0,0,0,0,0,0,0,0,0,0,0,0,0,0,0,0,0,0,0,0,1,0,3,0,0,0,0,1,0,0,0,0,0,0,5,8,0,1,0,0,0,0,3,0,0,0,0,0,0,0,0,0,0,10,0,1,0,0,0,2,0,0,0,0,0,0,0,0,0,0,0,0,1,1,0,0,0,2,0,0,0,1,1,1,0,0,1,0,0,0,0,0,0,0,0,0,0,0,3,1,0,0,0,0,0,0,0,0,0,0,0,0,1,0,0,0,0,0,0,0,0,0,1,0,1,1,2,0,0,0,1,1,0,0,0,4,0,0,0,0,4,0,0,0,2,0,8,0,0,2,0,0,0,0,1,0,0,0,0,0,0,0,0,0,0,0,0,0,1,3,0,0,0,0,0,8,0,0,0,0,0,0,0,0,0,0,0,0,0,0,0,0,0,0,0,1,0,0,0,0,0,0,0,0,3,0,0,0,0,5,5,0,0,0,0,0,1,0,0,0,0,0,0,0,0,0,0,0,0,0,0,0,0,0,0,0,1,0,0,0,0,0,0,0,0,0,0,0,0,0,0,3,0,0,0,0,0,0,0,0,2,1,0,0,0,0,0,0,10,3,0,0,0,0,0,0,0,0,0,0,0,0,0,0,1,4,0,0,0,0,0,0,1,0,0,5,0,0,0,0,0,5,0,0,0,0,0,0,2,0,0,0,2,6,0,0,1,0,0,8,1,0,0,0,0,0,0,0,0,0,0,0,0,4,0,0,0,0,0,17,0,0,0,0,0,0,0,8,0,0,4,0,0,0,0,1,0,0,0,0,0,0,0,0,0,0,0,0,3,0,0,0,0,0,0,0,0,0,0,0,0,0
CD7,2,4,1,6,0,0,0,1,0,0,0,0,0,0,0,3,0,1,0,8,1,1,0,0,2,0,2,1,3,0,5,3,0,1,6,2,1,4,0,0,3,2,0,2,0,0,0,0,4,2,2,2,1,14,11,0,3,1,2,1,0,1,0,0,3,0,0,0,0,0,1,0,0,0,0,0,1,0,0,0,0,1,0,0,1,4,1,1,1,1,0,0,3,0,3,0,0,0,0,0,0,2,0,2,3,0,1,6,0,2,5,1,0,1,0,5,1,1,0,0,0,0,1,0,2,2,1,0,0,2,0,4,1,0,1,2,0,2,0,2,0,0,8,0,0,6,0,0,5,4,0,1,4,1,0,1,2,1,0,0,0,2,0,0,1,0,0,2,0,0,7,3,1,3,1,1,0,0,0,1,0,1,1,0,0,0,4,1,0,0,0,0,0,1,2,0,0,2,0,0,0,4,0,0,5,1,0,0,0,1,0,4,4,6,2,2,0,4,1,0,0,0,0,0,5,3,0,0,1,2,2,1,0,0,0,1,2,0,0,0,0,1,0,0,1,0,2,0,0,0,1,0,0,0,0,1,1,5,0,0,1,0,1,0,2,2,1,3,1,5,6,0,0,0,1,1,0,0,0,8,0,0,3,1,1,3,2,0,0,0,2,2,0,0,1,1,3,3,0,0,2,2,3,0,0,0,2,0,0,0,2,0,1,1,2,0,1,0,0,3,2,4,0,1,0,0,0,0,0,1,3,0,5,0,0,2,1,0,0,1,0,2,0,4,0,0,1,0,0,0,0,3,0,1,1,0,0,3,0,0,4,0,1,0,0,2,0,3,2,2,3,0,4,2,3,0,4,2,3,0,0,0,0,0,1,0,1,1,2,4,3,0,1,0,1,0,2,0,2,0,0,1,0,0,1,0,2,0,1,0,0,4,0,1,2,1,0,0,3,1,0,0,20,1,0,0,0,1,0,1,0,3,1,0,1,0,0,3,6,0,1,4,0,1,0,0,3,3,0,1,0,0,0,1,0,0,1,0,0,0,0,4,0,0,0,0,1,2,0,0,0,0,1,1,0,0,2,2,1,1,0,3,7,2,0,6,2,1,1,0,4,3,0,0,0,0,1,2,0,6,0,0,1,0,0,1,0,0,1,2,0,1,0,1,0,1,3,1,1,0,6,3,1,0,0,0,2,0,0,0,0,1,1,0,1,0,2,0,1,0,0,0,0,7,1,0,0,0,2,5,1,0,1,2,0,0,0,0,2,3,0,1,0,0,1,1,2,3,3,0,3,6,1,4,4,1,2,8,0,0,0,1,1,0,0,5,0,0,0,0,0,0,3,0,1,0,3,0,0,0,4,0,0,1,3,1,0,3,1,1,0,0,5,1,0,2,2,1,0,1,2,4,2,0,7,2,1,0,0,1,0,0,1,2,0,3,0,2,0,1,2,0,1,7,0,0,0,1,2,0,4,1,0,0,0,0,0,0,1,0,0,0,1,4,0,3,0,0,3,0,3,0,0,1,10,2,0,0,3,0,0,0,2,3,0,5,2,2,0,0,0,3,1,1,0,0,1,1,0,0,1,3,3,2,0,0,1,2,1,1,0,3,0,4,1,4,0,2,1,0,4,1,3,0,0,1,0,3,4,3,5,0,0,2,0,0,0,1,1,0,0,5,1,0,0,1,0,1,0,0,1,2,2,1,0,1,2,0,3,2,0,0,0,1,0,0,0,0,4,0,0,1,2,1,0,1,1,2,0,0,0,1,2,1,0,0,1,4,6,8,1,1,3,0,0,0,3,2,0,0,2,1,0,4,2,1,0,0,0,0,1,0,0,0,2,2,0,0,2,6,5,0,1,0,0,2,2,0,2,0,0,2,0,0,1,2,0,1,0,0,0,0,2,1,3,0,10,3,3,2,1,0,0,0,4,1,0,0,1,0,4,0,3,3,1,0,1,0,8,1,0,0,0,1,2,1,7,5,0,0,1,0,0,1,1,4,0,3,0,0,0,3,2,0,0,4,0,1,0,2,0,1,3,4,3,2,0,0,0,0,0,3,1,2,0,0,0,2,4,0,1,0,0,0,0,0,1,3,1,3,0,0,3,0,0,10,2,0,0,2,0,1,1,2,0,7,3,0,0,6,0,0,0,5,1,0,0,3,0,0,2,0,0,3,0,1,2,0,0,0,1,1,0,1,2,0,4,2,0,1,0,4,1,1,6,0,1,1,1,3,0,1,0,2,1,12,1,4,0,1,1,0,0,1,2,5,3,0,0,0,0,5,0,3,3,1,0,0,0,6,0,1,0,2,4,0,0,0,1,1,1,1,0,1,0,0,1,0,0,0,4,1,3,1,3,0,1,3,2,1,0,0,1,0,3,1,0,1,3,3,0,1,1,0,0,4,0,0,0,0,0,3,4,0,0,0,2,0,0,0,0,0,3,1,4,9,0,2,0,0,1,4,2,1,1,0,0,0,0,1,1,2,0,0,0,1,2,0,0,4,5,0,0,0,0,2,0,1,4,1,0,0,0,0,0,3,6,3,0,0,2,0,0,6,0,0,0,0,0,0,3,4,0,9,2,0,0,2,0,2,0,0,0,0,0,1,1,1,1,2,3,2,0,0,1,1,0,2,0,12,0,3,1,0,0,9,0,2,0,0,5,2,0,0,1,1,7,1,0,0,3,3,0,0,5,2,0,4,0,1,0,1,2,2,0,3,0,0,5,0,1,2,9,0,0,1,0,0,1,0,0,0,1,0,0,0,0,0,3,3,0,0,0,1,2,0,0,0,4,3,0,3,0,0,2,0,0,0,0,0,0,2,0,0,0,3,1,3,1,3,1,1,0,0,8,0,0,2,3,3,2,0,0,2,1,1,0,4,0,0,0,1,0,2,2,0,1,0,0,0,0,2,2,0,0,0,3,2,0,3,0,0,2,0,0,0,0,1,1,0,0,1,1,0,2,2,0,0,5,0,2,0,0,0,0,1,4,1,4,0,2,2,2,0,1,2,2,2,0,0,0,0,0,1,1,0,1,4,0,0,1,5,1,0,0,1,0,0,0,2,0,0,4,0,0,0,1,5,2,0,0,0,2,4,0,0,0,3,0,0,5,2,0,2,0,0,0,2,2,0,0,1,3,0,4,0,1,0,0,0,1,0,4,3,5,0,1,2,0,0,2,2,0,1,0,6,3,0,0,1,0,2,0,0,3,0,0,5,1,2,1,0,1,2,2,2,1,1,1,0,1,2,0,3,0,1,2,2,1,0,0,3,3,4,2,0,0,0,3,0,2,1,0,0,3,4,0,0,0,6,0,1,0,0,0,3,0,1,1,0,0,2,2,2,0,0,1,0,0,0,3,1,4,0,2,2,0,0,1,2,0,0,1,0,0,4,0,0,0,0,0,2,1,2,0,2,5,6,4,0,0,0,0,1,0,2,0,0,0,1,2,4,5,4,1,0
CD69,1,1,2,0,2,1,0,3,2,0,2,4,1,5,3,0,3,1,0,2,0,1,0,0,1,2,0,0,3,4,5,0,4,0,0,0,2,3,2,0,4,0,0,3,1,0,0,0,1,0,2,3,0,4,3,0,4,4,1,4,0,1,2,0,0,5,4,0,0,1,0,2,0,0,0,0,1,0,0,1,1,1,1,0,2,3,1,0,4,0,0,0,5,0,1,0,1,0,0,2,2,2,0,2,1,0,1,1,1,5,1,4,0,0,0,2,1,1,0,1,0,0,2,0,1,7,0,4,1,0,0,2,10,5,0,0,1,3,0,0,0,1,5,1,1,2,0,0,5,0,0,0,1,1,1,0,2,4,3,0,4,0,1,0,4,1,0,5,0,0,2,1,2,1,0,0,0,2,0,0,1,1,2,0,1,0,3,0,1,0,0,0,2,2,0,3,0,0,0,4,0,1,0,2,3,0,0,5,2,1,0,0,4,1,1,0,2,4,0,0,0,8,0,3,5,1,1,1,1,1,1,3,0,2,0,2,2,0,1,1,0,1,4,0,0,0,1,1,0,0,1,0,1,1,1,5,1,6,1,0,4,0,1,1,3,2,1,4,2,1,1,0,0,0,0,3,2,1,0,5,0,0,2,0,6,2,0,10,2,1,2,0,0,3,0,1,3,0,0,0,3,1,1,1,0,3,1,0,0,1,3,0,6,4,1,3,1,8,2,5,2,2,1,0,1,1,0,4,1,1,2,1,3,3,0,0,2,0,5,0,0,2,0,0,1,1,2,0,1,0,0,3,0,0,0,0,1,4,0,0,1,0,2,0,0,1,1,1,2,10,0,0,1,0,1,0,1,2,0,1,2,0,1,2,0,0,5,2,3,4,1,0,3,1,0,0,0,3,0,0,0,3,3,5,1,6,2,4,1,2,4,3,0,1,3,0,0,1,1,1,1,6,2,4,0,0,1,0,0,0,0,0,0,4,0,4,0,3,3,2,2,3,0,0,0,0,2,0,1,0,3,2,1,0,1,3,0,2,0,0,0,1,0,2,0,1,5,1,1,0,0,1,0,2,2,0,0,3,0,4,0,1,5,1,0,3,1,3,1,0,0,1,4,6,2,0,3,2,0,0,0,0,0,1,1,1,5,2,5,1,1,0,2,0,0,4,2,0,0,0,0,4,1,0,1,0,1,0,0,2,0,2,1,1,1,0,1,0,0,0,8,7,0,2,1,4,0,0,1,2,2,0,1,0,0,0,9,0,1,0,0,4,5,3,2,1,10,3,12,1,4,0,0,2,1,0,1,5,2,4,2,0,0,0,1,0,5,0,3,0,1,1,2,0,3,1,2,1,1,0,12,0,0,3,4,0,0,0,0,1,0,5,2,8,13,1,1,7,0,0,0,3,2,0,1,0,1,1,1,3,2,7,0,1,0,3,1,2,0,2,3,0,6,0,2,3,0,2,3,0,0,9,0,0,2,0,0,2,3,1,0,3,1,2,5,3,0,2,2,1,2,2,0,0,0,4,0,0,3,0,1,2,5,3,0,9,3,0,0,3,4,3,1,0,2,1,5,1,1,1,1,5,1,2,2,0,0,3,1,2,3,3,7,0,0,3,1,4,0,1,0,2,0,1,2,1,0,0,0,2,2,3,1,1,1,2,0,0,1,1,0,4,0,0,2,0,1,2,7,1,3,3,0,2,5,0,0,5,0,4,1,0,0,3,0,1,5,2,3,2,0,0,5,0,0,0,0,4,0,3,0,1,1,3,0,0,0,1,1,5,2,8,1,0,0,1,0,0,0,4,5,0,1,1,3,1,9,2,0,6,8,0,1,0,0,1,0,1,1,2,1,0,0,0,3,2,5,3,3,0,0,1,4,0,4,1,1,2,0,5,0,0,3,1,1,0,2,3,0,7,0,0,0,1,0,1,0,0,3,3,3,2,4,0,1,0,2,0,0,1,1,0,0,2,0,2,2,2,1,1,1,1,0,0,0,5,3,0,1,2,0,1,1,0,0,0,2,1,2,1,9,0,1,2,5,2,0,1,0,0,1,1,2,5,0,4,3,2,1,6,3,0,1,1,0,0,1,0,0,4,0,1,3,0,3,2,2,0,3,1,0,4,0,1,2,2,3,0,4,3,0,2,0,0,3,4,1,4,2,0,5,5,0,4,0,0,0,2,2,0,5,1,0,2,2,9,2,0,0,1,2,3,3,0,2,3,1,3,3,2,1,1,0,0,0,4,0,0,0,1,3,0,4,1,0,1,3,0,0,3,3,2,0,1,1,1,0,1,1,4,0,0,4,3,3,0,5,0,3,2,0,3,1,1,1,0,0,2,0,7,2,3,3,0,2,4,6,2,0,0,3,0,3,4,1,0,0,0,0,1,2,4,1,0,0,3,0,1,0,0,0,4,2,0,4,0,2,0,0,0,0,0,0,0,1,1,0,1,4,1,0,1,1,2,0,0,2,0,0,0,6,2,0,0,0,2,2,3,0,2,2,3,3,4,14,7,0,1,4,4,1,1,0,1,3,8,0,3,0,0,2,0,2,1,1,4,1,4,1,0,1,2,0,5,5,2,0,0,0,2,0,0,0,1,1,0,0,3,0,0,4,1,5,0,1,0,0,4,0,8,2,0,4,4,0,5,0,0,0,2,3,6,0,0,0,6,6,0,0,0,1,1,1,6,2,4,0,4,4,0,1,0,0,0,0,1,0,0,0,0,1,2,0,0,3,2,1,0,3,2,0,1,2,1,1,2,0,0,3,4,0,0,0,1,1,0,1,2,0,5,9,2,1,0,5,1,3,3,1,3,0,4,0,1,1,5,0,2,2,2,6,2,1,0,1,3,0,1,0,0,0,0,1,1,1,2,1,1,0,0,0,3,2,6,0,0,4,5,2,1,3,1,2,0,1,0,4,4,0,3,0,1,3,0,1,0,0,3,5,2,2,2,4,2,2,0,6,2,0,0,2,0,0,0,2,1,3,3,2,0,1,1,1,0,0,2,2,1,10,2,0,0,1,0,0,0,3,0,0,4,4,5,0,0,0,1,0,0,0,1,1,0,3,0,0,1,0,3,2,0,0,0,0,3,1,0,0,5,3,0,1,4,0,3,3,1,0,0,0,0,0,1,4,1,1,0,0,0,1,1,6,0,1,1,0,0,0,3,0,0,2,0,1,0,0,2,1,0,9,1,0,3,0,1,1,2,2,3,10,7,1,1,0,2,2,0,2,4,2,1,3,1,1,1,0,0,5,0,0,0,1,0,6,0,1,0,2,3,3,2,2,0,0,3,1,0,1,0,4,2,0,2,0,0,0,5,1,1,1,0,1,1,0,2,1,0,0,0,0,6,3,4,0,0,1,0,0,0,0,3,6,0,0,7,0,1,0,0,1,1,0,3,2,2,5,5,3,2,2,0,1,0,0,4,0,1,0,1,5,1,0,10,0,0,0,1
ZFP36,7,1,0,1,0,3,6,6,1,0,2,0,10,2,0,9,3,0,10,3,0,2,6,6,0,0,0,0,1,1,0,0,1,6,1,1,3,2,0,0,1,0,3,5,1,0,1,11,0,0,0,0,7,2,5,0,4,0,0,0,8,3,2,3,0,2,1,0,1,3,0,3,0,1,1,0,6,7,2,7,1,1,2,4,5,6,1,4,3,0,7,1,3,3,0,8,2,1,2,1,3,1,1,2,0,1,0,3,6,0,5,1,1,5,0,3,6,4,6,2,0,0,3,1,2,2,0,0,2,0,0,5,2,0,1,0,0,3,7,0,1,2,0,1,5,2,10,4,6,2,10,2,2,2,1,2,0,0,1,2,2,0,8,5,1,0,2,3,5,5,0,6,1,2,0,0,0,1,4,0,4,1,2,0,5,2,2,0,7,7,15,3,1,2,0,6,0,3,0,1,4,5,6,0,3,1,0,3,1,0,1,0,2,4,5,1,0,3,0,10,0,0,0,2,6,3,2,7,1,0,0,4,11,6,3,0,0,0,0,1,6,0,0,2,2,1,0,6,12,8,0,0,3,1,4,5,2,8,1,9,0,6,5,1,3,8,1,3,0,2,3,8,6,1,0,2,5,10,10,0,3,0,2,0,1,2,0,1,1,2,0,2,1,2,2,1,2,0,8,0,2,3,6,1,3,1,1,1,9,3,0,0,2,1,0,1,2,1,2,3,0,5,6,0,0,2,7,5,1,6,5,7,1,1,4,0,7,4,5,6,5,0,5,3,1,1,1,6,1,7,8,3,17,0,0,1,3,1,6,1,1,0,2,6,0,1,12,1,1,3,1,3,0,0,2,7,1,2,3,5,0,1,8,2,0,2,5,0,0,1,1,24,2,17,1,2,3,2,2,10,1,3,5,0,7,5,10,3,1,3,7,3,3,0,0,22,2,4,0,1,10,5,2,1,6,0,3,1,0,0,0,1,0,3,2,1,3,0,1,7,5,2,7,0,1,10,2,0,0,0,1,3,2,0,5,0,0,10,1,0,3,1,0,5,6,5,0,2,3,4,0,1,0,3,1,5,5,1,0,2,6,0,0,7,12,3,1,6,0,3,1,1,0,2,0,4,3,1,3,0,0,4,0,0,0,0,1,9,1,0,5,0,0,1,0,1,1,0,0,1,0,6,4,7,8,9,0,0,7,0,3,2,1,0,1,7,1,2,2,0,6,0,1,3,0,1,4,0,22,0,1,3,1,0,1,5,0,6,0,0,2,2,1,5,0,2,4,0,5,0,0,1,1,2,0,11,0,0,2,1,0,0,2,3,2,0,1,0,0,2,2,1,1,3,3,0,8,0,3,0,1,5,0,0,0,10,0,2,1,1,1,1,4,0,6,3,0,2,4,5,1,0,8,0,0,1,1,0,0,3,0,5,1,2,2,4,1,3,0,2,0,1,3,2,2,1,1,0,3,7,0,3,1,1,0,5,2,0,0,6,0,2,0,3,1,0,3,0,1,1,1,1,4,1,6,10,2,6,5,0,2,9,1,1,4,4,1,0,0,2,0,1,0,0,0,2,1,4,0,2,0,3,1,3,0,4,0,0,0,7,1,1,1,0,5,2,3,7,1,0,0,1,0,2,0,0,0,0,1,6,0,3,4,0,6,2,5,1,1,0,0,0,4,6,1,2,2,7,2,1,4,2,1,3,1,1,0,0,2,3,1,9,0,3,12,1,1,1,2,1,0,0,2,0,1,3,0,6,6,0,1,1,0,3,2,10,0,1,2,0,0,0,2,3,4,0,0,0,4,4,2,0,1,1,1,0,2,0,0,5,0,1,2,5,0,1,6,0,2,2,0,1,14,0,1,8,2,6,0,0,0,1,1,2,0,0,2,8,3,4,2,3,1,0,0,2,1,0,2,1,1,2,2,0,0,0,5,1,1,2,1,0,1,0,2,0,1,3,0,0,1,1,11,2,0,0,3,0,1,4,1,0,2,4,3,3,1,0,2,1,0,0,2,5,2,7,8,3,0,0,1,3,2,1,2,1,0,1,7,3,1,1,2,0,3,0,2,0,1,1,0,7,2,0,0,12,1,1,7,5,5,1,2,0,0,1,1,16,1,0,2,1,1,0,0,0,1,3,3,4,1,0,2,0,0,1,1,1,0,1,1,5,1,0,3,4,0,0,0,2,1,5,7,0,4,3,0,1,1,2,0,2,1,8,2,0,0,0,1,0,7,4,1,4,0,1,0,1,0,0,1,2,2,0,4,0,2,0,2,3,0,0,1,0,0,2,1,0,10,0,0,1,2,3,0,0,8,2,0,4,6,14,2,0,0,8,6,3,4,2,3,1,1,6,2,0,1,6,0,1,0,1,3,1,0,0,3,2,0,0,0,1,13,4,1,2,1,4,1,6,2,0,5,6,0,4,3,1,1,12,6,3,2,1,1,2,2,0,1,1,4,4,2,4,1,3,0,0,4,1,8,0,4,2,2,1,3,1,0,3,1,3,1,11,6,0,1,1,6,5,0,1,4,0,1,0,0,1,6,5,0,0,1,1,1,3,2,4,0,0,3,5,2,5,3,2,0,0,0,0,2,1,4,9,1,0,1,1,1,4,0,0,4,0,1,0,0,1,1,4,1,0,0,4,5,5,4,0,0,21,0,1,7,0,0,1,6,0,3,2,4,1,0,0,1,5,3,1,1,3,2,6,2,1,1,0,1,5,0,2,1,1,2,6,0,0,6,0,4,2,0,6,0,0,1,1,2,5,3,1,2,5,1,0,0,7,7,0,1,0,2,6,1,0,2,3,0,4,1,0,6,3,1,4,2,2,2,3,3,2,1,2,7,4,3,0,0,2,0,2,1,2,0,3,7,1,7,5,6,4,5,2,6,3,0,3,0,1,1,7,3,3,5,0,5,1,6,1,3,4,8,1,0,3,0,0,2,0,2,1,0,2,1,3,8,1,4,2,1,1,0,1,3,3,2,0,0,2,5,10,0,1,0,0,0,1,2,2,0,2,1,3,1,0,3,1,2,0,1,4,0,6,2,0,4,0,0,0,4,2,1,3,1,4,4,7,0,1,1,2,1,1,2,2,10,0,3,2,1,2,0,3,0,2,2,0,1,0,9,7,24,1,1,2,1,5,1,5,2,5,0,8,1,2,0,7,2,1,0,4,2,2,0,0,1,1,1,6,0,6,1,2,11,7,1,0,4,0,2,2,0,0,0,1,1,0,2,1,1,0,3,0,0,0,2,2,3,2,0,4,0,1,7,0,2,7,1,5,0,0,1,0,3,3,0,0,7,1,1,2,6,1,1,12,10,2,1,2,0,5,5,0,0,0,4,6,2,5,3,4,0,3,0,2,0,0,0,9,0,3,0,8,0,0,2,1,5,1,4,0,2,0,2,0,1,2,2,3,3,0,0,2,4,1,1,0,1,8,7,0,0,7,1,1,6,1
NA..9,0,4,13,3,0,0,0,0,0,0,0,0,0,0,0,0,0,0,0,0,0,0,0,0,0,0,0,0,4,0,0,0,0,0,3,0,0,0,0,0,0,0,0,0,3,0,0,0,0,0,0,0,1,5,0,0,0,0,0,11,0,0,0,0,0,0,0,0,1,0,4,0,0,0,0,4,8,0,0,0,3,0,0,0,5,0,0,0,0,0,0,0,30,0,0,0,0,0,0,0,0,0,0,0,0,0,0,0,0,0,1,0,0,0,0,0,0,0,0,0,0,0,0,0,0,0,0,0,0,0,0,0,0,0,0,0,0,0,0,5,0,0,0,0,0,0,0,0,0,1,0,0,3,0,0,0,4,0,0,0,0,0,0,0,0,0,0,0,0,0,0,0,1,6,0,0,0,0,0,1,2,0,0,0,0,0,0,0,1,0,0,0,0,0,0,0,0,1,0,0,0,14,0,0,0,0,0,6,0,0,0,9,4,4,5,0,0,0,0,0,0,0,0,0,0,0,0,0,0,0,0,0,0,0,0,0,0,0,0,0,0,0,0,0,0,0,0,0,0,0,0,0,0,0,0,0,0,0,0,0,0,0,0,0,0,10,0,0,0,0,0,0,0,0,0,0,0,0,0,0,0,0,0,0,0,0,0,0,0,0,0,0,0,0,0,0,0,0,0,0,0,1,0,0,0,0,1,0,0,0,0,0,0,0,0,0,0,0,0,30,4,0,0,0,0,0,0,0,0,0,0,0,0,0,0,0,0,0,0,0,0,0,0,0,0,1,0,0,0,0,0,0,0,0,0,0,0,0,0,0,0,0,0,0,5,0,0,0,0,0,4,0,4,0,3,0,1,4,0,0,0,0,0,0,0,0,0,0,0,3,0,0,0,0,0,0,0,0,4,0,0,0,0,0,0,0,2,0,7,0,0,0,0,0,0,0,0,0,0,0,0,0,0,0,0,0,4,5,0,0,0,0,0,0,1,0,0,0,0,0,5,0,0,0,0,0,4,0,0,4,0,0,0,1,0,0,0,0,0,0,0,0,0,0,0,0,0,0,0,0,0,0,0,0,0,0,0,0,0,0,0,0,4,0,0,0,6,0,0,0,0,0,0,0,7,0,0,0,0,0,0,0,0,0,0,0,0,0,0,0,0,0,0,0,0,0,0,0,0,0,0,6,0,0,0,0,0,0,0,0,0,0,0,0,0,0,0,0,0,0,0,0,0,1,0,0,0,0,0,0,1,0,0,0,0,0,0,0,0,0,0,0,0,0,0,0,0,0,0,0,0,0,0,0,0,0,0,0,0,5,0,3,0,0,0,0,0,0,0,0,0,0,0,0,0,0,0,0,0,0,0,0,0,0,0,0,0,4,0,0,0,0,2,0,0,0,0,0,0,0,0,9,10,0,3,0,0,0,0,0,0,0,0,2,0,7,0,0,0,0,0,0,12,0,0,0,0,0,0,0,5,0,0,0,0,0,0,0,0,0,1,0,0,3,0,0,0,0,0,0,0,0,0,0,5,0,0,0,0,0,0,0,0,5,0,0,3,1,0,0,0,0,0,1,0,0,0,0,0,0,0,30,1,0,0,0,0,0,0,0,0,4,0,0,0,0,4,0,0,0,0,0,0,0,0,0,0,0,7,16,0,0,0,3,0,0,1,0,0,0,0,0,1,0,0,3,0,0,0,0,0,0,0,0,0,0,0,0,4,0,0,0,0,0,1,0,0,0,0,0,0,0,0,0,0,0,0,0,0,0,0,0,3,0,0,0,0,0,0,0,13,0,0,0,0,0,7,0,0,0,0,1,0,0,0,0,0,0,0,0,0,0,0,0,0,0,0,3,0,0,3,0,0,0,0,0,0,0,0,0,0,0,0,0,0,0,0,0,0,0,0,0,0,0,0,0,5,4,4,0,0,0,0,0,3,0,0,0,0,0,0,0,0,0,0,0,0,0,4,0,0,0,0,9,0,9,1,0,0,0,1,0,0,0,0,1,0,0,0,0,0,0,2,0,0,3,0,0,0,0,0,0,6,0,0,1,0,0,0,0,0,4,0,0,0,0,0,0,1,0,0,0,0,0,0,0,0,1,0,0,0,0,0,0,0,5,0,0,0,0,0,0,0,0,0,0,13,0,0,3,0,0,0,0,0,0,0,0,0,0,0,0,0,0,0,0,0,0,0,0,0,0,0,0,0,0,0,0,0,0,0,0,0,0,0,0,0,0,0,0,0,0,0,0,6,9,0,0,0,0,0,0,0,0,0,6,0,0,0,0,0,5,0,0,0,0,0,0,0,0,0,0,0,0,0,0,0,0,0,0,0,0,0,0,0,0,0,8,0,0,0,9,13,0,0,0,0,0,0,0,0,0,0,0,0,0,0,6,0,0,0,0,0,1,0,21,0,0,0,0,0,0,0,0,0,0,0,0,0,0,0,0,0,0,0,0,0,0,0,0,0,0,0,0,0,0,0,0,0,0,0,0,0,0,0,0,0,0,0,5,8,0,0,0,0,0,0,0,9,5,0,0,0,0,0,0,0,5,0,0,0,0,0,3,0,0,0,0,0,0,0,0,1,0,0,0,0,0,0,0,0,0,0,0,0,6,0,0,9,0,0,0,0,0,0,0,1,0,0,4,0,8,0,0,0,0,1,0,0,0,0,0,0,0,0,0,0,0,0,0,0,0,0,0,0,0,0,2,0,0,0,0,0,0,0,0,0,0,0,0,0,0,0,0,0,6,0,0,0,0,0,0,0,0,0,0,0,0,0,0,0,0,0,0,0,0,0,0,0,0,0,0,0,0,0,0,0,0,0,0,0,0,0,0,0,0,0,0,0,0,0,0,0,0,8,0,0,2,0,0,0,0,0,1,0,0,0,14,0,0,0,0,1,0,0,0,0,0,0,0,0,0,0,0,0,0,1,0,0,6,0,0,0,0,0,0,0,0,0,0,0,0,0,1,0,0,0,0,3,0,0,0,0,0,0,0,0,0,0,0,0,0,0,0,0,0,0,11,0,0,0,0,0,1,0,0,0,0,0,0,0,0,4,0,0,0,0,5,0,4,0,0,0,0,0,0,0,8,1,0,1,0,0,0,0,0,0,1,0,0,3,0,0,0,0,0,0,0,0,0,0,0,0,0,0,0,0,0,1,0,0,0,0,6,4,0,0,0,0,0,0,0,0,0,0,5,0,0,0,0,0,1,0,1,0,0,0,0,0,0,0,0,0,0,0,0,0,9,0,0,0,0,3,0,0,0,0,0,0,0,0,0,0,0,0,0,0,0,0,0,0,0,0,0,0,0,0,0,0,0,0,0,0,0,0,1,0,0,0,0,0,0,0,4,0,0,0,0,0,2,0,0,0,0,0,2,0,0,0,0,0,0,0,0,0,0,0,0,0,0,0,0,0,0,0,0,0,0,5,0,0,0,0,0,0,0,0,1,0,0,0,0,0,7,0,0
RGS2,0,0,0,0,3,1,1,1,0,0,4,0,2,0,0,7,0,0,1,0,0,1,2,2,0,0,1,0,2,0,0,0,0,12,0,0,0,1,2,0,0,0,2,0,0,0,0,6,0,0,1,0,3,0,0,1,0,1,0,2,5,0,0,0,0,0,0,0,2,0,0,2,0,3,3,0,1,4,1,5,0,0,1,3,0,0,0,0,0,0,9,0,0,1,1,4,0,0,1,0,0,0,7,0,0,6,1,0,4,0,0,0,2,11,0,0,0,0,2,0,0,1,2,0,1,0,0,0,1,0,0,0,1,0,0,0,0,0,2,0,0,1,0,0,5,0,6,7,0,0,4,0,0,0,0,0,0,2,0,5,0,0,2,1,1,0,3,0,4,4,0,0,0,0,2,0,0,0,7,0,0,0,0,0,1,0,0,0,7,3,2,0,0,0,0,1,0,1,0,0,4,1,5,0,1,2,0,1,0,0,0,1,1,0,0,0,0,4,2,0,0,0,1,0,0,0,0,2,0,1,0,0,4,2,0,0,0,0,0,0,3,0,0,0,0,0,0,7,4,3,0,2,0,0,0,0,0,0,0,2,0,0,0,3,0,0,0,0,0,0,0,2,0,1,0,0,0,1,4,0,4,4,1,0,0,0,0,0,2,0,0,0,2,0,1,0,1,0,5,0,0,0,0,0,3,0,0,0,11,0,0,0,3,1,1,0,1,0,0,0,0,1,1,0,0,0,4,1,0,0,0,5,0,0,2,0,0,5,0,5,0,1,0,0,0,0,0,1,0,7,5,0,10,0,0,0,0,0,4,1,0,0,0,3,0,0,3,0,0,0,0,2,0,0,0,3,1,0,1,3,0,0,5,0,0,5,0,0,0,0,1,13,0,12,0,2,1,0,0,5,6,1,0,0,1,1,0,0,1,0,0,0,0,0,0,3,1,0,0,1,2,1,0,1,9,0,1,0,0,0,3,0,0,0,3,0,1,1,1,4,0,1,5,0,1,3,0,0,0,0,0,0,2,0,3,0,0,10,1,0,4,0,1,0,1,5,2,0,3,2,2,1,0,0,0,10,1,0,0,0,7,0,0,1,0,0,1,1,0,9,0,0,0,1,0,5,0,0,0,0,1,1,1,0,0,0,0,4,1,0,2,0,0,0,0,0,0,1,0,5,0,1,0,4,1,2,0,0,7,0,2,0,0,0,1,7,0,2,1,0,0,0,1,0,0,0,3,0,3,0,0,2,0,0,4,12,0,10,0,0,0,0,0,0,0,0,1,0,0,0,0,0,0,0,0,3,0,0,7,0,0,0,1,5,1,0,0,0,0,4,2,0,0,2,1,0,0,2,0,0,0,3,3,0,3,1,5,1,1,0,4,0,0,0,0,0,0,0,3,4,0,1,0,0,1,0,0,1,0,0,0,0,0,2,3,0,0,0,0,0,0,3,2,0,0,0,0,0,0,1,1,0,0,0,0,2,2,0,0,1,4,3,0,2,0,1,3,0,0,0,0,0,3,0,1,0,1,2,0,1,0,4,0,0,2,0,3,0,1,0,1,1,2,0,0,0,0,1,0,1,0,0,0,5,1,6,0,0,0,1,0,2,0,0,0,0,1,0,0,0,0,1,0,0,0,2,0,0,0,2,1,0,0,0,1,0,3,0,0,2,0,0,0,7,0,0,0,0,0,0,1,0,0,0,0,0,1,0,1,0,0,2,0,0,5,0,0,0,1,0,0,0,0,0,2,1,2,0,3,0,1,0,0,1,2,3,0,0,1,0,0,0,0,2,5,0,0,0,4,0,0,0,0,0,3,0,1,0,0,2,0,1,0,2,0,0,2,0,0,0,0,0,5,0,0,1,0,0,0,3,0,1,1,2,0,0,2,1,1,1,1,2,0,0,0,0,0,1,0,1,0,1,0,0,0,0,3,0,0,0,0,0,0,0,0,0,0,5,1,0,0,2,13,1,0,1,0,0,0,3,0,0,1,0,3,1,0,0,0,0,0,0,2,0,1,3,1,0,2,0,0,0,0,0,1,0,0,0,5,4,3,1,0,0,3,0,0,0,1,2,0,5,4,2,1,1,0,0,2,2,7,0,0,0,0,0,0,13,0,1,0,0,0,0,0,0,1,9,0,0,3,0,1,0,1,0,0,0,0,5,0,0,0,2,7,1,0,0,0,1,0,3,8,0,0,0,0,0,5,0,0,0,0,4,0,0,0,0,0,0,1,0,0,0,1,0,0,0,0,0,0,2,0,1,0,0,0,0,3,0,0,0,6,0,0,0,1,2,2,0,0,1,0,0,3,0,0,11,0,0,0,4,0,0,0,2,0,1,4,0,1,3,1,0,0,0,2,0,1,1,0,3,0,0,0,0,3,0,0,1,1,0,12,5,2,2,5,2,0,6,1,3,1,1,1,0,0,4,6,1,14,1,1,0,0,0,5,0,1,0,3,0,1,7,0,1,0,1,2,0,0,0,1,11,2,0,2,0,2,0,0,1,0,1,0,0,2,0,0,4,0,0,1,0,0,1,0,0,6,0,0,0,0,1,0,0,0,3,0,0,1,0,1,1,0,0,0,1,0,0,2,0,0,5,0,1,0,0,0,0,3,0,0,0,0,0,0,0,1,0,0,0,0,3,0,1,1,0,0,10,0,0,4,1,0,2,0,1,2,4,0,2,0,0,0,0,2,0,0,0,0,1,0,0,1,1,0,6,0,5,0,0,0,11,0,1,3,0,0,0,0,3,0,0,0,0,2,4,0,0,2,12,0,0,0,0,4,0,0,0,1,0,1,0,0,0,0,0,0,0,10,0,2,2,0,1,7,0,0,0,0,0,5,0,2,0,3,2,0,0,0,0,0,0,0,0,4,1,0,3,12,0,6,0,0,0,0,0,1,5,0,1,0,0,2,1,0,0,2,2,13,0,0,4,0,0,2,0,0,2,0,0,1,1,1,0,0,0,0,0,0,1,1,2,0,0,3,0,0,1,0,0,1,0,0,0,0,1,0,0,1,0,0,0,1,0,0,0,0,0,0,0,0,1,2,2,0,0,1,0,1,1,0,2,5,0,0,2,0,1,1,2,0,0,6,0,5,0,0,2,1,0,0,0,0,0,0,0,0,9,13,0,0,0,0,4,1,6,1,5,0,2,0,0,1,1,0,0,0,0,0,0,0,0,4,0,1,18,0,0,1,0,5,7,1,0,0,0,1,0,0,0,0,0,0,1,0,0,2,0,1,0,0,1,0,0,1,0,0,5,0,0,0,0,0,1,0,0,2,0,0,0,0,1,1,0,1,2,0,0,2,0,0,0,19,0,0,1,2,1,0,0,0,0,0,3,0,1,1,0,0,0,0,2,1,0,0,0,3,0,0,13,0,0,1,0,2,0,0,5,1,0,1,0,0,0,1,0,0,0,0,1,1,0,1,1,1,14,0,2,0,2,0,0,1,0
AP1S2,0,1,0,0,0,5,2,0,0,0,3,0,1,0,2,4,0,0,2,0,0,0,6,4,0,0,0,0,0,0,0,0,0,2,0,0,0,0,2,0,0,0,9,1,0,0,0,7,0,0,0,0,3,0,0,3,1,0,1,0,6,0,0,0,0,1,0,0,4,0,0,1,0,4,4,0,0,6,4,6,1,0,0,2,1,1,0,0,0,0,1,0,0,3,0,16,0,0,6,1,0,0,3,0,0,5,0,2,4,0,0,2,0,1,0,0,0,0,3,0,0,0,8,0,0,1,0,1,7,0,0,0,0,0,1,0,2,1,4,0,1,0,0,0,10,0,4,1,1,0,9,0,0,0,0,0,0,0,0,4,0,0,4,6,1,0,3,0,3,4,1,0,0,0,3,0,0,1,2,1,0,0,1,1,5,1,0,0,6,2,7,2,0,0,1,0,0,0,0,0,5,1,2,0,0,0,0,0,0,0,0,1,0,0,0,0,0,1,1,5,0,0,7,1,1,0,0,4,0,0,1,0,3,3,5,0,0,2,0,1,5,0,0,2,1,0,0,0,3,2,0,3,0,0,0,1,0,2,0,1,0,0,0,0,0,0,0,0,0,0,2,6,1,2,0,0,0,4,9,0,5,2,0,1,0,1,0,0,0,0,0,1,3,0,0,0,0,0,11,0,0,1,1,0,8,0,1,1,1,0,0,2,1,0,0,0,0,0,1,0,0,0,2,0,0,0,1,1,0,1,1,6,3,0,1,0,0,4,0,3,11,0,4,0,0,0,0,3,0,10,4,1,4,1,0,6,1,1,4,5,1,0,0,1,0,0,12,0,0,0,0,1,0,0,0,11,0,2,2,0,3,0,4,0,0,1,1,0,0,0,1,10,0,4,0,2,0,0,2,4,4,0,0,0,0,0,0,0,0,0,0,1,5,0,0,1,1,0,0,0,0,0,1,1,5,0,0,0,0,0,0,0,0,0,3,0,1,0,0,3,1,0,4,0,1,4,0,0,1,0,0,1,0,0,0,0,0,7,5,0,0,0,0,0,4,3,0,1,1,1,3,7,0,0,0,2,0,0,0,0,7,2,1,0,5,0,1,0,1,2,0,1,0,0,0,6,0,0,0,0,1,7,0,0,0,0,0,10,0,0,1,0,1,0,0,0,0,0,0,6,0,0,0,3,4,1,1,0,10,0,7,1,0,0,2,10,0,2,0,0,2,1,0,0,0,0,4,0,1,0,0,5,0,0,1,5,0,2,1,0,0,1,0,0,0,0,0,1,0,0,0,0,1,0,0,9,0,0,1,0,0,0,0,3,0,0,0,0,1,1,0,1,0,4,0,1,0,0,1,0,0,5,4,0,0,5,3,0,0,0,2,0,0,0,0,1,1,1,2,6,0,1,0,0,1,0,0,2,1,1,0,1,0,0,3,0,1,0,0,1,1,0,0,0,0,0,3,0,0,3,0,0,0,1,0,6,0,0,0,9,5,0,0,0,0,0,0,0,0,0,0,0,2,0,1,0,0,6,0,0,0,10,1,0,2,0,2,0,1,0,0,0,0,0,1,0,0,0,0,4,0,0,4,0,0,2,0,1,1,4,0,0,0,0,4,1,0,0,0,0,1,0,0,0,0,0,1,0,0,1,0,0,1,0,2,0,4,1,1,0,0,1,0,7,0,0,1,0,0,0,0,0,0,1,1,0,0,1,0,0,0,7,1,0,4,0,0,0,0,1,0,0,0,1,2,2,3,0,3,0,2,0,0,0,6,2,0,0,0,0,0,0,0,2,5,1,0,1,1,0,1,0,0,2,0,2,0,1,1,0,0,3,0,2,0,0,9,0,1,0,0,0,7,0,0,1,0,0,0,4,1,0,0,8,2,1,0,1,2,0,2,9,1,1,1,1,0,1,0,0,0,0,0,0,2,0,0,5,1,0,0,0,1,0,1,0,0,2,0,1,1,2,5,2,0,0,0,1,0,0,0,0,3,6,6,0,0,0,1,0,0,0,0,0,4,2,1,0,2,1,0,1,0,1,3,1,0,0,4,1,3,0,0,0,4,0,0,0,0,1,0,4,7,0,1,3,0,0,1,3,0,0,0,0,0,0,0,2,1,1,0,0,1,1,1,1,1,2,0,0,3,1,3,0,0,1,1,0,0,5,0,0,0,0,1,9,0,0,0,4,0,22,3,0,0,0,0,0,7,0,0,1,1,14,0,0,0,1,0,0,1,0,0,1,1,0,0,0,0,0,0,5,0,0,1,0,0,0,3,0,0,0,4,1,0,0,0,0,1,0,1,0,0,0,1,0,1,3,1,0,3,10,0,0,0,2,0,2,3,0,0,0,1,0,1,0,0,0,0,0,2,4,1,0,0,0,0,0,0,0,1,1,0,1,2,1,7,1,0,3,3,0,0,2,0,1,0,2,4,5,6,0,0,1,0,0,4,0,0,0,4,1,0,2,1,0,0,0,1,0,0,0,0,3,3,0,0,1,0,0,1,0,1,2,1,0,1,0,0,0,0,0,7,0,0,0,0,0,8,0,1,1,3,0,0,0,0,0,0,1,0,0,4,0,0,0,1,0,1,0,5,0,2,6,0,1,0,0,1,1,0,0,0,0,1,0,1,1,1,0,0,0,2,0,1,0,12,0,1,3,0,0,1,0,0,0,0,0,2,8,0,1,0,0,1,0,7,0,0,1,0,0,1,0,1,1,1,8,0,1,0,1,1,6,2,0,1,1,1,0,0,3,0,1,1,0,0,5,0,0,3,5,0,0,0,2,7,0,1,0,0,0,0,2,1,0,1,1,1,0,2,0,1,5,0,0,0,0,0,1,0,1,6,9,0,1,0,0,0,0,0,2,0,1,0,0,7,1,5,2,5,0,3,0,0,5,0,0,1,6,1,1,1,0,1,0,0,1,0,0,3,0,0,1,2,0,1,1,0,0,1,0,0,0,1,0,0,0,0,0,3,4,0,1,1,0,1,0,0,4,0,0,0,0,0,0,0,1,1,0,3,0,0,0,1,0,0,0,3,0,0,1,0,0,1,1,3,0,6,0,0,3,0,8,2,4,1,1,1,0,5,2,0,1,6,0,9,0,0,6,0,0,2,0,0,0,0,0,0,1,10,0,0,0,0,2,0,3,0,10,0,1,0,0,1,0,0,1,0,2,1,0,0,0,0,0,0,5,0,0,3,0,3,6,0,0,0,0,0,1,0,0,0,1,0,1,0,0,0,3,0,0,0,0,0,0,1,1,0,2,0,0,0,0,0,2,1,0,0,0,0,0,1,0,0,0,0,2,0,0,0,0,1,5,8,0,0,0,0,6,0,0,0,0,1,5,0,1,8,1,0,0,2,2,0,0,0,1,3,1,0,3,0,1,4,0,2,0,0,2,0,1,1,3,0,0,1,0,0,0,0,2,3,0,4,0,1,6,2,0,0,1,0,0,0,0
CD3E,6,0,4,1,2,0,0,2,1,0,0,5,0,2,2,2,1,1,0,4,2,3,0,0,0,3,1,4,2,0,0,5,0,0,1,1,1,4,0,1,2,5,0,3,2,0,0,0,5,3,3,1,0,1,4,0,0,2,4,3,1,4,2,0,6,1,3,0,0,4,3,0,2,0,0,1,0,0,0,0,2,1,0,0,0,6,1,0,6,3,0,1,6,0,2,0,3,0,0,1,2,1,0,2,2,0,1,1,0,1,5,3,0,0,2,4,2,3,0,0,0,0,0,0,2,2,1,0,0,4,0,5,3,0,2,3,0,3,0,2,1,2,3,0,1,2,0,0,4,0,0,0,1,4,1,1,0,1,0,0,0,3,0,0,0,5,0,4,0,0,1,0,2,4,0,2,2,2,0,1,0,2,0,0,0,0,2,3,0,0,0,0,1,2,4,0,0,1,0,0,0,8,0,0,1,1,0,3,0,0,3,4,0,0,2,2,2,1,0,1,0,0,1,0,4,0,0,0,2,1,2,1,0,1,0,3,3,0,2,0,0,0,0,0,4,0,1,0,0,0,2,0,0,2,0,3,1,3,0,2,4,1,3,0,4,1,4,2,3,2,1,0,0,0,2,1,0,0,0,3,0,0,0,5,6,3,2,0,1,5,2,1,1,6,3,1,1,3,0,1,4,1,4,5,0,2,3,0,1,4,2,0,2,0,1,0,4,2,0,6,0,0,0,1,2,5,0,2,0,0,2,0,3,0,0,2,0,0,0,0,0,1,0,3,0,3,2,0,4,0,1,3,2,0,2,1,0,7,0,0,4,0,0,0,1,5,1,3,1,1,4,0,0,1,1,0,3,6,1,0,0,0,1,3,4,0,3,2,3,0,3,0,2,0,1,1,0,3,0,0,0,2,2,1,0,2,3,0,1,0,5,4,0,4,1,0,1,0,1,2,0,2,4,0,1,2,1,1,3,3,0,2,2,3,0,0,0,1,6,0,0,4,0,4,2,0,0,6,0,3,6,3,0,0,0,3,1,0,0,0,0,3,4,0,1,0,2,4,0,0,0,0,0,0,5,0,0,7,0,1,1,2,2,2,0,3,3,2,1,0,1,5,4,1,2,0,2,5,0,0,0,0,0,0,8,1,1,0,2,2,0,2,0,0,0,2,3,0,4,0,5,0,3,0,0,2,3,0,0,0,0,2,5,0,2,0,4,0,3,1,1,3,4,0,1,0,0,3,0,1,2,2,5,1,0,0,0,1,4,1,0,3,0,2,2,1,1,3,4,0,1,0,2,3,2,1,1,3,0,2,0,2,3,0,2,3,0,1,0,0,1,0,0,0,2,0,0,0,0,0,3,0,0,5,4,0,0,2,0,4,0,0,2,2,4,1,4,3,0,0,7,6,1,0,0,1,0,0,3,5,0,3,2,0,0,1,1,0,0,0,3,0,5,3,1,0,0,1,4,0,0,1,0,0,0,0,0,2,0,0,0,1,0,0,3,1,0,3,4,0,2,1,0,2,0,1,0,0,2,2,0,0,1,6,0,4,3,1,0,1,1,3,7,2,2,2,1,4,1,0,1,6,1,1,0,0,3,3,4,0,2,2,0,8,0,5,1,2,3,2,3,3,3,4,0,7,1,5,0,5,6,1,0,3,0,2,0,0,3,0,0,4,4,0,2,1,0,0,4,0,0,4,0,1,0,1,2,1,2,6,0,0,1,4,0,0,3,1,4,0,2,3,0,1,0,0,0,4,0,3,0,1,3,4,0,0,1,0,2,3,4,2,0,0,0,0,3,4,0,1,1,2,0,0,2,1,1,0,0,1,2,0,1,0,3,0,0,1,2,2,0,0,0,0,0,2,0,0,1,0,2,5,0,0,2,4,1,4,0,0,0,0,3,2,5,0,4,6,0,3,4,1,0,1,2,0,0,0,3,0,4,2,2,2,0,0,7,0,4,0,0,0,0,2,0,2,1,6,0,0,1,0,0,0,0,3,1,3,0,0,5,5,0,0,0,0,0,3,0,1,0,2,4,3,7,3,0,0,0,0,1,2,1,0,0,5,0,6,3,0,2,0,0,1,0,0,1,7,0,2,0,0,1,0,0,4,1,0,3,3,0,3,2,3,0,1,4,0,3,1,0,2,0,4,2,1,0,1,3,0,1,2,4,0,0,0,4,2,1,0,2,0,0,3,3,0,2,2,0,1,2,4,3,0,5,5,1,1,2,2,0,2,1,3,0,1,2,2,0,1,3,0,5,1,4,2,1,3,0,2,3,3,0,8,1,2,0,0,0,4,0,0,0,4,4,2,3,0,5,2,1,1,0,5,4,0,1,3,0,4,2,7,4,0,5,4,2,4,0,2,2,0,5,3,5,0,0,4,2,2,2,1,0,0,0,5,0,0,3,0,0,4,0,1,1,0,0,0,0,0,0,0,2,4,1,0,0,3,0,0,0,6,4,1,4,0,0,4,0,1,3,1,0,0,0,5,6,4,0,0,5,3,0,5,0,3,0,2,2,4,2,1,0,3,0,4,0,6,1,0,1,0,6,5,2,3,0,0,0,2,4,5,0,1,3,0,1,4,1,3,0,0,0,0,0,0,2,0,3,1,4,2,1,0,2,1,0,4,1,0,0,1,2,0,0,1,0,2,0,0,1,4,0,4,2,6,3,0,0,1,3,0,0,0,2,4,0,1,1,2,5,4,1,3,1,2,1,0,3,0,0,1,2,0,2,1,1,3,3,1,4,0,2,2,2,0,0,0,1,2,0,0,1,0,1,1,0,1,4,3,1,4,2,3,1,0,0,0,0,3,1,4,0,0,0,4,0,2,2,4,6,3,2,0,0,0,0,0,2,3,3,1,0,1,3,4,0,8,0,0,0,2,0,2,2,0,7,1,0,0,0,2,2,0,0,0,0,4,0,3,0,0,4,0,0,2,0,1,4,1,0,1,2,0,2,2,0,3,0,0,3,0,0,0,0,1,4,3,5,0,2,3,2,0,1,0,5,6,8,0,0,0,0,2,1,0,1,5,0,0,1,4,1,1,0,1,0,1,0,3,3,1,7,0,0,0,0,4,3,3,0,1,2,5,0,5,0,1,0,1,0,4,0,1,0,0,0,4,3,0,0,3,1,3,7,0,2,0,0,1,4,0,1,4,4,0,0,2,0,0,3,0,8,2,0,2,2,0,4,2,0,0,1,0,2,1,2,1,3,2,5,2,0,1,0,2,1,1,2,0,4,4,1,1,0,4,4,2,1,0,8,3,14,2,2,0,0,0,1,4,3,3,0,3,1,3,0,0,0,5,0,2,0,0,0,1,3,3,7,0,2,2,3,0,3,0,1,0,0,1,0,4,3,0,3,1,3,0,0,3,0,0,1,3,0,3,0,0,2,0,0,3,3,3,1,2,5,7,0,2,2,1,0,0,0,2,0,0,2,7,1,5,3,0,4,3
LDHB,1,0,1,0,0,0,1,5,0,2,1,2,0,6,4,0,0,1,0,5,1,6,0,1,1,4,3,3,1,1,7,3,1,3,0,1,3,4,4,1,4,3,2,6,3,2,1,2,4,5,1,3,0,0,2,2,0,7,3,2,3,4,3,1,4,2,5,1,2,8,1,13,2,0,0,2,0,0,0,0,4,1,1,0,2,5,3,1,1,3,6,2,1,0,7,1,6,0,1,7,2,2,0,7,1,0,1,0,1,6,2,5,1,1,1,8,5,7,0,2,3,1,5,1,3,7,0,0,2,3,3,7,1,0,4,2,0,4,1,2,3,1,5,0,3,0,0,1,11,0,1,0,0,4,4,3,0,0,1,0,1,5,1,0,0,14,1,3,2,2,5,0,14,4,2,0,2,5,0,4,4,5,0,0,0,1,5,7,0,1,1,3,2,3,3,0,5,2,1,1,0,1,0,0,3,1,0,3,0,4,3,1,1,0,2,0,5,1,2,2,3,2,3,0,11,0,1,0,3,2,4,4,0,4,2,1,2,0,0,0,1,3,1,0,1,0,4,2,5,1,4,0,0,0,0,3,2,7,1,0,1,0,2,2,3,0,4,0,9,2,0,2,2,0,3,1,1,2,1,5,0,1,6,2,3,8,1,1,4,1,0,5,0,0,2,0,2,3,2,1,2,0,1,2,1,1,4,1,1,8,1,1,4,2,1,1,6,6,1,1,0,1,0,4,1,3,1,3,0,1,4,0,6,0,0,0,6,0,8,4,3,3,0,5,1,2,1,0,5,3,1,1,4,4,1,1,0,3,1,1,3,0,0,0,1,3,15,3,2,5,0,0,0,6,1,6,7,5,4,0,0,0,4,3,3,1,3,10,4,0,4,0,2,0,3,0,4,8,0,0,2,6,0,2,0,4,2,0,1,4,8,4,0,2,3,2,2,0,4,1,0,4,8,0,1,1,0,0,1,2,0,6,7,2,0,0,0,2,4,4,2,3,1,3,4,4,1,4,1,1,2,2,2,3,0,7,0,3,2,1,1,4,3,2,3,1,4,2,0,0,0,1,0,4,3,0,0,2,0,2,0,2,1,1,2,2,0,5,4,1,5,4,6,0,7,0,6,3,0,0,1,1,4,0,6,6,2,2,0,4,0,1,0,1,2,4,1,3,1,0,9,1,7,2,0,0,1,0,3,6,0,1,0,3,4,3,0,1,4,4,20,5,3,0,2,4,0,0,3,4,14,1,0,1,0,1,0,0,4,0,1,10,0,0,1,3,5,8,15,0,7,1,5,4,5,1,4,5,1,2,0,2,4,0,1,2,3,2,1,0,1,0,0,1,6,2,3,2,0,0,5,1,1,1,4,0,0,1,1,4,3,0,1,4,10,3,4,10,2,0,6,5,0,3,1,1,4,0,3,3,0,7,0,0,0,6,9,5,3,2,2,0,4,6,0,1,2,4,3,0,1,2,2,0,0,0,0,5,0,3,0,1,2,2,10,2,0,0,7,1,2,3,1,0,6,3,0,0,4,4,0,2,6,5,0,9,0,1,1,5,7,2,6,1,6,1,2,5,0,0,1,1,5,1,0,0,7,2,1,10,1,1,0,5,0,4,0,5,1,4,9,4,3,6,0,6,2,3,3,2,2,0,0,1,2,2,1,1,1,0,0,3,2,1,3,0,1,6,3,2,1,2,8,6,0,2,3,1,1,11,2,1,2,6,1,0,3,0,4,2,4,2,6,2,0,0,2,1,2,7,0,0,1,2,1,2,0,5,7,5,1,4,0,0,1,1,0,3,0,1,4,1,1,3,3,3,1,1,0,1,4,0,5,0,2,3,0,1,0,0,2,0,4,0,0,4,6,0,5,1,8,0,1,0,2,4,1,4,1,2,0,1,6,1,1,1,0,8,1,5,1,0,1,2,1,2,2,0,3,1,5,5,2,1,2,1,3,0,1,1,3,1,2,0,5,4,0,3,1,0,7,0,0,1,1,7,1,1,3,0,5,1,0,1,0,2,0,4,4,2,0,3,4,5,8,0,0,1,1,1,1,0,1,8,0,2,0,0,7,5,0,1,1,2,4,0,0,6,1,5,0,0,0,1,1,0,1,2,2,2,1,5,4,1,1,5,2,0,4,1,0,6,0,5,1,0,3,2,5,0,3,2,0,1,1,0,3,0,1,0,5,2,1,0,2,0,7,3,1,3,3,2,6,2,1,5,4,3,2,5,3,6,5,2,0,3,1,3,0,2,4,1,4,1,1,0,0,4,0,5,7,2,2,3,4,3,1,0,0,1,0,1,1,2,2,3,1,1,6,2,9,0,0,5,3,2,1,3,1,3,1,0,2,0,8,6,4,0,3,0,2,0,3,0,9,0,2,1,4,7,6,8,0,0,0,3,1,0,0,0,0,4,1,0,7,3,5,3,2,2,4,0,4,4,0,1,0,5,0,0,1,12,2,6,4,0,1,1,0,4,7,3,0,1,2,6,0,4,1,1,1,6,0,5,2,1,0,0,2,3,4,4,2,5,0,4,0,5,0,2,4,0,6,1,0,2,0,1,2,2,0,7,1,1,1,1,2,2,4,2,1,0,2,3,0,0,2,1,1,1,4,3,2,0,2,1,0,8,7,0,3,2,2,1,0,1,1,4,0,5,13,6,2,3,1,7,0,4,0,1,0,3,1,0,10,6,0,0,2,3,3,6,5,6,7,2,0,1,2,1,1,8,0,1,4,5,0,1,5,0,2,0,3,3,1,3,0,1,6,6,2,1,5,2,4,4,1,4,6,7,1,5,3,2,4,0,0,10,3,1,0,5,0,3,2,12,0,2,4,4,3,2,2,0,0,1,1,0,1,3,2,0,1,0,4,2,1,1,0,1,1,6,2,15,2,0,10,4,0,0,0,3,4,1,0,2,0,8,0,4,0,1,3,0,0,4,1,6,3,4,0,2,3,0,4,3,2,4,1,4,4,1,0,2,1,6,2,10,7,0,6,5,6,0,4,4,2,3,22,2,0,0,5,0,4,0,1,6,0,1,1,11,1,1,1,2,2,1,0,2,3,1,2,1,0,2,2,1,0,10,0,0,5,4,4,5,1,4,1,0,0,5,1,3,0,0,1,7,5,6,0,1,2,3,7,0,0,2,0,3,4,0,0,4,1,1,0,1,0,2,4,0,6,1,0,0,4,3,1,5,2,1,1,0,2,2,3,13,1,7,5,1,1,8,4,6,2,0,5,1,2,10,1,4,0,7,1,6,0,0,6,3,4,0,3,1,2,0,3,1,5,2,0,6,4,0,0,0,4,1,0,3,0,2,6,4,7,5,6,1,2,6,1,0,2,1,6,1,0,2,0,5,7,2,0,0,0,0,0,4,0,0,4,8,0,4,0,0,0,0,1,2,4,4,4,6,7,4,1,1,0,0,0,2,1,6,0,2,0,6,1,15,6,3,6,1
IL7R,1,0,1,0,0,0,0,14,0,1,0,5,0,1,7,3,3,0,0,4,1,2,0,0,0,0,0,1,2,0,1,1,0,0,0,0,3,0,0,0,0,3,0,7,1,0,0,0,4,0,0,1,0,0,4,0,0,2,1,2,0,3,1,0,8,6,0,0,0,2,1,0,0,0,0,0,0,0,0,0,2,2,0,0,0,3,1,0,0,1,0,3,0,0,6,0,0,0,0,0,0,1,0,2,4,0,3,0,0,0,5,0,2,0,1,0,0,6,0,0,0,0,1,0,3,1,1,0,0,0,2,0,0,0,0,0,0,0,0,1,1,2,2,0,1,0,0,0,3,0,0,0,0,2,4,0,0,4,1,0,0,0,0,0,0,3,0,3,0,0,1,0,2,0,1,1,0,1,0,1,0,1,0,0,0,0,4,0,0,0,0,0,3,5,2,0,3,0,0,0,0,0,0,0,5,0,0,0,0,2,0,4,0,0,0,0,1,2,1,0,0,0,0,0,3,0,0,1,4,3,2,0,0,0,0,4,0,0,3,0,0,0,0,0,6,0,0,0,0,0,1,0,0,0,0,7,3,1,0,0,0,0,4,1,0,0,3,0,8,0,0,0,0,0,0,0,0,0,0,2,0,0,0,4,0,1,2,0,2,4,0,2,0,2,0,0,0,0,0,1,1,0,0,1,0,3,0,0,0,2,0,4,0,0,6,0,1,10,0,0,0,0,0,0,0,0,0,0,0,1,1,0,2,0,0,1,0,0,5,0,0,2,0,0,0,0,0,0,4,0,0,1,5,1,0,0,0,0,0,0,1,0,0,0,0,1,0,0,1,3,1,0,0,1,0,0,4,4,1,0,0,0,0,2,1,0,7,0,0,0,2,0,1,0,1,0,1,3,0,0,0,2,0,0,0,13,2,0,1,0,4,4,0,0,1,0,0,0,1,0,0,13,1,0,1,1,1,1,2,3,0,2,11,1,0,0,0,4,1,0,0,3,0,1,14,0,0,8,0,1,3,3,0,3,0,6,1,2,0,0,0,4,0,0,6,0,0,0,0,0,0,0,0,4,0,0,0,0,0,1,0,0,0,1,0,5,1,14,3,0,3,3,2,0,1,0,2,0,0,0,0,0,0,1,0,0,2,0,0,0,0,0,0,2,1,1,0,2,0,0,2,0,6,0,0,0,1,0,0,2,0,0,0,0,5,0,0,0,2,7,1,2,0,0,0,0,0,3,1,3,2,0,2,1,0,0,1,0,3,0,0,4,0,0,1,3,3,3,10,0,2,0,1,0,0,0,0,2,0,6,0,0,2,0,1,1,0,0,0,0,4,0,0,0,2,0,3,0,0,0,2,0,0,0,17,0,0,2,0,3,0,0,0,4,3,0,3,0,0,1,4,1,0,2,0,0,1,0,1,1,0,3,1,0,0,0,2,1,3,0,0,0,0,2,0,0,0,2,0,0,0,3,0,0,0,0,0,1,0,0,0,0,0,0,0,4,0,0,8,0,0,0,0,1,3,14,1,0,0,4,0,0,8,1,0,1,1,4,0,1,0,2,3,1,1,0,1,0,0,0,2,0,0,0,0,1,1,0,1,0,2,2,0,3,0,0,1,4,0,2,2,4,5,2,0,3,0,4,0,4,0,3,0,2,1,0,0,0,0,0,0,1,2,0,5,0,0,0,3,3,1,1,4,5,0,3,0,0,2,1,0,0,0,0,0,0,6,0,0,3,0,1,0,4,0,0,1,5,0,6,0,0,2,2,0,0,0,5,0,2,1,4,2,0,0,0,1,2,0,0,1,1,0,2,3,2,7,0,0,1,4,0,0,0,0,1,0,1,0,0,0,0,0,0,1,3,0,0,3,0,2,0,0,0,1,3,4,1,0,0,0,0,0,4,4,0,0,2,0,2,0,0,0,1,2,0,0,0,0,0,2,1,3,3,0,0,3,0,0,0,0,0,0,0,5,0,0,1,0,0,3,0,0,0,0,5,0,1,0,0,1,3,0,0,0,1,0,1,0,1,0,2,0,2,0,0,0,0,0,0,0,0,1,0,0,5,0,0,4,0,1,0,0,0,0,0,0,4,0,7,0,0,0,0,0,0,0,0,0,0,0,1,0,1,0,1,0,0,0,3,0,1,0,0,1,0,0,1,2,0,3,3,0,0,0,0,0,4,0,0,0,0,0,0,1,0,1,2,0,3,0,0,2,0,3,0,2,0,2,2,0,3,2,0,2,0,0,1,0,0,0,0,8,3,1,4,0,5,0,1,6,1,0,1,1,0,0,0,0,2,0,0,0,0,0,2,3,0,0,2,0,0,0,3,0,0,2,1,0,3,1,1,0,0,2,2,0,0,0,0,3,0,1,2,2,0,1,1,2,6,1,2,0,0,0,0,0,0,1,0,0,17,0,0,0,0,1,0,0,0,0,0,2,2,0,0,0,4,0,0,0,1,4,0,2,0,1,3,0,1,8,2,0,0,0,0,4,2,0,4,1,2,0,2,0,0,0,2,2,2,2,4,0,5,0,0,0,1,0,0,0,0,0,0,0,1,0,0,0,3,0,0,0,0,3,0,0,1,0,0,0,1,0,0,0,2,0,0,2,0,17,3,2,0,0,1,0,0,0,0,0,6,1,0,0,0,0,2,0,0,2,0,1,0,1,1,0,0,0,0,0,3,1,1,0,3,0,0,0,2,0,0,2,1,0,0,0,0,1,0,0,1,0,0,7,1,1,0,0,0,0,0,1,2,0,0,0,0,2,0,0,0,2,0,0,0,0,0,2,4,7,3,1,0,1,0,0,0,0,1,0,1,0,0,0,0,2,1,0,3,0,0,0,0,0,0,2,0,3,1,1,0,0,0,1,1,0,0,0,0,0,0,0,0,0,0,0,1,0,0,0,0,5,2,0,0,0,0,0,0,0,0,0,0,0,3,0,1,0,2,0,1,4,0,3,2,0,0,0,1,0,0,0,0,1,0,0,5,0,0,0,3,0,0,0,1,2,3,4,0,0,0,4,1,1,0,0,1,0,1,2,3,2,0,0,2,1,0,0,1,2,0,8,0,0,0,2,1,0,6,0,0,3,0,0,1,0,0,8,0,0,2,4,2,0,0,0,0,6,0,0,5,1,1,1,0,0,0,0,1,5,0,0,0,1,0,0,0,0,0,1,1,0,0,0,1,0,0,2,0,0,0,0,0,2,2,0,2,0,1,3,0,0,1,1,0,1,0,4,0,2,1,1,1,0,3,1,1,0,0,0,1,7,0,2,1,3,0,0,0,4,1,0,2,1,0,0,0,0,3,0,2,0,0,1,0,4,3,3,1,1,0,1,0,2,0,4,0,0,1,0,7,2,0,2,1,3,0,0,0,0,0,0,0,0,4,0,0,0,0,0,0,9,0,1,3,1,6,4,1,3,0,0,1,0,0,0,0,3,3,0,3,2,0,0,0
CCL3,0,0,0,3,0,2,0,1,0,0,2,0,4,0,0,0,0,0,1,0,0,0,2,1,0,0,0,0,0,0,0,0,0,0,3,0,0,0,0,0,0,0,11,0,0,0,0,0,0,0,0,0,1,1,0,0,1,0,0,0,0,0,0,1,0,0,0,0,0,0,0,0,0,0,2,0,1,3,0,7,0,1,0,8,3,0,0,0,0,0,0,0,0,9,0,21,0,0,0,0,0,0,0,0,0,0,0,3,1,0,0,0,1,1,0,0,0,0,0,0,0,0,0,0,0,0,0,0,0,0,0,0,0,0,0,0,0,0,10,0,0,0,0,0,0,5,1,1,0,6,2,0,0,0,0,0,0,0,0,0,0,0,0,2,0,0,1,0,15,2,0,11,0,0,1,0,0,0,0,0,0,0,0,0,0,0,0,0,0,0,0,0,0,0,0,0,0,5,0,0,1,0,0,0,0,0,0,0,0,0,0,2,0,0,0,0,0,0,0,0,0,0,0,1,0,0,0,0,0,0,0,0,0,0,0,0,0,0,0,0,3,0,0,4,0,0,0,4,3,0,0,19,0,0,0,0,0,0,0,0,0,0,0,0,0,0,0,0,0,0,3,0,0,1,1,0,0,1,2,0,0,0,0,0,0,0,0,0,0,0,0,0,0,1,0,0,0,0,8,0,0,0,0,0,7,0,0,0,0,0,0,0,0,0,0,0,0,1,0,0,0,0,5,0,0,0,0,0,0,0,0,7,0,0,2,0,0,0,1,0,2,0,2,0,0,0,0,1,0,3,0,0,0,0,0,1,0,0,0,0,0,0,0,4,1,0,3,0,0,0,0,0,1,0,0,10,0,0,0,4,0,0,2,0,0,0,0,0,0,1,1,0,0,0,0,3,0,0,0,0,9,0,1,0,0,0,0,0,0,0,0,0,0,0,0,0,0,0,0,0,13,0,0,0,5,0,0,0,0,0,0,0,0,0,1,0,1,0,0,0,3,1,0,0,0,0,0,0,0,0,1,0,0,0,4,0,0,0,0,0,0,0,0,0,7,0,1,0,1,7,19,0,0,0,0,0,2,0,0,0,8,0,0,0,0,0,0,1,0,8,0,0,0,0,0,0,0,0,0,1,0,5,0,0,0,0,0,2,0,0,0,0,0,0,0,0,0,0,0,7,0,0,0,1,3,0,0,0,3,0,2,0,0,0,0,3,0,0,0,0,0,0,0,0,0,0,3,0,0,0,0,0,0,0,0,1,0,0,0,0,0,0,0,1,0,0,0,0,0,0,0,0,0,0,0,0,0,0,7,0,0,0,0,0,0,0,0,0,0,1,0,0,1,0,0,0,0,0,0,0,0,0,13,0,0,1,0,0,0,0,0,0,0,0,1,0,0,0,3,1,0,0,0,0,4,0,0,0,0,0,0,0,0,2,0,0,0,1,0,0,0,3,0,0,0,0,0,0,0,0,0,0,0,5,1,16,0,0,0,0,2,1,0,0,0,0,2,0,0,0,0,0,0,0,0,0,0,2,0,0,4,2,0,0,3,0,0,0,0,0,0,0,0,0,0,0,0,0,0,0,0,0,0,1,0,0,0,0,0,1,0,0,0,0,0,0,0,0,0,0,0,0,0,0,0,0,0,0,0,0,0,0,0,0,0,0,3,0,0,0,0,0,0,1,1,2,0,0,0,0,0,0,0,0,0,0,0,0,0,0,1,3,0,0,2,0,0,0,0,0,0,0,0,0,1,0,1,0,0,0,0,0,0,0,0,0,0,0,0,0,0,0,0,0,4,0,0,0,0,0,0,0,0,0,0,0,0,0,0,0,0,0,0,1,0,0,0,0,0,5,1,0,0,0,0,0,0,0,0,13,0,1,0,5,0,0,0,0,3,0,0,2,0,0,0,0,0,1,13,1,0,0,3,0,0,0,1,5,0,0,0,0,0,0,0,0,0,2,0,0,0,3,0,0,0,0,2,0,0,5,0,0,0,0,0,0,0,0,0,0,0,0,2,0,0,7,0,0,0,0,0,0,0,1,0,0,0,0,0,4,1,0,0,1,0,0,0,0,0,0,0,0,10,0,0,1,0,0,2,8,7,0,1,0,0,0,0,0,0,0,0,0,0,0,0,0,0,0,0,0,0,0,0,0,0,0,0,0,0,0,0,0,0,1,1,0,0,0,0,7,0,7,1,0,0,0,0,0,1,0,0,0,0,0,0,0,0,0,0,0,0,0,0,0,0,0,0,0,0,0,0,0,0,0,0,0,1,0,1,0,0,0,9,0,0,0,0,0,4,0,0,0,0,0,0,0,0,0,0,0,2,0,0,0,0,4,0,0,1,0,0,0,0,0,1,0,1,0,0,0,0,0,0,0,0,0,3,0,0,0,0,0,0,0,1,0,1,0,0,2,1,0,0,0,0,0,1,0,9,2,0,3,0,0,0,0,0,1,0,0,0,0,0,0,0,0,0,0,7,0,0,0,1,0,0,0,0,0,0,0,0,0,0,0,0,0,0,0,0,1,0,0,0,0,0,0,1,0,1,0,0,2,0,6,0,0,0,0,0,0,0,0,0,2,0,0,0,0,0,0,0,0,0,0,0,0,0,0,0,0,0,0,1,0,0,0,0,0,0,11,3,0,0,0,0,2,5,0,0,0,0,0,10,0,0,0,0,0,0,1,0,0,0,0,0,0,2,0,0,0,0,0,0,0,0,0,0,2,0,5,0,0,2,0,0,0,0,1,0,0,0,10,0,0,1,3,0,8,0,0,0,1,0,0,0,0,9,0,0,0,0,0,0,0,0,0,0,0,0,0,0,0,0,3,0,0,0,0,0,0,0,1,0,0,0,0,0,2,0,0,0,0,0,0,0,0,9,0,0,0,1,0,0,0,1,0,0,0,0,7,0,1,0,0,0,1,0,0,0,0,0,0,0,0,0,0,4,1,0,0,0,1,0,1,0,0,0,0,0,0,0,0,3,0,0,0,0,0,0,9,0,0,0,0,0,0,0,0,0,1,0,0,0,0,0,0,0,0,1,0,0,0,0,0,0,0,0,1,0,0,0,1,0,2,1,3,0,0,0,0,2,0,0,0,4,0,10,0,0,0,11,0,0,0,0,0,0,0,0,0,0,0,0,0,0,0,0,0,0,0,0,0,0,0,0,0,0,0,0,0,0,0,0,0,0,0,0,0,0,0,1,2,6,0,0,0,0,0,0,0,0,0,0,0,0,0,1,0,0,2,0,0,0,0,0,0,0,0,0,1,0,0,0,0,0,0,0,0,0,0,0,0,0,0,0,0,0,0,0,0,7,0,0,0,0,0,0,1,0,10,0,0,0,0,0,3,0,5,1,0,0,0,0,6,0,0,0,0,0,0,0,0,0,0,0,0,1,0,0,0,0,0,0,0,0,0,0,0,0,0,0,0,0,0,0,0,3,0,0,0,0,0,0,0,0,0
ACTG1,8,1,3,3,7,1,4,3,1,1,2,12,4,3,7,12,3,7,1,5,5,4,4,6,2,14,6,8,2,6,2,5,6,15,3,6,4,9,15,1,5,3,5,6,0,1,3,5,2,13,7,4,3,7,12,2,5,7,8,5,17,2,7,3,6,11,11,2,4,4,3,21,2,2,0,4,4,12,0,5,11,5,0,4,0,5,5,3,11,2,11,0,10,5,2,9,2,1,4,112,4,4,1,5,3,2,3,12,12,2,7,13,3,2,3,14,7,6,4,4,1,6,4,0,2,6,3,0,3,2,3,0,6,0,3,10,1,2,0,1,6,2,5,7,47,13,8,7,14,1,5,0,6,5,1,4,2,0,2,3,0,13,7,5,6,33,4,3,12,47,6,10,17,9,4,0,2,3,3,6,0,5,5,1,4,2,9,3,4,6,11,12,9,12,12,13,3,6,2,6,4,7,4,7,3,0,5,1,1,1,4,3,6,7,4,8,4,8,4,8,1,5,1,1,14,2,0,0,1,8,3,5,15,2,2,3,5,2,0,0,4,1,0,1,3,0,6,4,6,1,4,0,0,1,0,4,0,9,2,1,7,4,10,13,8,8,2,2,12,12,12,13,7,2,5,9,1,12,5,5,3,1,2,8,10,0,8,4,12,4,11,6,3,5,4,1,3,3,9,2,5,4,18,8,4,1,9,0,9,4,3,1,4,5,5,1,2,10,2,10,2,7,5,0,11,4,4,10,8,0,2,5,9,3,1,4,12,2,7,4,15,6,5,15,2,17,6,4,0,3,5,8,13,4,1,1,0,14,18,1,8,5,1,3,10,0,105,6,4,7,2,2,9,1,3,38,2,7,2,4,2,0,7,2,8,1,4,4,9,7,7,20,4,24,5,7,6,3,0,8,7,5,11,5,3,6,18,1,4,0,13,8,1,14,4,22,0,0,2,2,3,6,90,6,2,3,1,7,3,5,0,6,6,1,5,1,0,1,5,13,0,16,31,8,6,32,15,6,2,3,4,3,4,5,4,6,3,2,13,2,2,6,3,1,6,2,5,3,4,4,0,5,3,4,1,7,3,0,1,2,3,8,7,17,1,11,7,3,7,2,8,11,2,1,0,4,4,6,1,8,0,1,1,2,8,7,4,33,11,6,1,1,1,3,1,2,4,3,2,5,12,4,6,0,2,1,10,0,3,2,7,4,2,2,7,3,3,26,1,4,69,5,0,6,2,8,7,2,29,5,17,13,0,1,0,9,2,6,5,6,6,7,1,11,5,11,6,2,8,6,11,21,7,3,5,7,6,5,0,6,2,7,1,1,4,10,1,3,1,2,0,1,6,6,5,6,5,1,0,2,4,11,1,12,4,27,4,4,2,2,15,1,2,1,19,3,5,25,5,4,17,8,8,2,10,6,0,1,4,6,7,6,3,14,7,4,0,3,2,2,4,0,7,10,5,1,9,10,8,3,6,2,1,0,1,1,2,5,4,10,8,4,4,5,5,1,3,0,5,9,2,3,3,3,10,2,0,4,4,6,6,33,0,12,2,5,2,4,0,2,3,2,2,0,2,4,5,3,1,4,0,10,18,8,1,4,3,4,4,75,5,2,0,5,3,7,1,5,0,6,7,3,1,7,2,2,2,4,1,10,9,3,2,4,5,7,3,2,7,4,5,4,2,1,2,4,0,12,1,3,5,5,2,8,5,2,3,0,4,5,0,2,2,12,2,7,4,2,9,2,8,8,8,4,0,5,4,0,4,6,2,1,4,10,4,9,15,4,15,5,3,1,3,2,9,3,9,12,4,2,5,0,6,7,24,10,4,2,2,2,1,3,4,2,10,1,1,1,2,13,7,3,46,7,2,8,8,2,2,1,3,4,3,4,7,5,0,7,10,10,4,7,28,1,1,7,6,5,8,1,3,2,4,3,7,1,0,6,6,4,12,4,4,2,5,5,12,3,10,0,8,1,4,9,6,3,8,7,2,4,6,2,4,10,2,2,3,3,1,1,8,1,14,3,0,7,2,4,15,0,1,4,9,2,4,2,3,0,31,3,9,4,4,2,1,12,0,2,2,4,0,31,4,7,4,11,1,1,2,7,1,7,6,6,1,6,5,28,1,9,2,4,24,10,1,6,12,3,6,5,0,2,4,3,3,4,8,12,9,12,8,1,2,5,2,7,2,0,6,0,8,38,2,4,4,2,3,4,0,11,3,2,5,21,8,0,0,2,5,4,3,7,9,9,3,1,1,3,2,6,7,2,3,3,4,10,6,2,0,8,6,4,7,10,2,7,0,4,4,9,1,3,0,4,11,3,17,9,6,3,34,85,0,5,2,10,6,11,2,1,10,14,12,3,7,2,1,5,1,3,7,2,6,10,3,5,5,1,3,2,8,2,13,17,0,5,0,6,5,0,8,4,7,10,3,8,3,15,7,11,6,0,0,4,10,3,3,8,4,0,4,6,1,44,4,2,2,11,4,5,6,5,16,9,3,9,3,4,0,5,8,5,5,4,2,0,2,4,8,6,6,1,13,1,2,10,8,12,4,5,4,2,26,16,6,1,1,15,1,3,5,0,6,5,8,0,0,2,8,5,2,1,4,17,8,3,1,0,2,2,4,6,4,0,4,5,5,7,4,13,11,1,7,15,10,5,2,4,2,20,3,2,4,3,5,3,4,1,2,6,7,5,1,1,3,2,7,6,11,4,4,2,6,8,4,8,5,8,10,3,1,7,8,20,7,7,36,6,2,5,0,6,9,3,4,11,3,4,5,9,3,9,9,1,6,7,9,5,7,2,4,7,4,1,5,0,3,29,1,1,6,6,2,1,4,9,6,3,3,6,10,1,15,10,21,1,1,14,2,4,3,2,2,4,1,8,9,7,3,3,9,19,35,59,1,1,31,4,0,5,0,7,7,2,1,2,15,7,2,6,12,2,8,5,1,5,3,5,7,12,1,0,3,5,8,4,6,6,6,7,5,4,0,3,1,5,11,2,0,11,6,3,4,5,0,6,2,3,110,2,1,7,12,1,7,3,9,5,8,1,1,14,2,5,7,2,6,10,5,1,1,28,3,3,2,5,11,15,2,13,1,5,7,7,23,8,5,4,1,5,6,9,1,5,0,5,3,9,8,11,20,4,12,10,11,5,3,1,0,47,4,1,10,9,9,4,0,3,0,4,3,2,8,1,3,5,3,41,5,7,6,4,11,4,3,4,6,3,6,6,5,19,1,7,6,5,0,11,6,2,10,3,1,9,1,6,4,4,15,2,8,6,5,10,4,2,2,7,1,19,3,2,4,5,9,3,3,3,8,8,3,6,2,1,24,4,15,2,2,9,0,6,9,2,9,4,3,3,4,3,5,2,5,0,3,3,2,4,5,2,1,12,0,8,0,6,2,3,3,4,0,4,1,5,4,11,6,6,5,3,0,1,7,4,4,4,1,22,11,2,3,15,6,1,2,3
NPC2,1,0,0,0,1,6,4,0,0,0,1,0,8,1,0,3,0,0,7,1,0,1,6,2,0,1,0,0,0,1,1,1,1,9,0,0,0,1,0,1,0,0,3,1,0,1,0,8,2,0,0,0,2,0,0,1,0,0,0,0,4,0,0,4,0,0,0,0,0,2,0,2,0,0,6,0,0,5,3,8,1,1,1,7,1,0,1,1,0,1,11,1,0,5,1,1,0,0,4,1,1,0,1,0,0,6,0,0,6,0,0,0,0,4,1,1,0,0,8,0,0,2,1,0,0,0,0,0,3,0,0,1,0,2,0,0,0,0,2,0,0,1,0,1,4,0,9,5,0,0,5,0,0,0,1,1,0,1,0,2,0,0,10,3,1,0,3,1,8,7,1,2,2,0,3,0,0,2,9,1,0,0,0,0,4,1,2,1,4,9,9,2,0,0,0,0,0,0,0,1,0,1,3,1,2,0,0,0,0,0,1,0,1,0,0,0,0,0,9,1,0,0,10,1,0,1,1,2,1,0,0,1,11,12,3,1,0,2,0,0,4,0,1,2,0,0,0,8,4,1,0,3,1,0,0,0,1,0,0,1,0,0,0,1,0,0,0,0,1,0,0,4,1,2,0,0,1,8,5,0,1,0,0,1,1,1,0,0,2,0,0,0,3,1,0,1,0,0,6,1,0,0,1,1,4,0,2,2,5,2,0,0,0,1,0,2,0,1,3,0,0,1,14,1,0,0,2,2,2,0,0,8,0,0,7,0,0,5,0,5,5,0,7,0,1,0,0,3,1,7,8,2,3,0,0,3,0,0,2,2,0,0,1,1,0,1,11,0,0,0,0,2,0,0,0,5,1,1,0,2,3,0,5,0,0,4,0,1,0,1,0,10,1,8,0,0,1,0,0,4,5,0,0,0,2,0,2,0,0,2,0,0,1,0,0,7,0,0,0,0,4,0,2,1,7,1,0,0,0,0,0,0,0,0,1,2,5,0,0,7,1,0,0,0,2,10,0,0,0,0,1,1,0,0,2,1,0,6,7,0,12,0,1,0,6,9,1,0,4,2,3,4,0,0,0,4,3,1,0,0,6,1,0,1,8,0,0,0,1,2,0,1,1,0,0,1,0,1,1,0,4,1,0,0,0,0,0,4,0,0,1,0,0,0,0,0,0,1,1,3,0,1,0,8,7,1,0,1,7,0,5,1,1,0,2,7,0,4,0,0,4,2,0,0,1,0,1,0,2,0,2,4,0,0,2,10,0,10,0,0,1,0,0,0,0,0,1,0,1,0,0,2,0,1,1,4,0,0,1,1,1,0,0,3,1,0,1,0,1,1,0,0,0,7,0,0,0,0,0,0,1,4,2,1,1,3,3,0,0,0,1,0,0,0,0,0,0,0,1,5,2,0,0,1,2,0,0,4,1,0,1,0,1,0,2,0,0,0,1,2,1,0,0,1,0,2,20,1,0,2,1,0,0,4,0,6,2,0,1,6,3,0,0,1,1,0,2,0,0,1,0,0,2,1,1,1,0,6,0,0,0,4,0,2,1,1,0,1,4,1,0,0,0,0,1,0,1,0,2,2,0,0,7,0,0,7,0,1,0,10,0,0,0,0,1,0,0,0,0,2,1,1,0,1,0,0,1,0,0,0,0,0,2,0,15,1,0,0,0,1,1,0,1,5,1,0,0,0,1,0,0,0,0,0,1,0,1,0,0,1,0,0,1,0,4,1,0,0,1,0,1,0,0,1,3,1,3,0,2,1,2,1,0,0,3,5,1,0,0,0,0,0,1,1,1,1,0,0,2,0,0,0,2,1,1,0,1,0,1,0,0,4,0,4,0,1,10,0,0,0,0,2,4,0,0,1,0,1,1,2,0,1,0,4,0,0,0,0,0,1,3,6,0,0,0,0,0,0,0,0,0,2,0,1,0,0,7,7,0,1,0,0,0,2,0,0,0,3,0,0,0,3,9,0,0,0,1,1,0,9,1,0,2,4,6,0,2,0,0,0,3,0,0,4,3,3,3,0,0,0,0,0,0,0,0,0,2,0,0,3,2,1,0,0,2,0,0,0,1,0,0,0,3,0,14,2,1,1,2,3,1,1,0,0,0,0,0,11,0,1,2,0,0,0,0,1,0,2,0,0,1,1,2,1,0,0,0,0,0,5,0,1,0,1,1,1,0,0,0,5,0,6,2,0,1,0,0,0,3,0,0,0,0,4,1,0,0,0,0,1,1,0,0,0,0,0,0,0,0,0,0,3,1,0,0,2,0,0,0,0,1,0,5,0,0,0,0,1,8,1,0,0,0,1,0,0,0,2,1,1,1,5,0,0,0,7,0,1,3,1,1,2,0,0,1,1,0,0,0,1,0,0,0,0,1,0,2,1,0,1,0,0,3,15,3,0,3,0,0,4,7,1,1,7,0,21,0,1,5,6,16,0,0,0,0,0,2,0,1,0,4,1,0,4,0,3,0,0,2,2,0,0,9,2,5,0,0,0,1,0,1,1,1,1,0,0,2,1,1,1,2,1,4,0,0,2,0,2,3,0,0,1,0,0,2,0,1,2,0,0,0,1,6,0,0,0,0,0,10,0,3,0,5,5,2,0,0,0,0,0,1,0,0,0,1,0,0,0,0,1,7,0,0,2,7,0,3,0,1,9,0,0,4,1,0,0,0,0,1,0,2,0,0,0,1,0,5,1,1,0,0,0,0,1,0,0,0,4,0,3,0,1,0,8,0,0,5,0,0,0,0,4,0,1,1,7,3,3,0,1,5,10,0,0,0,15,7,0,0,0,1,0,1,0,0,1,0,3,1,0,10,0,2,3,0,1,4,2,1,0,1,2,6,2,1,1,0,0,2,0,1,2,0,0,0,0,7,1,6,2,10,0,1,1,0,1,1,2,0,8,0,0,0,0,1,1,0,0,3,0,6,0,0,1,0,1,1,0,1,2,0,0,1,2,1,0,0,1,0,0,0,1,0,3,1,0,0,2,1,5,0,0,1,0,1,0,0,0,1,0,4,1,1,0,1,0,0,1,2,1,0,0,2,0,2,0,2,0,4,0,0,6,0,4,0,13,0,1,0,0,4,1,0,0,4,3,5,0,0,4,0,2,0,0,0,0,0,0,0,11,10,0,0,0,0,4,1,1,1,4,1,1,0,0,1,1,0,0,0,5,0,0,0,0,2,0,1,2,1,0,0,1,8,4,0,0,0,0,0,0,0,1,1,1,0,0,0,0,1,1,0,0,0,1,3,0,0,0,1,0,0,0,1,0,0,6,0,0,0,0,0,0,1,1,1,0,11,2,0,1,4,1,0,8,2,0,1,0,0,9,0,0,0,0,0,4,1,3,5,1,0,1,0,5,0,0,0,0,8,0,0,6,1,0,3,0,0,2,0,5,0,1,1,0,2,2,1,1,0,1,0,0,1,0,1,1,1,1,0,0,0,0,1,0,0,0
CMC1,0,1,0,3,2,0,1,0,0,0,0,0,0,0,0,0,0,6,1,1,0,0,1,0,0,0,0,1,1,0,0,0,0,0,3,5,1,0,0,0,1,0,0,0,0,0,0,0,0,1,0,0,0,10,0,0,0,0,0,0,0,0,0,0,0,0,0,0,0,0,0,0,1,0,0,0,4,1,0,0,0,0,0,0,1,0,0,0,2,0,0,1,0,0,0,1,0,0,0,1,0,0,1,0,1,0,0,0,0,0,0,0,0,0,0,0,1,0,0,0,0,0,0,0,1,0,7,0,0,0,0,0,2,0,0,0,0,0,0,0,0,0,0,0,2,5,0,0,0,3,0,1,5,0,0,1,1,0,0,0,0,1,0,0,1,0,0,1,0,0,0,6,0,0,0,0,1,0,0,0,0,0,0,0,0,1,0,0,0,1,0,0,0,0,0,0,0,6,0,0,0,2,0,0,0,3,0,5,0,0,0,2,0,0,4,2,0,0,0,0,0,0,0,0,0,1,0,0,0,0,0,0,1,0,0,0,0,0,0,0,0,0,0,0,0,0,0,0,0,0,0,0,0,3,0,0,0,0,0,0,0,0,2,0,0,1,0,0,0,0,0,1,0,1,0,0,1,0,0,0,1,1,0,0,0,0,0,0,0,1,0,0,0,0,3,0,0,0,0,2,0,0,4,0,0,0,0,0,0,0,0,0,0,0,1,0,0,0,0,0,1,3,0,0,5,0,0,0,0,0,0,0,0,0,0,0,0,0,0,0,2,0,0,0,0,1,0,0,1,0,0,0,0,0,0,0,0,0,1,0,0,0,0,0,0,0,0,0,0,0,0,0,8,0,0,3,0,2,0,0,0,0,0,1,1,0,0,1,0,0,0,1,0,1,0,0,0,1,1,0,0,0,3,0,0,0,2,0,4,0,0,1,0,0,0,0,0,0,1,0,0,0,0,1,0,0,1,0,6,0,0,0,0,0,1,0,0,2,0,2,1,0,0,1,0,1,4,0,0,0,0,0,0,0,0,0,7,0,0,0,1,1,0,0,0,0,0,0,0,0,0,0,6,0,0,0,0,3,0,0,0,0,1,1,0,0,1,0,0,0,0,1,0,0,0,0,0,1,0,4,0,0,0,0,0,0,0,0,3,0,0,0,0,0,0,0,8,0,0,0,0,0,0,0,0,0,0,0,0,0,0,0,12,0,1,0,6,1,1,1,0,0,0,2,0,0,0,0,1,0,0,0,0,0,0,0,0,0,0,4,0,0,0,3,0,0,0,0,0,0,0,1,0,0,0,0,0,0,0,5,0,2,1,0,4,1,0,0,0,0,0,0,3,1,0,0,0,0,0,1,0,1,0,9,0,0,0,2,0,0,0,0,2,0,2,0,0,0,0,0,0,0,1,0,0,5,0,0,0,0,0,0,6,2,0,0,0,0,2,0,0,0,3,0,2,0,0,0,0,0,3,0,0,0,0,0,0,0,0,0,0,0,0,0,0,2,1,0,1,0,0,0,0,6,1,2,0,1,0,0,0,0,1,0,0,0,0,0,0,0,0,0,0,1,0,0,1,0,1,0,1,0,1,1,0,0,0,0,0,0,3,1,0,0,0,0,1,1,0,0,1,0,0,9,0,0,0,0,0,6,0,0,0,0,1,0,0,0,6,0,0,0,0,0,1,0,0,0,0,0,4,0,0,0,0,0,0,0,2,0,0,0,0,0,0,0,0,0,0,0,0,0,1,0,0,0,0,0,0,0,0,0,0,1,0,0,3,0,1,0,0,0,0,0,0,0,0,0,0,0,0,1,0,0,0,0,0,0,0,0,0,0,0,0,0,0,0,0,1,5,2,0,0,0,0,0,1,1,1,0,1,0,0,0,0,0,0,0,0,0,0,0,0,0,0,0,11,0,2,0,0,0,0,0,4,0,0,0,0,0,1,0,0,0,0,1,0,0,0,0,0,0,0,0,0,0,1,0,1,0,0,0,0,0,0,0,0,0,0,0,0,0,2,0,0,5,0,0,0,0,0,0,0,0,0,0,0,0,0,0,0,2,0,0,0,0,0,0,0,0,0,0,0,2,0,0,0,0,0,0,0,0,0,0,0,11,0,0,0,2,0,0,1,0,0,0,2,0,1,0,0,0,0,1,1,0,0,0,0,0,3,0,1,0,0,1,0,0,0,0,0,1,0,9,0,0,0,0,1,0,0,6,0,0,0,0,0,0,0,0,0,0,0,3,2,0,0,1,0,0,0,0,0,0,0,1,0,0,0,0,0,0,0,0,1,0,0,0,0,0,0,1,0,0,3,1,0,0,0,0,1,1,0,0,1,0,0,1,0,0,0,0,2,2,0,0,0,1,0,1,0,0,0,2,0,0,1,3,0,0,0,0,0,0,0,1,1,0,0,0,0,0,3,1,0,0,0,0,0,0,0,0,0,0,0,7,0,0,0,0,0,0,4,0,0,1,0,1,0,0,0,0,0,0,0,0,0,0,0,0,0,0,0,1,0,0,0,0,0,8,0,0,0,0,0,0,4,0,0,0,0,0,1,5,5,0,0,0,0,0,1,0,0,4,0,0,0,0,1,0,0,0,0,0,0,2,0,0,0,1,0,1,1,0,0,0,0,0,0,3,1,0,0,0,0,4,0,0,0,0,0,0,0,0,0,0,0,0,0,0,0,0,0,0,0,0,0,6,0,0,0,0,0,0,0,0,0,0,1,0,0,0,0,0,0,0,0,0,0,2,0,0,0,0,0,1,0,0,0,0,0,0,0,0,0,0,0,0,0,0,0,0,0,0,0,0,0,0,0,3,0,1,0,0,0,0,0,5,1,0,0,0,0,0,3,0,0,2,0,0,0,0,0,0,0,0,0,2,0,0,0,0,1,0,1,0,1,0,0,0,0,0,0,0,0,0,2,0,0,0,0,0,0,0,0,0,0,0,0,0,0,0,0,0,0,0,0,0,1,0,0,0,0,0,0,0,3,0,0,0,0,0,0,0,0,0,0,2,2,0,0,0,0,0,0,0,0,0,0,0,0,0,0,0,0,1,1,0,0,0,0,1,1,0,0,0,0,1,0,2,0,0,0,0,0,0,0,0,1,0,5,0,0,0,0,0,0,0,0,0,1,0,0,0,0,0,1,0,0,2,0,0,0,0,2,0,1,0,0,0,0,2,0,0,0,0,0,2,0,1,0,2,0,0,0,0,0,0,2,0,0,0,0,0,0,1,0,1,0,0,1,0,0,0,1,0,2,0,3,0,0,0,0,0,2,0,0,0,0,0,0,0,0,0,0,2,0,0,0,0,0,0,0,0,1,0,0,1,0,0,0,0,0,1,0,0,0,0,0,0,1,0,0,0,0,0,0,0,0,0,0,0,0,0,0,1,0,0,7,0,0,0,0,0,0,6,0,1,0,0,0,0,0,0,0,0,0,1,0,0,0,0,0,0,0,0
CD52,6,0,10,2,4,8,9,10,14,3,21,10,7,14,12,34,11,7,8,3,6,12,13,9,0,15,5,10,4,22,4,4,22,8,2,9,9,7,1,6,7,14,29,10,1,5,12,5,8,3,0,7,7,3,7,5,0,6,8,3,17,8,9,1,8,13,6,0,3,4,3,8,4,9,2,11,4,11,3,8,5,14,4,8,8,7,9,9,12,2,5,8,19,15,18,8,1,12,1,94,10,9,5,5,7,3,4,1,14,13,7,2,3,3,6,17,3,14,4,5,2,6,6,5,7,5,12,7,6,9,3,8,7,11,2,2,13,6,7,8,9,14,11,9,10,2,12,5,13,1,17,1,8,9,9,11,6,5,4,5,5,3,20,7,5,23,13,12,12,33,2,1,11,3,2,5,4,8,12,8,1,5,17,14,8,11,2,10,8,31,25,4,12,8,8,17,7,0,0,22,4,10,5,14,6,6,7,16,13,2,5,8,0,4,1,5,7,8,1,7,2,23,0,6,13,0,6,5,4,10,9,7,22,18,11,7,8,7,7,10,5,1,16,2,7,10,4,11,7,8,7,7,6,6,16,12,4,10,14,3,7,2,5,18,9,9,5,3,18,7,1,5,5,7,3,12,18,14,17,11,3,10,4,14,12,6,3,8,6,3,10,2,12,10,3,4,4,7,7,15,9,5,5,4,5,4,9,5,13,4,7,4,3,19,5,14,6,20,17,19,6,2,16,2,5,4,10,28,16,7,3,8,10,5,9,3,4,17,11,14,17,17,6,12,6,17,12,8,4,9,9,6,28,6,5,4,9,12,7,4,6,10,14,2,0,8,10,5,9,10,5,5,3,4,3,25,7,16,13,11,9,5,8,7,10,6,12,12,4,4,8,51,19,20,1,2,37,5,0,26,10,5,9,11,15,9,12,10,11,14,16,11,3,4,7,10,4,16,7,3,10,9,64,5,15,6,11,9,3,8,10,6,15,5,11,6,6,9,5,16,8,10,4,10,13,18,1,8,8,3,11,9,3,2,11,20,12,23,16,10,1,14,4,7,10,14,7,2,4,2,7,22,14,10,3,10,3,5,5,7,22,10,2,20,10,3,7,10,13,2,16,1,7,13,8,6,11,8,9,0,8,6,5,4,1,4,18,7,6,2,1,5,17,2,3,17,8,11,2,2,6,8,14,0,4,3,3,20,9,15,7,22,8,3,21,9,11,3,4,10,7,10,1,0,8,8,0,1,2,12,11,20,4,2,9,24,12,24,6,9,15,10,9,9,2,8,14,17,12,8,8,0,20,4,7,4,4,11,5,8,12,12,4,7,11,12,12,3,7,1,5,8,0,23,5,6,7,8,9,10,7,12,4,11,16,16,6,8,6,5,3,9,3,3,30,13,6,28,6,9,15,14,9,3,4,9,11,6,5,10,14,8,3,2,1,5,5,5,4,24,5,5,16,0,4,14,5,6,9,2,3,5,0,2,14,13,7,5,18,5,9,13,12,0,14,9,2,5,11,22,1,5,9,3,20,14,3,13,6,10,0,7,17,10,7,5,5,5,8,5,4,0,12,6,3,2,8,3,13,6,4,19,1,16,8,10,3,5,11,14,18,4,3,3,8,2,11,15,2,5,5,5,4,10,8,12,7,2,2,10,10,11,16,5,4,7,4,10,7,12,16,6,8,6,5,2,5,4,5,2,3,9,12,11,14,3,5,15,8,7,12,11,7,7,11,9,2,2,7,6,6,16,6,3,7,5,2,8,7,20,6,4,5,13,4,23,18,8,8,11,10,3,9,9,16,10,3,8,6,7,6,6,6,16,7,8,7,7,13,4,3,2,5,9,2,13,17,4,3,2,0,10,14,17,14,18,6,9,4,4,21,9,9,2,13,6,5,4,10,16,1,18,17,8,7,23,2,18,2,9,6,9,1,10,9,5,7,19,5,20,8,7,7,6,18,5,3,2,11,2,7,9,28,13,4,16,2,7,10,2,11,7,10,8,11,3,15,2,7,13,5,4,2,9,3,18,8,1,1,3,23,9,3,1,6,3,14,18,4,9,2,3,7,5,5,10,4,4,7,12,0,4,6,6,3,9,4,7,4,28,0,9,5,4,4,2,10,20,6,10,12,9,26,3,9,2,11,5,10,11,4,3,10,3,6,8,7,15,6,9,17,4,3,0,9,6,9,6,15,7,4,25,8,3,13,11,7,10,16,8,13,3,8,15,8,12,7,8,10,1,21,11,1,11,9,14,2,5,10,5,4,5,15,4,11,7,5,5,6,5,20,10,10,9,7,1,14,12,7,11,14,13,5,11,16,3,29,9,9,8,1,1,9,9,1,4,6,17,9,5,4,7,11,3,10,7,4,2,5,3,11,9,10,10,8,11,1,6,6,18,2,7,36,44,7,24,16,5,2,10,10,16,2,16,4,5,5,3,10,13,5,3,8,7,0,3,5,9,8,11,4,14,14,13,7,1,4,8,2,9,15,7,9,9,5,7,5,7,7,6,11,6,23,18,13,5,7,12,6,18,5,9,11,5,9,9,0,10,2,13,5,2,34,1,16,5,4,21,1,13,5,8,5,4,12,5,5,2,3,8,5,7,4,18,16,9,6,11,12,7,16,10,4,10,4,4,15,12,3,0,13,6,13,21,2,4,8,4,13,13,12,2,15,4,6,9,16,5,9,3,9,9,0,4,12,8,7,6,33,9,4,7,2,6,3,12,8,13,12,5,8,5,1,24,12,2,18,12,11,4,7,16,5,5,7,13,22,8,7,8,5,24,1,5,4,1,10,4,9,6,7,9,5,7,6,6,14,10,15,6,24,10,7,13,5,10,14,5,6,5,12,4,6,2,5,7,3,2,6,9,6,11,8,5,1,5,10,10,5,9,24,5,1,46,1,3,37,5,8,8,16,8,9,3,1,15,0,12,9,5,24,14,9,2,13,10,2,8,7,6,17,3,8,2,18,10,4,2,4,16,6,11,3,7,17,4,16,9,8,21,2,5,4,7,2,8,12,16,37,7,9,12,12,3,6,15,12,3,2,7,12,13,8,4,15,2,27,0,1,6,5,18,11,9,6,8,3,13,3,6,7,6,3,2,18,5,13,5,8,13,3,9,4,5,4,9,12,3,10,5,51,7,15,5,14,9,3,6,5,10,10,5,0,3,10,4,1,5,10,4,9,5,1,2,5,6,3,27,7,3,6,4,27,8,7,6,7,12,7,5,9,18,10,5,8,7,3,12,13,2,13,8,4,3,5,9,2,8,18,6,1,3,18,6,8,10,6,11,1,25,4,3,23,6,3,4,25,6,8,8,5,1,4,10,17,5,9,14,12,4,2,2,8,6,6,5,6,1,14,3,4,13,11,4,5,4,1,13,8,6,8,24,2,7,3,14,8,10,5,2,15,5,10,6,5,10,12,11,6,6,7,2,1,2,11,4,3,17,7,12,6,11,17,2,7,13
CXCR4,3,0,0,0,2,0,0,3,0,0,1,3,0,1,0,0,0,0,0,2,2,1,1,0,2,0,3,1,4,1,2,1,1,1,0,0,2,4,1,1,1,2,2,1,1,10,4,0,0,1,2,2,1,0,0,0,0,4,1,10,7,1,4,0,2,2,3,0,1,3,0,1,0,0,1,0,4,1,0,0,0,0,2,0,2,5,2,1,0,2,1,1,0,0,0,0,2,2,0,0,3,3,0,3,2,1,1,0,2,0,4,4,1,1,0,2,6,8,0,1,0,0,0,1,0,1,0,5,0,0,0,1,1,3,3,1,7,2,1,0,0,0,4,2,2,4,1,0,4,2,0,3,2,5,0,4,0,1,0,0,2,1,2,0,7,0,0,5,2,1,1,0,1,2,1,0,0,0,0,2,0,1,1,3,0,5,1,2,0,1,2,2,0,0,1,3,0,3,0,1,0,2,0,3,3,1,0,6,6,2,0,1,4,0,1,1,0,2,2,1,0,2,0,1,4,1,3,1,0,4,0,3,0,0,0,0,0,5,1,1,0,1,2,0,0,2,1,0,0,0,0,0,1,1,3,4,1,0,2,0,2,0,4,0,1,6,4,3,2,1,0,1,0,1,0,2,6,2,0,4,1,0,2,0,3,3,0,3,3,0,1,0,1,2,0,2,0,1,2,0,0,2,1,1,1,1,5,0,0,3,1,0,1,6,2,4,1,0,5,0,0,0,2,0,0,1,1,0,3,2,5,0,1,12,0,1,2,3,0,0,0,1,0,2,1,2,3,0,2,1,0,6,1,3,0,0,7,3,2,0,0,6,3,3,0,4,1,1,3,2,0,0,0,1,2,4,2,1,0,2,0,4,3,3,1,1,4,6,0,0,5,0,2,0,0,1,0,1,0,0,0,0,1,1,0,1,0,1,2,0,7,7,0,2,2,4,1,3,4,2,2,1,0,7,1,0,1,3,1,1,0,2,0,2,1,10,0,1,6,0,2,7,2,1,4,0,1,2,5,0,3,2,0,3,2,0,0,6,0,2,0,2,3,8,2,4,0,3,0,0,0,1,0,1,2,1,0,0,4,0,0,1,2,6,5,4,0,3,1,0,1,0,0,5,5,0,2,2,6,0,0,0,0,0,3,0,2,8,1,1,0,0,2,1,0,4,1,1,2,0,1,3,8,0,1,0,0,7,1,1,1,7,3,1,1,1,0,1,5,0,0,1,7,0,1,2,0,0,2,3,1,2,2,1,0,5,8,0,1,0,0,1,3,1,0,1,1,1,3,1,4,5,1,3,0,2,1,4,0,0,5,1,5,0,0,0,4,2,4,0,2,10,0,0,0,0,1,1,7,3,2,0,0,1,3,4,0,0,2,4,1,3,2,1,2,1,1,2,2,0,1,7,6,0,3,0,4,1,2,4,3,1,1,1,0,1,2,1,0,1,4,1,1,1,0,4,1,1,1,0,0,4,0,0,2,2,0,1,2,0,1,8,1,1,4,1,0,0,0,1,1,4,1,1,1,7,0,1,5,1,0,8,0,0,0,1,4,0,0,7,0,1,5,1,3,6,2,3,6,1,0,0,3,2,6,0,7,4,1,2,0,4,7,0,1,5,1,4,2,0,0,1,3,3,1,5,5,1,0,1,0,0,2,2,0,0,1,0,2,10,2,4,0,1,3,0,2,2,2,0,6,0,1,1,0,0,0,2,0,1,1,0,5,4,0,0,0,0,4,5,2,1,4,0,0,2,1,3,0,0,2,2,2,2,3,0,1,0,2,4,0,1,2,1,0,3,0,1,0,3,2,1,1,1,1,1,1,2,4,3,1,1,6,0,1,0,2,0,0,4,1,4,5,0,3,1,4,1,2,0,1,0,5,0,1,1,2,1,1,2,0,1,0,0,0,0,2,3,0,4,1,0,0,3,1,0,0,1,4,4,1,0,1,0,1,1,2,1,2,0,1,0,0,0,0,0,0,1,6,2,0,4,0,0,0,4,5,1,3,6,0,3,1,1,0,0,2,0,1,0,5,2,2,0,1,2,5,3,2,1,1,0,1,0,0,3,2,1,2,5,0,2,0,1,1,0,2,1,1,2,0,2,2,0,0,2,2,6,1,1,2,2,0,0,7,1,3,0,2,4,0,3,0,4,2,0,1,2,4,0,2,0,0,1,0,1,0,1,0,0,3,0,1,3,2,0,3,3,0,1,0,2,4,1,1,1,4,0,6,1,0,3,1,2,1,0,0,1,0,2,1,3,6,1,1,0,2,2,0,1,0,0,0,2,4,0,1,10,0,3,3,2,2,0,4,1,7,1,2,1,2,1,3,0,0,0,1,1,1,2,2,6,3,1,4,0,3,1,0,0,0,0,4,4,2,1,0,2,1,0,1,3,1,2,0,0,0,2,1,0,1,3,0,1,0,5,1,1,0,1,0,0,0,4,0,4,0,1,6,1,0,2,2,1,4,2,0,0,0,1,3,0,0,1,0,1,3,2,1,0,1,0,1,4,4,8,1,0,1,2,0,0,0,0,5,1,0,0,0,0,1,0,3,5,0,2,2,2,0,0,2,1,1,1,2,4,1,1,0,0,3,0,0,2,3,1,2,6,2,3,3,0,2,0,2,0,0,4,3,0,1,0,1,2,2,1,2,1,4,4,5,1,6,3,2,2,0,0,1,1,1,0,0,0,3,6,1,1,1,2,1,5,0,4,3,0,0,2,0,1,0,1,0,1,0,3,3,0,2,0,0,1,0,0,6,1,0,1,1,3,0,5,1,0,1,1,1,0,2,3,1,2,1,3,2,1,7,0,9,0,0,3,1,0,1,6,0,1,2,2,3,0,3,1,2,4,1,1,0,3,1,0,1,2,1,3,1,2,0,1,5,2,1,0,3,0,2,1,3,0,5,3,7,0,0,0,1,4,0,1,0,2,4,0,7,0,1,0,0,3,2,2,2,5,1,3,1,1,1,0,4,1,0,1,0,0,4,2,1,1,3,1,4,0,0,2,0,6,9,3,0,1,0,2,1,1,2,1,0,0,1,4,2,4,0,1,3,0,0,3,0,0,1,0,0,1,1,1,2,2,2,0,2,5,2,0,2,2,3,1,0,1,0,2,2,1,4,0,4,1,0,5,2,2,1,0,0,0,2,2,2,2,0,2,1,0,3,2,0,0,0,1,3,0,0,0,1,5,4,6,2,1,0,0,3,0,0,5,1,1,0,0,2,1,2,0,2,3,2,0,2,0,0,0,0,1,5,2,1,0,3,3,2,0,1,1,5,3,2,0,0,0,0,0,0,1,0,1,2,1,1,2,1,5,5,2,2,3,5,0,0,3,3,0,3,0,1,0,0,3,1,1,4,0,0,3,0,0,0,2,9,0,0,1,0,2,0,4,0,0,5,4,12,4,1,5,5,5,0,0,1,0,0,1,1,4,0,7,4,5,1,2,2,0,5,1
GZMB,0,1,1,6,0,0,0,1,0,0,0,0,0,0,0,0,0,0,0,0,0,0,0,0,0,0,0,0,0,0,0,0,0,34,6,0,0,0,0,0,0,0,0,0,0,0,0,0,0,0,0,0,0,0,0,0,3,0,0,0,0,0,0,0,0,0,0,0,0,0,0,0,0,0,0,1,1,0,0,0,0,0,0,0,7,0,0,0,0,0,36,0,0,0,0,0,0,0,0,0,0,0,0,0,0,0,0,5,0,0,0,0,0,0,0,0,1,0,0,0,0,0,0,0,0,0,0,0,0,0,0,0,0,0,0,0,0,0,0,0,0,0,0,0,0,1,0,0,0,4,0,1,0,0,0,0,0,0,0,0,0,0,0,0,1,0,0,0,0,1,1,8,0,0,0,0,0,0,0,0,0,0,0,0,0,0,0,1,1,0,0,0,0,0,0,0,0,3,0,0,0,3,0,0,0,0,0,0,0,0,0,0,1,5,1,0,0,0,56,0,0,0,19,0,0,6,0,0,0,0,0,0,0,0,0,0,0,0,0,0,0,0,0,0,0,0,0,0,0,0,0,0,0,0,0,0,0,0,0,0,0,0,0,0,0,0,0,0,0,0,5,0,0,0,0,1,0,0,0,0,0,0,0,0,0,0,0,0,0,0,0,0,0,2,0,0,0,0,0,1,0,0,0,0,0,0,0,0,0,0,0,0,0,0,1,0,0,0,0,0,0,8,0,0,1,0,0,0,1,0,0,0,0,0,0,0,0,0,0,0,0,0,0,0,0,0,0,0,0,0,0,0,0,0,4,0,0,0,0,0,0,1,0,0,7,0,1,0,0,0,0,0,5,0,0,0,0,0,0,0,0,0,0,0,0,0,0,0,1,3,0,0,0,0,0,0,0,0,3,0,0,0,0,0,0,0,0,0,0,0,0,0,0,0,0,0,0,0,0,0,0,0,3,1,0,0,0,2,0,0,0,0,0,0,0,0,0,0,0,0,7,0,0,0,0,0,5,0,0,0,0,0,0,0,0,0,0,0,0,0,17,0,0,0,0,0,0,0,0,0,0,0,2,0,0,0,0,0,0,0,0,1,6,0,0,0,0,1,0,0,0,0,0,0,0,0,0,0,0,15,0,0,0,0,0,0,0,0,0,0,0,4,0,0,0,0,0,0,0,0,0,0,0,0,0,0,0,0,0,0,0,0,0,0,0,0,0,0,0,0,0,1,1,6,0,0,0,0,0,0,0,0,0,0,0,0,0,0,0,1,0,0,0,0,0,0,0,0,0,0,0,9,0,0,0,0,0,0,0,0,0,7,0,0,0,0,1,0,1,0,0,0,1,0,0,0,0,0,0,0,0,0,0,2,0,0,0,0,0,0,0,0,1,0,0,0,0,0,0,0,0,0,0,0,12,0,0,0,0,0,0,0,0,8,0,0,0,0,0,0,0,0,7,0,0,0,31,0,0,0,4,0,0,0,0,0,0,0,0,0,0,0,0,1,0,0,0,0,0,0,0,0,0,0,6,0,0,0,0,0,3,0,0,0,0,0,0,0,0,0,0,0,0,0,0,0,0,0,0,0,0,0,5,2,0,0,0,0,0,0,3,0,0,0,0,0,0,0,0,0,0,0,0,0,0,0,0,0,0,0,0,0,0,0,40,0,0,0,0,0,0,1,0,0,0,1,0,0,0,0,0,0,0,0,0,0,0,0,0,0,0,0,0,0,0,0,0,0,0,0,0,0,0,0,0,0,0,0,0,0,0,0,0,0,0,0,14,0,0,0,1,0,0,0,0,0,0,0,0,0,0,0,0,0,0,0,0,0,0,0,0,0,0,0,0,0,1,0,0,1,7,0,1,0,0,0,0,0,0,0,0,0,0,0,0,0,0,0,0,0,0,0,0,0,0,0,1,1,6,0,0,0,0,0,0,0,0,0,0,0,0,0,0,0,0,0,0,0,0,0,0,0,0,1,0,1,2,0,0,0,0,0,0,0,0,0,0,0,0,0,0,0,8,0,0,4,0,0,0,0,0,0,0,0,0,0,0,0,0,0,0,1,0,0,0,0,0,0,0,0,0,0,0,0,17,0,0,0,0,0,0,0,0,0,1,1,0,0,0,4,0,0,0,0,0,1,4,0,0,0,0,0,0,0,0,0,0,0,0,0,0,0,0,2,0,0,0,0,0,0,0,0,0,0,0,0,0,0,0,0,0,0,0,0,0,0,0,0,0,0,0,0,0,0,0,0,0,0,0,0,0,0,0,0,0,0,0,0,0,0,0,1,0,0,0,0,0,0,0,0,0,0,0,0,0,0,0,0,0,0,0,0,0,0,0,0,0,0,0,0,0,1,4,2,0,0,0,0,0,0,0,0,0,0,0,0,0,0,0,0,0,0,0,1,0,1,0,0,2,0,0,0,8,0,0,40,0,0,0,0,22,0,0,0,1,0,0,0,0,0,0,0,0,0,0,0,0,0,0,0,0,0,0,0,0,0,0,0,0,0,0,0,0,0,1,0,0,0,0,0,0,0,0,0,0,0,15,0,0,0,0,0,0,1,0,0,0,0,0,0,0,0,0,3,0,0,0,0,40,0,0,0,16,0,1,0,0,0,0,0,0,0,0,0,0,0,0,0,0,3,0,1,0,0,0,3,0,0,0,0,0,0,0,0,0,0,0,0,0,0,0,0,0,0,1,0,0,0,0,0,0,0,0,0,0,0,0,0,0,0,0,0,3,0,0,0,1,0,0,0,0,0,0,0,0,0,0,0,0,0,0,0,0,0,0,30,0,0,1,0,0,0,0,0,0,0,0,0,0,1,0,0,0,0,0,0,0,0,0,0,0,0,0,0,12,1,0,8,0,0,0,0,0,0,0,0,0,3,0,0,0,0,0,0,0,0,0,0,0,0,0,0,0,0,0,0,14,0,0,0,0,0,0,0,0,0,0,0,0,0,0,0,0,1,0,0,0,0,4,0,0,0,0,0,1,0,0,0,0,0,0,0,0,0,0,0,0,2,0,0,0,0,0,2,0,0,1,0,0,0,0,0,0,0,0,0,0,7,0,0,0,0,0,0,0,0,0,0,0,0,0,0,0,0,0,0,0,0,0,0,6,1,0,0,0,0,0,0,0,36,0,0,0,0,0,0,0,0,0,0,1,0,1,0,0,0,1,0,0,16,0,0,0,0,0,0,0,0,0,1,0,4,0,1,0,0,0,0,0,0,0,2,0,0,0,1,0,0,0,0,0,0,0,0,0,0,0,0,14,0,0,0,0,0,0,0,0,0,0,0,0,0,0,0,0,0,0,0,0,0,0,0,0,0,0,0,0,0,0,0,0,0,3,0,0,0,0,0,0,0,0,0,0,0,0,0,0,0,0,0,0,0,0,0,0,0,0,0,0,0,0,0,0,0,0,0,1,0,0,0,0,1,0,0,0,0,0,0,0,0,0,0,0,0,0,0
IER2,5,1,0,2,4,4,5,8,4,0,6,6,8,0,7,5,5,4,6,3,0,2,1,2,0,2,1,0,2,1,1,3,1,4,2,0,0,1,4,1,1,2,2,5,4,0,1,4,0,0,1,3,1,2,4,2,4,3,0,8,7,2,1,0,0,2,0,0,1,4,0,2,0,2,1,0,3,4,1,6,1,1,2,4,2,8,6,1,9,4,1,0,6,1,1,10,1,2,0,3,1,0,1,0,0,0,1,6,5,4,1,1,2,2,4,0,3,5,1,1,0,2,4,0,1,3,0,0,5,2,0,3,6,1,5,1,0,3,1,2,6,1,13,0,6,4,3,0,12,6,1,5,3,1,2,4,2,4,1,0,1,0,6,0,1,2,0,1,5,3,4,1,0,3,0,0,0,1,4,2,1,0,7,0,1,0,0,0,0,2,2,3,2,5,0,0,0,3,0,1,1,7,7,2,4,1,0,5,3,2,0,0,0,0,1,1,3,4,0,4,0,8,5,0,12,1,3,1,0,1,2,1,1,3,0,2,2,1,1,3,0,1,1,0,3,0,1,10,6,7,1,3,0,5,0,3,1,3,1,1,0,0,1,1,1,1,4,2,1,1,6,10,3,1,0,4,2,5,1,13,1,2,1,0,2,1,0,0,0,0,4,0,1,3,1,0,2,0,2,0,0,9,1,5,1,1,9,1,3,4,0,0,0,1,0,0,2,1,1,6,2,1,2,0,2,2,8,2,1,3,1,6,2,1,1,2,8,3,3,2,4,2,3,1,1,1,1,0,2,0,5,4,11,1,1,3,1,4,3,2,1,0,0,2,0,4,3,1,0,8,1,1,2,1,0,1,0,3,4,2,0,0,7,1,0,6,3,2,1,0,0,4,23,24,0,4,3,5,2,1,2,4,7,0,2,0,1,0,3,9,7,3,3,0,3,4,1,0,5,0,9,0,7,1,0,4,0,1,0,0,1,2,0,0,2,0,0,4,0,7,2,1,3,0,4,2,4,0,1,0,9,7,2,1,2,1,0,5,3,2,0,1,0,1,6,3,3,0,1,0,3,2,1,2,2,1,4,8,1,1,3,1,4,6,1,1,1,8,1,3,0,1,4,1,0,1,1,2,1,2,4,1,1,0,3,1,0,2,0,0,2,1,1,0,0,0,0,0,1,2,1,5,5,1,7,1,2,0,0,2,1,0,0,2,1,0,1,7,3,1,9,4,0,0,2,11,1,0,5,0,0,4,0,0,6,2,0,6,1,1,3,0,3,7,1,2,7,0,8,4,4,1,0,1,0,10,1,13,3,0,3,0,3,2,3,0,1,0,0,1,0,0,0,1,4,2,0,0,1,0,4,3,0,0,2,2,0,3,0,4,2,3,1,6,19,2,1,0,2,1,0,4,1,0,3,0,4,0,1,0,2,1,1,3,0,2,3,2,0,0,6,0,6,0,0,0,0,0,1,0,2,3,0,0,0,1,1,0,1,8,0,4,0,6,0,4,0,2,2,1,2,3,1,1,8,19,0,1,0,1,0,2,3,3,7,2,2,0,4,1,7,0,2,0,1,0,0,2,0,1,1,6,0,4,2,4,2,6,1,22,4,2,3,0,3,3,0,7,0,1,1,0,0,7,3,2,1,0,2,1,3,5,1,4,2,0,1,1,1,1,0,0,1,6,1,1,2,8,10,0,3,0,0,1,6,0,5,0,3,2,0,3,1,2,0,0,2,0,1,1,1,4,1,0,2,4,0,3,5,1,1,0,4,2,3,2,1,3,2,13,0,6,1,0,5,1,0,0,2,5,5,0,1,1,0,0,1,1,0,6,6,2,0,2,1,2,2,1,0,4,0,0,15,2,0,4,1,1,0,0,2,0,2,1,0,1,0,1,1,0,1,3,0,0,0,0,4,5,2,2,0,0,3,1,1,1,1,3,2,2,1,3,3,1,1,1,2,1,1,0,14,1,4,0,0,2,1,0,1,2,0,0,2,1,1,2,1,1,0,3,0,1,3,2,1,0,0,2,4,0,1,5,3,1,3,1,0,0,3,0,1,3,0,0,3,6,1,0,0,2,2,3,1,2,0,7,0,1,1,0,1,0,0,7,1,4,2,1,3,1,1,2,0,2,0,4,7,1,3,5,1,1,2,0,0,0,14,0,1,2,16,2,1,1,1,2,2,3,5,3,1,8,3,7,1,1,1,3,5,2,0,4,1,2,1,3,0,1,0,2,1,4,0,2,0,2,0,0,1,3,1,1,4,1,1,0,0,0,0,3,1,0,2,0,5,0,0,1,8,0,0,0,1,1,0,0,3,6,1,6,9,3,1,0,0,5,1,5,2,10,4,1,7,6,0,4,2,5,1,1,1,2,0,2,7,0,2,3,1,1,2,3,7,5,2,1,5,5,0,2,1,2,1,0,7,0,2,2,2,5,2,1,2,0,0,8,0,1,1,2,2,5,1,1,0,2,3,0,0,1,3,1,3,6,3,0,1,1,0,1,1,1,2,2,9,1,0,1,0,0,1,2,10,0,3,3,2,3,1,2,1,1,3,4,0,0,0,1,0,5,3,3,1,3,4,0,0,1,2,2,1,0,0,7,1,0,1,2,1,11,2,1,14,0,1,1,0,0,2,0,0,1,0,1,2,3,5,0,0,2,1,2,2,0,0,2,1,1,0,1,0,0,0,1,1,6,1,1,4,5,2,1,0,1,2,1,0,3,0,7,1,0,5,2,7,2,1,0,5,0,2,4,2,1,0,0,2,1,4,3,3,2,0,1,1,1,3,2,0,1,1,4,1,0,5,0,1,4,1,2,6,1,0,4,1,3,3,2,0,0,2,2,6,4,4,0,1,3,1,5,1,2,4,9,2,1,3,7,2,1,2,0,0,1,1,3,2,1,1,6,0,0,5,0,2,6,3,0,1,1,4,1,0,5,0,2,1,8,3,0,1,0,12,0,4,3,0,2,2,1,1,1,1,0,1,0,0,1,3,1,1,5,0,0,0,0,7,0,1,0,3,1,2,1,2,0,4,0,1,5,3,12,1,0,1,0,1,0,1,1,0,1,1,1,3,6,3,5,1,6,0,2,1,3,8,0,1,0,11,1,1,8,0,1,1,0,1,0,4,1,4,2,0,1,1,3,1,2,3,6,4,0,0,3,2,2,5,1,0,0,1,2,3,0,2,5,0,8,2,3,1,2,17,0,1,1,1,1,6,3,0,4,0,0,0,6,0,2,2,3,2,0,1,1,0,2,2,2,1,3,3,2,3,0,8,1,1,1,1,2,3,3,1,1,1,3,2,1,11,1,3,0,0,1,8,0,2,2,2,5,10,1,2,2,2,0,1,1,1,1,1,1,1,5,0,1,0,6,2,3,0,4,0,1,1,1,0,0,4,0,2,6,5,1,1,4,6,0,1,4,1,0,3,0,1,0,1,1,4,2,7,1,2,2,1,1
S100A10,2,3,0,0,2,1,2,1,0,1,7,2,6,1,1,6,3,2,2,2,3,1,4,0,0,7,1,2,0,2,0,1,2,2,0,1,1,0,4,0,2,2,11,4,2,0,2,3,2,0,1,2,9,2,0,2,1,0,2,2,8,0,2,2,0,1,3,0,3,1,1,3,1,4,0,2,2,8,1,3,5,2,2,1,0,0,2,1,2,0,5,3,5,6,2,7,1,0,2,10,2,1,2,0,0,2,3,1,10,2,2,1,1,4,2,2,5,1,1,1,1,2,2,0,1,3,1,0,2,1,0,2,3,0,1,0,0,1,1,1,1,0,0,0,15,0,6,4,4,0,3,1,2,4,2,0,1,0,1,4,1,0,8,3,3,6,1,2,13,24,0,1,4,0,6,0,1,3,3,0,2,0,0,1,3,1,1,1,2,4,6,7,6,1,1,1,1,1,0,2,3,2,4,0,2,3,0,2,1,1,1,1,0,2,0,1,3,2,0,5,1,1,1,2,4,0,0,1,0,0,0,0,1,4,2,3,4,3,0,0,0,0,1,3,0,1,1,5,11,0,1,1,0,1,0,2,0,2,0,3,0,1,0,7,3,1,1,0,2,1,1,20,4,4,1,2,0,12,3,0,0,0,0,4,1,1,1,0,0,1,0,4,5,1,2,2,0,1,5,2,0,0,2,0,0,0,1,2,2,1,0,1,2,7,1,0,0,9,0,5,1,1,6,2,4,0,3,4,0,1,2,3,1,0,3,2,3,1,2,4,8,1,3,1,0,4,1,8,2,2,10,0,8,2,1,2,1,1,10,2,0,0,0,1,1,2,54,1,1,1,0,1,0,0,2,28,0,4,1,3,3,0,5,0,2,0,2,4,0,1,0,18,4,3,0,3,5,1,0,5,2,1,1,1,1,2,4,1,2,1,5,2,2,1,2,16,1,0,0,0,0,2,23,3,7,2,1,5,2,1,0,0,1,3,3,1,2,4,0,14,0,4,17,2,3,17,1,0,0,1,4,2,2,0,3,6,1,1,6,0,1,1,2,1,6,5,1,0,3,0,1,1,2,1,2,1,3,3,0,1,9,2,1,0,6,2,1,1,1,5,0,2,1,1,1,1,2,2,2,3,0,7,0,1,0,0,0,15,1,0,4,1,1,1,1,9,1,2,1,0,1,1,1,2,9,3,2,0,2,3,5,0,2,0,1,2,1,8,2,2,3,3,0,1,1,5,5,0,23,0,4,22,0,0,1,17,0,5,0,3,0,2,1,1,2,1,1,1,3,0,2,2,1,0,0,10,1,0,2,3,0,1,2,0,2,2,0,1,0,3,0,0,0,4,1,1,3,1,1,0,7,8,1,2,2,9,6,2,0,1,1,1,0,1,4,0,0,7,1,2,9,1,1,1,1,1,0,10,1,1,0,1,1,1,4,2,0,4,1,0,0,2,1,1,2,0,0,1,3,1,1,5,0,1,1,2,0,0,0,8,5,0,0,1,2,4,4,1,0,0,0,0,1,1,4,1,1,4,3,1,0,15,3,1,2,1,1,0,0,0,1,1,3,0,0,0,2,2,2,5,6,5,0,3,1,3,1,0,2,29,4,0,0,0,4,0,1,2,1,2,0,0,1,1,0,3,1,0,1,2,2,3,0,2,0,2,2,0,0,0,0,0,2,1,0,0,0,3,0,0,1,0,2,0,1,1,1,0,2,0,0,3,1,3,4,1,3,1,0,1,1,1,0,3,1,6,6,2,4,6,1,2,2,3,3,3,1,0,4,0,0,1,1,2,21,3,0,1,1,2,3,0,0,2,1,3,6,0,0,1,1,1,0,3,0,2,2,2,2,0,0,0,10,3,0,2,0,0,1,1,3,1,0,0,1,0,0,0,3,0,7,6,15,2,1,1,0,3,2,0,0,2,1,1,1,0,2,8,0,1,0,3,1,1,0,1,0,1,3,1,0,1,5,3,1,2,0,1,0,5,1,2,5,11,4,2,1,0,0,1,1,2,1,7,1,9,0,0,4,0,1,0,0,1,1,0,0,0,17,0,10,1,0,0,1,2,1,1,0,0,1,17,3,0,0,1,2,1,1,4,0,0,1,0,1,0,2,0,5,1,0,0,8,2,3,0,9,2,1,0,0,0,5,0,1,1,0,1,6,4,0,2,2,0,4,9,1,0,1,2,3,43,6,1,0,0,1,3,9,1,0,0,0,26,0,0,1,1,1,1,1,0,2,1,1,0,1,1,0,1,1,8,4,3,0,1,1,1,2,1,6,0,2,1,0,0,0,0,6,0,1,0,1,2,1,2,3,2,0,1,44,33,0,2,0,16,1,6,1,0,2,8,9,2,0,1,0,1,0,1,2,4,1,1,2,3,2,1,2,2,2,1,11,8,1,4,9,3,1,0,7,2,1,1,1,0,4,1,2,8,1,1,1,0,1,0,4,3,1,0,0,4,2,12,0,1,0,0,0,2,2,2,5,2,1,2,1,1,0,1,2,3,1,1,0,0,3,3,2,2,2,2,8,2,0,1,3,1,4,0,1,1,6,0,2,3,1,1,0,1,0,2,2,1,2,0,0,2,0,4,8,0,0,8,0,1,1,0,0,3,2,3,1,0,0,1,3,0,0,1,1,2,1,1,1,1,3,1,0,14,2,0,1,2,3,2,3,0,2,1,0,3,0,0,0,6,5,2,0,0,0,0,4,1,0,2,0,4,2,5,0,0,0,9,1,0,7,1,0,2,0,3,1,0,0,1,2,9,2,1,1,17,2,0,1,2,16,0,1,1,6,3,1,1,3,0,2,0,0,3,5,1,3,2,1,0,9,4,1,1,1,0,12,15,0,0,0,1,1,0,1,4,0,0,0,1,16,2,0,1,17,0,16,8,1,2,9,1,0,3,1,1,2,0,4,0,1,0,2,1,7,0,0,3,0,5,0,0,1,0,1,3,1,1,2,3,0,0,0,0,2,4,1,0,0,1,1,1,2,15,2,0,2,0,2,0,1,2,19,0,4,0,1,0,0,0,2,1,7,1,1,4,2,4,1,2,0,1,2,1,1,5,3,10,0,10,1,5,0,7,3,1,2,0,15,1,0,0,0,3,3,4,1,0,1,0,2,0,5,5,18,0,1,0,2,2,1,3,0,15,0,0,1,0,1,3,1,1,0,0,1,0,0,1,7,0,0,9,3,5,3,2,3,2,0,3,2,2,3,3,2,4,0,0,0,2,3,3,1,3,3,2,2,1,0,0,2,0,1,0,0,1,2,2,2,2,1,0,2,6,0,0,2,3,1,1,1,2,5,0,1,0,0,6,17,0,6,2,3,35,0,2,6,1,0,0,1,3,6,2,1,0,1,6,1,0,0,2,7,1,1,7,2,0,1,1,0,0,0,3,0,0,5,2,1,0,1,2,1,2,0,0,2,0,4,2,0,10,3,3,0,0,1,1,0,1
PRF1,0,6,0,8,0,0,0,0,0,0,0,0,0,0,0,0,0,0,0,0,0,0,0,0,0,1,0,0,2,0,0,0,0,0,8,1,0,0,0,0,0,0,0,0,0,0,0,0,0,0,0,0,0,5,1,0,1,1,1,2,0,0,0,0,0,0,0,0,0,0,1,0,0,0,0,2,1,0,0,0,0,0,0,0,2,0,0,0,1,0,0,0,0,0,0,0,0,0,0,0,1,0,0,0,0,0,0,4,0,0,2,0,0,0,0,0,2,0,0,0,0,0,0,0,0,0,3,0,0,0,0,0,1,0,0,0,0,0,0,1,0,2,0,0,0,3,0,0,0,6,0,4,0,0,0,0,1,0,0,0,0,0,0,0,6,0,0,0,0,0,0,5,0,0,0,0,0,0,0,0,0,0,0,0,0,0,0,0,0,0,0,0,0,0,0,0,0,4,0,0,0,0,0,0,0,1,0,0,1,0,0,1,6,4,0,2,0,1,0,0,0,0,1,0,0,9,0,0,0,0,0,0,0,0,0,1,0,0,0,0,0,0,0,0,2,0,1,0,0,0,0,0,0,0,0,0,0,0,0,0,0,0,1,0,0,0,0,0,0,1,4,0,0,0,0,3,0,0,0,0,0,0,0,0,1,0,0,0,0,0,0,0,0,0,0,0,0,0,0,2,0,0,0,0,0,0,0,0,0,0,0,0,0,0,1,0,0,0,0,0,1,9,0,0,4,0,0,0,0,0,0,0,0,0,0,0,0,0,0,0,0,0,0,0,0,0,0,0,1,0,0,0,0,0,3,0,0,0,0,0,1,0,0,0,7,0,0,0,0,0,3,0,7,0,0,0,0,0,0,0,0,0,0,0,0,0,0,0,0,3,0,0,1,0,0,0,0,0,3,0,0,0,3,0,0,0,3,0,2,0,1,0,0,0,0,0,0,0,0,0,0,0,9,6,0,0,0,1,0,0,0,0,1,1,2,0,0,2,0,0,2,1,0,0,0,0,5,0,0,1,2,1,0,0,0,0,3,0,0,0,0,0,0,0,1,0,0,0,0,0,0,0,2,0,0,0,0,1,0,0,0,0,3,0,0,0,1,0,0,0,0,0,0,0,0,0,0,0,0,10,0,0,0,0,0,0,0,0,1,0,0,3,0,0,0,0,1,0,0,0,1,0,0,0,0,0,0,0,0,0,0,0,0,0,0,0,0,0,0,0,0,0,0,4,0,0,0,0,0,0,0,0,0,0,0,0,0,0,1,1,0,1,0,3,0,0,1,0,0,0,0,11,0,0,0,0,1,0,0,1,0,0,0,0,0,0,0,0,0,0,0,0,3,0,0,0,0,0,0,0,0,0,0,0,0,0,0,1,0,0,1,0,13,0,0,0,1,1,0,0,1,0,0,0,13,1,0,0,1,0,0,0,0,5,0,0,0,0,0,0,0,0,9,0,1,0,0,0,0,0,4,1,0,0,0,0,0,0,0,0,0,1,0,4,0,2,0,0,0,0,1,0,0,0,9,0,0,0,1,0,3,0,0,0,0,0,0,0,0,0,0,0,0,0,0,0,0,0,1,0,0,0,0,0,0,0,0,0,1,0,3,2,0,0,0,0,0,1,0,0,0,0,1,0,0,0,0,0,0,5,0,0,0,0,0,0,0,1,0,0,0,0,2,1,0,2,0,0,1,0,1,0,0,0,0,0,0,0,1,0,0,0,0,0,0,0,4,0,0,0,0,0,0,0,0,0,0,0,0,0,0,0,0,0,0,0,2,0,0,0,0,0,0,0,0,0,4,0,1,0,0,0,0,0,2,1,0,0,0,1,0,0,0,0,0,0,0,1,3,3,12,0,0,0,0,0,0,0,0,0,0,0,0,0,0,1,0,0,0,0,0,0,0,0,0,0,0,0,6,0,0,0,0,0,1,0,0,0,0,0,0,0,0,0,0,0,0,0,1,0,0,0,0,2,0,1,0,0,0,0,0,0,0,0,0,0,0,0,0,1,0,0,5,0,0,3,0,0,0,0,0,0,0,0,0,0,0,0,0,0,0,2,0,0,0,0,0,0,0,0,0,0,0,1,0,0,0,1,0,0,0,0,1,0,0,0,0,0,0,4,0,1,0,0,0,0,4,0,0,1,0,0,0,0,2,0,0,0,0,0,1,0,0,2,0,0,0,0,0,0,0,0,0,0,0,0,0,1,0,0,0,0,0,0,1,0,1,0,0,0,0,0,0,1,1,0,0,0,0,1,0,0,0,0,0,1,1,0,0,0,0,1,0,0,0,0,0,0,0,0,0,0,0,0,2,1,1,0,0,0,0,0,0,0,0,0,0,2,0,1,0,2,4,8,0,0,0,0,0,1,0,0,0,0,0,0,0,0,1,0,0,0,0,0,0,3,0,0,1,0,0,0,9,0,0,0,0,1,0,0,0,0,0,0,6,1,0,1,0,0,0,0,1,0,0,0,0,0,0,0,0,1,0,0,0,1,0,0,0,1,1,0,0,1,0,0,0,0,0,1,0,0,0,0,0,0,10,0,0,0,0,0,1,4,0,1,0,0,0,0,1,0,0,6,0,0,0,0,0,0,0,0,0,0,0,1,0,0,1,0,0,1,0,0,0,0,0,0,0,8,0,0,0,0,0,6,0,0,0,0,0,0,0,0,0,0,0,0,0,0,0,0,0,0,0,0,0,2,0,0,0,0,0,0,0,0,0,0,0,0,0,0,5,0,0,0,0,0,0,1,0,0,1,0,0,0,0,0,0,0,0,0,0,0,1,0,0,0,0,0,0,0,0,0,0,0,0,0,0,1,0,0,0,0,0,0,0,0,0,0,1,0,0,0,7,0,0,5,0,0,0,0,1,0,0,0,0,0,0,0,0,0,0,0,0,0,2,0,0,0,0,0,0,0,0,0,10,0,0,0,0,0,0,0,0,0,0,0,0,0,0,0,0,1,0,1,0,0,6,0,1,0,0,0,0,0,2,0,0,0,0,1,0,0,0,0,0,2,9,0,0,0,0,0,0,0,3,0,0,0,0,0,1,0,0,0,0,7,0,0,0,0,1,0,0,0,0,4,0,0,0,0,0,0,0,0,0,0,0,0,8,0,0,0,0,0,0,0,0,0,0,1,0,0,0,1,1,0,0,0,0,0,6,0,3,0,4,0,0,0,0,0,0,0,0,1,0,0,0,2,0,7,0,0,0,0,1,0,1,0,0,4,0,0,0,0,0,2,0,0,0,0,1,0,0,0,1,0,2,0,0,0,0,0,0,0,0,0,0,1,0,0,0,0,0,0,0,0,0,1,0,0,0,0,0,0,0,0,0,0,0,0,9,1,1,0,0,0,0,4,0,0,1,0,0,0,0,0,0,0,0,0,0,0,0,0,0,0,2,0,0,0,1,1,0,0,0,0,1,0,0,0,0,0,0,0,0,0,0,0,0,1,0,0,0,0
KLF6,1,0,0,0,1,3,7,1,1,0,3,8,0,4,0,4,0,0,6,1,0,1,5,1,0,10,0,3,4,0,0,1,0,11,0,4,3,0,5,0,0,2,1,2,2,0,2,0,2,0,1,0,4,0,3,0,5,0,1,3,3,3,4,0,0,6,0,0,2,3,0,4,3,0,3,0,4,4,2,8,0,0,1,3,1,2,0,2,3,2,3,3,0,4,1,5,0,0,1,2,1,1,1,2,1,2,2,4,2,2,1,0,0,1,2,4,1,5,2,1,0,0,1,0,2,1,0,2,0,0,1,1,1,4,1,1,3,2,7,1,10,2,0,1,4,3,5,2,11,0,2,0,3,6,0,0,0,0,2,1,0,0,2,5,1,8,0,2,7,4,5,1,10,0,1,0,3,0,8,0,0,0,1,6,4,1,2,0,4,2,8,1,5,3,6,0,0,1,0,0,6,1,8,1,8,3,0,0,2,0,0,0,3,1,1,1,3,1,3,4,0,5,0,1,11,3,1,6,0,0,3,3,2,2,0,5,1,1,4,2,1,1,4,3,6,6,0,1,5,2,1,0,2,3,0,12,1,4,0,6,2,6,6,1,4,0,3,0,2,2,4,5,5,2,0,3,3,12,2,0,0,3,1,3,2,0,0,1,0,0,2,2,4,0,0,1,1,0,1,0,1,6,1,0,0,2,2,0,7,3,0,5,5,4,3,1,1,4,1,0,0,3,1,1,1,0,3,4,1,0,0,8,1,1,1,0,7,5,1,3,4,6,5,1,1,6,0,2,3,2,2,0,8,0,1,4,0,6,11,1,2,1,2,1,0,1,4,0,1,8,0,3,3,0,2,7,0,2,4,9,1,0,5,0,3,3,12,0,1,4,4,8,4,3,0,2,3,0,0,6,2,4,1,0,4,3,2,3,1,5,6,2,3,1,0,6,1,0,1,0,5,3,0,1,1,2,0,3,2,1,0,0,2,1,0,2,5,2,3,9,1,0,8,3,2,4,5,0,1,0,2,8,2,0,9,6,0,4,6,0,3,1,0,2,6,11,1,0,3,0,0,3,1,0,1,4,2,7,2,9,9,1,1,6,2,1,1,1,0,3,1,1,1,0,2,0,0,1,1,2,1,1,0,1,0,0,0,19,3,0,1,1,3,1,0,13,4,0,0,1,0,5,5,6,2,6,2,1,2,2,9,2,0,2,6,2,5,16,1,1,9,9,0,0,3,0,3,1,14,2,10,3,1,0,2,5,0,4,0,1,2,3,2,1,2,1,13,0,8,1,1,1,0,8,0,3,0,0,3,1,2,0,1,3,4,1,1,0,0,0,4,1,3,1,4,0,0,0,0,0,4,3,0,3,4,9,3,0,2,3,0,2,1,1,10,0,0,2,3,4,0,4,0,4,2,4,1,1,0,3,1,2,2,3,3,2,0,0,0,0,0,0,2,0,5,1,28,1,4,3,0,4,1,5,0,2,2,2,3,9,4,1,2,4,0,2,3,1,1,2,2,0,1,2,7,5,1,5,0,3,0,19,2,1,4,0,0,0,1,1,1,3,2,0,1,0,3,0,0,2,1,0,6,1,0,3,2,0,4,7,1,4,6,3,6,1,0,1,0,0,2,2,3,1,1,2,2,0,0,5,6,0,0,0,6,0,9,3,2,4,0,3,6,0,1,2,1,7,5,1,6,1,3,3,1,9,0,5,0,2,2,1,2,2,8,0,11,1,0,1,1,3,0,5,3,3,1,0,3,6,4,1,0,0,1,9,3,1,3,0,0,1,0,1,9,0,0,6,4,0,1,0,0,0,5,0,7,1,1,4,1,2,0,4,1,3,6,0,0,3,2,1,6,3,2,6,0,0,1,0,0,1,2,2,3,0,4,1,4,7,2,2,5,2,1,4,3,4,3,3,0,1,3,0,2,1,5,2,2,0,1,3,1,0,6,4,2,3,1,1,0,1,2,2,0,1,2,0,2,2,0,2,3,1,5,2,2,0,2,2,1,1,3,4,2,1,2,0,5,0,6,2,0,1,0,0,1,0,8,0,6,1,1,2,2,8,1,1,0,6,1,8,3,0,9,3,1,1,5,3,5,1,1,0,1,3,1,5,0,2,0,0,3,2,1,5,5,3,0,0,5,1,3,0,0,1,0,0,1,4,3,2,2,1,2,0,0,1,3,1,3,9,6,1,0,6,2,2,2,1,3,0,0,1,0,1,3,1,4,0,4,3,1,1,0,4,2,0,1,0,1,1,8,2,2,0,1,0,6,3,6,1,2,0,1,1,1,4,0,0,6,1,0,4,6,3,4,1,2,1,3,5,2,1,1,4,2,4,6,5,1,2,5,1,0,1,1,1,0,1,3,0,3,1,0,0,6,1,1,1,1,0,1,3,3,1,2,2,2,3,0,4,3,2,1,2,0,0,2,0,22,1,0,0,0,4,1,1,5,4,1,3,4,10,0,3,3,2,0,1,4,0,4,1,2,0,1,4,0,0,0,1,3,4,6,1,4,1,0,1,0,0,2,0,1,5,2,1,6,2,3,0,8,1,1,1,0,5,1,0,0,1,1,1,4,1,0,2,2,1,1,1,11,5,1,0,3,0,0,1,4,5,2,0,0,0,1,3,1,2,0,1,3,5,25,1,4,2,1,1,0,0,2,0,0,0,0,0,1,0,3,5,0,1,1,5,9,0,1,2,0,1,2,2,1,0,0,5,1,4,0,1,1,3,0,1,7,0,0,5,0,4,0,0,2,0,2,2,2,0,2,5,1,1,0,11,2,1,2,0,7,1,0,0,1,2,3,7,1,1,4,1,4,4,1,7,4,3,1,1,2,3,8,6,5,0,3,3,0,1,2,10,1,6,1,5,2,1,4,1,5,2,4,7,0,3,8,2,3,8,1,0,3,0,1,1,3,3,3,0,6,0,1,5,3,0,4,3,3,0,3,2,3,3,6,2,1,3,4,2,1,2,1,5,5,0,6,3,1,5,0,0,1,0,1,0,1,1,3,2,0,0,1,4,1,2,3,1,4,0,2,11,0,2,3,2,1,0,2,3,0,1,1,6,1,5,0,4,0,8,0,0,2,1,5,1,5,0,6,3,5,8,5,1,1,1,2,1,6,3,8,1,0,0,2,6,1,2,5,4,2,4,0,0,1,1,0,0,0,11,0,2,0,2,3,0,0,7,9,1,0,5,5,4,1,9,1,0,1,1,1,1,0,1,0,4,2,2,3,0,0,0,0,1,0,0,0,0,3,1,0,1,2,0,0,1,1,3,0,0,1,0,2,1,1,0,4,3,0,0,2,0,2,2,5,0,3,2,2,3,2,0,7,0,1,1,0,5,3,3,1,0,0,4,2,1,1,1,5,2,0,6,1,3,2,1,1,1,0,4,3,0,2,1,2,7,1,1,0,2,4,1,2,0,2,1,4,3,6,2,1,4,0,0,1,2
SH3BGRL3,3,6,3,2,5,9,6,2,4,1,3,3,13,2,1,12,1,3,4,1,4,0,5,3,0,9,2,5,2,2,0,2,2,12,2,10,5,1,8,1,3,6,10,4,0,3,3,9,2,1,1,1,9,12,2,6,3,2,2,2,14,3,4,2,1,8,1,16,17,3,0,7,3,5,13,8,0,16,2,5,4,7,1,3,6,4,0,3,3,0,6,8,4,4,8,13,1,1,4,11,6,2,14,0,7,2,1,2,8,1,3,3,2,10,0,5,11,2,9,3,0,2,8,1,6,3,2,0,8,3,4,2,1,4,2,2,3,0,4,3,4,10,0,2,14,7,15,6,8,2,11,6,5,3,2,2,4,3,1,8,0,1,21,3,3,11,4,6,10,34,3,5,10,0,15,0,3,1,6,7,0,4,3,3,7,0,2,0,8,4,22,8,5,5,2,3,5,1,16,2,4,7,7,0,3,8,1,8,8,3,4,1,4,5,5,1,2,4,5,13,0,1,0,5,8,2,1,3,1,0,3,2,14,6,8,2,4,2,2,0,5,0,0,5,2,3,5,6,8,6,1,15,0,5,0,6,3,6,1,5,2,2,7,11,4,8,5,7,2,7,2,18,6,3,3,8,3,6,11,0,5,7,2,2,2,2,4,0,2,2,9,6,9,6,2,0,1,0,17,4,2,2,9,0,11,0,3,3,6,3,2,1,2,5,1,2,1,5,6,4,4,3,22,1,6,2,4,9,4,0,1,5,4,1,8,0,4,6,5,10,15,8,14,1,4,5,1,3,10,12,16,3,12,2,4,7,1,9,20,0,1,6,5,9,7,6,21,2,2,2,3,8,15,2,2,29,5,4,2,17,6,1,11,1,5,3,6,7,2,2,1,33,5,21,1,5,8,4,2,9,6,2,7,7,4,5,4,6,2,3,7,5,9,1,1,15,2,0,1,1,12,5,26,3,5,0,9,2,1,2,1,1,3,2,2,2,4,7,3,13,6,6,17,5,8,27,7,1,4,0,3,5,5,1,17,8,2,11,6,1,5,3,2,4,11,7,3,0,4,0,15,5,6,1,3,11,6,4,4,3,13,3,7,10,7,3,7,2,1,4,4,3,4,0,0,5,3,2,2,8,2,6,1,0,2,7,1,34,3,2,1,4,3,3,1,13,6,1,2,4,2,0,2,20,11,5,3,2,12,5,10,8,3,1,14,12,11,2,4,4,17,11,2,4,1,2,15,1,13,2,10,19,4,1,5,12,0,22,3,13,0,2,2,7,2,1,1,3,7,3,3,7,0,1,2,6,5,0,3,9,2,8,4,2,4,7,0,2,1,6,1,2,4,17,2,7,4,3,1,1,6,9,3,13,6,19,9,3,0,5,9,2,5,3,13,3,3,10,9,1,10,4,8,2,9,10,0,10,3,3,0,1,3,4,2,3,0,2,4,5,1,5,7,2,4,2,10,4,4,5,4,4,1,3,4,2,3,1,0,14,2,4,4,0,1,7,7,2,2,0,2,3,7,3,11,2,4,5,5,6,4,34,8,2,1,1,4,4,2,0,3,0,8,4,2,0,4,1,2,10,3,4,7,8,1,11,2,1,1,15,11,2,1,2,7,2,9,9,0,0,2,3,4,6,1,8,3,2,0,9,2,1,3,1,8,3,7,2,3,3,1,1,6,0,1,3,2,4,7,0,6,2,2,3,2,4,3,3,3,2,4,10,3,4,2,0,6,1,1,5,4,9,5,7,1,5,15,3,5,8,4,0,1,5,2,14,7,0,5,0,3,3,2,0,15,5,5,2,3,2,0,4,2,2,10,6,4,3,0,6,3,5,2,5,2,2,5,2,4,7,11,2,18,0,1,3,5,1,1,3,5,6,1,10,3,3,1,3,4,3,5,8,16,4,6,11,6,3,4,1,2,2,0,3,2,0,0,11,0,1,3,2,6,1,2,4,6,8,6,0,4,7,9,6,3,5,8,6,2,13,3,1,6,20,9,4,3,0,2,8,0,1,4,2,2,15,1,0,8,1,0,1,0,2,3,2,4,3,17,10,13,1,1,1,6,3,3,3,5,6,1,17,5,3,4,17,0,7,9,12,1,2,1,1,0,6,1,15,0,7,3,3,7,3,4,3,10,2,1,6,1,2,6,2,3,0,4,3,1,8,6,3,3,1,0,22,3,2,3,8,5,32,5,8,2,1,2,1,15,1,6,1,1,28,6,0,3,1,3,2,3,3,4,3,6,4,1,3,1,5,2,16,3,1,3,8,1,0,1,1,8,5,6,0,1,0,2,3,13,3,3,1,0,4,3,5,5,9,1,0,22,7,1,0,0,16,7,25,3,7,2,15,10,0,0,4,0,6,3,0,2,5,3,2,3,5,8,1,0,8,4,2,15,21,1,20,15,4,9,2,15,6,3,14,3,10,2,9,6,4,5,2,1,3,3,5,8,6,3,0,6,2,5,13,3,10,2,2,0,1,5,7,18,9,9,2,3,4,0,6,8,7,1,5,1,1,7,12,4,9,0,2,15,2,3,5,8,2,7,4,1,3,9,3,4,2,5,3,0,5,5,2,13,4,1,0,1,3,13,4,16,0,2,25,4,6,2,1,5,2,6,7,2,4,3,2,3,1,2,6,5,3,3,3,9,4,6,3,0,12,0,1,6,2,4,0,3,1,0,0,1,2,1,1,4,3,10,2,2,1,2,0,6,4,2,13,2,19,7,9,4,6,5,11,1,5,14,6,1,4,5,9,3,1,2,5,9,15,1,0,9,12,4,0,5,8,14,2,3,3,4,2,2,0,0,0,1,0,1,7,22,0,7,3,3,2,14,7,5,0,2,1,14,17,2,1,2,4,1,2,6,4,8,2,0,0,14,7,9,7,12,3,2,13,4,9,20,0,1,5,4,3,3,2,1,3,7,1,5,8,16,1,1,4,3,10,2,5,2,2,3,2,2,1,3,1,2,1,4,6,3,12,2,8,4,1,3,4,2,11,4,3,2,1,1,3,2,8,44,2,10,2,6,0,3,6,8,3,12,4,10,8,4,3,6,0,11,7,5,4,2,17,6,12,7,11,2,12,2,8,7,7,2,2,20,0,3,2,3,13,1,4,1,1,3,3,3,4,12,6,33,8,3,2,6,5,0,10,3,14,5,6,3,0,4,7,6,0,4,2,1,3,2,1,3,6,0,11,7,11,7,6,5,8,4,4,0,0,1,3,0,3,1,6,3,4,2,9,3,12,5,4,2,0,1,4,5,6,7,7,2,4,5,4,1,9,5,1,0,13,1,0,5,7,0,2,5,1,2,6,7,3,2,7,13,2,11,1,8,17,1,4,8,4,5,5,4,4,12,12,1,2,0,4,4,2,1,7,17,0,0,16,1,6,2,3,2,2,4,2,8,1,6,3,0,1,3,1,6,0,2,2,6,1,12,2,1,22,2,8,4,7,2,0,0,7
SERPINA1,0,0,0,0,0,1,1,0,0,0,0,0,5,0,0,6,0,0,2,0,0,0,2,1,0,0,0,0,0,0,0,0,0,0,0,0,0,0,0,0,0,0,7,1,0,0,1,2,1,0,0,0,1,0,0,0,0,1,1,0,1,0,0,0,0,0,0,1,1,0,0,2,0,0,0,0,0,1,0,2,0,0,2,2,0,0,0,0,0,0,0,0,0,3,0,5,0,0,2,2,0,0,7,1,0,2,0,0,7,2,0,0,3,1,0,0,0,0,2,0,0,0,7,0,0,0,0,0,4,0,0,0,0,0,0,0,0,0,5,0,0,0,0,0,0,0,1,2,1,0,6,0,0,0,0,0,0,1,0,5,0,0,11,3,0,0,0,1,1,2,0,0,0,0,2,0,0,0,5,0,0,0,0,0,3,0,0,0,2,3,8,1,0,0,0,0,0,0,1,0,2,0,1,1,0,0,0,0,0,0,0,0,0,0,1,0,0,0,0,5,0,0,0,0,1,0,0,2,0,0,0,0,8,6,3,0,0,0,0,0,3,0,0,0,0,0,0,1,5,5,0,6,0,0,1,0,0,1,0,3,1,0,0,2,0,0,1,0,0,0,0,3,1,2,0,0,0,1,6,0,0,3,0,0,0,0,0,0,0,0,0,0,2,0,0,0,0,0,6,0,0,0,0,0,2,0,0,3,11,0,0,0,0,0,0,0,0,1,0,0,0,0,2,0,0,0,3,0,1,0,0,2,0,0,2,0,0,4,0,3,8,0,2,0,0,0,0,1,0,4,2,0,5,0,0,1,0,0,1,0,0,0,0,4,0,0,1,0,0,0,0,0,0,0,0,3,0,0,0,3,1,0,0,0,0,0,0,0,0,0,0,21,0,10,0,4,0,0,0,10,2,0,0,0,3,1,0,0,0,0,0,0,2,0,0,4,0,1,0,0,3,1,0,0,3,0,0,0,0,0,0,0,0,0,0,0,1,0,0,1,0,0,0,0,0,2,0,0,0,0,0,0,0,0,3,0,0,1,4,0,0,0,0,1,2,9,0,0,3,0,6,2,0,0,0,11,2,0,0,0,0,0,0,0,1,0,0,0,0,2,1,0,0,1,0,1,0,0,0,0,2,1,0,0,0,0,0,0,0,1,0,0,1,0,0,0,0,0,0,2,0,0,0,3,2,3,0,0,4,0,0,0,0,0,0,4,0,0,0,0,0,0,0,0,0,0,0,0,0,0,0,1,0,0,3,3,0,10,1,0,0,0,0,0,0,0,0,0,0,0,0,0,0,0,0,2,0,0,3,0,0,0,0,1,0,0,1,0,0,2,0,0,0,8,0,0,0,0,0,0,0,3,1,0,0,0,3,1,0,1,1,0,0,0,0,0,1,0,0,2,0,0,0,0,0,0,0,1,0,0,1,0,0,0,0,1,0,0,0,0,0,1,0,0,0,0,0,0,0,4,1,0,0,1,0,4,0,0,0,4,0,0,0,0,0,0,1,0,0,0,0,0,2,0,0,0,0,2,0,0,0,0,0,0,0,0,0,0,2,0,0,0,0,0,0,0,0,0,0,1,0,0,0,0,0,2,0,0,0,0,0,0,0,0,2,0,0,0,0,0,0,0,0,1,0,0,0,0,0,0,0,0,0,0,0,0,2,0,0,0,0,1,0,2,1,0,0,0,0,0,1,0,0,0,0,0,0,0,1,0,0,0,0,0,0,0,1,0,0,0,0,0,0,1,3,3,2,0,5,0,1,0,0,0,0,10,0,0,0,0,0,0,0,2,8,0,0,0,5,0,0,0,0,1,0,0,0,0,0,0,0,1,0,1,0,0,8,0,0,0,0,0,2,0,0,0,0,0,0,1,0,0,0,0,0,1,0,0,2,0,1,2,0,0,0,0,0,0,0,0,0,0,1,0,0,0,0,8,0,0,0,0,0,0,0,0,0,2,0,0,0,5,9,1,0,0,1,0,0,6,0,0,2,4,3,0,0,0,0,0,0,0,0,3,0,3,0,0,0,0,0,0,0,0,0,0,0,0,0,3,3,0,0,0,1,0,0,0,0,0,0,0,4,0,0,2,0,0,2,1,0,0,0,0,0,0,0,14,0,0,0,0,0,0,0,0,0,4,0,0,3,0,2,0,0,0,0,0,0,3,0,0,0,0,5,1,0,0,0,4,0,7,3,0,0,0,0,0,2,0,0,0,0,8,0,0,0,0,0,0,0,0,0,0,0,0,0,0,0,0,0,2,0,0,0,0,0,1,0,0,0,0,2,0,0,0,0,0,5,1,0,0,0,1,0,0,0,2,0,1,0,0,0,0,0,0,0,3,4,0,0,1,0,1,0,0,0,0,0,0,0,0,0,0,1,0,1,0,0,0,0,0,6,9,3,0,2,1,0,4,5,0,0,8,0,0,0,1,2,8,0,1,0,0,0,0,5,0,0,0,1,0,0,4,0,2,0,0,0,1,0,0,4,2,4,0,0,0,0,0,0,0,0,0,0,0,2,0,0,0,0,0,4,1,0,0,0,0,2,0,0,1,0,0,0,0,0,0,0,0,0,0,2,0,0,0,0,0,0,0,2,0,0,2,1,0,0,0,0,0,0,0,0,0,1,0,0,0,0,0,0,0,0,0,0,0,2,0,0,0,0,1,2,0,0,0,0,0,2,2,0,0,0,0,0,0,0,0,0,0,0,0,0,0,0,0,0,5,0,2,0,0,0,14,0,0,7,0,0,0,0,6,0,0,0,0,2,4,0,0,4,3,0,0,0,0,5,0,0,0,0,1,0,0,0,0,0,0,0,0,10,0,2,1,0,0,8,0,0,0,0,0,1,4,0,0,0,0,0,0,0,5,0,0,0,0,5,0,2,2,3,0,0,0,0,2,0,0,0,2,0,0,0,0,0,0,0,0,2,0,10,0,0,0,0,0,1,0,0,0,1,0,0,0,0,0,1,0,0,0,0,6,1,1,0,0,0,0,0,1,0,1,0,0,0,0,1,0,1,0,4,0,0,0,0,0,0,0,3,0,0,1,0,0,5,0,0,0,1,0,0,8,0,7,3,4,0,0,0,0,1,4,0,0,2,0,2,0,0,1,0,0,0,0,0,0,1,0,0,0,21,0,0,0,0,3,0,1,0,0,1,2,0,0,0,2,0,0,0,0,0,0,0,0,2,0,0,1,0,0,0,0,7,2,0,0,0,0,0,0,0,0,0,0,0,0,0,0,0,3,0,0,0,0,2,0,0,0,0,3,0,1,0,0,0,2,0,1,0,0,0,0,4,0,0,0,4,1,0,0,3,0,0,1,1,0,0,0,0,7,0,0,0,0,0,3,0,0,5,0,0,0,0,2,0,0,0,0,5,0,0,10,0,0,0,0,1,0,1,3,0,0,0,0,0,0,0,1,0,0,0,0,3,0,6,0,2,3,1,0,0,0,0,0,0,0
CD37,4,0,1,0,1,0,6,6,9,0,5,1,6,1,0,8,1,4,3,3,1,3,4,1,1,2,3,2,1,10,2,2,10,9,0,0,2,1,2,8,4,4,3,0,1,7,5,3,3,3,1,0,3,3,1,1,1,4,1,1,6,3,3,1,3,2,2,0,1,3,2,6,0,0,3,1,1,5,0,4,4,3,5,1,3,2,3,12,6,1,3,1,4,2,2,3,5,8,1,10,1,1,1,1,0,4,1,1,4,5,1,3,0,2,4,4,1,1,4,2,0,0,2,2,2,3,0,2,3,1,0,1,0,12,2,0,8,2,1,0,1,2,2,10,8,0,3,3,4,1,1,1,1,0,0,2,0,1,0,5,0,3,3,2,2,2,3,1,6,11,5,1,3,2,3,0,0,3,3,1,0,0,5,8,5,7,1,5,3,5,4,1,1,2,0,9,5,1,0,10,0,2,1,7,3,1,10,8,17,1,1,1,2,1,1,0,1,1,6,4,0,8,1,6,4,0,6,2,5,3,2,0,10,6,1,0,0,14,3,3,3,1,7,1,0,11,0,3,6,1,1,2,6,1,8,2,1,5,7,1,2,4,2,4,3,1,3,1,1,2,1,5,0,2,2,1,12,2,1,2,1,1,2,2,2,3,1,5,1,1,3,1,1,1,3,0,1,2,5,2,2,4,2,3,1,1,3,1,4,3,1,0,2,2,0,7,0,2,7,4,0,0,3,1,1,3,2,21,11,1,2,4,2,11,1,5,2,0,3,7,5,0,3,3,7,4,1,2,2,2,2,4,8,2,1,2,18,6,0,0,2,10,6,2,2,4,12,2,1,1,1,0,0,0,0,13,2,5,2,2,3,4,4,1,2,0,2,7,1,1,1,10,1,7,3,1,27,3,1,4,5,3,1,3,1,5,2,11,13,13,4,2,3,1,0,2,0,8,2,0,3,5,5,2,5,4,1,2,0,2,1,1,1,2,3,9,4,2,2,7,3,5,2,2,1,4,2,3,6,2,2,2,3,2,2,4,0,5,3,7,7,5,3,10,4,6,2,1,0,1,2,1,1,2,2,4,2,3,7,1,2,2,2,1,2,2,1,6,1,2,2,3,1,7,2,0,3,2,6,0,1,1,1,2,2,2,9,10,2,1,1,1,9,3,0,3,1,1,1,0,3,1,1,6,2,1,1,12,2,1,2,15,3,0,2,2,2,4,0,2,14,6,5,2,1,1,3,2,8,0,3,6,2,1,2,1,7,5,1,0,7,1,12,1,2,4,2,2,4,2,1,2,3,2,1,5,0,2,1,0,6,4,0,3,1,1,11,0,4,0,2,3,1,1,3,4,4,5,18,7,2,2,1,1,0,6,1,0,0,3,1,12,0,1,4,2,1,1,2,7,4,3,1,4,7,0,0,3,0,0,7,5,2,1,2,3,1,6,1,6,2,1,2,3,1,7,5,0,3,1,1,3,0,2,3,1,7,2,5,1,6,17,7,2,3,2,0,1,1,9,0,3,2,2,4,5,1,4,2,1,0,10,1,1,1,1,2,4,1,3,0,0,3,0,2,1,2,2,7,2,0,4,2,1,13,3,1,2,1,8,3,1,5,3,4,1,1,0,0,0,0,0,1,4,8,3,7,1,0,4,1,1,8,2,5,2,2,5,1,10,4,0,2,1,2,0,11,2,0,0,1,2,2,2,10,1,2,5,0,1,6,1,7,3,1,13,1,0,1,2,4,3,3,4,5,2,3,2,0,4,1,0,2,2,3,3,0,2,2,2,1,1,1,3,6,1,3,0,1,0,5,0,13,3,3,1,2,6,7,1,1,2,2,5,0,4,3,0,2,0,4,9,9,10,3,1,3,9,0,1,1,1,18,0,3,1,2,2,2,8,1,7,2,2,4,6,2,4,0,1,1,0,0,3,2,0,1,2,4,11,3,1,1,1,16,1,2,2,3,1,15,2,5,3,2,1,1,2,7,5,2,5,5,6,1,1,24,2,8,17,1,2,1,1,0,4,8,0,2,1,16,0,2,2,0,3,3,5,2,3,4,0,0,3,4,1,3,1,2,9,0,2,2,2,4,3,0,1,2,5,2,10,1,6,7,2,0,7,2,4,12,3,3,1,5,5,0,1,1,0,0,2,5,0,3,0,15,1,1,1,2,0,3,1,2,3,1,1,8,2,2,8,4,2,0,6,0,1,1,4,0,0,2,3,2,0,2,2,3,0,12,1,2,0,3,5,1,1,2,2,1,1,1,1,3,7,1,3,1,4,4,5,5,2,2,1,8,10,6,3,8,11,0,1,2,1,0,0,1,0,8,9,10,2,0,3,2,9,1,0,2,1,0,2,0,1,1,2,3,1,2,0,0,4,4,6,2,0,3,2,3,4,6,10,5,2,1,0,0,1,3,0,0,1,0,6,6,1,5,2,4,0,1,3,3,4,5,3,5,5,4,2,1,11,3,0,1,0,1,0,1,1,6,0,1,1,1,3,6,1,4,1,11,4,13,2,3,2,2,2,0,0,4,1,14,1,0,1,5,5,1,1,4,0,0,2,5,21,0,2,3,1,4,1,4,7,1,3,5,0,1,15,1,7,11,3,4,7,3,3,0,8,1,5,4,2,9,3,3,0,14,2,3,21,1,1,1,1,7,7,2,4,1,3,1,3,3,1,3,1,0,1,0,1,2,1,2,3,5,0,3,0,1,4,3,3,10,10,1,1,8,2,1,3,0,2,9,2,1,1,2,11,3,2,4,14,4,2,3,3,1,1,2,0,0,4,2,2,0,0,2,0,2,2,5,6,8,9,4,3,5,3,3,1,2,5,5,2,0,1,2,0,6,3,3,4,0,1,1,3,3,2,2,4,0,2,2,2,0,2,1,2,7,2,2,3,3,2,8,4,9,0,2,0,1,8,3,3,2,0,6,7,2,1,8,0,2,3,3,1,9,2,5,3,1,1,6,3,1,6,4,2,0,0,8,0,2,2,1,0,0,3,2,10,1,2,4,5,3,7,6,4,3,0,3,7,1,0,0,0,2,4,1,1,8,0,14,2,2,1,2,6,3,1,1,12,0,4,3,2,1,3,1,1,8,1,1,2,1,5,1,3,0,2,3,8,5,1,2,3,10,3,1,2,11,1,1,3,5,8,2,0,3,2,2,0,1,0,5,1,1,1,2,1,0,0,0,10,4,1,0,0,6,3,2,2,4,2,0,3,2,1,8,2,2,1,2,0,3,1,2,0,0,3,0,3,5,3,0,1,2,3,6,1,3,5,2,8,1,3,4,0,1,1,3,2,7,1,1,2,2,2,4,2,9,2,3,3,3,3,2,0,0,0,0,3,0,1,1,1,0,5,2,2,1,0,2,4,1,2,6,6,1,5,0,5,0,9,0,1,3,2,4,4,2,2,3,2,1,4,3,0,0,1,2,2,0,8,0,3,2,7,1,0,0,2
DUSP2,0,0,1,0,7,0,0,4,0,0,0,1,2,0,0,6,0,1,1,0,1,0,0,0,1,1,0,1,3,0,0,0,0,1,0,0,1,0,0,0,0,0,0,0,2,1,1,0,0,0,1,1,1,0,5,0,0,4,0,3,1,1,1,0,0,0,0,1,0,2,2,0,0,0,0,0,1,1,0,1,0,0,0,0,1,0,2,0,1,1,0,0,3,0,1,0,1,0,0,0,1,0,0,0,1,0,0,0,0,0,8,0,0,0,0,0,4,4,1,0,0,0,0,0,0,0,1,0,0,0,0,0,6,0,0,0,1,0,0,2,0,0,0,0,2,2,0,0,3,1,0,1,1,1,0,3,3,1,0,0,0,0,2,0,1,0,0,1,0,1,0,0,1,0,0,0,0,0,1,1,1,0,0,0,0,0,0,0,0,1,1,0,0,0,1,0,0,1,1,0,0,3,0,0,1,1,0,8,0,1,1,0,1,1,1,2,1,3,0,0,0,2,0,0,3,1,0,0,1,0,0,1,0,0,0,0,0,0,0,0,0,0,0,0,0,0,1,1,0,0,0,0,0,1,0,4,0,2,0,0,1,0,2,0,0,12,0,4,0,2,0,3,0,0,0,5,0,4,0,0,0,0,0,0,1,1,0,0,0,0,1,0,0,0,4,0,0,1,0,0,3,0,5,2,0,1,7,0,0,2,0,0,1,0,1,0,0,0,0,3,3,0,0,1,3,1,0,0,0,1,1,1,0,0,0,0,4,1,0,0,0,1,0,1,0,2,0,0,0,0,0,0,0,0,1,1,0,0,0,0,0,0,0,0,0,0,1,0,0,3,1,0,0,0,3,1,0,0,1,3,0,0,0,0,1,0,4,0,0,0,1,1,4,1,0,0,2,0,1,0,1,0,4,0,1,0,1,0,2,0,2,7,0,0,1,1,0,0,1,0,0,0,0,1,0,0,1,0,2,0,0,0,0,1,0,0,0,3,3,0,1,0,1,1,2,0,0,0,0,2,5,0,0,1,3,0,1,7,0,0,0,0,0,0,2,0,3,1,0,0,0,0,1,0,0,0,0,7,0,0,1,0,0,2,0,2,1,4,0,0,0,0,1,0,5,0,1,0,1,0,0,0,0,0,0,0,1,0,1,0,1,1,1,0,0,3,1,0,0,0,0,2,4,0,1,0,1,0,0,1,0,0,0,0,0,0,0,3,3,0,10,1,0,0,0,3,0,1,0,1,1,0,0,0,0,2,0,0,0,0,0,1,0,4,0,1,1,0,5,0,2,0,0,1,0,0,1,0,0,2,1,0,3,0,5,0,0,0,0,0,5,0,0,0,0,0,0,0,0,0,3,0,0,0,1,1,0,0,0,0,0,0,1,0,5,2,0,0,0,0,0,5,12,0,5,0,0,0,0,0,0,1,1,0,0,0,0,0,0,0,1,0,2,0,2,0,1,0,0,0,0,0,0,0,0,0,0,0,0,0,0,3,0,1,0,3,0,1,0,0,0,0,0,1,1,5,0,0,0,0,0,0,1,0,0,0,4,0,0,1,1,0,3,0,1,0,1,0,0,2,0,3,0,2,1,0,0,1,3,20,3,3,0,1,0,0,1,4,0,0,0,2,2,1,0,3,0,1,0,2,1,0,0,0,0,0,1,0,3,0,0,1,4,0,1,0,0,4,2,0,10,3,0,0,0,0,0,0,0,0,0,0,0,0,0,0,0,0,0,0,0,5,0,0,0,0,0,0,0,0,0,0,0,0,0,0,2,0,1,0,1,0,1,0,2,0,6,1,0,0,0,0,0,0,0,0,4,0,0,4,0,0,0,0,0,0,1,6,2,2,0,0,1,0,0,0,0,1,0,0,0,0,0,0,4,0,5,0,0,0,0,1,0,0,0,0,0,4,1,2,2,0,0,0,4,1,1,1,0,0,1,1,0,0,0,0,0,0,2,0,12,0,1,0,0,0,0,2,0,0,0,0,0,0,0,4,0,1,0,0,0,0,0,0,0,1,0,2,0,0,0,1,0,0,0,1,0,0,1,0,0,0,0,0,0,1,0,0,0,1,0,1,0,0,1,0,0,0,1,0,0,0,0,1,0,0,0,1,6,1,0,0,0,1,0,0,3,0,0,3,0,1,0,0,0,0,12,1,0,0,3,0,2,0,0,0,0,0,0,0,0,2,0,1,0,0,2,3,0,1,0,4,0,0,1,3,0,0,0,0,2,0,0,1,3,3,1,1,0,0,2,0,1,0,0,3,0,1,0,0,0,1,1,2,1,0,0,0,2,0,0,0,0,1,1,1,3,0,0,0,0,7,0,0,0,0,0,2,0,2,0,7,3,4,0,1,0,3,0,0,1,0,0,8,0,1,0,5,1,1,0,0,0,0,0,0,0,0,1,0,0,1,0,1,1,0,0,0,1,0,1,0,0,0,0,2,0,0,0,0,0,2,6,6,0,0,2,0,0,0,0,2,0,0,0,0,1,2,0,0,2,1,0,2,0,0,0,2,9,11,0,0,0,0,1,0,0,0,0,1,0,0,1,1,0,1,0,0,0,1,0,0,0,1,1,0,1,0,0,0,0,0,0,6,0,3,0,0,7,5,1,1,1,0,2,0,0,1,0,1,0,0,4,0,1,1,1,0,0,9,2,3,0,0,1,0,5,0,0,0,0,1,0,0,1,5,0,2,0,1,1,0,0,0,0,1,1,1,0,0,0,1,1,1,0,0,0,0,0,2,0,0,0,0,0,0,0,0,5,2,0,2,0,1,1,0,2,1,0,0,4,0,1,0,0,0,0,0,2,1,0,2,0,0,0,1,0,3,0,0,1,0,3,1,0,0,0,0,0,0,1,0,0,0,0,0,2,3,0,0,2,0,0,0,0,0,0,1,0,1,0,0,2,0,1,1,2,1,1,3,0,0,0,0,1,0,0,2,0,0,1,1,2,0,0,3,0,1,0,0,1,1,0,0,1,0,1,0,0,0,0,0,0,0,1,2,0,0,0,0,0,0,0,2,0,1,5,0,0,3,2,3,0,0,0,0,0,0,0,0,0,0,1,0,0,0,3,7,1,0,0,0,1,0,4,0,0,0,2,0,0,3,0,1,0,0,1,0,4,0,1,4,1,0,0,0,0,0,1,2,0,0,0,0,5,0,1,1,0,0,0,0,0,1,1,8,0,3,0,4,0,2,0,0,2,0,0,2,6,0,0,0,0,1,2,2,1,12,1,2,0,0,6,0,0,0,8,3,2,0,0,1,3,4,4,0,0,0,1,1,0,1,0,1,0,10,0,0,3,1,0,0,0,0,1,0,0,3,3,0,0,0,0,3,1,0,1,0,0,1,1,0,2,0,1,2,1,0,0,0,0,0,1,1,0,0,0,0,0,0,0,1,7,1,1,1,0,3,0,0,0,0,0,1,1,0,0,4,1,3,1,7,0,0,0,2
TSPO,1,0,0,0,1,3,3,0,0,2,3,0,5,2,1,0,0,2,3,1,0,1,2,0,0,1,2,0,1,1,0,1,1,0,0,0,0,1,7,0,0,0,7,3,1,1,0,4,0,0,0,0,3,1,3,0,0,2,1,1,2,1,1,1,0,1,0,0,8,0,0,1,0,5,0,0,0,11,1,1,0,4,1,3,1,1,2,0,1,1,1,1,2,8,2,6,0,0,10,1,1,0,1,1,2,4,1,0,5,1,1,0,2,1,0,2,0,2,9,1,1,1,3,2,2,0,2,0,10,1,1,3,0,0,1,1,0,1,2,0,3,1,0,0,4,0,5,3,3,0,7,0,0,1,1,1,0,1,0,2,0,0,9,3,0,0,5,1,4,13,0,0,2,0,9,0,0,0,3,0,0,1,0,1,0,0,1,0,7,5,10,7,0,1,2,0,2,1,0,1,2,2,4,0,1,0,1,1,1,1,0,0,0,0,1,1,0,0,0,7,1,0,0,0,3,0,0,5,1,3,3,2,3,8,5,0,0,0,0,1,1,1,0,2,1,2,0,2,1,0,1,3,3,1,1,0,1,1,1,2,1,0,2,9,0,1,1,1,1,1,0,10,5,2,0,0,0,13,7,0,7,7,1,2,0,0,1,1,0,0,0,1,0,1,1,0,0,1,4,0,0,0,0,1,5,0,0,0,2,0,0,0,0,2,1,1,0,3,0,2,0,1,8,0,0,0,1,1,2,2,0,1,1,0,1,0,1,4,0,5,6,4,1,3,0,2,0,1,2,8,6,1,4,1,1,5,0,1,12,1,1,0,1,1,0,2,7,1,0,1,0,2,1,0,0,12,1,1,3,5,0,0,8,1,0,1,0,1,1,1,1,16,1,7,0,3,1,0,0,2,5,0,0,1,4,0,1,0,1,2,1,0,0,0,0,8,1,1,0,2,3,0,8,0,6,0,0,1,0,2,0,0,1,1,2,0,2,2,0,8,1,0,6,0,2,10,1,0,0,0,1,0,10,0,5,0,2,5,8,1,0,0,1,0,7,5,0,1,0,3,3,8,1,0,0,6,2,0,2,0,6,1,0,0,4,0,0,0,1,3,2,2,0,0,1,2,0,1,0,3,0,7,0,0,0,0,0,9,0,1,1,1,1,0,2,2,0,0,0,2,2,0,2,3,2,2,1,0,8,0,4,0,0,1,3,8,2,6,1,0,4,0,0,0,0,2,5,0,0,0,2,11,0,1,0,6,1,6,1,0,1,2,0,0,1,0,1,1,1,0,0,0,0,2,0,4,0,0,3,1,0,0,1,4,1,2,0,0,1,2,0,0,0,2,0,0,1,1,0,1,0,4,4,0,1,2,4,1,0,1,2,0,1,1,2,0,1,1,3,4,4,1,1,1,0,0,0,8,2,1,0,0,0,0,1,0,0,0,0,0,0,1,0,2,0,1,1,1,0,0,1,0,0,3,0,3,0,1,0,9,6,0,0,0,2,2,2,0,2,0,0,2,1,0,4,0,2,2,0,0,0,9,0,0,4,0,0,0,0,0,0,0,2,0,1,0,1,0,0,3,1,2,3,2,0,4,1,0,0,8,2,1,0,1,2,1,0,1,0,0,1,0,0,0,1,2,0,1,0,2,0,0,0,0,0,1,5,0,0,0,0,0,1,6,1,0,0,1,0,1,3,0,0,2,1,1,1,1,1,0,0,3,0,0,3,0,0,0,1,2,2,1,2,2,1,1,9,0,4,0,2,0,0,2,2,2,0,1,1,0,0,1,0,2,9,0,2,2,3,0,0,0,0,1,1,0,2,0,1,0,1,4,1,2,1,0,3,0,2,0,1,0,6,1,0,1,2,0,0,4,0,3,0,3,1,1,0,2,8,1,0,5,2,0,1,0,1,0,0,1,1,0,2,0,0,1,3,9,0,2,0,0,0,2,0,1,1,3,1,0,1,3,2,0,2,0,0,1,0,5,0,1,3,3,0,0,0,0,0,1,1,0,0,1,1,4,0,0,7,0,0,0,0,1,2,0,0,0,6,9,4,0,1,0,5,0,0,0,1,0,0,6,4,1,2,5,0,0,1,4,2,0,0,1,0,1,1,3,0,0,0,1,2,1,0,0,1,2,1,0,0,1,3,0,0,0,1,0,0,6,0,0,1,0,2,7,1,0,0,2,0,11,4,1,0,0,0,0,6,0,0,0,0,17,2,0,0,0,1,2,0,0,0,0,0,1,0,1,0,1,0,9,0,1,1,0,0,0,3,2,0,1,5,0,0,0,0,0,5,1,1,0,0,0,1,0,0,5,0,1,2,6,0,0,0,2,0,4,13,0,1,1,1,0,0,0,0,1,0,0,1,5,1,1,1,0,1,1,1,2,0,1,7,9,1,2,6,4,2,5,4,1,1,3,0,2,0,2,5,9,4,0,1,0,1,0,2,2,1,1,2,2,0,7,0,4,0,1,3,0,0,2,5,5,1,0,2,0,0,0,1,1,0,0,1,0,3,1,0,1,0,1,6,0,1,1,3,0,3,1,1,1,0,3,0,1,0,0,0,1,0,3,3,1,1,0,0,0,1,0,9,0,0,2,2,0,1,0,0,0,1,1,0,0,0,1,0,0,1,1,2,1,1,0,1,1,2,1,1,2,0,0,2,1,0,2,1,0,2,6,0,0,0,1,1,0,4,0,0,0,0,1,1,1,1,1,0,7,2,6,0,1,0,2,1,0,7,1,0,0,0,7,0,1,1,2,1,4,0,2,1,6,0,1,0,0,14,0,1,0,2,1,1,0,0,3,1,2,2,0,6,3,3,2,1,1,3,0,2,1,0,1,9,6,0,1,1,0,2,1,2,1,1,0,0,0,14,2,2,1,6,0,2,0,0,0,4,0,1,1,0,0,1,0,1,0,0,0,3,0,4,1,1,3,0,0,1,1,0,0,1,0,0,0,1,0,0,0,2,0,1,2,0,0,1,0,1,1,3,11,2,0,0,1,0,1,1,0,8,0,6,0,2,1,0,0,0,0,2,2,2,3,1,0,3,0,1,0,1,0,0,6,1,3,3,6,1,2,0,2,5,0,2,1,5,1,4,0,0,4,0,2,0,0,0,0,0,0,3,1,16,0,0,2,4,6,0,5,0,4,0,0,1,0,2,2,0,1,0,0,1,0,0,0,4,0,0,9,0,0,1,1,3,7,0,0,1,0,0,0,0,0,0,1,1,0,0,0,0,2,2,2,0,0,3,2,0,1,0,3,0,1,1,0,1,6,2,1,0,1,0,1,4,1,0,1,9,4,2,2,2,0,2,4,4,0,1,2,2,14,0,2,1,0,1,1,1,0,2,2,0,0,1,2,0,0,0,1,4,1,1,4,0,0,1,0,1,0,0,3,1,0,0,1,0,1,1,0,0,0,0,2,5,0,2,0,3,6,2,2,0,0,1,0,1,1
ID2,1,4,3,6,1,0,2,0,0,0,0,5,4,1,4,3,4,0,0,0,0,0,0,0,0,1,0,1,5,1,0,1,1,0,6,0,0,0,2,0,1,0,4,1,3,0,0,0,0,2,1,0,2,4,1,0,2,0,0,2,10,0,1,0,1,0,2,0,3,0,0,2,0,0,0,3,5,1,0,2,0,1,0,2,2,5,0,0,0,0,0,0,0,1,0,9,0,0,3,1,2,1,1,2,1,0,0,10,2,0,0,2,0,0,0,0,4,2,0,0,1,0,1,0,0,1,0,0,0,0,0,0,0,1,1,3,0,1,0,0,0,3,0,1,1,1,5,4,0,6,2,3,0,1,0,0,3,1,0,0,1,2,0,0,3,0,0,0,4,1,2,0,1,0,3,0,0,1,0,1,1,0,0,0,5,0,3,0,0,1,0,0,0,3,1,0,0,1,0,1,0,2,3,0,0,1,0,0,0,0,0,0,1,1,1,2,1,2,0,1,1,0,0,0,0,1,0,0,1,0,1,1,2,2,0,2,0,0,0,0,1,0,0,0,1,0,0,0,7,0,0,0,0,0,0,2,0,1,0,0,0,0,1,1,0,1,0,2,4,2,10,2,3,0,0,3,0,9,2,0,2,1,1,0,4,0,0,0,1,3,3,1,0,1,0,0,2,0,5,1,0,0,1,0,0,0,2,0,0,0,0,3,0,0,2,0,0,5,0,0,3,0,4,0,0,1,3,0,0,0,0,2,2,1,3,2,0,0,0,0,1,0,1,1,0,0,0,0,0,0,1,1,1,2,0,1,0,6,5,0,0,0,0,1,0,0,40,0,1,0,2,0,5,2,1,1,0,1,0,1,0,0,1,0,1,1,2,1,0,2,1,9,0,0,0,1,0,0,6,1,1,1,0,1,0,2,1,0,0,0,0,2,3,1,0,5,0,0,1,0,4,2,0,3,0,0,3,1,1,3,0,2,1,2,3,0,0,2,3,11,2,1,1,1,0,10,5,1,0,0,2,0,2,2,1,0,0,0,0,0,0,2,0,0,5,2,0,0,2,3,0,0,0,4,1,1,0,1,0,0,7,1,6,0,0,3,0,0,2,1,1,0,0,0,0,0,0,0,1,5,1,3,0,0,2,0,0,2,5,2,0,0,0,0,0,0,0,0,0,1,0,2,2,0,1,0,6,0,0,0,2,0,0,2,0,0,0,2,0,0,1,1,0,2,0,0,9,2,0,1,1,4,0,0,1,5,0,2,1,1,0,2,0,0,0,2,1,2,1,0,0,1,0,0,0,0,0,0,0,0,0,1,0,1,0,1,0,0,0,0,0,0,0,2,1,0,2,0,0,0,1,2,0,7,3,0,1,2,1,0,1,0,0,0,0,5,1,1,0,2,0,1,1,0,5,0,1,0,1,2,0,0,0,5,0,1,0,2,7,0,0,0,1,1,2,0,0,1,0,0,1,0,0,2,0,0,0,0,0,5,5,0,0,0,4,2,1,0,0,0,0,1,0,0,4,10,1,0,7,1,3,2,1,5,0,1,1,0,1,0,1,0,0,0,0,1,1,1,0,2,0,0,0,2,0,0,1,0,2,21,2,5,0,0,0,3,3,5,0,1,0,0,1,0,0,0,0,0,1,1,1,4,0,0,0,0,0,0,0,0,0,0,3,2,0,2,0,0,0,0,1,0,0,1,0,0,0,0,2,0,0,0,0,0,1,0,9,0,0,0,1,0,0,0,2,0,3,1,0,0,0,0,0,0,2,1,3,0,4,0,3,0,0,0,19,2,2,1,0,0,0,0,0,0,5,1,4,0,0,1,0,2,0,2,3,0,3,1,2,1,2,0,9,0,0,0,0,0,0,0,0,0,0,0,2,1,0,7,1,0,2,10,0,1,0,0,0,2,1,0,3,0,0,0,1,0,0,2,0,0,1,1,0,1,0,0,3,0,1,1,0,0,6,1,0,0,1,0,0,6,2,0,1,1,0,0,0,3,0,0,2,2,5,1,0,0,0,0,2,0,0,0,0,0,0,0,0,0,1,1,4,2,2,3,0,5,0,0,0,0,1,1,0,0,0,2,0,1,1,4,0,1,0,0,0,0,1,1,0,0,0,0,0,6,0,2,4,2,0,1,0,0,1,3,2,0,0,0,0,0,2,0,1,0,1,0,0,0,0,0,1,13,0,1,0,0,0,2,6,2,0,0,0,5,1,0,0,1,2,2,0,3,0,0,3,2,0,1,0,6,2,0,1,0,0,0,0,0,0,1,0,1,1,0,1,0,0,0,4,0,0,0,1,0,2,0,0,0,1,0,0,13,0,1,0,0,0,11,0,0,1,2,4,2,2,0,0,0,0,0,1,0,2,1,0,0,4,0,1,0,0,0,2,1,2,2,6,0,0,0,0,3,0,0,1,0,2,1,1,0,1,0,0,2,3,0,0,0,0,0,0,1,2,1,2,0,0,3,3,0,0,2,3,0,0,0,3,0,0,3,0,0,0,1,0,1,3,0,3,6,1,0,4,1,0,4,5,5,0,0,0,1,0,1,0,2,0,0,0,0,2,0,0,4,0,0,0,0,0,0,0,0,1,0,0,3,1,0,0,0,3,0,0,0,0,0,0,0,0,1,0,0,2,0,0,4,0,0,0,4,4,3,1,0,0,1,2,0,0,1,1,0,1,1,0,2,2,1,0,0,1,0,1,1,0,0,0,1,1,1,0,0,3,2,4,0,0,0,1,2,0,1,0,1,0,0,0,1,1,2,0,5,0,0,0,1,3,0,1,0,4,0,0,4,0,0,0,0,0,1,2,2,3,1,0,3,0,0,0,0,4,0,7,0,1,0,0,5,1,1,0,1,3,0,0,3,3,2,0,0,5,1,18,2,0,3,0,1,0,2,0,0,0,1,0,0,6,0,1,0,2,0,0,2,0,3,1,0,3,1,0,0,0,0,0,2,0,0,5,0,2,0,0,1,1,1,2,0,0,8,1,0,0,0,0,0,0,2,7,0,1,0,0,1,0,0,3,0,2,0,0,0,0,0,6,0,0,0,1,0,2,4,4,2,0,1,2,5,0,0,0,0,0,3,15,2,0,0,0,3,9,0,3,1,0,0,0,1,3,0,9,0,0,1,0,0,0,1,0,1,0,3,3,0,0,0,3,0,0,1,2,0,2,0,0,3,0,6,0,4,2,0,1,0,2,0,0,4,0,1,1,1,0,0,0,0,0,8,0,0,0,0,1,0,0,0,1,2,3,0,2,0,1,1,0,1,0,0,1,1,0,0,1,0,0,1,4,0,0,1,1,0,0,0,1,0,3,0,0,7,0,1,10,3,0,1,0,2,0,1,2,0,0,3,0,3,2,3,1,1,0,2,0,0,0,2,0,0,1,0,0,0,3,2,1,1,0,0,3,0,0,0,3,0,0,0,0,1,1,0,0,0,1,1,0,1
H3F3A,3,3,5,4,3,11,10,2,1,4,8,4,16,1,3,11,6,4,6,2,1,3,18,14,2,11,4,1,3,12,2,1,12,11,4,1,1,7,13,4,4,6,16,6,4,1,1,9,1,3,0,4,8,4,2,4,5,7,4,2,20,5,3,5,3,10,5,21,16,8,0,17,2,9,9,8,2,18,6,8,1,4,7,3,2,4,4,1,6,3,7,1,2,9,5,21,0,1,7,25,4,2,11,3,0,7,3,4,11,5,6,5,3,7,1,8,0,3,5,1,1,3,26,3,2,4,3,3,11,2,1,2,0,7,1,4,2,3,11,0,3,4,1,8,12,7,9,14,5,1,17,0,3,2,2,2,2,3,0,8,3,3,11,9,7,3,5,3,18,21,1,2,8,8,11,0,2,0,9,8,1,0,6,1,5,7,2,1,10,23,18,7,4,1,4,7,0,3,21,12,6,4,13,2,4,3,4,8,3,3,0,3,5,4,3,4,1,6,14,8,1,5,10,0,5,3,3,8,5,5,2,3,16,15,2,3,1,1,4,2,12,1,0,0,3,1,3,21,21,12,1,5,4,4,5,4,1,3,2,9,5,0,5,5,4,4,1,3,4,1,4,21,7,8,1,1,2,17,17,1,12,14,1,4,6,6,1,2,5,3,3,4,14,4,1,3,1,4,23,2,1,2,5,3,11,2,2,3,14,8,2,3,4,2,2,1,1,5,4,2,2,4,12,2,5,2,12,3,6,3,3,8,3,3,16,2,2,7,3,8,23,5,14,5,0,6,4,6,4,19,19,4,19,4,1,7,1,0,4,8,3,7,3,5,4,2,33,2,2,3,3,10,3,1,0,31,3,7,3,11,7,3,8,2,1,2,4,4,3,4,4,32,1,14,5,5,12,5,1,13,12,1,5,5,16,5,2,4,5,3,4,4,9,5,4,18,2,5,1,1,16,5,19,7,9,1,1,2,1,5,2,1,1,1,12,4,3,3,1,16,2,5,25,1,1,20,3,3,7,0,3,5,8,0,11,5,3,23,14,7,6,4,2,2,14,8,0,0,7,5,5,12,1,4,5,16,10,3,0,1,10,7,4,5,8,6,4,2,3,11,6,3,4,6,2,8,2,6,3,5,4,11,1,1,5,2,9,36,1,4,3,1,2,2,4,5,2,2,1,3,3,1,3,12,16,9,4,7,19,3,12,6,3,3,9,19,6,18,2,4,28,2,1,1,4,4,13,1,15,0,8,16,4,1,3,13,5,17,3,2,2,5,6,5,1,5,5,1,6,5,4,5,5,2,3,15,3,1,2,0,5,5,2,6,3,6,7,0,4,5,1,7,3,12,1,5,6,3,1,4,2,15,5,2,7,25,16,5,1,1,7,6,2,4,6,6,3,4,2,14,5,3,4,0,1,1,2,2,2,6,2,2,2,6,2,3,0,4,4,7,2,6,4,3,3,1,4,2,4,7,3,2,0,6,3,6,4,1,3,14,8,9,0,3,2,3,2,1,6,4,3,1,10,2,8,2,6,18,3,1,3,36,2,4,6,7,1,3,4,2,3,0,5,1,1,4,1,1,7,3,0,2,6,6,1,6,4,2,7,31,4,3,3,3,8,3,1,3,3,1,4,0,3,2,2,5,4,0,1,11,6,6,5,3,8,3,7,7,1,4,9,3,3,14,3,3,6,2,5,1,2,1,2,11,4,0,1,2,5,6,6,13,4,6,14,5,1,0,7,8,4,3,3,3,3,5,11,3,6,5,11,3,3,3,11,12,2,0,10,1,5,4,4,7,14,0,2,4,8,1,4,1,5,5,6,1,2,5,3,3,4,9,5,7,4,3,10,4,2,7,8,1,18,4,5,9,3,1,5,5,5,8,4,10,3,3,1,5,4,3,11,11,25,2,4,8,4,4,4,5,1,7,2,3,3,0,4,13,4,4,3,1,4,2,6,3,3,10,3,2,6,10,14,4,1,3,0,3,2,2,2,2,9,6,11,3,6,1,1,3,3,0,6,3,6,10,1,1,13,1,8,1,8,5,5,2,2,1,25,15,12,1,1,3,9,4,6,2,3,4,1,25,9,4,8,20,3,2,5,13,10,8,2,3,1,4,4,18,2,5,8,1,7,4,5,1,7,8,8,2,3,1,9,0,1,1,6,2,4,8,4,1,3,5,15,7,2,0,9,12,3,28,9,3,2,4,5,3,17,5,0,2,1,15,4,8,2,2,1,3,7,3,0,5,2,11,3,2,1,3,0,12,6,3,4,2,2,1,7,3,5,3,12,2,1,1,6,4,16,6,1,7,3,3,7,2,5,12,3,1,19,44,3,2,1,18,1,15,8,5,2,2,7,2,1,4,6,3,1,4,5,9,6,1,6,3,5,3,1,5,3,2,15,26,3,6,17,5,0,9,6,7,4,13,3,14,4,7,12,8,9,4,2,1,4,4,8,3,1,3,6,5,2,21,1,8,0,0,5,1,6,2,21,12,24,2,2,1,6,4,6,2,8,5,0,2,6,1,5,5,1,2,12,3,1,4,5,4,8,12,1,0,13,2,0,1,5,19,0,5,1,2,12,7,5,1,1,0,9,1,12,2,4,9,6,2,2,1,2,0,7,0,1,4,2,3,6,5,1,11,9,1,3,19,13,7,7,1,3,22,3,4,9,2,1,4,3,1,7,10,2,4,1,3,1,3,12,5,10,1,2,3,4,4,1,5,7,16,6,10,4,3,6,14,3,5,13,6,1,3,3,12,4,1,5,9,9,9,5,3,24,13,0,0,3,17,8,1,1,3,2,4,0,4,4,4,4,24,2,1,17,5,6,10,1,3,14,2,4,2,6,3,22,12,4,4,4,6,2,2,1,3,2,2,3,2,8,4,6,10,13,3,12,9,3,9,11,1,5,8,9,2,4,0,3,5,3,5,5,3,18,2,6,6,2,4,7,3,4,5,2,1,1,0,9,3,5,2,5,9,2,9,4,3,5,1,7,4,2,24,0,1,3,4,2,5,3,6,26,2,13,3,2,0,2,5,1,0,3,2,2,5,1,0,7,5,11,4,8,2,4,13,5,12,5,18,1,5,2,3,5,9,1,3,13,3,13,1,2,13,8,5,3,1,6,7,1,0,9,7,32,5,2,7,11,5,4,11,5,12,3,9,4,8,3,5,0,1,4,4,5,4,5,3,2,3,2,22,2,0,5,8,10,10,3,1,5,3,0,4,2,3,3,3,5,0,1,3,9,7,3,2,4,3,3,1,3,3,2,5,5,3,5,2,1,7,8,5,1,7,3,3,9,2,3,3,9,3,4,4,8,1,9,8,30,1,3,3,5,20,3,0,4,2,3,12,1,7,12,1,1,3,6,10,4,2,1,8,10,3,3,18,2,8,6,4,5,1,2,10,8,2,3,2,1,3,3,3,4,1,4,4,5,2,9,3,8,19,7,5,4,7,2,1,3,1
FGFBP2,0,4,1,4,1,0,0,0,0,0,0,0,0,0,0,0,0,7,0,0,0,0,0,0,0,3,0,0,0,0,0,0,0,0,4,0,0,1,0,0,0,0,0,0,0,0,0,0,0,0,0,0,0,1,0,0,1,0,0,0,0,0,0,0,0,0,0,0,0,1,0,0,0,0,0,2,6,0,0,0,0,0,0,0,10,0,0,0,0,0,0,0,0,0,0,0,0,0,0,0,0,0,0,0,0,0,0,2,0,0,0,0,0,0,0,0,0,0,0,0,0,0,0,0,0,0,0,0,0,0,0,0,0,0,0,0,0,0,0,0,0,0,0,0,0,8,0,0,0,1,0,4,0,0,0,0,0,0,0,0,0,0,0,0,0,0,0,0,0,0,0,9,0,0,0,0,0,0,0,0,0,0,0,0,0,0,0,0,0,0,0,0,0,0,0,0,0,3,0,0,0,1,0,0,0,0,0,0,0,0,0,0,6,4,0,0,1,0,0,0,0,0,0,0,0,2,0,1,0,0,0,0,0,0,0,0,0,0,0,0,0,0,0,0,0,0,0,0,0,0,0,0,0,2,0,0,0,0,0,0,0,0,2,0,0,0,0,0,0,0,2,0,0,0,0,2,0,0,0,0,0,0,0,0,0,0,0,0,0,0,0,0,0,1,0,0,0,0,0,2,0,0,5,0,0,0,0,0,0,1,0,0,0,0,0,1,0,0,0,0,0,3,1,0,2,0,0,0,0,0,0,0,0,0,0,0,0,0,0,0,0,0,0,0,0,0,0,0,0,0,0,0,0,0,4,0,0,0,0,0,0,0,0,0,1,0,0,0,0,0,0,0,3,0,0,0,1,0,0,1,0,0,0,0,0,0,0,0,0,9,0,0,0,0,0,0,0,0,5,0,0,0,0,0,0,0,3,0,0,0,0,0,0,0,0,1,0,0,0,0,0,0,0,0,0,0,1,1,0,0,0,0,0,0,0,0,0,0,0,0,10,0,0,0,0,0,6,0,0,0,0,0,0,0,1,0,0,0,0,0,0,0,0,0,0,0,0,0,0,0,0,0,2,0,0,0,0,0,0,0,0,0,2,0,0,0,0,0,0,0,0,0,0,0,0,0,0,0,0,11,0,0,0,0,0,0,0,0,1,0,0,4,0,0,0,0,0,0,0,0,0,0,0,0,0,0,0,0,0,0,0,0,0,0,0,0,2,0,0,0,0,0,0,1,0,0,0,0,0,0,0,0,0,0,0,0,0,0,0,5,0,0,0,0,0,0,0,0,0,0,0,1,0,0,0,0,0,0,0,0,0,5,0,0,0,0,0,0,0,0,0,0,1,0,0,0,0,0,0,0,0,0,0,1,0,0,0,4,0,0,0,0,11,0,0,0,0,0,0,0,0,0,0,0,11,0,0,0,0,0,0,0,0,3,0,0,0,0,0,0,0,0,8,0,0,1,0,4,0,0,5,0,0,0,0,0,0,0,0,0,0,0,0,1,0,0,0,0,0,0,0,0,0,0,9,0,0,0,0,0,2,0,0,0,0,0,0,0,0,0,0,0,0,0,0,0,0,0,0,0,0,0,0,7,0,0,0,0,0,0,4,0,0,0,0,0,1,0,0,0,0,0,0,0,0,0,0,1,0,2,0,0,0,0,0,0,0,1,2,0,0,0,0,0,0,0,0,0,0,0,0,0,0,0,0,0,0,0,4,0,0,0,0,0,0,0,0,0,1,0,0,0,0,0,0,0,0,0,0,0,0,0,0,0,0,0,7,0,0,0,1,0,0,1,0,0,1,0,0,0,0,0,0,0,0,0,0,0,0,0,0,0,0,0,0,0,0,0,0,8,5,0,0,0,0,0,0,0,1,0,0,7,0,0,0,0,0,0,0,0,0,0,0,0,0,0,0,1,13,0,0,0,0,0,0,0,1,0,0,0,0,1,0,0,0,0,0,0,4,0,0,0,0,6,0,2,6,0,0,0,0,0,0,0,0,0,0,1,0,0,0,0,3,0,0,4,0,0,0,0,0,0,0,0,0,0,0,1,0,0,0,1,0,0,0,0,0,0,1,0,0,0,0,0,0,1,0,0,0,0,0,0,0,0,0,0,0,0,0,4,0,0,0,0,0,0,1,0,0,0,0,0,0,0,0,0,0,0,0,0,0,0,0,6,0,0,0,0,0,0,0,0,0,0,0,0,0,1,0,0,0,0,0,0,0,0,0,0,0,0,0,0,0,0,2,0,0,0,0,0,0,0,0,0,0,5,0,0,0,0,0,1,0,0,0,0,0,0,0,1,0,0,0,0,3,0,0,0,0,0,0,0,0,0,0,0,0,0,0,0,0,4,1,6,0,0,0,0,0,0,0,0,0,0,0,0,0,0,0,0,0,0,0,0,0,2,0,0,2,0,0,0,3,0,0,0,0,0,0,0,0,0,0,0,4,0,0,0,0,0,0,0,0,0,0,0,0,0,0,0,0,0,0,0,0,0,0,0,0,0,0,0,0,0,0,0,0,0,0,0,0,0,0,0,0,0,11,0,0,0,0,0,0,0,2,0,0,0,0,0,0,0,0,11,0,0,0,0,0,0,0,0,0,0,0,2,0,0,0,0,0,0,0,0,0,0,0,0,0,14,0,0,0,0,0,11,0,0,0,0,0,0,0,0,0,0,0,0,1,0,0,0,0,0,0,0,0,5,0,0,0,0,0,0,0,0,0,1,0,0,0,0,2,0,0,0,0,0,0,0,0,0,0,0,0,0,0,0,0,0,0,0,0,0,0,0,0,0,0,0,0,0,0,0,0,0,0,0,0,0,0,0,0,0,0,0,1,2,0,0,0,0,0,0,10,0,0,3,0,0,3,0,0,0,0,0,0,1,0,0,0,0,0,0,0,0,0,0,0,0,0,0,0,0,0,0,4,0,0,0,0,0,0,0,0,0,0,0,1,0,0,0,0,2,0,1,0,0,7,0,0,0,0,0,0,0,3,0,0,0,0,0,0,0,0,0,0,6,0,0,0,0,0,0,0,0,2,0,0,0,0,0,0,0,0,0,0,1,0,0,0,0,0,0,0,0,0,0,0,0,0,0,0,0,0,0,0,0,0,0,10,0,0,1,0,0,0,1,0,0,0,0,0,0,0,0,0,0,0,0,0,0,4,0,0,0,4,0,0,0,0,0,0,0,0,0,0,0,0,0,0,2,0,0,0,0,0,0,0,0,0,2,0,0,0,0,0,1,0,0,0,0,0,0,0,0,0,0,7,0,0,0,0,0,0,1,0,0,0,0,0,0,0,0,0,0,0,0,0,0,0,0,0,0,0,0,1,0,0,0,0,0,2,0,0,0,0,0,0,0,0,0,0,0,0,0,0,0,0,0,0,0,0,0,0,0,0,0,1,0,0,0,0,0,0,1,0,0,0,0,0,0,1,0,0,0,0,1,0,0,0,0,0,0,0,0
STXBP2,2,1,0,0,0,0,1,2,0,0,2,0,2,1,0,17,0,0,3,0,0,0,5,3,0,0,0,0,0,0,0,0,0,0,0,1,0,0,1,2,0,0,3,2,0,0,0,2,1,0,0,1,5,0,1,1,0,0,1,0,2,0,0,0,0,0,0,3,1,0,1,1,0,3,0,0,0,2,2,1,0,0,0,1,0,0,0,0,0,0,1,0,0,5,0,6,0,0,0,1,0,1,4,0,0,2,0,0,1,0,0,0,1,2,0,0,0,1,1,0,0,1,0,0,0,0,0,0,3,0,0,0,0,0,0,0,0,0,2,0,1,0,0,0,1,1,4,2,0,0,4,0,2,0,2,0,0,0,0,2,0,0,1,0,0,0,2,0,3,5,0,0,0,0,1,0,0,0,1,0,0,0,0,0,0,0,0,0,2,7,7,2,0,0,0,0,1,0,3,0,3,1,0,0,0,0,0,0,0,0,0,0,0,0,0,0,0,1,0,1,0,0,0,0,0,0,0,1,0,1,0,1,6,0,3,1,0,0,0,0,1,0,0,0,0,0,0,4,4,3,1,2,0,0,1,0,0,0,0,9,0,0,0,8,0,0,0,0,0,0,0,3,4,5,0,0,0,3,4,0,4,1,0,1,1,0,0,0,1,0,0,0,2,0,0,0,0,0,4,1,0,0,1,0,3,0,0,3,5,0,0,0,0,0,0,0,0,2,0,0,0,0,1,0,1,1,1,0,0,0,1,1,0,0,1,0,0,1,0,5,3,0,0,0,1,0,0,6,0,4,1,0,14,1,0,1,0,0,4,0,0,0,0,5,0,1,2,0,1,0,0,3,0,0,0,6,0,0,0,4,0,0,1,0,0,0,0,0,0,0,0,11,0,10,1,2,0,0,0,7,1,0,1,0,5,1,0,0,1,0,0,1,1,1,1,2,0,1,0,0,1,1,0,0,3,0,0,1,0,0,1,0,1,0,2,0,3,0,0,5,0,0,1,0,1,5,0,0,0,1,0,0,3,0,4,2,0,0,4,0,1,0,0,0,4,0,0,0,0,5,2,5,0,0,0,15,5,1,0,1,8,0,0,0,0,0,0,2,0,0,1,1,2,0,0,0,0,0,1,0,1,2,0,0,0,0,0,4,0,0,0,0,0,1,0,0,0,0,0,0,0,0,1,0,1,9,0,0,4,0,4,1,0,0,2,4,1,0,0,0,1,0,1,1,0,0,3,0,7,0,0,0,1,1,2,3,0,11,1,0,0,0,0,1,1,0,0,0,1,0,1,1,0,0,0,4,0,0,2,0,0,0,0,1,0,0,0,0,0,0,0,0,0,6,0,0,1,1,0,0,0,4,1,0,1,0,0,0,0,0,5,0,0,0,0,1,1,0,0,7,0,1,0,0,0,1,0,2,0,0,0,2,0,0,0,0,0,0,1,0,0,2,0,0,1,0,0,1,0,0,0,0,0,2,1,1,0,0,0,1,0,1,0,0,0,0,5,0,0,0,2,0,2,0,0,1,2,5,0,0,1,4,0,0,1,0,0,1,1,0,0,1,0,0,0,1,0,0,0,4,0,0,0,0,0,1,1,0,1,1,0,0,1,0,1,0,0,0,0,1,0,0,0,0,0,0,0,0,0,0,0,0,0,0,1,0,4,0,0,0,0,0,1,5,0,1,0,0,0,0,0,0,0,0,1,0,0,0,0,0,1,0,0,0,1,1,0,0,0,1,1,0,1,1,3,3,1,1,2,2,1,0,0,2,2,9,1,0,0,0,0,0,0,2,5,0,0,0,2,0,0,0,0,0,1,1,0,1,0,0,0,1,0,1,0,1,4,0,0,1,2,0,2,0,0,0,1,0,0,1,0,0,0,4,0,1,0,0,4,0,3,2,0,0,0,1,0,0,2,0,0,1,0,0,0,0,4,14,0,0,0,0,1,1,0,0,0,2,0,0,1,1,4,0,0,0,0,0,0,4,0,1,4,2,3,0,1,0,0,0,0,0,0,1,2,1,0,1,1,0,0,1,0,0,0,0,0,0,1,5,0,0,0,0,2,0,1,0,0,0,0,1,0,0,1,5,0,0,4,0,0,0,0,1,0,0,1,9,0,0,0,0,1,0,0,0,1,1,0,0,0,0,4,0,0,1,1,0,0,6,0,0,0,0,1,2,0,0,0,4,0,3,1,1,0,0,1,0,3,0,0,0,0,8,0,1,0,0,0,0,0,0,1,0,0,0,0,0,0,0,0,3,0,0,0,0,0,0,1,0,2,1,1,2,0,0,0,0,2,0,0,0,0,0,2,0,0,3,0,0,4,1,0,1,0,3,0,3,1,0,0,0,1,0,0,2,0,0,0,0,0,3,0,0,0,0,1,0,0,0,0,1,7,2,3,0,3,4,0,0,2,1,0,1,0,1,0,5,1,3,1,0,0,1,0,0,2,1,0,0,3,0,0,2,1,0,0,0,5,0,1,1,10,3,5,0,0,0,1,1,0,0,0,0,1,0,5,0,0,1,1,2,5,1,0,1,0,0,7,0,0,1,0,1,0,0,0,1,0,0,0,0,1,0,1,1,0,0,3,0,3,0,0,2,0,0,1,0,0,0,1,0,0,0,0,0,0,0,0,2,1,0,0,1,0,0,8,0,0,2,0,0,1,0,0,0,0,0,2,4,0,0,0,0,0,1,4,1,0,1,1,0,0,0,0,0,0,3,0,3,0,0,0,9,0,0,8,0,0,1,0,4,0,0,0,1,0,13,0,0,5,3,1,0,0,1,3,0,0,0,0,1,0,0,0,0,0,0,0,0,11,1,5,5,0,0,7,0,0,0,1,0,2,3,0,0,1,0,1,0,1,1,0,0,0,0,3,1,0,2,3,0,0,0,0,1,1,0,0,1,0,0,0,0,0,0,0,0,2,0,7,0,1,3,0,0,3,0,0,1,0,0,0,1,0,0,0,0,4,0,0,3,0,4,0,0,2,0,0,3,1,1,0,0,0,0,0,0,4,0,2,0,0,0,0,0,0,1,0,0,1,0,0,0,8,0,1,0,2,1,0,11,2,2,0,3,0,1,0,2,2,1,0,0,1,0,1,0,1,2,0,0,0,0,1,0,0,1,1,1,11,0,0,0,0,2,0,5,0,1,0,1,0,0,0,2,0,0,0,0,0,0,0,0,4,0,0,5,1,0,3,0,6,2,0,0,0,0,0,0,1,0,0,0,0,0,0,0,0,0,2,1,0,1,1,0,0,0,1,0,0,0,0,0,0,4,1,1,0,1,0,1,8,0,1,0,8,1,0,0,0,0,0,0,2,0,1,1,0,1,0,1,0,0,0,1,0,1,1,0,0,0,0,4,0,0,0,0,2,0,0,7,0,0,2,0,0,0,1,2,0,0,0,0,0,0,0,0,1,0,0,1,1,0,3,0,0,1,0,0,0,1,0,0,0,0
HLA.A,9,10,15,13,19,8,9,12,8,3,7,21,2,9,5,42,5,23,12,4,5,11,10,5,5,20,7,6,17,5,9,2,5,13,13,13,6,13,5,10,8,18,17,25,11,4,11,10,6,2,2,4,6,17,11,7,4,10,11,15,16,9,14,4,3,24,9,3,10,9,6,16,6,1,4,13,8,8,0,6,12,10,2,7,19,6,12,4,26,3,6,15,9,7,9,12,11,7,1,22,11,9,17,8,16,4,0,23,7,15,11,13,0,7,7,13,14,19,6,7,2,7,11,4,8,9,29,3,3,5,2,8,8,2,6,11,8,4,6,14,7,10,9,6,17,16,9,8,22,22,15,10,18,6,9,12,16,6,8,2,4,2,17,5,15,20,6,15,8,29,10,21,18,7,9,1,6,6,6,10,6,7,12,6,7,6,7,10,5,6,10,5,8,11,10,17,12,13,3,5,3,25,5,6,12,17,8,19,12,8,1,9,13,9,18,15,4,21,8,4,2,5,16,8,22,3,8,5,7,9,12,7,5,11,4,13,13,5,14,3,2,3,11,3,13,1,10,21,14,5,6,4,8,19,7,4,0,12,3,6,8,3,16,14,5,21,6,9,18,18,23,10,2,4,11,17,7,10,15,9,6,3,11,12,10,7,4,3,9,10,8,9,1,15,19,5,11,2,6,16,9,7,20,7,6,4,15,0,11,9,8,3,14,16,6,6,5,18,17,9,16,14,12,1,13,2,7,7,6,7,8,6,10,8,4,2,15,6,5,7,18,18,5,16,6,15,10,3,22,16,12,6,26,6,13,0,4,15,12,3,17,9,5,5,14,9,36,13,9,16,16,2,15,4,8,17,14,19,6,5,6,1,7,7,6,3,4,15,7,15,11,20,10,23,4,4,33,16,10,9,6,6,24,10,9,10,28,7,18,17,17,25,4,15,4,14,4,7,10,8,7,10,57,15,3,7,9,12,13,11,0,12,10,25,7,3,3,13,15,22,19,11,6,6,21,19,17,3,11,6,19,14,2,14,5,14,29,15,8,3,7,8,3,6,16,10,10,8,8,3,4,4,24,3,10,6,3,16,4,5,12,12,15,23,7,11,18,12,16,7,11,9,7,3,9,2,14,9,0,23,3,5,5,8,10,17,4,17,10,4,3,13,9,7,3,11,11,7,6,5,11,8,19,14,9,6,18,4,16,6,6,24,19,5,13,16,27,21,7,13,14,20,5,17,6,9,10,5,16,9,18,19,5,1,5,16,4,9,4,22,10,19,6,24,7,11,21,8,21,5,9,35,14,12,10,6,10,9,3,11,4,11,7,6,10,19,12,1,4,4,9,4,13,8,6,10,10,4,4,5,13,11,1,18,15,22,5,14,4,6,1,6,14,13,19,9,4,17,1,4,20,23,21,3,28,13,7,3,10,17,6,15,16,18,2,4,7,6,13,7,9,2,35,9,15,6,14,17,5,2,23,9,0,0,4,5,2,13,7,11,4,11,8,23,11,13,1,2,5,11,3,5,7,16,29,9,1,10,8,25,11,17,16,7,5,10,17,15,3,6,11,3,12,13,5,11,6,9,7,6,2,9,11,11,8,3,5,9,21,20,18,17,8,18,4,13,9,20,0,5,4,9,14,18,4,12,6,9,4,24,19,5,6,9,14,4,4,17,14,7,2,8,18,2,6,17,6,15,9,2,26,9,6,13,6,2,6,12,14,12,8,5,6,10,6,9,27,8,13,15,10,22,7,21,4,3,9,13,3,14,7,5,9,25,7,12,16,11,13,9,15,13,9,4,8,27,19,10,4,7,5,13,4,13,32,17,8,5,4,6,13,3,6,6,11,6,13,9,12,16,21,6,15,11,3,15,7,6,5,1,12,18,4,4,5,4,9,7,10,16,2,4,18,7,13,18,10,21,26,9,5,3,2,5,16,1,2,7,7,15,10,4,9,3,15,9,13,9,23,0,17,4,16,10,7,10,12,9,2,8,4,6,4,8,6,14,9,5,5,12,6,11,18,3,0,15,12,9,5,3,8,4,7,15,9,3,4,8,6,5,7,7,6,7,6,21,8,9,14,12,3,6,9,9,8,9,5,17,3,14,1,6,3,4,1,10,6,22,13,23,11,4,18,18,3,10,19,7,7,18,2,5,4,9,7,4,17,9,13,5,38,6,9,13,4,10,5,4,15,2,3,20,2,17,8,7,6,13,10,11,15,7,2,28,21,11,10,5,9,4,16,6,9,12,8,17,2,13,3,6,3,5,9,0,6,11,3,10,1,3,14,21,6,2,10,9,1,7,2,9,6,5,4,1,17,17,22,4,9,10,23,43,4,10,3,12,2,27,3,9,2,11,19,8,12,7,4,8,8,9,20,1,17,13,6,10,4,6,10,9,23,11,15,16,4,22,10,2,15,4,13,15,14,10,11,7,6,1,6,18,16,3,2,11,8,14,2,15,14,5,4,15,19,27,11,5,0,15,3,1,15,10,10,4,8,10,12,8,5,16,18,8,8,14,6,6,4,12,22,16,5,9,9,5,9,17,23,7,1,7,7,1,37,16,21,25,5,23,0,8,11,8,8,23,4,6,1,0,11,13,5,10,8,17,6,8,14,3,16,8,15,30,18,5,3,3,6,10,9,18,12,13,5,23,1,23,8,7,4,21,14,6,1,3,5,6,19,5,4,7,5,11,0,5,8,16,6,18,7,4,2,15,9,6,9,16,5,13,19,3,7,14,15,28,5,8,15,11,8,15,7,5,8,4,9,12,6,7,8,5,8,16,9,1,10,10,12,6,10,7,8,6,3,8,5,8,6,6,10,11,9,13,4,6,7,14,11,19,9,5,10,11,13,7,15,4,1,18,3,7,7,5,22,7,3,6,12,25,0,7,16,8,10,42,14,4,35,8,5,6,5,5,11,1,3,8,22,10,5,8,9,3,7,8,8,14,3,12,5,9,9,7,8,17,15,13,5,4,5,12,3,8,3,4,7,8,17,14,8,13,9,16,11,8,1,4,11,21,75,13,8,8,14,8,7,10,17,9,6,11,6,22,7,9,3,4,11,14,4,4,6,14,8,11,2,23,13,29,3,14,1,3,12,13,17,6,4,8,14,15,9,16,3,8,8,5,11,11,14,6,20,20,9,10,27,3,9,1,10,17,8,2,8,7,27,3,10,8,5,8,14,9,10,2,4,9,4,14,11,14,2,11,9,5,5,3,5,14,8,9,10,24,7,14,4,12,7,26,10,7,25,9,9,5,2,11,15,6,16,2,10,5,23,8,13,5,15,9,2,17,7,5,4,8,5,14,14,2,9,21,5,11,1,7,21,8,16,15,12,14,5,9,27,16,8,2,8,1,14,27,9,13,4,7,3,8,5,12,10,4,5,9,1,15,0,8,3,6,8,2,6,9,17,3,8,10,18,12,16,7,14,2,5,2,8,11,0,24,17,12,5,24,9,4,15,10
MS4A6A,0,0,0,0,0,3,3,0,1,0,2,1,2,0,0,0,0,0,4,0,0,0,2,2,0,1,0,0,0,0,0,0,0,0,0,0,0,0,1,0,0,0,2,0,0,0,0,3,0,0,0,0,0,0,0,5,0,0,0,0,0,0,0,0,0,0,0,0,6,0,0,0,0,2,3,1,0,2,2,2,0,0,0,1,0,0,0,1,0,0,7,0,0,2,0,3,0,0,3,0,0,0,3,0,0,4,0,0,2,0,0,1,1,4,0,0,0,0,1,0,0,1,3,0,0,0,0,0,6,0,0,0,0,0,0,0,0,0,0,0,0,0,0,1,0,1,4,4,0,0,0,0,0,0,0,0,0,0,0,1,0,0,6,1,0,0,5,0,4,1,0,0,0,0,1,0,0,0,1,0,0,0,0,0,3,0,0,0,3,1,2,0,0,0,0,0,0,0,0,0,2,0,2,0,0,0,0,0,0,0,0,0,0,0,0,0,0,0,2,3,0,0,7,0,0,0,0,4,0,0,0,0,0,0,3,0,0,0,0,0,3,0,0,0,0,0,0,8,7,4,0,2,0,0,0,0,0,0,0,2,0,0,0,3,0,0,0,0,0,0,0,6,3,0,0,0,0,0,0,0,1,2,0,0,1,0,0,0,0,0,0,0,2,0,0,0,0,0,6,0,0,0,0,0,2,0,0,0,0,0,0,0,0,0,1,0,0,0,0,0,0,0,4,0,0,0,3,0,0,0,0,2,0,0,1,0,0,0,0,2,8,0,2,0,0,0,0,2,1,4,1,0,0,0,0,1,0,0,0,2,0,0,0,2,1,0,0,0,0,0,0,7,0,0,0,16,0,0,0,4,0,0,0,0,0,3,0,0,0,0,0,1,0,0,0,1,0,1,0,1,5,0,0,0,1,0,0,0,0,0,1,0,3,0,0,4,0,0,0,0,4,0,0,0,0,0,0,0,0,0,1,0,0,0,3,0,2,0,0,0,0,0,0,0,0,18,0,0,0,0,0,0,2,0,4,1,0,8,3,0,3,0,0,0,1,4,0,0,1,0,2,4,0,0,0,0,0,0,0,0,2,0,0,0,4,0,0,0,1,7,0,0,0,0,0,1,0,0,0,0,1,2,0,0,0,0,0,4,0,0,0,0,0,0,0,0,0,0,0,0,0,0,0,4,0,2,0,0,4,0,4,0,1,0,0,4,0,0,0,0,0,0,0,0,0,0,1,0,0,0,0,4,0,0,3,5,0,0,0,0,0,0,0,0,0,0,0,0,0,0,0,0,0,0,0,8,0,0,0,0,0,0,0,0,0,0,0,0,0,1,0,0,0,1,0,0,0,0,0,0,0,2,1,0,0,2,3,0,0,0,0,0,0,0,0,0,0,0,2,1,0,0,0,0,0,0,1,0,0,0,0,0,0,0,0,0,0,0,0,0,0,0,0,0,0,0,1,0,0,1,0,0,0,1,0,2,0,0,0,5,1,0,1,0,0,0,0,0,0,1,0,0,0,0,0,0,4,2,0,0,0,4,0,0,0,0,0,0,1,0,0,0,0,0,0,0,0,0,0,1,0,0,0,0,0,2,0,0,0,0,0,0,0,0,3,0,0,0,0,0,0,0,0,0,0,0,0,0,0,1,0,0,0,0,12,0,0,0,0,0,0,0,0,4,1,0,0,0,0,0,0,0,0,0,0,0,0,0,0,0,0,3,0,0,3,0,0,0,0,0,0,0,0,0,0,1,1,0,2,1,2,0,0,1,3,0,0,1,0,0,0,0,0,4,4,0,0,0,1,0,0,0,0,0,0,0,0,0,0,0,0,3,0,3,0,0,5,0,0,1,0,0,0,0,0,0,0,0,0,1,1,0,0,3,0,0,0,1,1,0,1,4,0,0,0,0,0,0,0,0,0,1,1,0,0,0,1,1,0,0,0,0,0,0,0,0,0,1,0,1,0,1,0,0,0,0,0,0,0,3,0,0,3,1,3,0,0,0,0,0,0,0,0,1,2,6,0,0,1,0,0,0,0,0,0,0,0,0,0,3,2,0,0,0,4,1,0,1,0,0,0,0,1,0,1,2,0,0,2,0,3,1,0,0,0,0,0,0,0,0,0,0,0,0,0,0,0,1,0,0,1,0,3,0,0,0,0,0,0,1,0,0,0,0,2,4,0,0,0,4,0,2,2,0,0,0,0,0,3,0,0,0,0,8,0,0,0,0,0,0,0,0,0,0,0,0,1,0,0,0,0,3,0,0,0,0,0,0,0,0,1,0,5,0,0,0,0,0,2,0,0,0,0,0,0,0,0,2,0,0,0,0,0,0,0,4,0,4,0,0,0,0,0,0,0,0,0,0,0,0,3,2,0,0,0,0,2,0,0,0,0,0,0,0,0,0,3,0,0,1,2,0,0,0,0,1,0,0,5,9,6,0,0,0,0,0,1,0,0,0,3,0,0,0,0,1,0,0,0,0,0,0,0,2,6,0,0,0,1,0,0,0,0,0,0,0,4,0,0,0,0,0,6,1,0,0,0,0,2,0,0,1,0,0,0,0,0,0,0,0,0,0,1,0,0,0,0,0,10,0,3,0,7,1,0,0,0,0,0,0,0,0,0,0,0,0,0,0,0,0,0,0,0,0,8,0,0,0,0,13,0,0,0,0,0,0,0,0,4,2,0,1,0,0,0,0,4,0,0,0,0,0,0,0,0,0,0,1,0,2,0,0,0,0,0,0,0,0,0,0,1,0,1,0,0,0,1,1,0,0,6,5,0,0,0,5,4,0,0,0,0,0,0,0,0,0,0,0,0,0,0,0,4,1,0,0,0,0,0,0,1,0,3,6,0,0,0,0,0,0,0,1,0,0,0,0,4,0,1,0,5,0,1,0,0,3,0,0,0,2,0,0,0,0,0,0,0,0,2,0,0,0,0,2,0,0,1,0,0,0,0,0,0,0,0,0,0,0,0,1,0,4,0,2,0,0,0,0,0,7,0,0,0,0,0,0,0,0,0,0,3,0,0,0,0,0,0,0,7,0,0,0,0,0,0,0,0,1,4,0,0,0,0,3,1,6,0,0,0,0,0,0,0,0,16,0,6,0,0,7,0,0,0,0,0,0,0,0,1,7,1,0,0,0,0,6,0,0,0,0,0,0,0,0,0,2,0,0,0,7,0,0,0,1,1,0,0,3,0,0,0,0,5,3,0,0,0,0,0,0,0,0,0,0,0,0,0,0,0,4,1,0,0,0,0,0,0,0,0,1,0,0,0,0,0,3,0,0,0,0,0,0,0,0,0,0,0,2,0,0,0,0,0,4,7,0,0,0,0,9,0,0,0,0,0,3,0,2,3,0,0,0,0,3,0,0,0,0,4,0,0,0,0,0,2,0,0,0,0,3,0,0,0,0,0,1,0,0,0,0,0,1,2,0,4,0,1,0,0,0,0,0,0,0,0,0
KLRD1,0,1,1,2,0,0,0,0,0,0,0,0,0,0,0,1,0,0,0,0,0,0,0,1,0,0,0,0,0,0,0,0,0,0,2,0,0,0,0,0,0,0,0,0,3,0,0,0,0,0,0,0,0,2,0,0,0,0,0,0,0,0,0,0,0,1,0,0,0,0,0,0,0,0,0,0,4,0,0,0,0,0,0,0,6,0,0,0,0,0,0,0,0,0,0,0,0,0,0,0,0,0,0,0,0,0,0,5,0,0,4,0,0,0,0,0,1,0,0,0,0,0,0,0,0,0,1,0,0,0,0,0,0,0,0,0,0,0,0,5,0,0,0,0,0,0,0,0,0,6,0,3,3,0,0,0,0,0,0,0,0,0,1,0,1,0,0,0,0,0,0,2,0,0,0,0,0,1,0,0,0,0,0,0,0,0,0,0,0,0,0,0,0,0,0,0,0,3,0,0,0,3,0,0,0,0,0,0,0,0,0,1,5,1,4,0,0,0,0,0,0,0,0,0,0,1,0,0,0,0,0,0,0,0,0,1,0,0,0,0,0,0,0,0,1,0,2,0,0,0,0,0,0,0,0,0,0,0,0,0,0,0,0,0,0,2,0,0,0,0,5,0,0,0,0,0,0,0,0,0,0,0,1,0,0,0,0,0,0,0,0,0,0,2,0,0,0,0,0,1,0,0,0,0,0,0,2,0,0,0,0,0,0,0,0,0,0,0,0,0,0,1,0,0,3,0,0,0,0,0,0,0,0,0,0,0,0,0,0,0,0,0,0,0,0,0,0,0,0,0,0,0,0,0,0,0,0,0,0,0,0,0,0,0,1,0,0,0,0,0,3,0,2,0,1,0,0,1,0,0,0,0,0,0,0,0,0,0,0,3,0,0,0,0,0,0,0,0,1,0,0,0,0,0,0,0,0,0,1,0,0,0,0,0,0,0,0,0,0,0,0,0,2,1,0,0,2,2,0,0,0,0,0,0,2,0,0,0,0,0,6,0,0,0,0,0,2,0,0,0,0,0,0,0,0,0,1,0,0,0,0,0,0,0,1,0,0,0,0,0,0,0,3,0,0,0,0,0,0,0,0,0,8,0,0,0,1,0,0,0,0,0,0,0,0,0,0,0,0,0,0,0,0,0,0,0,0,0,2,0,0,0,0,0,0,0,0,0,0,0,0,0,0,0,0,0,0,0,0,0,0,0,1,0,0,0,5,0,0,0,0,1,0,8,0,0,0,0,0,0,0,0,0,0,0,0,0,0,0,1,0,0,0,0,0,0,0,0,0,0,0,7,0,0,0,0,2,0,0,2,0,5,0,0,0,2,0,0,0,0,0,0,1,0,0,0,0,0,0,0,0,0,0,0,0,1,0,5,0,0,0,0,5,0,0,0,0,0,0,0,0,0,2,0,5,0,0,0,0,0,0,0,0,5,0,0,0,0,2,0,0,1,7,0,0,0,0,0,0,0,4,0,0,0,0,0,0,0,0,0,0,0,0,3,0,0,0,0,0,0,0,0,0,0,4,0,0,0,0,0,1,0,0,0,0,0,3,0,0,0,0,0,0,0,0,0,0,0,0,0,0,0,0,2,0,0,0,0,3,0,4,0,0,0,0,0,2,2,0,0,0,0,0,0,0,0,0,0,0,3,0,0,0,0,0,0,0,0,0,0,1,0,5,0,0,8,0,0,0,0,0,0,0,0,0,0,0,0,5,0,0,0,0,0,0,0,0,0,0,0,0,0,0,0,0,0,0,0,0,0,0,0,0,0,0,0,1,0,0,0,1,0,0,0,0,0,5,0,0,0,0,0,0,0,0,0,0,0,0,0,0,0,0,0,0,0,0,2,2,0,3,0,0,0,0,0,0,0,0,0,0,2,0,0,0,0,0,0,0,0,0,0,0,0,0,0,2,0,5,0,0,0,0,0,5,0,0,0,0,0,0,0,0,0,0,1,0,0,5,0,0,0,0,2,0,0,2,0,0,0,0,0,0,0,0,0,0,0,0,0,0,0,5,0,0,2,0,0,0,0,0,0,0,0,0,0,0,0,0,0,0,1,0,0,0,0,0,0,0,0,0,0,0,0,0,0,0,3,0,0,0,0,0,0,0,2,0,0,0,5,0,0,0,0,0,0,6,0,0,9,0,0,0,0,0,0,0,0,0,0,0,0,0,4,0,0,0,0,1,0,0,0,0,0,0,0,0,1,0,0,0,5,0,0,0,0,0,0,0,0,0,0,0,1,2,0,0,0,0,0,0,0,0,0,0,1,0,0,0,0,0,2,0,0,0,0,0,0,0,0,0,0,0,0,3,0,0,0,0,0,0,0,0,0,0,0,0,3,0,0,0,5,6,1,0,0,0,0,0,0,0,0,0,0,0,0,1,2,0,0,0,0,0,0,0,6,0,0,1,0,0,0,1,1,0,0,0,0,0,0,0,0,0,0,2,3,0,0,0,0,0,0,0,0,0,0,0,0,0,0,0,1,0,0,0,0,0,0,0,0,3,0,0,0,0,1,0,0,1,4,0,0,0,0,0,0,0,0,0,0,0,0,0,3,4,0,0,0,0,0,0,0,0,0,0,0,0,0,0,0,0,0,0,0,0,2,0,0,2,0,0,0,0,0,0,0,0,0,0,8,0,0,0,0,0,0,1,0,0,0,0,0,0,0,0,0,5,0,0,0,0,0,0,0,0,0,0,3,0,0,0,0,0,0,0,1,0,0,2,0,0,0,6,0,0,0,0,0,0,0,0,0,0,0,0,0,0,0,0,0,0,0,0,0,2,0,0,0,0,0,0,0,0,0,0,0,0,0,0,0,0,0,0,0,0,0,0,6,0,0,0,0,0,0,5,0,0,5,0,0,2,0,0,0,0,0,0,3,0,0,0,0,0,0,0,0,0,0,0,0,0,0,1,0,0,0,4,0,0,1,0,0,0,0,0,0,1,0,1,0,0,0,0,1,0,1,0,0,2,0,0,0,0,0,0,0,3,0,0,0,0,0,0,0,0,0,0,4,0,0,0,0,0,0,0,0,0,0,0,0,0,0,0,0,0,0,0,1,0,0,0,0,4,0,0,0,1,6,0,0,0,0,0,0,0,0,0,0,0,0,2,0,0,0,0,0,0,0,0,0,0,0,0,0,0,0,0,0,0,0,0,0,2,0,1,0,3,0,0,0,0,6,0,0,0,1,1,0,0,1,0,6,0,0,0,0,0,0,0,0,0,0,0,0,0,0,0,2,0,0,0,0,2,0,0,0,0,0,1,0,0,0,0,1,1,0,0,0,0,0,0,0,0,0,0,2,0,0,0,0,0,0,0,0,0,0,0,0,0,0,0,0,6,0,0,0,0,0,0,1,0,0,0,0,0,3,0,0,0,0,0,0,0,0,0,0,0,0,0,0,0,0,0,0,0,2,0,0,0,0,0,0,0,0,0,0,0,0,0,0,0,0,0,0,0,2
FCGR3A,0,5,0,7,1,0,0,0,0,0,0,0,0,0,0,10,0,0,0,0,0,0,0,0,0,0,0,0,0,0,0,0,0,0,7,0,0,0,0,0,0,0,0,0,0,0,0,0,0,0,0,0,0,0,0,0,0,0,0,0,0,0,0,0,0,0,0,0,0,0,0,0,0,0,0,1,1,0,0,0,0,0,0,0,1,0,0,0,0,0,0,0,0,0,0,0,0,0,0,0,0,0,0,0,0,0,0,2,0,0,0,0,0,0,0,0,2,0,0,0,0,0,0,0,0,0,0,0,0,0,0,1,0,0,0,0,0,0,0,0,0,0,0,0,0,0,0,0,0,5,0,1,4,0,0,0,0,0,0,0,0,0,0,0,5,0,0,0,0,0,0,4,0,0,0,0,0,0,0,0,0,1,0,0,0,0,0,0,0,10,2,0,0,0,0,0,0,3,0,0,0,0,0,0,0,0,0,0,0,0,0,0,2,0,2,0,0,0,0,0,0,0,0,0,0,0,0,0,0,0,0,0,15,2,1,0,0,0,0,0,0,0,1,0,0,0,0,0,0,0,0,0,0,0,0,0,0,0,0,0,0,0,2,0,0,0,0,0,0,0,2,0,0,4,0,0,0,0,0,0,0,0,0,0,0,0,0,0,0,0,0,0,0,0,0,0,0,0,0,0,0,0,0,0,0,0,0,0,18,0,0,0,0,0,0,0,0,0,0,0,0,0,0,0,0,0,0,0,0,0,0,0,0,0,0,0,0,0,0,0,0,0,0,0,1,0,0,0,0,0,0,0,13,0,1,0,0,0,0,0,0,0,0,0,1,0,0,0,0,0,0,0,2,0,0,0,0,0,0,0,0,0,0,0,0,0,0,0,0,5,0,22,0,17,0,0,0,0,4,4,0,0,0,0,0,0,1,0,0,0,0,0,0,0,0,0,0,0,0,0,0,0,0,5,8,0,0,0,0,0,0,0,0,0,0,0,0,0,0,0,1,0,0,0,0,0,2,0,0,0,0,0,0,0,0,0,0,0,0,0,0,0,0,0,0,5,0,0,0,0,0,0,1,0,0,10,0,0,0,0,1,1,3,0,0,0,0,0,0,0,0,0,0,0,0,0,0,0,0,4,0,0,0,0,0,0,1,0,1,0,0,1,0,0,0,0,0,0,0,0,0,0,0,0,0,0,0,0,0,0,0,0,0,0,1,0,0,0,0,0,0,0,0,4,0,0,0,0,0,0,0,0,0,0,0,0,0,7,0,0,0,0,0,0,0,0,0,0,0,0,0,2,0,0,0,0,0,0,0,2,0,4,0,0,1,0,0,0,0,0,0,0,1,2,0,0,0,0,0,0,0,1,0,2,0,0,0,0,0,0,0,0,5,1,0,0,0,0,0,0,0,0,0,0,3,0,0,3,0,0,0,0,0,5,0,0,0,0,0,0,0,0,1,0,0,0,0,0,0,0,7,0,0,0,0,0,0,0,0,0,0,0,0,1,0,0,0,0,0,0,0,0,0,0,7,0,0,0,0,0,0,0,0,0,0,0,0,0,0,0,0,0,0,0,1,0,0,0,0,0,0,0,0,0,0,0,0,0,0,0,2,0,0,0,0,0,0,0,0,0,0,0,0,0,0,0,0,0,0,1,0,0,0,0,0,0,1,0,0,0,0,0,0,0,0,0,0,0,0,0,0,0,0,0,0,0,0,0,0,0,0,0,0,0,0,1,0,0,0,0,0,0,0,0,4,0,0,0,0,0,1,0,0,0,0,16,0,0,1,0,0,1,0,0,0,0,2,0,0,0,0,0,0,0,0,0,0,0,0,0,1,0,0,0,0,0,5,0,0,0,0,0,0,0,0,0,0,0,0,0,0,4,0,0,0,0,0,0,0,0,0,0,0,0,0,0,0,0,0,0,0,0,0,0,0,0,0,0,0,0,0,0,0,0,0,1,0,0,0,0,0,0,5,0,0,0,2,0,0,0,0,0,0,0,0,0,0,0,0,0,0,0,5,0,0,1,0,0,0,0,0,0,0,0,0,0,0,0,0,0,0,1,0,0,0,0,0,0,0,0,0,0,0,0,0,1,0,0,0,0,0,0,0,0,0,0,0,21,0,4,0,1,0,0,0,0,1,0,0,0,0,1,0,0,0,0,0,0,0,0,0,0,0,1,0,0,0,0,0,0,0,0,0,0,0,0,0,0,0,0,0,0,0,0,0,0,0,0,0,0,0,0,0,0,0,0,0,0,0,0,0,0,0,0,0,0,0,0,0,0,0,1,0,0,0,0,0,0,0,0,0,0,0,0,0,0,0,0,0,0,0,0,0,0,0,0,0,0,0,0,0,1,1,2,0,0,0,0,0,0,0,0,0,0,0,0,0,0,0,0,1,0,12,17,4,2,0,0,0,0,0,0,0,10,0,0,0,0,0,0,0,0,0,0,1,1,0,0,0,0,0,0,0,0,0,0,0,0,0,0,0,0,19,0,0,0,0,1,0,0,0,0,0,0,0,0,1,0,0,0,0,0,0,0,0,0,4,0,0,0,0,0,0,1,0,0,0,0,0,0,0,1,0,3,0,0,0,0,0,0,0,0,0,0,0,0,0,0,0,0,0,0,0,0,0,0,0,0,0,3,0,0,0,0,0,3,0,0,0,0,0,0,0,0,0,0,0,0,0,0,0,0,0,0,0,0,0,1,0,0,0,0,0,0,0,0,0,0,0,0,0,0,1,33,0,0,16,0,0,0,0,0,0,0,0,0,0,0,0,1,0,0,0,0,0,0,1,0,0,0,0,0,0,0,0,0,0,0,0,0,7,0,1,0,0,0,14,0,0,0,0,0,0,0,4,0,0,5,0,0,0,1,0,0,0,0,1,0,0,0,0,0,0,0,0,0,0,0,0,0,0,0,0,0,0,0,0,0,0,0,10,0,0,0,0,0,0,0,0,0,0,0,0,1,0,0,0,0,5,0,0,1,0,0,0,0,0,0,1,1,0,0,0,0,0,0,0,2,0,0,0,0,0,0,0,0,0,0,0,0,0,0,0,0,4,0,0,1,0,1,0,10,1,0,0,0,0,1,0,0,0,0,0,0,0,0,0,0,0,0,4,0,0,0,0,0,0,0,0,0,22,0,0,0,0,0,0,0,0,0,0,0,1,0,1,0,1,0,0,0,0,0,0,0,0,0,0,0,0,2,0,3,6,0,0,0,0,0,0,0,0,0,0,0,0,0,0,0,0,0,0,0,0,0,0,0,0,0,0,0,0,0,0,0,0,0,0,0,0,0,0,0,4,0,0,0,4,0,0,0,0,0,0,0,0,0,0,0,0,0,0,0,0,0,0,0,0,0,0,0,0,0,0,0,0,0,0,0,0,0,0,10,0,0,0,0,0,0,0,0,0,0,0,0,0,0,0,1,0,0,0,0,0,0,1,0,0,1,0,0,0,0,0,0,0,0
GRN,0,0,0,0,0,3,1,1,1,0,2,0,0,0,0,1,0,0,3,0,0,1,2,0,0,0,0,0,0,0,0,0,0,8,0,0,0,0,1,0,0,0,2,0,0,0,0,2,0,0,0,0,1,0,0,1,0,0,0,0,7,0,0,1,0,0,1,0,2,0,0,0,0,3,1,0,0,5,0,3,0,0,1,1,0,2,1,0,1,0,9,0,0,5,0,7,0,0,2,3,1,0,4,0,0,2,0,0,3,0,0,0,2,1,0,1,0,2,2,0,0,0,5,0,0,1,1,0,3,0,0,0,0,0,0,0,0,0,1,0,1,0,0,1,5,0,3,3,1,0,4,0,0,0,0,0,0,0,0,3,0,0,3,2,0,0,3,0,8,14,0,1,0,0,2,0,0,0,1,0,0,1,1,0,1,0,0,0,2,3,2,3,0,1,0,1,0,0,0,0,1,0,1,0,0,0,1,0,0,0,0,0,1,0,0,0,0,2,6,6,0,0,4,0,1,0,1,2,0,0,0,0,2,1,1,0,1,0,0,0,2,1,0,0,0,0,0,6,2,1,0,5,0,0,0,0,0,0,1,2,0,0,0,6,0,0,0,0,0,0,0,9,1,0,1,1,0,0,4,0,3,1,0,0,0,0,0,0,0,0,0,1,4,0,0,0,0,0,8,0,1,0,0,1,6,0,0,0,1,0,0,0,0,0,0,0,0,0,0,0,0,0,5,0,0,0,2,0,0,0,0,3,0,0,1,0,0,1,0,4,4,1,3,2,0,0,0,3,1,4,1,0,0,0,0,3,0,0,6,1,0,0,0,0,0,0,23,0,0,0,0,2,0,1,0,14,1,0,0,7,0,0,2,0,0,1,0,0,0,0,1,3,0,0,0,2,9,0,0,4,2,0,0,1,2,0,0,0,0,0,1,0,4,2,0,9,0,0,0,0,7,0,0,0,1,0,0,0,0,0,0,0,1,0,3,0,0,0,0,8,0,0,6,0,0,15,0,0,0,0,0,0,0,0,7,0,1,2,5,0,6,1,0,0,3,0,0,0,9,2,5,1,0,0,0,1,3,1,0,0,6,0,0,0,4,1,0,1,0,4,0,0,0,0,0,1,0,0,1,0,1,3,0,0,0,0,0,8,0,0,0,0,0,1,0,0,0,0,0,1,1,0,2,6,1,2,0,0,4,0,2,0,0,0,2,4,1,9,0,0,1,0,0,0,0,0,3,0,9,0,0,7,0,0,2,2,0,0,0,0,0,0,1,0,0,0,0,0,1,0,0,0,1,0,0,3,0,0,2,0,1,0,0,1,0,1,0,0,0,0,1,0,0,2,0,4,0,1,0,0,0,9,1,1,0,13,1,1,0,0,1,1,0,0,0,0,0,0,2,5,1,0,0,0,0,0,0,0,0,1,0,0,0,1,0,0,0,1,0,0,0,2,0,0,0,0,3,0,0,0,0,0,0,1,0,2,0,0,0,2,5,2,1,0,0,0,1,0,0,1,0,0,1,0,0,0,5,2,0,0,0,8,1,0,1,0,0,1,1,0,1,0,0,0,0,0,0,0,0,1,1,0,2,0,0,3,0,0,0,9,0,0,0,0,1,0,0,1,1,0,0,1,0,0,0,0,0,0,0,0,0,0,0,2,4,0,2,1,0,0,0,0,0,1,0,0,0,0,0,0,0,1,0,0,0,0,0,0,1,0,2,3,0,0,2,0,0,0,0,0,0,1,0,0,1,2,2,0,1,0,1,0,2,0,2,1,0,0,0,0,0,0,0,1,5,0,0,0,4,0,0,0,0,0,0,0,0,1,0,0,0,2,1,2,0,0,0,0,0,0,0,0,12,0,0,0,0,0,0,1,0,0,0,6,0,0,1,0,4,0,3,3,1,0,0,3,0,0,0,0,0,3,0,0,0,0,2,10,2,0,0,0,0,0,1,1,0,0,0,0,0,0,2,0,0,0,0,1,1,1,0,0,0,4,2,1,0,0,0,0,1,0,1,0,0,2,1,0,1,0,0,0,0,0,0,0,0,0,6,3,4,0,1,0,2,0,0,0,1,0,0,6,3,1,6,5,0,1,2,2,2,1,0,0,0,0,0,1,0,0,0,1,0,0,0,0,0,2,0,0,0,0,0,0,1,0,0,0,0,3,0,1,0,0,0,9,0,0,2,2,0,8,2,0,0,0,0,0,3,0,0,0,0,13,0,1,0,0,0,0,1,0,0,0,0,1,0,0,0,0,0,7,0,0,0,0,0,1,0,0,0,0,2,0,0,0,0,0,0,0,0,1,0,0,0,0,0,1,1,0,14,20,0,0,0,4,0,2,2,0,0,0,0,0,0,0,0,0,0,1,1,3,1,0,0,0,4,0,0,0,0,0,6,2,1,0,3,1,0,2,5,0,0,1,1,3,1,1,2,7,3,1,0,0,0,0,3,0,0,0,2,0,1,11,0,2,0,0,2,0,0,0,3,1,2,0,0,0,1,0,0,1,0,1,0,0,1,1,0,0,0,0,5,0,0,0,0,0,1,0,0,1,0,0,1,0,0,1,0,0,0,0,6,0,0,0,0,0,1,1,7,0,3,5,0,0,0,0,0,0,0,0,0,1,0,0,0,0,0,0,1,0,0,1,10,0,4,0,0,7,0,0,2,0,0,0,0,0,1,5,1,0,0,0,0,0,2,0,0,0,0,0,1,0,0,1,0,5,1,3,0,1,2,3,0,0,2,0,1,0,0,3,0,0,1,1,4,4,0,0,2,2,0,0,0,13,8,0,0,0,0,0,0,0,0,0,0,0,0,0,0,0,1,0,0,0,3,0,0,0,0,0,4,3,0,0,0,1,0,0,0,2,0,0,0,0,8,0,2,1,2,0,6,0,0,4,0,0,0,3,0,0,0,0,0,1,0,0,3,0,3,1,0,1,0,0,3,0,0,0,0,0,0,0,0,0,0,0,0,1,1,1,1,0,0,1,0,0,0,6,0,0,0,1,0,0,2,0,0,0,3,0,1,0,0,0,1,1,1,0,0,1,0,0,2,0,0,0,2,0,0,3,0,5,1,8,1,1,0,1,2,1,0,0,7,1,1,0,0,6,0,0,0,0,0,0,0,1,1,9,3,0,0,0,0,0,1,3,2,5,0,0,0,0,0,2,0,0,1,3,0,0,0,0,3,0,0,6,0,0,2,1,4,2,0,0,0,0,0,1,0,0,0,1,0,0,0,0,0,5,0,0,0,0,0,0,0,0,0,1,0,0,0,0,0,2,0,0,0,0,0,0,3,1,0,0,2,0,0,0,4,0,2,4,10,0,0,0,0,9,2,0,0,0,0,2,0,3,2,1,0,0,0,3,0,0,0,1,5,0,0,3,0,0,0,1,1,0,0,2,1,0,0,1,0,0,1,0,0,0,0,1,1,0,1,0,0,8,0,0,0,0,0,0,0,0
RPS29,60,6,36,9,35,25,13,73,42,19,27,18,24,52,29,55,25,27,20,43,29,49,14,10,20,16,44,36,31,74,66,52,74,33,9,28,70,61,39,27,56,60,12,60,34,36,47,26,48,39,23,42,14,32,43,6,7,57,39,21,44,38,38,3,41,40,52,1,23,58,20,68,50,7,3,17,17,36,4,17,24,39,7,17,20,67,50,58,29,32,38,42,33,18,38,22,20,21,7,50,25,48,17,57,34,18,16,11,21,34,34,57,4,30,48,79,23,67,21,20,15,8,17,13,63,48,40,19,19,30,12,48,37,21,22,35,28,48,14,38,34,47,47,53,76,10,24,16,87,11,26,11,34,50,27,51,27,36,10,8,34,39,18,9,5,44,17,50,12,59,69,8,78,25,10,14,50,38,17,65,18,42,31,19,12,37,75,36,14,10,34,59,32,57,62,47,39,12,1,74,11,33,25,23,41,21,21,68,49,38,36,28,15,6,20,24,44,24,42,29,15,24,26,19,87,8,27,15,54,23,58,33,34,45,21,14,25,33,34,33,10,17,36,5,26,25,52,18,30,13,36,6,20,32,21,68,33,53,20,9,32,27,47,24,43,32,25,23,83,39,11,53,16,9,44,7,21,33,26,47,11,13,68,52,64,59,60,12,39,46,43,61,7,16,38,14,14,24,20,14,42,29,36,47,7,21,53,9,28,58,32,15,31,45,48,33,30,65,39,33,27,10,27,20,19,23,20,76,31,50,33,17,55,16,13,21,35,7,71,20,24,44,20,71,40,56,20,8,36,29,19,46,54,48,9,11,29,93,34,5,32,25,30,11,11,37,81,30,48,49,19,12,10,20,14,74,56,71,30,22,9,7,76,37,36,8,68,63,32,10,54,62,30,25,34,11,55,31,17,18,7,45,23,46,12,49,29,26,60,82,76,59,12,59,42,37,26,21,39,55,24,49,34,5,27,48,29,36,35,13,4,63,45,30,17,20,11,29,56,41,20,70,64,36,60,50,14,41,21,20,27,43,11,39,22,74,40,57,22,31,42,41,41,18,39,27,40,47,13,6,6,19,18,59,45,16,14,35,23,13,13,46,11,56,18,72,26,73,54,11,56,46,37,33,33,7,69,55,16,12,4,15,41,9,47,50,25,43,15,29,5,9,33,26,19,49,29,30,47,11,71,47,67,9,9,9,26,31,29,62,12,82,35,31,47,29,30,46,45,50,128,49,41,15,35,59,23,19,64,35,78,68,16,31,19,17,19,29,41,29,31,72,25,23,48,44,22,50,77,16,52,11,68,35,57,21,52,47,10,21,23,8,45,11,31,48,33,18,31,10,21,31,16,16,45,62,50,29,29,26,36,18,7,35,66,68,13,33,21,25,17,25,12,43,110,55,41,33,20,23,63,58,32,15,10,28,38,19,27,55,23,73,28,19,8,45,31,51,52,41,38,3,77,53,37,33,44,49,43,6,5,36,21,10,18,17,20,27,25,31,14,40,26,7,67,29,5,18,51,43,37,62,13,28,53,58,2,14,52,31,8,43,42,47,6,67,31,68,4,35,29,36,52,23,38,38,22,43,28,11,7,33,45,20,19,17,58,38,25,91,28,31,23,66,19,49,29,40,26,35,69,32,42,66,17,52,37,43,11,29,25,25,18,28,42,70,12,59,16,35,18,42,44,8,53,10,25,35,44,29,37,42,64,37,30,25,46,27,33,61,40,11,37,60,12,29,47,18,61,31,43,38,32,40,14,9,10,30,9,74,10,14,28,50,8,25,22,46,81,47,36,43,17,8,37,33,27,62,4,36,45,23,19,20,43,37,37,24,21,24,43,10,33,11,35,25,14,10,25,10,11,22,43,40,24,56,32,32,38,7,70,26,31,11,35,41,21,49,12,68,6,26,30,27,45,73,28,85,14,49,18,3,1,48,37,20,9,12,56,37,52,44,43,33,40,42,70,8,32,34,58,7,27,30,59,24,9,40,18,12,42,24,26,21,26,51,65,25,51,49,55,31,19,8,4,17,43,53,39,21,25,68,25,76,50,14,23,31,64,7,18,13,30,34,9,18,16,29,56,26,16,64,13,21,26,19,14,65,7,62,7,53,34,20,25,28,50,37,43,17,44,33,24,26,18,69,42,5,53,35,5,38,26,43,32,16,58,40,44,14,51,14,30,10,7,20,30,31,71,8,50,82,6,48,42,51,58,21,16,44,26,32,48,49,36,51,37,44,44,30,30,42,46,29,32,25,19,41,20,38,34,21,76,16,44,29,34,42,4,50,74,17,7,58,39,37,39,35,24,44,19,28,34,61,32,22,43,8,55,55,56,102,23,49,19,20,38,41,11,44,62,23,42,25,52,37,35,32,35,19,48,7,55,38,37,52,17,28,69,38,61,55,14,38,14,36,16,5,15,11,11,66,10,19,29,31,51,17,7,20,38,5,29,50,7,17,8,66,26,14,8,53,21,54,50,6,23,32,6,36,84,26,52,8,14,42,26,52,31,16,30,48,42,66,21,17,7,36,28,59,35,27,19,38,21,51,12,47,11,55,29,3,33,25,16,30,19,64,19,28,38,48,22,12,38,30,30,30,48,25,21,37,27,54,31,32,36,25,41,16,66,50,31,17,45,51,47,40,38,14,61,32,35,64,31,12,15,32,21,82,70,46,24,41,29,46,30,41,8,13,58,57,18,34,49,67,12,22,34,68,23,24,61,43,38,40,26,35,48,9,16,55,11,32,29,24,30,34,34,37,37,21,50,43,19,61,17,12,47,42,14,17,46,20,52,35,20,28,35,26,37,65,51,31,45,20,26,44,27,36,29,53,7,13,20,57,26,26,49,25,64,54,33,12,17,31,14,19,33,34,30,13,23,29,33,35,20,33,15,13,17,56,44,32,48,12,33,47,29,17,20,44,46,20,5,45,10,40,3,22,20,20,28,11,28,22,7,49,54,39,33,23,49,15,56,21,29,25,15,55,58,18,5,20,48,44,32,55,48,28,35,25,31,21,20,43,47,26,92,26,6,37,51,16,44,33,7,51,23,17,43,87,35,30,10,32,53,11,5,24,44,34,31,20,15,14,25,77,14,83,6,18,46,49,53,55,28,34,50,12,5,38,15,37,16,45,47,38,53,38,62,42,40,47,109,10,19,13,51,76,40,11,7,25,21,17,11,40,17,27,41,26,47,19,13,38,18,62,43,23,5,12,23,14,29,38,43,70,37,48,49,34,27,55,43,44,23,52,35,9,50,46,10,50,12,61,44,46,22,15,47,59,111,19,32,7,31,46,43,37,48,27,20,48,50,15,26,7,59,36,20,30,21,18,68,34,52,50,52,22,33,35,13,27,61,10,38,17,16,35,18,44,66,6,30,11,19,69,25,48,14,20,20,52,4,41,5,22,18,8,21,38,37,58,47,32,72,52,16,48,34,3,15,22,18,31,12,73,40,52,29,132,67,11,24,36
OAZ1,5,1,4,2,5,14,9,4,4,2,9,5,4,3,3,19,2,4,6,5,2,1,11,6,1,4,2,1,7,8,2,2,8,12,2,0,2,2,12,7,2,2,20,3,5,6,10,9,3,3,2,7,7,5,5,7,0,3,4,5,13,4,3,4,3,4,3,15,10,5,1,5,4,5,7,3,3,17,7,15,5,2,7,7,2,2,1,8,1,1,7,3,2,10,4,19,1,5,8,18,4,0,11,2,3,6,3,3,12,2,5,3,7,6,0,5,4,1,7,0,0,6,21,1,2,0,2,3,20,3,4,3,2,4,0,2,7,1,6,4,2,3,2,4,20,1,12,7,8,1,11,1,4,7,5,4,5,2,0,7,3,3,11,9,2,5,8,5,11,18,3,2,4,4,12,1,4,3,16,4,1,3,6,4,9,7,1,2,10,16,20,14,2,4,4,6,4,1,15,8,3,3,6,6,3,4,2,10,7,1,2,4,3,1,1,5,3,5,11,11,0,7,13,1,8,3,3,7,0,0,3,3,24,19,5,0,1,5,1,5,5,0,3,3,1,3,0,14,16,14,0,9,3,7,3,1,0,5,8,9,1,5,3,11,1,3,2,2,4,3,3,19,4,10,5,4,1,16,11,2,7,2,3,4,6,3,1,3,1,1,1,3,10,3,2,0,0,2,19,3,1,2,3,4,7,1,8,4,20,5,5,1,5,5,0,2,2,5,7,2,5,1,16,2,1,3,7,11,6,3,0,15,4,4,9,0,5,9,5,11,17,3,10,5,4,5,3,10,3,14,12,2,24,3,0,6,3,3,7,2,4,4,3,8,5,5,30,2,0,6,0,4,3,1,2,33,1,3,3,16,7,2,7,1,1,6,1,10,2,2,5,44,4,23,1,7,13,4,2,15,12,3,4,0,8,3,6,5,10,7,5,2,6,1,7,15,3,3,3,1,12,3,18,2,19,0,2,5,0,1,0,2,0,3,11,2,9,5,4,19,2,2,18,1,5,23,3,3,2,1,3,1,9,2,16,5,2,17,9,8,12,2,3,4,11,8,0,2,5,5,9,9,7,2,1,22,4,1,4,4,16,2,3,11,7,3,2,4,2,5,0,4,4,2,0,6,2,0,2,2,4,10,4,0,3,4,3,24,3,2,2,0,6,1,2,1,0,2,2,4,2,4,1,11,10,9,0,7,14,0,8,10,2,1,8,14,6,3,1,3,9,5,2,0,0,3,10,0,19,1,4,31,3,3,3,13,7,19,5,2,4,5,4,4,3,4,8,5,5,1,1,2,3,7,4,11,0,2,4,2,5,4,1,4,3,3,6,1,2,4,0,3,4,15,3,5,2,2,3,6,2,11,4,3,3,22,4,6,0,2,1,4,2,2,5,5,5,8,7,11,6,4,3,3,7,0,1,9,3,3,6,3,4,0,2,3,5,1,3,4,1,5,4,1,2,2,19,4,1,3,3,2,0,4,7,14,7,2,4,16,11,6,4,1,5,5,5,0,4,7,2,1,6,4,6,2,6,11,0,1,0,24,2,1,2,3,4,1,4,4,1,1,4,1,1,1,0,3,4,4,1,2,15,5,2,17,3,1,2,21,4,7,4,3,11,1,2,3,4,2,2,1,4,5,5,4,7,1,0,6,4,2,4,3,6,2,5,6,4,3,4,3,3,10,2,1,5,5,1,2,4,1,3,5,4,0,4,1,6,1,6,15,7,6,14,10,10,1,2,5,7,9,2,4,6,2,12,1,5,5,7,0,3,2,5,23,4,1,2,2,4,2,1,8,18,5,5,4,3,2,2,1,3,2,7,2,2,4,2,2,2,6,1,10,2,2,15,0,1,1,7,1,20,6,4,2,2,3,2,4,3,2,9,15,2,5,0,1,12,8,2,10,7,1,2,15,2,4,3,4,2,11,1,2,4,0,7,18,2,5,4,3,3,1,5,1,6,10,2,0,7,5,15,3,0,1,3,1,4,11,4,4,11,13,13,0,6,2,6,7,1,2,0,14,7,12,7,3,12,2,4,4,4,3,2,0,1,4,18,6,8,2,2,3,11,5,5,3,1,4,3,18,14,2,12,6,0,5,7,15,6,4,3,1,4,2,1,28,8,2,3,0,8,0,3,3,7,5,2,7,5,1,11,0,4,1,7,4,2,12,0,0,3,4,5,19,3,1,5,5,2,36,10,2,2,2,1,3,8,4,6,5,1,27,3,2,1,2,3,1,4,1,2,3,2,3,1,3,2,2,2,10,5,3,6,2,3,3,4,2,5,4,12,2,3,0,4,3,4,0,4,4,3,0,2,5,6,9,2,1,16,15,3,2,3,5,1,16,15,1,2,2,7,2,3,4,2,2,2,2,6,5,3,2,1,10,6,4,6,4,2,1,26,26,6,5,8,8,4,5,19,3,1,24,1,5,1,1,12,16,10,4,2,1,4,3,7,5,4,2,12,3,0,28,1,6,0,4,5,0,7,2,19,9,8,1,3,4,6,4,3,2,4,3,4,1,8,3,8,7,2,5,18,4,8,5,2,1,9,3,5,3,7,5,1,3,2,6,1,0,2,3,10,5,5,4,0,2,16,1,10,4,5,19,6,2,1,1,0,1,3,5,1,1,2,1,3,2,1,4,6,0,2,6,12,5,19,1,2,21,7,1,6,3,2,4,2,4,8,12,7,3,3,3,2,5,8,1,9,4,3,3,3,2,1,6,4,15,3,7,4,3,5,20,3,2,28,4,4,2,2,16,4,4,7,6,8,9,4,2,8,13,2,0,0,12,17,0,1,5,2,2,2,1,2,3,4,6,3,2,19,2,8,7,0,3,21,2,3,0,6,6,19,9,3,2,3,0,1,4,3,19,0,2,0,2,17,3,3,6,13,3,5,12,1,6,18,1,3,15,1,2,4,0,2,7,3,2,3,2,23,8,3,4,7,3,4,1,3,1,6,1,1,4,2,3,4,0,5,5,1,8,4,10,6,2,2,4,3,13,3,2,3,2,2,3,2,3,29,3,21,4,2,2,3,3,4,2,8,2,3,8,5,3,11,2,5,5,13,0,3,27,3,15,6,8,4,11,0,2,5,5,2,1,20,1,9,2,4,12,3,6,1,0,5,7,10,0,4,7,44,2,4,5,5,6,2,11,6,20,4,9,4,4,4,5,1,3,1,5,0,6,3,1,7,2,0,16,2,4,3,4,16,10,2,2,2,7,2,0,2,2,3,3,3,1,1,1,1,5,2,3,0,5,8,6,4,4,4,6,3,3,8,1,5,7,5,7,5,10,3,0,16,2,5,4,19,3,3,3,8,2,2,7,17,2,1,2,4,16,6,3,6,5,2,5,1,5,8,4,1,0,4,9,2,2,0,12,15,1,3,23,2,4,7,2,4,1,2,4,3,1,3,1,1,4,1,2,4,0,1,3,9,0,8,3,4,21,6,4,4,9,6,0,3,2
HOPX,0,7,3,13,0,0,0,0,0,0,0,0,1,0,4,1,0,1,0,0,0,0,0,0,0,0,1,0,1,0,0,0,0,0,13,1,0,0,0,0,0,0,0,0,1,0,0,0,0,0,0,0,0,2,1,0,2,0,0,1,0,0,0,0,0,0,0,0,0,0,0,0,0,0,0,7,1,0,0,0,0,0,0,0,7,0,0,0,0,0,0,0,0,0,0,0,0,0,0,0,0,0,0,0,0,0,0,7,0,0,2,0,0,0,0,0,1,0,0,0,0,0,1,0,0,0,2,1,0,0,0,0,0,0,0,0,0,0,0,0,0,3,0,0,0,5,0,0,0,2,0,1,2,0,1,0,0,0,1,0,0,0,0,0,3,0,0,0,0,0,0,6,0,0,0,0,0,0,0,0,0,0,0,0,0,0,0,0,0,0,0,0,1,0,0,0,0,4,0,0,0,5,0,0,0,0,0,0,0,0,0,2,6,4,6,4,0,2,0,0,0,0,0,0,0,1,0,0,1,0,0,0,0,0,0,2,0,0,0,0,0,0,0,0,0,0,0,0,0,0,0,0,0,0,0,1,0,0,0,0,0,0,0,0,0,0,0,0,0,1,7,0,0,0,0,2,0,0,0,0,0,0,0,0,0,0,0,0,0,0,1,0,0,2,0,0,0,0,0,0,0,0,0,0,0,0,0,0,0,0,0,0,0,0,1,0,0,0,0,0,0,4,0,1,2,0,0,0,0,0,0,0,0,0,0,0,0,0,0,0,0,0,0,0,0,0,0,0,0,0,0,0,0,0,1,0,0,0,0,0,0,0,0,0,4,0,0,0,0,0,2,0,4,0,2,0,0,0,0,0,0,0,0,0,0,0,1,0,0,1,0,0,0,0,0,0,0,0,4,0,0,0,2,0,0,1,2,1,0,0,0,0,0,0,0,0,0,0,0,0,0,1,16,3,0,0,2,0,0,0,0,0,0,0,0,0,0,2,0,0,7,0,0,0,0,0,3,0,0,0,1,0,0,0,0,0,2,0,0,0,0,0,0,0,1,0,1,0,0,0,0,0,1,0,0,0,0,2,0,0,0,0,5,0,0,0,0,0,1,0,0,0,0,0,0,0,0,0,0,9,0,0,0,0,0,0,0,0,1,0,0,1,0,0,0,0,0,0,0,0,0,0,0,0,0,0,1,0,0,0,0,0,0,0,0,0,1,0,0,0,3,1,0,4,0,0,0,0,0,0,0,0,0,0,0,0,1,0,0,0,0,0,0,2,0,0,0,0,0,0,0,2,0,0,0,0,0,0,0,0,0,6,0,0,0,2,0,0,0,0,0,0,6,0,0,0,0,0,0,0,0,0,0,0,0,0,0,1,0,0,0,0,5,0,0,0,0,0,0,0,0,0,0,0,7,1,0,0,0,0,0,0,0,4,0,0,0,0,0,0,0,0,2,0,2,0,0,0,0,0,2,0,0,0,0,0,0,0,0,0,0,0,0,5,0,2,0,0,0,0,0,0,0,0,3,0,0,0,0,0,2,0,0,0,0,0,1,0,0,0,0,0,0,3,0,0,0,0,0,0,0,0,0,0,0,0,0,0,0,0,2,1,0,0,0,0,2,4,0,0,0,0,0,0,0,0,0,0,0,2,0,0,0,0,0,0,0,0,0,0,0,0,0,0,0,2,0,0,0,0,1,0,0,0,0,3,0,0,1,0,0,0,0,0,0,0,0,0,0,0,0,0,0,0,0,0,0,0,0,0,0,0,0,0,0,0,1,0,0,0,3,0,0,0,0,0,1,0,0,0,1,3,0,0,4,0,0,0,0,0,0,0,0,0,0,0,0,0,1,5,3,0,0,0,0,1,0,0,0,0,0,0,0,0,0,0,0,0,0,0,0,0,0,0,0,0,1,2,1,0,1,0,0,0,4,0,0,0,0,0,0,0,0,0,0,1,0,0,4,0,0,0,0,5,0,2,0,0,0,0,2,0,0,0,0,0,0,0,1,0,0,0,4,0,0,3,0,0,0,0,0,0,0,0,0,0,0,0,0,0,0,2,0,0,0,0,0,0,0,0,0,0,0,1,0,0,0,0,0,0,0,0,0,0,0,1,0,0,0,4,0,0,0,1,0,0,4,0,0,3,0,0,0,0,1,0,0,0,0,0,2,0,0,1,0,0,0,0,0,0,0,0,0,0,0,0,0,0,0,0,0,0,0,0,1,0,0,0,0,0,0,0,0,0,1,0,0,0,0,0,0,0,0,0,0,2,0,0,0,0,0,1,0,0,0,0,0,0,1,0,0,0,0,0,0,0,0,0,0,0,0,0,0,0,0,0,0,0,0,0,0,3,4,3,0,0,0,0,0,1,0,0,0,0,0,1,0,0,0,0,0,0,0,0,0,1,0,0,1,0,0,0,4,0,0,0,0,0,0,0,0,0,0,0,4,4,0,0,0,0,0,0,0,0,0,0,0,2,0,0,0,3,0,0,0,0,0,0,0,2,1,0,0,0,0,0,0,0,3,1,0,1,0,0,0,0,9,0,0,0,0,0,0,5,2,0,0,0,0,0,1,0,0,5,0,0,0,0,0,0,0,0,0,0,0,1,0,0,0,0,0,0,0,0,0,0,0,0,0,0,0,0,0,0,0,5,0,0,0,0,0,1,0,0,0,0,3,0,0,0,0,0,0,0,0,0,0,4,0,0,0,0,0,0,0,0,0,0,2,0,0,0,3,0,4,0,0,0,0,2,0,0,0,0,0,0,0,0,0,0,0,0,0,0,0,0,0,0,0,0,0,0,0,0,1,0,0,5,0,0,0,0,0,0,0,0,0,1,0,0,0,0,0,0,6,0,0,4,0,0,0,1,2,0,0,0,0,5,0,0,0,0,0,0,0,0,0,0,0,0,0,0,0,0,0,0,6,0,0,0,0,0,0,0,0,4,0,0,0,0,0,0,0,3,1,0,0,0,4,0,0,0,0,0,0,0,0,0,0,0,0,0,0,0,1,0,0,3,1,0,0,0,1,0,0,0,2,0,0,0,0,0,3,0,0,0,0,4,0,0,0,0,0,0,0,0,0,0,0,1,0,0,0,0,0,0,0,0,0,0,9,0,0,0,0,0,0,0,0,0,0,1,0,0,0,0,1,0,0,0,0,0,4,0,0,0,1,0,0,0,0,0,0,0,0,3,0,0,0,1,0,8,0,0,0,2,0,0,0,0,0,1,0,0,0,0,0,0,0,0,0,0,0,0,0,0,0,0,1,0,0,0,2,0,0,0,0,0,0,0,0,0,0,0,0,0,0,0,0,1,0,0,0,0,0,0,0,0,0,0,0,0,1,0,0,0,0,0,0,0,0,0,0,0,0,2,0,0,0,0,0,0,1,0,0,0,0,0,0,0,0,0,0,0,0,0,0,0,2,0,0,0,0,0,0,0,0,0,0,0,0,0,0,0,0,1
CFD,0,0,0,0,0,5,1,0,0,0,2,0,0,0,0,3,0,0,2,0,0,0,2,1,0,0,0,0,0,0,0,0,0,0,0,0,0,0,0,0,0,0,2,0,0,0,0,1,0,0,0,0,2,0,1,5,0,0,0,0,0,1,0,0,0,0,0,1,1,0,0,1,0,1,2,0,0,3,0,4,0,0,1,4,0,0,0,0,0,0,0,0,0,0,0,4,0,0,1,1,0,0,3,0,0,2,0,0,12,0,0,0,0,5,0,0,0,0,3,0,0,2,7,0,0,0,0,1,1,0,0,1,0,0,0,0,0,0,0,0,0,0,0,0,1,0,3,6,0,0,2,0,0,0,0,0,0,0,0,0,0,0,5,4,0,0,1,0,3,0,0,0,0,0,5,0,0,0,6,1,0,0,0,0,1,0,0,0,2,2,3,0,0,0,0,0,0,0,1,0,0,0,1,0,1,0,0,0,0,0,0,0,0,0,0,0,0,0,0,0,0,0,0,0,0,0,0,1,0,0,0,0,3,2,0,0,0,0,0,0,4,0,0,1,0,0,0,0,1,2,0,3,0,0,0,0,0,0,0,2,0,0,0,3,0,0,0,0,0,0,0,1,3,4,0,0,0,2,2,0,8,3,0,0,0,0,0,0,0,0,0,0,1,0,0,0,0,0,1,0,1,0,0,0,4,0,0,3,8,0,0,0,0,0,0,0,0,0,0,0,0,0,5,0,0,0,1,0,0,0,0,4,1,0,2,0,1,1,0,9,2,0,0,0,0,0,0,3,0,2,1,1,4,0,0,0,0,0,3,0,0,0,0,0,0,0,0,0,0,1,0,4,0,0,0,0,0,0,0,4,0,0,0,0,0,0,0,0,0,0,0,23,2,5,0,3,0,0,0,10,2,0,0,0,5,0,0,0,0,0,0,0,2,0,0,4,0,0,0,0,3,0,0,0,6,0,0,0,0,0,0,0,0,0,2,0,0,0,1,5,0,0,0,0,0,3,0,0,0,0,0,0,0,0,4,0,0,0,5,0,0,0,0,0,2,3,0,0,4,1,3,4,0,0,0,5,2,0,0,0,3,0,0,1,3,0,0,0,1,2,0,0,0,0,0,0,0,0,0,0,1,5,0,0,0,0,0,2,0,0,2,0,0,0,0,0,0,0,0,1,0,0,0,3,3,2,0,0,2,0,4,0,0,0,0,2,0,0,0,0,0,0,0,0,0,0,1,0,2,0,0,0,0,0,4,2,0,5,0,0,0,0,0,0,0,0,0,0,0,0,0,0,0,0,0,0,0,0,2,0,0,0,0,2,0,1,0,0,0,1,0,0,0,10,0,0,0,0,0,0,1,4,0,0,0,0,2,0,0,0,1,0,0,0,0,0,0,0,2,5,0,1,0,0,0,0,0,3,0,0,0,0,0,0,0,0,0,0,0,1,0,0,0,0,0,0,1,0,0,1,0,0,0,0,0,4,0,0,0,2,2,0,0,0,0,0,0,0,0,1,0,0,1,0,0,0,3,2,0,0,0,2,1,0,0,0,0,0,1,0,0,0,0,0,0,1,0,0,0,1,0,0,0,0,0,1,0,0,0,0,0,0,0,0,0,0,0,0,0,0,0,0,0,0,0,0,0,0,0,0,0,0,0,0,0,0,1,0,0,0,1,0,0,3,0,0,0,1,0,0,0,1,0,0,0,0,0,0,0,0,0,0,0,1,2,0,0,0,0,0,0,0,0,1,3,0,5,0,2,0,0,0,0,0,2,11,0,0,1,0,0,0,0,1,0,0,0,0,1,1,0,0,0,0,0,0,0,0,0,0,0,2,0,1,0,0,3,0,0,0,0,0,0,0,0,0,0,0,0,0,0,0,0,1,0,0,0,0,2,0,5,2,0,0,0,0,0,0,0,0,0,1,0,0,0,0,0,0,0,0,0,0,0,0,0,0,0,2,0,0,2,1,4,0,0,0,0,0,0,1,0,0,3,2,2,0,0,0,0,0,0,0,0,1,0,2,0,0,0,0,0,0,0,0,0,0,0,0,0,9,1,0,0,0,0,0,0,0,0,0,0,0,3,0,0,0,0,0,1,0,1,0,0,0,0,0,2,6,0,0,0,0,1,0,0,0,0,2,0,0,0,0,3,0,0,0,2,0,0,3,0,0,0,0,2,6,0,0,1,1,2,1,4,0,0,0,0,2,1,0,1,0,0,1,0,0,0,0,0,0,0,0,0,0,0,0,0,0,0,0,1,5,0,0,0,0,0,0,2,0,0,0,2,0,0,0,0,0,0,0,0,0,0,0,0,0,0,0,0,0,3,0,0,0,0,3,0,2,1,0,0,0,0,0,0,0,0,0,1,0,0,1,0,0,0,0,2,0,0,0,0,0,5,5,3,0,1,0,0,2,7,0,0,3,0,0,0,1,2,0,0,1,0,0,0,0,0,0,0,0,2,0,0,1,0,2,0,0,1,0,0,0,1,0,0,1,0,0,0,0,0,0,0,0,0,0,0,0,0,0,0,0,4,0,0,0,0,0,0,0,0,0,0,0,0,0,0,1,0,0,0,1,3,0,0,0,0,0,0,0,5,0,0,0,0,0,0,0,0,0,0,0,0,1,0,0,0,0,0,1,0,0,0,1,0,0,1,0,0,1,1,0,4,0,0,0,0,0,1,1,0,0,0,0,0,1,4,0,0,0,0,0,0,0,0,0,0,5,1,3,0,1,1,10,0,0,5,0,0,0,0,3,0,0,0,0,3,0,0,0,0,2,0,0,0,0,7,0,0,1,0,0,0,0,0,0,0,1,0,0,5,1,0,2,0,0,9,1,0,0,0,0,2,3,0,0,0,0,0,0,0,4,0,0,0,1,7,0,3,1,2,0,0,0,0,2,0,0,0,4,0,0,0,1,2,0,0,0,0,0,7,0,0,0,0,0,1,0,0,0,0,0,0,0,0,2,0,0,0,0,0,4,1,3,0,0,0,1,1,1,0,0,0,0,0,0,0,1,1,0,0,1,0,1,0,0,0,0,0,0,0,0,0,0,3,0,0,0,0,0,0,15,0,2,1,7,0,0,0,0,1,2,1,0,1,0,1,0,0,2,0,1,0,0,0,0,0,0,0,0,23,1,0,0,0,2,0,3,0,1,0,0,0,0,0,1,0,0,1,0,0,0,0,0,1,0,0,0,0,0,1,0,8,2,0,0,0,1,0,0,0,0,0,1,0,0,0,0,0,0,0,0,0,0,0,0,0,0,0,1,0,0,0,0,0,0,0,0,0,0,0,0,6,0,0,0,2,1,0,0,1,0,0,3,1,0,0,0,0,2,0,0,0,0,0,4,0,1,3,0,0,0,0,2,0,0,0,0,2,0,0,7,0,1,0,0,2,0,0,1,0,0,0,0,0,0,0,0,0,0,0,1,4,0,4,0,1,0,0,0,0,1,0,0,0,0
HLA.DMA,0,0,0,0,0,0,1,0,1,0,0,0,3,0,0,1,0,0,2,1,0,0,1,1,0,0,0,0,0,1,0,0,1,8,0,0,0,0,4,3,0,0,2,0,0,1,1,2,0,0,0,0,1,1,0,0,0,0,0,1,9,1,0,0,0,0,0,0,4,1,0,0,0,0,0,0,0,3,1,1,0,0,4,1,0,0,0,0,0,0,4,0,0,1,0,1,0,0,1,4,0,1,3,0,0,2,0,1,3,0,0,0,0,1,0,0,0,0,2,1,0,1,0,1,0,0,0,0,1,0,0,0,0,2,0,0,1,0,2,0,0,0,0,2,12,0,0,2,0,0,5,0,0,0,0,0,0,0,0,0,0,0,7,0,0,0,1,0,6,18,0,0,0,0,1,0,0,1,3,0,1,0,1,2,1,3,1,0,1,5,5,7,0,0,0,6,0,1,0,1,0,0,6,1,0,0,5,3,3,0,0,0,0,0,0,0,0,0,3,2,0,4,5,1,0,0,2,0,0,0,0,0,0,1,0,0,0,0,0,3,0,0,3,0,0,3,1,1,2,0,0,2,2,1,2,0,0,0,2,1,1,2,1,1,0,0,0,1,0,2,1,7,1,0,2,1,5,2,5,0,2,0,0,0,0,0,0,2,0,0,0,0,2,0,0,1,0,0,3,0,0,0,0,0,0,0,0,0,0,1,0,0,0,0,0,2,0,0,4,0,0,0,5,0,1,0,3,1,3,0,1,1,0,1,5,0,0,3,0,0,2,0,1,0,4,0,0,0,0,3,2,0,1,0,0,0,4,0,3,0,0,3,2,0,0,0,20,0,1,0,0,2,0,0,0,6,0,0,0,1,0,1,1,1,0,1,0,3,0,0,0,4,0,1,0,0,4,0,0,1,0,0,0,0,1,0,2,1,4,2,0,0,0,0,0,11,0,2,0,0,4,0,1,0,1,0,0,1,0,0,0,0,0,0,0,2,3,0,0,6,0,0,4,0,0,8,0,0,4,0,0,1,0,0,1,0,0,1,1,4,4,0,0,1,2,1,0,0,2,0,2,1,0,0,0,0,0,0,2,0,2,0,0,1,1,0,0,0,0,3,0,0,0,2,0,0,0,0,2,0,0,3,1,0,0,0,7,3,0,0,0,0,4,0,0,0,0,0,0,1,0,0,0,3,1,1,1,5,3,0,3,5,0,0,1,3,1,3,0,0,1,0,0,0,0,0,0,0,11,0,0,5,0,0,2,6,0,0,0,0,1,0,2,0,0,0,0,0,0,2,1,0,0,0,0,2,1,0,1,0,0,1,0,2,0,0,2,0,2,0,0,6,0,7,0,0,0,1,4,4,0,4,0,0,0,17,4,0,0,0,1,2,0,0,0,0,0,0,0,5,0,0,0,0,0,0,0,5,0,0,1,0,0,0,0,0,0,0,0,2,0,0,0,0,0,2,6,0,0,1,0,0,0,6,2,0,2,0,1,2,0,1,2,0,1,0,0,0,0,2,0,1,0,0,0,1,0,1,0,0,0,3,0,0,0,1,0,0,0,0,0,0,0,0,0,0,0,1,3,0,1,0,4,0,2,3,0,0,0,15,0,0,3,0,1,0,0,0,0,0,0,0,1,0,1,0,1,1,0,0,0,0,3,0,5,0,1,1,1,2,4,0,0,1,0,1,1,0,0,0,0,0,0,0,1,0,0,4,0,0,2,0,1,0,1,1,0,0,0,0,0,0,1,0,0,0,1,0,1,0,1,1,0,0,0,2,0,1,0,0,0,0,0,0,6,1,0,0,2,0,0,0,4,0,1,0,0,1,3,0,0,1,0,0,0,0,3,0,0,0,0,0,7,2,5,0,1,1,0,0,1,0,4,1,0,0,0,0,2,6,3,1,0,0,0,4,0,0,0,1,0,0,0,0,1,0,1,2,1,2,0,0,0,0,1,0,0,0,0,0,1,0,2,0,0,0,0,0,1,1,0,5,6,2,2,0,2,0,3,3,0,1,0,0,1,4,2,1,4,0,4,0,0,1,0,0,0,3,4,0,1,0,0,0,0,0,3,0,0,2,0,4,4,0,4,1,1,0,0,2,0,2,0,0,4,0,0,3,0,0,1,0,0,1,3,0,0,1,0,0,0,0,6,1,0,0,1,0,0,1,0,0,0,0,3,2,0,0,0,1,0,7,3,1,0,1,0,0,2,0,0,0,0,10,0,0,0,0,0,0,5,1,0,1,0,0,0,0,1,0,0,0,0,0,1,2,0,0,0,0,0,0,0,0,0,0,3,2,3,0,2,2,0,0,0,0,0,0,0,1,13,10,0,0,0,2,0,1,1,0,0,0,0,0,0,0,0,0,0,0,0,0,0,0,0,4,2,0,0,0,0,0,0,6,0,0,2,0,0,0,7,0,0,1,0,3,0,1,0,3,1,0,0,0,0,0,0,1,4,1,2,0,0,14,0,0,0,0,0,0,0,1,1,0,2,0,0,0,4,0,0,0,2,0,2,0,0,0,0,0,0,0,2,0,1,1,0,0,0,5,0,1,0,0,1,0,3,5,0,0,0,0,4,0,0,1,0,0,3,0,0,1,5,14,3,0,0,1,0,0,0,0,0,0,0,0,1,0,0,0,4,0,0,5,2,0,1,0,3,7,0,0,3,0,0,0,0,1,0,1,0,0,0,0,0,0,3,0,1,0,0,0,0,0,0,0,1,6,0,2,1,0,0,4,0,0,1,0,0,0,0,0,0,0,3,4,2,1,0,0,2,6,0,0,1,5,2,0,0,1,0,0,1,0,0,2,3,3,5,0,0,0,0,0,1,1,0,0,0,0,0,0,4,0,0,2,0,0,0,0,0,0,1,0,0,0,2,0,1,0,6,0,8,0,0,0,0,0,3,1,3,0,0,0,0,2,0,0,1,0,2,2,0,2,1,0,1,0,0,0,4,0,0,0,0,0,2,0,1,3,0,2,0,1,2,0,0,3,0,0,0,0,0,5,0,1,0,0,1,1,2,0,1,0,0,1,1,0,0,0,0,0,0,0,0,0,1,0,0,0,0,0,0,2,2,6,1,0,0,0,0,1,0,0,4,0,1,0,0,4,0,0,0,0,3,1,1,0,0,4,4,0,0,0,0,1,0,0,2,12,0,0,0,0,0,0,0,0,0,5,0,0,0,0,1,0,0,16,0,0,0,0,3,1,0,0,0,0,0,0,0,1,1,0,1,0,0,0,0,0,0,0,0,0,0,0,2,0,0,2,0,1,0,0,0,2,0,3,0,0,0,0,0,0,0,0,0,0,0,0,4,0,6,1,9,0,0,1,0,2,0,0,0,0,0,0,0,0,5,1,0,0,0,0,0,0,0,0,2,0,3,2,0,0,1,0,0,0,0,1,4,0,0,0,0,0,0,0,0,0,0,0,2,0,2,0,1,13,0,0,0,1,0,0,0,0
CCL4,0,5,0,1,2,0,0,0,0,0,1,0,2,0,0,0,0,0,0,0,0,0,0,0,0,0,0,0,8,0,0,0,0,0,1,1,0,0,0,0,0,0,1,0,0,0,0,0,0,0,0,0,0,0,0,0,0,0,0,9,0,0,0,0,0,0,0,0,0,0,0,0,0,0,0,0,1,0,1,0,0,0,0,1,6,0,0,0,3,0,0,0,0,0,0,0,0,0,0,0,1,0,0,0,1,1,0,2,0,0,1,0,0,0,0,0,0,0,0,0,0,1,0,0,0,0,0,0,0,0,0,0,3,0,0,0,0,0,1,0,0,0,0,0,0,16,0,0,1,1,1,0,0,0,0,0,0,0,0,0,0,0,0,1,0,0,0,0,6,1,0,6,0,0,0,0,0,0,0,0,0,0,1,0,0,0,0,0,2,0,0,0,0,0,0,0,0,2,0,0,0,3,0,0,0,2,0,0,0,0,0,2,0,2,0,2,0,1,0,0,0,0,0,0,1,1,0,0,0,0,0,0,0,0,0,0,1,0,0,0,0,0,0,0,0,0,0,1,0,2,0,3,0,0,1,0,0,0,0,0,0,0,8,0,0,1,0,1,0,1,2,1,1,0,0,2,0,0,1,0,1,0,0,0,0,0,0,0,0,0,0,0,0,1,1,0,0,0,1,0,0,0,1,0,1,0,0,0,0,0,0,0,0,0,0,0,0,0,0,0,0,0,0,0,0,0,0,0,0,0,0,0,0,0,0,0,0,0,0,0,0,0,0,0,0,0,0,0,0,0,0,0,0,0,4,0,0,0,0,0,0,0,0,0,6,0,0,0,0,0,0,0,1,0,0,6,0,1,0,0,0,0,0,0,0,0,0,0,0,2,0,1,0,0,0,1,0,0,2,0,0,0,3,0,0,0,1,0,1,0,0,0,0,0,0,0,0,1,0,0,2,0,0,0,0,0,1,1,0,0,0,0,0,1,1,0,0,1,0,0,6,0,0,0,0,0,6,0,1,0,0,0,0,0,0,0,0,1,0,0,1,0,0,0,0,0,0,0,0,0,3,0,1,0,0,0,0,0,0,0,0,0,7,1,0,0,0,0,0,2,0,0,0,0,0,0,0,0,0,2,0,0,0,0,0,0,0,0,5,0,0,4,0,0,0,0,0,0,0,0,0,0,0,0,0,0,1,0,0,0,0,0,0,0,0,0,1,0,0,0,0,0,0,5,0,0,0,0,0,0,0,0,0,0,0,0,0,0,0,2,0,0,0,3,0,0,0,0,0,0,0,0,0,0,0,0,0,0,0,2,0,4,0,0,0,0,0,0,0,0,0,0,1,0,0,0,0,1,0,0,0,0,3,5,0,0,3,1,0,0,0,0,0,0,0,0,0,1,0,0,0,0,1,0,3,1,0,0,0,0,0,0,0,4,0,0,0,0,0,0,0,0,2,0,3,0,0,0,0,0,0,0,0,2,0,0,0,0,0,0,0,0,1,2,0,1,0,0,0,0,0,0,0,0,2,0,0,0,0,0,3,0,0,0,0,0,0,0,0,0,0,0,0,0,0,0,1,0,0,0,0,0,0,1,0,0,0,0,3,0,4,8,0,0,0,0,1,0,0,0,0,0,1,9,0,0,0,0,0,0,0,0,0,0,0,0,0,0,3,0,0,0,1,0,0,6,0,0,0,0,1,0,0,0,0,0,0,0,1,0,0,0,0,0,0,0,0,0,0,0,0,0,0,0,0,0,0,0,0,0,0,0,0,0,0,0,4,0,0,0,0,0,0,1,0,0,3,0,0,0,0,0,0,0,1,0,0,0,0,0,0,0,0,0,0,0,0,0,0,16,8,0,0,0,0,0,0,0,0,3,0,0,0,0,0,0,0,0,0,0,0,0,0,0,0,0,0,1,26,0,0,0,0,0,0,0,0,0,0,0,0,0,0,0,0,0,0,1,2,0,0,0,0,3,0,1,11,0,0,1,0,0,0,0,0,0,0,0,0,0,0,0,4,0,1,1,0,0,0,0,0,0,0,0,0,0,0,0,0,0,0,1,0,0,2,0,0,0,0,0,0,0,2,0,0,1,0,1,0,0,0,0,0,0,0,0,0,0,0,0,0,0,0,1,0,0,1,1,0,0,0,0,0,0,2,0,0,0,0,0,1,0,0,1,1,1,0,0,0,0,1,0,0,1,0,0,0,0,0,0,0,2,0,0,0,0,0,0,0,0,0,0,0,2,0,0,0,0,0,1,0,0,0,0,0,5,0,0,0,0,0,1,0,0,0,0,0,0,2,0,0,0,0,0,0,2,0,0,0,0,0,0,0,0,0,0,1,7,0,0,0,6,1,3,0,0,0,0,0,0,0,0,0,0,0,0,0,0,0,0,0,0,0,0,0,2,0,0,0,0,0,0,0,0,0,0,0,0,0,3,0,0,0,0,4,1,0,0,0,0,0,0,0,0,0,0,0,0,0,0,0,1,0,0,0,0,0,0,0,0,3,0,0,0,0,0,0,0,0,1,0,0,0,0,0,0,2,0,0,0,0,0,1,10,0,1,0,0,0,0,1,0,0,1,0,0,0,0,1,1,0,0,0,0,0,0,0,0,2,0,0,1,0,0,0,0,0,0,1,12,2,0,0,0,0,1,0,0,0,0,0,0,1,0,0,0,0,0,1,0,0,0,0,0,0,0,0,0,0,0,0,0,0,0,1,0,0,0,0,0,0,0,5,0,0,0,0,0,0,3,0,0,0,0,0,2,0,1,1,0,0,0,0,0,0,0,0,0,0,0,0,0,1,0,0,0,0,0,0,1,0,0,0,0,0,0,0,1,0,0,0,0,0,0,11,0,0,4,0,0,1,0,2,0,0,0,0,3,2,0,0,0,0,0,0,0,0,0,0,0,0,0,0,0,0,0,8,0,0,0,0,0,0,0,0,0,0,0,0,0,0,0,0,8,0,0,0,0,2,0,0,0,0,0,0,0,0,0,0,0,0,0,0,0,0,0,0,1,0,0,0,0,0,2,0,0,2,0,0,0,0,1,1,0,0,0,1,6,0,0,0,0,0,2,2,0,0,2,0,0,0,0,0,0,0,0,0,0,0,1,6,0,0,0,0,0,0,0,0,0,1,0,0,0,0,0,0,0,0,0,0,0,4,0,0,1,0,0,0,0,0,0,0,0,0,0,0,0,0,0,0,8,1,2,0,0,0,0,3,0,0,0,0,0,0,0,0,0,0,3,0,0,0,0,0,0,3,0,4,2,0,0,0,1,0,0,0,0,1,0,0,0,0,0,0,0,0,0,0,0,1,0,0,0,0,0,0,0,0,1,0,0,0,0,0,0,0,0,0,0,0,0,0,0,0,0,0,0,0,0,0,0,0,0,1,0,0,0,1,0,0,0,0,0,0,1,0,0,0,0,0,0,0,0,0,0,0,0,0,0,0,0,0,0,0,1
CD8B,5,0,0,0,3,0,0,0,0,1,0,0,0,0,0,0,0,4,0,0,0,0,0,0,0,0,0,0,0,0,1,4,0,0,0,3,2,5,0,0,0,0,0,0,0,0,0,0,0,5,3,0,0,0,1,0,0,4,5,0,0,0,2,0,0,0,0,0,0,2,0,1,0,0,0,0,0,0,0,0,0,0,0,0,0,0,0,0,3,0,0,0,0,0,0,0,0,0,0,0,0,0,0,2,0,0,0,0,0,9,0,1,0,2,0,5,2,1,0,0,0,0,0,0,0,0,0,0,0,0,0,3,0,0,0,0,0,0,0,0,0,0,0,0,0,0,0,0,0,0,0,0,0,6,0,0,0,0,0,0,0,5,0,0,0,1,0,0,0,1,0,0,0,0,0,0,0,0,0,1,0,1,0,0,0,0,0,3,0,0,1,0,0,2,5,0,0,0,0,0,0,0,0,0,0,2,0,0,0,0,3,0,0,0,0,3,2,1,1,0,0,0,0,0,0,0,0,0,0,0,0,1,0,0,0,2,3,0,0,0,0,0,1,0,0,0,3,0,0,0,0,0,0,3,0,0,0,1,0,0,0,0,7,0,0,0,0,0,7,1,0,0,0,0,0,0,0,0,0,0,0,0,2,0,3,5,2,0,5,5,0,0,0,2,1,0,0,0,0,2,4,0,3,0,0,0,0,0,0,2,0,0,0,0,0,0,0,0,0,0,0,0,0,0,0,0,0,0,0,0,0,0,8,0,0,0,0,0,0,0,0,0,0,3,0,0,0,0,0,0,0,0,0,0,1,0,0,1,0,0,1,0,0,0,0,0,0,1,0,0,0,0,0,0,0,0,0,0,0,0,0,0,0,0,0,0,0,0,0,0,0,0,0,0,0,0,0,0,0,0,0,2,0,0,0,0,0,0,0,0,1,0,0,2,0,0,0,0,0,1,0,0,2,0,0,0,0,0,2,0,0,3,0,0,0,0,0,0,5,0,0,7,0,0,0,0,0,0,0,0,3,0,0,0,0,0,0,0,1,0,0,4,0,0,0,0,0,7,0,0,0,0,1,0,3,0,0,5,0,0,0,0,0,1,0,3,0,0,4,0,0,5,0,0,0,0,0,3,0,0,0,0,1,0,6,0,0,0,0,2,0,1,0,1,1,0,1,2,0,0,2,0,1,0,0,0,0,1,0,0,0,4,0,0,0,0,3,0,0,0,0,0,0,0,0,0,0,0,0,0,0,1,0,0,0,0,0,0,0,1,1,0,0,0,0,1,0,0,0,0,5,0,0,0,3,0,3,0,0,0,0,0,0,0,2,1,0,0,0,0,0,0,0,0,2,0,7,0,0,0,0,0,0,2,0,0,0,0,0,0,1,0,0,0,0,4,0,1,0,0,0,0,0,0,0,3,0,0,0,2,0,0,5,0,0,0,0,0,0,0,0,0,0,4,1,0,0,7,0,0,0,1,0,0,0,0,0,0,0,0,0,0,0,0,0,0,0,0,0,0,1,4,0,5,0,1,0,0,4,0,0,0,0,2,0,1,1,0,0,0,0,0,0,0,0,6,1,4,0,1,0,0,0,2,1,0,2,0,2,0,2,0,0,1,0,8,0,3,0,0,0,0,1,3,0,0,0,4,0,0,2,0,0,0,0,0,0,0,3,0,0,0,0,0,2,0,0,0,0,0,4,4,0,2,0,0,4,0,0,0,0,0,0,0,0,0,0,0,5,0,3,0,6,0,0,0,0,0,0,0,0,0,0,0,0,0,4,0,1,0,0,0,0,0,0,0,0,5,0,1,0,0,0,0,1,1,0,0,0,0,0,0,0,0,0,0,0,0,0,0,0,0,0,0,1,0,6,0,0,0,0,4,0,0,0,0,0,0,0,0,0,0,0,0,0,0,0,6,0,0,2,0,1,0,0,0,0,0,0,0,0,2,0,0,0,2,1,0,0,0,0,0,0,0,0,0,0,0,0,0,0,0,0,0,0,1,0,3,0,0,0,1,0,0,0,0,0,0,0,2,0,0,0,6,0,0,0,0,0,0,0,0,0,0,0,0,0,1,0,0,2,0,2,1,0,0,0,2,1,0,0,0,1,0,0,0,0,0,0,1,0,0,0,0,0,0,0,0,0,0,0,0,0,1,0,0,0,0,0,0,3,0,0,0,0,0,0,0,0,1,2,0,0,2,5,0,0,0,0,1,0,1,0,0,0,0,0,0,0,0,0,0,1,0,0,2,0,3,0,0,0,0,0,0,0,0,1,0,0,0,0,0,0,3,0,0,0,0,0,4,0,0,0,0,2,1,0,0,0,0,0,0,0,0,1,0,0,0,0,0,1,0,0,0,0,0,0,1,0,0,0,0,2,0,0,0,1,0,0,0,0,0,0,0,0,0,0,0,1,0,0,0,0,0,0,0,0,1,0,1,0,0,0,0,0,0,0,0,0,0,0,0,0,0,0,0,0,0,0,0,0,0,0,0,0,3,0,3,0,0,0,2,0,0,0,1,0,6,0,0,0,0,0,0,0,3,0,2,0,0,0,0,0,0,1,0,0,0,0,0,0,3,0,0,0,0,0,0,0,3,0,0,0,0,0,0,0,0,0,0,0,3,0,1,3,4,0,0,0,0,0,0,0,0,0,0,0,3,0,0,0,0,0,0,0,3,1,1,0,0,0,0,0,0,2,3,0,0,0,0,0,6,0,0,0,0,0,0,1,0,0,3,0,0,0,0,0,0,0,1,0,0,0,0,0,0,0,0,9,0,0,0,1,0,3,0,0,0,5,3,0,1,4,1,0,0,0,0,0,2,0,0,0,0,0,8,0,3,0,1,3,0,1,0,0,0,0,0,0,1,0,0,2,0,0,0,0,0,0,0,0,5,0,0,2,0,0,0,0,0,0,1,0,0,0,0,0,0,0,0,0,0,0,0,0,0,0,0,6,5,0,0,0,0,0,0,0,0,0,0,2,0,0,0,0,0,2,0,3,0,2,0,0,0,0,0,0,0,1,0,0,0,0,0,0,0,0,4,0,0,0,0,0,0,0,0,0,0,0,0,0,0,1,0,0,0,1,2,0,0,0,0,2,8,0,0,0,0,0,0,0,2,0,5,0,0,0,3,0,0,0,1,0,0,2,0,0,0,0,0,0,0,0,0,0,0,0,0,1,0,0,1,6,0,0,0,0,0,0,2,0,0,0,0,0,0,0,0,0,0,0,1,0,3,0,0,0,0,0,0,0,0,0,0,0,0,8,2,4,0,6,2,7,2,0,0,0,0,0,0,0,0,0,2,0,2,0,0,0,0,0,0,0,0,0,0,0,0,0,0,0,2,0,0,1,0,0,0,1,1,0,0,0,0,0,0,0,0,0,0,0,0,0,1,0,4,0,0,0,0,0,0,0,2,0,0,4,2,0,0,0,0,0,0,0,0,0,0,0,0,0,5,0,0,6,1
H3F3B,3,7,4,8,9,7,5,9,27,0,9,5,7,3,7,13,7,5,14,4,4,8,9,12,1,8,4,7,15,14,6,5,14,23,8,8,5,5,19,3,9,3,16,9,20,5,7,8,0,2,3,7,1,4,15,12,10,9,3,9,14,3,4,5,5,4,4,2,7,8,3,33,1,7,20,4,4,16,10,10,4,6,9,3,13,12,7,11,5,2,42,6,5,6,4,14,8,2,8,20,3,8,9,8,2,3,5,11,4,2,8,7,3,11,1,7,13,5,10,3,2,8,22,1,3,1,3,1,9,3,1,2,7,3,3,2,6,7,4,2,8,3,7,6,15,9,13,5,24,10,17,5,7,9,7,12,7,9,7,9,2,2,16,8,5,9,11,4,8,15,6,6,2,5,9,2,1,8,17,5,2,0,8,8,9,8,8,5,14,14,12,28,7,7,3,29,4,5,2,14,2,12,9,4,11,9,0,12,4,4,4,5,9,5,2,14,3,9,23,8,2,15,17,8,24,3,3,9,4,2,0,4,21,10,6,3,1,6,1,8,12,1,28,2,6,11,7,13,21,3,4,8,5,5,12,7,2,12,5,6,4,3,12,8,4,16,4,11,5,13,11,14,6,8,3,12,6,17,17,7,6,15,5,4,5,3,2,1,5,4,3,4,7,6,2,4,1,4,40,8,13,5,16,5,9,4,8,6,21,8,0,3,5,6,1,5,2,14,14,5,7,2,8,5,4,7,20,19,6,13,8,10,3,5,9,3,5,14,11,15,12,6,4,6,0,7,2,8,6,15,14,4,11,2,6,5,9,12,17,4,14,1,0,2,7,7,49,8,8,11,6,8,16,2,8,28,7,11,5,17,7,5,8,4,7,7,7,3,1,5,10,28,10,17,3,7,3,8,6,11,12,1,7,5,10,6,8,7,9,50,12,21,4,3,7,22,2,12,5,4,7,6,13,5,21,1,7,8,3,5,6,5,11,9,33,6,9,6,2,6,13,4,12,7,11,29,4,5,5,3,10,6,9,12,17,6,3,16,16,9,22,9,3,4,11,14,3,1,7,5,8,11,3,4,8,3,16,11,10,6,21,3,6,8,11,5,2,9,4,7,3,1,2,2,2,10,9,3,10,10,20,4,4,3,1,1,15,20,4,3,8,6,5,1,0,9,4,3,4,5,5,1,5,15,4,6,3,8,15,9,9,12,7,3,22,15,13,7,6,2,23,6,8,4,1,7,3,3,5,3,2,19,4,7,10,6,0,16,5,4,2,7,7,7,4,7,10,5,21,3,6,6,13,2,1,5,7,7,15,3,9,4,6,12,1,4,8,4,1,6,8,4,8,10,1,21,3,6,9,2,5,13,2,5,3,35,5,4,0,4,13,7,16,10,16,3,5,10,5,15,6,4,16,7,11,8,5,6,3,2,4,7,9,11,5,7,8,3,0,7,4,5,9,1,14,5,27,6,4,5,8,10,4,7,3,7,6,4,12,9,17,12,4,11,7,6,8,1,9,14,7,4,5,9,14,21,2,9,10,8,6,20,6,3,5,5,8,1,20,3,6,6,5,4,3,11,2,6,4,7,5,5,35,4,2,8,0,4,7,35,7,15,6,1,8,7,7,12,6,5,4,2,8,13,7,5,16,2,3,3,7,7,2,5,9,2,1,12,4,8,21,4,13,3,10,14,14,5,19,1,12,13,1,9,7,4,2,10,4,4,9,16,16,8,2,2,8,2,5,7,7,3,7,2,7,4,9,11,6,6,6,4,5,6,9,14,7,5,10,7,4,10,0,5,11,5,1,3,3,4,3,4,7,10,15,6,11,5,1,14,10,3,2,11,2,10,13,3,3,9,3,0,28,9,8,13,7,6,2,2,9,10,7,17,3,5,8,3,7,19,8,17,14,1,4,7,5,12,5,5,1,9,4,3,12,3,2,24,5,6,7,3,6,2,7,5,1,12,1,1,4,8,11,3,2,6,10,5,24,8,4,7,7,17,19,4,17,3,6,4,1,3,11,7,10,13,57,5,19,1,0,5,5,6,1,4,6,2,12,9,9,3,6,1,3,5,2,3,7,13,2,12,11,6,13,14,4,5,16,16,5,6,3,6,3,5,6,13,7,2,11,3,15,3,2,6,7,8,3,7,4,3,7,4,8,5,4,2,3,11,13,13,3,5,4,8,3,1,5,8,9,31,6,6,4,19,7,3,8,7,0,3,3,39,2,10,4,7,3,0,3,4,1,8,3,10,2,1,4,5,3,3,18,5,5,8,3,5,6,4,6,3,12,5,5,1,8,8,7,9,8,9,2,6,7,1,15,6,3,5,21,50,7,2,0,29,11,23,4,19,1,2,7,4,2,2,3,9,3,1,13,7,2,11,6,2,7,5,6,4,4,7,15,10,7,7,8,6,3,9,6,3,2,4,6,8,3,13,12,9,18,10,0,1,3,6,9,4,20,8,10,11,8,21,1,14,4,4,5,3,14,4,15,6,13,3,9,10,11,8,3,5,15,9,5,4,11,6,6,16,5,7,6,2,7,5,10,3,18,23,4,2,11,22,6,9,1,51,12,4,3,2,3,8,5,6,2,1,14,1,3,16,9,26,6,3,4,5,11,11,3,8,12,0,6,1,3,5,7,2,6,2,3,51,15,8,6,3,1,32,5,1,10,3,4,4,4,4,5,12,2,15,2,2,2,19,9,10,11,5,7,6,4,1,7,8,1,23,4,8,3,3,8,11,7,6,19,1,5,14,8,20,0,6,7,6,10,6,5,7,13,6,1,3,7,19,18,2,5,1,11,11,7,2,3,5,6,40,10,2,16,3,11,7,3,1,13,5,6,5,5,2,17,1,13,1,6,11,2,3,3,10,1,5,9,1,18,12,7,5,6,4,25,10,0,4,9,7,6,10,4,7,11,1,8,17,8,5,7,7,12,5,7,5,6,2,3,8,5,5,5,8,6,9,13,3,12,4,2,8,10,3,10,11,11,5,7,5,2,19,5,5,4,0,5,3,3,4,26,4,10,20,6,0,0,16,12,3,8,2,6,24,10,3,13,10,14,7,8,6,4,8,6,12,2,15,10,22,4,7,12,7,3,7,29,1,25,7,10,4,3,7,3,2,2,5,7,4,6,42,28,8,2,4,14,8,1,8,21,15,8,10,3,5,8,5,5,4,0,9,6,5,1,2,8,6,1,20,3,13,6,10,6,14,4,1,1,5,7,1,2,1,7,3,3,2,8,16,10,1,6,0,3,4,4,6,7,4,7,2,1,3,7,1,13,11,7,17,3,4,2,2,13,5,4,5,15,10,7,2,7,6,19,11,21,7,11,8,5,12,5,5,7,7,4,12,1,8,19,14,3,11,4,14,2,2,3,6,6,7,12,12,5,6,10,9,4,0,5,10,3,4,6,10,7,4,8,1,8,1,1,3,11,5,3,4,4,35,2,5,2,13,5,3,6,12
HLA.C,14,18,19,20,12,5,8,14,13,9,12,18,6,7,9,47,12,15,5,11,7,14,11,1,2,8,8,5,14,15,5,8,15,13,20,14,12,11,15,8,17,17,17,19,20,6,11,13,6,14,3,9,3,19,18,3,11,10,17,16,19,16,11,1,10,16,10,11,4,12,4,10,4,5,5,17,14,18,1,13,16,15,3,7,19,7,3,20,23,7,13,12,24,10,16,27,2,6,2,35,20,9,5,11,16,5,9,22,17,14,26,9,6,7,9,23,34,18,13,6,5,2,14,5,18,12,23,6,17,13,5,7,23,7,5,11,8,8,2,12,8,14,10,14,35,16,6,6,25,15,14,12,25,13,14,16,13,2,9,7,6,14,21,5,18,18,4,19,18,45,10,21,20,10,7,2,4,11,10,9,4,9,0,4,4,11,9,11,9,18,29,9,9,17,13,18,17,13,11,15,1,23,8,4,10,17,4,19,15,12,3,14,20,12,8,12,16,15,17,13,5,2,22,5,25,6,9,5,13,12,14,12,20,25,6,13,15,9,9,7,4,1,9,1,18,3,9,17,10,4,9,6,9,10,6,17,4,13,5,4,8,8,22,8,7,26,10,19,25,16,22,22,6,3,9,19,3,13,14,10,5,7,14,7,14,8,6,5,16,7,9,6,9,12,16,5,10,8,15,12,8,4,26,8,5,6,19,1,31,12,7,7,11,17,10,9,10,24,13,24,13,23,14,2,22,8,4,16,11,13,7,13,13,5,6,5,12,6,8,11,27,26,5,11,7,14,7,0,16,20,18,10,33,10,17,1,6,18,10,4,28,11,13,5,30,13,42,11,9,15,15,3,22,7,4,8,14,26,13,6,5,1,7,14,5,0,17,24,6,17,14,52,15,38,11,6,17,18,15,22,5,13,22,11,13,16,35,17,21,19,16,21,5,11,9,25,5,6,8,8,11,16,62,18,11,9,16,19,14,18,4,10,20,17,6,4,0,22,13,17,19,14,16,5,13,32,23,10,9,4,21,10,3,12,6,13,23,25,8,10,20,7,5,3,29,27,13,8,8,0,6,8,17,7,12,22,6,17,3,8,12,13,19,21,7,9,34,14,14,8,13,11,12,6,14,4,14,6,5,18,6,8,3,5,12,11,11,21,16,11,1,17,8,9,9,12,16,9,8,3,17,21,18,18,19,4,19,1,20,16,17,21,14,7,7,20,22,36,12,6,8,14,9,18,7,15,5,11,26,11,20,26,2,7,6,15,4,17,8,17,8,22,9,22,8,14,12,7,18,8,17,18,14,11,17,13,9,10,3,10,6,20,12,12,16,15,7,2,7,4,9,1,15,18,13,12,13,7,6,6,10,11,3,20,16,26,8,19,9,10,5,9,25,9,23,14,8,14,3,10,25,19,26,8,38,14,15,16,7,13,4,15,20,20,1,6,10,11,13,11,9,4,47,11,14,9,15,27,7,0,27,8,1,1,9,7,5,9,5,13,10,9,16,25,11,22,3,4,13,7,6,13,6,20,39,20,2,11,11,29,19,21,13,11,8,16,9,12,6,8,7,11,16,16,9,11,14,14,6,8,11,24,20,17,5,12,11,9,20,41,26,14,4,13,10,19,16,30,0,9,7,12,11,27,5,16,7,11,4,33,13,12,8,11,29,2,10,18,8,9,5,11,23,2,19,14,5,12,13,3,12,8,11,14,10,3,8,7,19,8,14,5,7,14,7,10,36,15,11,15,6,18,5,16,11,4,7,14,4,13,9,5,11,34,7,33,25,9,16,10,19,9,7,3,14,26,19,13,4,11,12,16,5,4,36,20,14,5,6,20,9,8,12,7,11,4,6,3,15,16,18,6,14,16,10,16,5,2,11,3,21,18,3,6,17,8,9,15,8,14,4,8,10,9,12,20,15,23,21,10,9,1,2,8,21,2,7,11,10,4,8,16,9,2,6,14,15,6,24,3,16,2,32,18,11,19,11,18,4,9,9,1,8,16,11,9,17,4,8,15,3,6,20,2,1,6,11,5,15,0,9,7,10,13,10,7,6,7,16,7,7,16,11,6,11,18,7,4,14,16,7,16,15,21,9,7,5,30,5,11,5,14,4,3,2,15,6,24,13,20,9,12,26,19,7,10,23,5,7,12,0,9,8,8,12,2,16,7,15,8,41,3,8,17,6,11,13,7,19,12,9,26,4,15,14,8,10,17,10,14,11,12,9,41,18,14,9,4,8,5,19,15,5,20,21,13,5,16,3,6,7,8,18,9,9,33,4,13,1,14,13,24,5,11,8,8,9,9,6,17,4,9,6,6,28,17,26,9,13,8,36,73,5,18,2,14,14,27,7,13,8,22,23,19,14,12,9,17,8,12,11,5,13,18,15,15,11,7,13,16,21,12,29,28,11,29,10,4,21,8,20,16,23,25,7,15,11,5,5,20,20,0,7,12,17,12,7,15,11,7,6,19,20,34,12,2,1,11,0,3,19,18,33,9,7,10,18,22,8,13,20,11,7,16,8,8,8,14,20,25,9,14,12,3,3,18,18,11,5,10,6,4,28,15,16,17,8,23,0,10,21,7,12,20,11,9,4,8,15,15,8,13,13,29,11,21,11,9,23,12,16,20,13,6,12,10,7,9,9,33,12,15,17,23,7,20,12,7,6,29,18,6,13,5,7,10,18,3,3,13,7,14,1,5,13,19,17,21,12,7,8,19,6,13,9,9,9,23,15,4,7,7,14,42,9,12,25,12,4,14,10,10,10,8,10,12,9,15,7,9,7,15,5,2,9,22,15,7,19,7,14,12,8,3,12,9,4,10,10,13,17,20,8,4,6,25,20,29,10,7,14,16,22,15,18,7,1,20,2,11,21,2,14,4,4,5,15,23,3,6,15,7,32,23,5,5,38,7,10,13,3,8,19,3,1,9,13,9,2,11,25,5,4,1,8,16,3,11,7,16,8,3,12,12,16,17,9,4,16,18,8,9,0,3,17,11,28,17,7,19,11,8,7,4,2,5,9,32,67,12,13,12,18,16,11,4,19,11,8,9,12,25,26,10,15,2,20,30,3,10,7,26,25,16,5,18,16,42,7,12,3,1,9,19,23,3,9,9,8,28,26,22,7,13,7,8,11,7,22,13,52,31,7,8,17,3,12,7,14,35,8,2,17,10,26,4,12,9,6,13,7,18,12,5,8,23,3,25,10,34,4,30,13,9,10,4,7,18,23,12,18,34,8,7,5,15,3,22,12,8,34,9,3,12,6,13,21,8,25,5,12,6,21,10,14,7,15,10,7,29,10,2,19,11,12,14,19,2,15,18,14,5,3,7,22,9,15,14,16,34,7,11,23,13,7,4,6,5,13,24,7,11,7,10,5,5,11,20,23,8,4,25,2,13,1,7,4,6,14,3,10,9,18,8,7,21,12,15,13,9,9,1,8,6,9,7,1,34,24,16,12,34,12,4,19,23
GZMH,0,2,2,0,0,0,0,0,0,0,0,0,0,0,0,0,1,2,0,0,1,0,0,0,0,0,0,0,0,0,0,0,0,0,0,3,0,0,0,0,0,0,0,0,0,0,0,0,0,0,0,0,0,1,0,0,0,0,0,0,0,0,0,0,0,0,0,0,0,0,0,0,0,0,0,2,0,0,0,0,0,0,1,0,0,0,0,0,5,0,0,0,0,1,0,0,0,0,0,0,0,0,0,0,0,0,0,0,0,0,1,1,0,0,0,0,0,0,1,0,0,0,0,0,0,0,1,0,0,0,0,0,0,0,0,0,0,0,0,0,0,0,0,0,0,1,0,0,0,0,0,0,3,0,0,0,0,0,0,0,0,0,0,1,0,0,0,0,0,0,0,2,0,0,0,0,0,0,0,0,0,0,0,0,0,0,0,0,0,0,0,0,0,0,0,0,0,0,0,0,0,3,0,0,0,2,0,0,0,0,0,0,0,0,0,0,0,0,0,0,0,0,0,0,0,0,0,0,0,0,0,0,0,0,1,0,0,0,0,0,0,0,0,0,0,0,6,0,0,0,0,0,0,0,0,0,0,0,0,0,0,0,0,0,0,1,0,1,0,0,0,0,0,0,0,7,0,0,0,0,0,0,0,0,0,0,0,0,0,0,0,0,0,0,0,0,0,0,0,9,0,0,6,0,0,0,0,0,0,0,0,0,0,0,0,0,0,0,0,0,0,0,0,0,5,0,0,0,0,0,0,0,0,0,0,0,0,0,0,0,0,0,0,0,0,0,0,0,0,0,0,0,1,0,8,0,0,0,0,0,0,0,0,0,2,0,0,0,0,0,2,0,5,0,0,0,0,0,0,0,0,0,0,0,0,0,0,0,0,2,0,0,0,0,0,0,0,0,3,0,0,0,3,0,0,0,1,0,0,0,0,0,0,0,0,0,0,0,0,0,0,0,0,0,0,0,0,0,0,0,0,0,0,0,0,0,0,0,0,0,0,0,0,0,0,0,0,0,0,0,0,0,0,0,0,0,1,0,0,0,0,0,0,0,0,0,0,0,0,0,0,0,6,0,0,0,0,0,0,0,0,0,1,0,0,0,0,0,0,0,0,0,0,0,0,0,0,0,0,3,0,0,0,0,0,0,0,0,2,0,0,8,0,0,0,0,0,0,0,0,0,0,0,0,0,0,0,0,0,0,0,0,1,0,0,0,0,0,0,0,0,0,0,4,0,0,0,0,0,0,0,0,0,0,0,0,0,0,0,8,1,0,0,3,0,0,0,1,0,0,0,3,0,0,0,0,6,0,0,0,0,5,0,0,3,0,0,0,0,0,0,0,0,0,0,0,1,0,0,0,0,0,0,5,0,0,0,3,0,0,0,0,2,0,0,0,0,0,0,0,0,0,1,0,2,3,0,0,0,0,0,0,1,0,0,0,0,0,0,0,0,0,4,1,0,0,0,0,0,0,2,0,0,0,0,0,0,0,0,0,0,0,0,2,0,0,0,0,0,0,0,0,0,1,0,0,0,0,0,0,3,0,0,0,0,0,0,0,0,0,0,0,0,0,0,0,1,0,0,0,0,0,0,10,0,0,0,0,1,0,15,0,0,0,0,0,0,0,0,0,0,0,0,0,0,0,0,0,0,2,0,1,0,0,0,0,0,0,4,0,0,0,3,0,0,1,0,0,0,0,0,0,0,0,0,0,0,0,3,0,0,0,0,0,0,0,3,0,0,0,0,0,0,0,0,0,0,0,0,0,0,0,0,0,0,0,9,0,0,0,2,0,0,0,0,1,0,0,0,0,0,0,0,0,0,0,0,0,0,0,0,0,0,0,0,0,0,0,0,1,5,0,0,0,0,0,0,0,0,0,0,5,0,0,0,0,0,0,0,0,0,0,0,0,0,0,0,0,1,0,0,0,0,0,0,0,0,0,0,0,0,0,0,0,0,0,0,0,4,0,0,0,0,4,0,2,1,0,0,0,0,0,0,0,0,0,0,0,0,0,0,0,0,0,0,0,0,0,0,0,0,0,0,0,0,0,0,0,0,0,0,0,0,0,0,0,0,0,0,0,0,0,0,0,0,0,0,0,0,0,0,0,0,0,0,0,0,0,0,10,0,0,0,0,0,0,3,0,0,0,0,0,0,0,0,0,0,0,0,0,0,0,0,1,0,0,0,0,0,0,0,0,0,0,0,0,0,1,0,0,0,0,0,0,0,0,0,0,0,0,0,0,0,0,0,0,0,0,0,0,0,0,1,0,0,0,0,0,0,0,0,2,0,0,0,0,0,0,0,0,0,0,0,0,4,0,0,0,0,0,1,0,0,0,0,0,0,2,0,0,0,6,3,0,0,0,0,0,0,0,0,0,0,0,0,0,0,0,0,0,0,0,0,0,0,13,0,0,1,0,0,0,0,0,0,0,0,0,0,0,0,0,0,0,3,3,0,0,0,0,0,0,0,1,0,0,0,0,0,0,0,0,0,0,0,0,0,0,0,0,0,0,0,0,0,0,0,0,0,0,0,0,0,0,0,0,3,0,0,0,0,0,0,0,4,0,0,0,0,0,0,0,0,3,0,0,0,0,0,0,0,0,0,0,0,0,0,0,0,0,0,0,0,0,0,0,0,0,0,3,0,0,0,0,0,3,0,0,0,0,0,0,0,0,1,0,0,0,0,0,0,0,0,0,0,0,0,0,0,0,0,0,0,0,0,0,0,0,0,0,0,0,2,0,0,0,0,0,0,0,0,0,0,0,0,0,0,0,0,0,0,0,0,0,6,0,0,0,0,0,0,0,0,1,0,0,0,0,0,0,0,0,0,0,0,0,0,0,0,0,0,0,0,0,14,0,0,0,0,0,3,0,5,0,0,0,0,3,0,0,0,0,0,0,0,0,0,0,0,0,0,0,0,0,0,0,5,0,0,0,0,0,0,0,0,0,0,0,0,0,0,0,0,0,0,1,0,0,3,0,0,0,0,0,0,0,4,0,0,0,0,0,0,0,0,0,0,7,14,0,0,0,0,0,0,0,7,0,0,0,0,0,2,0,0,0,0,2,0,0,0,0,0,0,0,0,0,1,0,0,0,0,0,0,0,0,0,0,0,0,0,0,0,1,0,0,0,0,1,0,0,0,0,0,0,0,0,0,0,0,0,0,3,0,0,0,0,0,0,0,0,0,0,0,0,0,0,0,0,0,0,2,0,0,0,0,0,0,0,0,0,10,0,0,0,0,0,0,0,0,0,0,0,0,0,0,0,0,9,0,0,0,0,5,0,0,0,0,0,0,0,0,0,0,0,0,0,0,0,0,0,0,0,0,0,0,0,0,0,0,0,0,7,0,0,0,0,0,0,0,0,0,0,0,0,1,0,0,0,0,0,0,0,0,0,0,0,0,1,0,0,0,0,0,0,0,0,0,0,0,0,0,0,0,0,0,0,0,0,0,0,0,0,0,0,2
SPI1,0,0,1,0,0,3,2,0,1,0,0,1,1,0,0,3,0,0,1,0,0,0,0,1,1,0,0,0,0,1,0,0,1,1,0,0,0,0,5,0,0,0,10,0,0,1,0,3,0,0,0,0,1,0,0,0,0,0,0,0,7,0,0,0,0,0,0,0,1,0,0,1,0,2,4,0,0,3,0,3,0,0,0,1,1,0,0,0,0,0,1,0,0,1,0,5,0,0,2,1,1,0,1,0,0,4,1,0,2,0,0,0,0,1,1,0,0,0,3,0,0,1,0,1,0,1,1,0,6,0,0,0,0,1,0,0,0,0,1,0,1,0,0,1,12,0,2,3,0,0,4,0,0,0,0,0,0,0,0,1,0,0,6,4,0,0,0,0,6,13,0,0,0,0,1,0,0,0,1,0,0,0,0,0,2,0,0,0,2,1,6,10,0,0,0,0,0,0,0,1,0,0,1,0,0,0,0,1,0,0,0,0,0,0,0,0,0,0,0,1,0,0,1,0,0,0,0,2,0,0,0,1,2,4,3,0,0,0,0,0,2,0,1,0,0,1,0,2,1,2,0,4,0,0,1,0,0,0,0,0,0,1,0,2,0,0,0,0,0,0,0,2,1,1,0,0,1,2,4,0,4,3,0,0,0,0,0,1,0,0,0,0,4,0,0,0,0,0,2,0,0,0,0,0,0,0,0,1,10,0,0,0,0,0,0,0,0,0,1,0,0,0,2,0,0,0,3,0,0,0,0,3,0,1,3,0,0,3,0,3,11,0,3,0,0,0,0,3,0,4,3,0,8,1,0,0,0,0,2,0,0,0,2,0,0,0,20,0,0,0,0,1,0,0,0,11,1,1,0,1,1,0,1,0,0,1,0,1,0,0,0,9,0,5,0,3,1,0,0,6,1,0,0,0,1,0,1,0,0,2,0,0,5,0,0,3,0,1,0,0,1,0,0,0,2,1,0,0,0,0,0,1,0,0,1,0,2,0,0,6,1,0,6,0,1,8,0,0,0,0,0,0,3,0,1,0,1,2,2,0,0,0,0,1,2,4,0,0,2,0,4,0,0,0,0,5,1,0,0,0,3,0,0,0,1,0,0,0,0,5,0,0,0,0,0,1,0,0,0,1,0,3,0,0,0,0,1,8,0,0,2,0,0,0,0,0,0,0,0,1,0,0,0,2,5,0,0,0,4,0,0,0,0,0,0,4,0,5,0,0,4,0,0,0,0,0,2,0,5,0,0,4,0,0,2,2,1,3,0,1,0,0,1,0,0,0,0,0,0,0,0,0,0,0,1,6,0,0,2,0,0,0,0,2,1,0,0,0,1,1,0,1,0,5,0,1,0,0,0,0,0,4,2,0,0,6,1,0,0,0,0,1,0,0,0,0,0,0,2,2,0,0,0,0,0,0,0,3,0,0,0,0,0,0,0,0,0,0,0,1,0,0,0,0,0,0,2,0,0,1,0,0,0,2,0,1,0,0,0,3,3,2,0,0,0,0,1,0,0,0,0,0,0,0,0,0,0,0,0,0,0,8,0,0,0,0,0,0,0,0,0,0,0,0,0,0,0,0,0,4,0,0,2,0,1,4,0,0,0,6,0,0,0,0,0,0,0,0,0,0,0,0,0,1,0,0,0,0,0,0,0,0,2,0,0,0,1,1,0,1,0,0,0,2,0,0,0,0,0,0,0,0,0,0,0,0,0,0,0,0,0,1,0,0,4,1,0,0,0,1,0,0,0,0,3,1,1,0,0,0,0,0,0,0,1,2,0,0,0,0,1,0,1,1,3,0,0,0,2,0,0,0,0,0,0,0,0,0,0,0,0,2,0,1,0,0,5,0,0,0,0,0,3,0,1,0,0,0,0,2,0,1,0,1,0,0,0,0,0,1,2,2,0,0,0,2,0,0,0,0,0,1,0,0,0,0,0,2,0,0,0,0,0,0,0,0,0,0,0,0,0,2,5,0,0,0,0,0,0,1,0,0,0,1,4,0,1,0,0,0,0,0,0,2,0,2,0,0,5,0,0,0,0,0,0,0,2,0,6,5,3,0,0,0,2,1,2,0,1,0,0,6,4,0,0,4,0,0,2,3,0,1,0,0,0,0,0,10,0,0,0,0,0,0,0,0,0,6,0,0,0,0,0,0,0,0,0,0,0,0,0,1,0,0,1,4,0,0,2,1,0,16,2,0,0,3,0,0,1,0,0,0,0,6,0,0,0,0,1,0,1,0,0,0,0,0,0,0,0,0,0,1,0,1,0,1,0,0,0,0,0,0,1,0,0,0,1,1,1,0,0,0,0,0,0,0,0,1,0,0,8,9,0,0,0,7,0,2,2,0,0,0,0,0,0,0,0,0,0,0,0,2,0,0,0,0,2,0,0,0,0,0,4,4,3,0,1,0,0,3,4,0,0,6,0,0,0,0,1,5,0,0,0,0,0,0,1,0,0,0,1,0,0,2,0,2,0,0,0,0,0,0,10,1,2,0,0,0,0,0,0,0,2,0,1,0,2,0,0,0,0,0,6,0,0,0,1,0,0,2,0,0,0,0,0,0,0,0,0,0,0,0,3,0,0,1,0,0,0,0,1,1,0,11,0,0,0,0,0,0,0,0,0,0,0,0,0,0,0,0,0,1,0,0,1,0,0,0,0,1,0,0,3,0,0,0,0,0,1,2,0,0,0,0,0,0,0,0,1,0,0,0,0,0,0,0,1,4,0,0,1,0,0,7,0,0,12,0,0,0,0,3,0,0,1,0,5,1,0,0,2,2,0,0,0,0,2,0,0,0,0,0,0,0,0,0,2,2,1,0,3,0,2,1,0,0,9,0,0,1,0,0,4,5,0,1,0,0,0,0,1,5,0,0,0,0,2,0,1,0,2,2,6,0,0,5,0,0,0,3,0,0,0,0,2,0,0,0,1,0,0,0,0,1,0,0,1,0,0,0,0,0,0,0,0,0,0,2,0,0,0,2,0,3,1,0,0,0,0,2,0,0,0,0,0,0,0,0,0,0,3,0,0,0,0,1,0,0,5,0,0,0,0,0,2,0,2,0,1,0,0,10,0,2,0,3,0,0,0,0,1,2,0,0,7,0,2,0,0,6,0,0,0,0,2,0,0,0,0,1,9,0,0,0,0,3,0,1,1,12,0,1,0,0,0,3,0,0,0,0,0,0,0,0,0,0,0,2,0,0,1,0,4,2,0,0,0,0,0,1,0,0,0,0,0,0,0,0,1,1,0,0,0,0,0,0,0,0,0,0,0,0,0,0,0,4,1,0,0,0,0,0,3,0,0,0,3,0,0,0,4,0,1,1,9,0,0,0,0,6,0,0,0,0,0,2,0,2,4,0,0,0,0,3,0,0,0,1,3,0,1,0,0,0,0,0,0,0,0,1,0,0,1,0,0,2,0,0,0,1,0,1,0,0,2,0,1,8,1,0,0,0,0,0,0,0
ZFP36L2,1,3,3,0,1,1,1,4,0,1,0,12,8,2,1,9,2,0,3,2,5,4,2,1,2,0,0,0,5,2,2,4,2,7,0,0,7,4,8,1,5,1,0,4,8,1,1,3,3,1,3,2,2,4,9,0,2,7,2,6,8,1,8,2,5,5,2,0,6,3,1,17,1,2,1,1,1,6,1,5,2,4,1,1,1,4,0,2,3,4,3,1,5,5,0,3,1,0,1,3,1,3,2,5,4,4,3,3,3,4,2,7,0,4,4,7,6,13,1,0,2,0,3,1,1,5,2,0,0,0,0,5,2,1,5,2,0,6,0,2,0,3,2,0,3,2,5,1,10,1,2,1,0,6,2,0,4,1,1,3,5,1,3,1,1,3,3,8,1,7,0,6,2,4,3,1,1,1,1,0,1,5,1,1,3,4,0,1,1,2,0,3,7,0,4,1,3,0,0,2,4,3,2,0,3,0,0,3,0,6,7,3,0,1,1,1,2,3,1,4,2,0,3,1,10,0,1,1,6,5,0,0,4,0,2,3,5,1,0,1,1,5,0,3,1,0,1,3,3,0,2,1,0,1,0,4,2,1,0,3,2,0,4,2,5,3,6,1,6,2,3,14,2,0,0,4,1,0,2,2,0,1,1,1,6,2,1,1,1,2,1,2,2,1,4,1,4,3,8,0,5,1,1,1,3,4,7,0,3,3,1,1,0,1,1,0,2,3,4,5,4,0,1,3,0,2,5,4,0,1,1,5,6,2,3,6,3,0,15,4,6,2,1,2,2,10,4,1,2,0,8,5,4,2,2,6,1,6,3,4,2,0,1,4,0,2,0,6,3,1,2,2,1,1,2,10,2,4,1,1,1,2,3,9,0,1,4,5,0,4,5,6,9,5,1,2,4,7,2,2,3,3,1,6,1,3,1,0,2,3,5,4,1,1,2,7,1,0,3,2,4,3,2,1,0,4,0,4,1,3,1,0,4,5,5,1,1,9,7,3,1,6,3,0,3,13,1,5,1,1,3,1,2,0,1,4,2,1,3,0,3,1,0,0,5,6,3,3,4,1,1,2,1,3,2,2,5,6,0,5,1,3,2,4,2,7,1,4,6,1,2,0,1,0,2,1,8,2,2,0,0,1,1,2,2,1,1,4,1,1,0,2,3,2,1,0,0,4,1,1,1,5,13,1,1,3,1,0,0,1,6,3,0,2,2,0,9,2,2,1,19,6,0,0,1,1,2,2,7,4,2,3,1,7,1,2,0,1,3,2,1,6,0,1,1,2,3,4,9,1,4,0,2,3,2,4,1,2,0,4,2,0,2,4,4,1,0,0,1,2,1,0,1,5,3,2,2,1,1,1,2,7,0,1,5,4,3,5,2,6,0,0,1,2,14,4,3,1,1,2,0,3,3,1,0,0,3,1,2,1,0,2,5,1,1,2,3,4,2,1,0,0,5,2,1,0,3,1,5,1,2,3,0,1,2,0,1,0,1,4,4,1,2,1,1,9,1,3,3,1,4,4,1,5,5,2,0,2,0,1,0,4,5,1,1,14,4,1,0,0,2,4,9,2,5,9,1,0,3,6,5,5,2,2,0,7,4,0,2,0,3,5,0,2,2,4,0,7,2,0,3,1,2,3,0,9,4,2,3,7,6,2,0,0,1,4,6,0,5,0,1,1,6,2,3,5,1,3,1,5,5,5,3,1,1,2,1,0,5,5,1,2,4,4,3,2,1,0,4,7,3,3,3,1,2,0,3,1,2,4,4,1,0,3,2,4,2,1,0,2,3,2,4,6,9,0,3,4,3,3,11,2,0,1,2,3,2,1,2,6,2,5,5,3,2,4,3,2,7,2,2,0,2,1,0,5,3,1,4,0,5,3,0,3,5,3,1,7,2,0,3,1,0,4,2,0,2,3,2,6,0,0,0,3,4,3,3,2,4,0,5,2,9,2,2,1,0,3,3,1,1,1,2,3,1,0,0,1,0,1,2,0,3,5,3,1,2,3,2,0,0,1,1,2,1,1,1,3,8,1,0,3,4,2,3,1,1,0,3,4,3,1,4,2,2,12,0,2,2,5,0,3,4,0,1,3,1,4,1,7,2,0,0,0,0,2,1,4,2,1,2,4,0,1,1,0,1,2,0,2,2,5,3,4,5,2,1,0,1,2,5,0,1,1,1,1,0,2,2,1,0,9,9,2,4,0,1,2,9,2,2,4,1,7,1,1,3,3,1,4,0,3,4,6,1,5,0,0,1,1,2,0,3,3,3,4,0,2,0,3,4,2,3,4,3,1,0,0,8,2,1,0,5,2,5,0,4,0,6,2,7,1,0,3,3,2,7,9,4,1,4,1,1,2,1,1,3,2,2,0,8,2,1,2,3,1,6,6,3,0,5,2,2,4,2,8,9,2,1,3,6,5,0,0,2,0,4,0,3,2,1,0,3,0,3,7,3,3,2,1,2,1,4,7,0,3,0,1,1,1,4,8,3,0,3,2,7,2,1,7,1,0,2,6,0,1,1,4,3,7,0,2,0,1,1,3,0,1,0,1,2,1,8,4,0,5,1,1,6,2,3,5,2,1,3,1,1,2,2,5,0,1,0,2,0,1,3,0,5,7,5,5,3,0,2,1,2,0,3,2,0,3,5,1,1,1,2,1,2,8,4,5,6,0,5,2,1,1,6,2,2,5,0,5,1,5,6,1,1,3,2,6,2,2,3,3,0,2,1,1,0,2,0,6,1,2,7,0,3,1,2,2,3,0,1,0,1,2,4,3,3,2,4,3,1,2,3,3,1,3,2,4,4,1,11,0,0,14,1,3,1,3,1,0,0,1,1,1,1,2,6,2,2,0,2,1,0,1,2,2,5,1,5,1,0,1,3,3,2,1,2,4,0,4,2,1,2,3,2,5,0,3,2,3,0,1,2,0,3,8,3,0,3,1,0,2,0,8,1,1,3,1,8,0,5,2,0,0,2,2,1,0,0,2,0,0,5,1,5,7,2,4,5,0,3,4,4,3,4,2,2,0,4,3,3,0,4,2,2,2,0,10,4,2,1,3,0,0,1,5,3,0,2,4,5,2,0,5,1,0,1,1,5,4,2,0,0,5,7,5,1,2,1,0,0,2,1,1,4,3,6,6,0,4,3,0,0,1,0,3,8,4,3,4,1,0,1,1,0,0,5,4,2,0,1,0,0,5,1,6,2,1,2,1,1,1,3,4,2,5,3,3,1,2,4,5,1,3,5,3,3,0,2,1,0,3,2,1,2,5,2,7,12,1,5,1,7,1,3,6,0,6,1,0,1,2,3,1,1,1,4,1,0,2,4,5,4,6,9,3,0,2,2,4,5,1,1,5,6,4,2,0,0,1,0,1,2,4,3,6,1,3,3,0,1,1,3,0,0,3,1,0,4,1,3,4,4,5,7,4,0,0,3,1,0,5,2,9,5,9,1,5,6,3,6,1
TSC22D3,5,0,1,0,2,1,0,7,10,0,1,1,1,0,2,3,1,0,0,2,5,5,2,1,0,0,1,1,3,3,1,2,3,0,0,2,4,5,0,0,7,1,1,2,1,0,3,0,1,1,2,1,1,4,3,0,2,4,0,5,2,3,1,1,1,0,0,1,2,4,0,2,0,4,2,0,1,3,1,3,1,2,2,0,1,3,1,1,0,2,1,1,2,0,0,1,0,0,0,6,0,3,0,2,0,1,4,0,1,0,2,2,0,8,0,1,2,6,2,0,2,3,6,2,0,2,0,1,0,2,0,3,0,1,0,3,6,1,1,0,1,0,0,4,0,0,1,1,9,1,1,3,3,15,4,4,1,3,3,0,1,1,0,2,4,6,0,7,0,0,1,1,1,1,0,0,0,2,1,1,0,1,3,6,0,8,2,1,0,4,3,2,3,2,2,1,2,1,1,3,0,0,2,0,2,0,0,1,4,0,1,1,0,1,0,0,4,3,0,2,2,2,0,2,9,2,0,0,1,2,0,1,5,3,0,0,1,0,3,0,2,0,2,0,3,2,0,3,1,2,1,0,6,0,3,0,3,1,4,1,0,4,1,1,2,2,0,0,7,2,0,1,1,3,0,3,4,2,1,0,0,3,3,1,0,0,0,0,2,2,1,0,0,0,0,2,1,0,1,1,7,2,1,0,2,1,3,0,5,4,0,1,3,2,1,1,2,2,0,2,1,4,3,1,0,3,0,9,1,4,5,3,4,2,0,1,4,2,0,1,2,2,1,1,1,1,1,2,1,2,1,0,13,2,0,1,1,7,0,0,0,2,1,0,1,4,1,2,3,2,0,0,1,1,0,3,1,0,2,3,4,1,2,2,1,1,0,1,1,0,1,6,1,9,0,3,2,9,0,3,6,2,0,2,3,1,2,6,0,10,1,6,2,1,1,5,2,3,0,0,3,1,1,4,1,0,0,1,0,1,2,2,3,0,2,4,0,0,0,6,1,2,2,1,4,5,0,1,0,0,4,0,1,1,3,0,0,4,0,3,3,2,2,5,2,4,2,4,1,1,0,0,0,2,1,3,3,2,1,2,0,2,1,0,0,2,0,7,4,2,1,1,2,1,5,1,5,0,0,1,0,1,1,1,0,1,1,3,1,0,0,0,1,2,0,1,0,2,0,1,0,3,6,0,4,1,0,1,2,3,3,2,1,2,4,2,0,1,4,0,3,5,0,2,1,0,1,1,4,1,1,0,2,1,0,1,3,6,4,2,4,4,4,0,0,0,0,5,3,0,1,4,3,0,1,1,0,0,2,4,3,1,4,0,0,0,1,1,1,2,0,5,0,0,2,4,2,4,1,0,2,2,2,0,1,2,0,0,0,0,1,4,0,1,5,1,4,2,0,1,2,5,2,5,1,2,4,3,4,1,0,3,1,0,1,0,0,3,1,4,3,0,1,1,1,1,0,4,2,2,0,3,0,2,4,3,5,1,6,3,0,2,4,3,6,0,0,0,1,2,2,4,0,1,5,3,1,2,3,0,0,3,4,3,0,7,2,1,0,2,8,0,3,1,1,9,0,2,0,0,0,2,0,2,2,3,5,3,2,7,1,3,3,0,2,1,0,4,0,0,1,5,2,2,2,3,1,3,1,1,5,1,0,1,1,2,1,3,2,4,0,3,3,2,1,0,3,4,4,0,2,7,4,4,4,2,5,0,0,1,2,2,1,3,0,0,4,0,5,2,2,2,6,1,2,0,0,0,1,0,0,2,1,0,1,6,1,1,7,0,1,1,3,0,1,1,1,2,3,2,4,1,7,0,1,0,4,0,2,2,1,0,1,2,3,1,0,1,0,0,3,2,1,10,2,4,6,2,1,2,0,2,2,2,7,4,0,4,0,3,0,1,0,2,0,1,0,4,3,3,0,4,0,0,1,0,0,0,1,3,3,4,4,0,3,0,2,0,2,1,10,1,1,0,0,0,1,2,1,0,0,1,2,1,0,0,3,1,0,4,2,4,0,1,1,1,7,8,0,2,2,5,1,3,0,0,3,4,2,3,1,0,2,1,0,1,2,2,1,2,1,2,2,1,0,1,2,1,0,4,0,4,0,0,4,0,3,6,1,1,6,2,0,0,1,1,4,2,1,4,0,1,2,0,4,2,10,4,3,1,1,0,1,1,1,0,2,3,1,1,3,3,1,0,2,7,0,6,0,0,0,1,2,2,1,1,0,2,1,0,1,0,0,0,0,1,0,1,0,2,2,2,2,4,0,1,0,0,0,1,0,0,6,6,0,4,4,4,1,2,6,1,1,1,3,3,0,1,1,1,2,6,0,0,2,2,4,1,0,4,1,3,4,0,0,2,2,2,0,0,2,4,1,2,2,2,0,1,1,0,0,5,3,6,2,0,0,1,1,2,1,1,4,1,8,2,3,1,6,2,0,1,4,4,0,1,0,0,6,2,1,4,2,2,4,1,1,2,1,2,2,0,5,1,1,2,4,4,1,6,1,5,5,3,6,2,2,0,1,3,0,4,0,0,1,2,1,3,0,6,2,0,1,1,0,0,1,2,0,2,3,3,3,3,3,3,0,4,2,1,2,0,0,1,1,0,6,5,1,1,1,1,2,1,3,0,5,5,3,1,2,0,7,2,1,3,2,0,2,0,2,2,1,2,5,7,2,1,0,0,2,1,0,2,4,5,3,0,4,5,3,5,0,0,3,0,1,0,0,1,0,0,0,4,2,0,3,0,3,1,0,1,1,1,3,2,4,1,2,0,1,1,0,0,0,0,3,2,6,3,4,8,6,0,4,6,3,4,4,1,6,6,2,0,0,2,3,5,4,3,0,2,2,1,0,1,0,0,0,6,0,1,0,2,1,2,3,0,1,0,1,3,1,5,0,2,3,3,2,3,4,3,3,2,0,2,1,5,2,9,3,4,0,0,6,0,0,3,2,2,1,1,5,2,4,6,1,0,1,1,3,0,1,1,1,2,3,4,3,1,2,2,1,0,1,4,5,0,3,2,0,2,3,0,1,1,3,0,1,5,3,9,1,2,2,2,1,1,3,3,2,1,1,1,0,5,1,5,0,2,0,0,3,1,4,2,5,0,4,0,3,4,1,1,2,1,3,0,9,1,6,0,4,0,11,0,0,2,6,0,4,0,0,1,7,0,3,3,1,0,1,2,0,0,2,2,0,7,1,2,0,8,3,0,2,1,1,2,0,2,0,5,0,0,4,3,1,2,2,1,0,2,1,0,0,0,2,1,1,0,0,1,4,0,1,0,2,6,1,4,0,1,1,5,0,0,3,0,0,1,1,4,2,0,2,0,1,0,3,3,1,2,2,1,2,2,2,1,0,5,0,5,1,2,0,0,1,4,1,1,0,3,1,6,1,2,1,2,1,0,4,3,0,3,3,1,4,0,6,0,3,0,2,2,0,1,0,5,7,3,0,4,0,1,5,1
PLAC8,1,0,3,2,0,3,0,0,2,1,2,0,1,1,1,4,1,0,0,2,0,2,1,2,0,0,0,1,0,2,1,0,2,15,2,0,0,1,1,0,0,3,1,4,5,2,1,0,0,0,0,0,2,7,2,0,5,3,0,0,2,1,0,0,0,0,0,0,0,2,0,5,0,0,0,2,1,1,0,0,0,0,0,0,4,2,1,1,0,1,24,1,4,0,0,4,1,0,1,0,1,2,1,1,0,0,0,5,1,1,2,0,0,1,0,0,5,3,0,0,0,2,0,0,1,2,0,1,1,0,0,1,0,1,0,0,0,0,2,0,0,1,4,4,1,8,2,0,6,2,3,4,3,4,0,0,0,2,1,0,0,0,11,0,3,2,0,0,0,3,2,0,1,0,3,0,0,0,2,1,1,0,1,2,0,1,2,1,0,0,1,0,1,0,1,2,0,4,0,2,0,5,3,0,1,0,2,2,2,1,0,2,4,0,3,1,1,0,17,1,0,2,10,3,6,1,0,0,0,2,2,1,0,10,1,0,0,1,1,0,0,0,3,1,0,0,4,1,5,0,1,3,1,2,4,0,2,1,5,0,0,0,0,4,0,2,1,0,1,2,5,0,1,0,0,3,0,1,3,4,0,0,1,0,1,0,0,1,0,0,1,0,6,0,2,0,1,0,0,0,1,1,3,3,1,0,1,0,2,2,2,0,0,1,1,1,2,0,1,4,0,6,4,0,3,0,0,5,2,0,0,0,1,2,0,1,0,1,0,3,1,0,0,2,2,0,1,0,0,0,2,0,1,0,0,0,1,5,1,0,0,0,1,1,1,1,1,0,2,0,3,1,1,0,0,0,0,1,1,1,1,1,0,0,1,3,0,6,0,4,2,8,0,6,1,0,7,2,0,3,0,1,5,4,0,0,2,1,2,8,1,1,2,0,0,9,1,4,0,0,1,0,0,3,5,0,1,1,0,1,0,0,2,0,4,0,0,0,0,3,4,4,4,1,0,2,8,0,3,0,0,1,1,1,1,3,0,1,3,1,13,2,0,4,4,3,0,0,0,0,3,1,0,2,0,0,1,0,0,0,0,2,7,1,1,0,3,0,0,1,1,2,0,2,2,1,0,1,0,8,2,0,0,0,0,0,4,0,1,0,0,0,2,2,1,0,0,0,1,0,1,1,3,5,0,0,2,4,0,2,2,3,0,0,0,0,0,0,1,1,4,0,0,2,1,3,0,0,12,2,1,5,0,0,1,2,0,5,0,0,0,2,2,5,1,2,0,0,1,2,0,3,1,0,1,0,4,4,1,1,1,4,1,0,1,2,5,0,1,0,0,3,3,3,1,4,0,3,1,1,0,5,0,0,1,0,0,4,3,1,2,2,6,0,2,0,0,2,0,3,0,7,2,0,7,0,0,0,0,2,0,3,2,4,2,2,0,1,1,4,1,0,1,1,0,1,22,0,0,0,2,0,1,3,3,0,2,0,0,1,0,6,0,2,1,0,0,0,3,2,1,0,1,2,5,1,0,1,1,0,1,0,0,2,0,1,0,2,2,1,0,1,1,0,0,2,0,3,2,0,1,4,10,10,0,0,0,1,0,2,0,0,0,4,2,1,1,0,0,0,1,2,0,3,2,1,2,0,1,2,1,1,1,1,16,1,3,2,0,3,0,1,0,0,1,4,0,0,0,1,0,1,1,1,0,0,0,1,4,0,2,0,2,0,3,1,2,0,1,0,2,0,1,0,2,4,3,0,0,3,0,0,1,0,0,3,3,1,0,4,3,0,0,1,0,0,4,1,0,1,0,0,1,2,2,1,2,0,0,0,0,1,2,0,0,1,0,0,1,8,9,0,2,2,0,1,1,0,0,0,0,0,2,0,1,0,0,0,0,1,0,0,0,0,1,6,1,4,5,0,1,0,0,1,0,0,0,2,3,6,0,1,0,0,8,4,0,1,2,1,3,0,2,0,0,1,2,0,0,1,1,0,0,0,1,3,4,1,2,2,2,0,4,0,0,2,2,1,1,0,2,0,0,0,1,1,3,2,4,3,0,1,1,0,0,0,0,1,0,1,0,4,2,1,13,3,0,2,1,1,0,4,1,1,0,1,0,3,1,8,6,0,0,2,1,2,5,0,0,1,0,0,0,1,1,1,3,0,1,5,0,0,0,7,1,3,0,1,6,0,2,5,0,1,0,3,2,3,0,2,0,2,0,0,0,3,1,0,0,0,5,0,1,4,3,1,0,1,0,1,0,1,0,0,1,6,1,4,1,1,3,1,0,0,0,3,2,3,1,2,2,0,0,2,2,0,0,0,2,2,7,0,0,0,2,2,1,4,0,0,1,1,5,5,1,0,4,0,1,0,0,0,2,1,0,0,0,1,0,0,1,2,5,8,2,0,0,0,1,0,0,1,6,1,0,11,1,2,0,0,18,1,1,0,4,3,0,1,0,0,1,0,2,0,0,0,0,2,0,0,1,0,2,0,1,0,1,1,2,0,0,1,3,0,5,2,0,0,0,3,0,0,1,3,2,0,8,2,0,5,0,1,0,7,2,0,0,4,0,0,1,1,0,4,1,0,0,1,22,0,1,2,10,0,2,3,1,3,2,0,1,2,0,1,1,1,0,0,1,4,5,1,1,4,12,4,1,0,0,0,1,2,3,0,0,2,12,0,1,2,0,2,0,1,1,0,2,0,4,0,0,2,0,1,1,1,5,0,2,2,1,0,1,9,1,1,0,0,0,0,2,3,1,0,2,5,1,1,0,1,1,2,1,0,4,23,1,0,0,2,2,1,0,0,0,1,3,3,3,0,5,0,0,0,0,0,0,3,0,1,1,0,0,0,1,1,0,4,0,0,1,0,0,1,0,2,1,5,1,1,2,0,0,6,3,2,0,1,0,0,0,3,3,0,0,4,4,0,1,1,2,5,0,1,0,0,0,3,2,0,2,2,1,0,1,3,2,1,4,3,0,0,1,0,1,1,2,1,1,4,1,1,2,2,0,0,1,3,1,0,2,0,1,2,0,2,3,1,0,0,1,6,1,2,0,0,8,1,0,0,2,3,3,0,0,0,0,5,1,0,0,0,0,1,2,2,1,0,2,0,7,0,0,1,0,0,1,0,2,24,8,2,0,2,2,0,0,0,2,1,2,0,4,0,0,0,4,3,1,10,2,2,0,0,0,2,0,0,4,5,0,4,5,0,0,0,1,1,0,2,0,0,0,0,0,1,2,1,1,0,0,1,0,0,1,1,0,1,3,0,0,2,2,0,0,1,0,1,2,1,1,0,1,1,0,2,4,0,3,0,0,1,1,1,0,0,0,2,1,3,2,1,3,0,0,0,3,2,0,1,0,2,0,0,1,0,0,6,10,0,0,2,0,2,0,2,0,0,1,1,1,1,1,0,1,2,0,0,0,0,1,0,1,0,0,2,0,3,1,1,2,4,3,1,2,0
NA..10,0,0,2,0,2,0,0,0,0,0,0,0,0,0,0,2,2,5,0,0,0,0,0,0,0,1,0,0,0,0,0,1,0,0,0,2,0,1,0,0,0,0,1,0,7,0,0,0,0,0,0,0,0,0,3,0,0,0,0,0,0,0,0,0,0,0,0,0,0,0,1,0,0,0,0,3,0,0,0,0,4,2,0,0,1,0,0,0,0,0,0,1,1,0,1,0,0,0,0,0,0,0,0,0,3,0,0,2,0,0,1,0,0,0,0,0,0,5,0,0,0,0,0,0,0,0,0,1,0,0,0,0,1,0,0,0,0,0,0,4,0,2,0,0,0,1,0,0,0,0,0,0,7,0,0,0,1,0,0,0,0,0,0,0,0,0,0,0,0,0,0,0,0,0,0,0,0,2,0,0,2,0,0,0,0,0,0,0,0,0,0,0,0,0,0,0,0,0,0,0,0,2,0,0,0,0,0,5,0,0,0,1,0,0,1,9,0,1,0,0,0,0,0,0,0,0,0,0,0,0,0,0,0,0,0,3,0,0,0,0,0,0,0,0,1,0,0,0,0,0,0,0,0,0,0,0,0,0,0,0,0,0,2,0,0,1,0,1,0,1,2,0,0,0,0,2,0,0,0,0,0,0,0,0,0,0,0,0,0,0,0,0,0,1,1,0,0,0,0,1,0,0,0,0,0,0,2,0,0,0,0,0,0,0,1,0,0,0,0,1,1,0,1,0,2,0,0,0,0,0,0,0,0,0,0,0,0,0,0,0,0,0,0,0,0,0,0,0,0,0,0,0,0,0,1,0,0,0,0,0,3,0,0,0,0,0,0,1,0,0,1,0,0,1,0,0,0,0,0,0,0,0,0,0,0,0,0,0,0,0,0,0,1,0,0,0,0,2,0,0,0,0,5,0,0,1,0,0,5,1,0,0,0,0,0,0,0,0,0,0,0,1,2,0,0,0,1,2,1,0,0,0,0,0,0,0,0,3,0,0,1,0,0,0,0,1,1,0,0,1,1,0,0,1,0,0,0,2,0,0,0,0,0,0,0,0,1,0,0,0,0,0,2,0,0,0,0,3,0,0,0,0,1,0,0,0,0,0,0,0,0,0,0,0,3,0,0,0,0,0,0,0,0,0,0,0,0,0,4,0,0,1,0,0,0,0,0,0,0,0,0,0,5,0,0,0,0,0,0,0,0,1,1,0,0,0,1,0,0,0,0,0,0,0,0,0,0,0,0,0,0,0,0,0,0,0,0,0,0,0,0,0,0,5,0,0,1,0,0,0,0,0,0,0,0,0,0,0,0,0,0,0,0,0,0,0,0,0,0,0,0,0,0,0,0,0,0,0,0,0,0,0,0,0,0,0,0,0,0,0,0,0,0,0,0,0,0,1,0,0,0,4,1,0,3,2,0,0,0,0,0,0,1,0,0,0,0,0,2,0,0,0,0,0,1,0,0,0,0,0,0,2,0,0,0,0,0,0,0,0,0,0,0,1,1,3,0,0,0,0,0,0,0,1,0,0,0,0,0,0,0,0,0,0,0,0,0,0,0,3,0,0,0,0,0,0,0,1,0,0,0,1,0,1,1,0,0,0,0,0,2,0,0,0,0,0,1,0,0,0,0,0,3,1,0,0,0,0,0,1,1,2,0,1,0,0,0,0,0,0,0,0,0,0,0,0,0,0,0,0,3,0,0,0,0,0,0,0,0,0,0,0,0,0,0,0,0,0,1,0,0,0,0,0,0,0,0,0,0,0,0,0,1,0,0,0,7,0,0,0,2,0,0,0,0,0,0,0,0,0,0,0,0,0,5,1,1,0,0,0,0,1,1,0,0,0,0,0,2,1,0,0,0,0,0,0,0,0,0,0,0,4,0,0,2,0,0,1,0,0,0,0,0,2,0,0,0,3,0,0,0,0,0,0,1,0,0,0,0,0,0,0,0,0,0,1,0,0,0,0,0,0,0,0,0,1,0,0,0,0,0,0,0,0,0,0,0,0,0,0,0,0,0,0,0,0,0,0,0,0,0,0,0,0,0,0,0,0,0,0,0,1,0,0,0,0,0,1,0,0,0,0,0,2,0,0,0,0,0,0,0,0,0,0,0,0,0,0,0,6,0,0,0,0,0,0,2,0,0,1,0,0,0,0,0,0,0,0,0,0,1,0,0,0,0,0,0,0,0,0,0,0,0,0,0,0,0,6,0,0,0,6,0,0,1,0,0,0,0,0,0,0,0,1,1,16,0,0,0,0,0,0,0,0,0,8,0,0,0,0,0,0,0,0,0,0,0,0,0,0,0,0,0,0,1,1,0,0,1,0,0,0,1,0,0,0,0,1,0,0,0,1,2,2,0,0,0,2,0,3,0,0,0,0,0,0,0,2,0,1,0,0,0,0,0,1,0,0,1,0,0,0,0,0,0,0,0,0,0,0,0,0,0,0,0,0,0,0,0,0,0,0,0,0,0,0,0,0,0,0,0,5,0,0,0,0,4,0,0,0,1,0,0,0,0,0,0,0,2,2,0,0,0,0,0,0,0,0,0,0,0,0,0,0,3,0,0,0,0,1,0,0,0,0,0,0,0,0,0,0,0,0,0,0,0,1,0,0,3,1,0,0,4,0,0,0,0,0,0,1,0,5,2,0,0,0,0,0,0,0,0,0,0,0,0,0,7,0,0,0,0,0,0,0,0,0,0,2,0,0,0,0,0,0,0,0,0,0,0,0,0,0,0,0,0,2,0,0,0,1,0,0,0,0,0,0,0,0,0,0,0,0,0,0,0,0,0,0,0,0,1,0,0,0,0,0,0,0,0,0,0,0,0,0,0,0,0,10,0,0,0,0,0,1,0,0,0,0,0,1,3,0,0,0,0,0,0,2,0,0,0,0,0,0,0,0,0,0,0,0,0,0,0,0,0,0,1,0,0,2,0,0,0,0,0,0,0,0,0,0,0,0,0,0,0,6,0,0,0,0,0,0,0,0,0,0,1,0,0,0,0,0,0,0,0,0,0,5,0,0,0,0,0,0,0,0,2,0,0,1,0,0,3,0,0,0,0,0,0,0,0,0,1,1,0,0,2,16,0,0,0,0,0,0,0,0,0,0,0,0,0,0,0,1,0,0,0,0,0,0,0,6,0,0,1,0,3,0,0,0,0,0,0,0,1,0,0,0,0,0,0,1,0,0,0,2,0,0,0,0,0,1,0,0,0,0,0,0,1,0,0,4,0,0,0,0,0,6,0,0,0,0,0,0,0,0,7,0,7,0,0,0,5,0,2,0,0,0,0,0,0,0,0,0,0,1,0,0,0,1,0,0,0,0,0,0,0,0,0,0,0,0,5,1,0,0,0,0,0,1,0,0,0,0,0,0,0,0,0,0,0,0,0,0,0,0,0,0,2,0,0,0,0,0,0,3,0,0,0,0,0,0,0,0,0,0,0,0,0,0,0,0,0,0,0,0
CD14,0,0,0,0,0,1,2,0,0,0,1,0,1,0,0,0,0,0,3,0,0,0,3,2,0,0,0,0,0,0,0,0,0,0,0,0,0,0,0,0,0,0,7,0,0,0,0,3,0,0,0,0,1,0,0,0,0,0,0,0,1,0,0,1,0,0,0,0,0,0,0,0,0,3,0,0,0,1,0,1,0,0,3,2,0,0,0,0,0,0,0,0,0,0,0,5,0,0,5,0,0,0,6,0,0,1,0,0,0,0,0,1,0,4,0,0,0,0,1,0,0,0,4,0,0,0,1,0,4,0,0,0,1,0,0,0,0,0,1,0,0,0,0,0,0,0,1,1,0,0,9,0,0,0,0,0,0,0,0,4,0,0,6,1,0,0,0,0,8,1,0,0,0,0,2,0,0,0,5,0,0,0,0,0,0,0,0,0,1,0,0,0,0,0,0,0,0,0,0,0,1,0,0,0,0,0,0,0,0,0,0,0,0,0,0,0,0,1,0,2,0,0,0,0,0,0,0,4,0,0,0,0,0,0,3,0,0,0,0,0,0,0,0,0,0,0,0,1,2,2,0,0,0,0,0,0,0,0,0,0,0,0,0,9,0,0,0,0,0,0,0,2,1,0,0,0,0,6,9,0,5,1,0,0,0,0,0,0,0,0,0,0,2,0,0,0,0,0,8,0,0,0,0,0,2,0,1,1,0,0,0,0,0,0,0,0,0,0,0,0,0,0,2,0,0,0,1,0,0,0,0,1,0,0,1,0,0,2,0,5,2,1,0,0,0,0,0,0,0,1,1,0,0,0,0,1,0,0,0,0,0,0,0,0,0,0,0,0,0,0,0,1,0,0,0,0,0,0,0,3,0,0,0,0,0,0,0,0,0,0,0,0,0,3,0,0,0,0,0,0,4,0,0,0,4,0,0,0,0,0,0,0,3,0,0,0,0,0,0,0,1,0,0,0,2,0,0,0,0,0,0,0,0,0,2,0,2,0,0,0,0,0,0,0,0,1,0,0,0,0,1,0,0,0,3,0,1,3,4,0,0,0,0,0,3,0,0,0,2,1,0,4,0,0,0,0,2,0,0,0,3,0,0,0,7,0,0,0,0,1,0,0,0,0,0,1,0,0,0,0,0,3,0,0,0,0,0,0,0,0,1,0,0,0,0,1,0,0,0,0,0,0,0,1,3,0,0,0,1,0,1,0,0,0,3,1,0,0,0,0,0,0,0,0,0,0,1,0,0,0,0,2,0,0,1,7,0,1,0,0,0,0,0,0,0,0,0,0,0,0,0,0,0,0,0,5,0,0,2,0,0,0,0,0,0,0,0,0,0,1,0,0,0,1,0,0,0,0,0,0,0,2,2,0,0,0,0,0,0,0,3,0,0,0,0,0,0,0,1,0,0,0,0,0,0,0,0,0,0,0,0,0,0,0,1,0,0,0,0,1,0,0,0,0,0,0,0,0,0,0,0,0,0,0,0,1,0,0,0,6,0,0,0,0,0,0,0,0,0,0,0,0,5,0,0,1,2,3,0,0,0,0,0,0,1,0,0,0,0,0,0,0,0,0,0,0,0,0,0,1,0,0,0,0,0,1,0,0,0,0,0,0,0,0,3,0,0,0,0,0,1,0,0,0,0,0,0,0,0,0,0,0,0,0,0,0,7,0,0,0,0,0,0,1,0,0,0,0,0,0,0,0,0,0,0,0,0,0,0,0,0,0,0,0,2,0,0,0,0,0,0,0,0,0,0,1,2,0,0,0,0,0,0,0,2,0,0,0,0,0,0,0,0,0,7,0,0,0,6,0,0,0,0,0,0,0,0,0,0,0,0,2,0,3,0,0,0,0,0,0,1,0,0,0,0,0,0,0,0,2,0,0,0,0,0,0,0,0,3,0,2,2,0,0,0,0,0,0,0,0,0,1,0,0,0,0,2,5,0,0,0,0,1,0,0,0,0,1,0,0,0,3,0,0,0,0,0,0,0,2,0,0,2,0,3,0,0,0,0,0,0,0,0,1,0,0,0,0,0,0,0,0,0,0,0,0,1,0,0,3,2,0,0,0,3,0,0,0,0,0,0,0,2,0,1,0,0,0,0,3,1,0,0,0,0,0,0,0,0,0,0,0,0,0,0,0,0,1,0,0,1,0,2,0,0,0,0,0,0,1,0,0,0,0,1,2,0,0,0,4,0,1,2,0,0,0,0,0,0,0,0,0,0,1,1,0,0,0,0,0,0,0,0,0,0,0,0,0,0,0,0,3,0,0,0,0,0,0,0,0,0,0,4,1,0,0,0,0,1,0,0,0,0,0,0,0,0,1,0,0,0,0,0,0,0,4,0,5,1,0,0,1,0,0,0,0,0,0,0,0,0,3,0,0,0,0,2,0,0,0,0,0,1,0,0,0,0,1,0,4,2,0,0,0,0,0,0,3,4,4,0,1,0,0,0,0,4,0,0,0,0,0,0,0,0,1,0,0,1,0,0,0,0,1,3,0,0,0,0,0,0,0,0,0,0,0,2,0,0,0,0,0,3,0,0,0,0,0,0,0,0,0,0,0,0,0,0,0,0,0,0,0,2,0,0,0,0,0,0,0,3,0,0,0,0,0,0,0,0,0,0,0,0,0,0,0,0,0,0,1,0,0,0,0,1,0,4,0,0,0,0,0,1,0,0,0,0,0,0,1,0,0,0,0,0,0,1,0,0,0,0,0,0,0,0,0,0,1,0,1,0,0,0,1,0,0,0,0,0,0,0,1,0,0,0,0,1,4,0,0,3,7,0,0,0,0,1,0,0,0,0,0,1,0,0,0,0,0,0,0,1,0,2,1,0,0,0,0,0,0,0,0,2,1,0,0,0,0,0,0,0,0,0,0,0,0,1,0,0,5,7,0,0,0,0,3,0,0,0,1,0,0,0,0,1,0,0,0,3,0,0,0,0,2,0,0,2,0,0,0,0,0,0,0,0,0,0,0,0,0,0,3,1,3,0,0,0,0,0,10,0,0,0,0,0,0,0,1,0,0,2,0,0,0,0,0,0,0,0,0,0,0,0,0,0,0,0,0,1,0,0,1,0,1,3,3,0,0,0,0,2,2,0,0,0,0,2,0,0,0,0,0,0,0,0,0,0,0,0,0,0,0,0,0,0,0,0,3,0,0,0,1,0,0,0,2,0,0,0,0,0,1,0,0,2,0,0,0,0,0,1,0,2,1,0,0,0,0,1,0,0,0,0,0,0,0,0,0,0,3,0,0,0,0,0,0,0,0,0,3,0,0,0,0,0,0,0,0,0,0,0,0,0,0,0,0,0,3,0,1,1,0,0,7,0,0,0,0,0,3,0,0,0,0,0,0,0,1,2,0,0,0,0,2,0,0,0,0,3,0,0,0,0,0,0,0,1,0,0,2,0,0,1,0,0,0,0,0,0,0,0,1,4,0,3,0,0,0,0,0,0,0,0,0,0,0
RPL31,31,4,16,7,12,10,7,40,12,11,16,11,15,36,16,30,12,8,10,28,21,36,6,7,8,15,28,19,11,40,28,23,40,21,7,6,21,31,24,13,35,26,10,30,16,14,32,10,27,18,12,29,9,15,14,9,5,30,30,6,24,38,18,7,20,11,24,0,9,37,10,61,25,6,5,10,7,24,4,10,17,20,5,6,15,37,25,26,18,22,21,20,18,8,24,17,10,11,5,34,17,31,9,33,18,8,10,3,13,25,12,30,3,19,27,56,9,49,9,14,9,4,11,3,32,29,12,22,14,24,14,32,8,17,26,27,17,27,5,10,31,18,26,28,39,9,18,9,55,5,13,3,14,31,6,20,12,13,3,5,17,18,13,4,5,34,7,25,11,34,31,3,35,19,3,14,25,20,13,34,9,15,19,8,11,28,35,25,13,12,17,42,15,33,31,21,16,9,0,40,5,24,12,17,32,6,17,34,22,28,25,6,10,4,18,10,28,18,23,15,9,13,22,14,55,3,18,6,35,20,24,13,18,15,8,6,15,12,17,9,10,8,14,2,18,9,8,5,16,11,28,6,11,15,19,27,17,40,15,9,17,17,22,14,31,9,18,14,39,21,3,30,9,6,23,9,13,22,13,26,7,1,35,26,37,31,30,13,22,24,33,16,7,13,16,12,3,19,12,13,24,29,9,27,6,9,23,5,16,37,19,4,15,13,15,13,23,41,21,18,12,4,7,9,10,14,15,44,21,21,17,10,28,10,9,13,17,8,18,9,15,20,9,29,23,20,20,5,26,18,18,38,27,31,2,5,17,32,26,3,24,19,12,4,13,28,67,14,31,27,11,5,11,12,5,54,25,25,30,13,6,5,31,21,19,4,27,26,13,5,25,15,11,27,31,4,27,20,9,9,13,28,17,29,5,36,20,14,19,25,17,35,9,46,29,34,15,19,16,27,9,36,19,5,13,27,9,18,14,15,7,27,22,14,6,11,6,12,24,25,15,29,41,19,19,36,7,20,10,10,6,13,5,11,13,39,12,19,14,27,15,34,22,14,19,15,31,19,9,5,6,7,14,31,33,9,8,13,9,9,10,23,4,21,14,42,11,40,38,13,39,29,14,28,22,3,31,35,7,13,1,11,31,10,32,15,18,48,11,11,2,2,17,19,11,25,8,15,9,6,22,23,49,4,12,9,19,15,18,34,8,34,16,9,15,18,12,61,20,23,95,34,25,4,25,34,20,12,34,27,35,32,8,14,8,15,12,13,20,14,12,22,19,17,21,28,17,26,28,4,35,7,33,22,38,13,8,26,4,11,15,9,20,13,11,38,21,5,10,2,15,10,9,16,28,32,35,12,17,20,29,15,1,15,46,38,10,12,12,18,5,19,6,13,53,31,20,10,12,14,35,35,9,6,11,6,28,11,12,29,17,30,17,3,5,13,18,36,12,35,18,0,31,32,15,13,27,28,31,3,3,16,7,6,14,7,12,18,9,14,11,21,23,9,41,12,4,5,28,13,23,31,12,17,22,24,2,6,34,14,6,48,29,29,5,34,16,33,1,1,22,29,27,9,34,25,16,26,18,5,5,18,11,14,11,15,33,18,18,55,18,11,12,36,7,30,9,20,7,23,26,22,17,32,5,27,6,24,9,20,21,12,6,10,21,27,7,15,12,13,11,21,24,4,33,5,13,17,10,5,14,24,19,31,16,17,23,7,12,37,8,7,6,39,5,21,17,12,31,26,23,11,14,12,3,5,3,14,2,39,4,12,10,28,5,17,7,22,33,26,16,13,8,3,27,11,13,31,6,27,40,9,11,26,27,14,10,5,13,8,13,9,18,7,27,22,15,2,9,9,13,7,33,27,16,24,14,16,21,1,32,11,10,7,21,20,15,36,11,33,8,13,5,13,27,35,14,43,9,29,7,0,2,16,13,11,7,11,30,22,37,28,20,12,26,9,30,8,8,21,25,5,16,19,28,9,8,35,8,12,16,12,6,21,14,30,26,19,14,22,40,8,3,5,4,13,33,36,24,17,17,17,19,52,24,19,23,14,41,5,4,5,22,21,7,11,8,20,25,19,0,41,11,18,16,12,12,36,4,18,4,28,11,5,20,14,13,25,12,10,12,32,19,19,17,31,20,3,31,13,2,34,6,21,7,8,25,22,30,11,18,13,9,5,2,11,24,6,22,5,34,73,11,12,21,27,29,14,10,28,8,17,20,35,16,12,14,14,14,15,20,39,10,14,11,19,15,19,9,28,22,11,24,10,46,10,11,25,4,32,39,13,13,27,16,24,18,13,15,30,8,9,17,17,16,10,29,5,30,30,40,61,13,38,10,13,21,27,6,10,30,7,20,11,34,14,22,15,21,12,23,6,29,14,26,24,14,11,31,24,26,29,12,16,3,11,10,5,7,10,19,46,4,12,22,21,36,5,13,14,39,1,18,28,6,13,5,23,22,8,4,23,11,34,28,1,15,15,5,21,30,13,17,5,3,22,13,19,13,14,10,17,28,45,8,21,5,12,15,24,23,6,18,14,12,38,13,29,4,22,15,4,22,15,10,14,4,33,7,13,25,32,8,7,41,14,13,13,21,15,11,16,11,38,21,11,18,12,26,5,46,26,16,10,25,27,20,34,17,10,38,14,21,33,21,7,8,23,13,47,37,26,12,22,21,31,17,31,3,9,30,38,11,17,22,22,8,10,16,17,14,16,16,27,17,20,17,14,38,5,6,24,9,15,16,16,20,11,28,15,27,16,14,34,15,38,8,8,38,31,3,15,10,11,8,22,12,14,24,20,10,32,29,19,40,11,10,50,16,21,13,37,5,8,14,41,16,13,31,10,37,24,22,17,9,10,7,3,12,27,9,4,6,29,14,25,12,24,12,12,15,35,33,15,20,9,22,16,12,10,16,29,14,15,2,12,7,34,7,18,16,15,7,7,17,22,6,29,41,22,17,10,21,8,24,14,20,35,7,20,24,11,1,5,22,21,16,33,32,9,25,24,18,17,9,39,45,8,39,16,9,11,23,2,13,24,9,19,18,5,16,55,16,14,4,20,32,13,8,20,22,10,16,16,8,26,11,27,19,47,12,4,30,30,39,40,9,11,15,13,3,19,4,25,8,25,32,24,36,21,15,18,22,36,46,4,12,13,22,39,25,7,6,19,13,6,3,22,10,11,20,21,32,15,3,11,13,41,17,9,6,5,13,13,21,11,23,37,8,29,38,15,12,24,39,18,10,13,15,7,28,29,2,28,4,31,16,26,7,8,32,29,55,11,8,7,26,27,17,16,22,12,17,17,28,3,21,7,34,16,10,11,11,14,38,11,30,18,27,19,18,25,8,12,29,10,31,5,8,19,5,22,36,5,14,3,12,27,24,27,16,16,9,19,4,34,12,7,10,10,10,18,23,24,16,17,45,33,14,27,17,6,10,10,11,18,5,49,21,27,17,71,44,9,16,24
ITGB2,2,8,0,5,2,8,4,2,1,1,2,0,5,1,0,9,3,4,4,2,0,1,4,1,0,2,0,0,0,0,0,0,0,0,5,2,2,1,1,0,2,1,1,0,1,1,0,1,1,3,1,2,4,4,5,0,3,1,1,0,10,0,0,1,2,1,0,0,4,1,0,0,2,4,1,2,3,7,1,1,3,0,0,3,6,0,2,0,2,0,3,2,1,4,5,5,1,0,0,0,2,2,7,3,1,2,1,7,4,2,1,2,1,2,0,1,1,1,3,0,0,1,1,0,2,2,4,0,4,0,0,0,0,2,0,1,0,3,1,1,1,2,3,0,7,1,6,1,3,3,12,3,2,1,3,1,2,2,1,1,0,3,7,0,3,3,1,4,7,19,1,5,1,1,2,0,2,3,4,0,1,1,0,1,1,1,1,1,2,7,15,1,1,1,0,2,2,2,0,0,1,5,4,1,0,2,0,1,1,0,0,0,5,6,2,2,2,4,1,7,0,3,1,1,3,5,0,6,1,0,2,1,7,4,5,1,2,0,0,0,2,0,1,2,0,2,0,4,6,0,1,7,0,6,3,1,0,1,0,3,0,0,0,3,1,2,1,0,1,4,7,12,2,4,1,3,0,7,12,3,1,2,0,5,0,1,0,0,0,2,2,0,0,3,4,0,1,2,4,2,0,1,7,0,2,1,1,4,6,1,1,1,2,3,0,0,0,2,0,1,2,5,2,0,1,2,5,2,0,1,1,1,1,1,2,0,1,0,1,4,6,7,2,0,0,7,3,1,2,5,2,1,3,0,1,1,1,1,5,0,0,1,0,0,5,1,10,0,2,0,6,2,6,0,1,10,0,2,0,2,1,0,2,0,0,1,1,2,0,5,1,11,0,3,2,1,2,3,7,9,3,0,3,1,2,2,2,0,3,0,1,5,3,3,2,3,2,3,1,0,7,2,7,3,3,0,2,2,2,4,0,3,3,1,5,0,0,2,2,6,6,3,9,0,4,14,1,2,0,0,4,0,0,2,2,1,4,4,4,0,2,0,0,0,7,2,1,1,2,1,7,4,2,1,2,6,1,2,2,0,3,0,5,1,8,0,1,2,1,4,1,0,1,0,1,4,1,1,0,3,3,2,1,0,1,3,0,14,3,4,0,1,1,0,1,2,3,2,1,3,1,0,1,7,0,3,1,0,5,0,5,2,1,2,2,5,2,5,1,0,3,2,0,3,0,0,3,0,8,0,1,5,1,0,1,6,2,4,3,3,0,3,0,3,0,0,1,2,0,0,1,6,1,0,1,4,0,3,3,1,0,3,1,0,0,4,0,0,0,3,0,0,1,4,0,0,3,0,1,1,1,8,3,4,0,17,1,2,1,1,2,0,3,3,2,1,3,1,3,0,1,5,2,1,6,2,2,3,1,1,1,2,0,2,2,2,1,2,0,0,0,1,3,1,2,0,3,2,1,3,4,0,0,0,0,3,0,1,3,4,1,0,0,10,0,2,3,1,1,1,0,0,1,0,6,2,1,4,1,0,1,14,2,1,2,1,1,1,3,1,3,1,4,0,0,2,2,1,0,2,2,1,1,4,0,0,0,0,2,3,3,0,1,0,2,1,2,2,1,0,1,1,1,3,0,4,1,1,2,4,1,3,0,0,2,0,2,2,3,0,1,2,3,2,2,2,0,1,2,1,5,0,0,2,1,1,0,0,2,4,0,1,1,0,2,2,1,1,1,3,1,3,2,1,1,1,2,0,2,1,3,0,0,4,4,10,5,2,2,3,0,3,2,1,8,2,7,0,0,1,2,0,0,0,6,2,0,0,0,1,3,2,0,2,1,1,4,0,3,1,7,1,8,1,0,1,2,0,2,3,1,1,0,2,0,3,0,1,4,1,1,4,1,1,4,0,1,0,3,1,2,3,2,1,0,0,2,3,1,1,3,2,1,0,2,1,1,1,6,0,1,1,10,2,1,1,4,0,0,4,0,0,1,4,3,1,1,0,0,1,3,0,2,2,1,2,0,1,1,1,0,0,1,0,2,1,0,2,9,1,2,3,1,1,1,0,0,0,0,1,1,9,3,2,0,4,0,2,1,5,1,0,0,0,0,1,1,9,1,6,0,3,4,1,0,1,3,3,2,3,1,0,1,0,1,0,1,1,0,4,9,0,1,1,3,1,0,1,1,4,1,29,0,0,1,0,1,4,1,0,0,6,0,16,2,1,0,1,1,0,0,2,0,2,1,4,1,0,0,1,0,3,0,1,1,1,0,1,0,0,1,4,3,0,1,1,0,0,5,0,1,2,0,0,5,0,6,2,0,0,13,10,0,1,0,5,0,5,2,2,0,1,3,1,0,1,0,2,3,0,3,4,1,1,0,1,1,0,3,5,1,3,6,8,1,3,1,1,1,2,6,0,5,11,3,1,2,2,3,4,1,1,2,2,8,3,1,1,0,1,3,2,1,7,2,3,0,2,1,1,3,3,4,2,4,1,1,4,0,2,3,0,1,1,0,0,0,4,0,1,0,3,5,0,0,1,3,1,3,2,1,0,5,1,4,1,0,1,0,0,4,0,4,2,2,0,1,0,0,2,3,1,0,6,0,1,2,1,2,1,0,1,4,0,1,1,0,0,0,5,0,3,0,1,2,2,4,1,0,4,1,1,0,0,0,1,4,1,1,4,1,5,0,1,0,1,5,0,2,0,2,1,0,0,0,1,1,5,4,5,1,2,3,9,0,0,6,0,0,2,0,0,0,0,1,0,5,3,1,4,4,6,0,0,0,1,4,1,0,0,0,0,0,0,2,0,0,2,1,1,4,2,0,2,0,0,9,3,1,1,0,2,1,3,5,0,2,2,0,0,3,1,4,1,0,1,4,5,1,1,6,0,2,8,0,3,5,0,1,1,2,1,2,0,0,1,7,0,3,2,4,0,0,2,0,1,0,2,1,0,1,0,1,1,1,4,0,0,2,2,0,5,1,6,1,1,5,0,0,8,3,2,2,0,0,0,1,5,11,0,4,1,2,2,4,0,3,2,1,1,0,3,3,1,5,1,0,5,1,1,0,6,1,9,2,10,1,2,1,1,1,0,1,1,6,3,3,0,0,5,5,2,1,1,0,0,0,2,3,3,11,0,1,2,4,3,0,2,0,7,1,4,8,1,2,0,3,1,0,0,1,0,1,1,4,0,1,14,1,1,0,11,5,2,1,0,1,1,0,2,1,3,0,2,0,1,0,4,0,1,4,0,0,1,1,0,6,1,5,2,1,0,0,3,0,7,3,0,2,3,2,0,3,0,1,1,7,4,0,2,5,0,1,8,12,0,1,4,4,10,1,3,5,2,0,2,0,2,5,1,1,1,1,3,0,0,0,0,7,3,1,4,0,2,1,0,1,1,4,0,0,0,1,0,0,4,2,0,2,0,0,3,4,0,5,2,1,10,3,4,0,4,2,2,1,1
MEF2C,0,0,0,0,0,1,1,0,0,0,2,0,0,0,0,2,0,0,3,0,0,0,2,1,0,0,0,0,1,1,0,0,1,3,0,0,0,1,1,0,0,0,0,0,0,8,0,1,0,0,0,0,1,0,0,0,0,0,0,0,3,0,0,0,0,0,0,0,2,0,0,0,0,0,1,0,0,1,0,0,0,0,0,1,0,0,0,0,0,0,4,0,0,0,0,2,0,0,0,5,0,0,1,0,0,0,0,0,2,0,0,0,0,0,0,0,0,0,0,0,0,0,1,0,0,0,0,1,1,0,0,0,0,6,0,0,1,0,1,0,0,0,0,1,0,0,0,1,0,0,2,0,0,0,0,1,0,0,0,0,0,0,1,0,0,0,0,0,0,1,0,0,0,0,0,0,0,0,1,0,0,0,1,5,0,0,0,0,0,1,1,2,0,0,0,1,0,0,0,1,2,0,0,1,0,0,2,0,2,0,0,0,0,0,0,0,0,0,4,0,0,5,1,2,0,0,5,1,0,0,0,0,2,1,0,0,0,4,0,1,0,0,0,0,0,3,0,4,1,0,0,3,3,0,6,0,0,0,2,0,0,1,0,1,0,0,0,0,0,0,0,1,0,0,0,0,1,0,2,0,3,1,1,0,0,0,0,1,0,0,0,0,1,0,0,0,0,0,2,0,0,0,0,0,0,0,0,0,2,0,0,0,0,0,0,2,0,0,0,0,0,0,0,0,0,0,0,0,1,0,0,0,0,2,0,0,0,0,0,0,2,0,0,0,0,0,0,2,0,1,0,0,3,0,0,2,1,0,1,0,0,0,2,1,0,0,2,0,0,0,0,2,0,0,0,2,0,0,1,0,0,3,0,0,0,0,0,2,0,0,0,4,0,0,0,0,0,0,0,0,1,0,0,0,2,0,0,4,1,0,0,0,1,0,0,3,0,6,0,0,0,0,0,0,0,0,0,0,0,0,0,0,0,0,0,5,1,0,0,0,0,0,0,0,0,2,0,0,1,0,0,0,1,0,0,0,0,1,1,2,0,0,0,2,1,0,0,0,2,0,3,1,0,0,0,1,1,0,2,0,0,0,0,0,0,0,0,0,0,0,0,0,0,3,0,0,0,0,4,0,0,1,0,0,0,0,0,2,0,0,1,0,1,0,0,0,0,0,0,0,0,0,0,0,1,0,0,2,1,0,1,1,0,0,0,1,0,0,0,0,4,0,0,0,0,0,2,0,0,0,0,2,0,0,0,2,3,2,0,0,0,0,0,0,0,0,0,0,0,4,0,0,0,0,0,0,0,0,0,0,4,0,0,0,0,0,1,0,4,2,0,4,0,0,0,0,0,1,1,2,0,0,1,0,0,2,1,0,0,0,2,0,1,0,0,0,0,0,1,0,0,0,0,0,0,0,0,0,0,0,1,0,0,0,2,0,0,0,0,1,0,0,0,0,0,2,1,0,0,0,0,0,0,1,6,2,0,0,0,2,1,0,1,0,0,0,3,0,0,1,0,0,2,0,0,0,1,2,0,0,0,2,0,0,1,0,0,0,0,0,0,0,0,0,0,0,0,0,4,3,0,0,4,0,2,1,0,0,0,1,0,1,2,0,0,0,0,0,0,0,0,0,0,0,0,0,3,0,0,0,0,0,3,0,2,0,1,3,0,2,6,0,0,0,0,0,1,0,0,0,0,0,0,0,0,0,0,3,0,0,0,1,3,0,1,4,0,0,1,0,0,0,0,0,0,0,0,0,0,0,1,0,0,0,3,0,0,0,0,0,0,0,0,1,1,0,0,0,0,0,0,0,3,0,0,0,1,1,6,0,0,0,0,0,0,0,1,0,0,0,0,0,2,2,5,0,0,1,0,1,0,0,1,1,0,0,0,0,0,0,0,1,0,0,0,1,0,0,0,0,0,0,0,0,0,0,0,1,0,0,0,0,0,0,2,0,0,3,0,0,0,0,0,0,0,0,0,0,2,1,0,5,0,1,2,0,8,0,1,2,0,0,0,2,0,0,0,0,1,0,1,0,0,0,0,0,4,3,0,0,2,0,0,0,1,0,6,0,0,2,0,0,0,0,1,3,0,0,1,1,0,1,0,1,2,0,0,0,0,0,3,0,0,0,1,0,0,1,0,0,0,0,0,0,0,0,0,0,0,1,0,0,0,0,0,1,0,0,2,0,0,4,1,0,0,0,0,0,0,0,0,0,0,4,0,0,0,0,0,0,1,0,0,0,0,0,0,0,0,0,0,2,0,0,0,0,0,0,1,0,0,1,1,0,0,0,2,2,0,0,5,2,0,0,0,0,0,0,0,0,0,2,1,0,0,2,0,3,1,0,0,0,0,0,0,0,0,0,0,0,0,0,0,0,0,2,1,0,0,0,0,0,0,1,0,0,0,0,0,1,5,0,0,3,0,0,0,2,1,2,1,0,0,0,0,0,0,0,0,3,1,0,0,2,0,1,0,0,0,0,0,0,0,0,0,0,0,0,2,0,0,0,0,0,0,0,0,0,0,0,0,0,3,0,1,0,0,0,2,0,0,1,0,0,0,0,1,4,0,0,0,0,0,0,0,0,0,0,4,0,2,0,0,5,1,0,0,4,0,0,0,0,0,0,0,0,3,0,0,0,3,0,0,4,2,0,1,0,6,5,0,0,0,0,0,0,0,0,1,0,0,0,0,0,0,0,1,0,3,0,0,0,0,0,0,0,0,1,0,0,2,0,0,5,0,0,0,0,0,0,0,0,0,0,1,3,0,1,0,0,0,2,0,0,0,1,1,0,0,1,1,0,0,0,0,3,1,4,0,0,2,0,0,0,0,0,2,0,0,0,0,0,1,1,0,4,0,0,0,0,0,0,0,0,0,0,1,0,0,2,2,0,0,0,0,1,0,0,4,0,0,0,0,0,1,3,0,0,0,0,5,2,1,0,1,0,0,0,0,0,1,0,0,0,0,0,0,0,0,0,0,0,0,1,1,0,0,0,0,4,0,0,0,2,0,0,0,0,0,0,0,1,1,0,0,3,0,0,1,0,0,0,0,0,2,0,1,0,1,0,0,1,0,0,0,0,0,0,0,0,1,0,0,0,1,0,1,0,0,0,0,0,0,0,6,1,0,0,0,4,4,0,0,0,0,0,0,2,1,0,0,1,0,0,0,2,0,0,0,0,0,0,0,0,1,0,0,1,0,0,1,0,2,0,0,0,0,0,0,0,0,0,1,0,0,0,0,0,0,0,0,0,0,0,0,0,0,0,0,0,0,0,0,0,0,0,0,1,0,0,0,0,2,0,0,0,0,0,0,0,0,0,0,0,4,0,0,0,0,1,0,0,0,0,0,0,0,0,0,0,0,0,0,1,0,0,0,2,2,0,6,5,0,0,0,0,1,0,0,1,2,0,0,0,0,0,0,0,0,0,0,0,0,0,0,0,2,3,0,0,0,0,0,0,0,0
COX1,20,22,26,17,11,46,47,30,20,12,49,23,52,14,17,92,33,21,46,13,13,16,52,39,6,43,14,13,37,46,23,30,46,49,17,17,21,35,32,23,8,11,83,36,19,18,16,27,18,27,9,20,58,36,23,54,14,29,20,27,91,16,24,36,6,34,22,4,55,32,10,41,17,51,33,21,23,65,14,42,12,31,30,42,26,18,17,27,23,14,25,14,32,26,23,48,4,6,43,103,19,16,66,22,25,36,17,23,99,20,53,39,16,63,16,45,21,18,48,12,7,23,42,16,25,27,18,1,66,19,6,18,11,15,21,16,26,16,31,19,21,18,21,26,87,14,44,41,31,23,77,7,22,23,24,19,28,6,8,48,23,27,78,45,25,71,56,15,66,113,23,14,30,16,59,18,17,8,60,21,9,11,37,17,43,19,19,24,43,54,102,53,30,20,23,27,17,15,4,46,28,32,58,21,23,21,27,60,23,16,15,22,18,10,45,26,22,21,42,75,7,22,39,16,31,15,25,44,15,17,18,14,88,78,31,27,24,16,12,23,37,7,13,9,14,13,21,62,79,25,13,52,21,22,16,13,19,22,22,45,14,13,26,47,12,25,19,7,47,33,23,103,38,30,14,6,15,78,77,21,38,30,32,35,30,25,16,14,16,17,13,24,84,13,12,13,19,14,113,10,26,6,14,5,48,12,20,30,66,32,20,6,27,12,21,19,17,26,24,32,28,15,86,6,19,13,42,32,19,17,12,42,26,5,29,5,27,34,25,96,101,29,57,34,17,28,12,43,23,36,58,18,78,19,33,37,21,31,73,33,32,24,22,14,22,8,142,19,16,24,4,37,18,9,22,90,10,40,12,65,16,4,46,6,13,15,13,46,8,18,43,144,17,78,20,37,64,21,15,64,39,21,17,17,45,16,19,28,46,46,32,14,52,23,20,92,4,16,7,6,67,16,67,25,58,16,30,17,17,35,30,20,33,19,57,12,37,15,17,61,26,22,80,13,23,125,30,6,12,10,11,31,43,12,65,32,18,65,80,22,16,14,19,14,87,54,14,22,19,23,52,37,22,11,31,64,37,15,17,21,37,19,16,23,47,38,12,30,21,28,11,30,11,20,22,29,19,19,13,45,24,33,7,23,33,24,25,91,8,17,20,33,22,19,12,38,25,27,10,21,19,23,18,42,40,45,33,14,36,51,42,44,16,10,52,36,18,41,8,27,80,38,9,14,15,31,43,20,74,8,30,116,8,12,35,55,10,80,11,16,29,20,16,17,16,30,32,18,25,28,35,26,28,13,24,54,21,21,31,31,20,24,8,22,21,38,19,6,16,8,10,16,20,96,21,42,26,7,21,24,14,96,18,27,36,111,37,35,18,19,60,16,22,13,43,26,11,23,47,54,14,26,25,4,18,17,18,54,12,26,21,10,12,19,33,18,6,22,19,22,15,21,48,12,20,19,79,14,12,25,18,8,3,20,15,26,16,14,9,61,29,25,18,24,25,15,21,3,13,20,12,11,26,12,33,26,19,52,17,22,3,91,18,27,47,26,18,19,24,13,19,13,40,25,18,23,26,34,13,41,16,32,45,16,7,73,29,15,22,159,29,37,17,20,45,27,30,25,7,13,23,19,18,52,10,40,25,28,7,44,19,33,8,22,14,16,48,36,8,15,18,11,29,40,37,15,17,27,14,15,27,26,40,18,13,18,23,15,35,25,23,35,25,17,42,10,34,23,35,27,12,8,14,20,33,37,59,14,39,32,31,13,22,27,47,49,12,22,27,21,26,13,12,18,51,23,37,23,42,26,18,25,15,13,21,18,26,21,24,13,13,34,9,34,16,21,60,20,14,14,27,28,77,20,22,20,14,14,20,18,20,13,20,38,22,11,10,37,31,45,16,75,10,17,9,81,20,52,18,22,12,21,32,17,30,0,19,73,16,22,30,22,16,6,19,16,20,15,26,3,40,37,96,19,19,36,14,15,17,47,11,13,54,49,59,15,32,1,39,23,9,23,19,46,14,58,27,17,32,7,26,13,16,30,21,7,13,27,80,70,38,21,15,15,20,23,19,25,10,31,13,80,18,24,24,47,13,23,42,68,9,26,31,10,10,20,8,71,11,26,11,13,52,33,13,23,29,23,8,25,17,18,54,18,34,18,40,19,16,70,27,16,23,11,45,88,19,12,59,21,30,144,42,16,17,14,18,12,67,30,15,25,13,143,36,21,21,7,6,12,44,15,9,20,26,29,9,24,15,12,20,29,20,17,17,24,31,16,21,25,32,31,39,18,7,16,37,15,52,18,17,18,23,11,20,28,25,27,23,22,85,83,15,15,6,66,13,126,39,14,22,21,29,18,18,11,22,17,27,13,15,51,26,29,17,20,65,12,21,23,24,15,64,99,33,16,67,46,14,29,117,36,15,73,19,23,22,60,39,62,45,15,18,16,29,37,48,30,20,20,51,28,14,159,16,18,4,21,23,27,36,27,84,27,34,28,28,8,15,6,43,26,33,18,13,7,34,19,31,32,13,24,101,13,26,37,45,27,35,31,14,6,40,14,27,19,9,24,10,23,27,18,87,16,13,14,4,16,23,24,29,10,16,100,19,26,18,17,32,14,36,17,19,13,22,18,21,12,7,27,46,21,22,24,31,16,54,17,24,85,27,18,79,19,13,19,31,7,18,22,11,31,8,21,21,19,42,19,34,13,13,11,24,12,7,13,20,70,38,50,12,26,34,87,17,13,49,13,13,20,10,72,10,13,22,46,33,39,26,24,34,55,9,0,21,38,59,12,27,16,26,27,11,11,18,21,13,49,14,24,80,49,34,31,12,32,80,25,24,18,30,22,49,69,17,16,29,19,6,19,25,31,21,6,15,10,59,32,26,26,55,21,86,84,17,52,55,7,12,42,14,27,15,4,20,11,25,12,46,21,63,22,1,38,26,11,22,19,27,16,22,12,19,15,20,12,21,8,18,50,24,72,15,46,31,17,20,36,18,37,10,15,12,27,6,11,25,24,68,12,40,23,26,9,22,32,6,12,80,5,12,31,45,24,53,11,40,22,30,15,8,124,16,73,20,60,17,60,7,26,21,38,31,27,85,9,42,8,15,82,18,21,6,18,19,28,16,23,26,25,144,40,19,11,47,49,13,44,26,87,14,46,29,16,14,32,7,12,13,16,9,20,33,9,25,32,4,88,16,21,14,32,47,43,13,9,13,27,11,27,15,27,13,26,11,12,12,32,21,39,27,15,20,25,13,28,21,20,12,20,33,18,57,18,15,40,27,18,6,46,21,17,55,26,25,13,60,27,31,36,32,19,12,47,94,8,17,19,40,75,12,10,19,28,19,37,16,55,58,13,6,20,26,42,21,18,20,67,67,16,13,63,6,37,14,14,21,28,20,39,18,15,20,24,7,21,29,23,6,16,12,18,39,12,72,12,28,95,20,40,13,51,18,7,11,33
KLF4,0,0,0,0,0,4,4,0,0,0,2,0,2,0,0,5,0,0,4,0,0,0,1,0,0,0,0,0,0,0,0,0,0,0,0,0,0,0,3,0,0,0,0,1,0,0,0,3,0,0,0,0,2,0,0,0,0,0,0,0,4,0,0,1,0,0,0,0,3,0,0,0,0,1,0,0,0,3,0,2,0,0,0,2,0,0,0,0,0,0,1,0,0,3,0,3,0,0,2,0,0,0,0,0,0,1,0,0,0,0,0,0,5,1,0,0,0,0,1,0,0,0,1,0,0,0,0,0,2,0,0,0,0,0,0,0,0,0,2,0,0,0,0,0,4,0,5,2,0,1,3,0,0,0,0,0,0,0,0,1,0,0,0,4,0,1,1,0,3,1,0,0,1,0,1,0,0,0,2,0,0,0,0,1,2,0,0,0,1,3,9,1,0,0,0,0,0,0,0,0,2,0,4,0,1,0,0,0,0,0,0,0,0,0,0,0,0,0,1,4,0,0,0,0,0,0,0,1,0,0,0,0,3,4,1,0,0,0,0,0,4,0,0,0,0,0,0,3,5,1,0,1,0,0,0,0,0,0,0,0,0,0,1,0,0,0,0,0,0,0,0,4,2,1,0,0,0,1,3,0,1,0,0,0,0,0,0,0,0,0,0,0,2,0,0,0,0,1,7,0,0,0,0,0,1,0,0,0,6,0,0,0,0,0,0,0,0,0,0,0,0,0,3,0,1,0,3,0,0,0,0,2,0,0,1,0,0,0,0,0,0,0,3,0,0,0,0,4,0,1,2,0,5,0,0,1,0,0,1,2,0,0,0,2,0,0,4,0,0,0,0,2,0,0,0,4,0,0,0,1,3,0,2,0,0,3,0,0,1,0,0,4,0,7,0,2,0,0,0,5,2,0,0,0,2,0,0,0,0,0,0,0,4,0,0,9,0,0,0,0,6,0,0,0,2,0,0,0,0,0,0,0,0,0,2,0,3,0,0,8,0,0,8,0,0,4,0,0,0,0,1,0,3,0,1,0,0,2,2,0,0,0,0,1,1,3,0,0,3,1,1,0,0,0,0,5,1,0,0,0,4,0,0,0,0,0,0,0,0,5,0,0,0,0,0,2,0,0,0,0,3,1,0,0,0,0,0,3,0,0,3,0,0,0,0,0,0,0,1,4,0,0,0,2,3,0,1,0,1,0,1,0,0,0,2,1,0,2,0,0,0,0,0,0,1,0,4,0,11,0,1,4,0,0,3,5,0,1,0,0,0,0,0,0,0,0,0,0,1,0,0,0,0,1,0,3,0,0,1,0,1,0,0,3,0,0,0,0,1,1,0,0,1,0,0,0,0,0,0,0,0,2,0,0,0,4,0,0,0,0,2,0,0,0,0,0,0,0,1,3,0,0,0,0,1,0,0,1,0,0,0,0,0,0,0,0,0,0,0,0,0,1,0,0,0,0,0,0,0,1,0,0,0,1,0,1,0,0,1,5,2,0,0,0,0,0,2,0,0,1,0,0,1,0,0,0,0,1,0,0,0,3,1,0,0,0,0,1,3,0,0,0,0,0,0,0,0,0,0,1,0,0,0,0,0,0,0,0,0,4,0,0,0,0,2,0,0,0,0,1,0,0,0,0,0,0,0,0,0,0,0,0,0,0,1,0,0,0,0,1,0,0,0,3,0,0,0,0,0,0,0,0,0,0,0,0,0,0,0,0,0,1,0,0,3,0,0,0,0,0,0,0,0,1,4,0,1,0,0,0,4,0,0,0,1,3,0,0,0,0,0,0,1,0,3,0,0,0,1,0,0,0,0,0,0,0,0,0,0,0,0,0,0,1,0,0,2,0,0,0,0,0,10,0,0,1,0,1,0,0,0,0,0,1,0,0,0,0,3,0,1,1,0,0,0,0,0,0,0,0,0,0,1,0,0,0,1,0,0,0,0,0,0,0,1,0,0,2,0,0,0,0,2,0,0,0,0,0,0,3,0,0,3,2,1,0,0,0,0,0,0,0,0,1,0,0,0,0,3,0,0,0,0,0,0,0,0,0,8,0,3,0,0,0,3,0,0,0,0,0,0,8,2,0,0,2,0,0,2,0,3,0,0,0,0,0,0,5,0,0,0,0,0,1,0,0,0,0,0,0,1,0,3,0,0,0,0,0,0,1,0,0,0,0,4,1,0,0,0,10,0,6,2,0,0,0,0,1,0,0,0,0,0,5,0,0,0,0,0,0,0,0,0,0,0,0,0,0,0,0,0,1,0,0,0,0,0,0,0,0,0,0,2,1,0,0,0,1,2,0,1,0,0,0,0,0,0,1,0,0,4,4,0,0,0,1,0,1,2,0,0,0,0,0,0,0,0,0,0,0,0,1,0,0,0,0,2,0,0,0,0,0,5,5,4,0,0,2,0,3,0,0,0,1,0,0,0,2,2,2,2,3,0,0,0,0,1,0,1,0,1,0,0,4,0,1,0,0,1,0,0,0,4,1,2,0,0,0,0,0,0,0,0,0,0,0,7,0,0,0,1,0,0,0,0,0,0,0,0,0,0,1,0,0,0,0,1,0,1,0,0,0,1,0,0,0,0,0,2,0,1,0,0,4,0,0,0,0,0,0,0,0,0,0,0,0,0,0,0,0,1,0,0,0,5,0,7,1,0,2,0,0,4,0,0,0,0,0,0,2,0,0,0,0,0,0,1,0,0,0,0,0,0,0,0,0,0,5,0,1,0,0,0,5,0,0,1,0,0,0,0,2,0,0,0,1,2,3,0,0,2,5,0,0,0,0,4,0,0,0,0,0,0,0,0,0,1,0,0,0,1,1,7,1,0,0,9,0,0,0,0,0,6,0,1,1,0,0,0,0,0,5,0,0,0,0,4,0,1,1,5,0,2,0,0,4,0,0,0,2,0,0,0,0,3,0,0,0,2,0,0,0,0,0,0,0,2,0,0,0,0,0,0,0,1,1,1,0,0,0,0,0,3,4,0,0,0,0,0,7,0,0,0,0,0,0,0,0,0,0,0,0,1,1,0,0,0,0,0,0,0,0,1,0,3,0,0,0,0,0,0,0,0,1,3,0,0,0,0,0,0,0,0,0,11,0,0,0,0,0,0,0,0,0,0,0,0,0,0,1,4,0,0,0,0,7,0,1,0,4,0,2,0,0,0,3,0,0,0,0,0,0,0,0,1,0,0,5,0,0,2,0,2,1,0,0,0,0,0,0,0,0,0,0,0,0,0,0,0,1,0,0,0,0,1,0,0,0,0,3,0,0,0,0,0,5,0,1,0,0,0,0,3,0,0,0,0,0,0,0,5,0,0,0,5,0,0,0,0,2,0,0,0,0,0,4,0,1,0,0,0,0,0,5,0,0,0,0,0,0,0,0,0,0,0,0,2,0,0,1,0,0,0,0,0,0,0,0,0,0,0,2,1,0,0,0,0,5,0,0,0,0,0,0,0,0
IFITM2,1,3,1,0,3,2,2,0,2,0,3,6,3,0,1,9,3,1,0,3,0,2,3,1,0,2,0,0,3,0,1,0,0,1,0,7,0,3,2,0,1,2,1,1,2,1,0,1,0,0,0,0,1,2,4,0,3,3,1,0,3,0,2,0,0,1,3,0,1,0,0,0,1,0,1,2,0,0,1,1,2,1,1,1,3,0,1,1,1,1,0,0,3,1,3,1,0,1,1,2,0,1,3,2,0,0,1,6,2,2,0,2,0,2,2,6,2,1,1,1,0,3,1,0,0,2,1,0,1,1,1,0,1,0,2,4,0,3,2,3,1,2,0,0,1,2,0,1,2,5,4,3,3,2,1,3,0,1,0,1,1,0,8,1,0,2,0,2,2,1,0,4,4,1,0,0,1,1,4,1,0,1,2,1,0,0,0,2,3,4,2,3,6,0,3,1,0,6,0,0,0,6,0,0,1,0,1,1,0,0,1,2,2,2,4,1,1,5,0,2,0,4,2,0,2,3,0,1,1,2,4,1,9,5,1,1,0,0,1,0,1,0,1,0,2,1,1,1,1,2,1,1,0,0,1,2,0,0,0,0,3,0,0,1,8,3,0,3,1,1,6,2,0,0,0,3,0,1,4,0,5,0,2,3,1,2,0,0,2,2,3,1,0,0,0,0,0,0,1,0,1,0,0,4,0,0,1,0,10,0,0,0,1,0,0,0,2,0,3,3,0,3,1,1,1,0,0,4,2,1,2,1,0,1,1,1,0,1,1,3,3,3,1,2,0,2,2,0,1,2,0,0,16,0,0,0,0,3,1,0,0,1,2,0,6,1,2,1,1,0,0,1,5,0,1,6,0,1,6,1,1,0,4,0,0,5,2,3,1,2,2,24,2,6,2,0,2,4,3,10,3,0,3,2,0,1,1,1,3,1,1,0,0,2,0,0,0,1,1,0,0,1,14,0,7,2,2,4,1,2,1,2,1,2,0,2,0,1,0,1,3,3,3,0,2,4,6,0,0,0,6,3,0,2,1,1,1,3,0,0,0,0,1,1,1,2,2,0,0,1,1,0,2,1,2,18,0,3,0,0,3,4,7,6,1,0,0,0,0,1,0,0,1,1,1,0,2,2,0,4,2,2,0,0,2,0,1,4,1,0,0,0,1,3,0,3,0,0,1,0,0,2,1,4,0,0,0,0,2,0,1,0,1,0,1,2,2,0,1,1,2,1,0,0,0,1,3,1,4,3,4,2,0,0,5,2,0,17,1,2,0,2,1,3,2,0,1,0,0,0,1,9,0,3,1,1,1,0,4,1,0,1,1,0,1,4,1,0,0,0,0,2,4,4,0,0,5,0,0,1,0,1,1,1,0,4,2,5,0,0,0,1,2,1,4,0,1,0,4,0,4,2,3,1,9,7,2,1,1,0,0,2,1,4,0,3,0,2,3,2,1,0,3,1,2,0,2,1,8,0,1,1,0,0,1,2,1,3,0,2,1,0,0,5,3,1,0,0,3,0,1,0,4,1,6,1,0,3,0,1,0,4,3,4,0,2,0,0,2,2,0,1,1,0,0,1,0,0,0,0,2,3,0,1,0,1,0,1,4,3,7,3,0,1,1,4,2,0,0,0,1,1,3,2,0,1,0,2,0,2,1,3,1,1,1,3,0,4,0,0,0,0,1,3,1,3,0,0,1,0,1,1,4,0,1,2,1,0,5,5,2,1,0,2,0,0,1,2,3,3,1,1,1,0,2,1,0,1,1,1,2,0,1,0,2,12,1,3,2,0,1,1,1,3,1,0,10,3,1,0,0,0,2,3,2,0,1,0,0,1,1,2,0,2,4,1,6,0,0,2,3,0,0,1,0,4,1,1,1,1,1,1,1,2,1,1,0,0,2,0,1,0,0,1,1,1,2,3,5,0,1,0,0,0,0,0,1,0,0,0,3,1,0,0,3,0,0,1,2,0,0,5,8,0,0,3,4,1,1,1,0,0,1,0,1,0,2,0,0,0,1,1,4,1,1,1,3,0,2,0,0,3,1,1,0,0,1,0,3,2,0,3,5,0,1,6,0,2,0,0,0,3,1,1,1,1,0,2,0,2,2,0,0,0,1,2,1,14,0,2,0,0,1,0,1,0,1,1,2,4,1,0,1,0,3,1,0,2,0,0,1,1,0,4,0,0,1,0,1,0,2,2,1,0,2,0,0,3,0,0,1,1,0,2,1,1,6,1,0,2,2,1,0,1,8,1,1,0,0,1,3,0,2,1,0,1,0,0,1,1,1,2,3,1,1,0,0,0,3,0,1,2,1,0,3,2,0,1,5,2,5,1,0,1,0,0,3,3,1,1,0,3,1,3,4,1,1,0,2,0,2,0,0,5,0,0,0,1,2,3,2,1,13,3,2,2,0,0,2,1,0,0,3,13,0,2,2,0,3,1,0,0,0,2,2,3,1,2,1,1,1,1,2,5,2,0,0,2,1,2,3,3,12,1,1,2,1,1,1,2,1,2,0,0,0,0,0,4,1,5,0,1,1,0,0,3,4,4,0,0,0,0,3,3,2,2,0,1,0,1,1,0,3,5,0,0,0,0,0,0,0,0,0,0,2,8,0,0,0,0,0,0,1,0,2,1,0,0,1,2,1,1,1,1,2,5,0,0,0,3,1,2,1,1,0,1,2,0,3,3,0,0,0,2,0,1,1,3,1,3,0,0,1,2,1,2,0,0,4,0,1,0,7,4,1,0,26,1,0,2,0,1,2,0,0,1,2,0,0,2,1,2,0,0,1,0,1,2,2,0,1,1,0,0,0,0,0,1,1,3,17,2,0,0,1,1,23,3,0,0,1,4,4,0,5,0,2,4,0,0,3,7,1,0,0,0,1,6,0,4,2,4,0,0,1,0,0,0,1,1,0,0,2,1,0,3,9,0,0,5,3,0,1,0,0,2,1,0,0,2,1,0,1,0,4,3,1,0,4,3,1,0,0,0,0,0,3,0,0,0,0,0,3,1,1,1,2,1,7,2,5,0,1,1,0,2,3,0,0,0,0,2,0,0,1,0,3,6,1,2,2,9,1,0,1,2,0,4,0,0,0,1,1,4,4,1,1,1,2,1,4,4,0,2,0,0,0,4,3,0,24,0,2,2,0,1,0,0,0,1,1,1,2,1,1,2,3,1,0,0,2,1,2,1,0,4,0,7,2,2,2,4,8,3,0,0,1,1,1,2,1,2,1,0,1,1,0,0,1,1,0,0,0,2,1,1,1,0,1,1,2,0,4,0,1,0,3,0,0,7,0,0,6,2,2,3,16,0,1,1,0,1,0,1,1,1,2,1,1,0,1,0,8,0,2,1,0,1,2,4,1,4,1,0,0,1,1,4,0,3,0,3,1,2,1,0,1,0,3,1,1,1,0,1,0,0,2,0,2,2,1,1,1,0,0,3,0,0,0,1,0,3,3,0,0,1
ANXA2,0,0,1,0,1,1,0,0,1,0,1,1,0,0,1,3,0,0,0,0,0,0,1,0,0,12,0,1,0,1,0,0,1,2,0,1,0,2,0,1,0,1,5,1,0,0,0,3,0,0,0,0,0,1,0,1,1,1,0,1,8,0,0,1,1,1,0,0,2,0,2,0,1,2,2,0,0,0,0,2,0,1,0,2,0,1,0,1,1,0,3,0,1,1,0,4,0,0,0,7,0,0,1,0,0,2,1,5,6,0,1,0,0,2,0,0,3,0,3,0,0,0,0,1,2,0,1,0,2,0,0,1,0,0,0,0,0,0,3,0,0,0,0,1,10,1,2,5,2,1,3,2,1,0,1,0,0,0,0,2,0,0,3,2,1,1,1,0,4,12,0,2,0,0,4,0,1,0,0,0,0,0,0,0,1,0,0,1,0,2,3,6,1,0,0,1,0,0,0,1,1,1,2,0,0,0,1,1,2,0,0,1,0,0,0,1,0,0,1,3,0,1,0,0,2,0,0,1,0,0,0,0,3,3,0,0,2,1,0,0,0,0,1,0,1,0,0,2,4,0,0,0,0,0,0,1,0,1,1,1,0,0,1,6,0,1,0,1,0,0,5,12,3,0,0,1,0,3,3,0,1,0,0,0,0,0,0,0,0,0,0,1,0,0,1,0,1,0,2,1,0,0,2,0,3,0,0,0,4,0,0,0,0,1,0,0,0,5,0,1,0,1,7,0,0,0,0,2,1,0,0,2,0,0,2,0,0,1,0,1,5,0,0,0,0,0,0,1,2,4,6,1,3,0,0,0,0,0,2,0,0,0,0,1,2,0,26,0,0,0,0,2,0,0,0,15,1,0,0,1,3,0,3,0,1,3,1,0,0,1,0,12,5,9,0,3,1,1,1,4,0,0,0,1,3,0,1,0,1,1,0,0,4,0,0,3,0,0,0,0,1,0,15,1,1,0,1,0,0,0,0,0,4,0,0,1,0,0,0,8,0,0,12,1,0,21,0,1,2,2,0,1,1,0,1,2,1,5,2,0,0,0,0,0,3,2,0,0,2,2,0,1,0,0,0,5,1,1,0,1,3,0,1,1,1,0,1,0,0,0,0,0,0,0,0,0,0,0,0,2,0,0,0,0,0,0,2,15,2,1,1,0,0,0,0,2,0,2,0,2,0,0,0,1,1,1,0,0,4,0,4,1,1,0,1,4,1,1,0,1,0,0,0,0,1,0,0,0,13,0,0,4,0,0,0,3,0,5,0,0,1,1,0,0,1,0,0,0,0,0,0,1,0,0,0,6,0,0,0,0,0,0,0,3,0,1,0,0,1,2,0,0,0,5,0,3,1,0,0,0,2,7,1,0,2,7,0,1,0,0,1,0,0,0,2,0,0,0,0,3,3,0,1,0,3,1,0,4,0,0,0,0,1,3,1,1,1,0,0,0,0,0,0,0,0,0,4,0,0,0,1,1,0,1,0,2,0,0,0,5,5,0,0,2,0,0,0,0,0,0,0,0,2,1,1,0,0,1,0,1,1,15,0,0,1,0,1,1,0,0,0,0,0,1,0,0,3,0,0,2,0,1,0,1,0,2,0,0,0,16,2,0,1,1,1,0,1,1,0,0,0,0,0,1,0,0,0,1,1,1,1,0,0,0,0,0,1,0,0,0,0,0,0,1,0,0,0,0,0,1,1,0,1,0,0,0,0,0,1,0,0,2,0,0,1,1,1,0,2,0,0,0,0,2,0,0,4,0,1,2,0,0,0,1,1,4,1,1,0,0,1,0,0,1,10,3,0,0,1,0,0,1,1,0,2,3,1,0,0,0,0,2,0,0,0,0,1,0,1,1,1,0,8,2,0,1,0,0,1,1,1,0,0,2,0,0,0,0,3,0,2,2,12,2,2,4,0,0,3,0,0,1,1,0,1,0,2,2,0,0,0,0,0,0,0,0,0,0,0,0,2,1,11,0,0,0,1,0,0,1,0,0,2,3,2,0,0,0,0,2,0,0,3,0,0,1,0,0,0,0,1,2,0,0,0,0,1,0,12,5,6,0,0,0,2,1,0,0,1,0,0,12,2,1,2,2,0,0,1,3,0,1,0,0,1,0,0,19,1,1,0,1,0,0,0,0,1,1,0,0,1,0,2,0,0,0,2,0,0,1,2,1,0,1,1,4,0,0,3,0,0,15,1,0,0,0,0,0,6,0,1,0,0,13,1,1,0,1,0,0,0,0,0,0,1,0,0,0,0,0,1,2,1,1,0,1,0,0,0,0,2,0,0,0,0,0,0,0,0,0,0,1,0,1,0,0,1,3,0,0,13,9,0,0,0,4,0,8,2,0,0,2,1,0,0,0,0,1,0,0,1,2,0,0,0,2,0,0,1,0,1,0,3,7,0,0,6,1,0,2,1,2,1,6,0,4,0,1,0,4,4,0,0,0,1,0,2,1,0,0,2,1,1,10,0,2,0,1,2,0,1,1,5,3,1,1,1,0,0,1,0,0,0,4,0,1,3,1,1,1,0,1,5,0,0,0,2,0,1,1,0,0,3,0,1,0,0,1,0,0,0,1,2,0,0,0,0,0,0,2,2,0,0,5,1,1,0,0,0,0,2,2,0,0,0,0,3,0,0,1,0,1,0,1,3,0,3,0,0,3,0,0,0,0,0,0,0,0,1,0,0,0,0,0,0,1,4,0,0,2,0,0,1,0,0,0,0,3,1,2,0,0,0,12,1,0,4,0,0,0,0,2,0,0,0,0,2,4,0,1,1,3,0,0,0,2,7,0,0,0,1,1,0,1,0,0,0,0,0,2,5,0,3,0,0,0,6,1,0,0,0,0,10,3,0,1,0,3,0,0,0,0,0,0,0,0,7,1,1,2,3,1,8,3,0,4,2,0,0,2,1,0,0,0,1,0,1,0,1,1,6,1,1,0,0,2,0,0,1,0,0,0,0,0,1,0,0,0,0,1,0,2,0,3,6,0,0,0,1,9,0,1,0,1,0,0,0,0,21,0,5,1,5,1,0,0,1,0,3,1,1,2,0,0,2,1,0,2,1,0,0,13,1,2,0,9,0,1,0,2,1,2,0,0,14,0,2,0,0,4,0,1,0,0,0,0,0,0,4,3,12,0,0,0,0,1,0,0,0,10,0,0,1,0,0,1,2,0,0,0,1,0,0,0,1,2,0,3,0,3,2,1,4,0,0,0,0,0,0,0,0,2,0,0,0,0,0,1,0,1,1,0,0,0,0,1,2,0,1,0,0,0,1,0,0,4,0,1,1,9,1,0,4,0,0,0,2,0,0,1,1,0,1,1,5,0,2,1,0,12,0,0,3,0,0,0,0,3,0,0,3,0,0,1,2,0,0,4,3,0,1,6,0,0,0,0,0,0,0,1,0,0,1,0,0,0,0,0,1,0,0,1,3,0,2,0,2,6,4,0,0,0,0,1,0,0
FGL2,0,0,1,0,0,4,2,0,0,0,1,0,1,0,0,2,0,0,4,0,0,0,2,1,0,0,0,0,0,0,0,0,0,0,0,0,0,0,0,0,0,0,1,0,0,0,0,4,0,0,0,0,0,0,0,3,0,0,0,0,3,0,0,1,0,0,0,0,1,0,0,0,0,2,3,0,0,1,1,2,0,0,2,1,0,0,0,1,0,0,0,0,0,3,1,1,0,0,2,0,0,0,3,0,0,2,0,0,1,0,0,0,2,0,0,0,0,0,0,0,0,1,3,0,0,0,0,0,3,0,0,0,0,0,0,0,0,1,2,0,0,0,0,0,1,0,2,4,0,0,0,0,0,1,1,0,0,0,0,2,0,0,2,0,0,0,4,0,4,4,0,0,0,0,2,0,0,0,4,0,0,0,0,0,4,0,0,0,2,0,3,0,0,0,0,0,0,1,0,0,2,1,1,0,0,0,0,0,0,0,0,0,0,0,0,0,0,0,0,1,0,0,0,0,0,0,0,2,0,0,0,0,2,1,0,0,0,0,0,0,3,0,0,3,0,0,0,4,7,5,0,2,0,0,0,0,0,0,0,2,0,0,0,3,0,0,0,0,0,0,0,1,4,0,0,0,0,2,0,0,0,2,0,0,0,0,0,0,0,0,0,0,1,0,0,0,0,0,3,0,0,0,0,0,0,0,0,1,0,0,0,0,0,0,0,0,0,0,0,0,0,0,6,0,0,0,2,0,0,0,0,2,0,0,1,0,0,1,0,3,2,0,3,0,1,0,0,1,0,2,1,0,2,0,1,2,0,0,1,1,0,0,0,1,0,0,9,0,0,0,0,2,0,0,0,5,1,0,0,5,3,0,2,0,0,1,0,0,0,0,0,4,0,4,0,0,0,0,0,3,0,0,0,0,2,0,0,0,0,0,0,0,2,0,0,1,0,0,0,0,5,0,0,0,2,0,0,0,0,0,0,0,0,0,2,0,1,0,0,5,0,1,5,0,0,3,0,0,0,0,1,0,0,0,5,0,0,2,4,0,0,0,0,0,3,0,0,0,3,0,2,3,0,0,0,3,1,0,0,0,2,0,0,0,3,0,0,0,0,3,0,0,0,1,0,1,0,0,0,1,3,1,0,0,0,0,0,1,0,0,1,1,1,0,0,0,0,0,0,2,0,0,0,5,5,2,0,0,2,0,3,1,0,0,1,2,1,4,0,0,1,0,0,0,0,0,1,0,2,0,0,6,0,0,5,8,0,4,0,0,0,0,0,0,0,0,0,1,0,0,0,0,0,0,0,3,0,0,2,0,0,0,0,1,0,0,0,0,0,0,0,0,0,1,0,1,0,0,0,0,0,4,0,0,0,3,3,0,0,0,0,0,0,0,0,0,0,0,2,1,0,0,0,0,0,0,0,0,0,0,0,0,0,0,1,0,0,0,0,0,0,0,0,0,0,0,0,0,0,0,0,1,0,0,0,5,0,0,0,1,1,0,0,0,0,0,1,0,0,0,0,0,2,0,1,0,1,2,0,0,0,1,0,0,2,0,0,0,3,0,0,0,0,0,0,0,0,0,0,3,0,0,0,0,0,4,0,0,0,16,1,0,0,1,4,0,0,0,0,0,0,0,0,0,0,0,0,0,0,0,0,0,0,0,0,0,5,0,0,0,0,0,0,4,0,0,0,0,0,0,0,0,0,0,0,0,1,0,0,0,0,2,0,0,3,0,0,0,0,0,0,0,0,0,5,0,2,0,2,0,1,0,0,0,2,2,1,0,0,0,1,0,0,0,5,0,0,0,5,0,0,0,0,0,0,0,0,0,0,0,0,1,0,4,0,0,0,0,0,0,0,0,3,0,0,0,0,0,0,0,0,0,0,4,0,0,0,0,1,0,1,3,0,0,0,1,0,0,0,0,0,0,1,0,0,0,3,1,0,0,0,0,0,0,2,0,0,4,1,0,0,0,2,0,0,0,0,0,0,2,0,0,1,2,1,0,0,0,0,0,0,0,0,1,1,3,0,0,0,0,0,0,0,0,0,0,0,0,5,0,3,1,0,0,1,0,0,0,1,0,0,5,4,0,0,4,0,0,0,1,1,0,0,0,0,0,0,4,0,0,0,0,0,0,0,0,0,2,0,1,0,0,1,0,0,0,0,0,0,2,0,0,0,0,0,2,0,0,0,1,0,4,2,0,0,0,0,0,2,0,0,0,0,1,0,0,1,0,1,0,0,1,0,0,0,0,0,0,0,0,0,1,0,0,0,0,0,0,1,1,0,0,0,0,0,0,0,0,1,0,0,0,0,0,0,0,0,1,0,0,1,11,0,0,0,5,0,0,4,0,0,0,0,1,0,0,0,0,0,0,0,2,0,0,0,0,1,0,0,1,0,0,1,7,5,0,2,1,0,2,1,0,0,1,0,0,0,0,0,3,0,1,0,0,0,1,2,0,0,0,1,0,0,3,0,0,0,0,0,1,0,0,4,1,4,0,0,0,0,0,0,0,0,0,0,0,0,0,0,0,0,1,2,0,0,0,1,0,2,0,0,3,0,0,0,0,0,0,0,0,0,0,4,0,0,0,0,0,0,0,1,0,0,1,0,0,0,0,0,0,0,0,0,1,0,0,1,0,0,0,0,0,0,0,0,0,0,0,0,3,0,0,4,0,0,0,0,0,0,3,0,0,0,0,0,0,3,1,0,0,0,0,0,0,0,0,0,1,0,3,0,0,0,2,0,0,1,0,0,0,0,2,0,0,0,0,0,0,0,0,4,8,0,0,0,0,6,0,0,0,0,0,0,0,0,0,0,0,0,0,4,0,0,1,0,0,0,0,0,0,0,0,2,3,1,0,0,0,0,0,0,1,0,0,0,0,6,1,2,2,8,0,4,0,0,2,0,0,0,2,0,0,0,0,1,0,1,0,0,0,1,0,0,2,0,0,1,0,0,0,1,0,0,0,0,0,0,0,0,0,0,2,1,4,0,1,0,0,0,1,0,0,0,0,0,0,0,0,1,0,5,0,0,0,0,0,0,0,2,0,0,0,0,0,3,0,1,0,1,0,0,4,0,1,3,5,0,0,0,0,2,0,0,0,3,0,2,0,0,5,0,0,0,0,0,0,0,0,0,0,4,0,0,0,0,3,0,1,1,1,0,2,0,0,0,2,0,0,1,0,0,0,0,0,0,0,0,6,0,0,0,0,2,2,0,0,0,0,0,0,0,0,1,0,0,0,0,0,0,0,0,0,0,0,0,0,0,0,1,3,0,0,0,0,0,1,0,0,0,0,0,0,1,0,0,0,0,0,0,0,3,0,0,3,4,0,0,0,0,2,0,0,0,0,0,3,0,1,3,0,0,0,0,2,0,0,0,0,1,1,0,1,0,0,1,0,1,0,0,2,0,0,0,0,0,0,0,0,0,0,0,1,1,0,2,0,4,3,0,0,0,0,0,0,0,0
BTG1,8,2,3,3,4,1,5,5,5,1,2,12,7,5,2,14,5,0,0,10,5,11,3,3,2,5,0,4,10,5,5,6,5,4,3,1,8,12,1,3,5,6,2,4,9,2,2,5,9,2,2,4,0,9,9,1,2,6,7,7,0,3,7,4,6,7,6,0,6,4,2,4,6,2,0,3,2,5,1,5,5,5,1,0,5,15,9,3,3,6,1,18,6,1,7,3,4,2,3,15,8,1,3,6,6,3,1,6,5,7,5,7,0,6,4,12,6,8,3,0,3,1,8,2,6,8,2,2,7,3,1,6,7,15,4,5,6,6,0,3,5,4,7,4,6,4,2,2,14,4,5,3,4,12,6,3,2,8,3,1,5,2,4,2,4,4,3,11,3,4,10,1,7,10,1,1,6,6,4,5,4,8,7,6,0,2,6,2,2,12,4,2,2,12,4,4,1,2,0,5,4,9,2,8,9,0,6,10,2,3,6,4,3,1,5,4,5,15,3,4,3,5,1,6,14,0,4,2,10,4,6,5,15,5,2,3,3,7,3,5,8,2,4,0,6,5,3,2,9,2,3,2,4,2,2,7,7,7,5,1,5,0,2,5,10,4,2,6,3,2,6,10,2,0,7,6,8,5,5,7,1,4,5,5,6,4,5,3,10,11,6,4,3,3,2,3,4,3,3,2,14,2,7,11,3,4,7,0,8,4,6,1,5,6,3,10,2,11,1,6,2,3,2,3,1,4,3,16,2,12,5,5,8,4,1,3,6,1,3,5,3,9,0,6,3,5,4,3,2,7,9,5,13,8,1,0,5,14,0,3,8,8,8,1,1,5,5,6,1,5,2,3,5,0,2,7,6,6,6,4,1,1,6,4,4,1,7,4,9,8,16,10,3,11,5,2,4,8,5,4,3,4,9,4,1,4,4,3,7,9,6,10,0,3,4,3,5,2,3,5,3,4,4,4,0,4,2,6,4,6,1,5,2,5,1,9,3,6,10,4,5,8,0,4,8,2,2,6,8,2,4,3,1,4,4,5,2,9,2,3,3,6,7,13,10,8,3,1,1,0,2,0,2,6,5,3,1,4,6,2,7,13,3,9,1,3,1,5,8,2,5,7,4,6,6,1,8,1,4,1,1,1,5,1,4,6,12,2,4,3,0,1,2,2,1,5,2,3,3,2,3,2,8,4,4,1,7,3,7,4,4,11,5,5,4,7,3,5,5,3,4,7,6,5,5,7,3,7,0,5,7,4,4,2,2,3,2,2,8,0,3,2,2,9,2,10,11,13,6,7,10,4,3,5,5,7,3,7,3,4,5,1,5,2,5,0,7,2,6,1,4,15,1,3,4,5,4,2,5,3,4,3,0,0,2,4,3,1,3,2,4,2,6,3,7,6,8,6,2,4,0,5,4,2,4,1,6,6,5,4,8,6,1,2,2,6,9,1,1,9,5,0,12,5,5,10,3,4,10,2,2,7,1,2,7,5,7,7,4,6,4,6,5,9,6,6,0,4,8,2,11,8,1,1,10,10,0,3,9,5,4,2,8,8,2,17,3,2,1,5,9,5,2,4,11,7,5,8,10,1,0,6,2,2,5,0,11,5,9,4,2,10,5,7,0,9,2,6,1,7,7,3,7,6,5,2,4,1,4,6,7,5,8,1,2,6,1,2,2,7,6,8,9,2,5,5,2,6,5,2,4,14,3,15,1,2,7,3,1,12,4,3,4,4,2,3,6,1,12,7,8,9,7,6,3,1,1,4,2,5,2,3,1,3,5,4,1,6,9,7,3,3,6,4,3,2,2,4,3,3,7,4,5,0,19,4,8,6,4,3,3,4,4,6,5,8,5,2,9,4,1,2,3,8,2,9,7,5,3,0,6,1,4,0,16,8,4,16,4,5,2,5,3,2,5,4,0,10,1,12,4,0,1,6,5,2,3,7,9,17,5,5,8,8,5,5,9,1,3,4,2,2,1,6,6,3,1,11,3,4,3,9,3,3,2,10,11,1,5,2,8,3,2,8,1,5,3,13,1,1,2,3,10,4,12,7,7,1,0,1,4,3,4,10,4,12,3,5,6,2,0,0,1,2,4,0,3,3,2,1,1,4,2,1,10,0,5,8,1,2,14,9,10,7,3,10,1,0,6,9,1,11,3,2,3,2,2,8,7,5,5,8,3,3,1,1,3,2,3,2,5,3,1,11,10,6,3,4,3,10,5,10,0,13,1,6,7,7,7,3,2,5,0,5,7,11,0,5,11,9,2,2,1,1,8,6,2,14,0,5,5,0,3,10,3,5,8,7,7,5,6,9,5,3,5,1,4,0,8,6,5,3,5,6,3,1,6,11,4,5,5,7,1,3,2,4,2,7,3,3,6,2,4,4,5,0,4,7,3,7,7,9,5,9,3,4,3,3,3,2,0,2,3,1,9,1,1,4,3,6,8,0,1,9,0,8,1,5,8,4,3,19,4,3,9,0,5,3,0,3,12,4,9,0,9,6,9,4,3,8,5,6,8,10,8,10,3,3,3,3,7,6,3,1,8,7,1,8,3,5,3,1,10,3,1,5,0,14,2,6,7,6,5,4,9,14,1,2,2,3,2,3,4,4,2,7,4,3,4,2,2,5,7,1,4,2,3,12,3,5,13,2,16,14,2,4,4,2,4,0,10,4,7,7,5,12,3,5,4,4,13,4,1,3,3,5,4,5,4,3,4,8,4,6,3,2,3,6,0,5,4,7,6,4,2,4,6,3,5,5,5,5,4,2,4,13,1,1,7,16,9,3,0,2,3,2,5,6,14,4,8,11,6,3,7,4,1,4,6,9,2,9,3,1,0,19,7,11,6,6,6,8,5,2,0,6,4,2,8,5,1,1,4,2,3,3,5,9,7,1,3,10,4,4,10,0,8,9,3,5,5,3,13,4,0,4,5,12,1,4,8,5,4,1,6,2,2,1,6,10,2,7,10,1,9,4,4,9,2,1,5,3,0,1,6,2,5,2,6,8,8,11,3,6,3,11,5,2,12,6,1,7,3,1,5,9,6,5,0,2,5,14,3,2,3,7,9,1,2,2,2,9,4,3,5,2,4,14,7,3,4,0,10,9,6,8,1,4,1,5,5,5,1,10,3,8,2,4,2,1,10,5,8,2,13,1,3,3,6,6,5,7,0,10,4,0,3,10,1,4,8,7,4,0,2,8,3,4,9,6,2,6,10,2,6,1,2,10,7,8,6,6,6,7,11,6,7,3,5,1,3,6,2,6,2,4,2,6,1,5,4,3,12,1,3,2,7,4,8,4,5,2,0,6,6,5,9,1,7,1,0,1,2,1,4,4,0,6,2,4,5,8,3,2,6,8,3,4,2,12,3,4,11,4,4,3,7,2,4,6,6,8,3,2,1,6,1,2,4,1,2,5,14,5,9,5,8,6,8,4,3,2,5,2,3,3,0,4,25,2,5,17,6,4,8,4
RPLP0,15,0,10,1,6,8,8,14,7,3,7,5,5,7,14,15,7,3,6,12,3,13,10,4,5,9,4,9,5,14,11,10,14,15,1,1,12,15,14,2,24,12,5,18,10,12,8,2,11,10,4,15,4,11,0,1,0,12,5,2,12,7,7,5,4,4,7,0,6,19,3,41,10,0,0,4,4,14,0,2,12,4,0,5,2,13,12,10,4,7,17,8,9,3,18,12,6,5,2,35,7,3,2,4,5,2,8,2,8,13,6,9,2,4,7,16,6,10,3,5,6,4,6,1,15,9,8,6,7,9,7,6,1,5,4,8,10,4,4,3,7,9,11,22,29,1,5,7,19,5,4,2,4,17,4,11,4,7,1,0,8,10,8,1,4,17,5,11,8,31,7,1,30,6,5,2,10,4,4,11,5,3,11,4,4,13,15,15,2,9,17,18,5,10,7,16,4,0,0,14,1,8,10,3,9,5,0,11,9,15,11,4,1,3,3,1,8,11,14,5,6,6,16,7,19,1,4,3,8,7,10,6,7,7,6,2,10,7,10,3,4,5,7,2,12,6,5,4,8,5,4,5,10,3,5,19,2,16,7,3,10,5,5,6,12,8,7,2,19,15,2,23,4,0,7,1,7,19,4,11,7,1,7,5,9,13,12,14,6,6,5,10,2,4,12,1,2,8,4,5,6,7,5,9,3,1,12,1,6,19,6,5,4,9,3,3,5,16,13,9,4,1,8,1,8,3,2,16,1,15,6,2,7,6,4,5,5,1,18,9,13,11,5,13,11,4,3,4,10,4,7,9,18,10,3,2,10,12,17,0,11,17,9,2,4,9,34,5,3,13,4,7,3,7,1,31,10,11,11,5,2,1,18,6,9,0,19,9,3,0,19,5,11,10,6,3,10,12,2,2,8,11,8,9,1,10,5,4,8,17,6,10,2,11,15,22,4,5,6,15,7,10,29,4,4,7,4,6,7,5,1,9,11,9,4,4,3,6,6,20,2,21,31,9,9,36,3,4,7,3,2,6,8,5,5,13,8,12,4,5,5,13,8,4,13,11,9,11,2,1,5,2,10,13,10,6,1,4,11,2,8,3,2,14,4,10,6,14,8,4,9,10,3,5,4,2,7,9,2,4,0,5,16,2,8,7,7,22,4,10,0,3,6,7,3,7,5,4,4,3,11,14,10,7,4,3,5,7,4,20,3,20,4,4,11,4,11,25,4,15,87,11,8,2,7,12,22,4,32,14,30,29,1,4,7,9,6,9,8,6,11,12,10,8,3,14,6,5,10,4,17,3,5,5,16,9,5,11,3,7,4,1,4,6,4,15,16,5,4,1,3,9,1,7,11,14,12,5,10,8,12,11,1,5,35,16,1,13,3,7,3,10,0,11,22,6,8,15,5,9,10,14,8,3,4,1,15,5,3,12,3,9,7,4,3,3,5,15,8,18,11,0,11,10,4,3,24,13,12,1,1,11,8,2,4,2,8,4,4,11,5,8,5,3,10,6,0,2,12,12,6,8,1,7,11,16,1,10,8,8,1,22,11,17,2,8,9,9,0,4,10,4,9,6,6,4,7,9,7,7,2,9,22,3,5,8,6,11,11,62,8,5,3,16,9,14,4,12,6,16,9,9,3,23,6,9,9,6,1,5,12,7,5,6,24,6,6,13,4,13,8,8,7,1,7,2,9,5,12,2,4,6,6,23,8,8,14,6,13,16,2,2,9,9,8,12,11,1,15,7,13,5,9,6,4,2,5,1,2,13,2,1,6,3,5,6,4,7,18,11,10,11,4,1,18,6,10,7,2,12,7,6,8,2,13,6,2,6,5,2,11,4,8,1,8,13,6,2,5,1,2,5,26,10,8,24,9,2,3,1,11,2,3,4,8,8,3,7,5,13,4,5,20,7,10,26,2,31,2,8,7,2,0,7,8,1,1,0,10,8,17,8,7,5,18,6,7,5,2,5,9,1,3,7,10,8,2,8,5,4,3,8,3,11,8,20,9,4,10,9,7,2,4,2,0,7,25,12,14,5,9,11,6,16,8,1,8,15,31,2,3,2,9,6,1,5,7,7,10,9,1,31,4,4,14,5,1,17,5,17,2,22,7,10,10,2,6,7,5,3,12,12,17,5,7,7,10,0,13,11,2,6,3,9,12,2,9,10,7,5,3,5,1,1,7,8,9,6,19,1,16,36,3,4,11,7,20,6,3,14,4,6,5,44,23,8,7,9,1,7,5,20,2,2,11,10,5,8,3,7,5,9,28,8,9,4,7,14,1,9,13,3,8,11,6,7,11,13,5,11,4,6,8,4,8,4,9,1,9,14,42,40,6,10,0,6,5,12,3,12,11,2,10,4,6,3,10,7,5,5,9,0,12,21,7,6,0,5,18,18,17,9,8,13,4,9,3,3,6,2,6,35,1,1,10,20,15,3,8,4,16,4,5,14,0,6,0,9,6,2,3,6,11,15,14,7,4,5,1,8,24,13,8,1,5,6,11,4,5,6,7,12,8,17,6,9,1,5,5,10,16,4,8,4,8,11,4,17,0,11,5,1,16,5,4,9,5,22,9,6,16,6,6,2,9,5,2,2,18,10,9,6,6,26,1,11,3,2,14,6,35,7,8,1,10,6,9,8,4,4,25,11,8,22,13,2,6,4,5,28,19,11,5,8,3,14,3,16,1,0,8,7,12,3,3,8,3,5,6,11,3,15,10,8,4,7,11,12,15,4,8,12,3,4,14,16,6,6,5,4,6,8,11,12,8,25,7,4,21,6,5,9,2,1,5,19,6,2,12,8,2,15,6,10,7,10,4,24,16,3,9,10,1,3,5,22,6,3,8,2,9,12,15,10,3,4,1,4,5,6,13,0,4,7,3,8,6,8,2,1,9,15,30,22,5,2,17,5,3,2,10,7,11,1,0,6,3,8,5,10,12,7,6,2,10,13,6,9,20,6,6,4,5,2,24,6,9,3,2,7,8,3,4,6,11,7,8,8,6,10,9,0,7,0,1,8,15,3,48,9,6,6,17,0,4,8,1,11,9,4,14,19,7,3,2,5,21,4,6,5,5,6,10,6,4,9,5,18,1,24,1,2,8,14,14,7,6,4,7,2,1,13,5,7,7,16,8,15,14,17,5,12,10,6,20,4,5,3,6,29,6,9,0,6,11,3,2,11,1,6,5,4,8,5,0,4,3,24,5,6,7,3,5,2,8,6,8,19,1,9,10,6,6,12,8,18,4,13,7,4,3,8,2,10,0,6,3,8,4,4,8,11,23,3,9,6,7,17,3,9,8,0,5,12,10,3,3,2,12,23,9,9,9,4,26,4,16,9,9,9,9,9,0,4,9,4,5,4,6,5,0,6,4,6,9,2,4,16,8,4,8,12,1,8,0,13,1,5,3,2,8,11,18,8,5,3,10,11,6,7,10,1,2,1,3,7,1,25,10,9,6,19,20,1,15,8
RPS5,20,2,7,5,6,11,10,22,12,7,11,8,16,12,12,25,7,10,7,22,10,18,5,9,14,5,10,15,10,33,18,15,33,9,5,4,29,21,12,6,20,11,11,20,11,18,19,7,15,17,11,17,5,12,13,7,4,20,12,8,16,10,11,6,14,9,12,0,8,16,1,32,20,3,7,4,6,13,4,10,15,5,3,6,7,25,12,26,5,13,11,11,14,6,11,9,4,9,6,33,7,16,4,19,13,3,5,4,8,21,9,23,0,23,13,32,11,22,4,12,8,4,14,4,18,19,8,10,12,9,8,19,5,12,8,11,12,14,8,7,8,13,10,25,33,2,4,1,38,3,9,3,8,19,5,19,7,8,5,2,15,17,16,9,2,21,3,20,14,35,23,7,22,12,8,0,20,12,3,22,5,9,14,10,6,30,19,18,9,16,23,22,14,25,34,21,7,3,0,33,2,10,5,14,10,6,12,23,19,11,6,7,11,3,6,2,16,7,14,7,8,24,16,21,38,3,14,6,21,15,23,8,21,25,6,6,6,13,11,10,0,5,17,3,13,10,8,9,11,8,8,6,12,7,9,10,10,25,9,7,19,8,8,8,15,11,7,5,36,16,4,29,5,2,8,5,8,14,9,10,2,4,26,16,28,26,21,15,14,6,10,18,8,4,8,6,5,17,4,3,11,11,7,9,6,11,9,3,8,16,7,10,6,11,6,6,10,20,11,14,7,1,14,12,8,14,11,45,14,15,11,10,22,8,6,9,13,4,15,10,26,11,7,25,28,18,10,3,12,5,10,24,18,11,3,7,9,38,19,2,11,16,16,4,4,13,51,11,16,10,8,5,6,8,1,39,21,24,7,15,7,3,24,14,15,2,10,24,9,5,26,17,3,12,10,4,15,12,0,5,4,24,12,21,2,28,4,11,13,23,11,14,4,21,17,19,7,9,17,15,11,28,31,2,7,13,8,9,9,11,6,18,16,8,6,9,5,1,11,19,7,19,26,15,8,32,5,14,10,1,4,17,5,2,15,17,8,11,8,15,14,22,15,10,19,10,12,17,6,1,6,7,5,27,25,5,3,9,11,5,9,12,4,9,4,30,8,22,23,3,14,16,7,15,11,2,13,24,13,4,0,6,13,0,20,18,17,29,2,13,2,3,8,10,7,21,6,3,13,9,14,15,22,3,11,7,2,18,5,21,7,33,8,5,19,5,9,22,14,19,79,18,7,4,9,15,9,11,26,11,22,32,4,10,3,14,14,9,12,9,8,17,13,12,12,26,3,19,16,10,27,7,23,12,26,6,8,10,5,9,10,5,14,1,5,23,21,5,11,1,10,16,3,11,24,25,18,14,9,9,19,4,1,5,25,28,7,8,9,7,7,13,3,14,27,16,12,8,15,8,21,25,11,2,6,4,9,11,5,25,14,8,8,6,4,9,8,19,13,14,6,3,15,13,4,6,14,18,15,7,3,9,10,5,11,5,15,13,5,9,2,24,7,3,20,1,3,3,14,16,10,18,1,8,16,16,4,5,19,6,1,29,18,20,5,21,11,9,0,6,11,9,13,4,13,9,7,16,17,7,10,14,13,5,5,1,18,6,6,52,10,10,9,14,8,24,8,11,10,14,27,12,7,24,11,13,7,11,9,9,11,7,6,7,22,12,7,21,5,18,8,10,4,3,13,5,11,13,6,9,8,11,21,22,17,15,16,7,8,19,13,3,7,13,8,9,13,4,21,14,27,9,14,10,1,4,8,5,3,17,2,6,7,17,4,9,3,18,33,10,7,14,9,1,16,5,11,34,8,19,20,4,16,9,18,21,3,12,10,6,14,8,12,5,11,12,7,4,10,2,9,1,23,23,17,13,14,11,13,1,10,4,9,4,8,12,10,20,1,34,5,13,15,5,21,27,11,44,1,16,1,1,2,14,6,6,4,3,8,15,21,16,20,7,22,6,17,6,3,8,18,7,18,8,21,9,2,14,7,9,5,11,7,11,6,19,32,5,22,19,17,10,6,7,4,3,32,17,12,6,15,15,12,32,14,2,18,20,26,7,10,3,16,18,4,8,7,10,21,18,3,26,6,7,14,3,6,9,7,18,4,25,11,17,13,11,14,18,4,5,24,18,16,2,6,23,12,7,22,8,1,13,7,13,4,3,18,10,6,8,7,8,4,3,5,10,9,5,15,5,19,49,6,3,17,11,30,7,6,26,8,4,13,24,15,8,7,8,10,16,16,21,8,9,6,7,13,8,3,16,22,4,25,5,19,9,11,17,2,19,17,4,4,14,17,17,17,18,16,13,10,12,15,17,8,2,16,5,18,15,40,56,9,14,8,8,15,18,6,6,24,6,12,3,14,7,14,12,14,3,12,3,25,13,15,18,15,10,14,11,15,13,9,9,1,9,6,4,2,5,10,25,1,7,11,20,19,7,4,9,14,2,9,17,4,7,2,14,9,12,3,27,14,28,17,5,7,11,1,14,15,7,14,5,5,18,5,8,14,8,7,11,16,23,11,12,5,5,7,17,14,5,13,8,13,21,4,20,3,27,16,2,18,6,4,8,10,35,14,12,12,19,10,2,20,12,4,11,17,6,4,15,9,21,14,6,8,10,8,8,25,12,7,4,15,9,21,17,5,7,31,11,8,35,20,2,1,15,10,35,30,16,13,15,10,24,8,13,1,6,19,22,7,14,12,20,7,14,13,15,14,13,18,18,5,10,19,28,23,8,12,19,5,12,12,15,14,5,11,4,6,9,11,19,21,31,7,4,18,11,5,14,8,6,8,16,14,7,22,15,3,18,22,8,20,12,10,20,14,11,9,22,5,4,12,27,8,7,20,11,28,18,24,6,2,11,10,6,7,13,11,5,7,11,10,8,14,10,5,1,14,20,31,19,9,4,7,13,7,10,13,21,19,5,2,19,4,17,2,16,14,9,10,2,12,12,1,14,26,14,8,15,17,10,13,7,19,14,0,15,20,6,2,8,24,13,8,19,19,11,12,8,8,12,12,16,17,9,51,15,7,10,10,1,9,11,5,13,5,4,14,38,6,8,5,12,22,4,2,12,12,12,6,5,5,10,11,12,2,37,2,2,12,24,34,17,16,8,13,13,6,20,10,17,7,18,19,13,19,11,17,17,10,11,37,8,3,6,13,33,7,0,4,12,7,2,3,19,4,9,16,6,20,13,6,4,8,24,9,11,3,5,7,9,9,15,12,30,5,19,14,10,18,19,16,13,15,4,18,3,17,7,4,13,6,13,8,18,3,5,20,16,33,3,11,4,14,27,8,16,17,2,10,11,13,6,13,2,15,15,7,10,14,4,30,8,13,11,13,10,6,12,4,7,20,0,18,5,5,12,0,15,20,7,6,1,11,30,6,14,11,14,12,14,4,22,6,1,2,4,8,6,11,20,13,12,20,11,8,13,11,3,7,9,6,8,2,47,19,13,15,35,18,9,13,8
PFN1,6,12,5,10,10,8,7,5,1,0,7,12,12,4,8,28,3,3,8,7,8,7,8,3,3,17,8,2,5,7,0,2,7,21,10,8,8,9,16,3,6,9,11,12,6,3,2,9,2,2,4,2,9,11,11,10,9,10,6,3,26,6,4,2,7,25,2,3,8,7,4,7,1,5,10,7,1,13,4,10,10,3,3,8,8,7,2,5,8,2,12,4,12,9,16,11,2,1,10,17,12,4,7,7,4,4,2,8,9,7,7,6,2,8,5,13,12,8,6,3,1,5,11,0,6,4,8,1,3,2,1,4,3,3,7,8,5,5,10,6,6,5,1,6,31,12,12,11,10,7,17,4,12,7,5,8,10,2,2,7,3,2,13,7,6,13,2,7,13,34,7,11,11,7,6,0,1,6,6,8,4,4,5,0,8,4,5,3,3,14,32,12,8,2,4,4,5,1,3,7,2,12,3,0,7,10,6,7,2,2,2,4,5,13,11,6,3,11,21,12,1,2,6,5,10,4,2,4,4,3,4,6,23,22,10,2,8,3,5,4,11,1,0,2,6,1,12,6,18,7,3,7,2,5,2,8,2,12,5,5,9,1,8,14,11,12,4,11,7,12,8,28,4,9,5,7,2,20,17,1,6,5,8,10,8,4,6,3,8,7,6,14,10,12,13,4,2,6,10,10,9,2,14,4,9,3,9,5,23,7,7,10,12,12,3,1,2,10,5,12,10,11,17,1,4,0,5,7,6,5,4,10,4,1,4,2,5,5,5,12,14,7,10,6,3,22,3,0,8,22,14,4,30,2,9,6,3,9,26,1,9,2,7,6,18,6,55,8,4,4,4,5,18,3,7,37,6,9,10,18,8,2,7,1,2,4,8,4,4,17,9,39,8,30,3,5,18,9,10,15,1,4,16,6,14,4,9,4,16,3,16,4,8,2,2,29,1,2,7,4,13,4,74,6,16,5,7,5,7,7,1,3,7,6,3,0,9,3,11,20,8,10,26,2,10,26,10,7,1,4,1,6,3,5,18,10,8,13,9,3,9,3,1,3,15,10,7,4,8,6,7,6,7,6,4,17,6,9,0,3,16,10,9,13,8,6,10,5,8,2,4,7,1,4,8,6,3,9,4,14,5,6,0,1,9,8,5,35,5,4,3,9,2,2,0,11,9,2,3,5,6,3,8,14,7,5,4,2,22,3,9,9,11,2,7,22,15,25,3,3,15,4,1,8,2,7,15,1,26,4,11,25,3,1,2,13,3,31,2,14,3,3,3,16,3,5,6,4,11,5,2,23,6,6,3,7,12,1,4,3,2,7,3,8,11,8,1,1,3,3,5,2,20,16,4,2,6,0,3,4,14,14,2,23,4,24,8,11,3,4,6,3,9,2,24,6,2,36,2,8,15,6,12,1,22,8,5,7,5,14,0,7,7,19,0,12,3,6,3,5,5,2,13,2,8,1,14,9,11,3,17,3,1,8,3,7,3,2,1,17,10,9,3,18,6,3,8,2,6,3,5,7,4,7,9,4,2,8,7,3,7,35,7,4,6,6,4,6,5,4,5,2,9,2,4,3,7,6,5,7,1,12,21,15,5,9,7,5,5,29,10,5,3,2,13,18,7,7,0,7,5,5,5,6,3,9,4,1,3,18,4,3,2,4,16,2,7,13,8,1,6,4,8,8,5,8,2,5,5,1,14,9,7,8,4,7,12,1,11,4,7,6,4,6,7,9,15,4,9,6,5,3,2,8,11,4,6,4,5,10,5,4,4,10,7,25,15,5,8,1,5,2,1,6,18,13,10,4,6,3,8,2,3,4,19,3,5,6,0,3,2,13,2,1,8,3,15,2,6,12,14,2,33,4,4,5,2,2,2,2,13,18,1,12,11,2,5,8,6,5,5,7,43,7,14,8,5,15,24,3,4,2,1,6,9,1,1,12,4,3,8,3,4,3,5,6,6,8,13,0,6,7,22,12,5,7,9,7,2,7,5,2,13,17,7,11,5,5,2,2,3,3,19,7,4,9,6,2,16,2,5,5,7,7,3,4,4,1,26,9,9,1,4,5,8,12,1,6,6,4,2,26,8,10,11,11,4,3,5,20,3,6,7,2,2,5,4,23,6,16,2,7,18,4,2,7,9,6,9,4,3,4,13,9,2,2,6,8,3,10,11,4,2,11,8,14,2,2,13,3,9,46,6,3,5,4,4,6,11,5,5,10,2,21,5,2,3,3,4,2,5,2,2,12,5,11,4,10,3,2,6,7,3,2,2,9,7,3,0,6,10,9,1,3,7,1,3,1,12,3,0,5,3,7,15,13,11,11,8,2,39,50,2,2,0,4,3,22,8,5,2,13,9,7,5,1,6,9,2,1,10,5,14,8,6,8,7,7,4,16,8,3,32,32,11,10,11,8,2,6,9,4,11,11,5,15,6,6,1,12,12,3,4,3,21,12,7,7,2,1,2,7,7,32,3,4,0,11,6,7,6,10,22,11,8,5,6,8,5,3,15,12,4,12,4,8,4,9,8,6,7,5,18,4,2,11,14,4,4,6,2,0,20,10,19,6,3,10,0,4,11,4,13,18,8,3,5,0,9,8,7,1,3,25,6,5,5,4,3,1,4,8,6,1,7,0,4,7,4,20,3,4,11,10,15,18,12,5,0,26,4,3,12,1,8,10,15,0,6,8,3,4,2,3,6,6,9,8,8,5,0,1,14,4,4,19,4,12,8,9,9,7,16,28,8,5,33,10,3,8,5,8,9,3,3,3,9,10,4,7,8,13,2,1,12,15,17,3,8,7,5,12,7,7,8,2,2,17,0,5,31,9,4,11,3,6,25,6,8,2,8,8,13,6,21,3,0,19,3,3,14,12,9,2,1,2,17,12,1,4,13,9,29,55,4,8,15,4,3,10,0,4,5,3,3,9,36,7,7,10,13,5,1,8,5,10,3,9,5,8,2,3,5,2,5,6,3,5,7,4,4,9,3,5,4,3,15,11,4,19,4,3,13,6,1,7,2,10,131,2,4,3,7,3,4,14,7,3,14,2,8,10,4,3,14,2,10,18,2,6,3,25,10,10,6,11,6,18,4,4,3,0,8,18,29,3,6,1,1,13,16,12,10,1,1,4,2,6,9,12,39,14,8,11,13,6,1,6,5,31,7,4,21,7,9,4,4,3,1,3,7,5,9,4,4,10,2,22,6,12,4,26,18,3,1,1,5,4,3,4,2,13,2,7,7,4,3,14,1,5,10,9,2,3,5,5,12,2,15,6,9,6,8,10,2,8,6,9,3,21,6,0,6,12,3,2,19,4,7,5,8,3,2,8,35,1,7,7,9,17,3,4,21,10,2,11,1,2,9,7,3,6,10,3,10,4,1,5,18,5,1,13,1,10,4,3,3,2,9,2,4,5,1,4,4,14,6,7,3,5,5,3,5,1,9,13,5,46,14,9,6,9,11,3,1,11
ND3,19,5,5,4,1,18,32,12,11,2,14,11,17,7,5,38,12,3,18,4,8,6,23,15,2,4,9,11,9,14,14,13,14,7,4,4,15,8,14,12,11,15,20,11,10,7,5,19,18,12,5,9,11,7,18,15,1,12,12,9,28,3,6,3,4,6,6,1,21,15,4,22,7,11,13,3,6,19,6,12,3,14,7,12,3,5,16,6,1,7,7,11,12,16,13,16,3,9,17,18,5,8,15,12,4,22,2,5,23,13,11,4,11,21,9,19,11,9,19,4,1,12,17,3,10,10,7,2,15,4,1,10,7,7,11,6,6,2,10,11,2,10,12,9,23,4,20,22,15,5,21,1,9,16,13,11,5,16,4,18,5,12,28,11,6,10,22,7,16,22,9,1,8,6,17,5,7,3,26,12,5,13,15,7,21,7,8,7,21,21,17,17,9,10,10,25,8,3,1,14,18,3,23,5,10,3,9,15,20,9,6,7,10,4,9,7,9,9,5,17,1,6,5,5,15,3,10,16,8,7,13,13,22,17,11,11,2,11,3,8,14,0,4,4,13,8,6,11,43,13,7,22,1,2,13,7,11,13,11,26,3,4,8,12,12,13,4,1,10,14,5,22,18,9,5,3,10,36,21,12,17,13,9,9,18,18,7,11,10,4,8,3,25,5,5,12,11,2,30,3,8,3,4,5,21,5,11,14,15,15,7,3,10,13,9,6,10,15,15,12,5,6,25,9,4,2,12,11,5,2,5,12,10,10,13,6,2,6,3,20,26,8,13,9,8,4,6,24,11,19,19,10,20,8,8,12,15,13,33,6,11,19,15,11,2,9,22,24,8,9,6,14,7,1,5,17,4,24,3,27,17,7,19,7,11,7,7,22,5,5,27,42,6,25,15,13,21,16,4,25,17,13,4,2,18,17,10,18,10,6,13,4,19,7,9,16,2,13,7,10,27,17,8,6,15,9,6,6,20,9,4,10,9,12,23,5,15,13,3,12,3,15,25,11,9,41,3,4,4,4,21,20,19,9,27,11,7,26,17,9,9,4,7,6,34,12,11,10,6,11,22,16,10,6,6,21,11,7,10,7,17,9,4,12,19,18,7,12,7,15,6,11,0,11,3,13,12,13,11,2,7,18,5,9,7,9,14,18,4,9,7,8,5,12,2,5,6,10,7,17,18,20,9,9,20,26,11,8,19,25,13,30,8,4,25,19,5,9,14,5,28,17,2,6,2,8,23,1,24,4,8,28,3,6,20,26,6,23,12,3,3,12,9,4,7,9,13,8,12,4,9,9,6,7,18,20,6,12,19,10,11,4,14,20,5,12,6,4,6,4,12,10,9,23,13,19,10,8,15,9,1,32,10,4,11,27,10,7,8,4,25,9,6,2,8,5,12,4,12,7,2,10,13,3,3,4,2,7,5,12,5,4,4,4,11,4,3,6,8,14,4,5,21,7,6,6,12,8,12,6,2,1,2,10,5,8,5,6,0,20,14,22,6,10,7,13,8,0,12,10,7,7,21,4,13,6,9,23,9,15,2,18,5,10,20,8,10,5,7,7,4,4,15,8,11,15,12,6,10,22,17,12,11,2,7,27,17,4,8,25,7,9,8,13,23,5,6,13,4,0,11,4,11,17,2,15,2,11,2,9,8,12,7,11,2,7,19,11,4,21,3,9,8,15,15,2,8,2,2,5,9,8,19,9,8,5,11,6,7,10,7,12,2,10,18,9,9,9,8,4,6,4,8,14,11,10,17,10,14,11,11,12,11,10,15,24,2,15,20,12,5,2,4,6,14,9,17,10,14,12,12,8,5,6,9,4,14,11,8,6,2,11,3,8,6,8,13,9,8,4,2,6,30,9,13,9,8,12,8,10,5,4,7,25,7,12,12,9,13,15,6,19,0,9,9,16,9,32,3,12,5,9,9,10,9,0,16,15,4,9,15,9,9,4,4,7,9,14,5,2,13,9,22,3,13,15,4,5,5,18,3,8,24,11,14,6,20,0,19,20,2,10,4,14,6,22,9,5,14,12,22,7,6,7,5,4,8,10,25,36,16,5,1,6,16,11,9,6,4,6,6,25,13,6,7,19,12,12,14,22,12,9,10,5,7,9,5,16,6,4,8,7,5,11,10,9,7,9,4,10,8,11,24,5,22,4,13,8,9,22,13,7,5,6,18,25,4,5,22,5,9,41,20,2,9,2,12,6,24,9,10,5,2,29,15,10,4,1,2,3,16,8,6,8,5,9,2,16,12,3,5,7,6,2,5,10,10,4,3,10,11,6,17,6,7,7,14,21,17,7,7,11,5,8,7,7,7,13,8,8,20,11,6,5,1,19,4,20,11,2,12,6,7,4,10,0,4,7,8,6,7,11,12,8,4,8,20,7,16,13,10,7,23,18,11,1,24,21,9,8,19,11,6,13,4,5,6,25,17,20,17,6,5,13,6,15,18,23,17,6,14,10,12,28,13,12,1,7,11,29,11,13,20,13,11,12,7,1,10,9,15,10,11,9,0,3,13,3,10,9,0,13,15,6,10,9,2,10,10,12,3,1,9,6,7,12,10,20,6,3,16,10,21,3,15,9,2,5,8,2,7,7,5,35,5,5,2,8,17,5,11,8,9,9,13,16,6,6,4,5,24,9,7,20,9,3,21,9,8,30,8,12,19,7,8,11,7,5,6,19,4,14,3,8,13,17,13,7,20,7,2,10,3,8,4,7,9,17,12,20,8,14,7,19,5,8,12,5,2,6,14,22,11,9,6,24,14,18,12,9,11,26,6,0,6,10,19,3,11,10,14,18,6,5,12,1,1,18,5,13,23,15,13,10,4,13,21,18,3,7,18,7,13,24,3,6,4,4,4,6,5,8,6,3,2,2,19,3,11,21,26,9,13,14,14,19,6,3,12,12,16,11,6,2,7,7,4,6,11,9,28,11,0,14,6,8,7,8,11,10,5,4,17,2,9,6,7,7,3,17,6,13,6,19,13,8,7,17,10,19,12,16,7,9,9,5,12,8,3,14,12,9,12,2,6,6,3,10,23,4,5,15,14,3,7,5,11,2,23,7,8,29,9,15,6,19,5,9,4,15,7,13,6,5,26,2,20,8,9,20,8,13,3,9,9,2,5,5,7,7,42,10,8,8,17,22,6,11,5,23,8,24,6,6,12,22,1,3,9,5,9,6,7,2,19,10,6,29,6,11,3,6,22,21,5,1,2,8,7,10,5,4,3,14,5,9,4,10,9,11,10,7,9,6,1,23,13,11,2,6,7,9,16,2,3,14,4,6,10,11,7,0,11,10,6,3,14,12,8,15,17,9,2,19,27,8,2,10,15,26,1,12,7,5,10,14,7,14,17,8,3,8,14,9,5,3,1,24,23,2,10,28,9,10,6,4,10,6,6,12,13,4,3,6,3,4,17,18,9,9,3,9,11,1,13,7,11,23,8,15,10,34,12,2,10,11
LYAR,0,0,1,3,0,0,1,0,0,0,0,1,0,0,0,3,1,0,1,0,0,0,0,1,0,5,0,1,7,0,0,0,0,0,3,0,0,0,0,0,0,0,0,1,4,0,0,1,0,1,1,0,0,1,3,0,3,0,0,2,0,0,0,0,0,0,0,0,0,0,0,0,0,0,0,0,0,0,0,0,5,0,1,0,2,1,0,0,2,0,0,0,1,0,2,0,0,0,0,0,0,0,0,0,0,0,0,0,0,0,6,1,0,0,0,0,2,5,1,0,0,0,0,0,0,0,7,0,0,0,0,0,0,1,0,0,0,0,0,2,0,2,0,0,0,0,0,1,0,0,0,1,2,0,0,0,3,0,1,1,0,1,0,0,0,0,0,0,0,0,0,0,0,0,0,0,0,0,0,0,0,0,0,0,0,0,0,0,1,0,0,0,3,0,0,0,0,1,0,0,0,1,1,0,0,0,0,0,0,0,1,2,0,1,0,1,0,3,0,0,0,0,0,0,0,1,0,0,0,0,0,0,1,0,0,1,1,0,2,0,0,0,0,0,1,0,1,0,0,0,0,0,0,2,0,0,0,0,0,0,0,0,3,0,0,2,0,2,2,0,0,0,0,0,0,2,0,0,0,0,0,0,0,0,0,0,0,0,0,0,0,0,0,0,2,0,0,0,0,0,0,0,0,0,0,0,1,0,0,0,0,0,0,0,0,0,0,1,0,1,3,0,0,0,4,0,0,0,1,0,0,0,0,0,0,0,0,0,0,1,0,0,0,1,1,0,0,0,0,0,0,0,0,0,1,0,0,1,0,0,2,0,0,0,1,1,1,0,0,0,1,0,0,0,0,0,0,1,0,1,0,0,0,0,1,0,0,0,0,1,0,0,0,1,0,0,0,3,1,0,0,0,0,0,0,4,6,0,1,0,0,0,0,0,0,1,0,0,0,0,0,4,10,0,0,0,1,3,0,1,0,0,3,1,1,0,0,2,0,0,2,0,0,1,2,1,1,0,0,0,2,0,0,0,1,3,7,1,0,0,0,0,0,0,2,0,0,0,0,0,0,0,1,0,0,0,0,6,1,0,0,0,2,2,0,0,0,0,0,0,0,0,0,0,0,0,0,0,0,0,0,0,0,0,1,0,0,0,2,0,0,1,0,0,0,1,2,0,0,0,0,5,5,0,0,0,3,0,0,3,1,0,4,0,0,0,3,0,1,1,1,2,0,1,0,0,0,0,0,0,0,0,0,0,0,0,0,0,0,0,0,1,0,0,0,0,3,0,2,0,0,1,0,1,0,0,1,0,1,3,0,0,1,1,2,4,1,0,0,0,2,1,2,1,0,0,0,0,0,0,0,0,0,0,2,1,1,6,0,0,0,0,1,0,2,0,0,0,0,0,0,5,2,1,2,0,0,0,0,0,0,0,1,0,0,0,0,0,3,0,0,0,1,0,0,0,0,0,0,0,0,0,0,0,0,1,0,0,1,0,0,0,0,0,0,2,0,0,0,0,0,0,0,1,0,0,0,0,0,2,1,0,0,0,0,0,1,0,0,2,0,0,2,3,0,0,1,1,0,0,0,1,0,1,0,0,0,0,4,0,2,7,0,0,0,0,1,6,0,0,0,0,1,1,0,2,0,0,0,1,3,1,0,1,1,0,0,0,3,0,0,0,1,0,1,0,0,0,1,0,2,0,0,0,0,0,0,0,6,0,0,0,0,0,0,0,0,0,0,0,0,0,0,0,0,0,0,1,0,3,0,0,1,0,0,0,0,0,0,0,1,0,0,0,0,2,0,0,0,0,0,3,0,0,1,3,0,0,0,2,0,0,0,0,0,0,0,3,1,0,0,0,0,0,0,0,0,0,0,0,1,1,0,0,1,0,2,0,0,0,0,0,3,1,3,0,0,3,0,0,0,0,0,0,2,0,0,0,0,0,0,0,0,0,0,1,0,0,2,2,0,0,1,0,0,1,0,0,0,0,0,0,0,1,1,1,0,0,0,0,0,0,0,0,0,1,0,0,0,1,0,0,0,0,0,0,0,0,0,0,0,0,0,0,0,1,0,0,0,0,0,0,0,1,0,0,0,0,0,2,0,0,0,0,0,0,0,0,1,2,0,0,0,3,1,0,2,0,0,2,0,0,0,0,2,1,0,0,0,0,2,0,0,0,0,0,0,0,0,0,0,0,0,0,0,0,0,1,0,0,0,1,0,0,4,0,0,0,0,0,0,0,0,0,1,0,0,0,1,0,0,0,1,0,0,2,0,0,0,0,3,0,0,0,0,0,0,0,0,0,0,0,0,0,1,2,1,1,0,1,0,0,0,0,0,0,0,4,0,1,0,1,2,0,0,0,0,4,0,1,0,0,0,3,0,0,0,2,3,2,0,0,0,0,0,1,0,0,1,0,0,2,0,0,0,0,0,0,0,0,1,0,0,0,2,0,1,1,0,0,0,0,1,0,0,0,0,1,0,0,1,0,0,1,0,0,3,0,0,0,3,0,0,1,0,1,0,0,0,1,0,0,0,0,0,0,0,0,0,0,0,0,0,2,0,1,0,0,0,0,4,0,0,3,0,0,0,0,0,1,0,0,0,0,1,1,0,0,2,6,2,0,4,0,0,0,0,0,0,0,0,2,1,0,1,3,0,0,0,1,0,0,1,0,0,1,2,0,0,0,0,0,0,0,0,1,1,1,0,0,0,0,0,0,0,0,0,0,4,0,0,0,1,0,0,0,0,0,1,0,0,0,0,0,0,0,0,0,1,0,0,0,0,0,1,0,0,0,0,0,0,0,0,0,0,0,0,0,0,2,0,0,0,0,0,0,0,0,0,0,0,0,0,1,0,0,0,0,0,0,0,0,4,0,0,0,0,1,0,0,0,0,1,1,0,0,0,0,0,0,1,0,1,0,0,0,0,0,0,1,1,0,0,0,0,0,0,1,0,0,0,2,1,0,0,1,0,0,1,0,0,0,0,0,0,0,1,0,0,0,0,0,0,0,0,0,0,2,3,0,0,0,0,1,0,0,2,0,0,2,0,0,0,0,0,0,0,1,0,0,0,0,2,0,0,0,3,2,0,2,0,0,0,0,0,0,0,0,2,0,1,2,0,1,0,0,0,0,0,0,0,2,0,1,0,0,1,0,0,0,0,0,2,0,1,0,1,0,0,0,0,1,1,0,0,0,0,0,0,2,0,0,0,1,0,0,0,0,0,0,0,0,0,0,0,0,2,3,0,0,0,0,3,0,0,2,0,0,0,0,1,0,1,2,1,0,0,0,0,1,0,0,0,0,0,1,0,0,0,4,0,0,0,0,1,0,0,3,2,1,0,0,0,3,0,0,0,0,0,1,1,1,0,0,1,4,0,0,0,0,0,1,0,3,0,0,0,0,4,0,0,0,3,0,0,1,0,0,0,0,2,0,0,0,0,0,0,0,2,2,0,0,0,0,0,0
IL1B,0,0,0,0,0,5,0,0,1,0,0,0,2,0,0,0,0,0,4,0,0,0,3,0,0,0,0,0,0,0,0,0,0,1,0,0,0,0,1,0,0,0,2,0,0,0,0,2,0,0,0,0,0,0,0,0,0,0,0,0,0,0,0,0,0,0,0,0,0,0,0,0,0,0,1,0,0,0,0,5,0,0,0,1,0,0,0,0,0,0,0,0,0,1,0,3,0,0,1,0,0,0,0,0,0,1,0,0,0,0,0,0,2,0,0,0,0,0,0,0,0,0,4,0,0,0,0,0,1,0,0,0,0,0,0,0,0,0,2,0,0,0,0,0,2,0,0,1,0,0,2,0,0,0,1,0,0,0,0,0,0,0,0,0,0,0,1,0,4,0,0,0,0,0,4,0,0,0,3,0,0,0,0,0,1,0,0,0,0,0,4,3,0,0,0,0,0,0,0,0,0,0,2,0,0,0,0,0,0,0,0,0,0,0,0,0,0,0,0,1,0,0,0,0,0,0,0,3,0,0,0,0,0,1,0,0,0,0,0,0,3,0,0,2,0,0,1,9,1,0,0,1,0,0,0,0,0,1,0,1,0,0,0,0,0,0,0,0,0,0,0,2,4,0,0,0,1,6,2,0,3,0,0,0,1,1,0,0,0,0,0,0,0,0,0,0,0,0,2,0,0,0,0,0,0,0,0,0,2,0,0,0,0,0,0,0,0,0,0,0,0,0,3,0,0,0,0,0,0,0,0,5,0,0,0,0,0,0,0,0,0,0,2,0,0,0,0,0,0,3,0,0,0,0,0,1,0,0,4,1,1,0,1,0,0,0,0,0,0,0,0,4,0,0,0,11,0,0,0,1,4,0,2,0,0,0,0,0,0,0,0,1,0,0,0,0,0,0,0,2,2,0,0,0,1,0,0,0,0,0,0,0,0,0,0,7,0,0,0,0,3,0,1,0,6,0,0,0,0,0,0,1,0,0,0,0,1,0,1,4,0,0,5,0,0,2,0,0,0,0,1,0,1,0,1,0,0,7,1,0,0,0,0,0,5,1,0,0,0,0,1,0,0,0,0,1,1,0,0,0,4,0,0,0,1,0,0,0,0,0,0,0,0,0,0,3,0,0,0,0,0,1,0,0,0,0,0,1,0,0,0,0,0,0,0,0,0,0,0,0,0,0,0,5,3,1,0,0,3,0,0,0,0,0,2,3,0,0,0,0,2,0,0,0,0,0,1,0,1,0,0,8,0,0,2,2,0,0,0,0,0,0,0,0,0,0,0,0,0,0,0,0,0,0,0,2,1,0,1,0,0,0,0,2,0,0,0,0,0,0,1,0,0,0,0,0,0,0,0,0,1,3,4,0,1,6,0,0,0,0,1,0,0,0,0,0,0,0,0,3,0,0,0,0,0,0,0,0,0,0,0,0,0,0,0,0,0,0,0,0,0,0,0,0,0,0,0,0,0,3,1,0,0,1,0,1,0,0,0,4,2,0,0,0,0,0,1,0,0,0,0,0,5,0,0,0,2,3,0,0,0,1,0,0,1,1,0,0,0,0,0,0,0,0,0,0,0,0,1,2,0,0,0,0,0,4,0,0,0,1,0,0,0,0,0,0,0,0,0,0,0,0,0,0,0,0,0,0,0,0,0,0,0,0,0,0,8,0,1,0,0,0,0,0,0,0,0,0,0,0,0,0,0,0,0,0,0,0,0,0,0,1,0,0,0,0,0,0,0,0,0,0,0,0,0,0,4,0,4,0,4,0,0,0,4,0,0,0,0,0,0,0,0,1,0,0,0,0,0,0,0,0,0,0,0,0,0,0,0,0,0,0,0,0,0,0,1,0,0,0,0,0,3,0,0,0,0,0,0,4,0,0,0,1,0,0,1,0,0,0,0,5,1,0,0,2,0,0,0,0,1,1,0,0,0,0,0,0,0,0,0,0,0,0,0,0,0,1,0,0,0,0,1,0,0,0,0,0,0,0,1,0,5,2,0,0,0,0,0,0,0,0,0,0,0,2,0,0,1,1,0,0,0,0,0,0,0,0,5,1,0,0,0,0,2,0,0,0,0,0,0,5,0,0,0,2,0,0,3,2,1,0,0,0,0,0,0,0,0,0,0,0,0,0,0,0,0,2,0,0,5,0,5,0,0,0,0,0,0,3,0,0,0,0,0,0,0,0,0,2,0,6,1,0,0,0,0,0,3,0,0,0,0,0,0,0,0,0,0,0,0,0,0,0,0,0,0,0,0,0,0,0,0,0,0,0,0,0,0,0,0,0,2,0,0,0,0,0,2,0,0,0,0,0,0,0,0,0,0,0,1,0,0,0,1,2,0,0,0,0,0,0,0,0,0,0,0,0,0,0,0,0,0,0,0,0,0,0,0,0,0,0,4,1,0,0,3,0,0,1,0,1,0,0,0,0,0,1,2,0,0,0,0,0,0,0,0,0,0,0,3,0,0,5,0,1,0,0,0,0,0,0,0,0,0,0,0,0,0,0,0,0,0,0,0,0,0,0,0,0,0,1,0,0,0,0,0,0,6,0,0,1,0,0,0,0,0,1,0,1,0,0,0,0,0,0,0,0,0,0,0,0,0,0,0,0,0,0,0,0,1,0,0,0,0,0,0,0,0,0,0,0,0,1,0,0,10,0,0,6,0,0,1,0,0,0,1,0,1,0,0,0,0,0,1,0,0,0,0,0,0,0,0,0,0,0,0,4,0,0,0,0,0,3,0,0,1,0,0,0,0,0,0,0,0,0,1,0,0,0,0,2,0,0,1,0,0,0,0,0,0,0,0,0,0,0,0,4,0,0,0,0,0,1,0,0,0,0,0,0,1,0,4,0,0,0,1,0,0,0,0,0,0,0,0,0,0,0,3,5,2,0,0,0,0,0,0,0,0,5,0,0,0,0,0,0,0,0,4,0,4,0,0,0,0,0,0,0,0,0,0,0,0,0,0,0,0,0,0,0,0,0,0,3,0,0,0,0,0,8,0,0,0,0,0,0,0,0,0,0,0,0,0,0,0,0,0,0,1,0,0,0,0,0,0,0,0,0,2,0,0,0,0,4,4,2,0,0,0,0,2,0,0,0,4,0,0,0,0,0,0,0,0,0,0,0,0,0,0,0,1,0,0,0,0,0,0,2,0,2,0,2,0,0,0,3,0,0,0,0,0,0,0,0,1,0,0,0,0,0,0,0,1,0,0,0,0,0,0,0,0,0,0,0,0,0,0,0,0,2,0,0,0,0,1,0,0,0,0,4,0,0,0,0,0,2,0,0,0,1,0,0,2,0,0,0,0,0,0,0,6,0,0,1,1,0,0,0,0,1,0,0,0,0,1,3,0,3,0,0,0,0,0,1,0,0,0,0,1,0,0,4,0,0,0,0,0,0,0,1,0,0,0,0,0,0,0,0,0,0,0,0,1,0,0,0,2,18,0,0,0,0,0,0,0,0
TKT,3,0,0,0,0,1,7,0,0,1,3,0,2,0,1,2,1,0,2,0,0,2,6,3,0,1,1,0,0,0,0,0,0,1,0,0,0,2,0,0,0,0,3,0,0,0,1,3,0,0,0,1,2,0,2,4,1,0,0,0,4,0,0,6,0,0,0,0,4,0,0,6,0,0,3,0,0,6,5,2,1,0,0,2,1,0,0,3,0,2,0,0,1,3,0,5,0,0,4,6,0,0,5,0,0,2,1,0,5,0,0,0,1,3,0,1,0,1,2,0,1,2,2,0,0,1,0,0,5,0,0,0,0,1,0,0,0,2,3,0,1,0,0,0,9,0,3,2,2,0,6,1,0,0,0,0,1,0,0,1,0,0,2,3,1,1,1,0,4,10,1,0,1,1,1,1,0,2,4,1,0,0,0,0,1,2,0,2,6,3,4,2,0,0,0,0,0,0,0,0,0,1,3,1,0,0,0,0,0,2,0,0,1,0,0,0,0,0,1,4,1,0,0,0,2,0,0,1,0,1,0,2,7,1,5,0,0,0,0,0,2,0,0,0,0,1,1,3,4,4,1,4,0,0,0,0,1,0,1,3,3,0,0,8,0,0,0,1,1,1,0,6,2,0,0,0,0,3,6,0,3,1,0,0,0,0,0,0,1,1,1,0,5,0,0,1,0,1,6,0,0,0,0,0,3,0,0,0,6,0,0,0,0,0,2,0,1,1,0,1,1,0,2,0,0,0,3,0,0,0,1,2,0,0,1,0,0,5,1,1,5,0,0,0,0,0,0,2,2,7,2,0,3,2,0,2,0,1,1,0,0,0,0,0,0,0,4,0,0,0,0,3,0,0,1,4,1,0,1,2,0,0,2,1,0,0,0,1,0,1,1,9,2,2,0,1,3,0,0,4,4,0,1,1,8,1,0,1,1,0,1,1,1,0,1,1,0,0,0,0,0,1,2,1,5,0,0,1,0,0,0,0,0,0,1,0,0,0,0,4,1,0,1,0,2,3,0,0,0,0,1,0,5,0,2,1,0,2,9,0,1,0,0,0,3,2,0,0,2,2,4,3,1,1,0,0,6,1,0,0,10,0,0,0,4,0,0,0,1,1,0,0,1,0,0,0,0,1,0,0,2,4,0,0,0,0,1,7,0,0,0,0,0,1,1,1,0,0,0,2,0,0,1,1,5,3,1,1,7,2,1,0,0,0,2,7,0,3,0,0,12,1,0,0,0,1,4,0,1,0,1,4,1,0,0,2,1,0,0,1,0,0,0,1,1,1,0,1,0,0,2,0,0,0,1,3,1,0,2,0,0,0,0,2,0,1,1,0,1,4,0,0,0,1,0,0,0,0,0,1,1,1,1,0,0,2,6,0,0,0,1,0,0,0,2,0,0,0,7,5,0,0,0,0,0,0,1,3,0,0,1,0,0,1,0,0,1,1,1,0,0,0,2,2,0,0,0,1,0,0,0,0,0,0,0,0,0,1,1,5,1,0,1,0,2,0,1,0,0,0,0,1,1,0,1,0,0,6,0,1,0,7,1,1,0,0,0,0,2,0,1,0,1,0,2,1,0,0,0,2,1,1,0,0,0,1,0,0,1,9,1,0,0,2,4,0,0,0,0,0,1,0,0,0,0,1,0,0,0,1,1,1,0,2,0,2,3,1,0,0,0,1,1,3,0,0,0,0,0,0,0,0,0,0,0,0,0,0,0,0,0,2,0,0,1,0,0,0,2,1,0,1,0,0,0,1,1,0,3,1,1,1,2,0,5,4,0,1,1,0,0,0,0,0,4,0,1,0,0,1,2,0,0,0,0,0,0,0,0,0,0,1,0,3,0,1,1,0,0,0,0,0,4,0,0,2,0,0,0,1,1,0,0,2,0,0,0,1,7,0,1,4,1,0,2,1,1,2,0,1,0,1,5,0,0,1,0,1,0,0,0,0,0,0,0,0,1,1,1,0,2,2,5,0,0,0,0,0,1,2,0,0,2,2,2,0,0,0,0,0,0,0,1,1,5,3,0,0,0,0,1,0,1,0,0,0,0,0,1,0,3,0,0,0,3,0,0,0,1,1,0,1,3,0,0,4,1,0,1,1,0,0,0,0,1,1,1,6,0,1,0,1,4,1,1,1,0,2,1,3,1,2,2,0,0,0,2,0,0,7,1,0,0,0,2,2,0,0,3,0,1,10,7,0,0,0,0,0,5,1,1,0,0,9,0,1,0,0,0,1,1,1,0,0,0,0,0,0,1,1,0,2,0,1,0,0,0,0,2,0,1,1,4,0,0,1,1,0,2,0,0,1,0,1,0,0,2,2,1,0,2,1,1,0,0,10,1,9,5,0,0,0,0,0,1,1,0,0,2,0,0,0,0,1,0,1,2,1,1,0,1,0,0,2,0,0,5,3,0,2,11,0,0,0,1,0,1,1,4,6,2,0,2,0,0,0,1,1,0,0,2,2,0,3,0,2,0,0,2,0,1,2,1,2,4,1,0,0,1,0,0,0,1,2,1,0,1,1,0,0,0,0,4,1,0,0,0,1,1,1,0,1,0,0,0,0,1,0,0,1,0,0,3,1,1,0,0,2,0,0,2,1,0,2,0,0,0,0,0,0,0,1,0,1,0,1,0,1,0,0,0,1,0,0,0,1,0,0,0,4,3,2,2,0,0,0,1,0,0,6,1,1,0,0,1,1,1,0,0,0,0,1,0,1,0,1,0,7,1,2,0,0,0,14,1,3,9,0,0,0,0,5,0,3,0,0,2,5,0,1,4,2,0,1,1,2,6,0,1,0,0,1,0,2,2,0,0,11,0,0,0,1,1,3,0,2,5,0,0,1,0,2,1,4,0,1,0,1,0,0,0,0,0,0,0,0,6,1,1,1,2,0,1,1,0,1,2,3,1,2,0,0,1,0,0,0,2,1,1,0,2,1,0,0,0,1,2,1,0,1,0,0,1,0,2,0,0,0,1,0,0,6,0,1,0,1,0,0,0,4,0,1,0,0,0,0,0,0,4,0,2,1,0,0,0,0,0,0,3,0,0,2,1,0,3,0,2,0,1,1,1,2,0,8,0,8,0,2,0,2,1,1,0,0,5,0,3,0,0,5,0,0,0,0,0,1,1,0,0,0,9,0,0,1,2,2,0,4,0,9,0,1,0,1,0,7,1,1,1,0,1,0,0,0,2,0,0,4,0,0,1,0,6,6,0,0,0,3,0,1,0,0,0,0,0,0,0,1,1,1,0,0,0,0,2,1,1,0,0,0,0,0,3,0,0,7,1,1,0,1,0,0,3,0,0,0,3,2,1,0,2,0,0,4,5,0,0,0,1,9,0,0,1,1,0,2,0,3,5,0,0,2,2,1,0,1,0,1,7,2,0,2,0,0,5,0,1,0,0,3,0,0,1,0,3,0,0,0,0,0,0,0,2,0,6,0,0,3,1,1,1,0,0,0,1,0
CD68,0,0,0,0,0,2,0,0,0,1,2,0,5,0,0,7,0,0,1,0,0,0,3,0,0,0,0,0,0,0,0,0,0,2,0,0,0,0,0,0,1,0,1,0,0,0,0,2,0,0,0,0,1,0,0,1,0,0,1,0,1,0,0,1,0,0,0,1,0,0,0,0,0,0,1,0,0,7,0,3,0,0,1,3,0,0,0,0,0,1,4,0,0,2,0,4,0,0,1,1,0,1,0,0,0,0,0,0,1,0,0,0,1,1,0,0,0,0,2,0,0,1,1,0,1,0,0,0,5,0,0,0,0,0,0,0,0,0,2,0,0,0,0,0,2,1,2,0,0,0,2,0,0,0,0,0,0,0,0,0,0,0,6,1,0,0,1,0,5,2,0,0,0,0,0,0,0,0,3,0,0,0,0,0,2,0,0,0,3,2,15,0,0,0,0,1,0,0,1,0,2,0,3,0,0,0,0,0,0,0,0,0,0,0,0,0,0,0,3,1,0,0,3,0,0,0,0,0,0,0,0,0,8,2,2,0,0,0,0,0,1,0,0,0,0,0,0,4,2,2,0,2,0,0,0,0,0,0,0,0,0,0,0,0,0,0,0,0,0,0,0,0,1,0,0,0,0,3,2,0,0,0,0,0,0,0,0,0,0,0,0,0,2,0,0,0,0,0,4,0,0,0,0,0,0,0,0,1,3,0,0,0,0,0,0,0,0,0,0,0,0,1,4,0,0,0,0,0,0,0,0,3,0,0,1,0,0,1,0,5,7,0,1,0,1,0,0,0,0,2,2,0,3,0,0,0,0,0,2,0,0,0,0,2,0,0,3,0,1,0,0,0,0,0,0,1,0,0,0,3,0,0,0,0,0,0,0,0,1,1,0,9,0,7,0,0,1,0,0,5,1,0,0,0,2,0,0,1,0,0,0,0,1,0,0,5,0,0,0,0,4,0,0,0,2,0,0,0,0,0,0,0,0,0,1,0,2,0,0,3,0,0,1,0,0,5,0,0,0,0,0,0,1,0,3,0,0,1,0,2,4,0,0,0,1,4,0,0,0,1,2,4,0,0,0,4,2,0,0,0,4,0,0,0,5,0,0,0,0,0,0,0,0,0,0,0,0,0,0,0,2,0,0,0,0,0,1,0,0,0,0,0,0,0,1,0,0,0,0,1,0,0,0,1,1,0,0,0,2,0,0,0,0,0,1,2,0,0,0,0,0,0,0,0,0,1,0,0,7,0,0,1,0,0,1,0,0,2,0,0,0,0,0,0,1,0,0,0,0,0,0,0,0,0,0,2,0,0,1,0,0,0,0,3,1,0,0,0,0,1,0,0,0,5,0,0,0,0,0,0,0,1,1,0,0,0,2,0,0,0,0,0,0,0,0,0,0,0,1,1,0,0,0,0,0,0,0,3,0,0,0,0,0,0,0,0,0,0,0,0,0,0,0,0,0,0,4,0,0,2,0,0,0,2,0,2,0,0,0,1,1,0,0,0,0,0,0,0,0,0,0,0,2,0,0,0,0,3,0,0,0,0,0,1,1,0,0,0,2,0,0,0,0,0,0,0,0,0,0,0,0,0,0,0,0,1,0,0,0,1,0,0,0,0,2,0,0,0,0,0,0,0,0,0,1,0,0,0,0,0,0,0,0,0,1,0,0,0,0,0,0,0,0,0,0,0,0,0,0,0,0,0,0,0,0,0,0,0,0,0,0,2,0,0,1,0,0,0,0,0,0,0,0,0,2,0,0,0,0,0,1,0,0,0,1,5,0,0,0,0,0,0,0,0,1,1,0,0,0,0,0,0,0,0,0,0,0,0,0,0,0,0,0,1,0,0,6,0,0,1,0,0,0,0,0,0,0,0,0,1,0,0,0,1,0,0,0,0,1,0,4,1,0,0,0,0,0,0,0,0,0,0,0,0,0,0,1,3,0,0,0,0,0,0,0,0,0,0,0,0,0,0,6,0,0,0,0,0,0,1,0,0,5,4,4,0,1,0,0,0,0,0,0,0,0,0,0,1,0,0,1,0,0,0,0,0,0,0,1,2,2,0,0,0,2,0,0,0,0,0,0,1,4,0,3,2,0,0,2,0,0,0,0,0,0,0,0,12,0,0,0,0,0,0,0,0,0,2,0,0,0,0,5,0,0,0,0,0,0,3,0,0,0,0,2,2,0,0,0,0,0,0,0,0,0,0,0,0,1,0,0,0,0,5,0,0,0,0,0,0,0,0,0,0,0,0,0,0,0,0,0,1,0,0,0,0,0,0,0,0,0,0,1,0,0,0,0,0,5,0,0,0,0,0,0,0,0,1,0,0,1,3,0,0,0,0,0,3,0,0,0,0,0,0,0,0,0,0,0,0,0,0,0,0,0,0,1,0,0,0,0,0,2,12,2,1,1,1,0,1,4,0,1,7,0,3,0,0,1,3,6,0,0,0,0,0,0,0,0,0,2,0,0,3,0,0,0,0,1,0,0,0,4,1,4,0,0,0,0,0,0,0,0,0,0,0,0,0,0,0,0,0,3,0,0,1,0,1,1,1,0,0,0,0,0,0,0,0,0,0,0,0,3,0,0,0,0,0,2,0,1,0,0,4,0,0,0,0,0,0,0,0,0,0,0,0,0,0,0,0,0,0,0,0,1,0,1,0,0,1,0,0,2,0,0,0,0,0,0,4,0,0,0,0,0,0,0,0,0,0,0,0,0,0,0,0,0,4,0,3,0,0,0,15,0,0,10,0,0,0,0,1,0,0,0,0,0,1,0,0,4,0,0,0,0,3,2,0,0,0,0,0,0,0,0,0,0,0,0,0,2,0,0,0,0,0,3,0,0,0,0,0,1,1,0,0,0,0,0,0,0,1,0,0,0,0,2,0,1,2,0,1,1,0,0,1,0,0,2,3,0,0,0,0,0,0,0,0,0,0,1,0,0,1,0,0,1,0,0,0,0,0,0,0,0,0,0,0,0,0,0,2,0,0,0,0,0,0,0,3,0,0,0,0,0,0,0,0,0,0,1,0,0,0,0,0,0,0,1,0,0,0,1,0,8,0,0,0,0,0,0,9,0,1,0,7,0,0,0,0,0,1,0,0,1,0,0,0,0,1,0,0,0,0,0,1,0,0,0,4,9,0,0,0,0,1,0,0,0,2,0,0,0,0,0,0,0,0,0,0,1,0,0,0,0,0,0,1,0,0,1,0,3,3,0,0,0,0,0,0,0,0,0,0,0,0,0,0,1,1,0,0,0,0,0,0,0,0,0,0,0,1,0,0,0,0,0,0,0,0,0,0,1,0,0,0,3,0,1,0,1,0,0,5,1,0,1,0,0,4,0,0,0,0,0,1,0,3,7,0,0,0,0,1,0,0,0,0,4,0,0,1,0,0,0,0,0,0,0,0,0,0,0,0,0,0,1,0,0,0,0,1,2,0,2,0,0,1,0,0,0,0,0,0,0,0
RPL3,36,9,25,9,17,11,18,53,21,21,26,21,21,40,35,56,19,18,11,29,28,44,19,14,23,8,23,45,30,46,32,27,46,34,9,6,52,42,32,17,51,43,15,70,23,18,41,11,37,32,22,45,6,31,25,8,11,42,34,15,43,22,16,6,33,17,32,1,10,24,16,84,38,4,10,11,8,16,6,25,35,16,10,7,11,59,28,32,18,28,28,23,32,12,34,21,18,19,8,64,16,28,13,26,22,7,11,11,28,20,22,47,4,31,30,64,17,36,9,15,12,4,12,6,46,31,15,11,19,23,11,33,17,15,26,26,19,31,5,15,17,24,31,48,59,9,7,15,76,10,20,6,23,41,14,44,14,17,12,3,19,32,23,5,7,31,11,42,27,49,38,9,82,29,17,7,38,23,15,47,24,23,26,16,9,44,32,41,6,13,29,34,16,35,55,33,14,9,1,46,8,28,20,12,31,9,13,59,25,36,19,13,13,6,26,9,39,40,33,27,12,20,23,22,76,6,18,9,42,16,53,14,23,37,8,15,23,14,40,17,11,19,25,5,29,15,25,10,20,5,23,3,19,15,10,39,21,48,14,21,21,17,32,24,36,23,16,18,47,31,11,55,12,5,23,18,16,42,20,31,12,6,41,37,44,43,38,22,29,23,33,30,16,16,26,11,17,27,17,16,24,29,23,34,11,10,33,4,27,24,33,11,13,23,25,18,24,66,32,32,14,5,8,17,21,20,7,79,18,39,25,25,42,8,12,29,20,6,51,17,42,26,7,53,46,28,16,11,23,23,23,32,31,32,18,10,29,74,26,2,24,26,24,11,6,26,91,27,28,35,14,7,6,15,11,65,38,50,35,23,6,6,36,17,45,4,39,34,19,5,49,26,15,17,19,10,37,34,7,8,14,35,14,34,7,49,20,16,26,28,39,40,8,31,45,51,21,10,34,32,14,49,32,7,11,30,19,20,17,26,6,51,39,20,15,20,3,12,33,28,11,53,53,45,30,58,14,33,28,16,10,29,16,22,23,34,15,38,18,29,34,49,29,20,30,21,37,30,4,6,3,13,15,45,35,13,8,25,15,10,10,30,13,34,16,49,23,53,42,14,27,34,18,34,13,7,32,34,18,11,6,9,33,7,40,28,26,49,13,22,6,18,15,25,21,20,14,15,28,9,36,41,36,10,10,21,16,21,23,36,9,36,16,17,35,23,22,43,26,49,154,38,31,7,26,27,22,19,59,24,82,49,9,11,10,20,13,17,29,27,11,47,18,14,26,38,17,37,34,13,32,9,33,21,40,25,25,31,5,25,16,7,26,14,25,37,40,9,12,9,20,22,5,25,35,27,45,20,29,14,32,30,6,10,42,59,7,32,21,16,20,18,11,34,72,28,29,16,11,13,50,50,23,8,14,6,34,21,26,46,12,34,16,16,1,17,27,49,33,21,27,0,44,40,14,18,62,49,36,5,13,18,20,7,10,13,23,23,14,22,17,36,13,12,34,12,8,10,34,38,34,55,13,16,43,34,6,19,35,19,4,49,33,50,5,58,13,36,6,31,22,28,34,16,29,32,21,21,14,5,5,32,29,15,17,13,39,27,21,90,20,30,16,48,18,36,19,35,24,26,25,17,23,54,15,34,14,33,7,30,22,19,15,18,35,38,8,43,15,14,8,25,29,6,38,10,10,20,30,12,15,24,23,43,23,32,30,11,32,53,18,4,14,28,9,19,29,7,42,33,31,27,32,22,4,7,17,25,6,34,7,11,18,28,9,15,5,39,61,31,25,34,20,6,25,13,24,55,4,24,39,16,9,22,36,26,15,18,16,14,34,5,18,7,26,33,14,9,24,9,19,6,41,34,13,54,32,16,25,6,33,13,15,9,28,29,20,47,7,51,5,21,27,21,37,51,22,78,14,30,16,3,2,28,16,12,9,9,36,27,37,39,40,16,39,12,38,10,23,24,38,7,30,15,26,22,10,48,6,10,14,15,14,38,20,28,42,19,30,25,28,18,16,5,6,14,59,32,32,20,20,37,29,54,36,14,24,28,53,14,20,9,25,36,9,21,17,22,38,32,8,53,7,18,30,21,11,41,7,46,13,48,30,19,20,22,31,19,19,10,24,27,22,16,15,38,27,5,42,36,2,29,14,29,12,12,38,26,29,10,34,14,14,6,4,21,23,8,39,1,44,89,10,16,36,28,42,19,14,38,16,14,27,64,27,29,17,19,22,21,25,41,21,21,19,17,14,27,15,24,17,16,72,11,37,20,30,30,3,39,34,18,14,28,34,26,18,14,21,55,16,13,19,37,24,25,36,8,22,46,58,82,22,45,21,16,32,36,10,30,34,9,27,7,27,18,12,14,25,22,28,4,46,18,34,30,12,13,44,34,42,32,10,25,4,26,14,6,17,10,13,42,5,12,22,32,49,20,14,17,40,3,23,25,9,15,3,42,28,12,4,49,24,49,25,3,18,28,6,34,47,26,26,8,15,33,27,33,14,16,29,28,34,35,19,28,4,22,19,39,26,14,21,21,21,39,11,50,9,28,21,3,27,32,15,20,16,65,15,22,29,33,18,8,48,20,12,22,40,23,16,22,15,44,18,19,32,13,36,10,42,31,10,6,34,19,15,32,16,12,59,18,28,65,49,8,17,29,16,52,39,35,18,29,28,24,18,33,6,11,47,31,12,17,23,29,9,22,23,37,20,43,30,37,16,23,27,28,37,12,14,28,13,22,35,17,21,18,26,14,30,20,19,46,27,59,9,13,53,46,15,20,21,12,25,33,40,10,37,25,15,51,40,18,39,19,21,64,24,33,17,44,4,4,15,57,11,21,34,18,44,33,28,20,14,12,17,16,16,21,31,7,8,29,22,29,40,28,9,13,20,48,38,50,11,8,21,30,11,25,26,26,20,19,6,30,10,32,13,29,19,14,23,5,19,31,19,31,21,29,15,18,31,14,54,19,29,33,7,25,31,17,3,8,33,40,24,35,33,22,37,26,23,13,17,32,27,18,86,21,6,34,29,7,18,20,18,38,25,9,27,76,31,14,4,20,38,6,9,20,31,18,18,12,3,14,15,35,14,62,7,10,33,36,56,28,13,26,26,22,9,39,11,22,17,25,41,30,34,28,26,36,26,28,71,7,22,13,24,59,27,10,9,29,15,8,6,34,6,15,33,24,40,14,5,23,11,56,14,17,15,12,22,6,22,26,40,39,17,31,45,37,28,28,32,29,18,37,27,9,28,32,9,38,2,38,20,58,5,3,40,41,71,19,19,13,33,40,19,24,32,10,12,28,38,11,10,6,27,27,9,17,21,16,65,26,28,25,34,19,30,37,14,14,42,11,31,15,14,26,9,35,33,6,11,14,19,48,29,31,14,19,17,29,6,49,8,6,8,3,22,27,36,31,30,37,46,41,16,30,40,5,12,22,17,23,5,62,24,34,15,92,59,7,43,20
HLA.DMB,0,0,0,0,0,2,0,0,0,0,0,0,2,0,0,0,0,0,2,0,0,0,1,0,0,0,0,0,0,0,0,0,0,7,0,0,1,0,8,2,0,0,1,1,0,0,2,1,0,0,0,0,0,0,0,1,0,0,0,0,3,0,0,2,0,0,0,0,0,0,0,0,0,0,1,0,0,1,0,2,0,0,1,0,0,0,0,0,0,0,1,0,0,1,0,1,0,0,3,5,0,0,2,0,0,2,0,0,0,0,0,0,0,1,0,0,0,0,2,1,0,1,1,1,1,0,0,2,2,0,0,0,1,2,0,0,0,0,0,0,1,0,0,2,10,0,0,1,1,0,4,0,0,0,0,0,0,0,0,0,0,0,3,0,0,0,0,0,7,9,0,0,0,0,0,0,0,0,1,0,0,0,3,2,0,1,0,0,3,3,3,4,1,0,0,3,0,0,0,0,1,0,0,0,0,1,3,2,4,0,0,0,0,1,0,0,0,0,4,2,0,3,3,6,1,0,0,2,0,0,0,0,2,0,1,0,0,2,0,0,1,0,1,0,0,2,0,1,1,0,0,0,2,0,1,0,0,1,1,3,0,1,0,1,0,1,1,1,0,0,0,3,0,0,0,0,0,2,4,0,1,0,0,0,0,0,0,1,0,0,0,0,0,0,0,1,0,0,0,0,0,0,0,1,2,0,0,0,0,0,0,0,0,0,0,2,0,0,2,0,0,0,4,0,0,0,2,1,1,0,0,2,0,0,0,0,0,1,0,2,10,0,0,0,2,0,0,0,0,1,1,0,0,0,1,1,3,0,1,0,0,2,1,1,0,0,10,0,0,1,0,1,0,0,0,10,0,0,0,1,1,1,1,0,0,0,0,1,0,0,0,5,0,5,0,0,4,1,1,1,0,0,0,0,1,1,0,1,1,7,0,0,1,0,0,4,0,1,0,0,0,1,1,0,0,0,0,0,0,0,0,0,0,0,2,2,0,1,0,3,0,0,8,0,0,8,0,0,1,0,0,0,0,0,1,0,0,2,1,1,2,0,0,2,0,1,0,0,0,0,0,0,0,0,0,0,3,0,1,0,0,0,0,0,0,0,0,0,0,0,1,0,0,0,0,0,0,0,1,1,0,0,0,0,0,0,3,6,0,0,0,1,2,0,0,0,2,0,0,2,0,0,0,2,1,3,0,1,1,0,1,0,0,0,0,1,0,7,1,0,0,0,0,0,0,0,1,0,3,0,0,3,0,0,1,2,3,1,0,0,0,0,5,0,0,0,0,0,0,0,0,0,1,1,0,1,0,0,2,0,2,0,1,0,0,0,1,0,2,0,0,2,0,1,0,0,0,0,3,0,0,1,0,0,0,7,1,0,0,1,1,5,0,0,0,0,0,0,0,2,0,0,1,0,0,0,0,2,0,0,0,0,0,1,0,0,0,0,0,2,0,1,0,0,0,2,2,0,0,0,0,0,0,0,1,1,1,0,0,2,1,0,4,1,0,1,1,0,0,1,0,1,0,0,0,0,0,1,0,0,0,6,0,0,0,0,0,0,0,0,0,1,0,0,0,0,0,0,2,0,0,0,6,0,1,0,0,0,0,6,0,0,0,0,3,0,0,0,0,0,0,0,0,0,0,0,4,0,0,0,0,0,0,0,2,0,1,1,0,2,1,0,0,1,0,0,1,0,0,0,0,0,0,0,2,0,0,2,0,0,2,0,4,0,0,4,0,0,0,0,0,0,0,0,0,2,0,0,0,0,0,1,0,0,1,0,0,0,0,0,0,0,0,1,0,0,0,0,0,0,0,0,3,0,0,0,1,1,1,0,0,0,0,0,0,0,1,0,0,0,0,0,8,0,2,0,0,1,0,0,0,0,1,0,0,0,0,0,2,3,1,1,0,0,0,4,0,0,0,0,1,0,0,0,0,0,0,1,1,1,0,0,0,0,1,0,0,1,0,0,1,0,3,0,0,0,0,0,1,0,0,0,0,2,1,0,2,0,3,4,0,0,1,0,0,0,3,0,8,0,1,0,0,0,0,1,0,0,8,3,1,1,0,0,1,0,4,0,0,0,0,8,4,0,1,3,1,0,1,0,0,2,0,3,1,0,0,6,0,0,3,0,0,0,0,0,0,1,0,0,0,0,0,0,0,0,1,0,0,2,0,0,0,0,0,0,0,0,1,0,0,3,0,0,0,2,1,0,0,0,0,0,0,13,0,0,0,0,0,0,0,0,0,0,0,0,0,0,2,0,0,1,0,0,0,0,0,0,0,0,0,0,0,0,0,0,2,2,2,0,2,1,0,0,0,1,0,0,0,0,8,6,0,0,0,0,0,2,1,0,0,0,0,0,0,0,0,0,0,0,0,0,0,0,0,3,0,0,0,0,0,0,1,1,0,0,0,0,0,1,0,0,0,2,0,0,0,1,0,1,0,0,0,0,0,0,0,0,2,2,0,0,0,7,0,0,0,0,0,0,0,0,2,0,0,0,0,0,1,0,0,0,0,0,2,0,3,1,0,0,0,0,1,0,2,0,1,0,0,2,0,0,0,2,0,0,1,1,0,0,0,0,1,0,1,1,0,0,1,0,1,1,0,5,1,0,0,1,0,0,0,0,0,1,0,0,3,0,0,0,1,0,0,1,1,0,2,0,1,6,0,0,0,0,0,1,0,0,1,1,0,0,0,0,0,0,1,0,8,0,0,1,0,0,0,0,0,6,0,3,2,0,0,1,0,0,0,0,0,0,0,1,0,0,4,1,0,0,1,0,0,2,0,0,0,0,0,0,0,0,1,0,0,0,0,2,2,1,2,0,1,1,3,0,1,0,1,0,0,0,0,0,7,1,0,2,0,1,0,0,0,1,0,0,0,0,0,0,1,0,2,0,7,0,0,1,1,0,1,2,2,0,0,0,0,1,0,0,2,0,0,1,0,0,0,0,0,0,0,0,2,0,0,0,0,0,0,0,0,1,0,0,0,1,2,1,0,4,0,0,1,0,0,3,0,0,0,0,1,1,1,0,0,0,0,0,0,0,0,0,1,1,0,0,0,0,1,0,1,0,0,1,0,1,1,1,0,0,1,0,0,0,0,0,3,0,0,0,0,0,0,0,0,0,4,2,2,0,0,1,5,0,0,0,0,1,0,1,0,10,0,1,0,0,0,0,0,0,1,0,0,0,0,0,1,0,0,6,0,0,1,0,1,3,0,0,0,0,1,0,0,0,0,0,0,0,0,0,0,0,0,0,0,0,0,0,0,0,0,1,0,0,0,0,0,0,0,1,0,0,0,0,0,0,0,0,0,0,0,0,1,0,3,0,9,0,0,0,0,2,0,1,0,0,0,1,0,0,2,0,0,0,0,0,0,0,0,0,1,0,0,0,0,0,0,0,1,0,0,0,0,0,0,0,0,0,1,0,0,0,0,0,0,0,0,0,0,6,0,0,0,0,0,0,1,0
JCHAIN,0,0,0,0,0,0,0,0,0,0,2,0,0,0,0,0,0,0,0,0,0,0,0,0,0,0,0,0,0,2,0,0,2,24,0,0,0,0,0,0,0,0,0,0,0,0,0,0,0,0,0,0,0,0,0,0,0,0,0,0,0,0,0,0,0,0,0,0,0,0,0,0,0,0,0,0,0,0,0,0,0,0,0,0,0,0,0,4,0,0,16,1,0,0,0,0,0,0,0,149,0,0,0,0,0,0,0,0,0,0,0,0,0,0,0,0,0,0,0,0,0,0,0,0,0,0,0,0,0,0,0,0,0,0,0,0,0,0,0,0,0,0,0,0,0,0,0,0,0,0,0,0,0,0,0,0,0,0,0,0,0,0,0,0,0,0,0,0,0,0,0,0,0,0,0,0,0,0,0,0,0,0,7,0,0,1,0,0,0,0,1,0,0,0,0,4,0,0,0,2,0,0,0,0,0,0,0,1,6,0,0,0,0,0,0,0,0,0,18,0,0,0,28,1,0,0,0,0,0,0,0,0,0,0,0,0,0,0,0,0,0,0,0,0,0,0,0,0,0,0,0,0,0,0,1,0,0,0,0,0,0,0,0,0,0,0,0,0,0,0,0,0,0,0,0,0,0,0,0,0,0,0,0,0,0,0,0,0,0,0,0,0,0,0,0,0,0,0,0,0,0,0,0,0,0,0,0,0,1,0,0,0,0,0,0,0,0,1,0,0,0,0,0,0,0,0,0,0,0,0,0,0,0,0,0,0,0,0,0,0,0,0,0,0,0,0,0,0,0,0,0,0,0,0,0,0,3,0,0,0,0,0,0,0,0,0,0,0,0,0,0,0,0,0,1,0,0,0,0,0,0,0,0,0,0,0,0,1,0,0,0,0,0,0,0,0,0,0,0,0,0,0,0,0,0,0,0,0,0,0,0,0,0,0,0,0,0,1,0,0,0,0,0,0,0,0,0,0,0,0,0,0,0,0,0,2,0,0,0,0,0,0,0,0,0,0,0,0,0,0,0,0,0,0,0,0,0,0,0,3,24,0,0,0,0,3,0,0,0,0,0,0,0,0,0,0,0,0,0,0,0,0,0,0,0,0,0,0,0,0,0,0,0,1,0,0,0,0,2,0,0,0,0,0,0,0,1,0,0,0,0,0,0,0,0,0,0,0,0,0,0,0,0,0,0,0,0,0,0,0,0,0,0,0,0,0,0,0,0,0,0,0,0,0,0,0,1,0,0,0,0,0,0,0,0,0,0,0,0,0,0,0,0,0,0,0,0,0,0,2,0,0,0,0,0,0,0,0,0,0,0,0,0,0,0,0,0,0,0,0,0,0,0,0,0,1,0,0,3,0,0,0,0,0,0,0,0,0,0,0,0,0,0,0,0,0,0,0,0,0,0,0,0,0,0,0,0,0,0,0,0,0,0,0,0,0,0,0,0,0,0,0,0,0,0,0,20,0,0,0,0,0,0,0,0,0,1,0,0,0,0,1,5,1,0,0,0,0,0,3,0,0,0,0,0,0,0,0,0,0,0,0,0,0,0,0,0,0,0,0,0,0,0,0,0,0,0,0,0,0,0,0,13,0,0,0,0,0,0,0,1,0,0,0,0,0,0,1,0,0,0,0,0,0,0,0,0,0,0,0,0,0,0,0,25,0,0,1,0,0,0,1,0,1,0,0,0,0,0,0,0,0,0,0,0,0,0,2,0,0,0,0,0,0,0,2,0,0,0,0,0,0,0,0,0,0,0,0,0,0,0,0,0,0,0,0,0,0,0,0,0,0,0,0,0,0,0,0,0,0,0,0,0,0,0,0,0,1,0,0,0,0,0,0,0,0,0,0,1,0,0,0,0,0,0,0,0,0,0,0,0,0,0,0,0,0,0,0,0,2,0,0,0,0,0,0,0,0,0,0,0,0,0,0,1,0,0,0,0,1,0,0,0,0,1,0,0,0,0,0,0,0,0,0,0,0,0,0,1,0,0,0,0,0,0,0,0,1,0,6,0,0,0,0,0,0,0,0,0,0,0,0,0,0,0,0,0,0,0,0,0,0,0,0,0,0,0,0,0,7,0,0,0,0,23,0,0,0,0,0,0,0,0,1,0,0,0,0,0,0,0,0,0,0,0,0,0,0,0,0,0,0,0,0,0,0,0,0,0,0,0,0,0,0,0,0,0,0,2,1,0,0,0,0,0,0,0,0,0,0,0,0,0,0,0,0,0,0,0,0,0,0,0,0,0,0,0,0,0,0,0,0,0,0,0,0,0,0,0,0,0,0,0,0,0,0,0,0,0,0,0,0,0,0,0,0,0,0,0,0,0,0,0,0,0,0,0,0,0,0,0,0,0,0,0,0,0,0,0,0,0,0,0,0,0,0,0,0,0,0,0,0,0,0,0,0,0,0,0,0,0,0,0,0,0,12,0,0,0,0,25,0,0,0,0,0,0,0,2,0,0,0,0,0,0,0,0,0,0,0,0,0,0,0,0,0,0,0,2,0,0,0,0,0,0,0,0,0,0,0,0,0,1,0,0,0,0,0,0,0,0,0,0,0,0,0,0,0,0,0,0,0,0,0,0,1,0,0,29,0,0,1,7,0,0,0,0,0,0,0,0,0,0,0,0,0,0,0,0,0,0,0,0,0,12,0,0,0,0,0,0,0,0,0,0,0,0,0,0,0,0,0,0,0,0,0,0,0,2,0,0,0,0,0,0,0,0,0,0,0,0,0,0,0,0,1,0,0,0,0,0,0,0,0,0,0,0,0,0,0,0,0,0,0,0,22,0,0,0,1,0,0,0,0,0,0,0,0,1,0,0,0,0,0,0,0,0,0,0,0,0,0,0,0,1,0,0,0,0,0,0,0,0,0,0,0,0,0,0,0,0,0,0,0,0,0,0,0,0,0,0,0,0,0,0,0,0,0,0,0,0,0,0,0,0,0,0,0,0,0,0,0,0,0,0,0,3,0,0,2,0,0,0,0,3,0,0,0,0,0,0,0,0,0,0,0,0,0,0,6,0,0,0,0,0,0,0,0,0,0,0,0,0,0,0,0,0,0,0,0,0,0,1,0,0,0,0,0,0,0,0,0,0,0,0,0,9,0,0,0,0,0,0,0,0,0,0,0,0,16,0,0,0,0,0,0,0,0,2,0,0,0,0,0,0,0,0,0,0,7,0,0,0,0,0,0,0,0,0,0,0,0,0,0,0,0,0,0,0,0,0,0,0,0,0,0,0,0,0,0,0,0,0,0,0,0,0,0,0,0,0,0,0,0,0,0,0,0,0,0,0,0,0,0,0,0,0,0,0,0,1,0,0,0,0,0,0,0,0,0,0,0,0,0,0,0,0,0,0,0,0,0,0,0,0,0,0,1,0,0,0,0,0,0,0,0,0,0,0,0,0,0,0,0,0,0,0,0,0,0,0,0,0,0,0,0,0,0,0,0,0,0,0,0,0,0
IFITM1,1,3,1,2,0,0,0,1,0,0,0,3,0,0,0,4,1,1,0,1,2,4,0,0,1,0,3,0,2,0,0,1,0,0,2,0,3,1,0,0,2,2,0,1,1,0,0,0,0,2,0,0,1,3,5,0,0,0,2,3,0,1,1,0,3,2,0,0,0,1,0,0,0,0,0,0,2,0,0,0,2,1,0,0,0,0,1,0,0,1,0,1,2,0,4,0,0,0,0,0,1,2,1,2,1,0,0,3,0,1,1,1,0,1,1,6,0,4,1,2,0,0,0,0,0,0,0,0,0,0,0,5,0,0,1,3,0,1,0,1,0,0,0,0,1,2,0,0,2,1,0,1,0,2,2,4,0,2,1,0,0,2,2,0,1,2,1,1,0,0,0,2,3,2,0,0,0,0,0,0,0,0,0,0,0,0,2,1,0,0,0,0,1,2,1,0,1,0,0,0,0,2,0,0,0,0,0,0,0,1,0,2,6,2,3,1,1,2,0,0,0,0,0,0,2,2,0,0,3,1,0,2,0,4,0,1,0,0,1,0,0,0,0,0,2,0,1,0,1,0,0,0,0,0,0,0,4,0,0,0,2,0,2,0,1,0,0,4,2,2,3,0,0,0,2,1,0,0,0,0,0,0,2,1,3,1,1,0,2,1,0,2,0,3,1,2,0,1,0,0,2,1,2,1,0,0,1,0,2,1,1,0,0,1,0,0,0,3,0,2,0,2,0,0,0,0,0,2,0,0,0,0,3,0,0,0,0,0,3,0,0,0,0,6,0,0,0,0,1,0,1,1,5,2,1,0,0,2,0,0,0,0,0,0,3,1,0,2,2,3,0,0,0,1,0,0,0,2,2,0,0,0,1,1,0,1,0,0,4,2,0,1,2,0,1,0,0,0,1,0,0,2,1,3,0,2,1,0,0,0,6,2,0,3,0,0,1,0,0,0,1,2,8,1,0,1,0,0,0,2,0,0,0,0,1,0,0,1,2,0,0,2,0,0,2,0,2,3,0,0,6,1,0,1,0,4,0,0,0,0,0,1,3,0,0,0,1,1,0,0,0,0,1,1,1,1,0,0,0,0,0,1,1,2,0,1,0,1,0,0,2,1,1,0,0,0,1,2,0,1,0,0,0,2,2,0,0,0,2,2,0,1,0,0,0,4,0,3,1,0,5,1,4,0,0,0,2,0,0,1,0,0,0,1,1,0,0,0,3,3,1,0,0,2,0,1,0,0,0,0,3,0,0,0,1,0,0,0,3,0,0,2,0,1,2,8,1,1,2,0,2,3,0,1,4,0,1,0,0,0,0,2,3,0,1,0,0,0,0,0,0,0,1,0,2,0,1,0,0,0,0,0,0,1,1,2,0,1,0,0,0,0,2,2,2,1,3,0,0,0,3,1,0,0,4,0,0,0,1,1,0,1,2,6,0,0,3,3,0,0,0,0,0,1,1,0,0,1,1,0,0,0,0,0,0,0,0,0,0,0,0,0,0,3,2,1,0,1,2,0,1,0,0,2,8,0,1,0,1,1,0,0,1,2,0,6,0,4,0,0,2,1,4,0,1,1,0,2,0,0,1,2,0,1,0,0,1,0,1,0,3,2,0,0,0,0,0,2,1,0,0,0,1,2,0,4,0,3,0,0,1,1,0,0,0,0,0,1,0,0,0,1,2,0,1,2,0,0,0,0,2,2,0,1,1,0,1,0,1,1,0,0,0,3,0,0,0,1,1,3,1,0,2,1,2,0,0,1,0,4,0,2,0,1,0,0,3,0,2,0,1,2,1,0,0,1,1,1,0,0,2,0,0,0,1,0,1,0,0,1,2,0,0,0,3,2,0,1,2,2,1,0,0,0,0,4,2,0,1,0,0,2,0,1,0,3,0,1,0,0,0,0,0,3,0,0,0,5,2,0,3,0,0,1,2,0,0,0,2,0,1,1,0,0,1,0,1,0,2,1,0,0,0,0,0,1,0,0,0,0,0,0,0,0,0,1,0,0,0,0,4,0,6,0,0,1,0,0,0,1,0,1,2,1,0,0,0,0,0,0,0,0,0,0,0,3,0,1,0,0,0,0,0,1,0,0,2,1,0,1,0,0,0,0,0,0,1,1,5,3,0,0,1,2,0,0,0,0,2,0,0,1,0,1,0,1,0,5,2,0,1,0,0,2,0,0,0,1,0,0,1,0,0,2,0,1,1,3,0,8,0,3,0,0,0,0,1,0,2,0,0,1,1,0,0,8,0,1,0,0,1,0,2,0,3,0,0,1,0,1,4,0,0,1,0,0,0,0,0,3,0,0,0,2,0,0,3,0,0,1,0,0,0,1,1,0,0,0,0,0,0,1,0,2,2,1,1,1,3,0,1,0,1,3,1,0,0,1,2,4,2,2,1,0,2,0,0,0,1,0,0,1,2,1,2,0,3,0,0,0,0,0,2,1,3,8,0,1,0,0,0,1,0,0,1,0,0,0,0,7,4,0,0,0,0,2,0,2,0,2,0,1,0,0,0,0,0,2,2,0,0,2,0,0,0,2,1,2,0,0,1,0,0,2,1,0,0,0,1,4,1,5,0,3,2,0,0,0,0,0,0,0,0,0,0,0,3,0,0,0,1,3,3,0,1,0,0,1,2,4,1,3,0,0,0,3,0,0,0,0,3,3,0,3,2,1,6,0,0,0,0,2,0,0,1,0,0,2,1,1,0,3,2,0,2,2,0,0,0,0,0,1,4,0,0,1,2,0,3,1,1,0,2,0,0,1,0,0,0,0,0,0,1,0,1,0,0,1,3,2,1,0,3,0,2,0,0,3,0,1,0,1,0,0,2,0,3,3,0,1,3,1,0,0,4,0,0,6,0,3,1,0,1,1,1,1,0,2,0,0,0,1,0,0,1,0,0,1,0,0,0,3,2,0,0,0,6,1,0,1,0,0,3,0,0,4,0,1,0,2,0,1,1,1,4,3,0,1,1,0,0,0,0,0,0,2,0,1,5,0,1,1,2,0,0,1,1,1,6,0,0,0,3,0,1,0,1,1,0,1,3,2,0,0,0,0,0,3,0,1,1,0,3,0,0,0,0,4,0,2,0,0,1,0,0,4,0,3,0,0,3,3,0,1,0,0,0,0,1,0,1,2,5,2,2,0,0,0,0,1,0,0,3,2,4,0,1,2,0,0,0,0,2,0,0,2,0,0,1,0,0,3,1,0,1,1,0,3,0,0,1,0,0,1,1,2,1,3,1,0,1,1,1,1,0,0,0,0,3,0,2,1,1,1,3,0,3,0,0,1,4,0,0,1,1,0,0,0,1,0,0,1,0,0,1,3,2,1,4,0,2,1,3,0,1,0,0,0,0,3,0,4,2,0,2,0,0,0,0,1,0,0,0,2,0,1,0,0,0,0,0,0,1,0,1,0,2,3,2,1,1,0,0,1,0,2,0,0,1,4,0,8,1,0,3,1
RPL23A,34,6,20,11,12,11,14,41,33,8,22,20,11,19,24,45,20,12,13,30,21,30,10,5,8,6,18,29,17,58,41,26,58,36,11,5,31,39,26,17,35,26,13,44,24,23,40,10,32,16,21,35,12,12,31,10,8,42,28,20,21,32,26,4,24,23,32,0,7,40,6,47,37,4,6,11,18,25,6,21,36,18,4,12,11,44,27,40,23,15,25,28,26,8,21,15,14,19,6,55,24,27,9,37,19,7,19,10,13,18,23,34,1,18,22,59,21,47,15,15,10,5,15,6,34,25,14,17,13,14,11,22,14,9,11,21,33,37,11,16,36,22,22,43,45,11,20,7,70,13,9,7,19,28,16,30,17,19,4,9,24,16,27,8,4,26,16,36,13,58,32,8,57,29,7,12,37,23,9,30,21,21,37,26,13,42,36,24,8,10,18,28,31,30,36,35,30,13,0,58,3,28,12,18,16,11,17,34,24,19,28,16,21,6,5,12,29,19,25,23,10,23,28,10,70,10,27,10,42,16,36,26,24,48,5,13,23,24,22,16,13,10,15,2,30,18,23,17,30,11,22,3,20,17,20,28,10,41,16,9,26,28,23,17,42,20,13,11,46,26,10,33,2,12,28,7,20,24,9,22,9,7,47,32,24,46,38,18,31,16,23,37,14,21,18,18,10,19,17,17,31,19,19,31,5,6,25,2,15,40,21,13,27,32,23,15,20,47,39,26,17,2,12,14,8,10,10,56,20,23,18,21,34,12,8,23,14,14,45,25,32,28,10,43,19,33,19,8,22,23,20,35,44,30,6,11,25,55,25,2,26,20,28,3,8,24,71,24,27,28,21,3,8,21,13,55,28,32,12,18,10,7,40,14,29,2,28,35,20,8,30,36,21,31,32,6,53,28,7,18,5,28,23,29,7,48,25,18,40,43,35,36,7,36,35,29,14,20,30,25,23,48,23,4,14,22,26,21,22,18,8,41,31,15,12,18,9,18,28,35,11,45,53,29,33,51,11,24,19,6,16,26,8,16,18,38,14,39,11,26,26,31,19,21,20,19,23,24,12,7,3,14,12,33,33,24,9,13,22,10,12,14,10,37,12,38,15,41,37,5,27,23,20,22,18,8,28,23,14,5,4,8,29,11,38,18,22,48,16,21,4,6,23,13,8,16,20,16,17,7,28,30,47,10,12,9,15,13,23,42,9,57,22,9,34,23,15,44,18,36,89,37,17,7,20,30,11,17,57,34,57,37,9,11,11,14,13,11,27,22,32,37,21,23,37,35,19,27,37,13,38,5,39,25,37,11,23,22,3,24,15,16,18,11,20,41,20,6,21,5,8,17,8,23,28,48,35,16,25,24,32,19,8,18,58,52,10,31,14,13,9,21,13,24,61,23,27,6,9,15,43,36,20,12,12,5,27,12,14,40,18,30,17,9,6,13,16,25,27,44,27,1,47,30,20,15,35,24,42,10,7,25,14,1,14,11,27,18,17,21,10,38,27,5,31,18,7,13,24,21,24,31,12,17,36,26,3,10,27,17,5,48,28,39,4,36,18,28,4,17,27,27,33,20,20,24,15,32,18,10,9,26,29,22,16,12,29,27,25,77,23,17,9,29,5,26,26,30,20,23,35,22,23,35,15,33,13,28,11,23,20,20,14,15,43,31,8,48,13,26,20,25,19,4,44,12,17,14,17,7,22,31,19,29,21,28,23,12,31,31,23,5,13,31,9,18,25,11,39,27,30,25,18,21,4,4,7,21,9,38,3,18,15,41,11,14,12,19,35,22,20,24,11,6,24,13,18,36,5,18,28,20,19,14,27,30,23,24,8,13,24,10,24,6,21,24,20,12,19,11,10,4,44,35,25,34,18,19,26,8,42,18,16,7,18,27,8,47,7,54,6,29,28,11,32,62,14,52,5,32,9,2,2,33,22,10,12,12,33,20,39,29,30,19,53,25,22,9,20,15,38,7,25,17,26,16,15,26,14,4,31,11,16,24,16,37,38,17,24,24,28,14,9,8,6,18,51,35,26,9,19,37,29,63,20,10,13,20,53,13,11,12,25,32,9,20,16,17,28,38,10,53,13,30,18,6,18,30,8,34,2,43,30,18,19,14,20,34,14,9,28,29,16,15,22,32,30,7,35,24,2,20,16,21,21,8,38,29,32,8,20,16,10,5,13,9,14,18,61,6,23,65,4,26,25,27,34,25,10,35,20,14,20,54,33,28,14,12,24,18,36,33,19,21,16,11,23,21,13,19,13,11,44,19,30,27,30,34,1,37,38,18,5,30,30,27,27,26,11,37,26,22,24,31,24,20,32,3,44,26,61,76,19,34,16,18,20,39,7,17,34,12,30,7,24,20,22,22,15,14,23,4,40,28,27,31,9,17,39,21,41,31,11,13,4,20,10,5,21,4,11,58,2,13,27,23,25,9,5,12,22,3,18,19,8,14,9,38,25,22,5,33,14,34,19,7,15,32,7,29,35,17,23,3,12,20,24,29,22,23,22,29,29,38,23,18,6,11,28,29,23,16,13,14,28,42,5,39,9,51,13,2,6,22,15,15,11,49,17,11,21,22,10,10,35,18,9,15,31,23,11,20,17,59,20,16,15,23,31,18,58,38,19,18,19,23,30,19,22,11,39,20,18,49,27,10,7,23,8,52,51,22,14,19,21,31,15,29,6,8,22,28,17,16,29,18,9,14,32,37,10,22,37,36,22,24,28,26,41,11,15,22,10,17,24,22,18,17,21,20,14,30,30,30,16,39,4,12,42,32,12,14,19,10,23,27,12,14,27,26,23,31,27,12,28,20,21,52,27,28,11,50,6,5,15,41,16,24,25,17,24,25,20,12,15,21,18,9,19,27,23,3,13,19,15,12,12,28,10,12,14,28,31,19,9,7,18,14,14,21,25,33,32,19,4,20,4,19,6,28,17,16,18,5,33,23,7,26,40,31,23,14,24,12,34,25,28,18,8,37,20,8,3,13,45,18,24,34,22,13,29,29,14,17,14,24,41,17,70,22,9,31,38,9,21,26,7,29,20,6,32,70,26,13,6,21,32,8,7,22,16,29,15,12,5,15,14,38,10,57,6,9,35,26,46,28,10,14,18,22,8,37,13,22,16,30,40,17,35,25,36,32,29,30,57,6,14,10,23,45,24,8,8,29,24,10,7,24,18,17,24,13,38,23,7,22,9,50,19,21,11,7,10,8,15,28,26,51,14,25,34,27,23,22,24,33,14,22,25,13,41,28,12,41,8,39,19,41,12,5,38,27,75,8,11,6,27,34,18,14,26,13,12,29,41,13,19,7,30,33,15,10,19,12,49,14,44,28,33,14,19,29,16,17,36,13,24,15,12,16,15,35,27,7,20,14,17,50,20,37,22,17,14,41,6,31,5,4,18,3,20,27,35,20,14,18,27,32,23,22,22,3,16,8,8,14,6,47,19,33,19,63,52,11,22,24
SPON2,0,7,0,8,1,1,0,0,0,0,0,0,0,0,0,0,0,1,0,0,0,0,0,0,0,0,0,0,0,0,0,0,0,0,8,0,0,0,0,0,0,0,0,0,0,0,0,0,0,0,0,0,0,1,0,0,2,0,0,0,0,0,0,0,0,0,0,0,0,0,0,0,0,0,0,0,2,0,0,0,0,0,0,0,7,0,0,0,0,0,0,1,0,0,1,0,0,0,0,0,0,0,0,0,0,0,0,0,0,0,0,0,0,0,0,0,0,0,0,0,0,0,0,0,0,0,1,0,0,0,0,0,0,0,0,1,0,0,0,2,0,0,0,0,0,1,0,0,0,1,0,0,0,0,0,0,0,0,0,0,0,0,0,0,3,0,0,0,0,0,0,3,0,0,0,0,0,0,0,0,0,0,0,0,0,1,0,0,0,0,0,0,0,0,0,0,0,1,0,0,0,0,0,0,0,1,0,0,0,0,0,0,1,2,0,0,1,0,0,0,0,0,0,0,0,5,0,0,0,0,0,1,0,0,0,0,1,0,0,0,0,0,0,0,0,0,0,0,0,0,0,0,0,0,0,0,0,0,0,0,0,0,1,0,0,0,0,0,0,0,0,0,0,0,0,1,0,0,0,0,0,0,0,0,0,0,0,0,0,0,0,0,0,0,0,0,0,0,0,0,0,0,2,0,0,0,0,0,0,0,0,0,1,0,0,0,0,0,0,0,0,3,0,0,0,0,0,0,0,0,0,0,0,0,0,0,0,0,0,0,0,0,0,0,0,0,0,0,0,0,0,0,0,0,2,0,0,0,0,0,0,0,0,0,0,0,0,0,0,0,2,0,1,0,0,0,0,1,0,0,0,0,0,0,0,0,0,0,0,10,0,0,0,0,0,0,0,0,1,0,0,0,0,0,0,0,0,0,0,0,0,0,0,0,0,0,0,0,0,0,0,0,0,3,0,0,0,0,0,0,0,0,0,0,1,0,0,0,0,0,7,0,0,0,0,0,9,0,0,0,0,0,0,0,0,0,1,0,0,0,0,0,0,0,0,0,0,0,0,0,0,0,1,0,0,0,0,0,1,0,0,0,4,0,0,0,0,0,0,0,0,0,0,0,0,0,0,0,0,10,0,0,0,0,0,0,0,0,1,0,0,2,0,0,0,0,1,0,0,1,0,0,0,0,0,0,0,0,0,0,0,0,0,0,0,0,0,0,0,0,1,0,1,4,0,0,0,0,1,0,0,0,0,0,0,0,0,0,0,0,0,0,0,0,0,0,0,0,0,0,1,6,0,0,0,0,0,0,0,0,0,0,0,0,0,0,0,0,0,0,0,0,3,0,0,0,0,0,0,0,0,0,0,0,0,0,0,0,0,0,0,0,2,0,1,0,0,0,0,0,0,0,0,0,9,0,0,0,0,0,0,0,0,2,0,0,0,0,0,0,0,0,1,0,0,0,0,0,0,0,7,0,0,0,0,0,0,0,0,0,0,0,0,1,0,0,0,0,0,0,0,0,0,0,18,0,0,0,0,0,0,0,0,0,0,0,0,0,0,0,0,0,0,0,0,0,0,0,0,0,0,0,0,2,0,0,0,0,0,0,0,0,0,0,0,0,0,0,0,0,0,0,1,0,0,0,0,0,0,3,0,0,0,0,0,0,0,0,1,0,0,0,1,0,1,1,0,0,1,0,0,0,0,0,0,0,0,0,0,0,0,0,0,0,0,0,1,0,0,0,0,0,0,0,0,0,0,0,0,0,0,0,0,0,0,0,1,0,0,0,0,0,0,0,0,0,1,0,0,0,0,0,0,0,1,0,0,0,0,0,0,0,0,0,1,0,0,0,0,1,1,0,0,0,0,0,0,0,0,0,0,3,0,0,0,0,0,0,0,0,1,0,0,0,0,0,4,2,6,0,0,0,0,0,1,0,0,1,0,0,0,1,0,0,0,0,0,1,0,0,0,0,0,0,0,2,1,0,0,0,0,0,0,0,0,0,0,0,0,0,0,0,2,0,0,4,0,0,0,0,0,0,0,0,0,0,0,0,0,0,0,0,0,0,0,0,0,0,0,0,0,0,0,0,0,0,0,0,0,0,0,0,0,0,0,4,0,0,0,3,0,0,0,0,0,0,1,0,0,0,0,0,0,0,0,0,0,0,0,0,0,0,0,2,0,0,0,0,0,0,0,0,0,0,0,0,0,0,0,0,0,0,0,0,0,0,0,0,1,0,0,0,0,0,0,0,0,0,0,0,0,0,0,0,0,0,0,1,0,0,0,0,0,0,0,0,0,0,0,0,0,0,0,1,0,0,0,0,0,0,0,0,0,0,0,0,0,0,0,1,0,4,1,0,0,0,0,1,0,0,0,0,0,0,0,0,0,0,0,1,0,0,0,0,0,0,0,0,2,0,1,0,3,0,0,0,0,0,0,0,0,0,0,0,3,0,0,0,0,0,0,0,0,0,0,0,0,0,0,0,0,0,0,0,0,0,0,0,0,0,0,0,0,0,0,0,0,0,0,0,0,0,0,0,0,0,10,0,1,0,0,0,0,4,1,0,0,0,0,0,0,0,0,1,0,0,0,0,0,1,0,0,0,0,0,0,0,0,1,0,0,0,0,0,0,0,0,0,0,4,0,0,0,0,0,1,0,1,0,0,0,0,0,0,0,0,0,0,0,0,0,0,0,0,0,0,0,0,1,0,0,0,0,0,0,0,0,0,0,0,0,0,5,0,0,2,0,0,0,0,0,0,0,0,1,0,0,0,0,0,0,0,0,0,0,1,0,0,0,0,0,0,0,0,0,0,0,0,0,0,0,0,0,0,0,0,0,0,0,0,0,0,0,0,1,0,0,2,0,0,0,0,0,0,0,0,0,0,0,0,0,0,0,0,0,0,0,0,0,0,0,0,0,0,0,0,7,0,0,0,0,0,0,0,0,0,0,0,0,0,0,0,0,1,0,0,0,0,2,0,0,0,0,0,0,0,0,0,0,0,0,0,0,0,0,0,0,2,2,0,0,0,0,3,0,0,1,0,0,0,0,0,0,0,0,0,0,0,0,0,0,0,0,0,0,0,0,0,0,0,0,0,0,0,0,0,0,0,0,0,2,0,0,0,0,0,0,0,0,0,0,0,0,0,0,0,0,0,0,0,0,0,3,0,2,0,0,0,0,0,0,0,0,0,0,0,0,0,0,0,0,9,0,0,0,0,0,0,0,0,0,2,0,0,0,0,0,0,0,0,0,0,0,0,0,0,0,0,1,0,0,0,0,2,0,0,0,0,0,0,0,0,0,0,0,0,0,0,0,0,0,0,0,0,0,0,0,0,0,0,0,0,3,0,0,0,0,0,0,0,0,0,0,0,0,0,0,0,0,0,0,0,0,0,0,0,0,0,0,0,0,0,0,0,0,1,0,0,0,0,0,0,0,0,0,0,0,0,0,0,0,1,0,0,0,0
CD2,0,0,1,0,1,0,0,2,0,0,0,13,0,0,5,0,2,2,0,1,2,2,0,0,0,1,0,0,0,0,2,1,0,0,0,0,1,1,0,0,1,2,0,2,1,0,0,0,0,0,0,2,0,4,2,0,0,1,3,0,0,1,2,0,0,6,5,0,0,1,0,0,0,0,0,0,0,0,0,0,1,2,0,0,0,0,0,0,3,0,0,0,1,0,3,0,1,0,0,0,0,0,0,2,2,0,0,0,0,0,1,0,0,0,0,3,1,0,1,0,0,0,1,0,2,5,2,0,0,0,0,1,0,0,0,0,0,0,0,0,1,1,1,0,1,0,0,0,4,0,1,1,0,0,0,0,1,0,0,0,1,0,0,0,0,6,0,2,1,2,0,0,1,1,0,0,0,2,0,1,0,1,0,0,0,0,1,2,0,0,0,0,0,0,0,0,1,2,0,0,0,1,0,0,0,2,0,0,0,1,0,1,0,0,0,0,0,1,0,0,0,0,0,0,4,0,0,0,1,0,0,1,0,1,0,2,4,0,1,0,0,0,0,0,1,0,0,0,1,0,0,0,0,2,0,2,0,2,0,0,0,0,3,0,1,2,1,3,1,3,0,3,0,0,1,1,0,0,1,1,0,0,2,2,3,1,1,0,1,1,1,4,0,2,4,1,3,0,1,1,0,2,2,2,0,1,0,0,0,1,0,2,0,5,1,0,3,2,0,1,1,0,0,0,3,0,0,0,0,1,2,0,0,0,0,1,0,0,1,0,1,0,0,1,0,3,3,0,1,0,0,2,1,2,1,0,0,1,1,0,2,0,0,0,0,1,0,0,0,0,0,0,0,1,4,1,1,3,1,0,0,0,0,1,0,0,2,1,0,0,4,0,2,0,0,0,0,1,0,0,0,1,2,1,0,10,0,0,1,0,1,2,0,2,2,0,0,0,0,0,0,10,4,0,0,0,0,2,2,2,0,3,3,1,0,0,0,2,1,0,0,2,0,0,2,0,3,0,0,0,1,0,0,1,0,1,2,4,0,0,0,0,2,0,0,0,4,2,0,0,0,0,0,0,1,0,0,0,0,1,0,0,0,1,0,1,0,2,1,0,5,1,0,0,0,0,1,0,0,1,0,0,0,1,2,3,0,0,0,0,0,1,0,3,0,2,2,2,1,0,1,0,0,0,0,0,2,0,0,1,0,1,3,1,3,0,1,0,1,5,0,1,2,1,3,3,0,0,0,0,1,1,2,1,0,0,0,1,2,0,0,2,0,2,0,3,6,0,1,0,0,4,1,2,2,0,0,1,0,2,0,0,1,0,0,1,0,0,0,0,0,0,0,0,1,0,0,0,0,0,2,0,0,7,4,0,0,1,2,1,1,0,0,0,3,2,2,5,0,0,2,0,2,3,0,0,1,0,2,1,0,1,1,0,0,0,0,2,2,0,3,0,1,1,2,0,1,3,1,0,0,1,0,0,0,0,0,2,0,0,0,1,0,1,3,2,0,1,1,0,1,0,0,1,0,2,0,0,0,0,0,0,0,2,0,4,3,1,0,0,1,0,0,0,3,0,2,0,0,0,0,1,0,3,0,0,0,3,4,1,4,0,0,2,0,1,0,0,1,0,0,0,1,0,1,0,1,2,1,0,0,2,0,0,0,1,0,0,4,0,0,0,2,0,2,0,0,0,1,1,3,0,0,0,0,1,0,0,1,1,0,0,1,1,0,0,3,2,1,1,1,2,0,3,0,0,0,1,0,1,0,1,0,2,0,0,4,0,1,1,1,0,1,0,0,4,2,0,0,0,0,0,0,0,1,2,4,0,0,3,0,0,1,1,0,0,0,2,0,0,0,0,1,0,0,1,0,0,0,0,0,0,0,0,1,2,0,3,0,0,0,0,3,0,3,0,1,0,1,1,1,0,0,0,2,0,0,0,1,0,0,0,2,1,0,0,0,0,0,0,0,0,0,1,2,0,0,1,1,0,3,0,0,0,0,0,0,0,0,0,2,0,0,0,0,0,0,0,0,1,0,0,1,1,0,1,1,0,0,0,0,0,2,1,0,13,0,0,1,0,0,0,0,2,0,0,1,0,0,1,0,0,1,0,0,1,3,0,2,1,0,0,6,2,0,0,0,0,1,2,0,3,0,0,3,1,0,3,3,0,4,0,0,0,0,0,0,1,0,0,0,0,0,1,2,0,1,0,0,3,1,0,0,0,3,1,0,1,2,0,0,1,1,2,1,1,1,1,0,0,0,0,4,0,2,1,1,1,0,0,1,3,0,1,0,2,0,0,0,2,0,0,1,0,4,3,1,0,2,0,5,0,0,0,1,0,1,3,0,1,0,2,0,0,0,0,1,2,1,1,0,0,1,3,1,0,0,0,0,3,0,1,0,0,0,1,0,0,1,0,0,4,0,0,1,0,2,1,0,0,0,0,0,1,0,0,0,0,0,0,0,0,3,0,1,0,0,1,0,0,3,1,0,0,0,0,1,0,0,0,0,1,0,3,0,0,0,1,3,4,0,0,0,1,0,2,1,2,0,0,0,0,3,0,0,1,0,1,1,1,1,1,0,0,3,0,0,0,0,4,0,0,1,0,0,1,0,0,2,0,4,0,1,0,0,0,0,1,0,0,0,0,1,1,0,0,0,0,0,0,0,1,0,2,2,1,0,0,0,0,1,2,0,1,0,0,0,0,0,0,0,1,4,1,0,4,0,0,1,0,0,0,1,0,5,1,0,2,0,2,1,0,1,2,0,0,0,0,1,0,0,0,1,0,0,1,0,0,0,2,4,2,1,0,0,0,0,0,0,3,1,0,0,0,0,3,0,0,0,0,3,0,0,0,0,0,0,0,1,2,3,0,3,2,0,1,0,1,0,0,0,0,0,14,1,0,7,1,0,0,1,1,3,1,0,0,0,1,0,0,0,0,3,0,0,0,0,3,1,1,0,1,3,0,1,0,0,1,0,0,0,0,0,0,0,1,4,3,1,0,3,2,0,0,0,1,1,0,8,0,0,0,3,0,1,0,1,3,0,4,3,4,0,1,0,3,0,0,0,0,1,0,1,0,0,0,2,1,1,5,0,0,1,1,1,2,0,1,0,0,0,4,2,0,0,0,0,0,4,0,0,1,3,0,2,0,1,0,0,1,1,0,0,1,1,0,1,0,0,1,1,0,2,1,0,0,0,1,7,1,0,0,0,0,1,0,1,0,0,5,0,0,1,0,1,1,1,0,0,0,2,4,2,2,0,0,1,1,4,0,2,2,2,4,0,0,1,0,1,4,1,1,0,1,2,1,0,0,3,3,0,1,0,0,0,1,1,1,0,0,0,3,0,1,1,0,0,0,0,3,1,0,3,0,1,0,0,0,0,0,0,0,0,0,0,0,0,0,1,0,0,3,4,0,1,0,0,1,0,0,1,0,0,1,0,0,0,2,4,0,0,5,1,1,1,2
CYBB,0,0,0,0,0,1,1,1,0,0,4,0,2,0,0,0,0,0,3,0,0,0,0,1,0,0,0,0,0,0,0,0,0,0,0,0,0,0,0,0,0,0,0,0,0,0,0,2,0,0,0,0,3,0,0,1,0,0,0,0,0,0,0,0,0,0,0,2,4,0,0,0,1,2,1,0,0,1,0,0,0,0,0,2,0,0,0,1,0,0,3,0,0,5,0,3,0,0,1,4,0,0,4,0,0,2,0,0,0,0,0,0,0,2,0,0,0,0,3,0,0,1,0,0,0,0,0,0,4,0,0,0,0,0,0,0,0,0,0,0,0,0,0,0,0,0,1,1,0,0,4,0,0,0,0,0,0,0,0,2,0,0,4,2,0,0,0,0,2,3,0,0,0,0,2,0,1,0,3,0,0,0,0,0,2,0,0,0,0,1,4,0,0,0,0,0,0,0,2,0,4,0,1,0,0,0,1,0,0,0,0,1,0,0,0,0,0,0,0,0,0,0,0,0,0,0,0,0,0,0,0,0,1,0,2,0,0,0,0,0,4,0,1,0,0,0,0,0,6,6,0,0,0,0,0,0,0,0,0,3,0,1,1,0,0,0,0,0,1,0,0,0,4,1,0,1,0,2,4,0,1,0,0,0,0,0,0,1,0,0,0,0,2,0,0,1,0,0,3,0,0,0,0,0,1,0,0,0,1,0,0,0,0,0,0,0,0,0,0,0,0,0,1,0,0,0,2,1,0,0,0,0,0,1,1,0,0,2,0,5,5,0,2,0,0,0,0,2,0,5,2,0,2,0,0,3,0,0,0,2,0,0,0,0,0,0,0,0,0,0,0,2,0,0,0,1,0,0,0,2,0,0,1,0,0,0,0,0,0,0,0,2,0,2,0,2,0,0,0,1,0,0,0,0,1,1,0,0,1,1,0,0,1,0,0,1,0,0,0,0,1,1,0,0,2,0,0,0,0,0,0,0,0,0,1,1,0,0,1,1,0,0,0,0,0,1,0,0,0,0,0,0,0,0,2,0,0,2,0,0,1,0,0,0,0,2,0,0,1,0,0,1,0,0,0,0,4,0,0,0,3,0,0,0,4,0,0,1,0,1,0,0,0,0,0,1,0,0,1,0,0,3,0,0,0,0,0,0,0,0,2,0,0,0,0,0,0,0,0,1,0,0,0,6,0,3,0,0,5,0,1,0,0,0,2,5,0,0,1,0,0,0,0,0,0,0,0,0,0,1,0,7,0,0,0,2,2,2,0,0,0,0,1,0,0,0,0,0,0,1,0,0,0,0,0,0,0,0,3,0,0,0,1,3,0,0,0,0,2,0,0,0,0,2,0,0,0,0,0,0,0,1,2,1,0,0,1,0,0,0,0,1,0,0,0,0,0,0,1,1,0,0,0,0,1,0,0,1,0,0,0,0,0,0,1,0,0,0,0,0,0,0,0,0,0,0,1,0,0,2,0,0,0,1,0,1,0,0,0,1,1,0,1,0,0,0,2,0,0,0,0,0,3,0,0,0,1,0,0,0,0,0,0,1,0,0,0,0,0,0,0,0,0,0,0,0,0,0,2,3,0,0,1,0,0,3,0,0,0,1,1,0,0,0,3,0,0,0,0,0,0,0,0,0,0,0,1,0,0,0,0,0,0,0,1,0,0,2,0,0,0,0,0,0,0,0,0,0,0,0,0,0,0,0,0,0,0,0,0,0,0,0,1,0,3,0,0,0,0,0,0,0,0,0,3,2,2,0,1,0,0,1,0,0,1,1,0,0,0,0,0,0,0,0,0,0,0,0,2,0,0,0,0,1,0,0,0,0,0,0,0,2,0,2,0,0,1,0,0,0,0,1,0,0,0,0,0,0,0,2,0,0,0,1,0,0,0,0,0,0,2,0,0,0,0,0,0,0,0,0,0,2,0,0,0,0,3,3,0,0,0,0,0,0,0,0,0,1,0,0,0,1,2,0,0,0,0,0,0,1,0,0,2,2,6,0,2,0,0,0,0,0,0,1,0,1,1,0,0,0,0,0,0,0,0,0,0,0,0,0,2,0,0,0,1,0,2,0,0,0,0,0,3,0,0,3,1,0,3,1,1,0,0,0,0,0,0,1,0,0,2,1,0,0,0,0,0,2,0,0,0,0,2,0,0,0,0,0,0,2,0,0,0,0,0,4,0,0,0,2,0,1,2,1,0,0,0,0,2,0,0,0,0,1,0,0,0,0,0,0,0,0,0,0,0,0,0,0,0,0,0,2,0,0,0,0,0,0,0,0,0,0,0,0,0,1,1,0,2,0,0,0,0,1,0,0,0,2,0,0,0,1,0,0,0,3,0,3,1,0,0,0,0,0,0,0,0,0,0,0,0,2,0,0,0,0,3,0,0,0,0,0,1,2,3,0,2,3,0,1,6,0,0,3,0,1,0,0,0,2,1,2,0,0,0,0,2,0,2,0,1,1,0,0,0,1,0,0,0,0,0,0,0,2,2,0,0,0,0,0,0,0,1,0,0,0,1,0,0,0,0,0,0,0,0,0,0,1,4,1,0,2,0,0,0,0,0,0,0,0,0,0,0,0,0,0,0,0,0,0,2,0,2,0,0,0,0,0,0,0,0,0,0,0,0,0,0,0,0,0,0,0,0,0,1,0,3,0,0,0,0,0,1,0,0,0,0,0,0,0,0,0,0,0,0,0,1,0,0,0,0,0,0,0,0,0,0,4,0,0,0,0,0,4,0,0,0,0,0,0,0,2,0,0,0,0,3,1,0,0,2,2,0,0,0,0,1,0,0,0,0,0,0,0,0,0,0,0,0,0,2,0,1,2,0,0,0,0,0,0,0,0,1,1,0,2,1,0,0,0,0,1,0,0,0,0,1,0,1,3,2,0,0,0,0,1,0,0,0,0,0,0,0,0,2,0,0,0,2,0,7,0,0,0,0,0,3,0,0,0,0,0,0,0,0,0,0,0,0,0,0,0,2,3,0,0,0,0,0,5,0,0,0,1,0,0,0,1,0,0,1,0,0,0,0,1,1,0,1,0,0,0,0,0,0,0,0,0,0,0,0,3,0,3,2,2,1,0,0,0,4,1,0,0,1,0,2,0,0,4,0,0,0,0,2,2,0,0,0,3,2,0,0,1,0,1,0,1,0,0,0,2,0,0,0,0,0,0,0,2,0,0,0,0,2,0,0,0,0,0,3,1,0,0,0,0,0,0,0,0,0,0,1,0,0,0,0,1,0,1,0,1,0,0,4,0,0,0,0,2,0,0,0,0,0,1,0,0,0,0,0,0,0,0,0,0,0,1,0,0,3,0,0,4,0,0,0,0,0,2,0,0,0,0,0,4,0,2,1,0,0,0,0,1,0,0,0,1,1,0,0,7,0,0,0,0,1,1,0,1,0,0,0,0,0,0,0,0,0,0,0,0,3,0,0,0,2,2,0,0,0,0,0,0,0,0
CTSD,0,1,1,0,0,4,4,0,0,0,3,1,1,0,0,1,1,2,0,0,0,0,5,4,0,0,0,0,0,0,1,1,0,0,0,0,0,0,0,0,0,0,3,0,0,0,0,2,0,0,0,0,1,4,0,1,1,0,0,0,0,2,0,0,0,1,0,0,1,1,1,0,0,2,0,1,1,9,1,0,0,0,0,0,1,0,0,0,0,0,1,0,1,0,0,3,0,0,4,2,1,0,2,0,0,1,0,2,0,0,1,0,3,0,1,1,0,0,0,0,1,2,3,1,1,0,1,0,3,0,1,1,0,0,0,1,0,0,1,0,0,1,0,0,1,0,1,4,2,2,1,0,0,0,0,1,0,1,0,4,0,0,1,0,1,0,3,0,3,1,1,0,2,0,0,0,0,0,0,2,0,1,0,0,1,0,1,2,1,0,4,2,1,0,0,1,1,0,0,0,2,1,3,0,0,2,0,1,0,0,0,1,1,1,1,1,0,0,1,3,1,0,0,0,2,3,0,1,0,0,0,2,1,2,2,1,0,0,0,0,1,0,0,2,0,0,0,3,7,2,0,0,0,0,0,1,0,0,0,0,0,0,0,6,0,0,0,0,0,1,2,2,3,0,0,2,0,2,1,0,0,0,2,0,1,0,0,0,0,2,0,0,3,1,1,0,0,0,4,0,1,0,0,0,1,1,0,1,0,1,0,0,0,0,1,0,1,0,0,1,0,1,3,0,0,0,3,0,0,0,0,0,0,0,3,0,1,1,0,0,4,1,0,0,0,0,0,2,0,1,0,0,2,0,1,3,0,0,0,0,0,0,0,2,5,0,0,0,0,0,0,1,1,0,2,4,0,0,1,4,2,0,0,0,0,0,1,1,0,0,0,1,0,2,0,0,0,0,1,2,2,0,2,0,0,0,0,0,0,0,1,0,1,1,0,3,0,0,0,0,1,0,0,1,0,1,0,0,0,0,1,1,0,1,0,0,0,0,0,2,1,0,0,0,0,1,0,0,0,1,0,0,1,0,4,1,1,2,5,0,0,0,0,0,6,3,0,0,1,1,0,0,0,0,0,1,0,0,0,0,1,0,2,0,0,1,0,0,0,0,0,1,0,0,1,3,1,0,0,1,1,1,0,0,1,0,0,3,1,0,0,1,0,0,0,2,1,0,0,1,2,0,0,4,7,0,1,0,1,0,2,0,1,0,1,1,1,0,0,0,4,1,0,0,0,0,4,0,2,0,2,0,0,0,1,0,0,0,0,2,0,0,0,2,0,0,1,1,2,0,0,2,2,0,1,1,0,0,1,0,0,1,0,2,0,0,0,0,0,0,0,0,2,0,0,0,0,0,0,0,0,0,3,1,1,0,2,0,0,0,4,0,3,0,1,0,0,0,0,0,0,0,0,0,4,0,0,0,0,0,0,0,0,1,1,0,0,1,0,0,0,1,2,0,0,0,5,1,0,0,4,0,0,0,0,4,0,0,0,5,2,0,0,2,0,0,0,0,1,0,1,0,4,0,2,1,7,5,0,0,0,3,0,0,3,0,0,0,1,0,0,1,0,0,0,1,0,1,1,0,0,1,0,0,1,5,0,0,0,1,1,0,0,0,3,0,0,0,0,0,0,1,0,0,0,0,0,0,0,1,1,1,0,0,0,0,2,0,1,0,0,0,1,2,0,0,0,1,0,0,0,1,1,1,0,0,1,0,0,0,0,1,0,0,2,0,1,0,0,0,0,1,0,1,1,1,0,0,2,1,0,0,0,0,1,3,0,0,1,0,1,0,1,0,4,0,1,0,0,0,0,0,0,0,0,2,0,0,0,1,0,0,0,1,1,0,0,0,0,0,3,0,0,0,1,0,0,0,0,3,0,1,0,3,0,0,0,0,0,1,2,0,0,0,1,1,0,1,2,0,0,1,2,0,1,0,0,7,0,0,0,0,0,0,0,1,0,3,0,0,0,1,1,1,1,0,0,0,0,1,0,0,0,1,3,0,0,0,0,0,0,1,1,1,1,2,0,3,0,0,0,0,0,0,0,0,1,0,0,3,2,0,0,0,6,1,0,0,0,0,0,0,1,0,0,1,0,1,1,0,0,0,0,0,0,0,1,6,0,2,0,0,1,1,0,1,1,1,0,2,0,0,0,1,0,1,0,1,0,3,0,0,0,2,0,5,0,0,0,1,1,2,2,0,0,0,0,2,0,0,0,1,0,3,0,0,0,0,1,1,0,0,0,1,0,1,0,0,0,0,1,12,0,0,0,2,0,0,1,0,1,0,2,0,0,0,0,0,1,0,0,0,0,0,0,0,1,3,1,1,2,1,1,0,0,5,0,2,4,0,0,1,1,1,0,0,0,0,0,0,0,2,0,0,0,0,0,0,0,0,0,0,3,2,1,1,0,0,0,3,3,1,1,2,0,0,1,4,2,7,0,1,0,0,3,0,4,0,1,0,1,0,0,0,0,1,0,1,1,0,1,1,0,3,2,1,0,1,0,1,0,0,0,1,0,0,1,1,0,0,0,0,3,0,0,0,1,0,2,0,1,0,1,3,0,1,0,0,0,1,0,1,3,2,0,0,0,0,1,0,12,0,0,0,0,0,1,0,0,0,1,2,0,0,0,0,0,0,0,2,0,0,0,0,2,2,5,0,0,0,1,2,1,0,0,1,0,0,0,1,0,0,0,0,0,0,2,0,0,0,0,1,0,0,0,1,0,2,0,5,0,0,1,2,0,1,4,0,0,0,0,1,0,1,0,0,0,4,1,0,2,0,0,0,0,1,3,0,0,1,0,0,0,0,0,0,0,1,0,0,0,0,1,3,0,0,0,0,0,0,1,0,1,4,1,0,2,1,0,0,0,1,0,0,0,1,3,1,1,4,0,0,0,0,1,1,0,0,0,0,0,0,0,0,0,0,2,0,0,0,3,0,0,1,0,0,3,0,1,0,0,0,0,0,0,2,0,1,1,0,0,10,1,1,0,0,0,0,1,5,0,0,0,0,0,0,0,2,1,0,1,0,0,0,0,0,2,0,0,2,0,2,0,0,2,0,0,5,2,3,0,4,0,2,1,4,0,0,0,0,1,3,1,0,4,0,1,0,1,3,2,0,0,0,0,1,0,1,1,1,1,0,1,0,1,2,0,1,0,1,0,0,3,0,0,1,0,0,0,0,0,0,1,0,0,0,0,0,1,0,0,5,0,1,0,0,0,1,0,0,0,0,0,0,0,2,0,2,0,1,0,0,0,0,1,0,0,1,0,1,1,0,0,0,1,0,0,0,1,0,1,0,4,0,0,0,0,3,0,0,0,0,0,0,0,0,0,0,0,4,0,0,0,0,1,1,0,1,3,1,1,1,0,2,0,0,0,0,7,0,0,3,0,0,1,0,1,0,0,1,1,0,0,0,0,0,0,1,1,1,0,2,2,0,10,0,1,1,0,0,0,0,0,0,1,0
NOSIP,0,0,0,0,0,0,0,1,0,2,1,0,1,1,0,2,2,0,1,0,2,0,0,0,0,0,0,1,0,1,4,1,1,0,0,0,0,3,0,0,3,2,0,6,0,0,0,1,3,1,0,0,0,1,0,0,0,2,1,0,0,1,0,0,1,0,2,0,0,1,1,0,0,0,0,0,1,1,0,0,4,2,0,0,0,1,3,0,0,0,1,0,1,1,5,0,2,0,0,0,0,0,0,2,2,1,1,0,0,0,1,2,0,0,4,4,0,0,0,1,1,0,0,0,0,3,0,1,0,2,2,1,0,0,3,3,0,2,0,1,1,0,3,0,1,0,4,0,4,1,0,1,0,2,3,2,0,0,1,0,1,1,0,0,0,3,2,4,1,0,2,0,5,2,0,0,0,0,0,0,0,2,0,0,1,0,1,2,0,0,1,0,1,1,2,0,1,0,0,1,1,2,0,0,2,1,0,0,0,0,0,2,0,0,0,0,0,0,1,1,1,0,0,0,4,2,0,0,3,1,5,1,2,0,0,3,1,1,0,0,0,1,0,0,3,0,0,1,0,0,0,0,0,0,1,1,6,2,0,0,2,0,1,2,1,3,3,0,3,0,0,1,0,1,1,1,0,0,0,3,0,0,3,5,5,1,0,0,1,0,3,1,1,0,0,2,0,4,1,1,1,1,0,1,1,0,2,0,0,1,1,0,0,0,0,0,2,1,0,1,0,1,1,1,0,1,0,3,0,1,3,0,3,0,0,1,2,1,5,0,0,0,0,3,0,0,2,1,0,0,1,1,1,1,0,0,0,4,0,0,1,0,0,1,0,0,2,2,0,0,0,0,0,0,1,0,1,2,0,1,0,0,2,5,1,0,1,1,3,0,3,0,1,0,1,0,0,3,1,2,0,3,0,1,0,3,0,0,0,1,1,6,0,0,0,1,1,1,1,3,0,3,0,0,2,4,0,2,0,0,1,5,2,0,2,3,0,1,1,0,0,2,0,1,2,1,0,1,0,1,5,1,0,0,1,1,0,2,0,1,0,3,1,0,4,0,0,0,0,0,0,1,1,2,1,1,0,0,0,0,0,1,0,2,1,5,1,1,2,0,4,1,1,0,1,2,2,1,0,1,0,0,1,2,5,0,0,1,0,1,0,0,1,3,2,0,0,4,0,0,1,1,0,0,0,0,0,0,0,2,0,1,2,0,4,0,0,0,2,2,1,0,0,1,0,0,0,0,2,3,5,0,0,0,0,1,2,0,2,2,0,6,0,0,3,5,3,3,2,0,8,1,4,2,0,1,0,3,0,3,1,0,2,0,1,3,0,0,0,0,2,1,0,0,3,0,4,0,0,1,2,1,0,1,0,1,0,1,2,3,0,0,0,0,3,3,2,1,0,0,0,7,3,0,0,0,0,0,1,2,0,0,0,0,1,3,2,3,2,0,1,0,5,0,0,0,0,2,1,0,0,0,0,0,0,0,0,3,1,0,2,0,1,0,1,1,0,2,2,0,3,0,0,0,3,5,0,0,1,0,0,1,2,1,0,4,1,2,0,1,1,3,3,1,0,2,0,3,0,0,0,1,0,0,0,0,2,1,0,0,1,0,0,5,1,7,0,3,1,3,1,0,3,2,0,3,0,0,1,2,1,2,0,0,1,5,0,0,0,1,0,4,1,0,0,0,1,2,3,0,0,1,3,1,0,2,1,0,1,1,0,0,0,2,0,2,2,0,3,3,0,2,0,0,0,0,0,3,0,1,0,2,0,1,1,0,0,1,4,3,0,0,1,1,0,0,1,2,1,1,1,1,0,4,1,2,0,1,1,0,0,0,0,0,3,1,0,1,0,0,0,0,1,0,0,5,0,0,0,0,0,0,0,1,1,2,2,1,1,0,0,1,3,2,3,1,2,3,1,2,0,0,0,2,1,0,0,1,0,0,4,0,1,2,1,0,4,1,2,1,1,0,1,1,2,0,1,0,0,1,2,0,0,0,0,4,0,0,0,0,1,2,0,1,0,0,0,1,0,1,0,2,2,3,1,0,0,0,0,1,0,0,4,1,0,0,0,1,1,0,1,0,1,1,1,2,2,1,0,0,1,0,2,2,0,2,1,1,1,0,0,2,2,0,0,2,0,1,3,1,0,0,0,1,3,1,1,1,1,0,1,2,1,0,0,0,2,0,0,0,2,2,1,0,0,0,0,0,0,5,0,0,2,0,1,4,2,1,0,5,1,4,1,0,1,2,0,1,0,2,3,3,2,1,7,0,2,3,0,1,1,1,0,0,1,1,0,1,1,3,0,0,1,1,6,0,1,0,4,0,0,1,0,2,1,1,2,1,1,3,1,1,0,0,2,1,0,1,1,0,2,0,2,0,4,0,0,1,1,5,1,0,1,2,0,2,0,0,1,0,0,0,1,0,1,0,3,0,0,0,2,0,1,1,1,0,0,3,0,0,0,1,0,1,1,0,1,0,0,3,2,0,1,0,0,0,1,0,1,0,2,1,0,1,0,1,0,3,2,3,3,3,1,1,0,0,1,1,1,1,0,0,0,0,0,0,0,0,2,1,2,1,1,0,5,0,0,0,0,1,3,0,0,0,0,1,0,0,1,0,0,2,0,0,0,0,0,1,2,2,0,0,1,0,0,0,1,0,1,1,1,2,0,1,2,0,1,1,1,0,2,0,1,4,3,2,0,0,0,2,1,2,1,1,2,0,0,0,3,1,0,1,1,1,0,3,1,0,5,0,2,0,0,2,0,0,2,0,0,0,0,1,1,0,0,0,0,3,1,0,0,0,2,0,1,0,0,0,0,1,0,0,0,1,1,1,2,0,6,2,5,5,3,0,1,0,1,0,2,0,0,0,0,1,1,2,0,2,0,0,1,4,0,4,2,0,0,0,0,0,0,1,1,0,0,0,1,1,0,3,0,0,3,0,0,3,0,1,3,1,1,2,0,0,5,0,0,3,0,0,0,0,0,1,0,3,6,0,1,1,1,0,1,0,1,1,4,2,2,0,1,0,2,0,0,0,1,2,0,0,0,4,2,0,0,0,0,0,1,0,1,1,1,0,0,1,0,4,0,5,0,0,0,7,0,1,0,1,2,0,0,2,0,0,0,0,0,3,5,1,0,1,1,0,6,0,0,0,0,1,0,0,1,2,0,0,1,4,0,0,2,0,5,0,0,1,0,2,0,0,0,0,0,0,3,0,5,1,0,3,2,0,1,1,1,3,2,0,2,0,1,0,1,2,0,1,0,3,0,0,5,1,1,0,0,1,3,1,3,3,0,2,0,1,2,0,0,0,0,1,0,0,0,1,1,1,0,1,3,1,1,1,0,0,0,0,1,0,0,0,0,0,2,0,0,1,0,1,0,2,0,0,1,0,0,3,0,0,0,1,0,1,2,0,0,0,1,0,0,4,0,0,2,0,0,1,0,1,0,3,4,2,3,1,2,0
EEF1B2,5,1,4,1,4,2,4,11,6,5,9,1,3,12,4,14,3,2,4,9,6,7,3,3,6,0,4,8,4,8,8,6,8,5,1,2,9,8,10,4,5,8,4,8,5,6,8,2,4,6,2,3,3,5,3,1,1,9,5,2,13,5,6,1,5,5,7,0,2,9,1,18,8,2,0,1,2,8,3,6,2,1,2,3,0,7,9,9,0,5,7,2,8,1,4,5,1,1,2,22,0,11,1,6,6,1,5,1,3,7,4,15,1,5,6,15,1,11,0,4,4,1,3,3,8,10,1,4,4,5,4,6,1,2,7,4,10,4,6,4,5,2,7,10,16,0,1,2,10,0,9,0,2,14,2,10,0,4,1,1,6,6,2,1,1,8,2,5,6,14,9,1,13,8,3,5,8,1,5,7,5,5,6,3,0,6,8,6,4,7,6,8,6,15,9,7,3,4,0,8,1,4,5,2,9,2,0,10,4,8,5,2,3,0,5,1,3,9,5,7,4,7,9,6,10,2,6,1,11,3,2,7,8,11,1,1,1,2,10,5,0,3,5,3,4,0,2,3,9,0,6,3,4,3,2,8,3,9,2,3,6,1,2,4,8,8,3,0,9,11,1,10,2,2,8,2,1,6,9,7,2,0,13,13,7,13,9,4,12,2,7,11,4,4,6,3,1,2,3,1,4,5,3,4,1,2,2,0,7,9,4,2,3,3,5,1,3,15,3,8,0,4,5,0,3,5,3,11,6,4,5,6,7,5,3,7,4,4,12,6,9,2,0,16,14,6,6,2,4,2,5,3,5,7,2,2,4,16,10,0,6,3,5,0,1,5,26,5,11,8,2,2,4,5,4,21,5,6,4,3,5,0,10,6,8,0,8,12,4,1,13,8,0,8,7,3,11,2,1,5,6,9,1,7,0,10,1,2,5,7,12,11,3,8,3,6,3,2,7,5,8,10,8,1,3,6,3,2,3,6,1,11,3,5,3,5,4,0,5,9,0,15,13,8,2,17,1,5,5,1,3,5,2,3,3,7,1,4,3,4,4,12,6,2,4,11,6,4,2,1,3,0,2,9,10,8,1,2,7,1,1,8,0,9,0,16,3,11,8,1,9,7,9,4,6,2,7,7,2,1,0,1,6,0,4,5,2,15,2,5,0,2,2,5,5,7,2,4,7,0,5,7,11,1,5,3,5,2,2,8,2,4,1,3,4,2,3,17,6,5,50,9,9,2,3,13,5,3,13,9,13,10,3,2,3,3,3,6,9,5,3,7,7,1,5,13,1,7,11,3,7,0,7,5,10,4,2,7,0,1,4,0,6,5,5,3,9,1,2,1,1,7,3,9,9,8,9,6,4,5,10,9,1,1,16,12,2,4,1,3,3,7,2,6,11,6,9,5,2,2,3,8,8,2,6,2,7,3,3,7,2,2,2,3,3,4,4,6,13,2,6,0,7,7,2,1,11,6,8,0,2,2,3,1,4,1,2,5,2,2,3,15,7,0,13,0,2,3,6,5,5,14,2,2,9,5,0,3,7,7,1,15,3,13,0,7,2,6,0,4,5,5,7,0,8,5,2,11,1,6,2,8,5,2,3,1,10,6,2,30,6,4,4,11,3,8,3,5,1,8,19,5,3,5,4,7,2,9,2,4,7,3,1,5,8,3,6,8,2,6,2,4,2,3,9,2,4,4,1,1,2,4,6,11,4,3,4,5,4,5,5,1,2,8,1,7,9,1,8,6,9,4,5,2,0,1,3,6,2,7,0,3,5,7,3,7,2,8,9,7,4,6,2,1,7,2,3,9,0,4,6,0,2,3,11,4,5,11,3,2,6,3,6,0,4,3,6,1,3,0,2,2,18,11,3,8,5,3,6,1,11,1,4,3,8,9,1,9,2,14,3,2,11,3,1,19,2,21,2,7,5,0,0,5,5,3,0,2,8,6,9,3,11,5,13,2,6,0,0,4,10,1,6,0,8,2,0,13,4,3,1,1,3,4,2,3,11,4,5,4,4,0,3,1,3,2,10,9,10,6,4,10,8,12,4,0,3,3,13,2,4,0,9,6,1,1,1,4,5,9,5,13,5,4,6,5,3,13,3,7,2,10,6,3,8,2,4,9,2,2,5,5,9,5,4,9,4,1,10,5,0,8,3,5,3,1,10,4,6,6,5,1,4,0,1,3,5,3,13,3,8,24,3,2,5,6,15,6,3,13,1,1,8,14,5,2,4,7,3,1,4,5,2,4,5,4,4,5,8,5,4,3,16,5,4,3,6,7,0,8,7,5,6,3,7,5,4,6,3,4,3,4,6,4,2,5,3,0,6,13,15,19,2,11,5,5,6,10,0,1,6,1,4,1,12,9,7,6,3,3,7,2,7,3,4,6,2,6,9,4,9,9,3,3,0,2,3,0,3,2,4,16,4,2,5,10,6,3,6,2,11,1,7,6,0,2,1,4,0,1,3,11,4,11,6,3,6,8,1,3,6,3,10,0,4,6,5,5,7,2,2,6,4,13,5,4,2,4,3,13,8,2,1,6,5,3,1,13,2,6,2,1,3,5,3,5,1,21,5,6,4,6,2,0,7,4,4,3,8,1,3,6,3,14,6,5,6,4,5,3,16,11,2,3,4,5,4,5,2,4,14,5,8,21,4,0,3,9,3,12,12,2,1,6,6,14,1,6,1,2,6,7,4,3,3,4,2,2,8,10,5,7,11,4,2,4,3,5,3,5,2,8,2,2,4,6,4,4,8,2,5,5,2,10,7,14,0,3,15,11,4,3,2,3,2,11,3,2,8,5,5,7,4,3,6,4,3,16,5,2,6,8,2,0,4,8,8,2,7,3,7,7,11,2,0,2,0,3,5,6,2,2,2,5,4,5,3,4,1,2,3,6,12,9,4,3,5,6,5,6,0,8,2,5,0,6,2,5,1,1,5,2,4,0,10,4,1,8,5,12,2,0,4,2,8,6,4,14,0,5,7,3,1,1,13,8,2,12,6,9,7,2,6,0,0,7,4,3,19,4,4,4,7,0,4,4,2,4,6,1,3,10,8,2,0,2,10,1,0,6,7,7,5,2,1,5,1,4,0,9,3,0,4,8,18,4,3,6,4,7,1,3,2,3,1,3,8,8,7,7,8,7,4,7,20,4,3,3,10,16,3,2,0,8,2,2,0,6,3,3,8,6,4,4,0,1,4,10,1,1,2,2,2,4,1,3,7,12,1,10,11,2,11,8,7,6,0,4,8,1,7,9,1,4,4,4,4,9,2,1,4,10,18,1,3,1,6,12,5,1,8,1,4,6,4,0,4,0,13,5,0,3,2,0,19,6,3,3,7,8,4,7,0,0,9,0,5,3,2,2,1,7,10,2,4,1,3,14,3,4,6,5,0,6,3,12,0,2,1,0,5,6,4,7,6,6,6,4,2,6,10,2,3,2,3,6,0,12,3,7,2,21,15,2,7,3
RPS25,28,5,10,2,8,10,16,27,18,15,17,16,18,20,13,38,10,12,18,20,8,19,13,10,6,5,20,23,8,30,19,18,30,21,2,7,29,25,21,13,38,25,12,38,19,27,21,10,32,21,16,34,5,13,21,2,4,28,22,15,25,17,15,10,27,25,20,1,9,25,6,40,27,3,9,11,5,19,2,16,19,13,5,10,4,50,21,33,10,25,13,18,18,9,27,17,16,11,6,36,11,27,13,23,12,6,16,8,16,18,14,28,1,29,27,44,15,27,10,10,10,3,13,7,43,25,12,10,16,20,12,13,12,12,12,16,12,16,8,10,26,13,32,25,42,6,8,5,70,6,26,8,15,33,12,26,12,19,7,5,16,21,11,6,5,19,12,36,21,28,34,10,39,10,7,5,27,14,14,32,15,14,25,8,3,29,39,24,14,19,16,25,30,33,32,28,17,6,1,30,4,10,15,13,23,18,22,28,22,24,19,7,8,4,4,7,36,15,24,13,10,13,13,12,70,8,17,6,41,23,28,11,21,34,5,12,15,16,27,13,6,12,16,6,15,18,14,10,21,5,20,8,17,10,9,27,23,35,15,7,20,8,18,23,20,20,18,13,32,17,8,35,4,4,22,5,17,20,26,32,10,9,28,18,30,31,30,12,11,20,25,23,8,13,25,9,6,15,11,10,23,23,17,31,7,12,27,2,9,25,22,9,21,29,28,6,18,33,23,18,12,3,10,11,15,9,22,53,18,27,19,16,23,7,11,11,15,7,39,17,19,22,10,31,15,23,17,6,18,15,7,29,32,29,6,9,14,44,23,8,20,22,15,3,8,23,46,15,27,26,5,12,8,21,8,33,28,30,22,15,12,6,34,23,23,3,27,32,13,4,24,32,13,13,21,6,34,23,5,15,12,43,9,33,4,26,14,22,26,28,23,34,7,21,34,22,10,9,19,27,14,26,21,5,16,27,7,13,21,19,5,28,22,9,10,12,6,10,23,17,4,26,36,23,29,33,1,27,9,6,17,22,10,17,15,33,12,30,11,20,10,23,23,9,24,18,33,24,7,4,8,14,8,25,26,8,8,20,14,6,13,17,2,38,14,45,18,27,29,7,23,20,26,17,26,12,33,18,9,6,3,8,23,5,23,20,19,25,10,14,0,6,13,16,15,23,10,17,12,8,32,19,27,8,14,7,15,13,15,32,16,35,9,11,26,15,14,36,22,25,77,21,17,2,19,24,13,17,32,29,39,36,9,13,7,16,14,16,32,11,13,29,17,9,27,31,17,28,34,7,33,6,34,12,35,15,14,32,6,14,14,3,22,16,13,23,26,3,16,5,9,7,3,19,43,31,34,10,14,9,22,10,6,9,37,29,7,14,20,18,7,17,7,21,47,21,32,12,12,10,37,30,20,6,8,7,35,8,11,42,13,23,12,4,5,12,20,35,17,19,30,2,33,25,22,6,24,25,20,5,3,14,17,8,9,5,16,20,6,14,10,24,23,5,25,10,2,12,17,12,28,31,7,12,25,19,5,13,40,18,3,25,23,31,10,22,14,28,3,16,18,23,20,13,26,15,17,14,5,10,6,18,27,12,12,15,36,30,11,65,9,8,6,44,9,21,7,17,11,28,27,27,16,36,23,20,10,27,11,12,18,10,14,10,29,31,8,38,10,17,8,18,16,2,27,4,12,15,20,6,20,23,28,32,14,26,20,7,14,39,19,13,10,28,11,9,16,14,25,19,22,18,16,14,9,5,7,9,6,33,11,9,10,19,9,11,7,27,37,32,10,21,11,2,18,19,8,32,4,19,18,13,14,14,24,23,18,19,14,11,21,4,18,5,16,15,14,4,13,6,12,7,29,19,24,28,16,23,17,6,31,11,16,10,22,32,9,27,2,36,9,15,21,9,41,49,13,59,8,29,9,2,1,23,16,8,5,10,42,17,31,36,24,17,20,14,23,7,14,14,17,10,20,9,23,7,5,37,10,12,16,7,16,14,11,16,26,12,11,22,24,9,4,7,2,10,30,24,21,11,14,30,10,47,23,5,12,18,36,13,10,8,20,23,10,16,10,19,28,22,5,36,8,3,20,6,9,23,7,35,4,25,13,15,15,13,23,17,19,5,15,28,12,15,6,34,22,7,36,22,4,26,16,14,15,9,17,24,27,15,18,10,19,7,5,11,20,17,33,6,38,38,2,13,19,15,33,14,6,31,11,10,26,22,16,24,21,14,25,11,20,33,18,10,8,15,11,16,14,19,24,9,42,16,33,12,13,31,1,21,33,13,12,28,19,21,22,17,18,26,8,15,16,30,15,18,30,4,34,32,31,57,12,24,11,12,21,26,8,20,24,7,22,8,34,26,22,12,23,8,25,3,42,15,23,22,6,9,29,27,29,22,16,13,9,17,6,8,14,8,12,37,3,3,18,16,35,7,12,10,25,5,18,19,2,11,5,28,20,12,7,31,17,22,19,4,15,19,4,21,44,14,25,4,10,21,15,25,25,13,16,21,21,25,13,13,9,10,12,17,28,12,20,14,11,38,6,31,4,23,16,3,16,5,7,9,9,34,18,13,14,13,17,5,32,23,19,9,27,15,9,18,16,24,18,8,21,6,16,14,37,23,16,6,17,26,16,24,18,4,38,18,22,34,11,5,10,19,14,33,27,25,15,23,8,26,16,23,2,10,36,23,9,22,22,25,16,8,18,30,9,19,23,29,18,11,14,26,23,9,14,30,3,26,13,15,16,13,17,22,18,18,26,24,23,38,7,8,25,20,10,16,18,8,14,22,15,11,21,19,18,24,32,13,18,17,11,28,19,15,16,39,9,4,10,39,10,10,23,9,30,26,24,13,5,16,14,4,17,21,12,8,9,23,20,17,15,10,10,7,16,26,16,19,18,7,15,24,3,16,20,30,20,14,0,28,3,24,13,20,20,15,20,6,12,27,8,22,30,11,13,12,17,7,28,14,18,25,5,24,25,15,5,12,33,32,15,25,13,15,26,19,12,22,11,18,28,15,43,11,5,13,38,2,20,16,5,21,15,6,21,70,16,15,7,24,26,8,5,17,15,20,15,11,9,12,14,33,5,38,9,7,16,21,27,24,11,17,24,9,7,26,9,26,10,19,21,22,34,13,32,18,24,22,52,7,8,7,25,42,21,12,2,10,15,11,8,30,6,16,19,16,23,11,5,9,11,36,17,15,11,5,16,14,15,14,23,27,12,25,24,26,14,30,18,28,12,12,25,12,19,22,4,17,7,20,21,30,7,9,23,45,54,7,14,14,19,26,23,16,26,10,21,21,17,16,19,8,24,16,8,12,10,14,33,17,20,28,20,11,13,26,7,12,45,6,17,8,18,14,6,21,27,9,15,4,17,26,10,16,13,20,11,23,2,23,9,7,8,6,9,30,24,25,24,12,35,27,13,27,27,0,5,13,15,12,2,39,17,20,20,71,38,11,19,14
ND1,8,5,0,4,3,11,15,9,3,2,8,5,19,6,6,27,8,4,12,7,4,4,10,9,1,10,5,14,13,8,3,15,8,11,4,0,7,6,7,8,5,3,23,17,4,4,3,5,6,4,4,6,13,5,13,10,2,8,4,4,23,0,9,9,1,2,4,5,19,9,2,20,1,7,5,2,1,8,0,12,5,6,8,11,5,8,6,3,0,0,11,10,7,10,8,3,2,7,11,12,2,6,11,4,5,7,5,7,24,4,12,7,3,6,2,16,6,7,12,2,4,2,7,1,12,4,6,0,11,10,8,2,5,4,4,8,4,6,9,4,0,5,6,8,15,3,13,8,6,5,21,4,3,12,3,5,8,4,3,6,6,4,15,10,7,12,10,8,12,35,5,3,5,8,13,0,1,1,14,5,4,5,11,0,12,6,8,0,13,12,21,10,2,12,8,4,3,0,5,8,7,3,16,0,5,5,6,8,7,3,1,5,2,1,4,4,15,5,12,15,4,3,2,8,6,4,2,12,7,3,5,3,21,15,7,4,1,6,3,6,13,1,2,2,7,5,4,15,32,7,2,6,0,5,9,6,2,6,4,15,3,5,4,10,2,9,2,1,9,2,7,35,8,7,4,4,3,39,21,6,10,5,8,14,7,12,8,3,3,1,3,4,18,3,3,5,2,0,21,2,3,3,5,2,7,2,7,3,18,9,7,0,7,5,5,3,4,6,10,7,8,2,11,3,9,4,12,16,1,3,2,12,7,4,4,3,5,5,8,11,9,7,11,13,4,4,2,11,2,14,17,9,18,3,8,2,5,3,23,4,5,5,1,8,4,4,36,7,6,7,4,9,2,1,9,24,3,8,2,21,8,2,13,1,14,0,6,17,9,6,10,21,3,14,6,9,11,10,4,11,9,8,4,4,10,11,12,13,9,6,8,3,12,5,6,29,2,9,4,3,13,11,10,7,10,2,11,7,5,4,2,6,8,2,21,4,10,2,3,10,5,10,22,14,6,23,3,1,2,2,17,5,16,6,21,16,6,15,16,9,5,1,5,9,38,14,5,7,5,5,6,14,3,8,3,18,10,1,6,5,15,10,0,13,5,15,4,9,7,10,1,11,4,3,4,13,7,4,8,11,1,15,6,6,7,7,4,20,1,2,3,8,3,9,2,4,3,5,7,9,4,10,7,5,13,15,11,5,14,15,9,19,5,2,10,14,1,8,6,2,24,6,0,2,7,5,15,4,22,4,5,34,4,5,7,17,3,14,6,5,8,16,9,4,3,8,13,4,17,3,8,2,12,3,8,14,4,6,11,9,5,2,6,12,6,8,6,2,2,2,6,4,4,18,8,8,10,4,5,4,4,21,0,1,7,23,14,9,6,2,17,9,4,3,9,6,6,7,14,12,5,9,9,0,5,0,3,14,6,16,0,4,5,5,7,4,3,5,2,6,1,3,14,11,1,3,17,0,2,5,0,1,4,4,2,4,3,7,4,23,9,7,7,7,8,2,8,2,6,5,3,6,9,5,8,3,1,10,8,6,0,20,7,3,9,6,6,7,1,2,3,5,7,7,4,6,9,9,5,8,8,7,16,3,3,23,8,1,4,24,9,13,4,8,14,2,11,9,9,1,5,7,4,12,1,7,5,3,1,3,2,8,1,6,12,1,10,10,5,7,1,13,7,17,6,0,4,5,4,3,10,3,7,6,5,5,2,3,9,3,7,8,5,2,13,6,3,4,6,6,3,5,2,8,4,6,13,4,17,16,5,5,6,5,10,10,1,5,10,6,0,3,0,3,11,7,5,8,8,8,5,7,0,3,14,5,10,5,6,3,3,13,3,2,8,2,14,6,7,3,1,6,11,7,4,13,2,1,4,0,6,3,5,9,6,6,6,6,9,7,3,16,3,2,4,15,4,17,4,10,3,4,5,6,12,0,6,10,3,3,8,15,3,3,5,5,5,4,7,1,7,5,16,5,6,3,4,5,2,17,3,3,15,11,16,3,7,2,7,7,10,11,5,2,0,15,6,6,7,2,5,5,8,9,3,5,3,4,22,10,15,4,5,8,7,5,4,2,3,4,2,22,14,4,4,17,5,5,15,22,4,8,3,1,2,4,3,21,5,2,8,6,11,11,3,5,8,6,3,2,1,4,15,4,7,1,7,2,3,8,7,3,4,3,7,18,10,2,8,6,6,28,5,4,7,10,6,8,16,8,6,7,7,27,8,6,1,5,2,3,5,8,4,2,4,4,4,7,8,5,3,5,5,5,6,4,3,5,5,5,16,7,9,4,4,4,12,7,19,5,0,2,6,7,4,13,9,11,3,6,16,16,0,10,2,19,2,23,12,4,8,3,8,1,4,4,6,3,7,6,2,7,16,3,7,5,8,6,8,8,4,5,10,20,4,6,16,4,5,11,18,7,2,10,3,8,5,17,9,14,17,4,6,2,3,11,6,9,7,5,10,11,4,20,2,7,0,6,5,19,10,6,13,11,11,10,1,5,5,4,4,9,8,6,5,2,13,4,5,2,1,3,14,3,2,6,11,3,6,6,3,1,6,4,2,2,4,10,7,3,17,2,16,0,1,1,4,4,14,1,5,3,1,26,1,4,6,0,15,1,7,6,8,4,5,9,3,1,3,3,11,6,6,10,7,0,16,4,6,17,6,4,14,5,4,6,4,6,3,5,5,10,3,5,10,9,9,6,5,5,4,1,4,5,3,2,3,20,8,9,6,9,3,19,6,4,11,6,2,1,11,8,7,5,7,11,8,12,7,6,11,17,4,0,4,13,10,1,7,3,10,10,3,1,5,0,5,21,1,7,14,10,13,3,2,10,14,11,2,1,7,2,21,14,6,2,4,5,3,2,4,6,1,3,1,3,10,3,6,9,17,11,17,24,9,12,4,2,2,12,4,10,4,1,3,2,3,1,15,1,14,4,2,8,4,11,5,6,7,3,3,4,7,3,13,8,2,7,3,4,5,14,4,14,6,7,4,9,2,13,17,6,5,6,3,3,4,6,18,2,7,5,9,4,1,9,4,5,5,1,5,6,4,1,6,4,9,4,17,0,3,13,7,20,5,17,5,10,5,16,3,16,6,2,17,10,9,5,6,19,4,8,0,2,4,5,3,10,6,11,21,16,2,5,9,18,6,5,1,15,11,7,3,8,7,9,4,4,4,1,5,5,7,4,12,10,1,41,3,6,3,5,12,13,4,3,4,6,5,4,10,5,3,9,3,8,4,8,3,5,5,8,6,1,0,13,13,14,1,5,7,5,8,1,7,12,6,5,3,7,4,0,3,9,1,2,3,8,5,8,11,7,5,5,19,5,3,5,7,26,2,17,6,8,9,13,6,7,15,8,4,7,9,9,10,5,4,13,17,6,2,14,3,3,0,1,6,6,8,16,3,1,5,5,2,9,7,9,4,2,3,4,6,1,14,5,7,13,2,7,9,11,10,1,1,6
CLIC1,1,2,5,3,2,3,3,0,0,0,1,5,4,0,0,7,0,2,3,0,1,1,2,1,0,3,0,0,0,1,0,0,1,1,3,3,1,0,3,1,1,2,4,2,0,0,0,0,0,1,0,2,0,3,2,1,1,1,1,2,4,0,3,1,0,3,1,1,2,0,1,3,1,1,1,2,6,2,1,3,4,2,0,1,1,0,0,1,2,0,3,0,0,2,2,9,1,1,2,17,3,0,1,0,1,3,0,4,5,0,0,0,1,5,0,0,2,0,3,0,1,0,3,1,1,0,1,0,4,0,0,1,0,2,2,0,0,0,3,1,0,2,1,1,8,2,5,0,0,1,3,1,1,0,0,0,1,1,0,0,0,1,6,0,0,1,2,1,1,12,0,1,1,0,4,0,1,1,2,0,0,0,3,1,1,0,2,0,5,4,5,2,0,1,0,0,1,4,1,1,2,1,1,1,0,0,1,0,5,0,0,4,1,2,2,4,0,2,3,7,1,1,1,1,0,4,1,1,0,0,0,0,3,9,2,3,0,1,2,0,0,0,0,2,0,1,1,2,6,1,0,1,2,2,2,5,2,0,3,3,0,3,2,4,2,2,0,2,1,5,4,2,2,1,0,4,2,1,3,1,0,1,0,1,0,1,0,1,0,0,0,3,0,1,2,0,0,1,4,1,0,0,4,1,2,0,2,0,2,0,0,1,0,0,0,0,0,6,3,0,1,2,2,0,0,0,3,2,0,0,2,3,0,0,0,0,1,4,2,1,5,2,4,1,2,3,0,1,1,5,2,0,4,1,3,1,0,1,1,1,2,2,1,1,5,0,14,1,0,1,3,0,4,1,2,14,0,0,0,3,0,0,2,0,0,2,5,0,3,2,0,1,1,7,0,0,7,1,1,6,1,0,5,1,2,2,4,1,1,2,2,3,1,1,2,6,1,2,0,1,2,2,7,0,0,0,2,0,0,2,0,0,3,0,2,0,0,2,0,9,1,0,4,0,0,4,4,0,0,1,4,2,2,2,3,3,1,4,4,2,2,0,0,0,2,3,2,0,2,1,1,2,1,2,0,3,1,0,1,0,1,2,1,5,2,1,0,0,0,5,0,0,0,2,1,0,1,2,2,2,0,2,0,0,2,0,1,9,3,0,2,3,1,1,0,4,2,1,0,3,0,0,0,5,3,3,4,0,5,2,2,1,1,1,1,5,2,2,0,1,12,0,2,0,0,1,5,0,6,0,1,8,0,0,0,5,0,4,0,0,0,0,1,5,1,0,0,0,0,0,0,4,0,1,1,2,1,1,1,2,0,4,0,2,1,2,1,0,1,3,0,2,3,2,0,2,0,2,0,2,0,2,0,4,1,9,1,5,0,0,0,1,3,0,1,0,0,5,1,2,2,2,2,1,6,3,0,1,0,1,1,0,1,5,0,1,0,1,1,1,1,0,3,1,3,0,5,0,2,1,0,1,0,1,1,1,2,0,0,2,1,3,3,4,2,2,1,0,0,2,0,0,1,1,4,0,2,2,1,2,1,9,3,0,0,0,3,0,0,0,0,0,1,1,0,0,2,0,4,0,1,0,3,3,0,1,2,1,1,10,3,0,1,0,2,0,2,3,0,0,0,0,0,1,0,1,1,1,0,6,2,0,1,0,2,0,0,3,3,0,1,0,6,1,0,2,1,1,0,0,1,0,0,2,4,2,0,0,5,2,3,0,1,0,0,1,3,2,0,0,1,3,1,1,2,2,4,0,1,3,1,0,0,2,4,5,1,0,0,1,5,0,0,2,6,3,2,0,3,0,1,1,0,1,4,1,1,1,0,0,0,2,1,2,0,1,4,2,2,2,4,2,3,1,2,2,1,0,0,0,2,0,1,1,0,0,0,0,3,0,0,3,2,1,0,2,2,0,4,0,1,0,0,0,4,0,2,3,0,0,0,0,0,0,1,2,0,4,3,0,1,3,9,3,1,1,2,1,0,2,2,0,3,4,3,1,1,0,0,5,1,0,5,1,1,3,0,0,3,1,1,1,0,0,1,0,1,2,4,3,3,1,0,1,0,5,1,0,0,1,0,4,1,1,2,3,0,0,1,2,1,1,1,0,2,2,0,6,2,1,1,0,1,4,0,0,1,1,0,1,0,0,3,0,3,0,1,0,0,3,3,0,0,4,2,3,0,1,4,4,0,17,1,1,0,3,1,3,2,0,1,3,1,12,0,1,1,0,0,0,0,1,0,4,2,4,0,2,0,0,0,2,2,0,1,6,1,0,0,0,3,3,1,0,0,0,1,0,4,0,1,2,0,0,1,1,0,1,2,0,10,11,1,0,0,4,0,3,1,0,1,4,1,2,0,0,0,1,0,1,4,1,1,1,0,1,1,0,0,2,0,0,3,3,2,1,2,0,0,1,2,1,2,4,0,1,1,0,1,4,2,0,1,0,3,4,0,1,2,1,0,0,5,6,0,0,0,2,1,0,1,5,5,1,3,0,3,0,2,2,4,1,4,1,0,0,2,1,0,3,0,0,3,0,0,2,2,0,0,1,0,0,1,1,2,0,0,6,0,0,0,1,4,3,1,2,0,0,2,0,2,0,1,2,0,2,0,1,3,2,1,3,0,0,0,0,5,1,0,7,4,1,0,6,2,3,2,1,0,9,0,0,1,0,1,1,2,0,2,5,0,0,0,0,1,0,2,0,4,1,0,0,3,0,0,1,3,8,2,1,0,0,2,8,0,1,6,0,0,3,0,6,0,0,2,4,6,2,0,1,3,5,0,0,1,5,1,0,0,0,1,0,0,0,1,2,3,4,0,2,4,0,2,0,0,1,3,1,0,1,0,1,3,5,5,1,1,5,0,0,3,2,0,0,2,0,1,1,0,1,5,0,4,9,0,1,2,0,1,3,0,1,3,0,2,3,4,1,1,1,7,3,0,0,0,0,0,0,0,0,1,0,1,3,2,3,2,0,2,3,0,1,0,0,2,0,1,2,1,4,0,1,1,1,0,0,1,3,17,2,1,2,2,1,1,0,4,0,3,1,0,0,0,1,4,0,2,5,0,1,0,8,1,4,0,7,2,7,0,3,1,0,2,0,5,1,3,0,0,3,5,1,1,0,1,2,0,0,5,3,1,1,0,1,1,6,1,0,3,8,2,0,3,0,3,3,1,0,0,1,0,1,2,0,0,6,1,8,1,2,1,6,2,5,0,0,0,0,0,0,0,4,1,0,0,1,0,2,0,2,2,0,2,1,1,1,3,0,1,0,2,0,0,4,1,2,0,2,0,4,0,0,5,1,1,2,3,3,1,0,2,0,2,2,9,0,1,2,1,4,0,0,4,1,1,0,0,1,6,1,1,1,0,2,0,0,0,4,8,0,0,7,0,0,1,0,0,2,0,1,1,1,1,0,0,0,0,1,2,0,2,1,1,1,1,1,1,14,1,1,0,3,0,0,0,1
RPS6,53,8,20,11,19,23,14,64,19,17,31,26,29,40,29,47,20,27,15,38,22,49,10,19,21,12,41,34,26,57,56,48,57,36,11,9,53,51,34,22,65,33,24,62,43,30,43,18,39,41,30,52,13,20,30,12,11,38,26,13,60,39,39,13,26,21,40,3,13,42,11,109,40,8,7,15,4,27,9,24,40,18,7,13,14,64,43,46,11,39,30,20,36,20,34,27,22,26,14,80,9,50,13,52,21,11,14,9,21,39,25,59,6,50,32,79,25,49,20,25,21,2,24,8,42,52,14,16,24,28,15,70,13,17,23,27,30,34,8,27,33,27,28,50,79,13,25,17,80,18,24,3,22,57,12,42,16,24,15,7,31,41,21,14,4,38,20,40,36,68,44,4,69,30,26,10,40,17,17,45,29,29,34,23,18,44,65,43,17,24,47,55,39,56,70,41,19,7,3,57,17,21,20,16,38,19,34,61,48,47,23,11,9,11,20,8,44,30,33,42,21,25,25,27,80,8,18,11,56,28,63,25,37,59,12,14,15,25,31,22,11,20,27,5,22,19,27,15,41,16,41,14,23,20,23,36,33,64,28,12,34,21,26,41,26,25,25,17,71,35,9,56,13,10,30,10,14,52,24,28,9,13,69,43,52,56,56,22,45,30,39,69,24,28,29,24,15,31,18,11,48,36,12,34,17,16,35,4,25,42,44,13,17,36,31,21,29,84,41,36,16,6,25,20,10,28,14,79,27,44,49,24,49,13,12,25,32,10,64,28,52,25,18,56,45,52,19,22,28,35,33,54,55,39,6,13,16,91,33,2,29,32,33,4,10,33,102,43,50,43,14,11,14,21,8,72,44,55,38,37,13,11,51,35,34,2,36,51,23,7,49,59,20,31,37,9,33,31,11,19,20,49,17,54,10,48,13,25,32,39,44,45,17,54,52,57,26,23,47,37,33,48,40,4,18,32,20,21,24,24,8,45,34,13,18,18,14,15,40,60,14,58,56,34,32,81,14,26,21,11,17,33,12,21,37,53,14,41,26,44,26,50,46,21,30,23,36,37,12,11,14,12,13,66,46,14,14,25,30,9,20,39,7,27,14,69,20,64,66,10,40,47,40,32,30,15,42,37,20,11,4,17,43,4,32,28,16,50,21,27,0,6,27,26,17,35,9,21,24,10,58,53,49,15,21,12,17,26,35,65,26,69,22,27,52,35,23,59,19,58,216,43,37,5,36,44,42,29,64,36,69,67,6,27,5,25,19,32,37,25,17,41,13,17,45,47,19,56,42,17,51,9,51,36,53,23,27,28,9,27,22,8,19,16,25,34,40,14,16,9,23,25,10,28,49,63,41,20,16,19,43,30,6,15,82,70,18,17,26,25,23,13,16,37,78,53,37,26,23,26,61,49,25,7,16,9,44,11,30,50,16,36,22,7,8,36,31,53,37,31,23,5,57,40,20,21,44,35,26,16,5,21,18,11,15,10,24,28,16,34,20,56,25,7,43,15,6,22,46,44,37,47,16,22,51,59,4,10,53,27,6,50,51,60,4,45,19,46,4,22,47,38,34,10,39,43,20,41,24,12,13,36,43,14,14,21,49,23,12,107,21,26,12,49,14,48,20,32,26,27,39,24,17,58,22,34,18,51,12,30,28,20,25,35,43,50,27,54,16,21,11,38,27,11,49,9,22,32,22,11,16,48,39,52,12,31,50,22,17,51,24,13,18,53,16,23,30,15,51,30,38,23,36,21,9,6,26,20,8,53,6,24,35,36,8,37,16,44,89,28,20,37,20,6,34,16,15,70,8,26,49,10,17,26,55,26,19,32,15,19,37,11,33,6,27,30,29,6,18,13,11,14,57,46,26,68,36,19,23,6,41,12,23,14,38,37,23,42,7,59,10,27,34,21,37,83,17,78,16,48,20,3,4,38,26,14,3,17,49,26,49,44,50,22,36,20,46,16,14,31,30,11,29,16,40,18,8,46,14,14,26,16,27,36,28,45,44,29,30,48,33,28,7,8,9,17,69,53,34,18,20,49,30,84,45,11,26,38,56,15,16,8,44,46,4,26,10,28,44,37,14,56,9,15,22,28,24,45,10,61,5,50,32,27,25,17,27,41,27,9,41,32,31,17,28,44,33,14,43,20,3,39,27,24,23,15,30,38,49,15,20,20,19,4,8,24,28,13,64,11,48,119,15,17,40,42,64,31,13,47,25,10,34,68,29,34,29,27,33,26,32,49,35,13,13,18,23,21,19,29,38,22,61,14,54,26,32,35,4,52,53,11,20,28,47,21,30,21,29,62,23,10,31,51,16,17,41,9,47,51,83,89,21,60,22,30,39,49,13,22,52,10,33,18,51,40,24,18,30,30,37,8,50,24,28,41,19,24,53,34,42,49,16,28,9,19,13,11,14,10,27,82,6,16,47,15,53,23,20,22,41,12,21,36,6,23,7,42,35,19,16,58,26,51,36,11,25,35,11,52,51,26,32,9,13,41,26,29,34,14,22,36,34,64,26,29,11,14,14,21,27,12,30,27,18,43,11,60,9,48,30,6,25,14,18,13,23,50,19,12,34,70,24,10,74,18,18,40,42,15,22,26,19,67,27,13,29,20,42,26,82,32,24,12,37,23,34,42,23,10,88,25,38,50,34,10,18,27,15,66,55,26,29,46,22,39,14,43,6,17,62,52,16,25,21,43,26,19,31,49,28,45,69,45,23,23,28,38,34,22,19,41,9,30,29,25,24,26,42,20,39,35,32,56,33,88,11,16,60,35,13,25,35,14,27,37,25,23,45,40,19,47,41,27,49,23,12,80,33,29,32,70,11,6,25,61,31,23,57,34,52,45,49,19,10,16,11,7,22,46,25,13,19,36,17,31,25,21,19,16,25,77,44,44,17,17,31,39,19,24,24,34,48,25,0,40,14,42,14,28,42,28,29,13,30,31,14,46,50,45,27,12,48,12,68,31,25,37,3,40,51,11,12,15,35,49,16,56,70,27,44,30,29,34,20,42,56,17,85,27,10,35,41,4,28,31,10,40,21,13,20,80,39,16,10,14,42,10,9,31,20,25,29,13,11,30,29,42,11,88,8,13,45,48,71,33,31,30,23,16,15,39,13,34,10,37,43,32,45,30,59,44,38,43,88,11,30,17,43,79,36,21,6,30,20,10,3,38,12,19,32,27,32,23,4,16,25,85,16,25,13,9,23,17,23,32,50,55,13,52,60,26,29,41,42,44,12,31,33,10,36,41,6,52,13,52,24,49,16,11,32,72,82,21,23,20,30,43,28,28,52,11,14,36,52,8,32,3,44,29,18,16,19,14,53,30,42,31,34,26,35,44,12,16,62,11,39,19,16,18,10,43,37,17,18,9,29,47,34,34,23,42,20,34,9,50,12,14,8,7,22,23,41,51,39,23,59,39,14,32,31,5,18,21,11,29,5,56,26,34,28,122,47,12,45,27
NCF1,0,0,0,0,0,1,1,0,1,0,0,0,0,0,0,0,0,0,0,0,0,0,0,2,0,0,1,0,0,0,0,0,0,0,0,0,0,0,0,2,0,0,3,1,0,1,0,2,0,0,0,1,2,0,1,1,0,0,0,0,0,0,0,0,0,1,0,0,0,0,0,1,1,3,1,0,0,2,1,0,0,0,1,0,0,0,0,3,0,1,0,0,0,3,0,2,0,2,3,4,1,4,1,0,0,5,0,0,3,1,1,0,1,2,1,3,0,0,0,0,1,2,3,0,0,2,0,0,0,0,0,1,2,0,0,0,3,0,0,0,0,0,0,0,1,0,1,1,3,0,10,0,0,0,0,0,0,0,0,2,0,0,1,1,0,1,2,1,1,2,0,0,0,2,2,0,1,1,1,1,0,0,0,1,0,1,0,1,2,0,0,0,0,0,0,2,0,0,0,0,0,0,0,1,1,0,0,1,0,0,0,0,0,0,0,0,0,0,3,3,1,1,2,2,3,0,1,0,0,0,0,0,0,1,2,0,0,2,0,1,0,0,2,2,0,2,0,4,6,0,0,1,0,0,1,0,0,0,2,0,1,0,0,0,0,1,0,0,0,1,0,1,1,0,0,0,2,0,10,0,1,2,1,0,0,0,3,1,0,0,0,0,1,0,1,1,0,1,0,0,0,0,0,0,3,0,0,1,0,0,0,0,3,0,0,1,0,1,3,0,0,0,0,0,1,2,1,0,1,1,0,0,1,2,0,1,1,1,0,1,0,0,0,0,3,0,0,1,0,0,1,0,1,0,0,2,1,1,1,0,0,2,1,2,0,0,2,0,4,0,0,3,0,0,0,0,0,0,1,0,0,1,3,0,0,0,0,2,0,0,0,0,1,0,0,0,2,0,0,1,2,0,0,0,2,1,0,1,0,4,0,1,3,0,1,0,0,1,0,0,1,1,0,0,0,1,0,0,0,0,2,0,0,1,1,0,0,0,0,1,0,1,0,0,0,0,0,0,3,0,0,0,0,0,0,0,0,0,2,2,5,0,0,3,0,1,1,1,0,2,1,1,0,0,0,0,1,1,2,0,0,2,0,0,2,1,0,0,2,1,0,0,0,2,0,4,1,1,0,0,1,0,0,0,0,0,5,0,0,0,1,0,1,0,0,0,0,1,0,0,0,0,0,2,3,0,0,2,0,0,1,1,0,0,3,0,0,0,0,0,1,0,0,0,0,1,1,0,1,1,0,0,0,0,1,3,2,0,0,0,1,0,1,0,0,2,0,0,1,0,0,0,0,0,0,2,0,0,2,0,1,0,0,0,0,0,4,0,1,0,0,2,0,0,0,0,0,1,1,2,0,2,1,0,0,0,0,1,1,0,2,1,0,0,1,1,0,0,1,1,0,0,1,0,0,0,0,0,0,1,1,1,0,0,3,0,0,1,1,1,0,1,0,0,0,1,3,0,0,1,0,0,0,0,0,1,1,1,1,0,2,0,0,0,0,0,0,0,0,2,0,1,5,0,0,0,1,0,1,0,0,0,1,1,0,2,0,0,1,1,0,1,0,1,0,0,0,1,0,2,2,0,5,0,2,0,0,0,0,0,0,0,1,0,1,0,0,0,1,1,0,0,0,0,0,0,4,0,0,0,0,0,1,0,2,1,0,1,0,0,2,0,1,1,0,0,2,1,0,0,0,0,1,1,0,0,0,4,1,1,1,0,4,0,0,0,0,1,0,0,0,0,0,0,0,0,2,1,0,0,2,1,0,1,0,0,0,0,0,0,0,0,0,0,1,1,0,0,7,0,1,1,1,0,0,0,0,3,0,0,0,1,0,2,0,0,0,0,0,0,0,1,0,0,1,1,0,2,0,1,0,0,1,0,0,0,0,0,0,1,1,1,0,0,0,1,0,1,0,0,0,0,2,0,0,0,1,1,0,5,0,0,0,0,2,2,0,0,0,0,2,1,0,0,0,0,0,0,2,0,0,2,0,1,0,0,5,0,1,0,0,0,0,0,1,2,0,0,0,0,0,1,2,0,1,0,4,0,0,1,1,0,1,0,0,0,2,0,0,0,0,0,1,0,1,1,1,0,0,0,2,0,0,0,1,0,0,1,0,0,1,1,0,0,2,0,0,5,0,0,6,0,0,0,0,0,2,0,1,3,1,0,0,0,0,0,0,0,1,0,2,2,0,0,0,1,0,0,0,2,0,1,0,0,0,1,0,0,1,1,1,0,1,0,2,0,0,0,0,0,1,1,0,0,1,0,0,0,2,0,0,0,2,0,0,1,1,0,0,1,1,5,0,0,0,0,0,2,0,1,1,1,1,0,0,0,0,1,2,0,0,0,0,0,1,0,1,1,0,0,0,3,1,0,0,1,0,0,1,0,0,0,0,0,0,0,0,1,0,2,0,0,0,0,0,2,1,2,2,1,2,0,1,0,0,0,2,0,3,0,1,0,0,0,0,1,0,0,2,1,0,0,0,2,1,1,0,1,1,0,2,0,2,0,1,1,1,2,1,1,1,0,0,0,3,1,0,1,0,0,1,0,0,1,0,1,1,4,0,0,0,1,2,0,0,2,0,0,3,0,1,3,0,0,1,2,0,2,0,0,0,0,0,0,0,0,0,0,0,0,1,0,0,4,2,0,1,0,0,1,0,1,4,0,0,0,1,0,0,2,0,0,0,0,0,0,1,0,0,1,2,0,0,0,0,0,3,0,0,2,3,0,0,0,0,0,0,0,0,0,0,1,1,0,1,1,1,0,0,2,1,3,1,0,0,5,5,0,1,0,0,1,1,0,1,0,1,0,0,0,0,0,1,0,0,0,0,0,0,0,0,0,0,4,1,1,1,0,0,0,0,0,0,0,0,0,5,0,0,5,3,1,0,1,0,3,0,0,1,0,0,0,1,0,1,0,0,0,1,0,0,2,0,3,3,0,1,0,0,0,1,0,0,0,1,0,3,0,0,3,0,2,0,0,0,0,0,0,1,0,0,0,0,0,0,0,1,0,2,0,3,3,0,0,0,1,0,1,0,1,0,3,1,2,0,2,5,0,1,0,0,0,0,1,0,0,0,1,0,1,2,1,0,0,1,0,2,0,0,0,0,0,0,0,2,0,0,0,0,0,0,0,0,0,1,0,0,0,1,1,0,0,0,2,0,1,0,0,0,0,0,0,0,0,1,0,0,0,0,0,0,0,0,2,0,0,0,0,2,2,0,0,3,0,0,0,0,0,2,0,1,0,0,1,0,0,0,0,0,0,0,2,0,0,1,2,0,3,0,0,1,0,0,0,1,0,0,2,1,0,0,0,2,2,0,0,0,0,0,1,0,0,0,0,1,0,0,0,0,0,0,2,0,2,0,0,0,3,1,0,2,0,0,0,1,0,0,1,0,0,0,0,1,0,0,0,0,1,0,1,0,1,1,0,2,0,2,1,0,0,0,0,0,0,0,0
NA..11,1,0,1,1,1,0,0,1,0,1,0,0,4,0,0,0,0,0,1,1,0,0,0,1,0,1,0,0,0,0,0,0,0,0,1,0,0,1,1,0,0,0,0,0,0,1,0,2,1,0,0,0,2,3,0,1,0,0,0,0,0,0,0,0,0,2,0,0,0,0,0,1,1,0,0,0,0,0,0,0,0,0,0,2,1,0,1,0,2,0,0,0,2,0,0,1,2,0,2,14,1,0,1,0,1,1,0,0,3,0,0,0,0,1,0,0,1,4,0,0,0,2,2,0,0,1,0,0,3,0,0,0,0,0,0,0,3,1,0,0,0,1,1,1,0,0,0,0,0,0,2,0,0,0,0,0,0,0,0,0,0,0,0,2,0,0,0,1,1,0,0,0,3,0,0,0,1,0,2,0,0,0,2,0,1,2,0,0,4,2,0,1,0,0,1,0,0,0,0,0,0,0,1,0,0,3,0,0,1,0,1,0,0,0,0,0,0,0,0,0,0,0,1,1,0,0,0,0,1,1,0,0,0,0,0,0,0,1,0,1,0,0,0,0,0,2,0,0,3,1,0,0,0,0,0,0,0,0,0,1,0,0,0,7,0,0,0,0,0,0,0,1,0,0,1,0,0,0,2,1,2,0,3,0,0,1,0,0,0,0,0,1,0,0,0,0,0,0,2,0,2,0,0,0,2,0,0,0,0,0,0,0,0,0,2,1,0,0,0,2,0,0,18,0,0,0,2,0,1,0,0,0,0,0,1,0,0,1,0,0,1,0,0,0,0,0,0,1,1,4,0,0,1,1,0,1,1,0,0,0,2,1,1,0,1,0,0,0,0,0,0,0,0,0,0,3,0,0,0,0,2,1,1,0,0,1,0,3,0,0,0,3,0,3,0,0,0,0,0,0,1,0,0,0,4,2,1,0,2,1,2,1,0,0,0,0,0,0,0,0,0,2,0,0,0,0,0,0,0,0,0,0,0,0,0,1,2,0,0,0,1,0,2,0,0,5,0,0,0,0,0,0,0,0,0,2,0,2,0,0,0,0,0,0,5,0,0,0,0,1,0,0,0,0,0,0,0,1,0,0,2,0,0,0,4,0,0,1,1,0,0,0,0,2,0,2,0,0,2,1,1,3,0,0,0,0,0,0,0,0,0,0,2,0,1,0,0,0,1,1,0,0,4,0,0,1,0,0,4,0,0,1,0,0,0,4,1,0,0,2,0,0,0,0,2,2,0,0,2,0,3,1,0,0,0,2,0,0,0,0,0,0,0,0,0,0,0,0,0,0,0,0,0,0,0,5,0,1,1,0,0,0,0,0,0,0,0,0,0,0,0,0,0,0,0,0,0,1,1,1,1,0,4,0,0,2,2,0,0,0,1,0,0,0,1,0,0,0,3,0,1,0,0,0,0,0,0,0,0,0,0,1,0,0,1,0,0,1,0,0,1,2,0,1,1,1,10,1,0,2,0,2,0,0,1,0,0,0,0,6,0,1,1,0,0,0,0,0,0,1,0,0,7,0,0,1,0,0,0,0,0,0,0,0,1,1,0,0,1,0,0,0,0,0,0,1,0,0,0,3,0,2,1,0,0,2,0,1,0,0,2,0,0,0,1,1,0,1,0,0,0,0,0,0,0,0,0,0,0,0,0,0,0,0,0,0,0,2,0,0,0,0,0,3,0,0,1,0,0,0,0,2,0,0,0,1,0,0,0,0,0,0,0,0,0,0,0,0,1,0,0,0,3,0,3,0,0,0,0,2,0,0,0,0,1,1,0,0,0,1,1,0,0,0,0,0,0,1,1,0,0,0,0,0,1,0,0,0,0,0,0,1,0,0,0,0,4,0,0,0,0,2,1,0,0,1,3,1,0,4,0,0,2,0,0,0,0,1,1,2,0,0,0,0,0,2,0,1,2,0,0,4,0,0,0,0,2,4,0,1,0,0,0,0,0,0,0,1,0,0,2,0,8,0,0,0,0,0,0,0,0,1,0,0,3,0,2,0,0,1,0,0,0,0,0,0,0,0,1,0,0,0,0,0,1,0,3,0,2,3,0,0,0,0,2,0,0,0,0,0,0,2,2,0,4,1,0,3,1,0,2,1,0,0,0,0,0,1,1,0,3,0,0,0,0,0,0,2,1,0,0,0,0,0,0,1,2,0,0,0,0,0,5,0,0,0,0,0,0,0,0,1,0,0,0,0,0,0,0,0,0,0,0,1,0,0,0,0,0,0,0,0,1,0,0,1,0,0,0,0,0,0,1,0,1,0,0,2,0,0,2,0,1,0,0,0,0,0,4,0,0,0,0,0,0,0,0,3,0,0,1,0,0,0,0,9,1,0,1,0,0,0,0,0,0,0,0,0,0,0,0,0,0,0,0,0,5,0,0,0,0,0,0,0,3,3,0,0,0,0,0,0,0,0,0,2,1,1,1,1,0,0,0,0,0,0,0,0,1,0,0,0,0,5,0,0,0,1,1,0,1,0,1,3,0,0,0,0,0,0,0,0,1,2,0,0,0,0,0,0,0,0,5,0,0,0,1,0,0,2,0,0,0,1,0,0,0,2,0,0,0,0,0,1,0,0,0,1,0,0,0,1,2,3,1,0,0,0,0,0,0,0,2,0,0,0,0,0,0,0,1,1,0,2,1,1,0,0,0,2,0,0,1,0,0,0,0,0,0,0,0,0,0,0,2,0,0,0,0,0,0,0,1,0,0,0,0,6,0,0,0,0,0,0,0,0,0,0,0,1,2,0,0,0,1,1,0,6,0,0,0,2,1,0,0,5,6,0,0,0,0,0,0,0,0,0,0,0,0,0,0,0,0,0,0,0,0,1,0,0,0,0,3,2,0,0,0,0,0,0,0,0,0,0,5,0,6,0,0,7,2,0,1,0,0,0,0,0,0,0,0,1,0,0,0,1,1,0,0,0,0,0,1,0,3,0,0,0,0,0,2,0,0,0,1,0,2,0,1,1,0,0,0,3,0,0,0,6,0,4,0,0,0,0,0,0,0,0,0,2,6,0,0,1,0,1,0,0,0,0,0,0,0,0,2,0,0,1,1,1,0,0,0,0,1,0,0,3,0,0,0,0,0,1,1,0,6,0,0,0,0,0,0,0,0,0,0,0,0,0,3,1,0,0,1,0,0,7,0,0,1,0,0,0,0,0,0,0,0,2,0,0,0,0,0,0,0,2,0,1,0,0,4,4,0,0,0,0,0,1,0,0,0,0,0,0,0,0,0,0,0,0,0,0,0,0,0,0,0,1,0,0,1,0,0,0,0,0,0,0,2,0,0,0,0,0,0,0,2,0,0,2,3,4,0,0,0,0,0,1,0,0,0,0,0,0,0,0,1,0,0,0,0,1,0,0,0,0,4,1,1,0,0,0,0,0,0,2,0,1,1,1,1,0,0,1,2,0,0,0,0,2,1,0,0,0,2,3,0,0,0,0,1,0,0,0
CD3G,0,0,3,0,1,0,0,1,0,1,0,3,0,1,0,1,1,4,0,2,1,1,0,0,0,3,0,2,0,0,2,2,0,0,0,0,1,2,0,0,2,1,0,1,1,0,0,0,0,1,0,0,0,0,1,0,0,3,0,1,0,1,0,0,2,5,1,0,0,1,0,0,1,0,0,0,0,0,1,0,1,0,0,0,0,0,2,1,1,1,0,1,5,0,1,0,1,1,0,0,0,0,0,0,0,0,1,0,0,1,0,0,0,0,0,3,2,1,0,0,1,0,1,0,1,0,4,0,0,0,0,1,0,0,1,4,0,1,0,1,0,1,1,0,0,0,0,0,2,0,0,0,1,0,0,3,1,1,1,0,0,1,0,0,0,1,0,0,0,0,0,0,0,1,0,0,1,1,0,1,0,0,0,0,0,0,0,4,0,0,0,0,1,1,0,0,1,0,0,0,0,2,0,0,1,2,0,0,0,0,1,0,0,0,0,0,1,0,0,0,1,0,0,0,2,0,0,0,2,4,4,1,0,2,0,0,1,0,0,0,0,0,0,0,0,1,1,0,0,0,1,0,0,1,0,1,2,0,0,0,2,0,0,0,0,0,1,2,2,0,0,1,0,0,1,2,0,0,0,1,0,0,4,5,0,3,1,0,0,1,2,0,0,0,0,0,2,1,0,2,2,1,3,0,0,0,1,0,0,1,1,0,1,2,1,0,0,5,0,5,1,0,0,1,0,3,0,1,0,4,1,0,0,0,0,1,1,0,0,0,0,0,0,2,0,1,4,0,2,0,0,3,1,1,4,0,0,3,0,0,1,0,0,0,0,1,1,2,0,3,1,0,0,0,1,0,2,3,4,0,0,0,0,1,2,0,1,2,0,0,1,0,1,0,1,0,0,1,0,0,0,0,3,2,0,1,1,0,0,0,3,1,0,2,0,0,2,0,0,1,0,1,6,0,0,0,3,0,0,3,0,0,0,3,0,0,0,1,0,0,0,0,0,2,3,0,0,2,0,0,1,1,0,0,0,0,4,1,0,0,0,1,2,0,2,0,1,1,0,0,0,0,1,1,3,0,0,2,0,0,0,0,0,0,0,2,3,1,2,0,0,1,1,0,0,0,0,1,0,0,0,0,0,2,1,0,0,0,1,0,0,4,0,0,1,2,0,1,0,0,1,0,1,0,0,0,2,0,0,1,0,0,1,0,2,0,3,0,0,2,0,0,2,0,0,2,0,1,0,3,0,0,0,1,0,0,0,0,3,2,0,1,0,3,1,2,2,0,5,0,2,0,2,2,1,0,1,1,0,0,0,0,0,0,0,2,0,3,0,0,1,0,0,0,0,0,1,0,0,0,1,0,0,0,1,0,0,1,0,1,0,0,0,0,2,1,3,1,0,0,0,2,0,1,0,0,2,0,0,1,0,2,2,0,0,3,2,0,1,0,0,0,4,2,0,0,0,3,0,0,0,0,2,0,0,0,0,2,0,0,0,0,2,0,6,1,0,1,0,0,0,3,0,2,0,1,0,0,3,4,0,0,0,0,0,1,2,0,0,0,3,1,0,0,2,0,1,0,0,0,0,5,0,1,0,0,3,0,0,1,2,0,0,0,0,3,3,0,0,0,2,1,0,2,0,0,0,3,1,4,1,1,0,0,0,1,0,0,3,0,0,2,3,0,1,0,0,1,0,0,1,2,2,1,0,1,1,0,1,4,0,0,0,1,0,0,1,0,2,2,1,4,1,0,0,0,0,2,0,0,0,0,0,1,0,0,1,0,4,1,3,0,0,0,0,0,1,0,0,0,0,0,0,1,2,0,0,0,0,0,0,0,1,0,4,1,0,1,0,0,0,0,0,0,0,1,1,0,2,0,0,0,0,0,3,3,1,3,0,0,0,0,2,0,1,0,0,2,0,1,0,0,0,0,0,3,0,0,0,0,0,1,0,0,1,0,4,0,1,1,0,0,0,1,2,0,0,1,0,1,4,0,0,0,1,3,0,0,0,0,4,0,0,0,1,0,0,0,0,0,0,3,1,1,0,2,0,0,0,0,0,0,1,2,0,3,0,1,2,0,0,0,0,2,0,0,0,1,0,0,0,0,1,0,0,0,3,0,1,6,0,1,2,2,0,0,2,0,1,0,0,2,0,2,0,1,0,5,2,0,1,0,0,0,0,0,0,1,0,0,2,0,1,0,2,0,0,0,0,2,3,0,1,0,0,2,0,0,0,0,0,2,1,5,2,2,1,0,0,1,0,0,1,1,1,3,1,0,0,0,0,4,0,2,0,0,0,0,0,0,0,0,0,1,0,0,4,0,2,0,0,1,0,0,1,0,0,0,0,0,1,1,2,0,2,1,0,1,0,3,1,0,1,0,0,0,0,0,0,1,1,2,0,0,0,1,0,0,0,0,0,1,0,0,3,0,0,0,0,0,0,0,0,0,0,0,0,1,0,0,0,1,2,0,0,0,0,1,0,1,1,2,0,0,0,1,1,1,0,0,1,0,0,0,0,1,0,0,1,3,0,0,0,0,0,2,0,0,0,0,2,0,0,0,3,3,0,0,1,2,0,1,0,0,1,0,2,0,0,1,0,0,0,0,0,2,2,0,0,2,1,4,0,0,0,1,0,1,0,0,0,0,3,0,0,0,0,1,0,0,0,1,0,2,1,0,2,0,0,0,1,2,0,0,0,1,0,0,0,3,3,1,0,0,0,1,0,0,2,0,0,1,0,0,0,4,0,0,3,0,1,0,2,0,0,0,0,0,2,1,0,0,1,3,1,0,0,1,1,1,0,0,0,1,0,0,0,0,0,0,0,1,0,0,0,3,0,4,0,2,0,1,0,0,0,0,0,0,0,1,4,0,1,1,0,0,0,2,0,0,0,0,0,3,1,0,3,0,0,0,0,1,1,1,0,0,0,1,0,0,0,0,0,0,0,2,0,1,1,0,0,0,0,0,1,0,0,0,0,0,0,0,0,0,0,3,0,2,1,0,1,1,1,0,1,0,0,5,9,0,0,0,1,1,0,0,2,0,0,2,0,2,0,0,0,0,0,0,0,2,0,0,1,0,0,0,1,5,2,5,0,0,1,3,0,4,0,0,1,0,0,1,0,3,0,0,0,2,3,0,0,3,5,2,4,0,3,0,0,0,1,0,0,1,1,0,0,0,0,0,1,2,1,1,0,0,0,0,1,2,0,0,0,0,1,0,3,0,0,0,0,4,0,1,0,0,0,0,3,0,1,1,1,1,0,1,4,0,1,0,1,0,2,2,0,0,2,0,2,1,0,1,0,0,1,2,0,0,2,0,1,0,0,0,0,0,2,1,0,0,0,1,3,1,5,0,1,0,0,1,0,1,5,0,0,2,1,0,0,1,0,0,1,3,1,1,0,0,1,0,0,0,0,0,0,3,2,2,0,0,0,0,0,1,0,1,0,0,5,0,0,6,2,1,1,1
CLIC3,0,5,0,0,0,0,0,0,0,0,0,0,0,0,0,0,0,0,0,0,0,0,0,0,0,0,0,0,0,0,0,0,0,1,0,1,1,0,0,0,0,0,0,0,0,0,0,0,0,0,0,0,0,2,0,1,3,0,0,1,0,0,0,0,0,0,0,0,0,0,0,0,0,0,0,1,1,0,0,0,0,1,0,0,4,0,0,0,2,0,6,0,0,0,0,0,0,0,0,0,0,0,0,0,0,0,0,4,0,0,0,0,0,0,0,0,0,1,0,0,0,0,0,0,0,0,0,0,1,0,0,0,0,0,0,0,0,0,0,0,0,0,0,0,0,2,0,0,0,3,0,2,0,0,0,0,2,0,1,0,0,0,0,0,3,0,0,0,0,0,0,2,0,0,0,0,0,0,0,0,0,0,0,0,0,0,0,0,0,0,0,0,0,0,0,0,0,3,0,0,0,0,0,0,0,0,0,2,0,0,0,0,8,0,1,0,0,0,9,0,0,0,6,0,0,2,0,0,0,0,0,0,0,0,0,0,0,0,0,0,0,0,0,0,0,0,1,0,0,0,0,0,0,0,0,0,0,0,0,0,0,0,0,0,0,0,0,0,0,0,4,0,0,0,0,0,0,0,0,0,0,0,0,1,0,0,0,0,0,0,0,0,0,0,0,0,0,0,0,0,0,0,3,0,0,0,0,0,0,0,0,0,0,0,0,0,0,0,0,0,2,4,0,0,0,0,0,0,0,0,0,0,0,0,0,0,0,0,0,0,0,0,0,0,0,0,0,0,0,0,0,0,0,0,0,0,0,0,0,0,0,1,0,0,0,0,1,0,0,0,0,0,1,0,0,0,0,0,0,0,0,0,0,0,0,0,0,0,0,2,0,0,0,0,0,0,0,0,1,0,0,0,0,0,0,0,0,0,0,0,0,0,0,0,0,1,0,0,0,0,0,0,0,3,0,0,0,0,0,0,0,0,0,0,2,0,0,0,0,0,4,0,0,0,0,0,4,0,0,0,0,0,0,0,0,0,0,0,0,0,8,0,0,0,0,0,0,0,0,0,0,0,0,0,0,0,0,0,0,0,0,0,0,0,0,0,0,0,0,0,0,0,0,0,0,0,0,0,0,3,0,0,0,0,0,0,0,2,0,0,0,0,0,0,0,0,1,0,0,0,0,0,1,0,0,0,0,0,0,0,0,1,0,0,0,0,1,0,0,0,0,0,0,1,0,0,0,0,0,0,0,0,0,0,0,0,0,0,0,0,0,0,0,0,0,0,0,0,0,0,0,6,1,0,1,0,1,0,0,0,0,2,0,0,0,1,0,0,0,0,0,1,3,0,0,0,1,0,0,0,0,0,0,2,0,0,0,0,0,0,0,0,2,0,0,1,0,0,0,0,1,0,0,0,9,1,0,0,0,0,0,0,0,1,0,0,0,0,0,0,0,0,1,1,0,0,5,0,0,0,8,0,0,0,0,0,0,0,0,0,0,0,0,5,0,0,0,0,0,0,0,0,0,0,1,0,0,0,0,0,1,2,0,0,0,0,0,0,0,0,0,0,0,0,0,0,0,0,1,0,0,0,4,0,0,0,0,0,0,1,0,0,0,0,0,0,0,0,0,0,0,0,0,1,0,0,0,0,0,1,0,0,0,0,4,0,0,0,2,1,0,0,0,0,0,0,0,0,0,0,0,0,0,0,0,0,0,0,0,0,0,0,0,0,0,0,0,0,0,0,0,0,0,0,0,0,0,0,0,0,0,0,0,0,0,0,2,0,0,0,0,0,0,0,0,0,0,0,0,1,0,0,0,1,1,0,0,0,0,0,0,0,0,0,0,0,0,0,1,2,2,0,0,0,0,0,0,0,0,0,0,0,0,0,0,0,0,1,1,0,0,0,0,0,0,0,0,1,1,0,0,0,0,0,0,0,1,0,0,0,0,0,0,1,0,0,0,0,0,0,0,0,0,2,0,1,1,0,0,0,0,0,0,0,0,0,0,0,0,0,0,0,1,0,0,3,0,0,0,0,0,0,0,0,0,0,0,0,0,0,0,0,0,0,1,0,0,0,0,0,0,0,0,0,5,0,0,0,0,1,0,0,0,0,0,0,0,0,0,1,0,0,0,0,0,0,0,0,0,0,0,0,0,0,1,0,0,0,0,0,0,0,0,1,0,0,0,0,0,0,0,0,0,0,0,0,0,0,0,0,0,1,0,0,1,1,0,0,0,0,0,0,0,0,0,0,0,0,0,0,0,0,0,0,0,0,0,0,0,0,0,0,0,0,0,0,0,1,0,0,0,0,0,0,0,0,0,0,0,0,0,0,0,0,0,0,0,2,0,0,0,0,0,1,0,0,0,0,0,0,0,0,0,0,0,0,0,0,0,0,0,0,0,0,0,2,0,0,0,0,0,0,4,0,0,2,0,0,0,0,6,0,0,0,4,6,0,2,0,1,0,0,0,0,0,0,0,0,0,0,0,0,0,0,0,0,0,0,0,0,1,0,0,0,0,0,0,0,0,0,0,0,0,0,0,0,3,0,0,0,0,0,0,2,0,0,0,1,0,0,1,0,0,5,0,0,0,0,1,0,0,0,2,0,0,0,0,0,1,0,0,0,0,0,0,0,0,0,0,9,0,0,0,1,5,5,0,0,0,1,0,0,0,0,0,0,1,0,0,0,0,0,0,0,0,0,0,3,0,0,0,0,0,0,0,0,0,0,1,0,0,0,6,0,0,0,0,0,0,0,0,0,0,0,0,0,0,0,0,0,0,0,0,0,1,7,0,0,0,0,0,0,0,0,0,0,0,0,0,0,0,0,0,0,0,0,0,0,0,0,0,0,0,0,3,0,0,1,1,0,0,0,0,0,0,0,0,0,0,0,0,0,0,0,0,0,0,0,0,0,0,0,0,0,0,0,2,0,0,0,0,0,0,0,0,0,0,0,0,0,0,0,0,0,0,0,0,0,3,0,0,0,0,0,0,0,0,0,0,0,0,0,0,0,0,0,0,0,0,0,0,0,0,0,0,0,0,0,0,1,0,0,0,0,0,0,0,0,0,0,0,0,0,0,0,0,0,0,0,0,0,0,0,0,0,0,0,0,0,0,9,0,0,0,0,0,0,0,0,6,0,0,0,0,0,0,0,0,0,0,0,0,4,0,0,0,2,0,0,2,0,1,0,0,0,0,0,0,0,0,0,5,0,0,0,0,0,0,0,0,0,0,0,0,0,0,0,0,0,0,0,0,0,0,0,0,0,0,2,0,0,0,1,1,0,0,0,0,0,0,0,0,0,0,0,0,0,0,0,1,0,0,0,0,0,0,0,0,0,0,0,0,2,2,0,0,0,0,0,0,0,0,0,0,0,0,0,0,0,0,0,0,0,0,0,0,0,0,0,0,0,0,0,0,0,0,0,0,0,0,0,0,0,0,0,0,0,0,0,0,0,0,0,0,0,0
RPS27,93,20,64,18,51,36,26,90,79,33,89,56,43,93,25,107,41,47,47,91,64,88,43,37,35,27,55,65,59,119,90,88,119,64,18,31,96,84,58,57,109,92,30,111,64,66,84,37,82,58,41,92,24,48,80,15,26,91,70,41,93,99,74,21,74,60,80,3,28,91,25,79,98,16,17,31,28,48,29,35,58,49,17,33,38,122,86,84,49,67,41,76,58,20,93,41,55,57,24,111,55,85,36,83,49,32,19,15,43,80,76,111,12,92,99,150,61,70,44,51,45,7,76,29,115,106,59,38,35,74,25,79,67,54,51,54,65,86,24,40,46,37,90,102,91,20,38,30,169,35,45,36,52,86,38,83,37,41,30,18,55,58,51,16,15,67,40,91,42,91,100,16,107,77,22,16,98,70,44,84,56,69,65,52,26,87,111,88,40,57,65,68,57,89,110,95,58,26,3,119,15,70,47,58,84,41,57,122,76,79,57,39,32,11,30,32,83,55,76,40,45,79,64,59,169,33,63,23,94,66,106,24,82,94,34,32,59,59,59,50,27,24,62,10,68,53,48,29,62,32,59,21,52,57,52,92,53,110,64,15,76,51,70,46,96,68,52,44,117,80,15,66,20,28,88,42,48,59,45,90,22,16,116,95,111,102,88,42,78,50,87,82,38,35,72,25,21,60,46,37,78,74,69,98,24,48,71,17,42,91,76,31,57,80,75,60,47,93,93,58,37,11,28,31,35,46,38,158,66,90,76,35,97,47,30,53,79,29,95,34,58,73,29,97,101,79,65,32,70,36,47,75,97,85,16,24,72,171,41,18,50,54,74,26,10,91,138,69,85,96,32,26,29,51,37,118,102,103,61,60,26,20,101,79,65,14,92,143,65,10,100,106,66,71,75,19,108,68,15,26,26,81,34,76,25,112,43,52,111,101,78,120,26,102,92,61,73,52,74,71,56,112,43,15,47,99,50,60,58,61,17,100,76,54,51,55,40,39,84,84,38,123,115,65,68,82,28,74,55,25,59,59,30,46,60,97,59,102,46,79,49,105,76,51,79,65,82,80,26,17,21,27,27,105,93,61,21,58,66,31,31,63,23,98,35,134,44,90,110,29,103,85,66,102,49,25,93,70,38,25,14,28,94,28,92,69,64,84,36,57,8,16,44,59,33,87,55,30,60,35,107,64,70,21,34,15,49,52,36,112,38,131,52,46,90,36,65,84,52,87,166,79,80,17,68,84,41,39,117,91,107,136,38,41,31,37,61,46,66,53,46,96,70,34,73,101,51,95,92,45,86,12,116,68,112,35,48,90,23,52,44,15,52,31,49,82,75,39,58,20,32,61,20,62,81,113,91,56,72,77,65,51,11,47,118,108,36,58,50,52,48,70,29,86,175,109,66,40,22,44,102,98,68,19,41,31,84,32,53,83,58,114,52,26,14,41,64,82,90,71,74,4,117,83,38,60,75,96,96,18,20,55,38,30,45,28,52,63,55,55,36,97,51,17,88,39,16,36,94,84,61,92,25,52,89,66,11,43,56,57,16,84,58,101,18,93,46,95,14,52,92,56,75,33,73,76,62,81,47,32,30,58,71,47,39,28,80,74,55,120,52,59,46,96,27,109,50,83,34,78,85,80,61,126,39,75,47,58,26,53,62,41,59,36,80,103,27,112,42,66,37,67,50,16,111,25,53,79,78,30,54,78,95,80,59,47,86,38,58,116,80,17,47,109,28,64,55,36,84,66,93,76,96,88,10,12,22,67,23,97,16,25,36,104,31,60,31,77,116,90,64,86,40,14,54,49,41,110,16,72,89,33,62,64,56,75,46,57,54,56,86,23,60,17,54,60,45,16,52,20,26,22,66,73,51,106,96,69,67,11,126,46,51,35,68,66,32,114,31,157,20,61,33,43,107,130,46,183,23,71,47,9,9,78,53,36,26,33,98,83,93,83,87,56,102,55,78,32,51,40,96,30,71,49,115,41,19,101,45,17,48,39,40,57,46,96,121,50,80,76,91,56,26,22,29,40,111,83,58,43,61,96,77,128,102,27,72,79,115,29,31,21,76,79,28,56,41,66,102,84,29,115,40,48,70,48,25,104,19,123,14,102,56,50,56,46,90,71,69,33,77,94,56,49,58,100,68,22,98,78,11,73,40,64,29,31,96,62,89,32,94,37,25,19,16,42,74,32,127,24,100,123,30,52,77,83,107,58,20,101,57,48,86,93,52,84,60,78,80,71,81,106,48,51,46,52,57,61,45,80,75,30,120,19,95,46,56,93,9,88,97,50,26,72,74,76,81,66,43,92,52,57,55,88,68,49,85,14,114,88,114,143,67,89,45,48,87,92,37,78,86,42,68,33,104,66,67,63,67,19,90,16,83,57,73,79,46,57,121,93,85,73,45,59,10,70,20,24,38,29,41,118,11,28,92,67,82,48,26,36,94,8,71,89,14,34,18,100,80,49,27,126,35,87,89,17,46,71,17,67,111,68,62,14,27,76,47,80,66,46,56,65,79,99,73,51,26,52,71,70,78,38,49,61,59,89,25,101,30,84,66,8,43,42,33,54,32,149,45,61,58,79,53,19,107,44,36,53,82,59,30,49,41,103,66,46,70,50,96,37,118,82,34,37,52,60,79,102,67,20,92,62,68,149,90,19,23,75,54,102,102,93,43,76,64,66,57,94,14,25,107,90,50,50,86,83,38,40,53,96,46,65,82,116,67,86,63,65,82,21,44,82,20,50,25,53,49,46,79,38,60,93,72,78,62,92,25,23,100,100,27,37,48,36,48,69,34,44,83,67,46,111,75,53,89,52,40,82,74,73,46,104,26,25,51,106,44,54,81,60,111,86,76,43,28,58,48,26,56,76,58,14,37,74,48,69,34,70,24,25,37,86,67,51,58,26,66,72,50,35,68,77,82,41,8,92,23,102,26,62,62,64,60,28,65,65,27,79,104,78,44,48,97,30,106,58,78,84,17,101,73,36,8,28,79,79,68,97,79,37,69,66,54,57,31,71,80,50,86,75,36,63,74,22,68,70,42,80,39,17,69,169,53,50,23,82,95,10,28,47,58,51,67,38,27,42,38,113,27,155,19,26,88,109,70,91,51,80,70,40,25,85,31,51,41,64,84,60,81,41,106,68,62,80,171,37,19,31,77,91,70,30,14,77,60,30,36,105,37,41,84,61,92,57,19,35,32,109,72,61,26,14,51,40,78,45,78,102,67,106,89,65,58,82,71,118,48,61,87,16,104,83,16,73,14,75,62,92,31,27,92,113,158,32,36,29,66,113,74,66,73,56,52,65,73,49,54,10,84,52,34,51,47,35,114,80,71,77,75,47,65,69,27,37,104,27,87,28,30,53,38,118,90,26,60,19,39,125,54,86,63,62,31,99,29,105,18,22,27,27,51,74,75,73,72,61,127,68,46,99,59,11,36,32,36,54,20,99,58,75,51,183,103,26,65,67
ZFP36L1,0,0,0,0,0,2,3,0,2,0,3,1,3,0,1,3,3,0,3,1,0,0,3,5,0,0,0,0,2,1,0,0,1,1,0,0,0,0,0,3,0,0,6,0,1,1,0,3,0,0,0,0,1,0,1,3,0,0,0,0,0,0,1,1,0,0,0,0,0,0,0,0,0,0,1,1,0,2,0,5,0,0,4,4,0,0,0,2,0,1,0,0,0,1,0,2,0,1,0,1,0,1,0,1,0,0,0,0,1,2,1,1,1,3,0,1,0,1,2,2,1,1,1,1,0,0,0,2,1,0,0,0,0,2,2,1,0,2,2,0,0,0,1,1,2,0,5,2,0,2,1,0,0,0,0,1,0,0,0,3,0,0,4,1,1,0,2,3,3,3,1,0,3,0,1,0,0,0,0,2,0,0,4,2,1,0,0,0,2,0,5,1,0,1,1,1,0,0,0,1,1,0,1,0,0,0,1,1,1,1,2,0,0,0,0,0,0,1,1,2,1,0,0,1,0,0,1,2,0,1,1,0,0,0,1,0,0,0,0,1,4,0,3,1,0,2,0,1,2,1,0,1,2,0,0,1,0,5,1,0,0,0,0,0,0,1,0,0,1,2,0,3,0,2,0,1,0,6,1,1,0,0,0,0,0,0,0,1,0,0,0,0,3,1,0,0,1,0,1,0,0,0,0,1,1,1,0,1,0,0,1,1,0,0,0,1,0,2,0,0,0,0,8,0,0,0,4,3,0,3,1,5,0,0,1,1,3,5,0,3,4,1,2,1,0,0,2,3,0,4,3,0,1,0,0,1,1,1,0,0,2,0,4,2,0,0,4,0,1,1,1,1,0,0,0,6,0,0,1,0,3,0,1,0,0,1,1,3,0,0,2,1,0,2,1,0,0,1,0,0,4,0,1,0,3,0,0,0,1,1,0,1,2,1,0,2,0,0,0,0,7,0,1,1,1,0,0,1,0,2,1,0,0,0,2,0,1,0,2,1,0,1,2,0,1,3,0,0,0,0,0,0,5,0,0,1,0,5,0,1,1,1,0,0,1,1,0,0,2,1,1,0,1,1,0,0,4,0,0,0,0,0,0,1,5,1,0,0,0,1,0,2,1,0,0,2,0,0,0,1,3,4,1,0,0,1,0,3,0,1,2,0,0,0,0,0,0,0,1,0,1,0,1,1,3,0,0,0,4,1,4,1,0,0,2,4,0,4,1,2,0,1,0,0,1,3,3,0,2,0,3,5,0,3,1,3,1,2,0,1,0,1,0,1,0,0,0,0,0,0,1,0,1,0,0,6,0,1,4,1,0,0,1,1,1,0,0,0,1,2,0,0,0,0,0,1,0,0,1,0,1,3,0,0,0,1,0,0,0,0,3,0,0,2,0,3,0,0,0,0,1,0,1,1,1,0,0,0,0,0,0,0,1,0,1,0,0,0,1,1,0,0,0,1,0,1,0,0,0,3,0,0,0,4,1,2,1,1,0,1,2,2,1,1,0,0,2,0,0,1,0,1,3,1,0,2,1,3,0,0,0,3,0,0,4,0,0,0,3,0,0,0,1,1,0,0,0,2,3,0,1,0,0,0,1,3,0,0,0,9,0,2,1,0,3,0,0,0,0,0,0,0,4,1,0,1,0,0,0,0,1,3,1,0,0,0,2,2,0,1,0,0,0,1,0,0,1,3,0,1,0,0,1,1,0,0,0,0,0,0,3,0,0,0,2,0,0,0,0,0,0,0,0,0,1,0,1,0,0,1,2,0,0,0,4,2,0,0,0,1,0,2,0,3,3,0,1,1,4,0,1,1,0,0,1,1,1,0,0,1,2,1,1,0,1,1,2,0,0,0,0,1,2,2,0,0,0,0,0,0,0,0,4,1,1,0,0,1,2,2,2,5,0,0,3,2,0,0,0,0,1,2,0,1,0,0,5,3,0,0,0,0,0,1,0,1,0,2,0,1,2,0,1,0,1,1,0,0,0,2,0,0,1,1,0,0,0,0,5,1,0,0,0,3,0,0,0,0,0,0,0,0,0,4,0,1,2,2,2,0,0,2,0,0,2,1,0,0,0,0,0,2,1,2,0,6,0,0,3,4,0,1,1,0,1,0,0,1,0,0,0,1,0,0,1,1,4,0,1,0,3,0,1,0,1,0,2,1,1,1,2,1,0,0,2,1,0,0,0,3,0,1,3,1,0,1,0,0,0,0,0,0,0,4,2,0,1,2,0,0,0,0,0,1,1,2,0,0,2,2,1,2,0,0,1,0,1,2,1,0,1,0,4,0,0,0,0,1,3,1,2,0,0,2,1,0,0,1,1,0,1,4,0,0,0,5,0,5,1,0,0,0,4,0,0,1,0,0,0,0,0,0,0,0,0,0,3,0,1,0,0,2,2,1,1,5,0,0,0,2,6,0,0,2,0,0,0,3,4,1,0,2,0,0,2,2,3,0,0,1,2,0,1,5,0,0,0,0,1,0,1,0,1,1,2,0,0,0,3,1,0,0,0,0,1,1,0,0,1,0,0,0,1,0,0,0,1,0,1,1,0,1,0,0,1,0,0,1,0,1,1,0,1,0,0,0,0,0,0,0,2,0,1,3,0,1,2,0,0,1,0,0,0,0,1,1,1,1,0,0,1,0,1,1,2,0,1,1,0,1,0,0,3,0,0,2,0,1,3,0,0,0,0,0,0,1,4,0,0,0,0,1,0,1,0,0,0,8,0,1,0,3,0,4,1,2,0,0,2,0,1,0,0,1,0,1,3,0,0,1,2,3,0,0,0,0,0,0,0,2,1,5,1,0,1,2,0,0,1,0,2,1,0,1,2,1,0,1,1,0,0,0,0,1,1,1,0,0,1,0,0,1,0,0,0,2,0,0,1,3,3,0,2,0,0,2,1,1,0,5,1,0,0,0,2,1,1,1,2,0,0,1,0,4,0,0,1,1,2,0,0,1,0,0,0,0,1,0,0,1,0,0,2,6,0,0,1,1,0,2,0,0,0,1,0,0,1,2,1,0,0,0,0,1,0,0,1,0,0,1,0,0,1,0,2,0,0,0,4,0,0,0,0,1,1,4,1,1,1,0,0,0,0,0,4,0,1,0,1,1,0,0,1,1,0,0,0,0,0,0,1,2,1,1,0,5,0,2,1,2,3,4,2,0,1,2,0,0,0,1,3,0,0,0,1,2,0,1,0,0,1,1,3,2,1,0,0,0,0,0,0,1,3,3,0,0,1,0,1,0,0,0,0,1,2,0,0,0,0,1,0,1,0,0,0,6,0,3,0,2,0,1,1,0,1,0,1,0,3,2,4,1,4,5,2,0,1,1,1,0,0,0,1,0,0,4,0,4,0,0,0,1,1,1,0,0,0,2,1,2,1,0,0,0,0,1,0,1,0,3,5,0,2,0,1,2,0,0,1,0,0,1,0,0,0,0,0,2,0,1,0,1,1,0,1,0
CCL3L1,0,0,0,0,0,1,1,0,0,0,1,0,0,0,0,0,0,0,0,0,0,0,0,0,0,1,0,0,9,0,0,0,0,0,0,0,0,0,0,0,0,0,0,0,0,0,0,1,0,0,0,0,5,1,0,0,0,0,0,1,0,0,0,0,0,0,0,0,0,0,0,0,0,0,2,0,0,1,0,6,0,0,0,0,0,0,0,0,0,0,0,0,0,1,0,1,0,0,0,0,0,0,0,0,0,1,0,0,0,0,0,0,0,0,0,0,0,0,2,0,0,0,18,0,0,0,0,0,0,0,0,0,1,0,0,0,0,0,1,0,0,0,0,0,0,0,0,0,0,1,2,0,1,0,0,0,0,0,0,0,0,0,6,1,0,0,0,0,3,0,0,0,0,0,4,0,0,0,1,0,0,0,0,0,2,0,0,0,0,0,8,0,0,0,0,0,0,0,0,0,0,0,6,0,0,2,0,1,0,0,0,0,0,0,0,1,1,0,0,2,0,0,0,0,0,0,0,4,0,0,0,0,0,0,0,0,0,0,0,0,0,0,0,2,2,0,0,4,0,9,0,1,0,0,0,0,0,0,0,0,0,0,0,4,0,0,0,0,0,0,0,1,0,0,0,0,0,0,2,0,1,0,0,0,0,0,0,0,0,0,0,0,0,0,0,0,0,0,6,1,0,0,0,0,0,0,0,0,0,0,0,0,0,0,0,0,0,0,0,0,0,0,9,0,0,0,0,0,0,0,0,6,0,0,0,0,0,2,0,0,0,0,0,0,0,0,0,1,0,11,0,0,0,0,1,0,0,0,0,3,0,0,0,0,0,0,0,0,0,0,0,0,0,0,0,24,0,1,0,0,1,0,0,0,0,5,0,0,0,0,0,0,0,7,0,0,0,0,0,0,0,0,0,0,0,0,0,1,5,0,0,0,0,0,0,0,0,0,0,0,6,0,0,0,3,0,0,0,0,0,0,0,0,0,0,0,1,0,0,3,0,0,0,0,0,3,1,0,0,0,0,0,1,0,0,0,0,3,0,0,0,0,0,0,0,0,0,0,10,0,1,1,0,1,0,0,4,0,0,0,0,0,2,0,5,0,0,0,0,1,0,0,0,0,0,0,0,0,0,0,0,2,0,0,0,0,0,0,0,0,0,1,0,0,0,0,2,0,0,1,0,0,0,0,5,0,0,0,11,0,1,0,0,0,0,11,1,0,0,0,1,0,0,1,0,0,0,0,0,0,0,0,0,0,0,0,1,0,0,0,0,0,0,0,0,0,0,0,0,0,0,1,0,0,0,0,0,0,0,1,0,0,0,0,0,0,0,0,0,0,0,0,0,0,0,0,0,0,0,0,0,0,0,0,0,0,6,0,0,0,0,0,0,0,1,0,0,0,0,0,1,0,0,0,1,0,0,0,0,0,0,0,1,0,0,0,0,0,0,0,0,0,0,0,0,0,0,0,0,0,0,0,0,1,0,1,0,0,0,6,5,0,0,0,0,0,1,0,0,0,0,0,1,1,1,0,0,0,0,1,0,0,0,0,0,0,0,0,0,0,0,0,0,0,0,0,1,0,0,1,0,0,0,0,0,0,0,0,1,0,0,9,0,0,2,0,0,0,0,0,0,0,0,0,0,0,0,0,0,0,0,0,0,1,0,0,0,0,0,0,0,0,0,1,0,0,0,0,0,0,1,0,0,0,0,0,0,0,0,0,0,0,0,0,1,0,0,0,0,0,0,0,0,0,0,0,4,0,0,0,1,0,1,0,1,0,0,0,0,0,0,0,0,0,0,0,0,0,0,0,0,0,0,0,0,0,0,0,0,0,0,0,0,0,0,0,0,0,0,0,0,0,1,0,0,0,0,0,0,0,0,0,0,5,0,0,0,0,2,0,0,0,0,0,0,1,0,0,0,0,0,0,0,0,1,0,0,0,0,0,0,1,0,0,0,3,0,1,0,0,1,1,5,0,0,2,1,0,0,4,0,0,0,0,2,0,0,0,0,0,0,0,0,2,0,2,0,0,0,0,0,0,0,0,0,0,0,0,0,0,0,0,0,0,4,0,0,0,0,0,0,0,0,1,0,0,0,0,0,0,0,0,0,0,0,0,0,0,0,0,0,0,0,0,0,0,0,0,0,0,0,0,0,0,1,0,1,0,0,0,0,0,0,0,2,2,0,0,0,0,0,0,0,1,0,0,0,0,4,0,0,0,0,0,0,0,0,0,0,0,0,0,0,1,0,0,0,0,0,0,0,0,0,0,0,0,0,0,1,0,0,0,0,0,0,0,0,0,0,0,0,0,0,0,0,0,0,2,0,0,0,0,0,0,0,4,0,0,0,0,0,3,0,0,0,0,0,0,0,0,0,0,0,0,0,0,3,0,0,0,0,0,0,0,0,0,4,1,0,0,0,0,0,0,0,0,0,0,0,2,0,1,0,0,0,0,0,0,0,0,0,0,0,3,0,0,0,0,0,0,0,0,0,2,0,0,0,0,0,0,0,0,1,0,0,0,0,0,0,0,0,0,0,0,0,0,0,0,0,0,0,0,0,0,0,0,0,0,0,0,2,0,0,0,0,0,0,0,0,0,0,0,0,0,0,0,0,0,0,0,0,0,0,0,0,0,0,0,0,0,0,0,0,0,0,0,3,0,0,0,0,0,1,0,0,0,0,0,0,0,0,0,0,0,0,0,1,0,0,0,0,1,0,0,0,0,0,1,0,0,0,0,0,0,0,0,0,0,0,0,0,0,0,1,0,0,0,1,0,0,0,0,0,0,0,0,5,0,0,0,0,0,0,0,0,0,0,0,0,0,0,0,0,0,0,0,0,1,0,0,0,0,0,0,0,0,0,0,0,0,0,0,0,0,0,1,5,0,2,1,0,0,0,0,0,0,0,0,0,6,0,0,0,0,0,0,0,0,0,1,1,0,0,0,0,1,0,0,0,0,0,0,0,0,0,0,0,0,0,0,0,0,1,0,0,0,0,0,0,1,0,0,0,0,0,0,1,0,1,0,2,0,0,1,0,0,0,0,0,0,0,0,0,0,0,0,0,0,0,0,0,0,0,3,1,6,0,0,0,0,2,0,0,0,2,0,0,0,0,0,1,0,0,0,0,0,0,0,0,0,0,1,0,0,0,0,0,0,0,0,0,1,0,0,0,3,0,0,0,0,0,0,0,0,0,1,0,0,0,0,1,0,2,0,0,0,1,0,1,0,0,0,0,0,0,0,0,0,0,3,0,0,0,0,0,1,0,0,0,1,0,0,0,0,0,0,0,0,0,0,0,0,0,0,0,0,0,2,0,0,1,0,0,5,0,0,0,0,0,4,0,0,0,0,0,0,0,1,0,0,0,0,0,0,0,0,0,0,0,0,0,1,0,0,0,0,0,0,2,4,0,0,0,0,0,0,1,0,0,0,0,0,0,0,0,0,0,0,0,0,0,1,0,0,1,0
NAMPT,0,1,0,0,0,3,1,0,0,0,2,0,1,0,0,0,0,0,3,0,0,0,2,0,0,0,0,0,0,0,0,0,0,1,0,0,0,0,1,0,0,0,4,0,0,0,0,3,0,0,1,0,1,0,0,0,0,0,0,1,1,0,1,3,0,0,0,0,5,0,0,0,0,3,2,0,0,4,0,1,0,0,1,2,1,0,0,0,0,0,0,1,0,3,0,2,0,0,1,2,0,0,0,0,0,1,0,0,0,0,0,1,0,5,0,1,0,0,2,0,0,1,2,0,0,1,0,0,3,0,0,0,0,0,0,0,1,0,2,0,1,0,0,0,2,0,0,0,0,0,5,1,0,0,0,0,0,0,0,0,0,0,1,4,0,0,0,1,1,2,0,0,0,0,3,0,0,0,3,0,0,0,1,0,0,0,0,0,1,1,3,0,1,0,0,0,0,0,0,0,1,0,7,0,0,0,0,0,0,0,0,0,0,0,0,0,0,0,0,2,0,0,0,0,0,0,0,4,0,0,0,0,1,0,2,0,1,0,0,0,1,0,0,0,0,0,0,4,3,2,0,1,0,0,0,0,0,0,0,4,0,0,0,1,0,0,0,0,0,0,0,1,0,0,1,0,0,5,5,0,2,3,0,0,0,0,0,0,0,0,0,0,0,0,0,0,0,0,2,0,0,0,0,1,3,0,0,0,3,0,0,0,0,0,0,0,0,0,0,0,0,0,3,0,0,0,1,0,0,0,1,1,0,0,2,0,0,2,0,2,0,0,1,0,0,1,0,4,0,0,1,1,4,0,0,0,0,0,2,0,0,0,0,0,0,0,2,0,0,0,0,2,0,0,0,0,0,0,0,1,4,0,3,0,0,1,0,0,0,0,1,4,0,3,0,2,0,0,0,1,2,1,0,0,2,0,0,0,0,0,0,0,1,0,0,1,0,0,0,0,1,0,2,0,1,0,0,0,1,0,0,0,0,0,4,0,1,0,0,0,1,0,0,0,0,0,0,0,0,0,1,0,2,0,1,0,0,1,3,0,2,1,0,0,1,2,0,0,1,2,1,2,0,0,0,4,2,0,0,0,1,0,0,0,1,0,0,0,0,1,0,1,0,1,0,2,0,0,0,0,1,2,0,0,0,0,0,1,0,0,2,0,0,0,0,0,0,0,0,0,0,0,0,1,3,4,0,0,0,0,2,0,0,0,1,0,0,2,0,0,0,0,0,0,0,0,2,0,1,0,0,2,0,0,4,2,0,6,0,0,0,0,0,0,0,0,0,0,0,0,0,0,0,0,0,3,0,0,4,0,0,0,0,2,0,0,0,0,0,0,0,0,0,0,1,0,0,0,0,0,0,2,2,0,0,0,1,0,0,0,1,0,0,1,1,0,0,0,0,2,0,0,0,0,0,0,0,0,0,0,0,0,0,0,4,0,0,0,1,0,0,2,0,0,0,0,1,0,0,0,0,0,0,0,0,2,0,0,0,2,0,0,0,0,0,0,0,0,0,0,0,0,1,0,0,0,0,2,0,0,0,1,0,0,4,0,0,0,1,0,0,0,0,0,0,0,0,0,0,3,0,0,0,0,0,1,0,0,0,0,0,0,0,0,0,0,0,0,1,0,0,0,0,0,0,0,0,0,0,0,1,0,0,0,0,0,0,0,0,0,0,0,0,1,0,0,0,0,0,0,0,0,0,0,0,0,0,0,0,0,0,0,0,1,0,0,0,0,0,0,0,0,0,0,0,0,3,0,4,0,0,0,0,0,1,0,0,0,0,0,0,1,0,2,1,1,0,0,2,0,1,0,0,0,0,0,0,0,0,1,1,1,0,1,0,0,1,0,0,0,0,0,1,0,0,0,0,0,0,2,0,0,0,1,0,0,0,0,5,0,2,4,0,0,0,1,0,0,0,0,0,0,0,0,0,0,1,1,0,0,0,0,1,0,0,0,0,0,0,0,0,1,5,0,1,0,0,0,0,2,0,1,2,1,0,0,0,0,0,0,0,0,0,0,0,0,0,0,1,0,0,0,0,0,0,0,0,0,0,4,2,0,0,0,1,0,0,0,0,0,0,0,3,0,1,3,0,0,1,0,1,0,0,0,0,0,0,3,0,0,0,0,0,0,0,0,0,2,0,0,1,0,2,0,0,0,0,0,0,2,0,0,0,0,1,1,0,0,0,1,1,6,0,0,0,0,0,0,1,0,0,0,0,0,0,0,0,0,0,0,0,0,0,0,0,0,0,0,0,0,0,2,1,0,0,0,0,0,1,0,0,0,2,0,0,1,0,0,1,0,0,0,0,0,0,0,0,0,0,0,0,3,0,0,0,2,0,0,1,0,0,0,0,0,0,0,0,0,0,0,0,3,0,0,0,0,0,0,0,0,0,0,5,4,0,0,1,1,0,1,0,0,0,0,0,0,0,1,2,2,0,0,0,0,0,0,0,0,0,0,1,0,0,0,0,0,0,0,2,1,0,0,3,0,4,0,0,0,0,0,0,0,0,1,0,0,1,1,1,0,0,0,0,0,0,0,0,0,4,0,0,0,0,0,0,0,0,1,0,0,0,0,0,0,0,0,0,0,0,1,2,0,0,1,0,0,1,1,0,0,0,0,0,0,0,0,1,1,0,0,0,0,0,1,1,0,1,0,0,0,0,1,4,0,0,0,0,0,2,2,0,0,0,0,1,0,2,1,0,0,0,0,0,0,0,0,0,4,0,0,0,0,0,0,0,0,0,0,0,0,0,1,0,0,0,0,1,0,0,0,4,2,0,0,0,1,2,0,0,0,0,0,0,0,1,0,0,0,0,0,6,0,1,1,0,0,0,0,0,0,0,0,0,1,0,0,3,0,0,0,0,2,0,0,0,0,2,0,3,1,2,0,0,1,0,1,0,0,0,1,0,0,0,0,2,0,0,1,1,0,0,0,1,2,1,0,1,0,0,0,0,0,0,0,0,0,0,0,0,0,0,0,0,5,0,0,0,0,0,3,0,0,0,0,0,0,0,0,2,0,0,0,0,0,0,0,0,0,1,1,0,0,0,0,2,0,0,0,2,0,0,0,0,2,0,2,0,1,0,1,0,2,0,0,4,0,2,0,0,1,0,0,0,0,0,0,0,0,0,0,4,0,0,0,0,1,0,2,0,2,0,0,0,0,0,1,1,0,0,0,0,0,0,0,4,0,1,1,1,0,1,0,3,1,0,0,0,0,0,1,0,0,0,0,0,0,0,0,0,2,0,0,0,0,0,0,0,0,0,0,0,0,0,0,0,3,0,0,0,1,0,0,3,0,0,0,0,1,0,0,4,0,1,1,2,0,0,0,0,3,0,0,0,0,0,1,0,1,0,0,0,0,0,2,0,0,0,1,0,0,0,0,0,0,0,1,1,0,0,0,0,0,0,0,0,0,0,0,0,0,0,1,1,2,0,0,4,2,1,0,0,0,0,0,0,0
LCK,1,0,0,0,0,0,0,2,0,0,0,3,0,2,0,1,0,1,0,3,1,0,0,0,0,2,0,3,3,0,4,3,0,0,0,1,3,4,0,0,1,2,0,0,2,0,0,0,2,0,2,1,0,0,2,0,0,2,2,0,2,0,0,0,0,2,0,0,0,0,0,0,3,0,0,3,2,0,0,1,2,2,0,0,0,0,1,0,1,0,0,0,3,0,3,0,0,0,0,0,0,0,0,2,0,0,1,1,0,1,1,3,1,2,0,2,3,3,0,0,0,0,1,0,1,1,0,0,0,1,0,1,2,0,2,0,0,1,0,0,0,1,3,0,0,1,0,0,3,1,0,0,5,2,0,3,1,0,0,0,1,0,0,0,2,3,1,1,0,1,1,2,4,1,0,2,3,2,0,2,1,2,0,0,0,0,1,3,0,0,0,1,1,1,0,0,0,1,0,0,0,1,0,0,1,0,0,5,0,1,0,0,1,1,2,2,1,2,0,0,0,1,0,0,3,0,0,0,0,1,3,2,0,3,0,2,1,0,1,0,1,2,0,1,1,0,0,0,0,0,0,0,0,3,0,3,1,0,0,0,1,0,0,0,2,2,1,2,1,0,1,0,0,0,0,3,1,0,0,3,0,0,3,5,1,2,0,1,1,2,2,0,0,3,1,1,1,2,0,1,2,1,2,0,0,1,2,0,0,0,1,0,5,2,1,0,2,0,1,3,1,0,1,0,0,1,0,0,1,0,0,1,2,1,0,1,3,0,1,0,0,0,1,6,0,5,1,0,2,0,0,4,2,1,1,0,0,1,0,0,1,0,0,2,2,0,1,1,0,3,2,0,0,0,0,1,0,2,2,0,0,0,1,2,3,0,3,2,2,3,3,0,1,0,1,0,0,0,0,0,0,2,7,2,0,1,3,0,2,0,0,3,0,0,1,0,1,0,3,1,1,1,3,2,1,0,0,2,3,4,0,1,1,1,1,0,0,1,2,0,0,1,0,3,1,0,1,0,0,0,0,1,0,1,0,3,0,0,1,0,0,1,0,0,1,0,3,1,0,0,0,0,1,0,4,0,0,2,0,0,0,1,5,2,0,1,0,2,1,0,0,1,0,1,0,0,0,1,0,1,0,0,1,1,0,3,0,0,0,2,0,1,0,1,0,1,1,0,3,0,2,4,3,0,0,0,1,1,0,1,0,0,2,0,3,0,3,0,1,1,0,0,0,0,0,5,0,0,1,1,4,0,0,0,0,0,0,1,2,2,0,0,0,7,1,3,2,1,2,0,2,3,2,2,2,0,0,3,0,1,0,3,1,0,3,2,0,0,1,0,1,1,1,0,2,0,1,0,0,0,1,0,0,4,2,0,0,1,1,1,0,0,0,0,2,3,2,3,0,1,1,2,2,0,1,1,0,0,0,2,0,2,5,2,0,0,1,2,0,0,0,0,5,2,0,0,2,2,2,0,0,1,0,0,0,0,0,0,0,0,0,1,0,1,1,1,0,0,0,0,0,1,0,5,1,3,0,0,2,2,0,0,3,1,0,2,1,0,0,2,1,0,3,3,1,2,3,0,0,0,1,3,0,1,0,0,2,0,0,1,2,3,0,1,0,1,0,4,0,2,1,2,1,1,0,3,0,3,2,3,2,0,0,1,0,3,1,0,2,0,0,1,2,0,1,4,0,3,2,0,2,2,1,1,0,1,1,0,1,0,0,0,0,2,0,0,4,1,4,1,2,1,3,2,0,0,0,0,0,3,0,1,1,1,0,1,2,0,3,3,0,0,1,0,0,0,2,0,0,0,1,3,0,2,1,4,2,0,1,1,0,0,0,0,0,0,0,1,2,1,2,1,0,0,0,0,3,0,0,0,2,3,0,0,2,2,1,1,0,0,0,0,3,0,1,1,0,3,1,1,1,0,0,2,5,1,0,1,1,0,3,1,1,2,1,2,2,0,2,0,0,0,0,1,0,2,1,4,0,0,2,1,0,0,0,2,0,1,1,0,0,0,2,0,0,1,0,1,0,1,0,3,1,1,3,2,0,0,0,0,0,1,2,1,0,3,0,0,0,0,0,0,0,3,0,0,1,2,0,0,0,0,0,0,0,0,3,0,3,1,0,0,8,1,0,1,3,0,1,2,0,1,0,1,2,2,0,2,2,0,1,1,0,1,0,0,1,1,0,0,1,1,0,1,0,0,3,2,0,3,1,2,1,0,0,1,2,0,2,1,1,3,1,0,1,2,1,4,0,1,1,0,3,1,2,1,0,1,0,2,3,2,0,1,3,2,0,0,0,0,0,0,1,1,2,0,2,0,1,3,0,1,0,1,1,0,2,2,0,2,2,3,3,0,3,0,1,0,1,1,3,0,2,2,1,0,0,0,0,3,2,1,0,0,0,3,0,0,0,0,0,2,0,0,1,0,2,0,0,0,1,0,0,2,0,0,0,0,0,0,0,2,0,0,2,0,0,3,0,1,0,1,1,0,0,2,1,0,0,0,3,5,0,1,0,1,0,1,2,0,2,0,0,0,0,1,1,1,0,0,3,0,3,3,1,1,0,1,1,2,0,1,0,2,3,0,1,1,0,1,0,0,0,0,1,1,0,0,2,4,2,1,2,0,2,2,0,4,1,1,0,1,2,1,0,2,0,3,1,0,1,1,0,0,1,0,1,1,0,0,0,1,1,2,3,3,0,1,0,3,1,4,0,0,1,2,0,0,2,0,0,1,0,0,0,0,1,2,1,0,0,1,0,0,0,0,0,0,1,2,0,0,1,1,0,0,0,0,1,2,2,1,1,0,1,0,0,0,0,2,1,4,0,0,0,2,0,2,4,0,1,0,0,0,2,1,0,2,2,1,1,0,4,1,0,0,0,1,0,0,0,4,0,3,2,0,5,2,0,1,0,3,4,0,0,0,0,4,0,1,1,0,0,0,0,1,0,2,4,1,0,0,1,1,0,2,0,2,0,1,1,0,0,0,0,1,2,2,1,0,2,1,4,0,0,2,0,0,7,0,0,0,2,1,1,0,3,3,0,1,3,3,0,0,0,1,1,2,0,1,1,0,1,0,1,1,1,6,2,1,0,0,0,1,0,0,0,1,1,0,1,0,0,1,0,0,0,0,1,0,0,0,2,5,6,0,1,0,0,0,2,0,0,1,1,0,0,0,0,0,4,2,0,1,0,4,0,0,2,3,0,1,0,0,3,0,1,1,2,1,1,3,0,1,2,1,0,1,3,0,1,2,1,3,0,1,5,1,2,1,0,0,5,0,2,0,1,0,0,5,0,1,0,5,3,5,0,0,5,0,0,0,0,0,0,1,3,0,3,0,0,2,2,1,1,1,1,0,0,2,1,2,4,0,0,3,0,0,0,1,0,1,0,1,0,1,0,1,0,0,0,0,1,1,2,3,2,4,0,0,1,0,0,1,0,4,0,2,0,3,3,1,0,2,4,1
HLA.B,21,34,36,34,25,14,19,22,16,9,19,30,17,16,21,85,23,27,12,17,13,21,25,7,3,29,16,7,27,30,11,22,30,23,34,29,19,23,26,13,26,28,24,45,33,11,23,20,9,18,6,20,8,32,30,10,18,26,27,37,38,21,19,6,16,47,14,15,6,20,8,19,18,13,11,34,29,32,4,25,29,24,5,10,28,20,14,35,46,18,20,21,35,20,29,43,8,9,11,69,31,18,16,28,33,11,9,44,34,22,44,22,10,12,20,42,53,33,18,15,6,4,39,4,32,21,41,9,22,20,13,16,30,17,9,18,10,17,9,23,13,24,20,22,51,28,20,14,43,45,22,18,45,22,26,29,25,7,10,8,11,18,45,12,29,34,11,29,38,83,23,28,41,16,13,4,18,14,18,15,7,23,12,7,7,26,18,23,13,34,55,16,12,23,25,34,26,15,15,30,11,39,11,8,17,22,8,44,29,16,6,23,36,21,17,21,24,33,43,22,6,8,30,12,43,14,18,8,24,18,27,11,26,44,11,21,23,15,17,13,12,2,12,3,36,9,24,31,26,9,15,10,11,21,10,30,11,19,5,8,13,14,36,17,12,38,21,38,45,34,44,42,16,13,15,42,9,23,22,20,15,12,27,21,28,11,14,11,24,11,9,13,15,27,32,7,18,13,29,29,19,10,49,14,8,16,34,3,59,20,19,13,17,32,16,14,16,44,26,35,25,41,30,3,33,12,11,23,15,20,14,25,19,10,10,7,17,11,22,13,41,46,16,21,22,23,11,9,29,35,28,16,55,21,28,5,11,31,24,7,35,18,20,10,52,20,86,18,18,22,27,12,28,13,10,24,23,41,24,17,11,5,29,27,7,5,30,35,14,37,29,96,25,70,16,15,38,36,25,40,10,21,37,26,24,30,55,26,44,35,31,46,6,18,20,42,9,10,11,17,20,30,107,29,19,20,22,32,24,26,6,15,30,36,15,8,4,35,21,29,28,32,28,7,38,55,33,16,13,8,34,18,10,24,17,24,41,58,22,16,34,13,15,5,52,28,22,8,15,1,10,12,32,14,15,51,11,36,11,9,16,24,25,36,23,18,55,22,28,13,18,19,23,10,20,5,19,14,12,40,7,18,6,15,13,18,26,45,34,16,5,28,18,13,9,29,26,15,13,10,36,30,33,33,25,8,28,7,35,20,26,44,27,12,22,35,44,66,23,25,23,25,13,25,14,22,11,15,40,20,41,42,3,6,17,31,10,23,13,24,16,36,18,37,9,22,25,13,34,16,27,46,27,22,37,20,24,20,12,23,15,34,23,19,22,30,21,6,12,10,15,4,37,25,21,27,20,14,11,15,22,24,4,43,31,55,18,33,9,21,7,18,53,15,36,27,13,16,6,15,37,42,38,12,56,29,26,17,9,21,8,28,41,38,6,10,15,23,27,14,17,6,71,18,27,14,32,42,12,7,43,15,1,7,11,16,9,19,12,27,25,22,22,36,22,35,5,4,25,16,14,18,12,41,68,28,2,25,16,49,28,45,28,20,10,23,26,28,7,18,11,10,22,35,16,20,26,20,15,13,22,35,31,38,11,17,20,17,33,58,37,27,9,20,14,36,22,51,1,13,19,18,23,49,11,22,14,20,6,47,21,23,13,15,52,10,22,19,20,21,14,13,45,3,23,18,13,17,24,3,41,19,23,27,14,2,11,12,33,22,21,9,14,18,16,18,60,18,23,26,12,30,16,36,18,7,13,28,10,24,15,7,15,49,11,44,37,18,27,20,36,15,14,7,25,45,41,25,9,15,12,35,7,12,59,29,32,7,8,26,15,11,19,10,18,11,14,10,31,28,29,11,25,33,16,27,16,8,19,4,28,34,7,10,21,13,15,26,18,19,6,14,12,19,20,40,23,41,36,24,20,4,4,14,34,6,12,18,16,14,20,24,14,11,18,24,23,9,38,4,29,6,54,27,15,34,16,25,9,10,15,5,13,40,17,17,21,8,9,29,10,10,38,5,4,24,26,13,26,1,14,13,16,20,21,9,10,13,28,13,11,24,14,8,17,30,14,11,23,30,11,28,29,33,16,16,7,45,10,30,9,22,5,5,4,23,17,55,21,37,15,12,39,28,13,23,45,14,17,27,1,16,13,15,27,6,29,17,22,14,59,8,15,23,6,20,20,10,29,11,11,54,8,30,16,17,15,25,18,22,19,22,13,64,32,21,18,8,17,15,32,23,13,34,30,33,10,35,4,15,14,17,29,9,15,43,5,19,5,15,24,40,10,19,11,18,15,21,17,19,7,9,11,8,41,28,49,12,20,17,62,147,7,26,5,34,18,50,12,24,16,24,45,38,23,23,8,31,14,17,22,13,21,36,23,33,15,20,30,29,33,25,53,53,18,47,18,6,31,10,37,31,41,49,11,33,23,7,10,29,37,6,12,24,28,22,8,26,23,14,10,27,33,60,24,5,1,27,1,2,29,31,61,12,19,19,24,34,14,33,31,19,18,42,18,12,14,24,40,43,13,26,23,14,7,27,40,20,8,24,13,3,45,30,31,36,18,46,2,17,33,16,19,44,14,15,5,8,27,23,17,26,24,44,15,30,17,12,34,23,31,37,32,11,21,15,22,20,14,48,28,23,21,46,16,44,18,11,8,41,26,14,18,15,13,22,41,6,7,28,14,20,4,8,27,26,26,35,17,13,12,29,13,23,14,18,18,37,30,10,10,19,29,74,21,19,46,25,10,27,23,16,16,18,28,28,19,23,11,21,19,31,13,6,24,43,26,14,23,18,32,22,17,10,12,11,14,18,18,24,23,29,14,10,15,39,38,48,17,11,28,19,32,23,37,12,4,38,11,20,34,5,27,10,13,11,26,39,9,12,31,17,52,37,8,6,67,13,16,25,7,15,38,4,5,16,27,20,13,22,47,5,13,4,10,28,6,24,13,24,18,9,17,22,27,25,15,8,24,26,14,21,6,11,26,19,41,28,16,35,26,13,14,8,3,12,13,53,119,20,18,14,26,26,16,11,42,20,13,10,22,43,38,14,25,6,34,52,12,18,11,49,36,28,9,35,23,80,9,30,5,7,12,36,36,10,15,16,19,38,34,35,13,21,14,13,23,17,41,20,96,45,17,19,28,8,17,14,26,51,16,13,28,16,56,13,18,16,11,24,14,33,13,10,12,32,6,42,25,53,9,37,30,13,16,8,11,26,30,21,26,58,13,19,12,21,9,40,17,11,49,21,10,23,9,21,37,16,37,9,13,11,43,21,28,14,26,25,10,37,17,9,26,19,23,32,30,8,22,32,24,11,7,23,37,16,34,27,22,49,11,26,45,25,10,12,15,9,20,41,17,21,14,14,9,10,15,40,46,17,8,47,3,33,4,13,8,11,26,12,23,17,33,14,13,41,24,29,33,20,17,1,11,7,21,14,7,56,46,22,16,58,30,6,29,29
CD8A,2,0,0,0,1,0,0,0,0,1,0,0,0,0,0,2,1,0,0,0,0,0,0,0,0,0,0,0,0,0,1,0,0,0,0,2,2,2,0,0,0,0,0,0,0,0,0,0,0,1,3,0,0,0,2,0,0,4,2,0,0,0,2,1,0,0,0,0,0,1,0,0,0,0,0,0,0,0,0,0,0,0,0,0,0,1,0,0,4,0,0,0,0,0,0,0,0,0,0,0,0,0,0,2,0,0,0,1,0,3,0,4,0,1,0,2,2,1,0,0,0,0,0,0,0,0,0,0,0,0,0,4,3,0,0,0,0,0,0,0,1,1,0,0,0,0,0,0,0,0,0,0,0,0,0,0,0,0,0,0,0,1,0,0,1,0,0,0,0,0,0,0,0,0,0,0,0,0,0,1,0,3,0,0,0,0,0,4,0,0,0,0,0,0,2,0,0,0,0,0,0,0,0,0,1,1,0,0,0,1,0,1,0,0,0,2,2,1,0,0,0,0,0,0,0,0,0,0,0,0,0,2,0,1,0,1,0,0,0,0,0,0,0,0,0,0,3,0,0,0,0,0,1,1,0,0,0,0,0,0,0,0,4,0,0,0,0,1,3,3,1,0,0,0,0,2,0,0,0,0,0,0,1,0,4,1,0,0,3,2,0,0,0,3,0,0,0,0,0,0,3,0,7,0,0,0,0,0,0,1,0,0,0,1,1,0,0,0,0,0,0,0,0,0,0,0,0,0,0,0,0,0,4,0,0,0,0,0,0,0,0,0,0,3,0,0,0,0,0,1,0,0,0,0,2,0,0,1,0,0,0,0,0,0,0,0,0,0,0,0,0,0,0,0,0,0,0,0,0,0,0,0,0,0,0,0,0,0,0,0,0,0,1,0,0,0,0,0,0,0,0,0,0,0,0,0,0,0,0,0,0,0,0,1,0,0,0,0,0,0,0,0,3,1,0,0,0,0,0,2,0,2,1,0,0,0,0,3,3,0,0,5,0,0,0,0,0,0,0,0,4,0,0,0,0,0,0,0,0,0,0,2,0,0,1,0,0,0,0,0,0,0,2,0,1,0,0,1,0,0,0,0,0,5,0,1,0,0,2,0,0,1,0,0,0,0,0,0,0,0,0,0,0,2,1,0,0,0,0,0,0,2,0,0,1,0,1,1,2,0,3,0,1,0,0,0,0,0,1,0,0,0,0,0,0,1,5,0,0,0,0,0,0,0,0,0,0,0,0,0,0,0,0,0,0,0,0,0,0,1,0,0,0,0,0,0,0,0,0,0,0,0,0,0,2,1,3,0,0,0,0,0,0,0,0,2,0,0,0,0,0,0,0,0,0,0,3,0,0,0,0,0,0,4,0,0,0,0,0,0,0,0,0,0,0,1,0,0,0,0,0,0,0,0,2,2,0,0,0,2,0,0,2,0,0,0,0,0,1,0,0,0,0,2,2,0,0,4,0,0,0,4,0,0,0,0,0,0,0,0,0,0,0,0,0,3,0,0,0,0,2,1,0,2,0,0,0,0,2,0,0,0,0,4,0,4,0,0,0,0,0,0,0,0,0,0,2,0,0,0,0,0,0,1,0,0,0,0,2,0,3,0,0,3,0,0,0,1,0,0,0,0,3,0,0,0,0,0,0,0,1,1,0,0,0,0,0,0,0,0,0,0,0,0,0,0,0,0,0,0,3,3,0,0,0,0,1,0,0,0,0,0,0,0,0,0,0,0,2,0,2,1,1,0,0,0,0,0,0,0,0,0,0,0,0,0,2,1,3,0,0,0,0,0,0,0,0,2,0,1,2,0,0,0,4,0,0,0,0,1,0,0,1,0,0,0,0,0,1,0,0,1,0,0,0,0,1,0,0,0,0,2,1,0,0,0,0,0,0,0,0,0,0,0,0,0,0,0,1,0,3,0,0,0,0,0,0,0,0,0,4,2,0,0,0,1,1,0,0,0,0,0,0,0,0,0,0,2,0,0,0,0,0,0,0,0,0,1,0,0,0,0,0,0,0,0,0,0,0,0,0,0,0,2,0,0,0,0,0,0,0,0,0,0,0,0,0,0,0,0,0,0,0,0,0,0,0,2,0,0,0,0,1,0,0,0,0,0,0,0,0,0,0,0,0,0,0,0,0,0,0,0,0,0,0,0,0,0,0,0,3,0,0,0,0,0,0,0,0,0,1,0,0,2,2,0,0,2,0,0,0,2,0,0,0,0,0,0,0,0,0,0,1,3,0,0,0,0,0,0,0,0,0,0,0,0,1,0,0,0,0,0,0,0,0,0,0,0,0,2,0,0,0,1,2,1,0,0,0,1,0,0,0,0,0,0,0,0,0,0,0,1,0,0,0,0,0,1,0,0,0,0,2,3,0,0,0,0,0,0,0,0,0,0,0,0,0,0,1,0,0,0,0,0,0,0,0,0,0,0,0,0,0,0,2,0,0,0,0,0,0,0,2,0,0,0,0,0,0,0,0,1,0,0,0,5,3,1,0,0,0,1,0,0,0,3,0,0,0,0,0,0,0,0,0,4,0,4,0,0,0,0,0,0,4,0,1,0,0,0,0,4,0,1,0,0,0,0,0,0,0,0,0,0,0,0,0,0,0,0,0,0,0,0,1,2,0,0,1,0,0,0,0,0,0,1,0,1,0,0,0,0,0,0,0,2,2,0,0,0,0,0,0,0,0,2,0,0,0,0,0,2,0,0,1,0,0,0,2,0,0,3,0,0,0,0,0,0,0,2,0,1,0,0,0,0,0,0,2,0,0,0,1,0,3,0,0,0,1,0,0,3,1,0,2,1,0,0,0,1,0,2,0,0,0,3,0,5,2,1,4,0,0,0,0,0,0,0,0,0,3,0,2,0,0,0,0,0,0,0,0,0,0,0,0,0,0,0,0,0,0,1,0,0,0,0,0,0,0,0,0,0,0,0,0,0,0,0,2,3,0,0,0,0,0,2,0,0,1,0,1,0,0,0,0,0,2,0,4,0,1,0,0,0,0,0,0,0,0,0,0,0,0,0,0,0,2,0,0,2,0,0,0,0,0,0,0,0,0,0,0,0,2,0,0,0,0,0,0,0,0,0,1,0,0,0,0,0,0,0,0,3,0,0,0,0,0,0,0,0,0,2,0,0,1,0,0,0,0,0,0,0,2,0,0,0,0,0,0,0,0,2,1,0,0,0,0,1,0,2,0,2,0,0,0,0,0,0,3,0,0,1,0,3,0,0,0,0,0,0,0,0,0,0,0,2,3,0,2,0,1,1,7,3,0,0,0,0,0,0,0,0,0,1,0,1,0,0,0,0,0,0,0,0,0,0,0,0,0,0,0,1,2,0,0,0,0,0,0,6,1,0,0,0,0,0,0,0,0,0,0,0,0,1,0,2,0,1,2,0,0,0,0,1,0,5,2,1,0,0,0,0,0,0,0,0,0,0,0,0,0,0,0,0,2,1
GZMM,1,0,0,1,3,0,0,0,0,0,0,2,0,0,1,2,1,4,0,0,0,1,0,0,0,2,0,0,0,0,0,1,0,0,1,0,3,1,0,0,0,0,0,0,0,0,0,0,1,0,0,1,0,2,0,0,1,0,1,1,0,1,0,0,1,0,1,0,0,0,1,1,0,0,0,2,3,0,0,0,1,0,0,0,2,0,0,0,0,0,0,1,1,0,1,0,0,0,0,0,2,0,0,0,0,0,0,1,0,0,1,0,0,0,0,2,0,0,0,0,0,0,0,0,0,0,2,0,0,0,0,0,4,0,0,0,0,1,0,1,1,0,0,0,0,4,0,0,0,0,0,3,3,3,0,1,3,0,0,0,0,0,0,0,0,0,0,0,0,0,1,0,0,0,0,0,0,0,0,2,0,0,0,0,0,0,0,2,0,0,0,0,1,3,2,0,0,1,0,0,0,1,0,0,0,3,0,1,0,0,0,3,2,1,1,0,0,2,0,0,0,0,0,0,0,0,0,0,2,0,1,0,0,2,0,1,1,0,0,0,0,0,0,0,0,0,0,0,0,0,0,1,0,5,0,1,0,1,0,0,3,0,2,0,0,2,0,2,0,1,1,0,0,0,0,2,0,0,0,0,1,0,0,1,1,1,0,0,0,3,0,0,0,1,1,0,0,0,0,1,0,0,4,0,0,1,2,0,0,0,0,0,0,0,1,0,0,0,1,1,3,3,0,0,1,0,0,1,0,0,0,0,0,0,1,0,0,0,0,0,0,0,0,2,0,2,0,0,0,0,0,0,0,0,1,0,0,0,0,0,1,0,0,0,4,1,0,0,0,1,1,0,1,1,1,0,0,2,0,0,0,0,0,1,0,0,1,0,0,4,1,0,0,0,0,1,0,0,3,0,0,1,3,1,0,1,0,0,3,0,0,1,0,1,1,0,0,0,0,1,0,1,0,0,0,0,0,2,3,1,0,0,0,0,0,0,0,1,0,0,2,0,0,0,0,0,0,1,0,1,2,0,0,1,0,1,2,2,0,0,0,1,2,0,0,0,0,0,0,0,1,0,2,0,1,0,0,2,0,1,0,2,2,0,0,0,1,0,0,0,1,1,0,0,0,0,0,1,0,4,0,0,0,0,1,0,0,0,1,2,0,1,0,2,0,0,6,0,0,0,0,0,0,0,0,0,1,0,0,0,0,0,4,0,1,0,6,0,0,0,0,0,0,0,0,0,0,0,0,2,0,0,0,0,0,0,0,0,0,1,0,0,0,3,0,0,0,0,1,0,1,3,0,1,2,0,0,0,0,2,0,2,0,0,2,1,0,0,0,0,1,0,1,0,1,0,0,0,0,0,0,0,0,2,0,0,0,3,0,0,0,0,0,0,0,0,0,0,0,0,0,0,2,0,6,0,0,0,0,0,0,1,3,1,0,0,0,1,0,0,0,0,1,0,2,0,0,1,0,0,0,1,0,0,1,0,0,0,0,0,0,0,0,0,2,1,0,0,2,0,0,0,0,3,3,0,1,0,3,3,1,0,0,1,0,0,1,0,0,0,0,0,0,0,0,0,2,1,0,1,0,1,0,0,0,0,0,0,0,0,1,0,0,0,0,1,0,1,0,0,1,1,0,2,0,0,0,1,1,3,0,1,0,1,0,0,0,0,2,0,0,0,0,0,1,1,0,0,0,0,1,0,2,1,0,0,0,0,3,0,0,0,0,0,0,0,1,0,1,0,0,1,0,0,0,1,0,2,0,1,0,0,1,1,0,0,3,1,0,0,0,0,1,0,0,1,2,2,0,0,1,0,0,0,1,3,1,0,0,1,0,0,0,0,0,0,0,1,1,4,0,0,0,0,0,1,0,0,0,0,0,2,0,0,1,0,1,0,0,0,0,0,0,2,1,0,1,3,3,0,0,0,0,0,0,0,0,0,0,0,2,0,0,0,0,0,0,0,0,0,0,0,0,0,0,1,1,1,0,0,0,0,0,0,0,1,0,1,0,0,1,0,1,0,0,3,0,0,0,0,0,0,0,0,1,1,0,0,0,0,0,0,0,0,0,2,0,1,0,1,0,0,0,0,0,0,0,2,0,0,0,0,1,0,1,1,0,0,0,1,0,0,0,1,0,1,3,0,0,1,0,0,0,0,1,1,0,0,0,0,1,0,0,2,0,0,0,0,0,0,0,0,0,2,1,0,1,0,0,0,0,0,0,0,0,0,0,0,1,0,0,0,0,1,0,0,0,3,0,0,0,0,0,0,0,1,1,1,0,1,1,3,0,2,0,0,0,0,0,1,0,0,0,0,3,0,1,0,1,2,0,1,0,0,0,0,0,2,0,0,1,2,3,0,0,0,0,1,1,0,0,0,0,1,1,0,0,1,0,1,1,0,0,0,0,4,0,1,2,0,0,0,3,0,0,0,1,0,0,0,0,0,0,1,4,1,0,1,0,0,0,0,0,0,1,0,0,2,0,0,1,1,0,0,0,0,1,0,0,0,2,0,0,0,0,1,0,0,5,5,0,0,0,0,0,0,4,1,0,0,0,0,0,1,2,0,0,0,0,0,1,0,0,5,0,0,1,0,0,1,0,0,1,1,0,0,0,0,1,0,0,0,1,0,1,0,0,0,0,2,0,1,1,0,0,5,0,0,0,0,0,0,0,2,0,1,0,0,0,0,1,0,1,0,0,0,0,2,0,0,0,1,0,1,0,0,0,0,1,0,0,2,2,0,1,0,0,0,0,2,2,0,0,0,0,0,0,0,0,1,0,0,0,0,0,0,0,1,3,2,1,0,1,0,1,0,0,0,0,0,0,3,0,0,0,0,0,0,1,0,1,0,0,0,2,0,0,1,0,1,1,0,1,0,0,0,0,1,0,0,0,2,0,1,0,0,0,0,0,0,1,1,0,0,0,0,1,0,0,0,0,0,0,0,0,0,0,0,1,0,0,0,0,2,1,0,0,1,4,0,0,0,0,0,0,0,3,0,0,0,3,0,1,0,0,0,0,4,3,0,0,0,0,2,1,0,2,0,0,0,0,0,0,0,0,0,0,4,0,0,1,0,2,0,0,0,2,4,1,0,0,0,0,1,0,1,0,1,0,0,1,1,0,0,0,0,0,0,0,0,0,1,0,0,0,0,0,0,0,0,1,0,4,0,1,0,3,1,0,1,0,0,1,0,0,2,0,0,0,0,0,4,0,0,0,0,0,0,4,0,0,2,0,2,0,0,0,0,1,0,1,2,1,1,0,2,1,1,3,0,1,1,2,0,1,0,0,0,0,1,1,1,0,0,1,3,0,0,0,0,0,0,0,0,0,1,0,2,0,0,1,3,1,3,0,0,0,0,0,0,0,0,0,0,0,1,0,0,0,1,0,0,0,2,0,1,0,0,2,0,0,0,0,0,0,2,1,0,0,0,0,0,0,0,0,1,0,0,2,0,0,1,1,1,1,2
HSPA8,2,3,4,0,4,0,1,2,1,2,0,5,1,5,4,3,2,5,0,3,3,4,0,3,0,0,0,4,0,2,5,4,2,1,0,1,1,4,4,2,3,4,1,12,3,0,4,2,3,2,4,4,0,1,5,0,1,6,2,0,3,6,5,0,1,6,4,0,1,3,1,3,1,0,0,0,2,0,0,2,0,0,1,0,2,5,2,1,3,2,0,4,1,0,4,0,0,2,0,5,1,1,1,1,0,2,3,5,5,2,0,7,0,0,3,7,4,1,2,4,0,0,1,0,5,1,2,0,1,4,0,1,4,1,1,3,0,5,0,0,1,1,8,3,4,3,0,0,9,0,1,0,5,2,1,4,2,1,2,0,1,2,3,1,2,15,0,2,1,2,3,1,6,3,1,0,1,0,0,0,0,3,2,1,1,2,4,3,1,4,4,1,4,3,3,2,0,2,0,2,0,1,1,1,3,0,0,4,3,0,2,3,5,1,1,2,3,4,1,2,0,0,0,1,9,3,1,0,2,7,0,2,3,3,0,0,0,4,3,2,1,0,1,1,2,0,1,1,2,1,2,0,0,1,0,2,2,4,1,0,1,0,2,2,2,1,1,2,7,0,5,2,0,1,0,4,1,0,1,8,2,1,2,3,4,6,1,1,3,0,3,3,0,0,0,1,0,1,0,1,3,3,3,3,0,2,3,0,5,3,3,1,2,3,3,0,3,7,1,1,2,1,1,1,0,2,1,4,0,1,4,2,6,0,0,1,0,0,2,2,4,7,1,5,0,3,1,1,2,2,1,3,4,0,1,1,2,3,0,0,1,1,1,0,3,1,6,2,1,1,3,0,6,1,1,2,3,4,2,0,0,1,1,3,4,1,2,3,1,4,5,6,5,12,3,0,6,1,2,0,0,2,3,3,0,9,1,0,2,3,4,1,1,11,4,0,0,0,1,0,0,9,10,2,1,3,4,5,1,2,0,5,3,1,0,1,1,3,2,2,2,8,3,4,7,21,2,1,1,1,4,3,0,2,0,2,2,1,1,0,2,5,1,1,2,0,3,0,1,0,0,0,4,3,4,2,0,4,0,3,2,2,2,4,0,3,1,2,5,1,0,4,2,0,2,0,2,0,0,1,0,0,2,1,2,3,1,1,0,1,0,1,1,2,2,3,0,3,2,0,3,2,1,1,1,0,3,1,2,4,2,2,3,2,4,2,5,2,4,4,3,2,1,1,1,5,0,3,4,1,6,2,0,1,0,4,2,6,1,3,1,4,0,3,4,2,3,2,5,0,1,5,3,3,4,0,1,8,1,2,0,2,4,1,1,3,2,1,2,1,0,0,0,3,2,2,3,0,2,1,4,4,0,6,8,3,0,0,1,1,0,0,2,3,7,2,1,4,0,3,4,2,1,1,10,1,1,2,4,1,1,4,2,1,0,2,5,4,4,1,2,0,4,2,2,0,0,3,2,0,0,3,2,0,0,2,0,1,0,1,2,1,0,4,2,3,0,1,3,2,1,2,0,2,8,4,0,0,4,4,0,1,6,6,0,7,1,0,0,2,6,0,2,4,0,2,3,5,2,1,1,1,3,3,0,0,2,2,2,5,1,0,0,2,0,2,4,1,0,2,2,2,2,5,0,2,1,2,0,3,3,2,0,2,2,2,1,2,2,1,0,4,5,1,4,2,1,0,1,2,2,3,3,1,1,3,2,0,0,2,0,0,1,0,0,1,3,2,4,3,1,2,5,3,1,1,1,1,0,2,1,1,2,6,0,0,2,7,3,8,4,3,0,0,1,6,0,3,0,3,4,4,1,1,4,2,5,0,0,2,3,0,4,0,3,1,1,0,0,3,0,0,0,2,2,2,5,1,2,0,5,1,0,1,3,1,0,2,0,0,0,1,8,2,6,3,0,3,1,4,1,0,1,2,2,0,0,2,2,2,4,3,1,2,1,0,3,0,7,4,1,1,2,1,1,2,1,2,0,0,2,0,0,1,0,4,2,3,0,3,3,1,1,2,0,2,1,3,4,1,3,2,3,3,3,0,1,1,3,2,2,2,2,2,1,5,0,2,3,2,3,3,1,0,2,0,1,3,0,3,0,3,2,0,1,0,0,6,1,0,2,1,1,3,0,3,9,0,5,1,0,0,0,1,1,1,1,0,2,2,6,2,4,0,0,0,4,0,1,0,1,9,0,2,2,2,2,3,2,2,3,1,0,3,1,3,2,1,2,3,2,2,0,0,0,3,3,1,0,1,2,0,8,3,2,2,2,4,0,3,2,1,0,4,1,6,3,1,1,4,1,1,1,8,3,3,3,0,3,5,4,15,1,2,0,3,2,1,0,1,4,3,9,3,2,2,0,4,2,1,7,0,1,2,5,3,1,1,3,4,3,7,2,11,1,1,2,1,1,0,0,8,1,1,6,2,4,0,0,2,3,0,0,4,3,3,0,3,2,1,0,3,0,13,4,0,0,0,0,2,2,2,3,0,1,3,2,1,1,1,3,0,0,8,0,2,2,3,3,0,2,1,0,0,0,5,1,6,0,4,3,0,19,2,1,1,2,1,1,4,0,1,2,0,4,0,0,3,1,0,0,1,0,2,0,0,2,0,2,6,8,4,0,0,6,1,1,4,3,4,1,1,3,1,2,0,2,1,0,1,5,2,2,1,3,3,1,2,0,1,1,3,1,0,2,2,2,1,1,2,2,3,3,1,3,2,1,2,3,0,0,6,4,6,4,3,2,3,1,2,0,2,2,3,2,1,0,0,8,4,1,4,0,0,1,7,2,0,0,1,5,3,6,3,4,0,0,6,1,5,6,5,2,0,4,5,1,2,1,1,4,5,1,0,3,2,0,1,2,2,1,1,0,3,1,3,2,1,1,0,4,2,10,12,1,1,8,2,2,2,0,2,9,2,0,0,2,4,0,2,6,1,6,0,0,1,1,6,5,3,1,1,3,2,2,3,2,1,1,1,2,0,0,0,2,1,3,3,1,4,1,0,1,0,1,4,1,4,29,0,1,1,2,0,1,0,4,0,1,1,2,9,0,0,4,2,2,3,2,1,3,3,3,2,1,0,0,5,0,5,0,0,0,2,5,3,1,3,6,1,1,3,1,1,0,1,4,0,4,0,6,3,0,1,7,0,1,0,4,4,1,0,3,3,3,0,0,3,0,0,2,3,2,3,1,3,1,2,2,4,0,5,2,1,2,1,4,5,4,1,2,4,0,6,4,1,1,4,1,1,6,6,0,0,0,1,1,1,2,1,2,4,7,3,1,0,3,1,0,6,2,2,0,0,0,2,7,0,5,1,1,1,1,0,6,3,2,5,2,2,3,1,3,2,1,1,2,0,1,5,0,2,2,1,0,2,3,4,1,5,2,6,1,6,0,5,0,0,1,0,0,2,4,2,2,1,9,1,1,3,3,0,1,3,0,1,1,13,1,2,3,11,5,0,3,3
IFI30,0,0,0,0,0,1,0,0,0,0,1,0,3,0,0,3,0,0,2,0,0,0,2,0,0,0,0,0,0,0,0,0,0,0,0,0,0,0,4,0,0,0,4,0,0,0,0,2,0,0,0,0,1,0,0,2,0,0,0,0,4,0,0,0,0,0,0,0,3,0,0,0,0,1,0,0,0,1,0,4,0,0,0,1,0,0,0,0,0,0,0,0,0,0,0,1,0,0,0,2,0,0,4,0,0,2,0,0,4,0,0,0,0,0,0,0,0,0,1,0,0,0,1,0,0,0,0,0,3,0,0,0,0,0,0,0,0,0,0,0,0,0,0,2,2,0,0,1,0,0,4,0,0,0,0,0,0,0,0,0,0,0,11,1,0,0,0,0,3,5,0,0,0,0,1,0,0,0,4,0,0,0,0,0,4,0,0,0,1,3,6,1,0,0,0,0,0,0,0,0,1,0,0,0,0,0,0,0,0,0,0,0,0,0,0,0,0,0,0,3,0,0,0,1,0,0,0,3,0,0,0,0,8,5,0,1,0,0,0,0,0,0,0,0,0,0,0,0,1,0,0,2,0,0,0,0,0,0,0,0,0,0,0,7,0,0,0,0,0,0,0,6,0,2,0,0,0,2,4,0,0,0,0,0,0,0,0,1,0,0,0,0,1,0,0,0,0,0,1,0,0,0,0,0,1,0,0,1,2,0,0,0,0,0,0,0,0,0,0,0,0,0,1,0,0,0,1,0,0,0,0,4,0,0,1,0,0,0,0,1,5,0,2,0,0,0,0,2,0,1,2,0,9,0,0,1,0,0,0,3,0,0,0,0,0,0,2,0,0,0,0,1,0,0,0,4,0,0,0,1,0,0,1,1,0,0,0,0,0,0,0,11,0,2,0,0,0,0,0,2,1,0,0,0,0,0,0,0,0,0,0,0,1,0,0,3,0,0,0,0,0,0,0,0,6,0,0,0,0,0,0,0,0,0,0,0,1,0,0,0,0,0,6,0,0,5,0,0,0,0,0,0,1,0,1,0,0,3,0,0,0,0,0,0,1,3,0,0,0,0,2,1,0,0,0,5,0,0,0,0,1,0,0,0,3,0,0,0,0,0,0,0,0,0,0,0,0,0,0,0,0,0,0,0,0,0,0,4,0,0,0,0,0,0,0,0,0,0,0,0,0,0,0,1,2,0,0,0,1,0,1,0,0,0,3,1,0,1,0,0,0,0,0,0,0,0,2,0,6,0,0,1,0,0,0,5,0,10,0,0,0,0,0,0,0,0,0,0,0,0,0,0,0,0,0,1,0,0,0,0,0,0,0,3,0,0,0,0,0,1,0,0,0,3,0,0,0,0,0,0,0,5,1,0,0,2,0,0,0,0,2,0,0,0,0,0,0,0,2,3,0,0,0,0,0,0,0,3,0,0,0,0,0,0,0,0,0,0,0,0,0,0,0,0,0,0,0,0,0,1,0,0,0,0,0,1,0,0,0,2,1,0,0,0,0,0,0,0,0,0,0,0,0,0,0,0,0,2,0,0,0,4,0,0,1,0,0,0,0,0,0,0,0,0,0,0,0,0,0,1,0,0,0,0,0,4,0,0,0,0,0,0,1,0,1,0,0,0,0,0,0,0,0,0,0,0,0,0,0,0,0,0,0,0,0,0,1,1,0,0,0,0,0,2,0,0,0,0,0,0,0,0,0,0,1,0,0,0,0,0,0,0,0,0,0,0,0,0,0,0,0,0,0,0,3,1,1,0,0,0,0,0,0,0,0,4,0,0,0,0,0,0,0,0,5,1,0,0,2,0,0,0,0,0,0,0,0,0,0,0,0,0,0,1,0,0,2,0,0,0,0,0,4,0,0,0,0,0,0,1,0,0,0,1,0,0,0,0,4,0,0,1,0,0,0,0,0,0,0,0,0,0,0,0,0,0,1,0,0,0,0,0,0,0,0,0,0,1,0,0,0,0,4,0,0,0,0,0,0,1,0,0,1,2,2,0,0,0,0,0,0,0,0,3,0,4,0,0,4,0,0,0,0,0,0,0,0,0,6,1,0,0,0,0,1,0,0,0,0,1,0,6,2,0,0,0,0,0,0,1,1,2,0,0,0,0,0,7,0,0,0,0,0,0,0,0,0,1,0,0,0,0,1,0,0,0,0,0,0,4,0,0,0,0,0,4,0,0,0,1,0,4,1,0,0,0,0,0,1,0,0,1,0,3,0,0,0,0,0,0,0,0,0,0,0,0,0,0,0,0,0,1,0,0,0,0,0,0,0,0,0,0,1,0,0,0,2,0,3,0,0,1,0,0,0,0,0,1,1,0,6,0,0,0,0,2,0,3,0,0,0,0,0,0,0,0,0,0,0,0,0,1,0,0,0,0,1,0,0,0,0,0,1,12,3,0,1,1,0,1,1,0,0,1,0,0,0,2,1,2,0,1,0,0,0,0,0,0,0,0,0,0,0,0,0,1,0,0,0,0,0,0,2,1,0,0,0,0,0,0,0,0,0,0,0,0,3,0,0,0,0,0,1,0,0,0,0,0,0,0,0,0,0,0,0,0,0,0,0,0,0,0,1,0,0,0,0,0,0,0,1,0,0,6,0,0,0,0,0,0,0,0,0,0,0,0,0,0,0,0,0,0,0,0,0,0,0,0,0,4,0,0,3,0,0,0,0,0,0,2,0,0,0,0,0,0,1,0,0,0,0,0,0,0,0,0,0,6,0,3,0,0,0,4,0,0,7,0,0,0,0,0,0,0,2,0,3,0,0,0,0,5,0,0,0,0,2,0,0,0,0,0,0,0,0,0,0,0,0,0,10,0,3,0,0,0,0,0,0,0,0,0,4,0,0,0,0,0,0,0,0,0,0,0,0,0,2,0,2,0,5,0,0,0,0,1,0,0,0,4,0,0,0,0,0,0,0,0,10,0,5,0,0,0,0,0,0,0,0,0,0,0,0,0,0,0,0,1,0,1,0,3,1,0,0,0,0,0,0,0,0,0,0,0,0,0,0,0,0,0,4,0,0,0,0,0,0,0,0,0,0,0,0,0,3,0,0,0,0,0,0,0,0,0,1,0,0,0,0,0,0,2,0,0,7,0,0,0,0,0,0,0,0,0,0,0,0,0,0,0,11,0,0,0,0,1,0,2,0,2,0,1,0,0,0,1,0,0,0,0,0,0,0,0,0,0,0,4,1,0,2,0,4,1,0,0,0,0,0,0,0,0,0,0,0,0,0,0,0,0,0,0,0,0,0,0,0,0,0,1,0,0,0,0,0,2,0,0,0,1,0,0,2,0,0,0,2,2,0,0,2,0,0,3,6,0,0,0,0,2,0,0,0,0,0,0,0,0,1,0,0,0,0,0,0,0,0,1,5,0,0,5,0,0,0,0,0,0,0,4,1,0,0,0,0,0,0,0,0,0,0,0,0,0,3,0,0,1,0,0,1,0,0,0,0,0
CEBPB,1,0,1,0,0,1,3,1,1,0,1,0,4,0,0,3,1,1,0,0,0,2,2,0,0,1,0,1,0,1,1,0,1,0,0,0,1,1,1,1,0,1,5,2,0,0,1,1,0,0,0,0,0,0,0,0,0,1,0,0,5,0,0,0,0,0,1,0,2,0,0,1,0,3,0,0,0,4,0,2,0,1,1,2,0,1,0,0,0,0,0,2,0,3,0,1,0,0,0,0,0,2,5,0,0,0,0,0,2,1,1,0,0,1,1,2,0,0,4,0,0,0,3,0,0,0,1,1,4,0,0,1,0,0,3,3,0,1,1,0,1,0,0,0,1,0,6,0,1,0,1,0,1,0,0,2,0,0,1,1,0,0,3,1,0,0,2,0,4,3,0,0,0,0,2,0,0,0,3,0,0,0,0,0,1,0,0,0,3,2,0,0,1,1,1,0,0,0,0,1,2,0,2,0,0,1,0,2,0,1,0,0,0,1,0,0,0,0,0,2,0,0,0,0,1,0,0,3,1,2,0,0,2,2,1,0,1,0,0,0,6,0,1,1,0,0,0,0,4,3,0,0,0,1,0,2,1,0,0,0,0,0,2,0,0,0,0,0,0,0,0,3,0,2,0,0,0,2,1,0,1,0,1,1,2,0,0,0,0,0,1,0,2,0,0,0,0,0,1,1,0,0,0,0,0,0,0,0,2,0,0,0,0,0,1,1,0,1,0,0,0,0,8,0,1,0,2,0,0,1,3,2,0,0,0,0,0,3,1,0,3,0,2,2,0,0,1,3,2,4,2,0,9,0,0,2,0,1,3,0,0,0,0,1,0,0,1,1,2,0,0,1,0,0,0,3,1,1,0,1,2,0,0,0,1,2,2,1,0,0,0,16,0,3,0,1,0,0,0,6,2,0,0,0,2,1,0,0,0,0,2,1,2,1,0,2,0,0,1,0,5,1,1,0,1,1,0,0,0,0,0,0,0,1,1,0,3,1,1,1,0,2,4,1,1,6,0,0,0,0,0,0,3,0,1,0,1,2,4,0,0,0,0,1,2,2,0,2,3,0,0,2,0,0,1,9,2,0,0,0,0,1,0,0,3,0,0,1,1,1,0,0,0,0,0,2,1,0,0,0,0,1,0,0,0,0,0,0,0,0,0,0,0,0,0,0,0,1,0,0,0,0,0,0,4,0,0,0,4,0,3,1,0,0,1,4,0,0,0,0,1,1,0,0,0,0,0,0,0,0,0,0,1,0,0,9,0,9,0,3,1,1,0,0,0,0,0,0,1,0,0,2,1,0,0,3,0,0,0,0,0,0,0,6,0,0,0,0,0,0,0,0,0,7,0,0,1,0,0,0,0,2,1,0,0,2,2,1,0,0,1,0,0,0,3,1,0,0,1,4,0,0,0,0,1,0,0,3,0,3,0,1,0,0,0,0,0,0,0,2,0,0,0,1,0,1,0,0,0,0,0,0,1,0,0,2,0,0,0,7,2,0,0,0,1,1,1,0,0,0,0,0,1,0,1,0,0,2,2,0,0,0,0,0,0,0,0,1,0,0,0,0,0,0,1,0,0,0,0,1,0,0,0,0,0,1,0,0,0,0,0,0,0,0,3,0,0,0,0,1,0,0,0,0,0,0,0,0,0,0,0,1,1,1,0,0,2,0,0,0,0,1,0,2,0,0,0,0,0,1,1,0,0,0,0,0,1,1,1,1,0,0,0,0,0,0,0,0,1,0,0,0,0,0,2,1,2,1,1,0,0,0,1,0,1,7,0,1,0,0,1,0,0,0,5,0,1,1,4,0,1,0,0,1,2,1,2,1,1,0,0,0,0,0,3,0,2,0,1,0,0,0,0,0,1,0,0,0,0,1,0,0,0,2,0,0,0,0,2,0,3,3,0,0,1,1,0,1,1,1,0,1,0,0,0,0,1,5,1,0,1,0,0,0,1,0,0,1,0,0,0,1,6,1,0,0,0,1,0,2,1,0,1,0,1,1,1,0,0,0,1,1,0,4,0,4,2,0,1,0,0,1,0,2,0,0,1,0,4,2,1,0,0,0,2,0,0,0,1,0,0,4,1,0,0,1,0,0,2,1,1,0,0,0,0,0,1,6,1,0,1,0,0,0,0,0,0,1,0,0,1,1,1,0,0,0,0,1,0,1,1,0,0,0,1,5,0,0,0,3,2,3,3,0,1,0,0,0,2,0,0,0,0,3,1,0,0,0,0,1,0,0,0,1,0,1,0,1,0,0,0,2,1,0,2,0,0,0,0,0,0,1,2,1,1,0,0,0,4,1,0,1,0,0,1,0,1,1,1,0,2,0,0,0,1,2,0,6,2,0,0,0,0,1,0,0,0,0,0,0,0,3,3,0,4,0,1,0,0,0,1,2,7,5,2,3,2,1,0,1,6,0,0,0,0,0,0,1,2,4,0,2,1,1,0,0,1,0,1,0,1,0,0,1,1,0,0,0,0,0,0,0,8,1,2,0,0,0,0,0,1,0,0,1,0,0,1,0,1,2,1,0,4,0,0,0,0,0,0,2,0,0,0,0,0,1,0,1,0,0,1,1,2,0,0,1,0,0,0,1,2,0,0,0,0,0,1,0,0,0,0,0,0,0,0,0,0,1,0,1,0,1,0,1,0,0,1,0,1,2,0,0,1,0,0,1,0,0,0,0,0,0,0,0,1,0,3,0,0,1,0,0,0,1,0,0,0,1,0,0,0,0,0,10,0,1,15,1,0,0,0,5,0,0,0,0,1,2,0,1,2,9,0,0,0,0,2,1,0,1,2,0,0,0,1,0,0,0,0,0,9,1,1,1,0,0,1,0,2,1,2,0,2,2,0,0,0,0,0,0,0,2,0,0,0,1,2,0,3,1,9,1,0,0,0,2,0,0,0,2,0,0,1,0,0,0,0,1,0,0,3,0,0,1,0,0,3,0,0,0,0,0,2,0,0,0,0,0,0,1,2,1,2,0,2,1,1,0,1,3,1,0,3,0,0,0,0,0,0,0,1,0,0,0,1,0,0,0,2,0,0,1,0,2,1,0,0,0,1,0,1,14,0,8,1,2,0,1,0,0,2,2,1,0,1,1,6,0,0,4,0,0,0,0,0,1,1,1,1,0,16,0,1,1,0,1,0,0,0,1,0,2,0,0,0,1,0,0,0,0,0,1,0,0,0,0,0,1,0,0,0,0,3,3,0,0,0,0,0,0,0,1,0,0,0,1,0,0,0,0,0,0,0,1,0,0,4,0,0,1,0,0,1,0,0,6,0,0,1,1,0,0,0,0,1,0,2,0,0,1,1,0,0,3,1,0,0,0,0,5,0,1,0,0,0,6,0,4,5,1,0,1,0,1,0,1,0,0,7,1,1,3,0,0,0,0,0,0,2,1,1,0,2,2,0,0,4,0,0,1,0,0,0,0,1,3,1,2,0,0,0,0,2,0,0,1
CFP,1,0,0,0,0,3,0,0,0,0,1,0,3,1,0,6,0,0,1,1,0,0,1,1,0,0,0,0,0,0,0,0,0,0,0,0,0,0,4,0,0,0,6,0,0,0,0,2,0,0,0,0,3,0,0,0,0,0,0,0,7,0,0,1,0,0,0,0,2,0,0,0,0,0,0,0,0,2,0,4,0,0,0,1,0,0,0,0,0,0,0,0,0,2,2,1,0,0,1,0,0,0,3,0,1,0,0,0,3,0,0,0,1,2,0,0,0,1,3,0,0,0,3,0,0,1,0,0,2,0,0,0,0,0,0,0,0,0,2,0,0,0,0,0,4,0,4,0,0,0,8,0,0,0,0,0,0,0,0,3,0,0,2,3,0,0,1,0,1,5,0,0,1,0,2,0,0,0,3,0,0,0,0,0,1,0,0,1,0,4,3,1,1,0,1,0,0,1,0,0,0,0,0,0,0,0,0,0,0,1,0,0,1,0,0,0,0,0,0,1,0,0,0,0,0,0,0,2,0,0,0,0,3,3,2,0,0,0,1,0,2,0,0,0,0,0,0,3,0,1,0,1,0,0,0,0,0,0,0,2,0,0,0,0,0,0,0,0,0,0,0,3,1,0,0,0,0,2,8,0,3,0,0,0,0,0,0,0,0,0,0,0,0,0,0,0,0,0,1,0,0,1,0,0,0,0,0,2,0,0,0,0,0,0,0,0,0,0,0,0,0,0,4,0,0,0,1,0,0,0,0,4,0,0,2,0,0,1,0,0,5,0,0,0,0,0,0,0,0,4,3,0,2,0,0,0,0,0,3,1,0,0,0,0,0,0,4,0,0,0,0,5,0,0,0,10,0,0,0,4,1,0,0,0,0,0,0,0,0,0,0,13,0,5,1,4,0,0,0,2,3,0,0,0,3,0,0,0,0,0,0,0,0,0,0,2,0,0,0,1,1,0,0,0,2,0,0,0,0,0,0,0,0,0,3,0,0,0,0,11,0,0,2,0,0,5,0,0,0,0,0,0,2,0,4,0,0,3,1,0,0,0,0,0,1,3,0,0,1,0,1,1,0,0,0,2,0,0,0,0,3,0,0,0,2,0,0,0,0,3,0,0,0,0,0,0,0,0,0,0,0,0,0,0,0,0,0,6,0,0,0,0,0,0,0,0,0,0,0,2,0,0,1,1,4,2,0,0,4,0,2,1,0,0,1,4,0,1,0,1,0,0,0,0,0,0,1,0,1,0,1,2,0,0,0,3,1,3,0,0,0,1,0,0,0,0,0,0,0,0,0,0,0,0,0,1,0,0,2,0,0,0,0,2,0,0,0,0,0,0,0,0,0,2,0,0,0,0,0,0,0,3,1,0,1,4,1,0,0,0,1,0,0,0,0,0,0,0,3,0,0,1,0,0,0,0,0,1,0,0,0,0,0,0,1,0,0,1,0,0,0,0,0,0,0,0,0,0,0,0,0,0,0,1,0,1,0,0,0,1,4,0,0,0,0,0,3,0,0,0,0,0,0,0,0,0,1,1,0,0,0,6,0,0,0,0,0,1,0,0,0,0,0,0,0,0,0,0,0,0,0,0,0,0,0,0,0,0,0,1,0,0,0,0,2,0,0,1,0,1,0,0,0,1,0,0,0,0,0,0,0,0,0,0,0,0,1,0,0,1,0,0,0,1,0,0,0,0,0,1,0,0,0,0,0,0,0,0,0,0,0,1,0,0,1,0,1,0,0,0,0,0,0,0,0,1,2,0,1,0,1,0,0,0,1,4,0,1,0,0,0,0,0,0,4,0,0,1,0,1,0,0,0,0,0,0,0,0,0,0,0,0,0,1,0,0,4,0,0,0,0,0,1,0,0,0,0,0,0,1,0,1,0,1,0,0,0,0,0,0,0,3,0,0,0,0,0,0,0,0,0,0,0,0,0,0,1,2,0,0,0,0,0,0,0,0,0,0,0,0,0,1,7,0,0,0,0,1,0,3,0,0,0,8,1,0,0,0,0,0,0,0,0,1,0,2,0,0,4,0,0,0,0,0,0,0,0,0,2,3,0,0,0,0,0,0,0,0,0,0,0,2,0,0,0,1,0,0,0,3,1,0,0,0,0,0,0,2,0,0,0,0,0,0,0,0,0,4,1,0,0,0,0,0,0,0,0,0,0,2,1,0,1,0,0,2,0,0,0,3,0,20,4,0,0,0,0,1,3,0,0,0,0,1,0,0,0,0,1,0,0,0,0,0,0,0,0,0,0,0,0,2,0,0,0,0,0,0,1,0,0,0,3,0,0,0,0,1,3,0,0,0,0,0,0,0,0,1,0,0,3,1,0,1,0,2,0,2,2,0,0,0,0,1,0,0,0,0,0,0,0,0,0,1,0,0,0,0,1,2,0,0,4,5,0,0,3,0,0,0,1,1,0,2,0,0,1,1,3,3,0,1,0,0,0,0,3,1,0,0,0,1,0,9,0,2,0,0,0,0,0,0,3,1,0,0,0,0,0,0,0,0,0,0,0,0,0,0,0,1,1,0,3,0,0,0,0,0,1,0,0,1,0,0,0,0,0,2,0,0,0,0,0,0,0,1,0,0,0,0,2,0,0,5,0,0,0,0,0,0,1,0,0,0,0,0,0,0,0,0,0,0,0,2,0,0,1,0,0,6,0,0,1,0,0,0,0,0,0,3,0,0,0,0,0,0,2,0,0,0,0,1,0,1,0,0,0,4,0,0,0,0,0,2,0,0,3,0,0,0,0,2,0,0,0,0,1,1,0,0,0,3,0,0,0,0,1,0,0,0,0,0,0,0,0,0,0,0,0,0,3,0,0,1,0,0,0,0,0,0,0,1,1,1,0,0,1,0,0,0,0,0,0,1,1,0,1,0,1,0,3,1,0,0,0,0,0,0,0,4,0,0,0,0,0,0,0,0,2,0,1,0,0,1,0,0,2,1,0,0,0,0,0,0,0,1,1,1,0,0,0,1,1,0,1,0,0,0,0,4,0,0,0,0,0,0,0,0,0,0,1,0,0,0,1,0,0,0,0,0,0,0,0,0,0,0,1,0,0,0,0,5,0,4,0,4,0,0,0,0,1,1,0,0,6,0,2,0,0,6,0,0,0,0,0,0,0,0,0,0,13,0,0,0,1,1,0,0,0,4,0,3,0,0,0,4,0,0,0,0,0,0,0,0,0,0,0,3,0,0,0,0,2,0,0,0,0,0,0,1,1,0,0,0,0,0,0,0,0,1,0,0,0,0,0,0,0,0,0,0,0,0,0,0,0,1,0,0,0,0,1,0,2,0,0,0,2,1,0,0,1,0,0,2,6,0,0,0,0,5,0,0,0,0,0,2,0,2,6,0,0,0,0,0,0,0,0,0,4,0,0,1,0,0,0,0,0,0,0,1,0,0,0,0,0,0,0,0,0,0,1,0,1,0,1,0,0,8,1,0,0,0,0,0,1,0
RPS20,18,5,9,2,9,11,11,26,12,6,15,8,7,18,13,14,13,10,9,24,11,12,11,2,10,6,16,15,10,33,23,14,33,12,2,4,20,22,14,9,21,19,16,23,16,11,20,11,19,15,11,19,10,9,15,1,2,23,10,11,17,17,14,3,15,7,14,2,6,16,11,37,15,3,1,8,2,19,1,14,17,11,4,3,5,22,15,25,10,17,17,13,13,5,20,14,10,12,3,42,9,24,8,22,9,4,7,4,5,12,12,20,1,17,6,32,16,18,15,14,12,3,8,2,26,21,6,12,10,11,8,13,11,10,6,13,14,10,4,7,18,12,21,24,38,8,16,10,32,8,9,4,8,21,10,14,3,13,3,7,10,15,10,6,2,15,10,20,12,21,27,6,16,17,5,11,15,13,10,21,7,10,12,10,6,26,23,20,5,14,16,19,20,29,18,16,11,5,2,33,6,10,16,1,16,8,12,27,22,11,10,6,10,2,8,3,20,20,16,8,12,13,16,10,32,3,11,7,22,15,16,10,12,23,6,5,8,16,13,11,7,4,12,2,7,10,10,3,25,7,17,5,11,5,15,17,10,30,5,9,20,3,18,9,11,14,11,13,31,16,4,20,7,4,18,8,12,15,9,21,2,5,29,20,16,22,20,10,19,11,22,10,6,10,8,8,4,6,15,4,19,10,8,14,4,2,17,1,4,16,12,3,5,18,12,7,11,25,9,13,3,2,13,6,9,16,7,43,21,24,12,14,20,9,3,8,12,6,32,10,12,15,6,19,20,14,9,5,11,16,11,20,24,14,2,5,11,38,16,2,5,16,19,4,3,16,48,16,24,21,8,5,4,4,3,38,18,14,14,7,5,8,21,13,15,2,17,22,12,3,22,26,9,18,13,3,23,11,0,7,8,18,11,22,5,19,10,10,17,25,18,16,9,18,19,22,8,15,14,14,12,19,16,2,11,6,8,13,11,14,3,15,19,8,10,15,5,11,11,28,5,22,24,15,13,31,8,15,6,11,8,20,6,10,7,16,6,13,19,15,15,18,21,9,20,15,20,15,1,1,5,8,7,22,16,15,6,4,8,9,6,11,6,10,5,32,5,26,14,2,10,22,19,14,14,4,14,15,6,6,0,11,17,2,25,15,8,21,10,5,0,2,8,7,6,8,7,7,11,4,21,11,18,5,6,9,9,14,16,18,4,32,9,4,18,16,9,22,14,8,61,8,13,5,14,15,17,12,22,19,16,38,4,9,3,10,18,9,25,12,7,16,12,11,20,24,12,13,15,7,23,5,22,9,15,14,10,21,4,8,8,4,14,8,7,16,13,10,4,4,7,17,6,9,18,23,22,13,11,11,9,11,3,11,25,24,7,12,5,11,9,12,7,7,39,18,25,13,10,7,24,14,14,6,3,4,20,6,6,25,1,20,7,6,4,13,9,18,12,15,10,1,31,17,5,7,24,18,11,2,2,4,10,6,10,5,10,13,6,7,11,14,12,4,32,11,0,4,17,17,11,24,5,7,19,22,1,11,15,8,1,21,17,22,7,15,9,17,0,9,19,13,12,3,16,12,6,22,12,5,8,13,27,10,11,13,21,10,14,53,5,10,3,26,3,29,8,18,5,12,17,19,7,27,10,12,7,9,3,9,21,13,9,10,20,24,17,36,7,9,5,16,11,3,11,1,10,12,6,5,7,19,17,16,9,10,16,10,12,31,8,0,7,21,11,6,12,6,22,27,16,15,13,17,5,0,5,14,4,16,4,8,10,19,8,13,5,19,21,21,9,7,10,3,12,12,4,18,6,8,22,3,11,12,20,12,7,5,12,10,7,4,15,2,13,18,12,4,9,8,8,8,32,20,10,22,13,15,23,3,34,5,13,7,13,25,7,26,5,33,1,13,9,8,11,41,6,27,2,16,10,2,2,17,15,3,2,4,19,10,32,20,14,10,19,7,26,6,9,8,22,2,10,3,18,9,8,12,7,13,10,8,8,13,18,17,27,11,14,22,18,12,6,4,1,11,40,20,14,6,14,18,17,27,16,6,15,12,24,5,9,3,11,15,3,8,6,15,18,17,5,24,4,7,18,11,8,21,6,17,2,24,13,8,9,6,9,20,10,6,10,23,21,9,7,27,15,6,16,7,1,16,8,14,5,4,22,16,16,8,11,8,7,5,8,7,11,7,20,3,17,30,7,16,18,13,33,9,8,24,4,6,11,26,13,19,5,13,13,11,15,28,20,5,9,12,9,10,8,9,11,8,24,7,25,8,13,18,1,16,16,1,8,18,14,13,16,9,7,28,10,7,10,20,8,9,15,5,20,21,34,35,4,19,7,15,12,18,10,6,17,4,15,4,20,19,19,11,17,5,18,3,25,11,16,27,8,6,26,20,21,18,8,21,5,13,8,5,4,3,2,25,2,4,19,21,18,9,8,12,23,1,13,13,3,6,7,24,12,8,6,22,14,30,13,1,5,12,1,12,29,14,14,5,5,13,9,16,9,11,10,13,15,23,6,12,5,11,2,9,12,10,12,7,7,28,6,22,12,19,14,3,11,4,8,8,11,24,6,9,16,13,8,2,30,5,4,8,19,8,8,16,9,17,21,9,11,8,24,5,25,17,17,5,11,17,15,27,9,7,29,15,13,24,25,2,6,15,12,29,21,18,12,21,11,20,4,17,3,8,25,27,8,12,21,21,4,9,8,18,16,15,10,25,9,15,8,15,16,9,9,14,7,12,13,10,19,10,22,5,6,17,14,20,12,29,3,4,22,26,5,10,20,3,10,20,13,14,16,14,7,17,18,9,22,11,8,29,15,18,9,26,5,4,14,28,15,8,21,9,16,10,19,9,5,4,3,6,10,15,10,1,6,10,15,8,13,10,8,5,10,22,16,18,10,9,8,10,12,14,7,22,18,7,0,20,3,27,5,8,10,5,13,4,14,12,1,23,20,19,8,13,17,2,22,9,16,27,2,17,14,4,1,8,28,21,8,19,13,8,17,18,13,12,6,10,25,6,52,9,6,16,14,0,6,14,8,19,11,9,8,32,14,7,9,11,27,3,4,9,13,8,10,8,2,8,5,29,6,32,1,3,17,29,30,18,11,10,11,8,4,15,3,10,6,12,20,9,28,17,26,17,16,11,35,6,5,5,14,38,9,7,3,17,10,7,4,16,5,9,9,10,25,9,4,4,10,32,17,16,11,7,8,5,14,7,13,21,11,21,19,7,15,14,10,21,13,13,20,6,19,18,4,21,6,18,8,22,5,2,25,23,29,11,7,4,27,30,14,14,20,8,12,13,21,11,14,5,15,13,6,7,12,5,28,10,21,6,12,14,9,17,8,3,19,7,10,16,4,10,3,25,25,4,11,6,12,25,13,10,8,10,6,23,1,18,7,8,8,4,7,10,15,14,10,18,18,19,11,6,13,3,10,8,4,13,3,27,8,12,13,31,31,3,15,10
AES,2,1,1,3,1,0,1,0,0,1,1,2,1,0,0,3,0,0,0,3,2,0,0,0,1,6,1,0,2,5,1,3,5,1,3,2,4,5,1,1,1,0,0,3,3,4,1,0,0,0,2,3,1,2,0,0,0,3,2,5,0,4,3,0,2,3,1,0,0,4,2,2,0,0,0,1,2,0,0,1,2,1,1,0,2,3,0,0,2,0,2,1,5,0,1,1,0,1,0,21,3,2,0,1,0,0,0,0,0,1,1,1,0,0,4,4,1,3,0,1,0,1,0,1,4,3,0,0,0,4,0,3,0,1,2,2,2,2,1,0,1,1,4,0,0,2,0,0,5,0,1,1,0,3,4,0,0,2,0,0,4,0,0,0,3,3,3,1,1,0,2,1,5,3,0,0,0,2,0,1,2,1,0,4,0,0,6,1,0,1,3,2,2,1,4,1,0,0,0,5,0,3,1,2,3,1,1,1,1,2,0,0,3,1,1,0,4,1,2,0,0,0,1,0,5,2,3,0,1,0,2,2,0,1,0,2,0,4,1,0,1,1,1,0,2,1,1,0,0,0,0,0,2,0,3,1,4,7,4,0,3,0,0,1,0,2,1,0,4,2,0,0,0,0,1,1,1,1,1,4,0,0,3,3,3,1,3,0,1,1,0,2,1,0,2,0,2,1,1,2,3,3,1,1,1,1,0,0,2,4,1,3,2,1,5,1,2,4,0,5,0,0,0,2,1,0,1,1,2,0,2,1,1,2,0,1,1,0,3,1,1,0,0,0,1,4,2,1,5,0,0,0,4,2,2,0,2,2,0,0,5,0,3,0,3,0,4,1,2,0,0,1,0,2,1,0,2,3,3,0,0,0,3,2,0,1,1,5,0,1,0,0,0,0,1,1,3,1,0,0,1,0,1,4,1,4,2,0,2,1,2,1,1,1,3,0,1,3,1,3,0,4,4,3,0,4,2,4,0,1,0,2,7,1,1,1,0,2,1,3,2,1,2,0,2,0,2,2,3,2,1,3,0,1,0,3,0,0,0,1,1,5,2,3,1,1,3,2,0,0,0,0,3,4,2,0,2,1,0,1,1,4,3,3,0,3,0,0,1,0,0,0,1,0,2,0,3,3,3,4,0,1,0,1,2,5,2,0,1,1,0,2,2,0,1,3,2,1,0,0,1,2,3,0,0,0,0,1,0,1,0,0,1,6,1,0,1,1,0,3,1,0,0,0,1,4,0,0,2,2,5,0,1,0,0,0,0,0,2,0,0,1,0,1,1,10,2,1,5,0,1,2,2,1,0,0,1,4,1,3,1,1,0,0,1,0,0,0,1,0,1,1,1,0,0,1,0,0,2,0,3,1,1,2,2,3,0,1,0,1,0,0,2,2,8,6,2,3,1,0,3,3,2,0,0,2,1,0,2,3,2,0,1,2,0,3,2,4,0,3,0,1,3,1,0,1,1,3,0,0,1,1,1,0,1,0,0,0,0,0,0,3,2,2,2,2,0,1,5,1,0,1,0,1,6,4,0,0,3,0,3,0,3,4,0,3,0,3,0,1,0,2,3,1,2,3,1,0,2,0,0,5,2,1,1,2,2,0,2,1,1,2,0,1,0,5,2,3,0,2,3,1,1,4,1,3,1,3,0,7,3,0,2,1,0,2,2,0,1,0,0,1,2,0,1,2,0,1,2,2,1,3,0,2,2,2,2,3,1,1,1,0,1,3,1,2,0,0,5,2,4,1,0,2,1,1,0,4,0,3,1,0,1,2,0,0,3,1,1,4,1,2,2,0,1,2,1,4,0,0,3,1,2,0,2,2,2,0,2,0,2,0,1,0,2,4,0,0,2,2,2,1,1,0,2,2,0,1,5,1,2,1,2,0,0,2,1,5,0,1,0,0,10,2,2,3,3,5,4,1,4,0,0,1,2,2,1,0,1,0,1,4,3,2,0,1,3,1,0,1,0,0,0,0,5,2,3,0,2,0,1,0,0,0,0,0,7,2,3,1,1,3,2,0,0,1,0,1,1,1,1,2,3,3,5,0,0,1,2,1,0,2,2,0,0,2,2,1,2,3,0,2,1,5,0,0,0,2,2,2,0,0,1,2,1,3,0,0,0,0,1,2,11,0,0,2,2,1,1,1,0,2,0,0,1,1,0,0,1,1,3,2,2,0,0,0,4,1,1,0,2,4,0,0,1,1,2,5,0,10,1,1,0,2,3,5,2,2,1,2,1,6,2,3,0,2,0,2,2,0,2,0,4,0,4,0,1,1,0,1,3,0,1,1,1,1,3,0,1,3,4,1,4,2,1,3,7,1,2,1,3,3,0,2,0,0,8,0,2,2,1,1,2,1,2,1,1,1,1,0,2,0,3,0,5,4,0,0,0,1,2,5,1,2,1,1,0,0,2,0,0,2,0,0,0,1,4,0,1,0,1,0,1,1,0,2,0,0,1,1,0,3,1,1,1,0,2,1,0,3,2,0,0,1,0,2,0,1,0,1,3,2,1,1,2,1,0,4,0,4,2,4,0,3,0,0,4,4,0,1,1,0,6,2,2,1,1,5,1,2,3,3,1,2,3,0,0,0,2,0,0,0,1,3,2,0,1,0,1,2,2,3,2,1,0,0,0,1,1,1,3,2,0,5,1,2,0,3,2,1,1,0,1,2,2,0,2,0,0,0,1,2,0,2,0,2,0,1,4,2,0,7,2,0,1,3,1,0,0,0,0,5,3,0,0,3,0,2,2,0,1,0,2,2,1,3,0,0,3,2,0,0,2,2,1,0,1,1,2,3,2,2,2,1,3,2,1,0,1,1,0,1,0,0,1,1,0,0,3,1,3,0,1,1,1,1,2,2,2,1,1,0,1,3,2,1,1,3,1,0,0,1,1,10,2,1,13,2,1,1,3,1,3,2,0,1,3,1,2,4,0,4,1,0,2,2,0,2,3,1,2,2,0,0,2,5,1,2,2,0,3,0,0,0,7,4,1,2,3,0,0,0,3,1,2,3,2,2,8,0,0,1,2,1,3,0,1,0,2,0,3,5,3,0,0,1,2,3,0,0,2,0,0,0,0,0,2,2,0,4,1,0,2,5,2,1,1,0,1,0,0,2,3,2,2,3,1,0,2,2,0,1,0,2,4,0,0,1,0,0,2,0,0,3,2,0,1,2,1,1,3,1,2,0,1,1,0,1,0,1,0,4,1,0,0,0,4,1,0,3,2,0,1,5,3,1,2,2,4,2,2,1,0,4,0,1,2,3,3,0,2,0,6,0,1,1,2,0,1,4,0,0,0,2,4,1,1,0,4,3,0,0,1,0,2,0,1,0,3,0,2,0,2,0,4,1,1,0,0,1,0,4,3,0,2,2,0,2,1,2,0,0,2,4,0,5,0,1,2,0,0,0,1,3,2,1,2,2,1,4,1,0,0,0,0,3,0,2,7,3,3,4,2,0,7,1
PYCARD,2,2,1,3,0,2,4,1,0,0,2,0,3,0,0,0,0,2,3,0,0,0,4,0,0,1,0,0,0,2,0,0,2,1,3,1,0,0,1,0,0,1,0,0,1,0,0,0,0,0,0,0,0,0,1,1,0,0,0,1,6,1,0,3,1,1,1,0,1,0,0,2,0,5,1,0,0,2,0,3,0,0,3,0,1,0,0,3,1,0,2,0,1,1,0,4,0,0,0,1,0,0,1,0,1,2,0,0,4,1,2,0,1,4,0,0,1,0,3,0,0,2,1,0,0,0,0,0,5,0,0,0,0,0,0,0,0,0,2,0,2,0,2,0,2,0,3,3,0,0,2,1,1,0,0,0,0,0,0,2,0,0,1,0,0,0,2,0,3,5,0,1,2,0,3,0,0,0,0,0,0,0,1,0,4,1,0,0,1,2,6,2,0,0,0,1,1,0,0,2,0,0,3,0,1,0,0,2,1,0,0,1,0,0,0,0,0,0,4,5,0,0,1,0,0,2,1,1,0,0,1,0,8,4,4,1,3,0,0,0,1,0,0,2,0,0,0,3,3,2,1,3,0,0,0,1,1,0,0,2,0,1,0,4,0,1,0,0,1,0,0,4,0,0,0,2,1,2,2,2,2,2,1,1,1,0,0,0,0,0,0,2,3,0,0,0,0,0,3,0,0,0,0,0,3,1,0,1,6,0,0,0,0,0,0,0,0,1,0,1,0,0,4,0,0,0,3,2,0,0,0,3,0,0,4,0,1,4,0,4,5,2,4,0,1,0,0,1,0,1,0,0,3,1,1,0,0,0,2,1,2,0,0,1,0,1,9,0,0,0,0,4,0,0,0,2,0,0,0,1,0,0,1,0,0,3,1,1,0,0,1,16,0,10,0,3,0,1,0,6,3,0,1,0,3,0,1,0,1,0,1,1,1,0,0,4,0,0,0,0,0,0,3,0,2,0,1,0,0,0,0,0,1,1,1,0,3,0,0,5,1,0,8,0,0,11,1,1,0,0,0,0,0,0,1,0,0,3,0,0,0,1,0,0,3,3,0,0,3,0,3,2,2,0,0,2,1,0,0,0,1,1,0,3,3,2,0,1,0,1,0,0,0,0,0,0,0,0,0,0,2,3,0,0,0,0,0,4,2,0,1,1,0,0,0,0,0,1,0,3,0,0,0,3,2,2,0,1,1,0,1,1,1,0,1,1,3,3,1,1,3,1,0,1,0,0,2,0,7,0,2,5,0,0,3,3,0,1,0,1,1,1,0,1,0,1,0,0,1,0,2,0,0,0,0,3,0,2,0,0,0,0,1,0,0,0,0,0,0,0,2,1,1,2,0,1,1,0,0,0,0,3,1,1,1,5,1,0,0,0,1,0,2,0,0,0,0,0,2,2,0,0,1,0,3,1,1,5,0,0,0,1,0,0,0,0,0,0,0,1,0,4,2,0,0,0,2,0,0,1,1,0,0,1,0,1,0,0,0,3,2,1,0,1,0,0,4,1,0,0,0,0,1,0,1,0,0,4,0,0,0,4,1,0,1,0,0,0,2,0,0,1,0,0,0,0,1,0,0,0,1,1,3,0,1,3,0,0,0,10,0,0,1,0,7,0,1,0,0,0,0,0,0,1,0,0,0,0,0,0,0,0,0,0,0,0,1,0,0,0,2,0,1,2,0,1,0,1,0,0,0,0,0,0,0,0,0,0,0,1,1,0,0,0,0,0,0,1,0,0,0,0,0,1,1,1,3,0,1,0,2,0,0,1,1,2,0,0,0,2,1,0,0,0,0,0,0,0,0,0,0,0,1,0,0,0,0,2,1,0,0,2,0,3,0,0,3,0,0,0,2,0,3,0,0,1,0,0,0,1,0,0,0,3,0,0,2,0,0,0,3,2,1,0,0,0,0,0,0,0,0,1,1,0,0,0,0,2,1,0,0,0,0,0,0,0,0,1,2,0,0,0,2,0,0,0,0,0,0,6,0,0,2,3,0,0,3,0,0,1,0,0,0,2,0,5,0,1,1,0,0,0,0,1,0,0,0,0,8,0,1,0,0,0,1,0,0,0,0,0,0,8,4,0,3,1,0,0,1,1,0,0,0,0,0,0,1,12,0,0,0,0,3,0,2,0,0,2,0,0,1,0,2,0,0,0,0,0,0,1,0,0,1,0,1,3,0,0,2,2,0,11,3,0,0,1,0,1,2,1,1,0,0,5,0,0,0,0,0,0,1,0,0,0,0,0,1,0,0,0,0,2,0,0,0,1,0,0,0,0,0,0,3,0,0,0,0,0,3,0,0,0,0,0,0,0,0,1,1,0,4,6,0,0,0,1,1,6,2,0,0,0,0,1,0,0,0,0,0,1,0,5,0,0,1,0,1,0,0,0,0,0,3,7,1,0,2,0,0,3,2,1,0,4,0,1,0,1,3,2,4,1,1,1,0,0,2,0,0,0,2,0,1,6,1,2,0,0,0,0,1,0,1,1,2,0,0,0,0,0,1,0,0,0,0,1,0,0,1,0,0,0,3,1,0,0,0,0,5,0,0,0,2,0,0,1,1,1,0,0,0,0,1,1,0,0,0,0,2,3,2,0,1,3,0,0,0,0,1,0,1,0,0,0,0,0,1,0,0,1,0,0,0,1,0,1,4,0,1,4,0,0,2,0,0,1,0,0,0,2,0,0,0,0,1,0,1,0,0,0,0,0,2,1,0,0,0,4,0,2,0,1,0,3,0,0,5,1,0,0,0,1,0,1,0,0,2,6,0,0,2,3,0,0,0,3,5,1,0,0,0,0,0,0,0,0,0,0,1,1,1,0,0,0,0,0,3,1,1,0,1,0,5,4,1,0,0,0,0,0,0,3,0,0,0,0,5,0,1,1,3,0,5,0,0,1,1,1,0,3,0,0,0,0,1,1,1,0,0,0,4,0,0,2,0,0,1,0,0,0,0,0,0,0,1,1,0,0,1,1,0,3,1,0,0,0,0,1,0,2,0,0,0,0,0,0,0,0,1,1,0,0,0,0,0,0,2,1,2,0,0,0,1,0,3,0,1,0,2,0,0,7,1,1,1,2,1,1,0,1,1,2,1,0,3,0,2,2,0,2,0,1,0,0,0,0,0,0,0,2,16,0,0,1,2,0,1,1,1,2,0,1,0,0,1,1,1,0,0,1,0,0,0,1,5,0,0,5,0,1,0,0,3,1,0,0,0,0,0,0,0,1,0,1,0,0,0,0,0,2,1,0,0,1,1,1,0,0,0,1,0,0,0,1,0,0,0,0,0,2,0,0,3,0,1,2,1,0,0,0,2,0,0,3,6,2,1,0,0,3,0,0,0,0,0,1,1,2,1,0,0,0,0,3,0,1,0,2,2,0,1,4,0,0,0,1,0,0,1,1,0,0,0,0,1,1,0,0,0,0,0,1,2,0,3,0,1,6,0,0,0,2,0,0,0,0
IRF8,0,0,0,0,0,0,0,0,0,0,0,0,1,0,0,0,0,0,0,0,0,0,0,1,0,0,0,0,0,0,0,0,0,19,0,0,0,0,1,0,0,0,2,0,0,1,2,0,0,0,0,0,0,1,0,0,0,0,0,0,2,0,0,0,0,0,0,0,1,0,0,0,0,0,2,0,0,1,0,0,0,0,0,1,0,0,0,2,0,0,7,0,0,0,0,0,0,0,0,1,0,0,1,0,0,0,0,1,6,0,0,0,0,0,0,1,0,0,0,0,0,0,0,0,0,0,0,0,0,0,0,1,0,2,0,0,3,0,0,0,0,0,0,0,2,0,0,3,0,0,0,0,0,0,0,0,0,0,0,1,0,0,1,0,0,1,1,0,1,2,0,0,0,0,0,0,0,0,0,0,0,0,1,1,0,1,0,0,0,0,0,0,0,0,0,0,0,0,0,0,1,0,0,2,0,0,1,2,2,0,0,0,0,0,2,0,0,0,23,0,0,2,7,0,0,0,0,0,0,0,0,0,1,1,0,0,0,1,0,1,0,0,0,0,0,0,0,0,1,0,0,0,0,0,0,0,0,0,1,1,0,0,0,0,0,0,0,0,0,0,1,1,1,0,0,0,2,0,0,0,1,0,0,0,0,0,0,0,1,0,0,0,0,0,0,1,0,0,0,0,0,0,0,0,1,0,0,0,0,0,0,0,0,0,0,0,0,0,2,0,0,0,0,0,0,0,0,1,1,0,0,0,0,0,0,0,0,0,0,0,0,0,0,0,0,0,0,1,0,0,0,0,1,0,0,2,3,0,1,1,0,0,0,0,0,0,27,0,0,0,0,0,0,0,0,1,0,0,0,3,0,0,0,0,0,0,0,1,0,0,0,2,0,0,0,0,1,0,0,1,2,0,0,0,0,0,1,0,1,1,0,0,0,0,0,1,0,0,0,0,2,0,0,0,0,0,0,0,0,0,0,0,0,0,1,4,0,0,0,0,0,0,3,0,0,1,0,0,5,0,0,0,0,0,3,0,0,0,1,0,11,0,0,0,0,0,1,0,0,0,0,1,0,1,0,0,1,0,0,0,2,0,0,0,0,0,0,0,0,0,0,0,0,0,0,0,0,0,1,0,0,0,0,0,0,0,1,0,0,0,0,0,1,0,0,0,0,0,0,0,0,0,0,0,0,1,0,1,0,0,0,0,0,0,0,0,0,14,0,0,0,0,0,0,0,0,0,0,8,0,0,1,0,0,0,0,3,0,0,0,0,0,1,0,0,0,0,0,0,2,0,1,0,0,0,0,0,0,0,1,2,0,0,0,0,0,1,0,1,1,0,3,0,1,0,1,0,1,3,4,0,2,0,0,0,1,0,0,0,0,0,1,1,0,0,0,0,0,0,0,0,0,0,0,0,0,0,0,0,0,2,0,0,0,0,0,0,0,0,0,0,0,0,0,0,0,20,0,0,0,0,0,0,0,0,1,0,0,0,0,0,2,2,1,0,0,0,0,0,0,0,0,0,0,0,0,0,0,0,0,0,0,0,0,2,0,0,1,0,0,0,0,0,0,0,0,0,0,1,0,1,0,19,0,1,0,0,0,0,28,0,0,3,0,0,0,0,0,0,0,0,0,0,0,0,0,1,0,0,0,0,0,0,0,12,0,1,1,0,0,1,0,0,0,0,0,1,0,0,0,0,0,0,0,1,0,0,0,0,1,1,0,1,0,0,0,0,0,0,0,0,0,0,0,0,0,0,0,0,0,1,1,0,0,0,1,0,0,0,0,0,0,0,0,0,0,1,0,0,0,1,0,0,0,0,0,0,0,1,0,0,0,1,0,0,0,0,0,0,0,1,2,0,2,0,0,0,2,0,0,0,0,4,0,0,0,0,0,0,0,0,0,0,0,0,1,0,1,0,0,0,0,1,0,0,0,0,0,0,1,0,0,0,0,1,0,0,0,0,0,1,0,2,0,1,0,0,0,1,0,0,2,0,1,0,0,0,0,0,2,0,0,0,0,0,0,0,0,1,0,1,0,0,0,0,0,0,1,3,0,0,0,0,0,0,0,3,0,0,3,0,3,0,0,6,1,1,1,0,0,1,0,0,0,0,0,0,1,0,0,3,0,0,0,1,0,0,2,0,0,0,0,0,1,0,0,1,0,0,1,0,0,0,0,0,1,0,0,0,0,0,1,0,0,0,1,0,0,2,0,0,0,0,2,0,0,0,0,0,0,0,0,0,0,0,0,0,0,0,0,0,1,0,0,0,0,0,0,0,0,0,0,2,0,0,0,1,0,1,0,1,0,0,0,0,0,0,0,0,0,7,13,2,0,0,0,0,0,0,0,0,0,0,0,0,0,0,0,0,0,0,0,0,0,0,3,0,0,0,0,0,0,0,0,0,0,2,0,1,0,1,0,0,0,0,15,0,0,2,1,11,0,0,0,0,0,1,0,2,1,0,0,0,1,0,0,0,0,0,0,0,0,0,0,1,0,0,0,1,0,0,0,1,0,1,0,0,0,0,0,0,0,1,0,3,0,0,0,0,0,0,0,0,0,0,0,0,4,0,0,0,1,2,1,0,0,0,0,19,0,1,0,10,0,1,0,0,1,0,0,0,0,0,0,0,0,3,0,0,0,2,0,0,4,17,1,0,0,1,4,1,0,1,0,0,0,0,0,0,0,0,0,0,0,0,0,0,0,0,0,0,0,0,0,0,0,2,0,0,0,1,0,0,1,0,0,3,0,0,0,0,3,0,0,2,2,0,0,0,0,1,0,0,0,0,16,0,0,0,0,0,0,0,0,1,0,1,1,2,0,0,0,0,0,0,0,0,0,0,0,0,0,1,0,1,1,0,0,0,0,0,1,0,0,0,0,0,0,0,0,0,0,8,0,0,0,0,0,0,0,1,0,0,0,0,1,1,0,0,0,0,1,0,0,3,0,0,0,1,1,1,0,0,0,0,0,0,0,0,1,0,0,0,1,1,0,0,0,1,0,0,0,0,1,0,0,0,0,1,0,0,0,0,0,0,1,0,0,0,0,0,0,0,0,0,0,1,0,0,0,0,0,0,0,0,1,1,0,0,0,0,0,0,0,1,0,0,0,0,0,0,0,0,0,3,0,2,0,0,7,2,0,0,0,0,1,0,0,0,2,0,0,0,0,0,2,0,0,0,10,0,0,0,0,1,0,0,4,0,0,0,0,1,0,0,0,0,1,0,0,0,0,0,0,0,0,0,0,0,0,0,0,0,0,1,0,0,0,0,0,0,0,1,0,0,0,0,0,0,0,0,0,0,0,0,0,0,0,0,0,0,0,2,0,0,0,0,0,0,1,0,0,0,0,1,0,0,0,0,0,0,0,0,0,0,0,0,0,0,0,0,0,0,0,0,0,0,2,0,0,0,0,0,0,0,0,0,0,0,0,0,0,0,0,0,0,0,1,0,0,0,0,0,0,0,0
KLRF1,0,8,0,1,0,0,0,0,0,0,0,0,0,0,0,2,0,0,0,0,0,0,0,0,0,0,0,0,0,0,0,0,0,0,1,0,0,0,0,0,0,0,0,0,0,0,0,0,0,0,0,0,0,3,0,0,2,0,0,0,0,1,0,0,0,0,0,0,0,1,0,0,0,0,0,0,1,0,0,0,0,0,0,0,1,0,0,0,1,0,0,0,0,0,0,0,0,0,0,0,0,0,0,0,0,0,0,0,0,0,0,0,0,0,0,0,0,0,0,0,0,0,0,0,0,0,0,0,0,0,0,0,0,0,0,0,0,0,0,0,0,0,0,0,0,4,0,0,0,2,0,4,2,0,0,0,0,0,0,0,0,0,0,0,1,0,0,0,0,0,0,2,0,0,0,0,0,0,0,0,0,0,0,0,0,0,0,0,0,0,0,0,0,0,0,0,0,1,0,0,0,0,0,0,0,0,0,0,0,0,0,0,7,0,0,0,0,0,0,0,0,0,0,0,0,1,0,0,0,0,0,0,0,0,0,0,0,0,0,0,0,0,0,0,0,0,1,0,0,0,0,0,0,0,0,0,0,0,0,0,0,0,0,0,0,0,0,0,0,3,0,0,0,0,0,0,0,0,0,0,0,0,0,0,0,0,0,0,0,0,0,0,0,0,0,0,0,0,0,1,0,0,0,0,0,0,0,0,0,1,0,0,0,0,0,0,0,1,0,0,0,5,0,0,0,0,0,0,0,0,0,0,0,0,0,0,0,0,0,0,0,0,0,0,0,0,0,0,0,0,0,0,0,0,0,0,0,0,0,0,0,0,0,0,2,0,0,0,0,0,0,0,6,0,0,0,0,0,0,0,0,0,0,0,0,0,0,0,0,2,0,0,0,0,0,0,0,0,1,0,0,0,0,0,0,0,0,0,0,0,0,0,0,1,0,0,0,0,0,0,0,0,0,1,0,0,0,2,0,0,0,0,0,0,0,0,0,0,0,0,1,0,0,0,0,0,2,0,0,0,0,0,0,0,0,0,0,0,0,0,1,0,0,0,1,0,0,0,0,0,0,0,0,0,0,0,0,0,0,0,0,0,2,0,0,0,0,0,1,0,0,0,0,0,0,0,0,0,0,2,0,0,0,0,0,0,0,0,0,0,0,0,0,0,0,0,0,0,0,1,0,0,0,0,0,0,0,0,0,0,0,0,0,0,0,0,0,0,0,0,0,0,0,3,0,0,0,0,1,0,0,0,0,0,0,0,0,0,0,0,0,0,0,0,0,0,0,0,0,0,0,4,0,0,0,0,1,0,0,0,0,1,0,0,0,0,0,0,0,0,0,0,0,0,0,0,0,0,0,0,0,0,0,0,0,0,0,0,0,0,0,0,2,0,0,0,0,0,0,0,0,0,0,0,5,0,0,0,0,0,0,0,0,0,0,0,0,0,0,0,0,0,4,0,0,0,0,0,0,0,4,0,0,0,0,0,0,0,0,0,0,0,0,5,0,0,0,0,0,0,0,0,0,0,3,0,0,0,0,0,1,0,0,0,0,1,0,0,0,0,0,0,0,1,0,0,0,0,0,0,0,0,0,0,0,0,0,0,0,0,0,0,0,0,0,0,0,0,0,0,0,0,0,0,0,0,0,0,0,0,0,0,0,0,1,0,0,0,0,0,0,0,0,0,0,2,0,0,0,0,0,0,0,0,0,0,0,0,0,0,0,0,0,0,0,0,1,0,0,0,0,0,0,0,0,0,0,0,0,0,0,0,0,0,0,0,0,0,0,0,0,0,0,0,0,0,0,0,0,0,0,1,0,0,0,0,0,0,0,0,0,0,0,0,0,0,0,0,0,4,3,0,0,0,0,0,0,0,0,0,0,0,0,0,0,0,0,0,0,0,0,0,0,0,0,0,2,0,7,0,0,0,0,0,0,0,0,0,0,0,0,0,0,0,0,0,0,0,0,0,0,0,0,0,0,1,4,0,0,0,0,0,0,0,0,0,0,0,0,0,0,0,0,0,0,2,0,0,0,0,0,0,0,0,0,0,0,0,0,0,0,3,0,0,0,0,0,0,0,0,0,0,0,1,0,0,0,0,0,0,0,0,0,0,0,2,0,0,0,1,0,0,0,0,0,0,2,0,0,0,0,0,0,0,0,0,0,0,0,0,0,0,0,2,0,0,0,0,0,0,0,0,0,0,0,0,0,0,0,0,0,0,0,0,0,0,0,0,0,0,0,0,0,0,0,0,0,0,0,0,0,0,0,0,0,0,0,0,0,0,0,0,0,0,0,0,0,0,0,0,0,0,0,0,0,0,0,0,0,0,0,0,0,0,0,0,0,0,0,0,0,1,2,1,0,0,0,0,0,0,0,0,0,0,0,0,0,0,0,0,0,0,0,0,0,0,0,0,0,0,0,0,5,0,0,0,0,0,0,0,0,0,0,0,2,7,0,0,0,0,0,0,0,0,0,0,0,0,0,0,0,0,0,0,0,0,0,0,0,0,0,0,0,0,0,0,0,0,0,0,0,0,0,0,0,0,2,0,0,0,0,0,0,4,2,0,0,0,0,0,1,0,0,4,0,0,0,0,0,0,0,0,0,0,0,0,0,0,0,0,0,0,0,0,0,0,0,0,0,2,0,0,0,0,0,4,0,0,0,0,1,0,0,0,0,0,0,0,0,0,0,0,0,0,0,0,0,3,0,0,0,0,0,0,0,0,0,0,0,0,0,0,3,0,0,0,0,0,0,0,0,0,0,0,0,0,0,0,0,0,0,0,0,0,1,0,0,0,0,0,0,0,0,0,0,0,0,0,0,1,0,0,0,1,0,0,0,5,0,0,0,1,0,0,2,0,0,0,0,0,0,0,0,0,0,0,0,0,0,0,0,0,0,0,0,0,0,0,0,0,0,0,0,0,0,0,2,0,0,0,0,0,0,0,0,0,0,0,0,0,0,0,0,3,0,0,0,0,3,0,0,0,0,0,0,0,0,0,0,0,0,0,0,0,0,0,0,0,0,0,0,1,0,0,0,0,0,0,0,0,0,0,0,0,0,0,0,2,0,0,0,0,0,0,0,0,0,1,0,0,0,0,0,0,0,0,0,0,0,0,2,0,0,0,0,0,0,0,0,0,0,0,0,0,0,0,0,0,0,0,0,0,2,0,0,0,4,0,0,0,0,0,0,0,0,0,0,0,0,0,0,1,0,0,0,0,0,1,0,0,0,2,0,0,0,0,0,0,0,0,0,0,0,0,0,0,0,0,0,0,0,0,0,0,0,0,0,0,0,0,0,0,0,0,0,1,0,0,0,0,0,0,0,0,0,0,0,0,0,0,0,0,0,0,0,0,0,0,0,0,0,0,0,0,0,0,0,0,0,0,0,0,0,0,0,0,0,0,0,0,0,0,0,0,0,0,0,0,0,0,0,0,0,0,0,0,0,0,0,0,0,0,0,0,0,0
CALM2,0,0,1,2,1,6,3,0,0,1,0,2,7,1,2,12,1,1,8,0,0,2,4,4,1,1,0,0,2,2,1,1,2,3,2,0,1,3,1,2,0,4,2,5,1,0,9,1,0,2,1,1,4,1,2,2,3,0,0,1,7,0,3,1,1,2,2,1,4,1,1,2,1,2,0,1,0,6,2,4,1,2,3,5,1,1,1,0,4,2,4,0,3,6,2,3,2,0,1,6,1,0,1,1,0,5,0,2,8,2,4,0,2,5,1,0,4,1,4,1,1,3,10,2,0,2,1,0,6,1,0,3,0,2,0,1,0,0,2,1,0,2,1,2,5,0,2,5,1,0,3,0,0,0,0,2,2,3,0,1,0,2,12,1,1,2,2,0,5,9,2,0,1,2,4,1,1,1,8,1,1,2,5,0,8,3,0,1,4,6,12,2,1,2,1,1,0,1,1,2,4,1,7,1,1,3,3,3,2,1,0,2,1,1,2,3,0,3,12,5,1,2,8,0,1,1,0,3,2,2,1,0,10,8,3,0,3,0,0,2,0,0,1,3,2,0,0,7,9,2,1,1,1,2,0,0,1,1,1,3,1,1,0,1,0,2,1,2,2,1,2,5,0,3,2,1,1,4,3,1,3,3,3,1,1,1,1,1,1,4,0,2,2,0,2,1,1,3,7,1,3,0,3,0,1,1,2,3,10,1,2,2,1,2,1,0,2,4,1,3,2,1,15,0,1,0,4,2,1,1,1,4,1,2,4,1,1,0,2,4,9,1,7,3,0,1,3,2,0,7,3,0,18,0,2,2,1,1,9,1,1,4,0,1,2,1,17,0,0,0,4,4,4,1,5,9,0,1,2,3,3,2,5,1,0,5,0,3,0,1,2,11,2,16,1,3,6,1,1,8,0,0,2,2,4,4,1,2,3,1,2,3,3,2,1,4,3,0,1,0,8,4,2,1,5,1,0,1,2,1,0,1,2,2,1,0,2,1,0,6,1,1,6,0,0,10,1,1,0,1,4,2,2,1,3,2,1,7,7,1,7,0,1,0,6,4,2,3,8,0,1,2,0,2,0,11,1,1,0,0,3,2,0,4,7,1,3,0,2,3,1,0,1,2,2,1,0,0,2,1,1,2,1,1,0,2,1,8,2,0,1,2,1,1,1,0,0,3,2,2,3,2,1,7,6,3,1,3,7,1,2,3,0,4,3,7,4,9,1,2,9,4,0,0,3,2,3,0,23,2,1,5,1,0,5,7,0,8,2,3,2,1,4,2,1,1,2,1,0,2,0,1,3,2,0,3,0,1,1,2,2,1,1,0,0,3,0,0,1,1,0,0,3,10,0,2,1,1,1,2,0,7,0,1,2,11,10,1,0,1,1,4,2,3,1,1,2,0,1,2,3,3,2,1,2,0,2,6,0,5,1,0,2,1,0,1,2,1,0,2,0,1,3,1,3,0,3,2,0,2,0,2,0,1,2,4,2,2,1,2,1,2,3,0,3,1,1,0,0,2,1,0,5,2,3,3,2,4,1,1,1,8,1,2,0,1,1,1,1,0,2,0,2,0,0,1,0,1,3,2,2,3,8,2,0,5,1,0,1,14,2,2,0,0,6,2,0,1,0,1,1,1,1,1,0,2,0,1,0,3,2,1,0,2,15,2,2,2,3,1,2,0,0,4,2,3,0,1,1,0,1,3,1,2,0,0,0,1,1,2,1,3,0,3,5,1,0,0,3,1,1,4,1,2,2,3,4,2,5,2,0,1,2,4,2,13,2,1,0,1,1,3,2,0,6,3,0,1,11,2,1,0,1,0,2,0,3,2,2,1,3,6,2,3,1,0,3,0,0,0,2,0,5,2,0,1,1,0,0,0,1,3,0,5,1,2,0,2,1,3,1,1,2,0,0,5,1,0,0,2,1,2,2,1,1,0,6,2,3,2,0,0,1,1,0,1,2,3,3,1,1,2,6,1,0,1,3,0,1,5,0,1,5,4,2,0,2,0,0,2,2,0,1,3,2,3,2,4,1,0,0,0,2,0,1,0,1,1,6,1,4,0,3,3,6,2,0,1,0,0,0,6,6,2,4,2,1,1,4,2,2,2,0,0,0,1,0,17,4,2,3,0,1,1,1,2,4,3,0,1,2,0,5,1,3,0,1,2,3,1,4,1,0,0,0,1,1,1,3,3,2,9,5,1,0,2,1,3,4,1,1,2,0,4,1,1,0,0,2,3,3,1,1,3,1,0,0,0,0,1,1,0,2,0,1,1,0,1,3,1,2,1,0,0,1,1,2,1,7,2,0,1,0,1,2,1,1,5,1,0,16,24,0,1,1,5,1,1,6,1,2,1,4,1,0,1,0,0,1,3,3,2,5,2,0,2,4,1,1,2,4,2,14,12,2,3,4,2,1,2,3,2,1,3,2,16,1,1,0,8,7,2,1,1,0,1,1,2,2,0,1,0,2,10,1,1,0,2,0,1,1,1,21,5,6,0,1,2,2,2,6,2,4,3,2,1,3,2,4,2,1,0,6,0,3,1,1,2,3,1,0,3,1,1,1,2,0,7,0,1,1,3,2,1,0,3,0,0,3,3,0,1,3,8,1,1,1,2,0,0,2,2,0,0,0,1,1,1,2,1,0,1,1,7,11,1,3,2,2,8,1,2,7,1,0,3,2,1,0,1,2,2,0,1,1,0,2,1,2,0,0,0,2,1,2,3,0,8,3,4,3,0,1,8,2,3,13,2,1,3,1,5,0,2,1,0,9,7,1,0,6,7,1,0,0,7,4,0,1,1,3,2,1,3,1,1,3,3,4,1,8,1,3,3,1,4,15,3,3,2,1,1,2,4,1,1,0,1,1,1,1,9,4,0,3,1,4,1,3,5,7,4,4,3,1,3,0,1,1,4,0,1,1,1,1,2,0,1,2,1,13,1,0,0,0,0,0,1,1,1,1,3,0,1,1,3,1,1,2,3,3,2,2,6,1,0,2,0,3,2,1,0,2,3,0,0,0,2,7,0,4,1,1,2,3,5,1,1,1,0,0,1,2,1,4,1,2,2,3,1,5,12,1,4,1,2,2,4,0,2,1,1,1,2,2,2,1,0,1,4,2,0,2,0,0,4,9,0,3,4,11,1,2,2,2,4,3,8,2,5,2,3,0,2,3,2,0,2,0,3,1,3,0,0,1,2,0,23,1,4,3,0,7,4,1,0,0,1,0,2,1,1,0,0,0,1,3,3,2,4,4,0,0,0,1,2,2,2,2,1,0,0,2,0,1,1,1,0,0,3,2,0,4,2,0,1,14,0,2,1,7,0,2,7,10,0,1,0,2,11,0,1,2,2,0,0,1,1,10,1,1,0,0,3,1,0,0,9,5,0,0,13,0,4,2,0,1,0,0,0,0,0,2,3,1,1,3,0,2,1,0,3,3,2,2,2,2,18,0,2,1,1,1,0,0,0
IFITM3,0,0,0,0,0,3,0,0,0,0,0,0,1,0,0,3,0,0,4,1,0,0,1,0,0,0,0,0,0,0,0,1,0,0,0,0,1,0,0,0,0,0,1,0,0,1,0,1,1,0,0,0,0,0,0,1,0,0,0,0,0,0,0,0,0,0,0,0,0,0,0,0,0,0,0,2,0,0,0,0,1,0,0,0,0,0,0,0,0,0,0,1,0,0,0,2,0,0,0,0,0,0,2,0,0,0,0,0,0,0,0,0,0,2,0,0,0,0,2,0,0,4,1,0,0,0,0,0,0,1,0,0,0,0,0,0,0,1,1,1,0,0,0,0,0,0,1,1,1,0,2,0,0,0,0,0,0,0,0,2,0,0,8,0,0,0,1,0,0,1,0,0,0,0,0,0,0,0,1,1,0,0,0,0,0,0,0,0,1,0,7,1,0,0,0,0,0,0,0,0,0,0,1,0,0,0,0,0,0,0,0,0,0,0,3,0,0,0,0,1,0,0,1,0,1,0,0,0,0,0,0,1,3,5,0,0,0,0,0,0,0,0,0,0,0,0,0,1,2,0,1,2,0,0,0,0,0,0,0,0,0,0,0,1,0,0,0,1,0,1,0,0,0,3,0,0,0,0,2,0,0,0,0,1,0,0,0,0,1,1,1,0,0,1,0,0,2,0,1,0,0,0,0,0,1,0,0,1,10,0,0,0,0,0,1,0,0,0,0,0,0,1,0,0,0,0,0,0,1,0,0,0,0,0,0,1,0,1,0,2,2,0,1,0,0,0,0,0,0,0,0,0,6,0,0,0,0,0,1,0,0,0,0,0,0,0,0,0,0,0,0,0,0,0,3,0,0,0,0,2,0,0,1,0,0,8,0,0,0,0,0,13,0,5,0,0,1,0,0,5,0,0,0,0,3,0,0,1,0,0,0,0,2,0,0,2,0,0,0,0,0,0,0,0,1,0,0,0,0,0,0,0,0,0,0,1,1,0,0,0,0,0,0,0,1,5,0,0,0,0,1,0,0,1,2,0,0,1,1,0,1,0,1,0,0,5,0,0,0,0,2,0,0,0,1,10,0,0,0,0,0,0,0,0,0,0,1,0,0,0,0,1,0,1,0,0,0,0,0,0,1,0,0,0,1,0,0,1,0,0,0,0,0,1,0,0,0,0,0,0,0,1,0,22,2,0,0,0,0,0,1,0,0,0,0,0,0,0,0,0,3,0,0,1,0,0,0,0,1,0,0,0,1,0,6,3,0,2,0,0,0,0,0,0,0,0,0,0,0,0,0,0,0,0,0,2,0,0,1,0,0,0,0,0,0,0,0,0,0,1,0,0,0,5,0,1,0,0,0,0,0,0,0,0,0,1,0,1,0,0,0,0,0,0,0,0,0,0,2,1,0,0,0,0,0,0,0,2,0,1,0,0,0,0,2,0,0,0,0,0,0,0,1,0,0,0,0,0,0,1,0,0,0,3,0,0,0,0,0,1,0,0,0,1,1,0,2,0,1,0,0,0,3,0,0,0,0,1,0,0,0,1,0,0,1,0,0,0,1,0,0,0,0,0,0,1,0,0,0,1,0,0,0,0,0,0,0,0,0,0,0,0,0,0,0,0,0,0,0,0,0,0,0,1,0,0,0,1,0,0,0,0,1,0,0,0,0,0,0,0,0,0,0,1,0,0,0,0,0,0,0,0,0,0,0,0,0,0,1,0,0,1,0,0,0,0,0,0,0,0,0,0,0,0,5,0,0,0,1,0,1,0,0,0,0,4,0,0,0,0,0,0,0,0,3,0,0,0,1,0,0,0,0,0,0,0,0,0,0,0,0,0,0,0,0,0,3,0,0,0,0,0,0,0,0,0,0,0,0,0,0,0,0,1,0,0,0,1,0,0,0,0,0,0,0,0,0,0,0,0,0,0,0,0,0,0,1,0,1,0,1,0,0,0,0,0,0,1,0,0,1,0,4,0,0,0,0,0,0,0,0,0,1,0,1,0,0,0,0,0,0,0,0,0,0,0,0,0,0,0,0,0,0,0,0,0,0,1,0,0,1,0,0,0,2,0,0,0,0,0,0,0,4,0,0,0,0,2,1,1,1,0,0,0,0,0,0,21,0,0,0,0,0,0,1,0,0,0,0,0,0,0,1,0,0,0,1,0,0,1,1,0,0,0,0,0,1,0,0,1,0,1,1,0,0,0,0,0,1,0,0,0,0,2,0,1,0,0,0,0,0,0,0,0,0,1,0,0,0,0,0,1,0,0,0,0,0,0,0,1,0,0,0,0,0,0,0,0,1,0,0,0,0,0,1,0,0,0,0,0,0,0,0,0,0,2,0,0,3,0,0,0,0,0,0,0,0,0,0,0,0,0,1,0,0,0,0,0,0,0,0,0,6,3,5,0,1,0,0,0,2,0,1,8,0,0,0,0,0,1,0,1,0,0,0,0,2,0,0,0,0,0,0,3,0,0,0,0,0,1,1,0,6,0,1,0,0,0,0,0,0,0,0,0,0,0,0,0,0,0,0,0,1,0,0,0,0,0,0,0,0,0,0,0,0,0,0,0,0,0,0,0,1,0,0,1,0,0,0,0,1,0,0,0,1,0,0,0,0,0,0,0,0,0,1,0,0,0,0,0,0,0,0,0,0,0,1,0,0,2,0,0,0,1,0,1,0,0,0,0,0,0,0,0,0,0,1,0,0,0,0,0,0,0,0,0,0,2,0,0,0,0,0,5,0,0,12,0,0,0,0,0,0,0,0,0,3,0,0,0,1,3,0,0,0,0,0,0,0,0,0,0,0,0,0,0,0,3,0,0,2,0,0,2,0,0,13,0,1,0,0,0,1,1,2,0,0,0,0,0,0,3,0,0,0,0,0,0,0,3,3,0,0,0,0,2,0,0,0,0,0,0,0,0,0,0,1,0,1,0,6,0,0,0,0,0,1,0,0,1,0,0,0,0,0,0,0,0,1,0,0,1,1,0,0,0,1,0,0,0,0,0,0,0,0,0,0,1,3,0,21,0,0,0,0,0,0,0,0,0,0,1,0,0,7,0,0,0,0,0,0,1,0,1,2,0,0,1,0,0,0,0,0,0,2,0,0,0,0,1,0,0,0,0,0,0,0,0,0,0,13,0,0,1,1,0,0,0,0,0,0,0,0,0,0,0,0,0,0,0,0,0,1,0,0,0,0,0,0,0,0,0,6,1,0,0,0,0,0,0,0,0,0,0,0,0,0,0,0,0,0,0,0,0,0,0,0,0,0,2,1,0,0,0,0,1,0,0,0,0,1,0,3,0,0,0,3,0,0,0,2,0,0,0,0,0,0,0,0,2,0,0,0,0,0,0,1,0,1,0,0,0,0,0,0,0,0,0,0,1,0,6,0,0,0,0,1,0,0,0,0,0,0,0,0,0,0,0,0,0,0,0,1,0,1,0,1,0,0,0,0,0,0,0,0,0
COX2,25,18,12,7,12,24,27,19,9,7,47,10,29,7,12,63,14,18,32,9,5,14,20,26,4,16,12,14,17,23,21,25,23,32,7,15,17,32,30,7,13,17,31,24,25,19,12,22,13,17,6,18,35,12,18,17,8,16,15,20,51,9,9,17,3,19,17,4,28,26,4,41,9,22,13,10,8,39,11,23,11,9,18,26,13,12,6,13,6,11,10,20,15,20,10,36,5,7,11,56,10,10,29,14,17,21,7,7,33,10,18,14,17,22,3,23,9,18,32,5,10,13,31,5,20,21,7,2,32,13,5,13,9,11,11,9,16,9,35,16,20,21,21,20,72,15,31,26,24,5,32,6,22,13,16,12,12,14,2,23,11,17,41,30,17,30,23,7,54,70,13,16,22,11,28,8,9,6,42,15,6,11,21,11,25,27,14,14,26,28,59,32,16,15,14,23,6,6,4,23,22,20,31,13,11,7,11,23,25,9,6,12,9,6,16,10,17,11,11,40,10,15,16,2,24,7,12,17,9,7,17,14,40,48,19,15,10,11,8,22,25,2,15,8,13,11,8,46,66,19,7,25,11,6,29,15,10,9,17,27,7,12,14,34,10,24,15,4,23,28,7,48,33,22,6,6,8,62,32,21,25,13,27,8,19,20,13,8,24,7,14,17,44,10,11,12,14,5,37,6,17,5,15,7,28,7,17,14,44,26,7,7,8,8,7,10,9,16,19,15,12,18,56,2,12,3,25,25,15,7,9,23,15,7,25,8,12,16,15,42,35,16,39,19,22,13,7,32,11,21,37,11,51,8,18,17,19,26,50,21,10,13,11,19,10,12,81,26,10,11,8,20,10,8,7,46,10,34,14,39,20,6,22,9,14,11,15,37,11,14,49,105,6,44,21,23,22,23,14,57,20,15,13,8,25,23,15,25,18,19,18,15,34,14,18,61,7,29,14,11,31,23,39,17,30,3,12,13,8,6,15,14,16,13,51,10,41,10,15,40,13,26,61,14,17,66,17,3,11,4,22,26,29,19,39,11,7,52,37,15,12,14,15,4,61,42,14,10,13,16,25,23,12,16,13,49,24,8,9,10,25,22,6,23,29,12,11,19,12,19,8,14,8,15,19,23,11,14,4,20,13,24,6,10,15,8,12,56,3,10,7,18,17,7,7,18,12,11,11,12,21,26,18,23,33,27,8,11,21,43,38,45,12,5,51,21,8,26,19,15,43,24,12,9,3,23,29,5,38,10,22,61,5,2,20,24,4,47,11,8,11,11,12,13,14,21,10,14,15,6,39,14,14,8,26,34,8,21,21,23,20,11,19,25,8,18,19,4,18,11,12,9,25,38,15,24,14,11,19,23,6,71,17,15,15,61,21,13,10,15,38,12,14,14,26,16,11,12,26,27,6,16,24,4,17,15,5,20,12,25,13,12,9,10,29,14,9,13,13,13,13,14,30,6,10,10,22,10,10,14,9,5,2,17,18,20,14,7,3,39,19,36,15,18,9,10,10,2,11,16,13,16,15,9,18,17,18,20,7,21,1,56,20,25,25,21,11,11,13,10,10,10,13,9,12,13,12,15,6,21,10,15,23,14,12,45,12,13,19,69,7,17,15,26,38,12,12,21,7,13,13,11,16,24,16,13,16,7,6,23,6,14,10,8,10,8,45,27,6,16,10,11,15,21,18,12,10,12,1,4,14,17,12,9,8,13,15,8,13,31,16,37,16,12,30,10,15,9,32,11,11,6,12,14,22,18,28,9,22,11,14,12,8,11,34,39,5,19,24,21,12,14,3,18,32,8,20,14,17,21,16,9,12,6,12,14,16,9,20,15,14,15,8,22,9,21,27,7,19,15,14,15,47,18,30,30,12,16,6,17,10,12,14,23,11,11,12,28,24,20,15,27,10,17,7,39,27,53,11,9,11,14,9,14,15,2,14,35,6,14,16,17,6,3,20,6,8,13,24,2,18,18,48,13,9,16,12,13,14,29,9,12,33,40,25,15,23,2,28,25,13,19,10,23,11,53,22,11,30,8,21,12,11,13,10,4,5,14,61,40,36,6,9,13,23,10,12,11,10,12,9,61,21,7,17,35,12,10,25,45,15,20,13,14,12,27,8,51,23,11,6,14,21,8,8,13,15,21,7,25,8,12,33,13,19,6,18,10,9,33,18,18,13,9,23,43,13,9,31,18,16,83,17,7,12,7,16,18,35,21,13,20,9,64,19,6,9,7,7,19,28,14,9,9,15,13,9,20,9,12,12,24,20,7,8,13,13,7,14,10,11,15,20,24,14,12,21,16,29,6,11,26,11,8,14,8,14,26,23,10,52,47,2,15,5,38,9,58,23,1,13,12,15,9,15,8,14,6,9,3,15,22,25,14,9,18,29,10,15,10,19,11,43,56,22,11,35,20,13,26,35,15,18,34,10,9,13,38,20,43,28,6,10,12,13,22,23,23,22,9,16,16,10,70,12,22,1,14,16,26,24,18,51,26,15,19,12,9,17,13,17,10,13,14,12,6,25,19,14,23,13,16,30,11,15,18,20,25,27,18,7,4,19,12,17,13,11,29,11,15,20,13,40,6,8,18,0,5,23,10,24,13,14,45,15,15,16,9,17,8,15,23,13,11,9,15,21,7,6,12,30,14,11,29,22,6,34,14,20,53,16,12,62,15,5,12,17,6,18,27,9,16,6,8,22,24,38,13,14,12,3,20,17,11,6,11,12,41,18,30,19,16,17,35,12,7,33,13,12,10,15,49,11,3,9,30,34,33,24,16,15,24,9,2,8,18,28,8,18,6,16,24,13,8,16,11,5,18,15,16,47,22,25,21,5,22,30,23,16,3,19,10,40,36,8,18,13,10,3,20,8,23,9,5,7,11,28,20,16,15,24,12,34,52,19,34,24,8,6,23,19,31,14,1,7,12,22,7,22,16,52,17,2,27,16,9,11,11,26,24,17,5,26,8,30,18,11,13,16,35,7,37,6,31,10,16,14,28,13,33,17,8,9,11,2,1,18,15,52,13,26,16,9,5,16,15,6,6,38,6,13,24,22,14,31,11,18,10,22,19,12,51,11,46,20,31,10,36,4,19,15,19,14,12,65,13,27,5,15,53,17,14,7,10,12,14,12,7,20,10,105,15,10,9,33,37,3,24,2,72,9,33,13,11,10,22,6,10,11,14,6,13,15,9,19,14,7,60,12,9,10,19,43,26,9,3,9,16,9,21,15,9,9,16,1,14,5,13,21,10,11,11,7,17,9,10,13,22,5,20,15,13,37,2,19,31,11,13,13,39,13,10,33,10,17,6,27,20,23,19,20,12,13,29,46,5,9,16,13,53,5,17,13,12,11,25,6,30,26,12,8,8,11,29,13,11,5,39,31,9,18,52,2,16,11,14,25,15,14,28,20,13,12,7,8,12,28,11,13,3,8,16,25,4,37,9,18,48,12,13,12,32,16,6,20,17
CRIP1,3,1,0,0,0,1,0,0,2,0,14,1,11,0,1,4,2,0,0,1,2,0,0,2,0,4,1,0,3,1,0,2,1,1,0,1,2,0,2,0,3,2,2,4,0,0,1,1,0,0,0,0,1,1,0,0,0,0,0,1,3,0,2,0,0,1,0,0,1,0,1,0,1,0,0,0,0,0,1,0,1,1,1,2,2,0,0,1,0,1,1,3,1,0,2,1,1,0,0,6,0,0,0,0,1,0,1,1,5,1,1,0,0,2,0,0,1,0,0,0,0,1,0,0,5,0,0,0,1,0,0,0,0,0,1,1,0,0,0,1,2,1,0,1,5,0,0,0,4,0,1,1,1,0,1,0,0,1,1,0,0,0,0,2,0,4,1,1,3,3,2,0,1,0,0,1,1,4,2,1,0,0,1,0,1,0,0,1,2,0,3,0,0,0,1,1,2,0,0,1,0,1,3,0,1,1,0,0,0,3,0,2,0,0,0,0,0,1,2,1,0,0,7,0,4,0,0,0,0,1,0,1,0,2,0,1,1,1,0,0,0,0,1,3,0,0,1,2,2,0,0,0,0,0,0,2,0,2,0,3,0,0,2,0,1,3,0,0,1,1,1,0,4,2,0,0,0,2,1,0,0,0,0,6,0,0,0,0,0,0,0,0,0,0,0,1,0,0,0,0,0,0,0,1,0,0,0,0,1,0,1,0,1,2,0,0,1,2,0,1,0,0,4,0,0,0,3,0,0,1,0,0,0,0,0,0,2,0,0,4,2,5,4,0,0,2,0,0,2,1,0,0,10,1,0,0,0,1,4,1,0,1,0,0,0,1,16,0,0,1,0,1,0,0,0,3,1,3,0,2,0,0,3,0,0,0,2,0,1,0,0,3,2,1,0,1,2,1,0,5,0,0,0,0,0,5,0,0,0,0,2,1,0,0,0,3,0,0,0,1,0,5,17,0,1,0,0,2,0,0,0,0,1,1,3,0,0,1,0,0,2,0,1,0,3,2,1,0,0,1,2,1,0,0,2,2,0,1,2,1,5,0,0,0,0,5,0,0,2,0,0,0,0,0,0,3,2,0,0,0,7,0,0,1,0,0,0,0,0,0,0,0,0,0,0,0,0,0,0,2,0,0,0,0,0,1,0,1,2,0,0,0,0,0,0,1,0,0,0,0,0,0,0,1,2,3,0,0,1,0,3,0,2,0,2,1,5,0,0,2,0,2,0,0,0,1,0,1,8,0,1,12,0,1,1,3,0,3,0,2,2,6,1,0,0,0,2,1,4,0,0,2,0,0,2,3,1,0,0,0,0,0,0,0,0,1,0,0,0,0,0,0,0,0,0,1,0,0,0,0,2,0,0,0,5,4,6,2,0,0,0,1,1,0,5,0,0,2,1,0,2,0,3,0,0,1,0,1,1,0,0,1,1,0,0,0,1,0,0,0,0,0,0,0,0,0,3,1,1,1,0,1,0,4,0,1,1,0,0,1,1,1,1,1,3,1,3,0,1,0,0,0,0,1,2,0,0,0,0,0,2,1,4,1,0,0,1,1,0,0,0,0,1,1,0,1,0,0,0,2,3,1,2,4,0,3,0,0,2,4,2,3,0,0,3,0,0,2,0,1,1,1,0,1,0,1,0,0,0,1,0,2,0,0,3,0,3,1,0,1,0,0,0,0,1,0,1,2,0,0,1,0,0,0,0,1,1,0,2,1,1,0,0,0,0,0,1,0,0,1,0,0,1,1,2,1,0,0,1,2,3,1,0,6,0,4,2,0,0,0,0,0,0,0,2,0,1,1,0,0,0,1,0,0,0,0,2,0,1,0,0,0,0,2,1,0,1,0,0,0,1,0,1,0,0,0,1,0,0,0,1,0,0,3,0,0,0,0,0,0,1,1,6,0,0,2,1,0,0,0,0,0,0,0,0,0,1,0,0,0,0,0,1,0,2,0,1,0,2,1,3,0,0,2,0,1,0,1,0,2,0,0,0,2,0,0,0,0,0,0,0,1,0,4,1,1,1,0,2,0,0,0,0,1,1,0,0,0,1,1,0,0,0,0,0,1,0,0,1,0,0,1,0,0,0,1,1,0,1,3,0,1,0,0,0,1,0,1,2,0,1,2,2,0,0,2,3,2,1,0,0,0,0,0,0,0,3,1,0,1,1,0,1,0,0,0,0,0,4,2,1,12,0,0,0,3,0,1,2,0,0,1,0,3,1,1,0,0,0,0,6,0,0,0,0,0,0,1,0,0,1,0,3,1,1,0,0,0,0,1,2,0,0,0,0,0,0,1,11,1,0,1,0,2,0,0,3,0,0,2,6,12,0,0,0,0,0,0,2,0,0,8,3,0,1,0,0,0,0,1,0,0,0,0,0,3,3,0,3,2,0,0,4,1,2,3,2,0,2,1,1,5,0,3,0,2,0,0,0,4,2,0,0,0,0,1,0,2,1,0,3,0,0,5,0,2,0,0,0,1,3,2,1,0,0,0,0,0,0,0,0,0,1,6,1,0,4,3,1,2,1,1,0,0,0,0,2,1,2,0,0,0,2,1,1,1,0,0,1,2,1,0,6,1,1,1,0,0,0,1,0,1,2,0,0,0,0,0,0,0,5,1,0,0,1,0,1,1,0,0,1,0,0,0,2,1,0,1,1,3,1,1,0,0,2,0,1,0,0,0,2,2,0,0,0,1,3,0,0,0,0,0,0,0,0,1,0,0,1,0,0,1,0,4,1,0,2,2,0,0,0,5,0,0,4,1,1,0,0,0,0,3,0,0,1,2,0,1,0,0,2,0,0,0,0,0,0,1,0,2,3,0,4,0,0,0,4,0,0,0,0,1,1,2,0,0,0,0,0,0,0,1,1,0,0,0,0,1,0,0,3,0,1,3,0,0,6,0,0,0,1,0,1,1,0,1,3,1,1,2,3,0,0,1,0,6,0,1,0,0,0,0,0,1,0,1,1,0,0,0,0,0,0,0,2,1,0,0,0,0,0,0,0,0,0,0,0,1,11,0,3,2,1,0,0,1,0,0,1,1,1,4,0,1,1,0,2,0,0,0,0,15,1,0,0,1,0,0,0,5,1,0,0,0,1,0,0,0,1,3,0,1,0,0,0,0,1,0,4,1,3,1,1,0,0,0,1,0,0,5,1,2,0,0,1,3,1,0,0,2,0,0,0,0,0,2,0,2,0,1,0,1,0,2,0,2,0,1,0,0,0,1,0,1,0,0,0,1,1,0,6,3,0,0,0,0,0,0,2,0,0,0,3,0,0,4,1,1,0,3,1,0,0,0,0,0,8,0,1,1,0,1,0,0,1,0,1,1,1,15,0,0,2,0,2,0,0,2,1,1,0,3,0,1,0,0,1,11,1,0,0,3,0,3,1,0,0,0,1,0,0,0,0,0,0,1,1,0,0,0,0,1,0,0,0,0,0,2,2,1,1,1,1,0,0,3
DUSP6,0,0,0,0,0,0,0,1,0,0,0,0,1,0,0,2,0,0,0,0,0,0,1,1,0,0,0,0,0,0,0,0,0,1,0,0,0,0,0,0,0,0,2,0,0,0,0,0,0,0,0,0,0,0,0,0,0,0,0,0,1,0,0,1,0,0,0,0,2,0,0,0,0,3,1,0,0,1,2,0,0,0,0,2,0,0,0,0,0,0,0,0,0,1,0,0,0,0,1,0,0,0,0,0,0,1,0,1,0,0,0,0,2,4,0,0,0,0,2,0,0,0,4,0,0,0,0,0,1,0,0,0,0,0,0,0,1,0,3,0,0,0,0,0,0,0,1,3,0,0,1,0,0,0,0,0,0,0,0,0,0,0,4,2,1,0,5,0,1,0,0,0,0,0,3,0,0,0,0,0,0,0,0,0,6,0,0,0,0,1,3,0,0,0,0,0,0,0,0,0,2,0,1,0,0,0,0,0,0,0,0,0,0,0,0,0,0,0,0,0,0,0,0,0,0,0,1,1,0,0,0,0,1,4,0,0,0,0,0,0,1,0,0,2,0,0,0,3,5,6,0,2,0,0,0,0,0,0,1,2,0,0,0,1,0,0,0,0,0,0,1,0,2,0,0,0,0,2,1,0,5,0,0,0,0,0,0,0,0,0,0,0,0,0,0,0,0,0,0,0,0,0,0,0,2,0,0,3,1,0,0,0,0,0,0,0,0,0,0,0,0,3,1,0,0,0,9,1,0,0,0,0,0,0,1,0,0,0,1,2,1,0,2,0,0,0,0,2,0,2,1,0,0,0,0,0,0,0,0,4,0,0,0,0,0,0,0,0,0,0,0,0,0,0,0,0,0,0,0,0,3,0,0,0,0,1,0,0,0,1,0,6,0,5,0,0,0,0,0,4,2,0,0,0,2,0,0,0,0,0,0,0,0,0,0,0,0,0,0,0,4,0,0,1,3,0,0,0,0,0,1,0,0,0,0,0,1,0,0,0,0,0,0,0,0,0,0,0,0,0,0,0,2,0,0,0,0,3,0,0,0,0,0,0,0,0,0,0,0,1,2,6,0,0,0,3,3,0,0,0,1,0,0,0,2,0,0,1,0,1,0,0,0,0,0,2,0,0,0,0,0,1,0,0,0,0,0,0,0,0,0,0,1,0,0,0,0,0,0,2,0,0,0,0,0,2,0,0,2,0,4,0,0,0,0,2,0,0,0,0,0,0,0,0,0,0,2,0,0,0,0,0,0,0,10,0,0,1,0,0,0,0,0,0,0,1,2,0,0,0,0,0,0,0,0,3,0,0,1,0,0,0,0,0,0,0,1,0,1,0,0,0,0,3,0,0,0,0,0,0,1,2,0,0,0,0,1,0,0,0,0,0,0,0,0,0,0,0,2,4,0,0,0,0,0,0,0,0,0,0,0,0,1,0,0,0,0,0,0,0,0,1,0,0,0,0,0,0,0,1,0,0,0,3,0,0,0,0,0,0,0,0,0,0,0,0,1,0,0,0,0,0,1,1,1,0,0,1,0,0,0,0,0,0,1,0,0,0,0,0,0,0,1,0,0,0,0,0,0,1,0,0,0,0,0,2,0,0,0,0,0,0,0,0,0,0,0,1,0,0,0,0,0,0,0,1,0,0,0,1,0,0,0,0,0,0,1,0,0,0,1,0,0,0,0,0,1,0,0,0,0,0,0,0,0,0,0,0,0,0,0,0,0,0,1,0,0,0,0,0,0,0,0,0,0,0,3,0,0,0,1,0,0,0,0,0,0,0,0,0,0,0,0,1,1,0,0,0,0,1,0,0,0,0,0,0,0,0,1,0,0,2,0,0,0,0,1,0,0,0,3,0,0,0,0,0,0,0,0,0,0,0,0,3,0,0,0,0,1,0,0,1,0,0,0,0,0,0,0,0,0,1,1,0,0,0,2,0,0,0,0,0,0,0,0,0,0,3,0,0,0,0,2,0,0,0,0,0,0,0,0,0,1,1,4,0,0,0,0,0,0,0,0,3,2,1,0,0,0,0,1,0,0,0,0,0,0,0,0,1,1,0,0,0,0,0,0,0,0,0,0,0,1,0,0,1,0,0,0,0,4,0,0,0,0,0,0,5,0,0,0,0,1,0,0,0,0,4,0,1,1,0,1,0,0,0,0,0,0,2,0,0,0,1,1,0,0,0,0,2,0,0,3,0,0,0,0,0,0,1,0,0,0,0,0,0,0,0,0,0,0,0,0,0,0,1,0,0,0,0,0,0,0,0,0,0,0,0,1,0,0,0,2,0,0,0,0,0,1,0,0,0,0,0,0,0,0,1,0,0,0,0,0,0,0,3,0,1,0,0,0,0,0,0,0,0,0,0,0,0,0,3,0,0,0,0,0,0,0,0,0,0,4,1,0,0,0,0,0,1,0,0,3,1,0,0,0,0,2,1,0,1,1,0,0,0,0,0,0,0,1,0,0,1,0,4,0,0,1,0,0,0,0,1,1,0,0,0,0,0,0,0,0,0,0,0,2,0,0,0,0,0,0,0,0,0,0,0,0,0,0,1,0,0,0,0,0,0,0,0,0,0,2,0,0,0,0,0,0,0,0,0,0,0,0,0,0,0,0,0,0,0,0,0,0,0,0,0,0,1,0,0,0,0,0,0,1,0,1,3,0,0,4,0,0,0,0,0,1,3,0,0,0,0,0,1,4,0,1,0,0,0,0,0,0,0,0,0,0,1,0,0,0,5,0,0,8,0,0,0,0,2,0,0,1,0,1,1,0,0,1,0,0,0,0,0,1,0,0,0,0,0,0,0,0,0,0,1,0,0,1,0,2,1,0,0,4,0,0,0,0,0,0,0,0,1,0,0,0,0,0,1,1,0,0,0,1,0,2,1,0,0,0,3,0,0,0,0,0,0,0,0,0,0,0,0,0,0,3,0,0,1,0,1,1,0,1,0,0,0,1,0,1,0,0,0,0,0,0,0,0,1,1,0,0,0,0,0,0,0,0,1,0,0,0,0,1,0,0,0,2,0,0,0,0,0,0,0,0,0,0,0,0,0,1,0,1,0,3,0,0,1,0,1,1,1,0,0,0,1,0,0,0,0,1,0,1,0,0,2,0,0,0,0,0,0,0,0,0,0,6,0,0,0,0,3,0,1,0,0,0,0,0,0,0,1,0,0,0,0,0,0,0,0,4,0,0,0,0,0,0,0,6,0,0,0,0,0,0,0,0,0,0,0,0,0,0,0,0,1,0,0,0,0,1,0,0,0,0,1,0,0,0,0,0,1,0,0,0,0,0,0,0,0,0,0,1,1,0,0,1,0,0,2,0,0,0,0,1,0,0,0,0,0,0,1,0,0,2,0,0,0,0,1,0,0,0,0,4,0,0,0,0,0,2,0,0,0,0,0,1,0,0,0,0,0,0,0,0,0,0,2,0,0,1,0,0,0,0,1,0,0,0,0,0,0
COX3,19,20,29,17,4,28,35,13,13,10,27,21,54,9,7,49,21,9,33,10,7,14,23,25,7,26,21,21,14,28,18,36,28,21,17,9,19,33,30,18,15,28,36,23,15,12,15,22,20,17,8,16,29,18,23,25,8,25,25,17,80,9,25,15,6,27,21,2,35,23,5,31,13,33,16,11,12,60,17,34,14,13,21,34,15,13,10,19,11,4,15,14,13,35,26,29,5,9,28,75,9,22,26,17,33,24,8,6,50,16,22,15,11,32,18,33,21,24,30,10,9,12,41,7,19,22,13,0,40,8,4,19,16,18,9,7,17,18,20,20,15,17,12,27,61,9,28,16,25,12,36,4,17,14,21,16,19,17,10,36,14,17,36,20,21,36,28,16,43,83,15,7,23,11,35,9,13,6,27,22,5,11,28,17,32,21,14,18,30,46,41,31,25,24,28,24,17,5,2,28,26,15,37,9,23,8,13,29,23,8,9,18,9,2,28,19,28,14,17,49,9,12,16,16,25,9,20,34,16,11,20,12,44,43,21,12,13,17,9,11,20,7,15,6,18,24,9,47,60,23,10,35,16,6,22,17,12,18,14,28,5,13,18,40,10,19,10,8,20,27,6,72,27,12,10,11,15,59,36,12,24,13,35,27,27,28,23,14,18,13,8,16,47,18,12,6,11,9,56,6,21,7,7,6,29,12,12,14,37,23,7,14,10,12,20,16,15,27,27,13,19,11,69,8,8,5,32,21,17,7,6,34,19,10,24,7,13,21,21,55,58,9,39,20,20,8,6,36,11,17,36,12,47,4,21,14,15,23,58,14,23,21,11,10,11,14,110,22,22,15,6,27,7,3,11,64,21,39,10,66,19,6,37,7,21,14,17,43,7,16,37,73,12,36,23,25,27,30,15,25,26,18,14,11,28,31,25,22,41,40,32,12,33,21,16,74,2,22,6,12,34,31,40,21,41,18,25,16,11,20,16,19,24,25,41,21,25,20,25,60,15,32,77,21,17,67,9,6,12,5,24,27,38,14,66,10,13,52,64,16,8,23,20,17,61,28,10,23,13,20,35,24,8,14,12,31,25,12,22,13,23,28,11,19,26,21,12,13,14,22,11,22,10,12,7,34,10,17,9,21,17,23,7,15,20,19,28,45,10,20,16,21,21,12,10,21,18,13,9,18,30,21,24,12,25,28,25,16,17,66,37,44,13,7,42,17,9,23,14,18,59,28,11,12,8,20,34,9,38,6,23,80,4,6,30,31,12,41,16,12,17,22,23,14,18,27,24,14,22,11,16,15,9,4,33,44,9,12,26,20,19,8,14,36,16,27,17,11,14,7,10,10,20,55,18,26,20,13,15,15,7,55,12,8,31,49,29,31,8,10,34,23,16,13,23,12,16,18,39,27,13,21,19,0,19,9,16,22,13,21,9,15,6,17,18,12,3,20,13,15,9,15,38,21,18,16,27,21,10,11,4,3,2,17,18,23,16,9,6,42,24,28,18,18,15,20,17,4,12,13,23,15,19,6,22,9,13,23,21,21,5,45,22,20,26,21,13,16,17,7,7,8,20,14,18,15,23,24,21,28,22,13,21,13,17,41,18,9,16,121,12,14,13,13,50,15,25,24,5,6,22,13,10,35,19,20,20,10,1,23,20,21,12,11,7,23,37,28,12,20,9,19,14,37,19,7,12,13,4,5,26,21,26,19,13,9,19,9,31,17,21,26,20,7,24,14,15,14,33,16,12,11,14,11,21,28,35,9,18,10,17,6,11,28,16,36,1,23,33,12,29,13,11,6,29,14,20,28,27,17,18,14,11,8,12,25,12,17,12,8,13,14,14,22,7,7,37,19,18,9,20,13,60,17,19,19,14,19,16,12,5,11,14,27,16,16,10,30,26,37,23,30,11,23,8,51,17,66,7,29,14,13,16,11,29,2,10,38,5,16,23,28,8,4,20,9,10,16,22,4,29,27,58,16,8,19,5,6,9,42,9,8,38,34,25,17,26,5,15,23,7,27,17,25,17,48,33,11,30,6,9,7,11,21,11,3,14,16,77,23,43,12,17,15,22,21,12,11,21,17,10,77,34,14,19,30,6,28,25,35,19,27,21,10,14,17,10,31,19,10,13,18,19,25,17,15,13,22,7,16,12,18,38,15,30,9,29,12,10,37,26,25,15,12,37,43,8,11,48,12,21,109,20,9,22,9,18,10,36,27,21,18,11,90,23,14,12,4,8,6,30,12,14,7,7,8,5,29,18,9,19,28,11,8,9,9,21,19,15,14,10,16,26,16,6,9,21,20,54,15,17,12,14,18,10,26,18,21,13,11,40,49,8,23,4,47,13,48,29,4,22,7,13,11,10,10,14,9,10,10,16,33,21,15,8,16,31,9,22,26,27,14,34,57,21,10,36,25,12,10,65,31,11,30,7,9,20,34,26,41,20,12,12,18,12,26,36,14,25,14,25,25,13,66,18,13,1,20,20,32,32,16,53,21,32,29,25,10,9,13,33,17,25,11,9,13,27,21,17,24,6,21,51,18,16,32,21,20,13,22,8,6,23,21,18,25,14,26,11,15,27,19,50,7,18,17,2,11,17,13,28,15,8,52,17,7,10,12,33,14,31,25,19,7,17,20,15,9,7,12,32,25,16,26,23,7,31,22,12,47,12,18,41,20,7,19,23,7,6,25,12,17,7,12,29,19,37,19,25,7,5,16,16,11,7,5,7,41,27,36,13,37,13,32,7,8,35,11,9,18,28,30,17,5,17,32,17,24,26,14,32,31,14,2,9,12,29,4,19,10,12,25,15,9,18,16,12,35,15,22,41,30,27,16,10,37,33,15,22,9,27,10,38,23,6,14,18,17,4,14,15,26,7,7,5,10,29,15,24,19,31,20,38,70,27,33,24,6,15,34,14,36,12,2,16,14,24,9,32,12,39,14,12,29,17,17,13,22,24,18,21,12,20,2,19,10,4,6,9,31,15,45,12,41,23,10,10,38,19,46,27,15,7,13,8,7,19,17,56,14,24,11,17,11,12,9,11,10,46,4,5,25,21,8,20,10,32,11,36,9,12,61,27,42,16,40,10,50,3,32,9,27,21,15,50,7,24,10,21,39,11,22,14,19,12,31,15,9,19,15,73,37,12,11,51,28,10,28,16,61,17,34,12,11,14,28,4,11,7,8,8,11,20,5,25,31,9,71,8,21,8,14,67,30,13,2,3,12,16,22,23,12,9,37,7,15,12,25,11,18,28,22,19,10,8,23,21,24,1,16,20,17,37,9,16,32,16,17,9,21,10,10,28,17,10,9,29,15,20,23,28,6,5,26,54,10,13,19,20,62,14,27,9,19,26,20,9,47,30,13,9,13,19,27,19,12,9,49,49,18,24,39,8,18,17,23,25,13,15,26,12,9,15,15,6,15,31,19,13,18,9,18,50,6,45,7,26,62,16,20,19,61,19,1,16,14
NA..12,0,1,0,0,1,0,3,0,0,1,4,1,0,0,0,0,0,0,3,0,0,0,0,0,0,0,0,0,4,0,0,0,0,0,0,0,0,0,2,0,0,0,1,0,0,0,0,1,0,0,1,0,4,0,1,0,0,0,0,0,2,1,0,0,0,0,0,0,1,0,0,0,0,0,0,0,0,0,1,2,0,0,1,2,0,0,0,2,0,0,0,0,0,0,0,0,0,0,0,4,0,0,0,0,0,1,0,0,0,0,1,0,0,0,0,0,1,0,1,0,0,0,1,0,0,0,0,0,3,0,0,0,1,0,0,0,0,0,0,4,5,0,0,0,0,0,0,1,0,1,2,0,1,0,0,0,2,2,0,0,0,0,0,3,1,3,2,0,0,0,0,0,0,0,1,1,0,0,5,0,0,0,0,1,1,1,0,1,1,0,1,1,0,0,0,0,0,0,0,0,0,0,4,0,0,0,0,1,0,0,0,0,0,0,0,2,0,2,0,0,0,1,0,0,0,2,0,0,0,0,0,0,2,0,3,0,0,0,0,0,0,0,0,1,1,2,0,6,1,3,0,0,0,0,0,1,0,0,0,0,0,0,2,0,0,1,0,0,1,1,0,0,1,1,0,0,0,1,2,0,3,0,0,0,1,0,0,0,0,2,0,0,2,1,0,0,0,0,3,0,0,0,0,0,6,0,1,0,0,0,0,0,0,0,0,0,0,0,0,0,2,1,6,0,0,0,0,0,0,0,0,2,0,0,3,0,1,5,0,0,2,1,2,0,0,1,0,2,0,1,1,0,1,0,0,2,0,0,0,1,0,0,0,2,3,0,1,0,0,0,0,1,0,0,0,0,2,0,1,2,0,0,0,0,0,1,1,0,0,0,0,1,0,2,0,1,0,0,0,0,4,0,0,1,2,0,1,0,2,2,0,3,0,0,0,2,0,0,0,1,2,0,1,1,0,0,0,0,0,0,0,0,2,0,1,0,0,0,1,0,0,0,4,0,0,2,0,0,0,0,0,0,1,0,2,1,0,1,1,4,3,2,0,0,2,1,0,0,2,3,0,0,0,0,0,1,3,0,0,0,2,0,0,0,1,0,0,0,0,3,2,0,0,0,0,0,0,0,1,2,1,1,0,1,0,0,1,1,0,0,2,0,0,0,1,0,0,0,1,0,0,0,0,4,2,0,3,0,1,0,0,0,1,0,1,1,0,0,0,0,6,0,5,0,0,1,0,0,4,0,0,2,0,0,1,2,0,1,0,1,0,2,0,0,0,0,1,0,1,0,0,0,0,0,0,0,0,0,2,1,0,1,0,2,1,0,0,0,1,0,0,0,0,2,0,1,0,2,0,1,0,0,3,0,1,6,1,0,0,0,0,0,0,0,0,0,0,0,1,0,0,0,1,0,1,0,0,0,1,0,0,0,2,0,1,0,0,0,0,1,0,2,0,0,0,0,18,1,0,1,0,3,0,4,0,1,1,0,0,0,3,1,1,0,0,0,0,0,0,0,0,0,2,2,0,1,2,0,0,0,0,1,1,0,2,1,0,0,1,0,0,0,0,0,0,1,0,0,0,0,0,0,2,1,0,0,1,0,1,1,0,4,1,2,1,1,0,2,0,0,0,0,0,1,0,0,1,3,0,0,1,0,0,0,2,0,4,0,1,0,2,0,0,2,0,1,0,1,0,0,0,0,0,1,0,2,0,0,0,0,2,0,1,0,1,0,1,0,0,0,1,2,0,0,0,0,1,0,0,1,0,0,0,0,0,1,0,0,0,0,0,0,0,1,2,1,0,0,0,0,0,0,0,1,0,0,0,1,0,1,0,5,0,0,0,0,0,0,0,0,0,0,1,1,0,0,0,0,0,3,0,0,1,0,0,0,0,0,0,0,1,0,0,2,0,1,0,2,0,0,1,1,1,0,1,0,0,2,0,0,0,0,1,0,0,0,0,0,0,0,3,0,5,0,0,1,0,1,1,0,0,2,4,0,2,1,0,0,1,0,0,0,0,1,1,1,1,0,2,0,1,0,0,1,0,0,1,0,4,2,7,2,0,0,5,1,0,0,2,0,0,4,0,0,0,1,0,0,4,2,2,0,0,1,0,0,0,1,0,0,0,0,0,3,0,0,0,0,0,2,1,0,4,0,1,1,3,1,0,0,0,0,0,1,0,1,0,1,2,1,0,3,0,0,0,0,0,0,0,0,0,0,0,0,0,1,0,0,0,1,0,0,1,1,4,0,0,2,1,0,0,1,0,0,0,0,0,0,0,0,1,0,4,0,0,0,0,0,0,0,1,0,0,0,0,0,2,2,0,0,0,0,0,1,0,0,0,6,2,0,0,0,0,1,0,0,0,0,1,0,0,0,0,1,0,1,1,0,0,0,0,0,0,0,0,0,0,0,0,3,0,1,1,1,0,6,0,0,4,4,1,0,0,0,0,0,0,0,0,0,0,1,0,3,0,0,1,1,3,0,0,0,2,2,2,0,0,0,0,0,0,0,0,0,0,0,2,1,2,0,0,0,0,0,0,1,2,0,0,4,0,0,0,0,0,0,0,0,1,0,0,0,0,0,0,0,0,0,1,0,1,1,4,3,0,4,1,0,0,0,1,1,0,0,0,0,0,0,0,0,0,0,0,0,2,0,2,0,0,0,0,0,0,0,0,0,0,0,1,0,0,0,0,0,0,0,0,0,0,0,0,0,0,0,0,0,4,3,0,2,1,0,0,0,0,0,1,0,0,0,0,1,0,0,0,0,0,0,0,0,2,2,1,0,0,1,2,1,0,0,0,1,0,0,0,0,0,1,0,0,1,0,2,4,0,0,2,0,0,0,1,0,0,0,0,1,1,0,0,0,0,1,0,0,1,0,2,0,2,2,2,0,0,0,1,0,0,0,0,2,0,0,0,0,2,1,1,0,1,0,1,0,0,1,0,1,2,0,1,0,0,0,0,1,0,0,1,0,1,0,1,0,0,1,1,0,0,0,0,9,1,1,0,0,0,0,0,1,0,1,0,0,0,0,0,0,0,0,0,0,0,0,0,0,0,0,0,3,1,0,0,1,0,1,3,0,0,1,0,0,2,0,0,1,0,0,1,0,0,0,0,0,0,0,0,1,0,2,2,0,1,2,1,0,0,0,0,0,0,0,0,0,0,0,1,3,0,0,0,4,0,0,0,0,0,1,0,2,1,1,0,0,2,1,0,1,1,0,1,0,1,0,0,0,0,0,0,0,0,3,0,0,0,0,1,0,0,0,0,3,0,0,1,0,0,0,0,1,0,0,0,0,4,0,0,0,0,0,1,0,1,0,1,1,0,0,0,3,0,0,0,1,0,2,0,0,0,1,0,0,0,0,0,4,0,0,0,5,1,0,0,1,0,0,1,2,0,0,1,0,0,0,1,1,0,1,1,0,0,0,0,0,0,0,0,0,0,0,0,0,0,1,0,0,0,0
CD247,2,3,1,3,0,0,0,0,0,0,0,0,0,2,0,1,3,2,0,1,0,2,0,0,1,3,0,0,1,0,0,0,0,0,3,0,0,1,0,0,1,1,0,3,2,0,0,0,0,0,0,0,0,2,0,0,0,0,0,1,0,0,0,0,1,0,2,0,0,0,1,0,0,0,0,1,1,0,0,0,2,0,0,0,2,3,1,0,1,1,0,0,2,0,2,0,0,0,0,0,0,0,0,0,0,0,2,4,0,1,2,0,0,0,1,2,2,0,0,0,0,0,1,0,2,1,1,0,0,0,0,0,1,0,0,1,0,0,0,0,1,1,1,0,0,0,0,0,2,2,0,2,0,0,0,0,2,0,1,0,0,0,0,0,2,1,0,1,0,0,1,1,1,0,0,1,0,1,0,0,1,0,0,0,0,0,4,0,0,0,0,0,1,0,1,0,0,0,0,0,0,1,0,0,1,0,0,0,1,1,0,1,5,4,1,1,0,1,0,0,0,0,0,0,2,5,0,0,0,1,1,0,0,0,0,0,1,0,0,0,0,1,0,0,0,0,0,0,0,0,0,0,0,0,0,1,0,0,0,0,1,0,0,0,0,0,0,1,1,2,4,0,0,0,1,2,0,1,0,1,0,0,0,0,0,0,1,0,0,0,1,0,0,0,0,0,0,1,0,2,0,1,0,1,0,0,0,0,0,0,0,0,0,1,0,0,1,1,0,2,2,3,0,0,0,0,0,0,0,1,0,0,0,0,0,0,1,0,0,0,0,1,1,0,0,2,0,0,0,0,0,1,0,0,1,0,0,1,0,0,0,0,0,0,1,2,0,0,0,0,2,0,3,0,1,0,0,3,1,0,0,0,2,0,0,0,1,0,2,1,1,0,0,0,0,0,0,1,3,0,0,1,3,3,0,0,3,0,2,0,0,2,0,0,0,0,1,0,0,0,1,0,3,2,0,1,1,1,0,1,0,0,0,1,0,0,0,1,2,0,2,1,0,0,1,0,2,1,0,1,1,1,0,2,0,1,1,1,0,0,0,0,0,0,1,0,1,0,0,0,0,0,1,0,0,0,0,2,0,0,0,0,4,0,0,1,0,0,0,0,1,1,0,0,2,0,0,1,0,3,0,0,0,0,0,2,0,0,1,0,0,1,0,1,0,0,0,0,0,0,1,1,0,0,0,0,1,0,0,0,0,0,0,1,2,0,4,0,0,0,1,2,1,2,1,1,0,0,0,2,1,0,0,1,0,1,0,0,0,1,0,2,0,3,0,1,0,1,0,0,0,5,1,0,0,0,0,1,0,0,0,2,0,0,0,2,0,0,0,0,0,0,2,0,1,0,1,0,0,0,0,0,0,1,1,1,1,3,1,0,0,0,2,0,3,0,0,1,0,0,1,0,0,0,4,0,0,0,0,1,0,1,1,6,0,1,0,0,1,0,1,0,2,0,0,0,0,2,0,0,3,0,0,0,0,1,0,0,0,0,0,0,0,3,0,1,0,0,0,0,0,1,0,1,5,1,0,0,0,0,5,0,0,3,0,1,0,0,0,0,0,0,0,0,0,0,0,1,0,0,0,2,0,1,0,0,0,1,0,0,0,1,0,0,0,1,1,0,2,1,1,0,0,2,0,0,0,0,0,3,0,3,0,1,1,2,0,0,1,0,0,0,0,0,2,1,0,1,2,0,0,0,1,1,0,1,0,0,3,1,0,0,0,0,0,0,0,0,1,0,0,0,1,0,0,0,0,0,0,1,0,0,1,1,0,0,0,1,0,1,1,0,0,0,0,2,4,1,0,0,0,0,0,0,1,0,1,0,0,0,0,0,1,0,1,0,0,0,1,0,6,0,0,0,0,2,1,0,1,0,1,0,0,0,0,0,0,1,0,0,0,0,1,0,1,0,1,3,3,0,0,0,0,0,1,0,0,0,1,0,0,0,1,0,1,0,2,0,3,0,0,0,0,2,0,4,1,1,0,0,0,0,0,0,0,0,0,0,0,1,0,1,6,0,0,0,0,3,0,0,0,0,0,0,1,0,0,0,0,0,0,2,1,0,0,0,0,1,0,0,0,0,0,0,0,0,0,0,0,0,0,0,1,0,0,1,1,0,0,1,0,1,2,1,0,1,6,0,1,2,0,0,0,0,2,1,0,1,1,0,0,0,0,6,0,0,0,0,0,0,0,0,0,0,0,0,1,0,0,1,0,0,0,0,0,1,0,1,1,0,0,1,1,1,2,1,0,0,0,0,0,0,1,2,0,2,1,0,0,0,1,0,0,1,0,1,0,0,0,0,0,0,0,1,1,0,0,0,2,0,0,0,0,3,0,0,1,0,0,2,0,1,6,6,0,0,1,1,1,1,2,0,1,1,0,0,0,1,0,2,0,1,0,0,0,2,0,0,1,0,0,1,3,0,0,0,0,0,0,0,1,0,0,0,3,1,0,1,0,0,0,1,0,0,0,0,0,0,0,0,1,2,0,0,0,1,1,1,0,1,2,0,0,3,0,1,0,0,2,1,1,0,0,0,0,1,3,3,0,0,1,0,1,1,0,1,1,0,0,0,0,0,0,4,1,0,0,0,0,1,0,0,0,0,0,2,1,1,0,1,1,0,1,0,0,0,1,2,0,10,0,1,0,0,0,4,0,0,0,0,0,0,0,0,0,1,0,0,0,0,0,1,0,0,0,1,0,3,0,0,0,0,0,0,0,0,0,0,2,0,0,0,1,0,0,0,0,0,0,0,1,1,0,0,0,0,0,0,1,0,0,1,1,0,0,0,0,1,0,0,1,2,0,0,0,0,0,0,0,1,0,0,0,0,0,0,0,1,0,1,0,0,0,0,1,0,1,6,0,2,0,0,1,1,1,0,0,1,0,0,1,1,0,2,0,0,1,0,0,0,0,0,1,0,0,0,2,2,0,0,0,0,0,0,0,3,0,0,0,0,0,0,0,3,2,0,0,1,3,0,0,0,0,0,0,0,1,0,0,0,0,0,0,0,0,1,1,5,11,0,0,0,0,0,2,0,2,0,0,1,0,2,1,0,0,2,0,1,0,0,0,0,0,0,0,0,1,4,0,1,0,0,1,1,0,0,1,1,0,0,6,0,0,0,0,0,0,1,1,0,0,0,1,1,1,0,1,0,0,0,1,0,3,0,2,0,2,1,0,0,0,1,0,0,0,2,1,0,1,2,0,4,0,0,0,0,0,0,1,1,3,1,0,0,1,1,0,1,1,0,1,0,0,0,0,0,1,1,0,0,0,0,1,0,0,1,0,0,0,0,1,0,0,0,0,1,0,0,1,0,0,0,0,0,0,1,0,1,0,0,0,0,1,2,0,0,0,0,0,0,1,1,0,0,0,0,0,0,0,0,0,0,0,0,0,0,0,0,0,0,0,1,0,0,0,1,0,0,1,1,0,0,0,0,0,0,0,2,1,0,0,1,2,0,0,0
EVL,0,4,5,2,0,0,1,3,1,1,0,3,0,0,0,3,0,1,0,0,2,4,0,1,3,5,1,1,3,1,5,2,1,1,2,1,2,1,0,0,4,2,0,1,1,1,1,0,3,0,0,0,0,2,5,0,4,2,2,0,0,2,1,0,3,1,2,0,0,3,0,0,2,0,0,4,2,2,0,0,1,3,0,1,3,1,2,1,4,0,0,2,3,2,3,1,0,1,0,4,1,0,0,4,2,0,1,0,0,5,2,3,0,1,3,4,0,4,1,1,3,0,2,0,2,2,2,1,1,2,1,3,1,2,3,1,1,3,3,4,1,2,3,4,3,4,0,0,1,1,0,2,3,0,3,1,2,0,0,1,0,0,1,0,0,4,0,4,0,2,2,0,1,1,0,0,2,3,0,4,1,2,1,1,0,0,0,4,0,0,1,0,1,0,4,4,1,3,0,1,0,5,0,1,3,2,1,0,0,1,2,1,4,1,3,0,4,2,0,0,3,0,0,0,1,1,0,0,3,6,3,2,1,3,1,2,3,3,0,1,0,1,1,0,0,1,2,0,0,2,1,0,2,2,0,1,2,2,1,0,4,1,1,0,2,2,4,1,5,2,0,1,0,0,1,3,2,0,0,3,0,0,5,1,4,0,3,0,3,2,0,3,0,1,0,0,2,1,0,0,0,2,3,3,0,2,3,0,3,3,2,0,2,1,1,1,0,6,1,3,2,0,0,0,0,1,0,3,1,0,4,0,1,1,0,0,5,0,5,0,0,5,0,3,0,1,2,0,1,0,0,2,3,5,0,0,0,4,0,0,3,2,1,0,3,0,4,2,0,5,1,0,2,1,2,1,0,8,2,0,0,0,0,3,1,0,1,0,1,4,1,4,1,3,3,0,2,5,1,2,0,2,2,2,0,3,4,1,1,0,8,5,0,3,0,1,2,0,3,1,1,3,10,0,3,3,1,1,1,3,2,1,4,3,0,1,0,1,1,1,3,4,2,1,6,2,3,3,1,0,1,3,0,3,0,1,2,3,0,3,0,4,0,2,2,1,2,1,0,0,0,1,0,2,3,0,0,2,1,0,1,4,3,4,0,4,1,3,5,0,3,1,0,0,0,1,7,2,1,4,0,0,0,1,4,3,0,1,2,2,0,0,0,1,1,4,0,2,1,0,2,1,4,1,1,0,2,2,0,0,0,3,2,1,2,0,1,1,2,3,2,2,1,2,1,2,0,2,2,2,1,2,0,0,2,0,1,0,0,0,0,5,4,2,1,4,3,0,6,1,4,1,7,3,2,0,2,3,1,0,3,2,2,0,0,1,2,1,1,0,2,1,0,1,2,1,3,0,0,1,3,1,0,5,2,1,1,3,2,4,0,4,3,3,2,3,0,0,1,1,12,5,2,1,3,1,3,0,1,3,1,1,1,1,0,4,2,5,2,2,3,0,5,5,1,1,1,2,2,0,5,1,1,0,2,0,1,1,0,0,0,2,0,7,3,1,0,0,3,2,4,3,0,1,6,1,0,0,2,1,3,1,2,0,0,1,3,1,0,3,3,6,1,0,1,1,2,1,1,1,0,3,0,2,2,1,2,3,1,5,1,3,1,1,1,0,1,5,2,4,3,2,1,2,0,1,1,4,1,3,0,0,0,2,1,3,0,0,3,2,0,0,3,0,3,1,2,5,2,1,4,0,5,5,2,2,2,1,3,1,1,1,1,1,0,0,2,2,1,3,1,2,2,2,1,0,0,3,0,1,0,0,2,2,0,1,4,3,6,3,5,3,1,0,0,0,5,4,1,2,1,0,1,1,2,0,0,3,0,0,3,0,3,0,1,2,2,2,1,4,3,0,3,1,2,1,2,2,5,0,4,1,0,2,2,0,2,5,0,1,1,0,1,0,5,0,3,3,1,2,5,0,0,5,2,1,0,0,2,1,3,4,1,1,1,1,0,0,4,0,1,0,1,2,1,0,2,3,1,0,3,0,0,1,0,6,3,1,3,0,3,2,1,0,0,3,1,3,0,1,1,1,1,6,5,1,0,2,2,0,0,1,1,2,0,3,0,1,0,1,0,2,0,0,0,0,0,2,0,4,0,4,1,2,1,3,3,4,1,2,1,1,3,2,0,2,3,1,2,6,0,1,0,3,3,1,1,6,2,0,3,0,2,2,0,0,2,0,2,0,5,1,0,0,2,0,4,3,0,4,3,3,1,1,1,0,3,0,2,2,1,1,2,4,2,5,0,2,0,4,0,0,1,1,3,4,1,0,0,0,1,1,0,1,3,3,2,2,0,4,1,0,0,0,3,0,6,0,4,1,1,4,0,1,2,0,3,2,0,2,4,1,3,3,3,0,1,2,2,1,1,0,3,2,1,0,0,4,3,3,4,4,2,7,1,3,0,0,1,0,0,2,0,1,3,0,5,0,0,0,0,0,3,2,1,5,1,1,2,0,0,4,0,1,2,0,0,4,0,1,3,0,1,0,0,1,4,2,1,3,2,1,1,5,2,1,0,4,0,3,4,3,0,2,0,1,4,0,0,1,0,0,3,3,3,3,1,6,1,2,3,3,1,4,3,3,0,0,0,3,0,0,0,0,1,2,3,0,3,1,2,3,2,0,2,2,1,1,0,3,0,3,2,6,4,4,0,1,0,1,3,2,0,0,2,4,4,0,0,0,3,2,0,2,2,4,0,0,2,1,1,2,3,0,0,4,0,2,1,0,1,1,2,2,0,5,2,2,1,1,2,1,2,1,1,0,0,0,2,0,0,0,2,1,2,0,0,0,3,1,0,2,3,2,1,2,1,3,1,3,0,0,0,0,1,5,2,3,2,3,4,3,0,0,9,1,0,1,1,0,2,0,5,2,2,2,0,5,1,0,0,5,1,4,1,0,9,1,1,0,1,4,4,0,0,0,2,1,0,2,0,1,3,0,1,1,0,5,3,3,0,1,3,1,1,3,0,4,2,1,2,0,0,0,1,4,3,2,3,0,0,1,2,1,0,3,3,3,6,0,0,0,6,3,0,4,3,0,1,0,2,1,1,2,1,1,2,3,0,0,0,3,0,0,1,0,1,1,1,6,0,0,1,0,0,3,0,0,1,0,2,3,0,0,0,2,1,1,1,0,4,1,6,2,4,0,1,0,2,3,2,0,1,1,2,2,2,0,0,0,1,2,4,0,0,1,0,2,2,0,0,1,0,0,3,3,1,3,1,2,1,2,2,1,3,3,1,0,4,0,2,3,2,0,0,2,2,5,4,1,4,4,5,3,1,0,3,2,1,9,1,1,0,1,0,2,2,0,2,1,0,2,0,0,2,0,3,2,1,0,3,0,3,2,0,0,2,0,1,1,1,6,3,0,0,3,2,0,0,3,0,0,0,3,0,4,0,0,1,0,2,3,1,2,1,3,3,2,3,3,0,0,0,0,0,2,0,4,0,1,1,6,0,1,2,1
LINC00926,0,0,0,0,0,0,0,0,2,0,2,0,0,0,0,0,0,0,0,0,0,0,0,1,0,0,0,0,0,1,0,0,1,0,0,0,0,0,0,4,0,0,0,0,0,2,0,0,0,0,0,0,0,0,0,0,0,0,0,0,0,0,0,0,0,0,0,0,0,0,0,0,0,0,0,0,0,0,0,0,0,0,0,0,0,0,0,1,0,0,0,0,0,0,0,0,0,3,0,4,0,0,0,0,0,0,0,0,0,0,0,0,0,0,0,0,0,0,0,0,0,0,0,0,0,0,0,1,0,0,0,0,0,2,1,0,0,0,0,0,0,0,0,0,0,0,0,0,0,0,0,0,0,1,0,0,0,0,0,0,0,0,0,0,0,0,0,0,0,0,0,0,0,0,0,0,0,0,0,0,0,0,0,3,0,2,0,0,0,0,0,0,0,0,0,1,0,0,0,1,0,0,0,3,0,0,1,1,2,0,0,0,0,0,0,0,0,0,0,0,0,2,0,0,0,0,3,0,0,0,0,0,0,0,0,0,0,5,0,1,0,0,4,0,0,0,0,0,0,0,0,0,0,0,0,0,0,0,1,0,0,0,0,0,0,0,0,0,0,0,0,0,0,0,0,0,0,0,0,0,0,0,0,0,0,0,0,1,0,0,0,0,0,0,0,0,0,0,0,0,0,0,0,0,0,0,0,0,0,0,0,0,0,0,0,4,0,0,1,0,0,0,0,0,0,0,0,0,1,0,0,0,0,2,0,0,0,0,0,0,0,0,0,0,3,0,0,0,0,0,0,0,0,1,0,0,1,0,0,0,0,0,1,0,0,0,0,0,0,0,0,0,0,0,0,0,0,0,0,0,0,7,0,0,0,0,0,1,0,0,0,0,0,0,0,0,2,0,0,0,0,0,0,0,0,0,0,1,3,0,0,0,0,0,0,0,0,0,0,0,0,0,0,0,0,0,0,0,0,0,1,0,0,0,0,2,0,0,0,0,0,0,0,0,1,0,0,0,0,0,0,0,0,0,0,0,0,0,0,1,0,0,0,4,0,0,0,0,0,0,0,0,0,0,0,0,0,0,3,0,0,0,0,0,0,0,0,0,0,0,0,0,0,4,0,0,0,0,1,0,0,0,0,0,0,0,0,0,0,0,0,0,3,0,0,0,0,0,0,1,0,0,0,0,0,0,0,1,0,0,0,0,0,0,0,0,0,0,0,0,0,0,0,0,0,0,0,0,0,0,0,1,0,0,0,0,2,0,0,0,0,0,2,0,0,0,0,0,0,2,0,0,0,0,0,0,0,0,0,0,2,0,0,0,0,0,1,0,1,0,0,1,0,0,0,0,0,1,1,1,0,0,0,0,0,1,0,0,0,0,0,2,0,0,0,0,0,0,0,0,0,0,0,0,0,0,0,0,0,0,3,0,0,0,0,0,0,0,0,0,0,0,0,0,0,4,0,0,0,0,0,0,0,0,1,0,1,0,2,0,0,1,2,0,0,0,0,0,0,1,0,0,0,0,0,0,0,0,0,0,0,0,0,0,0,0,0,0,0,0,0,0,0,0,0,0,0,0,1,0,0,0,0,0,1,0,0,0,0,0,0,0,2,0,0,0,0,0,0,0,0,0,0,0,1,0,0,0,0,0,0,0,3,0,0,0,0,0,0,2,0,0,0,0,0,0,2,0,0,0,0,0,0,0,3,0,0,3,0,0,0,0,0,0,0,1,0,0,0,0,0,0,0,0,0,0,0,0,0,0,0,0,0,0,0,0,0,0,0,0,0,0,0,0,0,0,0,0,0,0,0,0,3,0,0,0,0,3,3,0,0,0,0,0,0,0,0,0,0,0,0,3,0,2,3,0,0,0,0,0,0,0,3,0,0,0,0,0,0,2,0,0,0,0,0,1,0,0,0,0,0,0,0,0,0,0,0,0,0,0,0,0,0,0,0,0,0,0,0,0,1,0,0,0,0,0,0,0,2,0,0,1,0,0,0,0,3,0,2,2,0,0,0,0,0,0,1,0,0,0,3,0,0,0,0,0,0,2,0,0,0,0,0,0,0,0,4,0,0,1,0,0,0,0,0,0,0,0,0,0,0,0,0,2,2,0,0,0,0,0,1,0,0,0,1,0,0,0,0,0,0,0,0,0,0,0,1,1,0,0,0,0,0,0,0,0,0,0,0,0,0,0,0,0,1,2,0,0,0,0,0,0,0,0,0,0,0,0,0,0,2,0,0,0,0,0,0,0,0,0,0,0,0,0,0,0,0,0,0,1,0,0,0,0,0,0,1,2,0,0,3,1,0,0,0,0,0,0,0,0,0,0,1,0,0,0,0,0,0,0,0,0,0,0,0,0,0,0,0,0,0,0,0,0,0,1,0,0,0,0,0,0,0,0,0,0,0,0,0,0,0,0,0,0,0,0,0,0,0,0,0,0,0,0,0,0,0,0,2,0,0,0,0,0,0,0,0,0,0,0,0,0,0,0,0,0,0,0,0,0,0,0,1,0,1,0,0,0,0,0,0,0,0,0,1,0,0,0,0,0,0,0,0,0,0,0,1,1,0,0,0,0,0,0,0,4,0,0,0,0,0,0,0,0,1,0,0,2,0,0,0,0,0,1,0,0,1,0,0,0,0,0,0,1,0,0,0,0,3,0,0,0,0,0,0,0,0,0,0,0,0,0,0,0,0,0,0,0,4,0,0,0,0,0,0,0,1,0,0,0,1,0,0,0,0,0,0,0,0,0,0,1,0,0,2,0,0,0,0,0,0,0,0,0,0,0,0,0,0,0,0,0,0,0,0,0,0,0,4,0,0,0,0,0,0,0,0,0,0,0,0,0,0,0,0,1,0,0,0,0,0,0,0,0,0,0,0,0,0,0,0,0,0,0,0,0,0,0,1,0,0,0,0,0,0,1,0,0,0,0,0,1,0,0,0,0,0,0,0,0,3,0,0,0,0,0,2,0,0,1,0,0,0,0,1,0,0,1,0,0,0,0,0,1,0,0,1,0,0,0,0,0,0,0,0,0,0,0,0,0,0,0,0,0,0,0,0,0,0,0,0,0,0,0,0,0,0,0,0,0,0,0,0,0,0,0,1,0,0,0,0,0,0,0,4,2,0,0,0,0,0,0,1,0,1,0,0,0,0,0,0,0,0,0,0,0,0,0,1,0,0,0,0,0,0,0,0,1,0,0,0,0,0,0,0,0,0,0,0,0,0,0,3,0,0,0,0,0,0,0,0,0,0,0,0,0,0,0,0,0,0,0,0,0,0,0,0,0,0,0,0,0,0,0,0,0,0,0,0,0,0,0,0,0,0,0,0,0,0,0,0,0,0,0,0,0,0,0,0,0,0,0,0,0,0,0,0,0,0,0,1,0,0,0,0,0,0,3,1,0,2,0,0,0,0,0,0,0,0,0,0,0,0,0,0,0,0,1,0,0,0,0,0,0,0,0
RPS3,41,4,24,6,15,14,2,55,18,16,14,28,20,37,14,47,12,30,5,32,16,31,7,12,10,15,17,30,24,27,35,21,27,21,6,12,38,35,29,20,35,22,12,56,32,26,37,15,32,19,13,35,11,15,34,6,6,27,28,16,36,24,24,4,30,21,30,0,17,33,15,72,42,5,9,18,10,22,5,18,37,11,6,10,16,41,33,19,22,18,17,29,27,13,24,12,10,12,20,59,22,30,8,52,20,6,14,10,15,26,28,45,3,20,23,69,21,40,11,8,7,2,24,12,45,40,22,15,17,22,10,36,19,13,16,15,14,27,8,12,20,23,35,40,50,11,12,11,63,14,17,2,19,33,15,27,15,18,12,8,19,19,16,7,4,35,12,23,10,64,29,5,71,26,8,1,42,26,19,43,17,24,19,15,14,31,54,33,8,18,38,32,18,40,48,18,12,15,0,27,6,30,13,17,26,11,17,34,16,27,18,17,11,3,19,10,31,25,24,24,7,19,25,12,63,10,10,7,37,27,23,13,30,43,14,15,19,18,23,16,10,20,17,4,29,10,20,12,30,11,18,7,23,14,20,32,21,34,5,7,26,6,31,16,20,23,17,11,53,37,10,45,8,6,25,17,14,23,17,35,8,3,33,23,31,36,43,19,31,26,21,26,19,17,28,9,7,22,14,10,16,24,25,30,6,8,29,3,19,33,22,14,13,23,28,12,24,52,25,27,15,3,14,10,16,17,9,53,18,24,37,18,30,13,7,17,22,4,49,20,21,20,15,48,29,26,16,8,20,20,14,40,28,28,6,11,17,60,35,4,31,13,18,5,7,28,83,21,30,42,10,7,11,20,11,59,25,50,23,20,5,6,25,27,30,1,32,36,19,8,44,34,20,29,17,10,33,25,6,12,17,28,21,43,12,46,26,12,23,34,42,51,4,33,35,40,20,20,20,31,15,46,33,4,20,23,16,25,16,21,5,35,32,18,18,10,9,17,29,24,16,54,53,30,30,40,10,30,12,15,18,35,11,29,20,49,22,27,15,18,18,43,24,8,31,23,14,37,8,0,7,13,7,34,37,18,8,29,16,8,16,29,5,40,15,45,22,55,29,9,24,30,23,21,16,2,25,27,9,9,4,14,13,6,24,32,14,51,23,17,3,6,12,14,16,32,13,14,27,6,26,29,40,10,12,7,25,17,20,39,20,39,23,22,31,20,23,37,20,32,128,35,36,8,21,28,28,22,52,31,71,54,10,14,10,14,12,16,23,15,12,33,12,21,29,32,15,33,36,12,34,7,39,19,40,21,20,35,2,18,20,11,20,11,22,40,26,11,13,3,19,20,7,12,28,31,34,13,17,22,28,21,5,24,53,53,15,25,9,17,9,12,19,18,78,34,23,24,6,24,37,26,23,7,12,12,20,11,18,51,17,26,16,5,9,19,19,46,26,18,31,2,50,32,13,12,30,30,20,7,10,20,12,2,8,11,8,11,14,26,19,33,16,7,37,17,7,14,34,20,26,42,10,16,39,29,3,7,25,18,3,51,30,35,10,34,22,28,4,16,21,14,25,9,20,30,22,24,12,9,10,27,26,16,11,13,21,31,21,64,24,24,9,35,11,35,16,28,16,17,28,20,19,47,13,25,12,25,7,26,21,12,19,22,24,37,12,42,12,20,9,18,26,7,46,10,25,22,28,8,10,16,19,41,9,19,39,9,25,41,12,3,12,36,13,10,37,7,35,22,32,18,27,21,7,3,8,13,5,49,10,9,22,26,11,15,15,33,52,35,24,18,19,7,28,19,21,48,5,18,37,9,11,23,35,26,14,13,22,24,18,5,19,6,15,26,18,7,20,11,10,8,45,32,12,44,27,16,13,5,29,19,15,3,19,23,19,46,9,41,5,11,30,15,28,47,17,59,8,38,13,4,12,25,25,7,6,12,39,13,33,31,34,14,40,22,39,9,20,25,31,8,20,18,26,16,9,25,13,17,22,8,15,29,18,38,27,18,26,16,42,18,5,10,5,8,51,28,29,17,21,32,26,63,30,10,14,22,53,17,17,15,23,28,6,28,15,19,25,33,10,53,10,32,17,16,9,50,11,34,9,40,10,13,12,17,14,13,15,17,13,17,34,25,9,29,21,6,31,22,3,20,15,23,14,13,31,29,29,8,23,14,8,5,13,16,22,17,37,8,41,74,10,18,38,27,52,19,14,32,19,16,21,36,33,19,21,19,22,11,19,47,16,11,14,26,16,23,11,23,29,15,52,14,31,22,10,14,6,26,49,15,17,15,20,21,36,20,20,25,15,15,19,29,18,19,25,9,29,36,57,50,15,34,12,24,21,56,9,28,40,14,21,13,37,23,17,29,15,13,24,5,51,23,23,23,10,18,52,24,46,31,13,24,7,30,14,7,26,4,10,53,3,12,21,30,46,9,17,13,36,4,15,31,6,18,8,33,24,8,8,37,16,44,31,8,15,23,0,18,53,29,23,9,9,28,25,30,12,21,22,29,23,40,16,12,7,23,19,27,17,15,18,18,11,26,9,35,9,29,28,5,25,11,24,18,7,43,15,26,26,36,8,11,33,12,10,14,25,19,15,26,15,41,18,14,22,12,40,19,53,23,20,8,28,21,32,34,15,8,50,24,19,43,30,11,12,21,22,53,42,30,13,24,16,32,18,13,7,18,40,46,10,9,17,40,20,17,10,32,17,33,26,21,15,15,14,21,40,8,10,36,7,19,14,20,21,8,14,13,14,19,19,37,21,50,11,12,38,36,9,14,16,7,20,20,20,17,25,25,14,32,28,16,37,23,16,78,30,20,16,30,7,8,8,37,12,20,24,13,31,20,31,17,17,13,14,5,14,34,26,5,16,24,13,19,20,30,8,10,14,44,29,47,20,4,33,26,9,18,13,15,27,12,3,27,11,34,5,28,23,5,12,4,14,26,10,30,41,31,12,10,38,9,44,19,29,23,8,22,31,17,4,8,25,24,18,21,36,24,23,13,18,17,10,16,35,26,85,20,12,27,49,5,15,25,17,29,22,6,26,63,34,13,10,24,21,7,5,13,21,15,21,10,9,20,19,59,10,64,6,5,33,35,53,42,10,19,34,17,3,46,14,24,15,24,37,32,36,17,34,27,29,33,49,9,13,15,22,50,35,11,6,26,25,7,2,28,8,15,28,17,24,16,9,23,13,54,27,21,15,8,19,8,12,18,18,42,19,40,34,24,20,36,16,16,10,25,34,20,26,33,7,24,8,37,29,43,15,9,24,35,80,11,14,11,22,29,22,30,37,14,18,29,24,11,17,7,28,33,14,18,13,15,52,19,20,27,25,17,22,23,9,15,29,10,25,16,13,15,10,17,41,9,19,7,22,41,14,27,16,23,10,33,5,43,4,8,10,8,13,31,22,31,26,22,30,43,21,23,23,6,13,16,17,18,5,36,24,25,17,73,46,7,33,19
TXNIP,5,1,1,1,4,4,3,0,0,3,6,6,3,0,3,10,1,0,2,2,2,2,0,4,0,1,1,1,4,3,3,8,3,1,1,2,0,5,5,2,1,3,8,3,5,0,1,4,1,3,0,2,3,2,2,2,2,3,5,3,1,2,1,0,2,3,5,0,3,2,1,3,2,2,0,2,1,3,0,4,4,3,6,6,2,2,5,3,0,4,1,5,1,2,11,2,6,0,5,2,6,2,7,3,2,1,0,6,3,1,8,1,1,4,3,6,2,9,8,2,1,2,2,3,3,1,0,0,8,0,1,2,2,3,4,3,6,1,3,5,0,2,3,5,4,2,3,0,3,5,6,2,7,0,5,3,3,1,1,5,1,3,6,1,2,2,5,4,3,3,3,1,1,1,3,1,2,1,4,2,1,2,2,1,1,2,3,2,3,8,2,1,0,3,1,3,2,1,0,3,4,4,8,3,1,2,4,4,6,3,0,1,1,1,0,0,0,2,2,1,1,1,0,0,3,1,7,4,0,0,5,1,2,2,1,1,3,3,3,2,1,3,2,1,2,0,7,3,4,4,1,5,1,6,3,3,0,3,2,1,4,0,6,4,2,3,0,8,2,0,6,5,1,1,2,7,1,7,6,3,2,0,2,5,3,0,1,0,3,1,0,0,2,0,2,0,3,2,4,3,6,1,2,1,2,4,2,7,15,2,1,0,3,0,3,3,0,4,3,1,3,3,4,0,4,1,2,1,5,3,0,4,1,3,6,1,3,8,1,5,3,1,3,5,6,0,3,1,6,7,3,0,5,1,4,1,2,5,1,2,0,3,0,7,1,1,10,1,2,5,1,5,2,6,1,6,2,5,4,0,6,3,11,3,1,3,3,1,1,2,6,22,5,7,2,3,2,3,4,1,5,2,0,6,4,4,1,1,1,2,1,3,1,5,2,13,1,3,2,1,5,4,3,2,1,3,4,5,1,0,0,1,2,1,6,2,2,2,5,7,2,2,0,1,4,2,2,2,3,1,3,1,3,0,0,1,0,4,3,4,1,1,3,3,3,5,3,2,1,3,5,2,1,3,4,3,4,0,2,0,5,6,3,2,5,5,2,0,2,2,4,9,0,0,1,3,2,2,0,3,3,2,1,0,1,2,2,4,0,3,0,4,2,3,3,4,2,1,2,5,2,0,9,7,7,1,2,3,7,5,1,3,2,1,6,7,1,1,0,2,0,6,0,8,2,5,0,1,2,0,1,3,3,0,2,6,2,2,2,3,0,8,2,0,2,2,2,3,4,1,4,1,2,2,3,3,7,3,5,0,2,4,0,0,4,4,1,2,3,2,2,2,3,4,2,2,2,4,2,1,1,1,3,4,4,5,1,3,1,0,1,2,4,0,2,5,2,3,2,2,6,1,3,2,2,2,4,2,2,0,3,4,2,8,3,3,0,5,3,3,0,1,9,0,2,3,5,4,2,0,4,1,1,2,1,1,2,0,3,5,1,2,1,1,2,2,1,1,2,6,0,5,2,2,5,1,3,0,3,9,2,4,2,2,0,5,1,1,3,3,2,1,1,0,3,5,5,2,7,3,1,1,1,7,2,0,2,0,2,3,5,4,0,2,4,2,4,3,1,4,5,2,2,3,2,1,3,0,1,2,2,1,1,5,2,0,0,1,1,6,5,0,7,4,1,2,3,3,4,0,4,6,9,2,3,0,2,7,3,1,1,3,3,0,2,0,2,2,5,3,2,3,1,2,5,2,3,6,3,1,5,0,5,5,5,0,5,3,1,3,1,0,0,0,5,3,1,1,4,2,2,0,2,2,7,0,1,1,6,1,0,1,2,3,3,5,3,0,3,2,4,3,3,5,2,2,1,0,3,3,3,0,0,0,2,2,2,2,1,2,3,2,0,0,1,2,1,3,0,3,1,3,1,2,1,0,1,3,4,6,2,0,2,4,2,2,4,1,5,1,3,2,1,2,4,3,3,3,1,5,5,0,1,4,4,1,7,1,2,6,6,2,8,0,0,2,2,4,5,0,0,0,1,1,0,1,0,2,0,1,5,2,0,2,1,6,1,2,2,5,0,0,8,2,4,3,0,2,3,6,0,5,0,5,3,1,2,4,0,2,5,2,1,2,4,3,4,0,2,6,3,3,1,1,1,3,3,1,4,4,2,1,2,3,2,5,0,1,1,1,5,1,0,2,1,3,4,3,1,2,1,0,2,7,3,3,3,4,2,3,3,4,1,2,1,2,0,6,2,1,1,0,8,0,3,4,0,0,3,1,1,1,5,3,2,5,0,6,3,3,1,3,1,1,3,3,2,4,0,3,6,0,2,4,0,2,5,4,2,4,1,4,4,5,1,0,0,4,6,2,3,2,0,3,5,3,1,0,0,11,2,6,6,9,5,2,1,1,0,4,4,4,3,2,2,0,5,1,5,6,4,1,0,1,2,4,5,3,0,2,7,1,2,6,1,2,0,3,3,0,7,3,4,4,1,2,1,2,2,7,9,4,4,3,2,2,3,4,5,1,4,5,4,4,2,4,3,2,4,0,2,3,4,3,6,1,1,0,0,0,0,2,6,4,0,1,0,3,0,3,0,2,2,2,5,1,7,2,0,3,4,2,1,0,0,0,5,2,0,5,2,7,2,0,1,4,8,2,6,7,0,5,4,3,2,2,5,1,0,5,0,2,3,0,1,1,1,1,0,0,1,5,0,2,0,2,1,2,4,2,0,4,0,11,3,4,6,0,0,2,2,3,3,1,4,2,2,0,2,2,1,6,1,0,7,1,3,0,0,4,1,2,1,1,2,1,1,0,4,6,2,4,3,3,2,5,7,6,3,7,3,2,2,7,5,3,1,8,4,0,0,10,1,1,3,0,3,4,3,2,6,2,4,6,1,1,1,1,1,4,2,5,2,0,0,1,1,2,4,1,14,2,2,10,6,2,5,0,0,3,2,7,0,3,2,3,1,3,2,4,3,6,1,7,8,0,3,6,2,0,1,2,3,4,0,4,4,5,0,3,6,2,4,2,2,2,7,4,1,0,2,3,2,4,2,4,5,1,3,2,0,0,3,6,1,8,8,8,1,4,4,2,1,2,0,6,2,5,3,3,5,0,0,1,1,1,1,1,11,1,22,4,1,2,0,3,2,4,3,4,3,2,2,1,3,1,2,1,0,2,5,4,1,0,2,1,1,4,4,2,1,6,8,3,4,0,1,0,2,1,4,5,1,4,4,1,7,4,1,1,5,1,0,2,2,3,1,2,5,1,1,3,3,4,6,1,3,4,1,6,3,3,6,4,2,1,1,2,5,3,3,0,2,5,4,5,5,9,1,4,2,1,5,3,2,1,5,0,3,6,0,4,3,2,1,0,1,4,3,1,1,14,0,0,0,1,2,3,0,1,0,0,5,3,1,3,3,0,7,3,3,2,7,1,6,3,1,3,4,1,4,8,2,1,5,1
GIMAP7,1,3,1,1,0,0,1,3,0,1,1,1,0,1,0,3,2,1,0,0,0,3,0,0,1,2,0,3,3,0,0,0,0,0,1,3,0,1,0,0,1,1,2,3,0,0,0,1,0,0,0,1,0,1,2,0,2,0,3,5,1,2,1,1,2,2,5,0,0,3,1,1,0,1,0,0,1,0,0,0,1,0,1,0,0,2,0,0,1,0,0,1,1,0,1,1,1,0,0,0,0,0,1,2,2,1,1,0,0,0,0,3,0,1,1,5,7,0,0,0,0,0,0,0,0,3,1,0,1,0,0,1,3,0,4,2,0,1,0,3,3,0,1,0,0,0,0,0,3,0,0,1,3,0,1,0,1,0,0,0,0,0,0,0,0,5,0,2,1,0,0,0,1,0,0,0,0,1,1,0,1,1,0,0,0,0,0,0,0,1,0,0,3,0,2,0,3,0,0,0,0,0,0,0,3,0,0,0,0,2,0,0,0,0,0,0,0,3,0,2,0,1,0,0,3,2,0,0,1,2,2,0,0,1,0,0,2,0,2,0,0,2,0,0,0,0,0,0,2,0,2,0,0,1,0,2,0,0,0,0,3,0,1,0,0,0,0,0,2,1,0,1,0,0,1,4,0,0,0,1,0,0,1,4,1,2,0,0,0,1,0,2,0,0,1,1,3,0,0,0,0,0,0,1,0,2,0,0,1,3,0,0,1,0,0,0,1,3,0,1,1,2,0,0,1,0,0,0,0,5,2,0,0,0,0,0,1,0,1,1,2,0,0,1,0,2,0,0,0,0,1,1,1,2,0,0,0,6,0,0,0,0,0,0,0,0,0,1,0,6,0,0,0,4,0,1,2,2,3,0,0,0,1,0,3,0,2,4,1,1,2,0,1,2,0,0,0,3,1,1,0,1,1,2,0,1,2,0,2,0,1,5,1,2,1,3,0,0,1,0,0,1,0,0,0,1,0,0,1,2,0,1,2,3,1,0,0,2,1,0,0,4,0,3,1,2,0,2,0,1,2,3,0,0,0,0,1,2,0,0,0,1,1,0,2,0,0,0,1,0,0,0,2,1,1,0,0,3,0,0,1,0,1,1,1,4,1,3,1,0,1,7,4,0,0,0,1,0,0,2,0,0,0,0,1,5,0,1,0,2,0,0,0,2,1,0,0,0,2,0,0,2,0,1,0,0,1,0,0,1,0,0,0,0,3,0,3,0,1,2,1,0,0,2,1,3,0,3,0,4,1,1,1,1,2,0,0,1,3,2,0,3,0,1,1,1,0,1,1,0,2,1,3,0,2,0,0,1,0,0,0,4,1,0,0,2,0,0,0,0,0,0,2,0,1,0,0,0,0,0,0,1,0,0,1,0,0,0,1,0,0,0,2,1,1,0,3,2,0,0,1,1,0,0,1,3,2,0,2,0,0,2,1,2,1,1,0,0,0,0,2,0,2,4,3,0,0,3,0,0,1,0,1,0,0,1,0,4,0,0,1,0,0,4,1,2,2,0,0,1,0,0,0,1,7,1,0,0,1,2,1,1,2,1,0,2,1,6,0,1,4,1,0,1,4,1,1,1,0,0,1,1,0,0,0,0,0,2,2,0,0,3,0,3,0,0,0,1,0,2,6,2,1,2,0,0,0,3,2,3,1,2,0,1,0,1,1,0,2,0,0,2,2,1,1,1,0,1,2,0,1,0,1,3,0,0,1,0,0,2,0,1,0,2,0,0,4,0,1,2,2,1,1,0,0,0,0,0,0,0,0,1,1,0,2,0,1,1,0,1,1,1,3,0,0,1,0,2,1,0,1,1,0,1,1,1,3,0,0,0,1,0,0,0,2,0,0,2,1,0,3,0,0,0,0,2,1,0,1,0,1,0,0,0,2,3,0,2,0,0,0,0,7,0,1,0,2,3,2,2,0,0,0,5,1,0,0,1,0,0,0,0,1,0,0,3,1,2,1,1,0,0,0,0,2,0,0,0,0,0,1,0,0,1,2,2,0,1,0,0,1,0,2,1,0,0,0,2,0,0,0,2,0,3,3,1,0,0,0,0,0,0,0,1,0,1,0,0,2,0,1,0,0,0,0,0,1,1,0,0,0,0,0,0,0,2,0,3,0,0,0,1,1,1,0,0,1,0,0,2,0,4,0,3,0,1,0,1,0,0,2,0,0,0,0,1,0,2,0,0,0,1,1,0,1,0,2,0,0,1,0,1,0,3,3,0,0,2,1,1,0,1,1,2,2,0,0,1,0,1,0,1,3,1,2,0,0,0,0,0,0,0,0,2,1,3,0,0,0,0,0,0,0,0,3,2,0,1,0,1,0,0,0,3,0,1,0,1,1,2,2,0,1,0,2,4,0,1,3,1,3,1,0,1,4,0,0,1,1,1,3,3,1,0,0,0,0,1,0,0,0,1,2,1,4,0,0,0,0,0,0,0,1,2,0,0,0,1,0,0,0,1,2,0,2,0,0,2,0,0,2,1,1,1,0,0,1,0,0,2,2,0,0,0,0,1,0,2,0,4,2,1,0,1,0,3,2,1,0,0,0,0,0,5,4,3,0,0,1,1,0,1,1,1,3,0,0,0,0,2,1,0,0,0,0,2,1,0,0,0,1,2,0,0,1,2,0,2,2,2,0,0,2,0,0,1,0,1,0,1,2,0,0,1,0,0,2,0,0,1,0,1,0,0,0,1,0,0,0,2,0,4,2,0,2,2,0,0,2,0,0,0,2,3,0,1,0,3,0,3,4,0,0,3,0,0,0,0,2,2,0,0,1,0,0,0,3,0,1,5,3,1,0,0,1,0,0,0,0,1,1,2,0,1,0,2,2,0,2,1,1,0,0,0,4,0,1,2,0,2,1,0,3,0,0,2,3,0,0,0,0,2,1,3,2,1,0,0,0,0,0,0,2,0,0,0,0,2,0,0,1,0,0,0,0,0,0,2,0,0,0,2,3,2,2,0,0,0,0,0,0,1,0,0,0,0,3,1,1,0,1,1,2,0,0,1,0,0,13,0,1,0,2,2,0,0,4,0,0,1,1,3,0,1,1,0,0,0,0,0,1,0,3,0,0,1,3,4,1,2,0,0,0,0,0,1,0,1,0,0,1,0,0,0,0,0,0,0,3,0,0,3,1,2,2,1,1,0,0,0,3,0,0,0,2,0,1,0,0,0,0,0,1,0,0,0,0,0,2,7,0,0,2,0,0,1,0,2,3,3,3,0,0,0,1,0,2,0,1,0,0,6,2,2,0,0,0,3,1,0,1,1,1,1,1,1,2,0,3,1,1,0,0,0,2,0,0,0,3,3,0,0,0,1,2,1,2,2,0,1,1,1,0,1,1,0,0,0,1,0,1,2,1,0,0,0,3,0,0,1,0,1,0,1,0,1,0,0,3,0,0,2,2,0,0,3,3,0,2,1,2,0,0,3,1,2,0,0,2,0,2,3,4,2,4,1
C1orf56,0,1,1,0,0,1,0,0,0,0,0,0,0,0,0,0,0,0,0,1,1,0,0,0,1,0,0,1,0,0,0,0,0,0,0,0,0,0,1,0,0,0,0,0,0,0,1,0,0,0,1,0,0,0,2,2,0,0,0,0,0,0,0,0,0,0,0,1,1,1,1,0,2,0,2,0,1,0,0,1,0,1,0,0,1,2,1,0,0,0,1,1,0,0,0,0,0,0,0,0,0,0,0,1,0,0,0,0,1,0,0,1,0,0,0,1,0,0,0,0,0,0,0,0,0,0,5,2,1,0,2,1,1,1,0,2,0,0,0,0,1,0,0,0,0,0,0,0,1,0,0,0,0,0,0,0,0,0,0,0,1,0,0,0,1,1,0,0,0,0,0,1,0,0,0,2,2,1,0,1,1,0,0,0,0,0,0,1,0,0,0,0,0,0,0,0,0,1,1,0,0,0,0,0,2,0,0,0,2,0,2,0,0,2,2,0,0,0,0,0,0,1,0,0,1,0,0,0,0,0,1,0,0,2,0,1,0,0,2,0,0,2,0,0,0,0,1,0,0,0,0,0,0,0,0,1,0,0,0,0,0,1,2,0,0,1,0,0,0,0,0,0,0,0,0,0,0,0,0,0,0,1,1,0,0,1,0,0,0,0,0,0,0,1,0,0,0,0,0,0,0,1,1,0,0,0,0,0,1,1,0,0,0,0,0,0,0,0,0,0,0,0,0,2,0,1,0,4,0,0,0,1,0,0,1,0,0,0,1,1,1,0,0,0,0,0,0,0,0,0,1,0,0,0,0,0,0,0,0,0,0,0,0,0,0,3,0,0,0,0,2,1,0,1,1,0,0,1,0,1,1,0,1,1,1,0,1,7,0,0,0,1,0,0,0,0,0,0,0,0,0,0,0,1,1,1,0,0,0,0,0,0,0,0,0,0,0,0,0,0,0,1,2,1,4,0,1,0,0,1,0,0,1,1,2,0,0,1,0,0,1,0,1,1,0,0,0,0,0,1,1,0,0,0,1,1,5,0,1,0,0,1,0,0,0,1,1,0,0,0,0,0,0,0,0,1,0,0,0,0,0,1,0,0,0,0,0,0,0,1,0,1,0,0,0,0,0,0,2,1,0,0,0,0,0,1,2,0,0,0,0,0,0,0,0,0,0,0,0,0,0,0,0,5,0,0,0,0,0,0,1,0,0,1,1,0,1,0,0,0,0,0,1,0,0,1,0,0,0,0,0,0,0,1,0,0,0,0,0,0,3,0,1,0,0,0,0,0,0,2,0,0,0,0,0,0,1,0,0,1,0,0,0,0,0,1,0,0,0,1,1,0,1,3,0,0,0,0,0,0,0,2,0,0,2,0,0,0,0,0,0,1,1,0,0,0,0,1,2,0,1,0,1,0,7,0,3,0,0,0,0,0,0,0,0,4,2,1,0,0,0,0,0,0,0,0,0,2,0,0,1,0,1,1,0,0,0,0,1,0,0,1,0,1,1,1,0,3,1,0,0,1,0,0,0,0,0,0,0,0,1,0,1,0,0,0,1,0,0,0,0,0,0,0,1,0,0,0,0,0,0,0,0,1,0,2,0,0,0,0,0,0,0,0,0,0,1,0,0,2,0,0,0,0,0,0,0,1,1,0,0,0,0,0,0,1,0,0,2,1,0,1,1,0,0,2,0,0,0,0,0,0,0,0,1,1,0,0,0,0,0,1,0,0,2,0,0,0,0,1,1,0,0,0,3,0,0,0,0,1,0,0,0,0,0,3,2,0,0,0,1,0,0,0,0,1,1,0,0,0,0,0,0,0,0,0,0,0,0,0,0,1,1,0,2,1,0,0,0,0,0,1,1,0,0,1,0,1,0,0,0,0,0,0,0,0,1,0,0,1,0,0,1,0,0,1,0,0,0,1,0,1,0,0,1,0,0,1,0,0,0,0,0,2,0,0,0,0,0,3,0,0,3,0,1,0,2,0,0,0,1,2,0,4,0,0,1,1,1,2,1,0,0,0,0,0,0,0,1,0,0,1,0,0,0,0,0,0,1,0,0,0,4,0,0,0,0,0,0,0,0,1,0,2,0,0,0,0,0,0,0,0,2,0,0,0,0,6,0,0,0,0,0,0,0,0,0,0,1,1,2,1,0,0,0,1,0,0,0,0,0,0,0,0,0,2,0,0,0,0,0,1,0,0,2,1,0,1,0,0,0,0,0,0,1,2,1,2,0,0,0,0,0,0,2,1,0,0,0,0,0,0,0,0,0,0,2,0,0,0,1,0,0,0,0,2,2,1,0,1,0,0,1,0,0,0,0,0,0,1,2,0,0,0,0,0,0,1,0,0,0,0,0,3,0,0,0,0,3,0,0,0,0,0,0,0,0,0,0,0,0,0,0,0,3,2,0,0,0,0,0,2,0,0,0,0,1,0,0,1,0,0,0,0,0,5,0,4,0,1,0,0,0,1,0,0,1,0,0,1,0,0,0,0,3,0,0,0,0,0,1,0,0,0,0,1,0,0,0,0,2,0,0,0,1,1,1,0,0,0,0,1,0,1,0,1,0,0,2,1,0,1,0,1,0,0,0,0,1,0,0,0,1,1,0,2,3,1,0,0,2,0,0,0,0,0,0,0,0,2,0,0,0,0,0,1,0,0,0,0,0,0,1,0,1,0,0,0,0,0,0,0,0,0,0,0,1,0,0,1,1,0,0,0,0,0,0,3,1,0,2,0,0,0,0,1,0,0,0,0,3,0,0,0,1,0,0,0,0,0,3,0,0,0,1,1,1,0,0,0,0,0,0,1,0,0,0,0,0,1,0,0,0,0,0,0,0,0,1,1,0,0,0,3,2,0,0,0,2,0,3,0,0,1,0,0,1,0,0,0,0,0,2,1,0,0,0,0,0,1,1,0,0,0,0,0,3,0,0,0,1,0,0,0,0,0,0,0,0,0,0,0,0,0,1,1,0,0,0,1,0,0,0,1,0,1,0,1,1,0,0,0,0,0,2,0,0,0,0,0,1,0,0,0,1,1,0,0,0,3,0,1,0,0,1,0,0,0,0,1,3,4,1,0,0,0,1,0,0,2,1,0,0,0,0,1,1,0,1,0,0,1,0,0,0,0,1,0,1,1,1,0,0,1,1,0,0,0,0,0,0,0,0,0,0,0,0,0,0,1,0,1,0,0,3,0,0,4,0,0,0,0,0,0,0,0,0,0,1,0,0,0,1,0,0,0,0,0,0,1,0,0,0,1,1,0,1,0,2,0,0,0,1,0,0,0,1,1,0,0,0,0,1,0,1,0,0,0,1,1,0,0,1,0,0,0,1,1,0,0,0,0,0,0,0,0,0,0,0,1,0,0,0,0,0,1,0,0,0,0,0,1,2,1,0,1,1,1,0,0,0,0,0,0,0,0,1,0,0,0,2,0,0,1,0,0,0,0,0,0,0,1,0,1,0,0
SELL,0,1,1,1,0,0,1,0,0,0,1,0,1,0,0,0,0,0,3,3,0,1,1,4,1,0,1,0,0,1,1,3,1,1,1,2,3,1,0,1,0,1,3,5,0,2,1,2,0,1,0,2,1,1,0,0,0,4,0,2,2,3,0,1,0,1,2,0,1,3,0,1,4,1,1,1,0,2,0,0,1,1,1,1,0,2,1,1,1,0,5,2,1,2,0,3,1,0,1,2,0,1,2,4,1,2,0,1,0,0,0,1,1,1,2,1,1,2,1,1,2,0,4,2,3,4,1,0,0,2,0,0,0,6,2,1,7,4,0,0,1,0,3,0,6,0,3,4,2,0,2,1,0,2,1,0,0,0,0,4,0,1,1,7,1,3,4,1,0,2,5,0,0,1,5,0,4,1,2,0,1,1,0,0,0,2,1,0,2,2,2,2,0,0,3,2,2,1,0,1,3,1,0,1,3,0,0,1,3,3,0,0,0,0,4,0,3,0,3,0,2,1,3,0,2,0,0,3,1,4,4,0,1,1,2,0,0,2,1,3,0,3,4,0,0,2,0,1,5,1,1,2,2,1,3,2,0,0,0,1,3,0,1,2,2,0,1,0,5,2,1,2,3,0,1,3,2,0,2,3,0,3,2,6,0,3,0,0,1,2,1,0,1,0,1,3,2,1,4,0,2,4,0,0,2,1,0,1,0,3,0,0,4,0,0,3,2,3,1,1,0,0,1,4,1,1,0,4,7,1,2,0,2,2,0,0,1,0,1,2,1,2,1,2,0,2,4,1,2,2,1,2,0,1,0,1,2,5,6,0,0,1,0,0,0,2,6,0,1,8,0,1,2,2,0,7,2,2,1,1,1,2,5,1,0,1,2,3,1,0,1,4,1,0,1,1,0,0,0,0,1,5,0,2,1,1,0,1,6,0,6,1,2,1,2,1,0,3,0,2,2,1,6,1,2,2,2,1,2,0,0,3,0,2,2,0,0,1,2,4,0,1,5,0,0,2,0,0,1,0,0,3,2,0,1,2,1,1,2,2,4,1,0,2,7,0,0,3,2,1,2,3,0,4,1,1,1,0,0,0,0,1,0,2,0,4,0,0,3,1,4,2,1,3,3,0,2,1,2,0,1,3,1,2,0,2,0,4,0,1,0,0,1,2,0,1,0,0,0,0,1,0,2,2,2,1,1,2,2,1,1,3,2,1,1,2,1,1,3,1,5,0,1,0,2,5,3,1,3,1,0,5,3,0,2,2,2,1,2,0,1,1,9,0,0,1,1,3,0,3,6,0,4,1,0,2,0,3,2,1,3,2,3,0,1,1,2,1,0,0,0,0,0,0,5,1,1,2,2,3,0,3,0,0,1,2,0,3,1,1,0,9,1,1,3,5,2,1,0,0,0,1,0,0,0,2,1,0,1,0,1,2,0,0,2,1,2,2,0,0,3,0,1,1,0,3,3,1,2,1,4,0,0,0,1,1,3,2,0,0,2,0,0,3,2,1,0,0,2,0,1,3,0,0,3,0,1,1,1,1,0,4,0,4,4,1,1,0,1,1,1,0,1,3,2,1,0,1,1,2,0,1,3,0,0,2,3,3,0,6,0,0,0,1,1,0,2,1,0,3,1,1,0,0,2,1,2,2,0,0,0,0,4,0,5,6,2,1,0,1,1,1,3,1,1,0,5,1,0,0,2,2,4,2,3,0,0,4,3,2,2,1,2,2,1,3,0,0,1,1,2,1,0,0,0,2,5,0,1,2,0,3,0,0,0,0,0,0,0,3,1,1,0,0,1,0,0,3,3,1,2,3,3,2,3,2,0,0,2,0,1,2,0,2,1,3,1,1,0,0,1,2,3,0,1,2,0,1,5,0,3,1,2,0,2,2,0,5,4,0,1,0,8,0,3,4,0,1,0,0,0,0,1,1,3,0,0,1,2,4,0,3,1,1,1,2,2,3,4,1,1,3,0,1,1,0,0,2,0,0,1,0,1,3,1,0,2,1,2,3,2,2,0,0,0,4,2,1,0,0,5,0,1,6,2,1,0,4,5,4,2,0,4,1,1,0,1,5,2,5,0,5,0,1,2,2,3,0,0,2,1,0,0,1,0,0,1,0,0,1,2,2,3,1,2,5,0,0,1,2,1,2,1,0,0,0,1,1,2,3,2,3,0,0,1,3,2,0,2,0,0,7,1,0,1,1,4,2,2,1,0,4,0,6,0,0,1,3,1,1,1,4,1,0,0,0,0,0,3,4,1,6,1,0,0,1,0,3,1,1,2,0,1,2,0,1,0,1,1,3,0,0,0,0,2,0,1,4,0,1,7,6,1,1,0,0,0,4,2,0,1,0,0,0,2,1,4,0,0,0,0,1,0,0,5,1,1,0,4,0,4,5,0,1,0,3,2,0,0,0,2,1,0,0,1,4,2,0,1,3,4,1,1,2,0,1,4,2,1,2,3,2,0,8,2,1,1,0,1,0,0,0,0,4,0,3,2,5,2,0,1,1,0,5,3,3,2,0,2,0,3,1,5,1,1,2,0,4,2,0,1,1,7,4,0,2,4,2,2,0,0,0,2,0,4,1,0,1,4,0,6,0,0,3,7,0,0,0,2,2,1,3,2,0,2,0,2,2,2,0,3,0,2,2,3,0,5,1,2,1,5,2,2,0,0,1,0,1,0,4,0,2,0,2,2,1,1,1,6,0,1,1,0,2,2,1,0,0,1,2,2,0,0,1,0,1,0,0,3,0,3,0,0,1,0,3,2,2,3,0,0,2,1,0,0,7,2,3,0,5,0,0,1,0,2,2,0,8,2,1,1,1,2,3,1,3,0,2,3,3,0,2,2,1,2,0,1,0,1,1,1,0,0,4,0,0,2,1,1,0,2,2,5,4,1,2,1,0,0,0,9,1,1,1,0,4,1,2,2,3,0,0,1,0,7,0,0,3,1,1,1,1,0,0,2,2,2,0,0,1,1,3,1,2,3,1,2,1,0,2,1,4,1,0,4,4,1,0,1,1,9,0,0,0,1,3,3,0,4,0,4,2,1,0,0,4,2,0,0,0,1,0,0,1,0,0,0,4,1,0,2,1,2,0,7,2,3,3,0,3,1,0,0,1,1,1,1,0,0,5,4,0,1,3,3,1,0,0,1,6,0,0,0,1,1,0,1,2,0,0,2,0,0,0,1,0,0,2,2,1,1,0,2,2,0,0,1,5,0,4,1,3,0,0,4,2,1,2,2,0,0,1,1,1,1,1,0,0,0,0,0,3,2,1,0,3,1,0,2,0,0,3,1,1,1,2,1,0,5,0,1,5,1,0,8,3,0,2,1,1,0,1,0,0,2,0,4,4,0,1,0,1,0,1,0,0,1,1,0,4,0,0,4,0,0,1,1,2,2,0,1,3,1,1,0,3,1,1,0,2,1,2,1,0,3,1,0,3,1,1,1,2,0,0,1,0
RPS12,38,8,24,3,26,24,31,77,31,29,28,28,27,41,26,55,17,14,29,51,38,34,25,20,26,8,38,26,28,47,51,37,47,32,3,10,57,69,23,14,52,38,29,59,28,25,47,24,49,31,17,34,14,21,26,12,6,51,31,20,43,49,21,9,28,28,35,2,30,40,16,91,42,7,5,15,12,32,9,23,40,24,10,24,13,70,42,54,32,20,37,31,41,19,39,38,16,23,26,77,20,41,8,49,28,20,11,7,37,48,32,57,7,39,29,83,33,37,16,25,9,6,36,10,48,44,13,15,30,27,14,42,22,18,19,31,28,28,13,16,36,33,48,52,45,11,31,28,85,12,44,12,22,52,18,38,20,29,8,9,32,31,41,13,4,40,9,52,28,63,59,8,80,28,19,14,42,20,18,58,19,32,38,14,19,37,67,47,12,37,35,41,30,53,48,38,18,10,2,47,19,27,28,13,39,17,21,54,33,33,18,17,11,6,22,16,40,29,41,32,9,39,29,25,85,4,26,10,45,29,50,36,32,59,18,13,23,13,26,21,15,15,28,5,17,22,18,23,48,12,34,19,29,16,23,51,25,66,20,19,36,20,32,37,60,34,28,15,76,48,7,61,21,13,33,13,16,60,44,48,6,6,83,67,60,57,49,27,35,32,40,61,32,23,27,20,14,23,29,18,43,34,20,26,17,20,68,8,18,40,43,10,18,45,25,26,31,76,27,41,20,4,25,10,20,17,14,64,16,56,32,23,53,12,14,37,23,10,44,19,52,25,13,63,27,34,22,26,31,35,39,53,41,32,15,22,21,75,31,4,28,30,23,10,5,40,99,26,41,36,11,17,20,19,9,66,53,53,39,37,10,7,42,31,26,2,51,50,27,7,78,42,19,35,41,14,56,47,9,23,26,39,19,47,11,65,25,26,36,15,44,47,16,64,34,57,18,23,29,34,41,65,30,4,34,29,16,18,25,34,3,49,36,19,31,18,16,17,49,52,13,70,57,26,28,85,14,28,19,16,20,33,25,19,37,44,13,52,34,30,21,65,37,16,52,29,36,44,15,9,19,20,10,46,56,24,14,26,22,15,23,30,4,48,16,91,19,77,69,9,64,52,30,28,30,7,48,46,8,5,3,10,35,5,44,26,19,47,18,24,2,15,29,32,29,34,16,16,32,15,64,42,37,22,20,19,23,26,35,62,37,53,22,18,62,35,27,72,26,52,150,52,26,5,27,37,40,31,56,42,80,84,9,27,9,22,27,38,42,28,31,34,25,19,40,50,18,51,65,16,66,7,39,23,55,27,18,48,8,17,18,7,26,15,27,41,33,12,16,6,21,25,9,34,39,47,59,9,21,16,46,25,3,25,77,77,28,32,18,28,38,25,13,33,84,47,42,13,16,32,71,79,34,6,12,10,26,17,19,64,13,32,22,9,13,15,27,61,57,25,34,3,57,53,22,26,62,46,60,10,5,19,15,19,24,17,26,24,20,39,25,42,11,5,75,17,6,11,35,31,32,61,13,22,44,50,8,25,45,32,1,47,46,53,11,65,27,28,3,21,32,46,34,21,31,43,19,35,28,29,9,41,53,16,15,26,61,34,18,85,24,28,10,49,22,58,16,55,29,40,71,37,23,50,13,34,18,34,11,36,34,17,14,19,66,46,33,44,12,19,15,31,27,7,78,11,15,23,32,21,26,43,46,87,18,30,47,15,32,97,22,20,18,35,28,10,39,12,69,56,56,23,27,23,8,17,19,20,4,44,14,20,19,43,17,20,13,39,81,48,24,33,28,3,39,31,33,48,4,36,47,21,21,36,61,25,16,17,30,22,33,22,29,9,31,43,28,8,14,11,12,10,37,52,23,60,27,17,22,3,59,22,15,23,35,42,21,71,15,57,14,55,24,15,40,69,18,113,16,38,21,5,10,42,26,14,11,19,45,23,69,40,43,19,38,29,71,13,29,18,44,11,34,18,48,24,4,44,19,27,18,15,28,24,26,48,40,41,21,33,49,20,9,13,9,18,45,45,23,18,20,41,28,91,34,7,22,54,57,16,34,7,35,21,11,28,20,22,53,40,12,57,21,28,40,36,20,52,16,42,6,52,19,17,25,18,39,37,26,8,19,52,26,23,18,59,31,13,37,39,0,31,28,32,25,11,44,42,42,25,31,22,18,9,7,25,27,17,65,9,60,84,9,14,29,24,46,22,22,50,13,16,34,69,33,37,39,37,35,17,27,39,42,13,25,16,22,24,11,26,29,31,66,11,30,30,19,40,1,57,44,17,26,35,29,41,36,19,27,65,14,25,32,41,20,21,48,18,55,36,67,80,21,51,25,29,26,59,13,32,45,23,31,8,43,30,35,39,32,16,36,7,64,38,34,37,29,24,44,39,51,47,15,34,8,24,22,10,10,9,33,77,4,17,32,47,61,38,26,25,50,7,32,40,7,17,9,48,24,22,17,57,21,54,40,5,18,46,9,35,79,26,42,18,23,35,31,46,24,16,22,36,39,53,16,21,10,24,20,52,40,18,35,26,20,42,5,53,19,29,22,6,23,16,19,19,14,83,28,24,35,42,28,9,41,17,16,15,44,23,31,28,18,44,16,25,19,12,46,18,77,37,19,12,23,29,38,33,19,9,71,35,35,83,46,9,16,35,30,66,51,36,34,37,38,49,24,35,3,15,50,48,20,22,32,52,37,25,23,41,17,36,61,35,19,17,38,36,41,19,21,58,12,35,26,47,37,26,41,22,40,44,35,30,25,71,17,30,59,38,23,22,42,14,18,41,49,28,51,32,16,51,48,19,47,29,21,45,47,34,38,72,10,19,25,91,19,15,44,32,60,44,46,18,12,16,18,9,19,38,27,10,6,34,28,26,49,27,24,13,22,59,42,32,39,16,16,47,10,23,17,53,45,12,2,41,9,33,11,39,30,20,28,10,28,41,13,44,50,35,29,9,37,12,60,22,22,37,7,24,43,18,7,19,32,39,20,47,42,31,38,35,34,21,10,46,66,18,62,31,15,31,45,8,17,23,13,51,18,16,36,85,35,16,10,28,34,5,12,21,31,23,32,33,11,30,11,67,7,101,12,18,36,58,44,49,22,34,33,18,10,38,10,35,20,15,47,33,58,37,42,42,42,36,86,25,16,18,37,45,31,18,7,28,31,18,12,38,12,18,26,33,44,22,12,24,21,64,26,33,16,3,44,12,32,34,41,51,22,44,51,27,18,58,46,47,9,25,42,16,43,36,8,33,11,40,23,51,13,11,44,59,91,15,19,13,56,50,24,30,33,15,26,36,33,11,22,11,37,33,25,26,32,16,76,34,61,25,34,36,25,38,16,20,36,15,22,22,26,15,13,47,61,8,21,7,31,49,38,28,24,30,10,31,9,65,15,10,13,9,19,34,33,43,47,31,53,48,16,29,26,2,21,11,18,34,6,78,27,34,17,115,66,11,36,18
RHOB,0,0,0,0,0,3,2,0,1,0,2,0,1,0,0,1,0,0,1,0,1,0,0,0,0,0,0,0,0,0,0,0,0,0,0,0,0,0,0,1,0,0,3,0,1,0,0,2,0,0,0,0,1,0,0,0,0,0,0,1,0,0,0,1,0,0,0,0,1,0,0,1,0,2,0,0,0,0,0,5,0,0,1,0,0,0,0,0,0,0,0,0,0,3,0,0,0,0,1,0,0,0,2,0,0,0,0,0,2,0,0,0,1,2,0,0,0,0,2,0,0,1,0,0,0,0,0,0,0,0,0,1,0,0,0,0,0,0,1,0,0,0,0,0,0,0,1,2,0,0,2,1,1,0,0,1,0,0,0,1,0,0,1,2,0,0,0,0,0,0,0,0,0,0,3,0,0,0,1,0,0,0,0,0,1,1,0,0,0,0,7,0,0,0,0,0,0,0,0,0,0,0,2,0,0,0,0,0,1,0,0,0,0,0,0,0,0,0,0,1,0,1,0,0,0,0,0,1,0,0,0,0,2,7,1,0,0,0,1,0,0,1,0,1,0,0,0,0,6,0,0,1,1,0,0,0,0,0,0,2,0,0,0,4,0,0,0,0,0,0,0,4,0,1,0,0,2,0,2,0,1,3,0,0,0,0,0,0,0,0,0,0,1,0,0,0,0,0,3,0,0,0,0,0,0,0,0,2,0,0,0,0,0,0,0,0,0,0,0,0,0,0,3,0,0,0,1,0,0,0,1,5,0,1,1,0,0,2,0,0,0,0,0,0,0,0,0,0,0,5,1,0,2,0,0,1,0,0,3,0,0,0,1,4,0,1,0,0,0,0,0,0,0,0,0,1,0,0,0,1,1,0,3,0,0,3,0,0,0,0,0,6,1,6,0,0,1,0,0,2,1,0,0,0,3,0,0,0,0,4,0,0,1,0,0,0,0,0,0,0,3,0,0,0,3,0,0,0,0,0,0,1,0,0,3,0,0,0,0,1,0,0,0,0,0,0,0,0,0,0,0,0,0,0,1,0,0,2,1,5,0,0,0,0,2,1,0,0,1,0,1,0,0,0,0,0,1,0,0,1,1,0,0,0,4,0,0,0,0,0,0,0,0,0,0,0,0,0,0,0,1,2,0,0,0,0,0,2,0,0,1,0,0,0,0,0,0,0,0,0,0,0,0,0,3,2,0,0,5,0,2,0,0,0,0,5,2,1,0,0,0,1,0,0,0,0,0,0,1,0,0,2,0,0,1,1,0,4,0,1,0,0,0,0,0,0,0,0,0,0,0,0,0,0,0,4,0,0,2,0,0,0,0,0,0,0,0,0,0,0,0,0,0,4,0,1,0,0,0,0,0,0,0,0,0,3,1,0,0,0,2,0,0,0,0,0,0,0,1,3,0,2,0,0,0,0,0,0,0,0,0,0,0,1,5,0,1,0,0,0,0,0,0,0,0,0,0,1,0,1,0,0,0,5,0,1,0,0,0,1,4,0,0,0,0,0,0,0,0,0,0,1,1,0,0,0,0,0,0,0,0,2,0,0,0,0,0,0,1,1,0,0,0,0,1,0,0,0,0,1,0,0,0,0,0,0,0,0,0,0,0,0,0,0,0,1,0,0,0,0,0,0,0,0,1,0,0,0,0,0,0,0,0,0,0,0,1,0,0,0,0,0,1,1,0,0,0,0,0,0,0,0,0,0,0,0,0,1,0,1,0,1,0,0,0,0,1,0,0,0,0,0,0,0,1,1,3,0,0,0,0,0,0,0,5,2,0,0,1,0,0,0,0,0,1,0,0,0,0,0,1,0,0,0,0,0,0,1,0,0,0,0,0,1,0,0,5,0,0,0,0,0,0,1,0,1,0,0,0,0,0,0,0,2,0,0,0,0,1,0,0,0,0,0,0,0,0,1,0,0,0,3,3,0,0,0,0,3,0,2,0,0,0,0,0,0,0,0,0,0,0,2,1,0,0,0,0,0,0,3,0,0,2,1,0,0,1,0,0,1,0,0,1,3,0,2,0,0,0,0,0,0,0,0,0,0,0,0,0,0,3,0,0,0,1,0,1,0,0,0,0,0,0,0,0,2,0,0,2,0,1,0,0,2,0,0,0,4,0,0,0,0,0,0,0,0,1,0,0,0,1,1,2,0,0,0,0,0,0,0,0,0,0,0,2,2,0,1,0,0,0,2,0,0,0,0,0,1,0,0,0,0,0,0,0,0,0,0,0,0,0,0,0,0,0,0,0,0,0,0,0,1,1,0,0,0,0,0,1,0,0,0,1,0,0,0,0,0,1,0,0,0,0,0,0,0,0,4,0,0,1,0,0,0,1,0,0,0,1,0,0,1,1,0,0,0,0,0,0,0,0,2,0,2,0,0,1,0,0,0,0,0,3,4,1,0,0,0,0,0,0,0,0,1,0,0,0,2,1,1,0,1,0,0,0,0,1,0,0,0,2,0,1,2,0,0,0,0,0,0,0,0,4,4,6,0,0,0,0,0,0,0,0,0,0,0,0,0,0,0,0,0,0,0,0,1,0,0,1,2,0,0,0,0,0,0,0,0,0,0,0,1,0,0,0,0,0,0,0,0,1,0,0,0,0,0,1,0,0,0,0,0,0,0,0,0,0,0,0,0,1,0,0,0,0,0,6,0,0,0,0,0,1,0,1,0,0,0,0,2,0,0,0,0,0,0,2,0,1,0,0,0,0,0,0,0,1,3,0,3,0,0,1,2,0,0,4,0,0,0,1,1,0,0,0,1,1,4,0,0,6,1,0,0,0,0,0,0,0,0,0,0,0,0,1,1,0,0,0,0,4,0,0,7,0,0,2,0,0,1,0,0,0,1,0,0,0,1,0,0,1,1,0,0,0,0,0,0,1,1,1,0,0,0,1,1,0,0,0,5,1,0,0,0,1,0,0,0,2,0,1,0,0,3,0,0,1,0,0,0,0,1,0,0,1,1,0,0,0,0,1,0,1,0,1,0,0,0,1,2,0,1,0,0,0,0,0,0,0,0,0,1,0,0,0,0,0,0,0,0,0,0,0,0,3,0,0,0,1,0,0,0,0,0,1,0,0,1,0,0,0,0,0,1,1,0,0,0,0,1,0,0,0,0,1,0,0,0,0,0,6,0,0,0,0,0,0,3,0,0,0,1,0,0,0,0,1,0,0,0,0,0,0,0,2,1,0,0,0,0,0,0,5,0,0,0,0,0,0,0,0,0,0,0,0,0,1,0,0,1,0,0,0,0,1,0,0,0,0,1,0,0,0,0,1,1,0,0,0,0,0,0,4,0,0,0,0,0,0,0,0,0,2,4,0,0,0,0,0,1,0,0,0,0,0,0,0,0,0,0,0,0,0,3,0,0,0,1,2,0,0,1,0,0,0,0,0,0,0,1,0,0,0,1,0,0,0,0,0,0,1,2,1,0,0,0,1,5,0,0,0,0,0,0,0,0
C1orf162,0,3,0,1,0,2,3,5,1,1,2,0,1,1,0,5,1,0,3,0,2,0,0,0,0,0,1,0,0,2,0,0,2,2,1,1,0,1,10,2,0,0,2,2,1,0,0,1,0,0,0,1,0,0,1,1,1,0,0,0,2,1,0,1,2,2,2,0,0,1,0,2,2,2,1,4,1,2,2,4,4,0,3,3,0,0,0,0,0,0,0,0,1,3,0,2,0,0,2,0,0,0,1,0,0,2,0,1,2,1,0,0,0,0,1,4,0,1,1,0,0,0,2,0,0,3,0,0,4,0,0,1,0,0,1,1,2,0,1,0,0,0,0,0,10,1,3,0,0,2,3,1,0,0,0,0,1,0,0,0,0,0,7,2,0,0,2,1,3,8,1,0,0,0,3,1,2,1,2,0,0,0,0,1,3,2,0,0,0,3,5,0,0,0,0,1,2,1,0,2,0,0,1,0,1,0,1,0,1,0,0,0,2,0,0,0,0,0,0,3,0,2,2,0,0,0,0,1,0,1,1,0,4,3,4,0,0,2,0,0,0,0,1,1,0,0,0,4,3,0,0,2,1,0,0,0,0,3,1,1,1,1,0,8,0,0,0,0,0,0,1,3,0,1,0,0,2,4,3,0,2,1,0,0,0,0,0,1,0,0,0,0,4,0,0,0,0,0,7,0,0,0,0,0,1,0,1,1,5,1,1,0,0,0,0,0,0,0,2,1,1,2,4,0,1,0,1,1,1,0,0,4,0,0,2,0,0,2,4,9,3,1,1,1,1,0,0,0,0,3,2,2,5,0,0,2,1,0,4,2,0,1,0,1,0,0,10,0,0,0,0,1,2,0,0,3,0,0,0,1,2,0,3,0,0,0,0,2,0,0,1,8,0,5,1,1,0,0,0,3,2,0,0,0,1,0,1,1,0,2,0,0,0,0,1,3,0,0,0,0,3,0,0,0,2,1,0,0,2,0,0,1,0,0,1,0,2,0,0,1,0,0,10,0,0,7,1,2,0,0,0,1,2,0,1,0,0,6,4,0,2,0,0,0,2,0,3,2,3,2,2,0,0,1,1,1,1,0,0,0,3,3,0,0,0,0,0,5,2,2,0,0,0,0,1,2,1,0,0,0,0,0,1,0,0,0,1,10,0,0,0,0,0,0,1,1,0,0,0,0,1,0,1,3,0,1,0,0,3,0,2,2,0,0,2,3,0,8,1,0,1,0,0,1,0,0,1,0,11,1,0,3,0,1,1,4,0,5,0,0,1,0,1,0,1,0,0,2,0,0,0,1,0,0,1,2,0,0,0,1,0,2,1,3,0,0,3,0,1,1,0,1,0,6,0,0,2,0,1,0,0,2,2,0,1,7,1,2,0,0,0,1,0,0,3,1,0,0,4,1,2,0,0,0,1,1,0,1,0,0,0,0,0,3,1,2,0,0,0,2,1,1,0,2,1,0,2,1,0,1,2,0,0,2,0,0,1,1,0,0,0,1,0,0,0,0,0,0,0,1,1,1,2,0,2,0,0,0,0,0,1,10,0,0,2,0,0,0,0,0,0,2,0,1,0,2,0,1,0,2,0,1,2,0,1,2,1,1,0,11,1,0,0,0,0,1,0,0,0,1,1,0,0,0,0,0,0,0,0,1,0,1,0,0,0,1,1,1,0,0,0,1,0,2,1,2,0,0,0,1,0,0,0,1,0,0,0,1,2,1,0,1,0,0,3,0,0,2,1,0,0,0,0,0,0,1,3,1,2,0,0,0,0,3,3,1,0,1,0,0,0,0,0,2,3,0,0,0,2,0,0,1,0,0,0,0,2,0,0,0,0,2,0,1,1,1,7,0,0,1,0,1,7,0,1,0,0,0,0,2,4,0,0,0,0,0,0,1,2,0,4,3,0,0,0,0,3,1,0,0,0,0,2,1,0,0,2,3,1,2,0,0,2,0,0,0,1,1,1,1,1,2,5,0,0,0,1,0,0,3,0,0,0,4,2,1,0,2,0,1,1,0,3,2,2,4,0,2,10,0,0,0,0,0,1,2,0,0,10,3,2,7,0,0,2,0,0,2,0,0,0,10,1,0,0,2,0,0,0,2,0,0,0,0,0,3,2,7,0,0,0,1,0,0,0,1,1,2,1,2,0,0,0,0,0,1,1,0,0,2,0,0,0,2,1,1,0,0,0,5,1,8,1,0,4,0,0,0,0,0,0,0,0,11,0,0,1,0,1,0,0,0,0,0,0,0,0,1,0,0,0,1,0,0,0,0,0,1,1,0,0,1,2,0,0,0,1,0,1,1,1,0,0,0,0,0,0,1,3,1,2,4,1,0,1,4,1,5,2,0,1,0,1,2,1,0,1,0,0,0,1,2,0,0,1,0,1,1,1,0,0,0,4,7,0,0,0,0,0,2,1,1,2,2,0,1,0,0,2,0,4,0,0,0,4,3,0,0,2,2,1,1,0,12,0,0,0,0,2,0,1,0,5,1,1,0,0,0,0,1,0,1,2,0,0,0,0,1,0,0,1,0,3,0,1,1,0,0,2,0,0,0,0,0,0,0,0,0,0,1,0,1,0,3,1,0,0,0,0,0,1,0,0,5,1,0,0,0,0,0,1,1,0,0,0,1,1,0,3,0,0,0,0,0,0,3,0,0,0,5,2,0,7,0,2,1,0,1,2,3,0,0,0,0,2,0,2,2,1,0,0,2,0,0,3,1,0,8,0,0,0,0,2,6,0,0,2,0,1,1,0,2,0,0,0,0,5,2,0,2,1,4,0,0,0,0,4,0,1,0,2,0,1,1,0,1,1,0,1,1,5,0,0,1,0,2,2,1,0,0,0,0,6,2,2,1,0,3,0,1,0,1,0,0,0,0,4,0,1,2,4,0,7,1,0,0,0,0,0,4,0,0,1,0,0,0,0,0,2,1,8,1,3,1,2,0,0,0,0,0,0,0,1,0,0,0,0,2,1,1,1,2,0,1,1,1,0,2,1,2,0,1,1,1,0,0,0,0,1,2,2,1,0,0,0,0,0,0,3,0,0,0,0,0,5,0,2,0,2,1,0,7,0,1,2,2,0,0,2,2,1,3,1,1,6,1,2,1,1,4,1,0,0,1,0,2,0,0,1,0,8,0,0,1,2,3,0,0,0,10,0,1,4,0,2,1,1,0,0,0,0,1,0,0,0,1,0,16,2,0,1,0,10,0,0,0,2,2,0,3,0,0,2,0,0,0,0,0,1,1,3,0,0,0,2,0,0,0,0,2,0,0,0,0,0,2,0,0,0,0,0,0,1,1,0,0,3,2,0,0,1,0,1,0,5,1,0,2,0,2,0,0,2,1,1,0,1,1,1,2,1,0,0,1,0,0,0,0,3,0,0,8,0,0,2,0,1,1,0,4,1,1,0,1,0,0,0,0,1,1,0,0,0,0,2,1,0,11,0,0,0,2,0,0,2,0
CLEC7A,0,0,0,0,0,3,0,0,0,0,2,0,0,0,0,2,0,0,2,0,0,0,1,0,0,0,0,0,0,0,0,0,0,0,0,0,0,0,0,0,0,0,0,0,0,0,0,1,0,0,0,0,0,0,1,0,0,0,0,0,2,0,0,5,0,1,0,0,1,0,0,0,0,0,1,0,0,3,0,3,0,0,2,0,0,0,0,0,0,0,0,0,0,2,0,1,0,0,0,0,0,0,1,0,0,1,0,0,4,0,0,0,2,1,0,0,0,0,2,0,0,0,0,0,0,0,0,0,2,0,0,0,0,0,0,0,0,0,1,1,0,0,0,0,3,0,2,1,0,0,2,0,0,0,0,0,1,0,0,2,0,0,1,1,0,0,3,0,3,3,0,0,0,0,0,0,0,0,4,0,0,0,0,0,0,0,0,0,3,2,2,0,0,0,1,0,0,0,0,0,0,0,0,0,0,0,0,0,0,0,0,0,0,0,0,0,0,0,0,1,0,0,0,0,0,0,0,0,0,0,0,0,2,1,1,0,0,0,0,0,1,0,0,2,0,0,0,1,2,0,0,1,0,0,0,0,0,0,0,3,0,0,0,5,0,0,0,0,0,0,0,3,1,0,0,0,0,2,2,0,5,1,0,0,0,0,0,0,0,0,0,1,0,1,0,0,0,0,3,0,0,0,0,0,2,0,0,2,5,0,0,0,0,0,0,0,0,0,0,0,1,0,1,0,0,0,2,0,0,0,0,3,0,0,0,0,0,2,0,3,2,0,1,0,0,0,0,0,0,3,1,0,1,0,0,0,0,0,0,0,0,0,0,0,0,0,3,0,0,0,0,0,0,0,0,3,0,0,0,1,1,0,0,0,0,0,0,0,0,0,0,5,0,2,0,0,0,0,0,1,2,0,0,0,2,0,0,0,0,0,0,0,2,0,0,1,0,0,0,0,7,0,0,0,1,0,0,0,0,0,0,0,0,0,0,0,1,0,0,4,0,0,0,0,0,2,0,0,0,0,0,0,3,0,1,0,0,2,4,0,0,0,0,0,5,2,0,0,2,1,1,1,0,0,0,5,1,0,0,0,5,0,0,0,2,0,0,0,0,0,0,0,0,0,0,0,0,0,0,0,0,0,0,0,0,0,0,0,0,0,0,0,0,0,0,0,0,1,0,1,0,0,0,1,2,3,0,0,3,0,4,0,0,0,1,3,0,2,0,0,0,0,0,0,0,0,0,0,0,0,0,1,0,0,2,1,0,1,0,0,0,0,0,0,0,0,0,0,0,0,0,0,0,0,0,0,0,0,1,0,0,0,0,2,0,0,0,0,0,1,0,0,0,1,0,0,0,0,0,0,0,3,2,0,0,3,1,0,0,0,1,0,0,0,0,0,0,0,1,1,0,0,0,0,0,0,0,2,0,0,0,0,0,0,1,1,0,0,0,0,0,0,0,0,0,0,0,0,0,2,0,0,0,0,0,1,0,0,0,2,2,0,0,0,0,0,0,0,0,0,0,0,2,0,0,0,1,1,0,0,0,0,0,0,0,0,0,0,0,0,0,0,0,0,0,0,0,0,0,0,0,0,0,0,0,1,0,0,0,6,0,0,0,0,2,0,0,0,0,0,0,1,0,0,0,0,0,0,0,0,0,0,0,0,0,0,1,0,0,0,0,0,0,3,0,0,0,0,0,0,0,0,0,0,0,0,0,0,0,0,0,0,0,0,2,0,0,0,0,0,0,0,0,0,0,3,0,0,1,0,0,0,0,0,2,6,0,0,0,0,0,0,0,0,0,0,0,1,2,0,0,0,0,0,0,0,0,0,0,0,0,2,0,0,0,0,1,0,0,0,0,0,1,0,0,1,0,0,0,2,0,0,0,4,0,0,0,0,1,0,2,3,0,0,0,0,0,0,0,0,0,2,2,0,0,0,1,3,0,0,0,0,0,0,0,0,0,3,0,0,0,1,4,0,0,0,0,0,0,1,0,0,0,0,0,0,0,0,1,0,0,0,0,1,0,2,0,0,0,0,0,0,0,0,0,0,0,1,0,1,2,0,1,0,0,0,0,0,0,0,0,0,4,0,0,1,0,0,1,2,1,0,0,0,0,0,0,7,0,0,0,0,0,0,0,0,0,0,0,0,1,0,0,0,0,0,0,0,0,1,0,0,0,0,3,3,0,0,0,1,0,1,0,0,0,0,0,0,1,0,0,0,0,2,0,0,0,0,0,0,0,0,0,0,0,0,0,0,0,0,0,0,0,0,0,0,0,0,4,0,0,0,2,0,0,0,0,0,0,0,0,0,0,0,0,0,0,0,0,0,0,4,0,0,0,3,0,2,1,0,1,0,0,0,0,0,0,0,0,0,0,0,0,0,0,0,1,0,0,0,0,0,3,2,0,0,1,1,0,3,3,0,0,2,0,0,0,1,2,3,0,1,0,0,1,0,2,0,0,0,1,0,0,1,0,1,0,1,1,0,0,0,6,0,3,0,0,0,0,0,0,0,0,0,0,0,0,0,0,0,0,0,1,0,0,0,0,0,1,0,0,0,0,0,0,0,0,0,0,0,0,0,3,0,0,0,0,0,0,0,0,0,0,0,0,0,0,0,1,0,0,0,0,0,0,1,0,0,0,0,0,0,0,0,0,0,0,0,0,0,0,0,2,0,0,0,0,0,0,1,0,0,0,0,0,0,4,0,0,0,0,0,1,0,0,0,0,3,0,2,1,0,0,0,0,0,3,0,0,0,0,2,0,0,0,0,0,3,0,0,3,1,0,0,0,0,1,0,0,0,0,0,0,0,0,0,0,0,0,0,1,0,0,0,0,0,1,0,0,0,0,1,2,2,0,0,1,0,0,0,0,0,0,0,0,0,1,0,1,2,1,0,0,0,0,2,0,0,0,3,0,0,0,0,0,0,0,0,1,0,3,0,0,0,0,0,0,0,0,0,0,0,0,0,1,0,0,0,0,0,0,2,1,0,1,0,0,0,0,4,0,0,0,0,0,0,0,0,0,0,1,0,0,0,0,0,0,1,0,0,0,0,0,0,0,0,1,0,1,0,0,0,0,2,0,2,0,0,0,0,2,1,0,0,2,0,2,0,0,3,0,0,0,0,0,0,0,0,0,0,5,0,0,0,0,2,0,4,0,3,0,1,1,0,0,0,0,0,0,0,0,0,0,0,1,0,0,0,0,0,1,0,3,3,0,0,0,0,0,0,0,1,0,0,0,0,0,0,0,0,0,0,0,0,0,0,0,0,0,0,0,0,0,0,0,0,0,0,0,0,0,0,2,0,0,0,2,0,0,0,3,0,0,2,3,0,0,0,0,2,0,0,0,1,0,1,0,2,0,0,0,0,0,0,0,0,0,0,1,0,0,3,0,0,0,0,1,0,0,2,0,0,0,0,0,0,0,1,0,0,0,0,3,0,2,0,0,0,0,0,0,0,0,0,0,0
KLRG1,0,1,2,1,2,0,0,0,0,0,0,0,0,0,0,0,1,0,0,0,0,0,0,0,0,0,1,0,0,0,0,0,0,0,1,1,0,0,0,0,0,0,0,0,0,0,0,0,0,0,0,0,0,0,0,0,1,0,0,0,0,1,0,0,0,0,0,0,0,0,1,0,0,0,0,1,1,1,0,0,1,0,0,0,1,1,0,0,0,0,0,0,2,0,1,0,0,0,0,0,0,0,0,1,4,0,1,0,0,0,3,0,0,0,0,1,0,1,0,0,0,0,0,0,0,1,1,0,1,0,0,0,1,0,0,0,0,0,0,2,0,0,0,0,0,2,0,0,0,2,0,0,5,0,0,0,1,0,0,0,0,0,0,0,0,0,0,2,0,1,0,1,3,0,0,0,0,0,0,0,0,0,0,0,0,0,0,0,0,0,0,0,1,1,0,0,0,1,0,0,0,4,0,0,0,2,0,0,0,0,0,3,0,0,0,2,0,2,0,0,0,0,1,0,0,0,0,0,0,0,0,0,0,0,0,0,0,0,0,0,0,0,0,0,1,0,1,0,0,0,0,0,0,0,0,1,0,0,0,0,0,0,3,0,0,0,0,1,0,1,0,0,0,0,0,2,0,0,0,0,0,0,0,0,0,0,0,0,0,0,3,0,0,0,0,0,0,0,0,1,0,0,1,0,0,0,0,0,0,0,0,0,0,0,0,0,0,0,0,2,1,1,0,0,4,0,0,0,1,0,0,0,0,0,0,0,0,0,0,0,0,0,0,0,0,1,0,1,1,0,0,1,0,0,1,0,0,0,1,0,4,0,0,0,1,0,1,0,0,0,1,0,2,0,3,2,0,0,0,0,0,0,0,0,0,0,1,0,0,0,0,0,0,0,0,0,0,0,3,0,0,0,1,0,0,0,2,0,2,0,2,1,0,0,0,0,0,0,1,0,0,0,0,0,0,0,4,1,0,0,0,0,2,1,0,0,0,3,0,0,1,0,0,0,0,0,0,0,0,1,0,0,0,0,0,0,1,2,0,0,0,0,1,0,1,0,0,0,0,0,0,1,0,0,0,0,0,0,0,0,0,0,0,1,0,1,0,0,0,0,0,0,0,0,0,0,0,0,0,3,0,0,0,0,0,0,0,0,1,0,0,1,0,0,0,0,1,0,0,0,0,0,1,0,0,0,1,0,0,0,0,0,3,0,0,0,0,0,0,1,1,1,0,3,0,0,0,0,0,0,3,0,0,0,0,0,0,0,0,5,1,1,0,1,0,0,0,0,1,0,1,0,0,0,1,0,1,0,0,1,0,6,0,0,0,2,0,0,1,0,1,0,1,0,0,0,0,0,0,0,0,0,0,1,0,0,0,1,0,0,0,0,0,0,0,0,0,0,0,0,0,1,0,2,1,1,0,0,0,0,0,0,2,0,0,0,0,0,1,0,0,0,3,0,2,0,0,0,0,0,1,0,0,0,0,0,0,1,0,0,0,0,0,0,0,3,0,1,0,0,0,1,0,2,0,0,0,0,0,0,0,0,1,0,0,0,0,0,0,0,0,0,0,1,0,0,0,0,0,0,0,2,0,2,0,0,0,0,1,0,0,0,0,0,0,0,4,1,0,0,0,0,0,1,0,0,0,0,0,1,0,1,0,0,0,0,0,0,2,0,0,0,1,0,1,1,0,0,0,0,1,0,0,0,0,1,1,0,1,1,0,0,0,0,0,0,0,2,0,0,0,0,0,1,0,0,0,0,0,0,0,0,0,0,0,0,0,0,0,0,2,0,0,0,0,2,2,0,0,0,0,1,0,0,2,0,0,0,0,0,0,0,0,0,0,0,0,2,4,2,0,0,0,0,0,0,0,0,0,0,0,1,0,0,0,0,1,0,0,0,1,0,0,1,0,0,0,3,2,0,2,0,0,0,2,0,0,0,0,0,0,0,0,0,0,3,0,0,4,0,0,0,0,1,0,0,0,0,0,0,1,0,0,0,0,0,0,0,0,0,0,0,0,0,0,0,0,0,0,0,0,0,0,0,0,0,0,0,0,0,0,0,0,0,0,0,0,0,0,0,0,0,0,1,0,0,0,0,0,0,0,0,0,0,0,0,0,0,0,2,0,0,0,1,0,0,3,0,0,0,0,0,0,0,0,0,0,0,0,0,0,0,0,0,0,0,0,0,0,0,0,0,0,0,0,0,0,1,0,0,0,5,0,0,2,1,0,0,0,0,0,0,0,2,0,0,0,1,0,0,0,0,0,1,0,3,0,0,0,0,0,2,0,0,1,0,0,0,0,0,0,0,0,0,1,0,0,0,0,0,0,0,0,0,0,0,0,3,0,0,0,0,3,2,0,0,0,0,0,2,0,0,0,0,0,0,0,2,1,1,0,0,0,0,0,5,0,1,2,0,0,0,1,0,0,0,0,0,0,0,0,0,0,0,2,2,0,0,0,0,0,0,2,0,0,0,0,3,0,0,0,0,0,0,0,0,0,1,0,0,3,0,0,0,0,0,0,0,3,4,0,0,0,0,0,0,3,0,0,0,0,0,0,2,1,1,0,0,0,0,1,0,0,2,0,0,0,0,0,0,0,0,0,1,1,0,0,0,1,0,0,0,0,0,0,0,0,0,0,0,0,0,0,0,0,2,0,0,0,0,0,0,0,1,0,0,0,0,0,0,0,0,0,0,0,0,0,2,0,0,0,0,0,0,0,0,0,0,2,1,0,0,0,0,0,0,0,0,0,2,0,0,0,0,0,0,0,0,0,0,0,0,0,0,1,0,0,0,0,0,0,0,0,0,0,0,0,0,0,0,0,0,0,0,0,0,0,0,0,0,0,0,0,0,1,1,0,0,0,0,2,0,0,0,0,0,0,4,0,0,0,0,0,0,0,0,0,0,0,0,0,0,0,0,0,0,1,0,0,0,0,0,0,0,0,1,0,0,0,0,0,1,0,1,0,1,0,0,1,0,0,0,0,0,0,1,1,0,0,0,0,0,0,0,0,0,0,4,1,0,0,0,0,1,0,0,2,0,0,1,1,0,6,0,0,0,0,1,0,0,0,0,0,0,0,0,1,4,0,0,0,0,1,0,0,0,0,0,1,0,1,1,0,0,0,0,0,0,0,0,0,1,0,0,0,0,2,0,0,0,0,0,2,0,2,0,0,0,0,0,0,1,0,0,0,1,0,0,0,0,0,0,0,0,0,0,0,0,1,1,0,2,0,0,0,0,1,2,0,0,0,0,2,0,0,1,4,0,0,0,0,0,0,2,0,0,0,0,0,0,0,0,0,0,0,4,0,0,0,2,0,0,0,0,0,0,0,0,0,0,0,0,1,1,0,0,0,0,0,0,1,0,0,0,0,2,0,0,0,0,0,0,0,0,0,0,0,0,1,0,0,0,0,0,0,4,0,0,0,0,0,0,0,0,0,0,0,0,0,0,0,0,0,0,0,0
FOSB,3,1,1,0,3,2,1,0,4,0,2,3,5,0,0,1,1,1,7,1,1,0,9,1,0,2,0,0,1,1,1,1,1,5,0,0,0,3,3,0,1,0,1,2,0,0,0,4,0,0,0,0,2,0,1,0,0,0,0,0,5,1,3,1,1,2,0,0,3,1,0,7,0,1,3,0,0,1,1,6,0,2,3,0,2,1,1,0,1,2,1,0,1,5,1,2,0,0,3,1,1,0,0,2,0,1,0,0,0,2,0,0,0,6,0,2,2,1,3,0,1,0,3,0,0,1,0,0,0,1,0,2,1,0,0,0,0,1,3,0,0,2,1,0,5,2,4,2,4,0,1,0,2,4,0,0,0,0,0,2,2,0,0,0,0,1,1,1,8,2,2,1,2,1,2,0,0,0,5,1,0,2,1,1,1,3,0,0,6,2,5,5,2,3,0,0,1,0,0,1,2,2,5,1,2,0,0,2,0,2,2,1,2,1,1,0,2,1,0,2,1,1,0,0,4,1,1,0,1,1,2,0,4,3,2,0,0,0,1,2,3,0,2,0,1,3,0,0,5,0,0,4,1,0,1,2,1,0,2,2,1,1,1,1,1,0,0,0,2,0,0,8,0,2,0,0,1,1,1,1,4,0,2,0,1,0,1,0,1,1,0,0,0,1,0,0,1,0,4,0,3,0,1,0,1,0,1,3,3,1,0,0,2,2,1,5,1,0,0,1,0,1,0,1,0,1,2,2,0,1,0,6,0,0,1,4,1,2,3,0,1,0,3,3,2,1,0,1,0,1,4,1,8,0,0,1,0,3,6,2,4,1,2,2,1,1,5,0,0,2,2,2,1,0,0,4,0,0,1,3,1,1,2,1,0,0,2,0,1,0,3,5,3,7,0,1,3,1,1,2,1,0,2,2,4,0,0,0,2,3,3,2,4,0,0,14,1,1,0,1,3,0,1,0,0,0,0,0,0,1,2,1,0,1,2,0,3,0,1,6,2,0,7,0,0,4,2,1,0,0,1,1,3,0,3,1,0,6,2,2,1,1,0,4,5,2,0,1,1,2,4,1,0,0,1,3,1,1,0,0,5,1,1,1,0,0,1,0,0,3,0,0,2,1,1,2,0,2,0,0,1,1,2,0,0,0,1,5,1,1,2,0,1,0,0,1,0,0,3,4,0,1,1,3,5,2,0,0,1,5,2,0,0,1,8,1,1,2,1,2,8,3,1,0,0,1,1,0,5,3,2,2,0,2,1,4,0,2,1,0,1,2,1,2,0,2,4,0,5,0,3,0,0,1,0,4,0,1,3,0,3,0,1,3,3,0,1,0,3,0,1,0,2,1,0,0,1,0,0,0,2,2,2,0,0,5,4,0,0,0,1,1,0,4,2,2,1,0,3,3,0,2,0,1,2,0,1,0,1,0,1,0,0,0,1,0,2,2,0,1,0,3,3,1,0,5,1,0,1,2,0,1,0,1,0,0,0,0,1,2,2,2,0,1,3,0,4,1,0,0,1,2,1,0,2,1,1,9,0,1,0,5,3,1,1,0,0,0,1,0,1,2,3,0,0,1,0,0,0,2,0,1,2,4,1,2,2,0,0,9,2,1,2,0,2,1,0,3,0,1,0,2,0,2,1,3,0,1,2,0,0,1,1,0,6,0,4,0,2,1,0,1,0,1,1,1,1,1,2,1,1,3,2,1,2,0,1,1,0,0,0,2,0,0,1,0,0,1,3,0,0,2,1,0,1,2,2,0,2,1,0,0,0,0,1,5,0,1,3,1,1,4,0,0,3,0,0,0,0,0,2,0,0,1,2,0,1,0,4,0,4,4,0,2,0,2,0,0,1,2,0,0,3,2,0,6,1,0,1,2,0,2,0,4,0,1,1,0,5,1,0,0,0,0,0,1,0,4,0,2,0,3,2,0,2,0,2,0,2,1,1,2,4,0,1,0,2,2,0,0,0,1,2,0,0,0,1,0,1,2,0,0,5,1,1,2,1,0,0,0,1,1,0,0,1,3,0,2,3,0,0,0,1,0,2,1,0,2,7,2,3,0,3,1,2,3,2,0,0,2,0,7,3,0,0,2,0,0,1,0,3,0,1,1,0,0,1,3,1,0,1,3,1,0,0,2,1,2,0,2,1,0,5,0,1,0,0,2,0,3,6,0,0,2,3,0,1,2,1,1,0,6,1,1,1,0,3,1,4,2,0,0,0,1,1,1,2,3,0,0,1,4,0,3,0,4,1,1,0,3,1,5,4,0,0,0,1,0,0,2,1,1,1,1,0,2,4,1,5,0,1,0,2,1,0,0,2,2,0,1,4,4,1,0,0,1,8,0,2,2,1,1,1,1,1,2,0,2,0,0,1,1,0,2,1,2,2,3,0,1,0,3,6,0,1,3,4,1,0,1,0,0,1,5,1,2,2,1,1,2,9,0,0,1,0,3,2,0,2,2,1,1,1,4,1,4,1,0,2,1,3,0,5,2,3,0,0,0,0,0,1,0,0,0,0,0,2,1,0,0,1,0,1,0,1,2,0,1,2,2,0,2,1,2,0,1,0,4,1,1,3,2,1,1,2,0,0,0,2,0,5,0,5,7,0,0,0,0,1,2,0,0,1,0,1,0,0,0,0,0,1,0,0,4,6,1,3,1,4,8,0,3,7,0,1,1,1,2,0,2,2,0,1,2,0,2,2,1,5,0,1,1,0,2,0,0,0,3,0,4,0,2,0,8,0,0,4,0,1,0,0,8,2,0,0,1,1,1,0,1,3,4,0,0,0,0,2,0,1,2,1,5,0,1,2,1,0,2,0,0,2,3,2,2,0,1,1,2,1,0,1,2,5,0,1,3,1,0,0,2,0,2,0,0,1,2,2,2,1,1,4,0,4,0,1,4,3,2,0,6,0,1,2,0,2,0,1,0,5,3,0,2,0,0,0,0,0,5,2,1,1,3,3,1,6,1,1,0,0,0,0,0,0,3,2,0,0,1,2,4,1,0,2,0,1,1,0,0,3,1,0,2,0,0,0,0,0,1,0,0,0,4,0,0,6,0,0,1,4,2,0,3,0,1,1,2,0,2,1,6,0,8,3,1,11,1,0,0,1,0,2,4,0,0,2,0,0,0,3,1,5,1,2,0,0,2,0,2,0,5,2,3,0,1,0,1,0,0,0,5,1,0,0,1,2,4,1,8,0,2,5,0,7,6,0,0,0,0,1,1,0,0,0,2,1,0,3,0,3,2,0,0,0,1,1,0,1,1,0,1,0,1,4,0,3,2,0,2,0,0,1,0,3,0,1,0,1,2,1,1,1,2,1,0,3,0,3,2,3,0,4,1,0,0,1,3,0,1,0,0,0,1,1,2,0,3,0,6,0,1,1,0,1,2,1,1,1,0,3,2,0,0,0,0,2,3,5,1,0,0,1,0,3,0,0,2,2,7,2,3,1,2,2,2,1,0
BANK1,0,0,0,0,0,0,0,0,4,0,0,0,0,0,0,0,1,0,0,0,0,0,0,4,0,0,0,0,0,3,1,0,3,0,0,0,0,0,0,2,0,0,0,0,0,4,1,0,0,0,0,0,0,0,0,0,0,0,0,0,2,0,0,0,0,0,0,0,0,0,0,0,0,0,0,0,0,0,0,0,0,0,0,0,0,0,0,1,0,0,1,0,0,0,0,0,0,2,0,4,0,0,0,0,0,0,0,0,0,0,0,0,0,0,0,0,0,0,0,0,0,0,0,1,0,0,0,0,0,0,0,0,0,0,0,0,0,0,0,0,1,0,0,2,0,0,0,0,0,0,0,0,0,0,0,0,0,0,0,0,0,0,0,0,0,1,0,0,0,1,0,0,0,0,0,0,0,0,0,0,0,0,6,1,0,2,0,0,0,0,0,0,0,0,0,5,0,0,0,3,0,0,0,1,0,0,0,2,6,0,0,0,0,0,0,0,0,1,0,0,0,0,1,3,0,0,3,0,0,0,0,0,0,0,0,0,0,1,0,1,0,0,1,0,0,0,0,0,0,0,0,0,2,0,0,0,0,0,0,0,0,1,0,0,0,0,0,0,0,0,0,0,0,0,0,0,2,0,0,0,0,0,0,0,0,0,0,0,0,0,0,0,0,0,0,0,0,0,0,0,0,0,0,0,0,0,0,0,0,0,0,0,0,0,0,0,0,0,2,0,0,0,0,0,0,0,0,1,4,0,0,0,0,1,0,0,0,0,0,0,0,0,0,0,3,0,0,0,0,0,0,0,0,0,0,0,2,0,0,0,0,0,2,0,0,0,1,0,0,0,0,0,0,0,0,2,0,0,0,0,0,2,0,0,0,0,0,2,0,0,0,0,0,0,0,0,7,0,0,0,0,0,0,0,0,0,0,1,0,5,0,0,1,0,0,0,0,0,0,0,0,0,0,0,0,0,0,0,0,0,1,0,0,0,0,2,0,0,0,0,0,0,0,0,0,0,0,0,3,0,0,0,0,0,0,0,0,0,0,2,0,0,0,4,0,1,0,0,0,0,0,0,0,0,0,0,0,0,1,0,0,0,0,0,0,0,0,0,0,0,0,0,0,1,0,0,0,0,2,0,0,0,0,0,0,0,0,0,0,0,0,0,2,0,0,0,0,0,0,0,0,0,0,0,0,0,0,1,0,0,0,3,0,0,0,0,0,2,0,0,0,0,0,0,0,0,0,0,0,0,0,4,0,0,0,0,1,0,0,0,0,0,2,0,0,0,0,0,0,1,0,0,0,0,0,0,0,0,0,0,2,0,0,0,0,0,1,0,1,0,0,1,0,0,0,2,0,1,2,3,0,0,0,0,0,0,0,0,0,0,0,2,0,0,0,0,0,0,0,0,0,0,0,0,0,0,0,0,0,0,1,0,0,0,0,0,0,0,0,2,0,0,0,0,0,0,0,0,0,0,0,0,0,0,0,0,0,0,1,0,0,2,0,0,0,0,0,0,0,3,0,0,0,0,0,0,0,0,0,0,0,0,0,0,0,0,0,0,0,0,0,0,0,0,0,0,0,0,1,0,0,0,0,0,2,0,0,0,0,0,0,0,0,0,0,0,0,0,0,0,0,0,0,0,0,0,3,0,0,0,0,1,4,0,0,0,0,1,0,1,0,0,0,0,0,0,1,0,0,0,0,0,0,0,2,0,0,0,0,0,2,0,3,0,0,1,0,0,0,0,0,0,0,0,0,0,0,0,0,0,0,0,0,0,0,0,0,0,0,0,0,0,0,0,0,0,0,0,0,0,0,0,0,0,0,0,0,2,0,0,0,0,0,0,0,0,0,0,0,0,0,0,0,3,0,0,0,1,0,0,0,0,1,0,0,0,0,0,0,0,0,0,0,0,0,1,0,0,0,0,0,0,0,0,0,0,0,0,0,2,0,0,0,0,2,0,0,0,0,0,5,0,0,0,0,0,0,0,0,0,0,1,0,0,0,0,1,0,1,6,0,0,0,0,0,2,2,0,0,0,2,0,0,0,0,0,1,0,0,0,0,0,0,0,0,0,0,0,0,2,0,0,0,0,0,0,0,0,0,0,0,2,0,4,1,0,0,0,0,0,4,0,0,0,3,0,0,0,0,1,0,0,0,0,0,0,5,0,0,0,0,0,0,0,0,0,0,0,5,0,0,1,0,0,0,0,0,0,0,0,0,0,0,0,0,0,0,0,0,0,3,0,0,0,0,1,0,1,1,0,0,0,0,0,0,0,0,0,0,0,0,0,0,0,0,0,1,1,0,0,1,0,0,0,0,0,0,0,0,0,0,0,2,0,0,0,0,0,0,0,0,0,0,0,0,0,0,0,0,1,0,0,0,0,0,1,0,0,0,0,0,0,0,0,0,0,0,0,0,0,0,0,0,0,0,1,0,0,0,0,0,0,0,0,0,0,0,0,0,2,0,0,0,2,0,0,0,0,0,0,0,0,0,0,0,0,0,0,0,0,0,0,4,0,0,0,0,0,0,0,0,0,0,0,1,0,0,0,0,0,0,0,0,0,0,0,0,0,0,0,0,0,0,0,0,2,0,0,0,0,0,2,0,1,4,0,0,3,0,0,0,0,0,1,0,0,0,0,0,0,1,0,0,0,0,0,0,0,0,0,0,0,0,0,0,0,0,0,0,0,0,0,0,0,0,0,0,0,1,0,0,0,0,0,0,0,1,0,0,1,2,0,0,0,0,0,0,0,0,0,0,3,0,0,0,1,0,0,0,0,0,0,0,0,0,0,0,0,0,0,0,0,0,0,0,2,0,0,5,0,0,0,0,0,0,0,0,0,0,0,0,0,0,0,0,1,0,0,0,0,0,0,0,0,0,0,0,0,0,0,0,0,0,0,0,1,0,0,2,0,2,0,0,0,0,1,0,0,0,0,0,0,0,0,0,0,0,0,0,0,2,0,0,0,0,0,2,0,0,0,0,0,0,0,5,0,0,1,0,0,0,0,0,0,0,0,0,0,0,1,0,1,0,0,0,0,0,0,0,0,0,0,0,0,0,0,4,0,0,0,0,0,0,0,0,0,0,0,0,0,0,0,0,0,0,0,1,0,0,0,0,0,0,0,0,1,1,0,0,1,0,0,0,0,0,0,1,0,1,0,0,0,0,0,0,0,0,0,1,0,0,0,0,0,0,0,0,0,0,0,0,0,1,0,0,0,0,0,0,0,0,0,3,0,0,0,0,0,0,0,0,0,0,0,0,0,0,0,0,0,0,0,0,0,0,0,0,3,0,0,0,0,0,0,0,0,0,0,0,0,0,0,0,0,0,0,0,0,0,0,0,0,0,0,0,0,0,0,0,0,0,0,0,0,0,0,0,0,0,0,1,0,0,0,0,0,0,0,0,0,1,0,0,0,0,0,0,0,0,0,0,0,0,0,0,0,0,0,0,0,0,0,0,0,0,0
CD99,0,1,3,1,3,0,0,3,2,0,0,2,3,0,0,1,0,1,1,0,2,2,0,0,0,4,1,2,1,1,0,3,1,1,1,1,0,0,0,1,1,1,3,4,0,0,1,0,0,0,0,0,1,2,5,0,1,0,0,3,1,0,1,0,1,0,1,0,1,0,1,6,1,0,1,2,2,2,0,0,1,4,0,0,3,0,0,0,3,1,1,1,3,1,1,0,0,0,0,4,0,0,1,0,1,2,2,1,1,1,1,0,0,1,1,1,3,0,0,0,0,0,3,0,1,0,1,0,3,0,0,0,1,0,1,2,0,0,0,1,1,0,1,0,3,4,0,0,4,1,1,1,4,0,0,0,0,0,0,1,0,0,3,0,1,2,0,3,0,2,1,6,2,1,1,0,1,0,1,0,1,1,2,0,0,0,1,0,1,1,1,2,4,0,0,0,2,2,0,1,2,4,1,0,1,2,0,0,1,1,0,2,0,3,0,0,0,5,4,0,0,0,3,1,4,2,0,0,1,1,2,0,0,0,0,1,5,0,1,0,0,0,0,0,1,0,3,1,5,0,1,0,1,0,0,2,0,0,0,0,1,1,0,0,0,2,1,2,2,0,1,1,0,0,0,2,0,0,1,1,0,0,0,0,0,0,0,0,0,1,2,0,0,0,1,0,0,0,2,2,0,0,5,0,1,0,2,0,0,0,1,0,0,2,0,0,0,3,0,3,0,0,1,0,3,0,1,0,0,0,0,0,1,0,0,0,1,0,1,2,6,4,0,0,0,3,0,1,0,1,1,0,2,0,2,0,0,0,3,1,2,0,0,0,2,2,4,0,0,0,4,1,2,1,1,5,0,9,0,1,2,0,2,0,2,0,2,2,1,1,0,0,4,0,2,2,2,1,2,0,0,0,6,1,0,1,3,1,2,1,1,3,0,0,0,2,0,0,1,1,0,1,9,1,0,1,1,2,2,5,0,0,2,1,1,0,0,2,0,2,3,1,0,2,3,2,1,1,0,1,0,2,0,5,1,3,1,0,0,0,1,1,0,0,1,0,2,0,0,0,0,0,2,0,1,0,1,1,0,4,1,0,1,6,0,0,1,3,1,2,0,0,0,0,2,0,0,0,0,2,0,0,0,0,1,0,0,5,1,1,0,2,1,0,0,0,3,2,0,1,1,0,0,0,2,0,2,0,1,1,1,2,3,0,1,1,1,2,0,1,4,2,0,2,0,0,0,0,0,0,2,4,0,0,1,2,0,0,1,1,0,1,0,6,2,0,3,0,2,0,1,5,1,0,0,2,3,1,0,1,0,2,0,0,1,2,0,1,1,0,0,0,1,1,0,0,2,1,0,0,2,2,0,4,3,2,2,3,1,1,0,0,1,1,3,1,1,0,0,1,0,0,2,1,5,1,0,2,0,2,0,2,2,2,1,0,0,0,2,0,1,0,5,0,3,0,1,0,0,0,1,2,0,0,0,0,0,1,0,1,0,1,0,1,1,2,1,0,0,1,0,0,0,2,4,0,0,0,0,1,1,5,3,0,2,0,0,0,0,1,1,1,1,1,0,1,2,0,0,1,0,3,5,2,0,0,1,1,3,3,5,1,0,1,0,0,1,6,0,1,0,0,2,1,0,1,0,1,1,6,2,0,2,0,4,1,0,0,2,0,1,0,3,0,0,1,0,1,1,0,4,0,2,0,1,1,0,0,3,0,0,3,0,1,2,0,1,1,0,1,1,1,0,2,0,0,1,0,1,3,2,0,0,5,1,1,4,0,0,1,3,1,0,0,1,2,1,0,0,0,0,1,0,0,1,2,2,0,0,0,1,1,0,0,2,0,1,0,3,4,2,0,3,1,1,1,0,0,1,0,2,2,1,0,1,1,0,0,1,0,1,1,2,2,1,0,1,1,1,0,2,0,0,0,3,1,0,0,1,0,1,0,1,0,0,2,0,0,1,0,1,0,1,2,0,3,1,0,1,1,1,1,1,3,1,1,2,0,1,1,0,0,2,1,0,6,1,1,0,0,0,0,1,1,2,0,0,1,0,1,0,0,0,0,0,2,0,0,0,0,0,0,5,0,3,0,0,0,2,2,0,0,0,0,0,1,0,0,1,5,0,0,3,2,0,1,3,0,1,5,1,0,1,1,2,0,1,0,0,0,4,1,2,0,1,0,0,1,1,0,0,6,1,2,0,1,0,0,1,0,1,5,0,5,2,2,1,0,0,0,0,1,0,2,0,3,1,2,0,0,0,1,0,2,1,4,0,0,0,0,3,1,0,0,1,0,0,0,3,0,0,0,0,0,2,3,2,0,0,0,2,2,0,0,0,1,0,4,0,1,0,1,3,1,0,0,0,1,1,0,3,0,2,3,1,1,0,0,1,1,0,2,0,0,0,4,1,1,3,0,1,3,0,0,1,1,0,0,0,1,2,1,0,0,5,2,1,1,0,1,0,2,1,3,0,0,0,0,0,0,3,2,0,0,0,0,1,0,0,1,0,2,0,5,0,0,1,3,3,5,1,0,0,1,0,0,2,0,0,1,0,0,7,1,6,1,0,1,1,1,1,0,0,0,1,0,1,0,2,5,1,0,1,3,0,0,1,0,3,2,3,1,1,1,0,0,1,0,2,4,0,0,1,1,0,0,3,0,0,0,1,0,0,0,2,1,1,0,0,3,0,0,0,0,0,3,1,2,3,0,0,1,0,0,2,1,0,2,2,1,0,1,0,0,0,1,0,0,0,3,1,0,0,1,0,0,0,1,0,0,0,2,0,1,3,3,2,1,0,0,2,2,0,0,0,1,0,8,0,1,0,0,1,0,0,0,1,2,0,0,0,0,0,1,3,1,1,2,0,0,0,0,0,0,3,0,2,4,0,0,2,0,2,5,0,0,3,0,1,0,0,1,2,0,0,0,3,0,0,1,0,0,1,0,0,1,0,1,0,0,1,1,1,1,1,0,0,2,2,1,2,1,1,1,1,0,2,0,0,3,1,2,2,0,0,0,1,4,20,1,1,1,0,1,0,1,2,2,2,2,2,4,2,1,0,0,1,2,1,3,1,1,2,1,0,2,2,7,0,3,0,2,0,0,3,0,0,0,0,3,3,1,0,0,0,0,1,0,1,1,0,3,0,0,2,1,0,0,0,3,3,0,5,1,2,0,1,1,1,1,1,0,1,1,0,3,0,2,0,3,0,4,0,1,1,0,0,1,1,0,0,1,0,1,0,0,1,2,0,0,5,0,0,0,0,1,1,2,4,0,1,1,1,2,0,0,1,2,0,1,1,0,0,2,0,1,0,0,0,2,0,0,0,0,2,0,2,3,1,6,1,1,4,0,0,0,1,0,2,1,2,3,1,2,1,0,0,1,4,0,0,0,0,2,0,1,0,0,2,2,0,1,1,2,0,2,1,1,1,1,1,0,2,0,1,2,0,1,1,1,0,1,0,1,1,1
KLF2,2,1,0,1,0,2,2,3,7,0,0,4,0,1,0,1,0,2,3,3,1,2,2,2,0,3,0,1,2,1,2,1,1,0,1,2,0,4,1,0,6,0,0,1,1,2,3,5,0,4,0,1,0,0,2,0,0,1,3,3,1,0,1,1,1,3,3,0,0,4,1,0,1,1,0,2,0,1,2,4,1,1,2,6,0,1,2,2,2,4,2,1,0,2,1,1,2,0,1,3,1,1,1,3,2,2,1,1,0,6,3,1,0,0,2,2,1,3,1,0,0,0,1,0,0,1,1,0,0,2,0,4,4,2,2,1,5,3,1,1,3,0,2,2,0,1,0,2,1,1,7,4,4,0,0,1,0,1,1,0,1,4,0,2,0,3,2,4,0,0,0,2,0,1,1,0,1,1,1,1,1,3,5,1,1,1,3,0,0,0,4,2,1,3,3,0,0,2,0,1,0,1,2,1,5,1,1,1,1,1,0,1,0,0,3,0,2,4,0,1,0,2,0,3,1,3,2,0,4,0,2,2,4,2,0,0,0,0,2,2,1,0,0,1,0,4,0,2,3,0,0,0,2,0,1,3,2,1,2,1,5,2,2,0,0,0,1,1,1,2,1,2,1,3,0,2,2,2,7,2,1,0,2,2,3,4,2,1,1,2,1,0,1,0,1,1,3,1,1,1,2,1,1,0,1,2,3,0,6,4,5,1,2,2,1,4,1,4,3,0,0,1,2,0,0,1,0,2,1,4,2,4,2,0,0,0,3,0,1,1,1,0,4,1,1,5,3,0,1,0,1,1,5,1,1,0,2,3,1,1,0,0,3,2,1,5,2,2,1,1,3,0,0,0,1,2,0,1,4,1,2,1,0,0,1,1,3,3,2,1,4,5,3,3,0,3,5,1,5,9,1,0,0,2,2,4,1,5,1,4,1,3,1,2,1,0,1,1,1,0,0,4,1,0,1,2,1,2,0,1,3,5,3,1,0,3,3,2,0,1,0,4,0,1,2,0,1,1,0,1,3,2,0,0,1,0,1,3,1,2,0,0,4,1,1,3,2,3,1,0,0,3,0,0,0,3,3,1,0,0,3,2,2,0,0,3,1,3,0,1,0,0,3,1,1,3,1,1,0,1,0,1,1,2,3,1,1,1,1,0,0,1,0,2,0,1,1,1,3,2,2,1,3,0,0,1,1,3,0,0,2,3,0,2,4,0,4,1,5,0,1,1,2,3,0,4,1,2,0,5,0,3,1,2,0,0,2,3,2,1,4,2,3,0,0,3,4,1,0,1,0,0,2,0,0,2,0,2,0,1,2,2,5,0,1,1,3,0,0,0,1,4,0,0,0,0,1,3,2,3,1,3,1,0,3,1,0,1,2,1,1,3,2,2,0,3,2,1,2,0,0,3,0,1,3,2,0,0,1,3,1,1,0,1,0,1,0,1,0,0,0,0,4,2,0,4,0,1,0,0,1,1,0,0,2,1,0,3,8,1,0,5,0,1,2,2,1,1,1,3,3,1,0,0,8,2,0,2,3,1,1,1,1,0,1,6,1,0,0,2,4,1,1,1,2,5,2,0,0,0,2,0,0,2,3,1,4,0,0,1,2,2,5,1,1,5,1,0,1,2,0,1,0,4,0,1,1,0,0,4,3,0,1,1,1,1,1,1,1,2,2,4,0,0,1,0,1,3,2,1,1,2,1,2,4,2,1,0,1,1,2,0,1,0,2,0,1,0,4,3,3,0,1,2,5,4,1,3,0,0,1,1,1,3,0,13,2,2,3,2,0,2,3,0,0,0,0,3,1,1,2,1,1,0,2,1,2,0,2,0,2,1,1,1,1,3,2,0,0,1,0,1,0,2,0,3,1,2,2,1,2,2,2,1,1,2,1,0,1,4,0,2,3,0,1,1,0,3,1,6,1,1,1,0,3,2,1,0,4,2,2,2,4,1,0,0,4,0,1,2,0,0,2,3,0,0,0,1,2,1,0,2,1,1,0,2,5,2,1,1,2,2,1,1,2,1,3,2,1,1,2,0,1,1,0,1,0,1,0,0,1,1,2,0,2,4,6,2,0,5,1,0,0,0,0,0,1,0,1,7,0,2,0,0,1,0,3,6,0,0,4,3,2,1,0,0,3,0,3,5,0,2,1,3,0,1,0,1,2,2,6,0,3,2,0,1,2,2,4,1,5,1,2,1,0,3,2,5,0,3,2,3,0,0,0,8,3,3,2,0,3,3,0,0,0,2,1,2,0,0,4,0,2,1,3,1,0,1,0,0,0,0,1,1,1,0,0,2,0,3,1,0,1,0,3,1,4,3,2,2,0,0,1,0,0,1,5,1,0,2,1,0,3,2,0,3,0,4,0,0,2,1,3,2,3,0,0,1,0,1,1,2,4,2,5,1,0,2,2,2,0,3,1,2,4,0,1,1,1,0,0,0,2,1,1,1,0,0,3,1,0,2,0,0,1,1,1,1,0,3,3,2,2,3,1,1,1,2,1,0,2,5,2,5,5,0,0,0,1,2,2,0,1,1,3,1,1,0,1,7,3,0,2,1,2,1,3,3,1,1,2,4,2,3,3,0,0,1,1,0,0,1,0,2,1,0,1,5,0,1,3,0,1,0,1,0,1,0,3,4,1,0,1,3,0,3,2,0,2,6,1,5,5,4,1,3,6,1,0,0,1,0,0,3,0,2,2,3,8,0,1,4,0,1,3,1,0,0,1,2,2,1,2,3,0,3,8,0,1,0,0,3,1,0,0,1,1,0,1,1,1,0,0,2,0,1,2,0,2,1,2,6,1,3,2,2,0,3,1,0,3,5,0,3,0,0,9,1,0,1,3,6,1,0,1,0,2,1,1,1,1,2,1,1,0,2,2,1,1,0,0,1,0,0,3,1,2,3,2,4,2,1,0,2,0,2,2,0,3,1,3,2,3,0,5,0,0,1,5,1,0,2,0,4,3,5,1,0,4,2,2,0,0,5,2,0,3,3,4,3,2,0,1,1,0,2,1,4,5,3,2,1,0,0,1,2,2,2,0,0,4,1,0,1,4,3,1,1,2,3,0,2,0,1,0,1,0,5,1,4,0,3,1,5,1,2,1,0,5,0,2,1,1,3,6,0,3,0,1,2,5,0,1,1,1,1,0,2,3,0,1,1,1,1,0,1,4,0,0,0,2,1,3,1,1,2,1,0,2,1,1,2,1,0,2,0,2,1,4,1,0,2,1,1,2,3,2,6,3,0,3,0,0,3,0,0,2,0,2,0,3,0,1,0,1,0,3,4,3,1,1,1,1,5,3,0,0,0,4,0,0,3,1,0,1,0,2,4,1,3,0,2,2,0,2,1,1,0,1,0,0,8,1,1,1,0,2,2,0,3,0,3,0,0,2,0,2,1,1,0,2,0,2,2,3,4,2,3,0,2,2,2,4,0,0,1,2,2,2,1,1,5,6,0,4,0
RPL5,9,3,10,2,4,6,6,20,9,3,7,6,9,12,13,21,10,10,3,15,14,18,10,1,8,3,10,9,15,9,25,15,9,19,2,2,18,9,16,5,15,19,9,21,15,9,14,8,14,9,7,14,3,8,10,2,2,22,14,5,19,10,6,5,11,10,15,0,6,25,3,45,6,3,6,5,4,20,1,4,14,6,2,9,6,16,11,22,6,12,12,9,14,5,10,12,6,7,5,47,3,9,3,18,8,3,3,3,13,16,6,20,1,8,9,24,8,24,4,14,5,0,11,2,14,15,9,7,16,9,5,14,10,5,7,8,11,14,3,10,7,16,15,17,37,4,10,3,36,3,11,3,3,15,9,20,3,5,2,1,8,9,12,4,4,20,2,18,5,30,15,3,29,16,4,1,6,12,3,17,12,8,16,7,6,20,27,12,6,11,13,20,7,16,17,23,10,3,0,9,0,10,8,15,14,5,7,13,16,16,8,5,6,4,4,5,17,11,8,11,5,11,6,11,36,1,9,6,13,11,23,5,15,14,7,7,7,6,14,8,4,2,10,4,8,3,10,7,12,3,17,5,11,4,5,11,10,17,11,6,5,5,7,9,16,10,8,8,22,17,3,28,1,0,14,7,8,16,11,15,6,3,27,16,17,15,12,12,15,8,19,16,9,9,4,9,5,6,10,9,5,10,8,10,1,6,13,0,13,25,10,2,5,12,15,1,7,29,7,14,3,3,13,4,5,8,3,33,8,13,10,4,16,9,5,7,10,2,13,7,14,9,2,18,14,12,7,2,8,20,10,14,21,16,3,5,10,24,26,0,9,14,6,0,7,9,49,14,9,10,8,4,7,6,3,26,20,15,10,6,0,4,16,7,9,0,11,23,9,3,23,12,3,14,10,3,15,13,1,7,6,11,7,8,2,13,6,8,13,9,14,22,7,13,14,22,5,5,12,15,13,13,18,4,7,9,5,6,6,15,2,8,15,2,5,11,4,11,10,22,6,20,28,9,14,34,8,11,12,3,5,11,3,6,6,17,9,20,15,6,8,14,10,8,10,8,9,5,5,3,5,5,5,23,18,7,2,8,5,8,8,13,3,10,5,17,11,20,18,8,12,12,10,10,5,2,24,8,5,4,2,2,6,7,15,8,13,27,6,13,1,3,15,8,3,14,7,3,9,4,11,16,24,7,6,6,7,8,20,7,8,15,8,6,17,20,7,28,4,14,81,9,10,4,18,12,16,7,23,17,29,26,5,8,4,9,9,8,13,9,5,21,4,7,16,18,7,14,15,6,13,4,16,7,25,5,10,15,2,4,6,3,4,4,5,11,14,3,9,2,5,13,2,7,11,13,16,10,10,6,15,9,3,7,25,34,5,12,8,8,6,4,3,10,35,11,13,10,5,7,21,12,10,4,4,2,16,11,2,24,15,19,11,4,1,8,4,18,9,8,8,0,22,11,3,1,23,14,16,1,5,5,6,3,9,7,8,7,2,7,6,15,4,4,12,11,1,4,10,10,14,15,4,11,3,16,0,10,10,9,0,27,16,12,4,16,6,16,2,4,8,11,15,6,8,9,8,14,6,2,4,14,18,7,9,5,12,8,12,48,12,15,3,16,4,15,5,15,5,12,9,6,7,18,7,15,7,12,1,12,14,10,13,11,16,7,5,18,8,11,7,6,6,2,10,4,14,10,5,4,7,5,16,18,2,14,19,7,12,18,13,6,7,17,4,6,16,3,9,8,11,14,10,6,5,3,4,8,7,17,1,9,11,10,2,6,3,13,15,15,10,10,8,2,19,4,10,17,2,7,10,6,6,8,14,9,4,11,9,7,10,3,13,3,8,14,7,3,6,4,8,1,23,16,8,26,10,7,7,3,17,4,3,4,9,13,5,26,4,21,5,16,19,10,16,27,3,21,3,17,6,0,6,10,8,5,0,4,16,13,20,17,9,11,20,6,19,4,6,6,15,2,17,5,11,8,3,17,3,7,6,5,7,21,11,16,16,11,20,16,14,3,4,2,1,15,30,10,16,2,11,15,16,18,12,3,9,11,28,6,10,4,12,9,5,6,9,5,20,14,1,28,5,3,9,7,9,20,3,24,4,17,10,8,11,3,9,11,12,3,8,17,19,7,9,15,14,3,8,8,2,8,7,7,11,5,15,7,12,5,9,5,7,3,3,9,9,3,19,1,14,41,1,6,10,10,20,6,2,18,11,3,10,35,19,16,2,6,11,10,9,21,6,2,2,5,3,14,9,10,13,6,15,3,12,7,10,14,1,14,17,8,6,6,12,11,17,11,9,14,7,11,8,15,8,5,10,1,13,11,34,50,8,10,6,8,11,18,2,5,16,8,14,5,10,10,7,4,8,9,5,3,24,9,10,7,2,10,20,10,14,14,5,16,5,10,2,4,8,3,11,25,3,6,8,15,18,6,6,10,11,2,8,11,5,3,1,16,11,12,6,28,10,33,11,2,2,8,3,7,22,9,8,1,3,9,9,15,8,11,15,11,10,10,5,5,1,10,5,10,12,9,10,12,11,10,4,12,4,12,8,2,6,7,5,2,6,17,4,4,14,14,4,5,18,8,7,5,11,7,6,10,6,24,8,2,10,9,10,8,25,15,7,1,6,4,16,22,11,5,32,10,9,17,16,5,3,11,9,35,21,9,12,10,14,11,8,6,2,7,16,22,6,8,6,12,8,5,16,15,8,8,16,12,11,12,8,14,11,4,11,15,4,5,13,17,20,7,7,3,12,8,8,15,9,32,8,2,16,10,3,9,6,5,10,9,10,7,9,14,4,21,10,4,10,11,8,30,14,10,8,21,1,3,14,8,13,6,18,9,17,14,21,7,5,9,3,4,11,9,12,6,6,10,8,14,10,10,5,4,9,12,26,13,5,7,12,12,7,4,5,10,13,7,1,18,3,22,5,12,13,11,7,6,11,11,3,10,20,15,15,8,22,3,26,6,9,13,3,15,14,7,2,0,8,12,8,11,14,10,8,11,8,7,4,16,12,9,36,9,5,11,17,4,14,13,7,12,13,2,11,36,14,6,5,6,10,7,2,7,9,12,7,7,2,11,7,8,3,29,1,3,8,15,26,14,5,5,12,11,3,15,2,10,9,19,14,10,9,12,12,9,7,13,29,3,9,6,14,37,11,5,5,16,8,3,3,8,1,6,11,7,15,3,1,8,9,38,11,8,5,5,8,6,17,11,16,21,10,15,10,11,9,15,16,8,8,12,9,2,10,9,3,12,1,12,8,20,3,2,15,12,34,5,6,3,8,23,9,15,14,8,7,11,12,6,8,3,12,19,8,8,11,5,45,5,13,13,15,17,10,8,5,3,12,4,13,3,10,9,4,15,17,3,4,4,7,14,17,14,5,13,4,10,1,14,3,1,4,2,3,8,11,14,12,6,14,16,11,9,14,1,2,0,7,8,0,31,7,15,6,31,10,1,8,5
TARP,0,1,3,1,0,0,0,0,0,0,0,0,0,0,0,1,0,0,0,0,0,0,0,0,0,0,0,0,2,0,0,0,0,0,1,0,0,0,0,0,0,0,0,0,1,0,0,0,0,0,0,0,0,1,0,0,0,0,0,2,0,0,0,0,0,0,0,0,0,0,0,0,0,0,0,3,1,0,0,0,0,0,0,0,1,0,0,0,0,0,0,0,1,0,0,0,0,0,0,0,0,0,0,0,0,0,0,2,0,0,6,0,0,0,0,0,0,0,0,0,0,0,0,0,0,0,2,0,0,0,0,0,0,0,0,0,0,0,0,1,0,1,0,0,0,1,0,0,0,0,0,0,0,0,0,0,3,0,0,0,0,0,0,0,2,0,0,0,0,0,0,0,0,0,0,0,0,0,0,0,0,0,0,0,0,0,0,0,0,0,0,0,0,0,0,0,0,0,0,0,0,6,0,0,0,0,0,0,0,0,0,5,0,0,0,0,0,1,0,0,0,0,0,0,0,0,0,0,0,0,0,0,0,0,0,1,0,0,0,0,0,0,0,0,1,0,0,1,0,0,0,0,0,0,0,0,0,0,0,0,0,0,0,0,0,4,0,0,0,0,2,0,0,0,0,2,0,0,0,0,0,0,0,0,0,0,0,0,0,0,0,0,0,0,0,0,0,0,0,0,0,0,0,0,0,0,0,0,0,0,0,0,0,0,0,0,0,0,0,1,3,0,0,0,0,0,0,0,0,0,0,0,0,0,0,0,0,0,0,0,0,0,0,0,0,0,0,0,0,0,0,0,0,0,0,0,0,0,0,0,0,0,0,0,0,0,0,0,0,0,1,0,2,0,1,0,0,0,0,0,0,0,0,0,0,0,0,0,0,1,0,0,0,0,0,0,0,0,0,0,0,0,0,0,0,0,4,0,2,0,0,0,0,0,0,0,0,0,0,0,0,0,0,2,0,0,2,8,0,0,0,0,0,0,2,0,0,1,0,0,1,0,1,0,0,0,0,0,0,0,0,0,0,0,0,0,2,0,0,0,0,0,0,0,0,0,0,0,0,0,0,0,0,0,0,0,0,0,0,0,0,0,3,0,0,0,2,0,0,0,0,0,0,0,0,0,0,0,0,0,0,0,0,0,0,0,0,0,0,0,0,0,0,0,0,0,1,0,0,0,0,0,0,0,0,0,1,0,0,0,0,0,0,0,0,0,0,0,0,0,0,0,0,0,0,0,0,0,0,0,0,0,0,0,0,0,0,0,0,0,0,0,0,0,0,0,0,0,0,0,0,0,0,0,0,0,0,0,0,2,0,1,0,0,0,0,0,0,0,0,0,0,0,0,0,0,0,0,0,0,1,0,0,0,0,0,0,2,0,0,1,0,2,0,0,0,0,0,0,0,0,0,4,0,0,0,0,0,0,0,0,0,0,0,0,0,0,0,0,0,0,0,9,0,0,0,0,0,0,0,0,0,0,0,0,0,0,0,0,0,0,0,0,0,0,1,0,0,0,0,0,0,0,0,0,0,0,0,0,0,0,0,0,0,0,0,3,0,0,0,0,0,0,1,0,0,0,0,0,0,0,1,0,1,0,0,0,0,0,0,0,2,0,0,0,0,2,0,0,0,0,0,0,0,0,0,0,0,0,8,1,0,0,0,0,0,0,0,0,0,0,0,9,0,0,0,0,0,0,0,0,0,0,0,0,0,0,0,2,0,0,0,0,0,0,0,0,0,0,0,0,0,0,0,0,0,0,0,0,0,0,0,0,0,0,0,0,0,0,0,3,0,0,0,0,0,1,0,0,0,0,1,0,0,1,0,1,0,0,0,0,0,0,0,0,0,0,0,0,1,0,0,0,0,0,0,0,0,0,0,0,0,0,0,0,0,0,0,0,0,0,0,0,0,0,0,0,2,3,0,0,0,0,0,6,0,0,0,0,0,0,0,0,0,0,0,0,0,7,0,0,0,0,5,0,0,1,0,0,0,0,0,0,0,0,0,0,0,0,0,0,0,0,0,0,1,0,0,0,0,0,0,0,0,0,0,0,0,1,0,0,0,0,0,0,0,0,0,0,0,0,1,0,0,0,0,0,0,0,0,0,0,0,0,0,0,0,0,0,0,0,0,0,1,0,0,7,0,0,5,0,0,0,0,0,0,0,0,0,0,0,0,0,0,0,0,0,0,0,0,0,0,0,0,0,0,0,0,0,0,0,0,0,0,0,0,0,1,0,0,0,0,0,0,3,0,0,0,0,0,0,0,0,0,0,8,0,0,0,0,0,2,0,0,0,0,0,0,0,0,0,0,0,0,0,0,0,0,0,0,0,0,0,0,0,0,1,1,0,0,0,5,7,0,0,0,0,0,0,0,0,0,0,0,0,0,0,1,0,0,0,0,0,0,0,5,0,0,0,0,0,0,0,0,0,0,0,1,0,0,0,0,0,0,0,0,0,0,0,0,0,0,1,0,0,0,0,0,0,0,2,0,0,0,0,0,0,0,0,0,0,0,0,0,0,0,0,0,3,4,0,0,0,0,0,0,0,0,0,0,0,0,0,1,0,0,0,0,0,0,0,0,0,0,0,0,0,0,0,0,0,0,0,0,0,3,0,0,1,0,0,0,0,0,0,0,0,0,0,0,0,0,0,0,0,0,0,0,0,0,0,0,0,0,0,0,0,0,0,0,0,0,0,0,0,0,0,0,0,0,0,0,0,0,0,0,0,0,0,0,0,0,0,0,0,0,0,0,0,0,0,0,0,0,0,0,0,0,0,0,0,0,0,0,0,0,0,0,0,1,1,0,0,0,0,0,0,0,0,0,0,0,0,0,0,0,0,0,0,0,0,0,0,0,1,0,0,0,0,0,0,0,0,0,0,0,0,6,0,0,0,0,0,0,0,0,0,0,0,0,0,0,0,0,0,0,0,0,0,0,0,0,0,0,0,0,0,0,0,0,0,0,0,0,0,0,0,0,0,0,0,0,0,0,1,0,0,0,0,0,0,0,0,0,0,0,0,5,0,0,0,0,0,3,0,0,2,0,0,0,0,0,2,0,0,0,1,0,0,0,0,0,0,0,0,0,0,4,0,0,0,0,0,0,1,0,0,0,0,0,0,0,0,0,0,0,0,0,0,0,0,0,0,0,0,0,0,0,0,0,0,0,0,0,7,0,0,0,0,0,0,0,0,0,0,2,0,0,0,0,0,1,0,0,0,0,0,0,0,0,0,0,0,0,0,0,0,2,0,0,0,0,0,0,0,0,2,0,0,0,0,0,0,0,0,0,0,0,0,0,0,0,0,0,0,0,0,0,0,0,0,0,0,0,0,0,0,0,0,0,0,0,0,3,0,0,0,0,0,0,0,0,0,0,0,1,0,0,0,0,0,0,0,0,0,0,0,0,0,0,0,0,0,0,0,1,0,0,0,0,0,0,0,0,0,0,0,0,0,0,0,0,0,0,0,0
JUND,0,0,0,0,1,1,4,1,1,0,1,0,5,0,0,2,0,0,4,1,0,0,0,6,0,1,0,1,1,1,0,0,1,0,0,0,0,0,2,0,0,0,1,1,1,0,0,5,0,0,0,1,2,1,1,0,0,0,0,0,0,2,0,3,1,2,0,0,0,0,0,2,0,1,0,0,0,1,2,4,0,0,2,0,0,0,0,0,0,1,0,0,1,0,0,4,0,1,1,2,0,0,0,0,0,3,0,0,0,0,0,0,1,5,0,1,0,0,3,0,0,0,1,0,0,1,0,0,0,0,0,0,2,1,0,0,2,0,1,0,0,0,2,0,3,1,4,3,1,1,0,0,0,0,0,0,0,0,0,3,0,0,0,1,0,1,3,0,1,1,0,1,1,0,0,1,0,0,0,1,1,0,0,1,4,1,0,0,3,0,2,0,0,0,0,1,1,1,0,1,4,0,1,0,1,1,0,1,1,1,0,0,0,0,0,0,1,0,0,2,0,0,0,0,1,1,2,0,0,0,0,0,1,2,1,0,0,1,0,0,4,0,3,1,1,0,0,4,4,3,0,0,0,0,2,0,0,2,3,5,0,0,0,3,0,0,1,0,2,0,0,1,4,3,0,0,0,3,0,2,4,0,1,0,1,0,0,0,0,0,2,2,1,0,0,0,0,0,0,1,2,0,0,2,3,0,0,3,1,0,1,0,1,1,1,0,0,1,0,1,0,3,0,2,1,0,0,2,1,1,0,4,1,0,3,0,1,1,0,1,0,0,2,1,1,2,0,5,0,1,3,0,0,0,1,2,0,2,5,1,0,0,0,4,0,1,0,1,0,0,0,2,1,0,0,2,0,2,0,3,1,0,3,0,1,0,0,0,0,1,0,0,0,0,1,2,0,0,0,2,0,1,0,0,0,1,0,1,0,1,0,0,2,0,1,3,0,2,0,0,2,1,0,0,2,0,0,0,0,0,0,0,0,0,3,0,1,0,0,1,0,1,1,1,0,1,0,1,0,0,0,0,0,0,3,1,0,4,1,1,0,0,0,0,4,0,0,1,0,0,0,2,0,1,0,0,0,0,0,1,1,0,0,0,0,0,1,1,0,1,0,1,0,0,0,1,3,1,0,0,0,3,1,1,1,1,1,0,0,0,0,1,0,0,0,0,0,0,0,2,0,1,0,3,3,5,0,0,1,0,3,1,0,0,2,1,0,1,1,1,1,1,0,0,0,1,3,1,1,0,1,4,0,0,4,3,0,2,0,0,0,0,1,0,1,0,0,0,0,0,1,1,1,0,0,3,0,2,2,0,1,0,1,1,1,0,0,0,0,0,0,0,0,1,1,0,0,1,0,0,0,1,1,0,0,0,2,0,1,1,4,1,0,0,2,2,0,1,2,1,0,0,0,0,0,0,0,1,0,2,0,1,2,0,1,1,1,2,1,0,0,1,1,0,0,0,0,0,0,1,0,0,1,2,0,0,0,1,1,3,6,1,0,2,1,0,0,0,0,0,0,0,2,2,2,0,0,0,0,2,0,0,0,0,3,0,0,0,0,2,0,0,1,1,0,0,3,0,1,2,0,1,0,0,0,1,0,0,0,1,1,1,0,1,3,1,0,2,0,0,0,2,1,0,1,1,1,0,0,0,1,0,0,0,1,0,4,1,0,0,0,0,1,1,0,0,0,1,1,0,0,2,0,2,0,0,0,0,0,2,1,1,1,0,2,0,0,1,0,1,0,1,0,1,1,4,0,0,2,1,2,0,0,1,2,1,0,0,1,2,0,0,0,4,1,0,1,0,2,0,0,1,1,0,1,0,3,0,0,0,0,5,1,1,0,0,1,0,1,1,0,0,2,1,2,0,0,0,0,1,1,1,0,3,0,0,0,0,2,2,1,2,0,0,0,0,0,2,0,0,0,2,3,0,0,0,1,1,0,0,0,1,0,0,0,0,0,0,1,0,1,1,1,0,0,0,0,0,0,2,0,0,6,2,3,1,2,1,0,1,1,0,0,3,2,4,0,1,2,0,0,0,0,0,0,0,0,2,1,1,1,0,2,2,0,0,0,0,0,0,0,1,1,2,1,3,0,0,2,3,0,0,1,0,0,0,0,1,0,1,1,1,0,0,3,0,1,2,3,1,3,0,6,0,1,1,1,1,0,2,2,0,2,0,2,0,0,0,1,5,0,2,2,0,0,1,0,0,1,0,0,0,1,1,1,3,0,1,1,0,0,0,0,0,0,1,0,0,0,1,0,5,1,0,0,0,1,0,1,0,1,1,0,0,0,2,0,0,5,0,1,0,0,1,0,0,2,0,1,0,1,1,0,0,0,2,1,1,1,1,0,0,1,1,0,0,0,0,0,0,0,1,2,1,1,0,4,0,0,0,0,1,1,2,1,0,1,2,0,2,1,0,3,1,0,1,2,4,0,2,1,0,0,0,0,0,3,1,1,1,0,1,0,1,0,4,0,0,0,1,1,0,1,0,6,1,0,1,1,1,0,0,1,1,3,0,1,1,0,0,0,0,0,0,1,0,0,0,4,1,1,1,0,0,0,0,0,2,1,0,0,0,1,0,1,1,0,0,2,0,5,0,4,2,1,0,0,0,0,0,0,0,0,0,0,0,0,3,1,0,0,0,0,2,2,0,3,0,0,3,0,1,3,0,0,0,0,1,4,2,0,1,0,0,0,1,3,0,1,0,0,1,2,0,1,2,0,1,0,1,0,0,0,2,0,0,1,2,1,0,0,4,0,0,0,0,1,1,0,0,6,3,0,0,0,1,1,0,1,0,3,0,0,0,0,0,0,0,1,0,2,0,1,4,0,1,0,0,0,0,1,1,1,2,2,0,1,0,0,0,0,0,0,0,0,0,1,0,1,2,3,1,0,1,0,2,0,3,0,4,1,1,0,0,0,0,0,3,1,1,3,3,0,6,2,0,0,0,1,0,0,1,0,0,0,0,1,0,0,1,0,1,0,4,1,0,0,0,0,5,1,1,1,0,2,1,0,0,0,1,0,1,0,2,0,0,0,0,2,0,0,1,0,0,0,0,1,0,9,2,0,0,0,0,5,1,0,4,0,1,0,2,0,1,2,1,1,0,1,0,0,0,0,0,0,0,0,0,1,0,0,0,1,0,3,2,0,4,2,3,1,3,0,0,0,3,0,0,0,4,1,0,1,0,0,2,0,1,0,0,2,0,1,3,0,0,0,0,2,1,0,1,1,0,1,0,1,0,1,1,1,0,0,0,2,0,0,2,0,5,1,0,1,0,0,5,1,0,2,1,0,0,0,0,0,0,1,3,1,1,1,1,1,0,1,0,2,1,1,3,0,1,1,0,2,4,1,2,2,0,0,1,1,4,0,0,1,0,1,0,2,3,2,1,2,0,3,0,0,1,0,0,1,0,3,0,1,1,1,0,0,2,1,1,1,1,3,0,0,1,0,2,0,0,1,0
ITGB1,0,0,2,0,0,0,1,0,0,0,1,0,0,0,1,1,1,0,0,1,0,0,0,0,0,2,0,0,1,1,0,0,1,0,0,0,0,0,0,0,1,2,0,4,0,0,2,0,0,0,0,0,0,1,0,0,0,0,0,0,2,2,3,0,0,0,0,3,1,0,0,0,0,0,0,0,0,2,0,1,0,0,0,1,0,0,0,3,0,0,0,3,5,0,0,1,0,0,0,0,1,0,1,0,0,0,0,0,0,0,0,0,0,0,0,0,6,0,0,5,0,0,0,0,3,0,0,0,0,0,0,0,0,0,0,0,0,0,2,0,2,0,0,0,0,0,0,1,4,0,0,0,1,0,0,0,0,0,0,0,0,0,0,0,0,8,1,2,1,1,0,0,0,0,0,0,0,2,0,0,0,0,0,0,0,0,0,0,1,0,1,2,0,0,0,0,0,0,3,1,0,0,1,0,0,0,0,1,1,0,1,0,0,0,0,0,0,0,1,0,0,0,0,0,4,0,0,0,0,0,0,0,2,1,1,2,3,0,4,0,0,0,0,0,0,0,0,1,1,1,0,0,0,1,1,0,0,0,0,0,1,0,1,0,0,0,0,0,0,0,0,0,1,0,0,1,0,1,0,0,0,0,0,0,1,0,0,0,0,0,1,0,0,0,0,0,0,0,0,0,0,1,0,1,0,0,0,0,0,0,0,1,0,4,0,0,0,2,0,5,0,0,1,0,1,0,0,0,0,0,0,1,0,0,0,0,2,0,0,0,2,2,0,0,0,5,0,0,6,1,1,0,4,0,0,1,0,0,0,0,0,0,1,0,0,0,3,0,0,0,1,0,1,0,0,3,0,2,0,2,0,0,0,0,0,1,0,2,0,0,0,2,1,0,0,0,2,0,0,0,0,0,1,0,2,3,0,0,0,1,2,0,1,0,0,1,0,1,0,0,0,3,4,0,0,0,0,1,0,0,0,0,0,0,0,0,0,0,0,0,0,0,1,0,2,1,2,0,0,0,0,0,0,0,2,6,0,1,0,1,0,0,0,0,0,1,0,0,0,0,0,0,1,0,0,1,0,0,0,2,0,0,0,3,0,1,0,0,0,0,0,0,1,0,0,0,0,0,1,0,0,0,0,1,0,0,0,0,0,0,0,0,0,0,0,2,0,0,0,0,0,0,0,0,1,0,0,0,1,2,0,1,2,0,2,1,2,1,0,1,1,0,0,0,1,0,0,0,0,0,0,1,0,0,0,0,0,0,0,0,0,7,0,1,0,1,0,0,0,0,0,1,0,1,0,1,0,0,0,0,0,3,0,1,2,1,0,0,0,1,2,0,0,0,0,0,0,0,0,0,0,1,0,0,0,0,1,0,0,0,0,0,0,0,5,0,0,0,0,0,1,0,0,0,2,0,0,0,0,0,0,0,0,0,1,0,0,0,0,0,0,0,1,0,0,0,0,0,0,0,0,0,0,0,0,1,0,0,0,0,0,0,0,3,0,0,1,0,0,0,0,0,0,0,0,0,1,0,0,0,0,0,0,0,0,0,0,0,0,0,0,0,5,0,0,0,1,0,0,0,5,5,0,2,0,0,0,0,0,2,0,1,0,0,0,1,0,1,0,0,0,0,0,1,0,5,1,0,0,0,0,1,0,0,0,1,2,0,0,1,0,0,1,0,1,0,0,2,0,0,0,0,3,0,0,0,0,0,0,0,1,0,1,0,0,0,0,0,0,0,0,2,0,1,2,0,0,1,0,6,1,0,0,4,0,4,3,0,0,0,2,0,0,0,0,1,0,0,1,0,0,0,0,0,0,0,1,0,0,1,0,0,0,0,0,0,0,0,0,0,0,0,0,0,0,1,0,0,0,0,0,0,0,1,0,0,2,0,0,0,1,0,0,0,0,3,0,1,1,0,0,0,0,0,0,0,0,0,0,0,0,0,0,0,1,2,2,0,0,0,0,0,0,0,0,0,0,0,0,0,1,0,0,2,0,0,0,0,0,1,0,0,0,1,0,0,0,0,0,0,0,0,0,0,0,0,1,0,1,0,2,1,0,0,1,0,2,0,0,0,0,1,0,0,1,0,0,0,0,0,0,0,0,0,0,0,0,1,1,0,0,0,1,0,0,0,1,0,0,0,0,0,0,0,0,0,0,1,0,0,1,3,2,2,0,0,0,0,2,0,0,0,0,0,0,1,1,0,1,1,3,0,0,0,0,0,0,0,0,1,0,0,0,0,0,1,0,0,0,0,0,0,3,0,0,1,0,0,0,0,6,2,0,0,0,1,0,1,0,0,0,0,0,0,0,0,2,0,0,0,0,1,0,1,0,0,0,1,0,0,0,0,1,0,0,1,0,0,0,0,3,0,0,1,0,4,0,0,5,0,0,0,2,2,2,2,1,0,3,0,1,0,0,1,0,0,0,0,0,0,0,0,0,0,0,0,0,3,0,0,0,0,0,0,0,0,0,0,0,0,4,0,1,0,0,0,1,0,0,2,0,0,1,6,0,0,0,3,0,0,0,0,1,0,0,0,0,0,1,1,0,0,11,1,0,0,0,0,0,1,0,0,0,0,0,0,0,0,1,3,0,0,0,1,0,0,0,0,1,0,0,0,0,1,0,0,0,0,0,1,0,1,0,0,0,0,0,0,0,0,0,0,0,0,0,0,0,0,0,0,0,1,0,1,1,0,0,0,1,0,0,0,0,0,0,0,1,0,1,0,0,0,1,0,1,0,0,1,0,0,0,0,0,0,0,0,0,0,1,1,0,0,0,0,0,1,0,0,0,1,1,0,0,0,0,0,1,0,1,0,0,0,0,0,5,0,0,1,0,0,1,0,2,2,0,0,0,0,0,0,0,1,0,1,0,0,0,0,1,0,0,0,3,0,0,1,4,0,0,1,0,0,0,0,0,0,0,0,0,0,0,0,0,0,0,0,0,0,0,0,0,0,0,0,1,0,2,0,0,0,0,1,0,0,2,1,0,0,0,0,1,0,0,0,0,0,0,0,9,0,0,4,3,1,0,0,1,0,0,1,0,4,1,0,0,0,0,0,0,0,0,0,0,1,0,1,0,0,0,3,0,0,0,1,2,0,0,0,1,1,0,3,1,0,2,0,2,0,2,0,2,0,1,0,0,0,0,1,0,0,0,0,0,0,0,1,0,0,1,0,0,0,0,0,1,0,0,2,2,6,0,0,1,1,0,0,0,0,0,0,1,6,0,0,0,0,0,0,0,0,4,0,0,0,0,3,0,0,3,0,0,0,0,0,0,0,0,1,0,12,0,0,0,0,0,0,1,0,0,0,0,0,0,0,0,0,5,0,5,2,0,1,1,0,1,0,1,0,0,0,1,0,0,0,0,0,0,2,0,0,0,0,0,0,0,0,0,0,0,0,0,0,0,0,0,0,0,0,2,0,4,0,0,0,1,0,0,0,0,5,0,0,0,0,0,0
MS4A7,0,0,0,0,0,0,1,0,0,0,1,0,2,0,0,3,0,0,3,0,0,0,0,0,0,0,0,0,0,0,0,0,0,0,0,0,0,0,0,0,0,0,4,0,0,0,0,1,0,0,0,0,0,0,0,0,0,0,0,0,0,0,0,0,0,0,0,0,1,0,0,0,0,1,1,0,0,0,0,0,0,0,0,1,0,0,0,0,0,0,0,0,0,1,0,1,0,0,1,0,0,0,4,0,0,0,0,0,4,1,0,0,0,0,0,0,0,0,0,0,0,1,1,0,0,0,0,0,0,0,0,0,0,0,0,0,0,0,0,0,0,1,0,0,1,0,1,0,0,0,2,0,0,0,0,0,0,0,0,0,0,0,4,0,0,0,0,0,0,0,0,0,0,0,3,0,0,0,1,0,0,0,0,0,0,0,0,0,0,3,3,0,0,0,0,0,0,0,0,0,0,0,1,0,0,0,0,1,0,0,0,0,0,0,0,0,0,0,0,1,0,0,0,0,0,0,0,0,0,0,0,0,7,1,1,0,0,0,0,1,1,0,0,0,0,0,0,2,1,3,0,3,0,0,0,0,0,0,0,1,0,0,0,1,0,0,0,0,0,0,0,4,0,1,0,0,0,0,2,0,1,1,0,0,0,0,0,0,0,0,0,0,0,0,0,0,0,0,1,0,0,0,0,0,0,0,0,0,12,0,0,0,0,0,0,0,0,0,0,0,0,0,2,0,0,0,3,0,0,0,0,0,0,1,0,0,0,0,0,1,1,0,2,0,0,0,0,0,0,4,2,0,9,0,0,0,0,0,1,0,0,0,0,0,0,0,0,0,0,0,0,0,0,0,0,0,0,0,0,1,0,0,0,0,0,1,0,0,0,0,0,18,0,13,0,0,0,0,0,2,1,0,0,0,1,0,0,0,0,0,0,0,0,0,0,0,0,0,0,0,1,0,0,0,5,0,0,0,0,0,0,0,0,0,2,0,0,0,0,1,0,0,0,0,0,0,0,0,0,0,0,0,0,0,1,0,0,0,1,0,0,0,0,0,1,1,0,0,1,1,3,0,0,0,0,4,0,0,0,0,2,0,0,0,1,0,0,0,0,0,0,0,0,0,0,0,0,0,0,0,0,0,0,0,0,0,0,0,0,0,0,0,0,0,0,0,0,0,0,1,0,0,0,1,0,1,0,0,4,0,1,0,0,0,0,4,0,0,0,0,0,0,0,0,0,0,0,0,1,0,0,1,0,0,4,1,0,6,0,0,0,0,0,0,0,0,0,0,0,0,0,0,0,0,0,1,0,0,0,0,0,0,0,0,0,0,0,0,0,0,0,0,0,1,0,1,1,0,0,0,0,1,0,0,0,0,0,0,0,0,0,0,0,0,0,0,0,0,0,1,0,0,0,0,0,0,0,0,0,0,0,0,0,0,0,0,0,0,0,0,0,0,0,0,0,0,1,0,0,2,0,0,0,2,0,0,0,0,1,0,0,0,0,0,0,0,0,0,0,0,0,0,1,0,0,0,0,0,0,0,0,0,0,0,4,0,0,0,0,0,0,0,0,0,0,0,0,0,0,1,1,0,0,0,0,0,0,0,0,1,0,0,0,0,1,0,0,0,0,0,0,0,0,0,0,0,0,0,0,0,0,0,0,0,0,0,1,0,0,0,0,0,0,1,0,0,0,0,0,0,0,0,0,0,0,0,0,0,0,0,0,0,0,0,0,1,0,0,0,0,0,0,0,0,1,1,3,0,3,0,0,0,0,0,0,7,0,0,0,0,0,0,0,0,0,0,0,0,4,0,0,0,1,0,0,0,0,0,0,0,0,0,0,1,0,0,4,0,0,0,0,0,0,0,0,0,0,0,0,0,0,0,0,0,0,0,0,0,1,0,0,1,0,0,0,0,0,0,0,0,0,0,0,0,0,0,0,0,0,0,0,0,0,0,0,0,0,1,0,0,0,1,2,0,0,0,0,0,0,0,0,0,1,2,0,0,0,0,0,0,0,0,0,0,0,1,0,0,0,0,0,0,0,0,0,0,0,0,0,0,0,0,0,1,2,0,0,0,0,0,0,0,1,0,0,1,0,0,1,2,0,0,0,0,0,0,0,4,0,0,0,0,0,0,0,0,0,5,0,0,0,0,1,0,0,0,0,0,0,1,0,0,0,0,0,0,0,0,0,0,0,2,0,0,0,0,0,0,0,0,0,0,0,0,0,0,0,0,0,0,0,0,0,0,0,0,0,0,0,0,0,0,0,0,0,0,0,0,0,0,0,0,1,0,0,0,1,0,2,0,0,0,0,0,0,0,0,0,0,0,0,0,0,0,0,1,0,1,0,0,0,0,0,0,0,0,0,0,0,0,0,1,0,0,0,0,0,0,0,0,0,0,3,5,1,0,0,0,0,3,3,0,0,13,0,0,0,0,1,3,0,0,0,0,0,0,0,0,0,0,0,0,0,1,0,2,0,0,1,0,0,0,8,0,3,0,0,0,0,0,1,0,0,0,0,0,0,0,0,0,0,0,0,0,0,0,0,0,2,0,0,0,0,0,0,0,0,2,0,0,0,0,3,0,0,0,0,0,0,0,0,0,0,0,0,0,0,0,0,0,0,0,0,0,0,0,0,0,0,0,1,0,0,2,0,0,1,0,0,0,0,0,0,0,0,0,0,0,0,0,0,0,0,0,0,0,1,0,1,0,0,0,0,1,0,0,0,0,0,1,1,0,0,2,0,0,8,0,0,0,0,0,0,0,0,1,0,0,0,0,3,1,0,0,0,0,0,0,0,0,0,1,0,0,0,0,0,0,0,0,6,0,0,1,0,0,11,0,0,0,0,0,0,2,0,0,0,0,0,0,0,0,0,0,0,1,0,0,0,1,1,0,0,0,0,0,0,0,0,0,0,0,0,0,0,1,0,0,2,0,3,0,0,0,0,0,0,0,0,0,0,0,0,0,0,0,0,0,0,0,1,0,0,1,0,0,0,0,0,0,0,0,0,0,0,0,0,0,0,1,0,0,0,0,0,0,0,0,0,0,0,0,0,0,8,1,1,0,0,1,0,1,0,3,0,1,0,0,0,0,0,0,0,0,0,0,0,0,0,3,0,0,0,0,0,0,0,0,0,0,18,0,0,0,0,1,0,0,1,1,0,0,0,0,0,0,0,0,0,0,0,0,0,0,1,0,0,1,0,0,0,0,1,0,0,0,0,0,0,0,0,0,0,0,0,0,0,0,0,0,0,0,0,0,0,0,0,0,0,0,0,0,0,0,0,3,0,0,0,0,0,0,2,0,0,0,6,0,0,0,0,0,0,1,1,0,0,0,0,1,0,0,0,0,0,1,0,1,0,0,0,0,0,0,0,0,0,0,2,0,0,3,0,0,0,0,0,0,0,0,0,0,0,1,0,0,0,0,0,0,0,0,0,0,0,0,0,0,0,0,0,0,0,0,0,0
RPL30,34,8,20,6,15,15,21,32,30,11,16,27,25,37,25,29,18,19,8,35,24,27,6,6,16,11,16,22,18,33,29,31,33,25,6,5,23,26,23,23,34,24,12,26,21,15,17,17,17,21,16,27,5,6,22,7,10,26,15,8,26,28,19,15,27,15,30,0,9,31,9,50,24,2,6,9,8,28,0,15,30,20,3,8,8,48,27,31,17,27,17,18,22,14,25,17,13,14,5,30,13,29,7,26,19,10,7,4,10,16,8,36,6,24,28,45,12,27,11,16,11,1,10,3,29,18,19,19,21,23,3,23,14,19,20,15,15,29,8,10,26,15,27,25,27,11,18,9,59,8,19,6,13,26,12,28,12,14,8,4,10,21,18,13,2,15,13,23,16,43,25,4,32,23,16,8,24,13,7,30,13,19,14,15,10,26,37,21,10,16,23,24,26,41,34,19,15,2,0,33,3,22,15,20,18,14,19,36,24,20,16,16,5,4,7,4,24,17,18,22,11,12,19,15,59,4,22,10,33,13,39,14,22,35,9,5,20,24,26,12,11,12,13,1,20,12,12,10,20,6,19,16,13,11,15,29,21,42,13,7,18,9,21,17,28,12,13,15,28,22,4,31,4,5,34,5,25,16,19,27,9,6,30,16,28,22,31,15,22,19,20,34,22,9,15,7,8,14,11,15,26,19,15,20,6,11,22,6,13,31,23,4,12,20,15,23,18,40,29,22,12,4,17,9,6,7,10,57,13,12,15,15,12,12,8,9,20,5,38,12,25,19,15,22,19,27,18,8,24,9,26,24,26,22,5,6,17,56,16,1,13,20,17,3,3,33,43,16,29,30,11,10,8,7,9,50,31,34,28,18,7,4,36,18,22,1,29,33,11,2,30,30,13,19,26,8,23,24,6,7,9,22,14,23,5,32,10,13,25,24,20,24,13,21,27,28,13,15,25,23,19,32,10,2,14,28,12,17,16,11,3,22,19,8,14,11,5,11,32,27,8,26,34,22,17,36,4,27,14,9,23,21,8,10,18,33,19,18,15,23,14,32,26,17,20,14,19,20,8,1,16,15,5,30,25,10,10,15,17,11,10,24,3,22,14,36,9,32,27,6,24,16,29,20,14,7,28,22,13,8,3,10,19,1,25,28,15,27,11,16,4,5,14,13,11,21,10,12,21,8,27,23,27,9,16,7,12,13,9,26,6,41,14,17,16,9,17,30,20,27,74,28,17,8,24,24,12,15,27,26,32,37,12,6,5,12,14,26,21,6,19,34,20,14,23,23,10,21,31,9,34,6,26,20,37,11,12,27,3,13,18,2,20,6,8,22,26,9,22,4,8,14,1,16,22,24,35,18,17,18,23,14,3,9,40,47,10,18,15,13,13,20,9,15,71,30,21,13,12,17,26,27,12,6,6,5,33,6,19,32,20,22,19,8,10,18,12,30,24,23,24,4,36,33,8,23,23,17,28,6,8,11,6,7,12,11,10,17,15,23,15,19,11,9,25,11,3,11,38,21,20,30,10,19,28,23,4,6,30,16,4,27,33,23,4,30,10,31,3,17,18,21,21,11,23,18,10,27,18,6,3,22,24,10,16,10,28,24,6,47,15,18,10,26,12,24,12,18,15,19,19,26,17,30,11,21,10,23,5,10,28,18,12,17,23,24,8,34,12,18,6,19,16,4,26,4,13,20,9,11,14,26,26,32,17,16,24,5,18,30,14,10,10,26,7,10,18,8,26,15,17,14,24,18,5,11,16,17,3,33,4,7,17,35,6,23,8,27,33,27,20,15,16,2,23,6,14,34,5,25,28,11,17,14,17,14,19,11,12,7,15,1,15,4,15,18,13,5,5,11,10,8,31,26,16,31,24,16,12,3,24,8,19,21,12,21,8,33,15,33,5,23,21,15,30,37,10,49,9,22,9,1,4,28,21,10,6,11,32,20,38,24,31,13,26,13,33,10,16,13,23,5,21,10,28,16,17,31,14,16,18,10,13,18,15,26,32,11,19,24,29,15,8,4,0,16,39,34,23,9,10,22,23,47,25,5,15,14,34,10,10,8,16,18,10,27,12,16,31,20,11,34,12,8,11,14,7,24,9,25,1,25,12,15,16,10,23,23,20,9,18,26,16,12,13,25,15,4,35,14,2,23,13,16,17,10,23,23,23,10,13,12,7,6,9,14,23,14,25,4,28,34,8,16,14,33,22,15,10,23,6,10,20,38,15,27,22,16,23,23,30,30,19,15,15,11,14,16,14,29,13,10,36,7,38,10,12,17,5,28,33,13,9,22,25,17,23,18,25,33,15,9,10,28,9,13,24,5,36,24,29,56,18,21,11,18,21,29,14,9,23,5,15,13,30,29,18,14,21,10,28,2,32,15,20,18,12,19,36,25,18,26,13,14,5,14,10,5,12,8,6,40,4,10,18,15,30,13,9,13,19,4,16,24,4,14,4,33,18,12,8,24,12,32,24,1,13,23,1,13,26,18,21,5,16,29,13,26,13,14,17,20,20,23,15,12,6,7,14,18,19,12,17,12,22,22,8,23,8,25,13,3,13,7,10,8,14,35,11,13,20,23,23,10,35,17,10,16,16,20,10,15,11,37,13,15,16,5,17,9,40,28,20,8,21,19,25,27,14,8,28,15,12,35,20,10,9,19,12,40,27,30,17,26,24,30,12,19,2,13,27,29,21,16,27,25,6,9,14,22,7,20,34,29,14,22,22,17,22,12,13,27,6,13,25,11,39,11,29,8,27,23,15,26,24,28,8,8,23,22,16,12,19,10,12,17,12,13,30,7,19,23,17,16,28,13,10,24,23,16,26,29,6,6,16,31,14,22,25,19,28,22,23,16,5,22,6,8,13,25,8,6,9,19,14,15,12,22,12,10,12,24,17,21,24,13,14,24,17,15,13,28,17,12,4,19,5,27,8,22,17,13,16,12,15,17,8,23,21,22,14,12,31,15,31,15,24,25,7,30,18,7,4,6,17,29,9,33,23,13,21,26,17,19,9,20,34,8,33,14,5,25,17,8,14,15,5,19,17,5,22,59,20,18,12,26,16,3,5,16,11,18,15,14,9,18,15,28,5,47,5,7,22,24,39,29,12,14,12,11,7,22,4,21,12,28,17,19,32,17,30,27,23,15,48,11,10,5,25,27,22,10,4,23,10,15,6,42,8,11,28,17,25,14,6,11,14,45,20,12,8,3,17,10,16,18,34,27,14,18,21,15,12,27,20,29,12,11,25,10,35,32,5,29,5,17,11,31,8,9,25,28,58,9,13,12,15,25,26,22,20,12,8,20,29,9,11,3,24,15,10,13,11,14,47,14,29,23,21,20,23,21,10,12,41,11,35,9,9,11,6,27,37,2,16,4,15,39,22,29,15,17,9,26,0,32,2,8,2,10,14,24,26,18,24,10,33,24,14,28,26,3,9,6,7,17,3,40,15,21,24,77,37,5,20,13
TNFSF13B,0,0,0,0,0,1,0,0,0,0,1,0,0,0,0,2,0,0,4,0,0,0,1,1,0,0,0,0,1,0,0,0,0,0,0,0,0,0,0,0,0,0,2,0,0,0,0,4,0,0,0,0,2,0,0,0,0,0,0,0,1,0,0,0,0,0,0,0,0,0,0,1,0,3,1,0,0,2,1,0,0,0,2,0,0,0,0,0,0,0,0,0,0,3,0,2,0,0,2,0,0,0,1,0,0,2,0,0,1,0,0,0,0,0,0,0,0,0,1,0,0,1,0,0,0,0,0,0,7,0,0,0,0,0,0,0,0,0,2,0,0,0,0,0,1,0,3,3,0,0,0,0,0,0,0,0,0,0,0,0,0,0,4,3,0,0,0,0,2,2,0,0,2,0,0,0,0,0,2,0,0,0,0,0,0,0,0,0,1,2,3,3,0,0,0,0,0,0,0,0,1,0,1,0,0,0,0,1,0,0,0,0,0,0,0,0,0,0,0,3,0,0,2,0,0,0,0,2,0,0,0,0,2,1,0,0,0,0,0,0,0,0,1,0,0,0,0,2,8,1,0,1,1,0,0,0,0,0,0,3,0,0,0,3,0,0,0,0,0,0,0,2,6,1,0,0,0,2,0,0,0,1,0,0,0,0,0,0,1,0,0,0,2,0,0,0,0,0,2,0,0,0,0,0,1,0,0,1,1,0,0,0,0,0,0,0,0,0,0,0,0,0,3,0,0,0,2,0,0,0,0,0,1,0,0,0,0,0,0,3,2,0,4,0,0,0,0,1,0,2,3,0,2,0,0,0,0,0,0,1,0,0,0,1,0,0,7,0,0,0,0,1,0,0,0,0,0,0,0,2,2,0,1,0,0,0,0,0,0,0,0,4,0,1,0,2,0,1,0,2,1,0,0,0,1,0,0,0,0,0,0,0,1,0,0,3,0,0,0,0,2,0,0,0,0,0,0,0,0,0,0,0,0,0,0,0,0,0,0,4,0,0,1,0,0,4,0,0,0,0,0,0,2,0,2,0,0,1,3,0,1,0,0,0,2,2,0,0,0,1,1,1,0,0,0,0,0,0,0,1,4,0,0,0,1,0,0,0,0,0,0,0,0,0,0,1,0,1,0,0,3,0,0,0,0,0,0,2,0,0,4,0,0,0,0,0,0,0,0,1,0,1,0,4,6,3,0,0,2,0,1,0,0,0,0,2,0,0,0,0,1,0,0,1,0,0,6,0,3,0,2,1,0,0,1,4,0,0,0,0,0,0,0,0,0,0,0,0,0,0,0,0,0,0,0,1,0,0,0,0,0,0,0,0,0,0,0,0,0,0,0,0,0,0,0,0,0,0,0,0,0,5,1,0,0,1,1,0,0,0,3,0,0,0,0,0,0,0,2,5,0,0,0,0,0,0,0,0,0,0,0,0,0,0,1,0,0,0,0,1,0,0,0,0,0,0,0,0,0,0,1,0,0,0,0,2,0,0,0,3,2,0,0,0,0,0,1,0,0,0,0,0,0,0,0,0,1,1,0,0,0,2,0,0,0,0,0,0,3,0,0,1,0,0,0,0,0,0,0,1,0,0,1,0,0,1,0,0,0,6,0,1,0,0,1,0,0,0,0,0,0,0,0,0,0,0,0,0,0,0,0,0,0,0,1,0,0,0,0,0,0,0,0,2,0,0,0,0,0,0,0,0,0,0,0,0,1,0,0,0,0,3,0,0,3,0,0,0,0,0,0,0,0,0,0,0,0,0,1,0,1,0,0,0,1,2,0,0,0,0,0,0,0,0,3,0,0,0,1,0,0,0,0,0,0,0,0,0,0,0,0,4,0,2,0,0,1,0,0,0,0,0,2,0,0,0,0,0,0,1,0,0,0,0,0,0,0,0,1,0,1,0,0,0,0,0,0,0,0,0,0,0,2,0,0,0,1,0,0,0,0,0,0,0,0,0,0,2,0,0,0,1,4,0,0,0,0,0,0,1,0,0,1,3,1,1,0,0,0,0,0,0,0,1,1,1,0,0,0,0,0,0,0,0,0,0,0,0,1,0,1,0,0,0,1,0,0,0,0,0,0,1,2,0,0,1,0,0,0,1,0,0,0,0,0,0,0,1,0,0,0,0,1,0,0,0,0,1,0,0,1,0,1,0,0,0,0,0,1,4,0,0,0,0,1,2,0,0,0,1,0,5,1,0,0,0,0,0,1,0,0,0,0,0,0,0,0,0,0,0,0,0,0,0,0,0,0,0,0,0,0,3,1,0,0,0,0,0,1,0,0,0,1,0,0,0,0,0,0,0,0,0,0,0,0,0,0,3,0,0,4,1,0,0,0,2,0,4,0,0,0,0,0,0,0,0,0,0,0,0,0,3,0,0,0,0,1,0,0,0,0,0,3,0,0,0,1,1,0,1,1,0,0,2,0,0,0,3,1,0,1,0,0,0,0,0,0,0,0,0,2,0,0,2,0,1,0,0,1,0,0,0,3,3,0,0,0,0,0,0,0,0,0,0,0,0,0,0,0,0,0,0,1,0,0,0,0,0,0,0,0,1,0,0,0,0,0,0,0,0,0,0,0,0,0,0,0,0,2,0,3,0,0,0,0,0,0,0,0,0,0,0,0,0,0,0,0,0,0,0,0,0,0,0,0,0,1,0,0,4,0,0,4,0,0,0,0,0,0,1,0,0,0,0,0,0,1,0,0,0,0,0,0,0,0,1,1,0,0,6,0,1,0,2,0,0,1,0,0,0,0,0,0,0,0,0,0,1,0,0,0,4,0,0,0,4,0,0,0,0,0,1,0,0,0,1,0,1,0,0,0,0,0,4,0,0,0,0,0,0,0,0,3,0,0,0,0,0,0,0,0,1,0,0,0,0,0,0,0,0,4,0,0,0,0,1,0,0,0,0,0,0,0,0,4,0,0,0,2,0,1,0,0,3,0,0,0,0,0,1,0,0,0,0,0,0,0,0,0,0,0,1,0,1,0,0,0,0,0,1,0,0,0,0,0,0,0,0,0,0,4,0,0,0,0,0,0,0,2,0,0,0,0,1,1,0,0,0,0,0,0,0,0,5,0,1,0,0,0,0,2,1,0,0,3,0,0,0,0,1,0,0,0,0,0,0,0,0,0,0,4,0,0,0,0,4,0,0,0,1,0,0,0,0,0,1,0,0,0,0,0,0,0,0,2,0,0,0,0,0,2,0,3,1,0,0,0,0,0,0,0,0,0,1,0,0,0,0,0,1,0,0,0,0,1,0,0,0,0,0,0,0,0,0,0,2,0,0,0,0,0,0,0,0,0,0,1,1,0,0,3,0,1,1,1,0,0,0,0,3,0,0,0,0,0,0,0,1,1,0,0,0,0,1,0,0,0,0,5,0,0,1,0,0,1,0,2,0,0,2,0,0,0,0,0,0,1,0,0,0,0,1,1,0,1,0,2,8,0,0,0,0,0,0,0,0
H1FX,2,0,1,0,0,1,0,4,1,0,0,2,0,0,0,0,0,1,0,0,0,1,0,0,0,5,1,0,0,0,0,0,0,3,0,0,1,0,0,0,2,0,0,0,2,0,1,1,2,0,0,1,2,2,2,0,0,1,1,1,0,0,0,1,0,0,1,0,0,0,0,13,0,2,0,0,0,0,0,0,1,0,1,0,0,0,1,2,0,1,0,1,2,0,1,1,0,0,0,1,0,0,1,0,0,1,0,0,0,0,1,0,6,0,0,1,6,0,0,0,0,1,0,0,0,1,2,0,0,0,0,3,0,2,0,0,2,1,1,0,0,0,0,0,3,0,1,0,3,0,0,0,1,0,1,2,3,0,1,0,0,0,3,0,0,5,1,1,0,1,2,0,0,0,0,0,0,0,0,0,0,0,0,0,0,0,0,1,0,1,1,1,1,0,0,0,0,0,0,0,0,0,1,4,0,0,0,1,0,1,0,0,0,0,1,0,0,0,1,1,0,0,1,1,3,0,0,0,0,0,0,0,1,3,1,0,0,0,2,2,2,0,0,0,0,0,1,0,1,0,0,0,0,2,0,1,1,1,0,0,1,0,0,3,0,0,1,0,0,0,0,3,0,2,0,0,5,2,0,0,2,1,1,2,1,0,1,0,1,0,0,1,0,1,1,2,0,0,4,0,2,0,0,1,0,0,0,0,2,0,0,0,0,0,0,2,1,0,0,2,3,1,0,0,0,0,0,3,1,2,0,0,2,0,0,1,1,1,1,0,3,1,2,5,0,1,0,0,0,0,0,3,4,0,0,0,4,0,4,0,2,0,0,0,0,1,3,2,0,0,0,0,1,0,1,6,1,2,2,1,2,1,0,0,0,0,1,0,1,1,1,0,1,4,1,0,0,4,0,1,0,0,0,2,0,5,0,0,2,0,0,0,0,0,1,2,0,0,0,1,1,5,3,0,0,0,0,0,0,0,2,0,0,0,0,0,0,0,0,0,0,0,6,0,5,2,0,0,0,0,1,1,0,0,1,2,2,3,0,0,3,4,0,4,3,1,0,0,0,1,0,1,0,3,0,0,0,2,0,1,0,1,1,0,0,0,0,4,0,0,0,0,2,0,2,0,2,1,0,0,1,0,1,0,1,0,2,3,3,3,0,0,0,0,0,3,0,0,0,0,3,1,0,0,0,0,2,1,0,0,1,3,3,1,1,0,0,1,0,1,5,2,0,1,0,0,2,0,3,0,0,2,0,0,0,0,0,0,0,2,0,2,5,0,2,0,0,0,3,0,1,1,0,0,0,4,1,0,2,1,0,0,0,0,1,0,0,0,0,0,0,3,1,1,0,0,0,0,4,0,1,0,0,1,0,2,0,1,1,1,0,5,0,0,1,0,0,0,0,1,1,1,0,1,1,0,0,1,0,1,4,0,0,0,1,0,2,3,0,0,1,0,1,0,0,2,22,1,0,0,0,1,0,0,2,0,0,0,1,1,2,0,0,0,0,0,0,0,1,0,0,1,0,0,1,8,0,0,0,2,0,3,0,0,2,0,0,1,1,0,0,0,1,1,0,0,0,1,1,1,0,2,12,0,0,1,0,1,0,0,1,0,0,1,2,2,0,0,0,0,0,1,0,3,0,1,0,1,1,0,0,0,0,0,1,0,1,0,0,0,1,0,0,2,0,0,1,1,0,1,1,2,1,0,2,1,0,1,1,0,0,0,0,1,1,0,1,0,0,0,0,0,0,0,2,0,0,0,1,2,0,2,0,0,0,2,0,1,0,0,1,0,1,0,0,1,1,0,0,1,1,1,3,0,1,0,0,2,0,0,0,2,3,3,0,3,0,0,0,0,2,0,11,0,0,2,0,0,0,0,0,1,0,0,0,0,0,0,0,0,1,1,4,3,0,0,0,1,0,1,0,0,0,1,1,0,0,0,1,2,0,0,1,0,0,3,0,1,0,0,0,0,5,0,1,2,1,0,0,2,0,0,0,1,0,3,4,0,1,0,1,0,0,2,0,2,0,0,0,0,1,3,0,0,0,0,0,0,6,0,0,0,0,0,2,2,0,0,1,0,0,6,0,0,1,1,2,1,1,0,0,0,2,0,0,0,3,0,0,3,0,3,0,2,0,2,0,1,1,0,0,0,0,0,1,0,0,2,0,1,2,0,6,0,1,0,0,0,0,3,1,3,0,1,0,0,0,0,1,0,0,1,2,6,1,0,0,0,1,0,0,1,0,1,0,0,0,0,0,1,0,1,3,0,1,0,2,0,0,0,2,0,0,1,0,0,1,0,0,0,0,2,0,1,0,0,0,0,0,0,0,4,0,0,0,0,0,0,0,0,0,1,0,1,0,2,0,1,0,0,0,2,1,3,0,0,1,3,0,1,0,1,0,1,2,0,1,0,0,2,0,0,1,0,0,4,3,0,0,2,2,1,0,1,1,0,0,0,5,1,2,0,1,2,1,0,0,0,1,1,0,0,0,0,1,1,2,1,1,0,0,1,0,2,2,1,0,0,2,1,0,1,3,0,0,0,0,0,0,3,0,0,4,0,1,0,0,2,0,0,0,3,1,1,1,0,0,0,7,0,1,0,8,4,1,0,0,0,1,1,0,0,0,0,1,0,0,0,0,0,0,1,0,2,3,1,0,0,0,0,0,0,3,0,0,1,0,1,0,0,0,2,0,0,0,0,1,1,0,3,0,0,1,2,0,0,0,0,0,0,0,0,0,2,0,3,0,1,1,0,0,0,0,0,0,0,0,0,0,0,1,0,0,0,1,0,0,0,1,0,0,1,1,0,1,0,1,6,2,0,0,0,0,2,0,0,1,0,0,0,1,0,1,0,0,0,0,0,0,0,0,0,0,0,1,0,0,0,0,0,0,0,3,1,0,0,1,1,0,0,0,1,1,0,0,1,7,0,0,0,1,0,1,0,2,0,1,2,1,1,0,0,4,3,2,0,0,0,0,0,0,0,1,3,0,0,0,0,3,0,5,2,1,0,0,2,1,2,8,0,0,0,0,0,2,0,0,1,0,0,0,3,0,3,0,1,2,0,0,1,1,0,2,0,0,1,1,2,0,1,0,0,0,2,2,1,0,0,1,1,0,0,0,1,0,0,1,0,2,0,0,2,2,0,0,0,0,0,3,3,0,0,1,0,1,2,0,1,0,8,0,0,1,0,0,2,0,2,0,6,0,0,0,0,0,0,2,0,0,1,0,0,0,0,2,0,0,1,1,2,0,0,0,0,0,1,2,1,0,0,1,0,2,1,2,0,0,0,0,2,1,0,0,1,0,2,0,0,0,1,2,0,0,0,2,0,0,2,1,1,1,5,1,3,0,2,0,1,1,0,0,3,0,0,0,0,0,0,0,1,0,1,0,0,0,4,1,0,0,0,0,1,1,0,1,0,0,4,0,0,2,0,0,0,0,1,1,4,1,1,2,3,0,1,0,0
CEBPD,0,3,0,0,0,0,3,0,0,0,0,0,1,0,0,1,0,0,0,0,1,0,3,2,0,0,0,0,2,0,0,0,0,0,0,0,0,0,1,0,0,0,0,0,0,0,0,0,0,0,0,0,0,2,0,0,0,0,0,0,3,0,0,3,1,0,0,0,1,0,1,0,0,0,0,0,1,4,0,3,0,0,0,0,0,0,0,0,0,0,0,0,0,1,0,1,0,0,0,0,1,0,0,0,2,1,0,0,1,0,0,0,0,1,0,1,0,0,3,0,0,2,3,0,0,0,0,0,0,0,0,0,0,0,0,0,0,0,2,0,0,2,0,0,1,2,3,0,1,1,0,0,0,0,0,0,0,0,0,2,0,0,2,1,1,0,1,0,5,3,0,1,1,0,2,0,0,0,0,1,0,0,0,0,1,0,0,0,0,1,0,0,0,0,0,0,0,0,0,0,1,0,0,0,0,0,0,0,0,0,0,0,2,0,1,0,0,4,0,2,0,0,0,0,1,1,0,1,0,0,0,0,7,2,1,0,0,0,0,0,1,0,0,0,0,0,0,0,3,0,0,1,0,0,0,0,0,0,0,1,0,0,0,1,0,0,0,0,0,2,0,5,3,0,0,0,0,5,0,0,1,2,0,0,0,0,0,0,0,0,0,0,1,0,0,0,0,0,0,0,0,0,0,0,2,0,0,0,0,0,0,0,0,0,0,0,0,0,0,0,0,0,6,0,0,0,0,0,0,0,0,3,0,0,0,0,0,0,0,2,1,0,2,0,0,0,0,3,0,2,0,0,2,0,0,0,0,0,2,0,1,0,1,1,0,0,0,0,0,0,0,2,1,0,0,2,0,0,0,5,1,0,1,0,0,0,0,0,0,1,0,2,0,6,0,0,0,0,0,0,0,0,0,1,1,0,0,0,0,0,0,0,0,0,0,9,0,0,0,0,1,0,0,1,2,0,0,1,0,0,0,0,0,1,0,0,1,0,0,5,0,0,4,0,0,3,1,1,0,1,0,0,0,0,5,0,0,2,6,0,0,0,0,0,0,0,0,0,2,0,1,0,0,0,0,0,3,0,0,0,0,0,0,0,0,0,0,0,0,1,0,0,0,0,0,0,0,0,0,2,2,0,0,0,0,0,0,18,0,0,0,0,0,0,0,0,0,0,0,0,0,0,0,0,2,1,0,0,2,0,0,0,0,0,0,2,0,0,0,0,0,0,0,0,0,0,2,0,0,0,1,5,0,0,1,1,0,1,0,0,0,0,0,0,0,0,0,0,0,0,0,0,0,0,0,4,0,0,1,0,0,1,0,3,0,0,0,0,0,1,0,0,0,1,0,0,0,0,0,0,0,2,0,0,0,7,2,0,0,0,0,0,0,0,0,0,0,0,1,2,0,0,0,0,0,0,0,0,0,0,0,0,0,0,0,0,0,0,0,0,0,0,1,0,0,0,0,0,0,0,0,0,0,0,0,1,0,0,0,0,1,0,0,2,0,0,2,0,0,0,0,0,0,0,0,0,1,3,0,0,1,18,0,1,0,1,1,1,2,0,0,0,0,0,0,0,0,0,0,0,0,0,0,0,0,3,0,0,0,0,0,2,0,1,0,0,0,0,0,0,0,0,0,0,0,0,0,0,0,0,0,0,0,0,0,0,2,0,0,0,0,0,2,0,0,3,0,0,0,0,0,0,0,0,0,0,0,0,0,0,0,2,0,0,0,0,3,0,0,0,0,0,0,0,0,0,2,0,1,0,3,0,0,0,1,0,0,0,0,0,0,0,0,1,0,0,0,0,1,0,0,0,0,0,3,0,0,0,0,0,0,2,0,0,0,0,3,0,1,2,1,0,0,0,0,0,0,0,0,0,0,0,0,1,0,0,0,0,6,0,0,2,0,0,0,0,0,0,0,0,0,1,0,0,1,0,0,4,0,0,0,0,0,0,0,0,0,2,1,0,0,3,4,0,0,0,0,0,0,0,0,0,2,3,0,0,0,0,0,0,0,0,0,0,0,4,0,0,1,0,0,0,0,0,0,0,0,1,4,3,1,0,0,0,1,0,0,0,0,0,0,4,1,0,0,3,0,0,0,2,3,0,0,0,0,0,0,3,0,0,0,0,1,0,0,0,0,1,0,1,0,0,2,0,0,0,0,0,0,1,0,0,0,1,5,2,0,0,0,0,0,0,2,0,0,0,0,0,0,0,0,0,0,3,1,0,0,0,0,0,0,0,0,0,0,0,0,0,0,0,0,2,0,0,0,0,0,0,1,0,0,0,0,0,0,0,0,0,1,0,0,0,0,0,0,0,0,2,0,0,0,4,0,0,0,0,0,3,1,0,0,0,0,0,0,0,0,0,0,0,0,0,0,0,0,0,1,0,0,0,0,0,0,0,0,0,0,1,0,1,0,0,0,1,0,0,0,0,0,2,0,0,0,0,0,2,2,0,0,0,0,0,1,2,0,0,0,1,0,0,0,3,0,2,1,0,3,0,0,0,0,0,0,0,0,0,1,0,0,0,0,0,1,0,0,0,2,1,0,0,0,1,2,1,0,1,0,0,0,0,2,0,1,0,0,0,0,0,0,0,2,0,0,4,0,0,0,0,0,0,0,0,0,0,0,0,0,0,0,0,0,0,0,0,0,0,1,0,0,3,0,0,1,0,1,0,0,0,1,0,0,0,0,0,1,0,0,0,0,0,0,0,0,0,0,0,0,0,0,3,0,0,1,7,0,0,1,0,0,0,0,1,0,0,0,0,2,0,0,0,1,1,0,0,0,0,0,0,0,0,0,0,0,0,0,0,0,0,0,0,1,0,1,0,0,0,2,0,0,0,0,0,1,3,0,0,1,0,0,0,0,1,0,0,0,0,0,0,3,0,1,0,1,0,0,0,1,0,0,3,0,1,0,0,0,0,2,0,0,0,0,0,0,6,0,0,2,0,0,0,0,0,0,1,0,0,0,0,0,0,0,0,0,2,0,0,0,0,0,2,0,0,0,0,0,0,0,0,0,0,0,0,0,0,0,1,0,0,0,0,0,1,0,0,1,0,0,0,0,0,0,0,0,2,2,4,0,1,0,0,1,0,0,0,1,0,0,0,0,3,1,0,0,0,0,0,0,0,0,0,2,1,0,0,0,0,0,1,0,1,0,1,0,0,1,1,0,0,0,0,0,0,0,0,2,0,0,2,0,0,1,1,1,0,0,0,0,0,0,0,0,0,0,0,0,0,0,0,0,2,0,0,0,0,0,0,0,0,0,2,0,0,0,0,0,3,0,0,0,1,0,0,0,0,0,0,2,2,0,1,0,0,0,0,5,0,0,0,0,2,0,0,0,0,0,1,0,2,0,0,0,0,0,1,0,0,0,0,1,0,0,0,0,0,0,0,0,0,0,0,0,0,0,0,0,0,0,0,0,0,0,0,0,0,0,0,0,0,0,0,0,0,0,0,0,0
IL4R,0,0,0,0,0,0,0,0,0,0,0,1,0,0,0,0,0,0,0,0,0,1,0,1,0,0,0,0,0,1,0,0,1,0,0,0,1,0,2,0,1,0,0,0,0,2,0,0,1,0,0,1,0,0,0,0,0,0,0,0,0,0,0,0,0,0,0,0,0,1,0,0,0,0,0,0,1,0,0,0,0,0,0,0,0,2,0,0,0,0,0,1,0,0,0,0,0,2,0,0,0,0,0,0,0,0,0,0,0,0,0,1,0,0,0,0,1,0,0,0,0,0,1,1,0,0,0,1,2,0,0,0,1,1,1,0,0,1,0,0,0,0,0,0,0,0,0,0,0,0,0,0,0,0,0,0,0,0,0,0,0,0,0,1,0,1,0,0,1,0,0,0,0,0,0,0,0,0,0,0,0,0,0,1,0,0,1,0,0,0,0,0,1,0,0,0,0,0,0,1,0,0,1,1,0,0,2,0,0,0,0,0,1,0,0,0,0,0,0,0,0,2,0,2,0,0,0,1,0,0,0,0,1,0,0,1,0,3,0,1,0,1,0,0,0,1,0,0,0,0,0,0,2,0,4,0,0,0,1,0,0,0,0,0,1,0,0,0,0,0,0,0,0,0,0,0,1,0,0,0,0,1,0,0,0,1,0,0,0,0,0,0,0,0,0,0,0,0,0,0,0,0,0,1,0,1,0,0,0,1,1,0,2,0,0,2,0,0,1,0,0,1,0,0,0,0,0,4,3,1,0,0,0,0,0,0,0,0,1,0,0,0,0,1,1,0,0,0,1,0,0,1,0,0,0,0,0,0,1,0,0,0,0,0,0,0,1,0,0,0,0,0,0,0,0,0,1,0,1,0,0,0,1,0,0,0,0,1,0,0,1,2,0,0,0,0,0,0,0,0,0,0,0,0,0,0,1,0,4,0,0,0,0,0,1,0,1,4,0,0,0,0,0,0,0,0,0,0,0,0,0,0,1,0,0,1,0,0,0,0,0,0,0,0,2,0,0,0,4,0,1,0,0,0,0,0,0,0,1,2,0,0,0,0,0,0,0,0,0,0,0,0,0,0,0,0,0,0,0,0,1,0,0,0,0,3,0,0,0,0,1,0,0,0,0,0,1,0,1,0,1,0,0,0,0,0,0,0,0,0,0,0,1,1,0,0,0,0,0,0,0,0,0,1,1,0,0,2,0,0,1,0,0,0,0,0,0,1,1,0,0,1,0,0,0,0,0,0,0,3,0,0,0,1,0,0,4,0,0,0,0,0,3,0,0,0,0,0,0,0,0,0,1,0,1,0,0,0,0,0,2,0,1,0,0,0,0,0,0,0,0,0,0,0,0,0,0,0,0,3,0,0,0,0,0,1,1,0,1,0,0,3,0,0,0,1,0,0,0,0,0,1,0,0,0,0,0,0,0,0,1,0,0,1,0,0,0,0,0,0,0,0,0,0,0,2,0,0,1,0,0,0,0,0,0,0,1,0,0,0,0,0,0,1,0,0,0,0,2,0,0,0,0,0,0,0,0,0,0,0,0,0,1,0,0,0,0,0,1,0,0,0,0,0,0,0,0,0,5,0,0,0,0,1,1,0,0,0,0,0,0,0,2,0,0,0,0,0,0,0,0,0,0,0,1,0,0,0,0,0,0,0,1,0,0,0,0,0,0,0,0,0,0,0,0,0,1,0,0,0,0,0,0,0,2,0,0,6,0,0,0,0,0,0,0,1,0,0,0,0,0,0,0,0,0,0,0,0,0,0,0,0,0,0,0,0,0,0,0,0,0,0,0,0,0,0,0,0,0,0,0,0,6,0,0,0,0,1,0,0,0,0,0,0,0,0,0,0,0,0,0,1,0,0,2,0,0,0,0,0,0,0,1,0,0,0,0,0,0,0,0,0,0,0,0,0,0,1,0,0,0,0,1,0,0,0,0,0,0,0,1,0,0,0,0,0,0,0,0,0,0,0,0,0,1,0,0,0,2,0,1,1,0,0,0,0,4,0,4,0,1,0,1,0,0,0,1,1,2,0,3,0,0,0,0,1,1,0,0,0,0,0,0,0,0,1,2,0,1,0,0,0,0,0,0,0,0,1,0,0,0,0,0,1,0,0,0,0,1,0,0,1,0,0,4,0,0,0,0,0,1,0,0,0,0,0,0,0,0,0,1,0,0,0,0,0,0,0,0,0,0,0,0,0,0,0,0,0,0,0,0,1,0,1,0,0,0,1,0,0,0,0,0,0,0,0,0,0,2,1,0,0,0,0,0,0,0,0,0,0,0,0,0,0,0,0,0,0,0,0,1,0,0,0,0,0,0,0,0,1,0,0,2,0,0,0,0,0,0,0,0,0,0,0,0,0,0,0,0,0,0,0,0,1,0,0,0,0,0,0,0,0,0,0,0,0,0,0,0,0,0,0,1,0,0,0,0,0,0,0,0,0,0,0,0,0,0,0,0,3,0,0,0,0,0,0,0,0,0,0,1,0,0,0,0,0,0,0,0,0,0,0,0,1,2,0,0,0,0,0,0,0,1,0,0,0,0,0,0,0,0,0,0,0,0,0,2,0,0,0,0,0,0,0,0,0,0,0,0,0,0,0,0,1,3,0,0,1,0,0,0,0,0,0,0,0,0,0,0,0,0,0,0,0,0,0,0,0,0,1,2,1,0,0,0,0,0,0,0,0,0,0,0,0,0,0,1,0,3,0,0,0,0,0,0,0,0,0,0,0,0,0,0,0,0,0,0,0,0,0,0,1,0,0,1,0,0,0,1,2,0,0,0,0,0,0,0,0,0,0,0,0,0,0,0,2,1,0,0,0,0,0,0,0,0,0,0,0,0,0,0,0,1,0,0,0,0,1,0,0,0,0,0,0,0,0,0,0,0,0,0,0,0,0,0,0,0,1,0,0,3,0,1,0,0,3,1,0,0,0,0,1,0,0,0,0,0,0,0,0,1,0,0,0,0,0,0,1,0,0,0,1,0,0,0,2,0,3,0,0,0,0,1,2,0,0,0,0,1,0,0,0,1,0,0,0,0,0,0,0,0,0,0,0,0,0,0,0,0,0,0,0,0,0,0,1,0,0,1,0,0,0,0,0,0,1,0,0,0,0,0,0,0,0,2,0,0,0,0,0,2,0,0,0,0,0,0,0,0,0,0,0,0,0,0,0,0,0,0,0,0,0,0,0,0,0,0,0,0,1,0,0,0,0,1,0,0,2,1,0,0,0,1,0,0,0,0,0,1,0,0,0,0,0,0,0,0,1,0,0,0,0,1,0,0,0,0,0,1,1,2,0,0,0,0,0,0,0,0,0,0,0,0,0,0,0,1,1,0,0,1,0,0,0,0,0,0,0,0,0,0,0,0,1,0,0,0,0,0,1,1,0,0,0,0,0,0,1,0,0,0,0,0,0,1,0,0,0,0,0,0,0,0,0,1,1,0,0,2,0,0,0,0,0,0,0
BTG2,4,0,0,0,1,0,1,2,1,0,1,1,2,4,1,1,0,1,0,1,2,0,0,0,1,1,1,1,5,0,1,0,0,4,0,0,0,2,0,2,2,0,1,4,1,1,4,1,0,1,0,1,1,1,3,0,1,1,0,0,2,0,1,2,0,2,2,0,0,3,0,4,2,0,1,0,1,1,1,1,0,1,0,1,3,2,2,0,0,1,0,0,1,1,0,0,0,0,0,1,1,3,0,3,0,0,3,4,1,1,1,2,0,0,1,1,1,0,0,0,1,0,3,0,1,1,0,0,3,1,0,2,5,1,1,1,0,0,0,1,0,0,3,0,1,1,1,2,8,0,1,1,1,4,1,1,0,1,1,1,3,1,3,1,0,0,0,2,2,0,3,0,1,4,0,0,2,0,1,2,0,1,1,1,0,0,1,0,0,0,2,0,2,2,2,1,0,3,0,0,0,6,1,1,1,0,2,2,1,0,0,0,0,1,1,2,0,4,1,1,1,2,1,1,8,2,3,0,1,3,1,3,2,1,0,1,1,2,1,0,0,0,0,1,0,1,0,1,1,0,0,1,1,0,1,2,0,2,1,0,0,0,0,3,2,3,1,1,1,0,4,1,3,0,1,1,0,1,1,3,0,0,1,2,0,2,0,1,1,1,1,1,0,1,1,2,0,0,1,0,3,2,3,5,0,2,1,0,5,3,0,0,0,1,0,1,0,2,0,1,0,1,0,1,0,3,1,2,0,0,4,1,1,0,0,3,2,1,3,1,1,1,0,3,0,2,0,0,3,3,0,1,0,1,0,0,1,2,1,0,2,0,0,1,0,9,0,1,3,2,0,0,1,1,3,2,1,2,4,2,0,1,2,5,1,1,2,0,2,0,2,1,1,7,1,1,2,3,3,1,0,0,1,1,0,0,1,0,4,1,2,2,0,0,1,3,3,1,0,1,2,0,3,0,2,1,0,4,1,1,0,2,0,1,3,2,0,2,1,0,3,4,3,1,1,0,0,0,1,0,1,1,0,0,2,1,0,1,0,0,3,2,0,1,3,2,1,2,1,1,1,1,0,4,0,1,1,5,0,1,0,6,0,4,0,0,0,2,0,0,0,0,1,0,1,0,0,2,1,0,0,0,1,0,3,0,0,4,0,0,0,0,0,0,0,0,1,0,0,1,0,2,0,0,4,0,0,0,3,0,1,0,0,0,1,3,1,6,2,0,1,2,2,2,0,6,0,0,1,1,1,2,2,1,0,2,0,1,1,0,0,2,0,1,3,0,5,0,2,0,0,0,0,1,2,0,0,3,0,0,1,0,2,0,0,0,0,0,1,0,2,1,1,1,0,1,0,0,1,1,2,0,0,0,2,3,0,1,0,1,3,0,3,3,2,2,1,0,0,0,2,4,3,2,3,0,1,1,2,1,1,1,1,2,1,0,1,2,0,0,3,0,0,0,2,1,10,0,2,0,0,2,0,0,2,0,3,0,2,2,1,2,0,1,2,2,0,0,0,0,2,2,1,1,2,2,0,0,1,1,0,4,2,1,0,3,4,0,0,1,0,1,2,1,2,3,0,2,0,0,1,1,0,1,0,1,1,3,0,7,5,5,1,2,1,3,0,6,1,1,0,1,1,1,1,2,1,0,0,0,5,0,0,1,1,0,1,1,1,0,1,0,0,1,0,0,1,2,1,1,10,3,0,4,1,2,1,1,1,4,0,0,1,3,1,1,0,0,2,2,1,1,1,0,0,0,0,0,2,1,0,2,1,3,1,3,0,1,1,3,0,3,0,0,1,0,1,2,0,3,2,1,0,0,0,0,3,0,3,3,3,1,1,0,1,2,0,1,1,1,0,0,2,0,0,5,1,1,3,0,0,2,1,0,1,1,2,0,2,1,0,0,0,0,0,1,1,1,0,4,0,0,0,2,4,0,0,1,3,1,1,0,6,0,1,4,1,0,0,0,6,0,0,0,0,0,1,0,1,2,0,0,1,0,0,1,0,0,1,1,0,1,2,0,1,3,0,1,0,0,2,2,4,0,2,0,1,1,3,0,0,1,3,3,0,1,2,2,1,0,0,3,0,2,1,2,2,0,0,5,0,0,0,2,0,1,2,5,0,0,2,4,1,0,0,3,1,0,1,0,0,2,1,1,0,1,6,2,1,0,3,0,2,0,0,0,1,0,3,0,0,3,0,1,3,1,0,1,0,0,1,1,2,0,0,4,3,3,0,1,1,0,0,0,1,3,1,0,0,1,0,1,3,3,3,0,0,0,0,2,1,1,0,1,0,4,0,0,2,2,1,0,3,2,1,1,3,1,1,0,1,2,0,0,0,0,3,0,0,1,2,3,1,0,3,1,1,1,0,0,6,0,1,3,0,0,0,0,1,0,0,2,2,0,0,4,0,2,0,1,0,2,1,0,0,2,2,3,0,0,1,0,1,2,0,1,1,0,2,0,0,3,1,0,2,0,3,0,1,1,2,0,5,1,0,1,2,3,1,1,1,3,0,6,0,0,0,2,2,4,1,1,0,2,0,2,0,1,1,0,0,1,1,0,0,1,0,0,0,0,1,2,0,0,1,1,0,0,2,1,1,1,2,3,0,1,1,0,2,0,2,0,3,0,0,0,1,1,0,2,0,0,1,0,0,0,1,0,3,2,0,1,4,0,2,1,0,1,0,0,2,3,0,0,1,11,1,1,1,2,3,1,1,0,0,1,0,1,0,0,1,1,1,2,1,0,2,1,0,2,0,2,0,0,0,0,0,3,0,2,0,2,0,0,0,1,0,0,0,4,3,4,1,0,2,1,2,2,2,0,1,0,0,1,0,1,1,2,0,0,0,0,0,0,3,1,0,2,0,3,0,0,0,2,0,1,0,6,1,1,2,4,1,2,2,0,4,1,0,1,0,1,4,1,0,3,0,1,0,4,3,1,2,0,0,1,1,1,0,1,0,1,2,2,5,1,0,0,1,0,1,0,0,0,0,0,1,3,2,0,2,2,0,2,1,0,0,1,3,0,1,1,0,0,2,0,1,0,0,3,0,8,0,1,5,4,2,0,1,0,0,1,0,1,1,2,0,3,0,3,0,1,0,3,1,0,1,0,5,2,0,3,0,3,2,2,4,0,3,0,1,0,2,3,1,1,0,0,1,1,2,0,0,4,2,1,1,0,0,2,2,1,3,1,0,3,0,5,1,1,1,0,3,0,1,0,0,0,5,1,0,1,0,1,0,2,1,1,0,0,3,0,1,0,0,1,4,1,0,1,3,2,0,1,3,0,2,0,1,2,3,0,0,3,0,0,1,0,6,0,1,0,0,0,3,0,0,0,2,2,1,2,3,0,2,0,2,0,1,2,0,1,1,2,1,0,0,7,1,0,0,3,1,1,1,2,0,0,2,0,0,3,2,1,1,3,3,1,1,1,1,0,2,3,0,0,2,3,3,2,1,9,0,0,1,0
NPM1,5,0,3,0,1,2,1,10,5,6,6,3,1,3,5,7,5,2,0,9,4,7,3,1,6,3,3,2,1,5,8,2,5,6,0,2,6,11,5,2,7,4,2,4,4,3,3,1,9,10,2,3,2,3,4,1,2,12,4,4,3,4,3,0,4,4,10,0,0,10,1,14,5,0,2,0,2,5,0,3,10,1,1,0,1,9,5,6,0,5,9,2,6,1,7,3,1,2,3,9,2,7,1,10,1,1,0,0,3,4,3,8,0,9,3,9,2,5,2,4,4,1,3,1,7,7,4,1,1,3,5,5,3,1,7,6,3,7,1,2,1,4,10,5,11,1,4,1,13,1,3,0,4,5,3,10,3,1,2,3,2,10,4,1,0,6,3,5,1,13,7,2,14,6,2,3,5,4,4,7,1,2,7,3,3,5,8,10,2,3,7,6,10,7,10,7,4,2,0,5,0,3,3,1,8,1,4,4,7,4,9,0,1,1,2,1,8,6,8,0,4,2,6,3,13,0,3,1,11,6,6,8,3,8,1,1,0,1,3,1,2,3,6,1,5,2,3,3,7,2,5,0,6,1,3,9,3,8,3,4,9,1,4,2,6,3,5,2,5,2,0,4,1,2,4,4,3,5,3,10,1,0,9,6,14,9,9,2,11,5,8,3,2,2,3,5,4,4,4,1,3,7,3,12,4,4,4,0,4,10,4,2,6,2,1,1,3,10,2,6,3,1,1,1,2,2,1,14,3,7,3,3,9,0,0,1,2,0,4,1,4,4,2,6,5,7,3,2,5,5,4,2,4,6,1,2,3,10,5,0,6,5,6,0,7,1,26,6,7,4,3,1,2,6,3,12,5,3,3,3,1,0,7,5,2,0,9,7,5,1,4,9,0,8,4,0,6,7,1,0,0,7,1,7,3,8,1,1,5,2,9,1,1,6,3,9,1,3,4,1,4,8,6,0,2,3,2,2,4,6,0,2,5,1,2,3,4,2,7,7,1,15,10,2,4,8,4,4,9,1,2,4,0,0,3,10,4,4,1,4,2,3,6,2,3,8,6,14,2,1,0,1,2,7,7,3,1,4,3,3,2,8,0,8,2,8,1,10,3,3,6,7,4,2,4,3,4,7,1,1,2,2,2,2,5,4,4,11,3,6,0,1,5,5,6,4,2,1,5,1,7,5,5,3,2,4,2,3,5,6,3,7,5,1,12,5,2,10,8,8,74,10,4,2,8,2,1,1,6,4,14,5,1,0,2,4,4,5,4,2,1,12,5,1,9,5,1,3,8,1,11,2,10,9,6,2,3,10,2,2,3,1,8,3,2,5,7,0,0,0,2,1,1,7,7,5,6,3,3,0,6,8,3,4,3,7,2,4,1,5,0,5,2,3,10,2,4,4,0,3,3,7,3,1,2,2,7,3,6,6,1,5,3,1,0,4,3,12,5,3,5,0,7,8,0,1,5,10,6,1,0,2,4,1,3,2,3,1,1,0,3,5,2,1,11,2,1,2,5,3,5,9,3,3,9,11,1,3,10,5,1,11,5,11,0,13,1,4,2,1,8,0,4,0,3,5,0,4,2,2,2,6,7,3,1,0,10,5,2,15,3,1,7,7,1,4,2,3,5,3,6,5,1,7,1,4,1,6,1,1,5,5,1,1,3,6,2,0,3,3,0,5,2,1,6,1,2,2,5,1,3,3,3,11,1,3,3,3,4,5,0,2,1,8,0,0,4,1,11,4,7,1,7,2,0,1,2,2,0,10,1,5,1,6,5,2,3,3,7,10,3,3,2,0,4,3,2,10,6,3,8,0,2,8,8,4,0,3,3,4,3,0,3,0,6,7,1,4,3,1,2,1,14,5,5,11,7,2,6,3,3,0,5,0,5,4,2,3,1,6,2,3,5,2,6,6,2,10,0,8,1,1,0,3,4,3,2,0,8,1,9,8,7,2,2,1,5,2,4,4,7,1,2,1,9,2,4,8,3,1,6,7,0,4,6,1,3,3,5,7,4,0,1,3,0,5,7,8,5,6,5,4,6,6,9,0,1,2,10,4,6,4,4,8,1,3,2,2,5,5,3,10,2,1,7,2,5,6,0,13,0,5,4,3,4,2,2,5,3,2,3,3,2,2,3,7,2,2,5,10,1,3,0,4,2,2,7,2,8,3,1,1,0,1,0,5,3,1,7,3,5,17,2,3,7,1,7,4,1,5,0,0,4,4,2,4,2,2,6,3,4,3,4,1,1,4,1,1,1,4,5,0,5,0,10,3,4,4,0,3,10,2,0,2,4,4,8,3,1,10,3,1,2,2,3,2,4,3,7,12,12,25,0,6,1,4,8,4,0,5,3,2,2,1,6,4,6,3,10,3,9,0,6,8,7,3,0,3,6,7,11,9,2,1,0,4,1,0,5,2,5,3,1,0,8,3,12,0,0,5,3,1,3,7,4,2,3,4,3,2,2,9,8,10,7,1,0,3,1,4,8,1,1,3,1,6,2,6,2,4,7,7,6,2,2,7,3,0,3,6,3,3,4,4,2,11,1,11,3,4,5,2,11,5,2,1,2,6,0,5,3,5,5,3,3,2,3,6,5,0,0,5,1,8,3,1,3,3,5,3,3,3,3,1,3,3,4,6,0,1,7,1,5,6,11,3,1,5,3,6,12,5,2,6,4,8,2,2,0,3,2,5,3,2,8,6,3,2,2,4,2,8,3,4,0,4,2,4,5,4,1,4,1,1,5,7,3,2,4,0,10,12,4,6,5,7,0,2,5,6,1,4,4,3,3,4,3,7,4,5,0,4,8,3,8,6,2,37,2,6,5,9,3,0,4,7,1,2,5,4,14,8,8,4,1,0,1,1,2,2,1,0,2,7,5,6,3,3,2,3,4,5,4,11,3,1,3,7,0,3,3,4,3,3,0,3,1,6,3,6,4,3,2,3,3,2,1,5,9,11,5,2,5,0,11,4,3,8,1,6,3,2,1,2,1,5,3,9,5,7,6,3,4,4,1,2,7,5,35,2,1,3,6,1,4,2,4,3,3,0,5,13,3,1,2,4,5,7,1,2,4,3,0,4,1,5,3,7,0,5,3,1,7,4,10,4,4,4,3,3,2,4,2,7,2,2,3,6,8,9,9,3,2,7,12,3,3,1,7,11,1,0,4,6,2,1,0,6,1,1,9,5,5,1,1,2,6,8,6,2,1,3,6,2,2,1,9,12,3,7,6,5,2,4,2,10,2,4,7,1,6,9,4,7,0,2,5,5,3,1,5,11,3,3,3,3,4,3,5,4,6,2,4,7,7,0,1,3,2,2,3,1,4,2,11,4,5,4,4,3,0,6,2,3,12,2,12,5,6,4,1,3,8,5,4,5,1,5,3,7,2,4,1,4,0,3,1,1,1,1,5,5,6,3,7,8,9,14,4,3,3,0,1,4,2,4,0,8,3,4,3,15,6,1,8,5
TAGLN2,3,2,0,2,0,2,2,3,0,0,5,1,3,1,0,4,0,1,1,0,0,1,2,3,0,2,1,0,0,2,0,1,2,13,2,0,1,0,1,0,0,2,1,2,1,1,1,0,0,1,1,1,0,3,2,1,0,2,0,5,6,1,1,1,0,1,0,9,2,0,0,8,0,1,3,2,2,2,3,2,3,1,0,4,1,3,1,2,1,2,3,2,2,0,3,3,1,1,0,10,0,0,0,0,0,1,1,0,3,3,1,1,1,1,0,0,2,2,0,0,0,1,8,0,4,3,1,2,1,0,0,0,0,1,0,0,0,0,0,1,1,0,1,0,6,2,1,1,7,0,5,0,2,1,3,2,1,1,0,0,1,1,3,0,1,0,1,1,4,9,2,2,1,0,0,0,0,3,0,0,2,0,2,2,4,3,0,1,1,0,1,2,1,1,0,0,1,0,9,2,0,0,4,1,2,0,0,2,1,1,1,2,0,1,0,1,0,0,4,8,0,1,6,1,7,1,1,0,1,1,1,2,1,0,1,0,0,4,2,2,1,0,0,1,2,0,1,1,2,0,3,0,2,1,1,0,1,0,0,1,0,0,3,0,1,1,0,1,2,1,0,7,2,1,0,0,2,3,5,1,0,1,0,4,0,1,0,1,0,0,5,1,1,0,2,0,1,1,1,2,0,0,0,0,2,0,0,0,2,0,0,0,0,4,0,2,0,3,1,2,1,3,8,0,1,0,0,4,0,0,0,2,0,2,2,0,1,0,1,3,2,6,2,0,1,2,1,0,1,0,0,0,1,1,1,1,2,1,3,1,0,0,2,1,1,0,26,4,0,0,1,3,0,1,1,11,0,2,0,2,2,0,2,0,0,1,0,4,0,0,0,6,0,3,1,3,3,5,0,1,0,5,3,3,3,1,1,5,3,0,0,4,2,0,1,2,2,1,0,1,1,1,6,1,0,0,0,4,0,2,0,0,4,1,1,1,0,1,1,4,1,4,7,0,1,4,0,0,2,0,2,2,3,1,2,0,1,2,3,3,5,2,0,1,1,2,1,0,1,1,0,1,4,1,1,0,0,0,2,1,1,0,3,0,0,1,0,3,2,1,0,0,1,1,2,0,0,2,0,2,0,0,0,1,0,1,0,2,2,0,2,1,2,2,0,0,1,1,1,0,0,1,2,3,1,1,0,2,0,2,0,2,0,0,0,0,2,6,0,2,1,3,0,0,0,1,0,1,8,1,1,3,1,1,0,3,1,2,0,2,0,5,2,3,0,0,4,2,8,2,1,2,2,0,1,1,1,1,3,0,3,0,0,1,1,0,1,0,0,1,2,1,0,0,5,6,0,1,2,1,7,3,1,2,0,9,1,0,1,0,0,2,0,1,0,2,0,0,0,5,2,7,1,0,0,0,0,2,3,1,1,0,1,1,0,1,0,0,2,1,0,0,0,1,0,2,5,2,1,2,1,2,0,0,0,1,2,0,1,0,1,3,4,2,1,1,1,0,0,3,0,0,0,1,1,1,0,2,2,0,2,2,1,2,1,0,1,1,0,1,0,1,0,0,1,1,1,1,0,1,1,2,13,0,1,1,1,0,1,6,3,0,2,3,2,2,0,6,0,2,1,1,0,1,6,0,0,1,0,1,1,0,0,0,12,0,0,7,1,0,1,0,2,1,4,1,1,1,0,1,1,0,2,1,1,1,0,1,0,3,0,0,0,0,3,0,3,0,0,1,0,3,1,3,0,1,0,2,2,0,0,0,0,1,1,0,1,0,1,1,0,1,0,2,6,0,0,0,0,0,2,0,1,1,1,0,1,4,1,0,1,0,0,0,0,0,1,0,0,2,3,2,4,0,1,2,1,0,0,1,2,2,3,2,0,0,2,3,0,1,0,2,5,1,1,2,4,1,1,1,0,0,0,1,2,0,1,1,1,1,0,0,0,1,0,0,2,1,1,1,3,0,1,0,0,5,1,1,0,0,0,0,1,3,1,0,1,2,0,1,1,0,1,2,3,0,4,0,1,0,2,2,0,1,2,1,0,0,7,1,0,1,0,0,1,1,1,1,0,2,1,7,1,0,7,3,0,0,0,4,1,0,2,1,1,4,2,1,1,3,4,1,2,0,2,2,5,1,0,1,0,1,1,1,0,1,3,0,1,1,2,1,1,0,1,2,0,0,6,1,1,10,4,0,2,1,0,3,1,0,0,1,2,9,1,0,0,0,1,0,2,1,0,0,1,0,0,0,2,0,1,0,3,1,0,2,2,0,0,2,0,0,0,0,0,1,1,0,3,0,2,0,1,2,0,2,7,0,1,2,11,30,0,1,0,5,0,4,1,0,1,2,5,1,1,1,0,2,1,0,1,1,1,0,0,2,1,1,4,3,3,0,4,6,0,3,1,2,4,0,0,0,3,3,0,11,0,0,0,3,7,1,0,1,1,2,0,0,0,1,1,0,1,15,1,0,0,2,1,0,3,2,2,0,0,0,2,1,0,1,1,0,2,7,1,1,2,1,2,2,2,3,3,0,0,1,2,2,2,1,1,0,3,0,0,1,2,2,0,1,0,0,6,1,1,1,0,0,6,0,0,1,1,5,0,1,1,2,0,3,0,2,0,1,0,0,1,0,0,0,4,0,0,2,17,1,0,1,1,4,1,0,1,0,0,0,0,0,2,0,0,1,0,0,0,1,0,2,1,2,0,1,1,0,0,1,1,1,0,0,0,1,3,7,0,1,1,0,2,0,0,2,0,0,2,4,0,1,2,0,0,3,0,0,1,9,0,1,0,2,1,1,0,0,2,2,0,2,0,2,2,1,2,1,0,0,4,2,2,0,0,0,4,2,1,0,0,1,1,1,1,0,1,0,0,1,0,0,0,0,3,1,5,0,0,2,2,0,2,2,0,0,1,0,2,1,7,0,1,3,1,0,0,0,0,6,0,0,0,0,2,1,1,0,2,3,0,0,0,2,0,2,1,2,2,0,0,1,0,1,0,0,1,0,0,0,1,3,19,1,2,2,4,1,0,2,0,1,2,3,0,7,3,2,0,0,2,1,0,0,1,5,1,3,0,1,0,4,1,2,0,3,0,2,1,1,1,0,3,0,1,3,0,0,1,0,1,0,1,3,6,3,0,0,4,0,0,0,1,6,0,0,1,0,1,1,0,1,1,1,1,1,0,0,1,2,0,10,0,2,0,4,3,1,1,1,0,1,0,3,1,1,1,1,0,0,1,0,0,0,1,0,0,1,0,1,2,0,1,0,0,1,1,0,2,2,1,2,0,3,2,0,0,0,1,0,5,0,1,1,2,0,4,0,14,0,4,2,0,3,1,0,1,1,0,1,0,3,2,1,0,1,2,0,0,0,1,3,1,0,0,1,0,3,3,2,0,2,1,1,2,0,2,0,0,1,2,0,1,0,2,0,2,0,2,1,0,3,2,0,0,5,0,0,1,1
LEF1,0,0,0,0,0,0,0,2,0,1,0,0,0,0,1,0,0,0,0,0,1,1,0,0,0,0,1,0,0,0,0,0,0,0,0,0,0,1,0,0,0,0,0,1,0,0,1,1,2,2,0,0,0,0,3,0,0,1,2,0,0,1,0,0,2,0,3,0,0,1,0,0,1,0,0,0,0,0,0,0,2,0,0,0,0,3,1,0,0,0,0,0,5,0,2,0,2,0,0,0,0,1,0,2,0,0,0,0,0,1,0,3,0,1,0,6,0,2,0,0,1,0,1,0,3,1,0,0,0,1,0,1,0,0,0,0,0,2,0,0,0,0,2,0,0,0,0,0,1,0,0,0,0,2,0,2,0,1,0,0,0,2,0,0,0,3,0,0,0,0,0,0,0,2,0,0,1,1,0,1,0,1,0,0,0,0,1,3,1,0,0,0,0,0,1,0,0,1,0,0,0,0,0,0,2,0,0,0,0,0,0,0,0,0,0,1,1,0,0,0,1,0,0,0,1,0,0,0,0,2,2,0,0,1,0,0,0,0,0,0,0,0,0,0,0,0,0,0,0,0,1,0,0,0,0,1,1,1,0,0,0,0,0,0,0,0,1,0,4,0,0,0,0,0,0,0,0,0,0,2,0,0,1,1,0,0,0,0,2,0,0,0,0,1,0,0,1,1,0,0,3,2,0,1,0,0,1,0,0,1,0,0,3,0,0,0,1,0,0,5,0,0,0,1,0,3,0,3,0,3,0,0,0,0,0,3,0,0,0,0,0,0,0,5,0,0,1,0,1,0,0,1,0,0,0,0,0,1,0,0,0,0,0,0,0,1,0,1,1,0,0,0,0,0,0,0,1,0,0,0,0,0,2,1,0,0,1,2,4,0,1,0,0,0,0,0,0,0,0,0,0,0,0,0,1,1,0,0,0,0,1,0,0,3,0,0,1,0,1,2,0,1,0,0,0,0,0,0,1,0,0,0,1,0,0,0,0,0,2,0,0,2,0,0,2,0,0,2,0,0,0,0,0,0,0,0,0,0,0,0,0,0,3,0,0,0,1,2,0,0,0,0,0,1,4,0,1,0,0,1,0,0,0,0,0,2,0,2,2,0,1,1,1,0,1,0,1,0,0,0,0,0,0,0,0,0,0,0,0,1,0,0,0,0,1,0,0,0,2,0,0,1,2,0,0,0,0,0,0,0,0,0,0,2,0,0,0,0,0,2,0,0,0,0,1,1,0,0,0,1,0,1,3,0,0,0,0,0,3,0,0,2,0,0,1,2,0,4,0,0,2,0,2,0,1,0,0,2,0,0,0,0,0,0,0,0,0,0,0,0,0,0,0,0,0,0,0,0,0,0,0,0,0,0,0,0,0,0,1,1,0,0,0,0,2,3,3,0,0,0,1,2,0,0,0,0,1,0,1,0,0,0,0,0,0,2,1,3,0,0,0,0,1,2,0,0,0,0,0,0,0,0,0,0,0,0,0,0,0,0,0,0,0,0,2,0,0,0,0,0,0,1,0,0,5,0,0,0,1,0,0,0,1,2,0,2,0,2,0,5,0,1,0,0,0,1,0,1,0,0,0,5,0,0,0,0,0,0,0,1,0,0,0,2,0,1,0,1,0,1,2,2,0,0,0,0,0,0,3,0,4,0,0,0,0,0,0,0,0,0,0,1,0,0,0,0,0,0,0,0,0,3,0,1,0,0,1,0,0,1,0,0,0,0,0,1,0,1,1,2,0,0,1,0,0,0,0,2,0,0,0,0,0,1,0,0,0,0,1,2,0,0,1,0,0,0,0,1,0,0,2,0,0,1,1,1,1,0,0,0,0,0,0,0,0,0,0,0,0,0,0,0,0,0,1,0,1,0,1,0,0,0,0,0,2,3,0,2,0,0,0,0,1,0,1,0,0,1,0,1,0,0,0,0,0,1,0,0,2,0,1,1,1,1,0,0,3,0,0,3,0,0,0,0,2,0,0,1,0,0,0,0,0,0,0,0,0,1,0,0,1,0,0,0,0,0,0,2,0,1,0,1,2,1,2,0,0,0,0,1,0,0,0,0,0,0,0,0,1,0,2,0,0,0,0,0,0,0,0,0,0,0,0,0,0,0,0,0,0,0,0,2,0,0,0,0,0,0,1,0,0,0,0,0,0,1,0,0,1,0,0,0,0,0,0,0,1,0,0,1,1,0,0,0,2,0,2,0,0,2,2,1,1,0,0,1,2,0,0,4,0,0,2,0,0,1,0,1,0,1,1,0,0,0,1,0,0,3,0,2,0,0,0,1,1,2,0,0,0,3,0,0,0,0,0,0,1,0,2,2,0,0,0,3,1,0,1,0,0,0,2,0,0,0,3,1,2,0,1,0,1,0,0,1,0,0,0,0,0,2,0,0,0,0,0,1,0,0,0,0,1,0,0,0,0,0,3,0,0,0,0,0,1,2,0,1,0,0,0,0,0,2,0,0,2,0,0,0,0,1,4,0,0,0,1,0,0,2,0,0,0,4,0,2,0,1,0,1,0,0,1,0,0,2,0,1,0,2,0,0,4,0,0,0,0,0,0,0,0,1,0,1,0,0,0,0,1,2,0,0,0,0,0,0,0,0,2,0,0,0,0,0,1,0,0,0,0,1,0,0,0,1,2,0,0,0,0,1,0,1,4,1,0,3,1,1,0,0,0,0,1,0,2,1,1,0,0,0,0,1,3,5,0,1,0,2,0,0,0,0,0,0,0,0,1,4,0,0,2,0,0,0,0,1,0,0,0,0,0,0,1,0,2,1,0,0,0,0,1,3,1,1,0,3,2,0,0,0,0,0,0,2,0,0,0,1,0,0,2,2,0,1,0,0,0,0,0,0,1,2,0,0,0,2,2,0,0,0,0,0,0,1,0,0,0,0,1,2,0,0,0,1,0,2,0,0,0,1,0,1,0,0,0,0,0,0,0,1,2,2,0,0,0,0,0,0,0,1,0,0,1,0,0,0,0,1,0,1,1,0,1,2,1,0,1,2,0,0,0,0,0,0,1,0,1,0,0,2,0,0,0,1,1,2,0,1,0,0,0,0,2,0,0,0,0,0,1,0,0,1,0,0,1,1,1,1,0,0,0,0,0,0,0,1,0,0,1,3,0,0,0,0,0,0,1,0,0,0,0,0,1,0,0,2,0,0,0,2,0,0,1,2,0,0,0,0,0,0,0,0,0,0,0,1,0,0,1,4,0,1,3,0,0,0,2,2,0,0,3,0,1,1,0,0,0,1,0,1,0,0,0,0,1,0,2,0,2,0,1,1,1,2,0,4,0,0,0,0,1,0,0,0,0,0,0,0,1,0,0,0,2,1,1,0,3,0,4,0,0,2,0,0,3,0,0,0,0,1,0,2,0,0,1,1,0,0,0,0,0,0,0,0,0,1,2,0,2,2,0,0,0,0,0,1,0,1,0,0,1,0,0,1,0,3,5,1
RHOC,0,1,0,3,1,1,0,0,0,0,0,0,0,0,0,6,0,0,0,0,0,0,0,0,0,0,0,0,1,0,0,0,0,0,3,0,0,0,1,0,0,0,0,0,0,0,0,2,0,0,0,0,0,1,1,0,0,0,0,0,2,0,0,0,0,0,0,1,0,0,0,2,0,0,0,0,1,0,0,0,0,0,0,0,1,0,0,0,0,0,0,0,0,0,1,0,0,0,0,0,1,0,0,0,0,0,0,4,2,0,0,0,0,0,0,0,0,0,0,0,0,0,0,0,0,0,0,0,0,0,0,0,0,0,0,0,0,0,0,0,0,2,0,0,1,2,0,0,2,1,0,0,0,0,0,0,0,0,0,0,0,0,0,0,4,0,0,0,0,3,1,2,0,0,0,0,0,0,0,0,0,0,1,1,1,0,0,1,1,6,1,2,0,0,0,0,1,2,1,0,0,3,2,0,0,1,1,2,0,0,0,0,1,1,3,1,0,1,0,0,0,1,1,0,2,0,0,0,0,1,0,0,7,1,0,0,0,0,0,0,0,0,0,0,0,0,0,1,0,0,0,0,0,0,0,0,0,0,0,0,0,0,0,0,0,2,0,1,0,1,4,1,0,1,0,2,0,0,0,0,0,0,0,0,0,0,0,0,0,0,0,0,0,0,0,0,0,0,0,0,0,0,0,0,0,0,0,0,5,0,0,0,0,0,0,0,0,0,0,0,0,1,0,0,0,0,0,1,0,0,0,0,0,0,0,0,0,0,0,0,1,0,0,0,1,0,0,0,0,0,0,0,2,0,1,0,0,0,0,0,2,0,0,0,1,0,1,0,0,0,0,0,3,0,0,1,0,0,0,0,0,0,0,0,0,0,0,0,0,2,0,4,0,2,0,1,0,0,1,13,0,0,0,0,0,3,0,0,1,0,0,0,0,0,0,3,0,0,0,0,0,3,0,4,4,0,1,1,0,1,0,0,0,0,1,0,0,0,0,0,1,0,0,0,0,3,3,0,0,0,0,0,0,0,0,0,0,1,0,0,1,0,0,0,0,1,0,0,0,0,0,0,1,0,0,4,0,1,0,0,1,0,2,0,0,0,1,0,0,0,0,1,0,0,0,0,0,0,1,4,0,0,0,0,0,0,0,1,0,0,0,1,0,0,0,0,1,0,0,0,0,0,0,1,0,0,0,0,0,0,1,1,0,0,0,0,1,0,0,0,0,0,0,3,0,0,0,0,4,0,0,4,1,0,0,1,0,8,1,2,0,0,0,0,0,0,1,0,0,0,0,2,0,0,0,0,0,0,0,0,0,2,0,0,0,0,0,0,0,0,1,0,3,1,0,0,0,0,0,1,0,1,0,0,0,3,0,0,0,0,0,0,3,0,0,0,1,0,0,0,0,0,2,0,4,0,0,0,0,0,0,0,0,3,0,0,0,0,0,0,0,0,0,0,0,0,1,0,0,0,1,0,0,0,0,0,0,0,0,0,0,0,0,3,0,0,0,0,0,0,0,0,0,0,3,0,0,0,0,0,3,1,0,0,0,0,1,0,0,0,0,0,0,0,0,0,0,0,0,0,0,0,1,1,0,0,0,0,3,1,0,1,0,0,0,0,1,0,0,0,0,0,0,2,0,0,0,0,0,1,0,0,0,0,0,0,0,0,0,0,0,0,1,0,0,1,0,0,0,0,0,0,0,0,0,0,0,0,0,0,0,0,0,0,0,0,0,0,0,0,0,0,0,0,1,0,0,0,0,0,0,0,0,0,0,5,1,1,0,0,0,0,0,0,0,0,1,0,0,0,0,0,0,0,1,0,0,1,0,0,0,0,0,0,0,0,0,0,3,2,2,0,0,0,1,0,0,0,0,0,0,1,0,0,0,1,1,0,0,0,0,1,0,1,0,0,4,0,4,0,0,0,0,0,0,0,0,0,0,0,0,0,0,0,0,0,0,0,0,0,0,0,0,0,0,0,4,0,0,0,0,0,0,4,0,0,0,0,0,0,0,0,3,0,0,1,0,0,1,0,0,0,0,0,0,0,0,0,0,0,0,2,0,0,0,0,0,0,0,0,0,0,0,0,0,0,0,0,0,1,0,0,0,0,0,4,0,8,2,0,0,0,1,0,0,1,0,0,0,0,0,0,0,0,0,0,0,0,0,0,0,0,0,1,0,1,0,0,0,0,0,4,0,1,0,0,0,1,2,0,0,0,0,0,0,0,0,1,0,0,0,0,0,0,1,1,0,0,0,0,0,0,0,0,0,1,0,0,0,0,0,0,0,0,0,0,0,0,0,0,1,0,0,0,0,0,0,0,0,0,4,2,0,0,0,0,0,0,0,0,0,0,0,3,0,0,0,0,0,0,0,0,0,0,0,1,1,0,0,1,0,0,8,6,1,1,2,0,0,0,0,0,1,11,0,0,0,0,0,0,0,0,0,0,3,2,0,0,0,0,0,0,0,4,0,0,0,1,0,0,0,1,3,0,0,0,1,0,0,2,3,0,1,0,0,0,0,0,2,4,0,0,0,0,0,0,4,0,0,0,0,0,0,2,1,0,0,0,0,0,2,0,0,1,0,0,0,0,0,0,0,0,0,1,0,1,0,0,0,0,0,0,0,0,0,0,0,0,0,3,0,0,0,0,1,1,0,0,0,0,1,0,0,0,0,0,1,0,0,0,0,0,0,0,0,0,1,1,2,0,0,1,0,0,0,0,0,0,0,0,0,0,3,7,0,0,7,0,2,0,0,0,0,0,0,0,0,0,0,0,0,1,0,0,0,0,0,0,0,0,0,0,0,0,0,0,0,0,0,0,8,0,0,0,0,0,8,0,0,0,0,0,1,1,1,0,0,3,0,0,0,0,0,0,0,0,0,3,0,0,1,0,0,0,0,0,0,0,1,0,0,0,0,0,0,0,2,0,1,0,4,0,0,0,0,1,0,0,0,0,0,0,0,0,0,1,0,0,1,0,0,0,0,0,0,0,0,0,0,0,0,0,0,1,0,0,0,1,0,0,0,1,2,1,0,0,2,0,0,0,0,2,0,0,1,0,0,1,0,0,0,5,1,0,0,0,1,0,0,1,0,0,0,0,3,0,0,0,0,0,1,0,0,0,0,0,0,0,0,0,4,2,0,0,0,1,0,0,1,1,0,0,3,0,0,0,0,0,0,0,0,0,0,0,0,2,0,2,0,0,0,4,2,1,0,0,0,1,0,0,0,0,0,0,0,0,0,2,0,0,0,0,0,0,0,0,1,0,1,0,0,0,2,1,0,0,0,0,0,0,0,0,2,0,0,1,6,0,0,0,0,0,0,0,0,0,0,0,0,0,0,0,0,0,0,0,0,0,2,0,0,0,0,0,1,1,0,0,0,0,0,4,0,0,0,0,0,0,0,0,0,0,0,0,0,0,0,0,2,0,0,0,1,0,0,0,0,2,1,0,0,1,0,0,1,0
FCGRT,0,0,0,1,0,2,1,0,0,0,0,0,5,0,0,3,0,0,2,0,0,0,5,0,0,0,1,1,0,1,0,0,1,5,1,1,0,0,4,0,1,0,2,0,0,0,0,0,1,0,0,0,1,0,0,3,0,0,0,0,4,2,0,0,0,0,0,0,2,0,0,0,0,2,0,0,0,4,1,1,0,1,0,2,0,1,0,0,0,0,0,0,0,3,0,5,0,0,3,0,0,1,1,0,0,0,0,0,3,0,0,0,0,1,0,2,0,0,2,0,0,0,4,1,0,0,0,0,1,1,0,0,0,0,0,0,0,0,2,0,0,0,0,0,3,0,3,0,0,0,1,0,0,0,0,0,0,0,0,1,0,0,3,1,0,0,1,0,5,9,1,0,0,2,1,0,0,1,1,0,0,0,0,0,1,0,0,0,2,4,6,1,0,0,1,0,1,0,0,1,0,0,2,0,0,0,0,1,0,1,0,0,0,0,1,0,1,0,1,1,0,0,1,0,0,0,0,1,1,1,0,0,0,2,0,0,0,0,0,0,2,0,1,0,0,0,1,3,4,1,0,2,0,0,0,0,0,0,0,0,2,0,0,8,0,0,0,1,0,0,0,5,1,0,0,0,0,6,1,0,2,1,0,1,0,1,1,0,0,0,2,0,0,0,1,1,0,0,3,0,0,1,0,1,1,1,0,0,1,0,1,0,0,0,0,0,0,1,0,0,0,0,1,0,0,0,2,0,0,0,0,1,0,0,0,0,0,2,0,6,3,0,1,1,2,0,0,0,0,3,4,0,2,1,0,0,0,1,2,0,0,1,0,0,0,0,13,0,1,0,0,3,0,0,0,5,0,2,1,1,1,0,1,0,1,0,0,1,1,0,0,3,0,6,1,2,0,1,0,3,1,0,0,1,1,1,0,0,0,0,1,0,1,0,0,8,0,0,0,0,2,1,0,0,1,0,0,1,0,0,0,0,0,0,1,0,2,0,0,3,0,0,7,1,0,12,0,0,0,0,0,0,1,0,1,0,0,4,4,0,3,1,1,0,2,0,0,0,4,0,2,3,0,1,0,3,3,2,0,0,1,1,0,0,3,1,0,0,0,2,0,0,0,0,0,1,1,0,0,0,1,1,0,0,0,2,0,5,1,1,0,0,0,0,0,0,0,0,0,1,0,1,0,2,1,0,0,0,3,0,1,0,0,0,2,3,0,3,0,0,1,0,1,0,0,0,3,0,14,0,0,1,0,0,0,2,0,0,0,0,0,0,1,0,0,0,0,1,1,0,0,0,0,0,0,1,1,0,1,0,0,0,0,0,0,0,0,0,1,1,0,0,0,2,0,0,0,0,0,0,0,1,3,0,0,7,5,0,0,0,0,1,0,0,1,0,0,0,1,4,1,0,0,0,0,1,0,2,0,0,0,0,0,0,0,0,0,0,0,0,0,0,1,0,0,0,0,2,0,2,0,0,0,0,0,3,0,0,0,1,2,1,0,0,0,0,1,0,0,0,0,0,6,0,0,0,0,5,1,0,0,5,0,1,1,0,0,0,1,0,1,1,0,0,0,0,0,1,0,1,0,0,6,0,0,3,0,0,1,5,0,0,0,0,3,0,0,0,0,0,0,1,0,0,1,0,0,0,0,0,0,0,0,0,2,0,1,0,0,0,0,0,1,1,0,0,0,0,2,0,0,0,0,2,0,0,0,0,0,1,0,2,0,0,1,0,0,0,0,0,0,0,0,0,0,1,1,0,1,0,1,1,0,0,2,3,1,0,0,0,0,0,0,1,5,0,0,1,4,0,1,0,0,0,0,0,0,0,0,0,0,0,0,0,0,0,5,0,0,0,0,0,4,0,0,0,0,1,1,3,0,0,1,1,0,0,0,1,1,1,0,0,0,0,0,0,0,1,0,0,0,1,0,0,0,0,0,2,2,0,0,1,1,1,0,1,0,0,0,0,0,0,1,0,0,1,0,0,0,3,0,0,3,3,7,1,0,0,0,0,1,0,0,1,1,1,0,0,4,0,0,0,2,0,0,0,0,0,7,1,0,1,0,0,6,0,0,1,0,0,1,7,2,0,6,1,1,0,0,1,1,0,0,1,0,0,1,2,0,0,0,1,0,0,0,1,0,1,0,0,0,0,3,0,0,1,0,0,0,2,0,0,0,0,1,1,1,0,0,0,0,3,0,0,1,1,1,0,1,0,1,1,0,6,0,1,0,0,0,1,0,0,0,0,0,0,0,0,0,0,0,1,0,0,0,0,0,0,0,0,0,0,1,1,0,0,0,0,5,0,0,0,0,0,0,0,1,3,1,0,13,5,0,3,0,1,0,2,2,2,0,0,0,0,0,0,0,1,1,0,0,2,0,0,0,0,5,0,0,0,2,0,1,3,0,0,1,2,0,0,5,0,0,1,1,5,0,0,1,3,0,3,1,0,0,0,1,0,0,0,1,0,0,9,0,1,0,0,0,0,0,0,0,3,2,2,0,0,0,0,0,0,0,0,0,0,0,0,0,1,0,0,6,0,0,0,0,1,0,0,1,0,0,0,1,0,1,1,0,1,0,0,3,0,0,0,0,0,3,0,1,1,0,4,0,0,0,0,0,0,0,0,0,0,1,1,0,1,0,0,0,0,0,1,1,0,1,0,0,3,0,1,1,1,0,1,0,0,1,0,0,0,0,0,0,0,1,1,0,0,0,0,0,0,0,1,0,2,0,0,0,0,0,5,0,0,2,0,0,0,0,0,0,0,0,0,3,5,0,0,2,2,0,0,1,1,3,0,0,1,0,1,0,0,1,0,0,0,0,0,0,1,0,1,0,0,0,0,1,0,0,0,3,1,0,1,1,0,1,0,0,1,0,1,0,1,3,0,1,6,2,0,3,0,0,1,0,0,0,1,1,0,1,0,0,0,0,1,2,0,2,0,2,0,0,0,2,0,0,0,0,1,0,0,0,0,0,0,0,0,0,5,3,1,0,1,0,0,0,1,0,0,1,0,0,0,0,0,1,0,6,1,0,0,0,0,0,0,2,0,0,0,0,0,0,0,0,0,0,0,0,4,0,3,2,3,0,2,0,1,0,0,0,0,7,1,3,0,0,6,0,0,0,0,0,0,0,0,0,0,3,0,0,0,0,1,0,3,0,3,0,1,0,2,0,1,0,0,0,0,0,0,0,0,1,0,0,5,0,0,0,0,2,2,1,0,0,0,0,0,3,0,0,0,0,0,1,1,1,1,0,0,0,0,0,0,0,0,1,2,0,1,1,0,0,3,0,0,1,0,0,0,0,0,0,0,0,1,0,0,1,1,1,3,4,0,0,0,0,2,0,0,0,0,0,2,0,2,1,0,0,0,0,2,0,0,0,1,2,0,0,2,0,0,1,1,0,0,0,0,0,0,0,0,0,0,2,0,0,0,0,0,0,0,5,1,0,3,1,0,0,1,0,0,0,1
HNRNPH1,0,0,1,1,1,0,2,1,1,0,5,1,0,0,1,1,0,3,1,2,1,0,1,0,0,1,0,2,0,0,0,0,0,2,1,0,3,1,2,1,1,0,1,2,2,0,1,0,0,0,5,0,1,0,2,3,0,0,0,1,1,0,0,1,0,0,0,1,1,0,0,1,1,0,1,0,3,1,0,0,0,3,1,0,0,0,1,0,0,0,1,0,0,0,1,1,0,0,0,0,0,3,3,0,1,0,1,0,1,0,0,0,0,0,1,0,1,0,1,0,0,0,0,0,0,0,2,1,3,2,0,0,3,1,0,4,0,0,0,0,0,1,1,2,2,0,2,0,0,0,2,1,0,1,0,2,0,1,2,2,0,0,1,0,2,1,1,0,0,0,0,0,0,0,0,0,1,1,1,3,1,4,0,0,0,0,0,2,1,0,0,0,2,0,0,0,1,1,1,0,0,1,1,0,5,2,0,0,3,0,0,0,0,2,1,0,1,0,3,0,0,1,1,0,0,0,0,0,1,2,0,0,1,4,0,3,0,1,2,0,0,1,5,0,0,2,2,1,0,2,0,0,0,1,0,0,1,1,1,1,4,1,0,2,0,0,0,1,0,0,0,2,0,1,0,2,0,2,2,1,1,0,0,0,0,0,0,0,0,0,3,0,2,2,1,1,0,1,2,0,0,0,0,1,0,0,1,0,0,0,0,1,2,1,0,0,0,1,2,0,0,0,2,0,1,3,1,5,0,0,1,0,0,0,0,2,0,0,1,0,1,0,0,0,1,0,1,3,0,4,2,1,1,2,0,1,1,3,0,0,0,0,0,0,1,1,2,0,3,0,1,0,2,1,2,0,0,3,0,1,4,0,0,0,2,0,0,3,0,0,0,0,0,1,0,0,1,1,0,0,1,0,0,0,0,1,2,1,0,2,0,1,2,0,0,0,2,0,0,1,0,1,1,2,0,1,1,0,0,3,1,0,0,1,3,0,1,0,0,0,0,0,1,2,0,2,0,0,1,0,4,0,2,0,1,0,2,0,1,0,1,2,0,0,0,3,3,0,0,0,0,1,0,0,0,1,1,1,0,0,2,1,1,1,1,0,1,1,0,0,1,0,0,2,1,0,0,1,2,2,1,1,0,1,0,0,1,1,0,0,0,0,0,0,0,1,0,0,0,2,2,1,0,2,0,1,0,0,4,0,1,1,0,2,1,4,0,4,0,0,2,0,0,0,0,0,0,0,1,0,0,1,0,1,0,1,0,2,2,0,0,1,0,0,0,0,0,1,0,3,0,1,0,0,2,0,2,1,0,2,1,0,0,0,1,1,1,0,0,3,1,1,3,5,0,0,2,2,1,0,0,1,0,0,0,1,0,0,1,0,2,0,2,1,0,0,2,0,2,0,2,0,0,0,2,0,0,1,0,0,0,0,1,1,2,1,2,1,1,1,0,0,4,1,0,0,0,0,0,1,0,0,2,1,2,1,0,0,0,0,0,1,2,2,4,0,0,0,3,1,0,0,0,1,1,0,0,1,0,0,0,1,0,0,1,0,0,0,1,0,0,0,2,0,3,0,2,0,0,0,0,0,0,0,0,2,0,0,1,2,0,0,1,2,0,0,1,0,1,1,2,1,1,0,0,2,0,4,1,2,0,0,1,1,1,2,1,0,1,0,1,3,0,1,0,1,1,0,0,0,0,0,1,0,1,1,2,0,0,0,0,0,0,1,3,3,1,1,1,0,1,0,0,1,1,0,0,0,1,0,0,1,1,0,0,0,0,0,1,1,1,1,2,1,3,2,2,0,0,1,0,0,0,0,1,0,0,2,0,1,1,1,2,0,4,1,0,0,2,0,0,1,2,1,0,1,0,0,0,0,0,0,0,0,0,2,1,0,0,0,0,0,2,0,0,1,0,0,0,2,0,0,1,0,1,2,0,0,1,1,3,1,3,0,0,1,0,1,0,1,0,0,1,0,3,0,3,1,0,0,2,3,0,3,1,0,0,0,1,3,1,0,1,1,0,1,1,1,2,0,0,1,0,1,0,0,0,0,1,0,2,0,3,1,0,1,0,1,0,0,1,1,1,2,0,0,1,0,0,0,1,2,3,0,1,0,0,5,0,0,0,0,0,0,0,0,0,1,0,0,0,3,0,0,3,3,0,1,1,2,0,2,0,2,4,0,2,1,2,1,0,2,0,0,2,1,0,2,1,0,1,0,0,0,0,0,1,0,0,0,0,0,2,1,1,1,1,1,0,0,0,0,1,1,0,2,3,0,0,0,0,0,1,1,0,2,3,0,0,1,0,0,0,0,0,0,1,1,1,0,0,1,0,0,2,1,1,0,1,0,0,2,0,2,0,0,0,0,2,1,1,0,0,0,0,1,0,0,0,1,1,0,3,1,1,0,1,0,0,1,0,0,0,0,0,0,1,2,1,0,1,0,3,0,0,6,2,0,0,0,1,1,0,2,0,0,0,0,0,0,4,1,0,1,2,1,0,0,0,0,4,1,1,1,0,1,0,0,1,0,1,0,1,0,2,1,2,0,0,1,0,0,3,0,0,1,0,1,0,2,1,0,0,1,0,0,1,0,0,0,0,1,1,0,0,1,1,0,1,0,0,0,0,1,0,0,0,0,1,1,1,1,0,1,0,1,1,0,0,2,0,1,3,0,1,1,1,0,1,0,0,0,2,0,0,0,1,0,0,1,3,1,0,1,1,3,0,6,1,3,3,0,2,0,1,1,3,0,1,0,0,0,0,0,1,1,0,1,0,0,2,1,2,2,2,4,3,0,0,0,0,0,0,3,0,0,1,2,1,2,2,0,0,0,0,0,0,6,0,0,0,0,1,1,0,0,1,1,0,0,2,1,1,0,0,0,3,1,2,0,1,0,6,2,0,2,0,2,0,0,0,0,0,0,0,0,4,0,0,0,4,1,0,0,0,0,0,0,0,0,0,1,1,0,1,2,2,0,0,0,1,0,0,1,1,1,0,0,0,3,0,0,0,0,0,0,1,2,3,0,1,2,0,2,0,0,2,0,1,1,0,0,0,0,1,2,3,1,1,0,2,5,1,1,0,1,0,0,0,4,1,0,2,0,1,1,2,0,1,0,0,1,1,0,0,0,1,1,0,1,0,0,1,1,1,0,1,0,0,2,0,1,0,0,0,0,1,0,1,1,1,1,0,1,1,1,0,11,0,1,1,1,1,1,0,0,0,0,3,0,0,3,0,0,0,0,1,0,0,1,0,0,0,1,0,0,0,0,0,0,0,0,0,2,0,0,0,0,1,0,0,0,1,1,1,0,0,1,0,0,1,0,0,1,0,0,0,0,2,0,0,0,2,0,0,0,1,1,2,1,0,0,0,0,1,1,0,7,2,0,0,4,0,4,0,2,1,1,0,0,1,0,0,1,2,0,2,0,0,1,2,0,2,1,0,0,1,2,0,2,0,1,2,1,1,0
CD36,0,0,0,1,0,2,3,0,0,0,0,0,3,0,0,0,0,0,1,0,0,0,1,1,0,0,0,0,0,0,0,0,0,0,1,0,0,0,0,0,0,0,4,0,0,0,0,1,0,0,0,0,0,0,0,0,0,0,0,0,1,0,0,1,0,0,0,0,0,0,0,0,0,0,1,1,0,2,0,1,0,0,1,1,0,0,0,0,0,0,0,0,0,1,0,4,0,0,3,0,0,0,2,0,0,1,0,0,0,0,1,0,0,1,0,0,0,1,2,0,0,0,0,0,0,0,0,0,2,0,0,0,0,0,0,0,0,0,0,0,0,0,0,0,0,0,1,2,0,0,3,0,0,0,0,0,0,0,0,1,0,0,2,4,0,0,3,0,5,2,0,0,0,1,5,0,0,0,1,0,0,0,0,0,1,0,0,0,1,1,0,0,0,0,0,0,0,0,0,0,0,0,0,0,0,0,0,0,0,0,0,0,1,0,0,0,0,0,2,1,0,0,2,0,0,0,0,0,0,0,0,0,0,0,0,0,0,0,0,0,4,0,0,0,0,0,0,1,2,0,0,0,0,0,0,0,0,0,0,0,0,0,0,2,0,0,0,0,0,0,0,4,0,0,0,0,0,3,3,0,1,0,0,1,0,0,0,0,0,0,0,0,2,0,0,0,0,0,4,0,0,0,0,0,1,0,0,0,0,0,0,0,0,0,0,1,0,0,0,0,0,0,3,0,0,0,2,0,0,0,1,1,0,0,1,0,0,2,0,1,6,0,1,0,0,0,0,2,0,1,2,0,0,0,0,1,0,0,2,0,0,0,0,0,0,0,0,0,0,0,0,1,0,0,0,4,0,0,0,3,0,0,0,0,0,0,0,0,0,0,0,0,0,0,0,0,0,0,0,0,0,0,0,0,0,0,0,0,0,0,0,0,1,0,0,2,0,0,0,0,1,0,0,0,1,0,0,0,0,0,0,0,0,0,0,0,0,0,0,5,0,0,0,0,0,5,0,0,0,0,0,0,3,0,3,0,0,0,2,0,1,0,0,0,5,0,0,0,0,0,0,2,0,0,0,0,0,0,0,0,2,0,0,0,0,0,0,0,0,1,0,0,0,0,0,1,0,0,0,0,1,1,0,0,0,0,0,2,0,0,1,0,0,0,0,0,0,0,0,0,0,0,1,0,1,0,0,0,1,0,2,0,0,0,1,1,0,1,0,0,0,0,0,0,0,0,0,0,0,0,0,0,0,0,0,0,0,1,0,0,0,0,0,0,0,0,0,0,1,0,0,1,0,0,0,1,0,0,2,0,0,0,0,0,0,0,0,0,0,3,0,0,0,0,0,0,0,0,0,0,0,1,0,0,0,0,0,0,0,0,3,0,0,0,0,0,0,0,3,0,0,0,0,0,0,0,0,0,0,0,0,0,0,0,0,0,0,0,0,0,0,0,0,0,0,1,0,0,0,0,0,0,0,0,0,0,0,0,0,2,1,0,0,0,0,0,0,0,0,0,0,0,2,0,0,0,0,1,0,0,0,2,0,0,0,0,0,0,1,0,0,0,0,0,0,1,0,0,0,0,0,0,3,0,0,2,0,0,0,2,0,0,0,0,0,0,0,0,0,0,0,0,0,0,0,0,0,0,0,0,0,0,0,0,4,0,1,0,0,0,0,1,0,1,0,0,0,0,0,0,0,0,0,0,0,0,0,0,0,0,0,0,0,0,0,0,0,0,0,0,0,0,0,0,0,0,5,0,0,0,2,0,0,0,2,0,0,0,0,0,0,0,0,2,2,0,0,0,2,0,0,0,0,0,0,0,0,0,0,0,0,0,0,2,0,0,1,0,0,0,0,1,1,1,0,0,0,0,0,0,0,0,0,0,0,0,0,0,1,0,1,2,0,0,0,0,0,0,0,0,0,1,1,0,1,0,4,3,0,0,0,0,0,1,0,0,0,0,0,0,0,0,1,0,0,0,0,0,0,2,0,0,3,2,1,0,0,0,0,0,0,0,0,0,0,1,0,0,0,0,0,0,1,0,0,0,0,0,0,2,0,0,0,0,1,0,0,0,0,0,0,0,3,0,1,1,0,0,3,0,0,0,0,0,0,0,0,0,0,0,0,2,0,0,0,0,0,0,0,0,0,0,3,0,0,1,0,0,0,0,0,0,0,0,1,2,0,0,0,2,0,2,3,0,0,0,0,0,2,0,0,0,0,5,0,0,0,0,0,0,0,0,0,0,0,0,0,0,0,0,0,2,0,0,0,0,0,0,0,0,0,0,0,0,0,0,0,0,3,0,0,0,0,0,0,0,0,0,0,0,1,1,0,0,0,1,0,1,1,0,0,0,0,0,0,0,0,0,1,0,1,0,0,0,0,0,1,0,0,0,0,0,0,0,0,0,2,0,0,0,3,0,0,0,0,3,0,3,0,0,3,0,0,0,0,0,1,0,0,0,0,0,0,1,0,0,0,0,0,0,0,0,0,0,3,0,0,0,0,0,0,0,0,0,0,0,0,0,0,0,0,0,2,0,0,0,0,0,2,0,0,0,0,0,0,0,0,0,0,0,0,0,2,0,0,0,0,0,2,0,2,0,1,0,0,0,0,0,0,0,0,0,0,0,0,0,0,0,0,0,0,0,0,0,1,0,2,0,0,1,0,0,3,0,0,0,0,0,2,3,0,0,0,0,0,0,2,0,0,0,0,0,0,0,0,0,0,2,0,1,0,0,0,0,0,0,0,0,0,0,0,2,0,0,0,0,0,3,0,0,3,0,0,0,0,0,6,0,0,0,0,0,0,0,0,0,0,0,0,0,1,1,0,1,0,0,0,0,0,0,0,0,1,0,0,0,0,0,1,0,0,0,0,0,0,0,6,0,1,2,0,0,0,0,0,1,0,0,0,1,0,0,0,0,1,0,0,0,0,0,0,0,0,1,0,0,1,0,0,0,0,0,0,0,0,0,0,0,0,0,0,2,0,0,0,0,0,1,0,3,0,0,0,0,0,0,0,0,0,0,1,0,0,0,0,0,0,0,0,0,0,0,0,0,0,0,0,0,1,0,0,0,0,0,0,1,0,0,0,0,0,2,0,0,3,0,0,0,0,3,0,0,0,0,0,0,0,0,0,0,0,0,0,0,0,0,0,0,0,0,0,2,0,1,0,1,0,0,0,1,0,0,0,0,3,0,0,0,0,0,1,0,0,1,0,0,0,0,0,0,0,0,0,0,0,0,0,0,0,3,0,0,0,0,0,0,0,0,0,0,0,0,0,0,0,1,0,0,0,0,0,0,0,0,0,0,0,2,0,0,0,0,0,0,1,0,0,0,0,0,0,0,0,0,0,4,0,1,0,0,0,0,0,0,0,0,0,0,4,0,0,0,0,0,0,0,0,1,0,0,0,0,0,0,0,0,0,0,0,0,0,2,3,0,2,0,0,2,0,0,0,0,0,0,0,0
SLC2A3,0,0,0,0,1,0,0,1,0,0,5,0,1,1,1,1,0,1,1,2,1,3,0,1,0,1,0,0,2,1,1,1,1,0,0,0,6,2,0,0,4,0,0,2,1,0,0,1,1,0,2,1,0,0,4,0,0,1,0,0,3,0,0,1,0,1,0,1,0,0,0,0,0,1,0,1,1,1,1,0,0,1,0,1,2,4,1,0,2,0,1,0,4,1,0,1,0,0,2,0,2,1,0,2,0,2,1,0,1,1,1,1,1,0,0,0,0,2,0,0,0,0,2,0,0,4,0,0,0,1,0,1,1,0,1,0,1,0,0,0,1,1,2,1,1,0,0,2,6,0,0,0,1,1,0,3,1,1,1,2,1,0,0,0,0,0,0,2,0,3,0,1,2,0,0,0,0,0,0,1,1,2,0,2,0,0,0,0,0,0,1,0,1,0,0,3,0,1,1,1,0,1,0,1,1,0,0,0,0,0,0,0,0,0,0,0,1,1,0,2,0,0,0,0,6,0,1,1,0,2,0,1,6,1,0,0,1,0,0,0,0,2,0,1,0,0,1,0,1,0,0,0,2,0,0,1,2,0,1,0,2,0,0,0,1,1,2,0,0,1,0,4,2,0,0,0,0,2,0,2,0,1,2,0,2,1,0,0,5,2,2,0,0,1,0,1,1,1,0,0,2,0,0,1,0,1,0,0,0,0,1,0,3,3,0,0,1,1,1,4,1,0,0,0,0,2,0,2,0,0,2,0,0,0,0,0,2,0,1,0,0,0,0,2,1,1,0,0,1,0,1,1,0,3,1,1,0,4,0,0,1,0,0,0,0,2,1,1,1,4,2,1,2,0,0,5,0,0,0,1,1,0,2,1,0,0,1,0,4,0,1,1,1,0,0,1,0,0,0,0,0,0,1,1,1,4,0,0,2,2,2,4,1,0,1,1,1,0,3,0,0,4,1,0,0,0,0,0,0,0,0,4,0,1,1,0,0,0,1,2,2,0,4,0,2,1,0,0,0,0,0,0,5,0,1,1,0,1,1,0,0,0,3,0,0,0,1,0,0,1,0,0,0,2,0,0,0,0,0,0,0,0,0,1,0,2,0,1,1,0,0,0,3,0,0,0,0,0,1,0,0,1,0,1,1,0,1,0,2,0,1,1,1,0,0,1,2,0,0,0,0,2,2,0,1,0,0,0,0,0,0,1,0,0,4,0,0,1,1,1,0,0,0,1,0,1,4,1,0,1,2,2,0,0,1,0,0,0,0,0,0,0,0,1,1,4,0,1,1,0,1,0,0,0,0,1,1,2,2,0,5,0,1,0,1,0,0,0,1,0,1,0,0,1,0,0,0,0,0,0,0,2,0,1,3,1,2,0,0,2,3,0,1,2,1,3,0,0,3,1,1,5,1,1,1,0,3,0,0,5,1,0,0,1,0,3,1,1,0,1,0,0,2,0,0,0,0,0,1,0,0,0,0,0,1,0,0,0,0,0,0,2,2,2,0,0,0,0,1,0,2,0,1,0,1,0,0,0,2,0,0,0,0,3,2,3,0,0,0,1,0,0,3,1,6,3,1,5,0,0,1,4,0,0,0,0,1,0,0,1,2,2,0,0,2,0,0,0,0,0,0,1,0,1,0,3,1,0,3,0,0,0,1,0,0,2,0,0,1,3,0,0,0,1,1,0,0,2,0,1,2,2,0,2,0,0,0,0,0,3,1,0,1,2,4,0,0,0,2,3,0,0,1,0,0,0,0,1,1,1,0,1,0,1,3,0,0,2,3,2,0,2,0,1,4,4,0,0,1,3,2,1,2,0,0,2,1,1,1,0,2,0,0,0,0,0,0,1,0,0,0,0,1,2,0,0,1,1,3,0,1,1,1,1,3,0,1,2,1,0,1,0,0,0,0,0,2,6,0,3,0,0,0,0,2,1,2,2,0,0,0,1,2,0,0,0,0,1,1,2,2,0,0,0,0,0,2,1,0,0,0,0,0,0,0,1,0,0,0,0,0,1,1,0,1,1,1,1,0,2,1,0,0,0,4,0,0,0,4,0,0,0,3,0,1,0,2,1,0,0,0,4,0,0,0,1,1,0,0,1,0,1,0,0,0,2,0,0,2,0,0,2,0,0,1,0,1,0,1,0,2,6,0,0,0,1,2,2,0,0,1,3,6,0,1,2,1,1,1,0,1,1,0,0,0,0,1,0,0,4,0,0,1,0,0,2,1,0,0,2,0,5,0,0,0,2,0,0,0,0,2,0,0,1,0,0,0,1,0,3,1,0,0,1,3,1,2,3,1,0,2,0,1,1,1,0,5,1,3,5,1,2,0,0,4,1,0,1,1,0,1,0,1,2,2,3,2,1,1,0,1,1,5,1,0,0,1,0,0,0,0,1,0,0,0,3,0,1,1,1,0,3,0,0,0,0,1,3,0,4,0,0,1,1,0,0,2,0,0,0,1,1,2,7,1,1,1,1,1,0,1,0,0,1,0,1,1,0,0,1,0,1,1,2,1,1,0,0,0,1,0,0,5,1,0,1,0,3,0,1,0,0,0,0,0,1,0,2,0,1,1,1,0,0,1,2,0,0,1,1,0,0,0,0,0,0,0,0,1,2,3,0,0,0,1,0,0,0,0,0,1,0,3,2,1,0,1,0,1,0,2,0,0,3,1,0,0,0,1,2,0,7,0,0,1,3,0,0,0,0,2,4,0,2,0,1,0,3,0,1,0,1,0,0,1,3,0,0,1,0,2,0,2,0,0,1,0,0,2,0,0,0,0,1,1,0,2,0,0,0,1,3,0,0,2,2,1,0,1,1,0,4,0,1,0,0,1,1,3,1,2,5,0,0,0,1,1,1,0,0,1,0,1,0,0,1,2,1,0,1,0,0,2,1,0,1,0,1,0,0,0,0,0,0,1,1,0,0,0,0,0,1,0,0,1,1,0,1,1,5,1,1,4,0,0,0,1,0,1,0,3,0,0,0,1,0,1,3,1,2,1,2,3,0,0,0,3,2,0,1,0,3,0,0,1,0,0,0,1,3,1,6,0,1,0,1,1,0,0,1,1,0,0,0,0,0,0,2,0,0,1,2,2,0,2,0,1,0,0,2,0,0,0,1,2,0,0,1,1,1,1,0,2,0,1,0,0,0,0,1,0,0,0,0,2,1,0,1,0,0,0,0,1,0,1,1,1,0,2,0,0,0,1,0,0,0,3,2,1,4,0,0,0,1,0,0,1,0,1,0,1,0,1,1,0,0,1,0,0,0,1,1,1,0,0,0,3,1,1,0,1,0,0,1,1,0,1,1,1,0,0,1,0,0,4,0,0,0,3,0,1,1,1,1,3,0,0,0,1,2,0,1,3,0,0,1,1,1,0,0,1,0,0,2,1,0,0,0,0,0,0,0,0,3,1,2,2,0,1,0,0,2,0,2,0,3,0,3,0,3,3,9,0,3,4,0
RAC1,0,0,1,1,1,3,6,0,1,1,1,0,4,1,0,2,0,0,1,1,0,1,2,0,1,0,0,0,2,0,0,1,0,2,1,0,0,1,4,0,1,1,4,0,0,0,0,0,0,1,0,0,0,0,1,2,0,0,0,0,7,1,0,1,2,0,0,3,4,2,0,1,0,1,1,0,1,5,2,1,1,1,4,2,1,1,0,0,0,0,3,0,1,2,1,3,0,0,3,0,0,0,3,0,1,3,0,1,5,0,1,0,0,0,0,0,1,0,4,0,1,0,1,1,2,0,0,0,6,1,0,0,0,1,2,0,0,1,3,0,1,0,2,1,4,1,1,0,1,0,9,0,0,0,0,1,0,0,0,1,0,1,6,1,1,1,1,0,4,8,0,1,0,1,1,0,0,0,2,1,1,0,1,0,3,1,0,0,2,1,2,6,0,0,1,1,1,1,3,0,0,1,1,0,1,0,0,0,0,1,0,0,0,1,1,0,1,2,4,5,1,0,2,0,1,0,1,0,0,0,2,2,1,3,3,0,0,0,1,1,1,0,0,1,0,0,1,3,6,1,0,2,1,0,2,0,0,1,0,1,0,0,2,1,0,0,1,0,1,0,1,4,1,3,0,0,1,2,9,2,2,1,2,1,0,0,1,0,1,0,0,0,1,0,0,0,0,1,5,0,0,0,3,0,3,0,0,1,2,2,0,0,0,0,1,0,1,0,0,1,0,1,5,1,1,1,2,1,2,0,0,1,0,0,2,0,1,2,1,0,7,0,3,0,1,1,0,0,1,5,3,0,3,1,2,3,0,1,3,2,0,0,1,3,0,1,8,0,0,0,0,0,0,1,0,6,0,2,0,5,1,0,3,1,0,2,0,1,0,0,1,6,0,5,0,1,3,0,0,4,3,0,2,1,6,0,1,0,1,0,1,0,1,0,0,5,1,2,0,0,3,0,0,1,1,0,0,0,0,1,0,0,4,1,0,2,3,0,0,2,1,0,8,0,0,5,0,2,1,0,0,0,0,0,5,2,0,3,0,0,3,3,0,0,6,0,0,1,1,3,2,1,0,1,0,0,2,0,0,0,6,0,0,0,3,0,0,0,0,2,1,0,0,1,0,1,1,0,0,0,0,0,0,0,1,1,0,9,0,0,2,2,0,0,1,0,0,0,0,1,0,1,0,6,2,1,1,0,5,0,1,0,1,0,3,5,1,5,0,0,2,0,3,1,1,1,1,0,7,1,0,6,0,0,2,3,0,7,2,1,0,1,1,2,1,1,2,0,2,0,0,2,2,2,0,6,1,2,0,0,0,0,0,3,0,2,0,0,0,0,0,0,1,8,0,0,1,0,0,0,0,9,1,0,0,7,3,1,0,1,2,1,0,1,0,1,2,2,2,3,1,0,0,0,3,0,0,2,0,0,0,0,0,0,0,2,0,2,1,1,0,0,2,0,0,0,1,0,0,3,0,0,0,2,0,4,0,0,0,5,2,1,0,1,1,0,1,1,0,0,1,0,2,0,3,0,0,2,0,2,1,9,1,0,0,1,2,0,0,0,1,0,1,0,0,1,1,0,1,6,0,1,2,0,0,4,0,0,0,11,0,2,0,1,2,0,0,2,0,1,1,0,0,0,1,1,1,0,0,0,0,0,0,0,2,1,0,0,1,0,0,1,1,3,0,0,0,1,0,0,2,0,2,1,1,0,0,0,1,1,1,2,1,1,2,3,1,0,1,0,1,2,0,2,1,1,1,0,5,2,1,0,0,1,0,3,1,1,0,2,1,1,1,2,4,0,0,1,2,0,0,0,0,0,1,0,0,0,0,0,1,0,1,3,0,0,5,0,1,1,2,0,8,2,0,0,0,1,0,1,1,0,0,2,1,2,0,1,2,1,3,0,2,2,1,2,1,1,1,0,0,2,0,0,1,0,1,1,1,1,0,1,0,0,1,0,0,4,0,0,2,2,10,0,1,0,0,1,1,4,0,0,2,5,1,2,0,0,0,0,1,0,0,1,2,1,1,0,4,0,0,0,1,0,0,1,2,1,8,5,4,0,0,0,2,0,0,0,0,4,0,8,7,0,2,2,0,0,4,2,1,1,1,0,0,1,0,4,1,1,0,0,0,1,3,0,0,1,0,0,0,0,2,0,1,0,2,0,2,1,2,0,0,1,3,3,1,0,0,3,2,10,1,2,0,2,0,0,3,1,0,3,0,13,0,0,0,0,0,1,0,1,0,4,0,2,0,0,1,0,0,3,1,0,1,1,1,0,0,0,2,0,3,2,0,0,1,0,4,1,0,1,0,0,0,1,0,3,0,1,10,11,0,1,0,5,1,1,0,0,0,0,0,2,0,0,0,1,0,0,1,1,0,1,0,0,1,1,0,1,0,0,2,2,1,0,3,1,0,3,3,0,1,2,1,0,2,2,3,2,1,2,2,0,2,0,1,1,1,1,2,1,0,10,0,4,0,0,3,0,1,0,1,3,0,2,0,1,1,0,0,0,0,1,1,1,1,0,0,0,1,0,2,1,2,0,0,0,2,0,2,1,2,0,0,1,1,0,1,1,0,0,2,0,0,0,0,1,4,0,3,0,1,4,2,0,0,0,0,1,0,1,1,0,1,0,0,0,0,1,1,0,1,0,1,0,0,0,0,4,0,2,3,0,0,0,0,0,2,3,0,0,0,0,1,0,1,0,1,0,1,2,0,0,0,2,0,1,2,4,0,0,0,5,0,0,3,0,0,0,0,2,0,1,1,1,2,3,0,0,0,3,0,0,1,6,7,1,0,1,0,0,0,0,0,1,0,3,0,0,7,1,1,4,0,0,5,0,1,0,0,1,5,2,1,0,1,0,0,0,1,2,1,0,1,0,7,1,1,2,3,2,7,2,0,1,1,0,0,1,2,1,0,0,2,0,2,0,1,0,5,0,0,1,0,0,2,0,0,1,0,0,0,0,0,0,0,1,1,2,1,3,2,3,1,0,0,1,0,5,0,0,0,0,1,0,0,2,3,1,2,0,1,0,0,0,0,0,7,0,0,1,0,1,2,0,2,0,0,0,2,2,0,7,1,4,0,2,1,0,2,1,0,0,8,1,1,0,0,1,0,2,0,1,0,1,0,0,1,3,6,1,0,0,1,3,0,2,1,4,0,1,2,1,1,0,0,0,0,1,1,0,1,0,0,0,0,4,1,1,2,1,3,2,0,0,0,0,0,0,1,1,0,0,0,1,0,0,1,4,1,2,0,0,0,0,0,0,1,1,1,0,0,2,0,4,0,0,0,0,5,0,1,0,0,0,5,1,1,0,2,0,1,3,9,0,2,0,1,5,0,0,0,0,0,1,0,0,1,0,0,0,0,1,0,0,0,1,4,1,0,5,1,1,2,3,2,0,0,1,0,0,0,1,0,3,0,0,0,0,1,1,2,0,3,0,0,10,1,1,0,0,0,0,2,0
SMIM25,0,0,0,0,0,4,1,0,0,0,0,0,1,0,0,4,0,0,2,0,0,0,0,1,0,0,0,0,0,0,0,0,0,1,0,0,0,0,1,0,0,0,1,0,0,0,0,0,0,0,0,0,0,0,0,3,0,0,0,0,1,0,0,0,0,0,0,0,1,0,0,0,0,0,0,0,0,1,0,0,0,0,0,1,0,0,0,0,0,0,0,0,0,0,0,0,0,0,0,0,0,0,0,0,0,0,0,0,1,0,0,0,0,1,0,0,0,0,1,0,0,1,1,0,0,0,0,0,0,0,0,0,0,0,0,0,0,0,0,0,0,0,0,1,0,0,0,0,0,0,0,0,0,0,0,0,0,0,0,1,0,0,0,0,0,0,1,1,0,0,0,0,0,0,0,0,0,0,1,0,0,0,0,0,0,0,0,0,0,5,2,0,0,0,0,0,0,0,0,0,0,0,1,0,0,0,0,0,0,0,0,0,0,0,0,0,0,0,0,2,0,0,0,0,0,0,0,0,0,0,0,0,4,2,0,0,0,0,0,0,0,0,0,0,0,0,0,3,3,0,0,3,0,0,0,0,0,0,0,0,0,0,0,0,0,0,0,0,0,0,0,0,0,1,0,0,0,0,0,0,2,2,0,0,0,0,0,0,0,0,0,0,3,0,0,0,0,0,4,0,0,0,0,0,0,0,0,0,3,0,0,0,0,0,0,0,0,0,0,0,0,0,0,0,0,0,1,0,0,0,0,0,0,0,0,0,0,1,0,0,0,0,1,0,1,0,0,0,0,0,1,0,2,0,0,0,0,0,0,0,0,0,0,0,0,0,0,0,0,0,0,0,0,0,0,0,0,0,0,0,0,0,0,0,0,1,0,0,0,0,0,10,0,3,0,1,0,0,0,7,2,0,0,0,2,0,0,0,0,0,0,0,0,0,0,0,0,0,0,0,0,0,0,0,4,0,0,0,0,0,0,0,0,0,1,0,0,0,0,0,0,0,0,0,0,0,0,0,0,0,0,0,0,0,0,0,0,1,2,0,0,0,0,0,0,0,0,0,0,2,3,1,1,0,0,5,1,0,0,0,0,0,0,0,0,0,0,0,0,0,0,0,1,0,0,1,0,0,0,0,2,1,0,0,0,1,0,0,0,0,0,0,0,0,0,0,0,0,0,1,0,0,0,0,0,0,0,0,0,0,2,0,0,0,0,0,0,0,0,0,0,0,0,0,0,0,0,0,0,0,0,0,0,0,1,3,0,12,0,0,0,0,0,0,0,0,0,0,0,0,0,0,0,0,0,0,0,0,1,0,0,0,0,1,0,0,0,0,0,0,0,0,0,6,0,0,0,0,0,0,0,2,1,0,0,0,0,0,0,0,1,0,0,0,0,0,0,0,0,0,0,0,0,0,0,0,0,2,0,0,0,0,0,0,0,0,0,0,0,1,0,2,0,0,0,0,0,0,0,0,0,0,0,0,0,2,0,0,0,0,0,0,0,0,0,0,0,0,0,0,0,0,0,0,0,0,0,0,0,0,0,0,0,0,0,0,0,0,2,0,0,0,0,0,0,0,0,0,0,2,0,0,0,0,0,0,0,0,0,0,0,0,0,0,0,0,0,0,0,0,0,0,0,0,0,0,0,0,0,0,0,0,0,0,0,0,1,0,0,0,0,0,0,0,0,0,0,0,1,0,0,0,0,0,0,0,0,0,0,0,0,2,0,0,0,0,0,0,0,0,0,0,0,0,4,1,0,0,0,0,0,0,0,0,0,10,0,0,0,0,0,0,0,0,0,0,0,0,2,0,0,0,0,0,0,0,0,0,0,0,0,2,0,0,0,0,2,0,0,0,0,0,0,0,0,0,0,0,0,1,0,0,0,0,0,0,0,0,3,0,0,0,0,0,0,0,0,0,0,0,0,1,1,0,0,0,3,2,0,0,0,0,0,0,0,0,1,2,0,0,0,1,3,0,0,0,0,0,0,0,0,0,0,1,0,0,0,0,0,0,0,0,0,0,0,2,0,0,1,0,0,0,0,0,0,0,0,0,0,3,0,0,0,0,1,0,0,0,0,0,0,0,3,0,0,2,0,0,0,0,1,1,0,0,0,0,0,8,0,0,0,0,0,0,0,0,0,1,0,0,1,0,0,0,0,0,0,0,0,0,0,0,0,0,2,0,0,0,0,0,0,1,0,0,0,0,0,0,1,0,0,0,0,1,0,0,0,0,0,0,0,0,0,0,0,0,0,0,0,0,0,1,0,0,0,0,0,0,0,0,0,0,2,0,0,0,0,0,1,0,0,0,0,0,0,0,0,0,0,0,0,0,0,0,0,0,0,0,0,1,0,0,0,0,0,1,0,0,0,0,0,0,0,0,0,0,0,0,1,0,0,0,6,4,4,0,1,0,0,0,0,0,0,4,0,0,0,1,2,2,0,0,0,0,0,0,1,0,0,0,0,0,0,0,0,1,0,0,2,0,0,0,5,0,1,0,0,0,0,0,0,0,0,0,0,0,0,0,0,0,0,0,0,0,0,0,0,0,0,0,0,0,0,0,0,0,0,0,0,0,0,0,0,0,0,0,0,0,0,0,1,0,0,0,0,0,0,0,0,0,0,0,0,0,0,0,0,0,0,0,0,0,0,0,0,0,1,0,0,0,0,0,1,0,0,0,0,0,0,3,0,0,0,0,0,0,2,0,0,0,0,0,0,0,0,0,0,1,0,0,0,0,0,3,0,0,5,0,0,0,0,2,0,0,0,0,2,0,0,0,1,3,0,0,0,0,1,0,0,0,0,0,0,0,0,0,0,0,0,0,12,0,0,1,0,0,1,0,0,0,0,0,0,1,0,0,0,0,0,0,0,1,0,0,0,0,1,0,3,0,3,0,0,0,0,0,0,0,0,0,0,0,0,0,0,0,0,0,0,0,12,0,0,0,0,0,0,0,0,0,0,0,0,0,0,0,0,0,0,0,0,5,0,2,0,0,0,0,0,2,0,0,1,0,0,0,0,0,0,0,0,0,0,0,0,0,0,0,0,1,0,0,0,0,2,0,1,0,3,0,0,19,0,3,0,0,0,0,0,0,0,0,0,0,0,0,1,0,0,0,0,0,0,0,0,0,0,0,0,0,10,0,0,0,0,1,0,0,0,0,0,2,0,0,0,0,0,0,0,0,0,0,0,0,2,0,0,0,0,0,0,0,2,0,0,0,0,0,0,0,0,0,0,0,0,0,0,0,0,2,0,0,0,0,0,1,0,0,0,0,0,0,0,0,0,0,0,0,0,0,0,0,11,0,0,0,2,1,0,0,0,0,0,0,0,0,0,0,0,0,0,0,0,0,1,0,0,0,0,0,0,1,0,0,0,0,0,0,0,0,0,12,0,0,0,0,0,0,0,0,0,0,0,0,0,0,0,0,0,0,0,1,0,0,5,1,0,0,0,0,0,0,0,0,0,0
FYB1,2,0,1,0,0,4,3,4,0,1,1,2,1,2,2,2,1,2,1,1,2,3,2,0,3,2,0,0,0,0,3,1,0,0,0,4,1,1,3,1,0,1,2,1,0,0,0,1,3,0,0,0,2,1,2,0,0,0,3,0,0,2,1,2,2,0,0,0,1,2,0,0,0,1,0,1,0,4,0,1,0,1,2,1,2,1,1,0,1,3,1,1,1,1,2,1,1,1,2,0,0,2,5,0,1,1,1,1,2,2,3,3,1,2,0,3,0,0,2,0,0,0,8,0,1,1,0,0,3,5,1,0,1,0,2,0,0,2,2,0,2,0,7,0,3,0,0,4,1,0,2,0,1,1,1,0,0,1,0,0,5,0,4,0,1,7,3,2,0,1,6,0,2,0,2,2,0,1,1,3,2,1,1,0,1,0,2,2,0,3,3,1,0,3,2,0,1,0,0,0,1,0,2,0,1,1,0,1,0,0,0,0,0,3,2,2,2,0,1,1,0,0,2,0,1,1,0,2,4,1,0,1,1,6,0,3,0,0,0,0,1,0,0,1,0,0,0,4,4,0,1,6,0,0,0,3,2,2,0,4,0,0,0,0,1,0,0,0,0,1,1,3,0,4,2,2,0,3,2,7,1,1,3,4,3,1,0,0,1,2,2,1,2,1,0,0,0,0,0,1,1,0,0,4,0,0,1,0,3,2,3,0,6,1,0,0,1,0,0,1,0,1,5,0,0,1,1,3,0,3,1,1,0,0,1,1,0,2,0,4,9,1,1,3,0,2,2,4,5,0,1,5,4,2,0,1,0,4,1,2,0,0,1,1,1,0,0,0,2,2,0,1,2,2,1,1,0,2,1,3,2,1,4,1,0,4,3,3,2,0,1,9,0,5,1,2,1,2,1,2,5,0,2,3,4,0,1,0,0,0,4,1,0,3,0,3,0,0,0,0,4,0,2,1,4,0,1,0,0,2,0,4,0,4,4,0,0,0,1,2,2,2,3,0,3,3,0,2,1,0,1,3,2,0,3,0,0,4,5,0,1,0,0,0,1,2,0,0,2,0,6,1,0,1,1,0,2,1,0,1,3,1,1,0,2,7,0,4,1,2,1,3,2,0,0,1,6,2,0,2,0,1,0,0,2,0,0,0,1,0,0,0,0,1,1,1,0,0,0,2,1,3,0,3,3,4,2,0,0,0,3,2,1,0,3,0,1,0,1,4,0,0,0,2,1,7,1,0,2,0,2,1,0,0,4,6,0,3,0,1,0,1,0,2,1,1,1,0,8,0,2,0,3,0,3,4,0,7,2,0,0,2,1,2,2,1,0,3,0,0,1,0,1,4,0,0,3,0,0,0,1,2,0,3,2,2,2,1,0,0,0,0,1,4,9,3,0,7,0,2,0,1,0,1,0,4,4,1,1,1,0,1,0,1,0,1,0,3,2,0,2,0,3,2,1,0,0,1,1,1,1,1,2,0,0,2,0,1,0,4,2,0,0,3,4,0,1,1,0,0,0,1,0,0,4,1,0,2,1,2,1,0,0,2,0,4,0,0,0,3,0,4,0,2,3,0,1,2,0,6,1,1,0,0,0,3,1,2,1,4,0,0,0,1,1,3,1,0,2,1,0,0,2,1,0,0,0,1,0,0,4,1,0,0,2,4,1,0,2,0,0,6,2,4,3,1,0,0,1,0,0,1,2,3,0,0,2,1,1,1,0,2,0,1,0,0,3,2,1,1,1,3,0,2,2,0,2,3,3,0,2,0,0,1,3,1,0,0,1,7,1,4,3,1,1,2,1,2,3,0,1,2,0,0,1,3,6,0,0,1,4,2,0,2,0,0,2,0,0,0,0,0,4,0,0,2,0,0,1,0,2,0,0,1,2,0,1,1,0,1,2,2,2,0,1,0,1,0,0,0,1,0,0,0,2,0,0,0,7,0,3,2,0,4,0,1,2,2,0,1,1,0,1,0,1,0,1,2,0,2,0,0,0,1,0,1,0,1,0,0,0,1,1,1,0,3,0,4,3,1,0,1,0,2,2,2,0,0,3,3,2,0,1,2,0,2,0,0,0,0,1,3,3,0,1,1,0,1,2,4,2,0,1,0,0,1,1,1,0,4,0,2,7,2,0,6,1,2,2,0,0,3,0,1,0,0,1,0,1,1,3,1,2,0,1,1,5,3,0,0,1,2,2,1,0,0,3,1,2,1,1,0,4,1,0,3,4,0,1,2,0,1,3,1,1,2,0,2,0,0,0,1,4,1,3,1,1,4,0,2,0,0,5,2,0,1,0,0,1,2,0,0,5,0,1,0,2,0,0,1,3,0,0,0,0,5,1,1,3,1,1,1,1,0,4,2,1,1,2,1,5,1,1,1,2,0,0,0,1,2,0,2,2,2,2,2,2,0,0,2,2,2,1,2,0,0,3,0,5,1,0,1,1,0,0,0,0,4,0,0,3,1,1,1,0,5,1,0,0,0,0,0,1,0,2,1,1,1,1,2,1,3,0,1,0,1,0,0,0,1,1,1,0,1,0,0,2,2,1,0,0,1,6,1,1,4,0,0,0,3,0,0,2,1,4,0,0,0,0,0,1,0,1,3,0,1,0,0,0,0,2,1,0,0,1,0,0,1,0,0,0,0,2,0,1,1,4,2,0,5,2,2,1,0,2,0,2,0,1,0,4,3,2,4,0,2,3,1,1,1,1,2,1,2,0,3,0,3,1,0,0,4,2,3,2,3,2,0,2,1,1,1,0,0,0,0,0,1,0,3,2,6,3,0,0,0,0,0,3,3,6,2,1,2,1,0,0,0,1,1,3,1,0,2,0,5,0,0,0,1,3,7,3,4,2,0,0,1,4,0,2,1,0,0,0,3,0,0,0,0,6,2,0,7,0,0,4,3,0,1,0,1,1,0,0,0,1,1,2,2,1,0,0,0,0,0,2,7,1,1,0,1,1,0,2,1,1,1,1,0,2,1,1,0,0,1,1,1,0,3,1,1,2,0,0,2,1,3,4,0,1,0,4,0,2,0,2,2,0,1,1,1,0,0,1,2,0,1,2,0,1,3,0,2,0,3,0,2,2,2,1,0,1,3,5,0,4,0,1,5,0,4,0,2,0,0,0,1,2,1,9,0,0,1,3,3,1,1,0,3,1,0,0,0,1,3,0,1,0,1,2,0,2,0,1,0,1,1,5,0,1,0,5,0,3,0,1,2,1,1,0,1,0,4,2,2,1,0,2,0,1,1,0,1,0,0,2,5,0,0,2,9,3,0,3,2,1,0,0,4,3,4,0,3,1,2,1,1,7,0,1,0,0,2,1,0,1,2,0,5,2,1,1,0,3,1,2,3,1,1,0,3,0,1,0,0,0,0,1,2,0,1,0,3,0,0,3,0,0,2,0,2,3,2,3,2,2,3,2,0,0,1,1,1,1,2,1,1,1,0,0,5,3,0,2,1
MYO1F,0,5,0,1,1,0,0,0,0,0,2,2,0,1,2,6,2,2,1,0,1,0,0,0,0,0,0,1,3,0,0,0,0,1,1,0,0,0,2,1,0,0,1,0,0,0,0,3,0,0,0,0,0,2,0,2,0,0,0,2,3,0,0,0,0,0,0,0,0,0,1,0,0,1,0,0,1,2,0,0,0,1,1,0,4,0,0,0,2,0,1,1,2,1,0,2,0,1,0,3,1,0,0,0,0,0,0,3,1,1,1,0,0,1,0,0,0,1,0,1,0,0,0,0,0,0,0,0,0,0,0,0,0,0,0,0,0,0,0,1,0,1,0,0,6,0,2,0,1,1,2,1,2,0,2,0,1,0,0,0,0,0,1,1,2,1,1,0,0,5,0,2,1,0,0,0,0,2,1,0,0,0,0,0,1,0,0,0,1,1,3,0,1,0,0,0,0,1,0,0,0,0,0,1,0,1,0,1,1,0,0,3,1,0,0,1,0,1,1,0,0,0,0,0,1,2,0,0,1,0,0,0,6,1,1,0,0,0,2,1,3,0,0,1,2,1,1,1,1,1,0,1,0,0,0,0,0,0,0,2,0,0,5,0,0,1,0,1,0,3,3,4,1,0,0,1,0,1,2,0,0,0,1,0,0,0,0,0,0,0,0,0,1,0,2,0,0,0,1,2,0,0,1,0,1,0,0,0,2,0,0,0,0,1,1,0,0,2,0,2,1,2,2,0,3,0,0,0,0,0,0,0,1,0,0,0,0,1,0,1,2,1,0,0,0,0,0,2,0,2,0,0,7,0,1,0,0,0,2,2,0,0,0,1,2,0,3,0,0,0,2,0,2,0,3,4,0,0,0,0,0,0,0,0,1,0,0,0,0,3,0,6,1,2,0,1,1,0,0,4,0,0,0,0,1,3,1,0,1,0,1,1,1,0,0,2,0,0,0,0,0,3,3,2,1,0,2,2,1,2,0,0,1,2,1,0,0,1,0,3,4,1,5,1,1,2,1,0,0,1,2,1,1,0,0,0,0,1,2,0,0,0,0,0,2,0,0,0,0,0,1,1,2,0,0,2,0,4,0,0,1,2,6,2,2,0,0,0,0,2,0,0,0,0,0,0,0,1,0,2,1,0,0,0,0,1,0,5,1,0,0,1,1,0,0,1,0,2,0,0,0,1,1,1,0,2,1,0,2,0,5,0,1,0,2,2,0,0,0,0,1,0,0,1,0,0,0,0,5,0,1,2,0,0,0,2,0,0,0,2,0,0,0,0,0,0,0,0,0,0,0,2,0,0,1,0,1,0,0,3,0,3,0,1,0,1,0,0,0,3,0,0,2,4,0,1,0,0,0,0,1,0,0,0,1,2,1,1,0,0,0,0,0,0,0,0,0,0,1,1,1,0,1,0,5,0,0,2,0,0,1,1,0,0,1,0,0,0,0,0,0,1,0,0,1,0,0,0,0,0,2,0,0,1,0,0,0,0,0,1,2,1,0,0,0,1,2,0,0,0,0,0,2,0,0,1,0,0,1,2,1,5,1,0,0,1,2,0,1,0,0,0,1,0,0,0,1,0,0,0,2,2,0,4,0,0,0,0,1,4,1,3,0,0,2,0,2,1,0,0,0,0,0,1,0,1,0,0,0,0,1,2,0,1,0,0,0,0,1,0,0,0,1,1,1,3,0,0,1,0,1,0,0,0,0,0,0,0,1,0,0,0,0,0,1,1,4,0,0,0,0,0,0,0,1,1,0,0,0,0,1,0,1,1,0,0,0,0,0,0,0,0,0,0,3,0,3,0,0,0,0,0,0,0,3,3,0,0,0,0,0,0,1,0,0,0,1,2,0,0,3,0,6,0,1,2,0,0,0,0,1,1,1,1,0,0,0,0,1,0,1,0,0,1,0,1,0,0,4,0,0,1,0,0,0,0,0,1,0,0,0,0,0,0,0,0,0,0,4,0,0,0,2,0,0,1,1,0,0,0,1,0,1,2,1,0,1,0,0,1,1,0,0,0,0,2,0,0,2,0,0,0,0,0,0,0,0,0,5,0,1,4,0,1,1,2,0,0,0,0,0,5,1,1,0,0,0,1,1,3,0,0,0,0,1,0,0,7,0,2,0,0,2,1,0,0,0,1,0,2,1,0,1,0,1,0,0,0,0,0,2,0,0,3,0,1,0,0,2,0,0,1,0,1,0,0,0,0,2,0,1,0,0,3,1,0,0,0,0,0,1,0,0,3,1,0,0,1,0,0,0,0,2,0,0,1,0,0,0,0,0,5,0,0,0,0,1,0,0,0,0,0,0,0,1,0,0,0,0,0,0,5,0,0,0,1,0,1,0,1,0,4,0,5,0,0,0,0,0,2,0,1,0,2,0,0,0,1,0,0,0,0,1,5,1,3,2,0,2,3,2,1,2,2,0,0,0,0,0,1,0,0,0,0,4,7,0,0,0,0,1,0,2,6,0,0,0,1,0,0,0,0,4,0,1,0,0,0,1,0,1,0,0,2,0,0,0,1,4,1,0,2,2,0,0,0,2,0,1,1,0,0,1,2,1,2,0,0,0,0,0,0,1,1,0,0,0,0,0,0,0,0,0,2,0,1,0,0,3,2,1,1,0,1,0,0,0,0,0,0,0,0,0,0,0,1,2,0,0,5,0,0,1,0,1,0,2,0,0,0,1,0,0,0,0,1,5,0,2,0,0,0,0,0,0,1,0,1,1,2,0,0,2,3,2,0,6,0,0,1,0,0,0,0,0,0,0,0,1,0,1,2,0,0,1,0,2,0,0,0,0,0,0,0,0,0,1,0,0,0,0,0,0,1,1,0,6,3,0,0,0,0,4,3,1,0,0,0,0,0,2,1,3,0,0,0,2,0,0,2,2,0,4,0,0,1,2,0,0,0,0,0,1,0,0,0,5,0,0,1,2,0,0,0,0,2,0,0,0,0,1,0,0,2,2,0,0,0,3,0,0,1,0,0,1,0,1,1,0,2,0,0,0,0,0,0,0,1,5,0,2,0,0,0,0,0,1,0,1,1,0,1,4,0,2,0,0,2,1,0,0,0,1,0,0,2,0,1,0,0,0,1,0,0,1,1,1,0,0,3,3,1,0,0,0,0,0,0,1,1,6,1,0,0,0,0,2,0,0,6,0,0,4,0,0,0,1,0,1,0,0,3,0,0,2,0,0,2,0,0,1,2,0,1,0,0,0,0,0,0,0,3,0,0,0,0,0,2,0,0,1,0,2,0,0,1,0,0,0,0,0,0,0,2,0,0,0,0,0,3,0,0,0,0,0,0,1,0,0,1,1,0,0,2,2,0,0,1,1,1,0,0,1,1,0,3,0,2,0,0,0,0,0,0,1,0,0,1,4,0,0,2,0,0,0,0,0,0,2,1,0,0,0,0,0,3,0,0,0,0,2,0,1,0,1,0,0,3,0,1,0,0,0,0,0,0
C12orf75,0,0,0,3,1,0,0,0,0,0,0,1,0,0,0,0,0,2,0,0,0,2,0,0,0,3,0,0,1,0,0,1,0,9,3,2,0,1,1,0,0,1,0,1,0,0,0,0,1,0,0,1,0,2,0,0,3,0,0,1,1,1,1,0,0,0,0,1,0,0,0,0,1,0,0,1,1,0,0,0,1,2,0,0,1,1,0,0,3,0,10,0,0,0,0,0,0,0,0,2,0,0,0,0,0,0,0,0,0,0,0,0,0,0,0,0,0,0,0,0,0,0,0,0,0,0,0,0,0,0,2,0,0,0,0,1,0,0,0,1,1,3,0,0,1,3,0,0,0,1,0,1,1,0,0,0,0,1,1,0,0,0,0,0,3,0,0,0,1,0,0,0,1,0,0,0,1,0,1,0,0,0,0,0,0,0,0,0,0,0,0,0,0,0,0,0,1,1,1,0,0,4,0,0,0,2,1,0,0,0,0,0,1,1,1,2,0,1,5,0,0,0,8,0,0,1,0,0,0,0,0,0,0,1,0,0,2,0,0,0,0,0,0,0,0,0,0,0,0,0,0,0,0,1,0,0,0,0,0,0,0,0,1,0,0,0,0,0,0,0,0,1,0,0,0,2,0,0,0,0,0,0,0,0,0,0,0,0,0,0,0,1,0,1,0,0,0,0,0,5,1,0,2,0,0,0,0,0,0,0,0,1,0,0,0,0,0,2,0,0,0,1,0,1,1,0,0,0,0,0,0,0,0,0,0,0,0,0,1,0,0,0,0,0,0,0,0,0,0,0,0,0,0,0,0,0,0,0,0,0,0,0,0,0,1,0,2,2,0,1,2,0,2,0,0,0,0,0,0,0,0,0,0,0,0,0,0,0,0,3,0,1,1,0,0,0,1,0,1,0,0,0,2,0,0,1,0,0,0,0,0,0,0,0,1,0,1,0,0,0,0,1,6,3,0,0,2,1,0,0,0,0,1,0,2,0,0,2,0,0,1,0,0,0,0,0,1,0,0,0,0,0,0,0,0,1,0,2,0,0,5,0,0,0,0,0,0,0,0,0,0,0,2,0,0,0,0,0,0,0,0,0,3,1,0,0,1,0,0,0,0,1,0,0,0,0,0,1,1,2,0,0,0,0,0,0,1,1,1,1,0,0,0,0,0,0,1,0,0,0,0,0,0,0,0,0,0,0,0,0,0,0,0,1,1,0,1,1,0,0,1,2,0,3,0,0,0,0,4,0,1,0,0,0,0,0,0,0,0,3,0,3,0,2,0,0,0,0,0,0,0,1,0,0,0,0,0,0,0,0,0,3,0,0,1,2,0,0,1,0,0,0,0,0,0,0,2,0,0,0,0,0,0,2,0,1,0,3,0,0,0,0,0,0,0,0,0,0,0,0,1,1,0,0,1,2,0,0,0,0,0,0,0,4,0,1,0,0,0,0,0,0,0,0,0,0,19,0,0,0,1,0,0,0,0,0,0,0,0,0,0,1,0,1,0,2,0,0,0,0,0,0,0,0,4,0,0,0,1,0,1,1,1,0,0,0,0,0,0,0,0,0,0,1,0,0,0,0,0,0,0,0,11,1,0,0,0,0,1,2,0,1,0,0,0,0,2,0,0,0,1,0,1,1,0,0,1,0,0,1,1,0,0,2,7,0,0,0,0,0,0,0,0,0,0,1,0,0,0,0,0,1,0,0,0,0,0,0,3,0,0,0,1,0,0,0,0,0,1,0,0,0,0,0,0,0,0,0,0,1,0,0,2,0,0,0,4,0,1,0,0,0,0,0,0,2,1,0,0,0,0,1,0,0,0,0,1,0,0,1,0,0,0,0,1,0,0,0,0,3,4,0,0,0,0,1,0,0,0,0,1,1,0,0,0,0,0,0,0,0,0,0,2,1,0,0,1,0,3,0,3,0,0,1,2,0,0,0,0,0,0,0,0,0,0,0,0,0,0,0,0,0,0,0,0,1,1,0,0,0,0,0,0,2,0,0,0,0,0,0,0,1,4,0,0,0,0,0,1,0,0,0,0,0,0,0,0,0,0,0,0,1,0,0,0,1,0,0,0,0,0,0,0,1,5,0,0,0,0,1,0,0,1,0,0,1,0,1,0,1,0,0,1,0,0,0,2,0,1,1,0,0,0,0,1,0,0,0,0,0,1,0,0,0,0,0,0,0,0,0,0,1,0,0,0,0,0,2,0,0,0,0,0,0,0,0,0,0,0,0,1,0,0,1,0,1,0,0,0,0,0,0,1,0,0,0,1,0,0,0,1,3,0,0,0,0,0,0,0,0,0,0,0,1,1,0,3,0,0,0,5,0,0,0,0,0,0,0,0,0,0,1,2,0,0,0,0,0,0,0,0,0,0,0,0,0,0,0,0,0,1,1,0,0,0,2,0,0,0,0,0,0,1,0,0,7,0,0,0,0,9,0,1,0,1,0,0,0,0,0,0,0,0,1,0,0,0,0,0,1,0,1,0,0,0,1,0,0,0,0,0,0,0,0,0,0,0,0,1,0,0,0,0,0,0,0,2,0,0,0,0,0,0,1,3,0,0,0,0,0,2,0,0,0,0,0,0,0,6,2,0,0,5,0,0,0,0,0,1,0,0,0,0,0,1,0,0,0,0,1,0,1,0,0,7,0,0,0,0,3,0,0,0,0,0,0,0,0,0,1,0,0,1,0,0,1,0,1,0,0,0,0,1,0,0,1,0,0,2,0,0,1,0,0,0,0,0,0,0,0,0,0,0,0,0,0,0,0,0,1,0,0,0,0,0,12,0,0,0,0,1,0,0,0,0,0,0,1,0,1,0,0,0,0,0,2,0,4,0,0,0,0,0,0,0,1,0,4,0,0,1,0,1,0,0,0,0,4,0,0,0,0,0,3,0,0,1,0,0,0,0,0,0,0,0,0,0,0,0,0,0,0,0,0,0,0,0,0,0,0,0,0,0,0,1,2,0,0,2,0,1,0,0,0,0,0,1,0,0,0,0,0,0,1,1,1,0,0,5,1,0,0,0,2,0,0,2,0,0,1,0,0,0,1,0,0,0,1,0,1,0,1,2,0,0,0,0,1,0,0,0,0,0,0,1,0,0,0,0,1,0,0,1,0,0,0,0,0,2,10,1,2,0,0,0,0,0,0,0,1,0,0,1,0,1,0,1,0,0,5,0,0,0,0,0,3,0,1,1,0,0,4,0,0,0,0,0,0,0,0,0,0,0,1,1,0,0,0,0,0,0,0,0,0,0,0,1,0,4,0,0,0,0,1,0,0,0,0,0,1,0,0,0,0,0,1,0,0,0,0,0,0,0,0,1,0,0,0,0,0,0,0,1,0,0,0,0,0,0,0,0,0,1,0,0,2,0,0,0,0,0,0,1,0,0,0,0,0,2,0,0,0,0,1,0,2,1,1,0,0,0,0,0,0,0,0,0,0,2,0,0,0,0,0,0,2
ATP6,8,7,12,7,3,18,11,9,2,4,13,11,13,2,6,31,4,7,13,4,1,9,18,10,1,11,5,5,8,14,11,16,14,12,7,4,9,11,10,11,6,8,14,15,10,8,10,14,11,7,1,7,17,4,10,7,3,5,6,8,18,4,4,2,3,10,7,4,17,14,3,23,10,9,8,5,2,16,4,12,6,13,6,9,4,4,5,8,0,5,6,15,6,9,14,11,2,6,8,27,3,6,10,7,7,8,4,2,14,10,4,2,7,15,6,22,9,8,17,5,5,8,19,1,16,10,2,0,5,4,3,8,4,4,2,7,4,13,10,11,3,11,12,3,22,6,13,10,7,5,10,1,5,8,9,9,8,4,5,17,8,7,25,15,4,11,17,7,18,25,5,9,12,3,23,3,10,5,17,4,5,2,10,5,22,11,8,7,15,17,16,16,11,14,9,9,11,4,4,14,8,10,24,7,8,3,5,17,10,12,8,12,4,5,8,9,14,5,5,12,5,4,4,3,7,7,6,10,8,6,7,5,25,11,8,4,8,7,7,7,13,1,7,6,11,6,4,17,40,8,3,11,3,4,8,7,7,9,8,10,3,4,7,15,9,6,6,5,12,8,2,22,11,7,2,2,4,28,10,12,13,12,10,6,9,7,7,0,12,5,4,7,21,4,5,2,13,4,16,3,9,3,4,1,21,2,8,4,20,14,3,1,8,7,3,3,6,21,7,6,8,4,28,2,9,8,5,17,6,4,5,12,11,3,5,1,2,5,10,18,20,6,13,8,7,6,4,12,6,9,21,8,24,4,10,3,4,16,15,3,12,8,8,13,3,6,30,7,6,3,2,12,8,2,4,31,4,15,3,15,14,2,16,5,5,7,7,12,7,11,18,36,6,14,15,11,13,12,3,14,13,10,5,7,12,7,4,15,13,11,5,1,22,7,7,23,8,8,5,10,16,7,23,4,16,6,6,9,12,9,6,7,9,7,10,7,12,10,7,13,4,16,19,5,12,24,2,3,4,3,17,16,10,8,15,9,2,28,16,8,4,9,4,6,30,10,4,5,13,10,11,8,15,5,6,21,12,14,8,2,12,11,3,5,12,6,5,9,11,10,2,9,6,9,3,4,12,3,2,15,1,9,3,4,4,5,3,25,4,7,5,10,7,9,4,5,5,7,11,4,12,6,8,14,20,10,9,12,9,20,23,15,3,3,16,9,6,11,5,4,13,9,9,2,5,7,9,3,20,4,12,29,3,5,13,20,12,15,2,2,4,6,7,5,7,11,12,11,11,2,13,2,9,3,9,15,4,12,11,7,6,3,5,11,2,6,4,2,5,5,4,9,8,18,10,19,12,6,4,8,1,24,9,4,15,35,12,6,5,6,16,7,10,0,17,9,2,6,12,8,9,2,6,2,8,4,3,12,7,12,7,1,5,3,16,3,1,4,4,7,6,9,16,7,9,3,7,3,9,11,4,2,1,5,6,12,2,5,5,20,6,16,7,4,2,10,5,0,9,8,11,1,7,5,8,2,4,18,8,6,2,25,7,10,5,6,7,7,1,4,4,5,4,3,8,9,6,7,6,6,7,6,11,8,6,15,5,6,6,24,7,8,8,8,12,5,6,9,3,4,6,6,8,13,7,4,7,1,0,14,6,4,5,10,9,4,16,12,7,9,8,3,6,7,18,5,2,2,3,0,6,9,12,9,5,2,11,4,6,14,8,11,7,7,18,6,9,6,11,8,6,8,7,8,10,7,23,7,22,9,11,2,10,8,16,23,4,11,14,12,12,0,6,6,15,9,6,9,8,3,9,3,5,1,5,8,6,9,14,2,0,6,4,11,7,5,12,6,6,6,5,10,22,10,12,5,7,9,9,9,4,4,6,10,5,2,4,10,12,7,11,10,2,10,4,25,8,25,4,2,4,8,7,3,10,1,8,17,9,12,5,14,5,4,10,4,10,9,15,1,7,6,35,4,5,7,4,8,6,17,4,2,11,17,11,11,5,0,13,10,7,7,3,11,4,26,7,5,10,3,5,4,3,4,8,3,5,11,19,19,12,7,5,12,20,11,2,6,4,8,4,19,4,6,8,15,2,8,9,15,8,3,9,5,5,8,1,16,9,8,7,12,8,9,10,5,3,11,2,14,3,8,11,11,7,6,7,3,5,9,5,3,3,3,9,17,4,10,18,3,6,42,18,3,5,1,8,4,13,11,7,7,5,29,10,2,5,2,6,1,8,8,5,3,8,4,3,18,12,6,8,16,7,4,5,10,9,2,6,5,9,6,13,7,5,6,9,9,13,9,5,6,8,3,5,11,4,4,8,6,20,12,3,6,0,17,4,17,13,3,5,10,3,9,3,6,5,8,2,3,6,9,12,7,5,4,13,5,9,14,8,7,8,16,10,3,13,8,10,12,19,15,4,11,4,8,4,16,13,25,13,3,6,3,5,6,17,16,9,8,12,6,7,30,3,7,2,5,10,17,11,12,16,4,4,16,3,5,7,4,10,1,6,5,5,3,9,6,11,12,4,9,15,2,6,4,15,10,11,17,2,1,15,4,6,7,6,19,7,9,9,8,19,4,5,4,4,2,6,8,16,3,5,25,6,8,7,4,13,5,15,12,12,4,10,7,10,3,2,4,13,14,5,19,3,4,11,5,14,25,8,7,25,4,1,4,11,3,6,5,2,6,1,7,11,8,23,6,10,4,8,13,7,10,2,2,7,17,6,23,3,10,8,14,6,6,9,7,4,9,2,13,9,1,2,13,11,12,7,14,4,20,5,1,4,6,14,9,5,8,6,7,7,2,9,3,6,21,5,10,15,9,9,8,5,8,18,12,6,4,9,6,19,16,1,5,9,3,4,11,3,5,7,3,7,5,14,10,8,7,20,2,16,22,16,22,7,0,5,12,2,14,4,0,5,5,13,3,10,3,19,8,1,19,4,6,6,8,5,12,7,3,14,6,5,4,3,9,4,11,7,20,3,10,14,7,5,16,8,30,18,5,5,5,2,3,5,13,22,6,10,4,9,1,8,13,2,7,13,2,4,7,18,8,10,2,14,3,11,3,3,11,6,20,5,19,5,17,3,9,6,12,6,5,21,7,11,0,4,18,6,14,1,7,2,7,10,5,5,6,36,11,3,4,17,11,3,5,5,22,7,21,5,3,6,8,1,6,4,5,8,7,4,3,14,10,1,25,6,9,7,6,22,15,4,1,2,8,4,10,6,2,8,10,3,10,3,6,8,8,8,1,6,6,3,9,11,8,4,5,4,7,20,4,5,14,8,10,3,16,10,5,21,1,6,4,17,10,7,10,6,10,6,12,17,0,3,13,4,27,7,18,3,8,7,13,8,10,20,6,6,4,6,9,9,6,3,17,12,13,7,19,2,14,4,9,3,10,11,13,10,6,7,7,0,9,8,9,4,6,7,7,8,1,20,5,5,33,4,4,4,23,6,0,13,7
CPVL,0,0,0,0,0,0,0,0,0,0,0,0,1,0,0,1,0,0,1,0,0,0,1,1,0,0,0,0,0,0,0,0,0,0,0,0,0,0,0,0,0,0,3,0,0,0,0,0,0,0,0,0,2,0,1,0,0,0,0,0,4,0,0,0,0,0,0,1,1,0,0,0,0,0,1,0,0,1,1,0,0,0,1,0,0,0,0,1,0,0,0,0,0,0,0,1,0,0,2,0,0,0,6,0,0,0,0,0,3,0,0,0,0,0,0,0,0,0,1,0,0,0,0,0,0,0,0,0,1,0,0,0,0,0,0,0,0,0,1,0,0,0,0,0,1,0,1,0,0,0,0,0,0,0,0,0,0,0,0,1,1,0,5,2,0,0,0,0,3,12,0,0,0,0,4,0,0,0,3,0,0,0,0,0,1,0,0,0,1,1,7,0,0,1,0,0,0,0,1,0,0,0,1,0,0,0,0,0,0,0,0,0,0,0,0,0,0,0,0,0,0,0,0,0,0,0,0,0,0,0,0,0,0,0,1,0,0,0,0,0,2,0,0,1,0,0,0,1,6,1,0,2,1,0,0,0,0,0,0,1,0,0,0,3,0,0,0,0,0,0,0,3,0,1,0,0,0,0,0,0,0,1,0,0,0,0,0,0,1,0,0,0,0,0,0,0,0,0,2,0,0,0,0,0,3,0,0,3,0,0,0,0,0,0,0,0,0,0,0,0,0,1,3,0,0,0,1,0,0,0,0,0,0,0,1,0,0,2,0,1,3,0,2,0,0,0,0,1,0,0,0,0,0,0,0,1,0,0,1,0,0,0,0,0,0,0,31,0,0,0,0,0,0,0,0,6,0,0,0,1,1,0,0,0,0,0,0,0,0,0,0,2,0,5,0,0,0,0,0,2,0,0,1,0,5,0,0,0,0,0,0,0,0,0,0,10,0,0,0,0,0,0,0,0,0,0,0,0,0,0,0,0,0,0,0,0,2,0,0,2,0,0,0,0,0,10,0,0,0,0,0,0,1,0,1,0,0,4,1,0,0,0,0,0,0,2,0,0,0,1,2,0,1,0,0,0,1,0,0,0,3,0,0,0,0,0,0,0,0,1,0,0,0,0,0,0,0,0,0,0,0,1,0,0,0,0,0,3,0,0,0,0,0,0,0,0,0,0,0,0,0,0,0,3,3,1,0,0,0,0,1,0,1,0,1,0,0,17,0,0,0,0,0,0,0,0,0,0,2,0,0,0,0,0,0,2,0,1,0,0,0,0,0,1,0,0,0,0,0,0,0,0,0,0,0,0,0,0,3,0,0,0,0,0,0,0,0,0,0,0,0,0,0,0,0,0,0,0,0,0,0,5,0,0,0,4,2,0,0,0,0,0,0,0,0,0,0,0,1,0,0,0,0,0,0,0,0,0,0,0,0,0,0,0,2,0,0,1,0,0,0,0,0,0,0,0,0,0,0,0,0,0,0,0,0,0,0,0,0,0,1,0,0,0,0,0,0,0,0,0,0,0,1,0,0,0,0,1,0,0,0,3,0,0,0,0,0,0,0,0,0,0,0,0,0,0,0,0,0,1,0,0,0,0,0,1,0,0,0,3,0,0,0,0,3,0,0,0,0,0,0,0,0,0,0,0,0,0,0,0,0,0,0,0,0,0,2,0,0,0,0,0,0,2,0,0,0,0,0,0,0,0,0,0,0,0,0,0,0,0,0,0,0,0,0,0,0,0,0,0,0,0,0,0,1,0,4,0,0,0,0,0,0,0,1,0,0,0,0,0,0,0,0,0,1,0,0,0,1,0,0,0,0,0,0,0,0,0,0,0,0,2,0,0,0,0,0,0,0,0,0,0,3,0,0,0,0,0,0,0,0,0,0,1,0,0,0,0,1,0,1,0,0,0,0,0,0,0,0,0,0,1,1,0,0,0,0,0,0,1,0,0,0,0,0,0,0,3,0,0,0,1,2,0,0,0,0,0,0,2,0,0,1,5,1,0,0,0,0,0,0,0,0,1,1,0,0,0,0,0,0,1,0,0,0,0,0,0,0,1,1,0,0,0,0,0,0,0,0,0,0,0,2,0,0,0,0,0,2,1,2,0,0,0,0,0,0,3,0,0,0,0,0,0,0,0,0,2,0,0,0,0,1,0,0,0,0,0,0,0,0,0,0,0,1,0,0,0,0,1,0,4,1,0,0,0,0,0,1,0,0,0,0,8,0,0,0,0,0,0,0,0,0,0,0,0,0,0,0,0,0,1,0,0,0,0,0,0,1,0,0,0,0,0,0,0,0,0,1,0,0,0,1,0,0,0,0,1,0,0,1,29,0,0,0,3,0,1,2,0,0,0,0,0,0,0,0,0,0,0,0,0,0,0,0,0,0,0,0,0,0,0,1,0,1,0,1,0,0,2,5,0,1,0,0,0,1,0,0,1,0,0,0,0,0,0,1,0,0,0,2,0,0,15,0,0,0,0,1,0,0,0,1,1,2,0,0,0,0,0,0,0,0,0,0,0,1,0,0,0,0,0,0,0,0,0,0,0,1,0,0,1,0,0,0,0,0,0,0,0,1,0,1,0,0,0,0,0,0,0,1,0,0,6,0,0,0,0,0,0,0,0,0,0,0,0,0,0,0,1,0,0,0,0,0,0,3,0,0,10,0,0,1,0,0,0,0,0,0,0,0,0,0,0,0,0,1,0,0,1,0,0,0,0,0,0,0,1,0,2,0,0,0,3,0,0,2,0,0,0,0,0,0,0,0,0,2,0,0,0,2,2,0,0,0,0,1,0,0,0,0,0,0,0,0,1,0,0,0,0,1,0,1,0,0,0,1,0,0,0,0,0,3,2,1,0,0,0,0,0,0,3,0,0,0,0,1,0,2,1,2,0,12,0,0,0,0,0,0,0,0,0,0,0,0,0,0,0,1,0,1,0,0,0,0,0,0,0,0,1,0,0,0,0,0,0,0,0,0,0,0,1,0,0,0,0,0,0,0,1,0,0,0,0,0,0,0,0,0,0,2,0,0,0,0,0,0,0,3,0,0,0,0,0,0,0,0,0,0,0,0,1,0,2,2,5,0,0,0,0,0,0,0,0,7,0,0,1,0,4,0,0,0,0,0,0,0,0,0,0,2,0,0,0,0,2,0,1,0,1,1,0,0,0,0,1,0,0,0,0,0,0,0,0,1,0,0,4,0,0,0,0,2,1,0,0,0,0,0,0,0,1,0,0,0,0,0,0,0,1,0,0,0,0,0,0,0,0,0,2,0,0,0,0,0,0,0,1,0,0,0,0,0,0,0,0,1,0,0,0,2,0,0,0,7,1,0,0,0,5,0,0,0,0,0,2,0,1,2,0,0,0,0,4,0,0,0,0,2,0,0,1,0,0,1,0,1,0,0,1,0,0,0,0,0,0,0,0,0,0,0,0,2,0,1,0,0,7,0,0,0,0,0,0,0,0
MYL12A,3,7,4,4,5,2,2,3,2,2,10,5,0,1,3,6,4,6,3,2,5,4,1,4,2,14,2,4,2,5,2,0,5,14,4,3,5,10,10,2,4,5,3,5,5,1,5,1,3,9,1,0,2,3,7,2,5,9,2,8,2,3,4,0,2,3,5,23,4,2,1,4,3,6,3,3,3,2,1,3,4,3,0,3,8,4,2,7,8,2,13,6,4,6,7,2,2,1,2,6,9,0,2,3,3,1,1,12,4,3,6,4,1,3,3,5,5,7,0,2,0,1,14,2,4,5,6,1,3,0,0,2,3,2,0,3,3,8,3,1,2,3,4,3,8,4,4,3,10,9,2,5,5,7,2,3,3,3,1,3,3,9,2,2,4,7,3,6,4,22,3,6,10,2,3,0,3,3,2,5,1,0,1,2,2,0,2,3,2,4,4,2,4,5,2,0,4,3,23,5,1,12,2,1,4,2,1,3,1,3,1,6,4,4,7,4,4,6,11,4,0,3,4,2,10,2,0,0,1,6,6,2,2,6,0,5,4,1,4,0,1,2,0,0,5,0,4,3,6,2,4,0,0,7,2,8,3,8,2,2,7,3,5,1,4,6,1,3,4,4,12,3,0,1,4,6,3,5,2,4,2,2,3,5,6,2,2,2,4,1,4,5,2,3,1,2,1,2,3,7,3,4,5,7,3,1,3,1,6,2,7,2,6,4,1,2,1,7,4,4,3,8,3,2,5,1,0,11,3,7,0,3,1,3,1,1,3,2,8,4,3,4,1,8,2,7,2,4,3,4,5,3,5,1,2,3,3,7,6,1,8,2,2,2,6,4,31,11,0,2,5,3,8,3,3,15,2,7,5,1,1,1,9,7,4,3,8,4,3,7,1,12,7,7,2,0,2,6,9,4,6,6,9,9,1,3,13,1,6,4,12,7,2,4,0,6,0,2,3,4,2,3,17,4,0,3,4,5,2,5,1,4,7,1,4,1,0,5,3,13,8,12,8,4,3,11,11,2,2,1,7,5,1,2,1,5,6,5,1,4,7,5,4,1,11,5,11,2,1,0,0,2,2,3,4,2,1,2,0,3,3,8,5,3,3,2,5,3,3,2,4,2,3,1,3,1,1,3,2,4,3,5,1,1,7,4,4,12,8,1,1,2,2,1,2,8,1,8,1,0,5,9,7,5,5,2,2,1,4,3,3,3,8,1,9,4,3,7,4,4,6,6,2,9,4,1,2,2,7,8,10,5,7,1,2,3,1,4,3,1,2,6,1,9,3,5,2,1,11,1,9,7,7,2,5,2,4,4,2,3,3,4,4,2,3,5,5,1,2,1,4,0,9,4,6,4,4,3,3,2,3,7,0,8,8,14,2,10,2,1,1,1,3,6,8,1,3,6,1,7,9,3,6,2,10,3,4,1,0,4,1,3,7,10,1,1,7,8,2,4,6,2,10,5,6,2,8,8,4,0,3,4,0,1,2,2,1,3,2,3,3,3,3,5,7,5,2,0,3,1,2,3,4,7,12,6,3,1,2,6,9,12,2,2,0,0,4,3,3,3,3,0,7,4,5,4,6,4,2,2,2,4,13,10,3,0,3,6,8,16,6,2,2,5,1,6,4,7,0,2,4,3,3,7,1,7,2,4,2,7,5,4,3,3,13,2,1,2,6,2,3,8,3,3,0,10,1,3,3,2,5,3,1,5,4,1,4,4,10,3,2,10,2,14,1,1,11,2,10,4,5,0,0,7,4,0,3,2,1,5,0,2,3,6,2,6,4,4,12,4,4,6,1,2,5,7,8,2,6,0,3,4,2,6,8,1,7,4,2,3,6,1,1,4,3,2,4,0,1,4,11,3,16,6,2,12,0,0,0,0,4,4,2,2,8,3,4,6,1,2,1,4,6,6,8,2,4,8,8,1,1,2,3,2,6,0,0,2,4,1,6,4,1,1,0,4,5,2,5,0,6,4,5,8,2,4,4,4,2,0,1,1,1,7,0,3,3,0,2,1,2,2,10,5,1,6,4,3,10,1,1,3,2,5,3,3,2,3,8,4,2,4,1,7,2,5,2,1,2,3,0,8,2,8,9,2,2,4,0,8,0,3,2,1,2,4,5,16,6,13,1,2,4,2,1,3,7,1,4,3,0,5,1,3,5,2,6,6,3,2,6,3,1,1,1,5,0,1,1,0,6,7,1,3,3,3,4,3,6,5,4,2,1,8,10,2,1,2,4,2,2,6,5,6,3,6,2,1,3,3,2,1,3,1,7,5,2,1,1,9,5,9,6,5,3,3,0,2,0,3,2,1,3,3,2,4,12,5,3,4,14,14,1,1,2,1,3,7,1,3,4,9,7,9,7,3,4,2,1,3,3,6,4,3,3,2,2,2,2,7,8,2,6,4,4,7,6,3,3,0,3,8,8,1,3,8,8,1,6,4,8,1,1,8,7,5,3,3,2,2,1,6,3,9,8,0,0,6,0,1,3,6,9,5,2,3,5,0,1,6,4,2,2,6,0,0,1,5,3,9,2,2,5,4,3,15,4,2,6,2,1,2,6,9,9,1,1,1,0,3,6,2,2,9,1,5,2,1,10,4,1,4,7,10,3,3,3,2,1,4,8,4,4,0,5,2,2,4,2,7,4,4,8,1,14,9,3,3,2,7,5,3,0,4,5,7,11,1,2,2,3,2,0,2,4,4,3,6,5,3,1,5,5,4,2,3,0,2,5,6,4,8,7,16,3,4,7,3,1,6,4,3,3,1,1,4,1,5,2,5,2,3,5,0,4,13,1,1,1,6,7,3,2,2,3,0,1,5,0,8,4,9,1,1,2,2,4,4,5,3,6,4,5,3,4,2,1,10,1,4,2,2,2,4,6,2,1,12,0,4,3,5,4,12,5,2,11,1,0,3,3,1,4,0,1,3,8,4,1,1,8,2,3,1,3,4,0,4,6,4,2,2,2,6,12,3,2,2,8,5,2,1,1,0,5,4,2,7,2,8,6,3,4,1,2,4,3,13,19,1,5,2,5,6,3,2,6,3,4,4,2,10,1,3,2,5,1,6,2,4,0,4,5,3,0,0,3,14,3,3,1,1,4,6,8,2,2,2,2,2,8,6,2,4,2,1,5,5,5,13,12,3,6,8,4,3,3,2,2,8,3,0,7,2,8,0,5,4,0,7,4,3,7,2,5,8,0,17,7,5,0,8,10,2,0,1,1,5,3,5,1,8,1,8,4,3,2,4,5,3,6,2,0,2,0,3,5,4,4,0,7,2,14,6,6,3,4,3,2,6,5,1,0,2,2,3,2,0,1,10,0,0,4,3,21,2,5,5,7,9,3,6,5,3,6,1,0,1,5,4,2,3,1,1,2,3,2,1,4,8,0,8,2,4,1,5,0,3,2,2,1,6,4,2,1,8,9,5,6,3,4,1,3,3,1,4,1,24,1,7,4,8,5,2,5,2
PLEK,0,0,1,1,0,1,0,0,1,0,1,0,2,0,0,1,0,1,1,0,0,0,1,0,0,0,0,0,2,0,0,0,0,0,1,0,0,0,2,0,0,0,3,0,0,0,0,1,0,0,0,0,3,1,0,1,0,0,0,0,3,0,0,2,0,1,0,1,1,0,0,0,0,1,1,0,0,1,0,0,0,1,0,1,1,0,0,0,0,0,3,0,0,3,0,1,0,0,1,1,0,0,2,0,0,2,0,1,2,0,1,0,0,3,0,1,0,0,1,0,0,0,1,1,0,0,0,1,0,0,0,0,2,0,0,0,0,0,0,1,0,0,0,0,1,2,1,0,0,2,4,0,0,0,0,0,0,0,0,1,0,0,1,1,4,0,3,0,0,5,0,0,0,0,0,0,0,0,1,0,1,0,0,0,2,1,0,0,0,2,3,0,0,0,0,1,0,0,1,0,1,1,0,0,0,1,1,1,0,0,0,0,2,0,1,0,0,1,3,1,0,0,1,0,0,0,0,0,0,0,0,0,0,2,0,0,0,1,0,0,0,0,1,1,0,1,0,0,2,0,0,2,0,0,0,0,0,0,0,0,0,0,0,0,0,0,0,2,0,1,1,3,0,0,0,1,0,0,4,0,1,0,0,0,0,0,0,0,0,0,0,0,0,0,0,0,0,0,3,0,0,0,1,0,4,0,0,0,1,0,0,0,0,0,1,0,0,0,0,0,0,0,0,0,0,0,1,0,0,0,0,0,0,0,0,0,0,4,0,1,2,0,0,0,0,0,0,1,0,2,2,0,0,0,1,0,1,0,0,0,0,0,0,0,3,0,8,0,0,0,1,1,3,0,1,4,0,0,0,1,1,0,0,0,0,0,0,1,0,3,0,3,0,3,0,0,1,0,0,2,0,0,1,0,1,0,1,0,0,0,0,0,2,0,0,0,0,0,0,0,4,0,0,4,0,0,1,0,1,1,0,1,0,0,5,0,0,0,0,2,1,0,1,0,0,2,3,0,0,0,1,0,0,1,1,0,0,1,0,2,3,0,0,0,3,2,0,0,0,0,2,0,0,0,0,0,0,0,1,0,2,0,0,2,0,0,0,0,0,2,0,0,0,0,0,0,0,0,0,1,0,0,0,0,0,0,0,1,1,0,1,1,1,0,0,0,0,0,0,0,0,0,0,2,3,0,2,0,2,0,2,1,0,0,1,2,1,8,0,0,1,0,0,3,0,0,1,0,3,0,0,2,0,0,0,1,1,1,0,1,0,0,0,1,0,0,0,0,0,1,0,3,0,0,0,0,0,0,0,0,2,3,0,2,0,0,0,0,0,1,0,0,0,0,0,0,0,0,1,0,0,2,3,3,0,0,1,0,0,0,0,0,0,0,0,0,0,0,1,0,0,0,0,0,2,0,0,0,0,0,0,0,0,1,2,0,0,0,0,0,0,0,1,0,2,0,3,0,0,1,0,0,0,0,0,2,0,0,0,2,4,0,1,2,0,0,3,0,0,0,0,0,0,0,0,0,0,1,0,1,0,1,0,0,0,0,1,0,0,0,0,0,0,0,0,0,0,0,0,0,0,0,9,1,1,1,0,0,0,5,1,2,0,0,1,0,1,1,0,0,0,1,0,1,0,0,0,0,0,2,0,0,2,0,3,0,1,2,1,1,0,0,1,1,0,0,1,0,0,0,0,0,0,0,0,0,0,0,0,0,0,1,0,0,2,0,3,0,0,0,0,0,1,0,1,0,0,0,1,0,0,0,0,0,1,2,3,0,0,0,1,0,0,0,3,1,1,0,0,0,0,0,1,0,3,0,0,0,0,1,0,0,0,1,0,0,0,1,0,2,1,0,1,1,0,1,1,0,0,3,0,2,0,0,0,0,0,0,0,0,1,0,0,0,0,2,1,0,0,0,0,0,1,0,1,0,0,0,0,1,0,0,0,0,0,1,0,0,2,0,0,0,1,0,0,3,1,0,1,2,0,0,0,2,0,0,0,0,0,0,0,0,1,0,0,3,0,0,2,0,0,0,0,0,0,0,0,0,1,3,6,0,0,0,0,0,0,0,0,1,0,1,2,0,3,0,0,0,1,1,1,0,0,0,1,1,0,2,0,2,0,0,0,2,0,0,3,0,1,0,0,0,0,0,0,0,0,0,0,2,0,0,0,2,0,1,0,0,0,2,0,1,1,1,0,0,1,0,0,0,0,0,0,3,1,0,0,0,0,0,0,0,0,2,1,0,0,0,0,0,0,2,1,0,0,0,0,0,0,0,0,0,0,0,0,0,0,1,2,0,0,0,0,0,0,0,0,2,0,0,3,4,1,0,0,1,0,0,1,0,0,3,3,3,0,0,0,1,0,0,0,1,0,2,0,0,1,0,0,0,0,0,1,2,1,3,0,0,2,0,1,0,0,1,0,2,0,0,0,4,4,0,0,0,1,2,1,0,0,1,1,0,2,1,0,1,0,1,0,0,0,0,3,2,0,0,0,0,0,0,0,0,0,0,0,0,1,0,0,3,0,0,0,0,0,0,1,0,0,0,0,0,0,3,0,0,0,1,0,0,0,0,0,2,0,1,0,0,2,0,2,0,4,2,0,1,0,0,1,0,0,0,0,0,0,0,0,0,0,0,1,0,0,1,1,2,3,0,0,0,0,0,0,0,0,0,0,0,0,0,0,0,0,0,0,0,2,1,1,0,0,0,0,0,0,0,1,1,0,3,0,0,0,2,0,0,3,0,0,2,0,0,0,0,0,1,1,1,0,0,0,1,0,0,0,3,0,0,0,0,0,0,0,0,0,0,0,2,1,0,1,0,1,0,0,0,2,0,0,0,0,0,3,0,2,0,0,1,0,0,4,1,1,0,0,0,0,1,1,0,1,0,2,0,0,2,0,0,0,0,0,0,0,0,1,0,0,0,0,0,3,0,0,0,0,0,0,0,0,0,1,0,0,1,1,0,0,0,0,1,0,0,0,1,0,0,0,0,0,3,0,0,0,1,0,0,1,1,11,0,0,0,0,0,0,0,1,0,0,0,0,0,2,0,3,0,1,3,0,0,0,2,1,2,1,3,0,1,0,0,1,0,0,0,3,0,2,1,1,0,2,0,0,0,0,0,0,0,0,3,3,0,0,1,0,1,0,1,1,1,0,0,1,0,0,1,0,0,0,4,0,0,0,0,0,1,0,2,0,0,0,2,2,0,0,0,0,0,2,0,0,0,0,0,0,0,0,2,1,0,0,0,1,0,0,0,0,0,3,1,0,0,0,2,0,0,0,1,0,0,0,0,0,0,0,1,1,0,0,1,2,0,0,0,5,1,0,0,0,0,0,0,1,0,0,0,0,1,0,0,0,0,0,1,0,0,0,1,0,0,0,3,0,0,0,0,0,0,0,0,0,0,1,0,0,3,0,0,0,0,0,0,1,0,0,0,0,4,2,0,0,0,0,0,0,0
CLEC2D,2,0,2,0,0,0,0,1,2,1,0,0,0,1,1,0,1,0,0,0,0,2,0,0,0,5,1,1,1,1,0,2,1,0,0,1,1,3,0,1,0,4,0,1,1,0,0,0,1,2,0,2,0,2,0,0,1,2,2,1,0,2,0,0,3,1,1,0,0,0,1,0,1,0,0,2,0,0,0,0,1,0,0,0,2,2,0,0,1,1,0,2,1,0,0,0,2,0,0,1,0,1,0,3,0,0,1,0,0,1,1,2,0,1,0,2,0,0,0,0,0,0,0,0,2,5,0,1,0,0,0,3,1,2,2,0,0,0,1,0,1,2,0,0,1,1,0,0,3,1,0,0,0,0,1,2,1,0,2,0,2,2,0,0,1,2,1,3,0,1,2,0,1,0,0,0,1,1,0,2,0,1,0,0,0,0,2,2,1,1,0,0,1,1,1,0,0,0,0,1,0,1,0,2,0,2,2,0,0,4,0,0,0,0,0,1,0,0,0,0,0,0,0,0,3,0,1,0,0,1,2,1,0,0,0,0,2,1,2,2,0,1,1,0,2,2,1,0,1,0,0,0,4,2,1,1,0,1,0,0,3,0,4,0,1,0,1,1,2,1,0,2,0,0,1,0,0,0,0,0,0,1,2,3,1,0,1,0,2,1,0,2,0,0,1,0,0,2,0,0,2,0,1,0,1,4,1,0,0,0,2,1,2,0,2,1,0,1,0,1,1,0,0,0,2,0,0,2,3,4,1,0,2,0,0,0,1,0,1,0,0,2,0,0,0,0,0,0,2,1,0,2,1,3,1,0,1,4,0,0,1,1,3,0,0,0,1,1,1,2,1,0,0,0,1,1,3,1,0,0,0,1,1,5,1,0,1,0,0,0,1,0,0,0,1,0,1,0,0,0,0,0,2,1,1,2,3,3,3,0,0,2,0,0,2,2,1,1,3,0,0,2,1,1,0,0,1,2,1,0,4,1,0,0,0,0,0,3,0,0,2,0,0,1,1,0,0,3,1,1,1,2,0,0,0,3,0,1,0,0,0,0,4,1,0,0,0,1,0,1,0,0,2,0,1,0,0,4,1,1,1,0,2,1,0,2,0,1,2,0,0,2,2,0,1,0,0,0,0,0,0,0,0,1,0,0,2,1,0,1,0,1,0,0,1,1,0,1,0,0,0,0,0,0,0,0,0,1,1,0,0,3,1,0,1,1,0,0,2,1,1,0,0,0,0,2,0,0,1,1,1,4,0,0,0,0,0,0,1,3,0,2,0,2,2,2,0,0,0,1,1,0,3,4,1,0,1,0,0,2,0,0,2,0,1,1,1,0,0,0,0,0,0,0,0,1,2,0,1,1,1,0,0,2,1,0,0,0,1,1,0,0,0,0,1,1,1,0,0,0,0,0,0,0,1,1,1,0,0,1,2,2,1,0,0,0,3,2,2,1,0,0,1,2,0,1,0,3,1,0,0,0,1,0,0,0,0,0,0,0,0,1,0,0,1,3,0,0,1,1,1,1,0,1,3,0,0,0,1,2,0,1,0,0,1,0,0,0,0,0,0,0,1,0,1,2,0,0,1,0,3,1,0,1,2,0,2,0,2,0,2,1,2,1,0,2,1,1,0,1,5,0,2,0,0,1,2,0,0,1,3,1,3,1,0,1,0,2,0,2,1,2,2,0,1,1,2,1,4,0,1,2,2,0,0,1,6,0,0,3,2,0,2,1,0,1,3,0,3,1,1,1,2,0,0,0,0,2,0,3,0,0,1,0,0,0,0,0,0,0,2,0,0,0,0,0,0,1,0,0,0,0,2,0,1,2,3,2,2,0,0,0,1,0,0,1,1,1,3,1,0,1,0,0,3,2,2,1,1,0,0,1,0,0,0,1,0,1,0,1,0,1,5,0,1,2,0,0,0,2,0,0,0,0,1,0,0,0,1,0,1,0,2,1,1,1,3,0,1,0,0,0,0,2,1,2,0,0,0,0,3,0,0,0,0,1,0,1,1,0,0,0,0,0,0,0,0,2,0,0,2,1,0,1,0,1,2,0,0,0,0,0,1,1,0,0,0,5,3,1,0,0,0,0,1,0,0,4,0,2,0,0,0,0,0,0,0,0,1,0,3,1,3,0,3,2,0,0,0,0,1,1,0,3,1,0,0,1,1,0,1,1,0,1,0,0,0,0,0,0,1,0,0,0,2,0,0,2,0,2,1,1,0,0,0,2,0,0,1,1,3,3,2,1,0,0,1,0,1,0,0,0,1,1,2,0,0,2,0,4,3,2,0,2,3,2,1,2,0,3,0,2,2,0,0,2,0,0,2,1,0,0,1,1,1,0,2,1,0,4,1,2,0,0,1,2,0,3,1,1,1,0,1,2,0,0,0,0,1,0,2,0,0,1,0,0,0,0,0,0,0,1,0,0,0,0,2,0,0,0,0,0,2,0,0,0,0,2,1,0,0,1,0,0,0,0,0,1,1,0,1,3,0,0,0,4,0,0,0,0,4,3,0,0,0,0,0,0,1,1,1,1,1,0,0,1,0,0,0,0,1,0,3,0,0,0,3,2,2,2,0,3,0,0,3,3,1,1,0,2,0,0,0,0,3,0,2,1,2,0,1,1,1,1,3,1,1,1,1,0,4,0,0,2,1,0,0,0,2,0,5,1,0,4,0,2,1,0,0,0,1,2,0,1,1,1,0,0,5,1,0,2,2,0,1,3,0,0,1,0,0,2,0,0,1,1,0,1,0,0,2,0,1,0,0,4,0,0,0,0,0,0,2,0,1,0,0,1,0,0,3,4,0,2,0,4,1,0,0,1,0,1,0,0,0,2,0,1,2,1,1,3,0,0,1,0,0,0,1,1,3,0,0,0,0,1,0,1,0,0,0,2,0,1,0,0,0,0,0,0,1,2,1,0,0,2,0,1,0,0,1,0,2,0,0,0,1,3,2,2,0,1,0,0,2,2,1,6,1,2,3,0,0,0,2,2,0,1,3,0,0,0,0,2,0,0,2,1,3,2,0,1,0,0,1,0,0,2,0,0,0,3,0,2,0,1,2,0,0,0,0,0,3,1,0,0,1,1,1,0,0,0,2,2,0,0,2,0,0,0,0,2,1,0,0,0,0,1,0,0,0,2,1,0,5,0,1,0,0,1,1,0,0,0,1,0,0,1,1,0,2,1,0,1,0,0,0,0,1,0,0,0,0,1,0,0,0,5,1,5,1,3,2,2,0,2,1,0,1,0,0,0,1,0,0,0,0,0,0,0,0,0,3,0,1,0,1,2,0,2,2,4,0,3,0,1,0,0,2,0,0,1,0,0,1,0,2,4,1,0,0,0,3,1,0,0,3,0,0,0,1,1,0,0,0,0,0,0,0,0,0,1,0,2,0,0,0,1,0,0,1,0,1,3,0,2,2,3,0,0,2,0,1,0,0,0,0,0,1,1,0,3,3,0,2,2
LGALS3,0,0,0,0,0,2,1,0,0,0,0,0,4,0,2,0,0,0,2,0,0,0,2,1,0,2,0,0,0,0,0,0,0,0,0,0,0,0,2,0,0,0,10,0,0,0,0,2,0,0,0,0,1,0,0,1,0,0,0,0,0,0,0,0,0,0,1,0,1,0,0,0,0,0,2,0,0,0,0,1,0,0,0,4,0,0,0,0,0,0,0,1,0,2,0,6,0,0,3,0,0,0,4,0,0,0,0,0,2,0,1,0,0,1,0,0,2,1,4,0,0,1,3,0,1,0,0,1,1,0,0,0,0,0,0,0,0,0,1,0,1,0,0,0,1,0,1,0,0,0,1,0,0,0,0,0,0,0,0,0,0,0,6,1,0,1,0,0,5,11,0,1,0,0,4,0,0,0,1,0,0,0,0,0,3,0,0,0,1,1,1,0,0,0,0,0,0,0,0,0,0,0,1,0,0,0,0,0,0,0,0,0,0,0,0,0,0,0,0,2,0,0,0,0,0,0,0,1,0,0,0,0,6,0,1,1,0,0,0,0,0,0,0,0,0,0,0,5,4,1,0,0,0,0,0,0,0,0,0,0,0,0,0,1,0,0,0,0,0,0,0,7,1,1,0,0,0,5,1,0,2,0,0,0,0,0,0,0,0,0,0,0,0,0,0,0,0,0,2,0,0,0,0,0,2,0,0,0,0,0,0,0,0,0,0,0,0,0,0,0,0,0,2,0,0,0,1,0,0,0,0,1,0,0,1,0,0,0,0,0,1,0,1,0,0,0,1,0,0,2,4,0,0,0,0,1,0,0,1,1,0,0,0,1,0,0,3,0,0,0,0,1,0,0,0,2,0,0,0,0,0,0,0,0,0,0,0,0,0,0,0,3,0,6,0,0,0,0,0,3,2,0,0,0,3,0,0,0,0,0,0,0,0,0,0,0,0,0,0,0,1,0,2,0,1,0,0,0,0,0,0,0,0,0,0,0,0,0,0,4,0,0,1,0,0,3,0,0,0,0,1,2,2,1,0,0,0,1,2,0,0,0,0,0,2,1,0,0,3,1,0,2,0,0,0,1,2,0,0,0,1,0,0,0,0,0,0,0,0,1,0,0,0,0,0,0,0,0,0,0,1,0,1,0,0,0,0,3,0,0,0,0,0,0,0,0,0,0,0,1,0,1,1,1,1,0,0,0,2,0,4,0,0,1,1,2,0,0,0,0,0,0,0,0,0,0,0,0,0,0,0,2,0,0,0,1,0,3,0,0,0,0,0,0,0,0,1,0,0,0,0,0,0,0,0,0,0,0,2,0,0,0,0,5,0,0,0,0,0,0,0,0,0,3,0,0,0,0,0,0,0,2,0,0,0,3,4,0,0,0,0,0,0,0,0,0,0,1,0,0,0,0,0,0,0,0,0,3,0,0,0,0,0,0,0,0,0,0,0,0,0,0,0,0,0,0,0,0,0,0,0,0,0,0,0,2,0,0,0,0,0,0,0,0,0,0,0,0,0,0,0,0,1,0,0,1,1,2,0,0,0,3,0,0,0,0,0,0,1,0,0,0,0,0,0,0,0,0,0,2,0,0,0,0,0,4,0,0,0,1,0,0,0,0,2,0,0,0,0,0,0,0,0,0,0,0,0,0,0,0,0,0,0,0,0,0,0,0,0,0,0,0,0,0,0,0,0,0,0,0,0,0,0,0,0,1,0,0,0,0,0,2,0,0,2,0,0,0,0,0,0,0,0,0,1,2,4,0,0,0,0,0,0,0,0,4,1,0,0,0,0,0,0,1,5,0,0,0,0,0,0,0,0,0,0,0,0,0,0,1,0,1,0,0,0,0,0,0,0,0,0,0,0,0,0,0,0,1,0,0,0,0,0,3,0,0,0,0,0,0,0,1,0,1,0,1,0,0,0,0,1,0,0,0,0,0,0,4,0,0,0,0,0,0,0,0,0,0,0,0,0,0,2,0,0,0,0,0,0,1,0,0,0,3,0,0,0,0,0,0,0,0,0,0,0,0,1,0,2,0,0,0,0,0,0,0,0,0,1,2,2,0,0,0,0,0,0,0,0,0,0,1,1,0,0,1,0,0,1,2,2,0,0,0,0,0,0,5,0,0,0,0,0,0,0,0,0,1,0,0,1,0,0,0,0,0,0,0,0,6,0,1,0,0,0,4,0,0,0,1,0,3,4,0,0,0,0,0,1,0,1,0,0,1,0,0,0,0,0,0,0,0,0,0,0,0,0,0,0,0,0,2,0,0,0,0,0,0,0,0,0,0,2,0,0,0,0,0,4,0,0,0,0,0,0,0,1,0,0,1,0,1,0,0,0,5,0,2,1,0,0,0,0,1,0,0,0,0,0,0,0,0,0,0,0,0,0,0,0,0,0,0,2,7,1,0,1,0,0,3,2,0,0,1,0,0,0,0,2,3,0,0,0,0,0,0,0,0,0,0,0,0,0,8,0,0,0,2,1,0,0,1,3,0,0,0,0,0,0,1,0,0,0,0,0,0,1,1,0,0,0,0,1,0,0,0,0,0,0,0,0,1,0,0,0,0,0,0,0,0,0,0,1,0,0,0,0,0,0,0,2,0,0,1,0,0,0,0,0,0,0,0,0,0,0,0,0,0,0,0,0,0,0,0,0,0,1,0,0,0,0,0,2,0,0,0,0,1,1,1,0,0,0,0,0,0,4,0,0,0,0,0,0,0,0,0,0,2,0,2,0,0,0,6,2,0,2,0,0,0,0,1,0,0,0,0,2,0,0,0,0,1,0,0,0,0,6,0,0,0,0,0,0,0,0,0,0,0,0,0,3,0,1,0,0,0,1,0,0,0,0,0,1,2,0,0,0,0,0,0,0,1,0,0,0,0,6,0,0,1,1,0,0,6,0,0,3,0,0,1,0,0,0,0,0,0,0,0,1,0,4,0,0,2,0,0,1,0,0,0,0,0,0,0,0,0,0,0,0,0,0,1,0,5,0,0,0,0,0,1,0,0,0,0,0,0,0,0,1,0,1,0,1,0,0,0,0,0,1,1,0,0,0,0,1,0,0,0,0,0,0,3,1,3,0,2,0,0,0,4,1,1,0,0,3,0,1,0,0,4,0,0,0,0,0,0,0,0,6,0,3,0,0,0,0,0,0,1,0,1,0,1,0,0,1,0,0,0,0,0,0,0,0,0,0,0,0,3,0,2,0,0,1,1,0,0,0,0,0,0,0,0,0,0,0,0,0,0,0,2,0,0,0,0,0,0,0,1,1,0,0,0,1,0,0,1,0,0,0,0,0,0,4,0,0,0,0,0,0,0,0,0,2,0,8,0,0,1,0,8,0,0,0,0,0,0,0,1,2,1,0,0,0,0,0,0,0,0,3,0,0,4,0,0,0,0,0,0,0,0,0,0,0,0,0,0,0,0,1,0,0,1,1,0,1,0,1,2,0,0,0,0,0,0,0,0
IL2RB,0,3,0,0,0,0,0,0,0,0,0,0,0,0,0,0,0,0,0,0,0,0,0,0,0,0,0,0,1,0,0,0,0,0,0,0,0,0,0,0,0,0,0,0,0,0,0,1,0,0,0,0,0,8,0,0,0,0,0,1,0,0,0,0,0,0,0,0,0,0,0,0,0,0,0,0,3,1,0,0,0,0,0,0,2,0,0,0,0,0,0,0,0,0,0,0,0,0,0,0,0,0,0,0,0,0,0,1,1,0,1,0,0,0,0,0,0,0,0,0,0,0,0,0,0,1,1,0,1,0,0,0,0,0,0,0,0,0,0,0,0,0,0,0,0,0,0,0,0,1,0,0,0,0,1,0,0,0,0,0,0,0,0,0,0,0,0,0,0,0,0,2,1,0,0,1,0,0,0,0,0,0,0,0,0,0,0,0,0,0,0,0,0,0,0,0,0,1,0,0,0,0,0,0,0,0,0,0,0,0,0,0,3,0,3,0,0,0,0,0,0,0,0,0,0,0,0,0,0,0,0,0,0,0,0,0,0,0,0,0,0,0,0,0,1,0,0,0,0,0,0,0,0,1,0,0,0,0,0,0,0,0,0,0,0,0,0,0,1,1,1,0,0,0,0,1,0,0,0,0,0,0,0,0,0,0,1,0,0,0,0,0,0,0,0,0,0,0,0,0,1,0,0,0,0,0,0,0,0,0,0,0,0,0,0,0,0,1,0,0,0,1,0,0,2,0,0,0,0,0,0,0,0,0,0,0,0,0,0,0,0,0,0,0,0,0,0,0,0,0,0,0,0,0,1,0,0,0,0,0,0,0,0,0,1,0,0,1,0,1,0,0,5,0,1,0,0,1,0,0,0,0,0,0,0,0,0,0,0,1,1,0,0,0,0,0,0,0,1,0,0,0,0,0,0,1,0,0,0,0,0,0,0,0,0,0,1,0,0,0,0,1,1,0,1,0,1,0,0,0,0,0,0,0,0,0,0,2,0,0,2,0,0,0,0,0,1,0,0,0,0,0,0,0,0,0,1,0,0,0,0,0,0,0,0,0,0,0,0,0,0,0,1,0,0,0,0,0,0,0,0,0,2,0,0,0,0,0,0,0,0,0,0,0,0,0,0,0,0,2,0,0,0,0,0,0,0,0,1,0,0,1,0,0,0,0,0,0,0,0,0,0,0,0,0,0,0,0,0,0,0,0,0,0,0,0,0,0,1,0,0,0,0,2,0,1,0,0,0,0,1,0,0,0,0,0,0,0,0,0,0,0,0,0,0,0,0,0,0,0,0,3,0,1,0,0,0,0,0,0,0,0,1,0,0,1,0,0,0,0,0,0,4,0,0,0,0,0,0,0,0,0,0,1,0,0,0,2,0,0,0,0,0,1,0,0,0,1,0,0,0,0,0,0,2,0,0,0,0,0,0,0,2,3,0,0,0,0,0,0,0,0,0,1,0,0,0,0,0,0,2,0,0,0,0,0,0,0,1,0,0,0,0,1,0,2,0,0,0,0,0,0,0,2,1,0,0,0,0,0,0,0,0,0,0,0,1,0,0,0,0,0,0,0,0,0,0,0,0,0,0,0,0,0,0,0,0,0,0,0,0,1,0,0,0,0,1,1,0,0,0,0,1,0,0,0,0,0,0,1,1,0,0,0,0,0,0,1,0,0,0,0,0,0,0,4,0,0,0,0,0,1,0,0,0,0,0,0,2,0,0,0,0,0,0,0,2,1,0,0,0,1,0,0,0,0,0,0,0,0,0,0,0,0,0,0,2,0,0,0,0,1,0,0,0,0,2,0,0,0,0,0,0,0,1,0,0,0,0,2,1,0,0,0,0,0,0,0,1,0,2,0,0,0,0,0,0,0,0,0,0,0,0,0,0,0,0,0,0,0,0,0,0,0,0,0,2,0,3,0,0,0,0,0,0,0,0,0,0,0,1,0,0,0,0,0,0,0,0,0,0,0,0,0,0,0,2,0,0,0,0,0,0,0,0,0,0,0,0,0,0,0,3,0,0,0,0,0,0,0,0,0,0,0,0,0,0,0,0,0,1,0,0,0,0,0,0,0,0,0,0,0,0,0,0,0,0,0,0,0,0,0,0,0,0,2,0,0,0,1,0,0,0,0,0,0,0,0,1,0,0,0,0,0,0,0,0,0,0,0,1,2,0,1,0,0,0,0,0,0,0,0,0,0,0,0,0,0,0,0,0,1,0,0,0,0,0,0,0,0,0,0,0,0,1,1,0,0,0,0,0,0,0,0,0,0,0,0,0,0,0,1,0,0,0,1,0,0,0,0,0,1,0,1,0,1,1,0,0,1,0,0,0,0,0,0,0,0,0,0,0,1,0,2,0,0,0,0,0,0,0,0,0,0,0,0,0,0,0,0,0,0,0,0,0,1,0,0,0,0,0,0,1,0,0,0,0,0,0,0,0,0,0,0,5,6,0,0,0,0,0,0,0,0,0,0,0,0,0,0,0,1,0,0,0,0,0,0,0,0,0,0,0,0,0,0,0,1,0,0,0,1,0,0,0,0,2,0,0,0,0,0,1,4,0,0,0,0,0,0,0,0,0,5,0,0,0,0,0,0,0,0,0,0,0,1,0,0,0,2,0,0,1,0,1,0,0,0,0,5,0,0,0,0,0,5,0,0,0,0,0,0,0,0,0,0,1,0,0,0,0,0,0,0,0,0,0,1,0,0,0,0,0,0,0,0,0,0,1,0,0,2,0,0,0,0,0,0,0,0,0,0,0,0,0,0,0,0,0,0,0,0,0,0,0,0,0,0,0,1,0,1,0,0,0,0,0,0,0,0,0,0,0,0,0,0,1,1,0,0,0,0,0,0,3,0,0,3,0,0,0,0,2,0,1,0,0,0,0,0,0,1,0,0,0,0,2,0,0,0,0,0,0,0,0,0,2,0,0,0,0,0,0,0,0,0,0,1,0,0,0,0,0,0,0,0,0,0,1,0,0,0,0,0,0,0,0,0,0,0,0,0,0,0,0,0,0,0,0,0,0,0,1,0,0,0,1,0,0,0,0,0,0,0,0,0,0,1,0,0,0,0,0,0,0,0,0,0,0,0,0,0,0,0,0,0,0,0,0,0,1,0,0,0,0,0,0,0,0,0,0,0,0,0,0,0,0,0,0,0,0,0,5,0,0,0,0,0,0,0,0,0,0,0,0,0,0,0,0,0,0,3,0,0,0,0,0,0,0,1,0,2,0,2,0,1,0,2,0,0,0,0,0,0,0,0,1,0,2,0,0,0,1,1,1,0,0,0,0,0,0,0,0,0,0,0,0,0,1,0,0,0,0,0,0,0,0,0,0,0,0,0,0,0,0,0,0,0,0,0,0,0,0,0,0,0,0,0,0,0,0,0,0,0,0,0,0,0,1,0,0,0,0,0,0,1,0,0,0,0,0,0,0,0,0,0,0,0,0,0,0,0,0,0,0,1
ATP5MPL,1,0,1,2,0,4,4,1,0,1,2,2,6,3,2,8,1,0,5,2,1,3,1,3,0,2,1,2,0,3,2,2,3,5,2,1,0,1,0,0,1,0,8,0,0,2,1,6,3,3,1,3,2,2,3,4,1,2,1,0,7,1,1,2,1,1,3,1,6,1,0,1,0,6,4,0,0,6,3,4,0,1,3,4,1,1,1,2,0,0,5,2,1,4,3,6,0,0,4,5,0,0,5,2,0,2,0,0,3,0,1,3,3,2,0,1,0,1,4,1,0,3,7,0,0,1,1,1,3,2,0,0,0,0,0,1,2,0,2,1,1,2,1,1,5,2,9,7,5,1,10,0,3,1,0,1,1,2,0,1,1,3,2,3,1,1,3,2,5,7,0,1,3,0,6,0,0,1,4,0,2,1,2,0,5,2,1,0,6,6,6,7,1,0,1,1,0,0,1,3,4,3,1,1,3,1,0,2,0,1,0,0,2,1,2,0,2,0,3,5,0,1,7,1,5,0,0,5,4,0,1,0,3,10,2,0,2,0,1,0,3,1,1,1,0,0,0,2,6,4,0,7,1,0,1,0,0,1,0,1,2,0,0,6,2,1,0,2,3,0,0,4,3,1,1,2,1,6,10,1,3,4,1,0,4,2,1,0,2,0,3,1,9,1,0,1,2,0,1,1,2,1,0,2,3,0,3,5,1,1,1,1,1,0,0,0,1,0,1,1,1,0,5,0,0,4,4,5,0,0,0,4,3,0,5,0,1,3,2,4,4,1,3,4,0,1,1,2,1,3,4,0,5,2,1,5,0,3,2,3,1,1,3,4,2,1,15,4,0,3,3,1,2,1,1,7,3,0,0,7,0,0,2,1,2,3,0,0,0,1,3,9,1,1,4,5,5,1,0,3,8,2,1,2,2,0,3,2,1,3,1,1,4,0,3,10,0,1,1,0,8,0,2,1,5,0,1,0,0,2,0,2,1,1,5,1,1,1,0,8,1,1,11,2,2,6,0,1,0,0,1,2,6,0,7,2,1,8,7,3,4,2,1,1,6,1,0,1,2,5,7,3,0,2,5,2,3,1,0,1,7,1,2,2,4,1,0,1,1,4,0,1,0,4,1,1,1,1,0,2,0,5,1,1,0,0,2,4,2,1,2,1,1,1,1,0,1,0,2,3,2,1,1,3,2,1,1,1,3,1,4,2,0,1,4,3,2,7,0,2,8,1,1,1,1,2,4,0,9,1,3,8,1,0,2,6,0,3,1,2,0,0,1,1,0,3,2,2,2,0,1,1,2,2,2,4,0,1,3,1,0,0,0,1,0,2,0,0,1,0,1,0,1,3,2,0,2,0,0,1,2,2,0,1,6,7,4,0,0,0,4,1,2,0,3,0,1,3,7,4,2,2,1,0,3,1,2,1,1,2,1,3,0,0,4,4,1,2,0,0,0,6,2,3,0,0,4,3,2,1,0,0,0,1,0,3,2,2,0,8,1,1,1,3,2,1,4,1,1,0,3,0,5,0,2,0,3,1,1,1,0,4,0,0,1,1,1,2,0,2,2,0,0,0,2,1,3,1,1,0,0,1,5,1,0,1,0,0,0,7,0,0,0,0,2,2,1,1,0,0,0,2,1,0,0,0,1,0,0,3,0,1,0,1,7,3,7,2,3,1,3,0,1,3,1,2,1,1,1,0,0,2,1,4,0,0,1,1,0,3,1,5,1,0,5,0,1,0,1,3,2,1,1,3,1,3,6,2,2,2,3,1,1,0,4,3,2,2,2,1,1,0,0,2,1,1,2,1,3,0,1,0,2,0,1,1,2,2,0,0,0,6,2,2,1,2,4,0,1,2,2,1,4,2,2,1,1,0,1,0,0,2,1,5,1,1,1,2,3,2,2,4,8,2,2,3,1,3,1,2,1,5,5,1,1,0,2,3,0,2,1,2,2,2,2,0,2,2,3,0,3,5,4,1,0,2,2,0,0,3,0,3,6,4,4,2,4,0,0,0,1,0,0,0,3,6,2,1,0,0,2,1,0,1,0,0,1,0,11,6,9,1,0,1,3,2,0,2,3,1,1,11,7,1,4,5,1,0,3,7,3,1,2,3,1,1,0,3,0,1,1,2,4,1,3,0,3,1,2,1,4,2,6,0,1,1,3,0,0,7,1,0,2,1,4,4,2,0,1,1,5,12,4,0,3,1,1,0,4,3,2,2,0,8,0,1,0,1,3,2,0,0,1,0,1,0,1,1,0,0,1,8,2,0,0,0,2,0,2,2,2,0,8,1,1,0,0,1,6,2,0,0,1,3,4,1,1,4,1,1,5,11,0,1,1,2,2,11,8,1,1,2,3,1,2,0,1,0,2,2,4,6,2,2,1,0,5,1,1,3,1,1,1,3,1,3,4,6,1,3,5,6,0,3,2,2,2,4,8,5,3,1,2,1,0,0,1,1,2,0,4,5,2,7,1,1,1,0,5,1,2,0,4,4,2,2,2,1,0,1,0,2,0,0,0,0,2,0,1,3,0,0,6,0,0,2,2,0,3,3,1,1,2,2,0,1,0,4,1,2,1,0,3,1,0,0,0,1,5,2,8,0,1,3,0,1,2,1,1,3,6,1,2,1,1,0,1,2,0,2,6,1,1,4,9,1,4,2,0,4,3,0,2,1,1,0,4,1,2,2,2,0,0,2,1,3,4,3,0,1,4,1,1,1,0,1,1,5,2,10,0,1,3,2,2,3,5,2,0,0,1,4,1,0,1,6,2,8,3,0,2,6,1,0,0,3,10,0,0,0,2,2,1,1,1,1,3,4,0,1,3,2,2,2,1,3,0,1,2,2,4,1,6,5,2,1,2,0,2,3,1,1,0,1,0,1,10,3,2,5,6,1,2,4,3,4,0,0,1,4,1,0,1,2,2,1,1,2,2,0,4,0,2,6,2,1,4,3,2,2,1,2,1,1,1,0,1,0,2,1,1,2,1,7,0,0,4,3,0,6,1,0,1,0,0,0,1,2,10,0,2,1,3,0,3,1,2,2,6,0,3,5,0,1,2,1,1,2,7,2,1,6,2,6,2,1,0,2,0,1,5,4,0,2,13,1,6,1,1,5,2,3,1,0,0,3,1,1,2,5,9,2,0,1,3,4,2,5,1,5,1,5,0,0,1,4,0,1,1,1,1,0,0,1,2,1,0,8,1,0,3,0,5,6,2,0,2,3,0,1,1,1,0,1,0,1,2,0,2,3,0,3,0,1,1,0,1,2,2,2,0,0,4,1,0,2,3,3,2,0,0,1,7,2,1,0,5,1,2,0,6,0,1,4,9,1,3,1,0,9,0,1,1,1,2,3,4,5,5,0,1,1,1,2,0,0,0,1,5,0,1,4,0,2,3,2,2,1,1,1,0,0,2,1,0,2,1,3,1,0,1,5,3,0,2,1,2,8,2,0,0,1,1,0,1,1
EFHD2,0,0,3,1,0,1,2,0,0,0,0,0,1,0,0,2,4,0,1,0,0,0,1,0,0,0,0,0,0,0,0,0,0,0,1,2,0,0,0,1,0,0,3,0,0,0,0,2,0,0,0,0,1,3,0,0,7,1,0,1,1,0,0,0,0,0,0,0,3,0,0,0,0,0,0,1,0,3,0,0,0,0,1,0,5,0,0,0,0,0,0,0,0,1,0,1,0,0,0,1,0,0,1,0,0,4,0,2,1,0,2,0,1,0,0,0,0,0,2,0,0,1,1,0,0,0,0,0,1,0,0,0,0,0,0,0,0,0,1,1,0,0,0,0,4,3,2,3,0,2,3,1,0,0,0,0,0,0,0,1,0,0,2,1,4,0,0,0,1,9,1,0,1,0,2,0,0,0,0,0,0,1,0,0,4,1,1,0,1,2,3,0,0,0,0,0,0,1,0,0,0,3,2,0,0,0,0,1,0,0,0,0,2,1,1,0,0,0,0,2,0,0,0,0,0,2,0,1,0,1,0,0,1,1,2,0,0,0,0,0,1,1,1,1,0,0,1,0,1,2,0,0,0,1,0,1,0,0,0,2,0,0,0,1,0,0,0,0,0,2,2,2,1,1,0,0,0,2,3,0,2,0,0,0,0,1,0,0,0,0,0,0,2,0,1,0,0,0,1,0,0,0,0,0,0,0,1,2,1,0,0,0,0,0,0,0,0,0,0,0,0,4,1,0,2,0,1,0,0,0,0,0,0,0,0,0,0,2,0,1,4,2,4,0,0,1,0,0,0,0,2,0,0,0,1,0,0,2,0,0,0,0,0,0,1,0,9,0,0,0,3,1,0,0,0,6,0,0,0,3,1,0,2,0,0,3,1,0,0,2,0,2,0,1,0,1,2,1,3,2,0,0,3,0,0,0,0,0,0,0,0,0,2,0,0,3,0,0,0,0,0,0,2,4,1,0,0,0,0,0,0,0,1,0,4,0,0,0,0,4,5,0,4,0,0,3,1,0,0,0,2,0,0,0,3,0,0,0,1,0,0,0,0,0,2,3,0,1,0,0,0,1,1,1,0,0,0,0,0,0,0,0,2,0,1,0,1,0,0,0,0,0,0,0,0,2,1,0,0,5,0,0,0,0,0,0,0,2,0,0,1,1,0,0,0,0,0,0,0,0,0,0,0,0,1,2,0,0,0,0,1,0,0,0,1,0,0,2,0,0,0,1,0,1,0,0,1,0,0,0,1,3,0,0,2,3,0,0,0,3,1,1,0,3,0,1,1,0,0,0,0,1,0,0,0,0,1,0,0,2,0,4,0,1,0,0,0,0,0,1,0,0,1,1,0,1,0,0,0,0,0,2,0,1,0,2,0,0,0,0,1,0,2,0,1,0,0,0,0,0,1,0,0,0,2,2,1,1,0,0,0,0,0,2,0,0,0,0,0,0,0,0,0,0,1,0,0,0,0,0,0,0,0,0,1,0,0,0,1,1,0,0,1,3,0,0,1,0,0,1,0,0,1,0,1,0,0,1,1,1,4,2,0,0,0,0,1,0,0,0,0,0,0,1,0,0,0,0,0,0,0,0,0,1,0,0,0,0,0,3,2,0,0,1,2,0,0,1,0,0,0,0,0,0,0,0,0,0,0,2,0,4,0,0,0,0,2,0,1,0,0,0,1,0,0,1,0,0,1,0,0,0,0,0,0,0,0,1,0,0,2,0,0,0,2,1,1,0,0,0,0,1,0,0,1,0,2,0,1,0,2,0,0,0,0,0,3,0,1,0,3,0,0,0,4,0,0,0,1,0,0,1,0,0,1,0,0,0,0,0,0,1,0,1,0,0,3,1,1,3,2,0,4,0,0,1,0,0,0,0,0,0,1,1,0,0,0,0,1,0,0,0,0,0,0,0,2,3,3,0,0,0,0,0,1,0,0,0,0,0,0,0,0,1,0,0,0,1,0,0,2,1,0,2,0,0,2,0,0,1,0,0,1,1,2,0,0,0,0,0,0,0,2,0,0,1,0,0,0,0,0,0,0,0,0,0,0,0,4,4,2,0,0,0,1,0,0,0,0,0,0,4,0,0,1,1,0,0,3,2,1,0,0,0,0,2,0,1,0,0,0,1,0,0,0,1,0,0,0,2,0,0,1,0,0,0,2,0,0,0,1,1,0,1,0,1,0,0,0,0,1,4,1,0,0,0,0,0,1,1,0,0,0,3,0,0,0,0,0,0,0,0,0,0,1,0,0,1,0,0,1,2,0,0,0,0,0,0,1,0,0,1,0,0,0,0,0,0,1,1,0,0,0,1,0,0,0,0,0,0,0,6,0,0,0,1,0,0,0,1,0,2,0,3,0,0,0,0,0,0,0,0,0,0,0,1,2,0,0,0,1,0,4,3,1,1,1,0,2,0,2,0,4,1,0,0,0,1,0,1,0,0,0,0,3,2,1,0,1,0,1,0,1,3,0,0,0,0,0,0,0,0,1,0,0,0,1,0,0,1,3,1,0,0,0,0,0,0,2,1,0,0,1,0,0,1,5,0,2,0,0,1,0,2,3,0,0,0,0,0,0,0,1,0,0,0,0,0,0,0,2,0,0,0,0,1,0,0,1,0,0,0,0,0,0,0,0,0,0,4,1,0,0,0,1,0,3,0,0,2,0,0,2,0,0,0,0,0,0,1,0,0,0,0,0,0,1,0,0,0,0,0,0,0,0,0,0,3,0,0,0,0,2,3,0,1,5,1,0,1,0,0,0,0,0,1,2,0,0,0,0,3,0,0,1,0,0,0,0,1,0,1,0,0,0,0,0,0,0,0,0,0,0,0,0,0,2,0,0,0,0,0,3,2,1,0,1,2,1,0,1,0,0,0,0,1,0,3,1,1,3,0,5,1,0,2,0,0,0,0,0,0,0,0,1,0,0,0,2,0,1,0,0,0,0,0,0,0,0,0,0,0,0,1,1,0,0,0,5,0,0,1,0,1,0,0,0,0,0,2,0,0,0,0,0,1,0,1,8,0,1,0,0,0,0,0,0,0,2,0,0,0,1,0,4,0,1,1,0,0,0,2,1,0,2,0,0,2,0,0,0,0,0,0,1,0,0,0,0,0,2,0,0,0,0,1,0,0,0,0,2,0,0,0,1,2,0,2,0,4,0,0,3,0,0,2,1,0,0,0,0,0,0,0,1,1,0,3,0,0,1,6,1,1,0,0,0,0,0,0,0,2,0,0,1,0,0,0,0,0,0,0,1,0,1,0,1,0,3,2,0,0,0,0,0,0,0,0,1,0,0,0,3,1,0,1,1,0,0,0,2,0,1,1,4,0,0,1,0,2,0,0,4,0,0,1,0,0,0,0,0,0,0,0,0,0,0,0,0,0,0,1,0,1,0,0,0,0,1,2,0,0,0,0,0,0,0,1,1,0,0,0,1,0,1,0,0,3,0,0,1,1,0,0,0,1
ALOX5AP,0,2,0,0,0,0,0,0,1,0,0,1,0,1,0,3,2,0,1,3,0,0,2,3,0,0,0,0,0,0,0,0,0,10,0,0,0,0,0,0,1,3,0,0,0,0,0,1,0,0,0,0,0,0,0,3,0,0,0,1,0,0,1,0,1,0,0,0,0,0,0,0,0,2,0,0,0,0,4,0,0,2,0,0,1,0,0,1,0,0,11,1,0,0,1,0,0,0,2,0,0,1,0,2,1,0,0,2,0,1,5,2,0,0,0,0,0,0,0,0,0,0,0,0,1,1,0,0,0,0,0,0,0,0,0,0,1,1,0,1,0,3,1,0,0,3,0,0,3,1,0,0,0,0,2,0,1,0,0,1,1,0,0,0,3,1,1,0,0,0,0,0,0,0,0,0,0,0,0,0,0,0,2,1,0,2,0,1,0,0,0,0,0,0,0,0,1,2,0,0,0,4,0,0,0,0,0,2,0,0,0,1,1,1,0,0,0,0,12,0,0,3,8,1,3,0,0,0,0,0,0,0,0,0,1,2,0,0,0,1,0,0,0,1,1,1,0,0,0,1,0,0,0,0,1,2,0,1,0,0,0,0,0,2,0,3,0,0,1,0,2,2,1,0,0,0,0,3,0,1,2,0,0,0,0,0,0,0,0,0,0,0,0,0,0,0,0,0,1,0,0,0,0,2,1,0,0,0,0,0,0,0,0,1,0,1,0,2,1,0,1,3,0,0,0,1,1,1,1,0,0,0,0,0,0,0,1,0,1,0,0,1,0,0,0,0,1,0,0,0,0,0,2,0,1,0,2,0,0,1,0,0,0,2,1,0,0,0,1,2,1,0,2,0,0,0,1,1,0,0,0,0,1,0,0,0,2,0,1,1,0,0,1,0,0,1,4,1,0,0,0,0,0,0,0,2,2,3,3,1,1,2,1,1,0,1,0,1,0,0,0,2,0,3,1,0,1,1,0,0,0,0,2,1,1,0,0,1,0,0,1,0,0,0,3,0,0,1,3,0,1,2,1,0,0,0,0,0,1,1,5,0,0,0,2,0,0,1,0,0,0,1,0,0,0,0,0,0,0,0,0,0,0,0,0,0,0,0,1,0,0,0,1,0,0,0,0,0,2,1,0,0,0,0,1,2,0,0,1,0,1,1,0,0,0,1,0,1,0,0,0,0,0,0,0,0,3,0,0,0,0,1,0,0,4,0,0,0,1,0,0,1,0,1,0,0,0,0,3,1,0,2,0,0,0,0,0,0,0,1,1,0,0,0,1,0,0,0,1,0,0,0,0,0,0,0,0,1,0,0,1,1,1,0,0,0,0,0,1,0,0,0,1,0,0,0,0,0,2,1,4,0,2,2,0,0,0,1,0,0,0,0,0,2,1,2,0,0,0,0,2,0,3,0,2,0,0,0,0,0,0,0,0,2,1,0,0,0,0,0,0,1,5,0,1,1,9,1,0,0,0,0,0,0,0,2,0,0,1,0,0,1,1,0,0,1,1,0,0,1,0,0,0,0,0,0,1,2,0,0,0,0,0,0,2,0,2,0,0,0,0,0,0,0,1,1,0,0,0,0,0,0,9,0,0,0,0,0,0,0,0,0,1,0,0,0,1,0,0,0,0,0,0,3,0,0,0,0,1,0,0,2,1,0,7,0,0,0,0,0,1,0,0,0,0,3,0,1,0,1,0,0,0,0,0,0,0,1,1,1,2,1,0,0,0,1,2,2,0,1,0,0,0,1,0,0,0,0,0,0,0,0,0,3,1,0,1,0,0,1,0,2,0,0,2,2,0,0,0,0,1,0,0,0,2,1,0,0,0,0,2,0,1,0,0,0,0,1,1,3,2,2,0,0,0,0,0,0,0,2,0,0,1,0,0,0,0,1,0,0,0,0,1,0,0,0,1,0,0,0,0,0,2,0,1,0,0,2,0,1,0,0,1,0,0,0,0,0,0,0,0,0,0,0,0,0,2,0,0,0,0,0,1,0,0,0,0,0,1,0,1,0,2,0,4,0,0,0,0,0,1,0,0,0,0,0,0,0,0,1,0,1,1,1,0,1,0,0,1,0,0,0,0,0,4,0,0,0,0,1,1,0,0,0,0,1,0,0,1,1,0,1,0,3,0,0,0,0,0,0,0,1,1,1,1,0,0,1,1,1,1,0,0,1,1,0,0,0,1,1,0,1,3,1,0,0,2,0,0,0,0,0,0,0,2,3,0,0,0,0,1,0,0,0,1,0,1,0,0,0,0,5,1,0,1,4,0,1,0,0,0,0,0,0,0,0,0,0,0,0,1,0,1,0,1,0,2,2,1,0,0,0,1,0,0,0,0,2,0,0,0,3,0,0,0,1,0,0,1,0,1,2,0,0,0,0,0,1,0,1,0,0,1,0,0,0,0,0,0,2,1,0,3,0,0,11,0,0,0,1,7,0,0,0,2,0,1,1,0,0,2,0,1,0,0,0,0,0,0,0,3,3,0,2,1,0,0,1,2,0,1,0,3,0,0,0,0,1,0,1,0,2,0,0,1,0,1,0,1,2,0,0,3,0,0,1,1,1,0,1,0,0,0,1,1,0,0,0,9,0,5,0,4,1,1,1,0,0,2,0,0,2,0,0,1,0,0,1,0,0,0,0,0,1,9,1,0,0,0,0,1,0,0,0,0,1,0,0,0,1,0,0,0,0,0,0,0,1,0,0,1,0,0,0,0,0,2,0,0,0,0,0,1,0,0,1,0,0,0,1,0,0,2,0,2,0,0,0,0,0,1,0,0,0,0,11,1,0,0,0,0,0,0,0,1,0,1,0,1,2,0,1,0,2,0,0,0,0,0,0,0,0,1,2,2,1,1,2,0,1,1,0,2,0,0,0,1,4,0,0,0,0,0,0,0,1,0,0,1,0,0,0,1,0,1,1,1,1,0,0,0,0,0,0,1,1,0,1,0,0,0,0,0,0,0,0,1,0,1,1,0,1,0,0,0,0,1,3,0,0,0,0,0,0,0,0,1,0,1,1,0,0,1,0,1,0,0,0,0,0,0,3,0,0,0,0,0,1,1,0,0,0,0,0,0,0,1,1,0,0,0,0,0,0,2,1,1,2,0,0,1,1,0,0,0,2,0,0,1,11,0,1,1,0,0,0,0,0,0,0,1,0,2,0,0,0,0,0,0,4,1,0,1,1,1,0,0,0,1,0,0,1,0,0,0,1,0,1,0,1,0,0,0,0,0,2,0,0,0,0,3,1,1,0,0,0,0,0,1,0,1,0,2,0,0,1,1,2,0,4,1,0,0,0,0,0,0,1,0,2,0,1,0,0,0,2,0,0,0,0,0,0,0,1,0,0,0,0,1,1,0,0,0,0,0,0,0,0,0,1,0,0,0,0,4,0,2,2,0,0,1,0,0,0,0,0,0,1,0,0,0,3,1,0,1,0,0,0,0,0,0,1,2,1,0,2
FCER2,0,0,0,0,0,0,0,0,0,0,0,0,0,0,0,0,0,0,0,0,0,0,0,0,0,0,0,0,0,0,0,0,0,0,0,0,0,0,0,0,0,0,0,1,0,0,0,0,0,0,0,0,0,0,0,0,0,0,0,0,0,0,0,0,0,0,0,0,0,0,0,0,0,0,0,0,0,0,0,0,0,0,0,0,0,0,0,0,0,0,0,0,0,0,0,0,0,3,0,0,0,0,1,0,0,0,0,0,0,0,0,0,0,0,1,0,0,0,0,0,0,0,0,0,0,0,0,0,0,0,0,0,0,1,0,0,0,0,0,0,0,0,0,0,0,0,0,0,0,0,1,0,0,0,0,0,0,0,0,0,0,0,0,0,0,0,0,0,0,0,1,0,0,0,0,0,0,0,0,0,0,0,0,1,0,0,0,0,0,0,0,0,0,0,0,1,0,0,0,0,0,0,0,1,0,0,1,0,1,0,0,0,0,0,0,0,0,0,0,0,0,3,0,0,0,0,3,0,0,0,0,0,0,0,0,0,0,0,0,0,0,0,0,0,0,1,0,0,0,0,0,0,0,0,4,0,0,0,0,0,0,0,0,0,0,0,0,0,0,0,0,0,0,0,0,0,2,0,1,0,0,0,0,0,0,0,0,0,0,0,0,0,0,0,0,0,0,0,0,0,0,0,0,0,0,0,0,0,0,0,0,0,0,0,0,0,0,0,0,0,0,0,0,0,0,0,0,1,2,0,0,0,0,1,0,0,0,0,0,0,0,0,0,0,0,0,0,0,0,0,0,0,0,0,0,0,0,0,0,0,0,0,1,0,0,0,0,0,0,0,0,0,0,0,0,0,0,0,0,0,0,1,0,0,0,0,0,0,0,0,0,0,0,0,0,0,0,0,0,0,0,0,0,0,0,0,0,0,3,0,0,0,0,0,0,0,0,4,0,0,0,0,0,0,0,1,0,0,0,0,0,0,0,0,0,1,0,0,0,0,0,0,0,0,0,0,0,0,0,0,0,0,0,0,0,0,0,0,0,0,0,0,0,2,0,1,0,0,0,0,0,0,0,0,0,0,0,0,1,0,0,0,0,0,0,0,0,0,0,0,0,0,0,1,0,0,0,0,0,0,0,0,0,0,0,0,1,0,0,0,0,0,1,0,0,0,0,0,0,0,0,0,0,0,0,0,0,0,0,0,0,1,0,0,0,0,0,0,0,0,0,0,0,0,0,0,1,0,0,0,0,0,0,0,0,0,2,0,0,0,0,0,0,0,0,0,0,0,0,2,0,0,0,0,0,0,0,0,0,0,1,0,0,0,0,0,2,0,0,0,0,1,0,0,0,0,0,1,0,3,0,0,1,0,0,0,0,0,0,0,0,0,0,0,0,0,0,0,0,0,0,0,0,0,0,0,0,0,0,0,1,0,0,0,0,0,0,0,0,0,0,0,0,0,0,0,0,0,0,0,0,0,0,0,1,0,2,0,1,0,0,2,0,0,0,0,0,0,0,0,0,0,0,0,0,0,0,0,0,0,0,0,0,0,0,0,0,0,0,0,0,0,0,0,0,0,0,0,2,0,0,0,0,0,1,0,0,0,0,0,0,0,0,0,0,0,0,0,0,0,0,0,0,0,3,0,1,0,0,0,0,0,2,0,0,0,0,0,0,0,0,0,0,0,0,0,2,0,0,0,0,0,0,0,2,0,0,2,0,0,1,0,1,0,0,2,0,0,0,0,0,0,0,0,0,0,0,0,0,0,0,0,0,0,0,0,0,0,0,0,0,0,0,0,0,0,0,0,0,0,0,0,1,0,0,0,0,3,0,0,0,0,0,0,0,0,0,0,0,0,0,2,0,0,1,0,0,3,0,1,0,0,0,0,0,0,0,0,0,0,0,0,0,0,0,0,0,0,0,0,0,0,0,0,0,0,0,0,0,4,0,0,0,0,0,0,0,0,0,0,0,0,0,0,0,0,0,0,1,0,0,3,0,0,0,0,1,0,1,1,0,1,0,0,0,0,0,0,0,0,2,0,0,0,0,0,1,2,0,0,0,0,0,0,0,0,3,0,0,0,0,0,0,0,0,0,0,0,0,0,0,0,0,0,0,0,0,0,0,0,0,0,0,0,0,1,0,0,0,0,0,0,0,0,0,0,0,0,0,0,0,0,0,0,0,0,0,0,0,0,0,0,0,0,0,1,0,0,0,0,0,0,0,0,0,0,0,0,0,0,0,0,0,0,0,0,0,0,0,0,0,0,0,0,0,0,0,0,0,0,0,0,0,0,0,0,1,0,0,0,1,0,0,0,0,0,0,0,0,0,0,0,1,0,0,0,0,0,0,0,0,0,0,0,0,0,0,0,0,0,0,0,0,0,0,1,0,0,0,0,0,0,0,0,0,0,0,0,0,0,1,0,0,0,0,0,0,0,0,0,0,0,0,0,0,0,0,0,0,0,0,0,0,0,0,0,0,0,0,0,0,0,0,0,0,0,0,0,2,0,0,0,0,0,1,0,0,0,0,0,0,0,0,0,1,0,0,0,0,0,0,0,0,0,0,0,1,3,0,0,0,0,0,0,0,3,0,0,0,0,0,0,0,0,2,0,0,0,0,0,0,0,0,0,0,0,1,0,0,0,4,0,0,3,0,0,0,0,0,0,0,0,0,0,0,0,0,0,0,0,0,0,0,0,0,0,0,0,2,0,0,0,0,0,0,0,1,0,0,0,0,0,0,0,0,0,0,0,0,0,0,0,0,0,0,4,0,0,0,0,0,0,0,0,0,0,0,0,0,0,0,0,0,0,0,0,0,0,0,0,0,0,0,0,0,0,0,0,0,0,0,0,0,0,0,0,0,0,0,0,0,0,0,0,0,0,0,0,0,0,0,1,0,0,0,0,0,0,0,0,0,0,0,0,0,1,0,0,0,0,0,0,0,0,0,0,0,0,0,0,1,0,0,0,0,0,0,0,0,0,0,0,0,0,0,0,0,1,0,0,0,0,0,1,0,0,0,0,0,1,0,0,0,0,0,0,0,0,0,0,0,0,0,0,0,0,1,0,0,0,0,0,0,0,0,0,0,0,0,0,0,0,0,0,0,0,0,0,0,0,0,0,0,0,3,1,0,0,0,0,0,0,0,0,0,0,0,0,0,0,0,0,0,0,0,0,0,0,0,0,0,0,0,0,0,0,0,0,0,0,0,0,0,0,0,0,0,0,0,0,0,0,0,0,0,0,0,0,0,0,0,0,0,0,0,0,0,0,0,0,0,0,0,0,0,0,0,1,0,0,0,0,0,0,0,0,0,0,0,0,0,0,1,0,0,0,0,0,0,0,0,0,0,0,0,0,0,0,0,0,0,0,0,0,0,0,0,0,1,0,1,0,0,0,0,0,0,2,0,0,0,0,0,0,0,0,0,0,0,1,0,0,0,0,0,0,0,0,0,0,0,0,0,0,0,0
FCER1A,0,0,0,0,0,0,0,0,0,0,0,0,0,0,0,0,0,0,0,0,0,0,0,0,0,0,0,0,0,0,0,0,0,4,0,0,0,1,5,0,0,0,0,0,0,0,0,0,0,0,0,0,0,0,0,0,0,0,0,0,9,0,0,0,0,0,0,0,0,0,0,0,0,0,0,0,0,0,0,0,0,0,0,0,0,0,0,0,0,0,2,0,0,0,0,0,0,0,0,0,0,0,0,0,0,0,0,0,0,0,0,0,0,0,0,0,0,0,0,0,0,0,0,0,1,0,1,0,0,0,0,0,0,0,0,0,0,0,0,0,0,0,0,0,5,0,0,0,0,0,0,0,0,0,0,0,0,0,0,0,0,0,0,0,0,0,0,0,1,15,0,0,0,0,0,0,0,0,0,0,0,0,0,0,0,0,0,0,0,0,1,3,0,0,0,0,0,0,0,0,0,0,0,0,0,0,0,0,0,0,0,0,0,0,0,0,0,0,2,0,0,0,1,0,0,0,0,0,0,0,0,0,0,0,0,0,0,0,0,0,0,0,0,0,0,0,0,0,0,0,0,0,0,0,0,0,0,0,0,0,0,0,0,0,0,0,0,0,0,0,0,3,0,0,0,0,0,0,0,0,0,0,0,0,0,0,0,0,0,0,0,0,0,0,0,0,0,0,0,0,0,0,0,0,0,0,0,0,0,0,0,0,0,0,0,0,0,0,0,0,0,0,0,0,0,0,0,0,0,0,0,0,0,0,0,0,0,0,0,0,0,0,0,0,0,0,0,0,0,0,0,0,0,0,0,0,0,0,5,0,0,0,0,0,0,0,0,0,0,0,0,0,0,0,0,20,0,0,0,0,0,0,0,1,0,0,0,0,0,0,0,1,0,0,0,0,0,0,0,0,0,0,0,0,0,0,0,0,0,0,0,0,0,0,0,5,0,0,0,0,0,0,0,0,1,0,0,0,0,0,0,0,0,0,0,0,0,0,0,4,0,0,7,0,0,16,0,0,0,0,0,1,0,0,0,0,1,0,0,0,3,0,0,0,0,0,0,0,0,0,0,0,0,0,0,0,0,0,0,0,0,0,0,0,0,0,0,0,0,0,0,0,0,0,0,0,0,0,0,0,0,0,0,0,0,0,0,36,0,0,0,0,0,0,0,0,0,0,0,0,0,1,0,0,0,0,0,0,0,0,0,1,0,0,0,0,0,0,0,0,0,0,0,0,0,0,0,0,1,0,0,1,0,0,0,0,0,0,0,0,0,0,0,0,0,0,0,0,0,0,0,0,0,0,0,0,0,0,0,0,0,0,0,0,0,0,0,0,0,0,0,0,0,0,0,0,0,0,0,0,0,9,0,0,0,20,0,0,0,0,0,0,0,0,0,0,0,0,0,0,0,0,0,0,0,0,0,0,0,0,0,0,0,0,0,0,0,0,0,0,0,0,0,0,0,0,4,0,0,0,0,0,0,0,0,0,0,0,0,0,0,0,0,0,0,0,0,0,0,0,0,0,0,0,0,0,0,0,0,0,0,36,0,1,0,0,0,0,0,0,0,0,0,0,0,0,0,0,0,0,0,0,0,0,0,0,0,0,0,0,0,0,0,0,0,0,0,0,0,0,0,0,0,0,0,0,0,0,0,0,0,0,0,0,0,0,0,0,0,0,0,0,0,0,0,0,0,0,0,0,0,0,0,0,0,0,0,0,0,0,0,0,0,0,0,0,0,0,1,0,0,0,0,0,0,0,0,0,0,0,0,0,0,0,0,0,0,0,0,0,0,0,0,0,0,0,0,0,0,0,0,0,0,0,0,0,0,0,0,0,0,0,0,0,0,0,0,0,0,0,0,0,5,0,0,0,0,0,0,0,0,0,0,0,0,0,0,0,0,0,0,0,0,0,1,0,0,0,0,0,1,0,0,0,0,0,0,0,0,0,0,0,0,0,0,0,0,0,0,0,0,0,0,0,0,0,0,0,0,0,0,0,0,6,0,0,0,0,0,0,0,0,0,1,0,0,0,0,5,0,0,0,0,0,0,0,0,0,7,0,0,0,0,0,0,0,0,0,0,0,0,7,0,0,0,0,0,0,0,0,0,0,0,0,0,0,0,0,0,0,0,0,0,0,0,0,0,0,0,0,0,0,0,0,0,0,0,0,0,0,0,0,0,0,0,0,0,0,0,0,0,15,0,0,0,0,0,0,0,0,0,0,0,10,0,0,0,0,0,0,2,0,0,0,0,0,0,0,0,0,0,0,0,0,1,0,0,0,0,0,0,0,0,0,0,0,0,0,0,0,0,0,0,0,0,0,0,0,0,0,9,0,0,0,0,0,0,0,0,0,0,0,0,0,0,0,0,0,0,0,1,0,0,0,0,0,0,0,0,0,0,0,0,0,0,0,0,0,0,0,0,0,0,0,0,1,0,0,0,0,1,0,0,0,0,0,0,0,0,0,0,0,0,19,0,0,0,0,0,0,0,0,0,0,0,0,0,0,0,0,0,0,0,0,0,1,0,0,0,0,0,0,0,0,0,0,0,1,0,0,0,0,0,0,0,0,0,0,0,0,0,0,0,0,0,0,0,0,4,0,0,0,0,22,0,0,0,0,0,0,0,0,0,0,0,0,1,0,0,0,0,0,0,0,0,0,0,0,0,33,0,0,0,0,0,0,0,0,0,0,0,1,0,0,0,0,0,0,0,0,0,0,0,0,0,0,0,0,0,0,0,0,0,0,0,0,0,0,0,0,0,0,0,0,0,0,0,0,0,0,0,0,0,0,0,2,0,0,0,0,0,0,0,0,0,0,0,0,0,1,0,0,0,0,0,0,0,0,0,0,0,0,9,0,0,0,0,0,0,0,0,0,0,0,0,0,0,0,0,0,0,0,0,0,0,0,0,0,0,0,0,0,0,0,0,0,0,0,0,0,0,0,0,0,0,0,0,0,0,0,0,0,0,0,0,0,0,0,0,0,0,0,0,0,0,0,0,0,0,0,0,0,0,0,0,0,0,0,0,0,0,0,0,0,0,0,0,0,6,0,0,0,0,1,0,0,0,0,0,0,0,0,0,0,0,0,0,0,0,0,0,0,0,0,7,0,0,0,0,0,0,0,0,0,0,0,0,0,0,2,1,0,0,0,0,0,0,0,0,5,0,0,0,0,0,0,0,0,0,0,0,0,0,0,0,0,0,3,0,0,0,0,0,0,0,0,0,0,0,0,0,0,0,0,0,0,0,0,0,0,0,0,0,0,0,0,0,0,0,0,0,0,0,0,0,0,0,0,0,0,0,0,0,0,0,0,0,0,0,0,0,0,0,0,19,0,0,0,0,0,0,0,0,0,0,0,0,0,0,0,0,0,0,0,1,0,0,0,0,0,1,0,0,0,0,0,0,0,0,0,0,0,0,0,0,0,0,0,0,0,0,0,0,0,0,0,0,32,0,0,0,0,0,0,0,0
CITED2,2,1,1,0,0,1,0,0,0,0,2,0,3,0,0,0,0,1,1,0,2,1,0,0,0,3,0,0,1,0,0,0,0,0,0,1,0,2,1,0,1,0,2,2,0,1,1,0,1,0,0,2,0,1,1,1,0,2,0,0,1,0,1,0,2,1,0,0,0,0,0,0,0,0,1,0,2,0,0,0,1,0,0,1,0,6,0,0,1,1,0,0,1,0,0,0,0,0,1,0,0,0,0,0,0,1,0,0,2,1,4,0,0,1,0,1,0,0,0,1,1,0,1,1,1,1,0,0,0,1,0,0,0,0,0,1,0,2,1,0,0,1,0,0,0,0,2,0,1,0,0,0,0,0,0,7,0,2,1,3,0,0,0,0,0,2,0,1,2,1,0,1,0,0,0,0,0,0,0,0,0,0,0,0,0,0,0,0,1,0,2,0,2,0,2,0,0,0,0,0,0,1,0,1,1,0,0,0,1,4,0,0,0,0,0,0,1,11,2,1,1,0,0,0,1,2,0,2,0,0,0,0,0,1,1,1,0,1,0,0,0,0,0,0,0,0,1,2,0,0,0,0,0,0,0,9,2,0,0,0,0,0,1,0,2,0,1,0,0,0,0,0,0,0,0,1,0,0,0,0,1,0,0,0,0,0,1,0,3,0,1,0,0,2,0,0,2,0,1,0,0,0,1,2,0,0,2,0,2,0,1,0,1,1,0,0,0,1,0,1,0,0,1,1,0,0,0,0,0,2,0,0,0,0,1,0,0,0,0,0,1,1,0,1,0,3,0,0,0,1,0,0,1,3,0,0,0,2,0,0,0,0,0,0,0,0,1,1,0,5,0,0,0,0,2,0,0,0,0,0,0,0,1,0,0,0,9,1,0,1,4,0,0,0,1,0,2,7,0,0,0,0,0,2,0,1,3,0,0,0,4,1,0,0,2,2,0,0,0,0,2,1,0,0,0,0,0,0,0,0,0,1,2,0,0,0,0,0,0,0,0,0,0,0,0,1,1,2,0,0,0,0,0,0,0,0,0,0,0,0,1,1,1,1,1,0,0,0,0,0,0,0,1,3,1,0,0,0,0,0,1,3,5,2,0,4,0,0,0,1,0,0,1,0,0,0,0,0,1,0,0,0,1,0,1,0,0,0,0,1,0,0,0,0,0,1,0,0,0,0,0,0,0,0,0,0,0,1,1,1,0,0,0,0,2,1,1,4,1,1,3,0,0,0,0,0,1,0,0,0,0,1,0,0,0,0,1,1,0,2,0,0,0,0,1,0,1,1,2,0,1,0,1,1,1,0,1,0,1,0,1,0,1,0,0,0,0,0,0,0,2,0,0,1,0,0,0,0,0,0,3,0,0,0,0,0,0,1,0,1,1,0,3,0,0,1,0,0,0,0,0,0,0,1,0,1,4,0,0,0,1,0,0,1,0,0,5,0,0,0,0,0,0,0,0,0,1,0,2,0,0,4,0,0,0,0,0,0,0,0,2,0,0,0,0,0,0,0,0,0,1,0,1,0,1,1,0,0,0,1,1,0,0,1,0,0,2,0,0,1,0,0,0,0,0,3,0,0,0,0,0,1,3,0,0,1,1,0,1,1,0,1,0,0,0,0,0,1,0,0,0,0,1,0,0,0,0,0,0,1,0,0,0,0,0,0,0,0,0,0,0,0,0,0,1,0,0,0,0,1,0,0,0,3,0,0,0,0,1,0,0,0,0,0,1,0,2,0,2,3,0,0,0,0,1,0,0,1,0,0,0,0,0,1,0,0,0,1,1,0,1,0,0,2,0,2,0,2,1,0,0,0,0,1,2,0,1,0,0,1,0,0,1,0,1,0,0,0,0,0,1,1,0,0,0,2,0,0,0,0,0,2,0,1,0,0,2,0,1,0,0,0,0,0,1,0,0,0,0,1,0,1,0,1,0,0,0,1,2,0,0,1,0,0,0,0,1,0,0,0,0,0,0,1,0,0,0,0,0,1,0,0,0,1,0,0,0,0,0,1,1,0,1,0,0,1,0,4,1,0,0,0,0,0,7,2,1,0,0,0,2,0,0,0,0,0,0,0,0,0,0,0,0,0,0,0,0,0,0,0,0,0,0,0,1,0,0,5,0,1,1,8,0,0,0,0,1,0,2,4,0,0,0,0,0,1,0,1,0,0,2,2,0,1,0,0,1,0,0,0,0,0,0,4,3,0,0,0,0,0,0,0,0,0,1,1,0,0,1,0,0,1,0,0,0,0,0,0,0,0,0,0,0,0,0,0,0,0,0,0,0,0,0,0,0,0,0,0,3,0,0,0,0,0,0,0,0,0,1,0,2,0,0,1,2,0,0,0,0,0,0,2,1,0,0,1,1,0,0,1,0,0,0,0,0,0,0,1,0,0,0,1,0,1,1,7,0,0,0,0,0,0,0,0,0,0,0,1,0,0,0,0,0,1,0,1,3,1,0,0,1,1,0,1,1,0,0,0,0,1,0,0,0,0,0,0,0,0,1,0,0,0,1,0,0,3,0,0,1,0,0,0,1,0,0,1,0,1,0,0,0,0,1,1,0,0,0,0,0,0,1,0,0,0,1,0,0,0,1,0,0,0,0,0,0,0,0,0,0,0,0,0,1,0,0,0,0,1,1,5,0,0,0,0,1,0,1,0,0,1,0,0,1,1,2,3,0,1,2,0,0,1,0,0,0,0,0,1,0,0,0,0,0,0,1,2,1,0,0,0,0,0,1,3,0,1,1,0,1,0,1,0,1,0,0,0,0,2,0,0,0,0,0,0,1,2,1,2,0,2,1,1,0,0,0,0,0,1,0,0,1,1,0,1,1,0,0,1,1,0,0,1,0,1,0,0,0,1,0,0,2,0,1,0,0,0,1,1,1,1,0,0,2,0,0,0,1,1,0,0,0,0,3,0,0,0,0,1,0,1,1,0,1,0,0,1,0,0,1,3,0,0,1,0,2,0,0,1,0,0,5,0,0,1,5,0,0,0,0,1,0,0,0,0,1,1,0,0,2,0,0,0,2,0,0,0,1,0,0,1,0,1,1,0,1,1,1,0,2,2,0,0,0,1,0,0,1,1,2,0,0,0,4,0,1,1,1,0,1,0,1,3,0,2,0,0,1,1,0,0,0,0,1,2,2,1,1,0,0,0,1,1,0,0,3,1,0,2,0,0,1,1,1,0,1,2,0,0,0,0,0,1,0,1,0,0,0,0,0,1,1,0,0,0,1,0,0,1,4,1,1,0,0,1,0,0,0,0,0,0,1,0,1,0,1,0,3,0,0,0,0,0,0,0,1,0,0,0,0,1,0,0,0,0,1,0,1,0,0,0,0,0,0,0,0,0,0,0,2,0,0,2,0,0,0,0,0,2,0,2,0,1,1,0,0,1,0,1,0,0,0,0,1,5,1,1,1,0,0,0,0,0,0,0,0,0,0,0,1,0,0,2,2,0,0,0
ARPC3,3,3,0,4,1,4,2,1,0,0,4,2,5,0,3,9,0,0,7,1,1,1,2,2,0,8,0,2,2,2,0,2,2,6,4,1,3,2,4,1,0,1,5,2,0,2,2,6,1,4,0,0,4,5,3,3,1,2,3,1,6,1,1,0,0,3,4,0,5,3,0,6,1,1,2,2,1,9,2,6,1,0,0,3,1,2,0,3,4,0,8,1,5,4,1,5,0,1,2,16,2,1,3,0,1,3,1,4,7,5,4,2,1,3,1,3,1,6,3,3,1,3,6,0,1,4,1,1,2,2,0,1,1,4,0,2,3,1,4,1,0,1,0,2,14,1,2,2,3,1,6,1,3,2,1,1,0,0,0,2,0,4,10,4,2,7,5,3,4,18,1,1,1,1,6,0,1,4,5,0,0,2,3,2,5,4,0,1,8,6,13,5,1,3,0,3,0,2,0,2,0,1,5,0,3,0,3,1,4,2,0,1,1,0,0,1,1,3,6,7,1,5,5,1,3,0,1,2,1,0,0,2,8,10,3,0,3,2,2,4,4,0,2,0,2,1,2,3,8,4,0,2,1,3,2,2,0,4,1,4,2,1,1,8,1,4,0,3,3,3,4,7,6,5,0,3,3,5,6,0,4,4,0,0,2,0,0,2,1,6,2,0,2,2,2,0,0,1,12,1,0,0,2,0,3,0,1,1,15,3,1,0,2,4,1,2,0,4,1,5,0,1,6,0,0,0,1,2,4,0,2,6,1,3,3,0,2,2,1,3,12,3,4,0,0,4,2,4,2,7,5,1,11,1,0,1,2,2,3,1,4,2,5,1,4,1,27,3,1,1,0,2,2,0,0,20,0,2,2,5,0,1,5,1,2,3,2,4,2,1,2,19,2,13,2,4,9,4,1,7,2,1,2,1,2,3,2,4,7,6,2,3,1,1,0,15,0,2,1,0,2,3,12,2,5,1,2,0,3,3,0,2,0,3,4,0,2,0,0,10,1,2,7,2,2,13,3,0,3,0,3,1,3,0,5,2,1,5,12,4,3,4,1,2,9,5,1,1,4,1,2,2,0,0,0,11,2,0,6,1,2,0,0,1,1,0,3,1,2,3,2,2,1,2,1,6,0,1,1,4,2,4,3,0,1,1,5,15,3,1,1,0,1,0,0,2,2,0,1,1,2,3,6,3,6,4,1,6,7,1,5,9,2,1,5,7,1,5,0,4,3,2,2,0,1,0,4,2,13,2,1,8,0,0,4,4,2,11,1,5,3,5,2,2,2,5,1,1,3,3,2,0,2,2,2,2,2,0,3,0,4,2,0,1,0,4,1,1,2,1,3,1,1,7,1,4,1,1,2,3,1,6,3,6,2,9,3,1,1,0,0,2,2,2,4,2,1,10,6,3,2,2,4,2,4,1,2,6,0,3,0,2,0,2,2,0,0,1,1,1,0,2,4,1,3,2,5,2,1,1,0,1,0,2,3,3,1,0,3,9,2,3,2,2,2,0,2,1,2,3,0,0,3,0,4,1,2,2,1,1,2,15,3,0,3,2,1,2,2,0,1,0,0,2,0,0,1,0,1,2,2,5,7,5,2,3,0,0,1,9,3,2,2,1,3,1,2,3,1,0,1,0,1,2,0,0,2,0,0,3,1,0,3,0,3,2,4,2,0,2,3,2,2,7,0,1,2,2,2,1,4,0,4,1,2,0,0,5,1,2,1,0,2,3,2,4,4,0,2,1,1,3,1,0,1,2,6,1,2,2,5,0,0,3,6,4,2,1,0,0,0,2,0,0,5,3,1,0,4,1,1,2,2,1,4,1,0,2,2,1,2,2,0,4,2,0,6,0,2,1,4,0,8,8,5,3,1,1,1,3,2,2,2,3,1,1,3,1,4,4,2,4,8,0,4,1,1,3,1,0,1,2,1,1,1,0,2,9,2,5,3,1,4,3,4,2,1,3,1,0,2,2,12,6,2,2,3,2,1,1,2,1,5,7,5,4,8,1,1,4,0,0,2,1,2,1,7,0,4,0,3,0,1,2,3,1,2,1,7,1,7,1,1,0,5,2,0,0,0,1,0,7,3,2,10,2,0,1,4,0,0,2,0,3,1,1,2,11,1,2,5,3,5,1,2,1,3,1,2,1,0,0,5,2,1,2,2,0,1,3,3,1,1,4,1,9,2,1,2,2,2,29,6,1,2,2,0,3,3,5,1,1,0,10,2,1,0,0,0,2,5,1,1,2,1,4,0,0,3,1,2,2,1,1,0,1,0,4,2,1,2,0,2,1,1,2,5,2,5,4,2,2,0,0,1,3,5,2,2,2,14,17,2,1,1,4,0,10,2,2,1,3,3,2,1,1,1,1,0,1,1,1,3,2,0,2,5,2,0,1,2,2,15,11,1,4,3,0,1,5,8,2,1,4,1,8,1,0,2,9,9,2,0,0,1,2,2,2,4,1,2,2,0,10,0,1,0,3,1,1,3,2,16,2,5,1,1,0,2,1,2,3,6,1,3,0,2,3,2,1,0,1,8,2,3,3,4,0,5,3,2,2,7,0,4,3,4,4,0,1,1,1,4,5,0,4,0,1,7,3,2,1,2,6,4,1,2,0,3,2,2,3,3,0,0,0,4,2,0,1,4,2,1,4,4,5,4,2,2,10,2,0,1,1,1,3,1,3,0,8,0,2,0,0,3,1,5,2,2,0,0,0,0,3,0,4,3,14,4,4,3,4,2,25,3,3,21,2,1,3,0,5,1,0,5,4,6,4,2,2,5,4,1,0,2,12,7,0,3,0,0,0,1,1,1,1,4,5,1,3,11,4,2,5,3,2,7,2,1,2,2,1,7,5,5,2,1,2,3,3,1,2,2,0,1,1,7,1,2,3,4,2,6,10,0,1,11,0,0,6,2,0,1,0,1,1,3,2,0,0,9,1,0,4,3,1,3,0,1,1,1,0,1,3,3,3,1,0,4,7,0,8,2,2,6,1,1,1,1,6,0,1,2,3,0,0,1,0,23,1,1,4,2,0,3,3,3,2,2,0,1,3,0,0,2,4,9,4,1,1,0,7,3,4,2,11,0,3,1,3,1,2,3,1,14,0,6,0,0,10,3,1,0,2,0,2,2,1,1,8,19,1,0,1,0,7,1,4,2,14,4,0,1,1,4,1,1,1,0,2,0,1,1,0,0,6,2,10,3,1,1,3,5,8,0,2,0,2,1,4,1,3,4,4,0,1,0,0,2,1,3,1,0,2,2,1,1,2,2,2,1,0,2,3,1,4,1,4,1,7,1,1,5,3,2,3,10,1,0,2,3,0,2,1,13,0,4,1,0,12,0,0,0,0,2,4,1,3,2,1,1,2,3,2,0,0,2,4,3,1,2,9,0,0,2,4,3,0,0,1,6,0,3,0,0,2,3,1,1,1,2,1,2,0,8,2,0,19,1,0,0,2,1,0,0,1
CD63,0,0,1,2,0,0,4,0,0,0,1,0,1,0,0,0,0,0,1,0,0,0,0,1,1,0,0,1,0,0,0,0,0,0,2,0,0,0,0,1,0,0,3,1,0,1,0,1,0,0,0,0,0,3,2,0,0,0,0,1,2,0,1,0,0,1,0,0,1,0,0,1,0,0,2,0,2,1,0,0,1,0,0,2,1,0,0,0,2,0,0,1,0,2,0,2,0,0,0,0,0,0,3,0,0,1,0,2,0,0,2,0,0,2,0,1,1,0,1,0,0,2,2,0,0,0,1,0,0,0,0,1,0,0,0,0,0,0,1,0,0,1,0,0,0,0,0,2,1,1,2,0,3,0,1,0,2,0,0,0,0,0,3,0,1,1,0,1,4,4,0,1,1,0,2,0,0,0,0,0,0,0,0,0,2,0,0,0,1,1,1,1,0,0,0,0,1,2,0,0,0,1,0,0,0,0,0,2,1,0,0,0,1,0,0,2,0,0,2,1,0,0,1,0,1,3,0,1,0,0,0,1,1,1,0,0,0,0,0,0,3,0,0,1,0,0,0,4,3,2,0,0,0,1,0,0,0,0,0,0,0,0,1,0,0,1,0,3,0,1,2,1,1,0,0,4,0,0,2,0,1,0,0,0,0,0,0,0,0,0,0,0,2,2,0,0,0,0,1,0,0,0,0,0,1,0,0,1,0,0,1,1,1,0,0,1,0,3,0,0,2,1,2,0,0,0,1,0,0,0,0,0,0,0,1,0,0,0,0,1,2,0,1,1,0,0,0,0,0,4,2,0,2,0,1,0,0,0,3,0,1,0,1,1,1,0,4,0,0,0,1,2,1,0,0,2,0,0,0,2,0,0,1,0,1,1,0,1,0,2,0,2,0,2,0,4,3,1,0,1,1,1,1,0,1,0,2,0,0,0,0,1,0,0,0,3,0,0,0,0,3,0,11,1,0,0,0,1,0,0,0,0,0,1,1,0,1,0,0,0,1,0,3,1,0,5,0,0,0,0,2,1,3,0,2,1,1,1,2,0,0,0,0,0,3,2,0,0,1,0,0,0,0,0,1,0,1,0,0,0,1,0,2,0,1,0,1,0,0,0,0,0,0,0,0,0,0,0,0,2,0,0,0,0,0,0,0,1,1,0,1,1,0,0,0,2,1,0,0,0,0,0,0,0,1,0,0,0,4,0,1,1,2,0,1,4,2,1,0,0,3,1,0,2,0,0,1,0,1,0,1,3,0,0,0,1,0,6,0,2,0,0,0,1,0,0,0,0,1,0,0,7,0,0,0,1,0,0,2,0,0,2,0,1,1,2,0,0,0,0,0,0,2,2,1,0,1,0,0,0,1,2,1,0,1,2,2,2,0,0,0,0,2,1,0,0,0,0,0,1,4,0,1,0,5,0,0,0,1,0,0,0,2,3,1,0,0,0,0,0,1,0,0,0,0,1,1,0,0,1,0,1,0,3,0,3,0,1,1,1,1,0,0,4,1,0,1,1,0,0,0,0,0,2,1,0,1,0,0,1,0,1,0,0,0,0,0,0,0,0,0,1,2,1,0,0,1,0,0,2,0,0,0,2,1,3,0,1,1,4,2,0,0,0,1,0,0,1,0,0,0,0,1,1,0,2,0,0,0,1,0,0,0,0,0,0,0,0,1,1,0,0,1,2,0,1,0,0,1,0,1,0,0,0,0,0,0,0,2,0,1,0,0,1,1,0,0,1,0,0,0,0,0,0,1,0,2,0,0,1,3,0,0,1,2,1,2,1,0,0,1,1,0,1,4,0,2,0,1,0,1,1,1,0,1,1,1,0,0,1,1,1,0,2,0,0,0,1,1,0,4,0,1,0,0,0,0,0,0,1,1,0,0,2,0,0,0,1,0,0,1,0,0,0,0,1,3,1,4,1,0,0,0,0,0,0,2,2,0,0,0,0,0,0,0,1,0,3,2,0,1,1,0,0,0,1,1,0,0,0,0,1,2,1,1,0,0,0,0,1,1,1,3,0,0,3,0,0,0,0,0,0,0,0,0,0,0,0,3,2,4,1,0,0,0,0,0,0,0,1,0,3,2,1,1,3,0,0,2,1,1,0,0,0,0,3,0,0,1,2,0,1,0,0,0,0,1,1,1,1,0,0,2,0,2,0,1,1,0,1,1,0,0,0,0,0,0,0,1,0,1,9,1,0,0,0,0,1,3,0,0,1,0,3,0,0,0,0,1,0,0,0,0,2,1,2,0,1,0,0,0,5,1,0,0,0,0,0,0,0,1,0,1,0,0,1,0,1,1,0,0,0,0,1,0,1,0,1,0,0,3,4,0,1,0,2,0,3,0,1,0,1,1,0,0,0,0,0,0,0,1,0,0,1,0,0,1,1,0,0,1,0,0,0,1,0,3,0,0,1,2,1,1,0,0,0,0,0,1,2,2,0,0,0,2,0,0,0,0,0,1,0,1,4,0,0,0,1,0,0,1,2,0,1,2,0,1,1,0,2,1,0,1,0,0,0,1,1,0,1,0,1,2,0,0,0,2,0,1,0,0,0,0,1,1,1,0,1,0,1,0,1,1,3,0,0,0,0,3,0,5,1,0,2,0,1,0,0,0,1,1,2,0,0,0,0,0,0,0,3,1,0,0,1,2,3,2,1,0,2,0,0,0,0,0,0,3,0,1,0,0,0,0,1,0,1,1,4,0,0,0,1,0,1,0,0,1,6,2,2,0,0,0,2,0,0,0,0,0,0,0,0,0,0,0,1,2,2,0,0,2,1,0,0,0,5,1,0,0,0,1,0,0,0,1,0,1,4,0,1,6,0,1,0,0,0,0,2,0,0,0,0,3,0,3,0,0,3,0,0,0,1,1,0,0,0,1,1,3,0,1,0,0,0,0,0,1,0,0,0,1,0,1,0,1,0,7,0,1,0,1,0,0,1,0,0,0,0,0,0,0,0,1,1,0,1,0,0,2,0,0,1,0,0,0,0,0,0,1,1,0,0,0,0,0,0,0,1,0,0,4,0,1,0,0,0,4,1,0,0,0,1,1,0,0,0,1,1,1,0,0,2,1,2,0,3,0,0,0,0,1,0,0,0,4,1,0,0,0,1,1,0,1,0,0,0,0,0,2,0,2,1,1,1,0,0,0,1,1,0,0,0,2,0,0,0,0,0,0,0,0,0,0,0,1,1,0,0,0,1,0,8,2,1,0,0,0,0,0,0,1,1,0,0,0,0,0,0,0,1,1,0,1,0,0,0,1,1,2,0,0,0,0,0,0,1,0,0,0,0,0,0,0,0,0,0,2,0,0,0,1,0,0,1,1,0,0,0,2,2,0,0,2,2,0,3,0,0,1,0,1,0,0,0,0,0,0,0,1,0,0,1,0,0,0,0,0,0,0,0,0,1,0,0,0,1,0,1,2,0,0,1,0,0,1,0,1,8,0,2,0,0,0,0,1,0
VPREB3,0,0,0,0,0,0,0,0,0,0,0,0,0,0,0,0,0,0,0,0,0,0,0,1,0,0,0,0,0,1,0,0,1,0,0,0,0,0,0,0,0,0,0,0,0,0,1,0,0,0,0,0,0,0,0,0,0,0,0,0,0,0,0,0,0,0,0,0,0,0,0,0,0,0,0,0,0,0,0,0,0,0,0,0,0,0,0,0,0,0,0,0,0,0,0,0,0,4,0,1,0,0,0,0,0,0,0,0,0,0,0,0,0,0,0,0,0,0,0,1,0,0,0,0,0,0,0,0,0,0,0,0,0,0,0,0,0,0,0,0,0,0,0,2,0,0,0,0,0,0,0,0,0,0,0,0,0,0,0,0,0,0,0,0,0,0,0,0,0,0,0,0,0,0,0,0,0,0,0,0,0,0,3,0,0,2,0,0,0,0,0,0,0,0,0,1,0,0,0,1,0,0,0,1,0,0,0,2,0,0,0,0,0,0,0,0,0,0,0,0,0,3,0,3,0,0,0,0,0,0,0,0,0,0,0,0,0,0,0,0,0,0,2,0,0,1,0,0,0,0,0,0,1,0,1,0,0,0,1,0,0,0,0,0,0,0,0,0,0,0,0,0,0,0,0,0,2,0,0,0,0,0,0,0,0,0,0,0,0,0,0,0,0,0,0,0,0,0,0,0,0,0,0,0,0,0,0,1,0,0,0,0,0,0,0,0,0,0,3,0,0,0,0,0,0,0,0,0,0,0,0,0,0,0,0,0,0,0,0,0,0,0,0,0,2,0,0,0,0,0,0,0,0,0,0,0,2,0,0,0,0,3,1,0,0,0,0,0,0,0,0,0,0,0,0,0,0,0,0,0,0,0,0,0,0,0,0,0,0,0,0,0,0,0,0,0,0,0,0,0,0,0,0,0,0,0,0,1,0,1,0,0,0,0,0,0,0,1,0,0,0,0,0,0,0,0,0,0,0,0,0,0,0,0,0,0,0,0,0,0,0,0,0,0,0,0,0,0,0,0,0,0,0,0,0,0,0,0,0,1,0,0,0,0,0,0,0,0,0,0,0,0,0,0,0,0,0,0,2,0,0,0,0,0,0,0,0,0,0,0,0,0,0,0,0,0,0,0,0,0,0,0,0,0,0,0,6,0,0,0,0,0,4,0,0,0,0,0,0,0,0,0,0,0,0,0,0,0,0,0,0,0,0,0,0,0,0,0,0,0,0,0,0,0,0,0,0,0,0,0,0,0,0,0,0,0,0,0,0,0,0,0,1,0,0,0,0,0,0,0,0,0,0,0,0,0,0,0,0,0,1,0,0,0,0,0,2,0,0,0,0,1,0,0,0,0,0,1,2,0,0,0,0,0,0,0,0,0,0,0,0,1,0,0,0,0,0,0,0,0,0,0,0,0,0,0,0,0,0,0,1,1,0,0,0,0,0,0,0,0,0,0,0,0,0,0,0,0,0,0,0,0,0,0,1,0,0,0,1,0,0,1,0,0,0,0,0,0,0,1,0,0,0,0,0,0,0,0,0,0,0,0,0,0,0,0,0,0,0,0,0,0,0,0,0,0,0,0,0,0,0,0,0,0,0,0,0,0,0,0,0,0,2,0,0,0,0,0,0,0,0,0,0,0,0,0,0,0,0,0,0,0,1,0,0,0,0,0,0,3,0,0,0,0,0,0,0,0,0,0,0,0,0,0,0,0,0,2,0,0,0,0,0,0,0,2,0,0,0,0,0,0,0,0,0,0,0,0,0,0,0,0,0,0,0,0,0,0,0,0,0,0,0,0,0,0,0,0,0,0,0,0,0,0,0,0,0,2,0,0,0,0,0,0,0,0,0,0,0,0,0,1,0,3,1,0,0,2,0,0,0,0,0,0,0,0,0,0,0,0,0,0,0,0,0,0,0,0,0,0,0,0,0,0,0,0,0,0,0,3,0,0,0,0,2,0,0,0,0,0,1,0,0,0,0,0,0,0,1,0,0,0,0,0,0,0,1,0,0,0,0,0,0,0,0,0,0,0,0,0,0,0,0,0,0,0,0,0,0,0,0,0,0,0,0,0,0,0,0,4,0,0,0,0,0,0,0,0,0,0,0,2,0,1,0,0,0,0,0,0,1,0,0,0,3,0,0,0,0,0,0,0,0,0,0,0,1,0,0,0,0,0,0,0,0,0,0,0,0,0,0,0,0,0,0,0,0,0,0,0,0,0,0,0,0,0,0,0,0,0,0,0,0,0,0,0,0,0,0,0,0,0,0,0,0,0,0,0,0,0,0,0,0,0,0,0,1,3,0,0,0,2,0,0,0,0,0,0,0,0,0,0,2,0,0,0,0,0,0,0,0,0,0,0,0,0,0,0,0,0,0,0,0,0,0,1,0,0,0,0,0,0,0,0,0,0,0,0,0,0,0,0,0,0,0,0,0,0,0,0,0,0,0,0,0,0,0,0,1,0,0,0,0,0,0,0,0,0,0,0,0,0,0,0,0,0,0,0,0,0,0,0,3,0,0,0,0,0,0,0,0,0,0,0,1,0,0,0,0,0,0,0,0,0,0,0,0,7,0,0,0,0,0,0,0,1,0,0,0,0,0,3,0,0,0,0,0,1,0,0,0,0,0,0,0,0,0,0,0,0,0,0,0,7,0,0,0,0,0,0,0,0,0,0,0,0,0,0,0,0,0,0,0,0,0,0,0,0,5,0,0,0,0,0,0,0,2,0,0,0,0,0,0,0,0,0,0,0,0,0,0,0,0,0,0,0,0,0,0,0,0,0,0,0,0,0,0,0,0,0,0,0,0,0,0,1,4,0,4,0,0,0,0,0,1,0,0,0,0,0,0,0,0,0,0,0,0,0,0,0,0,0,0,0,0,0,0,0,0,0,0,0,0,0,0,0,0,0,3,0,3,0,0,0,0,0,0,0,0,0,0,1,0,0,0,0,0,0,0,0,4,0,0,0,0,0,1,0,0,1,0,0,0,0,3,0,0,0,0,0,0,0,0,0,0,0,0,0,0,1,1,0,0,0,0,1,0,0,0,0,0,0,0,0,0,0,7,0,0,0,0,0,0,0,0,0,0,0,0,0,0,0,0,0,0,0,2,0,0,0,0,0,0,0,0,1,1,0,0,0,0,0,0,0,0,0,0,0,3,0,0,0,0,0,0,0,0,0,0,0,0,0,0,0,0,0,0,0,0,0,0,0,0,0,0,0,0,0,0,0,0,0,2,0,0,0,0,0,0,0,0,0,0,0,0,0,0,0,0,0,0,0,0,0,0,0,0,3,0,0,0,0,0,0,0,0,0,0,0,0,0,0,2,0,0,0,0,0,0,0,0,0,0,0,0,0,0,0,0,0,0,0,0,0,0,0,0,0,0,0,1,0,0,0,0,0,0,1,1,0,0,0,0,0,0,0,0,0,0,0,0,0,0,0,0,0,0,0,0,0,0,0,0,0,0,0
MPEG1,0,0,0,0,0,0,3,0,1,0,1,0,1,0,0,2,0,0,0,0,0,0,2,0,0,0,0,0,0,0,0,0,0,5,0,0,0,0,0,0,1,0,0,0,0,0,0,0,0,0,0,0,1,0,0,2,0,0,0,0,2,0,0,4,0,0,0,0,0,0,0,0,0,1,0,0,0,0,0,0,0,0,1,1,0,0,0,1,0,0,2,0,0,1,0,2,0,0,2,2,0,0,2,0,0,2,1,0,2,0,0,0,1,0,0,0,0,0,0,0,0,1,2,0,0,0,0,0,0,0,0,0,0,0,1,0,0,0,4,0,0,0,1,0,1,0,1,2,0,0,1,0,0,0,0,0,0,0,0,3,0,0,2,2,0,0,1,0,1,1,0,0,0,0,2,0,0,0,1,0,0,0,0,0,1,0,0,0,1,0,3,0,0,0,0,0,0,0,0,0,2,0,1,0,0,0,0,1,0,0,0,0,0,0,0,0,0,0,3,1,0,0,2,0,0,0,0,0,0,0,0,0,1,3,1,0,0,0,0,0,0,0,0,0,0,0,0,3,4,1,0,2,0,0,0,0,0,0,0,0,0,0,0,1,0,0,0,0,0,0,0,2,1,2,0,0,0,1,1,1,0,0,0,0,0,0,0,0,0,0,0,0,3,0,0,0,0,0,4,0,0,0,0,0,0,0,0,1,0,0,0,0,0,0,0,0,0,0,0,0,0,0,2,0,0,0,2,0,0,0,0,0,0,0,0,0,0,0,0,3,3,0,0,0,0,0,0,0,0,2,1,0,1,0,0,0,0,0,2,0,0,0,0,0,0,0,4,0,0,0,0,1,0,0,0,1,0,0,0,1,1,0,0,0,0,1,0,0,0,0,0,3,0,0,0,1,0,0,0,1,1,0,0,0,2,0,0,1,1,0,0,0,0,0,0,3,0,0,0,0,0,0,0,0,1,0,0,0,0,0,0,0,1,0,2,0,1,0,0,0,0,0,3,0,0,7,0,0,1,0,0,0,0,1,1,0,0,1,0,0,6,0,0,0,1,1,0,0,1,0,2,2,0,0,0,0,1,0,0,0,2,0,0,0,0,0,0,0,0,4,0,0,0,0,0,1,0,0,0,0,0,1,0,0,0,0,0,1,0,0,1,0,0,0,0,0,0,0,0,0,0,0,0,4,0,0,0,0,2,0,1,0,0,0,2,2,0,0,0,0,0,0,0,0,0,0,0,0,0,0,0,1,0,0,2,3,0,1,0,0,0,0,1,0,0,0,0,0,0,0,0,0,0,0,0,0,0,1,1,0,0,0,0,1,0,0,0,0,0,0,0,0,0,2,0,0,0,0,0,0,0,0,0,0,0,2,0,0,0,0,2,1,0,0,0,0,0,0,4,3,0,0,0,0,0,0,0,0,0,0,0,0,0,0,0,0,0,0,0,1,0,1,0,0,0,0,2,0,0,1,0,0,0,2,0,3,0,0,0,1,0,0,0,0,0,0,0,0,0,0,0,0,1,0,0,0,0,2,0,0,0,1,0,0,2,0,0,0,0,0,0,0,0,1,0,0,0,0,0,2,0,0,2,0,0,0,0,0,0,0,0,0,0,0,4,0,0,0,0,0,0,0,0,0,0,0,0,0,0,0,0,0,0,0,4,0,0,0,0,0,0,0,0,3,0,0,0,0,0,0,0,0,0,0,1,0,0,0,0,0,1,1,0,0,3,0,0,0,0,0,0,0,0,0,0,1,2,0,1,0,0,0,0,0,4,2,0,0,1,1,0,0,0,2,1,0,0,0,0,0,0,1,0,0,0,0,0,0,0,0,0,2,0,0,0,0,1,0,0,0,0,0,1,0,0,0,0,0,0,0,1,0,0,0,0,0,0,0,1,1,0,1,0,0,0,1,0,0,0,0,0,0,1,0,0,0,0,3,0,0,0,0,0,0,0,0,0,0,0,0,0,1,0,0,0,0,0,0,1,1,0,0,1,1,4,0,1,0,0,0,0,0,0,4,0,2,0,0,0,0,0,0,0,0,0,0,0,0,3,4,3,0,0,0,1,0,0,0,0,0,0,3,3,0,2,0,0,0,0,3,0,0,0,0,0,0,0,3,0,0,0,1,0,0,0,0,0,1,0,0,1,0,1,0,0,0,0,0,0,2,0,0,0,0,4,0,0,0,0,1,0,2,2,0,0,0,0,0,1,0,0,0,0,0,0,0,0,0,0,0,0,0,0,0,0,0,0,0,0,0,0,1,0,1,0,1,0,0,0,0,0,0,1,0,0,0,0,0,1,0,0,0,0,0,0,0,0,1,0,0,0,6,0,0,0,6,0,1,1,0,0,0,0,0,0,0,0,0,0,0,0,1,0,0,0,1,0,0,0,0,0,0,0,0,0,0,1,2,0,1,2,0,0,0,0,2,0,2,1,2,2,1,0,0,0,0,3,0,0,0,0,0,0,1,0,0,0,0,0,0,0,0,4,1,3,0,0,0,0,0,0,0,1,0,0,0,1,0,0,0,0,0,2,0,0,0,0,0,2,0,0,0,0,0,0,0,0,0,0,0,0,0,0,0,0,0,0,0,0,0,1,1,4,2,0,0,0,0,0,0,0,0,0,0,0,0,0,0,0,0,0,0,0,0,5,0,0,0,0,1,0,0,2,0,0,0,1,0,2,2,0,0,0,0,0,0,1,0,1,0,0,0,0,0,0,0,0,1,0,3,0,0,0,2,0,0,0,0,0,0,0,4,0,0,0,0,1,0,0,0,3,3,0,0,0,7,2,0,0,0,0,0,0,0,0,0,0,0,1,0,1,0,1,2,0,0,1,0,1,0,0,0,0,1,0,0,1,0,0,0,0,0,0,0,0,0,2,0,3,1,3,0,2,0,0,0,0,0,0,0,0,0,1,0,1,1,0,0,2,0,4,0,0,1,0,0,0,0,0,0,0,0,0,0,0,0,0,0,0,0,0,1,1,1,0,0,0,0,0,1,0,0,0,0,0,0,0,0,0,0,2,0,0,0,0,0,0,0,1,1,0,0,0,0,0,0,0,0,2,0,0,0,0,2,1,2,0,0,0,0,1,2,0,0,1,0,0,0,0,2,0,0,0,0,0,1,0,0,0,2,3,0,0,1,0,0,0,4,0,1,0,0,0,0,0,1,0,0,0,4,0,0,0,0,0,0,0,1,0,0,2,0,0,1,0,0,0,0,0,0,0,0,0,0,0,0,0,0,0,2,0,0,0,0,0,0,0,0,0,1,0,0,0,0,0,0,0,0,0,0,0,0,1,0,0,0,0,0,0,0,0,0,0,0,1,0,0,0,0,2,0,0,0,0,0,0,0,0,1,0,0,0,0,0,0,0,0,0,2,0,0,4,0,0,0,0,0,0,0,2,0,0,0,0,0,0,0,0,0,0,0,1,0,0,1,0,2,1,0,0,0,0,0,0,0,0
CALM1,0,3,3,3,3,0,0,6,1,0,1,8,1,1,7,8,0,0,2,2,2,4,3,1,0,4,4,3,2,2,2,1,2,2,3,3,0,3,2,1,1,2,0,8,0,0,1,4,1,0,0,2,0,6,1,1,0,5,0,5,1,2,1,0,2,1,0,2,2,2,2,3,0,3,1,1,1,0,0,1,1,1,1,4,3,3,3,0,2,1,2,1,6,1,4,1,0,0,0,3,2,1,0,2,0,0,3,4,2,1,2,0,1,0,0,6,3,2,0,0,1,1,6,0,4,2,3,2,2,1,1,1,2,0,3,1,0,0,1,0,6,5,4,2,2,1,3,2,2,1,0,4,5,2,1,0,1,0,2,0,0,0,2,0,3,5,1,2,1,2,3,1,3,1,2,2,0,1,0,3,2,0,1,1,4,2,2,4,0,2,1,0,5,1,2,0,1,1,2,2,1,3,0,0,4,2,0,3,0,6,1,0,2,2,1,4,1,6,4,1,1,0,0,0,2,2,1,0,2,0,1,2,0,2,1,2,3,1,5,1,1,0,0,0,1,0,0,1,3,0,1,0,1,1,1,5,2,4,0,1,3,3,2,0,2,5,0,4,3,6,4,3,2,0,0,3,0,3,0,4,0,1,2,10,6,2,0,0,1,3,2,6,2,3,0,0,2,0,1,2,3,1,6,0,3,0,2,0,5,2,5,3,3,3,4,2,1,7,2,6,1,4,2,1,3,1,1,2,1,2,0,1,3,0,2,3,3,0,6,1,1,2,1,1,1,4,0,0,4,0,2,2,5,3,3,0,0,5,8,0,1,0,0,4,8,0,5,3,1,2,3,0,5,0,1,6,0,5,0,3,0,0,5,1,3,0,5,3,1,4,2,3,4,2,2,0,3,6,3,4,0,3,3,3,0,5,4,2,1,4,3,1,0,1,2,1,0,1,0,4,1,5,19,3,2,0,2,3,1,1,0,2,2,3,2,2,0,0,1,5,3,3,8,3,4,4,6,2,0,2,3,0,2,1,3,4,3,1,3,0,0,3,1,2,3,0,2,2,0,0,0,0,1,1,2,0,1,2,1,4,0,6,1,4,0,3,2,6,3,0,5,1,0,0,2,1,3,2,0,8,0,5,2,4,1,2,1,9,4,0,1,3,0,1,0,2,3,3,1,0,1,3,2,1,1,1,1,0,0,2,1,0,4,1,5,0,9,5,5,1,0,3,1,2,0,7,1,0,6,2,3,2,1,1,1,1,0,3,1,3,0,3,2,3,0,2,3,1,7,1,3,6,4,2,3,1,0,4,1,2,1,0,5,0,3,7,3,1,0,0,4,1,1,1,3,3,1,0,0,0,5,7,1,2,2,3,4,1,1,0,2,2,2,4,8,2,1,4,1,3,3,3,5,1,3,3,2,1,4,2,0,2,1,4,0,3,3,2,1,0,1,2,7,1,5,2,0,2,2,0,2,3,1,0,1,0,3,2,0,2,0,1,1,3,4,0,2,1,1,1,0,3,2,1,14,4,1,3,1,2,2,9,2,2,0,3,1,1,0,0,4,0,4,1,1,0,6,0,1,1,0,6,3,5,0,0,1,1,1,3,1,2,0,0,0,5,2,2,2,0,0,0,1,8,0,4,0,1,0,4,1,0,0,0,1,1,0,2,3,1,0,2,5,0,3,5,0,3,1,2,1,3,1,3,2,1,2,0,1,1,0,1,0,1,2,2,4,0,3,3,2,4,0,4,0,1,2,0,1,4,0,0,0,0,1,3,1,2,1,4,3,4,0,0,0,2,6,2,0,0,1,1,0,1,5,1,3,0,0,2,4,4,3,1,1,0,0,1,1,1,6,1,3,1,0,2,0,2,1,1,1,2,1,2,2,1,4,0,2,2,1,0,14,5,3,0,3,4,7,2,1,1,1,1,1,1,1,1,3,2,4,1,0,3,1,1,3,0,3,0,1,1,3,1,0,1,2,2,1,1,2,2,2,4,0,3,1,0,2,0,2,0,4,0,0,3,1,3,2,0,1,0,1,1,2,2,0,0,8,0,0,2,0,4,0,8,0,1,0,3,1,8,1,1,0,1,0,3,1,2,0,2,1,1,0,3,1,5,4,2,1,0,8,1,2,3,2,2,5,7,0,1,2,3,1,0,1,1,0,1,11,1,2,5,0,1,1,0,1,1,1,12,0,0,2,3,2,1,1,2,3,3,2,3,2,1,1,3,2,0,1,1,2,6,4,4,1,1,1,4,0,0,7,3,3,4,1,2,1,2,4,1,0,2,0,2,2,1,1,0,1,1,0,1,4,2,7,1,1,2,6,9,3,2,0,4,2,5,2,1,1,3,2,4,2,0,3,3,1,6,0,3,2,5,1,0,0,1,4,4,0,4,2,4,0,2,1,1,3,2,2,2,4,5,4,2,2,2,0,2,1,0,4,2,4,4,0,1,0,0,1,8,2,5,2,0,1,4,0,1,3,2,3,1,1,3,1,3,0,2,3,1,0,3,2,1,0,3,2,4,0,1,6,1,0,2,8,2,1,0,1,0,8,3,3,3,3,3,3,2,3,1,2,2,3,0,1,2,0,3,0,0,2,6,1,4,3,3,5,2,2,1,1,0,0,3,1,6,0,4,1,3,2,3,2,2,5,1,0,6,4,0,3,1,2,1,0,2,0,3,1,1,2,1,1,2,1,1,3,0,1,2,6,1,0,2,0,1,7,4,0,5,5,5,7,3,9,2,3,5,0,0,3,1,1,1,0,2,0,1,1,1,2,1,0,4,0,2,2,3,3,2,2,2,1,1,1,0,1,4,3,4,0,0,0,0,4,8,3,2,6,3,1,1,2,0,0,4,3,0,3,1,2,1,0,1,0,3,0,2,1,0,3,8,2,0,3,2,0,1,1,2,5,0,1,0,6,6,0,2,5,0,1,1,0,3,1,4,1,1,0,3,0,0,2,1,1,1,6,1,3,4,0,0,0,0,4,1,1,3,2,2,2,0,1,4,1,3,46,0,2,2,4,2,2,0,3,2,1,5,3,2,6,4,0,2,2,8,2,2,2,7,3,2,0,0,0,9,2,5,0,0,0,5,5,2,3,2,3,2,3,5,3,2,0,0,1,2,5,2,3,4,1,3,2,0,6,0,0,2,3,0,4,1,3,1,4,1,0,2,2,1,1,1,1,6,3,2,1,3,0,5,2,0,1,0,0,4,2,2,2,6,0,5,4,2,3,4,3,1,0,1,1,0,0,2,6,1,1,0,1,2,4,3,0,0,3,1,0,14,1,4,0,1,0,2,3,0,7,2,1,2,1,0,8,2,1,1,4,2,1,2,2,1,1,1,0,1,0,1,1,2,2,4,0,3,0,0,2,0,0,5,1,3,0,3,0,1,0,0,1,1,5,3,2,2,3,2,2,0,5,0,1,1,4,2,0,6,5,4,4,1,3,0,2,4
RBP7,0,0,0,0,0,0,2,0,1,0,1,0,0,0,0,0,0,0,2,0,0,0,4,1,0,0,0,0,0,0,0,0,0,0,0,0,0,0,0,0,0,0,0,0,0,1,0,0,0,0,0,0,2,0,0,3,0,0,0,0,0,0,0,1,0,0,0,0,1,0,0,0,0,4,3,0,0,0,0,0,0,1,0,1,0,0,0,0,0,0,0,0,0,0,0,1,0,0,0,0,0,0,0,0,0,0,0,0,3,0,0,0,0,1,0,0,0,0,0,0,0,0,1,0,0,0,0,0,3,0,0,1,0,0,0,0,0,0,0,0,0,0,0,0,0,0,5,2,0,0,1,0,0,0,0,0,0,0,0,4,0,0,0,1,0,0,2,0,0,0,0,0,0,0,0,0,0,0,0,0,0,0,0,0,1,0,0,0,6,0,1,0,0,0,0,0,0,0,0,0,3,0,1,0,0,0,0,0,0,0,0,0,0,0,0,0,0,0,0,0,0,0,0,0,0,0,0,2,0,0,0,0,0,1,2,0,0,0,0,0,0,0,0,0,0,0,0,1,0,2,0,1,0,0,0,0,0,0,0,1,0,0,0,1,0,0,0,0,0,0,0,0,0,0,0,0,0,0,1,0,1,1,0,0,0,0,0,0,0,0,0,0,0,0,0,0,0,0,2,0,0,0,0,0,5,0,0,0,0,0,0,0,0,0,0,0,0,0,0,0,0,1,3,0,0,0,0,0,0,0,0,0,0,0,0,0,0,0,0,3,0,0,1,0,0,0,0,0,0,3,1,0,0,0,0,0,0,0,1,0,0,0,0,2,0,0,0,0,0,0,0,0,0,0,0,0,0,0,0,4,2,0,1,0,0,0,0,0,0,0,0,0,0,1,0,2,0,0,0,0,2,0,0,0,1,0,0,0,0,0,0,0,0,0,0,0,0,0,0,0,2,0,0,0,0,0,0,0,0,0,0,0,0,0,2,0,0,0,0,0,0,0,0,0,0,0,0,0,0,0,0,0,1,0,4,0,0,1,4,0,0,0,0,0,2,1,0,0,1,3,1,2,0,0,0,1,0,0,0,0,2,0,0,0,4,0,0,0,0,0,0,0,0,0,0,2,0,0,0,0,2,2,0,0,0,0,0,0,0,0,0,0,0,1,0,0,0,0,0,1,0,0,0,4,1,1,0,0,3,0,2,0,0,0,2,3,0,0,0,0,0,0,0,0,0,0,1,0,0,0,0,0,0,0,1,1,0,0,0,0,0,0,0,0,0,0,0,0,0,0,0,0,0,0,0,1,0,0,1,0,0,0,0,1,0,0,0,0,0,0,0,0,0,0,0,0,0,0,0,0,0,1,0,0,0,0,0,0,0,0,0,0,0,0,0,0,0,0,1,1,0,0,0,0,0,0,0,0,0,0,0,0,0,0,0,0,0,0,0,0,0,0,0,0,0,0,0,0,0,1,0,0,0,0,0,1,0,0,0,1,0,0,0,0,0,0,0,0,0,0,0,0,3,0,0,0,2,4,0,0,0,0,0,0,0,0,0,0,2,0,0,0,0,0,0,0,0,0,0,1,0,0,0,0,0,0,0,0,0,0,0,0,0,0,1,0,0,0,0,0,0,0,0,0,0,0,0,0,0,0,0,0,0,0,0,0,2,0,0,0,0,0,0,3,0,0,0,0,0,0,0,0,0,0,0,0,0,0,0,0,0,1,0,0,7,0,0,0,0,1,0,0,0,0,0,1,0,0,1,0,1,0,0,0,2,0,0,0,0,0,0,0,0,2,0,0,0,0,0,0,0,0,0,0,0,0,0,0,0,0,0,2,0,0,0,0,2,0,0,0,0,0,0,0,0,0,0,0,0,0,0,0,0,3,0,0,0,0,2,0,1,2,0,0,0,0,0,0,0,0,0,2,2,0,0,0,1,5,0,0,0,0,0,0,0,0,0,0,0,0,0,2,2,0,0,0,0,0,0,1,0,0,1,0,1,0,0,0,0,0,0,0,0,1,0,1,0,0,0,0,0,0,0,0,0,0,0,0,0,4,0,0,0,0,2,0,0,0,0,0,0,0,1,0,0,1,0,0,0,0,0,0,0,0,0,0,0,0,0,0,0,0,0,0,0,0,0,2,0,0,0,0,1,0,0,0,0,0,0,1,0,0,0,0,1,1,0,0,0,1,0,0,0,0,0,0,0,0,0,0,0,0,0,0,0,0,0,0,0,0,0,0,0,0,0,0,0,0,0,0,0,1,0,0,0,0,0,0,2,0,0,0,2,0,0,0,0,0,0,0,0,0,0,0,0,0,0,2,0,0,0,0,0,1,0,1,0,4,2,0,1,0,0,0,0,0,0,0,0,0,0,4,0,0,0,0,0,0,0,0,0,0,1,0,0,0,0,3,0,1,0,0,1,2,0,0,0,0,2,4,0,0,0,0,0,0,4,0,0,0,0,0,0,0,0,2,0,0,3,0,0,0,1,2,2,0,0,0,0,0,0,0,1,0,0,0,0,0,0,0,0,0,1,0,0,0,0,0,1,0,0,1,0,0,0,0,0,0,0,0,0,1,0,0,0,0,0,0,0,0,1,0,0,0,0,0,0,0,0,0,0,0,0,0,0,0,0,0,0,0,0,0,0,0,0,0,2,0,0,0,0,0,0,0,0,0,0,0,2,1,0,0,0,0,0,0,2,0,0,0,0,0,0,0,0,0,0,1,0,0,0,0,0,0,0,0,0,0,0,0,0,0,0,0,0,0,0,2,0,0,2,1,0,0,0,0,2,0,0,0,0,0,0,0,0,0,0,0,0,0,0,0,0,2,0,0,0,0,0,0,0,0,0,2,0,0,1,0,0,0,0,1,0,0,0,0,2,0,3,3,1,0,0,0,0,0,0,0,0,0,0,0,0,0,0,0,0,0,2,0,0,0,0,1,0,0,0,0,0,0,0,0,0,0,0,0,0,0,0,0,0,1,0,0,0,0,0,0,1,4,0,0,0,0,0,0,0,0,0,0,1,0,0,0,0,0,0,0,0,0,0,0,0,0,1,0,0,0,0,0,0,0,0,1,0,0,0,0,0,0,2,1,0,0,0,0,2,0,0,1,0,0,0,0,0,0,0,0,0,0,0,0,0,0,0,2,0,2,0,0,0,1,0,0,0,1,0,0,0,0,0,0,0,0,2,0,0,0,0,0,0,0,0,6,0,0,0,0,0,0,1,0,0,0,0,0,0,0,0,1,0,0,0,0,1,0,0,0,0,0,0,0,0,0,0,0,1,0,0,0,0,0,0,0,0,0,1,0,0,0,0,0,0,4,0,0,0,0,0,0,0,0,0,0,0,0,0,1,0,0,0,0,0,0,0,0,0,0,1,0,0,0,0,0,0,0,0,0,0,1,0,0,0,0,0,0,0,0,0,0,0,1,1,0,1,0,0,0,0,0,0,0,0,0,0,0
MCL1,1,0,0,1,1,3,3,2,0,0,4,1,3,2,3,1,0,0,2,0,0,0,1,2,0,0,0,1,1,2,0,0,2,2,1,0,0,2,2,0,0,0,0,0,2,0,0,9,0,0,0,0,2,1,1,0,0,1,0,3,5,1,0,4,0,1,0,0,3,1,1,4,0,0,1,0,1,3,0,1,0,0,0,1,0,1,0,0,0,2,3,0,1,3,0,2,0,0,4,4,0,2,0,0,0,1,2,0,2,1,0,0,0,4,0,1,3,1,1,1,1,0,0,1,1,1,0,1,0,0,0,1,0,1,0,0,0,0,0,0,1,0,0,0,3,0,4,3,1,0,1,2,2,0,0,0,1,1,2,6,1,0,0,2,3,1,6,1,2,0,5,1,0,0,6,0,0,3,2,1,0,0,0,1,0,0,0,0,1,0,5,2,0,0,1,1,0,2,0,2,2,1,2,0,1,0,0,0,0,0,0,0,3,1,0,0,0,10,3,6,1,1,1,0,1,0,0,0,2,1,3,1,2,2,2,0,0,0,3,0,1,0,0,1,0,0,0,4,10,1,0,3,0,2,0,0,0,1,0,1,1,0,1,3,1,4,0,1,1,0,0,3,6,0,0,0,0,5,1,0,3,0,1,1,0,1,0,0,0,1,0,0,2,0,0,0,0,0,3,0,0,1,1,0,1,0,6,0,1,1,0,0,0,0,1,0,1,3,0,1,1,0,1,1,1,1,2,1,1,1,1,1,0,0,0,1,0,0,2,1,1,1,3,0,1,2,1,2,0,1,3,1,3,1,0,3,0,0,3,3,1,0,0,0,0,1,4,1,2,0,0,2,0,0,1,1,0,0,0,8,1,0,1,0,1,1,0,0,0,1,0,7,2,2,0,0,2,1,0,3,2,2,0,0,4,2,0,0,2,2,2,2,4,0,0,8,1,0,0,1,3,2,3,3,4,0,0,1,1,1,0,0,0,0,5,0,0,0,1,3,0,0,4,1,1,1,0,0,0,1,0,1,4,2,8,3,0,4,3,1,3,1,0,0,2,0,0,0,1,1,3,5,2,0,0,0,1,0,0,1,5,0,0,1,2,0,0,2,0,2,0,0,0,1,0,3,1,1,1,0,2,1,0,0,0,0,1,1,0,0,0,0,0,0,0,4,0,0,0,0,0,1,1,2,3,1,0,0,1,2,0,0,0,0,1,1,0,6,1,0,1,5,1,0,0,1,2,0,7,0,0,5,0,2,2,3,0,2,1,0,1,1,0,0,1,1,4,1,0,0,1,0,0,0,0,4,0,0,2,1,1,0,1,1,2,0,0,1,1,0,1,0,0,0,2,0,1,1,0,1,0,3,2,2,1,4,1,1,2,0,2,0,1,0,3,1,1,2,6,3,2,0,4,0,0,0,1,1,0,1,0,0,0,0,3,0,2,1,2,2,1,2,1,0,1,0,3,0,1,0,0,0,0,1,2,1,0,0,0,4,1,1,1,1,1,0,3,0,1,0,0,0,3,0,2,3,3,1,0,2,0,1,0,1,0,0,0,0,2,0,0,1,0,0,0,0,0,3,0,1,3,1,4,0,0,4,0,1,0,3,2,1,0,0,1,0,0,1,1,1,0,0,0,2,0,0,0,0,0,2,0,0,0,0,1,1,4,0,1,0,2,0,1,0,0,1,0,0,2,0,0,0,0,1,0,0,0,0,1,1,0,1,0,0,7,0,2,0,2,0,3,2,0,0,1,3,6,0,2,3,3,0,0,2,1,6,2,1,2,0,0,0,0,1,2,0,0,1,3,0,1,0,1,0,2,0,2,0,0,0,0,1,0,1,0,0,2,0,1,0,1,0,4,0,1,1,0,0,0,2,1,0,0,4,0,1,1,1,2,1,0,3,0,3,0,0,2,1,1,0,1,4,2,1,2,0,2,1,1,1,2,0,0,1,0,0,0,1,0,0,3,1,2,0,1,0,0,0,0,1,0,0,3,1,2,3,0,0,0,0,1,0,0,2,0,6,0,0,2,0,0,0,0,0,0,0,0,0,4,2,4,1,0,0,3,1,1,0,0,1,0,4,0,0,0,2,0,0,4,6,1,0,0,0,0,2,1,4,0,1,0,0,3,0,0,5,1,0,1,0,1,0,3,1,2,0,3,2,3,2,3,2,0,1,1,1,0,0,1,0,0,13,4,1,0,1,3,1,1,1,0,0,0,4,1,0,1,1,0,0,0,0,0,3,0,2,1,1,1,0,1,0,2,2,0,1,0,0,1,0,3,0,2,0,0,2,0,0,3,1,1,0,1,2,0,0,1,2,2,0,0,6,1,0,0,3,3,4,2,2,1,0,1,2,0,0,0,2,0,1,0,0,1,0,0,0,4,1,1,0,2,2,3,2,1,3,1,3,0,0,0,1,0,0,0,1,1,2,2,3,1,4,0,1,1,1,6,0,0,0,2,0,1,0,1,2,0,0,1,0,1,0,3,2,1,1,0,1,1,2,0,0,0,2,0,0,1,0,3,4,1,0,1,1,1,1,0,1,2,0,1,0,1,1,0,0,0,0,0,2,2,1,3,0,1,0,0,0,2,0,0,2,0,4,1,0,0,1,0,0,1,0,1,0,0,0,1,2,0,0,2,1,0,0,1,0,3,0,0,6,1,0,2,0,0,0,0,0,1,1,0,0,0,0,0,5,0,3,1,0,1,1,0,2,0,0,0,0,0,2,0,1,0,1,3,0,0,2,0,1,0,1,0,2,1,2,0,2,0,0,1,3,0,0,0,2,2,0,1,1,2,2,2,0,1,0,0,0,0,0,2,0,1,3,1,0,3,3,1,3,0,0,4,1,2,1,2,0,1,0,0,2,1,1,0,0,2,1,2,3,3,4,2,2,0,4,2,0,0,1,1,0,3,0,0,1,0,2,3,0,2,0,1,0,0,0,1,0,0,0,0,0,0,0,1,1,1,0,1,0,0,1,4,3,0,0,0,0,1,2,0,1,1,0,1,0,1,0,2,0,0,1,3,1,1,0,0,0,1,0,0,1,1,1,3,0,2,0,1,2,0,0,1,4,1,1,1,0,0,4,0,1,0,0,5,1,0,1,0,2,0,2,0,2,1,0,0,1,3,3,7,2,2,0,0,3,1,1,0,3,2,1,1,0,0,2,2,1,0,0,0,1,0,1,1,1,0,5,2,3,0,1,5,1,1,0,1,1,0,1,0,2,0,1,0,0,0,1,0,2,2,1,0,1,1,0,1,0,2,1,0,0,1,0,0,2,0,0,0,1,0,0,0,0,1,0,1,2,1,1,1,0,0,2,8,1,1,0,0,1,0,0,1,1,0,1,0,1,2,0,0,3,2,1,0,1,0,2,2,0,1,2,1,2,0,1,0,0,0,2,1,1,1,0,0,3,0,0,2,0,3,4,3,0,1,1,2,3,0,0,0,1,0,0,1,1
CD27,2,0,1,0,0,0,0,2,2,1,0,1,0,2,0,2,0,0,0,1,0,1,0,0,1,1,0,0,1,4,1,1,4,0,0,1,2,6,0,0,3,2,0,1,0,0,0,1,1,0,1,0,0,0,1,0,0,1,2,1,0,2,1,1,0,1,2,0,0,0,1,0,0,0,0,2,0,0,0,0,2,1,0,0,0,1,1,2,0,3,0,0,1,1,1,0,1,0,0,0,1,2,0,2,0,0,0,0,1,0,1,1,0,2,0,3,0,1,0,0,0,0,0,0,0,1,4,0,0,0,0,3,1,0,0,2,0,3,0,0,1,0,2,1,1,0,0,0,0,0,0,0,1,1,0,2,2,1,1,0,1,0,0,0,0,2,0,0,0,0,2,0,1,0,0,0,0,2,0,2,1,3,1,0,0,1,0,2,0,0,0,0,1,1,0,0,0,0,0,4,0,1,0,0,0,0,0,0,0,0,1,0,0,0,1,1,1,0,0,0,0,0,0,0,0,0,0,0,1,1,1,2,0,1,0,1,2,0,0,0,0,0,0,0,1,0,0,1,0,0,1,0,0,0,0,0,1,2,0,0,1,0,2,0,3,1,0,1,0,0,0,0,0,1,1,1,0,0,0,2,0,0,0,0,2,1,1,0,1,0,5,0,0,1,0,0,2,2,0,3,0,2,0,1,0,1,2,0,0,0,0,0,5,1,1,0,0,0,0,1,2,0,0,0,0,0,0,1,0,1,1,0,2,0,0,1,0,0,0,0,1,0,0,2,0,3,2,0,1,0,0,2,0,1,0,0,0,2,0,0,0,0,0,0,0,0,0,1,2,1,0,0,0,0,1,0,0,3,0,0,0,0,1,5,0,0,0,1,2,0,2,0,0,0,1,0,0,1,0,0,0,1,1,2,0,0,1,0,0,2,2,1,0,2,0,0,0,0,1,0,1,0,0,0,0,0,0,2,1,0,0,1,0,2,3,0,0,1,2,1,0,1,0,0,0,1,0,0,0,1,1,0,0,0,0,1,4,3,0,0,0,1,1,0,0,0,1,1,0,0,0,0,0,1,3,0,0,1,0,0,0,1,0,1,0,3,0,2,1,0,0,2,1,0,0,0,1,2,0,0,0,0,0,0,1,1,0,0,0,1,0,0,0,1,1,0,0,4,1,0,0,2,1,0,0,0,0,0,0,2,0,1,2,1,0,0,3,0,3,0,0,0,0,0,3,0,0,1,0,1,1,0,1,1,0,0,0,0,3,0,1,0,0,1,2,2,1,1,2,0,0,0,1,2,0,0,0,2,0,1,0,0,3,0,7,3,0,0,0,0,1,0,0,0,1,2,2,0,0,0,0,0,0,0,0,0,0,1,0,0,1,0,0,0,4,4,3,2,0,1,1,2,1,1,0,1,4,0,2,1,0,0,0,0,0,0,0,1,3,0,1,0,1,0,0,0,0,1,3,0,0,0,0,0,0,0,0,0,0,0,0,2,0,1,2,1,0,0,1,1,0,0,0,0,1,1,0,0,0,0,0,0,3,1,0,1,2,3,0,1,2,0,1,0,0,3,0,0,0,0,0,1,0,0,0,0,0,1,1,0,0,1,0,1,0,2,0,1,0,2,1,1,1,2,0,1,2,2,0,1,3,0,0,2,0,0,0,1,3,0,0,2,1,0,1,0,0,0,0,0,2,0,0,2,0,0,1,0,1,1,0,0,2,0,0,0,0,0,6,1,2,4,1,0,0,0,0,3,0,1,0,0,2,0,0,0,0,1,3,2,1,0,1,0,0,1,0,0,0,0,2,0,0,1,5,0,0,0,0,1,0,0,0,0,2,0,0,0,0,0,0,0,0,1,0,0,1,1,0,0,2,0,0,0,3,3,1,2,0,3,0,0,3,0,2,2,0,3,0,1,1,0,0,3,2,1,0,0,0,0,2,1,1,0,1,2,1,0,0,0,1,0,0,0,1,2,0,1,0,0,0,0,1,0,0,2,0,0,0,0,1,0,0,0,0,0,1,0,0,0,0,1,0,1,0,0,0,0,0,0,0,0,0,2,0,1,0,2,0,0,0,0,0,3,0,0,0,2,0,0,0,1,0,0,0,0,3,1,0,6,0,1,5,0,0,2,0,0,3,0,0,0,1,1,0,2,1,3,4,0,1,0,0,0,0,0,0,0,1,0,0,0,0,0,1,1,0,2,0,2,2,2,0,0,1,3,0,1,1,3,1,1,1,1,0,1,0,1,0,2,3,0,0,0,1,1,0,1,0,1,1,1,0,4,1,2,0,0,0,0,0,0,1,0,0,2,2,0,2,0,1,0,0,1,0,0,0,3,0,0,1,0,0,0,2,1,0,2,1,1,5,0,1,1,1,1,0,0,1,1,0,4,0,0,0,2,0,0,0,0,0,0,0,0,2,0,1,1,0,1,0,0,1,2,1,1,0,1,1,1,0,0,4,0,2,0,0,0,0,1,2,1,0,0,0,1,0,2,0,0,0,1,0,2,0,0,0,0,2,3,2,0,0,1,0,3,0,1,0,0,0,1,6,0,0,2,0,0,1,1,1,3,0,0,3,0,0,1,0,2,0,1,0,0,0,0,1,0,0,0,0,2,1,0,1,1,1,3,0,0,1,0,3,0,0,0,1,0,0,1,0,0,0,1,0,1,1,0,0,0,2,1,0,0,1,3,0,0,0,1,0,0,0,0,0,0,0,0,3,0,0,1,0,0,0,2,0,1,0,0,1,0,0,1,0,1,0,0,0,1,0,0,1,1,0,0,1,1,0,0,0,2,1,0,2,0,0,0,0,0,0,2,0,0,0,1,0,0,1,2,2,2,0,0,0,0,0,0,0,4,0,0,1,2,1,2,1,1,0,0,0,1,0,9,1,0,5,1,0,0,0,1,2,0,0,1,0,3,0,1,0,0,0,0,0,0,0,1,1,1,0,1,1,0,0,2,0,1,0,3,1,0,0,0,1,4,0,1,3,0,0,2,3,0,0,1,0,1,0,0,0,0,0,1,1,1,1,0,1,1,1,0,0,2,0,0,0,0,1,2,1,0,2,0,0,0,2,2,0,1,0,1,2,2,0,1,0,2,0,0,0,3,0,1,0,2,0,2,1,0,0,0,3,1,1,0,1,0,1,1,1,0,1,0,0,0,0,1,0,0,3,2,1,0,0,1,0,0,0,0,0,0,0,0,0,0,0,0,1,1,1,0,0,1,1,1,1,1,1,0,0,1,0,1,0,1,2,0,0,0,1,2,3,1,1,0,1,1,2,4,1,0,0,1,1,0,0,0,0,1,0,1,0,0,0,2,0,2,1,0,1,0,0,2,2,0,1,1,0,1,1,0,2,0,0,1,1,0,0,3,0,0,0,3,0,1,0,0,2,0,1,1,1,1,1,0,0,1,0,0,0,0,0,0,0,3,1,0,0,1,1,3,0,0,0,1
CD22,0,0,0,0,0,0,0,0,1,0,0,0,0,0,0,0,0,0,0,0,0,0,0,0,0,0,0,0,0,0,0,0,0,0,0,0,0,0,0,1,0,0,0,0,0,0,0,0,0,0,0,0,0,0,0,0,0,0,0,0,0,0,0,0,0,0,0,0,0,0,0,0,0,0,0,0,0,0,0,0,0,0,0,0,0,0,0,2,0,0,0,0,0,0,0,0,0,2,0,0,1,0,0,0,0,0,0,0,0,0,0,0,0,0,0,0,0,0,0,0,0,0,0,0,0,0,0,1,0,0,0,0,0,1,0,0,1,0,0,0,0,0,0,2,1,0,0,0,0,1,0,0,0,0,0,0,0,0,0,0,0,0,0,0,0,0,0,0,0,0,0,0,1,0,0,0,0,0,0,0,0,0,1,0,0,2,0,0,0,0,0,0,0,0,0,3,0,0,0,0,0,0,0,1,0,0,2,0,1,0,0,0,0,0,0,0,0,0,0,0,0,0,0,3,0,0,0,0,0,0,0,0,0,0,0,0,0,0,0,1,0,0,0,0,0,1,1,0,0,0,0,0,5,0,0,0,0,0,1,0,0,2,0,0,0,0,0,0,0,0,0,0,0,0,0,1,3,0,0,0,0,0,0,0,0,0,0,0,0,0,0,0,0,0,0,0,0,0,0,0,0,0,0,0,0,0,0,0,0,0,0,0,0,0,0,1,0,0,1,0,0,0,0,0,0,0,0,1,0,0,0,0,0,0,0,0,0,0,0,0,0,0,0,0,2,0,0,0,0,0,0,0,0,0,0,0,1,0,0,0,0,2,1,0,0,0,0,0,0,0,0,0,0,0,0,0,0,0,0,1,0,1,1,0,0,0,0,0,0,0,0,0,0,0,0,0,1,0,0,0,0,1,0,0,0,0,0,3,1,0,0,0,0,0,0,0,0,0,0,0,0,0,0,0,1,0,0,0,0,0,0,0,0,0,0,0,0,0,0,0,0,0,0,0,0,0,0,0,0,0,0,0,0,0,1,0,0,0,0,1,0,0,0,0,0,1,0,0,0,0,0,0,0,0,0,0,0,0,3,0,0,0,0,0,0,0,0,0,0,0,0,0,0,1,0,0,0,0,1,0,0,0,0,0,0,0,0,1,0,0,0,0,0,0,0,0,0,0,0,0,0,0,0,0,0,0,0,2,0,0,0,2,0,0,0,0,0,0,0,0,0,0,0,0,0,0,0,0,1,0,1,2,0,0,0,0,1,0,0,0,0,0,1,0,0,0,0,0,0,1,0,0,0,0,0,0,1,0,0,0,0,0,0,0,0,0,1,0,1,0,0,0,0,0,1,1,0,3,1,0,0,0,0,0,0,0,0,0,0,0,0,1,0,0,0,0,0,0,0,0,0,0,0,0,0,0,0,0,0,0,1,0,0,0,0,0,0,0,0,1,0,0,0,0,0,1,0,0,0,0,0,0,0,0,1,0,0,0,2,0,0,1,1,0,0,0,0,0,0,0,0,0,0,0,0,0,0,0,0,0,0,1,0,0,0,0,0,0,0,0,0,0,0,0,0,0,0,0,1,0,0,0,0,0,1,0,0,0,0,0,0,0,0,0,0,0,0,0,0,0,0,0,0,0,0,0,0,0,0,0,0,0,2,0,0,0,0,0,0,2,0,0,0,0,0,0,0,0,0,0,0,0,0,0,0,0,0,0,0,0,4,0,0,0,0,0,0,0,0,0,0,0,0,0,0,0,0,0,0,0,0,0,0,0,0,0,0,0,0,0,0,0,0,0,0,0,0,0,0,0,0,0,1,0,0,0,0,1,3,0,0,0,0,0,0,0,0,0,0,0,0,7,0,2,0,0,0,2,0,0,0,0,1,0,0,0,0,0,0,1,0,0,0,0,0,0,0,0,0,0,0,0,0,0,0,0,0,0,0,0,0,0,0,0,0,0,0,0,0,0,0,0,0,0,0,0,0,0,1,0,0,3,0,0,0,0,0,0,2,1,0,0,0,0,0,0,4,0,0,0,3,0,0,0,0,0,1,2,0,0,0,0,0,0,0,0,1,0,0,1,0,0,0,0,0,0,0,0,0,0,0,2,0,0,1,0,0,1,0,0,0,0,0,0,1,0,0,0,0,0,0,0,0,0,0,0,0,0,0,0,0,0,0,0,0,1,0,0,0,0,0,0,0,0,0,1,0,0,0,0,0,0,0,0,0,0,0,0,0,0,4,0,0,0,0,1,0,0,0,0,0,0,0,0,0,0,0,0,0,0,0,0,0,0,0,0,3,2,0,0,0,1,0,0,0,0,0,0,1,0,4,0,1,0,0,1,0,0,0,0,0,0,0,0,0,0,0,0,0,0,0,0,0,0,0,1,1,0,0,0,0,0,0,0,0,0,0,0,0,0,0,0,0,0,0,0,0,0,0,0,0,0,0,0,0,0,0,0,0,0,0,0,0,0,0,0,0,0,0,0,0,0,0,0,0,0,0,0,2,0,0,0,0,0,0,0,0,0,0,0,0,0,0,0,0,0,0,0,0,0,0,0,0,0,0,0,0,0,0,0,0,0,0,0,0,0,0,0,0,0,0,1,0,0,0,0,0,0,0,0,0,0,0,0,0,0,1,0,0,0,0,0,0,0,0,0,0,0,3,0,0,0,0,0,0,0,0,0,0,0,0,0,0,0,0,0,0,0,1,0,0,0,0,0,0,0,1,0,0,0,0,0,0,0,0,0,0,0,0,0,0,1,0,0,1,0,0,0,0,0,0,0,0,0,1,0,0,0,0,0,0,0,0,0,0,5,2,1,0,0,0,0,0,0,0,0,0,0,0,0,0,0,1,0,0,1,0,0,0,0,1,0,0,0,0,0,0,0,0,0,0,0,0,0,0,0,0,0,0,0,2,0,0,0,0,4,0,0,0,0,0,1,0,0,1,0,0,0,0,0,0,0,0,0,0,0,2,0,0,1,0,0,0,0,0,0,0,4,0,0,0,0,0,2,0,0,0,0,0,0,0,0,0,0,0,0,1,0,0,0,0,0,0,0,0,0,1,0,0,0,0,0,0,0,0,0,0,0,0,1,0,0,0,0,1,0,0,0,0,0,0,0,0,0,1,3,0,0,0,0,0,0,0,1,0,0,0,0,1,1,0,0,0,0,0,0,0,0,0,0,0,0,0,0,0,0,0,1,0,0,0,0,0,0,0,0,0,0,0,0,0,0,1,0,0,0,0,0,0,0,0,0,0,0,0,0,0,0,0,0,0,1,0,0,1,0,0,0,0,0,0,0,0,0,0,0,0,0,0,0,0,0,4,0,0,0,0,0,0,0,0,0,0,0,0,0,0,0,0,0,1,0,0,0,0,0,0,0,0,0,2,0,0,0,0,0,0,7,0,0,2,0,0,0,0,0,0,0,0,0,0,0,0,0,0,0,0,1,0,0,0,0,0,0,0,0
RGS1,0,0,0,0,0,0,0,0,1,0,0,1,0,0,1,0,0,1,0,0,0,0,0,0,0,0,0,0,0,0,0,0,0,5,0,0,0,0,2,0,0,0,0,0,0,0,0,0,0,0,0,1,0,0,0,0,0,0,0,0,1,0,0,0,0,2,0,0,0,0,0,0,0,0,0,0,0,0,0,1,0,0,0,0,0,0,0,0,1,0,4,0,0,1,0,0,0,0,0,0,1,0,0,1,0,0,1,1,0,0,0,0,0,0,0,0,2,0,0,0,0,0,0,0,0,0,0,0,0,0,0,0,2,0,0,0,0,0,0,0,0,0,0,0,0,0,1,0,0,0,0,0,3,0,0,0,0,0,0,0,1,0,0,0,0,0,0,0,0,0,1,0,0,0,0,0,0,1,1,1,0,0,0,0,0,0,0,0,0,2,0,5,0,0,0,0,0,0,0,0,0,0,0,0,0,0,0,0,0,0,0,0,0,0,1,1,0,0,3,0,0,0,0,0,0,0,0,0,0,0,0,0,0,0,0,0,0,0,0,0,0,0,0,0,0,0,0,0,0,0,0,0,0,0,0,0,0,0,0,0,0,0,0,0,0,0,1,1,0,0,1,0,0,1,0,0,0,0,0,0,0,0,0,0,0,0,0,0,0,4,1,0,0,0,0,0,1,0,0,0,0,0,1,0,0,0,0,0,0,0,1,0,0,2,0,0,0,0,1,0,0,0,0,0,0,1,0,0,0,0,0,1,0,0,0,0,3,0,0,0,0,1,0,0,0,0,0,1,1,0,0,0,5,0,0,0,0,0,1,0,0,0,0,0,0,0,5,0,0,1,0,0,0,0,0,0,0,0,0,2,0,0,0,0,0,0,0,0,0,1,0,0,1,0,0,0,0,0,0,0,0,0,2,0,0,0,0,0,2,0,0,2,0,0,1,1,0,0,1,0,0,0,0,0,0,0,0,0,0,0,0,0,0,0,0,0,0,0,0,4,0,0,2,0,0,0,0,0,0,0,0,0,0,0,2,3,0,0,0,0,5,0,0,0,0,1,0,0,0,0,0,0,0,0,1,0,1,1,0,0,0,0,2,1,0,0,0,0,0,0,0,0,0,0,0,0,0,0,2,0,1,0,0,0,0,0,1,6,0,0,0,0,0,0,0,1,0,0,0,0,0,0,0,0,0,0,0,0,0,0,0,0,0,0,0,0,0,2,0,0,7,0,0,0,0,4,0,0,4,0,0,2,0,0,0,2,0,0,0,0,0,1,0,2,0,0,0,0,1,0,0,0,0,2,0,0,0,0,0,0,0,0,0,0,2,0,0,0,0,0,0,0,0,0,0,1,0,2,0,0,0,0,0,0,0,2,0,0,0,1,4,0,0,0,0,0,0,1,0,0,0,0,0,0,0,0,0,0,0,0,0,0,0,0,0,1,0,0,0,0,0,1,0,0,4,0,0,0,0,0,0,1,0,0,0,0,0,0,0,0,0,1,1,1,0,0,0,0,0,0,0,0,0,0,0,0,0,0,0,0,0,6,0,0,0,0,0,0,1,0,0,0,0,0,0,0,0,0,0,0,0,0,5,2,0,0,0,0,0,0,2,0,0,0,0,1,0,0,0,0,0,1,0,0,0,0,0,0,0,0,0,0,0,0,5,0,0,0,1,0,0,0,0,1,0,0,0,3,1,0,0,0,0,0,0,0,0,0,0,1,0,0,0,0,0,0,0,0,0,0,0,0,0,0,0,0,0,0,0,3,0,0,0,0,3,0,0,0,0,0,0,0,0,1,0,0,0,0,0,0,0,0,0,0,0,0,2,0,0,2,0,0,0,0,0,0,0,0,0,0,0,0,9,0,0,0,0,0,0,0,0,0,0,0,0,0,0,1,0,0,2,0,1,0,0,0,0,0,0,0,0,0,0,0,0,0,0,0,0,0,0,0,0,0,0,0,0,0,0,0,0,0,1,0,1,0,0,1,0,1,0,0,0,0,0,1,0,0,2,0,0,0,0,0,0,1,0,0,2,0,0,0,0,0,1,0,0,0,2,0,0,0,0,0,0,1,0,0,0,1,0,2,0,0,0,0,0,0,0,1,0,0,1,0,0,0,0,0,0,0,0,0,2,0,0,1,0,0,0,0,0,0,0,0,0,0,0,0,0,0,4,0,0,1,0,0,0,0,0,0,0,2,1,0,0,0,3,0,0,0,0,0,0,0,1,0,0,1,0,0,2,0,0,0,0,1,0,0,0,0,0,0,0,1,0,0,1,0,0,0,3,0,0,0,1,0,0,0,0,0,0,1,1,0,1,3,0,0,0,0,2,3,0,0,0,0,0,0,0,1,0,0,0,0,0,0,0,0,0,0,0,0,0,2,0,0,0,0,0,0,0,0,0,0,0,0,0,0,0,0,0,0,0,0,0,2,0,4,0,1,2,0,0,0,0,5,0,0,0,0,0,3,0,2,0,0,0,1,0,0,1,0,0,0,0,0,0,0,0,0,0,0,0,0,0,0,0,0,0,0,0,0,0,0,0,0,0,0,0,0,0,0,4,1,0,0,0,0,0,0,0,0,1,0,2,0,0,0,2,0,0,0,2,4,0,0,1,0,0,0,0,0,0,0,0,0,0,0,0,0,0,0,0,0,6,0,0,0,0,4,0,0,0,0,0,0,0,0,1,0,0,0,0,0,0,0,0,0,0,0,1,0,0,0,0,1,0,0,0,0,0,0,0,0,1,0,1,0,0,4,0,0,0,0,0,0,0,0,0,0,0,2,0,0,0,7,0,0,0,0,2,0,0,0,0,0,0,0,1,0,0,0,0,0,0,1,0,0,0,0,0,0,0,0,0,0,1,0,0,0,0,0,0,0,0,0,0,0,1,0,2,0,0,6,0,0,2,2,0,1,0,0,0,0,0,0,2,0,0,1,1,0,0,0,0,0,0,0,0,0,0,0,0,0,0,0,0,0,0,0,0,0,0,0,0,0,1,0,0,1,0,7,0,0,0,1,0,1,13,0,0,0,0,0,0,0,0,0,0,3,0,0,0,0,0,1,0,0,1,1,0,1,0,1,0,0,0,0,0,0,0,0,0,1,2,0,1,1,0,0,0,3,0,0,0,0,0,0,0,4,0,0,0,0,0,0,0,0,0,0,0,0,0,0,0,0,0,0,0,2,0,0,0,0,0,1,0,3,0,2,0,0,2,0,0,0,0,0,2,0,0,4,0,0,1,2,0,0,0,0,0,0,0,0,0,0,2,0,0,0,0,0,2,0,0,0,0,0,0,0,0,0,0,0,0,0,0,0,4,1,0,0,0,0,22,1,0,2,0,0,0,0,0,0,0,0,0,0,0,3,0,0,0,0,0,0,0,1,0,0,0,1,0,0,0,0,0,0,0,0,0,0,0,0,2,0,0,2,0,0,0,0,0,1,0,0,0,14,9,0,0,0,0,0,0,0
IRF1,0,1,0,1,0,1,0,1,0,0,2,0,1,0,0,1,1,0,0,2,0,0,0,0,0,3,0,2,0,0,0,0,0,1,1,1,1,0,0,0,0,0,0,0,3,0,0,2,0,0,0,0,1,2,0,0,0,2,1,3,2,0,0,0,0,1,2,0,1,0,0,6,0,1,0,1,0,0,0,1,0,0,0,0,1,1,0,0,0,0,0,0,1,0,2,0,0,0,0,0,0,0,0,0,0,0,1,0,2,0,1,0,0,0,2,0,3,0,0,0,0,0,0,0,0,1,1,0,1,1,0,0,1,0,1,0,0,0,0,5,0,1,0,1,3,0,0,0,4,0,0,1,1,1,0,3,1,0,3,0,0,0,0,0,2,0,0,1,1,0,0,0,0,1,0,0,0,0,1,0,2,0,0,0,0,0,0,1,0,0,5,0,0,0,2,0,0,2,0,0,0,0,3,2,0,0,1,1,0,2,0,1,1,1,1,0,2,2,2,5,0,0,0,0,4,0,2,0,0,0,0,1,0,2,0,0,0,1,0,0,0,0,1,0,0,0,0,3,0,1,0,0,0,0,1,2,0,1,1,1,0,1,0,1,0,2,0,0,1,0,0,6,0,0,1,0,0,0,0,0,3,0,2,1,0,1,0,0,0,1,1,0,0,0,2,0,0,2,0,0,1,1,2,1,0,0,2,0,5,0,1,1,1,0,2,2,0,0,0,1,1,4,2,0,0,0,0,2,0,3,0,1,1,3,0,0,2,0,0,0,1,1,0,0,1,0,0,0,0,3,2,1,1,0,0,0,1,1,0,1,1,2,1,0,1,0,0,0,0,0,0,0,0,1,0,1,1,1,0,0,1,0,4,1,2,0,2,0,0,2,2,4,1,4,2,0,1,3,0,3,0,0,1,1,0,2,0,2,9,2,1,2,1,0,0,0,0,1,2,0,1,2,4,2,1,2,0,1,0,0,0,1,0,1,0,0,1,0,0,0,1,0,1,2,0,2,0,0,0,0,0,0,0,0,0,2,1,0,0,1,0,1,1,0,0,4,0,0,0,1,0,0,0,2,0,0,1,0,0,1,0,1,1,0,1,0,0,1,0,2,1,0,3,0,1,0,1,1,0,1,0,0,0,0,1,0,0,1,1,0,0,0,0,0,0,1,0,0,0,2,0,0,0,1,2,1,0,0,3,1,1,0,0,0,0,3,0,0,0,1,1,2,0,1,0,0,2,0,0,0,0,0,0,1,0,2,1,3,2,1,0,2,0,1,0,4,0,1,1,0,2,0,0,0,0,0,0,0,2,1,0,1,0,2,1,0,1,0,0,0,1,0,0,2,0,0,0,2,1,0,0,0,1,1,0,3,0,2,0,0,1,0,1,0,2,0,2,1,1,2,0,1,2,0,5,1,0,0,2,0,2,0,1,1,0,1,1,1,0,0,1,0,2,1,4,2,0,0,0,0,1,1,0,1,0,0,2,1,1,2,0,1,0,0,0,0,1,0,0,1,0,2,0,1,1,0,0,0,0,1,0,1,1,3,0,0,0,0,0,0,0,0,0,0,0,2,0,4,0,0,0,1,0,0,0,1,1,1,1,1,2,0,0,0,0,0,0,1,0,1,1,0,3,1,0,0,2,0,1,0,0,1,0,0,0,0,2,0,0,0,0,0,0,0,2,0,1,2,0,0,1,1,0,0,2,0,0,1,2,2,0,0,2,0,4,0,1,0,0,1,0,1,0,0,0,0,0,1,1,2,0,0,0,3,0,0,0,0,2,0,0,0,0,0,0,1,0,2,0,5,0,0,3,0,1,1,0,0,0,1,0,0,1,0,0,0,1,0,1,0,1,0,2,0,1,0,0,1,1,1,1,2,0,0,0,2,1,1,1,0,0,0,1,1,0,0,2,1,3,2,0,0,0,0,3,0,0,0,0,1,1,2,0,0,1,0,1,0,0,1,1,0,1,2,0,0,0,5,0,0,0,0,1,0,1,0,1,0,0,0,1,0,1,2,0,1,2,1,0,0,0,1,1,0,0,0,0,0,1,0,0,2,0,1,0,0,0,0,1,1,0,1,1,1,0,1,0,1,2,3,1,1,1,0,0,2,1,2,1,1,1,0,0,0,0,0,2,0,0,1,0,0,1,0,0,0,1,0,1,0,8,4,2,0,0,1,1,0,0,0,0,0,0,1,0,3,1,2,1,4,0,0,0,0,1,0,0,0,0,0,1,1,0,1,0,0,0,0,0,0,2,1,1,1,2,0,1,0,0,1,2,0,0,2,2,0,1,0,1,2,0,0,0,0,1,0,0,0,0,0,2,5,0,1,0,2,1,1,0,0,1,1,2,4,0,3,0,1,0,0,1,1,0,1,0,0,1,0,0,2,0,2,1,3,0,3,1,0,0,0,0,0,4,0,0,1,1,1,0,0,0,2,0,0,0,1,0,2,0,1,1,0,0,0,0,0,1,0,1,0,1,0,3,0,0,1,0,1,0,3,0,2,0,1,0,0,0,1,0,1,1,0,0,0,2,1,1,3,0,0,0,1,0,1,0,1,0,1,0,0,0,0,0,0,4,1,0,0,1,0,1,1,0,0,0,0,0,1,0,0,0,0,3,0,0,0,0,2,0,0,3,0,0,1,0,0,0,1,0,1,1,0,2,1,0,0,0,0,0,0,2,1,0,2,4,3,1,0,0,1,0,1,0,0,0,0,0,0,0,0,0,1,1,0,0,1,2,0,0,4,0,1,0,0,1,3,0,1,0,0,0,2,0,0,0,1,1,0,2,1,0,1,2,0,0,0,2,0,1,0,3,1,0,1,0,1,2,3,1,1,0,1,3,0,2,0,1,1,0,0,2,1,0,1,3,1,1,0,0,0,2,0,0,2,0,1,2,1,0,1,2,0,2,0,0,2,1,2,0,2,3,1,1,0,0,0,0,0,0,0,0,1,1,0,0,2,1,0,1,1,0,0,2,1,1,0,1,1,0,4,0,0,1,1,0,0,1,1,3,1,0,0,1,0,0,2,0,0,2,0,0,4,1,0,0,0,1,1,0,1,1,0,0,0,0,1,0,4,0,1,0,0,1,0,0,1,1,0,2,0,0,0,1,0,0,0,0,0,0,0,4,0,0,0,2,0,0,4,3,3,1,1,0,1,0,1,1,1,0,0,4,0,1,0,0,0,0,1,0,3,1,1,0,0,0,0,0,1,1,1,1,1,0,1,0,2,1,1,0,0,3,0,0,0,0,0,2,0,0,0,1,3,1,2,1,0,1,3,0,0,0,1,0,2,0,1,0,0,0,1,0,0,0,1,3,0,0,2,0,5,0,0,2,1,0,0,2,0,1,3,0,0,0,0,0,3,0,1,0,0,0,3,0,0,0,1,1,0,2,0,0,1,0,0,1,3,0,1,3,2,0,1,0,1,0,1,0,3,6,0,0,1,1,1,1,0
MT2A,1,0,2,1,0,0,0,2,0,0,0,0,0,0,0,0,0,3,1,0,0,1,1,0,0,6,1,0,0,0,0,0,0,0,1,4,2,1,0,0,0,3,0,0,1,0,0,0,0,0,0,0,0,1,0,0,0,0,1,1,0,0,0,0,0,0,0,0,0,1,0,0,0,0,0,0,2,0,0,0,1,0,0,0,1,0,0,0,4,0,0,0,1,1,0,1,0,0,0,3,0,0,1,1,0,0,0,0,0,0,0,0,0,0,0,0,0,5,0,0,0,1,0,0,0,0,2,0,2,0,0,0,0,0,0,0,0,0,0,5,0,2,1,0,0,1,2,0,2,0,0,0,2,0,0,0,2,0,0,0,0,0,2,0,0,0,0,1,0,1,0,1,0,0,0,0,0,0,0,1,0,0,1,0,1,0,0,0,2,2,0,1,1,0,3,0,0,0,0,0,0,3,7,0,0,1,0,0,0,0,1,0,1,1,0,0,0,0,0,2,0,0,0,0,2,2,0,0,0,0,3,0,1,0,0,0,0,0,0,0,0,1,0,0,0,0,0,0,3,0,0,0,0,1,0,0,0,0,0,1,0,0,1,0,0,0,0,1,0,0,0,0,0,0,2,0,0,0,0,1,0,0,0,1,1,4,0,0,0,0,1,0,0,3,1,0,0,0,1,1,0,0,2,0,0,0,0,1,3,1,0,0,0,0,0,0,1,0,1,1,2,1,1,0,1,0,0,0,0,0,0,0,0,0,0,0,0,0,0,0,0,0,0,0,0,1,0,0,0,0,0,2,0,1,0,0,0,1,0,0,0,0,0,0,1,0,1,1,0,0,0,0,0,0,0,0,0,0,0,0,0,0,1,0,0,1,0,0,0,0,0,4,0,1,0,0,0,0,0,1,0,0,3,0,0,0,0,0,2,0,2,0,0,1,0,0,0,0,0,0,0,0,2,0,1,0,0,1,0,2,0,2,0,0,0,0,0,1,2,1,1,0,0,0,0,0,0,0,0,0,0,0,0,1,0,0,2,1,1,0,0,1,0,0,0,0,0,0,0,1,0,0,5,1,0,2,1,0,0,0,0,2,0,2,1,0,0,2,0,0,0,0,3,0,1,0,0,0,0,1,0,0,0,1,1,0,0,0,0,0,0,0,0,0,0,0,0,0,1,1,0,1,5,0,2,1,0,0,0,0,0,1,1,0,0,0,0,0,0,0,0,0,0,0,2,1,1,0,1,0,0,0,0,1,0,5,0,0,0,5,0,1,0,3,0,0,0,0,1,0,0,1,0,1,0,0,0,1,0,0,0,1,0,0,1,1,0,0,0,0,0,0,0,0,0,0,0,0,0,0,0,1,0,6,0,0,0,2,0,0,0,0,0,0,4,0,0,0,0,1,0,1,0,0,0,4,0,3,0,3,0,0,3,0,2,0,0,0,1,0,0,0,2,2,0,0,0,0,0,0,0,0,0,0,0,0,0,0,0,0,0,0,0,0,1,1,0,0,1,0,1,0,0,3,0,0,0,1,1,0,0,0,2,2,1,0,0,0,0,0,0,0,0,1,0,0,0,0,0,0,0,1,0,2,0,0,0,0,0,1,2,0,0,0,0,1,0,0,0,0,0,1,0,1,0,0,0,0,0,1,0,0,0,0,0,0,1,0,2,0,0,2,2,0,1,0,0,0,0,0,0,0,0,0,0,0,0,0,2,1,0,0,0,0,1,0,0,4,1,1,0,2,3,0,0,1,0,0,0,0,1,0,0,0,0,1,0,0,0,1,2,0,0,0,4,1,0,3,0,0,1,1,0,0,0,0,4,0,0,1,0,0,3,0,0,0,2,1,0,1,0,0,1,0,0,0,3,0,0,0,0,2,0,0,0,0,0,1,1,1,0,1,3,1,0,0,3,1,1,0,1,1,0,0,0,1,1,1,1,0,0,0,0,0,0,2,0,1,0,0,0,0,0,0,0,0,0,0,0,1,0,0,1,0,0,0,0,0,2,0,0,0,0,0,0,0,0,1,0,0,0,0,0,0,0,0,0,0,0,0,0,0,1,1,1,0,0,0,0,0,1,0,1,1,1,0,0,0,0,0,0,0,1,0,0,3,0,2,1,0,0,0,2,0,0,0,0,1,0,1,1,0,1,0,0,0,0,0,0,0,0,0,0,1,0,1,0,0,0,0,0,0,0,0,0,0,0,1,0,0,1,1,0,0,1,0,0,0,0,0,0,0,1,5,0,0,1,0,0,0,0,0,1,0,1,0,1,0,0,0,0,0,0,0,0,0,0,0,0,0,0,0,0,0,3,1,0,0,0,1,0,0,0,0,0,0,0,1,1,0,1,1,0,1,1,3,1,3,0,0,0,0,3,1,1,0,1,0,0,0,0,1,4,6,0,1,0,0,0,1,0,0,1,0,0,0,0,0,0,0,0,0,1,0,1,1,0,0,0,0,0,2,1,1,0,0,0,0,1,0,1,0,1,0,0,1,0,0,0,0,0,0,0,2,0,0,2,0,0,1,0,0,1,0,0,2,1,2,0,0,0,0,0,0,0,0,0,0,0,0,0,0,0,0,0,0,1,0,0,0,0,0,0,0,0,0,0,0,0,0,0,3,3,0,0,0,0,4,0,2,0,1,0,0,0,0,1,0,0,1,0,1,0,0,0,0,0,0,0,0,0,1,0,0,0,0,0,0,0,0,0,0,0,0,0,0,0,1,1,0,0,0,1,0,0,0,2,0,0,0,0,1,0,0,0,0,1,0,0,0,0,5,1,1,0,0,0,0,0,0,4,0,0,0,1,0,0,0,0,0,0,0,2,0,0,0,1,1,0,0,1,1,0,1,0,0,0,0,0,1,0,0,1,0,1,0,0,3,0,0,5,0,0,0,0,0,0,1,0,0,0,0,1,0,0,0,1,4,1,1,0,0,0,0,0,0,0,0,0,0,0,1,1,0,0,1,0,0,0,0,0,0,0,0,0,0,3,0,0,0,0,0,0,0,0,0,0,0,26,0,8,0,0,0,2,0,0,0,0,0,2,2,0,0,1,0,0,1,0,1,1,0,2,1,2,1,0,2,0,0,0,0,0,1,0,0,0,0,2,0,0,0,0,1,0,0,0,0,2,0,4,0,0,0,3,0,0,0,0,0,0,0,1,0,1,0,0,1,0,0,1,0,1,1,0,4,0,0,2,0,0,1,0,2,0,0,0,0,0,0,0,1,0,0,0,0,1,0,0,3,0,0,1,0,0,1,0,0,0,2,1,1,1,2,0,0,1,0,0,0,1,0,0,0,0,0,1,0,1,1,0,0,0,1,0,0,0,0,0,6,0,0,5,2,0,0,0,0,0,2,1,0,1,0,0,0,0,0,0,0,0,0,0,0,0,1,0,0,1,0,0,0,2,0,1,0,2,0,0,0,0,0,0,0,0,0,0,0,0,0,1,1,0,0,0,1
FKBP1A,1,0,0,1,0,3,1,1,1,0,1,0,4,1,0,5,0,0,5,0,0,1,2,0,0,3,0,1,2,0,2,1,0,4,1,0,1,3,2,0,1,0,2,3,2,0,1,3,0,0,0,1,4,2,0,0,0,1,1,0,5,0,3,1,1,1,1,1,3,1,0,1,0,1,3,1,0,3,1,3,1,0,0,2,0,0,0,0,0,0,2,0,2,2,0,4,0,0,3,9,0,0,3,0,0,3,0,0,4,1,1,2,0,1,1,2,1,1,3,0,0,1,4,1,1,0,1,1,6,0,0,1,2,0,2,0,1,0,3,1,0,0,0,0,7,0,3,2,2,0,7,1,1,0,1,1,0,0,1,5,0,0,8,1,1,2,2,0,5,10,0,0,1,0,3,3,0,1,4,0,1,0,0,1,3,1,0,0,5,4,7,0,0,1,0,1,2,1,1,0,0,1,3,1,0,0,1,1,2,1,0,0,0,0,1,0,0,0,2,5,0,0,1,1,2,0,0,1,1,1,0,0,4,2,2,0,0,0,0,1,0,0,0,0,0,1,0,3,3,1,0,1,0,0,2,1,0,2,0,1,1,0,1,3,0,2,2,0,1,0,0,5,3,1,2,1,0,2,7,0,1,3,0,0,1,0,0,0,0,0,1,2,1,1,1,0,0,0,2,2,1,1,0,1,0,0,0,4,4,1,0,0,1,3,1,0,0,0,1,2,0,2,13,0,0,0,2,1,2,1,0,3,0,0,2,0,0,5,0,2,9,0,1,3,0,2,1,1,1,3,4,1,7,1,0,0,0,3,1,2,0,2,0,3,1,0,11,1,0,1,0,4,3,0,1,4,1,1,0,3,1,0,3,2,1,3,1,4,0,0,2,15,0,13,1,1,2,0,0,3,0,1,0,0,5,0,1,1,0,1,0,1,2,0,1,8,0,2,1,1,3,0,4,1,5,1,0,0,0,0,1,0,1,1,3,0,0,0,0,1,0,0,8,1,0,13,0,1,1,0,0,1,0,1,3,0,1,5,4,1,0,1,1,1,6,2,0,1,3,0,1,1,2,2,1,6,1,1,0,1,4,1,2,0,2,1,1,1,1,4,1,0,2,0,0,2,0,0,0,1,0,1,3,0,1,0,1,5,0,0,1,0,0,1,0,1,0,0,0,1,0,0,1,3,6,1,0,0,3,0,1,1,1,1,5,3,1,1,0,0,2,1,0,1,1,0,1,0,7,0,1,7,0,0,4,6,0,5,1,1,0,0,0,0,2,1,0,0,0,0,1,2,0,1,0,4,0,0,2,0,1,0,0,3,0,0,1,1,0,0,0,2,0,5,1,0,1,0,0,0,0,8,0,1,0,6,2,0,1,2,2,0,1,1,1,0,1,3,2,6,1,2,2,0,1,0,0,3,0,2,1,0,1,0,0,1,1,1,0,2,0,0,0,0,0,0,1,1,0,1,0,0,0,0,1,4,0,1,1,2,3,1,1,0,2,0,0,0,0,0,0,0,5,1,1,2,1,2,0,0,1,5,1,0,2,1,0,1,0,0,0,0,1,1,1,0,1,1,0,2,0,2,1,0,0,0,1,0,0,9,0,2,0,0,3,0,0,0,0,0,0,0,1,0,0,1,0,0,0,0,2,0,0,0,4,0,2,0,0,1,0,1,0,3,1,0,0,0,0,1,1,1,0,0,0,2,0,0,0,2,0,1,0,2,3,0,0,0,3,0,0,1,0,0,1,0,3,0,2,0,1,0,0,2,8,3,0,0,0,0,0,1,0,0,4,0,0,0,1,1,1,1,0,1,0,1,1,1,0,0,1,3,0,4,0,0,6,0,0,0,1,0,10,0,0,0,0,0,1,0,1,0,0,4,1,1,0,0,2,2,5,4,9,0,0,2,1,0,2,0,0,1,1,0,0,0,1,8,1,1,2,0,1,1,0,0,1,1,1,0,1,4,12,1,0,1,0,2,2,3,0,0,3,6,3,0,0,2,2,2,3,1,0,3,1,2,0,0,2,0,0,1,0,0,1,0,0,0,8,3,3,0,0,0,2,0,0,1,1,1,0,8,3,2,4,2,0,0,1,4,1,0,0,0,2,1,0,11,0,0,0,1,2,0,0,0,1,1,0,0,2,1,3,1,0,0,1,0,1,2,0,0,0,1,0,6,0,0,0,5,1,8,4,1,0,1,1,0,3,1,2,0,1,1,0,0,0,0,1,0,1,1,0,0,2,1,2,0,0,0,0,0,1,0,1,0,0,0,0,1,0,0,0,2,1,0,0,1,4,0,1,2,0,0,0,0,1,1,0,1,5,8,1,0,0,4,1,3,2,0,1,0,1,2,0,2,0,0,0,0,0,1,2,1,0,0,1,0,2,0,1,0,4,5,1,0,3,1,0,1,5,0,2,2,0,3,1,2,0,8,3,4,2,0,1,1,5,1,0,1,1,1,0,3,0,0,0,0,0,0,1,1,4,1,3,1,1,1,0,1,1,0,0,1,0,0,1,0,0,1,0,1,5,0,1,0,1,0,2,1,0,1,2,1,0,1,0,1,0,2,1,1,5,1,0,0,0,0,1,0,0,1,1,4,2,2,0,0,0,0,0,0,1,0,0,0,0,0,0,1,2,0,1,1,2,1,2,1,0,2,1,3,3,1,0,1,0,3,0,0,1,1,0,1,0,0,1,1,1,1,0,0,2,0,0,1,1,5,0,3,1,2,1,9,0,0,6,0,1,0,0,2,0,0,3,2,1,3,0,1,3,6,0,0,0,3,3,0,0,0,1,1,1,0,1,0,0,2,2,0,5,0,1,0,0,3,3,2,1,0,1,0,4,2,0,0,2,0,1,0,0,2,0,1,0,0,3,1,3,5,6,1,8,2,0,2,2,0,0,3,0,0,1,0,1,1,1,0,2,0,7,0,1,3,1,1,2,1,1,0,0,0,1,0,0,0,2,0,0,1,1,3,4,4,0,0,0,0,1,3,1,0,1,1,0,0,1,0,6,1,0,0,1,1,1,1,1,0,1,0,0,2,0,1,8,1,2,1,0,1,0,11,0,5,0,5,0,0,0,2,1,1,0,0,6,3,1,1,1,3,1,1,0,0,0,0,1,0,0,2,15,1,0,0,1,3,0,3,0,7,1,2,1,0,1,2,1,1,0,1,2,0,1,2,2,2,0,4,1,1,0,1,6,5,2,0,1,1,2,0,0,2,0,2,0,2,0,1,1,1,2,1,0,0,0,0,1,0,0,0,1,1,2,0,1,5,0,1,0,0,1,0,4,0,0,0,7,1,0,0,6,1,2,2,7,1,0,0,1,2,0,1,2,0,2,0,0,2,3,0,0,0,3,1,0,0,0,2,6,0,1,7,0,3,1,1,0,0,1,1,0,0,0,1,0,0,1,1,1,1,0,0,1,0,3,1,2,9,1,1,0,3,2,0,0,1
CCR7,3,0,0,0,0,0,0,0,0,0,0,0,0,1,0,0,0,1,0,2,0,3,0,0,1,2,1,0,0,0,0,0,0,0,0,0,0,0,0,2,1,1,0,0,0,0,0,0,1,0,0,0,0,0,0,0,0,0,4,0,0,1,1,0,1,0,2,0,0,4,0,0,1,0,0,0,0,0,0,0,1,0,0,0,0,0,0,0,0,1,0,0,2,0,0,0,1,0,0,0,1,1,0,1,0,0,0,0,0,2,0,0,0,0,0,1,0,0,0,1,0,0,0,1,0,1,0,0,1,3,0,0,0,0,2,1,0,0,0,0,0,0,3,0,0,0,0,0,0,0,0,0,0,1,1,1,0,0,0,0,0,0,0,0,0,3,0,4,0,0,3,0,0,1,0,0,1,0,0,2,0,1,1,0,0,0,0,2,0,0,0,0,0,1,1,0,0,0,0,0,0,0,0,2,1,0,1,0,2,0,0,0,0,0,0,0,1,0,0,0,0,0,0,1,0,0,0,0,1,0,4,0,0,0,0,0,0,0,0,0,0,1,1,0,0,0,0,0,0,0,0,0,2,0,1,1,0,0,0,0,2,0,0,0,0,0,0,0,3,0,0,0,0,0,1,0,0,1,0,3,0,0,1,1,0,5,1,0,1,0,0,0,1,0,0,2,0,0,0,0,0,1,0,1,0,0,0,0,0,4,1,0,0,0,0,0,0,0,0,2,0,0,0,1,0,1,0,1,1,1,2,0,0,1,0,0,0,0,0,0,0,0,0,1,0,0,1,0,2,0,0,0,0,1,0,0,1,4,0,0,0,1,1,0,0,1,0,0,1,0,0,0,0,1,0,0,1,0,2,0,0,0,0,3,0,0,1,0,1,0,3,0,0,0,0,0,0,0,1,0,0,1,0,0,0,0,1,0,0,0,0,0,0,0,0,0,1,1,0,0,0,0,0,0,0,0,0,0,0,0,0,1,0,0,0,1,0,1,0,0,0,4,0,0,0,0,0,1,1,0,0,0,0,0,0,0,0,0,0,0,0,2,1,0,0,0,1,0,0,0,0,0,0,0,0,0,0,0,1,0,0,0,0,0,0,1,0,0,4,0,1,1,0,1,0,0,3,1,0,0,0,0,1,0,0,0,0,0,0,1,0,0,0,2,0,0,0,1,2,0,1,0,0,0,1,0,0,0,0,0,0,3,0,1,0,0,0,0,1,0,0,0,0,0,0,0,0,0,0,0,0,0,1,1,0,0,0,0,0,0,0,0,0,0,2,2,0,1,0,0,4,0,1,1,2,0,0,3,0,0,0,0,1,0,0,0,0,0,0,0,0,0,0,1,1,0,3,0,1,1,0,0,0,0,0,1,0,0,0,0,0,0,0,0,2,1,0,2,0,0,2,0,0,0,0,0,0,0,2,1,2,0,0,0,0,1,0,6,0,0,2,0,3,2,0,0,0,2,0,0,0,0,2,0,0,0,0,0,0,0,0,0,0,0,0,1,0,0,0,0,1,3,0,0,2,0,0,0,1,0,0,0,1,0,0,0,0,1,0,0,0,1,1,0,0,1,0,0,0,0,0,2,0,0,1,0,2,2,0,0,0,0,0,1,0,1,0,0,2,1,2,1,0,1,2,1,2,1,0,0,0,0,0,0,0,1,0,0,0,0,0,1,0,0,0,0,1,0,0,0,0,0,0,3,0,0,1,0,0,1,0,0,2,0,0,0,0,0,0,1,1,0,1,0,0,0,0,1,0,0,0,2,0,0,0,0,0,3,1,3,0,0,2,0,0,0,0,1,0,0,0,0,0,2,0,0,0,0,0,0,0,0,0,0,1,0,0,0,1,0,0,0,1,0,1,2,1,1,0,0,0,0,0,0,1,0,0,2,0,0,0,0,1,0,0,0,0,0,0,1,0,0,0,0,0,0,0,0,1,0,1,1,0,1,0,0,2,0,0,0,0,0,0,0,1,0,0,1,0,0,1,0,0,0,0,1,0,0,1,2,0,0,0,0,0,0,0,0,0,0,0,1,1,2,1,0,0,3,0,0,0,0,0,2,0,0,0,0,1,0,0,0,0,0,0,0,2,0,0,0,0,0,0,0,1,0,1,0,0,0,1,2,0,0,1,3,0,0,0,0,0,0,0,1,0,0,0,4,0,0,0,0,0,0,0,0,3,1,0,0,2,0,0,0,2,0,1,1,0,2,0,0,0,0,0,1,1,1,0,1,0,0,0,0,0,0,1,0,0,0,2,0,0,0,0,0,0,2,0,0,0,0,0,1,0,2,0,0,0,3,0,0,0,0,0,0,0,0,1,0,0,0,2,0,0,0,0,0,0,0,2,0,0,0,1,0,3,0,0,0,0,0,1,0,2,0,0,0,0,0,5,3,0,0,0,0,0,0,0,0,0,0,0,0,0,0,6,0,0,0,0,0,0,3,0,0,0,0,2,0,0,2,0,0,3,0,1,0,0,0,0,0,0,0,0,0,0,0,0,0,0,0,0,1,1,1,0,0,0,0,1,1,0,1,0,0,0,0,0,1,0,0,0,0,0,0,0,0,1,1,0,0,0,0,1,1,1,0,0,0,0,0,0,0,1,0,0,1,0,0,0,1,0,0,1,1,0,1,1,0,0,0,1,0,0,0,0,1,0,0,0,0,0,1,0,1,0,1,0,0,1,1,0,1,0,0,0,0,0,1,1,2,0,2,1,0,0,0,0,0,0,2,0,0,0,3,0,0,0,0,1,0,2,1,0,0,0,0,2,0,0,0,0,0,0,0,0,0,0,1,0,2,0,0,0,2,0,0,0,0,0,1,0,0,1,0,0,0,2,1,0,1,0,0,0,0,0,0,1,2,0,0,0,1,1,0,0,0,0,0,0,0,0,2,0,0,0,0,1,0,1,1,0,0,0,1,0,1,0,0,0,0,2,0,0,0,0,4,2,1,0,0,1,0,2,1,0,1,0,0,1,0,0,0,1,0,0,1,0,0,0,2,2,1,1,1,2,0,0,0,0,0,0,0,0,0,0,1,0,0,0,0,1,0,0,1,0,0,0,0,0,0,0,0,0,0,1,0,0,0,0,0,0,1,0,0,0,0,0,0,0,0,0,1,0,0,0,0,0,0,0,0,4,0,2,0,0,0,0,0,0,0,0,1,0,0,0,2,0,0,2,0,0,1,0,0,1,0,0,0,0,0,0,0,0,0,2,0,0,1,0,0,0,2,1,2,0,0,2,0,0,1,0,2,0,0,0,1,0,0,0,0,1,0,0,0,1,0,2,1,1,0,0,0,2,0,0,0,0,0,0,1,0,0,0,0,0,0,1,0,1,0,0,0,0,0,1,0,0,0,0,0,0,0,0,0,0,0,0,0,1,0,1,0,0,2,0,0,0,0,1,2,0,1,0,0,2,2,0,0,0,0,0,0,0,2,0,0,0,1,1,0,0,0,2,0
SOD2,0,0,0,0,0,2,2,1,0,0,2,0,1,0,0,1,1,0,0,0,1,0,2,0,0,0,0,0,0,1,1,0,1,1,0,0,0,1,0,0,0,0,5,0,1,1,0,3,0,0,1,0,2,0,1,1,0,3,0,0,0,0,1,1,0,0,0,2,2,0,0,1,0,1,2,1,0,2,1,3,0,0,1,1,0,1,1,1,0,0,0,2,0,2,0,1,0,0,0,1,0,0,1,0,0,1,0,0,0,1,0,0,1,0,0,0,0,0,1,0,0,0,2,0,0,0,1,0,1,1,0,0,1,0,0,1,0,0,0,0,0,0,0,0,0,0,3,2,0,0,19,0,1,0,1,1,0,0,1,0,0,0,1,1,2,2,0,0,2,0,1,0,0,0,2,1,0,0,1,0,3,1,0,0,1,0,0,0,0,1,3,0,0,1,0,0,0,0,2,1,0,0,0,0,0,0,0,0,0,0,0,0,0,0,0,0,0,1,0,0,0,1,0,1,0,0,0,4,0,0,1,0,0,2,3,0,0,0,0,0,0,0,0,0,0,0,0,0,3,2,0,1,2,0,0,1,1,0,1,1,0,0,0,0,0,1,0,0,0,0,0,0,3,1,2,0,0,3,19,0,3,0,0,0,0,0,0,0,1,0,0,0,2,0,0,0,0,1,1,0,0,0,0,0,1,0,0,0,1,0,0,0,1,0,0,1,0,0,0,0,0,0,0,0,1,0,2,0,0,0,0,3,0,0,2,0,0,2,0,0,0,1,2,0,0,0,0,1,0,1,2,0,2,0,1,1,1,0,0,0,0,0,0,1,0,0,1,0,0,0,0,2,0,1,0,2,0,0,0,0,2,0,2,0,0,0,1,0,1,0,0,4,2,3,0,0,0,0,0,1,2,1,0,0,2,0,0,0,0,0,0,0,3,0,0,3,0,0,0,0,0,0,1,2,3,0,0,0,0,0,0,0,0,0,2,0,2,1,0,1,0,0,0,0,0,1,0,0,0,0,1,0,1,0,0,1,1,1,1,0,0,0,0,0,4,0,1,0,0,0,1,3,0,0,0,0,1,1,0,0,0,0,1,0,2,1,1,1,2,0,0,0,0,0,0,1,0,0,0,0,0,3,0,0,0,0,0,0,0,0,2,1,0,0,0,0,0,0,0,0,0,0,0,1,0,1,1,0,1,1,0,0,1,0,2,1,0,0,0,1,1,2,0,0,0,1,1,0,0,0,0,2,0,0,0,0,0,3,0,1,0,1,0,0,0,0,0,2,0,0,0,0,0,0,1,0,0,0,1,0,0,0,0,0,0,0,1,0,1,0,0,0,0,0,1,0,0,0,1,0,0,1,5,0,1,1,0,0,0,0,2,0,0,0,0,0,0,0,0,0,0,1,1,0,0,0,1,2,0,0,0,1,0,0,0,0,0,0,0,1,0,0,0,1,0,1,0,0,0,0,0,1,0,0,0,1,0,0,0,2,3,0,0,0,0,1,0,0,0,1,0,0,0,0,0,1,0,2,0,0,0,0,0,0,1,0,0,0,0,0,0,0,1,0,0,0,0,0,0,0,0,0,0,0,0,2,0,0,0,0,0,0,0,0,1,0,0,1,0,2,0,1,0,0,0,1,0,0,0,0,0,1,0,0,1,0,2,0,0,0,0,0,0,0,0,0,0,0,0,0,0,0,0,0,0,0,0,0,0,0,0,0,0,0,0,0,0,0,1,0,0,0,0,0,1,0,2,0,3,1,1,0,0,0,1,1,0,1,0,0,0,0,0,0,4,0,0,0,2,0,0,0,0,0,1,0,0,0,0,0,0,0,0,1,1,0,1,0,0,0,0,0,0,0,0,0,0,0,0,5,0,0,0,1,0,0,0,0,0,1,0,0,1,0,0,0,0,0,0,0,0,2,0,2,0,0,1,1,0,0,0,0,1,0,0,0,0,1,0,0,0,0,1,0,0,0,0,1,0,2,0,0,2,0,0,0,1,0,0,0,0,0,0,0,1,2,0,1,0,0,0,3,0,0,0,0,0,1,0,1,2,0,0,0,0,0,0,0,0,1,0,0,3,0,0,1,0,0,0,0,3,0,0,0,0,0,0,2,0,0,0,0,1,1,0,1,1,6,0,0,0,0,2,0,0,0,0,0,0,4,1,0,0,0,0,0,1,0,0,0,0,3,1,1,1,1,0,0,1,0,0,0,0,1,0,0,0,0,0,0,0,0,0,0,0,0,0,0,0,0,0,1,0,0,0,1,0,0,0,0,1,0,2,0,0,0,0,0,1,1,0,0,0,0,1,0,0,2,1,0,1,0,0,0,0,2,0,2,0,0,0,0,1,0,0,0,0,0,2,0,1,1,0,1,0,0,0,0,0,0,0,0,3,2,1,1,1,2,0,1,2,1,0,0,0,0,0,2,2,1,0,0,0,0,0,0,0,0,0,0,0,0,2,1,0,0,0,0,0,0,0,0,2,2,0,0,0,0,0,0,0,1,0,0,0,0,1,0,0,0,2,1,1,0,1,1,0,0,2,0,0,0,1,0,0,0,1,0,0,1,0,0,2,0,0,0,0,0,1,0,1,0,0,0,0,0,2,0,1,0,1,0,0,0,0,0,0,0,0,0,0,0,0,0,0,0,4,0,0,0,0,0,1,0,1,0,0,0,0,2,0,0,0,0,0,0,0,0,0,3,0,1,0,1,0,0,1,0,0,4,0,0,0,1,0,0,6,0,0,0,1,3,0,0,0,0,3,0,0,1,0,0,0,0,0,0,0,0,0,0,0,0,0,0,0,2,0,0,0,0,3,0,1,4,0,0,5,0,0,0,0,0,1,3,1,1,2,0,0,0,0,0,0,0,0,0,0,0,1,0,0,0,1,0,0,3,0,0,0,3,0,1,0,1,2,0,0,0,4,0,0,1,0,3,0,0,1,1,0,1,0,0,1,1,0,0,0,0,0,0,0,0,0,2,1,0,1,1,0,0,0,0,0,0,0,0,0,0,4,0,0,1,0,0,0,0,0,0,0,0,0,0,0,0,1,0,0,0,5,0,0,0,0,7,1,1,0,0,0,0,0,1,0,0,1,0,5,0,0,1,1,0,0,0,0,0,0,0,1,0,4,0,0,0,0,1,0,0,0,0,0,3,0,0,0,1,0,0,0,0,0,0,0,0,0,0,1,0,0,0,1,0,1,0,0,0,0,0,1,0,0,0,0,0,0,0,0,0,0,0,0,1,0,0,0,0,0,0,0,1,0,0,0,0,0,0,0,1,0,0,0,0,1,1,0,0,3,4,1,0,0,0,0,2,0,0,0,0,1,0,2,0,1,0,0,0,1,0,2,0,0,1,0,1,0,0,0,0,0,0,0,0,0,0,1,0,1,0,0,3,1,0,0,0,0,0,0,0,0,0,0,0,1,0,0,0,1,0,0,1,0,0,0,0,1,0
RPL10A,16,4,7,4,11,7,11,30,17,14,13,11,9,8,18,17,13,9,8,17,10,19,10,3,4,5,17,13,18,33,13,21,33,24,4,5,21,16,18,10,21,19,7,23,16,12,22,13,15,9,16,18,5,14,15,3,5,24,13,7,26,13,10,4,12,10,16,0,7,31,4,40,20,6,3,4,2,17,3,9,11,4,6,7,11,21,12,22,6,14,12,14,17,10,16,10,5,12,8,27,11,20,9,18,10,1,6,5,12,16,13,20,5,14,14,23,12,23,5,11,7,1,9,5,25,13,9,7,18,5,5,14,5,7,8,17,12,11,3,10,13,15,18,19,30,5,12,6,34,6,13,3,13,26,10,16,2,6,1,1,11,9,6,2,4,26,8,7,16,27,23,4,26,20,3,0,20,19,11,30,7,12,14,7,14,22,37,15,10,11,19,20,11,21,27,19,9,3,0,33,6,18,10,14,15,4,8,21,10,17,6,5,5,5,11,5,17,13,17,11,7,9,14,10,34,4,13,2,20,13,23,10,18,16,5,6,11,13,16,12,6,5,13,2,14,12,7,12,11,9,11,8,12,7,12,19,13,22,18,7,12,7,11,19,19,8,7,4,22,19,5,27,9,10,17,6,8,16,13,18,7,5,25,32,22,25,21,13,15,12,12,31,13,8,9,5,10,8,7,4,20,17,7,16,4,6,17,3,12,31,13,7,8,11,10,9,9,34,15,17,2,2,13,7,5,7,9,39,18,18,15,9,16,2,6,13,17,7,23,7,27,8,9,32,18,11,10,4,12,19,16,15,28,11,6,5,9,38,16,1,10,13,11,5,2,11,49,13,20,15,5,3,6,5,1,45,23,23,11,13,6,1,21,13,13,1,19,28,7,2,18,28,7,16,16,10,29,20,4,6,7,18,11,17,9,23,11,9,18,9,17,24,6,31,18,23,8,12,17,16,10,23,28,4,10,14,9,9,12,11,4,26,18,10,6,15,10,7,16,26,11,28,42,13,20,48,4,12,8,4,6,13,6,5,13,22,9,30,7,18,13,17,16,7,13,14,14,12,6,4,8,7,7,17,25,13,2,11,17,6,13,23,4,20,4,32,10,30,11,9,11,19,20,8,5,1,20,10,9,8,2,8,17,2,20,12,15,40,11,10,2,6,13,5,14,24,4,8,9,6,12,24,23,7,12,7,15,13,19,18,10,33,10,18,13,19,12,29,4,16,71,16,14,4,11,18,21,12,36,19,26,21,4,7,9,9,11,12,12,15,7,15,14,11,18,16,13,20,15,7,19,4,18,14,28,16,7,18,3,8,11,9,4,14,6,23,16,4,15,4,12,13,6,16,18,23,27,9,9,8,21,20,2,7,31,23,13,8,8,7,10,14,6,18,27,15,12,9,7,8,19,27,8,3,5,5,13,16,10,21,14,13,13,2,5,9,13,21,11,11,17,0,31,12,7,9,23,13,19,6,2,8,5,3,7,7,14,11,10,16,10,31,15,3,15,7,2,4,21,16,15,17,10,13,14,17,4,10,17,11,5,40,27,23,5,14,10,18,2,11,10,20,14,4,5,18,10,9,10,6,6,17,17,14,3,13,18,17,7,61,15,18,10,20,11,18,9,14,11,12,16,14,11,29,5,14,8,21,2,14,8,13,11,7,20,21,14,24,4,10,9,16,13,2,22,3,8,17,15,5,9,20,20,11,11,9,13,8,8,16,9,3,8,19,5,12,8,0,16,15,22,13,11,9,0,7,3,11,2,22,3,5,7,23,4,13,3,20,26,18,7,18,14,3,15,11,6,27,5,16,20,4,11,7,23,11,10,20,19,7,18,9,16,2,17,9,6,9,10,5,8,10,24,13,13,24,11,11,15,2,16,6,11,10,12,12,12,18,4,20,5,15,18,6,19,21,8,37,7,11,4,1,6,12,10,3,1,4,23,15,21,17,14,14,17,12,25,8,4,4,23,3,14,6,14,6,3,20,7,9,14,13,11,14,6,12,24,11,12,10,20,6,2,4,3,8,39,16,18,8,15,16,20,21,26,3,20,17,42,5,10,8,16,20,6,11,13,5,23,12,6,42,3,11,16,15,5,25,5,21,2,19,9,15,12,8,12,25,4,8,9,16,14,15,12,23,13,5,14,13,2,5,11,13,13,7,23,8,18,4,13,3,5,3,0,15,5,3,26,1,19,46,7,8,13,7,20,6,7,16,12,6,13,31,13,19,11,7,13,11,12,18,10,12,12,10,11,9,7,10,20,5,23,6,17,10,9,20,1,13,22,6,7,20,17,15,11,10,9,17,7,12,11,12,16,7,10,4,19,15,29,56,16,25,9,14,11,23,6,15,20,6,13,8,13,20,16,6,7,12,12,6,21,9,12,13,6,6,18,16,16,12,13,17,0,13,7,7,4,7,9,31,2,4,10,13,21,10,7,14,18,2,11,14,3,13,1,32,15,10,5,22,14,28,14,2,7,10,4,20,23,18,16,4,9,15,6,12,9,6,16,20,19,22,13,13,10,13,13,16,12,10,10,7,12,22,8,23,3,19,8,3,13,12,4,10,3,36,14,14,16,14,10,1,12,7,4,7,21,11,5,10,10,29,18,12,7,8,16,2,31,17,8,5,11,9,15,19,3,5,30,14,12,36,28,1,9,8,19,39,21,12,14,16,10,26,5,17,3,7,12,19,10,9,14,25,10,4,16,16,7,15,31,13,3,16,12,15,23,13,20,19,7,12,18,14,21,12,13,7,18,11,13,20,11,30,7,4,24,17,9,9,10,3,7,24,13,8,18,8,10,22,14,7,20,12,10,27,20,16,12,17,10,1,11,23,15,7,21,4,22,21,27,13,4,15,8,2,14,12,10,1,6,17,10,11,13,18,2,10,9,20,26,23,7,6,6,10,8,9,9,13,20,6,2,9,7,19,5,12,13,18,7,8,12,19,6,21,21,15,13,11,7,7,24,6,15,15,8,18,12,7,2,4,24,15,16,24,14,13,22,9,12,8,7,15,20,9,53,16,11,17,22,5,4,21,6,14,16,5,16,34,19,11,5,9,24,2,0,15,7,11,8,11,3,11,7,24,3,33,11,1,20,18,36,20,9,9,8,10,2,25,7,19,13,24,22,19,19,12,28,19,8,12,44,10,12,10,8,30,14,4,3,20,7,7,3,24,5,10,16,17,20,11,3,4,8,33,9,12,10,3,15,10,9,8,14,21,5,13,25,9,9,19,15,19,11,18,10,5,23,15,9,18,9,16,8,26,3,3,20,22,38,8,9,6,15,22,13,11,15,9,11,20,18,6,10,3,18,13,9,10,13,4,27,9,16,11,14,21,9,22,3,2,19,6,17,1,7,6,6,11,15,4,2,4,12,34,15,11,13,13,7,9,3,17,4,10,4,9,12,17,14,12,10,10,16,21,6,14,16,1,10,11,7,12,4,43,12,14,15,39,12,2,15,12
ND2,26,2,7,3,7,14,13,11,8,7,13,15,23,9,4,23,18,3,6,8,1,11,21,13,3,6,8,13,14,22,18,25,22,15,3,6,16,12,9,14,13,14,25,31,13,7,9,14,13,11,6,4,19,9,24,14,6,12,22,25,15,5,15,12,4,7,6,9,16,5,3,32,10,12,9,0,4,14,1,23,8,14,4,18,11,13,8,10,2,2,16,7,8,8,12,9,2,3,14,17,7,10,11,14,20,7,8,11,15,10,25,6,8,21,2,27,13,11,15,6,8,2,20,2,12,10,7,0,19,7,2,9,8,6,7,9,10,10,15,10,4,15,24,14,22,10,16,7,18,10,31,5,9,21,11,9,12,12,4,12,3,11,26,12,4,12,20,12,8,30,4,7,20,8,11,6,10,5,23,14,1,8,19,7,15,6,10,9,11,24,34,5,7,9,14,18,7,4,9,22,5,6,26,2,19,4,10,16,14,9,14,5,4,3,6,20,22,10,13,11,8,9,7,7,18,4,10,10,15,11,9,7,24,21,2,9,5,11,9,6,9,1,8,7,10,6,4,16,23,12,4,13,7,5,13,8,11,12,7,20,10,2,15,14,5,28,6,2,14,10,11,25,14,5,6,7,8,26,31,24,6,10,16,4,12,16,6,10,17,3,10,6,21,7,3,6,9,4,21,9,19,5,14,5,13,2,9,5,12,5,7,6,10,8,15,1,9,15,19,8,12,6,21,5,7,7,17,22,4,6,3,23,24,3,8,8,4,9,10,16,19,5,13,10,11,12,7,18,11,24,13,22,19,10,13,11,11,12,16,4,12,10,12,3,8,9,32,16,10,7,4,10,4,5,4,12,9,19,6,15,14,9,25,4,13,5,8,15,6,11,22,44,6,31,8,10,15,27,4,23,9,16,6,8,14,18,19,25,13,18,20,12,13,8,4,18,4,13,6,8,13,18,11,4,15,2,6,9,2,8,4,7,8,8,17,5,7,7,6,10,11,19,20,13,8,30,7,4,7,3,36,15,15,19,15,20,7,35,19,6,1,15,9,9,47,19,13,11,11,6,13,20,8,3,8,25,12,6,9,5,8,7,7,18,7,21,16,11,4,7,3,19,3,10,4,9,15,12,6,12,0,10,3,6,16,15,6,26,5,6,2,13,12,7,7,13,10,5,9,5,6,21,11,17,18,20,18,12,24,19,14,24,4,8,25,24,8,9,8,11,32,13,4,4,7,8,9,6,22,7,20,25,4,2,8,7,3,16,9,11,12,28,14,6,9,16,23,16,17,5,9,9,14,12,9,18,4,24,8,16,7,5,8,23,8,22,5,2,6,8,10,8,12,29,16,26,11,5,11,7,6,28,2,1,11,34,13,13,4,6,19,14,8,5,15,4,9,7,10,11,9,11,28,0,4,6,2,14,10,32,2,9,4,2,8,5,3,9,9,12,6,12,21,7,15,1,17,10,5,6,4,3,1,2,7,4,14,6,5,18,6,20,11,10,6,7,7,2,14,5,15,10,12,4,21,11,3,21,10,15,2,26,17,13,10,18,13,7,0,5,1,5,16,16,8,7,15,16,7,13,16,8,15,15,4,16,11,6,15,17,10,14,13,3,19,2,6,15,6,4,14,10,6,17,5,16,11,8,1,18,15,18,6,11,8,5,23,10,6,13,9,15,15,17,7,5,4,4,3,3,24,19,17,10,9,17,7,11,13,16,12,6,11,6,6,7,11,6,12,3,5,10,11,13,9,11,11,9,13,20,9,6,11,17,9,18,5,17,15,24,7,5,5,3,7,4,14,14,13,14,14,16,5,8,14,10,15,3,17,11,5,8,2,6,9,10,22,5,11,10,5,9,15,8,14,20,11,6,6,2,13,5,6,10,14,9,10,19,10,16,4,20,3,11,9,19,10,43,5,12,7,5,5,10,11,1,8,9,5,10,19,22,3,7,10,11,13,11,13,2,10,3,27,15,6,16,6,10,6,13,5,9,19,12,22,10,17,0,17,14,5,10,2,9,1,32,10,8,9,5,16,10,8,10,7,8,3,7,20,23,12,14,5,17,12,15,5,12,9,16,8,20,10,6,6,18,6,13,12,21,5,14,8,9,5,10,6,25,11,5,3,7,9,18,9,4,11,15,6,17,3,8,19,5,9,4,10,7,10,13,15,4,5,4,12,22,7,7,31,3,12,29,12,1,12,7,12,10,15,16,5,8,9,28,14,7,2,2,13,8,15,7,9,7,7,16,4,16,9,3,5,9,20,8,6,8,8,5,1,5,20,20,9,15,6,6,18,13,23,6,7,12,3,7,6,14,13,5,3,13,26,16,10,11,3,18,6,40,12,3,13,11,11,4,6,3,2,5,9,5,10,12,32,7,10,9,10,7,14,12,12,10,12,24,9,7,15,5,10,20,31,11,6,14,1,9,9,19,9,23,11,3,6,12,8,9,12,17,17,2,15,4,9,34,12,11,2,11,6,16,28,11,25,5,13,17,10,7,11,13,14,7,9,13,6,3,8,9,14,11,4,11,17,4,12,12,12,13,9,11,5,7,5,11,3,8,9,19,3,8,14,9,33,7,5,8,0,3,11,5,9,6,4,18,4,7,5,8,17,10,11,11,15,8,13,11,2,7,3,4,11,16,14,19,12,7,17,8,17,13,12,7,18,9,1,8,15,3,3,8,4,9,1,11,13,19,14,8,13,10,7,2,6,10,3,6,7,29,22,17,11,11,3,19,4,12,16,7,4,15,8,13,8,3,6,11,9,14,11,8,13,7,9,1,4,7,11,5,9,8,15,18,7,4,14,7,4,22,0,19,16,23,8,7,6,17,39,21,10,6,12,8,12,26,6,6,7,2,7,2,7,11,3,5,3,4,11,6,13,12,7,13,8,15,12,13,14,6,10,23,11,12,7,1,2,3,6,7,13,5,26,7,6,9,10,13,0,12,10,17,12,11,20,9,20,10,9,4,7,19,8,13,3,6,8,4,6,17,9,16,39,10,10,10,5,5,11,18,25,7,10,9,15,5,14,7,7,11,12,5,10,18,17,3,7,8,17,8,19,8,4,28,19,20,4,11,5,17,8,23,6,17,8,2,26,5,13,5,18,29,3,21,6,3,5,12,9,9,5,16,44,21,7,7,17,22,5,12,6,22,3,7,8,8,12,9,5,6,8,4,8,6,16,4,18,14,2,29,15,13,2,7,9,11,3,4,10,12,8,10,11,19,1,11,5,13,11,20,11,8,17,9,5,6,6,19,25,20,5,4,16,6,16,2,12,11,3,22,8,2,11,8,12,7,6,8,18,11,8,14,15,6,12,7,14,5,7,5,16,28,3,39,9,12,10,9,5,24,19,17,6,4,12,13,9,4,6,32,15,10,13,26,5,10,1,15,6,9,12,8,8,6,12,8,6,3,13,14,13,2,9,9,8,2,13,10,7,19,7,16,11,24,10,1,2,5
ARPC1B,4,2,0,1,3,1,2,0,1,0,5,4,4,0,2,14,2,3,7,2,4,0,4,1,0,3,1,0,1,3,2,1,3,10,1,3,1,0,10,0,1,2,5,6,1,1,2,3,2,1,2,0,1,0,3,1,1,3,3,1,5,1,0,1,1,6,1,4,3,0,0,1,2,1,3,2,2,8,0,9,0,2,1,3,0,4,0,0,4,1,9,1,1,2,2,6,0,0,3,12,1,1,2,0,1,4,1,5,6,2,2,1,0,2,0,3,2,3,2,3,0,1,4,0,1,2,2,1,3,0,0,0,2,1,2,1,0,2,1,2,4,1,0,1,19,1,6,2,5,1,3,1,2,2,1,1,2,1,1,1,1,1,7,2,0,9,4,4,7,21,2,3,2,0,3,0,2,3,4,2,2,0,0,0,3,1,3,2,5,5,7,7,2,1,2,1,3,3,4,3,3,3,3,0,2,2,0,1,3,1,0,1,4,2,4,0,0,1,7,2,0,1,4,1,5,2,0,2,0,0,3,0,5,14,5,0,3,1,1,0,2,0,0,1,1,0,0,5,2,2,0,4,1,0,0,4,0,3,2,2,2,1,3,1,2,1,0,4,3,3,5,9,2,1,1,2,1,7,3,0,1,1,2,1,3,0,3,2,4,2,2,1,7,4,3,2,0,0,4,2,0,0,2,0,3,0,1,2,10,0,0,3,1,2,0,0,0,3,1,1,2,4,2,1,4,0,2,4,2,0,1,9,4,1,2,2,4,3,3,3,13,4,3,4,0,3,2,6,0,5,7,0,14,1,3,1,0,4,3,4,3,0,1,2,4,0,24,3,1,0,2,0,2,0,1,21,3,2,1,4,4,0,3,0,0,1,4,0,1,1,2,13,1,9,0,2,3,5,0,7,2,1,3,2,4,2,2,0,2,1,3,1,4,2,0,10,0,0,3,0,7,2,9,0,2,0,3,2,1,4,0,1,1,2,1,0,2,0,3,9,0,4,16,0,6,11,2,1,0,0,2,0,2,0,4,2,2,7,6,3,2,1,1,0,6,3,0,0,3,0,4,1,2,2,1,4,3,4,1,1,4,3,3,3,6,2,7,0,1,3,1,2,3,4,1,1,0,0,2,6,0,1,0,0,0,1,3,14,2,2,1,3,3,0,0,2,2,2,0,1,2,1,3,7,0,2,1,2,5,6,8,3,1,1,2,5,3,5,1,1,5,4,0,0,1,1,4,1,15,2,2,7,0,4,2,7,0,6,1,5,2,4,2,3,0,0,1,0,3,1,0,2,1,2,4,6,0,0,0,0,1,2,1,5,2,0,0,0,1,1,2,0,1,4,1,1,1,0,0,3,2,8,1,4,1,20,1,4,1,0,1,2,1,1,2,0,1,13,1,1,1,2,1,0,7,3,1,4,0,3,0,3,1,3,3,3,1,0,1,0,0,2,3,0,0,0,4,5,2,0,1,0,0,0,1,3,1,0,1,6,2,1,3,3,0,0,3,0,0,1,1,1,3,1,4,2,3,4,2,2,0,14,1,2,2,2,1,0,0,0,1,0,4,0,1,2,2,3,0,2,1,1,5,4,1,4,0,0,0,23,3,1,0,1,0,1,3,2,0,0,2,1,0,3,1,4,0,0,1,5,1,2,2,0,6,2,5,1,0,2,1,0,1,4,0,2,1,4,1,2,6,0,1,1,1,0,0,2,4,2,1,2,0,0,4,2,3,2,0,1,2,3,2,2,9,2,3,3,1,2,3,2,0,2,3,10,1,1,4,0,0,1,3,0,8,7,4,2,1,1,0,0,1,0,3,3,1,3,0,0,1,1,1,3,1,0,6,1,3,1,3,0,8,2,1,2,2,0,0,1,1,1,1,1,0,1,2,1,2,4,2,3,12,3,1,5,4,1,1,0,3,0,1,2,2,0,1,5,1,2,1,0,3,0,2,0,0,2,0,0,3,0,8,1,3,2,0,2,2,7,2,1,1,3,6,2,0,0,0,3,1,0,3,3,0,0,4,0,10,3,0,1,0,1,3,1,1,0,16,2,4,1,0,1,0,4,3,0,3,0,1,16,4,1,6,7,2,3,2,5,0,1,1,3,1,4,0,10,3,4,2,2,5,1,0,2,3,2,4,3,0,1,1,1,0,2,3,1,0,2,1,1,2,3,2,11,0,0,5,2,1,28,1,2,3,2,1,2,8,0,4,2,0,11,3,0,0,0,2,0,2,1,0,2,0,4,1,0,0,0,2,4,5,1,1,2,1,0,1,1,2,0,2,0,3,4,2,2,4,2,0,2,1,3,3,4,3,4,0,0,20,24,0,1,0,5,0,11,3,1,1,4,3,1,4,3,1,2,1,1,2,1,3,1,0,3,1,1,1,2,3,0,6,12,9,5,8,3,1,8,4,1,4,5,1,5,0,1,2,6,8,1,0,0,2,3,1,2,0,0,1,3,2,10,0,0,0,2,0,1,1,1,10,4,4,1,2,1,3,3,2,1,1,2,5,0,3,1,0,5,0,1,5,2,0,2,6,2,1,1,1,2,6,3,4,2,1,2,0,0,5,0,6,2,3,1,0,0,8,3,4,2,3,11,2,0,0,0,1,1,1,3,1,1,1,2,0,1,0,1,1,3,0,2,5,2,3,1,0,10,3,0,4,1,4,0,1,0,0,10,2,2,0,1,0,0,8,0,2,1,0,1,1,0,0,6,1,4,0,3,3,2,1,14,2,1,14,3,0,0,3,2,0,1,1,1,2,2,0,3,4,7,0,0,0,11,7,0,0,3,1,2,0,1,0,1,1,5,1,5,6,1,3,0,3,1,7,2,1,0,3,1,9,5,3,1,0,3,0,0,1,1,2,0,0,1,7,3,2,3,7,3,8,22,0,4,9,2,0,9,1,2,1,0,1,1,5,1,3,3,11,2,0,2,0,2,2,2,1,4,3,1,3,0,2,2,4,2,0,3,1,3,1,0,3,0,3,1,0,4,0,0,5,0,1,0,2,1,42,0,5,1,4,2,1,4,2,1,6,1,0,5,0,1,7,0,1,4,1,1,0,10,0,4,1,6,1,4,1,2,4,0,1,1,14,1,4,0,0,8,3,4,3,2,3,0,2,2,0,9,13,4,1,1,3,3,1,5,1,19,2,0,2,0,4,3,1,2,1,3,1,1,0,1,4,0,1,16,1,2,3,0,1,5,0,1,1,3,2,2,1,4,1,2,0,1,1,1,2,2,2,2,1,0,1,3,2,3,1,1,0,2,2,0,0,2,1,2,1,4,0,0,3,1,0,0,3,1,1,3,4,0,1,6,10,0,1,2,4,5,0,0,4,2,0,2,0,0,5,3,2,1,0,2,1,1,1,2,8,2,0,11,1,3,0,1,1,0,1,0,2,0,2,1,2,1,4,2,3,0,1,0,0,0,3,5,0,12,2,4,0,4,1,1,1,4
LY86,0,0,0,0,0,0,0,0,1,0,2,0,4,0,0,0,0,1,0,0,0,0,1,2,0,0,0,0,0,3,0,0,3,0,0,0,1,0,1,0,0,0,1,0,0,0,3,0,0,0,0,0,1,0,0,0,1,0,0,0,4,0,0,0,0,0,0,0,2,1,0,0,0,1,2,0,0,0,1,0,0,0,0,2,0,0,0,1,0,0,0,0,0,0,1,2,0,0,1,3,0,0,1,0,0,0,0,0,0,0,0,0,0,1,0,0,0,0,3,2,0,0,0,0,0,0,0,0,1,0,0,0,0,0,0,0,1,0,2,0,0,0,0,6,2,0,3,1,0,0,1,0,0,0,0,0,0,0,0,0,0,0,0,0,0,0,1,0,1,12,0,0,0,0,1,0,0,0,3,0,0,0,2,2,0,2,0,0,0,6,2,3,0,0,0,3,0,0,0,3,0,0,2,0,0,0,1,0,0,0,0,0,0,0,0,0,1,0,0,3,0,0,0,0,0,0,0,0,0,0,0,0,0,0,3,0,0,2,1,2,1,0,1,0,0,0,0,0,4,1,0,0,0,0,0,0,0,0,1,0,0,1,0,1,0,0,0,0,0,0,0,3,0,0,0,0,0,2,1,0,1,0,0,0,0,0,0,1,0,0,0,0,1,0,0,0,0,0,4,0,0,0,0,0,2,0,0,1,1,1,0,0,0,0,0,0,0,0,1,0,0,0,2,0,0,0,1,0,0,0,0,0,0,1,2,0,0,1,0,5,0,0,2,0,1,0,0,1,0,3,0,0,0,0,0,1,0,0,0,0,0,1,1,2,0,0,4,0,0,0,0,3,1,0,0,3,0,0,1,1,3,0,1,0,0,0,0,0,0,0,0,1,0,1,0,1,1,0,0,0,0,0,0,1,1,0,1,1,1,0,0,1,2,0,0,7,0,0,0,0,1,0,0,0,0,0,0,0,0,0,0,0,0,0,1,0,1,0,0,3,0,0,5,0,0,3,0,0,0,0,0,0,0,0,1,0,0,0,1,2,0,0,0,0,0,0,0,0,3,2,0,1,0,0,1,1,0,0,0,0,1,0,0,0,3,0,0,0,0,0,0,0,0,0,0,4,0,0,0,0,0,0,0,0,0,0,2,3,0,0,0,0,0,0,0,0,0,0,0,0,0,0,0,2,2,0,0,2,3,0,1,0,1,0,1,3,0,2,0,0,0,0,0,0,0,0,1,0,2,0,0,2,0,0,1,0,0,2,0,0,1,0,1,0,0,0,0,0,0,0,0,0,0,0,0,0,0,0,1,0,1,0,0,1,0,0,2,1,4,0,0,3,0,7,0,1,0,0,0,1,0,2,2,0,0,4,0,0,0,0,1,1,1,0,0,0,0,0,0,3,0,0,0,0,0,0,0,1,0,0,0,0,0,0,0,0,0,0,0,2,0,3,0,0,0,0,0,0,0,1,0,0,0,0,0,1,1,0,1,4,1,2,0,0,0,0,1,0,0,2,0,0,0,0,0,0,0,1,1,0,0,3,0,0,1,0,0,0,0,0,0,0,0,0,0,0,0,0,0,2,0,0,0,0,0,1,0,0,0,2,0,0,1,1,2,1,0,0,0,0,0,0,0,0,0,0,0,0,0,0,0,0,1,0,0,0,1,1,0,1,1,0,0,0,0,0,0,0,0,0,0,0,0,0,0,0,0,0,0,0,1,1,0,1,4,1,0,0,0,0,0,0,0,0,0,1,1,0,0,0,1,0,0,0,2,0,0,0,0,0,0,0,0,0,2,0,0,0,0,0,0,0,0,0,0,0,0,0,0,0,0,0,0,1,0,0,1,0,0,0,0,0,4,2,2,0,0,0,0,2,0,0,2,0,0,0,0,0,2,3,2,2,0,0,0,1,0,1,0,0,0,1,1,0,0,0,1,2,0,1,0,1,0,0,1,0,0,0,0,0,1,1,3,0,0,0,0,0,2,1,0,1,0,3,1,0,1,0,1,0,0,0,0,2,1,0,0,0,1,0,0,0,0,0,0,0,1,3,5,2,1,0,0,0,0,0,0,0,0,1,0,5,1,0,0,1,0,0,0,1,0,6,1,0,0,0,0,2,0,0,3,0,0,0,1,0,0,0,0,0,1,0,0,0,0,0,1,0,0,1,0,0,0,0,1,5,0,0,2,0,0,1,3,0,0,1,0,0,0,0,0,0,0,1,0,0,0,0,0,0,2,0,1,0,0,0,0,0,1,0,0,1,0,0,0,0,1,0,0,0,0,0,0,0,0,0,1,1,4,0,2,1,0,0,0,0,0,0,0,0,1,2,0,0,0,0,0,0,0,0,0,0,0,0,0,0,0,0,0,0,0,1,0,0,0,1,2,0,0,1,0,0,2,2,0,0,0,0,0,1,5,0,0,1,0,1,0,1,0,3,0,0,0,0,0,0,0,0,2,1,1,0,0,6,0,1,0,0,2,0,0,1,1,0,0,0,0,0,2,0,0,0,1,0,0,0,0,0,0,0,0,0,1,0,0,0,0,0,1,1,0,0,0,0,0,0,0,1,0,0,0,0,2,0,0,0,0,0,0,0,1,0,0,2,0,0,0,1,0,0,0,0,0,0,0,0,3,0,0,0,1,0,0,1,0,0,0,0,0,3,0,0,0,0,0,0,0,0,0,0,0,0,0,1,0,0,1,0,2,0,0,0,0,0,0,0,0,1,0,0,0,0,0,2,0,0,0,0,0,0,0,1,0,0,0,1,2,0,0,0,0,0,1,0,0,0,0,0,0,0,0,0,0,0,0,0,0,0,1,0,2,0,0,0,2,0,1,0,0,0,0,0,2,2,0,4,0,0,0,0,0,0,0,0,0,0,0,0,0,0,0,0,2,0,0,2,0,0,1,0,0,0,0,0,0,0,0,0,1,0,0,1,0,1,1,0,0,0,0,0,0,0,0,0,0,0,1,0,0,0,0,3,0,0,0,0,0,1,0,1,0,0,1,1,0,0,0,0,0,3,1,0,0,0,0,2,0,0,2,0,0,0,0,0,0,0,6,0,0,0,0,0,0,2,1,1,1,0,0,0,1,0,0,1,2,0,0,0,0,1,0,0,0,0,0,0,3,0,0,0,1,0,0,0,0,1,0,1,2,2,0,0,0,0,0,1,0,0,0,0,0,0,0,0,0,0,0,4,0,0,0,0,0,0,0,0,0,0,0,0,0,0,0,0,0,0,0,0,0,2,0,0,0,0,1,0,0,0,0,1,0,0,0,0,0,3,0,2,0,0,0,0,0,0,0,0,1,1,0,0,1,0,0,3,10,0,0,0,0,2,0,0,0,0,0,1,0,1,1,0,0,0,0,0,0,0,0,4,0,0,0,0,0,0,1,0,1,0,0,1,0,0,0,0,0,0,0,0,0,0,1,0,1,0,3,1,0,7,0,0,0,0,0,0,0,0
RNF130,0,0,0,0,0,1,2,0,0,0,1,0,2,0,0,3,0,0,1,0,0,0,2,1,0,0,0,0,0,0,0,0,0,4,0,0,0,0,0,0,0,0,2,0,0,0,0,1,0,0,0,0,3,0,0,1,0,0,0,0,1,0,0,2,0,0,0,0,2,0,0,2,0,3,2,0,0,2,0,1,0,0,0,1,0,0,0,0,0,0,0,0,0,0,0,3,1,0,1,0,0,0,0,0,0,2,0,0,3,0,0,0,0,0,0,0,0,0,1,0,0,0,5,1,0,0,0,0,2,0,0,0,0,0,0,0,0,0,0,1,0,0,0,0,3,0,3,1,0,0,3,1,0,0,0,0,0,0,0,1,0,0,1,2,0,0,0,0,1,4,1,0,0,0,0,0,0,0,2,0,0,0,0,0,1,1,0,0,1,0,1,6,0,0,0,0,0,0,0,0,0,0,1,0,0,0,0,0,0,0,0,0,0,0,0,1,0,0,1,6,0,0,4,1,0,0,0,1,0,0,0,0,3,0,2,0,0,0,0,0,0,0,0,1,0,0,0,1,3,0,1,0,0,0,0,0,0,0,0,0,0,0,0,2,0,0,0,0,0,0,0,4,2,0,0,0,0,4,3,0,4,0,0,0,1,0,0,0,0,0,0,0,5,0,0,0,1,0,3,0,1,0,0,0,1,0,0,0,2,0,0,0,0,0,0,0,0,0,0,0,0,0,0,0,0,0,1,0,0,0,0,1,0,0,2,0,0,1,0,1,3,1,0,0,0,0,0,1,0,0,1,0,3,0,0,1,0,0,3,0,0,0,0,0,0,0,0,0,0,0,0,2,0,0,1,10,0,0,0,2,0,0,0,0,0,0,0,0,0,0,0,4,0,2,0,1,0,0,0,0,0,0,0,0,2,0,0,0,0,0,0,0,0,0,0,2,0,0,0,0,1,0,0,0,1,0,0,0,1,1,0,0,0,0,0,0,1,0,0,3,0,0,1,0,0,3,0,0,0,0,0,0,0,0,2,0,0,0,3,0,1,0,0,0,3,1,0,0,1,3,0,1,0,0,0,1,0,0,0,0,2,1,0,0,1,0,0,0,0,0,0,0,0,0,0,0,0,0,0,0,1,1,0,0,0,0,0,3,0,0,0,0,0,0,0,0,0,1,0,1,1,0,0,2,2,0,1,0,0,0,2,1,0,0,4,0,0,0,0,1,2,1,1,0,0,0,0,0,1,0,0,2,0,0,2,5,0,2,0,0,0,0,0,0,0,0,0,0,0,0,0,0,0,0,0,1,0,0,1,0,0,0,0,1,0,0,0,0,1,0,0,0,0,3,0,0,0,0,0,0,0,3,0,0,0,2,4,0,0,0,2,0,1,0,0,0,0,1,0,1,0,1,0,0,0,0,0,1,0,0,0,0,1,0,1,0,0,0,0,1,0,1,0,0,0,0,1,1,0,0,1,0,0,1,0,2,0,0,0,1,0,0,0,0,0,0,1,0,0,0,0,0,1,1,0,0,0,2,0,0,0,3,0,0,0,0,0,0,1,0,0,0,0,0,0,0,0,0,0,0,0,0,1,0,0,2,0,0,0,0,0,0,0,0,1,0,0,2,0,0,0,0,0,0,0,0,0,0,0,0,0,0,0,0,3,0,0,0,0,0,0,0,0,0,0,0,0,0,0,0,0,1,0,0,0,1,0,0,0,0,0,3,0,0,1,0,0,0,0,0,0,0,0,0,2,0,0,0,1,0,2,0,0,0,1,3,0,0,0,0,0,0,0,0,1,0,0,0,2,1,0,0,0,0,0,0,0,1,1,0,0,1,0,1,0,0,0,0,0,0,0,0,3,0,0,0,0,0,0,0,0,0,0,0,0,0,0,0,2,0,0,3,0,0,0,0,0,0,0,0,0,0,0,0,0,0,0,1,0,0,0,0,0,0,0,0,0,1,0,0,0,0,2,0,0,0,0,1,0,2,0,0,3,2,1,0,0,0,0,0,0,0,0,3,0,3,0,0,0,0,0,1,0,0,0,0,1,0,1,0,1,0,0,0,0,0,0,0,0,0,0,1,2,0,3,1,0,0,1,0,0,0,0,0,0,0,0,3,0,0,0,0,0,1,0,1,0,2,0,0,1,0,3,0,0,0,0,0,0,1,0,0,0,0,2,5,0,0,0,1,0,2,0,0,0,0,0,0,0,0,0,0,0,5,0,0,0,0,0,0,0,0,0,0,0,0,0,0,0,0,0,3,0,0,0,0,0,0,0,0,0,0,0,0,0,0,0,0,2,0,0,0,0,0,1,0,0,1,0,0,3,0,0,0,0,3,0,4,1,0,0,0,0,0,0,0,0,0,0,0,0,3,0,0,0,0,2,0,0,0,0,0,1,0,2,0,0,1,0,1,2,0,0,2,0,3,0,2,0,3,3,2,0,0,1,0,1,0,0,0,0,0,0,7,0,0,0,0,3,0,1,0,0,1,2,0,1,0,0,0,0,0,0,0,0,0,0,1,0,0,0,0,3,0,1,0,0,0,3,0,0,0,0,0,0,0,0,1,0,0,0,0,2,0,0,0,0,0,4,0,3,1,0,2,0,0,0,0,0,0,0,0,0,0,0,0,0,0,0,1,0,0,0,1,1,0,1,0,1,2,0,0,0,0,0,0,0,0,0,1,0,0,0,0,0,0,2,0,0,1,0,0,0,0,0,0,0,3,0,1,0,0,0,5,0,0,3,0,0,0,0,0,0,0,0,0,1,5,0,0,2,5,0,0,0,2,4,0,0,0,0,0,0,0,0,0,1,1,0,0,2,0,0,3,0,0,1,0,0,0,1,0,0,1,0,1,2,0,0,0,0,0,0,0,0,0,4,0,2,1,5,0,0,0,0,0,0,0,0,1,0,0,0,0,0,0,0,0,1,0,2,0,0,1,0,0,1,0,0,0,0,0,0,0,0,0,0,0,0,0,0,1,2,2,0,0,1,0,0,4,0,0,0,0,0,0,1,0,0,0,3,0,0,0,0,0,0,0,1,0,0,0,0,0,1,0,0,0,3,0,0,3,1,1,0,2,0,0,0,0,0,1,0,0,1,0,0,0,0,3,0,0,0,0,0,0,0,0,0,0,4,0,0,0,0,2,0,2,0,3,0,2,1,0,0,1,1,1,0,0,0,0,0,0,1,0,0,3,0,0,1,0,0,1,0,0,0,0,0,0,0,1,0,0,0,0,0,0,0,1,0,0,0,0,2,0,1,0,0,0,0,0,0,0,0,2,0,0,0,0,0,0,1,0,0,0,1,1,0,0,0,0,0,1,6,0,0,0,0,3,0,0,0,0,0,0,0,1,2,0,1,0,0,3,0,0,0,0,1,0,0,2,0,0,0,0,0,0,0,0,0,0,0,0,0,0,0,0,0,0,0,2,0,0,1,0,0,6,0,0,0,0,0,0,0,0
HVCN1,0,0,0,0,0,0,2,0,0,0,0,0,0,0,0,1,0,0,0,0,1,0,0,0,0,0,0,0,0,2,0,0,2,0,0,0,0,0,0,1,0,0,0,0,0,2,1,0,0,0,0,1,0,0,0,0,0,0,0,0,0,0,0,1,0,0,0,0,0,0,0,0,0,0,0,0,0,0,0,0,0,0,0,0,0,0,0,0,0,0,0,0,0,0,0,0,0,1,2,0,0,0,0,0,0,0,0,0,1,0,0,0,0,0,0,0,0,0,1,0,0,0,1,0,0,0,0,1,2,0,0,0,0,2,0,0,0,0,0,0,0,0,0,1,0,0,0,0,0,0,0,0,0,0,0,0,0,0,0,1,0,0,2,0,0,0,0,0,0,1,0,0,0,0,0,0,0,0,0,0,0,0,0,3,0,1,0,0,0,1,0,0,0,0,0,2,0,0,0,2,1,0,0,1,0,0,2,0,3,0,0,0,0,0,1,0,0,0,0,0,0,0,1,1,0,0,2,0,0,0,0,0,2,0,1,0,0,2,0,1,0,0,0,0,0,1,0,0,1,0,0,0,2,0,2,0,0,0,2,0,0,0,0,1,0,0,0,0,0,0,0,0,0,0,0,0,0,2,0,0,0,0,0,0,1,0,0,0,0,0,0,0,0,0,0,0,0,0,0,0,0,0,0,0,0,0,0,0,0,0,0,0,0,0,0,0,0,0,0,0,0,0,1,0,0,0,0,3,1,0,0,0,0,1,1,0,0,0,0,0,0,0,1,0,1,1,0,1,0,0,1,0,1,0,0,0,1,0,1,0,0,2,4,0,0,0,2,0,0,0,0,0,0,0,0,0,0,0,0,0,0,0,0,0,0,0,0,0,0,0,0,1,0,0,0,0,1,0,0,0,0,0,1,0,0,0,0,0,4,0,0,0,0,0,1,0,0,2,0,0,0,0,0,0,1,0,0,0,0,0,1,1,0,0,0,1,0,0,0,0,0,0,0,0,0,1,0,0,0,0,0,0,0,0,0,0,0,0,0,1,0,0,0,0,0,0,0,0,0,0,0,0,0,0,0,0,0,0,0,0,0,0,0,0,0,0,0,0,0,0,0,1,0,1,0,1,0,0,2,0,0,0,0,0,0,0,2,0,0,0,0,0,4,1,0,0,0,0,0,0,0,0,0,2,0,0,0,3,0,0,0,1,0,0,0,0,0,0,0,0,0,0,0,0,0,0,0,0,0,0,0,1,0,0,0,1,3,0,0,0,0,0,2,1,0,1,0,0,0,1,1,0,0,0,0,0,0,0,0,0,1,0,0,0,0,0,4,0,3,0,0,1,0,0,0,2,0,0,1,0,0,1,0,0,0,0,0,0,0,0,1,2,0,0,0,0,0,0,0,0,0,0,0,0,0,0,0,0,0,0,1,0,0,0,0,0,0,0,0,1,0,0,0,0,0,0,0,0,0,1,0,0,0,0,0,0,0,0,1,0,0,0,2,0,0,0,0,0,0,1,1,0,1,0,1,0,1,0,0,0,0,0,0,0,0,0,0,0,0,0,0,0,0,0,0,0,0,0,2,0,0,0,1,0,0,0,0,0,0,0,0,0,1,0,0,0,0,0,0,0,0,0,0,0,0,0,0,0,0,0,0,0,1,0,0,0,0,0,0,1,1,1,1,1,0,0,4,0,0,0,0,0,0,0,0,0,0,1,0,0,0,0,0,0,0,2,1,0,0,0,0,0,0,0,0,0,0,0,0,0,0,0,0,0,1,1,0,0,0,0,0,0,0,1,2,0,0,0,0,0,0,0,2,0,0,0,0,2,6,0,0,0,0,0,0,0,0,0,0,0,0,1,0,4,0,0,0,1,0,0,0,0,0,1,0,0,0,0,1,0,0,0,0,0,0,0,0,0,0,0,0,0,1,0,0,0,0,0,0,1,0,0,0,0,0,0,0,0,0,0,0,0,1,0,0,0,0,0,2,0,0,1,0,1,0,0,0,0,0,3,0,0,0,0,0,1,0,0,0,0,3,0,0,0,0,0,3,0,0,0,0,0,0,0,0,0,0,0,0,1,0,0,1,0,1,0,0,0,0,1,0,1,0,0,0,0,0,0,0,0,1,0,1,0,1,0,0,0,0,0,0,0,0,0,0,0,0,0,0,0,0,0,0,0,0,0,0,0,0,1,1,1,0,0,0,1,0,0,0,1,0,0,0,0,0,0,0,0,0,0,0,0,0,0,0,0,0,0,4,0,0,0,0,0,0,0,0,0,0,0,0,0,0,0,0,0,0,1,0,0,3,0,0,0,0,0,0,0,0,0,0,0,0,0,0,0,0,0,0,0,0,0,0,0,0,0,0,0,0,0,0,0,0,0,0,3,0,0,1,0,0,0,0,1,0,0,0,0,0,0,0,0,0,0,0,0,0,1,0,0,0,0,0,0,0,0,1,0,2,1,0,1,0,0,0,0,0,0,0,0,0,0,1,0,0,0,0,0,0,0,0,0,3,0,0,0,1,0,0,0,0,0,1,0,0,0,0,0,0,1,0,0,0,1,0,0,2,4,0,0,0,0,1,0,0,2,0,0,1,0,0,1,0,1,1,0,0,2,0,0,0,0,0,1,0,0,2,0,0,0,1,0,0,4,1,0,0,0,6,1,0,1,1,0,1,0,0,0,1,1,0,0,0,0,0,0,0,0,1,0,0,0,0,0,0,0,2,0,0,0,1,0,0,1,0,0,0,0,0,0,0,0,0,0,1,1,0,0,0,0,0,1,0,0,0,0,0,0,0,0,0,0,0,0,0,2,0,0,1,0,0,1,1,0,0,0,1,0,0,0,1,1,0,0,0,3,0,0,0,0,0,0,0,0,0,0,0,0,1,1,1,0,0,0,0,0,0,0,0,0,3,0,1,0,0,1,0,0,0,0,0,2,0,0,0,0,0,1,0,0,4,0,0,0,0,0,1,0,0,0,1,1,0,0,0,0,0,1,0,0,0,0,0,2,0,0,0,0,0,0,0,0,0,0,0,0,0,0,0,0,0,0,0,0,0,1,2,0,0,0,0,2,0,0,0,2,0,1,0,0,0,0,0,0,1,0,0,0,0,0,0,0,0,0,0,1,1,0,0,0,1,0,0,0,0,0,0,0,0,0,0,0,0,0,0,0,0,0,1,0,0,0,0,0,0,0,0,1,0,0,0,1,1,0,0,0,0,0,0,0,0,0,3,0,0,0,0,0,0,0,0,0,0,0,1,0,0,0,0,0,0,0,0,0,0,0,0,0,0,0,0,0,0,0,0,0,0,0,0,0,0,0,1,0,0,0,0,0,0,0,0,0,0,0,0,0,1,0,0,0,0,0,0,1,0,0,0,0,0,0,0,0,0,0,0,0,0,1,0,0,0,0,0,1,0,0,0,0,0,0,0,0,0,0,1,0,0,1,0,0,0,0,0,0,0,0
LBH,2,0,2,0,0,0,0,3,1,0,0,0,0,3,0,1,0,2,0,0,1,0,0,0,0,0,2,0,3,1,0,5,1,0,0,0,0,6,0,1,2,0,0,0,1,1,0,0,0,0,0,1,0,1,1,0,1,3,1,0,0,1,1,0,2,1,0,0,0,0,0,0,0,0,0,1,0,0,0,0,1,0,0,1,0,2,0,2,0,2,0,1,0,0,1,0,0,0,0,1,0,2,0,2,1,0,0,4,0,0,0,1,0,0,1,3,0,0,0,0,0,0,0,0,0,1,0,0,0,0,0,1,0,1,0,0,0,0,0,0,0,1,0,1,0,0,0,0,5,0,0,0,0,1,0,0,1,0,0,0,1,0,0,0,3,1,0,1,0,0,1,0,0,0,1,0,0,2,0,3,0,2,0,1,0,0,1,0,0,0,0,0,1,3,3,0,0,2,0,1,0,1,0,0,1,1,1,2,1,2,0,3,0,1,1,0,1,1,0,0,0,0,0,0,5,1,2,0,1,2,1,2,0,3,0,1,0,2,0,0,0,1,0,0,1,2,1,0,0,0,1,0,0,1,0,1,0,0,0,0,2,0,3,0,0,2,1,0,2,0,4,0,0,0,0,0,0,0,0,0,0,0,1,0,1,0,1,0,2,3,1,0,0,2,2,2,0,0,0,0,2,2,1,0,0,0,1,0,0,0,0,0,1,0,1,1,0,0,0,0,1,0,0,0,1,1,0,1,2,0,0,0,0,0,0,0,1,0,0,0,0,0,0,2,1,0,0,0,1,0,0,1,0,0,0,0,0,1,0,0,2,0,0,0,2,2,1,0,2,2,0,0,3,1,0,0,3,2,2,0,0,1,0,2,0,0,1,0,1,0,2,1,1,0,1,0,6,0,0,0,0,1,0,1,0,1,1,1,1,1,0,3,0,2,1,0,0,0,1,0,0,1,0,3,0,1,1,1,1,0,1,0,1,1,0,1,0,0,2,0,0,1,0,0,1,0,0,2,0,0,1,1,0,0,0,0,0,0,0,0,0,4,1,1,0,0,0,2,0,0,0,0,1,0,0,1,0,2,1,0,0,1,0,0,0,2,1,3,3,0,1,2,2,0,0,0,4,0,2,2,0,0,2,0,0,1,2,0,1,0,0,0,2,0,0,1,0,1,1,0,0,0,0,0,0,0,1,0,0,0,0,3,0,2,1,0,0,0,0,0,0,0,0,2,0,1,0,1,0,3,0,3,1,0,0,0,1,0,0,0,0,1,3,0,0,1,1,1,2,0,0,0,5,0,1,0,1,0,0,2,2,0,0,0,0,1,0,1,1,0,0,1,0,1,1,0,1,0,0,0,0,0,0,2,0,0,0,1,0,1,0,3,1,0,1,3,0,2,0,0,0,0,2,0,0,0,0,0,0,2,0,0,0,1,0,0,1,1,3,0,1,0,1,3,0,1,0,0,0,0,0,0,1,0,1,0,0,1,1,0,0,0,1,1,2,0,0,0,1,0,0,1,0,0,3,1,0,0,1,1,0,0,0,1,0,0,0,0,0,0,0,1,0,0,1,0,0,0,2,0,1,0,0,0,0,0,2,1,1,0,2,3,0,4,0,2,1,2,0,1,1,2,1,1,0,0,2,0,0,1,2,0,1,1,0,2,0,0,1,0,0,1,1,0,1,1,0,1,0,2,0,2,0,5,0,2,2,2,1,0,0,0,2,0,0,0,1,0,6,2,2,1,0,1,0,0,1,1,0,0,0,2,1,0,0,0,1,0,1,0,2,0,1,0,0,1,0,3,0,3,1,0,1,0,1,3,1,0,3,3,0,0,0,0,0,1,0,0,0,0,0,0,0,4,0,0,0,0,1,0,1,1,0,0,0,0,0,1,0,2,0,0,3,0,1,2,0,0,0,2,0,0,0,1,4,0,0,0,0,1,0,1,0,1,2,0,3,0,1,1,0,0,0,2,2,1,1,0,0,0,0,0,0,0,0,0,3,2,0,1,3,1,1,0,0,0,0,3,0,3,1,2,0,0,0,0,0,2,0,0,1,0,0,0,0,0,1,3,3,1,1,0,0,1,0,0,2,0,0,0,0,1,0,0,1,0,2,1,0,0,1,0,1,1,1,1,0,0,0,2,0,1,0,1,0,0,0,4,1,0,0,1,0,1,0,0,0,0,2,0,1,0,0,2,3,1,1,1,0,1,0,0,1,0,0,1,0,0,4,2,1,2,1,1,0,2,1,1,0,0,0,0,0,0,2,1,0,1,0,1,0,0,0,0,1,2,0,0,0,1,1,0,1,1,1,0,1,0,1,0,0,0,0,1,0,0,1,1,0,0,0,0,0,0,0,2,2,2,2,0,1,0,2,1,3,1,0,0,0,1,1,2,0,0,0,3,0,0,0,0,0,0,0,0,0,1,1,0,0,0,0,0,0,1,0,0,0,1,0,1,0,1,1,0,1,0,0,1,0,0,0,0,0,0,0,2,0,0,1,0,0,0,0,2,0,1,1,0,1,2,1,0,0,1,1,0,2,1,0,1,0,0,3,2,0,1,2,2,2,1,0,1,0,2,2,1,0,0,0,0,0,0,0,0,2,0,2,1,0,2,0,3,0,0,0,0,1,0,1,0,1,1,0,2,1,2,0,0,3,0,2,0,0,1,1,1,0,2,0,0,0,1,1,0,2,0,0,1,0,2,1,0,0,1,1,0,2,0,1,0,1,3,1,0,0,5,0,1,1,0,1,0,2,1,0,1,0,0,0,1,0,0,1,0,1,1,0,2,2,1,1,2,0,0,1,0,1,0,0,1,0,4,1,1,0,2,0,1,0,2,1,2,0,0,0,1,0,1,1,1,0,0,0,2,2,1,0,1,0,0,0,1,0,0,0,0,1,0,1,0,0,0,1,1,0,1,0,0,0,1,0,0,1,0,0,1,0,1,1,2,2,0,2,0,0,1,0,1,0,5,0,0,0,0,0,1,1,0,1,0,2,1,0,1,0,1,3,1,4,1,0,1,0,1,1,1,0,1,0,1,2,5,1,3,0,0,0,2,0,1,3,0,2,0,0,0,0,1,0,0,0,0,2,2,0,3,0,1,0,0,1,1,0,0,1,1,0,1,0,0,1,1,4,0,3,0,0,0,2,0,0,0,0,0,3,0,0,1,0,0,0,1,0,1,0,0,0,1,0,0,0,0,0,0,2,0,3,2,0,1,1,1,1,3,1,1,0,2,1,0,0,1,0,2,0,0,2,3,1,0,0,1,1,0,1,0,2,4,1,2,1,3,0,0,2,1,0,0,1,0,0,0,1,0,0,1,1,1,0,0,2,2,0,1,0,0,2,0,1,0,0,0,1,0,1,1,1,0,0,0,0,0,0,1,0,4,0,0,0,0,2,1,1,0,0,1,0,4,0,1,0,0,0,0,0,0,0,0,0,0,1,1,2,0,0,0
ND4,18,7,6,7,6,19,11,17,9,2,25,9,23,7,1,41,10,5,22,7,4,11,16,16,4,10,16,9,11,19,10,23,19,25,7,3,16,18,22,7,9,6,19,13,9,9,14,13,14,17,5,11,14,8,5,21,4,13,18,16,37,5,12,17,5,8,12,2,35,12,2,25,7,19,12,7,6,26,1,18,6,10,8,22,9,10,6,12,7,7,12,2,13,21,10,22,1,7,18,46,10,14,16,13,22,21,8,3,22,12,16,19,8,21,8,24,18,18,22,8,3,8,22,7,11,11,9,3,21,9,7,16,7,7,4,5,13,8,17,12,6,16,9,18,48,8,18,13,19,4,28,3,6,13,14,17,16,12,3,19,4,17,32,15,9,14,30,3,24,41,4,4,11,7,25,4,7,4,23,14,8,7,22,11,15,10,12,13,28,21,21,19,22,11,20,10,14,2,2,19,13,10,26,5,18,4,9,19,9,10,6,11,5,2,7,6,24,8,6,30,3,6,10,3,19,7,12,11,3,7,10,9,27,21,10,13,4,7,7,2,18,4,10,8,11,9,10,22,50,13,3,22,7,9,15,12,7,15,13,20,4,6,10,15,13,18,11,5,23,17,3,46,10,7,6,8,4,35,28,9,21,13,26,9,9,12,14,6,11,10,13,6,30,2,13,12,12,4,23,1,15,12,7,9,16,6,11,6,15,12,5,6,11,10,11,9,8,17,16,13,16,4,37,3,8,4,23,20,12,8,8,18,13,2,16,3,3,11,11,39,46,8,20,19,13,3,4,13,9,15,21,9,34,5,14,8,5,17,38,13,11,9,12,4,3,7,55,17,14,10,5,14,2,4,6,33,9,25,10,28,11,5,20,6,9,7,12,34,9,10,29,45,7,13,12,21,16,27,9,17,14,16,4,11,8,21,14,23,25,23,10,5,20,16,11,28,2,15,8,7,17,21,25,9,25,8,10,17,14,11,6,10,12,9,24,9,19,17,11,24,9,26,43,9,13,47,4,5,11,2,17,18,24,12,28,11,9,29,29,9,5,16,8,4,38,17,6,8,14,8,22,21,8,4,14,19,20,9,10,8,18,17,5,20,21,18,10,17,14,17,9,20,5,9,5,12,9,7,5,7,14,11,4,4,16,8,10,36,3,7,12,14,12,16,2,16,9,15,6,18,15,16,18,14,19,20,17,4,15,31,28,22,6,7,22,15,12,24,11,3,22,16,8,3,8,11,15,5,22,7,11,48,3,4,26,20,4,32,8,5,7,12,5,4,12,13,15,10,11,7,23,9,11,6,18,15,10,9,14,18,7,9,11,17,6,12,20,4,11,8,5,9,17,31,16,21,7,8,5,9,5,39,5,3,20,40,18,13,4,11,18,5,11,5,22,11,8,8,14,19,10,13,18,1,5,3,6,9,8,20,5,12,9,7,9,5,3,10,8,22,4,3,20,6,11,9,20,13,13,11,13,8,4,6,8,13,7,9,0,26,12,29,10,12,7,17,7,1,8,8,11,6,25,9,16,12,14,16,13,11,2,36,14,5,18,17,13,9,14,7,3,8,17,12,12,16,11,7,11,15,13,13,9,15,10,24,13,4,15,38,9,11,9,15,20,12,10,17,3,11,13,5,10,16,7,17,11,11,2,14,10,10,7,8,5,4,23,14,5,9,9,9,11,8,17,1,6,3,1,5,14,15,17,13,11,7,9,6,13,14,11,11,11,7,21,9,10,7,18,12,8,4,11,11,8,9,25,3,16,11,16,12,8,9,26,18,3,13,30,9,6,5,6,6,17,5,21,20,21,8,14,12,12,7,13,11,10,8,14,6,5,6,6,12,5,8,22,10,12,8,11,11,19,14,15,27,11,10,7,5,8,5,4,10,11,8,5,15,22,29,9,17,8,17,8,35,10,40,14,18,6,5,12,3,13,3,10,25,9,11,14,24,7,4,13,11,17,15,12,4,9,10,27,7,12,9,2,8,11,23,6,3,9,28,23,8,14,0,21,9,11,19,7,13,1,29,12,15,22,6,8,13,7,13,4,5,5,6,43,27,21,5,3,13,17,9,13,10,9,7,4,43,16,12,10,22,12,18,21,33,8,18,11,5,6,10,7,16,12,4,12,5,14,17,9,4,6,13,5,19,8,12,9,4,12,4,9,12,5,17,15,14,4,6,14,25,9,10,30,9,17,65,14,7,15,7,18,13,15,13,9,12,8,37,12,4,9,5,6,7,12,7,8,8,12,11,10,14,9,7,9,20,18,8,12,13,11,12,5,6,11,17,14,9,8,12,17,9,23,12,11,9,4,7,9,16,10,8,16,10,47,23,2,13,3,25,7,34,11,1,19,9,6,7,14,5,5,7,7,4,9,19,20,6,11,16,25,4,15,10,18,9,18,23,8,6,15,12,20,21,27,20,4,13,3,10,10,18,14,32,15,8,3,13,6,20,19,12,18,3,24,22,6,46,13,13,0,8,8,14,16,16,27,8,17,13,9,6,9,4,14,17,10,7,5,7,18,9,11,18,11,14,27,10,14,18,7,5,12,7,1,5,11,7,13,9,6,26,9,14,16,16,26,7,10,9,1,3,6,4,20,4,9,40,12,12,8,3,21,10,20,10,13,12,5,22,18,16,4,5,42,8,11,26,17,7,33,13,14,25,6,6,29,8,4,7,13,4,6,15,7,19,5,10,17,21,28,6,20,13,4,13,6,11,4,4,9,24,12,25,9,13,9,20,1,11,7,6,2,11,9,24,8,6,16,42,19,24,21,7,17,20,8,3,10,11,23,7,10,14,10,11,7,1,14,7,7,27,10,17,32,25,18,17,8,19,10,16,19,8,9,11,24,30,4,11,7,7,4,10,5,13,6,12,4,2,23,10,9,25,20,13,19,38,16,20,21,5,11,18,7,23,7,4,12,8,6,16,11,14,28,13,4,18,13,11,4,12,13,11,12,4,22,8,27,13,3,10,5,23,8,19,8,23,8,11,9,19,16,19,23,10,3,9,3,7,18,13,26,14,15,20,9,8,13,11,8,14,31,6,8,19,13,11,5,4,24,3,17,13,10,20,16,21,13,22,9,23,5,16,4,22,17,12,31,11,20,5,10,27,3,16,6,6,13,9,14,11,19,12,45,19,12,10,26,21,4,18,10,48,11,18,6,7,14,19,3,3,12,9,12,9,16,10,19,8,2,42,8,18,3,9,29,28,12,4,2,6,7,11,13,5,7,13,7,13,4,12,8,15,9,2,10,5,8,6,7,16,3,13,16,10,25,4,15,19,12,16,9,15,16,7,16,17,5,2,15,17,11,12,13,18,9,21,42,5,7,19,17,36,6,23,9,16,5,18,7,22,24,15,4,7,8,15,14,7,5,35,24,8,5,28,3,15,1,16,12,11,8,15,14,4,9,8,5,11,12,14,4,8,7,11,16,1,19,3,14,37,8,17,12,30,10,2,13,10
FGR,0,2,0,1,0,0,1,0,1,0,1,0,1,0,0,2,0,0,0,0,0,0,0,1,0,0,0,0,0,0,0,0,0,0,1,0,0,0,0,0,0,0,1,0,0,0,0,1,0,0,0,0,3,0,0,0,1,0,0,0,0,0,0,0,0,0,0,0,0,1,1,1,0,0,1,0,1,4,2,3,0,0,0,0,2,0,0,0,0,0,0,0,0,0,0,2,0,0,0,2,0,0,3,1,0,1,0,2,3,0,1,0,1,1,0,1,0,0,0,0,0,1,0,0,0,0,0,0,5,0,0,0,0,1,0,0,0,0,2,0,0,0,0,0,4,1,0,0,0,1,2,1,0,0,0,0,0,0,0,0,0,0,4,1,1,0,0,0,1,8,0,0,1,1,0,0,0,0,0,0,0,0,0,0,1,0,0,0,3,5,4,1,0,0,0,0,0,1,0,0,0,0,0,0,0,0,0,0,0,1,0,0,2,0,2,0,0,0,0,1,0,0,0,0,0,0,0,0,0,0,0,0,1,4,1,0,0,0,0,0,0,0,0,0,0,0,0,2,1,1,0,0,0,1,0,0,0,0,0,1,0,0,1,3,0,0,0,0,0,1,2,3,0,1,0,0,0,3,2,0,0,1,0,0,0,0,0,0,0,0,0,0,0,0,1,0,0,0,1,0,0,1,0,0,1,0,0,1,2,1,0,0,0,0,0,0,0,0,1,0,0,3,1,0,0,0,0,0,0,0,0,3,0,0,1,0,0,1,0,1,3,0,1,0,0,0,0,0,0,1,1,0,3,0,1,0,0,0,2,0,0,0,0,0,1,1,3,0,0,0,0,1,1,0,0,4,0,0,0,2,0,0,1,0,0,0,0,0,0,1,0,2,0,6,0,1,1,0,1,3,2,0,0,0,3,0,0,0,1,1,0,0,0,0,0,3,0,0,0,0,1,0,0,1,0,0,2,0,0,0,1,0,0,0,4,0,0,0,0,2,2,0,4,0,0,5,1,0,0,1,0,0,2,0,2,0,0,0,0,0,0,0,0,0,1,0,0,0,0,0,0,1,1,0,0,2,2,2,0,0,1,1,0,0,2,0,1,0,0,0,0,0,0,0,0,0,0,0,1,4,1,1,0,0,0,0,0,3,0,0,1,1,0,0,0,0,1,0,0,1,0,1,0,1,1,1,0,0,1,0,1,0,2,0,1,1,1,0,0,0,0,0,0,1,1,0,0,0,5,0,1,5,0,0,2,6,0,6,1,1,0,0,0,0,0,0,0,0,0,0,0,1,0,0,1,2,0,0,0,1,0,1,0,0,0,1,0,0,2,0,0,0,0,3,0,3,0,0,0,1,1,1,1,0,0,2,0,0,0,0,0,0,1,0,0,0,1,0,1,3,0,0,0,0,1,0,0,5,0,0,0,0,1,0,0,0,0,0,0,0,0,0,2,1,0,0,0,0,0,0,1,0,0,0,0,1,0,0,1,1,1,0,0,2,0,0,0,1,1,0,0,0,1,1,0,0,0,0,0,0,0,3,0,0,0,0,1,0,1,0,1,0,0,0,0,0,0,0,2,1,0,0,0,0,1,1,0,0,0,0,1,0,0,0,1,0,2,0,0,0,0,0,0,0,1,0,0,0,0,1,0,0,0,0,0,0,1,0,0,1,0,0,0,1,0,2,1,0,0,0,0,0,0,0,1,0,0,0,0,0,0,0,0,0,0,0,0,0,0,0,0,0,0,0,3,1,0,0,0,0,0,0,0,0,0,0,0,0,0,0,0,0,0,0,3,0,0,0,1,0,0,0,1,0,0,0,0,0,0,0,0,1,0,1,0,0,2,0,1,1,0,1,2,0,0,0,0,1,0,1,0,1,0,1,0,1,0,0,1,0,0,0,0,0,0,1,0,0,0,0,0,0,0,0,1,0,1,1,0,1,0,0,0,0,1,1,0,2,2,0,0,3,2,2,0,2,1,0,0,0,0,0,1,0,0,0,1,0,0,0,0,0,0,1,2,1,0,0,0,0,1,0,1,0,0,0,1,1,4,4,0,2,0,0,1,0,0,0,0,0,0,4,0,1,0,0,0,0,0,1,2,0,0,0,0,0,0,3,0,0,0,0,0,0,0,0,0,1,0,0,0,0,1,0,0,0,0,0,0,0,0,0,0,0,1,3,0,0,0,1,0,5,1,1,0,0,0,0,2,0,0,0,0,5,0,0,0,0,0,0,1,0,0,0,0,0,1,0,1,0,0,0,0,0,0,0,0,0,0,0,0,0,2,0,0,0,0,1,1,0,0,0,0,0,2,0,0,0,0,0,2,1,0,0,0,0,0,2,0,0,0,4,0,1,0,0,0,0,0,0,0,0,0,0,0,0,2,0,0,0,0,0,2,4,3,0,2,2,0,0,0,0,3,1,1,0,0,0,2,1,0,2,0,0,1,3,0,0,0,0,0,0,0,5,0,0,0,0,0,0,0,0,2,0,0,0,0,0,0,0,0,0,0,0,0,0,0,0,1,0,0,0,2,0,0,0,4,0,3,0,0,0,0,1,1,0,0,0,0,0,0,0,3,0,0,2,0,0,0,0,0,0,0,2,0,0,0,0,1,0,0,0,0,3,0,0,0,0,0,2,1,0,0,0,0,0,0,0,0,0,1,0,2,0,0,0,1,0,0,1,0,0,0,0,0,0,1,1,3,0,0,0,0,0,0,0,2,2,1,0,0,0,1,4,0,0,3,0,0,0,0,3,0,0,0,1,0,0,0,0,0,6,0,0,0,0,1,0,0,0,0,0,0,0,0,0,1,1,0,0,6,0,0,0,0,0,1,0,0,0,0,0,1,1,0,2,0,0,0,0,1,1,1,1,0,0,1,0,0,1,6,0,3,0,0,0,0,0,0,3,0,0,0,0,1,0,0,0,1,0,2,0,0,1,0,0,0,0,0,0,0,0,0,0,0,0,0,0,0,0,0,0,2,2,3,0,2,0,0,2,0,0,0,0,0,0,0,3,0,1,1,0,0,0,0,0,0,0,1,0,0,0,0,0,3,0,0,1,3,0,0,7,0,3,1,2,0,1,0,0,0,2,0,0,0,0,1,0,0,3,1,0,0,0,0,0,0,0,0,0,2,0,0,0,0,1,0,0,0,4,0,0,1,1,0,1,1,0,3,0,0,0,0,1,0,1,0,1,0,0,1,1,2,3,0,0,0,1,0,0,0,0,0,0,0,0,0,0,0,0,0,0,0,0,0,1,0,0,0,1,0,0,0,0,0,1,0,2,0,0,0,1,1,0,0,0,2,2,0,0,4,0,0,2,3,0,0,0,0,1,0,0,1,0,0,0,0,1,1,0,0,1,0,0,0,0,0,0,4,0,0,2,0,0,2,0,1,1,0,0,0,0,0,0,0,0,0,0,0,0,0,0,2,0,0,0,0,7,0,0,0,0,0,0,0,0
LTA4H,0,0,0,0,0,0,1,0,0,0,2,0,3,1,0,1,0,0,5,0,0,0,0,0,0,0,0,0,2,2,1,0,2,0,0,0,0,0,1,0,0,1,1,0,0,0,1,1,0,0,0,0,1,0,0,0,0,0,0,0,0,0,0,0,0,0,0,0,0,1,0,1,0,2,1,0,0,4,0,4,0,0,1,0,0,1,0,0,0,0,0,0,1,3,0,1,0,0,1,1,0,0,0,0,0,1,0,0,0,0,1,0,1,2,0,2,0,0,3,0,1,0,1,0,0,0,0,0,0,0,0,0,0,0,0,0,3,0,0,0,0,0,1,0,4,0,2,0,0,0,3,0,0,1,0,0,0,0,0,2,0,0,2,0,0,1,0,0,0,0,0,0,0,0,1,0,0,0,1,1,0,0,0,1,2,0,0,0,0,4,3,0,0,0,0,1,0,0,0,2,2,0,4,0,0,0,3,0,0,0,1,0,0,0,0,0,0,0,0,0,1,0,1,0,0,0,0,1,1,0,0,0,16,2,1,0,0,0,0,0,3,0,1,1,0,1,0,2,4,0,0,1,0,0,0,0,0,1,0,2,0,0,0,1,0,0,0,0,0,0,0,6,2,1,0,0,1,0,3,1,3,2,0,0,2,1,0,1,0,0,1,0,1,0,0,0,0,0,2,0,0,0,0,1,1,0,0,0,5,1,0,0,0,0,0,0,0,0,0,1,0,0,0,0,0,0,1,1,2,0,0,4,0,0,0,0,0,1,1,2,6,0,3,1,0,0,0,3,0,4,3,0,4,2,0,0,2,0,1,1,0,0,1,0,0,0,1,0,0,0,0,1,0,0,0,3,0,0,0,2,2,1,2,0,0,0,0,0,0,0,0,5,0,4,0,1,0,0,1,3,3,0,0,0,1,1,0,1,2,1,0,0,1,0,0,0,0,0,0,0,0,1,1,0,1,0,0,0,0,0,0,0,0,0,0,0,0,0,1,3,0,0,2,0,0,1,0,0,0,0,1,2,1,0,2,1,0,2,6,0,1,0,2,1,3,0,0,0,5,0,1,1,1,0,0,6,3,0,2,0,1,0,0,0,0,0,0,0,0,2,0,0,0,0,0,0,0,1,0,0,0,2,1,0,0,0,0,0,1,0,1,0,0,0,0,0,0,0,1,2,0,0,0,0,4,2,0,0,4,0,3,1,0,0,3,4,1,0,2,0,3,0,0,1,1,0,1,1,2,1,0,1,0,0,2,1,0,5,0,0,0,1,1,0,0,1,0,0,0,0,1,0,0,0,0,5,0,1,0,0,1,0,2,1,0,0,2,0,1,0,0,1,0,2,0,0,0,0,2,2,0,0,0,2,2,0,2,0,0,0,1,1,0,0,0,1,0,0,1,0,0,1,0,0,1,0,0,2,0,0,0,0,1,0,1,0,0,0,1,0,0,2,0,1,0,0,1,0,0,0,0,0,0,0,0,3,1,0,0,2,1,0,1,0,1,0,1,0,0,0,0,0,1,1,0,0,1,0,1,0,0,0,1,1,2,0,1,0,0,0,0,0,0,0,0,0,0,0,0,1,0,1,1,0,0,1,1,0,0,4,0,2,0,1,0,0,0,0,0,0,0,1,1,0,2,0,0,0,0,1,0,0,0,0,0,0,1,1,0,1,0,0,0,2,0,0,0,0,0,0,0,0,0,1,0,0,0,1,0,0,0,0,0,0,1,1,0,0,0,0,0,0,0,0,0,1,1,0,4,1,0,0,0,1,1,2,0,1,0,1,0,0,0,1,5,0,0,0,2,0,0,0,0,0,0,1,0,0,0,0,0,3,0,3,0,0,3,0,0,0,1,1,0,0,0,0,0,1,0,0,1,0,1,1,0,0,0,0,1,0,0,1,1,0,0,0,0,0,0,0,0,0,1,0,0,0,0,3,2,0,2,0,0,0,0,0,0,0,0,0,0,0,0,1,0,0,0,0,0,0,0,0,0,0,0,0,0,0,1,0,0,0,0,0,0,0,2,0,1,0,0,0,0,1,0,0,2,0,2,4,4,0,0,1,1,0,1,0,0,1,0,2,0,0,1,2,0,0,1,4,1,0,0,0,1,0,0,0,0,0,0,0,0,0,1,0,0,1,0,1,1,0,0,0,0,2,0,0,0,4,0,0,0,0,1,5,0,0,1,0,0,5,1,0,1,0,0,0,0,1,1,1,1,4,0,0,0,0,0,0,2,0,0,0,0,1,0,0,0,1,0,1,0,0,0,1,0,1,0,1,1,0,3,0,0,0,1,1,3,0,1,0,0,0,1,0,0,1,1,0,0,1,0,1,0,4,0,1,3,0,0,0,0,0,1,0,0,0,0,0,0,2,0,0,0,0,1,0,0,0,0,0,3,2,0,0,0,1,0,5,4,2,0,0,0,1,0,1,3,1,2,2,0,0,0,0,2,1,0,2,2,0,0,3,0,1,0,0,0,0,1,0,3,1,3,0,0,1,0,0,0,0,3,0,0,0,1,0,0,0,0,0,2,0,1,1,0,1,0,0,0,0,0,0,0,0,0,1,0,0,0,0,2,0,0,1,0,0,1,0,1,0,0,2,2,0,0,1,0,0,2,1,0,0,0,0,0,0,0,0,4,0,0,1,0,0,0,0,0,2,0,1,1,2,0,0,0,1,1,4,1,0,0,0,0,0,3,0,0,0,0,0,0,2,0,0,0,3,0,2,0,0,0,7,0,1,4,0,0,0,1,1,0,0,0,4,0,2,0,0,3,1,0,0,0,0,3,0,0,0,0,1,0,0,0,0,1,1,2,0,5,0,1,0,0,0,1,0,0,0,2,0,2,2,0,1,0,0,0,0,0,2,0,0,0,0,3,0,1,1,1,0,2,0,0,1,0,0,1,4,0,0,1,0,1,0,0,0,0,0,1,0,0,3,3,1,0,0,0,0,0,0,0,0,0,0,0,1,0,1,0,0,2,3,0,0,1,0,0,2,2,1,0,3,0,1,0,0,3,0,1,0,0,0,0,0,0,1,0,0,0,0,0,0,1,0,1,0,2,1,0,2,0,0,1,2,0,0,0,0,1,0,0,0,1,0,2,1,1,5,0,0,0,1,1,0,1,0,1,0,5,1,0,1,0,1,0,0,0,4,0,0,0,0,1,1,0,0,0,0,0,0,0,0,2,0,1,0,0,0,1,0,0,0,0,0,0,0,0,0,1,0,1,0,1,1,0,0,0,0,1,0,0,0,2,0,0,0,0,1,0,0,1,0,2,1,0,0,0,0,0,0,0,0,0,0,0,1,0,0,1,0,0,0,9,1,0,0,0,2,0,2,0,0,0,3,0,1,1,0,0,0,0,2,0,0,1,0,2,0,0,1,0,1,0,0,0,1,0,2,0,0,0,0,0,1,2,0,0,0,0,0,2,1,0,0,1,0,0,0,0,2,0,0,0,0
BLVRB,0,0,0,1,0,1,0,0,0,0,2,0,2,0,0,3,0,0,3,0,0,0,3,0,0,0,0,0,0,1,0,0,1,0,1,0,0,0,0,0,0,1,7,0,0,0,0,0,0,0,0,0,0,0,0,1,0,0,0,0,2,0,0,0,0,0,0,0,1,0,0,0,0,1,0,1,0,1,0,0,0,0,1,1,0,1,0,0,0,0,1,0,0,1,0,4,0,0,1,0,0,0,2,0,0,2,0,0,2,0,0,0,2,1,0,0,0,1,3,0,0,0,2,0,0,0,0,0,3,0,0,0,0,0,0,0,0,0,2,0,0,0,0,0,1,0,2,1,0,0,1,0,0,0,0,0,0,0,0,2,0,0,1,5,0,0,1,0,5,4,0,0,0,0,2,0,0,0,2,0,0,0,0,0,0,0,0,0,1,1,1,0,0,0,0,0,0,0,0,1,2,0,2,0,0,0,0,0,0,0,0,0,0,0,0,0,0,0,0,0,0,0,1,0,0,0,0,1,0,0,0,0,2,0,1,0,0,0,0,0,2,0,0,0,0,0,0,4,3,4,0,1,0,0,0,0,0,0,0,0,0,0,0,0,0,0,0,0,0,0,0,3,3,0,1,0,0,1,1,0,1,1,0,0,0,0,0,0,0,0,0,0,1,0,0,0,0,0,1,0,0,0,0,0,2,0,0,1,2,0,0,0,0,0,0,0,0,0,0,0,0,0,0,0,0,0,1,0,0,0,0,0,0,0,0,0,0,2,0,0,5,0,2,0,0,0,0,0,0,0,1,0,0,0,0,1,0,0,2,1,2,0,0,3,0,1,2,0,0,0,0,0,0,0,0,1,0,0,0,3,1,0,2,0,0,0,0,0,0,1,0,1,0,0,1,0,0,0,0,0,0,0,0,0,2,0,0,0,0,0,0,0,2,0,0,1,0,0,0,0,2,0,0,0,2,0,0,0,0,1,0,1,0,0,0,0,0,0,0,3,0,1,3,0,0,2,0,0,0,0,0,0,0,0,3,0,0,2,4,0,0,0,0,0,5,1,0,0,0,1,1,1,0,0,0,0,3,0,0,0,2,0,0,0,1,0,0,0,0,0,0,0,0,0,0,1,0,0,0,0,1,2,0,0,0,0,1,4,0,0,0,0,0,0,0,0,0,0,0,0,0,0,1,2,1,0,1,1,0,0,2,0,0,0,0,0,0,1,0,0,0,0,0,0,0,0,0,0,0,0,0,0,0,0,1,5,0,0,1,0,0,0,0,0,0,0,0,0,0,0,0,0,0,0,0,2,0,0,0,0,0,0,0,0,0,0,0,0,1,2,0,0,0,0,0,0,0,0,0,0,0,4,0,0,0,1,1,0,0,0,0,0,0,0,0,0,1,0,1,2,0,0,0,0,0,0,0,1,0,0,0,0,0,0,0,0,0,0,0,0,0,1,1,0,0,0,1,0,0,0,0,0,0,0,0,4,0,0,0,2,0,1,0,0,0,0,2,0,0,0,0,0,1,0,0,0,0,3,0,0,0,4,1,0,0,0,0,0,1,2,0,0,0,1,0,0,0,0,0,1,0,0,0,0,0,1,0,0,0,1,0,0,0,0,2,0,0,0,0,0,0,0,0,0,0,0,0,0,0,0,0,0,0,0,0,0,1,0,0,0,0,0,0,1,0,0,0,0,0,0,0,0,0,0,0,0,0,0,0,0,0,0,0,0,3,0,1,0,0,0,0,1,0,0,1,3,2,0,1,0,0,0,0,0,1,2,0,0,0,0,0,0,0,2,3,0,0,0,1,0,0,1,0,0,1,0,0,0,0,0,0,0,0,0,0,0,0,0,0,0,0,0,1,0,0,0,0,0,0,0,0,0,0,0,0,1,0,0,0,0,2,2,1,1,0,0,0,0,0,0,0,1,1,0,0,0,2,1,0,0,0,0,1,0,0,0,0,3,0,0,0,5,1,0,0,0,0,0,0,3,0,0,4,2,1,0,0,0,0,0,0,0,0,0,0,0,0,0,0,0,0,0,0,0,0,0,0,0,3,3,2,0,1,0,1,0,0,0,0,0,1,3,1,0,1,1,0,0,1,0,1,0,0,0,0,0,0,1,0,0,0,0,0,1,1,0,0,2,0,0,0,0,4,0,0,0,0,0,0,3,0,0,1,0,0,4,0,0,0,1,0,2,0,0,0,0,0,0,1,0,0,0,0,3,0,0,0,0,0,0,0,0,1,0,0,0,0,0,0,0,0,1,0,0,0,0,0,0,0,0,0,0,0,0,0,0,0,0,2,0,0,0,0,0,0,0,0,1,0,0,0,2,0,0,0,1,0,1,2,0,1,0,0,0,1,0,0,0,0,0,0,1,0,0,0,0,2,0,0,0,0,0,0,0,1,0,1,3,0,2,4,0,0,0,0,0,0,0,0,2,0,0,0,0,0,0,2,0,0,0,0,0,1,1,0,1,0,0,1,0,0,0,0,1,3,0,0,0,0,0,0,0,0,0,0,0,0,0,0,0,0,0,3,0,0,0,0,0,2,0,1,0,0,0,0,0,0,0,0,0,0,0,2,0,0,0,0,0,0,0,1,0,0,2,0,0,0,1,0,0,0,0,0,0,0,0,0,0,0,1,0,0,0,0,0,0,2,0,0,0,0,0,1,0,0,0,0,0,2,2,0,0,0,0,0,0,2,0,0,0,0,0,0,0,0,0,0,4,0,2,0,0,0,1,0,0,0,0,0,0,0,2,0,0,0,0,5,3,0,0,3,5,1,0,0,0,5,0,0,0,0,0,0,0,0,0,0,0,0,0,0,0,0,1,0,0,0,0,1,0,0,0,3,3,0,1,0,0,0,0,0,5,0,0,0,0,5,0,0,1,5,0,1,0,0,2,0,0,0,0,0,0,0,0,0,0,0,0,1,0,1,0,0,1,0,0,0,0,0,0,0,0,0,0,0,0,1,0,0,0,0,0,0,0,0,0,0,0,0,1,0,0,0,0,0,0,0,1,0,0,0,0,0,0,0,0,0,0,0,0,0,0,0,0,0,0,0,0,1,1,1,1,0,2,0,2,0,0,0,1,1,1,0,0,4,0,1,0,0,2,0,1,0,0,0,0,0,0,0,1,1,0,0,0,0,3,0,1,0,1,0,0,0,0,0,0,0,0,0,0,0,0,0,0,0,0,0,0,1,0,0,0,0,1,0,0,0,0,0,0,0,0,0,0,0,0,0,0,0,0,0,0,0,0,0,0,0,0,0,0,0,0,0,0,0,2,0,0,0,0,0,0,0,0,0,0,2,1,0,0,1,0,0,1,1,0,0,0,0,4,0,0,0,0,0,2,0,1,3,0,0,0,0,1,0,0,0,0,2,0,0,1,0,0,0,0,1,0,0,1,0,0,0,0,0,0,0,0,0,0,0,0,2,0,0,0,0,2,0,0,0,0,0,0,0,0
PPBP,0,0,0,1,0,0,0,0,0,0,0,0,0,0,0,0,0,0,0,0,0,0,0,0,0,0,0,0,0,0,0,0,0,1,1,0,0,0,0,0,0,0,0,0,0,0,0,0,0,0,0,0,0,0,0,0,0,0,0,0,0,0,0,0,0,0,0,69,19,0,0,0,0,0,0,0,0,0,0,0,0,0,0,0,0,0,0,0,0,0,0,0,0,0,0,0,0,0,0,0,0,0,0,0,0,0,0,0,0,0,0,0,0,0,0,0,0,0,0,0,0,0,50,0,0,0,0,0,0,0,0,0,0,0,0,0,0,0,0,0,0,0,0,0,0,0,0,0,0,0,0,0,0,1,0,0,0,0,0,0,0,0,0,0,0,0,0,0,1,0,0,0,0,0,0,0,0,0,0,0,0,0,0,0,0,0,0,0,0,0,0,0,0,0,0,0,0,0,69,0,0,0,0,0,0,0,0,0,0,0,0,0,0,0,0,0,0,0,0,0,0,0,0,0,0,0,0,0,0,0,0,0,0,0,0,0,0,0,0,0,0,0,0,0,0,0,0,0,0,0,0,0,0,0,0,0,0,0,0,0,0,0,0,0,0,0,0,0,0,0,0,0,0,0,0,0,0,0,0,0,0,0,0,0,0,0,0,0,0,0,0,0,0,0,0,0,0,0,1,0,0,0,0,0,0,0,0,0,0,0,0,0,0,0,0,0,0,1,0,0,0,0,0,0,0,0,0,0,1,0,0,0,0,0,0,0,0,0,0,0,0,0,3,0,0,0,0,0,0,1,0,0,0,0,0,0,0,0,0,0,0,0,0,0,0,0,0,0,0,0,0,0,0,0,0,0,0,0,0,1,0,0,0,0,0,0,0,0,0,0,0,0,0,0,0,0,1,0,0,0,0,0,0,0,0,0,0,0,0,0,0,0,0,0,0,0,0,0,0,0,0,0,0,0,0,0,0,0,0,0,0,0,0,0,0,0,0,0,0,0,0,0,0,0,0,0,0,0,0,0,0,0,0,1,1,0,0,0,0,0,1,0,0,0,0,0,0,0,0,0,0,0,0,0,0,0,0,0,0,0,0,0,0,0,0,0,0,0,0,1,0,0,0,0,0,0,0,0,0,0,0,0,0,0,0,0,0,0,0,0,0,0,0,0,0,0,0,0,0,0,0,0,0,0,0,0,0,0,1,0,0,0,0,0,0,1,0,1,0,0,0,0,0,0,0,0,0,0,0,0,0,0,0,0,0,0,0,0,0,0,0,0,0,0,0,0,0,0,5,0,0,0,0,0,0,0,0,0,0,0,0,0,0,1,0,0,0,0,0,0,0,0,0,0,0,0,0,0,0,0,0,0,0,0,0,0,0,0,0,0,0,0,0,0,0,0,0,0,0,0,0,0,0,0,0,0,0,0,0,0,0,0,0,0,0,0,0,0,0,0,0,0,0,0,0,0,0,0,0,0,0,0,0,0,0,0,0,0,0,0,0,0,0,0,0,0,0,0,0,0,0,0,1,0,0,0,0,0,0,0,0,0,0,0,0,0,0,0,0,0,0,0,0,0,0,0,0,0,0,0,0,0,0,0,0,0,0,0,0,1,0,0,0,0,0,0,0,0,0,0,1,0,0,0,0,0,0,0,0,0,0,0,0,0,0,0,0,1,0,0,0,0,0,0,0,0,0,0,0,0,0,0,0,0,0,0,0,0,0,0,0,2,0,0,0,0,0,0,0,0,0,0,0,0,0,0,0,0,0,0,0,0,0,0,0,0,0,0,0,0,0,0,0,0,0,0,0,0,0,0,0,0,0,0,0,0,0,0,0,0,0,0,0,0,0,0,0,0,0,0,0,0,0,0,0,0,0,0,0,0,0,0,0,0,0,0,0,0,0,0,0,0,0,0,0,0,0,0,0,0,0,0,0,0,0,0,0,0,0,0,0,0,0,0,0,0,0,0,0,0,0,0,0,0,0,0,0,0,0,0,0,0,0,0,0,0,0,0,0,0,0,0,0,0,0,0,0,0,0,0,0,0,0,0,0,0,0,0,0,0,0,0,0,0,0,0,0,0,0,1,0,0,0,0,0,0,0,0,0,0,0,0,0,0,0,0,0,0,0,0,0,0,0,0,0,0,0,0,0,0,0,0,0,0,0,0,0,0,0,0,0,0,0,0,0,0,0,0,0,0,0,0,1,0,0,0,0,0,0,0,0,0,0,0,0,0,0,0,0,0,0,0,0,0,0,0,0,0,0,0,0,0,0,0,0,0,0,0,0,0,0,0,0,0,0,0,0,0,0,0,0,0,0,0,0,0,0,0,0,0,0,0,0,0,0,0,0,0,0,0,0,0,0,0,0,0,0,0,0,0,0,0,0,0,0,0,0,0,0,0,0,0,0,0,0,0,0,0,0,0,0,0,0,0,0,0,0,0,0,0,0,0,0,0,0,0,0,0,0,0,0,0,0,0,0,1,0,0,0,0,0,0,0,0,0,0,0,0,0,0,0,0,0,0,0,0,0,0,0,0,0,0,0,0,0,0,0,0,0,0,0,0,0,0,0,0,0,0,0,0,0,0,0,0,0,0,0,0,1,0,0,0,0,0,1,0,0,0,0,0,0,0,0,0,0,0,0,0,0,0,0,0,0,0,0,0,0,0,0,0,0,0,0,0,0,0,0,0,0,0,0,0,0,0,0,0,0,0,0,0,0,0,0,0,0,0,0,0,0,0,0,0,0,0,0,0,0,0,0,0,0,0,0,0,0,0,0,0,0,0,0,0,0,0,0,0,0,0,0,0,0,0,0,0,0,0,0,0,0,0,0,0,0,0,0,0,0,0,0,0,0,0,0,0,0,0,0,0,0,0,0,0,0,0,0,0,0,0,0,1,0,0,0,0,0,0,0,0,0,0,0,0,0,0,0,0,1,0,0,0,0,0,0,0,0,0,0,0,0,0,0,0,0,0,0,0,0,0,0,0,0,0,0,0,0,0,0,0,0,0,0,0,0,0,0,0,0,0,0,0,0,0,0,0,0,0,0,0,0,0,0,0,0,0,0,0,0,0,0,0,0,0,0,0,0,0,0,0,0,0,0,0,0,0,0,0,0,0,0,0,0,0,0,0,0,0,0,0,0,0,0,0,0,0,0,0,0,0,0,0,0,0,0,0,0,0,0,0,0,0,0,0,0,0,0,0,0,0,0,0,0,0,0,0,0,0,0,0,0,0,0,0,0,0,0,0,0,0,0,0,0,0,0,0,0,0,0,0,0,0,0,0,0,0,0,0,0,0,0,0,0,0,0,0,0,0,0,0,0,0,0,0,0,0,0,0,0,0,0,0,0,0,0,0,0,0,0,0,0,0,0,0,0,0,0,0,0,0,0,0,0,0,0,0,0,0,0,0,0,0,0,0,0,0,0,0,0,0,0,0,0,0,0,0,0,0,0,0,0,0,0,0,0,0,0,0
KLRC1,0,0,0,0,0,0,0,0,0,0,0,0,0,0,0,0,0,0,0,0,0,0,0,0,0,0,0,0,0,0,0,0,0,0,0,0,0,0,0,0,0,0,0,0,0,0,0,0,0,0,0,0,0,1,0,0,0,0,0,1,0,0,0,0,0,0,0,0,0,0,0,0,0,0,0,3,1,0,0,0,0,0,0,0,0,0,0,0,0,0,0,0,0,0,0,0,0,0,0,0,0,0,0,0,0,0,0,0,0,0,2,0,0,0,0,0,0,0,0,0,0,0,0,0,0,0,0,0,0,0,0,0,0,0,0,0,0,0,0,4,0,0,0,0,1,0,0,0,0,1,0,1,0,0,0,0,2,0,0,0,0,0,0,0,1,0,0,0,0,0,0,0,0,0,0,0,0,0,0,0,0,0,0,0,0,0,0,0,0,0,0,0,0,0,0,0,0,0,0,0,0,1,0,0,0,0,0,0,0,0,0,1,0,0,0,0,0,0,0,0,0,0,0,0,0,0,0,0,0,0,0,0,0,0,0,0,1,0,0,0,0,0,0,0,0,0,0,0,0,0,0,0,0,0,0,0,0,0,0,0,0,0,0,0,0,4,0,0,0,1,0,0,0,0,0,0,0,0,0,0,0,0,0,0,0,0,0,0,0,0,0,0,0,0,0,0,0,0,0,0,0,0,0,0,0,0,0,0,0,0,0,0,0,0,0,0,0,0,0,0,2,0,0,0,0,0,0,0,0,0,0,0,0,0,0,0,0,0,0,0,0,0,0,0,0,0,0,0,0,0,0,1,0,0,0,0,0,0,0,0,0,0,0,0,0,0,0,0,0,0,0,0,0,0,2,0,0,0,0,0,0,0,0,0,0,0,0,0,0,0,0,0,0,0,0,0,0,0,3,0,0,0,0,0,0,0,2,0,0,0,0,0,0,0,0,0,0,0,0,0,0,0,6,1,0,0,0,0,0,0,0,0,0,0,0,0,0,0,0,0,0,0,0,0,0,0,0,0,0,0,0,0,0,0,0,0,0,0,0,0,0,0,0,0,0,0,0,0,0,0,0,0,0,0,0,0,0,0,0,0,0,0,0,0,0,0,1,0,0,0,0,0,0,0,0,0,0,0,0,0,0,0,0,0,0,0,0,0,0,0,0,0,0,0,0,0,0,0,0,0,0,0,0,0,0,0,0,0,0,0,0,0,0,0,0,0,0,0,0,0,0,0,0,1,0,0,0,0,0,0,0,0,0,0,0,0,0,0,0,0,0,0,0,0,0,0,0,0,0,0,0,5,0,0,0,0,0,0,0,1,0,1,0,0,0,0,0,0,0,0,0,0,0,0,0,0,0,0,0,0,0,0,0,0,0,0,0,2,0,0,0,0,0,0,0,0,0,0,0,0,0,0,4,0,0,0,0,0,0,0,0,0,0,0,0,0,0,0,0,0,0,0,0,0,0,0,0,0,0,0,2,0,0,0,0,0,0,0,0,0,0,0,0,0,0,0,0,0,0,0,0,0,0,0,0,0,0,0,0,0,1,0,0,0,0,0,1,0,0,0,0,0,0,0,0,0,0,0,0,0,0,0,0,0,0,0,0,0,0,0,0,0,0,0,0,0,0,0,0,0,0,0,0,0,0,0,0,0,0,9,0,0,0,0,0,0,0,0,0,0,0,0,1,0,0,1,0,0,0,0,0,0,0,0,0,0,0,0,2,0,0,0,0,0,0,0,0,0,0,0,0,0,0,0,0,0,0,0,0,0,0,0,0,0,0,0,0,0,0,0,0,0,0,1,0,0,0,0,0,0,0,0,0,0,0,0,0,0,0,0,0,0,0,0,0,0,0,0,0,0,0,0,0,0,0,0,0,0,0,0,0,0,0,0,0,0,0,0,0,0,0,0,0,0,0,0,4,3,0,0,0,0,0,0,6,0,0,0,0,0,0,0,0,0,0,0,0,0,4,0,0,0,0,2,0,0,0,0,0,0,0,0,0,0,0,0,0,0,0,0,0,0,0,0,0,0,0,0,0,0,0,0,0,0,0,0,0,0,0,0,0,0,0,0,0,0,0,0,0,0,0,0,0,0,0,0,0,0,0,0,0,0,0,0,0,4,0,0,0,0,0,0,0,0,0,0,0,0,0,0,0,0,0,0,0,0,0,0,0,0,0,0,0,0,0,0,0,0,0,0,0,0,0,0,0,0,0,0,0,0,0,0,0,0,0,0,0,0,0,0,0,0,0,0,0,0,0,0,0,0,0,0,0,0,0,3,0,0,0,0,0,1,0,1,0,0,0,0,0,0,0,0,0,0,0,0,0,0,0,0,0,0,0,0,0,0,0,4,0,0,0,1,0,0,0,0,0,0,0,0,0,0,0,0,0,0,0,0,0,0,0,0,0,0,0,0,0,0,0,0,0,0,0,0,0,0,0,0,0,0,0,0,0,0,0,2,0,0,0,0,0,0,0,0,0,0,0,0,0,0,0,0,0,0,0,0,0,0,0,1,2,0,0,0,0,0,0,0,0,6,0,0,0,0,0,0,0,0,0,0,0,0,0,1,0,0,0,0,0,0,1,0,0,0,0,0,0,0,0,1,0,0,0,1,0,0,0,0,3,0,0,0,0,0,0,0,0,0,0,2,0,0,0,0,0,0,0,0,0,0,0,0,0,0,0,0,0,0,1,0,0,0,0,0,0,0,0,0,0,0,0,0,0,0,0,0,0,0,0,0,0,0,1,0,0,0,0,0,0,0,0,0,0,0,0,0,0,0,0,0,0,0,0,0,0,0,0,0,0,0,0,0,0,0,0,0,0,0,0,0,0,0,0,0,0,0,0,0,0,0,0,0,0,0,0,0,0,0,0,0,0,0,0,0,0,0,0,1,0,0,0,0,0,0,0,0,0,0,0,0,0,0,0,0,0,0,0,0,0,0,0,0,0,0,0,0,0,0,0,0,0,0,0,0,0,0,0,0,0,0,0,0,0,0,0,0,0,0,0,0,0,0,0,0,0,0,0,1,0,0,0,0,0,0,0,0,0,0,0,0,0,0,4,0,0,1,0,0,0,0,0,0,0,0,0,0,0,1,0,0,0,0,0,0,0,0,0,0,0,0,3,0,0,0,0,0,0,0,0,0,0,4,0,0,0,0,0,0,0,1,0,0,0,0,0,0,1,0,0,0,0,0,0,0,0,2,0,0,0,0,0,2,0,0,0,0,0,0,0,0,0,0,0,0,0,0,0,3,0,0,0,0,0,0,0,0,0,0,0,0,0,0,0,0,0,0,0,0,0,0,0,0,0,0,0,0,0,0,0,0,0,0,0,0,0,0,0,0,0,0,0,0,0,2,0,0,0,0,0,0,0,0,0,0,0,0,0,0,0,0,0,0,0,0,0,0,0,0,0,0,0,0,0,0,0,0,0,0,1,0,0,0,0,0,0,0,0,0,0,0,0,0,0,0,0,0
MATK,0,1,2,0,1,0,0,0,0,0,0,0,0,0,1,2,0,2,0,0,0,0,0,0,0,0,0,0,0,0,1,0,0,0,0,0,0,0,0,1,0,0,0,0,0,0,0,0,0,0,1,0,0,4,3,0,3,0,0,0,0,0,0,0,0,0,1,0,0,0,0,0,0,0,0,2,2,0,0,0,1,0,0,0,4,0,0,0,0,0,0,0,1,0,0,0,0,0,0,0,0,0,0,0,1,0,0,3,0,1,0,0,0,0,0,0,1,1,0,0,0,0,0,0,0,0,0,0,0,0,0,0,0,0,0,0,0,0,0,0,0,0,0,0,0,0,0,0,0,1,0,0,2,0,0,0,2,0,0,0,0,0,0,0,2,0,0,1,0,0,0,1,0,0,0,0,0,0,0,0,0,0,0,0,0,0,0,0,0,0,0,0,0,0,0,0,0,1,0,0,0,2,0,0,0,0,0,0,1,0,0,0,1,2,4,1,0,2,0,0,0,0,0,0,0,0,0,0,0,0,0,0,1,0,0,0,0,0,0,0,0,0,0,0,0,0,1,0,0,0,0,0,0,0,0,0,0,0,0,0,0,0,0,0,0,1,0,1,1,1,3,0,0,0,0,1,0,0,0,0,0,0,0,0,0,0,0,0,0,0,0,0,0,0,1,0,0,0,0,0,0,0,1,0,0,0,0,0,0,0,0,0,0,0,0,0,0,0,0,1,2,0,0,0,0,0,0,1,0,0,0,0,0,0,0,0,0,0,0,0,0,0,0,0,0,0,0,0,0,0,0,0,0,0,0,0,0,0,0,0,1,0,0,0,4,0,0,0,0,1,1,0,1,0,0,0,0,1,0,0,0,0,0,0,0,0,0,0,0,0,0,0,0,0,0,0,0,0,1,0,0,0,2,0,0,0,0,0,0,0,0,0,0,0,0,0,0,0,0,0,0,0,0,2,0,0,0,0,0,0,0,0,0,0,0,0,0,0,0,0,4,0,0,0,0,0,3,0,0,0,0,0,0,0,0,0,0,3,0,0,0,0,0,0,0,0,0,0,0,0,0,0,0,0,0,0,0,0,0,0,0,0,2,2,0,0,1,0,0,0,0,0,1,0,0,0,0,1,0,1,0,0,0,0,0,0,0,0,1,0,0,0,0,1,0,0,0,0,0,0,1,0,1,0,0,0,0,0,0,0,0,0,2,0,0,0,0,1,0,0,0,0,0,2,0,0,0,0,0,1,0,0,0,0,0,0,0,0,0,0,0,0,0,2,0,0,0,0,0,0,1,6,0,0,1,0,1,0,0,2,0,0,0,0,0,1,0,0,0,0,0,0,1,0,0,0,1,0,0,0,0,0,0,0,0,0,0,1,0,0,0,0,1,0,0,0,0,0,1,0,0,0,1,0,3,0,0,0,0,1,0,0,1,1,0,0,0,0,0,0,0,0,0,0,0,0,0,0,0,0,0,0,0,0,0,0,0,0,0,0,0,0,0,5,0,0,0,0,0,0,0,0,0,1,1,1,0,0,0,0,0,0,0,0,0,0,1,0,0,0,0,0,0,0,0,0,1,0,0,0,0,1,0,0,0,0,0,0,1,0,1,0,0,0,0,0,0,1,0,0,0,0,0,0,0,0,0,0,1,2,2,0,0,0,0,0,0,0,0,0,0,1,1,0,0,2,0,0,0,0,0,0,0,0,0,0,0,0,1,0,0,0,0,0,0,0,0,0,0,0,0,0,0,1,0,0,0,0,0,0,0,0,0,0,0,0,1,0,0,0,2,0,0,0,0,0,1,0,0,0,0,0,0,0,0,0,0,0,0,0,0,0,0,0,0,0,0,0,0,0,1,0,1,0,0,1,0,0,0,0,0,1,0,0,0,0,0,0,0,0,0,1,0,0,0,0,2,1,0,0,0,0,0,0,1,0,0,0,0,0,0,0,0,0,0,2,0,0,1,0,0,0,0,0,0,0,2,0,0,0,0,0,0,0,1,0,0,0,0,1,0,0,1,0,0,1,0,0,0,0,0,0,0,0,0,0,0,0,0,0,0,0,0,0,0,0,0,0,0,0,0,0,0,0,0,0,0,0,0,1,0,0,0,0,1,2,0,0,0,0,0,0,0,0,0,0,1,0,0,0,0,0,0,0,0,0,0,0,0,0,0,0,0,1,0,0,0,0,0,0,0,0,0,1,0,0,0,1,0,0,0,1,0,0,1,0,0,0,0,0,0,0,0,0,2,0,0,0,0,0,0,0,0,0,0,2,0,0,0,0,0,1,0,0,0,2,0,0,0,0,0,0,0,0,0,0,0,0,0,0,0,0,0,0,0,0,0,0,0,0,0,2,1,1,0,1,0,0,0,0,0,0,1,1,0,0,0,0,0,0,0,0,0,0,0,1,0,0,1,0,0,0,0,0,0,0,0,0,0,0,0,0,0,0,1,2,0,0,0,0,0,0,0,0,0,0,0,1,0,0,0,1,1,0,0,0,1,0,0,1,1,0,0,0,0,0,0,1,2,0,0,0,0,0,0,0,1,0,0,0,0,0,0,3,1,0,0,0,0,0,0,0,0,0,0,0,0,0,0,0,0,0,0,0,0,2,0,0,1,0,0,0,0,0,0,0,0,0,0,2,0,0,0,0,0,0,0,0,0,0,0,0,0,0,0,0,0,0,0,0,0,0,0,0,0,0,0,4,0,0,0,0,0,0,0,0,0,0,1,0,0,0,2,0,1,0,0,0,0,0,0,0,0,0,1,0,0,0,0,1,0,0,0,0,1,0,0,0,0,0,0,0,0,0,0,0,0,2,0,0,0,0,0,0,0,0,0,1,0,0,0,0,0,0,3,0,0,1,0,0,1,0,0,0,0,0,0,2,0,0,0,0,2,0,0,0,0,0,0,0,0,0,0,0,0,0,2,0,0,1,0,0,0,0,0,0,0,0,1,0,0,0,0,2,1,1,0,0,2,0,1,0,0,0,0,0,0,0,0,0,0,0,1,0,0,0,0,1,0,0,0,0,0,0,0,0,1,0,0,0,0,0,2,0,0,0,0,4,0,0,0,0,1,0,0,0,1,3,0,0,0,0,0,0,0,0,1,0,0,0,1,1,0,0,0,0,0,0,0,0,0,3,0,0,0,1,0,0,0,0,0,0,1,0,2,0,0,0,0,0,0,0,0,0,0,1,0,0,0,1,0,2,0,0,0,1,0,0,0,0,0,1,0,0,0,0,0,2,0,0,0,0,0,0,0,0,0,0,1,0,0,0,1,1,0,0,0,0,0,0,0,0,0,0,0,0,0,0,0,1,0,0,0,0,0,0,0,1,0,0,0,0,0,2,0,0,0,0,0,1,0,1,0,0,0,0,0,0,0,0,0,0,0,0,0,0,0,0,1,0,0,0,0,1,0,0,0,0,1,0,0,0,0,0,0,1,0,0,0,0,0,0,0,1,0,0
CARD16,0,0,0,2,2,3,1,1,0,0,1,1,0,0,0,1,0,0,1,0,0,1,2,0,0,1,0,0,0,0,0,0,0,1,2,0,1,0,1,1,0,2,3,0,0,0,1,1,0,0,0,0,1,0,0,1,0,0,0,0,3,0,1,0,0,0,0,0,5,0,0,4,1,3,0,0,0,3,1,2,1,0,1,2,0,1,0,0,0,0,0,0,0,1,0,1,0,2,0,0,0,0,2,0,0,1,1,0,2,0,0,1,0,3,0,0,1,0,0,0,1,2,1,0,0,0,1,0,7,0,0,0,0,0,0,0,0,0,0,1,1,0,0,0,1,1,3,1,1,0,6,1,0,0,0,0,0,0,0,5,0,0,6,0,0,1,1,0,3,3,0,0,0,0,3,0,1,0,0,1,0,0,0,0,2,1,0,0,0,2,2,1,0,0,1,1,0,1,0,0,0,0,1,0,1,0,0,0,0,0,0,1,4,0,0,1,1,0,0,1,1,0,1,0,1,0,0,1,0,2,0,0,3,3,1,0,0,0,0,1,0,0,1,0,2,0,0,1,2,4,0,2,1,0,0,1,0,1,1,1,1,0,2,1,0,0,0,0,1,1,0,3,1,0,1,1,0,4,6,0,4,0,0,0,0,0,0,0,2,0,0,1,1,0,0,0,0,0,1,1,3,0,0,0,1,0,1,3,3,0,0,0,0,0,0,0,0,2,0,0,0,0,3,0,0,1,1,1,0,0,0,2,0,0,1,0,0,0,1,3,1,2,2,0,0,0,0,0,0,0,3,0,3,2,0,1,0,1,0,0,1,0,0,3,0,0,1,0,0,1,0,1,2,0,0,12,0,0,0,1,0,2,3,0,0,1,1,0,0,0,0,5,0,8,0,3,0,0,0,5,0,0,1,1,2,1,1,0,1,1,0,1,1,0,0,2,0,0,0,0,6,1,0,0,1,0,0,0,0,0,0,0,0,0,2,0,0,0,1,2,0,0,4,0,0,3,1,0,0,0,1,0,0,1,1,2,1,3,2,0,0,0,0,0,2,0,1,0,1,0,2,4,0,1,0,2,4,1,0,0,2,0,0,1,1,0,0,1,0,3,0,0,0,0,0,2,0,0,0,0,0,4,1,1,0,0,0,3,0,0,1,0,0,0,0,1,0,0,0,0,0,0,0,6,1,1,0,0,0,0,1,0,0,0,1,0,0,0,0,1,2,0,0,0,1,0,3,0,1,0,0,1,0,0,4,1,0,8,0,0,0,0,0,1,0,1,1,0,1,0,1,0,0,0,2,1,0,0,2,1,0,0,0,2,1,0,1,0,0,1,0,1,1,0,0,1,0,1,0,0,0,1,5,2,3,1,1,0,1,0,0,0,1,0,0,0,0,2,0,0,2,1,0,0,1,0,0,1,0,1,0,0,0,2,0,0,0,0,0,2,0,0,2,0,0,0,0,2,0,2,1,0,1,0,0,1,0,0,1,3,1,0,0,0,0,0,2,0,1,1,1,0,1,0,2,1,0,2,0,1,0,3,0,0,2,1,0,3,0,0,1,0,0,1,0,0,1,0,0,2,0,0,0,0,0,0,1,0,0,1,0,0,0,0,3,0,0,1,0,0,0,0,1,1,0,0,0,0,1,1,0,0,0,0,1,0,0,0,0,2,0,0,0,0,0,0,0,0,0,0,0,3,0,2,0,0,0,0,0,1,0,1,0,1,1,0,0,0,0,0,0,0,0,0,0,2,3,0,1,2,1,0,0,0,2,6,0,0,0,0,0,0,1,0,0,0,0,1,1,0,1,1,0,0,0,0,0,0,0,1,0,0,0,0,0,1,1,1,0,1,0,0,3,0,0,0,0,0,0,5,1,3,2,1,0,0,0,0,2,1,0,2,3,1,1,1,0,0,0,2,0,0,1,1,2,0,1,3,0,0,0,1,0,0,0,0,3,2,1,0,0,1,2,0,0,0,1,1,0,1,0,0,2,2,2,0,0,0,0,0,0,0,2,1,1,5,1,0,1,1,1,1,0,2,0,0,0,0,4,2,0,1,1,0,1,1,0,0,0,0,0,4,2,0,0,0,0,0,1,1,0,0,0,1,0,0,1,3,0,1,0,1,0,0,0,0,1,4,0,0,1,0,2,0,0,0,0,1,1,2,1,1,2,1,1,4,0,0,0,4,0,7,0,0,0,0,0,2,2,1,1,0,0,2,2,0,0,0,0,0,2,0,0,0,0,1,0,0,1,0,0,1,2,1,2,0,0,0,1,0,2,0,0,1,0,0,0,2,0,1,0,1,0,0,0,1,1,0,0,0,3,0,0,1,0,0,0,2,1,0,0,2,1,2,2,0,0,0,0,1,2,3,1,0,0,0,1,0,0,0,0,0,2,5,0,2,2,1,0,3,1,3,0,2,1,2,0,0,0,4,0,0,0,0,1,1,5,0,0,0,0,0,2,5,0,0,0,0,0,2,1,0,3,0,2,0,0,0,1,1,1,0,0,1,1,0,1,1,1,1,0,0,3,0,0,1,0,0,0,0,1,0,1,0,0,0,0,2,0,1,0,0,1,0,0,0,0,0,1,0,1,0,0,2,0,0,0,0,0,0,3,0,0,0,0,0,0,0,0,0,0,0,0,2,1,0,1,0,0,3,0,0,2,0,0,0,1,1,0,3,0,0,0,0,1,0,1,0,0,1,1,0,1,0,0,0,3,0,0,2,0,0,5,5,0,0,4,1,0,0,0,2,0,2,0,0,3,1,0,1,2,1,0,0,0,0,1,0,0,0,0,1,0,0,1,1,0,0,1,0,8,0,1,2,0,0,2,1,1,0,0,0,8,3,1,0,0,2,0,0,0,2,1,0,0,0,1,0,0,1,1,0,1,1,0,1,0,0,0,2,0,0,4,0,1,0,0,0,0,0,5,1,1,1,0,1,1,0,0,2,0,0,0,1,0,2,0,1,0,1,0,0,0,1,0,0,0,0,0,1,0,1,0,0,0,2,0,0,2,0,0,0,0,2,0,2,1,0,1,0,0,1,0,0,0,0,0,0,1,1,0,10,2,2,1,3,0,1,0,1,1,2,0,0,3,0,1,1,0,1,0,1,0,2,0,1,1,0,0,0,5,0,1,0,1,0,1,1,0,1,0,0,1,0,2,4,1,1,0,0,1,0,0,0,2,0,0,1,0,1,0,0,4,0,0,0,0,0,0,0,1,1,0,0,2,0,0,1,0,2,0,0,1,1,0,0,1,0,0,1,0,1,0,0,0,1,0,0,0,0,1,1,3,0,1,0,4,2,0,2,2,0,0,1,6,1,0,2,0,2,0,0,0,0,3,0,0,0,1,0,0,0,0,1,0,0,0,1,0,0,1,5,0,1,1,0,2,0,0,0,0,0,0,0,0,1,0,0,1,0,0,1,1,0,0,0,1,9,1,0,0,1,0,1,0,0
PRELID1,2,0,1,1,1,2,2,1,0,1,2,2,1,0,0,5,0,1,4,0,0,1,0,1,1,2,0,0,0,0,0,0,0,3,1,0,0,2,6,0,1,0,4,1,1,0,0,2,1,0,0,1,5,2,2,0,1,0,1,1,5,0,0,0,0,2,0,0,5,1,1,0,0,2,2,0,0,1,2,1,1,1,0,4,0,0,0,0,1,0,1,0,0,1,1,2,0,0,1,3,1,0,4,0,2,4,0,1,2,0,1,1,1,4,2,2,0,0,5,0,0,0,2,1,0,0,1,0,1,1,0,0,0,0,1,1,1,0,1,1,1,0,1,1,8,1,1,3,0,0,3,2,0,0,0,1,0,0,0,2,0,0,3,1,0,1,1,0,6,7,0,1,1,2,1,0,0,0,4,0,0,0,1,0,4,0,0,0,2,6,8,4,0,0,0,3,1,1,0,0,0,1,0,0,1,1,0,2,0,0,1,1,1,0,2,2,1,0,0,3,0,1,1,2,0,0,0,0,0,0,1,0,3,2,1,0,0,2,1,0,3,1,0,2,0,1,0,1,1,2,3,4,2,0,1,2,1,1,0,1,1,0,1,4,0,1,0,1,0,1,1,0,2,3,0,1,0,3,3,1,1,1,2,0,3,0,0,0,0,0,0,1,1,1,1,0,0,1,4,1,0,0,0,0,0,0,0,2,5,1,0,0,0,2,0,1,1,0,0,0,0,2,4,0,1,0,2,0,0,1,1,1,1,0,1,0,0,2,1,6,5,1,0,0,1,1,0,1,1,2,2,0,3,0,0,0,0,2,3,1,1,0,0,1,1,1,15,1,0,0,0,1,4,1,0,8,0,0,0,2,1,0,0,1,0,0,2,0,0,1,0,7,1,4,0,1,2,1,0,2,3,0,4,1,2,2,2,1,0,0,1,0,2,1,1,4,0,1,0,0,3,2,2,0,4,2,1,0,1,0,0,1,1,0,2,0,1,0,1,4,0,0,4,0,4,10,0,0,2,1,0,0,1,0,2,0,1,3,2,0,2,0,1,1,2,4,0,0,2,0,4,2,0,0,1,1,1,1,0,0,1,0,2,1,3,1,0,1,0,1,0,1,0,0,1,2,0,0,0,0,2,0,0,0,1,0,1,3,1,0,0,0,0,1,1,0,1,1,1,1,1,0,0,6,1,1,0,0,2,0,5,3,0,2,0,2,3,2,0,0,2,1,0,0,1,1,4,0,4,0,1,4,0,1,0,0,0,9,0,2,1,2,0,4,1,2,1,0,0,1,0,5,1,1,0,4,0,1,1,0,0,0,0,4,3,1,0,0,1,1,0,0,0,7,0,0,0,0,0,0,1,3,1,0,0,8,0,0,0,0,2,0,1,0,2,0,0,1,1,2,1,1,1,0,3,0,2,2,1,0,0,0,0,3,0,0,1,0,1,0,0,0,0,1,2,1,0,0,0,5,1,0,1,0,1,0,0,0,0,4,5,1,1,0,0,0,2,0,0,1,0,0,2,0,1,0,1,0,0,2,3,3,0,1,3,0,0,0,2,1,0,0,1,0,1,0,0,2,0,4,0,0,3,1,0,2,0,0,3,2,0,0,0,0,1,1,1,0,1,0,0,0,0,0,0,1,0,1,0,0,0,0,0,1,5,0,3,1,1,0,0,0,0,1,0,0,0,0,1,0,1,0,0,0,0,0,1,0,0,1,0,0,0,0,3,2,2,0,2,1,1,0,1,0,1,1,1,1,2,0,1,0,1,0,1,4,1,1,0,1,1,0,1,2,5,1,0,0,2,0,1,0,1,0,1,0,0,0,2,1,0,0,1,1,1,0,0,0,0,1,1,0,6,0,0,1,1,0,0,1,0,1,0,5,1,0,0,1,1,1,0,3,1,0,0,2,0,3,1,0,2,1,0,0,1,0,1,3,0,0,0,1,1,0,1,2,0,3,0,0,1,1,8,0,1,0,1,1,0,2,0,0,1,1,4,3,0,1,3,0,1,0,3,2,2,1,1,0,6,0,0,1,2,0,0,0,0,0,4,2,3,1,1,0,2,2,1,0,0,1,0,4,3,0,0,3,0,1,2,2,1,1,0,0,1,0,0,10,1,0,1,1,1,0,2,0,1,2,3,0,2,1,1,1,0,0,1,1,1,0,0,0,0,0,0,1,1,1,1,2,0,11,1,0,0,0,1,2,0,2,1,0,0,9,1,0,0,0,0,0,1,1,0,0,0,0,1,2,0,0,0,1,2,0,0,0,0,0,1,0,0,3,3,0,0,0,0,0,1,0,0,0,0,0,1,1,3,0,0,0,10,3,0,0,1,4,1,5,0,1,0,1,1,1,0,0,0,0,0,0,0,2,0,1,0,0,2,1,0,1,0,0,11,10,1,2,0,1,1,1,6,0,2,9,0,4,0,2,3,3,2,0,0,1,0,0,2,1,0,1,0,0,1,6,1,2,0,0,0,0,3,2,8,0,3,2,0,0,0,0,0,0,2,0,1,0,5,1,1,1,0,0,4,0,0,0,0,1,2,1,1,0,1,2,1,0,0,1,1,0,0,0,2,2,0,0,0,0,2,0,1,0,2,3,0,0,0,0,1,0,0,0,1,1,0,0,1,0,0,1,0,1,1,1,1,2,6,0,2,4,0,0,3,1,0,1,0,0,2,0,0,0,0,1,1,0,5,1,0,1,0,0,1,0,0,0,2,2,1,3,0,2,1,10,0,1,9,2,0,2,0,4,0,3,0,0,3,5,0,0,3,0,0,0,0,2,3,0,0,0,0,0,0,0,1,2,1,2,1,0,9,0,5,0,0,3,2,1,0,0,3,1,4,1,3,1,0,3,0,1,0,8,1,0,1,0,3,1,2,2,0,0,2,5,0,2,0,0,1,1,0,0,0,0,0,0,1,0,2,0,3,0,0,2,1,2,1,0,1,0,0,0,0,1,1,2,1,2,1,2,0,3,0,2,0,1,1,1,0,3,1,0,1,0,0,0,0,0,13,0,2,0,0,1,0,1,1,1,4,0,0,0,0,1,5,0,2,1,1,0,0,5,1,4,3,10,1,1,0,0,1,2,0,1,3,1,2,1,1,8,0,3,0,0,1,0,0,0,0,1,7,1,1,2,2,2,0,1,0,8,0,2,0,2,1,1,2,0,1,2,0,1,1,1,1,1,1,4,3,0,1,1,6,2,0,1,0,0,0,0,0,0,0,2,0,1,0,3,0,2,0,1,0,1,0,2,0,0,1,3,1,2,2,0,1,0,1,2,1,1,0,0,4,0,1,1,5,0,1,1,0,0,0,3,5,1,1,1,1,2,1,1,3,0,1,3,1,0,2,0,0,0,0,5,1,1,0,2,4,0,0,3,0,1,2,0,0,0,0,0,1,0,2,0,0,0,0,0,0,2,1,0,2,0,3,1,1,12,1,1,0,5,0,0,0,0
NA..13,1,0,0,0,1,2,0,1,0,0,2,4,0,1,1,0,0,1,0,2,0,3,0,1,0,1,0,1,3,3,1,0,3,5,0,0,2,4,3,0,4,0,0,0,0,0,0,0,0,0,1,1,1,2,3,2,0,1,0,0,2,0,0,0,2,1,0,0,0,0,0,0,0,0,1,0,2,2,0,1,0,1,0,0,1,0,0,1,2,0,1,0,0,0,3,0,0,0,0,2,1,2,1,2,0,0,0,0,1,0,3,1,0,2,2,5,2,0,0,0,1,0,2,0,0,0,1,2,1,1,0,0,0,2,2,1,1,0,1,0,2,0,0,2,11,1,0,0,3,0,1,0,1,1,0,3,3,1,2,0,0,0,1,0,2,0,3,2,0,1,0,0,1,0,0,0,0,4,0,2,1,0,2,3,0,1,3,0,0,2,3,0,1,2,0,1,0,2,0,3,0,0,1,1,2,1,0,2,2,1,0,0,0,0,1,0,0,2,2,2,1,0,0,2,3,0,0,2,2,0,0,3,6,2,0,1,0,0,2,1,1,0,0,3,0,1,0,0,0,0,0,1,2,0,1,3,2,0,0,0,0,1,0,1,3,1,2,0,4,1,0,4,0,0,0,1,3,3,1,0,1,7,1,0,6,0,1,1,1,0,1,0,0,1,0,2,0,1,1,1,0,0,6,4,1,0,6,1,0,0,2,3,1,1,0,3,2,3,5,0,3,2,1,1,0,2,1,2,0,0,0,1,3,1,1,0,0,0,2,1,2,0,1,1,1,0,4,0,1,1,4,3,7,3,0,0,0,5,1,1,0,0,0,0,0,1,5,2,2,5,0,0,2,0,1,9,0,0,1,0,1,0,7,6,1,0,3,2,0,2,0,7,0,4,0,0,1,1,0,4,1,1,2,1,1,2,3,1,0,3,0,0,2,1,1,3,0,1,1,1,0,2,0,2,2,2,0,4,0,0,1,1,0,5,1,2,0,2,1,0,1,1,8,1,1,4,2,2,0,0,1,0,0,3,0,2,1,0,1,0,6,1,2,0,1,0,0,3,1,0,1,0,1,2,1,0,1,0,2,5,0,0,2,0,1,0,0,1,1,0,3,1,0,0,0,0,3,2,1,0,0,2,1,0,4,3,3,1,0,1,0,0,2,2,0,4,0,0,0,0,0,2,0,1,1,0,0,2,1,1,0,2,0,1,3,1,0,4,1,0,2,0,3,0,0,0,0,1,6,1,1,1,1,0,0,0,0,4,3,0,0,0,1,2,0,3,1,0,2,2,0,1,0,1,2,0,0,0,0,0,3,0,1,1,1,0,2,0,0,0,0,2,0,0,1,1,5,2,0,0,1,1,0,1,0,4,0,0,0,2,1,1,2,2,5,1,3,1,1,0,2,1,1,4,1,0,1,2,1,2,1,0,0,0,0,1,1,2,0,2,0,0,1,0,0,3,4,1,3,0,0,0,0,1,0,0,0,0,0,1,0,4,1,0,2,2,0,0,0,1,2,1,0,0,5,0,1,0,2,2,1,1,0,1,4,2,1,1,0,0,1,0,1,0,4,1,1,0,1,0,0,0,0,1,1,2,1,0,1,6,3,3,2,0,0,5,0,0,3,0,0,3,0,4,0,1,2,0,0,1,1,0,0,0,4,0,1,1,0,0,2,4,0,0,2,0,0,0,0,2,0,0,1,2,1,1,1,3,0,3,3,2,2,2,1,0,1,0,4,0,1,1,2,0,0,2,0,4,1,2,1,2,0,1,0,2,1,1,0,0,0,2,0,0,4,2,1,0,1,2,0,0,0,0,0,1,1,0,0,1,2,0,1,2,1,1,1,0,0,1,1,0,4,1,1,2,2,0,2,0,1,1,4,0,0,3,0,0,1,4,0,0,0,0,0,0,0,2,0,1,0,0,0,0,0,0,1,0,0,1,1,0,2,0,0,0,2,0,0,1,0,0,2,1,1,0,2,2,1,1,1,1,2,0,2,1,0,2,2,2,1,1,0,2,0,1,0,2,3,0,2,2,0,1,2,0,0,0,8,2,0,0,2,0,2,4,1,2,0,1,0,8,1,0,2,0,2,2,2,5,0,2,0,0,2,0,4,2,0,0,1,1,0,0,1,0,0,0,5,1,0,4,2,1,0,0,0,2,1,1,1,1,1,0,1,2,1,1,2,0,2,1,1,4,2,2,3,0,2,3,3,3,1,0,1,1,1,3,1,2,1,0,0,1,1,3,0,0,0,0,1,0,0,0,1,0,0,0,0,0,2,0,1,2,1,0,4,0,0,1,3,2,0,0,1,1,3,0,4,1,2,2,1,0,2,0,3,0,1,0,3,0,0,0,2,0,2,2,1,0,1,0,2,2,1,0,0,0,1,3,0,3,5,2,0,3,2,0,0,1,0,0,2,6,1,4,2,1,1,2,3,0,0,1,0,2,0,1,1,0,1,0,0,3,1,1,4,1,0,2,1,2,4,0,2,2,1,2,0,3,0,0,0,4,1,2,0,0,0,2,0,0,0,0,1,2,0,1,1,2,0,1,0,0,0,5,0,4,4,5,3,0,3,0,6,1,0,1,1,0,0,1,0,3,0,1,1,0,0,0,0,1,0,0,0,0,0,2,2,1,0,1,0,4,1,0,0,1,0,3,2,3,5,2,0,0,0,1,0,0,1,0,0,0,0,2,0,0,2,2,2,4,0,3,2,0,0,1,0,1,2,1,0,1,1,0,2,1,3,0,0,3,0,0,1,0,2,0,1,0,2,0,0,0,0,4,0,0,0,0,1,1,3,0,0,2,7,2,3,0,4,0,0,2,0,2,2,0,0,0,6,1,1,4,0,0,0,0,0,2,0,0,0,0,0,0,0,0,0,0,0,1,2,1,1,2,3,2,2,1,0,3,1,0,0,1,3,2,0,0,1,0,1,0,1,0,0,1,1,1,2,1,2,0,2,0,1,1,0,0,0,2,0,1,1,1,1,2,0,0,1,1,0,0,1,3,2,1,2,2,0,1,0,0,1,0,1,0,2,2,0,3,1,0,0,0,2,0,1,2,0,0,2,0,0,0,0,2,0,1,0,1,1,5,1,1,2,0,3,1,0,0,3,3,1,0,0,0,2,1,7,0,2,1,2,2,0,3,0,11,1,0,0,0,1,0,0,3,0,0,0,2,4,0,0,3,1,1,0,2,0,0,0,0,3,0,0,2,0,0,0,0,1,1,3,2,1,1,0,0,1,0,0,1,0,0,3,1,1,0,4,0,4,0,1,1,0,1,2,0,1,0,0,0,1,1,3,2,0,1,0,3,1,1,5,0,1,0,1,0,1,1,0,3,4,1,0,0,4,0,1,1,2,0,0,0,1,2,3,0,2,1,1,0,0,1,1,0,1,0,0,0,0,0,2,1,5,1,3,2,2,0,1,0,2,0,0,4,1,1,1,2,2,0,4,1
EVI2B,0,0,2,1,1,2,1,2,0,0,7,2,3,2,0,2,0,1,2,0,0,0,1,2,0,1,1,1,0,1,1,0,1,0,1,0,2,0,3,0,1,0,4,0,1,2,2,1,1,1,1,0,0,0,1,4,1,0,1,0,1,1,0,1,3,2,0,0,0,2,0,0,1,0,5,1,0,5,0,4,1,0,1,3,1,2,1,3,0,0,0,0,0,4,1,4,1,2,2,3,0,1,4,1,1,2,0,0,8,1,2,2,0,1,5,1,0,0,2,3,0,0,3,0,0,2,0,1,5,0,0,0,0,2,0,0,1,0,2,1,0,0,1,2,2,0,1,1,3,1,3,0,0,2,0,0,2,0,1,4,0,1,4,2,1,2,2,4,5,8,0,0,4,0,1,0,1,0,3,1,0,1,1,2,3,1,1,0,7,0,1,3,0,1,1,2,2,0,0,1,2,0,0,0,0,0,0,2,1,1,1,1,4,0,2,1,3,0,2,3,0,1,1,1,3,1,0,3,1,1,2,0,6,0,2,0,2,0,0,2,4,0,0,2,0,0,0,7,6,5,1,4,3,0,3,2,0,1,0,1,0,0,0,0,1,0,0,0,1,1,0,3,2,0,1,0,2,3,3,1,3,0,2,1,2,0,0,1,0,0,0,1,2,1,1,0,0,0,2,1,1,0,1,0,0,0,2,0,3,2,1,0,1,1,0,1,0,1,3,0,2,0,0,0,1,1,4,1,0,0,1,4,0,2,3,0,1,0,3,5,10,0,4,0,6,0,0,3,0,3,2,0,5,0,0,3,2,0,2,0,0,2,1,1,0,1,7,1,1,3,0,0,0,1,0,4,1,2,0,2,3,0,3,0,1,2,2,0,1,1,1,7,0,3,0,2,4,1,0,5,2,1,0,5,3,0,0,0,2,2,3,1,2,3,0,2,1,3,0,1,5,0,6,1,7,5,1,0,0,0,0,0,0,0,1,2,0,0,1,3,1,2,3,1,1,1,0,3,1,0,1,0,0,0,2,0,0,0,4,3,1,0,0,1,3,1,0,3,1,1,4,4,0,3,2,4,6,1,1,1,3,0,0,1,5,1,1,2,1,0,0,0,0,3,0,2,0,0,1,1,0,2,0,1,1,0,2,0,0,0,1,0,0,0,0,1,1,0,1,3,0,0,0,4,1,1,0,1,3,1,2,6,1,1,0,3,1,2,0,0,0,2,1,0,1,1,1,0,0,0,4,6,0,0,0,4,5,3,1,0,4,1,0,0,0,1,0,0,0,0,0,0,4,0,1,3,0,1,2,0,1,0,0,2,0,1,1,0,1,0,2,3,0,5,1,2,1,2,2,1,0,7,1,0,0,8,4,3,0,0,1,0,0,3,2,2,1,1,0,3,1,2,0,0,0,0,1,0,1,0,0,1,0,0,1,0,0,2,1,1,0,2,2,0,0,1,1,0,1,1,0,2,0,1,2,0,0,0,1,0,5,3,3,0,3,0,2,0,1,0,1,1,2,0,1,1,0,1,0,1,2,0,0,0,0,1,0,0,0,1,0,0,0,2,1,0,0,2,0,2,0,0,1,0,2,1,0,0,2,8,1,0,1,0,1,1,1,2,1,1,1,0,0,2,1,0,2,1,0,0,3,0,0,1,0,2,2,0,1,1,0,0,0,0,1,0,1,1,1,1,2,1,2,0,1,0,2,0,3,2,2,1,2,1,2,2,0,0,0,1,1,2,1,1,1,3,1,2,3,0,2,0,1,0,4,1,1,0,1,1,2,3,0,4,3,0,0,1,1,0,0,2,0,1,0,2,0,0,1,1,3,3,2,2,0,1,2,0,2,0,0,1,6,1,1,1,1,0,0,1,1,0,0,1,2,1,2,1,0,2,2,6,2,1,1,4,0,0,1,1,0,1,0,0,0,0,0,7,2,1,1,3,2,0,0,0,1,2,0,1,4,1,2,1,0,2,0,1,1,4,0,0,1,0,9,2,0,2,2,1,1,0,0,2,0,3,3,1,3,0,3,1,0,1,0,0,0,0,3,6,0,2,0,1,2,2,0,1,1,1,0,3,3,1,0,1,0,2,3,4,0,2,0,2,3,0,0,6,0,0,1,0,3,0,1,0,0,1,2,0,0,1,1,0,1,1,4,1,2,2,0,0,2,0,6,4,0,0,5,1,2,6,2,0,1,2,1,0,0,1,0,0,1,4,4,3,0,0,0,1,2,1,1,0,1,1,2,1,1,0,0,1,0,0,1,0,0,0,0,0,0,0,2,0,0,1,2,1,3,1,2,2,0,0,0,1,2,1,1,1,0,6,1,2,0,1,0,2,0,1,1,2,0,2,0,0,1,2,0,1,0,0,0,1,0,2,4,0,1,1,0,2,4,7,1,0,0,1,0,2,3,0,0,1,0,0,2,1,2,3,1,2,0,1,0,0,4,0,5,0,3,0,0,6,1,1,0,1,1,0,0,1,5,1,0,0,0,1,4,2,2,0,2,1,0,1,1,1,1,2,1,0,7,0,3,1,1,0,2,3,1,0,5,0,0,0,0,4,0,1,1,0,1,1,1,3,1,0,0,2,1,4,1,4,0,1,0,0,0,1,0,0,3,2,0,2,4,1,0,1,1,2,2,4,1,1,0,0,1,4,1,0,0,0,0,1,0,0,4,2,1,1,0,0,0,6,2,0,0,1,1,0,1,3,0,0,0,4,1,2,2,1,0,8,0,0,4,0,2,0,1,3,0,4,0,1,0,2,0,0,0,4,1,0,0,1,4,2,1,1,0,3,1,1,0,3,0,0,5,0,3,1,1,1,3,0,5,1,0,0,2,0,2,4,0,1,0,0,0,0,0,0,1,0,2,1,4,0,3,2,4,1,1,0,1,2,3,2,2,4,0,3,3,0,1,1,0,1,2,0,2,0,1,2,1,0,0,1,1,0,0,0,1,0,1,0,0,0,1,0,1,1,2,3,1,1,0,2,0,2,1,1,0,0,0,2,2,0,1,2,1,0,1,0,0,1,0,0,0,0,1,3,1,1,2,0,2,0,2,0,0,1,1,2,3,6,0,0,0,0,1,1,0,1,2,1,2,0,0,8,0,2,0,1,0,0,2,2,0,0,7,1,1,0,2,1,1,4,4,2,0,0,0,0,0,3,0,1,2,1,0,0,1,2,2,0,0,3,1,0,0,0,0,7,0,0,0,1,0,2,2,1,1,1,2,2,0,0,0,0,0,4,0,2,0,2,0,1,1,3,1,1,1,2,1,0,1,4,0,4,0,0,0,0,2,1,2,1,1,4,0,1,0,5,3,0,0,4,0,1,0,1,0,2,0,4,1,1,3,0,2,4,0,0,1,1,0,5,4,0,0,2,0,0,0,0,1,1,0,5,1,0,2,1,2,0,2,1,2,5,0,1,1,0,1,0,0,2,1,0,0,1,0,0,0,0
TIMP1,0,0,0,0,0,0,2,0,0,0,0,0,3,0,5,3,0,0,1,0,0,0,1,2,0,0,0,1,0,0,0,0,0,0,0,0,1,0,2,0,0,0,2,2,0,0,0,2,1,0,0,1,1,0,0,1,0,0,0,0,3,0,0,0,0,0,1,0,1,0,0,0,0,0,1,0,0,1,0,2,1,1,0,0,0,0,0,0,0,0,0,1,1,1,0,1,0,0,0,0,1,0,3,1,1,1,1,0,0,0,0,0,0,1,0,0,0,1,0,0,0,0,4,0,2,0,0,0,3,0,2,0,1,0,0,0,0,0,1,0,0,0,0,0,3,0,0,1,2,0,1,0,0,0,0,1,1,0,0,3,0,0,6,1,0,2,2,0,1,8,1,0,3,0,2,0,0,0,0,0,0,1,0,0,0,0,0,0,2,1,3,1,1,0,0,0,0,0,0,0,0,0,0,0,1,0,0,0,0,0,0,0,0,0,0,0,1,0,0,1,0,0,0,0,2,0,0,0,0,1,0,0,0,3,0,2,0,0,0,0,0,0,0,1,1,0,0,2,3,0,0,1,0,0,0,3,0,0,0,0,0,0,1,0,0,0,0,0,0,0,0,3,0,1,0,0,0,4,1,0,1,1,0,3,0,0,0,0,0,0,0,1,0,0,1,0,1,0,1,0,0,1,0,0,4,0,1,0,2,0,0,0,0,0,1,0,0,2,0,1,1,0,4,0,0,0,0,1,0,1,0,2,0,0,0,0,0,0,0,0,2,1,1,0,0,3,0,1,1,0,0,0,6,0,1,0,0,1,2,1,0,0,0,2,0,0,3,0,0,0,0,0,0,0,0,5,0,0,0,2,0,0,0,0,1,0,3,0,0,0,0,4,1,4,1,1,1,0,1,2,1,0,0,0,2,1,1,0,0,0,0,0,2,0,1,4,0,0,0,0,1,1,1,0,1,0,0,0,1,1,0,0,0,0,1,0,4,0,0,1,0,0,4,1,0,6,0,0,0,0,1,0,0,0,2,1,0,1,3,0,0,0,0,0,2,1,0,0,6,0,1,0,0,0,0,2,1,0,0,0,0,0,0,1,2,0,0,0,0,1,1,0,0,0,0,0,0,0,0,0,0,1,0,0,0,0,0,5,0,0,2,1,0,1,0,1,0,0,0,1,0,0,1,2,2,0,0,0,0,0,2,0,0,0,1,0,0,0,1,1,0,5,0,3,1,0,3,0,1,0,3,3,0,0,1,1,0,3,0,0,0,1,0,0,0,0,0,0,1,0,0,5,0,0,0,2,0,0,1,1,0,0,1,2,1,0,0,0,0,1,0,2,0,2,0,0,2,0,0,0,0,3,2,0,0,9,0,1,0,0,0,0,0,2,0,0,0,0,0,1,1,0,0,0,3,0,0,3,0,0,0,0,0,0,2,0,0,0,0,0,0,0,0,0,0,0,0,0,0,0,0,0,0,1,0,1,0,0,0,1,2,0,0,0,0,0,1,0,0,0,0,0,0,0,0,2,0,1,0,0,0,5,1,0,0,0,0,0,0,0,0,0,0,0,1,0,0,0,1,0,0,1,0,2,0,4,0,0,1,1,0,0,0,0,1,0,0,0,0,0,1,0,0,0,0,0,0,0,0,0,0,0,0,0,1,0,1,0,0,0,0,1,0,0,0,0,0,0,0,0,0,0,3,0,0,0,0,0,1,2,1,1,0,0,0,0,0,0,0,0,0,0,0,0,0,1,2,0,0,1,0,0,0,1,1,4,0,0,0,0,0,2,0,0,0,0,1,0,1,0,1,0,0,0,0,1,0,0,0,0,2,0,0,0,0,0,2,0,1,0,0,0,2,0,0,0,0,0,0,2,1,0,0,2,1,0,0,0,0,0,0,2,0,1,1,0,0,1,0,0,0,1,0,1,1,0,1,0,0,0,0,1,0,0,0,2,0,2,0,0,0,1,2,0,0,2,0,0,0,1,0,0,1,4,1,1,0,0,0,0,1,0,0,0,0,3,0,0,2,0,0,0,0,0,1,0,0,0,4,1,0,0,0,0,0,0,0,0,0,0,0,4,3,0,0,1,0,2,1,4,0,0,0,0,0,0,0,5,0,0,0,0,0,0,0,1,0,1,0,0,0,1,1,0,0,0,0,0,0,1,0,1,0,0,1,2,0,1,0,1,0,2,0,0,0,1,0,0,3,0,0,0,0,3,0,0,0,0,0,0,1,0,0,0,0,0,0,0,0,0,2,1,3,1,0,2,0,0,0,0,1,0,1,0,0,0,0,0,3,1,0,0,0,1,0,0,0,3,0,0,2,0,0,0,0,1,0,1,1,0,0,2,0,1,0,0,0,0,0,0,1,0,0,1,0,0,1,0,0,0,0,0,1,2,0,0,3,1,0,0,4,0,0,4,0,0,0,0,1,0,0,0,1,1,0,0,3,0,0,0,0,0,0,5,1,3,1,0,0,1,0,0,1,3,1,0,0,0,0,2,1,0,1,3,0,0,1,0,0,0,0,0,2,0,0,0,0,0,0,0,0,1,1,0,0,0,0,0,1,0,0,0,4,1,0,0,1,0,0,0,1,0,0,2,0,0,0,0,2,0,0,0,1,0,0,0,0,0,0,0,0,0,1,0,0,1,1,0,0,3,0,0,1,0,0,0,0,0,0,1,0,0,1,0,0,1,2,0,0,0,0,0,1,0,0,0,0,4,0,0,1,0,0,3,5,0,9,0,0,0,0,0,0,0,0,0,0,1,0,0,1,1,0,0,0,0,0,1,0,0,0,0,1,0,1,0,0,1,0,1,3,0,1,0,0,0,1,0,0,0,0,0,1,3,0,0,2,0,0,0,0,1,0,1,0,0,0,0,0,0,1,0,0,0,0,2,0,0,0,2,0,0,0,0,2,0,0,0,2,0,5,0,0,0,0,0,1,0,0,0,0,0,0,0,0,0,0,0,1,0,0,2,0,1,0,0,0,0,0,5,1,0,0,0,0,0,0,0,0,0,0,0,1,0,0,1,0,0,3,0,0,2,0,0,2,0,0,0,0,0,0,5,0,1,2,1,0,0,0,2,0,1,0,0,6,1,0,0,0,0,0,0,0,0,0,0,0,0,1,0,4,0,0,0,0,2,0,0,0,3,0,1,0,0,0,0,0,0,0,0,0,1,0,0,1,1,0,2,0,0,0,0,4,2,0,0,0,0,1,0,0,1,0,0,0,0,0,2,1,2,1,0,0,0,0,0,0,0,0,2,0,0,0,0,0,0,0,0,0,0,0,0,3,0,0,0,4,0,0,0,1,0,0,2,0,0,1,0,0,2,0,1,2,1,0,0,0,0,4,0,1,2,0,1,0,0,0,0,0,0,0,5,0,0,0,0,1,0,0,0,0,0,0,0,0,0,1,0,2,0,0,0,0,0,2,0,1,4,0,0,0,0,0,0,0,0
UBB,2,9,2,6,3,1,3,4,1,0,1,3,4,2,1,4,1,4,3,2,3,1,5,0,0,5,2,1,1,4,3,1,4,9,6,3,0,2,3,1,2,2,2,4,7,1,5,3,4,7,0,4,0,4,7,1,4,4,1,2,6,2,1,0,0,3,3,1,2,3,3,12,2,1,0,6,5,2,0,2,1,3,2,2,2,3,3,1,7,0,8,0,8,2,1,4,1,1,0,5,3,1,5,1,3,1,2,7,1,4,5,1,1,2,2,3,0,5,1,2,1,2,1,1,3,3,3,2,3,2,1,1,4,0,2,2,2,1,2,1,2,7,3,1,3,3,1,1,6,5,0,6,4,1,3,2,2,1,1,1,2,7,2,2,5,7,0,0,2,4,3,3,3,1,2,0,2,1,1,2,1,1,2,2,1,4,4,2,0,6,6,2,1,2,5,4,1,2,1,4,0,5,1,0,4,0,2,3,1,1,2,3,7,3,8,3,1,4,9,2,1,0,4,3,6,1,2,0,1,3,2,1,6,3,2,2,2,3,0,4,3,0,2,0,3,1,0,1,1,0,1,0,0,5,4,4,2,1,3,0,2,3,3,0,1,7,4,6,3,3,7,4,1,1,2,6,1,3,0,3,0,0,4,3,3,1,1,4,1,1,8,1,1,1,1,0,3,2,0,2,7,3,1,4,0,1,4,0,2,3,1,0,0,2,2,2,0,9,4,8,2,6,0,1,1,2,0,1,4,2,2,2,2,1,3,1,1,1,0,0,2,4,2,7,4,4,3,0,2,4,1,3,7,1,1,0,3,8,1,0,1,4,2,0,7,5,5,0,1,2,4,1,7,2,3,10,2,5,1,2,0,0,0,2,1,2,4,4,0,2,4,7,3,8,2,0,4,1,3,3,0,1,3,5,1,2,3,1,5,2,2,1,1,3,4,3,1,4,2,0,4,2,8,5,2,2,5,3,1,6,1,5,2,1,2,3,0,2,2,2,2,3,2,1,4,8,4,0,2,3,1,2,0,2,2,2,3,4,3,2,7,1,1,5,1,2,3,0,2,0,0,0,4,3,0,6,0,3,2,0,2,3,7,5,1,3,6,4,2,2,6,3,1,5,3,0,3,2,3,2,1,4,1,1,2,1,4,1,5,2,0,1,1,0,0,1,4,1,0,0,3,2,5,4,0,0,3,3,4,3,2,6,2,2,1,4,6,3,2,2,14,3,2,4,1,3,1,0,4,4,3,4,1,0,0,0,2,3,8,1,1,3,1,3,3,3,4,0,2,3,5,4,2,1,3,1,0,3,1,3,3,5,2,1,3,4,4,0,2,0,1,0,4,4,1,1,3,0,3,8,7,6,0,2,3,7,4,2,0,4,1,1,6,2,6,3,8,2,0,0,3,2,7,1,5,3,3,1,1,4,0,2,6,3,0,1,2,4,1,2,0,0,6,1,0,2,7,2,1,0,4,1,0,1,1,3,3,2,5,1,2,3,0,5,4,2,0,0,1,3,1,1,0,6,10,1,0,5,2,4,2,1,6,7,0,2,3,3,1,6,1,2,1,5,1,2,2,4,1,1,2,8,12,3,5,0,0,0,5,10,4,1,3,4,0,0,5,2,0,0,3,0,0,8,2,1,5,0,0,4,1,1,1,4,12,1,1,4,3,2,3,1,3,1,3,1,2,1,4,0,4,7,4,2,3,1,1,2,2,4,3,0,5,1,0,2,4,1,2,3,1,4,2,8,1,1,2,1,0,2,2,0,4,3,0,2,2,0,6,3,2,2,1,1,2,2,1,5,2,2,1,5,1,1,4,1,1,2,3,1,2,1,2,1,2,2,0,0,2,3,11,2,3,4,2,3,2,2,2,0,8,1,3,1,0,8,1,1,1,4,1,2,2,2,4,4,2,6,5,4,0,0,1,1,5,1,2,3,3,5,2,1,2,1,3,0,3,0,9,1,2,0,3,2,2,0,3,0,2,1,1,0,4,3,2,1,4,0,1,1,3,2,3,0,0,5,3,3,3,0,3,3,1,5,1,1,0,2,2,1,1,1,2,0,2,3,1,0,2,5,1,2,2,3,2,3,0,3,1,2,0,1,1,6,1,2,0,7,3,1,3,2,5,3,3,3,4,1,1,6,1,1,4,1,4,0,2,3,1,2,2,0,1,5,1,0,2,4,4,2,1,5,3,2,1,2,0,3,3,3,3,5,2,2,1,0,1,0,1,2,4,3,2,9,1,15,1,1,0,1,2,0,4,2,1,4,1,2,0,0,2,0,0,2,2,1,1,2,4,3,2,1,2,2,4,0,2,2,4,4,6,15,0,1,0,0,1,4,1,4,3,5,4,5,3,1,1,2,2,1,4,1,4,3,2,2,0,3,2,1,1,3,4,7,1,5,3,0,4,3,1,3,6,3,1,4,4,1,0,3,8,0,4,3,4,10,1,4,2,1,0,3,1,9,3,1,0,5,0,2,2,6,1,2,1,2,5,3,3,5,3,3,3,6,2,1,2,1,6,12,0,3,2,0,2,0,2,7,0,2,1,0,7,4,4,1,3,4,0,3,1,1,1,9,1,4,0,1,6,2,0,3,2,5,4,1,2,3,4,2,3,3,3,0,1,3,2,2,0,6,9,1,0,4,5,9,5,1,3,4,6,1,0,1,3,4,4,1,1,0,0,3,0,2,2,3,2,4,0,3,2,2,1,3,0,1,2,2,4,1,2,3,12,4,1,3,1,2,3,0,1,1,0,1,6,9,1,0,2,4,1,0,2,1,0,9,0,0,0,5,1,6,6,0,1,0,1,14,4,3,3,4,2,1,2,4,2,3,3,2,3,0,3,2,3,2,1,3,1,2,2,1,1,3,1,0,0,5,1,0,0,3,2,4,3,1,5,4,3,2,1,2,4,1,0,5,11,2,0,3,2,3,1,1,2,4,0,1,3,1,1,1,0,4,3,3,1,1,3,3,1,1,0,2,4,0,4,2,1,3,0,3,2,2,1,1,1,4,20,1,1,2,0,4,0,2,6,3,0,1,3,6,5,1,2,2,2,7,1,2,2,3,3,2,0,4,2,6,1,5,2,0,5,0,6,3,3,0,1,2,6,2,0,2,1,3,5,1,4,8,7,5,3,3,3,0,1,0,6,3,0,0,4,1,7,0,6,1,0,2,2,5,2,1,1,4,0,8,3,0,0,8,1,0,2,0,2,6,4,3,1,2,3,3,1,3,1,5,3,2,3,0,0,3,0,1,3,3,2,0,2,1,6,3,2,1,3,1,0,8,3,3,2,3,3,2,3,0,3,1,1,1,1,1,6,0,2,4,1,4,1,0,4,2,1,3,1,3,1,4,0,1,4,0,0,1,0,4,5,1,0,2,1,4,0,1,0,2,6,2,4,0,4,1,4,6,2,5,5,2,0,0,1,1,1,2,0,11,3,1,2,3,5,0,2,2
CD160,0,3,0,2,1,0,0,0,0,0,0,0,0,0,0,0,0,1,0,0,0,1,0,0,0,0,0,0,0,0,0,0,0,0,2,4,0,0,0,0,0,0,0,0,0,0,0,0,0,0,0,0,0,0,1,1,1,0,0,0,0,0,0,0,0,0,0,0,0,0,0,0,0,0,0,0,2,0,0,0,0,0,0,0,0,0,0,0,0,0,0,0,0,0,0,0,0,0,0,0,0,0,0,0,0,0,0,3,0,0,0,0,0,0,0,0,0,0,0,0,0,0,0,0,0,0,1,0,0,0,0,0,0,0,0,0,0,0,0,0,0,0,0,0,0,3,0,0,0,2,0,0,2,0,0,0,0,0,0,0,0,0,0,0,1,0,0,0,0,0,1,1,0,0,0,0,0,0,0,0,0,0,0,0,1,0,0,0,0,0,0,0,0,0,0,0,0,1,0,0,0,1,0,0,0,0,0,1,0,0,0,0,2,0,2,0,0,0,0,0,0,0,0,0,0,2,0,0,0,0,0,0,0,0,0,0,0,0,0,0,0,0,0,0,0,0,0,0,0,0,0,0,0,3,0,0,0,0,0,0,0,0,0,0,0,0,0,0,0,1,3,0,0,0,0,3,0,0,0,0,0,0,0,0,0,0,0,0,0,0,0,0,0,0,0,0,0,0,0,0,0,0,0,0,0,0,0,0,0,0,0,0,0,0,0,0,0,0,0,0,0,0,0,0,1,0,0,0,0,0,0,0,0,0,0,0,0,0,0,0,0,0,0,0,0,0,0,0,0,0,0,0,0,0,1,0,0,0,0,0,1,0,0,0,2,0,0,0,0,0,0,0,3,0,0,0,0,0,0,0,0,0,0,0,0,0,0,0,0,0,0,0,0,0,0,0,0,0,0,0,0,0,0,0,0,0,0,0,0,0,0,0,0,0,0,0,0,0,0,0,0,0,0,1,0,0,0,0,0,0,0,0,0,0,0,0,0,0,0,0,0,0,0,0,0,0,1,0,0,0,0,0,0,0,0,0,1,0,0,0,0,0,0,0,1,0,0,0,0,0,0,0,1,0,1,0,0,0,0,0,0,0,0,0,0,0,0,0,0,0,0,0,0,0,0,0,0,0,0,1,0,0,0,0,0,0,0,0,3,0,0,1,0,0,0,0,4,0,0,0,0,0,0,0,0,0,0,0,0,0,0,0,1,0,0,0,5,0,0,0,0,0,0,3,0,0,0,0,0,0,0,0,0,0,0,0,0,0,0,4,0,0,0,0,0,0,0,0,0,0,0,2,0,0,0,0,0,0,0,1,0,2,0,0,0,0,0,0,0,0,0,0,0,0,0,0,0,0,0,0,0,0,0,2,0,0,0,1,0,0,0,0,2,0,0,0,0,0,0,0,0,0,0,0,3,4,0,0,0,0,0,0,0,1,0,0,0,0,0,0,0,0,1,0,3,0,0,0,0,0,0,0,0,0,0,0,0,0,0,0,0,0,0,1,0,0,0,0,0,0,0,0,0,0,0,0,0,0,0,0,0,0,0,0,0,0,0,0,0,0,0,0,0,0,0,0,0,0,0,0,0,0,1,0,0,0,0,0,0,0,2,0,0,0,0,0,0,0,0,0,0,0,0,0,0,0,0,0,0,2,0,0,0,0,0,0,0,0,1,0,0,0,1,0,0,1,0,0,0,0,2,0,0,0,0,0,0,0,1,0,0,0,0,0,0,0,0,0,0,0,0,0,0,0,0,0,0,0,0,0,0,0,0,0,0,0,0,0,0,0,0,0,0,0,0,0,0,0,0,0,0,0,0,0,0,0,0,0,0,0,0,0,0,0,0,0,0,0,0,3,0,0,0,0,0,0,0,0,0,0,0,0,0,0,0,0,0,0,0,0,0,0,0,0,0,0,1,0,0,0,0,0,0,0,0,0,1,0,0,0,0,0,0,0,0,1,0,0,1,0,0,0,0,1,0,1,0,0,0,0,0,0,0,0,0,0,0,0,0,0,0,0,1,0,0,0,0,0,0,0,0,0,0,0,0,0,0,0,0,0,0,0,0,0,0,0,0,0,0,0,0,0,0,1,0,0,0,0,0,0,0,0,0,0,0,1,0,0,0,3,0,0,0,0,0,1,0,0,0,2,0,0,0,0,0,0,0,0,0,0,1,0,0,3,0,0,0,0,0,0,0,0,0,0,0,0,0,0,0,0,0,2,0,0,1,0,0,0,0,0,0,0,0,4,0,0,0,0,0,0,0,0,0,0,0,0,0,0,0,0,0,0,0,0,0,0,0,0,0,0,0,0,0,0,0,0,0,0,0,0,0,0,0,0,0,0,0,0,0,0,0,1,0,0,0,0,0,0,0,0,0,0,0,0,0,0,0,0,0,0,0,0,0,0,0,0,0,0,0,0,0,0,0,0,0,0,0,0,0,0,0,0,0,0,1,2,0,0,0,0,0,0,0,0,0,0,0,0,0,0,0,0,0,0,0,0,0,0,0,0,2,0,0,0,0,0,0,0,1,1,0,0,0,0,0,0,1,0,0,0,0,0,0,8,0,0,0,0,0,0,0,0,0,3,0,0,0,0,0,0,0,0,0,0,0,0,0,0,0,0,0,0,0,0,0,0,0,0,0,1,0,0,0,0,0,3,0,0,0,0,0,0,1,0,0,0,0,0,0,0,0,0,0,0,0,0,0,0,0,0,0,0,0,0,0,0,0,0,0,0,0,0,4,0,0,0,0,0,0,3,0,0,0,0,0,0,0,0,0,0,0,0,0,0,0,0,0,0,0,0,0,0,0,0,0,0,0,0,0,0,0,0,0,0,0,0,0,0,0,0,0,0,0,0,0,0,0,1,0,0,0,0,0,0,0,0,0,1,0,0,0,0,0,0,0,0,0,0,0,0,0,0,0,0,0,0,1,0,0,0,0,0,0,0,0,0,0,0,0,0,0,0,0,0,0,0,0,0,0,0,0,0,0,0,0,0,0,0,0,0,0,0,0,0,0,0,0,0,0,0,0,0,0,0,0,0,3,0,0,0,0,0,0,0,0,0,0,2,0,0,0,0,0,0,0,0,0,2,0,0,0,0,0,0,0,0,0,0,0,0,1,0,0,0,0,0,0,0,0,0,0,0,0,0,1,0,0,0,0,0,0,0,1,0,0,0,0,0,0,0,0,0,0,0,0,0,0,0,0,0,0,0,0,0,0,0,0,0,0,0,0,3,0,0,0,0,0,0,0,0,0,0,0,0,0,0,1,0,0,0,0,0,0,0,0,0,0,1,0,0,0,0,0,0,0,2,0,0,0,1,0,0,0,0,0,0,0,0,0,0,0,0,0,0,0,0,0,0,0,0,0,0,0,0,0,0,0,0,0,0,0,0,0,0,0,0,0,0,1,0,1,0,0,0,0,0,0,0,0,0,0,0,0,0,0,0,0,0,0,0,0,0,0,0,0,0
LCP1,1,1,3,2,2,4,3,0,0,0,1,2,0,0,0,2,1,1,1,0,0,1,2,3,1,5,0,0,1,1,0,1,1,3,2,1,1,1,2,0,1,1,1,0,0,0,1,2,0,0,0,0,6,2,1,1,0,2,0,1,4,0,0,5,2,2,1,0,2,2,0,0,0,4,2,0,0,6,0,3,0,2,1,1,2,1,0,0,2,0,1,1,1,1,0,3,0,0,4,9,2,0,4,4,3,0,0,1,0,0,2,1,2,2,0,1,1,1,1,0,0,0,1,0,0,1,2,0,2,0,1,2,2,1,0,1,0,0,4,1,2,2,0,2,2,0,4,1,0,2,5,0,1,1,0,1,0,0,0,4,0,0,5,1,3,2,3,1,2,5,2,0,1,0,3,0,0,0,0,0,0,1,1,1,1,1,1,1,2,2,5,0,2,0,0,1,2,1,0,1,2,1,3,0,2,0,0,2,1,1,0,0,0,3,0,1,0,0,2,1,0,0,0,1,0,0,0,2,1,0,1,0,4,0,1,0,1,0,1,0,1,0,1,1,0,0,1,1,5,5,1,6,1,1,1,4,0,1,0,1,0,0,2,1,0,1,0,0,0,9,1,1,1,1,1,0,0,3,5,0,1,2,2,4,0,1,0,0,0,0,2,4,1,2,0,1,0,1,3,1,0,0,0,1,2,0,0,0,2,2,0,0,1,0,0,0,0,0,1,1,0,1,3,0,2,0,3,1,1,0,1,3,1,0,4,0,0,5,1,1,3,1,4,0,0,0,1,3,0,5,0,0,1,1,1,0,1,1,1,0,0,0,1,1,2,1,14,1,0,0,3,3,4,0,1,3,4,2,0,2,0,0,0,0,0,2,4,0,0,0,0,3,2,5,0,1,3,2,0,1,3,1,1,1,3,0,1,0,1,1,0,2,1,1,0,4,0,1,0,1,5,0,6,3,0,0,1,1,1,1,0,1,0,2,2,0,2,1,4,2,2,1,3,0,3,7,2,2,1,0,0,0,5,2,2,4,2,3,2,1,1,0,1,1,3,2,1,1,1,3,6,4,1,1,1,2,1,0,0,0,3,2,2,1,6,3,3,0,0,0,0,0,0,0,0,2,0,0,0,4,0,2,0,1,1,2,0,5,2,0,1,1,0,0,0,1,5,1,0,2,0,0,1,2,1,1,1,0,5,1,1,0,0,0,2,5,1,7,1,1,2,2,1,1,1,0,1,1,5,0,1,6,0,0,0,5,0,5,1,0,0,1,0,1,1,0,1,1,0,1,1,3,1,0,0,0,1,0,4,0,0,2,1,0,0,1,2,0,4,0,1,0,2,2,1,0,0,0,1,0,0,3,1,4,0,2,1,1,1,0,2,0,1,2,3,0,1,3,0,1,1,0,1,1,1,1,0,1,2,4,0,0,1,4,1,0,1,2,0,0,0,1,5,0,0,0,1,2,0,2,2,0,0,1,1,2,0,1,0,3,3,2,1,2,1,1,1,0,0,0,1,0,1,1,3,1,1,2,2,0,2,5,0,0,2,2,1,0,0,1,0,1,1,0,0,1,1,2,0,1,1,1,1,2,1,2,0,0,1,7,0,1,0,0,2,0,1,2,0,0,0,0,0,3,0,1,0,0,0,2,0,1,0,0,1,0,3,0,0,0,0,1,2,1,2,0,0,0,0,0,3,0,0,0,0,0,1,0,1,0,0,4,0,0,1,0,1,0,1,2,1,0,0,3,1,2,3,2,3,4,1,1,0,2,2,3,0,1,0,0,3,2,1,2,2,2,4,0,2,0,0,0,2,0,3,1,1,0,0,0,2,3,1,1,1,0,2,2,1,0,0,0,2,2,0,2,0,0,0,1,0,1,0,1,1,1,1,0,2,2,4,1,3,1,1,1,2,0,2,0,0,0,0,0,3,0,5,0,0,1,0,0,0,1,0,2,1,2,0,1,3,3,1,3,0,1,0,1,1,1,0,0,2,0,2,1,0,0,0,1,0,0,4,4,0,5,3,1,2,1,1,1,0,0,1,1,0,1,3,2,1,1,0,1,1,2,0,0,4,0,1,3,3,2,2,1,1,0,4,7,3,2,1,0,0,2,0,6,1,1,0,0,2,1,0,2,1,3,1,0,1,0,2,0,1,1,3,6,0,1,2,0,0,1,1,0,0,1,0,1,1,4,3,0,2,3,2,0,2,0,0,1,0,1,0,0,0,0,0,0,0,0,1,0,0,1,0,0,0,0,1,6,3,0,0,4,1,0,1,0,4,1,3,1,0,3,2,0,0,0,1,0,0,0,0,0,2,2,0,0,3,6,0,0,1,5,1,3,2,0,0,1,1,2,0,0,0,2,1,1,3,4,4,2,0,1,1,2,0,0,0,3,3,3,1,3,2,1,0,2,6,0,1,2,0,5,2,2,3,2,1,1,0,0,2,1,4,2,0,0,1,1,0,6,0,1,0,1,3,0,1,2,3,2,0,0,1,2,2,0,1,0,1,0,2,1,0,1,0,1,0,0,2,0,0,0,4,0,3,0,0,1,1,4,0,2,0,2,0,1,0,2,6,0,2,1,1,0,1,1,6,0,1,6,1,0,1,0,1,1,0,1,2,0,0,0,1,0,1,3,1,0,1,2,1,0,4,0,0,3,0,1,3,1,0,2,2,0,2,2,0,1,0,1,1,0,1,1,2,1,0,0,4,0,1,2,0,4,1,5,0,1,1,2,0,0,4,1,0,0,0,0,0,0,1,1,6,2,0,1,0,5,1,0,1,5,2,0,0,0,1,0,1,0,0,1,0,4,3,1,5,0,0,1,0,2,4,2,0,0,0,0,1,1,1,4,1,4,1,0,0,2,1,0,1,0,2,1,3,1,5,1,6,5,0,1,1,1,1,3,1,1,1,0,1,0,3,0,1,0,2,0,0,0,0,1,1,1,1,0,0,1,0,1,2,0,1,0,1,5,1,3,1,4,1,0,0,2,2,3,0,0,2,0,0,1,1,4,25,0,0,0,0,4,3,0,0,0,2,1,1,0,2,0,0,0,1,2,6,1,0,7,2,4,2,1,1,2,1,1,0,2,0,0,5,0,3,0,0,3,1,1,0,0,0,0,1,1,1,1,3,1,6,0,0,2,1,3,0,2,1,3,2,0,2,2,0,0,0,1,1,3,1,0,3,5,1,2,1,1,1,0,4,2,0,1,0,0,2,1,0,2,1,1,1,0,1,3,1,0,2,1,2,0,0,1,3,1,0,2,1,1,3,0,1,1,2,1,0,1,0,1,2,0,0,1,1,1,0,0,4,2,1,6,5,0,1,0,1,5,0,0,1,0,0,1,1,0,1,1,0,1,0,1,0,0,1,0,3,0,0,2,0,1,0,0,0,0,0,2,2,0,1,1,1,0,0,1,0,0,1,3,1,0,3,2,0,5,1,1,0,1,4,0,0,1
MYADM,2,0,0,0,1,0,1,2,0,0,0,0,1,0,0,0,0,2,2,1,4,1,0,0,0,1,0,0,0,0,1,1,0,1,0,0,0,0,5,0,0,0,1,0,1,0,0,1,0,1,2,0,0,0,2,0,1,0,0,3,1,0,0,1,0,1,0,0,0,0,0,1,0,1,1,0,0,2,0,1,0,0,0,1,0,3,0,0,0,2,0,1,0,1,0,1,0,0,0,0,0,3,0,0,1,1,0,0,0,0,0,0,0,0,0,2,0,3,0,0,0,0,2,0,1,0,0,0,1,0,0,0,1,0,0,1,0,0,0,0,0,0,1,2,5,0,0,0,1,0,0,0,0,0,0,0,0,1,0,0,2,1,0,2,1,2,1,0,1,2,0,0,1,0,1,0,0,1,1,0,0,3,0,0,3,0,0,0,0,0,0,5,1,0,0,0,0,0,0,0,0,0,1,5,2,0,0,1,2,0,0,0,0,0,0,0,2,1,1,0,0,0,1,1,1,2,0,0,1,0,0,2,0,4,0,0,0,1,0,0,1,1,1,1,0,0,0,4,4,0,0,0,0,1,3,0,1,0,0,0,1,0,0,0,0,1,1,0,0,0,0,2,2,1,0,0,1,3,0,1,0,3,1,0,0,0,0,0,0,2,2,1,0,1,0,0,1,0,0,0,0,0,0,0,0,0,2,1,1,0,0,0,0,3,0,0,0,0,0,0,0,0,0,1,0,0,0,0,0,1,0,1,0,0,0,0,0,0,0,1,0,1,1,2,0,0,2,1,0,0,0,0,3,1,0,0,0,1,1,1,0,0,0,0,0,0,2,2,3,2,0,1,2,0,0,0,0,2,1,2,1,1,1,0,0,0,0,1,1,0,2,3,0,0,0,0,1,3,0,0,1,0,0,0,0,3,1,0,0,0,1,1,0,0,0,3,0,3,0,0,2,3,0,1,0,0,0,1,0,0,0,0,0,2,0,0,0,0,0,0,0,0,3,0,0,1,0,0,0,0,3,1,0,0,2,0,0,0,4,0,0,0,0,0,0,3,3,1,0,0,0,2,0,0,0,2,1,2,0,1,4,4,0,0,0,1,1,2,0,1,0,0,0,1,1,1,0,0,0,0,0,0,0,0,0,0,1,0,0,1,1,0,0,0,0,0,0,0,0,1,0,0,3,0,1,0,0,0,0,1,1,0,0,0,1,0,0,3,0,0,2,0,1,0,0,0,2,0,3,0,1,2,0,2,0,0,0,0,1,0,0,2,0,0,0,0,1,1,0,2,0,0,1,0,0,2,0,1,1,0,2,0,0,3,1,0,0,0,0,0,1,0,0,0,0,0,0,0,0,0,1,0,0,0,0,0,1,0,1,1,3,0,0,0,1,0,1,0,1,1,1,1,1,1,0,0,0,0,2,0,5,0,1,1,0,3,2,0,0,0,0,0,1,0,0,0,0,0,0,0,0,1,2,1,0,1,1,0,0,4,0,0,0,0,0,0,0,0,2,0,0,0,0,1,0,3,0,0,0,0,0,0,2,0,0,1,0,0,0,0,0,0,0,0,1,0,0,1,0,1,0,0,3,0,0,1,1,0,0,2,1,0,2,0,1,0,0,0,0,0,0,0,0,0,1,0,1,1,0,0,1,0,0,0,0,0,1,0,1,0,0,0,0,0,0,0,0,0,0,0,2,0,0,0,0,1,1,0,0,0,0,0,1,1,2,0,0,0,0,1,0,0,0,0,0,0,1,0,1,0,1,0,0,0,0,0,1,0,3,1,0,0,1,0,5,0,0,0,0,0,0,0,0,0,1,0,0,0,0,1,0,0,1,0,1,1,0,1,0,0,0,0,1,0,0,1,0,0,0,0,0,0,0,0,0,1,1,1,1,0,1,0,0,0,0,0,0,2,1,0,1,0,0,1,0,1,0,1,0,0,1,2,0,1,0,0,0,1,0,1,0,0,1,0,0,0,0,1,0,0,0,0,1,2,0,0,0,0,1,2,0,2,1,2,0,0,0,1,5,0,0,0,0,0,1,0,0,2,3,0,3,0,1,1,0,0,0,0,0,0,3,3,2,1,0,1,0,0,0,2,0,2,1,0,0,0,0,2,0,0,0,0,0,0,0,0,0,0,0,0,0,1,1,0,0,0,0,1,0,1,1,0,0,3,1,3,0,1,0,0,2,2,0,0,2,0,0,0,0,0,0,1,0,0,0,0,0,1,0,0,1,0,1,0,0,2,1,0,0,1,0,0,3,0,1,1,1,0,0,0,0,0,1,1,0,1,4,0,1,2,0,0,2,0,1,0,0,1,0,1,1,9,0,0,0,4,4,0,0,0,0,1,0,0,0,0,0,0,0,1,0,1,0,0,0,0,0,0,1,0,0,1,4,1,0,1,0,0,0,1,0,0,0,2,0,1,0,3,1,0,0,1,0,0,0,0,0,0,0,0,0,0,0,0,0,0,1,0,0,0,2,0,3,1,0,0,0,1,0,2,0,0,0,2,0,1,0,0,0,0,0,0,0,0,0,0,0,0,1,0,0,0,0,0,0,2,0,2,2,2,0,0,0,0,1,0,0,0,2,0,0,0,0,1,0,0,0,0,0,1,0,0,0,0,0,0,0,0,0,0,0,0,0,2,2,0,1,0,0,8,1,1,0,0,4,0,0,0,0,0,0,1,0,0,0,1,1,0,2,0,0,1,1,0,0,0,0,3,0,1,1,0,0,0,0,2,0,0,0,0,0,1,1,0,0,0,0,1,0,0,0,0,1,1,0,4,1,0,1,0,0,1,0,1,0,0,0,1,0,0,0,0,0,1,0,0,1,3,0,0,0,0,1,1,0,0,0,1,1,0,0,3,0,0,0,0,1,0,1,0,0,0,1,0,0,0,1,1,0,1,0,0,0,1,1,0,3,0,0,0,0,0,2,0,0,0,0,0,0,0,0,0,0,0,1,0,0,0,1,0,2,0,1,0,0,0,1,0,0,0,0,0,0,0,1,2,1,2,1,0,0,0,1,0,3,0,0,0,1,4,0,1,0,1,2,0,0,0,2,0,1,1,0,0,0,0,0,0,0,4,0,1,0,0,1,0,0,1,1,1,0,1,0,1,0,0,0,0,1,0,3,0,1,1,3,0,1,0,0,5,0,0,0,0,1,1,0,2,0,0,1,1,0,1,0,0,0,7,0,0,2,0,0,0,1,0,0,1,1,0,0,1,0,0,2,0,0,0,1,1,0,0,1,0,0,0,0,0,1,0,0,0,1,0,0,2,1,0,0,0,0,1,0,0,0,0,1,0,0,0,0,3,0,0,2,1,0,0,0,0,0,0,2,0,0,1,0,0,0,2,0,1,0,1,0,0,0,0,3,0,1,0,1,0,0,0,1,0,0,0,0,0,1,2,1,0,2,1,2,0,0,0,0,1,0,0,2,0,0,0,1,3,1,0,1,0
STK17A,3,1,1,1,0,0,0,2,0,0,1,1,0,0,1,2,0,2,1,1,0,2,0,0,0,1,2,0,0,0,0,1,0,0,1,1,1,3,0,1,0,3,0,1,2,3,2,0,0,2,0,1,0,0,2,0,1,1,1,1,0,0,2,0,1,2,0,0,0,0,0,0,0,0,0,1,2,1,0,0,0,0,0,0,1,0,0,0,1,0,0,0,1,0,0,0,0,1,0,4,3,0,0,0,2,0,0,1,0,1,1,1,0,2,0,1,3,0,0,1,0,0,0,1,1,0,2,0,0,1,0,1,0,3,0,0,3,0,0,0,1,0,1,2,0,0,0,0,1,0,0,0,3,0,1,0,1,0,0,0,1,2,0,1,1,2,0,2,0,0,4,1,0,1,0,0,0,0,0,1,1,1,0,1,0,1,1,0,0,0,0,0,0,0,1,3,1,1,0,0,0,1,0,3,0,0,3,3,0,1,0,0,1,1,2,1,0,0,0,0,0,0,1,0,1,0,1,0,0,1,2,0,0,0,0,0,0,2,0,0,0,0,3,0,1,0,2,0,0,0,0,1,0,0,1,1,1,1,1,0,0,1,2,1,1,2,1,0,4,3,1,1,0,0,2,2,1,0,0,1,0,0,1,0,0,0,1,1,1,1,0,0,0,0,0,0,0,1,0,0,1,0,3,0,0,0,2,0,1,0,2,0,0,0,0,0,2,1,0,1,1,0,0,0,0,1,0,2,1,0,1,0,1,2,0,1,0,0,0,0,0,0,0,2,0,1,1,0,0,0,0,2,1,1,0,0,0,2,0,0,0,0,1,1,0,0,2,0,0,1,1,0,0,1,0,1,2,0,0,0,0,0,0,3,0,0,1,1,0,0,1,0,1,0,0,0,1,0,2,0,0,3,0,2,0,0,2,2,3,0,2,3,0,0,1,0,0,1,0,0,0,0,0,1,0,0,1,0,1,0,0,0,0,1,0,3,0,1,0,0,1,2,0,0,1,0,1,1,0,0,0,1,0,0,0,2,2,1,0,0,0,0,0,3,1,0,1,1,0,0,1,0,1,1,0,0,0,1,2,0,1,4,1,1,0,0,1,2,0,0,0,1,1,0,1,0,0,0,0,0,0,0,0,0,1,1,0,0,1,3,0,0,0,1,0,0,2,2,0,0,1,0,0,0,0,0,2,1,0,2,0,0,1,0,0,0,1,1,0,0,0,0,1,2,0,0,0,0,0,0,0,0,1,0,0,0,2,0,1,1,0,0,0,0,0,2,1,2,2,0,1,2,1,1,0,0,2,1,0,0,0,0,0,1,1,0,1,0,0,0,1,1,2,0,3,0,1,1,0,0,0,0,0,3,0,0,0,1,0,1,1,0,1,1,3,0,1,1,0,0,0,0,2,1,0,1,0,0,1,3,3,1,0,0,0,0,0,0,0,0,0,0,3,2,2,0,0,2,1,0,1,1,1,0,0,0,1,0,0,0,0,1,0,2,1,1,0,0,0,1,1,1,0,0,1,2,0,0,2,4,0,0,0,1,0,2,0,0,0,1,2,1,1,1,0,3,1,6,1,0,0,1,0,0,1,0,1,0,0,0,1,0,0,0,0,0,1,1,0,2,0,1,2,0,1,1,0,0,1,0,0,0,0,0,0,0,0,0,0,0,0,1,2,0,0,1,0,0,0,0,3,1,0,2,0,0,0,2,1,1,1,0,0,0,0,0,3,0,3,0,0,0,1,0,0,0,0,0,0,2,0,0,0,0,0,0,2,0,0,1,1,1,0,0,1,2,1,1,1,1,0,1,0,1,2,0,0,0,2,0,1,0,1,0,0,1,0,0,0,0,3,1,0,1,2,1,1,0,0,0,0,1,0,0,2,1,1,3,0,0,0,0,0,1,2,0,3,0,0,0,0,0,0,1,0,0,0,0,0,2,1,0,0,2,0,2,1,0,1,0,0,0,0,0,0,0,2,1,1,0,0,0,0,0,0,0,0,0,0,0,0,0,0,0,0,1,0,0,0,0,0,0,1,0,0,3,1,3,0,0,0,1,2,2,0,1,1,1,2,0,0,0,0,2,0,0,0,1,0,0,0,2,3,0,1,3,1,0,0,1,0,0,0,2,0,4,1,0,1,2,0,0,0,1,1,0,0,1,4,0,0,1,0,1,0,0,1,1,1,0,0,0,0,2,1,0,0,0,0,2,0,2,0,0,0,2,0,0,0,0,0,0,0,4,0,1,0,1,0,1,0,0,0,0,0,0,3,0,0,0,2,0,0,1,0,3,0,0,0,0,1,0,1,1,2,1,1,0,0,0,1,2,3,0,0,1,0,1,0,0,0,2,1,1,2,1,1,1,0,1,1,0,3,4,0,0,0,1,1,0,0,1,0,0,0,1,0,0,0,1,0,0,0,0,2,0,0,1,0,0,0,0,0,0,3,3,0,0,0,3,0,1,1,0,0,0,0,0,0,2,1,0,0,0,0,2,0,1,1,1,0,0,0,2,0,0,0,0,1,1,2,1,0,1,0,0,0,1,0,0,1,0,0,3,0,1,1,1,0,1,0,1,0,1,1,1,0,0,0,0,0,0,0,1,1,0,0,0,2,1,0,0,1,2,0,0,1,0,0,0,1,1,2,1,1,1,0,2,2,2,2,1,0,0,0,0,3,0,0,0,2,0,0,0,2,2,0,1,1,0,1,0,0,3,0,0,0,0,0,0,0,0,1,0,1,3,0,0,2,2,0,1,1,5,1,1,0,0,2,2,0,0,0,0,2,0,0,0,4,2,0,1,0,0,0,0,0,0,0,1,0,0,0,0,1,0,0,0,3,3,0,2,0,0,3,0,0,0,2,2,0,0,0,0,0,0,0,1,0,0,0,3,1,0,1,0,0,0,1,0,0,0,1,0,0,0,4,0,0,3,1,1,0,1,3,0,0,2,0,1,0,0,1,2,1,0,0,1,1,1,2,0,0,0,1,0,2,1,1,0,0,1,3,3,0,1,0,1,6,0,0,0,2,0,0,0,2,2,0,0,1,1,1,0,0,2,0,0,0,1,0,0,1,0,0,0,1,3,3,2,0,0,0,0,0,0,1,1,0,0,1,0,0,0,1,0,2,0,1,0,0,0,1,0,2,0,1,0,1,0,1,0,3,1,2,0,0,1,2,0,0,0,1,0,0,1,1,0,1,3,0,0,0,0,0,0,0,2,0,0,0,0,1,0,1,1,0,1,0,0,0,0,0,0,0,0,0,1,2,0,1,1,2,2,1,0,0,1,1,1,1,0,0,0,0,0,1,0,0,0,0,1,0,0,0,1,0,0,1,1,1,0,1,1,0,0,0,0,0,0,1,2,1,0,0,0,0,0,0,0,1,1,0,3,0,0,0,1,1,0,0,0,2,2,0,2,1,0,1,0,0,0,0,0,0,3,0,0,1,1,0,2,0,1,0,1
TCF7,0,0,1,0,0,0,0,0,0,1,0,0,0,3,1,3,0,1,0,0,1,0,0,0,1,1,0,0,0,0,1,0,0,0,0,1,3,3,0,0,2,1,0,1,0,0,0,0,3,2,0,0,0,1,1,0,0,1,1,1,0,2,0,0,0,1,2,0,0,2,1,0,1,0,0,0,0,0,0,0,2,1,0,0,0,3,1,0,0,2,1,1,1,0,0,1,0,0,0,0,0,0,0,0,0,0,0,1,0,1,1,1,0,0,1,3,0,3,0,0,2,0,2,0,0,2,2,0,0,0,0,0,1,0,0,2,0,1,0,1,0,0,0,1,0,0,0,0,2,0,0,0,0,0,0,0,0,0,0,0,2,2,0,0,0,0,2,1,0,0,1,0,5,3,0,0,1,6,0,0,0,2,0,0,0,0,2,4,0,1,0,0,0,0,1,0,0,0,0,0,0,0,0,0,1,1,0,1,0,2,2,1,0,0,0,0,1,1,0,1,2,0,1,0,2,0,0,0,2,1,0,1,0,1,0,0,0,0,0,0,0,0,0,0,0,0,0,0,0,0,1,1,0,4,0,1,1,1,0,0,1,0,0,0,1,1,0,1,0,1,1,1,0,0,0,1,0,0,0,0,0,0,3,3,2,1,0,1,2,1,3,0,0,2,0,0,1,1,0,0,1,0,0,2,0,0,1,0,0,2,1,0,2,0,1,1,2,1,0,1,0,0,1,0,0,1,0,2,0,3,1,0,1,0,0,3,0,0,2,0,0,0,0,2,0,0,1,0,0,0,1,0,2,1,0,0,0,7,0,0,2,0,0,0,0,0,0,0,0,0,0,0,0,0,0,1,1,2,0,0,0,0,0,0,0,0,1,4,0,0,0,1,1,0,3,0,0,0,0,0,0,0,1,1,0,3,2,0,1,0,2,1,0,1,0,0,1,0,1,0,1,3,0,0,0,1,1,0,0,0,0,2,0,0,0,0,1,1,0,0,0,3,2,0,0,0,0,0,0,1,3,0,0,0,0,0,2,0,0,2,0,3,1,0,0,0,0,0,1,0,1,1,0,2,2,0,0,0,0,0,1,0,0,0,0,1,0,0,1,0,3,3,2,1,0,0,3,0,0,0,1,0,0,1,0,0,0,1,0,0,0,0,0,1,1,0,0,2,1,0,1,1,3,0,0,0,0,0,0,1,0,2,0,0,1,0,2,0,2,0,3,0,1,0,0,1,0,0,0,3,5,0,1,1,1,0,0,2,0,0,0,0,0,1,0,3,1,2,0,0,1,1,1,0,1,0,0,0,0,0,0,1,2,0,0,2,0,2,0,0,0,0,0,0,0,0,2,0,0,0,0,0,0,0,0,0,0,0,0,0,0,0,1,0,7,2,0,0,0,0,0,2,1,0,0,1,1,0,1,0,0,1,1,0,0,2,3,0,2,0,1,0,3,0,0,1,0,1,1,0,0,0,0,0,0,1,0,1,0,1,0,0,0,0,1,1,0,1,2,0,1,2,0,1,1,1,0,0,0,1,0,1,2,3,0,1,0,0,1,0,0,1,2,0,1,3,0,0,0,1,0,1,0,2,0,1,3,1,1,1,0,0,0,2,0,1,1,1,0,1,2,0,0,1,0,2,0,1,0,0,1,0,0,1,0,2,0,0,0,0,0,0,0,1,4,1,0,0,0,0,0,1,0,1,0,1,2,0,0,3,0,0,0,0,0,0,1,1,3,3,0,0,1,0,0,0,0,1,0,0,0,0,1,0,0,0,0,2,1,0,1,0,2,0,0,0,0,1,0,0,5,0,0,2,0,1,0,0,0,1,0,0,0,0,2,1,0,1,0,0,0,0,0,0,0,2,1,0,1,0,1,0,0,0,0,0,0,1,0,0,0,0,0,0,0,0,1,0,0,2,1,0,0,2,1,0,0,0,0,0,1,1,0,0,0,3,1,0,1,1,0,1,1,0,0,0,0,2,0,0,1,0,0,0,1,1,0,1,0,0,0,1,0,0,0,0,0,2,0,1,0,2,3,2,2,1,0,0,2,0,1,1,4,1,0,0,0,1,1,0,0,2,0,2,0,0,0,1,0,4,0,1,2,0,0,1,0,0,0,0,1,3,0,0,0,1,0,0,1,0,0,1,0,1,0,0,0,0,0,0,1,2,3,0,0,1,0,1,1,0,0,0,0,1,1,0,2,4,0,3,0,1,2,0,1,1,0,1,1,3,0,2,0,0,0,2,1,0,0,1,2,1,1,0,1,0,2,2,0,1,0,2,0,0,1,0,0,0,0,1,0,0,2,1,1,0,2,0,1,0,0,0,0,2,0,0,0,1,0,0,2,0,0,0,1,2,2,2,1,0,2,0,0,1,1,0,0,1,3,0,0,0,1,1,0,0,0,0,0,0,0,0,0,0,0,0,0,0,0,0,1,0,2,0,0,3,0,0,0,0,0,1,1,0,0,0,0,0,0,1,1,0,0,0,0,2,0,1,0,0,0,0,0,1,0,1,0,0,0,2,1,0,1,1,0,0,0,3,0,0,1,0,1,0,0,0,0,0,1,7,1,0,1,0,2,1,3,2,0,0,1,0,0,0,0,0,1,0,4,2,0,3,2,0,2,0,0,1,2,0,0,0,0,0,0,0,0,0,0,0,2,1,0,1,1,0,1,0,0,0,0,4,0,3,1,0,0,2,0,2,1,2,0,1,2,1,0,0,2,0,0,5,2,1,1,1,0,0,2,0,1,1,1,1,1,0,0,0,1,0,0,0,0,0,0,0,0,1,1,2,0,2,1,0,5,0,0,1,0,1,2,2,0,0,0,1,1,0,5,1,2,6,0,0,0,0,0,0,0,0,0,0,0,0,0,0,0,0,0,0,0,1,0,0,3,0,1,1,0,0,0,0,1,1,0,0,1,1,0,5,0,0,1,0,0,0,0,1,1,2,0,0,4,0,2,4,0,1,0,0,0,0,0,0,1,0,1,2,0,0,1,0,2,0,0,1,1,0,4,0,0,1,0,0,4,1,1,1,0,0,2,2,1,0,0,2,0,0,0,1,0,2,1,0,0,1,1,1,1,0,0,0,3,1,0,0,0,2,2,0,0,1,0,2,0,0,0,0,1,1,1,0,0,2,2,0,0,0,0,0,0,0,0,3,1,0,0,1,0,0,2,1,0,1,0,1,0,0,1,0,0,0,0,0,0,0,1,2,1,2,2,1,0,5,1,3,0,0,1,0,0,0,1,0,0,0,0,0,0,0,0,0,6,0,1,0,3,0,1,2,2,1,0,0,0,0,0,0,1,1,0,0,0,0,0,2,1,0,2,0,0,1,0,0,3,0,0,0,0,0,0,2,2,0,1,1,0,0,0,1,0,0,0,2,0,3,0,0,0,0,1,1,0,0,1,1,1,2,0,1,0,0,0,0,0,2,0,0,0,2,2,3,1,0,2,0
XCL2,0,1,0,0,0,0,0,0,0,0,0,0,0,0,0,0,0,1,0,0,0,0,0,0,0,0,0,0,0,0,0,0,0,0,0,3,0,0,0,0,0,0,0,0,0,0,0,0,0,0,0,0,0,1,0,0,0,0,0,0,0,0,0,0,0,0,0,0,0,0,0,0,0,0,0,0,2,0,0,0,0,0,0,0,0,0,0,0,1,0,0,0,0,0,0,0,0,0,0,0,0,0,0,0,0,0,0,4,0,0,2,0,0,0,0,0,0,0,0,0,0,0,0,0,0,0,0,0,0,0,0,0,0,0,0,0,0,0,0,0,0,0,0,0,0,1,0,0,0,0,0,0,0,0,0,0,0,0,0,0,0,0,0,0,2,0,0,0,0,1,0,1,0,0,0,0,0,0,0,0,0,0,0,0,0,0,0,0,0,0,0,0,0,0,0,0,0,1,0,0,0,0,0,0,0,0,0,0,0,0,0,0,3,2,3,2,0,0,0,0,0,0,0,0,0,0,0,0,0,0,0,0,0,0,0,0,0,0,0,0,0,0,0,0,0,0,0,0,0,0,0,0,0,0,0,0,0,0,0,0,0,0,0,0,0,0,0,0,0,0,4,0,0,0,0,0,0,0,0,0,0,0,0,0,0,0,0,0,0,0,0,0,0,0,0,0,0,0,0,0,0,0,1,0,0,0,0,0,0,0,0,0,0,0,0,0,0,0,0,0,0,0,0,1,1,0,0,0,0,0,0,0,0,0,0,0,0,0,0,0,0,0,0,0,0,0,0,0,0,0,0,0,0,0,1,0,0,0,0,0,0,0,0,0,2,0,0,0,0,0,0,0,2,0,1,0,0,0,0,0,0,0,0,0,0,0,0,0,0,0,0,0,0,0,0,0,0,0,2,0,0,0,1,0,0,0,0,0,0,0,0,0,0,0,0,0,0,0,0,0,0,0,3,2,0,0,2,1,0,0,0,0,0,0,0,0,0,0,0,0,0,0,0,0,0,0,0,0,0,0,2,0,0,0,0,0,0,0,0,0,0,0,0,0,0,0,0,0,0,0,0,0,0,0,0,0,0,0,0,0,0,0,3,0,0,0,1,0,0,0,0,0,0,0,0,0,0,0,0,0,0,0,0,0,0,0,0,0,0,0,0,1,0,0,0,0,0,0,0,0,0,0,0,0,0,0,0,0,0,0,0,0,0,0,0,0,0,0,0,0,0,0,0,2,0,0,0,1,0,0,0,0,0,0,0,0,0,0,0,0,0,0,0,1,0,0,0,0,0,0,0,2,0,0,0,0,0,0,0,0,0,0,0,0,0,0,0,0,0,0,0,0,0,0,0,0,0,0,0,0,0,0,0,0,0,0,0,2,0,0,0,0,1,0,0,0,0,0,0,0,0,0,0,0,0,3,0,0,0,0,0,0,0,2,0,0,0,0,0,0,0,0,0,0,1,0,0,0,0,0,0,0,0,0,0,0,0,0,0,0,0,0,0,1,0,0,0,0,0,0,0,0,0,0,0,0,0,0,0,0,0,0,0,0,0,0,0,0,0,0,0,0,0,0,0,0,0,0,0,0,0,0,0,2,0,0,0,0,0,0,1,0,0,0,0,0,2,0,0,0,0,0,0,0,0,0,0,0,0,0,0,0,0,0,0,0,0,0,0,0,0,0,0,0,0,2,0,0,0,0,0,0,0,0,0,0,0,0,2,0,0,0,0,0,0,0,0,0,0,0,0,0,0,0,0,0,0,0,0,0,0,0,0,0,0,0,0,0,0,0,0,0,0,0,0,0,0,0,0,0,0,0,0,0,0,0,0,0,0,0,0,0,0,0,0,0,0,1,0,1,0,0,0,0,0,0,0,0,0,0,0,1,0,0,0,0,0,0,0,0,0,0,0,0,0,0,0,0,2,0,0,0,0,0,1,0,0,0,0,0,0,0,0,0,0,0,0,0,0,0,0,0,0,0,0,1,1,0,0,0,0,0,0,0,0,0,0,0,0,0,0,0,2,0,0,0,0,0,0,0,0,0,0,0,0,0,0,0,0,0,0,0,0,0,0,0,0,0,0,0,0,0,0,1,0,0,0,0,0,0,0,0,0,0,0,0,0,0,0,0,0,0,0,0,0,0,0,0,0,0,0,0,0,0,0,0,0,0,0,0,1,0,0,3,0,0,0,0,0,0,0,1,0,0,0,0,0,0,0,0,0,1,0,0,0,0,0,0,0,0,0,0,0,2,0,0,0,0,0,0,0,0,0,0,0,0,0,0,0,0,0,2,0,0,0,0,0,0,0,0,0,0,0,0,0,0,0,0,0,0,0,0,0,0,0,0,0,1,0,0,0,0,0,1,0,0,0,1,0,0,0,0,0,0,0,0,0,0,0,0,0,0,0,0,0,0,0,0,0,0,0,0,0,0,0,0,0,0,0,0,0,0,0,0,0,4,0,0,0,0,0,0,0,0,0,0,0,0,0,0,0,0,0,0,0,0,0,0,0,0,1,0,0,0,0,0,0,3,1,0,0,0,0,0,0,0,0,0,0,0,0,0,0,1,0,0,0,0,0,0,0,0,0,2,0,0,0,0,0,0,0,0,0,0,0,0,0,0,0,0,0,0,1,0,0,0,0,0,0,0,0,0,0,0,0,2,0,0,0,0,0,0,0,0,0,0,0,0,0,0,0,0,0,0,0,0,0,1,0,0,0,0,0,0,0,0,0,0,0,0,0,0,1,0,0,0,0,0,0,1,0,0,0,0,0,0,0,0,0,0,0,0,0,0,0,0,0,0,0,0,0,0,0,0,0,0,0,0,0,0,0,0,0,0,0,0,0,0,0,0,0,0,0,0,3,0,0,2,0,0,0,0,0,0,0,0,0,0,0,0,0,0,0,0,0,0,0,0,0,0,0,0,0,0,0,0,1,0,0,0,0,0,0,0,0,0,0,0,0,0,0,0,0,2,0,0,0,0,0,0,0,0,0,0,0,0,0,0,0,0,0,0,0,0,1,0,0,1,0,0,0,0,0,1,0,0,0,0,0,0,0,0,0,0,0,0,0,2,0,0,0,0,0,0,0,0,0,1,0,0,0,0,0,0,0,0,0,0,0,0,1,0,0,0,0,0,0,0,0,0,0,0,0,0,0,0,0,0,0,0,0,0,0,0,0,0,0,0,0,0,0,0,0,0,0,0,0,1,0,0,0,0,0,0,0,0,0,0,0,0,0,1,0,0,0,0,0,2,0,0,0,0,1,0,0,0,1,0,0,0,0,0,0,0,0,0,0,0,0,0,0,0,0,0,0,4,0,0,0,0,0,0,0,0,0,0,0,0,0,0,0,0,0,0,0,0,0,0,0,0,0,0,0,0,0,0,1,0,0,0,0,0,1,0,0,0,0,0,2,0,0,0,0,0,0,0,0,0,0,0,0,0,0,0,0,0,0,0,0,0,0,0,0,0,0,0
PTGDS,0,0,0,0,0,0,0,0,0,0,0,0,0,0,0,0,0,0,0,0,0,0,0,0,0,0,0,0,0,0,0,0,0,0,0,0,0,0,0,0,0,0,0,0,0,0,0,0,0,0,0,0,0,0,0,0,4,0,0,0,0,0,0,0,0,0,0,0,0,0,0,0,0,0,0,0,5,0,0,0,0,1,0,0,0,0,0,0,0,0,22,0,0,0,0,0,0,0,0,0,0,1,0,0,0,0,0,0,0,0,0,0,0,0,0,0,0,1,0,0,0,0,0,0,0,0,0,0,0,0,0,0,0,0,0,0,0,0,0,0,0,1,0,0,0,0,0,0,0,0,0,0,0,0,0,0,0,0,0,0,0,0,0,0,0,0,0,0,0,0,0,9,0,0,0,0,0,0,0,0,0,0,0,0,0,0,0,0,0,0,0,0,0,0,0,0,0,0,0,0,0,0,0,0,0,0,0,0,0,0,0,0,0,0,0,0,0,0,0,0,0,0,0,0,0,0,0,0,0,0,0,0,0,0,0,0,0,0,0,0,0,0,0,0,0,0,0,0,0,0,0,0,0,0,0,0,0,0,0,0,0,0,0,0,0,0,0,0,0,0,0,0,0,0,0,0,0,0,0,0,0,0,0,0,0,1,0,0,0,0,0,0,0,0,0,0,0,0,0,0,0,0,0,0,0,0,0,0,0,0,0,0,0,0,0,0,0,0,0,0,0,0,0,0,0,0,0,0,0,0,0,0,0,0,0,0,0,0,0,0,0,0,0,0,0,0,0,0,0,0,0,0,0,0,0,0,0,0,0,0,0,0,0,0,0,0,0,0,1,0,0,0,0,0,0,0,0,0,0,0,0,0,0,0,0,0,0,0,0,1,0,0,0,0,0,0,0,0,0,0,0,0,0,0,0,0,0,0,0,0,0,0,0,0,0,0,0,0,0,0,0,0,1,0,0,0,0,0,0,0,0,0,0,0,0,0,0,0,0,0,0,0,0,0,0,0,11,0,0,0,0,0,0,0,0,0,0,0,0,0,0,0,0,0,0,0,0,0,0,0,0,0,0,0,0,0,0,0,0,0,0,0,1,1,0,0,0,0,0,0,0,0,0,0,0,0,0,0,0,8,0,0,0,0,0,0,0,0,0,0,0,0,0,0,0,0,0,0,0,0,0,0,1,0,0,0,0,0,0,0,0,0,0,0,0,0,0,0,0,0,0,0,0,0,0,0,0,0,6,0,0,0,0,0,0,0,0,0,0,0,0,0,0,0,0,0,3,0,0,0,0,0,0,0,0,0,0,0,0,0,0,0,0,0,0,0,0,0,0,0,0,0,0,0,0,0,0,0,0,0,0,0,0,0,0,0,0,0,0,0,0,0,0,0,0,0,0,0,0,0,0,0,0,0,0,0,0,0,0,0,0,0,0,0,0,0,0,0,0,0,0,0,0,0,0,0,0,0,0,0,0,0,0,0,0,0,0,0,0,0,0,0,0,0,0,0,0,0,0,0,0,0,0,0,0,0,0,0,0,0,0,0,0,0,0,0,0,0,0,0,0,0,0,0,0,0,0,0,0,0,0,0,0,0,0,0,0,0,0,0,0,0,0,0,0,0,0,0,0,0,0,0,0,0,0,0,0,0,0,1,0,0,0,0,0,0,0,0,0,0,0,0,0,0,0,0,0,0,0,0,0,0,0,0,0,0,0,0,0,0,0,0,0,0,0,0,0,0,0,0,0,0,0,0,0,0,0,0,0,0,0,0,0,0,0,0,0,0,0,0,0,0,0,0,0,0,0,0,0,0,0,0,0,0,0,0,0,0,0,0,0,0,0,0,0,0,0,0,0,0,0,0,0,0,0,0,0,0,0,0,0,0,0,0,0,0,0,0,0,0,0,0,0,0,0,0,0,1,0,0,0,0,0,0,0,0,0,0,0,0,0,0,0,0,0,0,0,0,0,0,0,0,0,0,0,1,0,0,0,0,0,0,0,0,0,0,0,0,0,0,0,0,0,0,0,1,0,0,0,0,0,0,0,0,0,0,0,0,0,0,0,6,0,0,0,0,0,0,0,0,0,0,0,0,0,0,0,0,0,0,0,0,0,0,0,0,0,0,0,0,0,0,0,0,0,0,0,0,0,0,0,0,0,0,0,0,0,0,0,0,0,0,0,0,0,0,0,0,0,0,0,0,0,0,0,0,0,0,0,0,0,0,0,0,0,0,0,0,0,0,0,0,0,0,0,0,0,0,0,0,0,0,0,0,0,0,0,0,0,0,0,0,0,0,0,0,0,0,0,0,0,0,0,0,0,0,0,0,0,1,0,0,0,0,0,0,0,0,0,0,0,0,0,0,0,0,0,0,0,0,0,0,0,0,0,0,0,0,0,0,0,0,1,0,0,0,0,0,0,0,0,0,0,0,0,1,0,0,0,0,4,0,0,0,0,0,0,0,0,0,0,0,0,0,0,0,0,1,0,0,0,0,0,0,0,0,0,0,0,0,0,0,0,0,0,0,0,0,0,0,0,0,0,0,0,0,8,0,0,0,0,0,0,2,0,0,0,0,0,0,0,0,0,0,0,0,0,0,0,0,0,0,16,0,0,0,0,0,0,0,0,0,0,0,0,0,0,0,0,0,0,0,0,0,0,0,1,0,0,0,0,0,0,0,0,0,0,0,0,0,0,0,0,0,0,0,0,0,0,0,0,0,0,0,0,0,1,1,0,0,0,0,0,0,0,0,0,0,0,0,0,0,0,0,0,0,0,0,0,0,0,0,0,0,0,0,0,0,0,0,0,0,0,0,0,0,0,0,0,0,0,0,0,0,0,0,0,0,0,0,0,0,0,0,0,0,0,0,0,0,0,0,0,0,0,0,0,0,0,0,0,0,0,0,0,0,0,0,0,0,0,0,0,0,0,0,0,0,0,0,0,0,0,0,0,0,0,0,0,0,0,0,0,0,0,0,0,0,11,0,0,0,0,0,0,0,0,0,0,0,0,0,0,0,0,0,0,0,0,0,0,0,0,0,0,0,0,0,0,0,0,0,0,0,0,0,0,0,0,0,0,0,0,0,0,0,0,0,0,0,0,0,0,0,0,0,0,0,0,0,0,0,0,0,0,0,0,0,1,22,0,0,0,0,0,0,0,0,0,0,0,0,0,0,0,0,0,0,0,16,0,0,0,0,0,0,0,0,0,0,0,0,0,0,0,0,0,0,0,0,0,0,0,0,0,0,0,0,0,0,0,0,0,0,0,0,0,0,0,0,0,0,0,0,0,0,0,0,0,0,0,0,0,0,0,0,0,0,0,0,0,0,0,0,0,0,0,0,0,0,0,0,0,0,0,0,0,0,0,0,0,0,0,0,0,0,0,0,0,0,0,0,0,0,0,0,0,0,0,0,0,0,0,0,0,0,0,0,0,0,0,0,0,0,0,0,0,0,0,0,0,0,0,0,0,0
SARAF,5,2,5,3,2,0,2,4,2,1,0,4,2,3,3,2,1,1,0,5,2,2,1,4,1,1,3,0,3,0,3,4,0,1,3,0,3,7,4,2,4,4,0,3,3,0,0,0,2,0,1,7,0,2,2,0,0,6,7,2,2,1,2,1,2,3,6,1,0,3,0,9,1,0,8,2,1,0,0,0,6,2,2,1,1,10,4,1,3,4,2,5,2,1,4,3,2,0,0,3,4,0,4,9,1,1,3,1,2,5,2,8,0,5,3,5,2,3,1,0,4,0,1,1,6,6,0,0,2,0,2,7,3,2,8,1,0,4,1,2,1,2,4,2,8,4,1,1,9,2,2,0,2,4,0,7,1,2,2,4,5,0,4,1,1,5,0,6,0,7,8,2,1,4,3,1,1,4,2,3,1,8,2,3,4,3,3,5,1,5,3,1,4,3,4,0,1,1,1,0,2,1,2,2,3,0,0,4,2,4,1,1,3,1,1,0,2,2,2,3,4,0,2,1,9,0,1,2,1,6,2,3,3,1,0,1,3,0,1,0,4,10,0,1,2,2,3,0,2,0,3,0,0,1,3,2,3,5,1,0,0,0,4,1,2,2,1,0,8,2,1,5,2,1,0,2,1,3,2,4,3,1,6,2,2,4,2,1,5,8,7,2,7,6,3,2,3,4,0,0,4,4,3,2,1,4,6,0,3,3,4,0,3,3,1,1,3,4,2,2,1,1,1,1,3,5,0,7,1,1,5,0,4,3,0,4,5,1,3,0,6,2,1,7,1,4,3,0,5,2,1,5,7,4,1,1,0,6,1,1,2,4,0,1,1,4,9,1,0,4,4,1,2,4,1,5,5,3,1,0,2,1,4,2,0,2,2,3,3,0,3,8,2,4,0,1,1,1,1,2,1,7,1,11,1,2,3,0,3,0,5,4,2,3,7,5,2,3,3,3,4,2,7,1,1,3,1,4,0,3,0,6,0,2,2,1,1,2,7,0,1,6,1,0,5,1,3,2,2,0,1,5,1,1,0,3,0,2,4,1,2,3,8,2,1,3,3,4,1,0,0,0,0,4,3,1,4,1,0,0,4,0,0,5,1,7,0,4,4,1,5,8,8,1,2,1,2,4,0,1,0,0,1,1,1,1,0,8,3,3,0,1,1,3,1,2,3,3,3,1,4,2,3,1,3,0,4,2,2,2,0,2,0,6,3,2,4,5,2,2,5,5,2,1,2,7,1,1,1,8,1,0,3,0,1,3,4,2,4,2,1,6,1,1,2,4,2,3,4,0,5,0,3,3,4,0,3,4,1,1,1,1,2,1,3,3,1,1,2,0,2,3,0,4,7,1,5,1,0,1,3,5,1,2,2,8,4,0,1,1,0,1,0,3,6,4,4,1,1,0,4,4,2,2,1,0,7,3,2,11,2,6,0,4,2,1,2,4,3,1,4,0,8,1,1,1,4,2,2,1,2,1,1,1,0,1,1,2,0,3,3,1,1,0,10,2,2,2,1,1,5,5,1,0,1,7,0,1,5,4,1,8,5,2,0,6,1,7,0,5,2,2,3,2,9,5,1,7,0,1,0,2,6,2,2,0,4,4,2,5,2,3,0,3,0,3,1,4,3,3,1,5,3,3,2,3,1,9,0,1,2,1,0,3,2,2,3,1,1,2,0,4,2,0,6,0,0,5,1,0,1,4,4,8,0,0,4,0,0,6,2,0,1,6,1,2,1,0,7,7,1,4,2,6,2,2,3,3,1,3,0,2,3,5,1,3,0,3,4,4,5,3,1,1,2,2,1,4,1,2,4,2,1,2,3,5,5,1,0,1,3,1,2,3,1,3,2,1,1,4,1,0,4,0,3,4,2,2,2,1,5,3,2,0,4,4,2,5,1,3,2,2,7,0,5,0,2,10,2,1,4,2,0,4,1,0,1,0,2,1,6,2,2,3,0,1,8,0,1,3,1,1,4,2,3,2,1,4,0,0,1,2,3,0,3,7,3,3,4,2,4,1,4,0,0,2,2,6,4,1,2,4,4,4,8,5,3,0,1,3,1,2,2,1,1,4,2,2,5,0,0,1,2,0,0,0,2,4,1,4,1,2,4,1,2,2,4,3,3,1,3,10,2,4,1,8,1,0,1,2,2,9,3,3,3,0,1,3,6,1,3,3,0,1,1,0,0,0,2,1,1,4,1,3,3,4,4,4,2,4,1,4,6,4,3,8,5,1,1,2,0,7,4,2,2,4,2,3,2,7,2,0,7,3,4,1,4,5,0,6,3,1,1,4,3,3,0,2,2,2,3,1,5,3,3,2,3,0,6,2,5,11,1,8,1,4,4,5,0,1,2,0,1,0,4,8,6,5,6,1,7,0,11,1,6,3,2,2,3,4,3,1,1,1,2,1,2,1,0,4,5,2,1,0,2,3,4,0,1,6,2,0,2,6,2,1,4,4,1,1,1,4,1,5,6,1,1,3,0,4,3,3,4,0,1,2,1,2,1,2,3,4,2,6,0,5,2,7,1,2,3,0,3,2,0,3,1,2,1,1,3,0,8,1,2,2,0,2,1,4,1,7,3,4,3,0,0,1,3,3,0,2,2,3,1,2,3,2,1,1,2,1,3,1,4,0,1,5,2,1,5,0,4,2,3,4,0,4,0,4,6,3,2,8,2,4,0,1,1,1,2,0,1,1,3,2,0,3,2,4,5,2,2,4,2,2,0,4,3,0,3,2,1,3,3,4,2,2,6,1,3,3,1,4,3,5,0,0,1,8,1,3,4,0,3,7,0,1,8,2,5,7,0,2,4,0,1,1,0,1,2,9,2,0,0,6,7,0,5,6,2,3,5,2,1,2,2,4,3,5,1,0,0,4,5,5,0,1,1,1,3,4,4,2,3,2,4,5,0,0,1,2,2,2,0,1,2,5,1,2,4,1,3,1,0,2,2,2,5,5,1,0,3,1,4,4,1,4,2,2,4,2,0,1,0,2,3,5,7,0,4,4,4,0,1,6,4,3,2,0,4,0,3,0,4,0,2,4,2,3,2,9,4,3,4,3,1,1,1,2,6,4,1,1,0,1,1,4,5,3,2,1,2,3,3,4,1,4,7,2,1,1,0,1,2,0,0,4,4,2,8,1,3,4,10,1,1,1,0,8,5,0,2,4,3,2,0,3,1,2,5,1,1,2,1,0,4,3,2,2,2,0,3,1,3,1,2,6,3,6,8,0,2,2,6,4,0,4,4,2,5,4,1,4,0,2,4,7,0,0,1,7,14,1,1,0,7,2,7,3,3,6,0,4,4,0,2,0,7,3,0,3,3,1,8,4,5,2,3,3,3,4,0,1,4,4,2,1,0,2,2,2,3,0,0,0,1,0,0,4,2,4,1,5,0,3,0,0,0,2,3,4,4,4,5,1,6,7,2,3,1,1,1,3,2,4,0,5,0,3,2,10,4,0,2,3
PLPP5,0,0,0,0,0,0,0,0,0,0,0,0,0,0,0,0,0,0,0,0,0,0,0,0,0,0,0,1,0,0,0,0,0,0,0,0,0,0,0,0,0,0,0,2,0,3,0,0,0,0,0,0,0,0,0,0,0,0,0,0,0,0,0,0,0,0,0,0,0,0,0,0,0,0,0,0,0,0,0,0,0,0,0,0,0,0,0,0,0,0,0,0,0,0,0,0,0,3,0,0,0,0,0,0,0,0,0,0,0,0,0,0,0,0,0,0,0,0,0,0,0,0,0,0,0,0,0,0,0,0,0,0,0,4,0,0,0,0,0,0,0,0,0,0,0,0,0,0,0,0,0,0,0,0,0,0,1,0,0,0,0,0,0,0,0,0,0,0,0,0,0,0,0,0,0,0,0,0,0,0,0,0,0,3,0,1,0,0,0,0,0,0,0,0,0,0,0,0,0,0,0,0,0,0,0,1,3,0,0,0,0,0,0,0,0,0,0,0,0,0,0,2,0,0,0,0,1,0,0,0,0,0,0,0,0,0,0,0,0,0,0,0,0,0,0,0,0,0,0,0,0,0,6,0,2,0,0,0,2,0,0,0,0,0,0,0,0,0,0,0,0,0,0,0,0,0,2,0,0,0,0,0,0,0,0,0,0,2,0,0,0,0,0,0,0,0,0,0,0,0,0,0,1,0,0,0,0,0,0,0,0,0,0,0,0,1,0,0,0,0,1,0,0,0,0,0,0,0,0,0,0,0,0,1,0,0,0,0,0,0,0,0,0,0,0,0,0,0,0,0,0,0,0,0,0,0,2,1,0,0,0,1,0,0,0,0,0,0,0,0,0,0,0,0,0,0,0,0,0,0,0,1,0,0,1,1,0,0,0,1,0,0,0,0,0,0,1,0,0,0,0,0,0,0,0,0,0,0,1,0,0,0,0,0,0,0,0,2,0,0,0,0,0,0,1,0,0,0,0,0,0,0,1,0,0,0,0,0,0,0,0,0,0,1,0,0,0,0,1,0,0,0,0,0,0,0,0,0,0,1,0,0,0,1,0,0,0,0,0,0,0,0,0,0,0,0,1,0,2,0,0,0,0,0,0,0,0,0,0,0,0,0,0,1,0,0,0,0,4,0,0,0,0,0,0,1,0,0,0,0,0,0,0,0,0,0,0,0,0,0,0,0,0,0,0,0,0,0,0,0,0,3,0,0,0,0,0,0,0,0,2,0,0,0,0,1,0,0,0,0,0,0,0,0,0,0,2,0,0,0,0,0,5,0,0,0,0,0,0,0,0,0,0,0,0,0,0,0,0,1,0,0,0,0,0,0,0,0,1,0,1,1,0,0,0,0,0,1,2,1,0,0,0,0,0,0,0,0,0,0,0,5,0,0,1,0,0,0,0,1,0,0,0,0,1,0,0,0,0,0,0,0,0,0,0,0,0,0,0,1,0,0,0,0,0,1,0,0,0,0,0,0,0,0,1,0,1,0,3,0,0,0,0,1,0,0,0,0,0,0,0,0,0,0,0,1,0,0,0,1,1,0,0,0,0,0,0,0,0,0,0,0,0,0,0,0,0,0,2,0,1,0,2,0,0,0,0,0,0,0,0,0,1,0,0,0,0,0,0,0,0,0,0,0,0,0,1,0,0,0,0,0,1,0,0,0,0,0,0,0,0,0,0,0,1,0,1,0,0,0,0,0,0,0,0,0,0,4,0,0,0,0,1,0,0,0,0,0,0,0,0,0,0,0,0,0,0,0,0,0,0,0,0,0,0,0,0,0,0,0,0,0,0,0,0,0,0,0,0,0,0,0,3,0,0,0,0,1,0,0,0,0,0,0,0,0,0,0,0,0,0,1,0,0,1,0,0,0,0,0,0,0,0,0,1,0,1,0,0,0,0,0,0,0,0,0,0,0,0,0,0,0,0,0,0,0,0,0,0,2,0,0,0,0,2,0,0,0,0,0,0,0,0,0,0,0,0,0,1,0,0,1,0,0,0,0,2,0,2,0,0,0,0,0,0,0,0,0,0,0,0,0,0,0,0,0,1,2,0,0,0,0,0,0,0,0,0,0,0,0,0,0,0,0,0,0,0,0,0,1,0,0,0,3,1,0,0,0,0,0,0,0,0,0,0,0,1,0,0,0,0,0,0,0,0,0,0,0,0,0,0,0,0,0,0,0,0,0,2,0,0,0,0,1,0,0,0,0,0,0,0,1,0,0,0,0,0,0,0,0,0,0,0,0,0,0,0,0,1,0,0,1,0,0,0,0,0,0,0,0,0,0,0,0,0,0,1,0,0,0,3,0,0,0,0,0,0,0,0,0,0,0,2,0,0,0,0,0,0,0,0,0,1,0,0,0,0,0,0,0,0,0,0,0,0,0,0,0,0,0,0,0,0,0,0,0,0,0,0,0,0,0,0,0,0,0,0,0,0,0,2,0,0,0,0,0,0,0,0,1,0,0,0,0,0,0,0,0,0,0,1,0,0,0,0,0,0,0,0,0,0,0,0,0,2,0,0,0,0,0,0,0,0,0,0,0,0,0,0,0,0,0,0,0,0,0,1,0,0,0,0,0,0,0,0,1,0,0,0,0,1,0,0,0,0,0,0,0,0,1,0,0,0,0,0,0,0,0,0,0,3,0,1,0,0,0,0,0,0,1,0,0,1,0,0,0,0,0,0,0,0,0,0,0,0,0,0,1,2,0,0,0,0,0,0,0,1,0,0,0,2,0,0,0,0,0,0,0,0,0,0,0,0,0,1,3,0,0,0,0,0,0,0,0,0,0,0,0,0,0,0,0,0,0,0,6,0,1,0,0,0,0,0,0,0,0,0,0,0,0,0,0,0,0,0,1,0,0,0,0,0,0,0,0,0,0,0,0,0,0,0,0,1,0,0,0,1,0,0,0,3,0,0,0,0,0,0,0,0,0,0,2,0,0,0,0,0,0,0,0,0,0,0,0,0,0,2,0,0,0,0,0,0,0,0,0,0,1,0,1,0,0,0,3,0,0,0,0,0,0,0,0,0,0,0,0,0,1,0,0,0,0,0,0,1,0,1,0,0,0,0,0,0,0,0,0,0,1,0,0,0,0,0,0,0,0,0,0,0,0,0,0,0,0,0,1,0,0,0,0,0,1,0,0,0,0,0,0,0,0,0,0,0,0,0,0,0,0,0,0,0,0,0,0,0,0,0,0,0,0,0,0,0,0,0,0,0,0,0,0,0,0,1,0,0,0,0,0,0,0,0,0,0,0,0,0,0,0,0,0,0,0,0,0,0,0,0,0,0,0,0,0,0,0,0,1,0,0,1,0,0,0,1,0,0,0,0,0,0,0,0,0,0,1,0,0,0,0,0,0,0,0,0,0,0,0,0,0,1,0,0,0,0,0,0,0,0,1,0,0,0,0,0,0,0,0,0,0,0,0,0,0,0,0,0,0,0,0,0,0,0,0,0,0,0,0
RPS18,52,6,42,10,18,32,27,99,38,19,54,29,33,46,28,63,28,20,26,59,27,40,18,26,20,20,36,58,40,64,46,48,64,44,10,9,70,49,37,22,52,45,19,74,25,27,55,21,58,28,21,50,15,31,26,15,6,59,32,17,77,59,31,10,25,41,25,2,25,74,14,145,33,4,9,6,12,39,11,25,34,32,15,23,21,54,45,58,26,28,35,41,44,39,64,25,10,27,18,127,17,51,14,38,25,18,15,8,37,42,27,62,8,45,38,93,25,67,24,26,8,3,35,18,53,39,29,30,40,29,17,51,24,19,19,25,32,50,11,21,45,33,40,85,87,13,29,31,95,9,37,7,29,67,21,40,17,22,17,11,37,28,34,16,4,48,23,63,38,87,59,12,93,33,28,13,33,24,28,48,22,39,42,18,23,65,63,45,16,30,45,62,52,60,71,53,32,9,2,64,18,37,39,23,44,33,22,57,54,56,42,13,14,4,19,21,52,29,51,43,8,26,32,23,95,11,43,12,57,41,48,23,42,62,24,23,40,22,44,20,17,17,34,7,41,29,28,23,49,14,38,17,24,23,33,54,31,57,24,18,47,28,39,30,54,39,21,29,63,49,8,91,16,18,39,16,16,63,37,40,12,10,64,53,49,53,66,26,50,25,48,71,39,38,32,15,15,26,33,26,40,35,28,48,21,8,37,3,24,74,35,14,28,32,30,23,39,128,37,44,17,15,31,22,21,12,21,100,36,64,41,25,60,17,13,37,42,14,59,18,63,27,19,71,36,52,21,22,54,22,39,39,57,48,12,13,30,57,50,6,47,34,35,8,14,43,134,28,51,38,22,16,9,34,12,111,54,60,34,47,11,6,61,25,58,8,54,72,25,6,70,53,25,43,44,12,67,41,10,22,19,50,22,53,14,76,27,29,35,64,50,57,17,50,50,74,20,33,44,36,44,76,46,4,36,38,30,18,32,34,14,52,51,24,26,39,22,16,53,86,21,75,83,58,50,116,13,25,24,14,26,42,21,29,47,69,29,51,35,52,34,57,22,23,37,41,32,43,8,6,17,16,9,56,61,28,18,27,41,24,21,52,4,55,20,85,32,99,58,18,47,49,36,31,29,20,41,48,18,13,6,17,31,14,35,46,30,61,28,20,6,12,31,11,19,52,23,21,31,20,50,47,67,19,16,18,27,25,22,78,33,95,37,21,64,22,33,74,22,75,240,51,35,7,29,65,45,26,75,41,93,99,16,33,13,31,32,34,30,37,38,53,32,22,40,67,23,55,56,15,59,4,51,35,69,27,28,40,8,34,29,14,22,26,25,35,45,16,31,6,19,41,10,33,50,83,61,26,30,24,45,63,11,24,106,113,25,38,31,21,36,32,11,50,133,47,30,36,28,34,61,63,39,21,17,9,37,29,24,67,23,60,22,15,8,26,32,43,57,57,16,2,57,55,19,23,56,40,54,8,10,16,22,12,25,15,25,31,20,43,25,62,38,12,78,16,11,17,50,44,42,59,24,22,49,65,11,18,55,27,8,61,43,64,19,58,29,49,6,25,32,41,44,23,44,32,20,51,43,20,13,44,32,19,23,19,45,16,25,166,36,40,14,43,24,48,30,38,28,29,60,29,43,63,26,44,17,35,15,39,27,28,22,20,60,62,21,76,26,31,19,41,41,14,64,14,25,42,26,25,27,40,44,69,34,55,43,19,38,68,29,18,17,52,22,35,50,6,49,48,60,31,28,30,7,10,28,21,6,69,14,15,20,56,15,27,10,39,81,40,42,50,21,6,55,36,23,71,7,31,53,23,21,25,59,36,33,32,21,29,50,19,22,15,25,23,32,18,25,13,17,8,77,46,25,65,28,18,27,11,62,19,35,19,37,30,19,74,16,87,28,49,47,19,59,112,28,102,9,36,20,5,10,33,23,16,14,15,46,31,48,52,51,15,63,29,54,8,21,26,58,14,32,22,35,26,11,32,14,28,32,10,26,36,28,54,69,32,37,54,45,23,15,12,11,24,108,55,37,22,27,54,33,89,46,20,24,65,83,18,26,14,41,47,23,29,15,25,54,28,14,83,12,30,37,29,15,71,18,60,10,85,36,18,20,28,42,33,36,15,32,52,37,27,21,59,32,9,39,32,6,44,26,38,18,21,58,34,30,16,36,18,28,12,15,23,29,17,85,9,45,166,16,22,34,56,71,24,33,67,27,18,35,107,44,49,16,37,30,23,34,60,20,20,30,20,24,28,16,28,37,29,83,15,37,24,36,38,7,46,69,28,19,35,44,35,49,31,33,57,18,23,37,49,28,28,51,9,41,48,111,127,26,66,29,47,28,66,18,26,33,10,32,20,52,36,35,20,43,19,48,4,67,35,29,69,17,20,78,64,47,42,22,31,7,33,33,11,17,11,34,106,15,15,32,49,43,36,19,27,60,6,35,43,3,20,11,52,34,40,13,78,31,92,43,6,31,40,6,44,82,30,29,9,20,41,36,46,28,18,33,40,45,71,27,24,16,17,27,48,29,21,37,24,33,44,13,64,7,83,24,15,43,22,14,24,19,95,25,41,43,51,35,8,62,21,20,32,46,40,29,28,25,98,36,30,26,27,58,24,106,41,19,16,30,31,46,38,27,17,95,30,37,95,55,8,16,37,21,116,61,45,26,22,27,49,18,31,6,17,59,60,15,29,49,43,33,28,44,54,12,39,71,47,27,34,30,56,35,31,17,38,9,35,28,41,45,27,39,19,66,59,36,58,28,95,17,18,60,44,20,31,20,16,28,42,43,26,45,25,33,75,39,21,53,24,21,83,46,49,34,61,16,11,26,65,29,34,56,19,49,54,69,31,17,31,32,15,15,36,28,10,19,35,39,25,43,37,24,24,31,64,72,77,24,17,44,38,19,25,29,36,44,17,6,53,15,38,14,49,53,24,26,12,32,41,14,73,62,50,31,18,50,4,65,24,35,34,5,61,43,25,6,10,87,42,28,57,51,40,38,29,28,22,22,49,51,17,145,31,13,55,62,9,35,44,16,40,32,18,47,95,47,27,12,32,63,14,10,26,33,30,33,20,12,27,15,67,20,111,7,17,38,48,74,45,25,27,36,30,14,64,14,34,15,62,55,47,65,35,53,51,34,44,95,13,19,26,37,87,50,20,3,33,22,15,7,44,16,25,51,36,35,24,11,19,28,93,27,25,27,12,48,16,33,50,44,61,24,39,66,30,39,38,49,56,18,36,37,20,56,47,18,60,13,67,24,60,10,12,35,46,101,20,18,14,48,64,37,55,34,23,22,40,60,13,19,14,65,44,18,13,22,20,94,27,55,24,44,37,26,38,24,17,69,17,34,20,15,21,17,39,46,16,20,9,26,103,30,50,24,53,22,41,11,57,16,8,21,12,34,16,45,43,38,32,60,58,18,38,44,10,18,21,25,28,8,97,24,44,26,127,63,15,39,24
ZEB2,0,1,0,0,0,2,1,0,0,0,0,0,0,0,1,3,0,0,0,0,0,0,1,0,0,0,0,0,0,1,0,0,1,3,0,1,0,0,0,0,0,0,1,0,0,1,0,1,0,0,0,0,1,0,0,0,0,0,0,0,1,0,0,0,0,0,0,0,0,0,0,1,0,1,0,3,0,0,1,2,0,0,1,0,1,0,0,0,0,0,2,0,0,0,0,1,0,0,1,0,0,0,3,0,0,1,0,1,2,0,1,0,0,0,0,0,0,1,1,0,0,1,1,0,0,0,0,1,3,0,0,0,0,0,0,0,0,0,0,0,0,0,1,0,1,1,1,2,0,1,0,1,1,0,0,0,0,0,0,0,0,0,2,2,0,0,1,0,2,2,0,0,0,0,1,0,0,0,0,0,0,0,0,0,0,0,0,0,0,0,3,0,0,0,0,1,0,0,0,1,0,0,1,0,0,2,0,0,0,0,0,0,0,0,0,1,0,0,1,1,0,2,1,0,0,0,0,0,0,0,0,0,3,1,0,0,0,0,0,0,1,0,1,1,0,0,0,0,2,0,0,0,0,0,0,0,0,0,0,0,0,0,3,2,0,0,0,0,0,0,1,1,1,0,0,0,0,1,0,1,1,0,0,0,0,0,0,0,0,0,0,1,2,0,0,0,0,0,0,0,0,0,1,0,1,0,0,0,5,0,0,0,0,0,0,0,0,0,0,0,0,1,2,0,1,0,0,1,0,0,0,2,0,0,1,0,0,0,0,1,3,0,0,0,0,0,0,0,0,1,0,0,3,0,1,1,0,0,3,0,0,1,0,1,0,0,0,0,0,0,1,1,2,0,0,3,0,0,0,0,0,0,0,0,0,0,0,0,0,1,0,2,0,7,0,0,1,0,0,1,1,0,0,0,1,0,2,0,0,1,1,0,0,0,0,2,0,0,0,0,2,0,0,0,1,0,1,0,0,0,2,1,0,0,0,0,2,0,0,2,1,0,1,0,0,3,3,0,0,0,0,0,3,0,0,0,0,0,1,0,2,0,0,0,0,3,0,0,3,2,0,2,1,0,0,1,1,0,0,0,1,0,2,0,0,0,0,0,0,0,0,0,0,0,0,0,0,0,0,4,0,0,0,0,0,0,0,0,2,1,0,1,0,0,0,0,1,0,0,0,0,0,1,2,0,0,0,1,1,0,0,0,0,0,1,1,0,0,0,0,1,0,0,1,0,0,1,0,1,0,0,3,0,1,1,3,0,1,0,1,0,0,0,0,0,0,0,0,0,1,0,0,0,0,0,4,0,1,1,0,0,0,0,2,0,0,0,0,0,0,0,0,1,0,0,1,0,1,0,0,0,1,0,0,0,1,4,0,0,0,2,0,1,0,0,0,0,0,0,1,0,0,0,0,1,1,0,0,0,0,0,0,0,1,0,0,0,0,0,0,0,0,0,0,0,0,1,0,0,0,0,0,0,0,0,1,0,0,0,0,1,1,0,0,0,0,1,0,0,0,0,0,1,0,2,0,1,1,0,0,0,0,0,0,4,0,0,0,0,0,0,0,0,0,0,0,0,0,0,1,0,0,0,0,0,2,0,0,0,0,0,0,1,0,4,0,1,0,0,0,0,0,0,0,0,0,0,0,0,0,0,0,0,0,0,0,2,0,0,0,2,0,0,1,0,0,0,0,0,0,0,0,0,0,0,0,0,0,0,0,1,1,0,0,1,0,0,0,0,0,0,0,0,0,0,2,1,0,1,0,0,0,0,0,1,3,2,0,0,1,0,0,0,0,1,0,0,0,3,0,0,0,0,0,0,0,0,0,0,0,0,1,0,2,0,0,5,0,0,1,0,0,0,0,0,0,0,0,0,0,0,0,0,0,0,0,0,0,3,0,0,3,0,0,0,1,1,1,1,0,0,1,0,0,1,0,1,1,0,0,0,0,0,0,0,0,0,2,0,0,0,0,2,2,0,0,1,0,0,2,1,0,0,2,2,0,3,0,0,0,0,0,1,1,1,0,0,0,0,0,0,0,0,0,0,0,0,1,1,1,1,0,0,0,0,0,0,0,0,0,0,1,1,0,0,1,0,0,1,1,1,0,0,0,0,1,0,0,0,1,1,0,0,0,0,0,0,0,0,2,0,0,0,0,0,0,0,0,0,0,0,0,1,3,1,2,0,0,0,1,0,1,1,0,0,2,0,1,5,0,1,0,0,5,0,0,1,0,0,0,1,0,0,1,0,0,0,0,1,0,0,2,0,0,0,0,0,0,0,0,0,1,1,0,0,0,0,0,0,0,0,0,0,0,0,0,0,3,0,0,4,0,1,0,0,1,0,2,0,0,0,0,0,0,0,0,0,0,0,0,0,1,0,0,0,0,2,0,0,0,0,1,1,1,0,1,5,2,0,2,2,0,1,0,0,0,0,2,1,2,3,3,0,0,1,0,0,1,1,0,1,0,0,2,0,1,0,0,2,0,0,0,3,3,2,0,0,0,1,0,0,0,0,0,0,0,0,0,0,0,0,0,0,0,0,0,4,0,0,0,0,0,0,0,1,0,0,1,0,0,0,0,1,1,0,1,0,0,0,0,2,1,1,0,0,0,0,0,0,0,0,0,0,1,0,0,0,0,0,0,0,0,0,1,1,1,1,0,0,0,0,0,2,0,0,0,0,0,0,1,0,0,0,0,0,0,0,1,0,0,0,0,1,0,0,1,1,2,0,0,0,0,1,4,1,0,0,0,0,0,0,2,0,0,0,0,0,1,1,0,2,3,0,0,0,0,1,0,0,0,0,0,0,0,0,0,0,0,0,0,1,0,0,0,0,0,3,0,0,0,0,0,1,3,1,0,0,1,0,0,1,0,0,0,0,0,1,0,1,1,3,0,0,0,0,0,0,0,0,2,0,0,0,0,0,0,0,0,0,0,4,0,0,1,0,0,1,0,0,0,0,0,0,0,0,1,0,0,1,1,0,1,3,2,0,0,0,0,0,3,0,0,0,0,0,0,0,0,3,1,1,0,0,0,0,0,0,0,0,0,0,0,0,0,3,0,0,0,2,0,0,3,0,4,0,2,0,1,0,0,1,2,0,0,1,0,0,0,0,0,2,0,0,0,0,0,0,0,0,2,2,0,0,0,0,0,0,1,0,1,0,0,1,0,0,0,1,0,1,1,0,0,0,0,1,0,0,1,0,0,1,2,2,0,0,0,0,0,0,0,0,1,0,0,0,0,0,0,0,2,0,0,0,0,0,0,0,0,2,0,0,0,0,0,0,0,0,0,0,0,0,0,1,0,0,0,1,1,0,0,0,0,0,0,0,0,0,0,0,1,0,0,1,0,0,1,0,0,0,0,0,0,0,4,0,0,0,1,5,0,0,4,0,0,1,0,0,0,0,1,0,0,0,0,0,1,0,0,0,0,0,0,0,0,1,0,0,1,0,0,0,1,0,0,0,1
RARRES3,4,2,3,1,0,1,0,2,1,0,0,0,0,1,0,3,1,2,0,1,0,0,0,1,0,5,0,1,1,0,0,1,0,0,1,3,2,0,0,0,0,2,0,0,0,0,1,1,0,4,0,1,0,1,1,0,0,1,1,0,1,1,0,0,1,3,0,0,0,1,0,1,2,0,0,2,0,1,0,1,3,0,1,0,4,3,2,0,3,0,0,0,0,2,0,0,0,1,0,1,1,0,1,0,0,0,1,0,1,0,1,2,0,0,2,4,1,2,1,0,0,0,1,0,1,1,1,0,0,1,1,1,0,0,0,0,0,0,0,1,0,0,0,0,2,2,0,0,1,1,0,2,5,3,2,2,1,0,0,0,0,4,0,0,0,2,1,1,1,1,2,0,1,1,1,0,2,1,1,3,0,0,0,0,0,0,0,2,0,1,0,0,1,1,2,0,0,0,0,0,0,0,2,0,1,3,0,2,1,0,0,3,0,0,2,1,1,0,0,1,0,1,0,0,1,2,0,1,3,1,0,0,0,2,0,0,1,0,1,0,0,0,0,0,0,0,0,1,0,0,0,0,0,1,0,1,0,3,0,0,3,0,3,0,3,1,0,1,3,0,0,1,0,0,1,2,1,1,0,0,0,0,4,1,6,0,0,0,2,1,1,0,0,0,1,0,0,0,0,0,1,0,3,1,1,0,1,0,0,1,0,0,3,0,0,0,1,0,1,0,1,6,0,0,0,0,0,1,0,1,0,1,1,0,0,0,0,1,2,0,1,2,0,1,0,0,0,0,1,1,0,0,1,1,3,0,0,3,0,0,0,0,0,0,1,1,0,2,0,1,0,0,1,0,1,0,0,2,0,0,0,0,1,0,1,0,1,0,0,0,2,1,1,1,0,0,1,0,4,0,0,2,0,0,0,2,1,0,0,0,0,0,0,0,1,1,0,0,1,2,0,2,2,0,0,2,2,0,2,1,0,0,0,1,5,0,0,0,3,2,4,1,0,1,0,0,4,1,0,0,1,1,0,3,0,2,1,2,0,0,0,1,0,0,2,0,2,1,0,0,0,0,1,0,0,1,0,1,0,2,0,2,3,0,0,3,1,2,0,1,0,2,1,0,0,0,1,1,0,6,0,0,0,1,1,0,0,0,1,1,0,3,0,0,0,3,1,0,0,0,0,0,2,0,0,0,3,0,1,1,0,1,2,1,1,1,3,0,3,1,1,1,1,2,2,2,0,1,0,0,1,0,0,1,2,1,0,0,1,2,0,1,0,0,1,0,1,1,0,0,2,0,2,2,0,0,0,0,0,1,0,0,3,0,0,3,0,1,0,0,0,1,1,2,2,1,2,0,0,0,1,0,0,1,1,0,0,0,1,0,0,0,2,0,2,1,1,1,0,2,2,1,1,3,0,3,2,0,0,1,0,2,3,3,0,0,0,1,1,2,0,0,2,2,0,0,0,1,3,2,3,4,0,0,0,1,0,0,0,0,0,0,0,5,2,0,0,0,1,0,1,2,0,3,4,0,0,0,1,4,0,0,1,1,0,1,0,1,0,1,0,3,0,0,1,1,1,0,0,0,1,0,1,2,0,0,2,0,2,0,2,1,0,2,0,2,2,0,0,0,1,1,0,4,0,0,0,1,0,3,1,1,0,2,0,2,0,0,0,0,0,1,0,0,1,1,0,0,1,0,4,1,0,1,0,0,0,0,0,1,0,0,0,4,0,0,4,1,0,1,0,1,1,1,0,0,1,0,0,2,1,0,2,1,0,2,2,0,3,0,3,0,0,1,1,1,2,2,0,2,1,0,0,0,1,0,1,0,0,0,0,0,1,0,0,1,0,2,0,2,5,1,0,0,0,1,1,0,0,0,1,1,0,0,1,1,0,0,0,1,0,2,1,1,0,0,1,1,0,0,1,1,0,0,1,0,0,1,0,0,1,1,0,1,0,1,0,0,0,0,0,1,0,3,1,0,2,1,0,0,2,0,1,0,0,0,0,2,2,1,0,1,3,0,0,4,0,4,0,0,0,0,1,0,1,0,0,0,0,0,0,0,0,0,0,0,0,2,0,0,1,0,0,1,0,2,0,0,0,0,0,0,0,0,1,1,1,1,3,1,1,0,2,3,1,2,2,2,0,1,0,1,1,0,0,0,0,1,1,0,1,0,0,0,0,0,1,0,0,0,0,0,0,0,2,0,1,3,0,0,1,1,1,1,0,0,0,1,0,2,0,2,1,2,1,4,0,0,0,2,1,0,0,1,0,0,0,0,0,0,2,2,0,0,1,2,0,0,0,0,0,0,0,0,1,2,4,0,2,0,0,0,0,1,1,0,1,1,0,1,0,1,2,3,5,1,0,0,3,0,0,0,1,2,0,0,0,1,1,0,1,1,1,0,0,6,0,1,2,0,1,1,6,1,0,0,1,0,0,0,0,0,0,0,4,0,0,0,1,0,0,0,1,1,0,1,0,1,0,1,0,3,1,0,0,2,3,1,0,1,2,1,0,0,0,2,0,1,3,2,0,2,1,0,0,1,6,1,0,0,1,0,1,1,2,1,0,0,0,0,0,1,0,0,2,0,0,1,0,1,0,0,0,4,0,1,1,0,0,2,1,1,0,0,3,0,0,1,1,4,0,1,1,0,0,0,0,0,0,1,0,0,1,0,0,2,1,0,1,0,1,0,0,0,0,1,0,0,1,0,0,1,0,0,1,0,0,0,3,2,0,5,4,0,0,1,1,2,3,0,0,0,0,1,0,0,0,0,1,0,0,1,1,0,0,0,0,0,2,0,1,1,0,0,1,0,0,2,0,1,0,1,0,0,0,2,0,4,2,1,6,1,0,1,2,0,0,3,1,0,1,1,0,0,1,1,0,0,0,0,1,1,0,3,0,0,1,3,0,1,0,1,2,1,0,0,4,1,1,0,1,0,0,0,0,2,0,0,1,2,0,0,1,0,1,3,2,2,2,0,0,0,0,1,1,0,1,0,1,0,1,0,4,0,0,0,2,3,9,0,0,0,1,0,0,0,2,0,0,0,0,1,0,0,0,1,0,1,0,2,0,0,2,3,1,2,1,2,0,4,2,0,0,2,0,0,0,1,1,1,1,0,0,4,0,0,1,0,0,0,1,1,1,1,3,1,0,0,0,2,1,0,4,1,1,0,2,1,0,0,0,3,1,0,0,1,0,0,4,1,0,0,0,0,0,0,1,0,0,1,1,3,1,5,0,2,0,0,0,0,1,0,2,1,0,0,2,1,2,1,1,1,3,0,1,1,1,0,1,1,0,2,0,1,1,0,0,0,2,0,1,0,0,0,0,1,2,2,0,0,1,1,0,1,0,0,0,0,0,1,0,2,2,0,1,0,1,0,0,0,0,1,0,1,0,1,0,1,3,0,0,0,1,0,3,1,1,0,1,2,1,1,0,0,0,4,1,0,4,0,0,3,0,0,1,1
CD302,0,0,0,0,0,2,0,0,0,0,1,0,0,0,0,2,0,0,1,0,0,0,2,1,0,0,0,0,0,0,0,0,0,0,0,0,0,0,2,0,0,0,1,0,0,0,0,2,0,0,0,0,3,0,1,0,0,0,0,0,5,0,0,2,0,0,0,0,3,0,0,0,0,3,4,0,0,3,0,2,0,0,0,1,0,0,0,0,0,0,0,0,0,1,0,1,0,0,0,0,0,0,1,0,1,0,0,0,2,0,0,0,1,2,0,0,0,0,0,0,0,0,0,0,0,0,0,0,1,0,0,0,0,0,0,0,0,0,0,0,0,0,0,0,0,0,0,2,0,0,3,0,0,0,0,0,0,0,0,0,0,0,4,0,0,0,0,0,0,1,0,0,0,0,2,0,0,0,2,0,0,0,0,0,1,0,0,0,2,1,1,1,0,0,0,0,0,0,0,0,0,0,0,0,0,0,1,0,0,0,0,0,0,0,0,0,0,0,1,1,0,0,0,0,0,0,0,1,0,0,0,0,2,0,0,0,0,0,0,0,1,0,0,0,0,0,0,2,3,1,0,1,0,0,0,0,0,0,0,0,0,0,0,2,0,0,0,0,0,0,0,3,0,0,0,0,0,1,3,0,1,0,0,0,0,0,0,0,0,0,0,0,1,0,0,0,0,0,2,0,0,0,0,0,1,0,0,1,0,0,0,0,1,0,0,0,0,0,0,0,0,0,0,0,0,0,1,0,0,0,0,2,0,0,0,0,0,1,0,2,3,0,0,0,0,0,0,1,0,0,1,0,0,0,0,0,0,0,0,1,0,0,0,1,0,0,0,0,0,0,0,1,0,0,0,3,0,0,0,0,0,0,0,0,0,0,0,0,0,0,0,4,0,2,0,1,0,0,0,2,1,0,0,0,1,0,0,0,0,0,0,0,0,0,0,5,1,0,0,0,3,0,0,0,1,0,0,0,0,0,0,0,0,0,1,0,2,0,0,5,0,0,2,0,0,4,0,0,0,0,0,1,0,0,0,0,0,1,2,0,1,0,0,0,1,3,0,0,1,0,1,1,0,0,0,1,1,0,0,0,0,0,0,0,1,0,0,0,0,1,0,1,0,0,0,0,0,0,0,0,0,0,0,0,0,0,0,1,0,0,1,0,0,0,0,0,0,0,0,2,0,0,0,0,3,0,1,0,0,0,1,0,0,0,0,0,0,0,0,0,0,0,0,0,0,0,2,0,0,0,0,1,0,0,1,1,0,0,0,0,0,0,0,0,0,0,0,0,0,0,0,0,0,0,0,1,0,0,2,0,0,0,0,1,0,0,0,0,0,0,0,0,0,1,0,0,0,0,0,0,0,1,0,0,0,3,4,0,0,0,1,0,0,0,0,0,0,0,0,0,0,0,0,0,0,0,0,0,0,0,0,0,0,0,2,0,0,0,0,0,0,0,0,0,0,0,3,0,0,0,0,0,0,2,0,0,0,0,0,2,2,0,0,0,0,0,0,0,0,0,0,0,1,0,0,0,0,2,0,0,0,1,0,0,2,0,0,0,0,0,0,0,0,0,0,0,0,0,0,0,0,0,0,0,0,0,0,0,0,0,0,0,0,0,1,0,0,0,0,0,0,0,0,0,0,0,0,0,0,0,1,0,0,0,0,0,2,0,0,0,0,0,0,1,0,0,0,0,0,0,0,0,0,0,0,0,0,0,0,0,0,2,0,0,2,0,0,0,0,0,0,0,0,0,0,1,2,0,2,0,0,0,0,0,0,1,0,0,0,0,0,0,0,0,3,0,0,0,0,0,0,0,0,0,0,0,0,0,0,0,0,1,0,0,0,0,1,0,0,0,0,0,2,0,1,0,0,0,0,0,0,0,0,0,0,0,0,0,1,0,0,1,1,0,0,0,0,0,0,0,0,2,0,0,0,0,2,2,0,0,0,0,1,0,0,0,0,0,0,0,0,0,2,0,0,0,0,0,0,0,0,0,2,0,1,0,0,0,0,0,0,0,0,0,0,3,1,0,2,0,1,0,0,0,0,0,0,0,2,2,0,0,0,0,1,0,0,0,0,0,0,2,0,0,0,3,0,0,2,0,1,0,0,0,0,0,0,3,0,0,0,0,0,1,0,0,0,1,0,0,0,0,2,0,0,0,0,0,0,0,0,0,0,0,3,2,0,0,0,1,0,2,2,0,0,0,0,0,0,0,0,0,1,1,0,0,0,0,0,0,0,0,0,0,0,0,0,0,0,0,0,1,0,0,0,0,0,0,0,0,0,0,1,0,0,0,0,0,0,0,0,0,0,0,0,0,0,0,0,0,1,0,0,0,0,2,0,3,0,0,0,0,0,0,0,0,0,0,0,0,0,3,0,0,0,0,1,0,0,0,0,0,0,2,0,0,0,1,0,3,3,0,0,1,0,2,0,1,1,0,0,0,0,0,0,0,0,0,0,0,2,0,0,1,0,3,0,0,0,0,0,0,0,0,1,0,0,0,0,0,0,0,0,0,0,0,0,0,0,0,0,0,2,0,0,0,0,0,1,0,0,2,0,0,0,0,0,0,0,0,0,0,0,0,0,0,0,0,1,0,1,0,0,1,0,0,0,0,0,0,0,0,0,0,0,0,0,0,0,0,0,0,0,0,0,0,3,0,0,0,0,0,0,0,0,0,0,0,0,0,0,0,0,0,0,0,1,0,0,0,0,0,0,0,0,0,1,1,0,0,0,0,0,0,0,0,2,0,0,0,0,1,0,0,0,0,0,0,0,0,1,1,0,0,0,1,1,0,0,0,0,0,0,0,0,0,0,1,0,0,0,0,0,1,0,0,0,0,0,0,0,0,2,2,0,0,0,0,0,0,0,1,0,0,0,0,1,0,0,1,1,0,0,0,0,0,0,0,0,2,0,0,0,0,1,0,0,0,0,0,1,0,0,3,0,0,1,0,0,0,0,0,0,0,0,0,0,0,0,0,0,1,0,0,0,0,0,0,0,3,0,0,0,1,0,0,0,0,0,0,2,0,0,0,0,0,0,0,1,0,0,0,0,0,1,1,0,0,0,0,0,1,0,2,1,2,0,0,0,0,1,0,0,0,3,0,0,0,0,2,0,0,0,0,0,0,0,0,0,0,4,0,0,0,0,0,0,1,0,0,0,0,0,0,0,2,0,0,0,0,0,0,0,0,1,0,0,0,0,0,0,0,0,2,0,0,0,0,0,0,0,0,0,0,0,0,0,0,0,0,0,0,0,0,1,0,0,0,0,1,0,1,0,0,0,1,0,0,0,0,0,0,0,0,0,0,0,0,0,0,0,0,0,1,4,0,0,0,0,2,0,0,0,0,0,1,0,0,1,0,0,0,0,0,0,0,0,0,0,0,0,1,0,0,0,0,1,0,0,0,0,0,0,0,0,0,0,0,0,0,0,0,0,0,1,0,0,2,1,0,0,0,0,0,0,0
CSF3R,0,0,0,0,0,0,1,0,0,0,2,0,0,0,0,0,0,0,0,0,0,0,0,0,0,0,0,0,0,0,0,0,0,0,0,0,0,0,2,0,0,0,2,0,0,0,0,0,0,0,0,0,0,0,0,5,0,0,0,0,0,0,0,1,0,0,0,0,0,0,0,2,0,1,2,0,0,0,0,2,0,0,0,0,0,0,0,0,0,0,0,0,0,1,0,1,0,0,1,0,0,0,2,0,0,0,0,0,1,0,0,0,1,0,1,0,0,0,1,0,0,1,4,0,0,0,0,0,3,0,0,0,0,0,0,0,0,0,1,0,0,0,0,0,0,0,0,2,0,0,4,0,0,0,0,0,0,0,0,2,0,0,0,2,0,0,0,0,1,2,0,0,0,0,0,0,0,0,2,0,0,0,0,0,1,0,0,0,2,0,0,1,0,0,0,0,0,0,0,0,0,0,2,0,0,0,0,0,0,0,0,0,0,0,0,0,0,0,0,1,0,0,0,0,0,0,0,0,0,0,0,0,0,0,0,0,0,0,0,0,2,0,0,0,0,0,0,2,0,2,0,0,0,0,0,0,0,0,0,1,0,0,0,2,0,0,0,0,0,0,0,5,0,0,0,0,0,2,4,0,5,0,0,0,0,0,0,0,0,0,0,0,1,0,0,0,0,0,0,0,0,0,0,0,1,0,0,1,0,0,0,0,0,0,0,0,0,0,0,0,0,0,0,0,0,0,1,0,0,0,0,2,0,0,0,0,0,1,0,2,5,0,0,0,0,0,0,0,0,2,3,0,0,0,0,1,0,0,0,0,0,0,0,0,0,0,2,0,0,1,0,0,0,0,0,2,0,0,0,0,1,0,1,0,0,0,0,0,0,0,0,0,0,1,0,0,0,0,0,1,3,0,0,0,3,0,0,0,0,0,0,0,0,0,0,3,0,0,0,0,0,0,0,0,0,1,0,0,0,0,0,0,0,0,2,0,1,0,0,1,0,0,5,0,0,1,0,0,0,0,0,0,1,0,0,0,0,3,0,0,0,0,0,0,0,0,0,0,0,1,0,0,0,0,0,0,0,0,0,0,0,0,0,0,1,0,0,0,0,1,0,0,0,0,0,0,0,0,0,0,0,0,0,0,0,0,0,3,0,0,1,0,0,0,0,0,0,0,0,1,0,0,0,1,1,1,0,0,2,0,2,0,0,0,1,2,0,0,0,0,1,0,0,0,0,0,1,0,1,0,0,3,0,0,0,3,0,1,0,0,0,0,0,0,0,0,0,0,0,0,0,0,0,0,0,0,0,0,3,0,0,0,0,1,0,0,0,0,0,1,0,0,0,0,0,0,0,0,0,0,0,1,0,0,0,2,1,0,0,0,2,0,0,0,0,0,0,0,0,3,0,0,0,0,0,0,0,1,0,0,0,0,0,0,1,0,0,0,0,0,0,0,0,0,0,0,0,0,0,1,0,0,0,0,0,0,0,0,0,0,2,0,0,0,0,0,1,0,0,0,0,0,2,0,0,0,0,0,0,0,0,3,0,0,0,0,0,0,0,0,0,0,0,0,0,0,0,0,0,0,0,0,0,0,0,2,0,0,0,1,0,0,0,0,4,0,0,0,0,0,0,0,0,0,0,0,0,0,0,0,0,0,0,0,0,0,1,0,0,0,0,0,0,0,0,0,0,0,0,0,0,0,0,0,0,0,0,0,0,0,0,0,0,0,2,0,0,0,0,0,0,0,0,0,0,0,0,0,2,0,2,0,0,0,4,0,0,0,0,0,0,0,0,0,2,0,0,0,2,0,0,0,0,0,0,0,0,0,0,0,0,1,0,1,0,0,1,0,0,0,0,0,1,0,0,0,0,0,0,0,0,0,0,0,0,0,0,0,3,0,1,3,0,0,0,0,0,0,0,0,0,0,0,0,0,0,0,1,0,0,0,0,0,0,0,0,0,1,0,1,0,1,0,0,0,0,0,0,0,1,0,0,1,0,1,0,0,0,0,0,0,0,0,0,0,2,0,0,2,0,0,0,0,0,0,0,0,0,5,0,2,0,0,0,0,0,0,0,0,0,0,5,2,0,0,2,0,0,2,1,0,0,0,0,0,0,0,1,0,0,0,0,0,0,0,0,0,1,0,0,0,0,1,0,0,0,0,0,0,2,0,0,0,0,0,4,0,0,0,1,0,4,3,0,0,0,0,0,1,0,0,0,0,1,0,0,0,0,0,0,0,0,0,0,0,0,0,0,0,0,0,0,0,0,0,0,0,0,1,0,0,0,3,0,0,0,0,0,0,0,0,0,0,0,0,0,0,0,0,0,1,0,0,0,0,2,0,1,3,0,0,0,0,0,0,0,0,0,1,0,0,1,0,0,0,0,1,0,0,0,0,0,0,0,0,0,1,0,0,0,8,0,0,0,0,0,0,2,3,0,0,0,0,0,0,0,2,0,0,0,2,0,0,1,0,0,0,0,1,0,0,0,1,0,0,0,0,0,0,0,0,0,0,0,0,0,0,0,0,0,0,0,2,0,0,0,0,0,0,0,0,0,0,0,0,0,0,0,0,0,0,0,1,0,0,0,0,0,0,0,0,0,0,3,0,0,0,0,0,0,0,0,0,0,0,0,0,0,1,0,0,0,0,0,0,0,1,0,0,1,0,0,0,0,0,0,0,0,0,2,0,0,0,0,0,0,2,0,0,0,0,0,0,0,1,0,0,1,0,0,0,0,0,0,0,0,0,0,0,0,0,2,0,0,0,0,1,2,0,0,0,3,0,0,0,0,4,0,0,0,0,0,0,0,0,0,0,4,0,0,1,0,0,1,0,0,0,0,0,0,0,0,3,3,0,0,0,0,0,0,0,0,0,0,0,0,4,0,0,2,3,0,0,0,0,0,1,0,0,2,1,0,0,0,1,0,0,0,1,0,0,0,0,0,0,0,1,0,0,0,0,0,0,0,0,0,0,0,0,1,0,1,0,0,0,0,0,0,0,0,0,0,0,0,0,0,0,0,0,0,4,0,0,0,0,0,0,0,0,0,0,0,0,0,1,0,0,0,0,0,0,0,0,2,0,1,0,0,0,0,1,2,0,0,0,0,0,0,0,3,0,0,0,0,0,0,0,0,0,0,0,0,0,0,0,0,0,0,0,0,0,1,0,0,0,0,0,0,0,0,0,0,0,0,2,0,0,3,0,0,1,0,0,2,0,0,0,0,0,0,0,0,0,0,0,1,0,0,0,0,0,0,0,0,0,0,0,0,0,0,0,0,0,0,0,3,0,1,0,0,0,0,0,0,0,0,1,0,0,0,1,0,0,1,2,0,0,0,0,2,0,0,0,0,0,2,0,1,5,0,0,0,0,0,0,0,0,0,1,0,0,0,0,0,0,0,1,0,0,0,0,0,0,0,0,0,0,0,0,1,0,1,2,0,1,0,0,0,0,0,0,0,0,0,0,0
GIMAP4,1,3,1,0,2,1,0,1,0,2,0,1,0,0,0,1,1,0,3,1,0,0,1,0,0,2,0,1,1,0,2,0,0,0,0,1,2,1,0,0,2,2,0,0,2,0,0,0,0,0,1,0,0,0,0,0,2,1,1,0,1,0,1,1,3,0,2,0,0,1,0,1,2,0,0,1,0,1,0,1,0,1,1,0,0,0,0,0,1,0,0,0,1,1,3,2,2,0,1,0,2,2,3,0,0,0,0,0,2,1,0,3,1,0,1,0,1,8,2,0,0,0,1,0,0,2,3,0,1,2,0,1,0,0,2,2,0,0,1,0,1,2,0,0,0,4,0,1,2,1,1,0,0,1,1,0,0,3,0,2,0,0,3,0,1,9,1,2,0,0,0,1,0,0,1,0,2,0,0,0,0,1,0,0,2,0,0,0,1,1,0,1,0,1,0,0,1,0,0,0,0,2,0,0,3,0,0,0,0,1,1,1,1,0,1,3,0,2,0,0,0,0,1,0,2,0,0,1,0,2,3,2,0,3,0,1,1,0,0,0,0,0,0,2,0,0,2,0,2,0,0,0,0,0,0,0,0,1,0,0,0,0,2,1,1,1,1,2,1,0,0,0,0,0,0,0,0,0,1,0,0,0,0,4,0,0,0,0,1,1,0,1,0,2,0,1,0,0,3,0,0,0,2,0,0,0,2,0,2,1,1,0,0,2,2,0,0,1,0,1,0,0,0,0,0,0,0,0,0,2,0,1,0,0,1,0,0,0,1,0,2,0,0,1,0,0,0,0,0,3,2,1,1,3,0,0,1,4,0,0,0,0,0,1,3,0,1,0,2,1,2,0,0,1,1,2,0,2,3,2,0,1,1,2,1,0,0,2,0,1,1,3,1,2,0,0,0,1,0,0,0,2,2,3,0,1,2,0,1,0,1,1,1,0,0,0,0,0,1,0,1,1,0,1,0,1,1,2,0,0,0,1,1,4,0,0,0,0,0,1,0,3,0,1,1,0,0,3,0,0,0,0,1,1,2,1,3,3,1,0,0,0,0,0,2,1,0,0,0,0,0,0,0,0,0,0,2,0,1,0,0,0,1,0,3,0,0,1,2,0,3,3,2,0,1,0,1,0,0,0,1,0,1,0,1,0,0,0,1,1,1,0,0,0,2,0,1,0,0,1,0,0,8,1,1,0,3,0,3,1,0,0,2,1,1,3,3,0,0,1,0,0,2,1,0,3,1,0,0,0,0,0,1,0,1,1,0,1,1,1,0,3,0,2,0,2,0,0,0,0,1,2,1,0,1,0,2,0,2,3,0,2,0,0,2,0,0,0,0,1,2,0,0,0,2,0,0,0,1,0,0,1,0,0,0,0,1,2,1,1,1,0,0,0,1,0,1,0,0,0,0,0,1,0,3,1,0,0,2,2,0,0,1,1,1,0,1,3,2,0,0,0,1,3,0,0,0,2,1,1,1,0,0,0,0,0,0,1,0,0,0,0,0,1,1,0,0,0,0,0,1,0,0,1,0,1,0,1,0,1,1,0,0,0,2,0,1,2,1,2,2,1,0,1,0,1,1,1,0,0,1,1,0,1,0,2,0,0,2,0,1,1,0,0,0,1,1,1,0,0,1,0,1,2,0,0,0,0,1,0,0,1,0,2,0,1,0,0,0,0,0,4,0,0,1,0,0,0,2,0,1,0,2,4,0,1,1,0,2,0,0,0,0,2,1,0,1,1,1,1,1,2,0,1,1,2,1,1,1,1,1,1,2,3,0,2,2,0,0,0,1,0,0,1,0,0,0,0,0,1,1,1,0,0,0,3,0,0,0,1,0,1,0,1,2,0,0,0,2,4,0,0,1,0,0,0,0,0,0,0,2,1,0,0,1,1,2,0,1,0,0,0,5,0,2,0,2,0,0,1,1,0,0,1,1,0,0,0,1,0,1,0,0,1,0,1,0,0,1,0,0,0,1,0,1,1,1,0,0,2,0,0,2,0,1,0,0,0,0,0,0,1,1,0,0,1,0,2,0,0,0,1,0,3,1,0,0,0,0,0,1,0,1,0,1,1,0,0,0,0,0,0,2,0,0,1,1,3,1,1,0,0,0,0,0,2,0,3,0,0,0,0,3,3,0,0,0,2,0,2,0,0,2,1,0,1,0,3,1,0,4,0,0,1,1,1,2,0,0,0,0,1,1,0,0,0,0,4,0,2,0,2,0,2,0,0,0,1,0,0,0,2,2,1,0,0,0,0,0,0,0,0,0,0,0,3,0,3,0,0,1,0,0,1,1,0,0,0,0,1,0,0,0,0,0,1,0,0,3,0,0,0,0,2,0,0,2,1,0,2,1,1,0,0,0,2,0,1,0,2,2,0,2,0,0,0,1,0,1,3,1,0,3,2,1,1,0,0,0,0,1,0,0,2,2,0,3,1,0,0,0,2,0,0,0,2,2,1,0,0,2,0,0,1,0,1,1,2,0,1,2,2,2,0,0,0,0,2,0,1,2,1,0,2,0,0,2,1,1,1,0,1,1,0,0,0,0,0,3,0,1,0,0,1,1,4,0,0,0,0,1,1,0,0,2,0,1,0,0,1,0,0,0,0,0,0,1,0,0,0,0,4,0,0,0,0,0,1,0,3,0,1,1,0,0,0,1,1,0,0,2,0,0,0,0,0,0,1,1,0,1,2,0,1,1,0,0,0,0,1,0,1,1,2,0,3,1,0,0,0,0,1,3,4,0,0,1,1,0,0,1,0,0,0,0,0,1,1,1,2,0,1,2,0,2,0,0,1,2,0,0,1,0,0,1,0,0,0,0,0,1,0,2,1,0,3,2,0,2,0,0,0,1,0,1,0,1,1,1,1,1,1,2,0,2,2,0,2,0,0,1,0,0,5,1,1,7,0,0,1,0,1,1,1,1,0,0,1,0,2,1,0,0,0,0,1,1,0,0,1,0,0,0,4,0,4,0,0,1,0,0,0,2,0,0,0,0,1,1,0,0,0,1,0,0,3,1,2,6,0,1,0,1,1,0,0,0,1,0,0,0,2,1,0,1,0,0,3,1,0,0,1,0,0,1,2,0,0,0,1,2,0,2,1,3,0,1,2,0,1,1,1,0,1,0,0,0,0,4,0,3,0,3,0,0,0,2,2,0,0,0,0,0,0,2,0,0,0,0,0,5,1,1,0,1,2,0,0,2,1,0,0,2,1,1,0,0,2,0,2,2,1,0,1,3,0,0,0,2,1,3,0,0,1,0,1,2,2,2,1,1,2,3,0,0,0,1,0,1,4,0,0,0,1,1,0,3,1,3,0,0,1,0,3,0,2,0,1,0,6,0,0,2,0,0,0,0,0,2,0,0,2,0,0,2,0,0,1,0,0,0,1,0,0,0,0,1,0,0,2,0,0,1,0,0,1,4,0,1,1,0,0,0,1,0,1,0,1,2,0,0,4,4,1,1,0
NR4A2,1,0,0,0,0,0,2,1,0,0,0,1,1,1,0,0,0,0,1,0,2,0,0,1,0,0,0,1,0,0,1,0,0,1,0,0,2,0,2,0,0,0,0,1,0,0,0,0,0,0,1,0,0,1,0,0,0,1,0,1,2,0,1,0,0,1,2,0,1,0,0,0,0,0,0,0,1,2,1,2,0,0,3,1,3,1,1,0,0,0,0,0,1,1,0,0,0,0,1,0,0,0,0,1,0,1,0,1,0,1,0,0,0,0,0,0,1,1,1,0,1,0,1,0,0,0,0,0,0,0,0,0,0,0,2,0,1,3,1,0,1,0,2,0,4,2,0,1,0,0,2,0,0,1,0,0,0,1,0,0,2,0,0,0,3,2,3,3,2,0,0,0,0,0,2,0,0,0,0,1,1,0,0,1,1,1,0,0,2,1,0,8,0,0,1,2,0,0,0,0,2,3,1,1,0,0,0,2,0,0,1,0,2,0,0,0,1,1,1,4,1,0,0,0,0,0,0,3,0,1,0,1,1,0,0,0,0,0,1,0,2,0,1,0,0,0,0,1,2,0,0,0,1,0,1,0,1,2,1,1,0,0,0,1,1,2,0,1,3,0,1,3,1,1,0,1,0,0,2,2,0,0,6,0,0,2,0,0,1,0,0,1,0,0,0,0,2,0,1,0,0,0,3,1,1,0,2,0,4,0,0,0,3,0,1,2,0,2,0,1,0,1,1,0,0,2,2,0,0,2,2,2,1,0,0,0,0,1,0,0,0,0,0,2,0,3,0,2,0,1,2,1,0,0,0,0,0,1,0,3,0,0,0,0,0,2,0,2,0,2,2,1,1,0,0,3,0,0,0,3,1,0,1,0,1,0,0,0,0,2,2,4,0,3,0,1,1,0,2,2,4,1,0,0,3,1,0,0,0,0,0,1,0,1,0,4,0,1,0,0,0,1,0,3,1,0,0,1,0,0,0,0,0,2,1,0,0,0,3,0,3,2,2,1,0,2,2,0,1,0,0,1,0,0,3,1,0,1,0,0,2,2,1,1,3,4,0,0,0,0,0,0,0,1,0,0,1,1,0,0,0,2,0,0,1,1,0,1,0,0,0,0,1,0,2,0,0,0,0,0,0,1,1,0,1,0,0,2,0,0,1,0,0,0,0,1,0,0,0,0,0,1,1,1,0,1,0,0,1,0,5,0,0,0,2,1,0,3,0,0,1,0,0,1,0,0,0,0,3,0,0,3,0,0,1,1,1,3,0,0,0,2,0,0,1,0,2,1,1,0,0,0,1,0,0,2,0,2,2,0,0,0,0,1,0,0,0,0,0,0,0,0,0,0,1,0,0,0,0,0,3,0,0,0,0,5,0,0,0,0,1,0,2,3,1,2,0,0,2,0,0,1,2,0,1,0,0,0,1,1,1,1,0,0,0,2,0,0,0,1,0,0,0,0,0,2,0,1,1,0,0,0,0,0,0,0,0,0,1,1,2,1,1,2,0,0,2,0,0,0,0,1,0,0,2,0,1,0,0,0,0,2,0,0,1,0,0,0,0,3,0,0,1,0,0,1,0,0,0,1,0,1,0,1,0,0,0,0,1,4,1,0,1,0,1,2,0,0,0,0,0,0,0,1,0,1,1,0,0,1,1,0,1,0,0,2,1,0,0,0,0,0,0,0,0,1,0,0,0,0,0,0,0,1,0,0,1,0,0,1,0,1,1,0,0,0,0,0,0,1,0,3,1,0,0,1,2,0,0,1,0,0,0,0,2,0,0,1,2,2,0,3,0,2,2,1,0,1,1,0,0,0,0,0,0,0,3,0,0,0,3,0,0,0,0,0,1,0,0,2,0,0,4,1,0,1,1,0,1,0,0,0,0,1,1,0,0,3,1,0,0,2,0,0,0,0,0,2,0,2,0,0,0,0,3,1,3,0,1,0,0,1,0,0,0,0,0,0,0,1,1,0,1,0,0,0,3,1,1,1,0,0,1,1,0,3,1,0,0,0,0,1,0,1,1,0,1,3,2,0,0,2,0,0,0,1,0,0,2,0,1,0,1,0,1,1,0,0,0,1,0,2,0,0,0,1,0,0,0,1,1,0,2,0,0,0,0,1,0,0,0,0,0,0,0,0,1,0,0,1,1,0,1,0,0,0,1,2,0,1,3,0,0,1,0,0,0,0,0,0,2,3,1,0,2,0,0,2,0,0,0,2,0,0,1,1,0,0,0,0,0,0,0,4,0,0,0,0,0,2,2,0,5,0,0,0,2,0,0,1,1,0,4,0,0,1,3,0,1,1,1,0,2,0,0,0,2,1,0,0,0,0,1,0,2,0,1,4,2,0,1,0,1,0,0,1,0,0,0,0,1,0,1,1,1,0,0,1,0,0,0,0,2,0,0,0,0,1,0,1,0,0,1,0,0,1,0,1,4,0,0,1,1,0,0,1,0,0,0,0,2,1,1,0,0,2,1,1,0,0,2,0,0,1,1,0,1,0,0,0,0,0,0,2,0,0,3,0,2,0,0,0,0,0,0,0,0,0,1,0,0,0,0,0,0,2,0,0,3,0,0,0,0,0,1,0,0,0,0,0,0,0,0,0,0,0,0,0,0,0,0,0,0,0,2,0,0,0,0,0,0,1,1,0,0,0,1,0,0,1,0,0,0,1,2,0,3,1,2,0,2,1,0,0,0,0,5,1,0,2,2,0,1,0,0,0,0,0,0,1,0,0,0,0,0,0,0,0,0,0,0,2,0,0,0,0,0,0,0,0,1,1,0,1,0,0,2,0,0,1,3,0,0,0,0,1,0,0,0,0,3,0,3,0,0,1,0,5,0,0,0,0,0,0,0,0,0,0,0,1,0,0,1,0,0,0,2,3,0,0,1,2,1,1,0,0,0,0,0,2,0,0,0,1,1,0,0,0,1,2,1,1,0,0,1,0,0,0,0,1,0,2,2,0,1,2,1,0,0,1,0,0,1,0,1,0,0,0,0,1,0,0,0,0,0,0,0,1,3,0,0,0,0,0,0,2,1,0,0,0,0,0,0,0,1,1,0,0,0,0,1,0,0,1,2,2,0,3,1,2,0,0,1,2,0,0,0,0,1,1,3,0,0,0,0,0,0,2,1,0,4,0,2,0,4,0,0,1,0,4,0,1,0,0,1,0,0,0,0,0,0,0,1,0,0,0,0,5,1,1,1,1,1,2,0,0,0,0,0,0,0,0,0,0,0,1,2,0,0,1,0,0,0,0,1,0,0,0,0,2,1,0,2,0,0,2,1,2,0,0,0,0,0,0,0,0,0,0,0,1,0,0,0,1,1,0,0,0,1,0,0,0,2,0,0,2,0,0,0,0,0,0,0,3,0,0,0,4,0,3,0,1,0,1,1,2,0,0,0,2,0,0,1,0,0,1,1,1,0,0,1,0,2,1,0,0,0,4,1,1,0,4,0,0,0,1
RPS8,24,5,17,4,15,13,19,42,21,12,23,15,19,21,19,25,14,13,13,24,23,21,17,9,13,9,27,15,22,65,29,25,65,35,4,8,31,37,31,18,29,26,17,32,14,15,22,13,29,22,7,26,13,9,16,5,1,18,16,14,59,21,11,11,21,15,18,0,13,35,6,61,22,5,7,7,9,32,6,26,10,14,7,12,6,37,18,35,5,21,32,12,15,25,11,21,9,11,14,41,12,21,7,16,17,10,7,6,14,32,14,32,3,11,17,58,7,38,11,15,3,2,16,7,22,31,15,15,19,14,6,22,10,14,8,16,25,27,6,14,26,16,25,31,63,6,18,18,41,4,17,2,18,27,14,27,6,7,5,7,16,22,15,15,5,19,12,44,24,47,32,5,32,25,17,4,22,15,18,32,12,22,27,16,17,36,33,23,17,21,43,38,9,25,36,30,13,5,0,65,11,12,16,15,17,7,14,44,21,29,15,11,5,3,15,13,19,17,39,27,3,30,26,23,41,1,18,4,31,21,27,13,27,36,7,15,8,18,22,13,8,6,13,7,17,15,12,11,24,19,17,4,12,8,26,24,6,37,11,10,16,23,17,22,24,23,11,13,48,16,6,52,18,12,18,9,11,39,17,25,6,7,30,39,41,29,29,10,22,22,24,26,25,11,17,9,10,19,21,9,31,14,17,18,9,10,16,6,17,35,25,4,12,18,13,17,11,50,25,15,6,6,17,14,15,14,16,53,24,19,16,26,34,17,17,14,22,11,34,11,32,15,6,42,27,30,19,12,16,32,20,19,43,19,5,10,20,44,24,5,18,30,29,8,3,20,113,18,21,24,8,9,10,14,4,46,28,24,16,28,13,3,30,19,15,4,24,29,10,6,51,42,9,20,12,12,29,18,2,12,14,23,11,27,5,24,10,27,23,34,20,22,14,33,26,33,10,26,26,21,22,24,20,5,19,17,12,9,9,14,0,29,21,16,10,19,10,5,21,36,6,32,66,15,24,52,5,21,17,6,3,13,13,5,28,19,15,26,17,25,25,41,14,8,33,19,20,15,9,4,4,14,8,31,24,13,10,11,15,6,14,20,7,27,7,50,4,42,39,7,15,13,16,28,23,6,25,16,9,8,3,6,17,2,23,19,14,67,10,14,2,5,20,12,12,19,8,9,14,7,33,21,38,12,18,10,12,16,32,25,25,43,12,8,31,32,10,61,15,21,135,27,15,8,19,23,30,16,46,18,32,42,7,11,12,18,12,21,14,15,11,24,26,11,22,17,7,30,36,12,31,6,28,16,38,14,12,25,2,13,25,10,15,20,17,16,29,13,14,5,12,16,4,21,23,30,22,24,20,16,33,21,3,11,42,48,11,15,13,11,15,26,12,21,54,21,14,13,14,10,18,49,23,7,5,8,24,12,10,32,15,24,11,6,3,17,19,28,16,30,15,2,44,31,12,17,34,24,24,5,5,21,6,10,9,7,9,14,5,23,15,37,25,6,38,5,7,11,21,21,17,39,15,11,22,33,1,17,33,19,5,67,29,23,6,37,11,18,3,12,14,30,18,4,12,14,13,17,22,12,7,15,23,11,10,15,21,15,9,98,9,22,8,24,8,30,12,20,14,20,21,13,13,30,12,18,16,29,7,12,11,14,13,12,42,30,15,34,6,17,13,17,15,6,25,7,17,22,17,8,10,31,15,26,15,20,26,9,15,32,28,5,16,32,9,18,24,6,37,19,29,20,25,23,6,9,17,7,7,19,6,9,12,24,10,16,2,21,41,25,17,21,8,7,25,5,12,36,4,15,13,4,15,17,22,10,10,17,9,11,21,7,17,4,16,13,23,9,5,6,11,8,49,26,10,27,25,11,23,3,18,7,19,15,19,14,12,33,12,46,11,27,11,5,19,63,11,69,3,30,9,2,3,17,11,5,6,10,30,15,47,19,25,10,37,6,29,5,8,19,30,6,27,12,16,7,2,26,8,19,12,10,17,25,18,29,29,10,18,21,21,10,6,6,6,5,62,13,31,14,9,30,25,46,32,2,14,18,66,12,21,6,25,19,9,15,23,17,28,28,10,66,17,10,25,16,9,21,8,31,1,31,17,13,20,11,11,27,13,11,24,20,21,12,12,32,21,6,22,15,2,12,17,18,18,8,30,20,22,21,10,17,17,3,8,34,14,9,52,4,32,76,8,13,15,27,38,6,18,17,10,10,13,37,18,23,14,14,17,16,23,31,12,13,7,8,9,8,23,13,19,16,60,7,21,9,17,22,1,30,19,5,14,24,26,18,30,17,19,31,16,22,16,28,13,12,31,11,24,32,62,94,17,30,8,21,15,26,9,17,18,7,21,8,16,16,13,9,12,11,11,5,32,11,21,25,19,10,28,11,20,28,15,28,6,18,18,4,5,6,33,42,6,10,14,43,28,15,14,12,24,9,18,24,4,6,7,22,21,10,9,39,13,44,24,6,16,15,4,23,34,12,21,11,8,22,14,19,16,11,14,24,29,37,16,10,6,9,9,25,20,14,12,20,12,32,8,23,9,29,14,4,22,11,7,16,13,68,14,18,16,22,15,5,28,19,9,11,46,8,16,15,11,49,24,7,24,11,17,11,42,19,10,14,21,14,16,35,13,3,40,13,19,68,21,5,11,22,9,53,39,27,21,14,23,28,14,17,7,11,31,33,8,14,35,23,25,11,27,30,14,20,26,28,13,27,24,28,16,21,12,32,3,23,19,24,28,11,23,12,14,20,11,23,16,40,10,16,30,22,8,18,12,5,12,37,25,14,29,17,10,39,12,9,13,12,16,53,20,14,21,38,6,7,15,37,18,10,28,16,41,23,28,16,3,14,8,6,10,18,13,7,3,14,15,22,25,12,12,15,18,37,47,35,19,14,14,29,10,26,17,20,24,14,2,26,8,35,12,18,25,11,15,10,25,28,11,25,24,22,20,10,27,6,27,6,31,22,3,28,24,14,9,9,31,24,13,35,22,19,31,23,11,14,14,21,25,8,50,13,7,20,19,5,13,15,9,25,15,9,12,41,15,7,9,9,47,3,9,16,14,19,15,19,9,20,12,39,2,47,7,6,25,30,62,21,12,13,20,10,4,34,4,13,23,25,22,21,31,32,42,23,20,28,44,12,11,14,20,63,27,10,4,25,6,7,2,20,14,11,29,16,23,9,4,9,8,61,19,7,9,4,19,17,15,16,19,39,10,31,30,9,13,32,21,21,10,8,19,10,24,25,9,26,7,22,7,32,2,9,23,36,55,4,11,10,19,30,13,25,16,14,11,24,26,13,15,3,23,18,18,14,25,7,51,13,22,20,18,21,19,31,13,6,34,8,19,9,15,13,4,25,15,11,17,2,16,47,14,27,14,25,14,22,6,41,5,8,10,5,18,15,25,24,29,14,33,31,11,17,22,3,13,7,14,11,7,72,10,18,24,67,30,7,20,10
LAT,1,1,1,1,2,0,0,0,0,1,0,0,0,0,2,1,1,1,0,2,0,1,0,0,1,2,2,0,0,0,1,1,0,1,1,0,1,2,0,0,1,0,0,2,0,0,0,1,1,2,1,0,0,2,1,0,1,2,2,0,0,1,1,0,0,1,0,1,0,4,0,1,1,0,0,1,1,0,0,0,1,1,0,0,0,0,0,0,1,1,0,1,2,0,4,1,1,0,0,1,1,0,0,1,2,0,0,0,0,2,0,1,0,0,1,2,2,0,0,0,0,0,4,0,1,2,0,0,0,0,0,1,2,0,0,0,0,1,0,0,1,1,1,0,0,3,0,0,5,0,0,1,1,0,1,1,2,0,0,0,0,2,0,0,0,2,1,0,0,0,1,0,3,2,0,0,1,1,0,1,0,0,1,0,0,0,0,1,0,0,0,0,2,1,0,0,0,0,1,0,0,0,1,1,0,0,0,0,0,1,0,1,0,1,0,0,1,2,1,0,0,0,0,1,5,1,0,0,0,5,1,0,0,0,0,1,0,0,0,0,1,0,1,0,0,0,4,0,0,0,1,0,0,0,0,0,0,2,0,0,2,0,1,0,3,1,1,2,1,1,0,0,0,0,3,0,0,0,0,1,0,0,1,3,1,0,1,0,3,1,1,0,0,0,2,0,3,1,0,1,0,2,2,0,0,0,1,0,0,4,0,0,0,2,0,0,0,1,0,2,2,0,0,0,0,1,0,1,0,0,0,0,1,0,0,0,0,0,0,0,0,2,0,0,0,0,0,0,0,0,0,2,0,2,3,0,0,0,1,0,0,0,0,0,0,0,1,0,0,0,0,0,0,1,1,0,0,1,0,0,0,0,1,0,0,0,0,1,1,0,1,0,0,0,1,0,0,0,0,0,1,0,1,0,0,1,4,0,3,0,2,1,0,2,0,0,1,0,0,1,0,1,2,0,0,1,1,0,0,1,0,3,0,0,0,0,0,2,1,0,0,2,0,0,0,0,0,0,0,0,1,0,0,0,0,2,0,0,0,1,0,1,0,0,0,0,0,0,0,0,0,0,1,1,1,0,0,0,0,0,0,1,0,3,0,0,0,0,2,0,2,1,0,0,0,0,0,1,0,3,0,0,1,0,2,3,0,0,0,1,0,3,0,0,1,0,1,2,1,0,3,1,0,0,0,0,1,0,0,0,0,0,0,0,0,0,0,0,0,1,0,1,1,0,1,0,0,0,0,2,3,0,4,0,0,0,0,0,2,2,0,0,0,1,1,0,1,0,2,0,2,1,3,0,3,0,4,1,0,0,0,1,0,0,0,1,0,2,0,0,0,0,1,1,0,0,0,0,0,0,1,0,0,2,0,0,1,0,1,1,0,0,2,2,3,0,2,2,0,0,1,0,1,1,1,0,0,0,0,0,1,0,0,1,0,2,1,0,0,0,1,0,1,1,0,0,0,1,3,0,1,0,1,0,0,0,0,1,0,0,0,0,0,1,2,2,0,0,2,0,0,2,0,0,2,0,0,0,1,1,0,0,2,1,0,0,0,1,0,1,2,2,0,0,0,2,2,0,0,0,0,2,1,1,0,0,0,1,1,0,1,0,0,0,0,2,1,1,1,1,2,0,1,1,0,0,0,2,0,2,0,1,0,1,0,1,0,0,1,0,0,1,2,0,1,0,0,0,1,1,2,0,0,0,0,0,2,0,0,0,0,0,0,1,0,0,0,1,2,0,0,1,1,1,0,0,0,1,0,2,0,0,1,2,0,0,2,1,1,1,1,2,2,0,0,0,3,0,0,0,1,0,0,3,0,1,0,0,0,1,2,0,0,0,0,2,0,0,0,3,1,0,0,0,0,0,1,0,1,0,0,0,0,0,1,2,0,2,0,0,0,0,3,1,0,0,0,3,1,1,0,0,0,0,1,0,0,0,0,0,0,1,1,2,0,0,2,0,1,0,0,0,1,0,0,1,1,0,0,0,1,0,0,0,0,1,0,0,0,0,2,0,1,0,0,0,0,0,0,0,0,0,2,2,0,1,0,0,0,0,0,1,0,0,0,0,0,0,0,0,0,0,0,1,1,0,0,2,0,1,0,0,0,0,0,0,0,0,3,2,0,3,2,1,0,1,1,0,0,0,0,0,0,2,1,0,0,1,2,0,2,0,1,1,0,0,0,0,0,0,2,0,0,3,0,0,1,1,0,0,0,0,4,1,1,3,0,0,0,1,0,2,0,0,0,0,0,1,0,0,2,0,1,0,2,3,0,4,0,1,2,1,1,2,0,0,0,0,0,1,0,0,0,0,0,0,2,0,0,1,0,0,0,0,2,1,0,1,0,1,1,1,1,0,0,0,2,1,1,0,1,0,0,0,1,0,0,0,2,4,2,1,0,0,0,1,0,0,1,0,1,0,0,0,2,0,0,0,1,0,0,0,2,2,1,1,0,3,0,0,0,1,0,0,2,0,0,0,0,2,0,2,0,0,0,0,1,1,0,0,1,1,0,3,0,2,0,0,1,2,1,1,0,2,0,3,3,1,0,0,1,0,0,0,0,0,1,0,0,2,0,1,0,0,2,0,1,0,0,0,0,0,0,0,0,0,0,0,1,2,0,0,1,0,1,0,0,0,2,0,0,0,1,0,0,0,0,1,0,0,4,0,0,0,0,1,0,1,0,0,2,0,0,1,1,2,0,0,0,0,1,0,0,0,2,2,0,0,1,0,0,0,1,0,2,1,0,1,0,0,1,0,1,0,0,0,0,1,2,0,0,0,0,0,4,0,0,0,1,1,0,1,0,1,1,0,0,0,0,1,0,0,0,0,0,0,0,0,2,1,1,1,0,0,2,0,1,1,2,0,0,0,0,2,1,0,0,0,0,0,0,2,0,6,1,0,4,2,0,0,0,1,1,1,0,0,0,0,0,3,0,0,2,0,0,1,0,2,1,3,0,1,1,1,0,1,1,1,2,0,0,0,0,0,0,0,0,2,1,0,2,2,1,0,0,0,0,1,5,0,0,0,1,1,0,0,0,1,0,0,1,5,0,0,0,2,0,0,0,1,0,0,0,0,0,0,1,0,1,1,0,0,0,2,0,2,0,1,0,0,1,1,0,0,0,0,0,1,2,0,0,2,1,0,2,0,0,1,0,0,0,0,1,2,1,0,1,2,0,0,0,0,2,0,0,0,0,0,1,2,0,2,0,0,1,0,2,4,2,2,0,0,0,0,0,2,1,2,2,0,2,2,0,1,0,3,1,0,2,0,2,0,1,3,0,0,0,0,0,3,1,2,0,1,1,0,0,0,0,1,0,0,0,0,0,1,2,1,0,0,0,2,2,2,0,1,1,0,0,0,3,1,3,0,0,0,0,0,0,1,0,0,0,1,0,1,0,0,0,0,0,1,2,0,2,0,0,2,0,1,0,0,0,0,0,1,0,0,0,0,0,4,4,0,0,1
RNASET2,1,1,1,0,0,0,0,0,1,0,1,1,0,0,1,5,1,0,0,2,0,2,1,0,0,0,1,1,0,4,0,0,4,2,0,0,0,0,1,0,0,0,5,0,0,0,0,0,0,0,0,0,0,0,1,2,0,0,0,1,4,0,1,0,0,0,0,0,0,1,0,0,1,0,2,0,0,0,1,1,0,0,1,0,0,1,2,1,0,0,7,0,2,0,2,3,0,0,0,3,0,0,5,0,0,0,0,0,0,0,1,0,0,2,0,0,0,1,1,0,0,1,1,0,1,0,0,0,1,0,0,0,1,0,1,0,0,0,0,0,1,1,0,1,5,0,1,3,2,0,1,0,0,0,2,1,0,1,0,1,0,0,5,1,0,0,2,1,2,6,0,1,3,0,0,0,1,0,3,0,1,0,3,0,0,0,0,0,1,1,15,2,2,0,0,1,2,0,0,4,0,1,1,0,1,0,1,3,2,0,0,1,0,0,0,0,0,0,5,4,0,0,5,2,2,0,0,1,0,0,0,1,8,4,0,0,0,0,1,2,0,0,1,0,0,0,0,1,1,0,0,0,1,2,1,1,0,1,0,0,0,1,1,0,0,0,1,1,0,1,0,6,0,1,0,0,1,4,1,0,0,0,0,2,0,1,1,0,0,0,0,1,2,0,0,0,0,0,1,0,0,2,0,0,1,0,0,1,7,1,1,0,1,4,0,1,1,0,1,2,0,0,5,0,0,0,0,2,2,1,0,1,0,4,0,0,0,2,1,2,4,2,0,0,1,0,0,0,2,3,2,0,4,1,1,0,0,2,1,0,0,3,0,0,0,2,4,1,0,3,1,1,0,0,0,8,0,2,0,0,0,0,3,0,1,2,1,3,1,0,2,12,0,9,0,1,7,1,0,7,1,1,0,0,3,1,1,2,2,2,1,1,1,1,0,6,1,1,0,0,2,1,0,0,2,0,0,2,0,1,1,2,1,0,0,0,1,0,0,1,0,0,5,1,1,6,2,0,2,0,0,2,0,0,0,1,0,4,2,0,10,0,0,0,1,1,1,0,1,0,0,0,0,0,0,5,1,0,3,0,1,0,0,0,3,0,0,0,0,1,1,0,0,0,1,0,0,0,1,0,0,1,0,1,0,1,4,4,1,0,1,1,0,0,0,2,0,1,0,2,0,0,1,2,1,0,1,2,3,0,3,4,0,0,1,3,1,4,0,1,0,2,1,0,0,2,1,1,4,0,3,4,0,1,0,6,0,4,0,0,5,0,1,0,0,0,0,0,0,0,0,0,0,0,0,2,0,0,0,0,1,0,0,0,0,0,2,0,0,0,0,2,0,4,1,3,0,1,0,2,0,2,1,2,1,5,1,0,0,1,1,1,0,1,3,0,0,1,1,3,5,0,0,0,0,0,0,0,0,0,0,1,0,0,0,2,0,1,0,0,0,0,0,0,0,1,5,0,0,0,0,0,0,0,3,0,0,0,2,2,0,1,1,0,2,0,0,0,0,0,0,0,0,0,0,0,0,1,0,1,0,4,2,0,1,1,0,2,0,1,1,0,1,1,0,2,0,0,0,0,0,2,8,0,1,0,0,0,1,3,1,0,2,0,1,1,0,2,1,2,0,1,0,0,0,1,1,0,0,0,1,1,2,0,5,0,2,1,0,0,0,0,0,2,0,1,3,0,1,0,0,0,0,0,2,0,0,1,0,0,2,1,1,0,3,1,2,1,0,0,0,0,0,0,1,0,0,1,1,1,1,0,0,0,0,7,0,0,0,0,1,1,0,0,3,1,0,0,1,0,0,1,0,0,2,2,2,1,0,1,1,0,0,0,0,0,2,0,0,0,0,1,0,1,0,0,0,0,0,1,0,0,0,2,0,0,0,0,2,2,2,0,0,0,0,3,0,0,0,1,0,0,1,0,0,0,0,1,1,0,0,0,1,1,1,0,0,0,0,1,1,0,5,1,0,0,0,0,3,1,0,1,1,2,2,1,1,0,0,2,0,0,0,0,1,1,0,0,1,0,2,1,0,0,0,2,0,0,5,2,1,0,0,0,1,1,0,1,0,1,0,5,0,0,2,1,0,0,1,1,0,1,0,1,0,0,0,14,1,0,1,1,2,1,0,0,1,2,0,0,1,0,1,0,0,0,1,1,0,2,0,0,1,0,1,3,0,0,7,1,0,9,0,0,1,0,0,0,1,0,1,0,0,6,0,1,1,0,0,0,3,0,0,1,2,0,0,1,4,0,1,1,0,0,0,1,0,0,0,0,1,1,1,0,0,1,2,0,0,1,0,0,0,3,0,0,3,0,0,0,3,6,2,0,0,1,0,4,1,1,1,0,1,0,0,0,0,1,0,1,0,0,0,0,1,0,0,0,0,2,1,2,4,7,1,0,1,0,0,2,3,1,0,4,1,6,1,1,1,0,8,1,0,0,0,1,1,1,1,0,1,0,1,7,0,0,1,1,0,0,2,0,8,0,3,0,1,0,2,0,0,0,2,1,1,0,0,1,0,3,2,2,2,0,1,1,0,0,0,0,0,0,2,0,0,0,2,4,0,1,0,0,3,0,0,0,1,0,7,0,1,2,2,4,2,2,0,1,1,1,1,0,0,3,0,0,0,0,0,0,1,0,0,4,8,0,1,0,0,0,0,0,4,0,0,0,0,0,0,0,0,1,0,0,0,0,3,0,2,1,0,0,1,0,0,3,0,3,0,0,0,0,0,6,1,0,1,0,0,0,1,1,0,0,0,1,1,1,0,2,3,6,0,0,0,10,3,0,0,0,2,0,1,0,0,1,0,3,1,0,4,0,0,0,0,0,7,0,2,0,0,1,1,3,1,0,1,0,1,0,0,1,1,2,0,0,3,1,0,0,6,0,10,1,1,1,0,1,0,1,0,0,2,0,1,2,0,0,0,1,0,0,1,0,0,1,0,0,0,0,0,0,0,0,0,0,1,0,0,1,0,1,1,1,1,0,0,1,0,3,0,1,1,1,0,0,0,0,3,0,0,1,0,0,1,0,0,0,4,1,1,2,0,0,1,2,3,0,0,0,0,4,0,1,1,0,0,0,2,2,0,0,1,1,3,0,1,0,0,4,0,0,0,0,0,1,0,1,3,7,12,0,1,1,0,1,1,0,1,5,0,0,0,0,0,0,0,0,3,2,2,0,0,0,1,2,0,1,0,0,0,0,4,1,0,0,2,0,1,0,0,1,0,0,0,1,0,0,0,0,0,0,0,0,1,0,0,0,0,1,0,0,1,0,0,0,0,1,0,2,0,0,2,0,0,0,3,0,2,0,0,0,0,3,8,0,0,1,1,1,0,0,1,0,2,0,0,0,5,1,0,0,0,0,1,0,1,5,5,0,0,0,0,1,1,0,1,1,0,0,0,0,1,0,1,1,1,0,0,0,1,0,0,0,1,1,1,4,1,1,1,0,1,0,0,3
ITM2C,0,0,0,0,0,0,0,0,0,0,0,0,0,0,0,0,0,0,0,0,1,0,0,0,0,0,0,1,0,0,0,0,0,19,0,0,1,0,0,0,0,0,0,0,0,0,1,0,0,0,0,0,0,0,1,0,0,0,0,0,0,0,0,0,0,0,0,0,0,1,0,3,0,0,0,0,0,0,1,0,0,0,0,0,0,0,0,0,0,0,12,0,0,0,0,0,0,0,0,0,0,0,0,0,0,0,0,0,0,0,0,0,0,0,0,0,0,0,0,2,0,0,0,0,0,0,0,0,0,1,0,0,0,0,1,1,0,1,0,0,0,0,0,4,2,0,0,0,0,0,1,0,0,0,0,0,1,0,0,0,0,0,0,0,0,0,0,0,0,0,1,0,0,0,0,0,0,0,0,1,0,1,1,0,0,0,0,0,0,0,0,4,0,1,0,2,0,0,0,0,0,0,0,0,0,0,0,4,1,0,0,0,0,0,0,0,0,0,10,0,0,0,13,1,0,0,0,0,0,0,0,0,0,0,0,0,0,1,0,0,0,0,1,0,0,0,0,0,0,0,0,0,0,0,0,0,0,0,0,0,1,0,0,0,0,0,0,0,0,0,0,0,0,0,0,0,0,1,1,0,0,0,0,0,0,0,0,0,0,0,0,0,0,1,1,0,0,0,0,0,1,1,0,0,0,1,0,0,0,1,0,0,0,0,0,0,0,0,0,0,1,0,0,0,2,0,0,0,0,0,1,0,0,1,0,0,0,0,0,0,0,2,0,1,0,0,0,0,0,0,0,0,0,2,0,0,0,0,0,0,0,1,0,0,0,2,4,1,0,1,0,0,0,0,0,0,0,0,0,0,0,0,0,0,1,0,0,0,0,0,1,1,0,0,0,0,0,0,0,1,0,0,1,0,0,0,0,0,0,2,0,0,0,1,0,0,0,0,2,0,0,0,2,0,0,0,0,0,0,0,0,0,0,0,0,0,0,0,0,0,0,0,1,1,1,1,0,0,0,0,0,0,0,0,0,1,0,0,0,1,13,0,0,0,0,0,0,0,0,0,0,0,0,1,0,0,0,0,0,0,0,0,0,0,1,0,0,0,0,0,0,0,1,0,0,0,0,0,0,0,0,0,0,0,0,0,1,1,0,0,0,0,1,0,0,0,0,0,1,0,0,0,0,0,0,0,0,0,0,0,0,0,0,0,0,0,0,0,0,0,3,0,0,0,0,0,0,0,3,0,0,0,0,0,0,0,0,0,0,0,1,0,0,1,0,0,0,0,0,0,0,0,0,1,0,0,0,0,0,0,0,0,0,0,0,0,0,0,0,0,0,0,0,0,0,0,0,2,0,0,0,1,0,0,0,0,0,0,0,0,0,0,0,1,0,0,0,0,0,0,0,0,0,0,0,0,0,0,0,1,0,0,0,0,0,0,0,0,0,1,0,0,0,1,0,0,15,0,0,0,0,0,0,0,1,0,1,0,1,0,0,3,0,0,0,0,0,0,0,0,0,0,0,0,1,0,0,0,0,0,0,1,0,0,0,0,0,0,0,0,0,0,0,0,0,0,0,0,0,0,0,0,21,1,0,0,0,0,0,4,0,0,0,0,0,0,0,1,0,0,0,0,0,0,0,0,1,0,1,0,0,0,0,0,15,0,0,1,0,0,0,0,0,0,0,0,0,0,0,0,0,1,0,0,0,0,0,0,0,0,0,0,1,1,0,0,0,0,0,0,0,0,3,0,0,0,0,0,0,1,0,0,0,0,0,0,0,0,0,0,0,1,0,0,0,0,0,0,0,0,0,0,0,0,0,0,0,0,0,0,1,0,0,0,1,0,0,0,0,0,1,0,0,0,0,0,3,0,0,0,0,0,1,0,0,0,0,0,0,0,0,0,0,0,0,0,0,0,0,0,0,0,0,0,0,0,0,0,0,0,1,0,0,0,0,0,0,0,0,0,1,0,0,0,1,0,1,0,0,0,0,0,0,0,0,0,0,0,0,1,0,0,0,0,1,0,2,0,0,0,0,0,0,0,1,0,0,0,1,0,0,0,0,0,0,0,0,0,0,0,0,1,0,0,7,0,0,0,0,0,0,4,0,0,0,0,0,0,1,1,0,0,0,0,0,1,0,0,0,0,0,0,0,0,0,0,1,0,0,0,0,0,0,0,0,0,1,0,0,0,0,0,0,0,0,0,0,0,0,0,0,0,0,1,0,0,0,0,0,0,0,2,0,1,0,0,0,0,0,0,1,0,0,0,0,0,0,1,0,0,1,0,0,1,2,0,0,0,0,0,0,2,0,0,0,0,0,0,0,0,3,1,0,0,0,0,0,0,0,0,0,0,0,0,0,1,1,0,0,0,0,0,1,0,0,1,0,0,0,0,0,1,0,0,0,0,0,0,0,0,0,0,0,0,0,11,0,0,0,0,12,0,0,0,0,0,0,0,0,0,0,0,0,1,0,0,0,0,0,0,0,0,1,0,0,0,0,0,1,0,0,1,1,0,0,0,0,0,0,0,0,0,0,0,0,0,0,0,0,0,0,0,0,0,0,0,0,9,1,0,0,0,0,0,0,0,0,0,9,0,0,0,2,1,0,0,0,0,0,0,0,1,0,0,1,0,0,0,0,0,0,0,0,9,7,0,0,0,0,1,0,0,0,0,1,0,0,0,0,0,0,0,0,0,0,0,0,0,0,0,0,0,0,0,0,0,0,0,0,1,0,0,0,0,0,0,0,0,2,0,0,0,0,0,1,0,0,0,0,0,0,0,0,0,0,8,0,0,0,0,0,0,0,0,0,0,0,2,0,0,0,0,0,0,2,0,0,0,0,0,0,0,1,0,0,0,0,0,0,0,0,0,0,1,0,0,0,0,0,0,0,0,0,0,0,0,0,1,0,0,0,0,0,1,0,1,0,0,0,0,0,0,0,0,0,0,0,0,0,0,1,0,1,0,0,0,1,0,0,1,0,0,0,1,0,0,0,0,0,0,0,0,0,0,0,0,1,0,0,1,0,0,0,0,0,0,0,0,1,0,0,0,0,0,0,0,5,0,0,0,0,0,0,0,0,0,0,0,0,0,0,0,1,0,1,0,0,0,0,0,0,0,0,1,0,0,1,0,1,12,1,0,0,0,0,0,0,0,0,2,0,0,0,0,0,0,0,0,0,2,0,1,0,0,0,0,0,0,0,0,0,0,0,0,0,0,1,0,0,0,0,1,0,0,0,0,0,0,0,0,0,0,0,0,0,0,1,0,0,0,0,0,0,0,0,0,0,2,0,0,1,0,0,1,0,0,0,0,0,0,0,0,0,1,0,0,0,0,0,0,0,0,0,1,0,0,0,0,0,0,0,0,0,0,0,0,0,0,0,1,0,0,0,0,1,0,1,0,0,0,0,0,0,0,1,0,1,2,0,0,0,0,0,0,0,0,0,1,0,0,0,1,1,1,0,0
LOC284454,0,0,0,0,0,0,1,0,0,0,1,0,0,0,0,2,0,0,0,0,0,0,0,1,0,0,0,0,0,0,0,0,0,2,0,0,0,0,1,0,0,0,0,0,0,0,0,1,0,0,1,0,2,0,0,0,0,0,0,0,3,0,0,1,0,0,0,0,1,0,0,0,0,1,0,0,1,0,1,9,0,0,0,1,0,0,0,0,0,0,0,0,0,1,0,3,0,0,0,0,0,0,0,0,0,0,0,0,0,0,0,0,0,1,0,0,0,0,0,0,0,0,0,0,0,0,0,0,0,0,0,0,0,0,0,0,0,0,0,0,0,0,0,0,0,0,0,0,0,0,4,0,0,0,0,0,0,0,0,2,0,0,0,1,0,0,3,0,0,0,0,0,0,0,1,0,0,1,0,0,0,0,0,0,1,0,0,0,2,1,1,3,0,0,0,0,0,0,0,0,1,0,0,0,1,0,0,0,0,0,0,0,0,0,1,0,0,0,0,3,0,0,0,0,0,0,0,0,0,0,0,0,4,0,2,0,0,0,1,0,3,0,0,3,0,0,0,1,4,0,0,0,0,0,0,0,0,0,0,1,0,0,0,0,0,0,0,0,0,0,0,3,4,2,0,0,0,5,4,0,0,0,0,0,0,0,0,0,0,0,0,0,0,0,0,0,0,0,0,0,0,0,1,0,0,0,0,0,0,0,0,0,0,1,0,0,0,0,0,0,0,2,0,0,0,0,0,0,0,0,0,9,0,0,0,0,0,0,0,1,0,0,1,0,0,0,0,1,0,1,1,0,0,0,0,0,0,0,1,0,0,0,0,2,0,0,0,0,0,0,0,2,1,0,0,0,0,0,0,2,2,0,0,0,0,1,0,0,0,0,0,1,0,3,0,2,3,0,0,1,0,0,1,0,0,0,1,0,0,0,0,2,2,0,0,1,0,0,0,0,0,0,0,0,2,0,0,0,0,0,0,0,1,0,0,0,0,0,0,3,0,0,3,0,0,0,1,0,0,0,0,0,0,0,2,0,0,0,0,0,1,0,0,0,0,2,0,0,2,0,0,2,0,0,0,2,2,0,0,0,2,1,2,0,0,0,0,0,0,0,0,0,0,0,0,2,0,0,0,0,0,0,0,0,0,0,0,1,0,0,0,0,0,0,0,0,0,0,0,1,0,0,0,0,2,1,0,0,1,1,4,0,0,0,1,1,0,1,0,0,4,0,0,2,0,0,1,0,0,0,0,2,0,0,2,1,0,0,0,0,0,1,0,1,0,0,0,0,1,0,1,0,0,0,0,1,0,0,0,0,2,0,0,0,1,0,0,0,0,0,0,0,0,0,0,0,0,0,0,0,0,1,0,0,0,1,0,0,0,0,1,0,1,0,0,0,0,0,3,2,0,0,0,0,1,0,0,0,0,0,0,0,0,0,0,0,0,0,0,0,0,0,0,0,0,0,0,0,0,1,0,0,0,0,0,0,0,0,0,2,1,0,1,2,0,0,1,0,0,0,0,0,2,0,2,0,0,0,0,0,0,1,1,0,1,0,0,0,0,1,0,0,0,0,0,0,0,0,0,0,0,0,2,0,0,1,0,0,0,4,0,0,0,0,0,1,0,1,0,0,0,0,0,0,0,0,0,0,0,0,2,0,0,0,0,0,1,0,0,0,0,0,0,0,0,0,0,0,0,0,0,0,0,0,0,0,0,0,0,0,0,1,0,0,2,0,0,0,0,1,0,0,0,0,1,0,1,0,3,0,1,0,0,0,1,0,0,0,0,0,0,0,0,0,4,0,0,0,0,0,0,0,0,0,0,0,0,0,0,0,0,1,0,1,0,0,1,0,0,0,1,0,1,0,0,0,0,1,0,0,0,0,0,0,0,0,0,0,1,0,0,0,0,0,0,1,0,2,0,0,0,0,0,0,0,0,0,0,0,0,0,0,0,0,0,0,0,0,0,0,0,0,0,0,0,0,0,0,0,0,0,0,1,1,0,0,0,0,0,0,0,0,0,0,1,4,0,0,1,0,0,0,0,0,0,0,0,0,3,1,0,0,0,0,0,0,0,0,0,0,0,3,0,0,0,0,0,0,2,2,0,0,0,0,0,0,0,1,0,0,0,1,0,0,0,0,0,0,0,0,0,0,1,0,0,0,0,0,0,1,0,0,0,0,1,0,0,0,0,1,0,0,3,0,0,0,0,0,1,0,0,0,1,0,0,0,0,0,0,0,0,0,0,1,0,0,0,0,0,0,0,0,0,0,0,0,0,0,0,0,0,0,0,0,0,0,1,0,0,0,0,0,0,0,0,0,1,0,0,0,0,1,0,0,0,0,0,1,0,0,0,1,0,0,0,0,0,1,0,0,0,1,0,0,0,0,1,3,0,0,0,0,1,1,1,1,1,1,0,3,0,0,2,0,0,0,0,1,0,0,1,2,0,0,0,2,2,0,0,0,1,0,0,1,0,0,0,0,0,0,0,0,3,0,0,0,0,0,0,1,0,0,0,1,0,0,0,0,0,0,0,0,0,0,0,0,0,0,1,0,0,0,0,0,0,0,0,0,0,0,0,0,1,0,1,0,0,0,0,0,0,0,0,2,0,0,0,0,0,0,0,0,0,0,0,0,0,0,0,0,0,0,0,0,0,0,1,0,0,3,0,0,4,0,0,0,0,0,0,0,0,0,0,0,0,0,4,4,0,0,0,0,0,0,0,0,0,0,0,1,0,0,0,0,0,0,0,0,0,0,0,0,0,0,0,0,1,1,0,0,0,1,0,0,0,1,0,0,0,0,0,0,0,0,0,0,0,1,0,0,0,0,0,1,0,0,3,1,0,0,0,0,1,0,0,0,0,0,0,0,0,0,0,0,0,0,0,0,1,2,1,0,2,0,0,2,0,0,0,9,0,0,0,0,0,0,2,0,0,0,2,0,0,0,0,0,0,0,0,0,0,0,1,0,0,0,0,0,0,0,0,0,2,0,0,0,0,0,0,2,0,0,0,0,0,0,0,0,0,0,0,0,0,0,0,0,0,0,0,0,0,0,0,0,1,0,0,0,2,0,0,0,1,0,1,1,0,0,0,0,0,1,0,1,4,0,0,0,1,0,0,0,0,1,0,0,0,0,0,0,1,0,0,0,0,1,0,2,0,0,0,2,0,0,0,0,0,0,0,0,0,0,0,0,1,0,0,2,0,0,2,0,0,2,0,1,0,0,0,0,0,1,0,0,0,0,0,0,0,2,0,0,0,0,0,0,0,0,0,1,0,0,0,0,0,2,1,0,0,0,0,0,0,0,0,0,2,1,0,0,1,0,0,0,1,0,0,0,0,2,0,0,0,0,0,3,0,4,0,3,0,0,0,0,0,0,0,1,0,0,0,2,0,0,1,0,0,0,0,1,0,0,1,0,0,1,0,0,1,0,1,0,3,0,0,0,0,1,0,0,0,0,0,0,0,0
GLIPR1,0,1,0,0,0,0,1,0,0,0,4,0,1,0,0,0,0,0,2,0,0,0,0,0,0,0,0,0,0,2,0,0,2,2,0,0,0,1,2,0,0,0,1,0,0,1,0,3,0,0,0,0,0,1,1,2,0,0,0,0,3,0,0,2,0,0,0,0,0,1,0,0,0,0,3,0,0,4,0,2,0,1,0,1,0,0,1,0,0,0,2,1,0,1,0,0,0,0,0,0,0,0,4,0,0,0,0,0,3,0,1,0,2,1,0,1,0,0,1,0,0,1,0,0,1,0,1,0,2,0,0,0,0,0,0,0,1,0,0,1,1,0,0,0,2,0,2,2,0,0,3,0,1,0,0,0,0,0,0,2,0,0,0,1,0,0,1,0,3,10,1,1,0,0,3,0,0,0,1,0,0,0,0,0,0,0,1,0,1,1,2,4,0,1,0,0,0,0,0,2,0,0,0,0,0,0,2,0,0,0,0,2,0,1,0,1,0,0,0,1,0,1,1,0,0,1,0,4,0,0,0,0,2,1,0,0,0,0,0,1,3,0,0,0,0,0,0,1,0,0,0,1,0,0,0,0,0,0,1,1,0,0,0,1,0,0,0,2,0,0,0,1,0,1,0,0,0,0,3,0,1,2,0,0,0,0,0,0,0,0,0,0,1,1,0,0,0,0,4,0,0,0,1,0,1,0,0,0,1,1,0,0,0,0,1,1,0,1,1,0,0,2,1,0,1,0,0,0,4,0,0,2,0,0,0,0,0,2,1,0,4,0,1,0,0,1,0,0,0,1,0,0,4,0,1,1,0,1,1,1,0,0,1,0,3,0,6,0,0,0,0,0,1,0,0,2,0,1,0,1,1,1,1,0,0,0,0,0,0,0,0,4,0,1,0,0,0,0,0,4,0,0,0,0,1,0,0,0,1,0,0,1,0,0,0,1,0,0,0,0,0,0,1,0,1,0,0,1,0,0,1,0,0,0,1,0,0,0,1,3,0,0,5,0,1,4,0,0,0,0,1,1,0,0,1,0,1,2,1,0,5,1,0,1,3,0,0,0,2,1,1,4,0,0,1,1,0,0,0,0,1,0,0,0,1,0,0,0,0,1,0,0,0,1,0,3,0,0,1,0,0,1,0,0,0,0,0,3,0,0,1,1,0,0,0,0,0,0,0,0,0,0,0,0,2,1,1,0,1,0,0,1,0,0,4,1,1,2,0,0,1,1,0,0,0,0,0,0,7,0,0,1,0,1,1,0,0,2,0,1,0,0,0,0,0,0,0,0,0,0,0,0,0,0,0,0,0,0,0,0,0,1,0,2,0,1,1,0,1,1,1,1,0,2,0,0,0,0,0,0,0,2,0,0,0,3,0,0,0,0,0,0,0,0,2,0,0,0,2,2,1,0,0,0,0,0,0,0,0,1,0,0,0,4,0,0,1,0,0,0,1,0,1,0,0,1,0,0,0,0,0,0,0,0,0,0,0,0,1,4,1,0,0,0,0,0,0,0,1,0,0,1,0,0,0,0,0,0,0,0,0,3,0,0,0,1,1,0,0,0,0,0,1,0,0,0,0,0,0,0,2,0,2,0,0,1,0,1,0,3,0,0,0,0,0,0,0,0,0,0,1,0,2,1,0,1,0,0,0,0,0,0,2,0,2,0,1,0,1,0,0,0,0,3,0,1,1,0,0,0,0,0,0,0,0,0,0,1,0,0,0,2,0,0,2,2,1,0,1,1,0,1,0,1,0,0,3,0,2,0,2,0,0,1,0,0,1,0,0,0,0,0,0,0,1,0,0,0,0,0,0,0,0,0,0,0,1,0,0,0,0,0,0,0,0,0,1,0,0,0,1,0,1,0,1,0,0,1,0,0,1,0,0,1,0,0,1,0,0,0,2,3,0,0,1,0,1,0,0,0,1,0,1,0,2,0,2,2,0,0,0,0,0,0,0,0,0,2,0,0,0,0,2,0,0,0,1,0,0,0,0,0,0,3,3,0,0,0,0,0,0,0,4,0,0,0,0,0,2,0,0,0,0,0,0,0,0,0,5,3,1,0,0,0,0,0,1,0,0,1,0,5,2,0,3,0,0,0,0,1,0,0,0,0,0,1,0,2,0,0,1,0,0,1,1,1,0,0,0,1,0,0,0,0,0,0,0,0,0,2,2,0,0,0,1,4,0,0,1,3,0,1,1,0,0,0,0,0,0,0,1,0,0,1,0,1,0,0,0,0,0,0,0,0,0,0,0,1,1,1,0,1,0,0,0,2,0,1,0,0,0,0,0,1,0,0,1,0,1,1,0,0,0,0,0,0,1,0,0,0,1,9,0,0,0,3,1,3,0,0,0,1,0,0,0,0,0,0,0,0,3,0,1,0,0,0,0,0,0,0,1,0,3,0,0,0,0,0,0,0,2,0,2,1,0,2,0,0,0,1,2,1,0,0,1,3,2,0,0,0,0,0,0,3,0,0,0,0,1,0,0,0,0,0,0,0,0,0,0,0,0,0,0,0,0,0,2,0,0,0,0,0,2,0,0,0,0,0,4,0,0,0,1,1,0,0,0,2,0,1,0,0,2,3,0,1,0,0,2,0,1,0,1,3,4,0,0,0,0,0,0,1,0,0,0,0,1,0,0,1,0,0,0,2,1,3,6,0,0,3,0,0,1,0,0,0,0,0,0,2,0,1,0,0,0,2,0,0,0,0,0,0,0,0,0,0,0,3,1,3,0,0,2,4,0,0,4,0,0,0,0,0,0,1,0,0,0,4,0,0,0,0,0,0,0,5,2,0,0,0,1,0,0,0,0,0,0,2,0,0,2,0,2,0,0,0,1,0,0,0,0,0,3,3,0,1,2,4,0,0,1,1,0,0,0,0,2,0,0,0,0,1,1,0,0,0,0,0,1,2,0,0,0,0,1,0,0,0,2,1,0,1,0,0,1,1,1,0,0,0,0,0,0,0,0,0,0,0,0,0,0,3,1,0,1,0,0,1,0,2,0,0,0,2,0,0,0,1,3,0,0,0,0,0,0,0,0,0,2,0,0,0,0,0,2,0,1,3,0,0,0,0,0,3,1,3,0,0,0,1,0,0,0,0,7,0,0,1,0,5,0,0,0,0,1,0,0,0,1,2,4,2,0,0,0,1,0,0,2,2,0,0,1,0,0,3,0,0,0,1,0,0,0,0,2,1,0,7,0,0,0,0,2,1,0,0,0,0,0,0,0,0,0,0,0,1,0,0,0,1,1,1,0,0,2,0,0,0,1,1,0,0,1,0,0,3,1,0,0,0,0,0,0,0,0,0,2,0,0,0,1,0,1,1,8,1,3,1,1,3,0,0,0,0,0,3,0,1,0,0,0,2,1,2,0,0,0,1,2,0,0,0,0,0,0,1,1,0,0,1,1,1,1,0,0,0,0,0,0,0,0,2,1,0,3,0,0,6,0,1,0,1,0,0,0,0
ATP2B1.AS1,1,0,0,0,0,0,0,0,0,0,1,2,2,0,0,2,0,2,0,0,0,0,2,2,0,0,0,0,0,0,1,0,0,0,0,0,0,3,1,0,0,0,2,1,0,0,0,0,0,1,0,0,0,1,0,1,1,0,0,0,3,0,0,1,0,2,0,0,1,1,0,0,0,0,2,0,0,2,1,2,0,1,1,0,1,0,0,1,0,0,0,1,1,2,0,2,0,0,1,1,0,2,0,0,0,1,0,0,0,0,1,0,0,0,0,0,0,0,0,0,0,1,0,1,0,0,0,0,0,0,0,2,1,0,0,0,0,0,1,0,0,0,2,0,1,0,0,5,1,0,1,0,0,0,0,1,0,1,1,1,0,1,2,1,1,0,2,0,7,1,0,1,1,0,1,0,0,0,0,0,0,0,0,2,1,0,0,0,1,0,5,2,1,0,1,0,0,0,0,0,0,0,3,0,0,0,0,0,2,0,1,0,0,0,0,0,0,0,0,0,0,2,0,0,1,0,0,2,0,0,0,1,1,0,2,0,0,0,0,0,0,0,0,0,0,0,0,6,1,3,0,4,0,0,1,0,0,1,0,1,1,1,0,0,0,0,2,0,0,0,0,3,1,0,2,0,0,1,1,2,1,0,0,0,1,0,0,1,0,0,1,0,0,0,0,0,0,0,1,0,0,0,0,0,2,0,0,1,1,1,0,0,0,1,0,1,0,0,0,1,0,0,3,0,0,0,1,0,0,0,1,2,0,0,3,1,0,0,0,0,2,0,0,0,0,0,0,1,0,4,2,0,0,1,0,0,0,0,0,0,0,0,0,0,0,0,0,0,2,0,0,1,0,0,0,3,1,0,0,1,0,0,1,0,0,0,0,0,1,0,0,4,0,4,0,0,0,0,0,0,0,1,0,0,1,0,0,0,0,1,0,0,0,0,0,2,0,1,0,0,2,0,1,1,3,0,0,0,0,1,0,0,0,0,1,0,0,0,0,1,1,1,3,0,0,4,1,0,0,0,0,2,1,0,1,0,0,3,0,1,1,0,0,0,2,1,1,0,2,0,4,2,0,0,0,1,1,0,1,0,3,0,0,0,0,0,1,0,0,1,0,0,0,0,0,0,0,0,0,0,2,1,0,0,0,0,0,1,0,0,3,0,1,0,0,0,0,0,0,1,0,0,0,2,1,1,0,1,4,1,2,0,0,0,1,4,0,2,1,0,0,1,0,1,0,0,2,0,0,0,1,0,0,0,1,0,1,2,0,0,0,2,1,0,0,0,0,0,0,0,0,0,0,0,0,4,0,2,1,0,1,0,1,3,2,0,0,0,0,0,1,0,1,0,1,0,0,0,0,1,0,4,2,0,1,0,0,0,0,2,1,1,0,0,0,0,0,0,1,3,0,1,0,0,0,0,0,0,0,2,0,1,0,0,0,0,0,0,0,1,0,0,0,0,0,1,0,0,0,2,0,0,0,0,0,0,0,0,0,2,2,0,0,0,0,0,1,0,0,0,0,0,0,0,1,0,0,2,0,0,0,1,0,0,0,0,0,0,2,0,0,1,0,0,0,0,0,0,0,1,0,1,0,0,0,0,0,0,0,1,0,0,0,0,2,0,0,1,0,0,0,0,0,0,0,0,0,0,0,0,0,0,0,0,2,0,0,0,0,0,0,0,0,6,1,0,0,0,0,1,0,0,1,0,0,0,0,1,0,0,0,2,0,0,3,0,0,0,3,0,0,0,1,0,0,0,1,0,0,0,0,0,0,0,0,3,0,0,0,2,0,0,0,0,2,0,0,1,0,0,0,0,0,0,0,0,0,1,0,0,0,0,0,0,0,0,2,0,0,0,0,0,3,0,1,2,1,0,0,2,0,1,0,3,0,0,1,0,0,0,0,4,0,0,0,1,0,0,1,0,0,3,0,0,3,0,1,2,0,0,0,0,0,0,0,0,1,0,1,0,0,0,2,0,0,0,0,0,0,1,0,1,2,2,0,0,1,0,0,2,0,0,0,0,1,1,0,0,1,0,0,0,0,0,2,0,0,0,3,2,2,0,1,0,1,2,0,1,1,0,0,3,2,0,0,0,0,0,0,3,3,0,0,0,0,0,0,4,1,0,0,0,0,0,0,0,0,1,0,0,1,0,2,0,0,0,0,0,0,2,0,0,0,0,2,0,0,1,0,0,1,5,0,0,1,0,0,0,0,0,0,1,1,1,2,3,0,0,0,0,2,0,1,0,0,1,0,1,0,1,0,0,1,0,0,0,0,0,0,1,0,0,0,0,0,0,4,0,2,0,2,0,0,0,1,0,1,1,0,0,0,2,0,0,0,4,1,0,1,0,0,0,0,0,0,0,0,0,0,0,0,0,2,0,0,0,1,1,0,0,0,0,2,6,0,0,0,0,0,4,0,1,0,1,0,0,0,1,0,3,0,0,0,0,0,0,1,0,1,0,1,0,0,2,0,0,0,0,0,0,0,0,4,1,1,0,0,1,0,0,1,1,1,1,1,0,1,0,0,0,0,0,1,0,1,1,0,0,1,0,0,0,2,0,0,0,0,0,0,0,0,2,1,0,0,0,0,0,0,0,0,0,0,2,0,0,0,0,0,0,1,0,0,0,0,0,0,0,0,0,0,0,0,0,0,0,2,0,0,2,0,0,1,0,0,0,0,0,0,0,0,0,0,0,0,1,2,0,3,0,0,0,0,0,0,0,1,1,0,0,1,0,0,2,0,0,5,0,0,0,0,6,0,0,0,0,1,0,1,0,1,0,1,0,0,0,3,0,1,0,0,0,0,1,0,0,0,0,0,0,2,0,1,0,0,0,0,0,0,1,1,0,7,0,1,0,0,0,0,0,0,1,0,0,0,0,3,0,1,0,0,0,0,1,0,0,0,0,1,2,0,0,0,0,3,1,0,0,0,0,6,0,0,0,0,0,0,0,1,0,1,0,1,0,2,0,0,0,0,0,0,1,0,0,1,0,1,0,2,4,0,0,0,0,0,0,0,0,1,0,0,2,1,0,0,0,0,0,0,0,0,1,1,1,1,0,0,0,2,0,0,2,0,3,2,2,0,2,0,0,0,1,1,0,0,0,0,0,2,1,0,0,0,0,0,0,0,0,1,0,4,0,0,0,0,2,0,0,0,1,1,3,0,0,0,4,0,0,0,0,0,1,0,0,2,0,0,0,1,0,0,0,0,1,0,0,0,0,1,0,0,1,0,0,0,0,0,0,0,3,0,0,0,0,0,0,0,0,0,2,0,0,0,0,0,1,0,0,0,0,0,0,1,1,0,0,0,2,0,2,2,1,0,0,3,0,0,2,0,1,0,0,0,0,0,0,0,0,0,0,0,0,0,0,0,0,0,0,3,0,0,6,0,0,1,0,0,0,0,0,2,0,0,0,0,0,0,0,0,0,0,0,2,0,1,0,0,7,0,0,0,0,0,0,0,0
BIRC3,0,0,0,0,0,0,0,0,0,0,2,1,0,0,0,0,0,1,0,1,0,0,0,0,0,0,2,0,0,0,0,0,0,0,0,0,0,1,0,1,0,1,0,0,0,0,1,0,0,0,0,0,0,0,0,0,0,0,0,1,0,0,0,0,0,2,0,0,0,0,0,0,0,0,0,0,0,0,0,2,1,1,0,0,0,0,0,1,0,1,0,0,0,0,0,0,1,1,0,0,1,2,0,0,0,1,0,0,0,0,0,0,0,0,0,0,1,1,0,0,0,0,0,0,1,0,0,1,0,1,0,0,0,1,0,0,0,0,0,0,1,0,0,2,0,0,0,0,0,0,0,0,0,0,0,0,0,0,0,0,0,0,0,0,0,0,0,1,0,0,3,0,0,0,0,0,0,0,0,0,0,0,0,0,0,0,1,2,0,0,1,1,0,0,0,3,0,0,0,0,0,0,0,0,1,0,0,4,5,0,0,0,0,0,0,0,0,0,0,1,0,0,0,1,0,0,1,0,0,0,0,0,0,0,0,2,0,1,1,1,0,0,3,0,0,3,0,0,0,0,0,0,1,0,1,2,0,1,0,0,0,0,0,0,0,0,0,0,0,0,0,0,0,0,0,0,0,0,0,0,0,0,0,0,0,0,0,2,1,0,0,0,0,0,1,1,1,0,1,0,0,1,0,1,0,0,0,0,0,0,0,0,0,0,0,3,0,1,0,0,0,1,0,0,0,0,0,1,0,1,0,2,0,0,1,0,3,2,1,0,0,0,0,0,0,0,0,0,0,2,0,0,0,0,0,0,5,0,0,0,0,0,0,0,0,2,0,1,2,1,0,0,0,1,0,0,2,1,0,0,0,1,1,1,0,0,2,2,0,0,1,2,0,0,0,0,2,1,0,0,0,0,0,0,1,0,0,1,0,2,2,1,0,0,0,0,0,1,1,0,0,0,0,0,1,0,0,0,0,1,0,0,0,0,0,1,0,0,1,0,0,0,0,0,0,0,0,0,0,0,0,0,0,1,0,0,0,0,0,0,0,1,0,2,0,0,0,0,0,0,0,0,0,0,0,0,0,0,0,1,0,0,0,0,0,0,0,0,0,0,0,0,0,2,0,0,0,0,1,0,0,0,0,0,0,0,0,0,0,1,0,0,0,0,0,0,0,1,0,0,0,0,1,1,1,0,0,0,2,2,0,0,0,0,0,2,0,0,2,0,0,0,1,0,0,0,0,0,0,1,0,0,0,0,0,0,1,2,0,0,0,3,1,0,0,0,0,0,1,0,0,0,1,0,0,0,0,0,0,0,1,0,2,0,0,0,0,0,1,0,0,0,0,0,0,3,0,0,5,0,0,0,0,0,0,0,1,0,0,0,0,1,1,0,0,0,0,0,0,1,0,0,0,0,0,0,0,0,0,0,0,0,0,0,0,0,0,0,0,1,0,0,0,0,0,3,0,0,0,0,0,0,0,1,1,0,0,1,1,1,0,1,0,0,0,0,0,0,0,4,0,0,0,0,0,1,0,0,0,0,0,0,2,0,0,0,0,1,0,0,0,0,2,0,0,0,0,0,1,0,0,0,0,0,3,1,0,0,0,0,0,0,0,0,1,0,0,1,0,0,0,0,2,0,1,2,0,0,0,0,1,0,0,0,0,0,1,2,0,1,0,0,0,0,2,0,2,3,0,4,1,0,1,0,3,0,0,3,0,1,0,0,0,0,0,2,0,0,1,0,0,1,0,0,0,0,0,0,0,0,0,1,0,1,0,0,0,0,0,0,0,0,1,0,0,0,0,0,0,0,0,0,2,0,0,0,3,1,1,0,0,0,0,0,0,0,1,0,0,0,0,1,0,2,0,2,0,0,0,0,0,0,0,0,0,0,0,1,0,2,0,0,0,1,0,3,0,0,0,0,0,0,0,1,0,0,0,0,1,1,0,0,2,0,0,0,0,0,0,0,1,0,0,0,0,0,0,0,0,0,1,0,0,0,0,0,3,0,3,5,0,0,0,0,0,0,1,1,0,0,0,1,0,0,0,0,1,0,0,0,0,0,0,0,0,1,0,0,2,1,0,0,1,0,0,1,1,1,0,4,0,2,0,0,2,0,0,1,1,0,3,0,0,0,2,3,0,0,0,0,0,0,0,0,0,0,1,0,0,0,2,0,0,0,0,0,1,0,1,0,0,0,0,0,0,0,0,0,0,0,3,0,0,0,0,3,0,0,0,0,1,0,1,0,0,0,0,0,2,0,0,0,0,0,1,0,0,0,0,0,0,0,0,0,1,0,0,1,0,0,0,0,0,2,0,0,0,0,1,0,0,0,0,2,0,0,0,0,0,0,0,0,0,0,2,0,0,0,1,0,0,0,0,0,0,0,0,0,0,0,0,1,0,2,0,0,0,0,0,0,0,0,1,0,0,0,0,0,0,0,0,1,0,0,0,0,0,0,0,0,0,1,0,0,0,0,0,0,0,1,0,0,0,0,0,0,0,0,0,1,0,0,2,1,2,1,0,0,0,0,0,0,0,1,1,0,0,0,0,2,0,0,0,0,0,0,1,0,1,0,0,0,1,0,1,0,0,1,0,0,0,1,0,0,0,0,0,0,0,1,0,0,1,0,0,0,0,3,0,0,0,0,0,0,1,0,0,0,1,0,0,0,0,0,0,0,0,0,0,0,1,1,0,0,0,1,0,0,0,1,0,0,0,0,0,0,0,0,0,0,2,0,0,0,0,1,2,0,0,0,1,2,1,0,0,0,0,0,0,0,0,0,1,0,0,0,0,0,0,1,3,0,0,0,0,1,1,0,3,0,2,0,0,0,0,0,0,0,0,2,0,0,0,0,0,1,0,0,0,0,0,0,0,1,0,0,0,0,0,0,0,0,0,0,0,0,1,0,1,2,1,0,0,0,0,0,0,3,1,0,1,0,0,0,0,3,0,0,0,1,0,0,0,0,2,0,2,0,0,3,0,0,1,0,1,0,0,2,0,1,0,1,0,0,0,1,0,0,1,0,0,1,0,0,0,3,0,0,0,1,0,0,0,1,0,1,3,0,0,0,2,0,0,0,0,0,0,0,0,0,0,0,0,0,1,0,1,1,1,0,0,2,0,1,0,0,1,0,0,0,2,0,0,0,0,0,0,0,1,0,1,0,0,0,0,0,0,0,0,0,1,0,0,0,0,0,0,0,0,1,0,0,0,0,0,0,0,0,0,0,2,0,0,0,1,0,0,0,1,0,1,1,0,1,0,0,0,0,0,0,0,0,0,0,0,0,0,1,0,2,0,0,1,0,1,0,1,0,0,0,0,1,1,0,0,1,0,1,2,0,0,0,0,0,2,0,2,0,0,0,0,1,1,1,0,0,0,1,0,0,2,1,0,0,0,1,0,1,0,0,1,0,0,0,0,0,0,0,1,0,1,0,0,1,0,0,0,0,1,2,0,1,0,0,0,0
ND4L,4,0,2,0,0,4,3,0,0,0,2,0,3,0,0,2,0,1,2,2,1,0,2,8,0,0,0,4,0,3,1,2,3,1,0,1,3,2,0,1,0,2,1,0,2,1,2,2,3,2,0,0,1,2,0,4,0,1,1,0,3,0,1,3,2,0,3,1,2,0,0,3,1,0,2,0,0,0,0,0,1,0,3,2,1,1,1,2,1,0,0,0,1,3,0,2,0,1,2,0,1,1,0,2,1,2,0,0,0,0,2,0,2,2,0,2,0,0,2,1,0,2,3,0,0,0,0,1,1,0,0,0,0,0,1,1,2,0,2,1,3,3,0,3,7,0,2,2,2,0,0,0,0,3,0,1,1,0,1,2,0,2,1,1,0,0,2,1,4,1,0,2,2,0,2,1,1,0,4,2,2,1,2,2,0,0,1,2,2,4,2,2,1,1,1,2,1,1,1,3,3,1,1,1,1,0,0,3,0,1,1,0,1,0,0,1,1,0,2,2,0,1,3,1,2,1,0,3,0,3,1,0,1,1,0,0,1,0,1,0,3,0,0,1,1,1,2,1,8,2,2,0,0,0,1,0,0,2,2,1,1,0,0,1,0,0,0,0,1,1,0,8,2,2,0,0,1,4,0,0,3,4,1,1,1,0,4,2,0,0,0,2,1,0,0,0,0,0,0,0,0,0,0,2,3,0,1,1,3,0,1,0,0,2,0,0,2,1,0,1,1,0,3,0,1,0,2,2,1,2,0,0,1,0,2,1,0,2,2,1,0,1,3,1,1,0,1,0,0,2,1,2,2,1,0,2,1,2,3,1,1,1,1,1,1,0,6,2,1,1,0,4,0,0,1,3,1,2,0,2,2,2,2,0,4,3,0,2,0,0,4,4,0,2,0,3,1,3,1,1,1,0,0,0,2,2,1,0,1,2,1,0,0,4,0,2,0,1,1,0,4,2,1,0,4,0,1,1,0,0,0,2,1,0,2,2,5,0,1,1,1,0,1,4,3,3,2,2,0,0,1,0,4,1,2,2,0,5,2,3,1,0,2,0,5,0,1,1,0,2,0,3,2,0,1,3,2,2,1,0,0,2,0,1,2,2,2,0,4,4,0,3,0,1,1,6,2,3,0,2,1,0,1,1,0,0,0,1,1,0,0,0,0,0,0,0,1,1,0,5,1,2,0,2,3,1,1,1,2,4,2,3,0,2,3,2,0,1,2,0,0,2,1,0,2,0,2,1,1,0,2,2,0,1,2,1,0,4,0,0,1,0,0,0,0,0,1,2,2,0,0,1,2,0,2,6,2,0,2,0,1,0,2,0,0,0,4,0,0,2,2,0,2,1,0,0,1,0,1,1,1,3,0,0,1,0,0,1,0,0,0,0,1,1,1,0,0,0,1,2,0,1,0,0,1,1,0,0,0,3,1,2,0,1,2,1,0,0,0,0,0,2,1,1,2,0,4,1,0,2,1,2,1,2,1,4,1,1,0,3,3,3,0,2,2,0,1,0,1,0,2,2,1,0,1,0,1,2,2,1,1,1,1,0,2,0,3,0,1,0,0,1,1,2,0,1,0,1,1,2,0,1,0,1,1,1,1,0,0,0,1,0,0,2,2,0,1,2,2,1,1,0,0,1,1,1,2,1,0,0,1,0,1,0,1,1,1,0,1,0,1,0,1,4,1,1,0,0,1,0,0,0,1,1,1,0,0,1,1,0,2,0,2,0,1,0,1,0,2,0,0,1,0,2,1,1,2,1,5,2,3,0,0,0,3,1,1,1,3,0,2,1,1,1,1,0,1,1,2,1,2,2,0,0,1,0,0,0,1,2,1,2,0,1,1,0,2,0,2,0,0,1,0,1,0,1,0,0,0,0,0,1,1,4,1,0,2,2,3,5,3,1,0,0,0,4,1,1,0,0,0,1,2,0,0,1,0,0,1,1,0,1,1,0,0,1,1,1,1,0,2,0,2,1,1,1,0,0,1,2,0,0,0,1,2,0,1,1,1,0,0,1,1,6,0,5,2,1,0,2,3,1,0,0,1,0,1,0,1,1,3,1,0,1,2,0,0,0,1,2,1,1,0,2,4,1,0,1,0,2,4,3,0,0,0,1,1,3,1,1,2,0,1,1,1,0,0,1,0,2,2,0,0,1,0,0,2,0,0,1,1,0,1,0,0,2,0,0,0,0,0,4,6,0,3,1,0,0,3,0,0,0,0,2,1,1,1,0,0,2,0,2,0,1,0,0,1,0,1,0,2,4,3,0,0,0,0,1,0,0,2,2,1,0,1,1,2,0,3,1,2,1,0,0,1,1,0,2,0,0,5,1,0,0,1,7,1,1,0,1,0,0,0,1,0,0,1,0,0,0,0,0,3,0,0,0,4,1,2,0,4,1,3,2,1,1,3,6,1,1,4,1,0,2,0,0,0,0,1,2,1,4,0,1,1,5,2,0,0,0,2,2,0,0,1,0,0,0,2,2,2,0,5,2,0,1,0,0,0,0,0,0,1,0,1,0,2,0,1,0,1,0,2,0,0,1,2,0,0,0,0,1,0,1,0,0,0,1,0,0,0,0,1,0,0,0,0,1,0,1,4,0,4,2,1,0,0,0,2,0,1,1,0,1,0,0,1,3,2,0,3,0,1,1,1,0,2,4,1,2,1,2,1,2,1,1,0,1,1,2,0,1,0,0,1,1,2,0,1,1,0,2,2,1,2,0,0,1,0,1,3,2,0,0,0,0,1,3,0,2,2,1,0,0,1,3,2,2,1,2,0,1,0,1,2,0,2,2,2,1,0,3,0,0,2,0,1,1,1,3,4,1,2,3,1,1,0,2,1,1,1,0,2,0,0,0,0,1,0,1,0,2,0,0,0,0,2,1,5,1,1,2,2,3,0,0,0,0,1,0,0,4,0,1,0,2,1,3,0,0,2,2,0,2,2,0,2,1,0,0,0,0,1,2,1,0,0,0,0,3,3,1,4,5,1,0,1,0,0,1,4,0,1,0,0,1,0,3,1,0,2,2,0,0,0,2,0,2,2,1,0,2,4,0,1,0,2,1,3,2,0,0,0,1,2,6,0,2,0,0,0,4,0,0,3,0,2,0,0,0,0,1,0,2,0,4,2,2,1,0,4,3,0,2,2,2,0,4,0,7,1,3,1,0,1,3,0,0,1,4,0,0,0,1,2,2,0,5,0,0,5,0,4,2,0,0,1,1,0,0,0,3,0,2,1,0,0,0,0,4,0,0,0,0,0,2,1,5,1,2,0,2,2,0,1,4,0,0,0,0,1,1,4,0,0,1,0,2,0,1,1,1,0,2,0,0,0,0,1,3,0,4,0,1,0,3,0,4,0,0,1,0,2,0,1,0,1,2,0,0,1,2,0,2,0,0,3,1,2,3,0,0,0,3,0,1,2,0,0,0,1,0,0,1,1,1,4,2,2,1,1,3,2,0,2,1
DNAJB1,3,0,0,0,2,0,0,0,0,0,0,1,0,0,1,1,3,0,0,4,0,1,0,0,0,2,0,0,0,0,2,0,0,0,0,0,1,0,0,1,0,0,0,2,0,2,0,0,1,1,0,0,0,0,1,0,0,1,0,4,0,1,0,0,1,3,2,0,0,1,0,1,1,0,0,0,0,0,0,0,0,0,0,0,0,0,1,0,0,1,0,0,0,0,0,1,0,0,0,0,0,2,1,1,0,0,1,0,0,0,1,1,0,0,0,2,1,1,0,0,0,0,1,0,0,1,0,0,1,0,0,3,1,0,0,1,0,1,0,0,2,0,1,0,0,0,0,0,3,0,0,0,2,3,0,3,1,2,0,0,0,1,0,1,2,1,0,1,0,0,2,0,3,2,0,0,1,0,1,0,1,1,0,0,0,0,3,0,0,1,0,1,0,0,1,0,0,0,0,0,0,1,0,1,1,0,0,1,0,0,0,0,0,1,0,0,0,1,0,0,0,0,2,0,3,0,0,0,3,0,1,1,0,1,0,0,0,0,0,1,0,0,0,0,1,1,0,0,0,0,0,0,0,1,0,2,2,0,0,0,0,0,2,1,1,1,0,0,3,0,0,0,0,0,2,0,0,0,0,1,2,0,3,3,2,1,0,0,0,0,1,1,1,1,3,0,2,1,0,1,1,1,0,1,0,1,3,1,0,1,1,0,0,0,0,0,0,2,0,0,1,1,0,0,1,1,0,4,0,1,1,0,3,0,0,1,0,0,1,0,0,0,0,2,0,2,2,1,1,0,0,0,1,0,0,0,0,3,0,0,0,0,0,0,0,0,1,0,2,2,1,2,0,0,1,2,0,1,1,0,0,0,1,2,0,0,2,3,1,0,3,0,5,1,0,0,0,2,0,0,0,0,1,4,0,1,1,1,5,0,0,0,0,1,0,0,0,0,0,0,0,1,0,2,1,0,0,1,0,1,0,0,0,2,0,0,0,1,0,1,0,1,0,0,0,0,0,1,0,0,0,0,0,1,0,0,0,1,0,0,0,0,0,2,0,0,0,0,0,0,0,0,0,1,1,0,0,2,0,1,1,0,0,1,0,1,0,0,3,0,0,0,2,0,0,0,2,0,0,1,0,2,1,0,0,0,0,0,1,0,1,0,0,0,0,0,1,1,1,0,0,1,1,0,0,0,0,0,0,0,0,0,0,1,3,0,0,0,1,0,2,0,2,0,0,2,0,0,0,1,3,0,0,1,0,0,0,1,0,0,0,2,0,1,1,1,2,0,1,0,1,1,0,1,0,0,0,1,0,0,0,0,1,1,0,0,1,2,0,1,0,0,0,0,0,0,0,0,0,0,0,0,0,0,4,0,1,0,1,0,0,0,0,0,4,1,0,1,0,0,0,6,1,0,1,0,0,1,1,1,1,1,2,1,0,1,0,5,0,0,0,0,3,0,1,0,0,1,1,0,0,3,0,0,1,1,0,0,0,1,0,1,0,0,2,1,0,0,1,0,1,1,0,2,0,0,0,0,1,0,0,0,0,0,0,0,1,0,0,2,0,0,2,0,1,2,1,0,0,0,0,0,0,2,0,0,1,0,0,0,0,0,0,0,0,3,0,3,0,0,0,0,0,0,0,2,0,0,0,0,0,3,0,0,0,0,0,1,0,0,0,1,0,0,0,0,0,0,0,0,2,1,0,1,0,0,2,0,0,0,0,0,0,0,1,0,0,0,0,0,1,2,0,0,1,0,0,2,0,0,0,0,0,0,1,1,0,0,0,1,0,0,0,0,0,0,0,1,0,2,1,0,0,0,1,1,1,1,0,0,0,0,0,0,1,0,0,0,0,0,0,0,2,0,0,0,0,0,1,0,0,4,0,0,0,0,0,4,0,0,0,0,1,0,0,0,0,0,0,1,0,0,0,5,0,1,0,0,1,0,2,0,0,1,2,0,1,0,0,1,0,0,0,0,1,0,0,0,0,0,0,0,0,0,1,2,1,0,0,0,0,0,1,0,0,1,0,0,0,0,0,1,2,0,0,2,0,0,0,1,0,0,0,1,0,1,0,0,0,0,0,0,0,1,0,0,0,0,0,0,0,0,1,0,1,0,0,0,1,0,1,1,1,0,1,2,0,0,2,0,0,1,0,0,0,0,0,5,0,0,1,1,0,1,0,0,0,0,1,0,1,1,0,1,2,2,1,2,0,1,0,1,0,0,1,1,0,0,2,0,0,0,0,3,0,0,1,0,0,0,0,0,5,1,0,1,1,3,0,1,0,0,0,0,0,1,0,0,0,0,0,0,0,1,0,0,3,0,0,3,0,0,0,1,0,0,3,1,0,0,0,0,0,1,0,2,0,1,0,0,2,0,1,0,2,0,1,1,0,0,0,0,0,0,1,0,0,0,0,0,0,4,1,0,0,0,5,0,0,1,0,0,2,1,0,0,0,1,0,0,0,1,0,0,1,0,0,0,0,2,0,0,1,0,0,3,0,0,0,1,0,0,0,1,0,1,1,1,0,0,0,0,0,0,0,2,1,0,0,1,0,0,0,1,0,2,0,1,0,0,0,3,0,1,1,0,0,2,0,0,0,0,0,0,0,0,0,0,0,1,4,0,1,0,1,0,0,3,1,0,1,0,0,1,0,1,0,0,0,1,1,3,0,0,0,0,0,1,0,0,0,3,0,0,1,0,0,0,0,1,1,1,1,1,1,0,0,1,0,0,0,0,0,0,1,0,1,1,1,1,1,1,1,0,0,1,0,0,2,2,0,0,0,1,0,0,0,0,1,1,1,1,1,1,1,0,1,0,0,1,1,0,1,0,0,2,1,2,0,1,2,1,0,0,0,0,0,1,1,0,0,0,0,1,0,1,0,1,0,0,0,1,0,2,0,0,1,2,0,0,0,0,1,0,1,2,0,3,0,1,0,0,0,1,0,0,0,0,1,0,0,0,2,0,0,2,1,1,0,0,0,0,0,1,0,0,0,1,3,0,0,0,2,0,0,0,0,0,2,0,0,1,0,1,0,0,0,1,0,0,3,3,0,0,0,1,0,0,0,0,1,0,1,0,0,1,0,0,2,2,0,0,1,3,1,0,1,3,0,0,0,1,0,3,0,0,0,0,0,0,0,0,5,1,1,0,0,0,1,0,1,0,0,2,0,1,0,0,0,0,4,0,0,1,0,0,0,0,1,1,0,1,1,0,2,0,1,1,1,1,1,0,0,0,0,0,0,0,1,0,0,0,0,1,0,0,0,0,0,0,0,2,2,1,1,0,0,1,0,0,1,0,0,0,1,0,0,0,2,1,0,3,0,0,0,3,0,2,2,2,0,0,3,1,1,0,0,0,0,0,0,2,0,0,1,0,0,1,0,1,0,0,0,1,0,0,0,0,0,0,0,0,6,0,2,1,4,1,1,0,0,1,0,0,0,2,0,3,1,2,1,3,1,0,1,1
RNASE6,0,0,0,0,0,0,1,0,0,0,0,0,0,0,0,0,0,0,3,0,0,0,1,0,0,0,0,0,0,0,0,0,0,2,0,0,0,0,0,0,0,0,1,0,0,0,0,1,0,0,0,0,1,0,0,0,0,0,0,0,1,0,0,0,0,0,0,0,0,0,0,0,0,0,2,0,0,2,0,1,0,0,0,0,0,0,0,0,0,0,7,0,0,0,0,1,0,1,3,3,0,0,1,0,0,0,0,1,0,0,0,0,0,1,0,0,0,0,2,0,0,0,2,0,0,0,0,0,4,0,0,0,0,0,0,0,1,0,2,0,0,0,0,0,5,0,1,0,0,0,1,0,0,1,0,0,0,0,0,0,0,0,0,1,0,0,0,0,4,3,0,0,0,0,3,0,0,0,1,0,0,0,0,1,0,1,0,0,7,0,2,2,0,0,0,0,0,0,0,0,0,0,0,0,0,0,0,0,0,0,0,0,0,0,0,0,0,0,4,1,0,0,3,0,0,0,0,0,0,0,0,0,0,0,0,0,0,0,0,0,0,0,1,0,0,0,0,0,3,1,0,2,0,0,1,0,0,0,2,1,0,0,0,5,0,0,0,1,0,0,1,2,1,0,0,0,1,1,1,0,1,0,0,0,0,0,1,0,0,0,0,0,0,0,0,0,0,0,1,0,0,0,0,0,1,0,0,1,0,0,0,0,0,0,0,0,0,0,0,0,0,0,1,0,0,0,1,1,0,0,0,1,0,0,0,0,0,1,0,0,3,0,0,0,0,1,0,2,0,2,0,0,0,0,0,0,0,0,0,0,0,0,1,0,0,0,2,0,0,0,0,1,0,0,0,3,0,0,0,5,1,0,0,0,0,0,0,0,0,0,0,0,0,0,0,1,0,0,0,1,2,0,0,0,0,0,0,0,0,0,0,0,1,0,0,0,0,1,0,0,1,0,0,0,0,0,0,0,0,0,0,0,0,0,0,0,0,0,0,1,0,0,0,0,0,4,0,0,0,0,0,0,0,0,5,0,0,1,1,0,2,0,0,0,2,0,0,0,0,1,2,0,0,0,0,0,1,0,0,0,1,0,0,0,0,0,0,0,0,1,0,0,0,0,0,1,0,0,2,0,0,0,0,0,0,0,0,2,0,0,0,0,1,0,0,0,0,0,0,2,0,0,0,0,1,1,0,1,2,0,2,1,0,0,0,2,0,0,0,0,1,0,0,0,0,0,2,0,1,0,0,1,0,0,0,0,0,0,0,0,0,0,0,0,0,0,0,0,0,0,0,0,0,0,0,0,0,0,1,0,1,0,0,2,0,0,1,0,0,1,0,0,0,0,0,0,0,0,0,0,0,1,0,0,0,0,2,0,0,0,0,0,0,0,0,0,0,0,1,2,0,0,0,0,0,0,0,0,0,0,0,0,0,0,1,0,0,0,0,0,0,1,0,0,0,0,4,0,0,0,0,0,0,1,1,2,0,0,1,1,1,0,0,0,1,0,0,0,0,0,1,0,1,0,1,0,0,1,0,0,0,2,0,0,0,0,0,0,0,0,0,0,0,0,0,0,0,0,0,0,0,0,6,0,0,0,0,0,0,0,0,0,0,0,0,0,0,0,0,0,0,0,0,0,1,0,0,0,0,0,0,0,2,0,4,0,0,0,0,0,0,0,0,1,0,0,2,0,0,0,0,0,0,0,0,0,0,0,0,0,0,0,0,0,5,0,0,0,0,0,0,0,0,0,0,0,3,0,0,0,0,0,0,0,1,0,0,0,0,0,0,0,0,0,3,0,0,0,1,0,0,0,0,0,0,0,0,0,0,0,0,0,0,3,0,0,1,0,0,0,0,0,1,0,0,0,0,0,0,0,0,0,1,2,0,0,0,0,0,1,2,1,0,0,0,0,0,0,0,0,0,0,0,0,0,0,0,0,0,1,0,0,0,0,0,0,0,0,0,0,0,1,1,0,0,0,0,0,0,0,0,0,1,0,1,0,0,0,0,0,0,0,0,1,0,1,0,0,0,0,1,0,0,0,0,0,0,0,0,1,2,0,0,0,1,0,0,0,0,1,0,0,3,0,4,0,0,0,2,0,0,0,0,0,0,0,0,0,0,0,1,0,1,0,0,0,0,1,0,0,1,0,1,0,0,0,0,0,0,1,0,0,0,0,0,1,0,0,0,1,0,4,2,0,0,1,0,0,0,0,0,0,0,4,0,0,0,0,0,0,0,0,0,0,0,0,1,0,0,0,0,2,0,0,0,0,0,0,0,0,0,0,2,0,0,0,0,0,0,0,1,0,0,0,0,0,0,0,0,0,0,0,0,0,0,0,0,1,0,0,1,0,0,0,0,0,0,0,0,0,0,0,0,0,0,0,1,0,0,0,0,0,0,0,0,1,0,0,0,1,1,0,0,0,0,7,0,0,2,0,4,0,0,0,0,0,0,0,1,0,0,0,0,2,0,0,0,0,1,0,0,0,0,0,1,0,0,0,0,0,0,0,2,0,0,0,0,0,0,0,0,0,3,0,0,0,0,0,1,0,0,0,0,0,0,0,0,0,0,0,0,0,0,0,0,0,0,0,3,0,2,0,2,3,0,0,0,0,0,0,0,0,0,0,0,0,0,0,0,0,0,0,0,0,4,0,0,0,0,5,0,0,3,0,0,0,0,0,0,1,0,0,0,0,0,0,2,0,0,0,0,0,0,0,0,0,0,3,0,0,0,0,0,0,0,1,0,0,0,0,0,1,0,0,0,0,1,0,0,0,1,0,0,0,0,4,1,0,0,0,0,0,0,0,0,0,0,0,0,0,0,0,0,1,0,0,0,0,0,0,0,0,0,0,0,0,0,0,0,0,0,0,0,0,0,0,1,0,0,1,0,0,2,0,0,1,0,0,2,1,0,0,0,0,0,1,0,0,2,0,0,2,0,0,1,0,0,0,0,0,1,0,0,0,0,0,0,0,0,3,0,1,0,0,0,0,0,1,0,1,0,0,0,0,0,0,0,0,0,0,0,0,0,0,0,0,0,0,1,0,0,0,0,0,0,0,1,0,1,0,0,0,1,0,0,2,0,0,0,0,1,0,0,0,2,0,1,0,0,0,1,0,0,0,0,2,0,0,0,7,0,0,0,0,0,2,0,1,0,5,0,1,0,0,0,0,0,0,0,2,0,0,0,1,0,0,0,0,0,0,0,0,0,7,0,0,0,0,0,0,0,0,0,0,0,0,0,0,0,1,0,0,0,0,0,0,0,0,0,0,0,0,0,0,0,2,0,0,0,0,0,0,0,0,0,0,0,0,0,0,0,0,0,0,2,0,0,0,0,1,0,0,0,0,0,0,0,0,1,0,0,0,0,3,0,0,0,0,2,0,0,0,0,0,0,0,1,0,0,1,0,0,0,0,0,0,0,0,0,0,0,1,1,0,1,0,0,3,0,0,0,0,0,0,0,0
APLP2,0,0,0,2,0,1,0,0,0,0,3,2,0,0,0,3,0,0,3,0,0,1,2,1,0,0,0,0,0,0,0,0,0,0,2,0,0,0,0,0,0,0,2,0,0,1,0,2,0,0,0,2,2,0,0,1,0,0,0,0,1,0,0,0,0,0,0,0,0,0,0,1,0,1,0,0,0,0,0,3,0,0,0,0,0,0,0,0,0,0,0,1,0,1,1,4,0,0,1,0,1,0,1,0,0,2,0,0,1,0,0,1,0,0,0,0,1,0,0,0,0,0,0,0,0,0,1,0,2,0,0,0,0,2,0,0,0,0,1,0,0,0,0,0,1,0,1,1,0,1,3,0,0,0,0,0,0,0,0,2,0,0,0,0,0,0,0,0,1,2,0,1,0,0,1,0,0,0,1,0,0,0,0,0,2,0,0,0,2,3,0,0,0,0,0,0,0,0,0,0,1,0,0,0,0,0,0,1,0,0,0,0,0,0,0,0,0,0,0,1,0,1,0,0,0,0,2,4,0,0,0,0,2,1,1,0,0,1,2,0,0,0,0,0,0,0,0,1,6,0,0,0,0,1,0,0,0,0,1,2,0,0,0,0,0,0,0,0,0,0,0,4,0,0,0,0,0,3,3,0,1,1,0,0,0,0,0,0,0,0,0,0,0,1,0,0,0,0,2,0,0,0,0,0,0,0,0,1,1,0,0,0,0,0,1,1,0,1,0,0,0,0,2,0,0,0,1,1,0,0,0,3,0,0,0,0,1,0,0,2,6,0,0,0,0,0,0,0,0,2,4,0,1,1,0,1,1,0,0,0,0,0,0,0,1,0,2,0,0,0,0,1,0,0,0,2,0,0,0,3,1,0,1,0,0,1,0,0,0,1,0,1,0,3,0,1,0,0,0,3,1,0,0,0,0,0,0,0,0,0,0,0,0,0,2,4,0,0,0,0,1,0,0,0,3,0,0,0,0,0,0,0,0,0,0,3,1,0,0,5,0,0,0,0,0,0,0,0,0,0,0,0,0,0,3,0,1,0,3,0,0,0,0,0,4,2,0,0,1,1,0,2,0,0,0,2,2,0,1,0,0,0,1,0,1,0,1,0,0,1,1,0,0,0,0,0,0,1,0,0,1,2,0,0,0,0,0,1,0,0,3,0,1,0,0,0,1,0,0,0,0,0,0,1,1,2,0,0,2,0,3,0,0,0,1,2,0,0,0,0,4,0,0,0,0,0,2,0,0,0,0,2,0,0,1,2,0,3,1,0,0,0,0,0,0,1,0,0,1,0,0,0,0,0,0,2,0,0,0,0,3,0,0,1,1,0,1,0,1,0,0,1,0,0,0,0,0,0,1,0,0,1,0,0,1,0,1,0,0,0,2,0,1,0,0,0,1,0,2,1,0,0,0,0,0,0,0,0,0,0,0,0,0,0,1,0,0,0,0,0,0,0,1,0,0,1,0,0,0,1,1,0,0,2,0,1,3,0,0,2,5,0,1,0,0,0,3,0,0,0,0,0,3,0,0,1,1,2,0,0,0,1,0,0,2,0,2,0,1,0,0,0,0,0,0,0,0,0,0,1,0,0,0,0,1,2,0,0,0,0,0,0,1,1,0,0,0,0,0,0,0,0,0,0,1,0,0,0,0,0,0,0,0,0,0,0,1,0,0,0,0,0,0,1,0,0,1,1,0,0,0,0,0,0,1,0,0,0,0,0,0,0,0,0,1,0,0,0,0,0,0,0,0,1,1,0,1,0,0,0,0,0,0,0,2,1,0,0,0,0,0,0,0,1,4,0,0,0,3,0,0,0,0,0,0,0,0,2,1,0,0,2,0,1,0,1,1,0,0,0,0,0,1,0,1,0,0,1,0,0,0,1,3,1,0,1,0,0,1,0,1,1,1,0,0,0,0,0,0,0,0,0,0,0,0,1,2,5,0,0,0,0,0,1,0,0,0,0,0,0,0,0,1,0,1,0,2,0,0,0,0,0,1,0,2,0,2,0,0,0,0,0,0,1,0,1,0,1,0,0,1,0,0,0,0,0,0,1,0,3,3,0,0,0,1,2,1,0,0,0,0,0,1,0,0,3,0,0,1,1,1,0,0,0,1,0,0,4,0,0,1,0,0,0,2,0,1,0,0,0,1,0,1,1,0,0,0,0,0,0,0,0,0,0,3,1,0,0,0,0,0,2,1,0,0,0,0,0,1,1,0,0,1,5,0,0,0,0,0,0,0,0,0,0,0,0,0,0,0,0,0,1,0,0,0,0,0,0,0,0,0,0,1,0,0,0,0,0,0,0,0,0,0,0,0,0,0,1,0,0,0,0,1,0,0,1,0,3,0,0,0,0,1,0,0,0,0,0,0,0,0,1,0,0,0,0,2,0,0,1,0,0,0,1,1,0,1,1,0,0,0,1,0,3,0,1,0,2,1,2,0,0,0,0,0,0,2,0,0,2,0,0,0,1,0,2,0,0,1,0,0,0,3,1,0,0,1,1,0,0,1,0,0,0,1,0,0,0,0,0,0,0,0,0,0,0,0,0,3,0,0,0,0,0,0,0,2,0,0,0,0,0,1,0,0,1,0,0,2,0,1,0,0,2,0,0,0,0,1,0,1,1,0,0,0,0,0,1,0,0,1,0,0,0,0,0,5,0,1,2,0,0,0,0,0,0,0,0,1,4,0,1,0,0,0,1,3,0,0,0,0,0,0,0,0,0,1,1,0,0,0,0,0,0,0,0,2,0,0,0,0,0,1,0,0,1,0,2,0,0,0,2,0,1,0,0,3,0,0,0,0,0,0,0,0,0,0,0,1,0,3,0,0,1,0,0,0,0,0,0,0,0,4,1,0,1,0,0,1,0,0,0,0,0,0,0,3,0,0,3,2,0,0,0,0,0,1,0,0,3,1,0,0,0,3,0,0,1,1,0,5,1,0,1,0,0,1,0,0,0,1,1,0,0,0,0,0,1,0,0,0,1,0,1,0,0,0,0,0,5,0,0,0,0,0,0,0,0,1,0,0,0,0,0,0,0,0,1,2,0,1,0,0,0,0,0,0,1,1,0,0,1,0,1,0,4,0,1,0,0,0,0,0,0,1,0,1,0,0,3,0,0,0,0,1,0,0,0,0,0,1,0,0,0,0,1,0,2,1,1,0,1,0,0,0,1,0,0,0,0,0,0,0,0,4,0,0,0,0,1,0,0,0,2,0,0,0,0,0,0,0,0,0,0,0,0,1,0,0,1,0,0,0,1,0,0,0,0,0,0,0,0,0,0,0,1,0,0,0,0,0,0,0,0,1,0,1,1,0,0,1,0,1,1,0,0,0,0,0,0,1,0,0,0,0,0,0,2,0,0,1,0,0,1,0,0,0,0,4,0,0,5,0,1,0,0,0,0,0,0,0,0,1,0,0,0,0,0,0,0,2,1,0,0,1,0,1,0,0,0,0,2,0,0,0,0
NA..14,0,0,0,0,0,0,0,0,1,0,0,0,0,0,0,0,0,0,0,0,0,0,0,0,0,0,0,0,0,3,0,0,3,0,0,0,0,0,0,0,0,0,0,0,1,0,19,0,0,0,0,0,0,0,0,0,0,0,0,0,0,0,0,0,0,0,0,0,0,0,0,0,0,0,0,0,0,0,0,0,0,1,0,0,0,0,0,0,0,0,0,0,0,0,0,0,0,0,0,0,0,0,0,0,0,0,0,0,0,0,0,0,0,0,0,0,0,0,0,3,0,0,0,2,0,0,0,0,0,0,0,0,0,0,0,0,0,0,0,0,0,0,0,10,0,0,0,0,0,0,0,0,0,0,0,0,0,0,0,0,0,0,0,0,0,0,0,0,0,0,0,0,0,0,0,0,0,0,0,0,0,0,0,0,0,6,0,0,0,0,0,0,0,0,0,0,0,0,0,3,0,0,0,0,0,0,0,3,0,0,0,0,0,0,1,0,0,0,0,0,0,0,0,1,0,0,0,0,0,0,0,0,0,0,0,0,0,0,0,0,0,0,0,0,0,0,0,0,0,0,0,0,0,0,1,0,0,0,0,0,0,0,0,0,0,0,0,0,0,0,0,0,0,0,0,0,0,0,0,0,0,0,0,0,0,0,0,0,0,0,0,0,0,0,0,0,0,0,0,0,0,0,0,0,0,0,0,0,0,0,0,0,0,0,0,0,0,0,0,0,0,0,0,0,0,0,0,0,0,0,0,0,0,0,0,0,0,0,0,0,0,0,0,0,0,0,0,0,0,0,0,0,0,0,0,0,0,0,0,0,0,0,0,0,0,0,0,0,0,0,0,0,0,0,0,0,0,1,0,0,0,0,0,1,0,0,0,1,0,0,0,0,0,0,0,0,4,0,0,0,0,0,0,0,0,0,0,3,0,2,0,0,0,0,0,0,0,1,0,0,0,0,0,0,0,0,0,0,0,0,0,0,0,0,0,0,1,0,0,0,0,0,0,0,0,0,0,0,0,0,0,0,0,0,0,0,0,0,0,4,0,0,0,0,0,0,0,0,0,0,0,0,0,0,0,0,0,0,0,0,0,0,0,0,0,0,0,0,0,0,0,0,0,0,1,0,0,0,0,0,0,0,0,0,0,0,0,0,0,0,0,0,0,0,0,0,0,0,0,0,0,0,0,0,0,0,0,0,0,0,0,0,0,0,0,0,0,0,0,0,0,0,0,0,0,0,0,0,0,0,0,2,0,0,0,1,0,0,0,0,0,0,0,0,0,0,0,0,0,0,0,0,0,0,0,0,0,0,0,0,0,0,0,0,0,0,0,0,0,0,0,0,0,0,0,2,1,0,0,0,0,0,0,0,0,0,0,0,0,0,0,0,0,0,0,0,0,0,0,0,0,0,0,0,0,0,0,0,0,0,0,0,0,0,0,0,0,0,0,0,0,0,0,0,0,0,0,0,0,0,0,0,0,0,0,0,0,0,0,0,0,0,0,0,1,0,0,0,0,5,0,0,0,0,0,0,0,0,0,0,0,0,0,0,0,0,0,0,0,0,0,0,0,0,0,0,0,0,0,0,0,0,0,0,0,0,1,0,0,0,0,0,0,1,0,0,0,0,0,0,0,0,0,0,0,0,0,0,0,0,0,0,0,0,0,0,0,4,0,0,0,0,0,0,0,0,0,0,0,0,0,0,0,0,0,0,0,0,0,0,0,0,0,0,0,0,0,0,0,0,0,0,0,0,0,0,0,0,0,0,0,0,0,0,0,0,0,0,1,0,0,0,0,0,0,0,0,0,0,0,0,0,0,0,0,0,0,0,0,0,0,0,0,0,0,0,0,0,0,0,0,0,0,4,0,0,0,0,0,0,0,0,0,0,0,0,0,0,0,4,0,0,0,0,0,4,0,0,0,0,0,0,0,0,0,0,1,0,0,0,0,0,0,0,0,0,0,0,0,0,1,0,0,0,0,0,1,0,0,0,0,0,0,0,0,0,0,0,0,0,0,0,0,0,0,0,1,0,0,0,0,0,0,0,0,0,0,0,0,0,0,0,0,0,0,0,0,0,0,3,0,0,0,0,0,0,0,0,0,0,0,10,0,0,0,0,0,0,0,0,1,0,0,0,0,0,0,0,0,0,0,0,0,0,0,0,1,0,0,0,0,0,0,0,0,0,0,0,0,0,1,0,0,0,0,1,0,0,0,0,0,0,0,0,0,0,0,0,0,0,1,0,0,0,0,0,0,0,0,0,0,0,0,0,0,0,0,0,0,0,0,0,0,0,0,0,0,0,0,0,0,0,0,0,0,0,0,0,0,0,0,0,0,0,0,0,0,0,0,0,0,0,0,0,0,0,0,0,0,0,0,0,0,0,0,7,0,0,0,0,0,0,0,0,0,0,0,0,0,0,0,0,0,0,0,0,0,0,0,0,0,0,0,0,0,0,0,0,0,0,0,0,0,0,0,0,0,0,0,0,0,0,0,0,0,0,0,0,0,0,0,0,0,0,0,0,0,0,0,0,0,0,0,0,0,0,0,0,0,2,0,0,0,0,0,0,0,0,0,0,0,0,0,0,0,0,0,0,0,0,0,0,0,0,0,0,0,0,0,0,0,0,0,0,0,0,2,0,0,0,0,0,0,0,0,0,0,1,0,0,0,0,0,0,0,0,0,0,0,0,0,0,0,0,0,0,0,0,0,0,0,0,0,0,0,0,0,0,0,0,0,0,0,0,0,0,0,0,0,0,1,1,0,0,0,0,0,0,0,0,0,1,0,0,0,0,0,0,0,0,0,0,0,0,0,0,0,0,0,0,0,0,0,0,3,0,0,0,0,0,0,0,0,0,0,0,0,0,0,0,0,0,0,0,0,0,0,0,0,0,1,0,0,0,0,0,0,0,0,0,0,0,0,0,0,5,0,0,0,0,0,0,0,0,0,0,0,0,0,0,0,0,0,0,0,0,0,0,0,0,0,0,0,0,1,0,0,0,0,0,0,0,0,0,0,0,0,0,0,1,0,0,0,0,0,3,0,0,0,0,0,0,0,0,0,0,0,0,0,0,0,0,0,0,0,0,0,0,0,0,0,0,0,0,0,0,0,0,0,0,0,0,0,0,0,0,19,0,0,0,0,0,0,0,0,0,0,0,0,0,0,0,0,0,0,0,0,0,0,0,0,0,0,0,0,0,0,0,0,0,0,0,0,0,0,0,0,0,0,0,0,0,0,0,0,0,0,0,0,0,0,0,0,0,0,0,0,0,0,0,0,0,0,0,0,0,0,0,0,0,0,0,0,0,0,0,0,0,0,0,0,0,0,0,0,0,0,0,0,0,0,0,0,0,0,0,0,0,0,0,0,0,0,0,0,0,0,3,0,0,0,0,0,0,0,0,0,0,0,0,0,0,0,0,0,0,0,0,0,0,0,0,0,0,0,0,0,0,0,0,0,0,0,0,0,0
SYNE2,1,1,1,0,1,0,0,1,0,0,0,0,0,0,0,1,2,1,0,0,0,0,0,0,0,3,0,1,0,0,0,0,0,0,0,0,0,0,0,2,0,0,0,0,0,0,0,0,0,1,0,0,0,0,0,0,1,1,0,1,0,1,0,0,0,0,0,0,0,0,0,0,0,0,0,2,1,0,0,0,2,1,0,0,0,0,0,0,0,0,0,1,0,0,0,0,0,0,0,0,0,0,0,0,0,0,0,1,0,0,1,0,0,0,0,2,1,0,0,1,0,0,0,0,1,0,2,0,0,0,0,0,0,1,0,0,0,0,0,4,0,0,0,0,0,1,0,0,1,0,0,3,0,0,1,1,0,0,1,0,0,1,0,0,1,1,0,0,0,0,0,0,2,0,0,0,0,1,0,0,1,0,0,0,0,0,0,0,0,0,0,0,0,1,0,0,2,0,0,0,0,0,0,0,1,2,0,0,0,0,1,0,1,0,0,1,0,0,0,0,0,0,0,0,1,1,0,0,0,0,1,0,0,0,0,0,1,1,3,0,0,0,2,0,1,0,0,0,0,0,0,0,1,1,0,0,0,0,0,0,0,0,2,0,1,2,0,0,0,1,1,0,0,0,2,0,0,1,0,0,0,0,0,2,1,0,0,0,0,0,0,1,0,0,1,0,0,0,0,1,0,1,2,0,0,0,0,0,0,0,0,0,0,0,0,0,0,0,0,0,0,0,0,1,2,1,0,0,0,0,0,0,0,0,0,0,1,0,1,0,0,1,0,2,0,0,0,0,2,0,0,0,1,0,0,0,0,0,0,0,4,0,0,0,0,0,0,0,0,0,1,0,0,0,1,0,0,0,0,0,0,0,0,0,1,0,0,1,0,1,0,0,0,0,0,0,1,0,2,0,0,0,0,2,0,0,1,0,0,0,0,0,0,0,0,0,0,0,0,0,0,0,1,1,0,0,0,0,1,1,0,0,3,1,0,0,0,0,0,0,0,1,0,1,2,0,0,0,0,0,4,1,0,1,0,0,2,1,0,0,0,0,2,0,2,0,0,0,0,0,0,0,1,0,0,0,0,0,0,1,0,0,1,0,0,0,1,1,1,0,0,1,0,0,0,0,1,0,0,1,0,0,0,0,0,0,0,0,1,0,0,0,0,0,0,0,0,1,0,0,0,0,0,0,0,0,2,0,0,1,0,0,1,0,0,0,0,0,0,2,0,0,0,1,0,0,0,0,0,0,2,0,1,0,0,0,0,0,0,0,1,2,0,0,0,1,0,0,1,0,0,0,0,0,0,0,0,0,0,0,0,1,0,0,1,0,0,0,0,0,1,0,0,0,0,0,0,0,0,0,0,0,0,0,1,1,0,0,1,0,0,0,0,1,0,0,0,1,0,0,1,1,2,0,1,0,0,0,0,0,0,0,0,0,0,0,0,0,0,0,0,0,3,0,0,0,0,0,1,0,1,1,0,0,0,0,1,0,0,0,0,0,0,3,0,0,0,0,0,0,0,0,0,0,4,0,0,0,0,1,2,0,0,0,0,0,1,0,0,0,0,0,0,0,0,0,3,0,0,0,1,0,0,0,0,0,0,0,1,0,0,0,0,0,0,0,0,3,0,0,0,0,0,1,0,0,0,0,0,0,0,2,0,0,0,0,0,0,1,1,0,0,2,0,0,1,0,1,1,1,1,0,2,0,0,1,0,0,0,0,0,0,0,1,0,0,2,2,0,0,0,0,0,0,0,0,0,0,0,0,0,0,0,1,0,0,0,0,0,0,1,1,0,0,0,1,1,0,0,0,0,0,0,0,1,1,0,0,0,0,1,0,0,0,0,0,0,0,1,1,0,0,0,0,0,0,0,1,0,0,0,1,0,0,0,0,1,0,0,0,0,0,0,0,1,0,0,1,1,0,0,0,0,0,1,0,0,0,0,0,0,0,0,0,0,0,2,0,1,1,0,0,0,0,0,4,0,0,0,0,0,0,0,0,0,0,1,0,1,0,0,0,0,0,0,0,0,1,0,0,0,0,0,0,0,0,0,0,0,0,0,3,0,0,0,0,0,0,0,0,0,0,0,0,1,0,0,1,0,0,0,0,2,0,0,0,0,0,0,0,0,0,0,2,0,0,3,0,0,1,0,0,0,0,0,0,0,0,0,0,0,0,0,1,0,0,0,0,0,0,0,0,0,0,0,0,0,0,0,1,1,0,0,0,0,0,1,0,1,0,0,0,0,0,0,0,0,0,0,0,0,0,2,0,0,0,2,0,0,0,0,1,0,0,0,0,0,1,0,1,0,0,0,0,1,0,1,0,0,0,0,0,0,0,0,0,1,0,0,1,0,1,3,0,0,0,0,1,1,1,1,0,0,0,0,0,0,0,1,0,0,0,0,0,0,0,0,0,0,0,0,1,0,0,0,0,0,0,0,0,0,0,0,0,0,0,0,1,0,0,0,0,0,0,0,0,0,0,0,0,0,0,0,0,0,1,2,0,1,2,7,1,0,1,0,0,0,1,2,2,0,1,0,0,0,0,1,0,0,0,0,0,0,0,0,1,0,0,0,0,0,0,0,0,0,2,0,0,0,1,0,0,0,0,0,0,1,0,0,1,1,1,0,0,2,0,1,1,0,2,0,0,0,0,0,0,0,0,0,0,0,0,0,2,0,0,1,0,0,0,0,0,0,0,0,1,0,0,0,0,1,0,1,0,0,0,0,0,0,0,0,0,1,0,0,0,0,0,0,0,0,0,0,0,0,0,0,0,0,1,0,0,0,0,0,0,0,0,1,1,0,0,0,1,0,1,0,0,0,0,0,0,0,0,1,1,0,1,1,0,1,0,0,0,1,0,1,0,0,1,0,0,1,1,0,1,0,0,0,0,0,0,0,2,0,0,1,0,0,0,0,0,1,0,0,0,2,1,0,0,0,0,0,0,0,0,0,1,0,0,0,1,1,0,0,0,0,0,0,0,0,0,0,0,0,0,1,0,0,0,0,0,0,0,1,0,0,2,1,0,0,0,0,0,0,0,0,0,0,1,0,1,1,0,0,0,0,0,0,1,0,0,0,0,0,0,0,1,0,0,0,0,0,0,0,0,0,1,1,0,1,0,0,0,0,0,0,0,1,0,0,0,0,0,0,0,1,0,0,0,0,0,0,0,2,0,3,0,0,0,0,0,0,0,0,3,0,0,1,1,0,2,0,0,1,0,0,0,0,0,0,1,1,0,0,0,1,0,0,0,1,1,0,0,0,0,0,0,0,0,0,0,0,1,1,0,0,0,0,2,0,0,0,1,0,0,0,0,0,0,0,0,0,0,0,1,0,2,0,0,0,0,1,0,0,0,0,0,0,1,1,0,0,0,0,0,0,1,1,0,0,0,1,0,0,0,0,0,1,0,0,0,1,0,0,1,0,0,2,0,3,0,0,0,0,0,0,0,3,0,0,0,0,0,0,2
NA..15,1,0,0,0,0,0,0,0,0,0,0,0,0,0,0,0,0,0,0,0,0,0,0,0,1,0,0,0,0,0,0,2,0,1,0,0,3,3,0,0,0,0,0,0,0,0,0,0,0,0,3,0,0,0,5,0,0,0,0,0,0,0,4,1,0,0,0,0,0,0,0,0,0,0,0,0,0,0,0,0,0,0,0,0,0,0,0,0,0,0,0,0,0,0,0,0,0,0,0,0,0,0,0,1,0,0,0,0,0,0,0,4,0,0,0,0,0,0,0,0,0,0,0,0,0,0,0,0,0,0,0,2,0,0,0,0,0,0,0,0,0,0,0,0,0,0,0,0,0,0,0,0,0,1,0,0,0,0,0,0,0,0,0,0,0,0,0,0,0,0,0,0,0,0,0,0,0,0,0,0,0,0,0,0,0,0,0,1,0,0,0,0,0,7,3,0,0,0,0,0,0,0,0,0,0,0,0,0,0,0,3,0,0,0,0,0,0,0,0,0,0,0,0,0,0,0,0,0,0,0,0,0,0,0,0,0,0,0,0,0,0,0,0,0,0,0,0,0,0,0,0,0,0,0,0,0,0,0,0,0,0,0,0,0,0,0,0,0,1,0,0,0,0,0,0,0,0,0,0,0,0,0,0,0,2,2,0,0,1,5,0,0,0,0,0,0,1,0,0,0,3,0,0,0,0,0,0,0,0,0,0,0,0,0,0,0,0,0,0,0,0,0,0,0,2,0,0,0,0,0,0,0,2,0,0,2,0,0,0,0,0,0,0,1,0,0,0,0,0,1,0,0,0,0,0,0,0,1,0,0,0,0,0,0,0,0,0,0,0,0,0,0,0,0,0,0,0,0,0,0,0,0,0,0,0,0,0,0,0,0,0,0,0,0,0,0,0,0,0,0,0,1,0,0,0,0,0,0,0,0,0,0,0,2,0,0,0,0,0,0,0,0,8,0,0,0,0,0,0,1,0,2,0,0,0,0,0,0,2,0,0,3,0,0,0,0,0,0,0,0,1,0,0,0,0,0,0,0,0,0,0,2,0,0,0,0,0,1,0,0,0,0,0,0,2,0,0,0,0,0,0,0,0,0,0,0,1,0,0,0,0,0,0,0,0,0,0,4,0,0,0,0,0,0,0,0,0,0,0,3,0,0,0,1,0,0,0,0,2,0,2,0,0,0,0,0,0,0,1,0,0,2,3,0,0,1,0,0,0,0,0,0,0,0,0,0,0,0,0,0,0,0,0,0,0,0,0,0,0,0,0,0,0,0,0,0,0,0,0,0,0,0,0,0,0,0,0,0,0,0,0,1,0,0,0,0,0,0,0,0,0,0,0,0,1,0,1,0,0,0,1,0,0,0,0,0,0,0,0,0,0,0,0,0,0,2,0,0,0,0,0,0,0,0,0,0,0,0,0,0,0,0,0,0,0,0,0,0,1,0,0,0,0,0,0,0,0,3,0,0,1,0,0,0,0,0,0,0,0,0,0,0,0,0,0,0,0,0,0,0,1,0,0,0,0,0,0,0,0,0,0,0,0,3,0,0,0,0,0,0,0,0,0,0,0,3,0,0,0,0,0,0,0,0,0,0,0,0,0,0,2,0,0,0,0,4,0,0,0,0,0,0,0,0,0,0,0,0,0,1,0,0,0,0,0,0,0,0,0,0,0,0,0,0,0,0,0,0,0,0,0,3,0,5,0,0,0,0,0,0,0,0,0,0,0,0,0,0,3,0,1,0,4,0,0,0,0,0,0,0,0,0,0,0,0,0,0,0,1,0,0,0,0,1,0,0,0,3,0,0,0,0,0,0,0,0,0,0,0,0,0,0,0,0,0,0,0,0,0,0,0,0,0,0,0,0,4,0,0,0,0,0,0,0,0,0,0,0,0,0,0,0,0,0,0,0,0,2,0,0,1,0,0,0,0,0,0,0,0,0,1,0,0,0,0,0,3,0,0,0,0,0,0,0,0,0,0,2,0,0,0,0,0,0,0,0,0,0,0,0,0,0,0,0,0,0,0,0,0,0,0,0,0,1,0,0,0,0,0,0,0,0,0,0,0,0,0,0,0,0,1,0,0,0,0,0,0,2,0,0,0,0,0,0,0,0,0,0,0,0,0,0,0,0,0,0,0,0,0,0,0,0,0,0,0,0,0,0,0,0,0,0,0,0,0,0,0,0,0,0,1,0,0,0,3,0,0,0,0,0,0,0,0,0,0,0,0,0,0,0,0,0,0,0,0,0,0,0,0,0,0,0,0,0,0,0,0,0,0,0,0,0,0,2,0,0,0,0,0,2,0,0,0,0,0,0,0,0,0,0,0,0,0,0,0,0,0,0,0,0,0,0,0,0,0,0,0,0,0,0,0,0,0,0,0,0,0,0,0,0,0,1,0,0,0,0,0,0,0,0,0,0,0,0,0,0,0,0,0,0,0,0,0,0,0,0,0,0,0,0,0,0,0,0,0,1,0,0,0,0,0,0,0,0,0,1,0,1,0,0,1,1,0,0,0,0,0,1,0,0,0,0,0,0,0,2,0,3,0,0,0,0,0,0,0,0,0,0,0,0,0,2,0,0,0,0,0,1,0,0,0,0,0,0,0,0,0,0,0,0,0,3,0,0,0,2,0,0,0,0,0,0,0,0,0,0,0,0,0,0,0,0,0,0,0,3,5,0,1,0,0,0,0,0,1,1,0,0,0,0,0,0,0,0,0,0,0,0,0,0,0,1,0,0,0,0,0,0,0,0,0,0,0,0,0,0,0,0,0,0,0,0,0,0,0,0,0,0,0,0,0,2,3,0,0,0,0,0,0,0,0,0,0,0,0,0,0,0,1,0,2,0,0,0,0,0,0,0,0,3,0,0,0,0,0,0,0,0,0,0,0,1,0,0,2,0,0,0,0,0,0,0,0,0,0,0,0,0,0,0,0,0,0,0,0,0,0,0,0,1,0,0,0,0,0,0,0,0,0,0,2,0,0,0,0,0,0,0,2,0,0,0,0,0,0,0,0,0,0,0,0,0,0,0,0,0,0,0,0,0,0,0,0,0,0,0,0,0,0,0,0,0,0,0,0,0,0,0,0,0,0,0,0,4,0,0,0,0,0,0,0,0,0,1,0,0,0,2,0,0,0,0,0,0,6,0,0,0,0,0,0,0,0,0,0,0,0,0,0,0,0,0,0,0,0,0,0,0,0,0,0,0,0,0,0,0,0,0,0,0,0,0,0,1,0,0,0,3,0,0,0,0,0,0,0,1,0,2,0,0,0,0,0,3,0,0,0,0,0,0,0,0,0,1,0,0,0,0,0,0,0,0,0,0,0,0,0,0,0,0,0,0,0,0,0,0,0,0,0,0,0,0,0,0,0,0,0,0,0,0,0,0,0,0,0,2,0,0,0,0,0,0,0,2,0,0,0,0,0,0,0,0,0,0,0,0,0,0,0,0,0,0,0,0,0,0
MYL6,0,4,4,6,2,7,8,3,4,1,5,2,2,2,3,17,4,4,3,1,3,3,6,3,3,10,2,3,4,3,2,1,3,11,6,3,4,11,10,0,4,7,10,6,0,2,3,8,2,3,2,0,4,4,5,2,3,3,2,0,10,3,3,4,0,7,2,11,8,2,1,7,1,1,4,3,5,6,3,8,3,4,3,6,2,2,0,1,7,1,14,2,3,5,3,5,1,1,3,13,3,2,4,5,3,5,1,9,4,1,0,4,1,2,4,4,2,8,8,2,0,3,14,0,5,5,1,2,7,3,1,0,2,1,4,2,4,2,4,0,2,2,3,4,17,3,3,7,7,3,15,1,4,0,0,3,4,2,0,1,1,3,11,2,5,5,6,2,7,23,3,3,7,4,6,0,1,0,3,3,0,3,3,3,2,0,1,4,5,7,16,3,1,4,2,5,1,0,11,3,2,3,6,2,4,5,3,7,2,2,0,4,2,7,4,2,1,4,11,8,0,1,3,5,7,4,0,6,7,4,7,1,13,11,7,5,6,1,2,0,2,1,1,2,3,2,3,13,9,1,1,5,4,0,3,6,1,6,3,1,2,3,3,7,4,2,1,5,2,4,9,9,4,4,2,3,2,7,15,3,3,2,6,8,6,3,1,1,3,2,4,6,1,1,3,3,1,4,6,6,4,1,6,0,8,1,7,1,10,2,6,1,1,7,0,2,2,10,0,3,4,3,5,2,4,4,5,2,3,2,1,8,2,1,7,1,3,4,2,4,11,9,4,3,1,5,4,0,6,6,3,2,23,2,1,2,5,4,4,4,2,0,3,2,7,2,46,0,2,4,4,2,5,1,1,23,2,3,2,6,2,0,4,2,3,2,6,3,1,6,2,17,3,12,0,2,5,6,4,11,5,1,7,4,5,4,10,4,3,5,3,8,4,1,0,23,0,3,0,1,2,4,19,5,5,4,1,2,4,3,0,4,3,3,6,2,6,3,1,11,2,3,14,3,10,20,9,0,0,1,4,2,0,2,6,6,1,4,7,2,6,2,3,3,11,4,1,5,3,1,5,1,4,2,7,9,3,1,2,0,4,4,4,6,4,4,2,3,2,6,3,6,2,5,2,4,2,5,2,7,2,4,2,2,3,1,4,22,2,2,3,1,3,0,1,5,4,2,3,0,2,2,8,4,4,1,6,0,6,3,6,6,4,2,2,6,10,20,0,3,7,2,1,3,1,3,7,1,26,4,7,20,2,1,4,4,5,11,1,7,0,5,1,7,2,4,4,3,7,0,6,14,3,3,4,4,3,3,0,3,0,2,0,4,1,1,6,0,6,3,1,2,6,9,1,5,5,1,5,2,3,7,4,7,6,21,3,1,2,1,2,1,4,5,5,3,1,7,0,2,8,11,2,2,8,3,4,3,0,6,2,1,4,5,2,5,3,3,2,3,1,4,4,5,1,2,13,2,4,1,2,1,0,3,1,10,1,1,1,13,6,2,2,5,4,3,5,1,4,2,1,1,2,4,11,1,1,6,2,4,2,22,3,1,4,3,1,1,2,2,1,1,2,2,2,1,2,1,2,2,3,3,14,6,2,5,1,1,1,33,5,4,3,2,4,2,1,5,1,3,2,1,4,6,2,2,4,3,0,7,2,4,1,2,10,1,3,1,4,0,2,3,3,4,1,5,2,3,6,1,2,4,4,4,2,1,5,3,1,3,1,6,4,4,1,4,7,0,11,3,1,7,0,3,7,5,6,4,3,6,7,3,2,4,6,14,4,1,5,3,4,5,0,1,8,3,3,2,3,0,4,2,1,3,2,2,6,1,3,4,5,2,1,1,2,2,8,2,1,3,2,2,12,2,6,4,0,0,0,4,5,3,1,7,2,1,1,4,6,4,4,7,10,1,2,3,6,6,9,6,4,2,3,3,4,2,4,12,4,1,1,1,2,1,4,7,1,4,3,1,5,1,6,2,2,0,9,4,2,3,3,2,9,8,3,5,6,3,3,2,2,1,5,5,3,4,4,2,10,2,3,5,4,0,3,3,0,3,14,3,3,4,1,1,4,2,3,4,2,1,2,14,3,0,9,4,3,5,1,4,3,4,4,4,2,6,0,24,2,7,2,0,14,6,6,3,5,1,3,4,0,2,9,0,3,2,5,2,1,1,3,1,3,3,3,5,3,2,6,5,4,21,1,6,1,0,0,1,3,4,2,4,2,19,5,5,1,1,2,0,3,4,0,4,1,7,1,1,3,4,1,6,5,1,4,9,4,0,3,0,6,1,5,6,0,3,1,0,2,1,3,2,1,3,1,4,1,5,1,1,20,33,1,2,1,4,5,8,3,6,1,8,5,3,1,2,3,5,1,1,6,1,6,3,2,2,5,0,2,3,4,3,17,18,7,7,3,2,3,6,4,6,3,7,1,10,3,2,5,6,13,1,1,3,6,3,1,0,2,0,0,2,4,20,3,3,1,5,1,2,4,1,22,5,2,5,2,2,0,8,9,4,2,3,3,2,3,3,2,6,3,0,10,3,2,4,7,1,4,3,1,2,8,6,4,3,1,9,1,1,3,0,8,8,3,4,1,0,8,6,6,1,4,15,3,1,1,2,1,2,6,4,0,1,2,1,1,1,3,10,5,2,2,9,10,8,4,3,3,13,3,0,3,3,3,8,8,2,1,6,2,1,0,2,2,1,6,1,2,5,4,2,6,1,3,13,1,8,1,4,0,3,5,19,3,5,29,4,2,1,0,6,3,3,2,5,10,6,4,2,2,4,0,2,3,15,7,2,2,1,6,3,3,0,4,4,3,11,2,5,11,1,3,2,2,3,18,3,3,1,6,3,14,7,7,6,4,5,1,4,3,2,3,1,1,1,7,3,2,2,4,5,18,24,4,4,11,1,4,8,1,0,5,3,3,3,9,1,3,2,14,3,4,4,4,4,2,4,0,3,3,4,1,0,4,1,3,2,2,0,0,9,1,4,2,6,1,1,0,16,1,8,4,3,2,1,1,2,54,1,6,2,5,4,0,5,3,4,6,1,1,7,2,1,9,3,3,7,3,5,3,12,3,5,2,5,2,9,3,7,2,3,5,2,15,2,3,2,3,8,5,2,1,1,3,3,3,2,0,14,17,4,2,0,2,5,1,3,1,17,0,4,6,4,4,2,1,2,1,4,1,2,3,1,6,4,0,18,3,2,4,9,4,5,0,1,0,3,2,5,2,9,1,3,1,2,4,0,1,2,4,0,2,4,0,1,2,5,4,2,3,3,3,3,5,3,3,4,3,11,2,4,7,4,4,3,9,4,3,5,4,0,2,4,19,2,7,3,2,11,3,1,8,4,1,2,2,5,1,1,0,4,1,13,2,1,1,6,5,2,3,14,2,3,3,2,2,2,3,1,2,1,3,0,1,0,3,1,8,4,2,4,7,2,9,4,3,20,9,2,1,6,5,0,2,2
LYN,0,1,0,0,0,2,1,0,0,0,1,0,2,0,0,0,0,0,0,0,0,0,1,0,0,0,0,0,0,2,0,0,2,2,0,0,0,0,2,1,0,0,2,0,0,0,1,0,0,0,0,0,1,0,0,0,0,1,0,0,0,0,0,0,0,0,0,0,0,0,0,1,0,0,1,0,2,1,1,0,0,0,0,0,0,0,0,0,0,0,3,0,0,2,0,5,0,0,2,2,0,0,0,0,0,0,0,0,2,0,0,0,1,2,0,0,0,0,0,0,0,0,0,0,0,0,0,1,1,0,0,0,0,0,0,0,1,0,2,1,0,0,0,0,2,0,0,0,0,1,5,0,0,0,0,0,0,0,0,1,0,0,0,1,0,0,1,0,1,2,0,0,0,0,1,0,0,0,3,0,0,0,0,0,1,0,0,0,0,2,6,1,0,0,0,0,0,1,0,2,1,0,0,0,0,0,0,0,0,0,0,0,0,1,0,0,0,1,2,3,0,1,2,0,0,0,0,0,0,0,0,0,5,3,0,0,0,1,1,0,0,0,0,1,0,2,1,0,0,2,0,0,0,0,1,0,1,0,0,3,0,0,0,0,0,0,0,0,0,0,0,2,1,1,0,0,0,3,5,0,2,0,0,0,0,0,0,0,0,0,0,0,2,0,0,0,0,0,1,0,0,0,0,0,1,0,0,0,4,0,0,0,0,0,0,1,0,0,0,0,0,0,2,0,0,0,4,1,0,0,0,0,0,0,0,0,0,1,0,0,0,0,1,0,1,0,0,0,0,1,2,0,1,0,0,0,1,0,1,0,0,0,0,0,0,0,2,0,0,0,0,0,0,0,0,1,0,0,0,0,0,0,2,0,0,1,0,0,0,0,0,9,0,10,0,0,0,0,1,4,0,0,0,0,0,0,0,0,0,0,0,0,2,0,0,0,0,1,0,0,0,0,0,0,3,0,1,0,0,0,1,0,0,0,0,1,1,0,0,1,0,0,0,0,0,3,0,0,0,0,0,0,2,0,0,0,0,2,1,1,3,0,0,0,1,1,0,0,2,0,0,1,1,0,0,3,1,0,0,0,1,0,0,0,1,0,1,0,0,0,0,0,0,0,0,0,0,0,0,2,0,1,0,0,0,0,1,2,0,0,0,0,0,0,0,0,0,0,0,0,0,0,0,0,3,3,0,1,1,0,0,1,0,0,0,1,0,0,0,0,1,0,0,0,0,0,1,0,0,0,0,2,0,0,1,0,0,3,0,0,1,0,1,0,0,0,0,0,0,1,0,1,0,0,0,2,1,0,1,0,1,1,0,2,0,0,0,0,0,0,0,0,1,3,0,4,0,0,1,0,0,0,1,0,0,1,0,0,0,0,3,1,0,0,0,0,0,0,0,0,0,0,0,0,0,0,0,2,0,0,0,0,0,1,0,0,0,0,0,0,0,0,1,0,0,1,1,0,0,0,0,0,0,1,0,0,1,0,2,0,0,0,1,0,0,0,0,0,0,0,0,0,0,0,0,0,0,1,0,0,0,2,0,0,1,0,0,0,0,0,0,0,0,0,1,0,0,0,2,0,0,0,1,0,1,1,0,0,0,2,0,0,1,0,1,0,1,0,0,0,0,0,0,0,0,0,2,0,0,1,0,0,0,0,1,0,0,1,0,0,0,0,0,0,0,0,0,0,0,0,0,0,0,0,0,0,0,0,0,0,0,0,2,0,0,0,0,0,0,0,0,0,0,0,1,0,1,0,1,0,2,0,0,0,0,3,0,0,0,0,0,0,0,0,1,0,0,0,2,0,0,0,1,0,0,0,0,0,1,0,0,0,0,0,0,0,0,0,1,0,0,0,2,0,1,0,0,0,0,1,0,0,0,0,0,0,0,0,0,2,0,0,0,0,0,0,0,0,0,0,0,0,0,0,0,0,0,0,0,0,1,0,0,0,1,0,0,1,0,0,0,1,4,0,0,0,0,0,0,0,0,2,2,0,2,0,2,0,0,0,0,0,1,0,1,0,0,0,2,0,0,0,0,0,0,0,0,1,0,0,0,0,0,0,0,0,0,0,0,0,0,0,2,0,1,1,0,0,1,1,1,0,1,1,0,0,0,4,0,0,1,0,0,0,0,0,0,1,0,0,0,1,2,0,0,0,0,0,0,1,0,0,0,0,1,0,0,0,2,0,0,6,1,0,0,0,0,0,1,0,0,0,0,3,0,0,0,0,1,0,1,0,0,0,0,1,0,0,0,0,0,1,0,0,0,0,1,0,0,0,0,0,0,0,0,0,0,0,2,0,0,1,0,0,0,0,1,0,0,0,2,0,0,0,0,3,0,0,0,0,0,0,0,1,0,0,0,1,0,0,0,0,0,0,0,0,0,0,1,0,0,0,1,5,1,0,1,1,0,1,1,0,0,2,0,2,0,3,0,1,1,0,0,0,0,2,1,0,0,0,1,0,0,3,0,0,1,0,0,0,0,0,2,0,0,0,0,0,1,1,0,0,0,0,0,0,0,0,0,0,0,0,0,0,0,0,2,0,2,0,0,1,0,0,0,0,0,2,0,0,0,0,1,0,0,0,0,0,0,0,1,0,4,1,0,0,0,1,0,0,0,0,0,0,0,0,0,0,0,0,0,0,0,2,1,0,0,0,1,0,0,0,1,0,0,0,0,0,0,1,0,0,0,0,0,1,0,0,2,0,0,0,0,0,0,0,0,1,0,2,0,0,2,9,0,0,8,0,0,0,0,1,0,0,0,0,2,1,0,0,0,0,0,0,1,5,0,0,1,0,0,0,0,0,0,0,0,0,0,0,3,0,0,1,0,0,1,0,0,0,0,0,0,3,0,0,1,1,0,0,0,3,0,0,0,0,0,0,0,0,0,0,0,0,0,2,0,0,0,0,0,0,0,0,0,0,1,0,0,0,3,0,0,0,1,0,0,0,0,0,0,0,0,0,0,0,0,0,1,1,0,1,0,0,2,0,0,0,0,1,0,0,0,0,0,0,0,0,0,0,0,0,0,0,0,0,0,0,1,0,0,0,0,0,4,0,1,0,1,0,0,3,0,0,1,0,0,1,0,0,2,0,0,0,0,0,0,0,0,3,0,0,0,0,0,0,1,0,0,3,9,0,0,0,0,1,0,4,2,2,0,1,0,0,0,0,0,1,0,4,0,0,0,0,1,1,0,3,0,0,1,2,0,0,0,0,0,0,0,0,0,0,0,0,0,0,0,0,0,1,0,0,0,0,0,0,0,0,0,1,0,0,0,0,0,1,0,1,0,0,0,0,3,0,0,0,1,0,0,0,1,0,0,1,3,0,0,0,0,3,0,0,0,0,0,0,0,0,0,0,0,0,0,1,0,0,0,1,2,0,0,3,0,0,1,0,3,0,1,1,0,0,0,0,0,0,0,0,1,0,1,0,0,0,1,0,0,1,0,0,0,0,0,0,0,0
TUBA1A,2,3,0,1,0,1,1,0,0,0,2,0,1,2,0,5,1,0,3,3,1,1,1,1,0,4,0,0,0,0,1,0,0,0,1,1,0,1,1,0,1,0,1,3,0,0,0,3,1,3,2,1,2,1,0,1,0,1,0,0,3,0,1,2,0,0,1,0,0,2,0,10,1,1,0,0,1,1,0,1,0,0,0,0,2,0,0,1,0,0,1,0,0,1,1,1,1,1,0,1,1,2,0,2,0,0,1,0,5,0,1,0,2,3,2,2,3,2,0,0,0,0,2,0,0,0,0,1,0,0,0,1,0,1,0,1,4,0,0,0,0,0,2,0,5,1,5,2,2,0,0,0,0,0,0,1,1,1,0,0,3,3,1,0,2,0,0,1,0,2,1,1,2,0,3,0,1,0,1,1,1,1,2,1,0,1,1,1,0,2,2,2,1,0,1,0,0,3,0,0,0,1,1,0,1,0,1,2,1,0,0,0,1,0,0,1,4,1,0,0,0,0,0,0,2,1,1,0,1,2,2,2,4,4,1,0,0,2,1,0,0,0,4,1,2,0,0,0,2,1,0,2,2,2,0,1,0,2,4,0,4,0,1,2,1,0,0,0,1,2,0,1,2,1,0,2,0,0,0,2,1,2,3,0,1,2,0,1,5,0,0,0,1,2,0,0,0,0,0,0,1,0,0,1,1,1,1,1,1,2,0,0,1,0,0,1,0,1,1,0,1,0,2,0,0,0,0,2,0,2,0,1,0,0,1,0,1,0,1,1,7,1,1,0,0,2,0,2,3,1,1,5,1,0,1,0,1,3,0,0,1,0,1,1,0,0,8,1,2,4,0,0,0,2,0,1,0,0,0,0,0,0,0,0,0,0,1,0,1,1,0,7,0,12,0,1,1,0,0,2,0,0,1,0,1,0,0,0,1,1,1,0,2,0,1,4,0,0,2,0,0,0,1,2,0,2,0,0,1,1,0,1,0,0,0,0,0,0,3,5,2,1,2,0,1,4,1,0,0,0,2,0,1,0,0,2,0,3,2,2,0,1,0,0,1,1,0,1,1,0,2,1,0,1,0,3,1,1,0,1,2,2,0,0,1,0,1,0,0,0,3,0,1,1,1,1,1,1,2,1,0,0,0,1,1,0,0,4,0,2,1,1,0,0,0,1,1,0,3,1,2,4,2,0,1,0,1,0,1,0,0,0,0,1,2,1,0,2,2,0,7,3,0,0,0,0,3,1,3,0,2,0,0,0,0,5,0,4,0,3,1,0,0,1,0,2,2,0,3,0,1,0,1,0,0,3,0,2,0,0,0,0,2,4,0,0,0,0,1,1,0,1,0,2,0,1,0,0,1,1,1,1,0,0,2,2,0,1,0,0,0,0,1,2,3,3,0,0,0,0,1,0,0,1,4,1,0,3,4,0,0,2,0,0,1,0,2,3,0,0,0,0,1,0,0,1,1,0,1,1,2,2,0,0,0,0,0,1,1,4,1,1,0,2,0,0,2,0,0,0,1,1,2,0,4,2,0,1,2,2,0,4,3,0,0,0,0,0,0,0,0,1,1,1,2,2,1,1,1,0,0,0,0,1,2,0,0,0,0,5,2,0,2,1,1,0,0,5,0,2,0,1,0,2,3,1,0,0,0,2,4,1,4,0,0,2,0,0,1,1,0,0,1,1,2,1,0,1,0,0,0,1,2,1,0,0,3,0,1,1,0,0,0,0,1,1,0,0,1,0,0,3,1,0,0,1,3,0,1,2,0,0,0,1,1,6,0,1,2,2,0,2,0,0,3,1,0,1,2,0,1,1,0,0,2,1,0,1,3,0,2,2,1,2,1,0,2,0,1,1,0,0,6,0,0,2,1,0,2,0,1,1,0,2,1,0,0,3,0,1,4,3,4,1,0,0,0,1,1,0,0,0,0,0,1,0,0,1,2,1,0,4,2,0,1,0,0,2,0,0,1,2,2,1,0,0,0,2,1,2,0,1,0,2,0,0,2,0,1,1,3,1,0,0,0,3,2,1,1,0,1,1,0,0,0,0,0,0,2,0,0,0,2,0,1,0,0,2,0,1,0,2,0,0,0,1,0,0,0,0,1,0,0,0,1,0,0,9,1,0,3,1,0,1,2,1,0,1,0,1,0,2,0,0,0,2,1,0,0,0,0,1,0,1,2,1,0,0,0,3,1,5,0,0,0,1,0,1,0,2,2,0,2,0,2,0,1,0,1,0,1,1,0,1,0,0,0,0,1,0,0,0,4,1,0,2,0,0,1,0,2,0,0,7,2,1,0,1,1,1,1,0,3,1,0,0,0,1,0,0,3,12,1,0,0,0,2,0,0,0,4,1,0,0,1,1,0,0,0,0,1,1,0,0,2,1,0,0,0,1,0,2,1,5,0,4,0,0,1,1,1,2,0,5,0,1,3,0,0,5,0,0,0,0,0,1,0,0,0,0,1,2,2,4,0,0,1,0,0,0,1,0,7,1,1,0,1,1,1,1,0,2,0,1,1,0,2,1,2,0,2,0,2,0,0,0,1,0,1,0,0,0,2,2,1,0,0,3,0,2,1,1,4,0,1,0,1,0,0,0,0,0,2,1,0,0,0,3,0,0,2,0,1,0,4,0,0,2,0,0,0,0,1,3,0,0,0,0,3,8,2,0,1,0,1,2,1,0,0,0,0,2,0,0,0,0,0,1,2,1,0,1,0,1,0,0,0,0,0,0,0,0,0,9,0,1,14,0,2,0,0,3,4,0,2,0,0,0,1,2,1,5,0,0,0,0,2,1,1,1,0,0,2,0,1,2,1,6,3,0,4,1,2,0,0,0,1,1,0,0,1,1,2,1,0,1,0,0,0,1,1,0,2,0,0,0,2,1,0,2,5,2,1,0,3,2,0,2,0,1,3,2,2,1,1,2,0,2,0,0,1,4,0,0,4,1,1,0,3,5,0,1,1,0,2,1,0,1,0,0,2,1,0,0,3,0,0,3,1,2,0,0,4,1,0,2,2,2,4,0,0,1,0,0,1,0,2,0,0,0,0,2,0,1,3,1,2,0,0,1,1,4,0,1,0,2,0,4,0,1,1,1,1,0,6,3,1,0,0,3,1,0,0,0,0,1,0,0,1,1,7,1,0,0,2,2,0,0,0,5,4,0,0,0,0,0,0,1,0,2,1,0,1,0,0,2,0,3,3,3,0,0,11,0,2,0,2,2,0,0,0,0,0,0,2,1,1,0,1,0,1,0,0,0,0,0,0,1,0,0,1,3,4,0,0,0,0,0,2,3,0,1,0,2,0,0,3,0,0,2,0,3,1,1,10,0,0,0,1,8,0,0,1,1,1,0,1,0,2,2,1,2,3,0,0,5,1,0,1,0,0,1,0,1,0,1,0,0,1,2,0,0,0,2,2,1,0,0,1,2,1,0,2,0,1,4,2,13,0,1,0,2,1,0,1,1
TXN,0,1,2,0,0,1,1,1,0,0,2,0,0,0,1,0,1,0,1,0,0,0,1,0,1,0,0,0,2,1,0,0,1,10,0,0,0,0,0,0,0,0,3,0,0,0,0,3,0,0,0,2,0,0,1,0,0,0,0,1,1,0,0,1,0,1,0,1,2,0,0,7,0,4,0,0,1,0,0,2,1,1,0,0,0,0,0,0,3,0,14,1,0,1,3,1,0,0,2,3,0,1,1,0,2,0,1,0,0,0,1,0,1,1,0,1,2,0,0,0,0,0,1,0,0,1,0,0,0,0,0,0,0,0,1,0,0,0,1,0,2,1,1,0,1,1,0,6,0,0,1,0,0,0,0,1,2,0,0,1,0,0,2,1,0,0,0,0,2,4,0,0,0,2,2,0,0,0,0,0,0,0,0,0,2,0,0,1,2,3,4,0,0,0,0,0,1,0,1,1,1,1,0,1,0,1,1,0,0,0,0,1,0,0,0,0,0,1,28,1,0,0,4,0,0,0,0,1,0,0,0,0,0,2,0,0,1,0,1,0,2,0,0,1,0,0,0,2,0,1,0,1,0,0,0,2,0,0,0,1,0,0,0,3,0,1,0,0,1,1,0,3,1,1,0,0,0,3,1,1,1,1,1,2,0,0,0,0,0,2,0,1,2,0,0,0,0,1,1,0,1,0,1,1,0,0,1,1,1,0,0,0,0,0,0,0,0,2,0,0,2,1,1,0,0,0,1,1,0,0,1,2,0,0,1,0,0,1,1,0,3,2,1,1,0,1,1,0,0,0,3,0,2,0,0,2,0,0,0,0,0,0,0,0,1,0,5,0,1,1,0,0,0,0,0,2,1,1,0,2,0,0,2,0,0,0,2,1,1,2,0,0,1,2,0,1,0,0,0,0,2,0,0,0,1,1,2,0,1,0,0,0,1,0,2,4,0,0,0,0,1,1,15,0,1,0,0,0,0,1,0,0,0,0,1,0,1,1,0,4,0,2,2,0,0,6,1,0,0,0,0,0,1,0,2,1,0,3,0,0,4,0,0,1,2,0,1,0,0,0,1,3,0,0,0,0,0,2,0,0,0,1,0,0,0,0,1,1,0,1,0,0,1,0,0,1,0,2,0,1,0,0,0,0,0,3,0,4,0,0,0,0,0,0,0,2,0,0,0,0,0,0,0,2,1,1,0,0,0,2,2,0,0,1,1,0,1,2,0,1,11,0,0,1,1,1,2,0,17,1,0,2,0,1,0,0,0,0,0,0,0,1,0,0,0,0,0,2,1,0,0,0,1,0,0,2,0,1,1,0,0,0,0,1,0,1,0,1,0,0,1,0,0,0,0,1,0,0,0,0,2,5,0,1,0,1,1,0,0,0,0,0,0,0,0,0,0,1,0,1,0,0,1,0,2,0,0,0,2,0,1,1,1,1,0,0,0,2,0,0,0,0,1,0,2,0,8,0,0,1,1,0,0,2,0,2,0,1,0,1,0,1,0,2,0,1,1,0,0,0,0,0,1,1,0,2,0,1,0,1,0,4,1,0,0,1,1,0,0,0,0,1,1,0,0,0,1,0,0,0,0,0,16,1,0,1,0,0,1,4,1,2,0,0,1,1,0,2,1,0,0,0,0,1,0,1,0,0,1,1,1,1,0,0,10,0,1,0,1,0,0,0,0,1,0,0,0,0,0,0,0,1,1,1,0,0,0,0,0,1,1,2,0,0,0,0,0,1,0,0,0,0,1,2,0,1,2,0,1,1,0,0,0,0,0,0,1,0,1,1,2,0,0,0,1,1,0,0,0,0,2,0,0,0,0,1,1,0,0,1,0,0,0,0,0,1,3,0,0,1,0,0,2,0,0,3,1,0,1,0,2,0,0,1,1,0,1,0,2,1,0,1,2,0,0,1,0,0,0,1,1,0,0,0,0,0,1,3,0,1,1,0,0,0,1,0,0,0,1,0,1,0,1,2,0,0,0,0,1,0,2,1,1,6,1,0,0,0,2,0,0,0,1,1,0,2,1,0,0,1,0,0,2,2,0,0,0,0,2,0,1,0,1,0,3,0,0,0,1,0,1,2,1,0,3,0,0,1,0,2,0,0,0,0,0,0,0,2,0,0,0,0,0,0,0,0,2,0,0,0,0,0,1,0,0,0,1,0,0,2,2,0,0,0,0,0,0,0,2,2,1,4,0,0,0,0,2,0,1,0,0,0,0,5,0,0,0,2,0,0,1,0,0,0,0,0,1,0,0,0,1,0,2,1,0,0,0,0,0,1,1,1,2,0,0,0,0,0,0,2,0,0,0,0,0,0,2,0,0,1,0,9,0,0,0,3,1,3,0,0,0,0,2,0,0,1,0,0,0,1,0,4,0,1,0,0,0,0,0,3,0,0,1,1,0,1,1,1,0,0,1,0,1,1,0,7,2,0,2,1,6,0,1,0,0,0,1,2,0,1,2,1,0,1,0,0,0,0,0,0,1,0,0,0,0,0,1,1,0,0,0,0,0,0,0,0,1,0,0,0,0,0,1,0,0,0,1,0,0,0,1,0,1,0,0,0,0,1,0,1,0,0,1,0,0,1,0,0,7,1,0,0,1,2,0,0,0,0,0,0,0,0,0,0,1,0,0,0,0,0,0,1,1,1,18,0,2,0,0,2,1,0,1,0,0,0,2,0,0,2,0,0,0,0,0,0,2,0,0,0,0,0,1,0,0,1,0,0,1,1,0,0,1,0,1,0,0,0,0,2,1,2,0,0,1,0,1,2,0,0,0,0,0,0,0,17,1,0,0,0,1,0,0,0,2,0,0,4,0,0,0,0,1,0,0,0,0,0,0,0,0,1,4,1,0,0,1,1,0,0,0,1,1,0,0,0,1,1,0,1,0,0,0,4,0,1,1,0,0,2,0,0,2,0,0,0,0,0,1,0,0,0,0,1,0,4,0,0,0,0,0,1,0,1,3,0,0,1,0,1,0,2,0,1,1,1,0,0,0,1,0,0,0,1,0,0,0,1,16,0,1,1,1,1,0,0,0,0,5,0,1,0,0,0,0,0,0,1,0,1,0,2,0,0,0,8,0,0,0,2,0,1,0,1,6,0,1,1,2,0,0,1,0,0,0,0,0,0,1,14,0,0,0,1,0,2,1,1,1,1,0,0,0,2,1,0,0,0,0,1,0,0,0,1,0,1,0,1,1,2,0,1,1,2,0,0,0,1,0,1,0,0,1,0,0,1,1,1,1,0,0,0,0,0,0,0,0,1,1,0,0,0,0,2,0,1,0,0,0,1,0,1,1,0,0,1,0,2,1,0,1,0,0,0,2,1,0,4,1,2,0,0,1,2,0,2,0,0,0,0,0,1,0,2,0,0,0,0,2,0,0,0,0,0,0,0,0,0,0,0,0,0,0,0,0,1,0,1,0,0,1,0,1,1,2,0,0,9,0,1,0,0,0,1,0,2
NOP53,5,0,3,3,2,3,0,8,5,4,3,0,0,6,7,14,2,2,1,5,1,4,1,2,3,1,2,4,2,5,3,1,5,4,3,2,4,5,7,8,7,8,3,9,2,1,4,0,5,3,4,6,3,3,5,1,1,4,3,1,5,4,4,1,3,5,2,1,0,4,3,15,7,0,1,6,2,4,1,5,6,2,0,1,3,5,5,8,2,4,4,7,7,4,3,3,1,4,1,9,3,3,0,2,3,1,0,3,6,6,3,9,0,3,9,13,2,5,1,1,2,0,2,0,5,2,1,6,2,3,1,9,4,6,3,2,5,4,3,3,7,3,6,8,3,1,1,1,13,2,2,2,4,10,1,5,5,2,2,0,3,3,1,0,1,9,1,4,1,6,5,0,8,7,3,1,7,3,2,2,1,2,7,3,0,2,9,8,1,5,5,5,2,5,5,2,3,1,1,5,0,3,1,2,4,1,11,7,6,2,1,2,1,0,2,4,3,8,6,5,2,4,4,1,13,2,5,0,7,4,4,4,6,6,2,5,3,10,4,6,0,3,2,0,4,1,1,3,1,4,6,0,5,0,4,4,1,7,0,2,3,3,4,2,3,4,1,3,5,5,3,6,3,1,5,2,4,5,2,6,0,0,5,5,4,7,7,1,4,2,7,7,4,8,2,2,1,2,3,1,4,6,3,9,0,2,1,1,3,4,5,5,1,2,0,1,5,9,5,7,5,1,2,2,0,4,2,8,3,6,5,5,6,1,2,2,3,2,7,3,6,2,1,12,2,3,3,5,10,2,6,4,10,4,1,0,6,10,6,0,6,9,4,0,2,5,7,3,3,6,0,2,1,3,1,11,3,2,5,4,3,3,7,7,4,0,4,9,0,0,6,10,3,6,5,1,6,4,3,1,3,2,5,3,1,8,1,2,9,5,8,6,1,2,6,6,4,4,3,2,5,8,5,1,2,9,1,3,3,2,1,8,4,4,3,4,3,4,5,7,3,10,12,4,3,6,1,3,5,3,2,2,2,7,4,4,1,1,1,4,3,8,6,10,6,9,2,7,0,1,0,0,2,5,3,3,0,2,1,3,3,4,1,0,3,6,3,8,8,1,4,5,4,3,5,0,3,2,4,0,0,1,3,1,1,9,3,3,5,3,0,1,4,5,4,5,0,5,3,4,5,4,5,1,2,2,1,0,2,6,2,15,1,4,0,2,2,3,2,4,13,4,1,0,4,5,5,2,6,6,8,8,3,3,3,5,6,5,5,3,5,7,4,5,3,4,3,5,7,4,1,1,5,3,6,4,1,6,2,2,3,2,2,3,2,6,5,3,2,1,5,1,0,4,2,12,4,9,6,8,6,3,0,1,5,5,2,1,3,1,4,4,2,6,13,5,5,3,2,3,5,4,4,1,0,2,8,5,3,7,2,8,4,2,0,5,1,9,10,2,6,1,7,4,2,1,2,4,3,1,2,1,3,2,4,1,2,2,5,3,0,4,3,2,5,4,0,1,6,2,4,5,2,4,12,8,0,1,4,0,1,3,2,8,0,5,3,5,0,4,7,1,1,3,6,6,0,9,3,1,1,7,3,1,5,1,4,6,2,14,2,2,3,5,0,6,1,3,3,5,5,1,5,9,4,1,3,6,0,1,5,2,4,5,2,2,3,6,1,7,3,3,7,0,8,1,3,3,2,0,3,4,0,13,3,3,2,3,1,1,4,2,3,0,4,4,2,1,5,5,6,3,4,4,0,1,3,2,0,4,2,2,5,4,1,1,3,9,8,6,3,6,1,1,3,2,3,5,0,5,2,3,1,6,10,3,5,5,4,2,6,1,5,0,2,9,5,1,3,1,3,0,6,6,7,2,4,6,2,0,4,0,5,0,0,5,5,6,3,14,0,2,2,3,3,9,5,13,1,3,4,0,1,3,2,2,1,1,4,4,5,3,2,4,9,2,11,1,4,2,6,1,4,2,3,0,2,6,4,2,2,1,2,4,2,5,8,2,2,6,4,3,2,1,1,1,6,6,7,2,1,11,7,4,3,4,5,2,12,3,1,2,5,4,1,0,3,3,3,6,3,12,2,4,0,2,2,3,1,7,2,8,1,3,3,5,4,8,2,0,7,2,6,1,2,5,4,0,7,3,2,6,2,4,1,0,6,6,5,1,3,0,6,1,0,1,3,3,12,1,7,5,0,5,4,5,6,3,3,4,1,2,6,3,2,5,2,3,2,8,5,0,4,5,1,3,2,4,6,2,7,1,13,0,6,2,1,5,0,2,4,4,3,5,3,3,10,7,0,7,3,3,3,5,3,3,4,0,7,5,12,3,4,6,1,1,7,2,4,2,6,0,4,1,5,4,4,0,7,1,8,0,7,5,4,4,3,7,12,3,7,2,5,7,0,1,3,0,0,4,1,5,1,0,7,3,9,4,3,3,6,1,4,6,0,1,0,4,7,2,0,8,4,2,6,4,4,4,1,1,5,1,7,0,0,6,4,5,1,2,3,4,8,12,4,3,1,4,6,10,5,1,4,6,1,5,0,8,4,8,3,1,1,3,3,4,4,9,4,1,7,9,1,2,5,5,2,0,11,3,1,5,2,13,3,1,8,6,3,1,5,5,4,2,8,4,6,1,1,1,5,5,0,9,3,2,2,0,4,6,2,5,1,6,1,4,8,3,1,3,7,3,10,6,4,8,2,4,1,11,4,3,7,9,1,6,2,4,6,1,3,6,1,5,7,1,2,4,3,2,4,4,5,7,8,5,1,1,6,5,0,5,4,2,1,1,6,3,4,7,5,9,1,5,2,5,0,8,6,3,5,1,1,3,1,7,8,0,7,5,4,4,3,6,3,2,4,2,4,2,1,0,0,6,4,5,6,3,2,2,5,4,6,6,6,1,10,7,2,5,1,3,3,2,0,7,3,1,3,6,7,0,3,0,5,7,4,5,6,4,4,1,1,1,2,3,3,5,0,4,4,5,1,3,5,5,3,4,9,3,3,5,4,11,2,8,12,4,7,5,0,2,7,0,6,11,2,6,1,1,4,13,5,2,0,1,12,2,1,4,6,4,4,0,3,1,1,5,4,9,2,3,4,6,6,4,1,7,4,4,0,6,5,1,3,7,4,5,8,4,10,2,6,8,9,1,1,3,4,3,5,0,0,7,3,1,2,7,2,2,3,4,1,2,1,1,3,5,4,2,1,0,1,1,3,4,8,2,4,2,6,4,6,6,8,8,1,3,7,0,4,6,1,3,2,6,3,2,3,3,1,6,11,1,1,0,5,11,3,3,5,3,1,4,3,0,4,0,5,2,1,2,6,3,8,7,8,1,1,4,1,3,0,5,8,0,5,1,3,4,2,9,9,0,2,3,2,7,1,4,2,7,2,6,1,8,1,0,1,2,4,6,2,4,7,5,7,4,2,9,4,0,1,2,5,4,0,11,5,1,0,21,5,0,3,3
HLA.E,5,5,5,5,4,1,2,3,2,2,4,2,3,6,3,20,1,4,7,2,2,6,1,2,3,7,1,0,7,4,4,3,4,4,5,11,5,2,1,7,7,7,2,4,8,3,2,6,5,5,3,4,1,5,2,1,2,5,5,9,4,2,2,4,4,4,9,3,2,10,3,8,2,1,1,4,4,6,2,7,7,5,1,1,12,1,5,2,4,3,1,4,10,2,3,1,0,1,2,24,2,1,3,7,6,2,1,7,7,4,6,5,0,3,3,11,4,4,4,2,2,0,8,1,7,10,9,3,0,2,2,4,3,6,4,4,3,4,2,2,1,6,8,3,9,8,3,2,11,4,2,3,6,2,6,8,2,1,3,0,1,5,4,5,4,11,0,7,5,10,7,5,6,2,1,0,2,3,0,0,1,2,3,2,3,5,6,3,3,10,7,3,4,4,6,4,5,6,3,4,1,6,3,1,7,5,0,4,7,2,2,2,7,2,4,3,4,4,3,1,2,3,1,0,11,2,4,1,2,9,5,5,5,8,1,4,4,7,5,2,2,2,2,0,4,3,5,2,5,2,2,1,8,6,3,2,2,2,2,2,4,2,11,1,7,2,4,2,15,7,7,1,1,5,4,4,3,5,2,8,0,1,4,2,3,5,5,2,6,2,3,1,2,2,4,1,3,2,1,1,5,6,4,3,0,3,11,2,16,10,5,3,3,5,4,2,3,8,4,10,2,6,1,1,7,3,2,7,5,3,5,7,5,2,0,5,1,2,4,5,8,5,2,3,5,4,4,2,12,3,2,5,12,2,9,0,2,6,1,1,7,4,6,1,5,4,13,7,1,8,5,0,5,3,1,9,10,9,7,3,0,0,5,1,0,2,2,7,2,2,9,12,6,10,1,0,5,4,7,12,3,2,5,6,2,10,9,6,9,5,7,8,2,5,4,8,3,3,2,0,5,10,4,4,1,3,1,6,5,6,3,3,3,2,4,6,0,10,3,4,12,4,4,0,10,8,5,4,2,3,4,3,0,3,3,2,9,6,2,4,2,2,0,0,3,6,3,3,1,0,1,3,7,3,7,5,4,7,6,3,1,3,5,1,5,3,6,3,5,3,2,5,3,2,4,3,4,2,4,6,0,4,2,2,3,8,3,7,2,2,0,9,4,2,2,7,3,0,1,0,2,2,4,3,1,2,3,5,3,2,3,5,4,3,7,3,5,7,2,4,14,8,0,4,1,6,3,2,4,3,6,1,4,2,1,2,3,2,6,3,1,8,7,5,2,8,4,2,13,3,7,10,5,2,8,3,5,8,0,7,8,4,2,0,0,12,6,2,2,0,9,2,3,5,2,2,2,1,2,6,2,4,0,7,2,5,4,4,1,4,3,7,9,3,6,3,6,5,0,2,6,8,2,1,10,11,7,2,2,6,1,4,3,10,1,2,6,8,0,8,5,0,14,2,2,2,2,4,7,1,5,2,0,1,4,0,2,7,3,2,3,5,2,5,5,10,1,2,5,5,3,4,1,3,8,11,1,1,0,4,2,7,7,1,3,5,2,0,0,6,3,5,3,3,5,0,3,7,5,2,0,10,6,4,2,3,0,5,10,12,2,7,3,7,1,5,1,2,3,1,5,4,4,5,2,3,5,5,2,7,6,1,1,4,6,2,1,6,3,5,6,4,9,0,5,2,3,1,5,1,4,5,4,4,6,3,0,3,4,7,6,2,5,4,1,3,11,0,2,4,5,2,5,7,2,2,1,5,1,2,2,1,4,5,1,10,6,7,7,8,5,3,2,1,2,7,2,6,2,3,4,3,2,3,15,5,5,2,3,4,3,0,5,1,4,7,3,1,2,8,4,1,9,6,4,2,5,4,4,0,7,5,2,1,6,6,9,1,3,6,2,3,4,5,6,5,4,7,10,5,3,2,0,4,5,4,0,9,4,2,3,4,1,4,6,2,1,1,5,3,1,2,2,6,1,3,6,3,1,0,5,2,2,1,3,9,6,0,6,7,7,4,10,3,2,5,5,7,1,2,3,6,2,5,6,0,3,4,4,1,2,5,6,3,1,2,2,3,10,5,0,4,1,2,2,2,1,10,2,3,0,3,2,2,1,4,3,17,4,6,4,3,13,3,4,7,5,2,5,9,0,5,2,4,4,2,1,5,9,0,12,5,6,3,2,3,2,1,4,3,1,7,2,8,5,2,3,3,2,8,5,5,4,7,6,4,4,1,4,3,9,2,3,3,2,4,0,1,2,1,1,1,9,1,5,3,2,5,0,6,2,5,3,3,2,7,2,5,3,5,2,2,1,2,9,4,9,0,9,2,8,13,0,3,2,9,1,4,2,5,3,5,5,4,10,3,2,2,3,7,3,1,6,6,1,4,2,5,2,3,8,2,10,8,2,12,2,2,5,2,6,2,6,8,3,2,8,3,3,1,7,0,2,4,13,3,0,1,4,1,0,3,5,9,4,1,1,1,0,2,6,5,11,0,2,3,2,2,5,8,6,2,3,8,2,5,3,4,6,5,1,6,2,4,3,3,6,1,0,5,3,1,7,5,7,2,5,10,0,1,6,4,1,9,4,2,2,2,2,4,1,7,2,3,5,2,3,8,4,3,2,5,2,3,6,1,5,5,1,7,7,6,6,10,3,9,4,4,3,7,5,7,2,0,2,4,6,2,1,2,5,5,3,0,3,2,3,8,6,6,3,4,1,3,1,2,5,2,12,2,1,6,11,14,3,2,18,2,3,2,0,2,2,2,6,7,1,2,2,2,2,2,3,4,5,4,2,3,4,3,5,2,2,1,4,8,2,6,5,4,2,5,3,1,2,6,10,5,1,7,3,5,1,5,5,2,0,10,4,0,2,3,4,6,1,2,2,6,0,1,2,5,4,10,3,2,15,0,2,7,6,2,3,1,0,2,6,5,0,5,8,2,2,1,3,6,1,4,5,6,4,2,6,7,2,3,1,5,5,4,4,3,0,1,4,1,9,8,4,2,1,5,8,0,1,3,3,7,21,3,3,3,2,2,3,3,4,9,1,4,3,11,4,2,5,1,2,5,0,6,0,10,4,3,2,7,2,17,0,6,1,3,2,5,7,7,4,2,4,2,5,9,3,7,2,3,2,3,3,1,12,6,5,2,9,0,7,2,5,9,1,1,13,2,3,1,3,3,3,2,2,6,3,0,5,7,1,5,10,4,1,7,8,3,3,2,4,5,3,10,3,11,4,6,3,4,2,3,5,1,5,4,1,1,0,1,12,4,6,2,3,3,8,3,3,2,4,7,4,5,11,3,5,2,1,3,3,1,6,6,0,1,2,5,2,2,9,6,3,9,1,1,8,2,6,2,5,1,4,2,4,5,6,4,1,1,2,3,7,4,5,8,1,7,2,2,0,1,0,0,5,5,9,4,0,9,6,4,8,3,5,0,3,1,3,8,0,14,6,3,2,13,12,2,4,4
JAML,1,0,0,0,0,1,1,0,0,1,2,0,2,0,0,2,0,0,4,0,0,0,0,1,0,0,0,0,0,0,1,0,0,6,0,0,1,0,1,0,2,0,1,0,0,1,0,1,0,0,0,0,1,0,2,1,0,0,2,0,1,0,0,0,0,0,1,0,0,0,0,0,0,0,0,0,0,3,0,0,0,0,0,0,0,0,0,0,0,0,3,0,1,1,0,3,0,0,3,0,0,0,0,1,0,1,2,0,4,0,1,2,0,0,1,1,0,0,2,0,0,0,2,0,0,0,1,0,3,0,0,0,0,0,0,0,0,1,0,0,0,0,0,0,7,0,3,0,0,0,4,0,0,1,0,0,0,0,1,2,0,0,3,1,0,1,0,0,3,15,0,0,0,1,0,0,0,1,1,0,0,0,0,0,0,0,1,1,0,0,1,1,0,1,0,0,0,0,0,0,1,0,0,0,0,0,0,0,0,0,0,0,0,0,0,0,0,1,3,1,0,0,1,1,0,0,0,0,1,0,1,0,0,1,1,1,0,0,0,0,0,0,0,0,1,0,0,2,3,0,0,4,0,0,0,0,0,0,0,1,0,0,1,2,0,1,0,0,0,0,0,2,0,0,0,0,0,2,4,0,0,1,0,0,0,0,0,0,0,0,0,0,1,0,0,0,0,0,2,0,0,0,0,1,3,0,0,0,3,0,0,0,0,0,0,0,0,0,0,1,0,0,1,0,0,0,0,0,0,0,0,0,0,0,0,0,0,0,0,0,4,0,3,0,0,0,0,0,0,0,2,0,1,0,0,1,1,1,0,1,2,0,0,0,0,0,2,0,0,0,0,1,1,0,1,11,0,1,1,1,0,0,0,0,0,2,0,0,0,0,0,4,0,3,0,2,0,1,0,2,1,2,0,0,1,1,0,0,0,0,1,1,0,1,0,4,0,0,0,0,4,1,1,0,2,1,0,0,0,0,0,0,1,0,1,0,3,1,0,1,0,3,5,0,0,6,0,0,0,0,0,0,0,0,1,0,1,1,0,0,1,0,0,0,3,0,0,0,2,1,4,1,0,1,0,2,0,0,0,0,2,0,0,0,1,0,0,0,1,0,0,0,0,0,0,1,0,1,0,0,0,1,0,0,0,0,0,1,0,0,0,0,0,1,1,0,0,1,0,0,0,0,0,1,1,1,0,0,0,1,0,0,0,0,0,0,0,0,0,1,1,1,0,0,0,0,2,0,9,0,0,4,0,0,1,4,0,1,1,0,0,0,0,0,0,0,1,0,0,0,0,0,1,0,0,1,0,0,0,0,0,0,0,0,0,0,0,0,0,0,0,0,0,2,2,0,0,0,1,0,1,2,1,1,1,9,4,0,0,0,0,0,0,0,1,0,1,0,1,2,0,1,1,0,0,0,0,1,0,0,0,1,0,0,0,1,0,0,1,0,0,0,0,1,0,0,2,0,0,1,1,1,0,1,0,1,0,0,0,0,1,0,0,0,0,1,0,0,0,0,1,1,2,0,0,0,1,0,0,0,0,1,1,1,1,2,0,0,0,1,0,0,0,0,1,0,0,0,0,0,0,1,4,0,0,2,1,0,1,2,0,0,0,1,1,0,0,0,0,0,1,1,0,0,0,0,0,0,0,0,0,0,0,0,4,0,0,0,0,0,0,0,0,2,0,0,0,0,0,0,1,0,0,0,0,0,1,0,0,0,0,1,0,1,3,0,1,0,0,0,0,0,0,0,0,1,0,0,0,0,1,0,0,0,1,1,0,0,0,0,0,0,1,0,3,0,0,0,2,0,1,0,0,0,4,0,0,0,0,2,0,1,0,3,0,0,3,1,0,0,0,0,1,0,0,1,0,0,0,1,0,0,0,1,0,1,0,0,2,0,0,0,0,1,0,0,0,0,0,0,1,1,0,1,0,0,1,1,0,0,0,0,1,0,0,0,0,0,2,1,0,2,3,1,0,0,0,0,0,0,0,0,2,8,0,0,0,3,0,0,0,1,0,2,0,0,0,1,1,0,0,0,1,0,0,0,0,0,5,0,3,0,0,0,1,0,0,0,0,0,0,5,0,0,0,0,0,0,1,2,2,0,0,0,0,0,0,1,0,0,0,1,1,0,0,0,0,1,0,0,1,1,2,0,1,0,0,0,0,0,0,0,0,0,1,1,0,0,0,0,0,6,0,0,0,0,0,0,0,0,0,1,0,3,1,0,0,0,1,0,0,0,0,0,0,0,0,0,0,0,0,0,0,2,0,0,0,0,1,0,0,0,1,1,0,0,0,0,2,0,0,0,0,1,0,0,0,1,1,0,10,1,0,0,0,3,0,0,1,0,0,0,0,0,0,0,0,1,0,1,0,0,0,0,1,0,2,0,0,0,0,0,0,0,0,0,0,0,0,1,2,1,0,0,0,2,0,0,1,1,3,0,1,0,0,0,2,0,0,0,0,1,1,8,0,0,0,0,1,1,0,0,2,1,2,0,0,0,0,0,0,1,0,0,0,1,0,1,1,0,0,0,1,0,0,0,0,1,0,0,0,0,0,1,0,0,0,0,0,0,0,0,3,0,2,0,0,1,2,0,0,0,4,4,0,0,0,0,0,0,1,2,2,0,0,0,0,0,0,0,0,0,0,0,1,0,0,0,0,3,1,0,3,0,0,1,0,0,0,4,0,0,0,0,0,0,0,0,0,0,0,1,0,0,0,0,0,1,0,0,0,0,0,0,0,0,1,0,0,0,0,0,0,0,0,0,0,1,0,0,2,4,0,0,0,5,2,0,0,1,0,0,0,0,1,0,0,2,0,0,1,0,0,0,0,0,0,0,0,1,0,0,4,1,0,0,1,0,0,0,1,1,0,0,0,0,2,0,0,2,4,0,1,0,0,0,0,0,0,0,0,0,0,0,0,0,0,0,0,0,2,0,0,0,0,0,1,0,2,0,0,1,0,0,1,0,0,1,0,1,0,2,0,2,0,0,0,0,0,1,1,0,0,0,0,0,0,0,0,0,0,0,3,0,0,0,0,1,0,0,0,0,0,0,0,0,0,0,0,0,0,0,0,3,0,7,1,0,0,0,0,2,1,0,5,0,0,0,0,0,0,0,0,0,0,0,0,1,1,3,4,1,0,0,1,1,1,0,0,7,0,2,0,1,0,2,0,0,0,4,0,0,0,0,0,1,0,6,1,0,0,0,1,0,1,0,1,1,0,0,0,0,0,0,0,0,1,0,0,1,0,0,1,0,0,0,0,1,0,0,0,0,0,1,0,1,0,0,0,0,0,0,0,1,0,0,1,1,0,1,0,0,0,1,9,0,0,0,0,1,0,1,0,0,0,0,0,0,1,0,0,0,0,2,0,0,0,0,2,1,0,2,0,0,0,0,0,0,0,1,0,0,0,0,0,0,1,2,0,1,0,1,0,0,2,0,3,6,0,0,0,0,0,0,1,0
TNFRSF13C,0,0,0,0,0,0,0,0,2,0,0,0,0,1,0,0,0,0,0,0,0,0,0,1,0,0,0,0,0,3,0,0,3,0,0,0,0,0,0,1,0,0,0,1,0,1,1,0,0,0,0,0,0,0,0,0,0,0,0,0,0,0,0,0,0,0,0,0,0,0,0,0,0,0,0,0,0,0,0,0,0,1,0,0,0,0,0,0,0,0,0,0,0,0,0,0,0,1,0,0,0,0,0,0,0,0,0,0,0,0,0,0,0,0,0,0,0,0,0,0,0,0,0,1,0,0,0,0,0,0,0,0,2,3,0,1,0,1,0,0,0,0,0,1,0,0,0,0,0,0,0,0,0,1,0,0,0,0,0,0,0,0,0,0,0,0,0,0,0,0,0,0,0,0,0,0,0,0,0,0,0,0,1,0,0,0,0,0,0,0,0,0,0,0,0,0,0,0,0,3,0,0,0,0,0,0,1,2,2,0,0,0,0,0,0,0,0,0,0,0,0,0,0,2,0,0,0,0,0,0,0,0,0,0,0,0,0,1,0,0,0,0,1,0,0,1,0,0,0,0,0,0,1,0,0,0,0,0,1,0,0,2,0,0,0,0,0,0,0,0,0,0,0,0,0,0,0,0,0,0,0,0,0,0,0,0,0,1,0,0,0,0,0,0,0,0,0,0,0,0,0,0,0,0,0,0,0,0,0,0,0,0,0,0,0,0,0,0,1,0,0,0,0,0,0,0,0,4,0,0,0,0,0,1,0,0,0,0,0,0,0,0,0,1,0,0,0,0,0,0,0,0,0,0,0,0,1,0,0,0,0,2,0,1,0,0,0,0,0,0,0,0,0,0,0,0,0,0,0,1,0,0,0,0,0,0,0,2,0,0,0,0,0,0,0,0,0,0,0,0,0,0,0,0,0,0,0,2,1,2,0,0,0,0,0,1,0,0,0,0,0,0,0,0,1,0,0,0,0,0,0,0,0,0,0,0,0,0,0,0,0,0,0,0,0,0,0,0,1,0,0,0,0,0,1,0,0,0,0,3,0,0,0,2,0,0,0,0,0,0,0,0,0,0,0,0,0,0,0,0,0,0,0,0,0,1,0,0,0,0,0,0,0,0,0,0,0,0,0,0,0,0,0,0,0,0,2,0,0,0,0,0,1,0,0,0,0,0,0,0,0,0,0,0,0,0,0,0,0,0,0,2,0,0,0,0,0,0,1,0,0,0,0,0,1,0,0,0,0,0,0,0,0,0,0,0,0,0,0,0,1,0,0,0,0,0,0,0,0,0,0,0,0,0,0,0,0,0,0,0,4,0,1,0,0,0,0,0,1,0,0,0,0,0,0,0,0,1,1,1,0,0,0,0,0,0,0,0,0,0,0,0,0,0,0,0,0,0,0,0,0,0,0,0,0,0,0,0,0,0,0,0,0,0,0,0,0,0,0,2,0,0,0,0,0,0,0,0,0,0,0,1,0,0,2,0,0,0,0,0,0,1,2,0,0,0,0,0,0,2,0,0,0,0,0,0,0,0,0,0,0,0,0,0,0,0,0,0,0,0,0,0,0,0,0,0,0,0,1,0,1,0,0,0,2,0,0,0,0,0,0,0,0,0,0,0,0,0,0,0,0,0,0,0,1,0,2,0,0,0,0,0,0,0,0,1,0,0,0,0,0,0,0,0,0,0,0,0,0,0,0,0,0,0,2,0,0,1,0,0,0,0,2,0,0,0,0,0,0,0,0,0,0,0,0,0,0,0,0,0,0,0,0,0,0,0,0,0,0,0,0,0,0,0,0,0,0,0,0,0,0,0,0,0,0,0,0,0,2,0,0,0,0,0,1,0,0,0,0,0,0,0,0,1,0,0,0,1,0,0,0,0,1,0,0,0,0,0,0,1,0,0,0,0,0,1,0,0,0,0,0,0,0,0,0,0,0,0,0,1,0,0,0,0,2,0,0,0,0,0,1,0,0,0,0,0,0,0,2,0,0,2,0,0,0,0,2,0,3,2,0,0,0,0,0,0,0,0,0,0,0,1,0,0,0,0,2,0,0,0,0,0,0,0,0,0,2,0,0,2,0,0,0,0,0,0,0,0,0,1,0,1,0,0,2,0,0,0,0,0,2,0,0,0,1,0,0,0,0,0,0,0,0,0,0,0,1,0,0,0,0,0,0,0,0,0,0,1,0,0,0,0,0,0,0,1,0,0,0,0,0,1,0,0,0,0,0,0,0,0,0,0,0,0,0,0,0,0,0,0,0,0,0,0,0,0,0,0,0,0,0,0,0,0,0,0,5,0,0,0,0,2,0,0,0,0,0,0,0,0,0,0,1,0,0,0,0,0,0,0,0,0,0,0,0,0,0,0,0,0,0,0,0,1,0,2,0,0,0,0,0,0,0,0,0,0,0,0,0,0,0,0,0,0,0,0,0,0,0,0,0,0,0,0,0,0,0,0,0,2,0,0,0,0,0,0,0,0,0,0,0,0,0,0,0,0,0,0,0,0,0,0,1,0,2,0,0,0,0,0,0,0,0,0,5,0,0,0,0,0,0,0,0,0,0,0,2,0,0,0,0,0,0,0,0,2,0,0,0,0,0,1,0,0,0,0,0,1,0,0,0,0,0,0,0,0,0,0,0,0,4,0,0,0,0,0,0,0,2,0,0,0,0,0,0,0,0,0,0,0,0,0,0,0,0,0,0,0,0,1,0,0,0,0,0,0,1,0,0,0,0,0,0,0,0,0,0,0,0,0,0,0,0,0,0,4,0,0,0,0,0,0,0,0,0,0,0,0,0,0,0,0,0,0,0,1,0,0,2,0,0,0,0,0,0,0,0,0,0,0,0,0,0,0,0,1,0,0,0,0,0,0,0,0,0,0,0,0,0,0,0,0,0,0,0,0,0,0,0,0,1,0,0,0,0,2,0,0,0,0,0,1,0,0,0,0,0,0,0,0,1,0,0,0,0,0,3,0,0,0,0,0,0,0,4,0,0,1,0,0,0,0,0,1,0,0,0,0,0,0,0,1,0,0,0,3,0,0,0,0,0,0,0,0,0,0,0,0,0,1,0,0,0,0,0,0,0,0,0,0,0,0,0,0,0,0,0,0,0,0,0,0,0,0,2,1,1,0,0,0,0,0,0,0,1,0,0,0,2,0,0,0,0,0,0,0,0,0,0,0,0,0,0,0,0,0,0,0,0,0,0,0,0,0,0,0,0,0,2,0,0,0,0,0,0,0,0,0,0,0,0,0,0,0,0,0,0,0,0,0,0,0,0,0,0,0,0,2,0,0,0,0,0,0,0,0,0,0,0,0,0,0,0,0,0,0,0,0,0,0,0,0,0,0,0,0,0,0,0,0,0,0,0,0,0,0,0,0,0,1,2,0,0,0,0,0,0,0,0,0,0,0,0,0,0,0,0,0,0,0,0,0,0,0,0,0,0,0,0,0,0,0,0,0,0,0
ANXA5,0,0,0,1,0,1,1,1,0,0,2,0,0,1,0,5,0,0,1,1,1,0,1,1,0,2,0,1,0,2,0,0,2,0,1,0,1,1,1,0,1,1,6,3,0,0,0,3,0,0,0,0,2,0,0,1,0,0,0,0,1,0,0,0,0,1,0,0,1,0,0,1,0,2,1,0,0,2,1,0,1,0,0,1,0,0,1,2,2,0,0,1,0,2,0,0,0,0,2,3,0,1,2,0,2,2,0,0,3,0,0,0,0,0,0,0,0,0,0,1,0,0,1,0,0,0,1,0,0,0,0,1,1,0,1,0,1,0,1,0,2,1,0,1,4,0,0,0,0,0,3,0,0,0,0,0,0,0,0,3,0,0,3,0,0,1,1,0,3,12,0,0,0,0,2,0,0,0,2,0,0,0,0,0,0,0,0,0,2,3,2,0,1,1,0,1,0,0,0,2,1,0,1,0,0,0,0,0,2,0,0,1,0,0,0,0,0,0,1,1,0,0,0,0,0,0,0,1,0,0,0,0,0,4,3,0,0,0,1,0,3,0,1,0,0,0,0,6,0,1,1,1,0,0,1,0,0,0,0,2,0,0,0,3,0,0,0,0,0,3,0,2,2,0,0,0,1,2,3,0,0,0,0,0,0,0,0,0,0,1,0,0,1,0,0,0,0,0,1,0,0,0,0,2,3,1,0,1,5,0,0,1,0,0,0,1,0,1,0,0,0,0,3,0,1,0,0,1,1,0,0,0,0,0,1,0,1,2,0,1,4,1,1,0,0,1,0,1,2,2,1,0,3,0,0,0,0,0,1,0,0,0,0,1,0,0,6,1,1,1,0,0,0,0,0,8,0,1,1,3,1,0,1,0,1,1,0,0,0,0,0,6,1,3,0,0,4,1,0,2,1,0,0,0,1,0,1,2,0,0,1,1,0,0,0,3,0,1,0,0,1,0,6,0,2,0,0,0,0,0,0,0,1,2,1,0,0,3,0,2,0,0,6,1,1,5,0,0,0,0,0,0,1,0,3,2,1,0,2,0,0,0,0,0,0,0,1,0,3,1,1,1,0,0,0,2,1,1,0,0,4,0,1,1,4,0,0,1,0,2,0,0,1,0,0,0,0,0,1,0,0,2,0,0,0,0,0,6,0,0,1,0,0,0,0,0,0,1,0,0,0,0,0,3,3,2,0,0,2,0,1,0,0,0,0,2,0,0,0,0,0,1,0,0,0,1,2,0,3,0,0,2,0,0,0,1,0,5,0,0,0,2,0,0,0,0,1,0,0,0,0,0,0,1,0,2,0,0,0,0,0,0,0,2,0,0,0,0,0,0,0,1,0,3,0,0,0,1,0,1,2,3,1,0,0,5,0,0,0,0,0,0,0,0,0,0,0,1,0,1,0,0,0,0,0,0,0,1,0,0,0,0,1,0,1,0,0,0,0,1,1,0,0,0,0,1,0,0,0,0,0,1,0,0,0,2,0,0,0,1,2,1,0,0,0,3,0,0,0,0,0,1,4,1,1,0,2,1,0,0,0,6,2,0,0,0,0,1,0,0,0,0,0,0,1,1,0,1,1,2,0,0,1,0,1,3,0,1,1,7,0,0,0,0,3,0,0,0,0,1,0,0,1,0,1,0,0,0,0,0,0,0,0,1,1,0,0,1,0,1,0,0,1,1,0,0,0,1,0,0,0,0,1,0,1,0,0,0,0,0,0,1,0,0,2,0,1,0,1,0,0,0,0,0,4,0,2,0,1,2,1,0,1,1,2,2,0,0,0,0,0,0,0,0,1,0,0,0,0,1,1,0,0,0,1,1,1,1,0,0,0,3,0,1,0,0,0,0,1,0,0,0,3,1,1,1,0,0,0,1,0,0,0,1,0,0,0,0,1,0,0,1,5,0,1,1,0,0,0,1,0,1,0,0,0,0,3,1,0,0,1,0,0,0,0,1,0,1,0,0,0,2,3,1,0,0,0,0,0,3,0,0,3,2,2,1,0,0,0,2,0,1,0,1,1,0,0,0,1,0,0,0,0,0,0,0,0,0,6,3,1,0,1,0,1,0,1,1,0,0,0,6,3,0,0,1,0,1,0,2,0,1,0,0,0,0,0,6,1,0,0,0,0,0,0,0,0,1,0,0,2,1,3,0,0,0,0,1,1,0,2,0,0,0,0,5,0,1,1,1,1,9,1,0,0,0,0,0,2,0,0,0,0,2,0,0,0,0,0,0,2,0,0,0,0,0,0,0,0,0,0,2,1,0,0,0,0,0,0,0,2,0,1,1,0,1,0,1,0,0,0,0,0,1,0,0,2,0,0,0,6,5,0,1,0,4,0,0,0,0,0,0,0,0,0,1,0,0,0,1,1,2,0,0,0,1,0,0,0,0,1,0,6,5,4,2,2,0,0,1,0,0,0,2,0,2,0,0,1,5,0,0,0,0,1,0,3,0,0,0,1,0,0,10,0,1,0,1,1,0,1,1,4,0,1,0,0,0,0,3,0,0,0,1,0,0,0,1,0,0,1,0,3,0,0,0,0,0,0,0,0,1,0,0,0,2,0,0,0,0,1,1,1,0,0,0,0,0,1,0,2,0,0,1,1,0,0,0,0,0,0,1,0,0,1,0,0,0,1,0,0,1,0,0,0,0,1,0,0,3,0,0,0,0,1,0,0,0,0,1,0,0,0,0,0,0,1,0,0,0,0,0,0,0,1,1,1,1,0,0,0,0,0,7,0,1,6,0,0,0,0,0,0,0,0,0,1,2,0,1,1,1,0,0,0,0,0,0,0,0,1,0,0,0,1,0,1,0,1,0,5,0,0,0,1,0,2,0,0,0,0,0,1,1,0,0,0,0,0,0,0,2,0,0,0,0,0,0,0,4,1,0,2,1,0,0,1,1,0,0,1,0,1,0,1,1,1,0,0,0,3,0,0,4,1,0,2,0,0,0,0,0,0,0,1,0,0,0,0,1,0,2,0,1,0,0,0,0,1,3,0,0,0,0,0,0,0,0,7,0,1,1,0,0,0,0,0,0,2,0,0,0,0,0,1,0,0,0,2,0,0,4,0,2,0,3,0,0,0,1,0,0,0,0,0,0,0,0,0,1,0,0,1,1,1,1,0,0,0,0,6,1,1,1,1,2,1,2,0,4,0,0,1,0,1,2,0,0,0,0,0,0,0,0,0,1,0,5,0,0,0,0,2,2,0,1,0,0,1,0,1,1,0,0,0,0,0,0,0,0,1,1,0,0,0,0,0,0,0,0,0,0,0,3,0,1,0,1,0,2,0,0,0,0,0,0,3,2,1,0,2,0,0,4,10,0,0,0,0,5,0,0,0,0,0,3,0,0,2,0,0,1,0,0,0,0,0,3,3,0,0,3,0,0,1,0,0,0,1,1,0,1,0,0,1,2,0,0,3,0,1,1,1,0,2,0,1,4,0,0,0,1,1,0,0,0
ARL4C,0,2,3,0,0,0,0,0,2,0,0,2,1,0,0,2,0,0,0,0,0,2,0,1,0,1,0,0,2,0,0,0,0,1,0,0,0,0,1,0,0,1,0,0,0,0,0,0,0,0,0,0,1,0,1,0,1,0,0,0,1,0,0,0,0,0,0,0,2,0,0,0,2,0,0,0,2,0,0,3,0,0,0,0,5,0,1,0,2,0,0,0,1,0,0,0,0,0,0,1,1,0,0,0,0,0,0,1,0,1,0,0,0,0,0,0,3,2,0,0,0,0,1,0,1,0,1,0,0,0,0,2,0,0,0,0,0,1,0,2,1,0,0,1,2,2,0,0,1,1,1,1,0,0,0,0,2,0,1,0,0,0,1,0,1,1,1,1,2,0,0,0,3,0,0,1,2,0,1,0,0,1,1,0,0,0,1,0,0,2,0,1,1,0,0,0,0,1,0,0,0,0,0,0,0,0,0,0,0,2,0,1,1,1,1,3,2,4,0,4,0,0,1,0,1,1,0,0,0,2,0,0,0,0,0,2,0,0,2,0,1,0,0,0,2,0,0,0,2,0,0,0,0,0,0,1,0,0,0,0,2,0,0,0,0,1,1,0,1,3,1,3,0,0,0,3,0,0,1,0,0,0,2,1,0,0,1,0,2,1,1,0,0,2,0,0,0,1,0,3,0,1,0,1,0,0,0,0,0,0,1,0,2,0,0,0,0,0,0,1,2,3,0,0,0,1,0,0,0,1,1,3,0,0,0,0,1,0,2,0,1,3,0,0,0,0,1,0,0,0,1,0,2,1,0,0,0,1,0,0,1,0,0,0,0,0,1,2,0,0,1,0,0,0,0,0,0,0,0,0,0,0,1,0,0,0,1,0,0,2,1,0,0,0,2,0,1,1,0,0,0,0,0,2,0,1,0,0,0,0,0,0,1,1,0,4,0,0,1,1,0,1,1,1,1,0,1,2,2,1,0,0,7,0,2,0,0,4,0,1,5,0,0,0,0,0,0,0,0,0,0,0,1,0,0,0,1,1,0,0,2,0,0,0,2,1,1,0,0,0,0,0,1,0,0,0,0,0,0,0,0,1,2,1,0,0,0,0,0,1,1,0,0,0,0,0,1,0,0,4,0,0,0,0,2,0,0,0,0,0,0,0,0,2,0,0,0,0,0,0,1,0,2,0,0,0,0,0,0,0,0,0,1,0,0,0,3,1,0,0,0,1,0,3,0,3,0,1,7,1,3,1,1,0,0,1,0,0,2,1,0,1,0,0,0,0,2,1,1,0,0,5,0,0,0,0,0,0,0,1,0,1,0,0,2,0,0,2,0,0,0,0,0,0,0,0,0,0,0,0,0,1,0,0,2,0,0,2,0,1,0,0,1,1,1,1,2,3,0,0,1,4,1,0,1,0,1,0,0,1,0,3,1,2,0,0,0,1,0,0,0,0,1,1,0,0,4,1,0,0,2,0,0,0,0,0,0,0,0,0,0,0,0,1,0,4,0,0,2,0,0,1,0,1,2,3,0,0,0,1,3,0,1,1,0,0,2,0,0,0,0,0,0,1,0,1,1,0,0,1,0,1,4,0,0,0,0,0,0,2,0,2,0,1,2,0,1,0,0,0,0,0,2,1,0,0,0,0,0,2,0,0,0,0,2,0,1,0,1,0,0,0,0,0,1,3,0,1,0,1,0,0,0,0,0,1,0,0,2,0,0,0,0,0,1,0,0,0,0,0,1,0,0,2,0,0,0,0,0,0,0,0,0,0,0,1,0,0,0,0,3,1,0,0,2,0,1,0,0,0,0,1,0,0,0,0,2,0,0,1,1,0,0,0,0,0,0,1,1,2,2,0,1,0,0,0,0,0,0,0,1,0,0,0,0,2,0,0,0,0,0,0,1,0,2,1,0,3,2,0,0,0,0,0,0,0,0,0,1,0,1,2,0,1,1,1,0,0,1,1,2,0,1,1,0,2,1,1,0,0,1,0,0,3,1,0,0,0,0,0,0,0,2,0,0,1,0,0,1,0,0,0,0,1,2,0,0,0,0,0,2,0,1,0,0,2,0,0,0,0,0,0,1,0,0,0,0,1,2,1,0,1,0,0,0,0,0,0,0,4,0,0,2,0,0,0,1,0,0,1,0,0,0,0,0,0,2,0,1,0,1,1,0,0,1,0,0,0,0,0,0,1,0,4,1,0,0,1,0,0,0,0,0,1,1,1,0,0,1,0,1,2,0,3,0,4,1,0,0,0,1,0,2,0,2,0,0,2,0,0,0,1,0,2,1,0,0,0,1,3,0,0,0,0,0,1,2,0,0,0,3,1,0,0,0,1,0,2,0,0,0,2,1,3,0,0,0,0,0,1,1,0,1,3,0,0,0,1,1,0,1,0,0,2,0,0,0,0,0,0,1,2,3,1,0,2,1,0,0,0,2,0,0,1,1,0,0,0,0,0,1,1,2,3,1,0,0,0,0,1,0,1,0,0,0,0,1,0,0,0,0,0,0,3,0,0,0,0,1,0,0,0,0,0,0,0,4,1,0,0,0,0,0,1,0,0,0,0,1,0,1,2,1,1,0,0,0,0,1,0,0,0,0,2,0,0,0,0,0,0,2,0,0,0,0,0,0,3,0,3,1,0,0,0,2,1,0,0,0,6,1,0,0,0,0,3,1,0,0,0,0,0,1,0,0,2,0,2,1,0,1,1,0,2,0,1,1,1,0,0,0,2,0,0,0,0,0,0,1,0,1,1,0,1,0,1,0,0,1,1,0,1,0,0,0,3,0,0,0,0,2,0,0,0,0,0,0,0,1,2,0,0,0,0,0,1,0,0,2,1,0,1,0,0,1,0,0,2,1,1,0,0,2,1,0,0,0,0,0,0,1,1,0,3,0,1,0,0,0,3,0,0,2,0,0,0,3,3,0,1,1,0,0,0,0,0,0,0,0,2,0,0,0,1,0,1,0,0,1,0,0,0,0,1,0,1,0,0,2,0,0,2,0,0,0,0,2,2,6,0,0,0,1,0,0,0,3,1,1,0,0,1,1,0,0,0,0,0,0,1,0,0,1,0,0,0,0,4,0,0,0,0,1,0,2,0,0,0,0,0,1,1,0,1,0,0,0,0,0,0,0,0,0,1,0,0,1,0,0,2,0,2,1,0,1,0,1,3,0,0,1,0,2,1,0,0,1,4,1,3,0,1,0,0,0,0,0,1,0,0,0,3,0,2,0,0,0,0,2,0,0,0,1,0,0,0,0,0,0,0,2,3,2,0,1,0,0,0,0,1,0,0,0,0,0,0,0,0,3,1,0,0,0,0,0,0,1,1,0,0,0,0,2,2,2,1,1,0,0,0,0,0,0,0,2,0,1,0,1,1,0,1,0,1,0,0,0,0,1,0,0,0,1,0,0,1,0,2,0,0,2,0,0,0,0,0,0,9,1,0,0,0,0,0,1,0
APOBEC3G,1,1,0,0,0,0,0,0,0,0,1,0,0,0,0,1,0,1,0,1,0,0,0,0,0,1,0,0,0,0,0,0,0,0,0,2,0,0,0,2,0,0,0,0,1,1,1,0,0,0,0,0,0,1,0,0,0,0,0,3,0,1,0,0,0,0,0,0,0,0,0,1,0,0,0,2,1,0,0,0,0,0,0,0,0,0,0,1,2,0,1,0,0,0,0,0,0,0,0,2,2,0,0,0,1,0,0,4,0,0,2,1,0,0,0,0,2,0,0,0,0,0,0,0,0,0,0,0,0,0,0,1,0,0,0,0,0,0,0,3,0,1,3,0,1,0,0,0,2,1,0,1,1,0,1,0,2,0,0,0,0,0,0,0,1,0,0,0,0,0,0,1,0,0,0,0,0,0,0,0,0,0,0,0,0,0,0,0,0,0,1,0,0,0,0,0,1,3,0,0,0,1,0,0,0,1,0,0,0,0,0,0,0,1,1,5,0,1,0,0,0,0,0,0,2,0,0,0,0,0,1,0,0,0,0,1,0,1,0,0,0,0,1,0,2,1,0,0,0,0,0,0,0,0,0,1,0,0,0,0,0,0,1,0,0,3,0,1,1,0,4,0,0,0,0,1,0,0,0,3,0,1,0,0,0,0,0,0,0,0,0,1,0,1,1,0,0,0,0,1,0,0,0,0,0,0,0,0,2,0,0,0,0,1,0,1,0,0,0,0,2,1,0,0,0,0,0,0,0,0,0,0,0,0,0,0,0,0,0,0,0,0,0,0,2,0,0,0,0,0,0,0,0,0,0,0,0,0,0,0,1,0,0,0,2,0,1,0,0,0,1,0,1,0,2,0,0,0,0,0,0,0,2,0,0,0,1,1,0,1,0,1,2,0,1,0,1,0,0,0,0,0,3,0,0,0,2,0,3,0,1,0,0,0,0,0,0,0,0,0,0,0,3,1,1,0,1,1,0,2,0,1,1,1,1,0,0,1,0,0,0,0,0,0,0,0,1,0,0,0,0,0,0,1,0,1,0,1,0,0,0,0,0,0,1,1,2,0,0,0,0,0,3,0,0,0,0,0,0,0,0,0,0,2,0,0,1,0,0,0,0,0,0,0,0,0,0,0,0,2,0,1,0,1,0,0,1,0,2,0,0,0,0,1,0,1,0,0,0,0,1,0,0,1,0,0,0,1,0,0,0,3,0,1,1,0,0,2,2,0,2,0,0,0,0,0,0,0,0,0,0,2,0,0,0,0,0,0,0,0,0,0,0,3,0,0,0,0,0,0,0,1,1,0,0,0,0,3,0,1,0,2,2,0,0,0,1,1,1,0,1,0,0,0,0,0,0,0,0,0,0,0,0,3,1,0,1,0,1,0,0,0,1,0,0,0,0,0,0,0,0,0,3,0,2,2,0,0,0,0,0,0,2,1,0,0,0,0,1,0,0,0,2,0,0,1,0,0,0,0,1,0,0,0,0,0,1,0,0,0,0,0,1,0,1,1,0,0,0,1,0,0,0,2,0,0,0,0,0,0,0,0,1,0,0,0,0,0,0,0,0,0,1,0,0,0,1,0,1,0,0,0,1,0,0,0,0,0,0,0,0,0,1,0,0,1,1,2,0,0,0,0,0,0,0,1,0,0,0,3,0,0,0,0,0,0,0,0,0,1,0,0,2,0,0,4,0,0,0,0,1,0,0,1,0,0,0,0,0,0,0,0,0,0,0,0,0,0,0,0,0,0,0,1,0,0,0,1,0,1,0,0,0,0,0,1,2,0,0,3,0,0,0,0,0,0,1,0,0,0,0,0,0,0,0,0,0,1,0,1,0,0,0,0,0,0,1,0,0,0,3,0,1,0,1,0,0,0,0,0,0,0,0,0,0,0,1,0,1,0,0,0,0,0,0,0,1,0,1,0,1,0,0,0,1,0,0,0,0,0,0,0,0,0,0,0,0,0,0,0,0,0,0,1,0,1,1,0,2,0,0,0,0,0,0,0,0,0,0,0,0,0,1,0,0,1,0,0,0,0,0,0,0,0,0,0,0,1,0,0,1,0,0,0,0,0,0,0,0,0,0,0,0,1,0,0,0,0,0,0,0,0,0,0,0,1,0,1,0,1,0,0,0,0,0,0,2,0,0,3,0,0,0,0,1,0,0,0,0,0,2,0,0,2,0,0,0,0,0,0,0,0,0,1,0,0,0,1,0,0,0,0,0,0,1,0,0,0,0,0,0,0,0,3,0,0,0,0,0,0,0,0,0,0,0,1,0,1,0,0,1,2,0,0,0,0,0,1,0,0,0,0,0,0,3,3,0,0,0,0,1,1,0,0,0,0,0,0,0,0,0,1,2,5,0,0,0,1,0,1,1,0,0,1,0,1,0,0,0,0,0,1,0,0,0,1,0,0,1,0,0,1,1,0,0,0,0,0,0,0,0,0,0,0,3,0,0,0,0,0,0,0,1,1,0,0,0,1,0,0,0,1,0,0,0,0,0,1,1,0,1,0,0,0,1,0,0,0,0,1,0,1,0,0,0,1,2,0,0,0,0,0,0,0,4,1,0,0,0,0,0,1,0,2,0,0,0,1,0,0,0,0,1,0,0,0,1,0,2,0,1,0,0,0,0,0,0,0,0,2,0,1,0,0,0,2,0,0,0,0,0,0,0,0,0,0,0,0,0,0,0,0,0,0,0,2,0,2,0,0,0,0,1,1,0,0,0,0,0,0,0,0,0,2,0,0,1,0,0,0,0,0,0,0,1,0,0,0,0,0,0,0,0,0,0,0,0,0,0,0,0,0,1,0,0,0,0,0,0,1,0,0,0,0,0,0,0,1,0,0,0,0,0,0,4,1,0,1,0,0,0,0,1,0,0,0,0,1,0,0,0,0,0,0,0,0,1,0,0,0,0,0,0,0,0,0,0,0,0,0,0,0,1,0,0,2,0,0,0,0,0,0,0,1,0,1,0,0,0,0,0,0,0,0,0,0,3,0,1,0,0,0,0,0,0,0,0,1,3,0,1,0,0,1,1,0,1,0,0,1,0,2,1,0,0,0,0,2,0,0,0,1,0,1,0,0,0,3,0,0,0,0,0,1,1,0,0,0,0,0,0,2,0,1,0,0,1,0,0,1,1,3,0,0,2,0,1,0,1,1,0,0,3,0,1,0,1,0,0,1,0,1,0,0,0,1,0,0,1,2,0,0,0,0,0,0,0,0,0,0,0,3,0,0,0,0,0,0,0,0,0,0,0,1,0,1,1,0,2,0,0,0,0,0,0,0,0,0,0,0,0,0,0,0,1,0,0,0,0,1,0,0,0,0,0,0,0,0,1,0,0,0,3,2,0,0,0,0,0,0,1,0,0,0,0,0,0,2,0,0,0,0,0,0,0,0,0,0,1,0,0,0,1,0,0,0,0,0,0,0,0,0,1,0,0,0,0,0,1,1,0,0,0,0,0,0
MARCH1,0,0,0,0,0,0,2,0,1,0,1,0,0,0,0,0,0,0,0,0,0,0,1,1,0,0,0,0,0,0,0,0,0,0,0,0,0,0,2,0,0,0,1,0,0,2,0,1,0,0,0,0,1,0,0,1,0,0,0,0,1,0,0,2,0,0,0,0,0,0,0,0,0,0,0,0,0,0,1,3,0,0,0,0,0,0,0,0,0,0,0,0,0,0,0,2,0,1,2,0,0,0,0,0,0,1,0,0,0,0,0,0,0,0,0,0,0,0,0,0,0,0,0,1,0,0,0,0,3,1,0,0,0,0,0,0,0,0,0,0,0,0,0,1,1,0,0,0,0,0,0,0,0,0,0,0,0,0,0,2,0,0,1,1,0,0,1,0,0,1,0,0,0,0,0,0,0,1,0,0,0,0,2,1,2,1,0,0,1,0,0,1,0,0,0,0,1,0,0,0,3,0,1,1,0,0,1,0,2,0,0,0,0,0,0,1,0,0,1,2,0,0,0,0,0,0,0,1,0,0,0,0,1,1,1,0,0,0,0,0,2,0,0,0,0,1,0,1,1,0,0,1,1,0,0,0,0,0,2,0,0,0,0,0,0,0,0,0,1,0,0,3,2,0,0,0,0,1,0,0,0,0,0,0,0,0,0,0,0,0,0,0,0,0,0,0,0,0,0,0,0,0,0,0,2,0,0,0,0,0,0,0,1,0,0,1,0,0,1,0,0,0,1,0,0,0,1,1,1,0,0,3,0,0,0,0,0,0,0,3,0,0,1,0,1,0,0,3,0,0,1,0,0,0,0,0,0,0,1,1,1,0,2,1,0,0,3,0,0,0,0,1,0,0,0,2,0,0,0,1,0,0,1,0,0,0,0,2,0,0,0,1,0,2,0,2,1,0,0,1,1,0,0,0,1,0,0,0,1,2,0,0,1,0,0,1,0,0,0,0,0,0,0,0,3,0,0,0,0,0,0,0,0,0,1,0,0,0,0,0,0,0,1,0,0,0,0,0,0,0,0,0,1,0,1,0,0,0,3,2,0,0,0,0,0,1,0,0,1,1,1,0,0,0,0,0,1,0,0,0,1,0,1,0,0,0,0,0,0,0,0,0,0,1,0,0,0,0,3,0,0,0,0,0,0,0,0,1,0,0,0,0,1,0,0,0,0,0,0,0,0,0,0,0,1,0,0,2,0,0,0,1,0,0,0,0,0,0,0,0,0,0,0,0,0,0,1,0,2,0,0,2,0,0,0,0,0,1,0,0,0,0,1,0,0,0,0,0,0,0,0,0,0,0,0,1,0,0,0,0,1,0,0,0,0,0,1,0,1,1,0,0,0,0,0,1,0,1,0,2,0,1,0,0,0,1,2,0,0,0,2,1,0,1,0,0,0,0,0,0,0,0,0,0,0,0,0,0,0,0,1,0,0,0,0,0,0,0,0,0,0,0,2,0,0,1,0,0,0,0,0,0,0,1,0,0,0,0,1,1,0,0,1,0,0,0,1,0,0,2,0,0,0,0,0,1,0,1,0,0,0,1,0,0,0,0,0,0,0,0,0,0,0,0,0,0,0,0,0,2,0,0,2,0,1,2,0,0,0,1,0,0,1,0,0,0,0,0,0,0,0,0,0,0,2,0,2,0,0,0,0,0,0,0,2,0,0,1,0,0,1,0,0,2,0,0,1,0,0,0,0,0,0,0,0,0,0,0,0,0,1,0,2,1,3,1,0,0,0,0,0,0,0,0,0,0,0,0,0,0,0,0,0,0,1,4,0,0,0,0,0,1,0,0,0,0,0,0,1,0,0,0,0,0,0,0,0,0,0,0,1,2,0,0,0,0,0,0,0,0,0,0,1,1,1,0,0,0,0,0,0,0,0,3,0,0,0,0,1,0,0,1,0,0,0,1,0,0,0,0,0,0,2,0,0,1,1,1,0,1,0,0,0,0,1,0,0,0,0,0,1,0,1,0,0,0,0,0,1,1,0,1,1,3,1,0,1,0,1,2,0,0,0,0,1,1,1,0,2,0,4,0,0,0,0,0,0,0,1,0,1,0,0,0,0,0,2,0,0,1,0,1,0,0,0,0,0,0,1,0,1,1,0,0,0,0,0,2,0,0,0,0,0,0,0,0,0,0,0,0,0,0,1,0,0,0,1,0,0,0,0,0,0,0,0,1,1,0,1,2,0,1,0,0,0,0,0,0,1,0,0,0,0,1,0,0,0,0,0,0,1,0,0,0,0,0,0,0,0,0,0,1,0,0,0,0,0,0,1,0,0,0,1,0,0,0,1,0,0,0,1,1,0,0,1,0,0,0,0,0,1,0,1,0,0,1,0,2,1,0,0,0,0,0,0,0,0,0,0,0,0,0,0,0,1,1,0,0,0,0,0,0,0,0,0,0,1,0,0,1,1,0,0,0,0,1,0,2,1,0,1,0,0,0,0,0,2,0,0,1,0,0,0,4,0,0,0,0,1,0,0,0,2,0,3,0,0,0,0,0,0,0,1,0,2,0,0,0,0,0,0,0,0,0,2,0,0,0,0,0,0,0,0,0,0,0,1,2,0,0,0,0,0,0,0,0,0,0,1,0,1,0,0,2,1,0,0,4,0,0,0,0,0,1,0,0,0,0,0,0,0,0,0,2,1,0,2,0,0,1,0,0,1,0,0,0,0,0,0,1,0,0,0,0,0,0,0,0,2,0,0,0,0,0,0,0,0,0,0,0,1,0,0,1,0,0,1,0,0,0,0,1,0,0,1,0,0,1,0,0,3,0,0,1,0,0,1,0,0,0,0,0,0,0,0,1,0,0,3,0,1,0,0,0,0,0,1,0,0,0,0,0,1,2,0,1,0,0,0,0,0,0,0,0,0,0,1,0,0,0,0,0,0,0,0,1,0,0,0,3,1,0,1,0,0,2,0,0,0,0,0,2,0,2,0,0,0,0,0,0,1,0,0,0,0,0,3,0,0,2,0,0,0,0,0,0,1,0,0,2,0,0,0,1,0,0,0,0,0,2,0,0,0,0,0,1,0,0,1,0,0,0,0,0,0,0,1,0,0,0,0,3,0,0,0,0,0,0,0,0,2,0,0,0,1,0,0,0,0,1,0,0,0,0,2,3,0,0,0,0,1,0,0,0,0,0,0,0,1,1,0,1,0,0,0,0,0,0,1,0,0,0,0,0,1,0,0,2,0,0,1,0,1,1,0,0,0,0,0,0,0,0,1,0,0,0,0,0,0,0,0,0,0,0,0,0,0,0,0,0,0,0,0,0,1,0,0,0,0,0,0,0,1,0,0,0,0,0,0,0,0,0,1,0,2,0,0,0,0,0,0,0,0,0,0,2,0,0,1,0,0,0,0,1,0,0,0,1,0,0,0,0,0,0,1,0,0,0,0,0,0,0,0,0,0,0,0,0,0,0,0,2,0,0,0,0,1,1,0,0,0,0,0,0,0,0
ISG15,0,1,1,0,0,1,0,0,0,0,0,0,1,1,0,1,1,1,10,1,0,1,0,2,0,1,1,0,1,0,0,0,0,0,0,0,0,0,0,0,0,0,0,3,0,0,0,1,0,0,0,0,4,0,0,0,0,0,0,0,0,0,0,0,0,0,0,0,0,0,0,0,0,0,0,0,0,0,0,0,1,0,5,0,1,0,0,0,1,0,2,0,0,0,0,2,1,0,0,3,0,0,11,0,1,2,0,1,0,0,2,1,0,2,0,1,1,0,0,0,0,1,9,0,0,0,0,0,2,0,0,0,1,0,0,0,0,0,1,0,0,2,0,0,0,1,1,0,0,0,0,0,0,0,2,0,3,0,0,0,0,0,5,1,1,0,0,0,0,0,0,1,1,0,1,0,0,0,1,1,0,0,0,0,0,0,0,2,1,0,2,0,0,0,0,0,0,1,0,0,0,1,1,0,0,0,0,0,0,0,0,0,0,0,0,0,0,0,1,0,0,2,0,0,0,0,0,0,0,0,0,0,1,2,0,0,0,1,0,0,0,0,0,0,0,0,0,1,0,0,0,0,0,0,0,0,3,0,1,0,1,0,0,1,0,0,0,2,1,1,1,0,0,3,0,0,0,0,0,0,1,0,0,0,1,0,1,0,4,0,0,0,0,0,0,0,0,0,0,0,0,0,0,0,1,0,0,7,2,0,1,1,0,0,0,0,0,0,0,0,3,0,0,0,0,0,0,0,0,0,0,0,0,0,0,0,0,1,1,1,1,0,1,1,0,2,0,0,1,0,1,0,1,0,0,0,0,0,1,1,0,0,0,0,0,0,0,0,0,2,0,1,1,0,0,1,0,0,0,1,2,0,1,0,0,4,0,0,0,0,0,5,0,0,1,0,0,0,2,1,0,0,1,0,1,1,0,1,2,1,0,1,0,1,0,1,0,0,0,1,0,1,6,1,1,0,0,0,0,0,0,0,4,0,1,0,0,2,0,0,1,0,0,0,1,1,1,0,1,0,0,0,0,1,1,0,0,0,0,0,0,0,0,2,0,1,0,1,0,1,0,0,1,0,0,0,0,0,0,0,1,0,1,1,1,0,0,0,0,0,2,1,0,0,0,0,0,2,0,1,0,0,0,0,0,0,1,0,0,0,0,0,0,1,0,0,0,0,0,1,1,0,0,5,1,0,0,0,0,1,1,1,0,0,0,0,0,0,0,0,0,3,0,0,0,0,3,0,0,0,1,1,0,0,3,0,0,1,0,1,0,1,1,1,0,0,0,1,0,0,0,0,1,0,0,1,0,0,0,1,0,0,0,0,0,1,0,0,0,0,0,0,0,0,0,0,2,1,0,1,0,0,0,1,2,0,0,0,0,0,0,1,1,0,2,2,0,0,0,6,1,0,0,0,1,0,0,0,1,0,0,1,1,0,0,0,0,0,0,0,0,0,0,0,1,0,0,2,0,0,0,0,0,1,0,0,0,0,0,0,1,0,0,1,0,2,1,0,1,0,2,0,2,1,1,1,0,0,1,0,0,0,1,0,0,1,0,0,0,0,0,0,0,0,0,1,0,0,0,1,0,0,0,1,0,0,0,0,0,2,0,1,0,0,1,0,0,1,0,0,0,0,0,0,0,0,0,0,0,1,0,1,0,0,0,2,0,0,0,0,0,0,1,0,0,0,0,0,0,1,0,0,0,1,1,0,0,0,0,1,0,0,0,2,2,0,1,2,0,0,1,0,0,0,1,0,1,0,1,0,1,0,0,1,1,0,0,0,1,0,1,0,0,0,1,1,1,0,0,0,0,0,0,1,0,0,0,0,0,1,0,0,0,0,0,0,1,0,0,1,0,1,0,0,0,0,0,0,0,0,0,0,0,0,0,0,0,1,0,0,0,1,2,1,0,0,0,0,0,0,0,0,0,0,1,0,0,0,0,0,0,0,0,0,0,0,1,6,1,0,0,0,2,0,0,1,0,0,0,0,0,0,1,0,0,0,1,0,0,0,0,0,0,0,0,0,1,1,0,0,0,0,0,0,0,1,0,0,0,0,0,0,0,0,0,0,0,0,0,0,0,0,0,0,0,0,0,0,0,1,2,0,0,0,0,0,0,1,0,2,0,1,11,0,0,0,1,1,1,0,0,0,1,0,0,0,0,0,0,1,0,2,0,0,1,0,0,0,1,1,0,0,0,0,0,0,0,0,1,0,0,0,0,0,1,0,0,0,1,0,0,0,0,0,0,0,0,0,0,0,0,0,0,0,0,0,0,0,0,1,0,1,0,0,0,0,0,0,1,0,0,0,0,0,0,0,0,0,1,0,1,3,0,0,0,0,0,0,2,0,0,1,1,0,2,0,0,0,1,0,0,0,0,0,3,0,0,0,0,0,2,0,2,2,1,1,1,0,2,0,0,2,0,1,0,0,0,0,0,0,0,0,0,1,0,1,0,1,0,0,0,1,1,3,1,1,0,0,1,0,0,1,2,0,0,0,0,0,0,0,0,0,0,1,0,0,0,0,1,0,0,2,1,1,0,0,1,0,0,1,0,0,1,0,0,0,0,1,1,0,0,0,0,0,0,0,0,0,0,0,0,0,0,0,0,0,0,1,0,0,2,1,0,0,0,0,0,2,0,0,1,0,0,1,0,0,0,0,0,1,0,0,0,0,0,0,0,0,0,0,0,0,0,0,1,0,1,1,1,0,0,0,0,0,0,1,0,0,1,0,0,2,0,0,0,0,2,2,0,1,1,1,0,0,0,1,1,0,0,0,0,0,0,0,0,1,0,0,0,0,0,0,0,0,0,0,0,0,0,1,1,0,0,6,0,2,2,0,0,1,1,0,0,0,0,0,0,0,0,0,0,2,0,0,0,0,0,1,0,2,0,1,0,6,1,0,0,1,0,0,0,1,0,0,0,0,0,2,0,0,0,1,0,1,0,1,0,1,1,4,0,0,0,0,0,0,1,0,0,1,0,0,0,0,1,0,0,0,0,1,1,0,0,0,0,0,0,1,9,0,27,0,1,0,0,0,0,0,0,0,3,0,0,0,1,0,2,0,0,1,0,0,1,0,0,0,0,0,1,0,0,0,1,0,1,0,1,1,0,0,0,0,1,1,0,0,0,0,1,2,5,1,0,0,2,0,0,0,0,0,0,0,0,0,1,0,0,2,0,0,0,0,0,0,0,1,0,1,0,1,0,1,2,1,0,0,0,0,1,0,0,0,0,2,0,1,0,1,0,0,1,1,0,0,0,0,0,0,0,0,0,1,1,0,0,0,0,1,0,1,1,0,1,0,0,0,1,0,0,1,0,0,0,1,0,1,0,0,0,1,0,1,0,3,0,0,0,0,0,0,0,2,0,0,1,0,0,1,0,0,0,0,0,0,0,0,1,1,0,0,0,0,2,0,1,1,1,0,0,0,0,0,0,0,0,0,0,1,0,0,0,1,1,0,0,1
YBX3,0,0,0,0,0,0,1,0,0,0,2,0,2,0,0,0,0,0,0,0,0,0,0,0,0,0,0,0,0,0,0,1,0,0,0,1,0,0,0,0,0,0,0,0,1,0,0,0,0,0,0,0,1,0,0,0,0,1,0,1,1,0,0,1,0,0,0,0,1,0,0,2,0,0,3,0,0,1,0,2,0,0,0,3,0,0,0,0,0,0,0,0,0,0,0,1,0,0,0,0,0,0,0,0,0,1,0,0,0,1,0,0,0,0,0,2,1,0,0,0,0,0,1,0,1,0,0,0,0,0,0,0,0,1,0,0,0,0,1,0,0,0,0,0,0,0,1,0,0,0,0,0,0,1,0,0,0,0,0,3,0,0,2,1,0,0,0,0,1,0,0,0,0,1,1,0,0,0,4,0,0,0,0,0,0,0,1,1,0,0,0,0,0,0,2,0,0,0,0,0,0,0,2,0,0,0,0,0,0,0,0,0,0,0,0,0,0,0,0,6,0,0,0,0,0,0,1,0,0,0,0,0,0,0,2,0,0,0,0,0,5,0,0,1,0,0,0,1,2,1,0,1,0,0,0,0,0,0,0,0,0,0,0,0,0,0,0,0,1,0,0,4,0,0,0,0,1,0,0,0,4,0,0,0,0,0,0,0,0,1,0,0,1,0,0,0,0,0,1,0,0,0,0,0,0,0,0,0,4,0,0,0,0,0,0,1,0,0,0,0,0,0,0,0,0,0,0,2,2,0,0,2,0,0,0,0,0,2,0,2,0,0,0,0,0,0,0,0,0,1,2,0,0,0,0,0,0,0,2,2,0,0,1,0,0,0,2,0,0,0,0,1,0,0,0,1,0,0,0,0,1,2,0,0,0,0,0,0,0,0,0,3,0,2,0,0,2,0,0,3,0,0,0,0,0,0,0,0,0,0,0,0,0,1,0,1,0,0,0,0,0,0,0,0,0,0,0,0,0,0,0,0,0,0,3,2,0,0,2,3,0,0,0,0,0,2,0,0,0,0,0,0,0,0,0,0,0,0,1,0,0,0,0,0,0,1,0,0,0,0,1,0,0,0,0,0,2,0,0,0,1,0,0,0,0,0,0,0,1,0,0,0,0,1,0,0,0,0,0,0,0,1,0,0,0,0,2,1,0,0,0,0,1,0,0,0,0,0,0,2,0,0,0,1,1,0,0,0,1,0,0,0,0,0,2,1,0,2,0,0,3,0,0,0,0,0,0,0,0,0,0,0,0,0,0,1,0,0,0,0,0,0,0,0,0,0,0,0,0,0,1,0,0,0,0,2,0,0,0,0,1,0,0,0,0,0,0,0,0,0,0,0,0,2,0,0,0,0,0,1,0,3,0,0,0,1,1,0,0,0,0,0,0,0,0,0,0,0,0,1,0,0,0,0,0,1,0,2,0,0,0,0,0,0,0,0,0,1,0,0,0,0,0,0,0,1,0,0,0,0,0,0,0,0,0,0,0,0,0,2,3,0,0,0,0,0,3,0,0,0,0,1,1,0,0,0,0,0,0,0,0,1,0,0,1,0,0,0,0,0,0,0,0,0,0,0,0,1,0,2,0,0,0,0,0,3,0,0,0,4,0,0,0,0,0,0,0,0,0,0,0,0,0,0,0,0,0,0,0,0,0,0,0,0,0,0,0,0,0,0,0,0,0,2,1,0,0,0,0,0,3,0,0,0,0,0,0,0,0,0,0,0,0,0,0,2,0,0,0,0,0,0,0,0,1,1,1,0,1,0,0,0,0,0,1,1,0,0,0,0,0,0,0,0,4,0,0,2,0,0,0,0,0,0,1,1,0,0,0,0,0,2,0,1,0,0,3,0,0,0,0,0,2,0,0,0,0,0,0,0,0,0,1,2,0,0,0,0,1,0,1,0,0,0,0,0,0,2,0,0,0,0,1,0,0,0,2,1,0,0,0,0,0,0,0,0,1,1,0,0,0,0,0,0,0,2,0,0,0,1,0,0,0,3,1,0,0,1,1,0,0,0,0,1,0,1,0,0,0,0,0,0,1,0,0,0,0,0,0,2,0,0,0,0,1,0,0,0,0,0,0,0,1,0,0,2,0,0,2,0,0,0,0,0,0,0,0,0,0,0,0,0,1,0,0,0,0,2,0,0,0,0,0,0,0,0,0,0,0,0,0,0,0,0,2,1,0,0,0,2,0,3,3,0,0,0,0,0,0,0,0,0,0,2,0,0,0,0,0,0,2,0,1,0,0,0,0,0,1,0,0,0,0,0,0,0,0,0,0,1,0,0,0,0,0,0,1,0,2,1,0,0,0,0,0,0,0,0,0,0,1,1,0,0,0,2,0,3,1,0,0,1,0,0,0,0,0,0,0,0,0,0,0,0,0,0,1,0,0,0,0,0,0,3,1,0,0,0,0,3,0,0,0,0,0,0,1,0,0,0,0,0,0,0,0,0,3,0,1,0,2,0,0,1,0,2,0,0,0,0,0,0,0,0,0,0,0,0,0,0,0,0,0,0,0,0,1,0,0,0,0,0,0,0,0,0,0,0,0,0,0,0,0,0,0,0,2,1,0,0,0,0,2,0,0,0,0,0,1,0,0,0,0,0,2,0,0,0,0,0,0,0,0,0,0,0,0,0,0,0,1,0,0,1,0,0,0,0,0,2,0,0,3,0,0,1,0,0,0,0,0,0,0,0,0,0,0,0,0,0,0,2,0,0,0,0,0,1,0,1,1,1,0,0,0,2,1,0,0,0,0,1,0,0,0,1,0,0,0,0,0,1,1,0,0,0,1,0,0,0,0,0,1,0,0,0,0,1,0,0,0,0,1,1,0,0,0,0,0,0,0,0,2,1,0,0,0,0,0,0,0,0,0,0,0,0,1,0,2,1,1,0,0,0,0,0,0,0,1,2,0,0,0,0,0,0,0,0,0,0,0,0,0,1,0,0,0,0,0,0,1,0,0,0,0,0,0,0,0,0,0,1,0,0,0,0,0,0,0,0,0,0,0,0,0,0,0,0,0,0,2,0,0,0,0,0,0,0,0,0,0,0,0,0,0,0,0,0,2,0,0,1,0,4,0,3,0,0,0,0,0,1,0,0,2,0,0,0,0,0,0,0,0,1,0,0,0,0,1,0,3,0,0,0,0,0,0,1,0,0,0,2,0,1,0,0,0,0,0,0,0,0,0,0,1,1,0,0,0,1,2,0,0,0,0,0,0,0,0,0,0,0,0,1,0,0,0,0,0,1,0,0,0,0,0,1,0,0,0,0,0,0,2,0,0,1,0,0,0,0,0,0,0,0,0,0,1,1,0,0,1,0,1,0,1,0,0,0,0,0,0,0,0,0,0,5,0,1,0,2,0,0,0,1,0,0,0,0,1,0,0,0,0,0,0,0,2,0,0,0,0,0,0,0,0,1,0,0,0,0,0,0,1,0,1,0,0,2,0,0,0,0,0,0,2,0
SOCS3,0,0,0,0,1,0,0,0,0,0,0,0,0,0,0,0,0,0,0,0,2,0,0,0,0,0,0,0,0,0,0,1,0,2,0,0,1,0,0,0,1,0,1,3,1,0,0,1,0,0,0,0,2,0,5,0,0,0,0,0,1,1,2,0,0,2,0,0,1,1,0,0,1,0,0,0,0,0,0,0,0,0,0,0,0,0,1,0,0,0,0,0,1,0,0,1,0,0,0,0,2,0,0,1,0,0,1,0,1,0,0,0,0,1,0,1,1,2,0,0,0,0,1,0,0,0,0,0,0,2,0,0,0,0,1,2,0,0,0,0,0,0,0,0,0,0,1,0,3,0,1,0,0,0,0,2,0,1,0,0,0,0,2,0,0,1,0,2,0,0,1,0,0,1,0,0,1,1,0,0,1,0,0,0,1,0,0,0,0,0,2,0,2,0,2,0,0,0,0,0,0,1,0,0,2,0,0,2,0,0,0,0,0,0,0,0,0,0,0,0,0,0,0,0,3,0,0,0,1,3,0,2,0,0,0,0,0,0,1,0,2,0,0,0,1,0,0,2,0,0,0,0,0,0,0,0,2,0,0,0,0,0,0,3,0,0,0,0,0,0,0,0,1,0,0,0,0,1,1,0,0,0,2,0,1,0,0,0,1,0,0,0,0,2,0,0,0,0,0,1,0,0,0,1,0,0,0,0,0,1,0,0,0,0,0,0,1,2,0,1,0,0,1,3,0,0,0,2,0,0,1,0,0,0,1,0,0,0,1,0,0,0,0,2,0,0,0,0,0,0,2,3,2,0,0,0,0,0,1,1,1,0,0,0,0,0,0,0,0,3,0,0,0,1,0,2,2,1,0,0,0,0,0,2,0,0,0,0,1,0,1,1,0,0,0,0,0,2,0,0,0,0,0,1,1,0,0,0,1,0,2,2,0,0,0,1,0,0,0,0,0,0,0,0,0,0,0,0,0,0,0,0,0,0,1,0,0,0,0,0,0,1,0,0,2,1,0,0,0,0,1,0,0,0,0,1,0,1,0,0,0,0,0,0,1,0,0,2,0,0,0,1,0,0,0,0,0,0,0,0,0,1,0,0,0,1,0,0,0,0,0,0,0,0,0,1,0,0,0,0,0,0,0,0,2,0,0,1,0,0,0,0,0,0,0,0,0,0,0,0,0,0,2,0,0,0,0,0,0,0,0,0,0,0,1,0,1,1,1,0,1,0,0,0,0,0,0,0,0,0,0,2,0,0,0,0,0,0,0,0,0,0,0,0,1,3,2,0,2,0,0,0,0,0,0,0,0,0,0,1,0,0,1,1,0,0,0,0,0,0,0,0,0,0,0,0,1,1,0,0,0,0,0,2,1,1,0,1,2,0,0,0,0,1,4,0,0,0,0,0,1,0,0,0,0,0,2,0,0,0,0,3,2,0,0,0,0,0,0,0,1,0,1,0,0,0,0,0,0,1,0,0,1,0,0,1,0,0,0,0,0,0,0,0,0,0,0,0,1,0,1,0,0,2,0,1,0,0,0,0,0,1,0,0,0,1,1,0,0,1,0,0,1,0,5,0,0,4,0,1,0,1,0,0,0,1,0,1,0,0,0,0,0,0,0,1,0,1,0,0,0,1,0,2,0,1,1,0,0,0,0,0,0,1,0,0,1,0,0,1,0,0,0,0,1,0,0,0,1,0,0,0,0,1,0,0,0,0,1,6,0,0,1,0,0,0,0,0,0,0,0,0,0,0,0,0,0,0,0,1,0,0,1,1,1,0,0,0,1,0,0,1,1,0,1,0,0,2,0,0,0,0,0,0,0,0,2,0,0,0,1,0,1,0,2,1,0,1,0,0,0,0,0,0,0,0,0,0,0,0,1,0,0,0,0,0,0,0,0,0,0,2,0,0,0,0,0,0,0,5,0,1,0,1,0,0,0,0,0,0,0,0,0,0,0,0,3,0,0,0,1,0,0,0,0,0,0,0,0,1,0,0,2,0,0,2,0,0,0,0,0,3,0,0,0,0,3,0,0,0,0,2,1,0,0,0,0,0,0,0,0,0,1,1,1,0,0,0,2,0,1,0,0,0,0,0,0,1,0,0,0,0,0,0,1,0,0,0,2,0,1,0,0,0,0,1,0,1,1,0,0,5,2,0,0,0,1,0,3,0,0,0,1,0,0,0,2,0,0,0,0,0,0,0,2,0,1,0,1,3,0,0,0,0,0,0,1,2,2,0,0,1,0,0,1,3,0,0,0,0,0,0,0,1,4,0,0,2,0,2,1,0,0,0,0,0,0,1,0,0,0,0,0,0,0,0,0,0,0,0,0,0,0,0,0,0,1,0,2,1,0,0,0,0,1,0,0,0,0,1,0,0,0,0,1,0,0,0,0,0,0,1,0,0,0,1,1,0,0,1,0,1,0,0,0,0,0,0,0,1,0,0,0,4,0,0,0,0,1,0,0,3,0,1,4,0,0,0,0,1,3,0,0,0,0,2,2,3,0,0,0,1,1,0,0,0,0,0,0,2,0,0,0,1,0,0,0,0,1,0,1,0,2,1,0,0,0,0,0,0,0,0,0,0,0,0,0,0,0,0,0,1,0,1,0,1,0,0,0,1,1,0,0,0,0,0,0,0,0,0,0,0,0,0,0,0,0,0,0,1,2,0,0,0,2,0,2,0,0,1,1,0,0,1,0,1,0,0,0,2,0,2,0,0,0,0,0,0,0,1,0,0,0,0,0,0,0,0,1,0,0,0,0,0,0,0,4,0,2,1,0,0,0,0,0,0,0,0,0,0,2,1,0,0,0,0,0,0,0,0,0,1,0,2,0,0,0,1,0,0,1,0,0,1,0,0,0,0,0,1,1,0,1,0,0,0,0,1,0,0,0,0,0,0,1,0,0,1,0,0,1,1,0,0,0,0,0,0,0,0,0,0,0,0,0,0,1,0,0,1,0,0,0,0,0,0,0,0,0,0,0,0,0,0,0,0,0,1,0,0,0,0,1,0,3,1,4,0,0,0,0,0,0,0,0,0,0,0,0,0,0,3,1,0,0,0,0,0,1,0,0,0,0,0,0,1,0,0,0,0,1,0,1,1,0,0,0,1,4,0,0,0,0,0,0,0,0,0,0,0,1,0,0,0,0,0,1,0,1,0,4,0,0,1,0,0,0,2,0,0,1,0,2,0,0,0,0,1,0,1,0,0,0,0,1,1,3,2,0,0,0,0,0,0,1,1,0,0,0,0,1,0,1,3,0,0,0,0,0,0,2,0,2,0,1,0,0,0,1,0,0,0,0,1,3,0,0,0,0,0,0,0,0,0,1,1,1,0,1,0,1,0,0,0,0,2,1,1,1,0,0,2,1,0,0,0,0,0,0,0,0,0,3,0,0,0,1,0,0,1,0,1,1,0,1,0,0,0,0,0,1,0,0,1,0,1,0,0,0,1,0,2,1,0,2,0
NCR3,1,1,2,1,0,0,0,0,0,0,0,0,0,0,0,4,3,0,0,0,0,0,0,0,0,0,0,0,0,0,0,0,0,0,1,0,2,1,0,0,0,0,0,0,0,0,0,0,0,0,0,0,0,1,2,0,0,0,2,0,0,0,0,0,0,0,0,0,0,0,0,0,0,0,0,0,0,0,0,0,0,0,0,0,0,0,0,0,0,0,0,0,0,0,0,0,0,0,0,0,0,0,0,0,0,0,2,2,0,0,0,0,0,0,0,0,1,2,0,0,0,0,0,0,0,0,1,0,0,0,0,0,0,0,0,0,0,0,0,1,0,1,0,0,1,0,0,0,0,0,0,0,0,0,0,0,0,0,0,0,0,0,0,1,1,1,0,0,0,0,0,1,0,0,0,0,0,0,0,0,0,0,1,0,0,0,0,0,0,0,0,0,0,0,0,0,0,0,0,0,0,0,0,0,0,0,0,0,0,0,0,0,0,0,1,0,0,3,0,0,0,0,0,0,0,0,1,0,0,0,0,0,0,0,0,0,0,0,1,0,1,0,1,0,1,0,0,0,0,0,0,0,0,0,1,0,0,0,0,0,0,0,0,0,0,0,0,1,1,2,2,0,0,0,0,0,0,0,0,0,0,0,0,0,0,0,0,0,1,0,0,0,0,0,0,0,0,0,0,0,0,0,0,0,0,0,1,0,0,0,0,0,0,0,0,0,0,0,0,0,0,1,0,0,0,0,0,0,0,0,0,0,0,0,0,0,0,0,0,0,0,0,0,0,0,0,0,0,0,0,0,0,0,0,0,0,0,0,0,0,1,1,0,0,3,0,0,1,0,0,1,0,1,0,1,0,0,0,0,0,0,0,0,0,0,0,0,0,0,0,0,1,0,0,0,0,0,0,1,0,0,0,0,0,0,0,0,0,0,0,0,0,0,0,0,0,0,1,0,0,0,0,0,1,0,0,2,1,0,3,0,0,3,0,0,0,0,0,0,0,0,0,0,0,0,0,1,0,0,0,0,0,0,0,0,0,1,0,0,0,0,0,0,0,0,0,0,0,0,0,0,0,0,0,0,0,0,0,0,0,0,0,0,1,0,0,1,0,0,0,0,0,0,0,0,0,0,0,0,1,0,0,0,0,0,0,0,0,0,0,0,0,1,0,0,0,0,0,0,0,1,1,2,0,0,0,2,0,0,2,0,0,0,0,0,0,0,0,0,0,0,0,0,0,0,0,0,0,0,0,0,0,0,0,0,0,0,0,1,0,0,0,0,0,0,0,0,0,0,0,1,0,0,0,0,0,0,0,0,0,0,1,0,0,0,0,0,0,0,0,0,1,0,0,0,0,0,0,0,0,0,0,0,0,0,0,0,0,0,0,0,0,0,0,0,0,1,0,0,0,0,2,0,0,3,0,0,0,0,0,0,0,0,1,0,0,0,0,0,0,0,0,1,0,0,0,0,0,0,0,0,0,0,0,0,0,0,0,1,0,0,0,0,0,0,0,0,0,0,0,0,0,0,0,6,0,0,0,0,0,0,0,1,0,0,2,0,0,0,0,0,0,0,1,0,0,1,0,0,0,0,0,0,0,0,0,0,0,0,0,0,0,1,2,0,0,2,0,0,0,0,0,0,0,0,0,0,0,0,0,0,3,0,0,0,0,0,0,0,0,0,0,0,0,0,0,0,0,0,0,0,0,0,0,1,0,0,0,0,0,0,0,0,0,0,0,0,0,1,0,0,0,0,0,0,0,0,0,0,0,0,0,0,0,0,0,0,1,0,0,2,0,0,0,0,0,0,0,0,0,0,1,0,0,1,0,0,0,0,0,0,0,0,0,0,0,0,0,2,0,0,0,0,1,0,0,0,0,0,0,0,0,0,0,0,1,0,1,0,0,0,0,0,0,0,0,1,0,1,0,0,0,0,0,2,0,0,0,0,0,0,0,0,0,0,0,0,0,1,0,1,0,0,1,0,2,0,0,1,1,0,0,0,1,0,0,0,0,0,0,0,0,1,0,0,2,0,0,0,0,0,0,0,0,0,0,0,0,0,0,0,0,0,0,0,0,0,0,0,0,0,0,0,0,0,0,0,0,0,0,0,0,0,0,0,1,0,0,1,1,0,0,0,2,1,0,1,0,0,0,0,0,0,0,4,0,1,0,0,0,1,0,0,1,0,0,0,0,0,0,0,1,0,0,0,0,0,2,0,0,0,0,0,0,5,0,0,0,0,0,2,0,0,0,0,0,0,3,0,0,0,0,0,2,0,0,0,0,0,0,0,2,0,0,0,0,0,0,0,0,0,0,0,0,0,0,0,0,0,0,0,0,0,0,0,0,0,0,1,0,0,0,1,1,0,0,0,0,0,3,1,0,0,3,1,0,0,0,0,0,0,0,0,0,0,0,0,0,0,0,0,0,1,0,0,0,0,0,0,0,0,0,0,0,1,1,0,0,0,0,0,0,1,0,0,0,0,1,0,0,0,2,0,0,0,1,2,0,0,1,1,0,0,1,0,0,0,1,0,1,0,0,0,1,0,1,1,0,0,0,0,0,0,2,0,0,0,0,0,0,1,0,0,0,0,0,0,0,0,0,0,0,0,0,0,0,0,0,2,0,0,0,1,0,0,0,0,0,0,0,0,3,0,0,0,0,0,0,0,0,0,0,0,0,0,0,1,0,0,0,0,0,0,0,1,0,0,0,0,0,0,0,0,0,0,0,0,0,0,0,0,0,0,0,0,0,0,0,0,0,0,0,0,0,0,0,0,0,0,0,0,0,0,0,0,0,0,0,0,0,0,1,0,0,0,0,1,0,1,3,0,0,0,0,0,0,0,0,0,0,0,0,0,0,2,0,0,1,0,0,0,0,0,0,0,0,0,0,0,0,0,0,0,0,0,0,0,0,1,0,0,0,0,0,0,1,2,0,0,0,0,0,0,0,0,1,0,0,0,1,1,0,0,0,0,2,0,0,1,2,0,0,0,0,1,0,0,0,0,0,0,0,0,0,0,0,0,3,0,1,0,0,0,0,0,0,0,0,0,0,0,0,0,0,0,0,0,3,0,0,0,0,1,0,1,0,1,3,0,0,0,0,0,0,0,0,1,0,0,0,1,1,0,0,0,2,0,0,0,0,1,1,0,0,0,0,3,0,2,1,0,0,1,0,0,0,0,0,0,0,0,1,0,0,0,2,0,0,0,1,0,0,0,0,0,0,0,0,0,0,0,0,0,0,0,0,0,0,0,0,0,0,0,0,1,0,1,0,0,1,0,0,0,0,1,0,0,2,0,0,0,0,0,0,0,0,0,0,0,5,0,0,0,0,0,0,0,0,0,0,0,0,4,0,0,1,0,0,0,0,0,0,0,0,0,0,0,0,0,0,1,0,0,0,0,0,0,0,0,0,0,0,0,0,0,0,0,0,1,0,1,0,0,0,0,0,0,0,0,0,0,0,0,0,0,1
FOXP1,0,1,0,0,0,0,0,3,0,1,0,1,0,0,0,2,0,0,0,0,0,1,0,1,0,1,0,1,0,0,2,2,0,2,0,0,0,3,0,0,1,0,2,1,0,1,0,0,1,0,0,0,0,1,0,1,0,1,1,1,1,0,0,0,2,1,1,0,0,1,0,3,0,1,1,0,0,0,1,1,0,0,0,0,1,6,0,0,0,4,0,0,0,1,3,2,1,0,0,2,0,1,0,0,1,0,1,0,0,1,0,2,0,0,1,5,0,3,0,0,0,0,0,0,0,1,0,1,1,2,0,1,0,2,1,1,0,3,0,0,0,0,1,1,0,0,0,0,2,0,0,2,0,0,1,0,0,0,0,0,4,0,0,0,1,2,0,0,0,0,1,0,1,0,2,1,0,1,0,7,2,2,2,3,0,0,3,0,0,1,1,1,0,1,2,1,0,1,0,0,0,0,0,0,2,0,0,1,2,1,1,0,1,0,0,0,0,0,1,0,0,0,1,0,2,0,1,0,1,1,2,0,0,3,0,0,0,0,1,0,0,0,4,1,0,2,0,0,0,0,0,1,0,0,2,0,1,1,0,0,0,1,2,0,0,0,2,0,1,0,0,2,0,0,0,0,1,0,0,1,0,0,2,1,2,0,1,0,1,2,1,1,0,0,0,1,0,0,0,0,1,0,0,3,0,1,0,1,1,1,0,0,0,0,0,0,0,1,1,0,0,0,1,0,0,0,0,3,1,0,2,1,0,1,0,0,0,0,0,0,0,1,1,1,1,0,2,0,0,0,1,0,0,1,0,1,2,0,0,0,0,1,0,0,0,0,4,0,1,3,0,0,2,0,0,0,0,1,2,0,0,0,1,0,1,0,0,5,0,0,0,1,1,2,2,1,1,0,1,1,0,1,0,0,0,2,0,1,2,0,2,2,0,2,0,0,0,2,0,1,1,2,0,1,0,1,0,1,1,0,0,2,1,0,0,0,0,0,1,1,1,3,0,1,1,1,0,2,0,0,0,0,0,0,0,0,0,1,1,0,0,1,2,0,3,1,2,0,1,0,1,0,0,0,0,0,0,1,0,0,0,1,0,1,2,2,0,3,2,0,0,1,0,0,1,1,4,0,0,0,0,0,0,1,0,1,0,2,0,0,0,0,2,2,1,0,0,0,0,1,1,0,3,0,0,0,0,1,0,0,3,2,0,2,2,0,0,0,0,0,1,1,1,1,0,2,0,0,0,1,1,0,1,0,0,2,1,0,2,0,0,0,0,0,0,1,0,1,0,3,1,0,3,0,0,0,0,1,0,1,1,0,0,1,1,1,0,0,0,1,1,1,0,0,1,0,2,1,2,1,1,0,0,0,1,1,0,0,1,2,0,0,0,0,2,2,2,1,1,1,0,1,0,1,0,0,4,0,1,3,0,2,0,0,1,0,4,1,0,2,0,1,2,2,0,0,3,0,0,0,2,0,0,0,1,0,2,0,0,1,0,1,1,0,1,0,0,0,2,1,0,1,0,0,1,2,1,0,2,0,0,2,0,3,0,1,0,0,0,1,1,2,1,1,1,0,1,1,2,0,0,0,2,0,0,0,0,0,2,1,0,0,0,1,1,2,0,1,3,1,6,1,0,2,0,1,4,3,2,2,0,0,0,1,1,1,1,0,0,0,1,1,0,0,0,0,0,0,2,0,2,1,1,0,0,1,0,1,0,3,1,2,4,4,1,1,0,0,3,1,2,3,0,0,2,0,2,0,3,0,0,1,1,0,0,2,0,0,1,1,0,0,2,0,0,0,0,2,0,1,1,1,0,0,0,2,0,1,1,0,0,1,1,0,1,3,0,0,0,0,0,0,2,0,1,0,0,1,1,0,1,0,3,0,0,2,1,0,0,0,1,0,0,0,0,2,0,0,0,0,1,0,0,1,0,0,0,0,2,0,0,0,2,1,5,0,1,0,0,2,0,0,1,0,2,0,1,1,0,0,1,2,1,0,0,1,0,0,2,2,1,0,0,2,1,1,2,1,0,1,0,2,0,1,1,2,0,1,0,0,0,0,0,3,0,1,1,2,0,0,0,0,1,0,4,0,1,0,0,0,0,1,1,1,0,0,1,2,1,0,2,1,0,0,0,1,0,1,2,0,0,1,1,1,0,3,0,0,1,1,1,3,0,0,0,1,2,1,2,0,1,0,0,0,1,3,2,0,0,1,1,2,1,0,0,1,0,1,0,3,2,1,0,0,0,0,0,0,0,1,1,0,1,1,0,1,1,3,0,0,0,0,0,0,0,0,4,0,0,2,3,0,4,1,0,0,0,0,0,0,0,1,3,0,0,1,2,0,1,2,0,0,0,1,0,0,0,2,1,0,1,1,3,2,0,0,2,0,0,3,0,1,0,1,2,0,0,1,0,0,0,1,0,0,1,2,1,0,0,1,0,0,2,4,0,1,0,1,1,0,0,3,0,0,4,0,1,0,0,0,0,0,1,0,0,0,1,0,2,0,0,0,0,0,0,0,0,0,0,0,1,1,0,0,2,0,0,3,0,0,0,0,1,0,0,0,2,3,3,0,0,1,1,0,0,0,2,1,0,0,0,0,1,1,1,0,1,1,0,0,1,1,0,0,0,1,0,1,0,0,0,0,0,3,0,0,0,0,1,1,0,1,0,2,0,1,0,0,0,0,0,3,0,0,2,3,3,0,1,2,0,1,1,0,0,1,0,1,1,1,0,0,0,0,0,0,1,2,0,0,1,0,0,0,3,0,0,0,0,0,0,2,0,0,0,2,0,1,0,1,0,1,0,3,1,0,0,1,1,0,0,2,0,0,0,1,0,2,2,0,2,0,2,0,0,0,0,0,1,0,0,1,0,0,0,0,0,0,0,0,2,1,0,3,0,0,0,1,1,1,0,0,0,0,0,0,0,1,0,1,1,0,1,1,0,0,0,1,1,1,2,0,0,0,0,0,0,1,0,2,1,0,0,1,1,0,0,1,1,0,1,4,0,0,0,3,1,0,0,0,0,1,0,0,1,0,0,1,0,0,2,2,0,0,2,1,1,0,0,0,0,1,0,0,1,0,0,1,2,1,0,0,0,2,0,1,1,1,0,0,0,0,0,0,1,0,0,1,0,0,1,0,0,1,2,0,0,0,0,0,1,0,0,0,0,0,2,3,0,1,1,0,0,0,0,0,0,0,2,0,1,0,3,0,0,0,0,0,0,1,0,0,0,0,3,0,0,0,1,0,0,0,0,3,0,0,0,1,0,1,0,1,4,0,0,1,1,0,0,1,0,6,0,0,3,0,1,0,2,0,0,0,0,2,1,1,2,1,1,0,1,1,0,0,2,0,0,0,0,0,1,0,0,0,1,0,0,1,0,3,0,1,0,0,1,1,0,0,0,0,0,0,2,1,1,0,2,1,0,1,1,0,0,2,0,0,1,0,1,1,0,2,2,2,1,0
EAF2,0,0,0,0,0,0,0,0,0,0,0,0,0,0,0,0,0,0,0,0,0,0,0,0,0,0,0,0,0,1,0,0,1,0,0,0,0,0,0,0,0,0,0,0,0,0,0,0,0,1,0,0,0,0,2,0,0,0,0,0,0,0,0,0,0,0,0,0,0,0,0,0,0,0,0,0,0,0,0,0,0,0,0,0,0,0,0,1,0,0,0,0,0,0,0,0,0,0,0,0,0,0,1,0,0,0,0,0,0,0,0,0,0,0,0,0,0,0,0,0,1,0,0,1,0,0,0,2,0,0,0,0,0,2,0,0,0,0,0,0,0,0,0,0,1,0,0,0,1,0,0,0,0,0,0,0,0,0,0,0,0,1,0,0,0,0,0,0,1,0,0,0,0,0,0,0,0,1,2,0,0,0,0,3,0,0,0,0,0,0,0,0,0,0,0,0,1,0,0,1,0,0,0,0,0,0,1,0,3,0,0,0,0,0,0,0,0,0,0,0,1,0,1,2,1,0,1,0,0,0,0,0,0,0,0,0,0,0,0,0,0,0,1,0,0,0,0,0,0,0,0,0,0,0,1,0,0,0,0,0,0,0,0,0,0,0,0,0,0,0,0,0,0,0,0,1,1,0,0,0,0,0,0,0,0,0,0,2,0,0,0,0,1,0,0,0,0,0,0,0,0,0,0,1,0,0,0,0,2,0,0,0,0,0,0,1,0,0,1,0,0,0,0,0,0,0,0,6,0,0,0,0,0,0,1,1,0,0,0,0,0,0,0,0,0,0,0,0,0,1,0,0,1,0,0,0,3,1,1,0,0,3,1,0,1,0,0,0,0,0,0,0,0,0,1,1,0,0,0,0,0,0,0,0,0,0,0,1,0,0,0,2,0,2,0,0,1,0,0,0,0,0,0,0,0,0,0,0,1,2,0,0,0,0,0,0,0,1,0,0,0,0,0,0,0,0,0,0,0,0,3,0,0,0,0,0,0,0,0,1,0,0,0,0,0,0,0,0,1,0,0,0,0,0,0,0,0,0,0,1,0,0,0,2,0,1,0,0,1,0,0,0,0,0,0,0,0,0,2,0,0,0,0,0,0,0,0,0,0,0,0,0,0,1,0,0,0,0,0,0,0,0,0,0,0,0,1,1,0,0,0,0,0,0,0,0,0,0,0,0,0,0,0,0,0,0,0,1,1,1,0,0,0,2,0,1,0,1,0,0,1,0,0,0,0,0,0,0,0,0,0,1,0,0,0,0,3,2,0,0,0,0,2,0,0,0,1,0,0,1,0,0,0,0,0,0,0,0,0,0,2,0,0,0,0,0,3,0,0,0,0,2,0,0,0,0,0,0,3,0,0,0,0,0,0,0,0,0,0,0,0,2,0,0,0,0,0,0,0,0,0,0,0,0,0,0,0,1,0,0,0,0,0,0,0,0,0,0,0,3,0,0,0,0,0,1,1,0,0,0,0,0,0,0,3,0,1,0,0,0,0,1,0,0,0,0,0,0,0,0,0,0,0,0,0,0,0,0,0,0,0,1,0,0,0,0,0,0,0,0,0,0,0,0,0,0,0,0,0,0,0,0,0,0,0,0,0,0,0,0,0,0,0,0,0,0,0,0,0,0,0,0,0,1,2,0,0,0,0,0,0,0,0,0,2,0,0,0,0,0,0,0,0,0,0,0,2,0,0,0,0,0,0,0,2,0,0,0,0,0,1,0,0,0,0,0,0,0,0,0,0,0,0,0,0,0,0,0,0,0,0,0,0,0,0,0,0,0,0,0,0,0,0,0,1,0,0,0,1,0,0,0,2,0,0,0,0,0,0,0,0,0,0,0,0,0,1,0,0,0,0,0,1,2,1,0,0,0,0,0,0,0,0,0,0,0,0,0,0,0,0,0,0,0,1,2,0,0,0,0,0,0,0,0,0,0,0,1,0,1,0,0,0,0,0,0,0,0,0,0,1,0,0,0,0,0,0,0,4,0,0,1,1,0,0,0,2,0,1,3,0,0,0,0,0,0,1,0,0,0,1,0,0,0,0,0,0,1,0,0,0,0,0,0,0,0,0,0,0,1,0,0,0,0,0,0,0,0,0,0,0,0,0,0,0,0,0,1,0,0,0,0,0,0,2,0,0,0,0,0,0,0,1,0,0,0,1,0,0,0,0,0,0,0,1,0,0,0,0,0,0,0,0,0,0,1,0,0,0,0,0,0,0,1,0,0,0,0,0,0,0,0,0,0,0,0,0,0,0,0,0,0,0,0,0,0,0,0,0,0,0,0,0,0,0,0,0,0,0,0,3,0,0,0,0,0,1,0,0,0,1,0,4,0,0,0,0,0,0,0,0,0,0,0,0,0,0,0,0,0,0,0,0,0,0,1,0,0,0,0,0,0,1,0,0,0,0,0,0,0,0,0,0,0,0,0,0,0,0,1,0,0,0,0,0,0,0,0,0,3,0,0,0,2,0,0,0,0,0,0,1,0,0,0,0,1,0,0,0,0,0,0,0,0,1,0,0,0,0,0,0,0,0,0,3,0,0,0,0,0,0,0,0,0,0,0,2,2,1,0,0,0,0,0,0,0,0,0,0,0,0,1,0,1,0,0,0,2,0,0,0,0,0,1,0,0,1,1,0,0,2,0,0,2,1,0,0,0,0,0,0,0,1,0,0,0,0,0,0,0,0,0,0,0,0,0,0,0,2,0,0,0,0,0,0,0,2,0,0,0,2,0,0,2,0,0,1,0,0,0,0,0,0,0,2,2,0,0,0,1,0,0,0,0,0,0,0,0,0,0,0,0,0,0,0,0,1,1,1,0,2,0,0,0,0,0,1,0,0,0,0,0,1,1,0,0,0,0,0,0,0,0,0,0,0,0,0,0,0,0,0,0,0,0,0,0,0,0,0,0,0,0,0,0,0,1,0,1,0,0,0,0,0,0,0,0,0,0,0,0,0,0,0,0,0,0,0,0,0,0,0,0,0,0,1,0,0,0,0,0,0,0,0,1,0,0,0,0,0,0,1,0,0,0,0,0,1,0,0,0,0,1,0,0,0,0,1,1,0,0,0,0,0,0,0,0,0,0,0,0,0,0,0,0,0,0,0,0,0,1,0,0,0,0,0,2,0,0,0,0,2,0,0,0,0,0,0,0,0,1,0,0,0,0,0,0,0,0,1,0,0,0,0,0,0,0,0,1,0,0,0,0,0,0,0,0,0,0,0,0,0,0,0,0,0,0,0,0,0,0,0,0,0,0,0,1,0,0,0,0,0,0,0,0,0,0,0,2,0,0,0,0,1,0,0,1,0,0,0,0,0,0,2,0,0,0,1,0,0,1,0,0,0,0,0,0,0,0,0,0,0,0,0,0,0,0,0,0,0,0,1,0,0,0,0,0,0,0,0,0,1,0,0,0,0,0,0,0,0,0,0,0,0,0,0,0,0,0,0,0,0,0,0,0,0,0
NA..16,0,0,1,1,1,0,0,0,0,0,0,1,0,0,1,0,0,0,0,0,0,0,0,0,0,0,0,0,0,0,0,0,0,0,1,0,3,0,0,0,0,0,0,0,0,0,0,0,0,0,0,0,0,0,4,0,0,0,0,2,0,1,1,0,0,0,0,0,0,0,0,0,0,0,0,1,0,0,0,0,0,0,0,0,0,2,0,0,2,0,0,0,0,0,0,0,0,0,0,0,0,0,0,0,0,0,0,1,0,0,2,0,0,0,0,0,1,2,0,0,0,0,0,0,0,0,1,0,0,0,0,0,2,0,0,0,0,0,0,0,0,0,0,0,0,0,0,0,0,2,0,0,0,0,0,0,1,0,0,0,0,0,0,0,0,0,0,0,0,0,0,0,0,0,0,0,0,0,0,2,0,0,0,0,0,0,0,0,0,0,0,0,0,1,0,0,0,2,0,0,0,0,0,0,0,1,0,1,0,0,0,0,0,0,0,0,0,3,0,0,0,0,0,0,0,0,0,0,0,0,0,0,0,0,0,0,0,0,0,0,0,0,0,0,2,0,1,0,0,0,0,0,0,0,0,0,0,0,0,0,0,0,1,0,0,1,0,1,0,0,1,0,0,0,0,0,0,0,0,0,0,0,0,0,1,0,0,0,0,1,0,0,0,2,0,2,0,0,0,0,0,0,0,0,0,0,1,0,1,0,0,0,0,0,0,0,0,0,0,0,1,0,0,2,0,0,0,0,0,0,1,0,1,0,0,0,0,0,0,0,0,1,0,0,0,0,0,0,0,0,0,0,0,0,0,0,0,0,0,0,2,0,0,0,0,0,0,0,0,0,0,0,4,0,0,0,0,0,0,0,0,0,0,0,0,0,0,0,0,0,0,0,0,0,0,0,0,0,0,0,0,1,2,0,0,0,1,0,0,0,0,0,0,0,0,0,0,0,0,0,0,0,0,0,0,0,2,0,2,0,0,0,2,1,0,0,0,1,0,0,0,1,0,0,0,0,0,0,0,0,2,0,0,0,0,0,1,0,0,0,0,0,0,0,3,0,0,0,0,0,0,0,0,0,0,0,0,0,0,0,0,1,1,0,0,0,0,0,1,0,0,0,0,0,0,0,0,0,0,0,0,0,0,0,0,0,0,0,1,0,0,0,0,0,0,0,0,0,0,0,0,0,2,0,0,0,0,0,0,0,0,0,1,0,0,0,0,0,0,3,1,0,0,0,0,0,0,0,0,0,0,0,0,0,0,0,0,0,0,0,0,0,0,2,0,0,0,0,0,0,1,0,0,0,0,0,1,0,0,0,0,0,0,0,0,0,0,0,0,0,0,0,0,0,1,0,0,0,0,0,0,0,0,0,0,0,0,1,1,0,0,0,0,0,0,0,0,0,0,0,0,0,1,0,2,0,0,0,0,0,0,0,2,0,0,0,0,2,2,0,0,0,0,0,0,0,0,0,0,0,0,0,0,0,0,0,0,0,0,0,0,0,0,1,0,1,0,0,0,0,0,0,0,2,0,3,0,0,0,0,0,0,0,0,0,0,0,0,0,0,0,0,0,0,0,0,0,0,0,0,0,0,0,0,0,0,0,0,1,0,0,0,0,0,0,0,2,0,0,0,0,0,0,0,0,0,0,0,0,2,0,0,0,0,0,0,0,0,1,0,0,0,0,0,1,0,0,0,0,0,0,0,0,1,0,0,0,0,1,0,0,0,0,1,0,0,5,0,0,0,0,0,0,1,0,0,0,0,0,0,0,2,0,1,0,0,3,0,2,0,1,0,0,0,0,0,0,0,0,0,0,0,0,0,1,0,6,0,0,0,0,1,0,0,0,0,0,0,4,0,0,0,0,0,0,0,0,0,0,0,0,1,0,0,0,0,0,1,0,0,0,0,0,0,0,0,1,2,0,0,0,0,0,0,0,0,0,0,0,0,0,0,0,0,0,0,1,0,2,0,0,0,0,0,0,0,0,0,0,0,0,0,0,0,0,0,0,0,0,0,0,0,0,0,0,0,0,0,0,0,0,0,0,1,0,0,0,0,0,0,0,0,0,0,0,1,0,0,0,0,0,0,0,0,0,0,2,0,0,1,0,0,0,0,0,1,0,0,0,0,0,0,0,0,0,0,1,0,0,0,0,0,0,0,1,0,0,0,0,0,1,0,0,0,0,0,0,0,0,0,0,0,0,0,0,0,0,2,0,0,0,1,0,0,2,0,0,0,0,0,0,0,0,1,0,1,0,0,0,0,0,0,0,0,0,0,0,0,0,0,0,0,0,1,0,0,0,0,0,0,0,0,0,0,0,0,0,0,0,0,0,0,0,0,0,0,0,0,0,0,0,0,1,0,0,0,0,0,0,1,0,0,0,1,0,0,0,0,0,0,0,0,0,0,0,2,0,0,0,0,0,0,0,0,0,0,2,0,0,0,0,0,0,0,0,2,0,0,0,0,0,0,0,0,0,0,0,1,0,0,0,3,0,0,0,0,1,2,0,0,2,0,0,0,0,0,0,1,0,3,0,0,0,0,0,3,0,0,0,0,0,0,0,0,1,1,0,0,0,0,1,0,0,0,0,0,0,0,0,0,0,0,0,0,0,0,0,0,1,0,0,0,0,0,0,0,0,0,0,0,0,0,0,0,0,0,0,0,0,0,0,0,0,0,0,0,0,0,0,0,0,0,0,0,0,3,0,0,0,0,0,0,0,0,0,0,0,0,0,0,0,0,0,0,1,0,0,0,0,0,0,0,0,0,0,0,0,0,0,0,0,0,0,0,1,0,0,0,0,0,6,1,0,0,0,0,0,0,0,1,0,1,0,0,0,0,0,0,0,0,1,0,0,0,0,0,0,0,0,0,0,0,0,0,0,0,0,0,0,0,0,3,0,0,0,0,0,0,0,0,0,0,0,0,0,0,0,0,0,1,0,0,0,0,0,0,0,0,0,0,0,0,0,0,0,2,0,0,0,0,0,0,0,0,0,0,0,0,0,0,0,0,0,0,2,0,0,1,0,0,0,0,0,0,0,0,0,1,0,1,0,0,1,0,0,0,0,0,0,0,0,0,2,0,0,0,2,1,0,0,0,0,0,0,0,0,0,0,0,0,0,1,0,0,0,0,0,0,0,0,0,1,0,0,0,0,1,0,0,0,0,0,0,0,1,0,0,0,0,0,0,0,0,0,0,2,0,0,0,1,0,0,0,0,0,0,0,0,2,0,0,1,0,0,0,0,0,1,0,0,1,0,0,0,0,0,1,0,3,0,0,0,0,1,0,0,0,0,0,0,0,0,0,0,0,0,0,0,0,2,0,0,0,0,0,0,0,0,0,0,0,0,1,1,0,0,0,0,0,0,0,0,0,0,0,1,0,0,0,0,0,0,2,3,0,0,0,0,1,0,0,0,0,0,0,1,0,0,0,0,0,0,0,0,0,0,0,0,0,0,0,0,0,0,0,3
NA..17,0,1,0,0,0,0,1,0,0,0,1,0,0,0,2,0,0,0,3,0,0,0,4,0,0,0,0,0,1,0,0,1,0,1,0,0,0,0,0,0,0,0,0,0,0,0,0,2,0,0,0,0,2,0,0,1,0,0,2,0,0,1,0,2,1,0,1,0,1,0,0,0,0,3,0,0,0,1,1,1,0,0,1,0,0,0,0,1,0,0,5,0,0,0,0,3,1,1,2,0,0,0,0,0,0,2,0,0,1,0,0,0,0,1,0,0,0,1,1,0,0,0,0,0,0,0,0,0,2,0,0,0,1,1,0,0,0,0,2,1,1,2,0,0,1,1,4,1,0,0,0,0,0,2,0,0,1,2,1,0,0,0,0,1,0,0,1,0,1,0,0,0,0,0,1,0,0,0,0,0,0,0,0,0,0,0,0,0,1,1,1,1,0,0,0,0,0,0,0,0,0,2,2,0,0,0,0,0,0,1,0,1,0,0,0,1,0,1,2,0,0,1,0,0,0,1,0,1,0,0,0,0,0,1,1,0,0,0,1,1,1,0,1,0,0,0,0,3,2,2,0,0,0,0,0,0,1,0,0,0,0,0,0,4,0,0,0,0,0,0,0,2,1,0,1,1,0,0,0,0,0,0,0,0,0,0,0,0,0,0,0,1,3,0,1,0,0,0,3,0,0,0,0,0,1,0,0,0,1,0,0,0,0,0,0,0,0,0,0,0,1,0,2,0,0,0,1,0,0,0,0,1,0,0,0,0,0,1,0,3,0,0,0,0,2,0,0,1,0,2,0,0,1,0,0,1,0,1,0,0,0,1,0,3,1,0,2,1,0,0,0,2,1,0,0,2,1,0,0,0,0,0,0,0,0,1,0,0,0,0,0,1,0,2,0,0,0,1,0,0,1,0,1,0,1,2,0,0,1,0,0,0,0,0,0,0,0,0,0,0,3,2,1,0,1,0,0,0,0,1,0,1,0,0,1,0,0,0,1,3,0,0,5,0,0,2,0,1,0,0,0,0,0,0,0,0,0,2,4,1,1,1,0,0,1,0,0,0,1,0,0,0,0,0,0,0,1,0,0,0,1,1,0,0,2,0,0,0,0,1,0,0,0,0,0,0,0,0,0,5,0,1,0,0,0,0,0,0,0,0,0,0,0,0,0,0,0,0,2,0,1,0,1,0,2,0,2,0,2,1,4,0,1,1,0,2,0,3,0,0,1,0,0,0,1,4,1,0,1,0,0,0,0,0,3,3,0,1,1,0,0,1,0,1,0,0,0,0,0,0,0,0,0,0,0,0,0,0,2,1,0,0,0,2,0,0,0,0,0,0,0,0,0,0,0,1,0,0,0,0,0,3,1,0,0,5,1,0,0,0,1,0,0,0,3,0,1,0,0,1,0,0,0,0,0,0,1,0,0,0,0,0,2,0,1,0,2,0,0,0,0,1,0,0,0,0,2,0,0,0,1,0,0,1,0,0,0,1,0,1,1,1,0,0,0,0,1,0,0,0,0,0,0,2,0,1,1,4,0,1,0,0,0,0,1,0,0,0,0,0,0,0,0,0,0,0,0,0,0,0,0,0,0,0,0,1,0,0,0,3,0,1,0,0,0,0,0,0,0,0,0,0,0,1,0,0,0,0,0,1,0,0,0,0,0,0,0,0,0,0,0,0,1,1,0,0,0,0,1,0,0,0,0,0,1,0,0,0,0,0,0,1,0,0,2,0,0,0,0,0,0,0,1,0,2,1,1,0,0,0,0,0,0,0,0,0,0,1,0,0,0,0,0,3,1,1,0,0,1,0,0,0,2,0,1,0,0,0,0,0,0,0,0,0,0,0,0,1,0,1,0,0,0,0,0,1,1,0,0,1,0,0,0,3,0,1,0,0,2,1,0,2,0,0,0,0,0,0,0,0,0,0,1,1,1,0,3,2,0,0,0,0,0,0,0,0,1,0,0,0,1,3,3,0,0,0,0,0,0,1,1,0,0,0,1,0,1,0,0,0,0,0,0,1,1,1,2,0,0,0,0,0,0,1,0,0,1,1,5,1,3,0,0,1,2,0,0,0,1,0,0,5,1,0,1,1,0,0,0,2,3,0,0,0,0,0,0,1,0,0,0,0,0,2,0,0,0,0,0,1,0,0,0,0,1,0,1,0,0,1,0,0,0,0,1,1,0,0,3,0,0,3,0,0,0,2,0,0,1,0,0,0,0,1,0,0,0,0,0,0,0,0,0,0,0,0,0,1,0,0,0,2,2,0,0,0,0,0,0,0,0,0,1,0,0,1,0,0,0,0,0,0,0,0,0,2,0,1,0,0,0,1,0,1,0,2,0,4,1,1,0,0,0,0,0,0,0,0,0,0,0,3,0,0,0,0,3,0,0,0,0,0,3,1,2,0,1,0,0,2,1,0,0,0,0,8,0,1,1,1,3,0,0,0,1,0,0,0,0,0,2,0,0,4,0,0,0,1,0,0,0,0,3,1,2,0,1,0,1,0,0,1,0,0,0,0,4,1,0,0,0,0,1,0,0,0,5,0,2,0,0,1,0,0,0,0,0,2,0,0,0,0,2,0,1,1,0,0,0,0,2,0,0,1,0,0,0,0,1,0,0,0,1,0,0,0,0,1,0,0,0,0,0,2,3,0,0,0,0,2,0,0,2,0,0,0,0,0,3,0,0,0,0,0,0,0,4,0,0,0,0,0,1,0,0,1,1,3,0,3,0,1,0,0,2,0,0,0,0,0,1,0,0,0,0,0,1,4,0,0,2,3,0,0,0,2,0,0,0,0,0,0,0,0,0,0,1,1,0,1,1,0,4,2,0,0,1,0,1,0,0,0,1,0,0,0,0,0,0,0,0,1,0,0,0,0,0,2,3,0,3,0,0,0,0,0,0,0,0,1,0,0,0,0,0,0,0,1,1,0,1,0,0,0,0,1,0,0,0,0,0,1,0,0,1,0,0,0,0,0,1,1,0,1,0,0,0,0,0,2,0,0,0,0,0,0,0,0,2,0,2,0,0,0,0,0,1,0,0,0,0,0,0,0,0,0,0,1,1,0,1,0,0,2,1,1,0,1,0,2,0,0,0,0,2,0,0,0,0,2,0,0,0,0,0,0,0,0,1,5,1,1,0,1,0,0,0,2,0,1,0,0,1,0,0,0,0,0,0,0,0,0,0,0,1,0,0,4,0,0,0,0,2,1,0,0,0,0,1,0,1,0,0,1,0,0,1,0,1,1,0,1,1,0,0,0,0,0,0,1,0,1,1,1,0,0,0,0,0,1,0,0,0,1,0,0,0,0,4,0,1,0,0,2,0,0,1,0,0,0,0,0,0,1,0,1,0,1,0,0,0,0,0,5,0,0,0,1,0,0,0,1,0,1,1,1,1,0,1,2,0,0,0,1,0,0,1,0,0,0,1,2,3,0,1,0,6,0,0,0,0,1,0,0,0,0
CDC42,0,5,1,1,1,2,1,2,2,0,4,1,2,1,1,1,1,4,3,1,0,1,3,2,1,2,0,5,3,2,2,0,2,2,1,3,1,0,2,0,2,0,3,2,2,0,1,1,1,1,1,0,4,2,7,3,1,1,0,2,1,0,2,2,0,5,1,4,3,2,2,1,1,0,3,1,0,1,0,0,0,3,0,2,2,4,2,0,3,1,0,0,1,4,0,0,0,0,1,4,0,1,3,0,2,4,0,2,8,0,2,2,0,1,1,1,0,5,2,2,0,0,8,0,0,3,2,0,5,0,1,1,2,0,1,2,0,3,3,0,1,0,1,1,3,0,4,2,8,1,4,0,3,2,1,1,2,0,0,3,1,1,6,2,4,2,5,0,1,4,0,1,2,0,4,1,1,5,3,2,1,4,0,1,2,0,1,3,1,2,3,3,3,0,1,1,0,2,4,2,2,0,2,4,6,1,2,8,4,2,2,0,1,1,2,0,2,2,3,1,0,0,0,2,8,1,2,1,1,0,1,0,9,7,1,4,1,1,1,2,3,1,3,1,1,2,2,4,2,4,1,1,0,1,0,3,1,1,0,2,0,0,2,2,3,4,1,2,4,4,2,4,3,3,0,1,1,4,4,1,1,2,1,0,3,0,1,0,0,2,5,0,0,2,0,0,0,1,4,3,0,1,1,0,2,0,0,1,8,2,0,1,4,3,0,0,1,4,3,1,2,0,9,3,4,2,2,4,1,2,0,0,1,1,0,2,0,3,0,6,2,4,1,3,0,3,2,2,2,6,5,2,9,1,0,0,1,6,2,0,0,1,1,2,1,1,7,2,1,2,2,6,1,0,1,4,1,5,0,1,2,0,2,0,5,0,3,4,0,0,1,7,1,5,1,2,3,2,2,2,2,1,1,0,2,3,6,3,1,3,1,1,3,3,0,1,1,0,2,0,2,3,8,4,6,1,4,0,1,1,1,0,1,4,7,0,4,1,0,2,2,1,2,5,0,5,2,0,2,2,4,2,2,3,1,3,2,4,1,1,1,4,1,0,2,8,5,1,1,5,1,4,0,0,3,5,1,2,1,1,8,7,0,4,0,1,2,2,0,2,1,3,1,2,2,2,0,2,2,4,0,0,1,0,1,1,1,2,1,1,1,0,1,0,0,1,1,2,0,3,1,2,5,4,3,2,1,1,6,0,4,2,1,3,1,6,2,3,0,1,5,0,0,2,1,3,2,0,3,0,2,3,1,1,4,6,1,5,4,1,1,2,2,1,1,1,2,1,0,1,1,4,1,6,2,4,2,1,0,0,2,4,0,4,1,2,2,2,0,1,0,0,4,7,1,1,1,2,1,0,2,4,1,0,1,5,5,0,2,1,2,2,4,0,3,0,4,1,3,1,5,3,4,1,3,3,1,3,4,5,4,2,0,2,0,3,1,0,1,2,0,1,3,1,0,0,4,2,3,1,4,1,2,1,0,1,1,1,0,4,1,0,3,4,2,1,1,1,1,0,0,0,2,0,2,3,0,3,2,2,2,2,4,3,1,1,1,1,0,1,3,1,1,1,1,0,1,3,1,1,0,1,5,2,1,9,3,0,1,5,3,3,1,0,3,1,4,1,1,0,2,1,2,3,0,1,0,1,1,7,3,1,0,0,2,2,5,2,3,0,1,1,3,2,2,1,4,0,0,1,3,0,3,2,0,1,2,0,0,1,0,2,0,2,6,2,0,1,0,1,0,1,0,1,2,1,4,1,3,3,2,0,0,4,1,0,3,0,0,1,1,0,2,1,7,5,5,1,3,1,1,1,0,1,2,3,2,0,2,0,0,4,2,1,2,2,5,0,2,0,1,1,11,1,1,5,0,0,1,1,0,1,1,0,3,4,0,1,2,0,4,2,8,1,3,5,3,6,1,0,0,1,4,0,0,2,0,2,0,0,2,2,1,0,1,2,1,1,2,2,2,0,14,1,2,2,3,2,0,2,2,1,1,5,2,0,3,1,1,4,2,2,2,3,0,5,0,0,2,1,1,1,0,3,0,3,0,2,2,5,2,1,6,0,2,1,2,3,1,0,1,2,2,5,1,2,0,0,2,2,1,1,3,0,1,3,0,12,3,0,0,4,2,1,1,0,1,2,4,0,1,1,1,0,3,0,2,3,3,4,2,3,1,6,4,5,0,0,0,1,1,5,0,1,4,5,2,3,2,1,3,5,0,8,0,2,3,0,0,0,0,1,0,2,4,3,0,0,4,1,0,3,0,0,0,2,3,1,1,1,3,4,2,1,2,2,5,0,2,0,1,1,1,1,3,0,2,3,2,4,3,13,0,1,1,2,3,1,1,0,0,1,1,4,1,1,0,0,2,0,1,0,5,3,1,2,2,0,1,0,2,0,8,4,2,2,2,1,0,2,3,1,0,3,3,0,0,2,2,3,2,3,4,0,0,9,3,5,0,1,4,0,4,5,0,1,2,1,5,0,1,0,6,3,6,3,2,2,0,3,3,1,1,0,1,0,3,1,1,2,0,1,3,1,2,5,4,3,3,0,0,0,2,2,1,4,0,0,1,0,3,1,6,0,2,3,1,1,0,1,3,0,1,1,1,4,2,0,1,1,1,0,3,1,1,0,1,2,2,2,0,3,3,0,4,0,1,1,2,14,1,1,5,1,0,3,0,1,1,1,0,2,0,2,2,1,4,1,1,1,2,4,0,3,2,0,1,8,2,3,3,0,1,8,1,2,6,3,0,0,2,6,0,0,2,0,6,3,1,1,6,6,0,2,2,7,10,0,0,0,2,1,1,2,1,0,2,3,2,3,5,1,3,2,2,0,3,4,1,1,3,1,3,5,2,0,1,2,0,3,5,6,1,1,0,1,10,0,3,2,6,4,2,7,2,3,2,2,2,0,0,0,1,1,1,1,3,2,0,1,7,0,3,3,0,1,0,1,1,0,1,1,1,2,5,3,2,0,2,1,3,3,3,1,3,2,3,3,1,3,0,1,2,2,3,1,1,2,10,1,3,0,3,1,0,1,1,1,4,1,3,8,0,2,4,1,5,1,4,4,2,13,0,3,0,1,0,2,3,3,2,2,1,1,1,2,1,0,3,1,2,4,1,1,2,1,1,2,2,0,7,0,3,4,3,5,0,2,2,3,0,1,0,0,3,1,0,0,1,1,0,4,1,0,2,0,1,12,2,0,0,6,4,1,0,2,0,1,2,3,1,3,0,0,1,0,1,1,0,3,4,1,0,1,3,0,1,2,3,0,1,0,5,3,1,3,1,0,3,2,0,3,8,1,1,2,2,0,3,0,1,3,1,0,4,0,3,1,1,7,1,0,2,2,2,3,0,0,2,3,3,2,2,0,0,0,0,6,2,3,0,7,3,2,0,4,3,1,3,5,0,0,1,3,2,6,1,1,3,1,1,2,1,1,3,2,0,17,1,1,1,6,5,1,4,2
CDC42SE1,1,2,1,0,1,1,0,1,1,0,1,1,2,1,0,0,0,3,0,1,0,0,0,0,0,1,0,1,0,0,0,0,0,0,0,0,0,0,3,0,0,0,0,3,0,0,1,0,0,1,0,1,0,0,0,2,0,0,0,0,0,0,0,2,1,0,0,2,0,0,1,1,0,0,2,0,0,0,0,0,0,0,0,2,0,2,0,0,0,0,0,0,1,2,0,0,0,0,0,0,1,0,0,1,1,0,0,0,0,0,1,0,0,1,1,1,2,2,0,0,0,0,1,2,2,0,5,0,0,0,0,0,2,0,0,2,0,0,0,0,0,1,1,1,1,1,0,0,1,1,0,1,0,0,0,1,1,0,0,1,0,1,0,0,2,2,1,1,0,3,0,3,0,0,1,1,0,1,0,1,0,1,0,1,0,1,0,0,1,1,0,0,1,0,0,0,2,0,2,0,1,1,0,0,1,3,0,0,2,0,0,1,1,1,2,0,0,1,0,0,0,0,0,1,1,0,1,0,0,0,0,0,0,1,2,2,3,0,2,0,0,0,0,0,0,1,2,0,2,0,0,1,0,0,0,1,1,1,0,0,1,1,3,0,0,0,1,1,0,0,0,0,0,0,0,0,1,0,0,1,0,3,0,1,0,1,1,0,2,1,0,0,0,1,0,2,0,1,1,0,1,0,0,0,1,1,0,0,0,0,0,0,0,1,0,1,3,1,0,1,1,4,1,0,0,1,0,4,1,0,0,0,0,1,0,2,1,0,2,0,0,1,0,0,0,1,0,0,0,1,0,0,1,1,0,0,0,0,0,0,1,0,0,0,0,1,2,0,0,1,0,0,2,2,2,0,0,0,0,0,1,1,1,0,1,0,1,5,0,0,0,0,0,0,0,1,0,0,0,1,0,1,0,2,0,0,0,0,0,1,0,0,0,0,1,2,0,0,0,1,0,0,2,2,2,1,1,0,0,0,0,1,0,0,1,0,1,1,0,1,0,2,0,1,1,0,0,1,0,1,1,0,0,0,0,1,5,1,1,1,0,0,0,0,0,1,0,0,0,0,1,1,0,1,0,0,1,0,0,1,1,0,0,0,0,0,1,1,1,0,0,0,0,0,1,0,0,0,0,0,0,0,0,1,0,0,2,1,0,0,1,0,0,0,0,2,0,0,0,0,0,1,2,2,1,0,1,0,1,2,1,0,0,1,1,1,0,1,0,0,0,0,1,1,0,0,0,0,1,0,0,1,1,3,0,0,0,3,1,0,1,1,0,0,0,0,1,1,2,2,0,2,0,1,0,0,2,1,0,2,0,1,0,0,1,0,0,0,0,0,1,0,3,4,1,0,0,0,0,0,0,3,0,0,1,0,0,0,2,1,0,0,0,1,1,3,1,2,1,0,1,0,0,0,6,0,2,2,2,0,0,1,0,2,0,3,1,0,0,0,1,0,2,0,0,1,0,1,0,0,0,0,1,0,0,0,0,0,1,0,3,1,1,0,1,1,0,0,0,1,1,1,0,0,0,0,0,0,0,0,2,1,1,1,0,0,0,0,0,0,0,0,2,0,2,1,1,0,4,1,0,1,1,0,0,3,2,1,0,0,1,0,0,2,0,0,1,0,1,4,0,0,0,1,0,2,0,1,0,2,1,0,0,0,0,2,0,1,3,0,1,0,1,0,1,1,1,1,0,1,0,1,1,1,0,0,0,0,0,0,0,1,0,0,1,1,1,0,0,0,1,0,0,0,0,0,1,0,0,1,0,2,0,0,0,1,1,0,0,1,1,1,0,0,1,0,1,0,0,0,0,0,1,0,0,0,1,0,1,0,1,0,0,1,2,0,1,0,0,1,1,0,4,0,0,1,0,1,1,0,1,0,0,0,0,1,1,0,0,0,1,1,4,1,2,1,1,3,1,0,0,1,1,0,1,1,0,1,3,0,0,0,0,1,0,0,0,0,0,0,0,0,1,1,0,0,2,1,0,1,3,2,0,2,0,0,0,0,1,2,0,0,2,0,0,2,0,0,3,0,0,1,0,0,2,1,1,1,0,0,1,0,4,1,0,1,1,1,0,0,1,0,0,3,0,0,2,1,0,1,0,1,2,2,0,1,2,5,1,0,0,1,0,1,0,0,1,0,1,2,2,2,0,0,3,0,0,0,0,1,1,0,0,0,1,1,0,0,2,0,0,1,1,1,2,0,1,0,0,0,0,0,0,0,0,2,0,1,0,0,2,0,2,0,3,2,0,0,0,0,0,1,0,0,0,0,2,0,0,1,1,1,0,0,0,2,1,0,2,0,1,1,0,0,0,0,2,1,0,0,1,0,1,1,1,2,1,0,0,0,1,1,1,3,1,0,1,0,2,0,0,0,0,0,0,1,0,0,0,0,2,0,0,3,0,1,0,0,0,1,1,1,4,0,0,0,0,0,0,0,0,1,0,0,2,3,1,3,1,0,0,0,0,0,0,0,3,0,0,0,0,0,1,1,1,0,1,0,0,1,0,0,0,2,0,0,0,0,0,0,4,0,0,0,0,1,0,1,0,0,0,1,0,0,1,0,1,0,1,0,1,0,0,0,1,1,0,1,0,3,1,0,1,2,1,3,2,0,0,1,1,0,1,0,0,0,0,0,0,1,1,0,0,0,0,0,1,1,1,0,0,1,0,0,0,0,0,0,0,0,0,1,1,0,1,1,1,3,0,1,1,0,0,0,0,0,1,4,0,2,1,2,2,1,0,2,1,1,0,0,0,1,0,0,0,1,0,0,1,0,1,0,2,1,2,1,2,0,0,0,1,0,1,0,0,0,0,0,0,1,3,0,0,0,0,0,1,0,0,1,0,0,0,0,2,0,0,2,1,0,0,1,1,0,0,0,2,1,0,0,0,1,0,2,0,0,1,0,0,0,0,0,1,2,1,1,3,0,0,0,2,0,0,0,0,0,2,0,0,2,0,1,0,0,1,0,0,1,0,0,0,0,1,0,2,1,0,1,0,0,0,0,0,0,0,0,1,0,2,0,1,0,0,0,0,0,0,0,1,0,1,1,0,0,2,0,1,0,2,0,4,1,0,1,0,0,0,0,1,0,0,0,0,0,1,0,1,1,0,0,2,1,0,0,1,0,1,0,1,0,0,0,0,0,1,1,0,0,0,1,1,0,2,0,0,0,1,1,0,1,0,0,0,0,3,0,0,4,1,2,1,0,0,1,1,0,0,0,2,0,1,0,0,2,0,0,1,2,0,1,0,0,0,0,0,2,2,0,1,0,0,1,2,2,1,0,0,0,0,1,0,1,0,0,0,0,0,0,0,0,0,2,0,0,0,1,0,0,2,2,0,0,0,1,1,0,2,2,0,2,0,0,0,0,0,2,0,0,1,0,0,2,0,1,0,0,1,0,0,1,0,1,1,0,0,0,3,0,1,1,2,0,0,0,0,0,0,0,0,2,0,2,1,0,0,0
MARCKS,0,0,0,0,0,0,0,0,0,0,2,0,0,0,0,2,0,0,2,0,0,0,0,0,0,0,0,0,0,0,0,0,0,0,0,0,0,0,0,0,0,0,4,0,0,0,3,1,0,0,0,0,1,0,0,0,0,0,0,0,1,0,0,0,0,0,0,0,2,0,0,0,0,0,0,0,0,0,0,2,0,0,0,1,0,0,0,0,0,0,0,0,0,0,0,0,0,0,2,1,0,0,0,0,0,0,0,0,1,0,0,0,2,0,0,0,0,0,2,0,0,0,0,0,0,0,0,0,0,0,0,0,0,0,0,0,0,0,3,0,0,0,0,0,1,0,0,0,0,0,5,0,0,0,0,0,0,0,0,2,0,0,1,0,0,0,1,0,0,2,0,0,0,0,1,0,0,0,1,0,0,0,0,0,1,2,0,0,2,1,2,0,0,0,0,2,0,0,0,0,0,0,1,0,0,0,0,0,2,0,0,0,0,0,0,0,0,0,0,1,0,0,0,0,0,0,0,2,0,0,0,0,0,6,0,0,0,0,0,0,0,0,0,0,0,0,0,1,3,0,0,0,0,0,0,0,0,0,0,2,0,0,0,0,0,0,0,0,0,0,0,0,0,0,0,0,0,0,5,0,0,2,0,0,0,0,0,1,0,0,0,0,0,0,0,0,0,0,1,0,0,0,0,0,1,0,0,3,2,0,0,0,0,0,0,1,0,0,0,0,0,0,1,0,0,0,1,0,0,0,0,2,0,0,0,0,0,0,0,1,0,0,2,0,0,0,0,0,0,1,1,0,0,0,0,1,0,0,0,0,0,0,0,0,0,0,0,0,0,0,0,1,0,0,0,1,0,0,0,1,1,0,0,0,0,1,0,0,0,0,0,1,0,1,0,0,0,0,0,1,0,0,0,0,1,0,0,1,0,0,0,0,0,0,0,0,0,0,0,0,1,0,0,0,1,0,0,0,0,0,0,0,0,0,1,0,1,0,0,0,0,0,0,0,0,4,0,0,1,0,0,0,0,0,1,0,0,0,2,1,0,0,0,0,1,0,0,0,2,2,0,3,0,0,0,0,0,0,0,0,1,0,0,0,0,0,0,0,0,0,0,0,0,0,0,0,0,0,0,0,0,0,0,0,0,1,0,1,0,0,1,0,0,0,0,0,0,0,0,0,0,0,0,1,0,2,0,0,1,0,1,2,0,0,1,1,0,0,0,0,0,0,0,0,0,0,0,0,0,0,0,0,0,0,2,2,0,1,0,0,0,0,0,0,0,0,0,0,0,0,0,0,0,0,0,0,0,0,0,0,0,0,0,0,0,0,0,0,0,0,0,0,0,2,0,2,0,0,0,0,0,0,0,0,0,2,0,0,0,0,2,0,0,0,0,0,0,0,0,3,0,0,0,0,0,0,0,1,0,0,0,0,0,0,0,0,0,0,0,1,0,0,0,0,0,1,0,0,0,0,0,0,0,2,0,0,0,0,0,0,1,0,0,0,0,0,1,0,0,0,0,0,0,0,0,0,0,0,0,0,0,1,0,0,0,0,0,0,0,0,0,0,0,0,0,0,0,0,0,4,0,0,0,0,0,3,0,0,0,0,0,0,0,0,0,0,0,0,0,0,0,0,0,0,0,0,0,0,0,0,0,0,0,0,0,0,5,0,0,0,0,0,0,1,0,0,0,0,0,0,0,0,0,0,0,0,0,0,0,0,0,0,0,0,2,3,0,0,0,0,0,0,0,0,1,0,1,0,0,0,0,0,0,0,0,1,0,0,0,0,0,0,0,0,0,0,0,0,2,0,0,0,0,0,0,0,0,0,0,0,0,0,0,0,0,0,0,0,0,0,0,0,0,1,0,0,0,0,0,0,0,0,0,1,0,0,0,0,1,0,0,0,0,0,0,0,0,0,0,0,0,1,1,0,0,0,0,0,0,0,0,0,0,0,1,0,0,1,0,0,1,0,4,0,0,0,0,0,0,3,0,0,3,0,0,0,0,0,0,2,0,0,0,1,0,1,0,0,0,0,0,0,0,0,0,0,0,0,0,0,0,0,0,1,1,0,0,0,0,0,0,0,0,0,0,3,0,0,1,2,0,0,0,0,0,0,0,3,0,0,0,0,0,0,0,0,0,4,0,0,0,0,3,0,0,0,1,0,0,2,0,0,0,0,0,0,0,0,1,1,0,1,1,0,0,0,0,0,1,0,0,0,0,0,0,0,0,0,0,0,1,0,0,0,0,0,0,0,0,0,0,0,0,0,0,0,0,0,0,0,0,0,0,0,0,0,1,0,0,0,0,0,0,0,0,0,0,1,0,0,0,0,0,0,0,4,0,0,1,0,0,0,0,0,0,0,0,0,0,0,0,0,0,0,0,0,0,0,1,0,0,0,0,2,1,0,1,0,0,0,2,0,0,1,0,0,0,2,0,2,0,0,0,0,0,0,2,0,0,0,0,0,0,0,0,1,0,0,2,0,0,0,1,1,1,0,0,0,0,0,0,0,0,0,0,0,0,0,0,0,0,0,0,0,0,0,0,0,2,0,0,0,0,0,0,0,0,0,0,0,0,0,0,0,0,0,0,0,0,0,0,0,0,0,0,0,0,0,0,0,0,0,0,1,0,0,0,0,0,0,0,0,0,0,0,0,3,0,0,0,0,0,2,0,0,0,0,0,0,0,0,0,0,0,0,0,1,0,0,0,0,0,0,0,0,0,0,5,0,0,0,0,0,3,0,0,1,0,0,0,0,3,0,0,0,0,0,4,0,0,1,2,0,0,0,0,0,0,0,0,0,0,0,0,0,0,0,0,0,0,1,0,0,1,0,0,1,0,0,0,0,0,0,0,0,0,0,0,0,0,0,1,0,0,0,0,0,0,0,0,2,0,0,0,0,0,0,0,0,2,0,0,0,0,1,0,0,0,0,0,2,0,0,0,0,0,0,0,0,0,0,0,0,0,0,0,1,0,0,0,0,3,0,2,0,0,0,0,0,1,0,0,0,0,0,0,0,0,0,0,3,1,0,0,0,0,0,0,0,0,0,0,0,0,3,0,2,0,2,0,0,0,0,5,1,0,0,0,0,0,1,0,0,0,1,0,0,0,0,0,0,0,0,0,0,0,3,0,0,0,1,0,0,0,0,1,0,0,1,1,0,0,0,0,0,0,0,0,1,0,0,0,0,0,0,0,0,0,0,0,0,0,1,2,0,0,0,0,0,0,0,0,0,0,0,0,0,0,0,2,0,0,0,0,2,0,0,0,0,1,0,0,0,0,0,0,0,0,0,0,0,0,2,0,0,0,0,0,0,0,0,0,0,0,0,0,0,0,0,1,0,0,1,0,0,0,0,2,0,0,0,0,0,1,0,0,0,1,0,0,0,2,0,0,0,0,1,0,0,0,0,0,0,0,0,0,0,0,0,0,0,0,0,0,3,0,0,0,0,0,0,0,0,0,0,0
ASAH1,0,0,0,1,0,0,2,0,0,0,1,0,0,0,1,2,1,0,0,0,0,0,2,1,0,0,0,0,1,0,0,0,0,1,1,0,0,0,0,0,0,1,4,1,0,0,0,1,0,0,0,0,1,0,1,1,0,2,0,0,0,0,0,1,0,0,1,0,2,0,0,3,0,2,1,0,0,2,0,0,0,1,0,2,0,0,0,0,0,0,0,0,1,2,0,1,1,0,2,2,0,0,5,0,0,1,2,0,3,0,1,0,2,0,1,0,0,1,1,0,1,0,4,0,0,0,0,0,2,0,0,0,0,0,0,0,0,0,0,0,0,0,1,0,1,0,3,0,0,0,4,0,0,1,0,0,0,0,0,4,0,0,3,3,0,1,1,0,4,1,0,0,0,0,1,0,0,0,0,1,0,0,0,0,0,0,0,1,0,0,4,1,0,0,0,0,0,0,0,0,1,1,3,1,0,0,1,1,0,0,0,0,1,0,0,0,0,0,0,3,1,0,2,0,0,1,0,2,0,0,0,0,0,4,1,0,0,1,0,0,1,0,0,0,0,0,0,2,3,0,1,1,0,0,0,0,0,0,0,3,0,0,0,0,0,0,0,0,0,0,0,1,2,2,1,0,0,2,4,1,2,1,0,0,0,0,0,0,0,1,0,0,3,0,0,0,0,0,3,0,0,0,0,0,0,0,0,0,2,0,0,0,0,0,0,2,0,0,0,1,0,0,3,0,0,0,1,0,2,0,1,0,0,0,0,0,0,2,0,1,3,1,4,0,2,0,0,2,0,2,1,0,3,0,0,1,0,0,0,0,1,1,0,0,0,0,0,0,0,0,0,1,0,0,0,2,1,1,1,0,0,0,0,0,0,1,0,1,0,0,1,11,0,3,0,0,1,0,1,5,1,0,0,0,1,0,0,0,0,0,0,1,1,0,0,2,0,0,0,0,3,0,0,0,1,1,0,0,0,0,0,0,3,0,0,1,2,0,0,0,0,0,0,0,0,4,0,0,1,0,0,0,0,0,0,2,0,2,3,1,0,1,0,0,0,3,0,0,0,0,1,2,0,0,1,2,2,0,0,0,0,0,0,0,0,0,0,0,0,3,1,0,0,0,0,0,0,0,0,0,0,1,0,0,0,0,0,0,0,0,0,0,0,0,0,0,0,0,0,0,0,0,1,0,4,3,0,0,2,0,2,0,0,0,0,2,0,0,0,0,1,0,0,0,0,0,2,1,1,0,0,3,0,0,1,2,1,4,1,0,0,0,0,0,0,1,1,1,0,0,0,0,0,0,1,3,0,1,0,1,0,0,0,1,0,0,0,0,0,0,0,0,0,1,0,0,0,0,0,1,0,4,0,0,0,0,3,1,0,0,1,0,0,0,0,0,1,0,0,0,0,1,0,0,0,0,0,1,0,1,1,0,0,1,1,0,1,1,0,0,0,0,0,0,0,2,0,0,0,3,0,0,0,0,1,1,1,0,0,2,2,0,1,0,0,0,1,1,0,0,0,0,0,0,0,0,1,2,0,0,0,0,0,1,2,0,0,0,0,0,0,0,0,0,0,0,0,0,0,1,0,1,0,0,1,3,0,0,0,0,0,1,0,0,1,1,0,0,0,0,0,0,0,1,1,0,1,0,0,1,0,1,0,0,0,0,0,0,0,0,0,0,0,2,0,0,0,0,0,0,0,0,1,0,0,0,0,0,1,0,0,1,1,0,1,0,1,0,0,0,0,0,0,0,1,0,1,1,0,2,1,0,0,0,2,3,0,0,1,1,0,0,1,0,2,1,0,0,3,0,0,0,0,0,1,1,0,0,1,1,0,2,0,3,0,0,2,0,1,0,0,0,0,0,1,0,0,0,0,0,0,0,0,0,0,1,0,0,0,1,0,1,0,1,0,0,0,1,1,0,0,0,1,0,0,0,0,0,0,0,1,0,0,0,0,0,0,0,0,0,0,2,1,0,0,0,0,0,0,0,0,0,0,2,3,0,0,0,1,0,0,0,1,2,0,1,1,0,0,0,0,0,0,1,0,0,0,0,0,2,3,0,0,0,1,0,0,0,1,0,1,0,1,0,0,1,0,1,2,0,0,0,0,0,0,0,0,4,0,0,0,0,0,0,0,0,0,3,0,0,1,0,0,1,0,0,0,0,0,0,0,0,0,0,0,2,0,0,0,0,0,1,2,0,1,0,0,1,0,1,0,1,1,0,0,0,0,0,0,0,0,0,0,0,0,1,0,0,0,0,0,0,0,2,1,1,0,0,0,0,2,0,1,0,0,0,2,0,0,0,0,0,0,0,0,0,0,1,0,0,1,2,0,0,0,4,0,1,2,0,0,0,0,0,1,0,0,1,0,0,1,2,1,0,0,1,0,2,1,0,0,1,0,2,1,1,0,0,0,2,4,0,0,2,0,0,1,1,1,2,0,1,0,0,0,2,4,0,0,0,0,0,0,2,0,0,0,0,0,0,1,0,4,1,2,0,0,0,0,0,0,0,0,0,0,0,1,0,0,0,0,0,0,0,0,0,0,1,0,0,1,0,0,0,0,0,0,1,0,0,0,0,4,0,0,0,0,0,1,0,0,0,0,1,2,0,0,2,1,0,0,0,0,0,0,0,0,0,0,0,1,1,0,1,0,0,2,0,1,2,0,0,3,0,0,3,0,0,0,0,0,0,0,0,0,1,2,0,0,0,0,0,0,1,0,0,0,2,0,2,0,0,0,8,1,0,4,1,0,0,0,0,0,1,0,1,1,1,0,1,2,2,0,0,0,0,3,0,0,0,0,1,1,0,0,0,0,1,0,0,4,1,1,0,0,0,2,0,0,0,0,0,0,0,0,0,0,1,0,0,1,1,1,0,0,0,3,1,0,0,2,1,0,1,0,1,0,0,0,0,0,0,0,0,0,0,1,0,0,1,2,0,0,0,0,0,0,0,0,0,0,0,0,0,0,1,0,0,0,1,0,1,1,1,2,0,0,0,0,5,0,1,0,1,0,0,0,0,0,0,0,0,1,0,0,0,0,1,1,0,0,0,0,0,1,1,0,0,1,0,0,5,0,3,1,1,0,0,0,1,1,1,0,1,0,0,0,0,0,2,1,0,0,0,0,0,0,0,1,0,11,0,0,0,0,0,0,3,0,1,0,1,0,0,0,0,0,0,0,0,0,0,0,0,0,0,1,1,0,0,0,0,7,0,0,0,0,0,0,0,0,0,0,0,0,0,0,0,0,1,0,0,0,1,0,0,0,0,0,1,0,0,0,0,0,0,0,1,0,0,0,0,3,0,1,0,3,1,0,0,1,0,0,0,1,0,0,0,0,2,0,0,0,0,0,1,1,0,2,0,1,0,0,0,0,1,1,0,2,0,0,2,0,0,0,1,0,0,0,0,0,0,0,0,0,0,1,0,0,1,0,0,2,0,1,0,1,0,0,0,0,0,0,0,0,2
CYB561A3,0,0,0,0,0,0,0,0,0,0,0,0,0,0,1,0,0,0,0,0,0,0,0,0,0,0,0,1,0,2,0,0,2,1,0,0,0,1,0,0,0,0,0,0,1,0,2,0,1,0,0,0,0,0,0,0,0,0,1,0,1,0,0,0,0,1,0,0,0,0,0,0,0,0,0,0,0,0,0,2,1,0,0,0,0,0,0,1,0,0,3,1,2,0,0,1,0,0,0,2,0,0,0,0,0,0,0,0,0,0,0,0,0,0,0,0,0,0,0,0,0,0,0,0,0,0,0,0,1,0,0,0,0,1,1,0,0,0,0,0,0,0,0,0,1,0,0,0,1,0,0,0,1,1,0,0,0,0,0,0,2,0,1,1,0,2,0,1,0,1,0,0,1,0,0,0,0,0,0,0,0,0,0,0,0,0,0,0,0,0,0,0,1,1,0,2,0,0,0,2,0,0,0,2,0,0,2,0,1,0,0,0,0,0,0,0,0,0,5,0,0,2,3,1,1,0,0,0,0,0,0,0,0,0,0,0,0,1,0,1,0,1,1,0,0,1,0,0,0,0,0,0,1,0,2,0,0,0,0,0,0,0,1,0,0,0,1,0,0,0,0,1,0,0,1,0,1,0,0,0,0,0,0,0,0,0,0,0,0,0,0,0,0,0,0,0,0,0,1,0,0,0,0,0,0,0,0,0,1,0,0,0,0,0,0,0,0,0,4,2,0,0,0,0,0,0,0,0,2,1,0,2,0,2,0,0,0,2,0,1,0,0,0,0,0,0,0,0,0,0,0,0,0,0,0,0,3,0,0,0,0,4,1,0,0,0,2,0,0,1,0,0,0,0,0,1,0,0,1,0,0,0,0,0,1,0,0,1,1,0,0,1,0,0,1,0,2,0,0,0,0,1,0,0,0,0,0,1,0,0,0,0,1,0,0,0,0,2,0,0,0,0,0,0,0,0,1,0,0,1,0,0,0,1,0,3,1,0,0,2,0,1,0,1,0,0,0,0,2,0,0,0,0,1,0,1,0,1,0,1,1,0,0,2,0,2,0,0,0,0,0,0,0,0,0,0,0,0,0,0,1,0,0,0,0,0,0,0,0,0,0,0,0,1,0,0,0,0,0,0,0,0,0,0,0,0,3,0,0,0,0,0,1,0,0,0,1,1,0,0,0,1,0,0,0,0,0,0,0,0,0,2,0,0,0,0,0,1,0,0,0,0,0,0,0,0,0,0,2,0,1,1,0,0,0,0,0,0,0,0,0,0,0,0,0,0,0,0,0,1,1,0,0,0,0,0,0,0,0,0,0,0,0,0,0,0,1,0,2,0,0,0,0,0,1,0,0,2,3,0,0,0,0,0,0,0,0,0,0,1,0,0,0,0,0,0,0,0,0,0,0,0,0,0,0,0,1,0,0,0,2,0,0,0,0,0,0,0,1,2,0,0,0,0,0,0,2,0,0,0,0,0,0,0,1,0,1,0,1,0,0,2,1,0,0,0,0,0,0,0,0,0,0,0,0,0,0,0,0,0,0,0,0,1,0,0,0,0,0,0,0,0,0,0,1,1,0,0,1,0,0,2,6,0,4,0,0,0,0,1,2,0,1,0,0,0,1,0,0,0,0,0,0,0,1,0,1,0,0,0,0,0,0,0,3,0,1,2,1,1,1,1,0,0,0,0,1,0,0,0,0,0,0,0,2,0,0,0,0,1,2,0,1,0,0,1,0,0,1,0,0,0,0,0,0,0,0,0,0,1,0,0,0,0,0,0,0,0,1,0,0,0,0,0,2,0,0,0,0,1,0,0,2,0,0,0,0,0,0,0,0,0,0,0,0,1,0,0,0,0,0,1,0,2,0,0,0,0,0,0,0,0,1,0,0,0,0,0,0,4,1,0,1,0,0,0,0,0,0,1,0,0,0,0,0,0,0,0,0,1,0,0,0,0,1,0,0,0,0,0,1,2,0,0,0,0,0,0,3,0,1,0,0,0,0,0,1,0,0,1,0,0,0,0,0,0,2,0,0,0,1,0,0,0,0,0,0,0,0,0,0,0,0,0,0,0,2,0,0,1,0,0,0,0,3,0,0,0,0,0,0,0,1,0,2,0,0,2,0,0,0,1,0,0,2,0,0,0,0,0,0,1,0,1,0,0,1,0,0,0,0,0,0,0,1,1,0,0,0,0,2,0,0,0,0,3,0,1,1,0,0,0,0,1,0,0,0,0,0,0,0,0,0,0,1,1,0,0,0,0,0,0,0,0,0,0,1,0,0,0,1,0,0,0,0,0,1,1,0,0,0,0,2,0,0,0,0,0,0,0,4,2,0,0,0,0,0,0,0,0,0,0,0,0,0,0,0,0,0,0,0,0,0,0,1,0,1,0,0,0,0,0,1,1,0,0,1,0,0,2,1,0,0,1,0,2,0,0,0,0,7,0,0,0,0,0,0,0,2,0,0,0,1,3,0,0,1,0,0,0,0,0,1,0,0,0,0,0,2,0,0,0,1,0,0,0,0,0,0,0,0,0,0,0,0,0,0,1,0,0,0,0,2,0,0,1,0,1,0,0,0,0,1,0,0,2,0,0,5,0,0,0,0,1,2,1,0,1,0,1,0,0,0,1,1,0,1,1,0,0,1,0,0,1,4,0,0,0,0,1,0,0,0,0,0,1,0,0,0,0,0,0,0,0,0,3,0,0,0,0,0,0,0,0,0,1,2,0,0,0,1,0,0,0,1,0,0,0,0,0,0,0,0,1,3,1,0,0,0,0,0,0,0,0,0,6,0,0,0,0,0,0,0,0,0,1,0,0,2,0,0,0,0,0,0,0,1,0,0,0,0,0,0,1,0,2,0,0,0,0,0,0,1,0,0,0,0,0,0,0,0,0,0,1,0,1,0,0,2,2,1,0,0,0,0,0,0,1,1,0,0,0,0,0,0,0,0,0,0,0,1,0,0,0,0,1,2,0,0,3,0,0,0,1,3,0,0,0,0,0,0,0,0,2,0,0,0,0,0,0,0,1,1,0,0,0,0,0,0,0,0,1,0,0,0,0,0,0,0,0,1,0,0,2,0,0,0,0,0,3,0,0,1,0,1,0,0,0,1,0,0,0,0,0,2,1,2,0,1,3,1,0,0,0,0,0,0,0,0,1,0,0,0,0,0,0,0,0,1,0,0,1,0,0,0,0,0,0,0,0,1,0,0,0,0,0,0,0,0,0,0,0,1,0,0,0,0,0,0,0,0,0,0,0,0,0,0,0,0,0,0,0,0,0,0,0,0,0,0,1,0,0,0,0,0,0,0,0,0,0,0,0,0,0,1,0,1,0,0,0,0,0,0,0,0,0,0,0,0,1,0,0,0,0,0,0,0,0,0,0,1,0,0,0,0,0,0,1,0,0,0,0,0,0,0,0,0,0,0,0,0,0,0,0,0,0,0,0,0,0,0,0,0,0,0,1
IGSF6,0,0,0,0,0,0,1,0,0,0,1,0,3,0,0,3,0,0,3,0,1,0,1,3,0,0,0,0,0,0,0,0,0,0,0,0,0,0,0,0,0,0,3,0,0,0,0,0,0,0,0,0,0,0,0,0,0,0,0,0,4,0,0,0,0,0,0,0,0,0,0,0,1,2,2,0,0,0,0,0,0,0,0,1,0,0,0,0,0,0,0,0,0,0,0,4,0,0,0,0,0,0,1,0,0,0,0,0,0,0,0,0,0,1,0,0,0,0,3,0,0,3,2,0,0,0,0,0,0,0,0,0,0,0,0,0,0,0,1,0,0,0,0,0,3,0,0,0,0,0,6,0,0,0,0,0,0,0,0,0,0,0,1,0,0,0,2,0,9,5,0,0,0,0,0,0,1,0,0,0,0,0,0,0,1,0,0,0,0,1,0,1,0,0,0,1,0,0,0,0,1,0,0,0,0,0,0,0,0,0,0,0,0,0,0,0,0,0,0,2,0,0,0,0,0,0,0,0,0,0,0,0,0,2,2,0,0,0,0,0,1,1,0,0,0,0,0,1,0,0,0,0,0,0,0,0,0,0,0,2,0,0,0,0,0,0,0,0,0,0,0,5,0,0,0,0,0,1,6,0,2,1,0,0,0,0,0,0,0,0,0,0,0,0,0,0,0,0,0,0,0,0,0,0,1,0,0,1,2,0,0,0,0,0,0,0,0,0,0,0,0,0,2,0,0,0,0,0,0,0,0,0,0,0,1,0,0,1,0,0,4,0,0,0,0,0,0,0,0,0,2,0,1,0,0,1,0,0,1,0,0,0,0,0,0,0,1,0,0,0,0,0,0,0,0,5,0,0,0,0,1,0,0,0,0,0,0,0,0,0,0,3,0,1,0,1,0,0,0,1,1,0,0,0,0,0,0,0,0,0,0,0,0,0,0,3,0,0,0,0,1,0,0,0,0,0,0,0,0,0,0,0,0,0,1,0,0,0,0,2,0,0,2,0,0,2,0,0,0,0,0,0,1,0,0,0,0,2,0,1,0,0,0,0,2,1,0,0,0,0,0,1,0,0,0,2,0,0,0,0,0,0,0,0,1,0,0,0,0,0,0,0,0,0,0,0,0,0,0,0,0,0,0,0,0,0,0,2,0,0,0,0,0,0,0,0,0,0,0,0,0,0,0,3,2,2,0,0,0,0,0,0,0,0,0,0,0,0,0,0,0,0,0,0,0,0,1,0,5,0,0,3,0,0,1,0,0,0,0,0,0,0,0,0,0,0,0,0,0,0,0,0,0,0,0,0,0,0,1,0,0,0,0,1,0,0,1,0,0,0,0,0,0,3,0,0,0,0,0,0,0,3,3,0,0,3,1,0,0,0,1,0,0,0,0,0,0,0,2,1,0,0,0,0,0,0,0,1,0,1,0,0,0,0,0,0,0,0,0,0,0,0,0,0,0,0,0,0,0,0,0,0,0,0,0,2,0,0,0,1,1,0,0,0,0,0,0,0,0,0,0,0,1,0,0,0,1,1,0,0,0,2,0,0,2,0,0,0,0,0,0,0,0,0,0,0,0,0,0,0,0,0,0,0,0,4,0,0,0,0,0,0,0,0,2,0,0,0,0,0,0,0,0,0,0,0,0,0,0,0,0,0,0,0,0,0,1,0,0,0,0,0,0,0,0,0,0,0,0,0,0,0,0,0,0,0,0,0,0,0,0,0,0,0,0,0,0,0,0,0,0,0,0,0,2,0,0,0,0,0,2,0,0,0,0,2,0,0,0,0,0,0,0,0,4,0,0,0,4,0,0,0,0,0,0,0,0,0,0,0,0,0,0,1,0,0,0,0,0,0,0,0,1,0,0,0,0,0,0,3,0,0,0,0,0,0,0,0,1,0,1,0,0,0,1,0,0,0,0,0,0,0,1,0,0,0,0,0,0,0,0,0,0,0,0,0,0,0,1,0,0,0,2,0,0,0,0,0,0,1,0,0,1,5,0,0,0,0,0,0,0,0,0,3,0,0,0,0,0,0,0,0,0,0,0,0,0,0,2,1,1,0,0,0,0,0,0,0,0,0,0,2,0,0,0,2,0,0,1,2,0,0,0,0,0,0,0,5,0,0,0,0,0,0,0,0,0,1,0,0,0,0,1,0,0,0,0,0,0,1,0,0,0,0,0,0,0,0,0,0,0,7,0,0,0,0,0,0,0,0,0,0,0,3,0,0,0,0,0,0,0,0,0,0,0,0,0,0,0,0,0,0,0,0,0,0,0,0,0,0,0,0,1,0,0,0,0,0,3,0,0,0,0,0,0,0,0,3,0,1,1,0,0,0,0,1,0,0,0,0,0,0,0,0,0,0,0,0,0,0,0,2,1,0,0,0,1,0,0,0,0,0,2,3,2,0,0,0,0,0,2,0,0,0,0,0,0,1,1,0,0,0,0,0,0,0,0,0,0,0,0,0,0,4,0,1,0,0,0,0,0,0,5,3,1,0,0,0,0,0,0,0,0,0,0,0,1,0,0,0,0,0,1,0,0,0,0,0,0,0,0,0,0,0,0,0,0,0,0,0,0,0,1,0,0,0,0,0,0,0,0,0,0,6,0,0,0,0,0,0,0,0,0,0,0,0,0,0,0,0,0,0,0,0,0,0,1,0,0,3,0,0,3,0,1,0,0,0,0,2,0,0,0,0,0,0,0,0,0,0,0,0,0,0,0,0,0,1,0,1,0,0,0,6,0,0,2,0,0,0,0,1,0,0,0,0,2,0,0,0,1,0,0,0,0,3,0,0,0,0,0,0,0,0,0,0,0,0,0,0,0,0,1,0,0,0,1,0,0,0,0,0,3,1,0,0,0,0,0,0,0,1,0,0,0,0,0,0,7,1,0,0,0,0,0,0,0,0,0,0,0,0,0,0,0,0,0,0,1,0,0,0,0,1,0,0,0,0,0,0,0,0,0,0,0,0,0,0,0,0,0,0,0,3,0,0,0,0,0,1,0,0,0,0,0,0,0,0,0,0,2,0,0,0,0,0,0,0,0,0,0,0,0,0,0,0,0,0,0,0,0,1,0,2,1,4,0,0,0,0,1,0,0,0,6,0,0,0,0,1,0,0,0,0,0,0,0,0,0,0,3,0,0,0,0,0,0,1,0,3,0,0,0,0,0,0,0,0,0,0,0,0,0,0,0,0,0,2,0,0,1,0,2,0,0,0,0,0,0,0,0,0,0,0,0,0,0,0,0,0,0,0,0,0,1,0,0,0,0,1,0,0,0,0,0,0,0,0,0,0,0,0,1,0,0,0,1,0,0,0,1,0,0,1,3,0,0,0,0,1,0,0,0,0,0,1,0,1,0,0,0,0,0,1,0,0,0,0,4,0,0,0,0,0,0,0,0,0,0,0,0,0,0,0,0,0,0,0,0,0,0,0,1,0,0,0,1,5,0,0,0,0,0,0,0,0
NFKBIZ,1,0,0,0,0,1,1,1,0,0,2,0,2,1,0,4,0,0,3,0,0,0,0,0,0,0,0,0,0,0,0,0,0,0,0,0,0,2,0,0,0,0,0,0,0,0,0,1,0,0,0,0,0,0,0,0,0,0,0,2,0,0,0,0,1,1,0,0,0,0,0,0,0,2,0,0,0,0,2,0,1,0,3,0,1,0,1,0,0,0,1,0,0,0,0,2,0,0,1,0,0,0,1,0,0,1,0,0,0,0,0,0,2,1,0,1,1,0,0,0,0,0,1,1,1,0,0,0,0,0,0,0,0,0,0,2,0,0,0,0,0,0,0,0,0,0,2,4,0,0,0,0,2,0,0,0,0,1,0,0,0,0,1,2,0,1,0,0,4,4,0,0,0,0,1,0,0,0,2,1,1,0,0,0,2,0,1,0,1,4,0,0,0,0,0,0,0,0,0,0,0,0,1,0,1,1,1,0,0,0,0,1,0,1,0,0,1,0,0,0,0,0,1,0,0,0,0,1,0,1,0,0,4,2,0,0,0,0,2,0,0,0,0,1,0,0,0,0,1,0,0,2,0,1,0,1,0,0,0,0,0,1,0,0,0,0,0,0,0,0,0,1,2,1,0,0,0,0,0,0,2,0,0,0,0,0,0,0,0,0,0,0,0,0,0,0,0,0,5,0,0,0,0,0,0,0,1,0,8,0,0,1,0,0,0,0,0,1,0,0,0,0,1,0,0,0,1,0,0,0,0,0,0,0,2,0,1,1,0,0,0,0,0,0,0,0,0,1,0,0,0,1,2,0,0,1,0,0,1,0,0,0,1,1,0,1,1,0,0,2,0,0,0,0,0,3,0,1,0,0,0,0,0,1,0,0,1,0,1,0,2,3,0,4,0,1,0,1,0,0,2,0,0,0,2,0,0,0,0,0,1,0,0,0,0,1,0,0,0,0,1,0,0,0,0,0,0,0,1,0,0,0,0,1,0,0,0,0,1,1,1,1,0,0,0,0,0,1,0,0,0,0,0,0,0,0,0,1,1,0,1,0,0,0,1,5,0,0,2,0,2,0,0,0,0,2,0,0,0,0,0,0,1,0,0,0,0,1,0,5,1,0,0,0,0,0,1,0,0,1,1,0,0,0,0,0,0,0,0,0,0,0,0,0,0,0,0,0,0,1,0,0,0,0,1,0,0,0,0,1,0,0,0,1,2,0,0,0,0,0,0,1,0,0,0,1,0,0,2,0,0,0,0,0,2,0,0,1,0,0,0,0,0,0,1,0,1,0,0,0,0,0,0,0,0,0,0,0,2,0,0,0,0,4,0,0,0,0,0,0,1,0,0,1,0,0,0,0,0,0,0,0,3,0,0,3,0,0,0,0,0,0,0,0,0,0,0,0,1,0,0,1,0,0,0,0,0,0,0,0,0,0,0,0,1,0,0,1,0,1,1,0,1,1,1,0,1,1,0,1,0,0,0,2,0,0,0,0,1,3,1,1,1,0,0,0,0,0,1,0,0,1,0,0,0,1,2,0,2,0,0,0,2,0,2,0,1,0,1,1,0,0,0,0,0,0,0,0,0,0,2,0,0,0,0,0,0,1,0,1,0,0,1,0,0,0,0,0,1,1,0,0,0,0,0,0,0,0,0,0,0,0,0,0,1,0,2,0,0,0,0,0,0,0,0,0,0,1,0,0,0,0,0,0,0,0,1,1,0,0,0,1,0,0,1,0,3,0,2,0,0,0,0,0,3,0,1,0,0,0,0,0,0,0,0,1,0,1,0,0,0,0,0,1,0,0,0,0,2,1,1,0,0,0,0,1,0,0,0,1,0,0,0,1,2,1,3,0,0,0,0,0,0,0,1,1,0,0,0,3,1,0,0,1,0,0,1,0,0,0,1,2,0,0,0,0,0,2,0,0,0,0,0,0,0,0,1,0,2,0,2,1,0,1,0,0,0,2,0,0,0,0,2,0,0,0,0,1,0,2,0,1,1,2,0,0,0,0,0,0,0,1,0,0,2,1,1,0,0,0,0,1,0,1,0,0,0,0,0,1,0,0,0,0,0,0,0,0,0,0,0,0,0,0,0,1,0,0,5,1,0,0,0,1,0,0,0,5,0,0,0,0,0,0,0,0,0,0,0,0,1,0,1,0,0,0,0,0,0,1,0,0,2,0,0,0,0,0,1,0,0,4,0,0,0,0,0,1,1,0,0,1,2,1,0,1,0,0,0,0,0,0,0,0,1,0,0,0,0,2,0,1,0,0,1,0,0,0,2,0,0,0,2,0,0,0,0,0,2,0,0,0,0,0,0,0,0,1,1,0,2,2,0,1,0,0,0,0,1,0,1,0,0,0,0,0,0,0,0,0,0,2,0,0,0,0,0,1,0,0,0,0,5,2,3,0,1,0,0,0,0,0,0,2,0,1,1,0,2,0,1,0,1,0,1,0,0,0,0,0,1,0,0,0,0,0,0,0,0,0,0,0,3,1,0,0,0,2,0,0,0,0,0,0,0,0,0,0,1,0,1,0,1,0,0,0,1,0,3,0,0,0,1,0,0,1,1,0,0,0,0,0,0,0,0,0,0,2,0,0,1,0,1,0,0,1,0,0,0,0,0,2,0,0,0,0,0,0,0,0,0,0,0,0,1,0,3,0,0,0,0,0,2,0,0,0,0,0,1,1,0,1,0,1,0,1,0,0,0,1,0,0,0,1,0,0,1,2,0,1,0,0,0,2,0,0,3,0,0,1,1,1,1,0,0,0,3,2,0,0,0,0,0,0,0,1,1,0,0,0,0,0,0,0,1,0,0,0,0,0,1,1,0,1,0,0,6,0,0,0,0,0,2,0,0,0,0,0,1,1,0,2,0,0,0,0,1,0,1,0,0,0,0,0,0,0,0,0,0,0,0,0,0,0,0,0,0,0,3,0,8,0,0,2,0,0,0,0,0,0,0,0,0,0,1,1,0,0,0,0,0,1,0,0,0,1,0,0,0,2,1,0,0,1,0,0,1,0,2,0,1,0,1,0,0,0,0,0,0,0,0,0,0,0,4,0,0,0,2,0,0,6,0,0,1,2,0,0,0,1,0,0,1,0,0,0,1,0,0,1,0,0,1,0,0,0,0,0,0,1,3,0,0,0,1,0,0,0,0,0,0,1,1,0,0,1,0,0,0,1,0,1,0,0,0,2,0,2,1,1,0,0,1,1,0,0,1,0,0,0,1,0,0,0,0,0,0,1,1,1,0,1,0,0,0,0,0,0,0,1,0,0,0,0,0,2,0,0,0,0,0,0,4,0,0,0,6,2,1,0,3,0,0,0,1,0,0,0,0,1,0,1,0,0,0,0,0,3,1,0,0,1,0,3,0,0,0,1,0,0,0,8,0,0,2,0,0,0,0,0,0,1,0,0,0,0,0,0,0,0,2,0,0,0,1,0,0,5,1,0,0,0,0,0,0,0
KCTD12,0,0,0,0,0,5,4,0,0,0,1,0,1,0,0,0,0,0,4,0,0,0,0,0,0,0,0,0,0,0,0,0,0,0,0,0,0,0,0,0,0,0,1,0,0,0,0,0,0,1,0,0,0,0,0,0,0,0,0,0,1,0,0,2,0,0,0,0,4,0,0,0,0,0,0,0,0,2,0,1,0,0,1,0,0,0,0,0,0,0,0,0,0,2,0,1,0,0,0,0,0,0,0,0,0,1,0,0,1,1,0,0,0,0,0,0,0,0,0,0,0,1,6,0,0,0,0,0,0,0,0,0,0,0,0,0,0,0,1,0,0,0,0,0,0,0,2,1,0,0,0,0,0,0,0,0,0,0,0,0,0,1,0,2,0,0,1,0,0,2,0,0,0,0,2,0,0,0,0,0,0,0,0,0,1,0,0,0,1,0,4,0,1,0,0,0,0,0,0,0,0,0,1,0,0,0,0,0,0,0,0,0,0,0,0,0,0,0,1,0,0,0,1,0,0,0,0,1,0,0,0,0,0,2,2,0,0,0,0,0,0,0,0,0,0,0,0,1,2,1,0,0,1,0,0,0,0,0,0,1,0,0,0,2,0,0,0,0,0,0,0,2,1,0,0,0,0,2,0,0,1,0,0,0,0,0,0,0,0,0,0,0,1,0,0,0,0,0,1,0,0,0,0,0,1,0,0,1,0,0,0,0,0,0,0,0,0,0,0,0,0,0,0,0,0,0,0,0,0,0,0,1,0,0,0,0,0,0,0,0,2,0,1,0,0,0,0,1,0,0,2,0,0,0,0,1,0,0,0,1,0,0,0,0,0,0,1,0,0,0,0,1,0,0,0,0,0,1,0,0,2,0,0,0,0,1,0,0,0,0,0,1,0,0,0,0,0,0,0,0,1,0,0,0,0,0,1,0,0,0,0,0,2,0,0,3,0,0,0,0,0,0,0,0,0,0,0,0,0,0,0,0,0,0,2,0,2,0,0,1,0,0,0,0,0,1,0,0,0,0,0,0,2,0,0,0,0,0,1,0,0,0,0,0,2,0,0,0,0,0,0,0,0,0,0,0,1,0,0,0,0,0,0,0,0,0,0,0,0,1,0,0,0,0,0,1,0,0,0,0,0,0,0,0,0,0,0,0,0,0,0,0,0,0,0,0,0,0,0,1,1,0,0,2,1,1,0,0,0,0,3,0,0,0,1,0,0,1,0,0,0,0,0,0,0,0,1,0,1,0,0,1,0,1,1,2,0,1,0,0,0,0,0,0,0,0,0,0,0,0,0,0,0,0,0,0,0,0,1,0,0,0,0,1,0,0,0,0,0,0,0,0,0,1,0,0,0,0,0,0,0,2,1,0,0,1,1,0,0,0,2,0,1,0,0,0,0,0,1,1,0,1,0,0,0,0,0,0,0,0,0,0,0,0,2,0,0,0,0,0,0,0,0,0,0,0,1,0,0,0,0,0,0,1,0,0,0,0,0,3,0,0,0,0,0,0,1,0,0,0,0,0,1,0,0,0,2,0,0,0,0,0,0,0,4,0,0,0,0,0,0,0,0,0,0,0,0,0,0,1,0,0,0,0,0,2,0,0,0,2,0,0,0,0,1,0,0,0,0,0,0,0,0,0,0,0,0,0,0,0,0,0,0,0,0,0,2,0,0,0,0,0,0,0,0,0,0,0,0,0,0,0,0,0,0,0,0,0,0,0,0,1,0,0,1,0,0,0,0,0,0,0,0,0,0,0,2,0,1,0,0,0,0,0,2,0,0,0,0,0,0,0,0,2,5,0,0,0,0,0,0,0,0,0,0,0,0,0,0,0,0,2,0,1,0,0,0,0,0,0,0,0,1,0,0,0,0,0,0,1,0,0,0,0,0,0,0,0,1,0,0,1,0,0,0,0,0,0,0,0,0,0,0,0,0,0,0,1,0,0,0,0,0,0,0,0,0,1,0,0,0,0,0,0,1,0,0,0,0,1,0,0,1,0,2,1,0,0,0,0,0,0,0,0,0,0,0,0,0,0,0,0,0,0,0,0,0,0,0,1,3,0,0,0,0,0,0,0,0,0,0,0,0,0,1,1,0,0,1,0,1,0,0,0,0,0,0,1,0,0,0,0,0,0,0,0,0,1,0,0,2,0,1,1,0,0,0,0,0,3,0,0,0,0,0,0,0,0,0,1,0,1,0,0,0,0,0,0,1,0,0,0,0,1,0,0,0,0,0,0,0,0,0,0,0,0,0,0,0,0,0,1,0,0,0,0,0,0,0,0,0,0,1,0,0,0,0,0,1,0,0,0,0,0,0,0,0,1,0,1,2,4,0,0,0,0,0,4,0,0,0,0,0,0,0,0,0,0,0,0,0,0,0,0,0,0,0,0,0,0,0,0,0,0,0,0,1,0,0,1,0,0,0,0,0,0,0,2,1,2,0,0,0,0,0,0,0,0,0,0,1,0,0,2,0,1,0,0,0,0,0,0,0,1,0,0,0,0,0,0,0,0,0,0,0,0,0,0,0,0,0,0,4,0,0,0,0,0,2,0,0,0,0,0,0,0,0,0,1,1,0,0,1,0,0,0,0,0,2,0,1,1,0,2,0,0,0,0,0,0,0,0,0,0,0,0,0,0,0,0,0,0,0,0,0,0,2,0,0,4,0,0,4,0,0,0,0,0,2,0,0,0,0,0,0,0,3,0,0,0,0,0,0,0,0,0,0,2,0,2,0,0,0,0,0,0,0,0,0,0,0,1,0,1,0,0,0,2,0,0,0,2,0,0,0,1,3,0,0,0,0,0,0,0,0,1,0,0,0,0,1,0,0,0,0,0,0,0,0,0,0,0,2,0,0,0,0,0,0,0,0,0,0,0,0,0,3,0,1,1,2,0,1,0,0,2,0,0,0,1,0,0,0,0,0,0,0,0,1,0,0,0,0,0,0,0,5,0,0,0,0,0,0,0,0,0,0,0,0,0,0,2,0,0,0,0,0,0,0,4,0,0,0,0,0,0,0,0,0,0,3,0,0,0,0,0,0,0,1,0,0,0,0,0,0,0,0,0,2,0,0,2,0,1,1,0,0,0,0,0,0,0,0,0,2,0,1,0,0,0,0,0,0,0,0,0,0,0,0,0,1,0,0,0,0,0,0,0,0,0,0,2,0,0,0,0,0,0,0,0,0,0,0,0,0,0,0,0,0,0,1,0,1,1,0,0,0,0,0,0,0,0,0,0,0,0,0,0,0,4,0,0,0,0,0,0,0,0,0,1,0,0,0,0,0,1,0,0,0,0,0,0,0,0,0,0,0,0,0,0,0,0,0,0,1,0,0,0,0,2,0,0,0,0,0,0,0,1,0,0,0,0,0,1,0,0,0,0,2,0,0,0,0,0,0,0,1,0,0,0,0,0,0,0,0,0,0,0,0,0,0,3,0,0,2,0,1,0,0,0,0,0,0,0,0,0
CAPG,0,1,0,0,0,1,1,0,0,0,1,0,0,0,0,1,0,0,1,0,0,0,1,0,0,2,0,0,0,0,0,0,0,3,0,0,0,0,1,0,0,1,1,1,1,0,1,0,0,0,0,0,0,1,0,1,0,0,0,0,0,0,1,0,0,1,1,0,0,0,0,0,0,2,0,1,0,2,0,0,0,0,2,0,0,0,0,0,0,0,3,0,0,0,0,3,0,0,0,6,0,0,1,0,0,1,0,0,1,0,0,0,0,0,0,0,0,0,3,1,0,1,2,0,0,0,0,0,0,0,0,0,0,0,0,0,1,0,0,0,0,0,0,0,2,0,2,2,0,0,2,0,0,0,0,0,0,0,0,1,0,0,1,1,0,0,0,0,1,7,1,0,0,0,3,0,0,0,0,0,0,0,1,0,0,1,0,0,1,0,1,1,0,0,0,0,0,0,0,0,1,0,0,2,0,0,2,2,0,0,0,0,0,0,0,0,0,0,3,1,0,0,4,0,0,0,0,1,1,0,0,0,0,2,0,0,0,0,0,0,0,0,1,0,0,0,0,1,1,0,0,2,0,0,0,1,0,0,0,2,0,0,0,4,0,0,0,0,0,0,0,3,1,0,0,0,1,3,2,0,1,0,0,0,0,0,0,0,0,0,0,0,0,0,0,0,0,0,3,0,0,0,0,0,3,0,0,0,1,0,0,0,0,1,0,0,0,2,0,0,0,0,3,0,0,0,2,0,0,0,0,0,0,0,2,0,0,0,0,1,1,0,0,0,0,0,0,0,2,4,0,0,1,0,0,0,0,0,2,0,0,0,2,2,0,0,3,0,0,0,0,1,0,0,0,9,0,0,0,1,0,0,1,0,0,1,1,1,0,0,0,0,1,0,2,2,0,0,1,0,3,0,0,0,3,0,0,1,0,2,0,1,0,0,0,6,0,0,0,0,0,0,0,0,0,0,0,0,0,0,0,0,0,0,0,0,0,0,0,11,0,0,4,0,0,10,0,0,0,0,0,0,0,0,1,1,0,0,1,0,3,0,0,0,1,2,0,0,1,1,2,2,0,0,0,1,2,0,0,0,1,0,0,0,1,0,0,0,0,0,0,0,0,0,0,1,1,0,0,0,0,0,0,0,0,0,2,6,0,0,0,0,0,0,0,0,0,0,0,0,0,0,0,1,1,2,0,0,4,0,1,1,0,0,2,4,1,0,0,0,0,0,0,0,0,0,1,0,0,0,0,1,0,0,0,3,0,0,0,0,0,1,0,0,0,0,0,0,0,1,0,0,0,0,0,3,0,0,0,0,0,0,0,1,0,1,0,0,0,0,0,0,0,2,0,4,0,1,0,0,0,2,0,0,0,4,2,0,0,0,0,0,0,0,0,0,0,0,0,0,1,0,0,0,0,0,0,1,0,0,2,0,0,0,1,0,0,0,0,3,0,1,0,0,0,0,1,0,0,1,0,0,0,0,0,2,1,0,0,2,1,1,4,0,0,0,0,0,0,0,0,0,0,0,0,0,1,1,0,0,0,6,2,0,0,0,0,0,0,0,0,0,0,0,0,0,0,0,0,0,0,0,3,0,0,2,0,0,0,2,0,0,0,0,1,0,0,1,0,0,0,0,0,0,0,0,1,0,0,0,0,0,1,0,3,0,1,1,0,0,0,0,0,1,0,0,0,0,0,1,0,0,1,0,0,0,0,0,0,0,0,1,1,0,0,0,0,0,0,0,0,0,0,0,0,1,3,0,1,1,0,0,0,1,2,0,0,0,0,0,0,0,0,0,5,0,0,0,1,0,0,0,0,0,0,0,1,0,0,0,0,2,0,0,0,0,2,0,0,0,0,1,4,0,0,0,0,0,0,0,0,0,0,1,0,0,0,0,0,4,1,0,0,0,0,2,0,0,0,0,0,0,0,0,0,0,0,5,0,0,0,0,0,0,0,0,0,0,0,0,0,0,0,0,0,0,0,0,0,2,0,0,2,3,0,1,2,0,0,0,0,0,0,0,0,0,1,0,1,0,0,0,0,0,0,0,0,0,4,0,1,0,0,0,1,0,0,0,0,2,0,4,1,0,2,1,0,0,1,1,0,0,0,1,0,0,0,0,0,0,1,0,0,0,0,1,0,0,0,0,0,0,2,0,0,0,0,0,0,1,1,0,0,0,1,2,0,0,1,0,0,6,1,1,0,1,0,0,0,0,0,0,0,3,0,0,0,0,0,1,0,0,0,0,0,0,0,0,0,0,0,3,0,0,0,0,0,0,0,0,1,0,3,0,0,0,0,0,0,0,0,0,0,0,0,0,1,0,0,0,1,0,0,0,0,2,0,2,1,0,0,0,0,0,0,0,0,0,0,0,0,2,0,0,0,0,1,0,0,0,0,0,0,0,0,0,0,1,0,1,0,0,0,0,0,5,0,0,3,2,3,0,0,0,0,0,1,0,0,0,0,0,0,4,0,0,0,0,1,0,0,0,0,0,2,0,0,0,0,3,0,0,0,0,0,0,0,0,0,0,0,0,4,0,0,0,0,0,0,0,0,0,0,0,0,0,0,0,0,0,0,0,4,0,0,1,0,0,0,0,3,0,1,3,0,0,0,0,0,0,0,0,0,0,1,0,0,0,0,0,0,0,0,0,1,0,1,0,0,3,0,0,0,0,0,0,0,0,0,0,0,0,0,0,0,0,1,0,1,0,0,0,0,0,0,0,0,3,1,0,0,0,0,0,0,0,1,0,0,0,0,0,0,0,1,0,1,2,0,0,2,3,0,0,0,0,2,0,0,0,1,0,0,0,0,0,0,1,1,0,0,0,0,0,1,0,0,0,0,0,0,0,4,1,0,0,0,0,0,0,0,2,0,0,0,0,2,0,0,0,3,0,0,0,0,0,0,0,0,0,0,0,0,0,0,0,0,0,0,0,2,0,0,0,1,1,1,0,0,0,0,0,0,0,0,0,0,0,0,1,0,3,0,0,1,1,0,0,0,6,0,0,1,2,0,0,0,0,0,0,0,1,0,0,0,0,0,0,1,1,0,0,0,0,0,0,1,0,0,0,0,0,0,2,0,2,0,0,0,1,0,0,0,0,3,0,0,0,0,0,0,0,0,0,0,0,1,0,1,3,0,0,0,0,0,0,0,0,1,2,0,0,0,0,0,1,0,0,0,1,0,0,0,0,0,0,0,3,1,0,0,0,0,1,0,0,0,0,0,0,0,0,0,0,0,0,0,0,0,1,1,0,0,0,0,0,0,0,0,0,0,0,1,0,0,0,0,0,0,1,0,0,0,0,0,0,0,2,0,0,0,0,0,1,4,0,0,0,0,1,0,0,0,0,0,0,0,1,0,0,0,0,0,3,0,0,0,3,1,0,1,2,0,0,0,0,1,1,0,0,0,0,0,0,0,0,0,0,3,0,0,0,1,0,3,1,1,1,0,0,0,0,0,0,0,0
UCP2,2,1,2,1,1,2,0,3,0,0,1,0,0,0,1,3,0,1,1,0,2,0,1,1,0,3,1,1,2,4,0,0,4,9,1,0,1,1,3,1,0,0,1,1,2,1,1,1,1,1,0,1,1,0,0,1,1,0,3,2,6,2,0,1,0,1,1,0,1,1,2,4,0,0,1,2,0,0,0,1,0,0,0,0,2,0,1,3,1,0,2,0,3,2,2,0,0,1,0,9,0,3,1,1,0,0,0,2,5,0,1,2,0,2,0,0,2,5,0,0,2,0,0,2,0,1,1,2,0,2,0,0,0,1,0,0,0,1,5,0,0,1,1,1,5,0,0,1,3,2,3,1,0,1,1,2,0,0,1,0,1,1,3,0,1,2,1,3,0,4,2,0,2,0,0,1,0,1,0,1,0,0,0,0,6,0,0,1,0,0,4,1,0,0,1,0,0,0,0,4,1,1,0,3,1,1,2,2,4,0,0,0,2,2,3,0,1,0,9,0,2,0,6,2,3,1,0,1,0,1,2,0,3,6,0,1,1,1,0,1,0,1,2,1,0,0,0,1,4,0,1,0,0,2,1,3,1,1,2,2,1,0,0,1,0,0,0,1,1,1,2,4,3,0,1,1,1,4,3,1,0,0,3,0,1,0,1,1,0,2,2,0,2,0,0,0,1,0,1,0,1,1,4,0,0,2,0,1,3,1,1,0,1,1,0,0,1,2,0,3,0,2,3,2,2,2,0,3,5,2,0,1,1,3,0,1,1,0,0,4,4,1,1,2,0,1,0,1,4,0,0,0,2,0,2,0,1,1,3,0,3,3,2,0,3,0,19,1,3,0,0,1,3,1,0,0,0,1,1,1,0,0,1,1,1,0,3,3,1,1,2,6,0,6,1,0,4,2,1,3,0,0,2,0,0,0,0,3,5,3,2,0,0,0,1,2,1,1,4,0,0,0,8,1,4,0,0,3,1,0,0,1,1,2,1,2,2,1,0,1,2,0,3,1,1,3,0,0,3,2,1,1,1,1,1,1,1,0,2,1,8,3,0,1,2,1,1,0,1,1,0,0,1,3,1,2,2,2,1,1,0,0,2,1,2,2,0,3,0,1,2,3,0,1,0,0,0,0,0,3,0,1,1,0,2,0,3,7,2,0,0,2,2,0,0,1,0,1,0,0,1,0,5,1,2,2,0,1,0,0,3,3,1,0,2,0,2,5,1,0,3,2,0,2,2,1,1,1,10,1,2,1,1,1,0,3,1,2,0,1,2,2,5,2,2,0,1,0,2,3,0,3,1,0,0,2,0,1,0,1,1,3,1,2,0,3,2,3,2,1,0,0,1,5,0,7,1,3,1,2,1,2,0,1,1,4,3,2,0,0,1,5,2,1,3,0,0,3,0,2,4,1,0,0,0,0,1,2,2,1,3,0,0,1,0,0,1,2,2,4,0,0,0,1,0,0,8,2,0,0,4,4,1,2,2,1,8,0,2,0,0,2,4,4,0,1,0,0,0,1,2,0,2,0,6,0,0,1,1,0,1,7,0,1,1,1,0,1,0,1,0,0,0,0,1,2,1,0,2,0,1,3,7,0,2,3,1,0,0,12,8,2,0,3,1,1,0,1,0,1,2,0,1,3,0,0,1,1,0,0,0,0,0,2,10,0,1,1,0,1,2,1,1,0,2,0,1,1,1,1,1,1,2,1,1,0,2,1,2,1,0,0,1,1,0,1,2,0,1,1,1,2,1,2,1,0,0,0,0,1,0,0,2,3,0,0,2,0,0,1,2,1,0,0,3,1,3,1,1,0,0,0,4,0,1,0,2,3,4,2,1,1,0,0,0,1,2,1,0,0,2,0,1,5,0,2,1,0,0,0,0,2,0,1,1,0,0,3,0,2,0,2,6,1,1,0,2,3,3,1,1,0,1,1,0,0,1,0,1,0,0,1,1,2,1,1,1,0,1,0,0,0,4,0,2,1,0,0,2,2,1,1,0,1,2,0,2,0,0,4,0,0,1,1,0,1,1,2,3,0,0,1,0,0,0,0,1,0,3,1,0,1,0,2,1,0,2,0,0,2,1,3,0,0,3,1,0,2,0,2,1,1,0,3,2,2,1,7,0,1,3,0,8,0,2,2,3,0,2,0,0,1,0,0,1,0,0,1,1,0,1,0,0,1,0,1,2,0,6,0,0,2,1,0,0,2,1,2,1,0,1,1,1,3,0,0,1,0,2,0,6,0,2,5,1,1,0,0,0,0,0,0,0,0,0,1,0,3,0,1,1,0,0,0,4,0,0,1,0,1,0,0,1,0,3,0,0,1,3,1,6,30,1,2,2,2,1,1,0,1,1,3,3,1,4,0,3,0,1,0,1,0,1,1,3,1,1,1,1,2,0,1,2,8,1,2,1,1,1,0,2,1,2,2,0,11,2,1,0,2,4,0,0,1,3,2,0,1,1,0,1,2,0,3,1,0,0,0,1,0,0,1,1,1,1,0,0,0,1,0,0,1,3,2,0,2,0,0,2,2,1,1,2,0,2,1,3,1,0,1,1,0,4,1,1,2,1,8,1,3,3,0,0,2,0,5,1,0,6,1,0,2,3,3,5,1,1,2,2,2,1,2,0,0,1,0,1,0,1,3,1,4,1,8,6,2,1,1,4,3,3,1,1,0,2,0,2,1,0,1,1,2,0,1,1,0,3,0,0,1,2,6,0,0,1,2,1,1,3,1,2,2,2,7,1,1,4,2,0,0,1,1,1,1,2,1,0,1,2,1,1,3,2,0,0,3,1,1,2,1,2,2,0,1,0,0,1,4,2,0,2,3,0,0,0,1,5,1,1,1,1,0,1,0,3,2,0,1,2,1,2,1,0,1,2,0,1,1,0,2,3,0,11,4,0,0,17,1,0,1,2,1,1,0,0,1,1,0,0,1,2,2,1,0,0,1,0,0,1,0,2,2,1,1,2,2,0,0,3,4,2,1,0,0,2,3,3,1,0,1,1,0,0,2,2,2,0,1,12,1,1,1,2,1,3,0,1,1,1,0,0,3,0,2,1,0,6,3,1,0,3,4,1,1,0,6,1,4,0,3,1,1,0,1,0,0,0,1,0,1,3,0,0,3,2,1,1,0,4,2,6,0,1,1,1,1,0,3,1,5,0,1,3,0,2,1,1,1,0,3,0,1,2,0,1,0,1,5,3,2,0,3,3,0,4,0,1,3,0,1,2,2,0,2,2,2,2,2,2,0,3,3,1,1,1,0,0,0,2,0,2,2,1,1,1,2,1,2,1,14,0,2,2,1,1,1,1,0,1,0,4,0,0,2,6,1,4,0,0,1,1,1,1,0,0,0,1,0,3,2,1,0,3,1,0,2,1,2,2,1,0,2,2,3,0,3,0,0,1,1,3,0,2,2,1,0,1,2,0,0,0,0,0,0,1,0,0,1,1,0,1,0,0,0,6,1
PPP2R5C,0,1,2,0,1,0,0,3,2,0,1,1,1,1,0,1,4,0,0,0,1,0,0,0,0,1,0,0,5,0,0,0,0,1,0,0,2,0,0,0,2,0,0,4,1,0,0,2,0,0,0,0,0,2,1,0,0,0,1,2,1,1,2,0,1,1,2,0,0,1,2,0,0,0,0,0,2,0,0,0,0,1,0,1,2,3,2,0,1,2,1,1,3,0,0,0,0,1,1,1,2,0,2,0,1,0,0,2,0,0,0,1,0,0,2,2,0,0,1,0,0,1,0,0,0,2,1,0,0,0,0,1,0,0,0,0,0,0,0,2,0,1,0,0,0,0,0,0,3,2,0,1,3,0,1,0,1,0,1,0,2,0,2,0,1,4,4,1,0,1,1,1,0,1,0,0,0,2,1,0,2,0,0,1,0,1,0,0,0,0,1,0,0,0,0,0,0,2,0,0,0,1,2,0,2,2,0,3,3,0,1,0,2,1,0,2,0,1,0,0,0,0,1,0,3,0,0,0,1,1,0,1,0,0,0,1,3,0,1,0,1,0,0,0,0,0,0,1,0,1,1,1,1,1,1,5,0,1,0,0,0,0,0,0,1,0,0,0,1,1,2,0,1,0,0,1,0,0,0,0,0,0,1,0,0,0,1,0,1,0,1,0,0,0,2,1,0,0,1,0,0,0,3,0,0,0,0,0,0,1,0,1,1,2,1,0,1,3,1,3,1,0,1,0,1,2,0,0,0,1,0,0,1,0,0,0,2,0,1,1,1,0,1,1,1,3,0,0,1,0,0,0,3,0,0,1,0,2,0,0,0,0,0,0,0,0,0,1,0,0,1,2,0,0,1,1,0,2,0,1,1,0,1,0,0,0,5,0,0,1,1,4,0,0,0,0,2,1,0,1,0,0,1,0,0,0,0,0,1,0,0,0,1,1,0,1,0,1,1,1,2,0,1,1,0,2,0,1,0,0,1,1,0,3,0,1,0,3,0,0,2,0,1,0,2,2,0,1,0,2,2,0,0,0,1,1,1,0,1,0,0,1,2,0,1,0,0,1,0,0,1,0,1,0,1,2,0,1,0,1,2,2,1,0,0,0,0,3,0,0,0,0,0,0,2,0,0,0,0,2,0,0,0,0,0,0,1,1,1,0,0,0,0,0,0,0,1,0,0,0,1,0,0,1,2,0,1,0,0,2,0,0,1,2,2,0,2,0,0,1,1,1,1,0,0,0,0,0,0,0,0,1,0,0,0,0,0,0,1,2,0,0,0,1,0,1,0,1,2,0,0,1,0,0,0,1,0,0,1,3,0,0,0,1,0,4,1,0,0,0,3,1,1,0,0,0,0,0,0,0,0,0,0,0,3,1,0,2,0,0,0,0,0,0,2,1,1,1,2,0,0,0,0,1,0,0,4,0,1,0,0,2,1,0,0,0,1,0,1,1,0,0,2,0,0,0,0,1,1,0,2,4,0,1,2,0,0,0,1,0,0,0,0,1,2,3,1,0,0,1,0,0,0,1,1,1,0,0,0,0,1,1,0,0,0,0,0,1,0,0,0,0,1,0,0,1,0,0,0,0,0,3,1,1,1,1,1,0,1,0,3,5,0,0,0,1,0,0,0,0,0,0,0,1,0,1,0,1,1,5,3,4,0,0,2,0,0,0,0,0,0,1,1,0,3,0,0,2,1,1,0,0,1,0,0,0,2,2,2,2,0,1,0,1,1,1,3,0,0,1,0,1,1,0,0,0,0,1,0,1,1,1,0,0,2,1,0,0,0,0,2,0,1,0,1,1,3,0,0,1,0,0,0,0,3,3,0,0,0,0,0,0,0,0,0,0,0,0,0,0,0,0,0,0,0,1,1,0,0,0,2,2,0,1,0,1,3,0,0,0,0,0,6,2,0,2,0,1,1,2,0,1,0,0,2,0,1,0,0,1,1,0,1,0,0,0,1,1,1,0,0,0,0,4,0,0,1,0,0,0,2,0,1,0,0,0,0,0,1,3,0,0,0,0,0,2,0,0,0,0,0,1,1,0,0,0,0,0,1,0,0,2,1,1,0,1,0,0,0,0,0,1,0,2,0,0,1,5,0,4,0,0,1,0,0,0,0,3,1,0,0,0,0,1,0,1,0,0,1,3,1,0,1,0,3,0,0,1,0,0,5,2,1,4,1,0,0,0,0,0,0,1,2,2,0,0,0,1,0,1,0,1,0,0,0,1,0,0,2,0,0,0,0,0,1,4,0,0,0,1,0,0,0,0,0,1,1,0,0,1,1,1,0,0,1,1,0,0,1,0,1,0,2,0,3,0,2,1,1,0,2,1,1,1,0,0,3,0,1,1,0,1,0,2,0,0,1,1,1,0,0,0,0,1,1,0,0,0,0,0,0,0,0,0,0,2,0,0,1,0,1,3,0,1,0,1,0,0,0,0,2,0,0,0,0,0,0,1,0,0,0,2,2,0,0,0,0,0,0,0,2,0,2,1,0,0,0,1,0,1,0,0,0,1,0,0,0,2,1,1,0,1,2,0,0,1,2,0,0,0,0,0,0,0,0,3,0,0,0,0,2,1,2,0,1,1,0,1,0,3,0,0,0,0,0,1,1,0,1,0,3,4,1,0,0,0,0,0,0,0,0,3,0,0,2,0,0,1,0,1,1,0,1,2,1,0,5,0,0,1,0,0,0,1,2,0,0,0,0,1,2,0,0,0,0,0,1,1,4,1,1,1,0,0,0,2,0,0,1,0,1,0,1,0,0,0,0,0,1,0,0,0,0,0,0,0,1,1,0,0,0,0,1,0,0,1,1,0,0,2,0,1,0,0,0,0,0,0,5,0,0,0,0,0,4,0,0,0,0,0,3,0,1,0,0,0,1,1,0,0,0,1,0,3,0,1,0,0,0,0,0,0,1,0,0,0,1,0,0,1,0,0,0,0,0,0,0,1,0,1,0,0,1,0,1,1,0,0,4,0,0,0,0,1,1,0,3,1,1,0,0,0,0,0,0,0,0,4,3,2,0,0,0,0,0,0,1,0,0,0,3,3,2,0,0,0,0,0,1,2,0,0,1,1,0,1,1,1,0,1,1,1,1,1,1,0,1,0,2,0,1,1,1,0,0,0,0,1,2,1,4,1,1,1,0,0,0,0,1,0,2,0,0,1,2,0,1,0,0,0,0,1,0,0,0,1,0,0,1,0,0,0,1,0,0,0,0,1,0,2,1,3,0,1,0,0,0,0,0,1,0,0,0,1,1,0,0,0,0,0,0,3,2,0,0,0,1,1,0,2,0,0,1,0,1,3,1,1,0,0,1,0,0,0,0,0,1,0,1,1,0,0,2,1,0,1,1,1,0,5,0,0,1,0,2,1,0,0,1,0,0,0,0,2,0,1,1,0,1,0,0,0,3,0,0,2,0,0,1,2,1,0,0,0,0,0,0,2,0,1,0,1,1,1,0,1
TUBA1B,1,0,0,0,3,2,5,4,1,0,0,2,2,4,0,2,0,0,1,0,0,0,0,1,0,0,2,1,1,0,0,1,0,8,0,0,0,1,6,0,0,1,0,2,0,0,0,0,4,0,0,0,0,1,0,1,1,2,0,0,0,0,0,2,0,1,0,2,2,0,0,4,0,1,3,0,1,0,0,1,0,1,0,2,3,1,2,1,1,0,2,0,0,1,0,4,1,0,0,0,0,0,0,0,0,0,0,0,0,1,3,0,1,0,0,2,0,1,0,0,0,0,2,0,1,3,0,0,1,0,0,0,0,2,0,0,1,0,0,0,0,1,0,1,3,0,1,0,5,1,1,3,0,0,0,1,1,2,0,0,0,0,5,0,0,1,1,1,1,2,1,1,2,0,2,0,0,0,0,2,0,1,0,0,1,0,0,1,0,5,2,1,3,0,1,1,0,1,2,0,0,0,2,1,0,0,0,1,0,0,0,2,0,1,0,2,1,1,8,0,0,0,0,0,5,1,1,0,0,1,1,2,1,4,1,0,0,0,0,2,1,1,1,0,3,1,1,0,0,1,0,0,0,2,2,0,0,0,0,2,1,0,0,0,0,0,0,1,0,0,0,4,0,1,0,2,1,1,1,0,0,0,0,1,1,0,1,0,0,1,0,1,0,1,0,1,1,0,0,0,0,1,0,1,0,0,2,0,5,0,1,0,2,3,0,0,1,2,0,0,1,2,2,0,0,2,0,1,0,0,1,1,0,1,0,0,0,0,2,0,2,1,0,1,0,1,1,1,0,1,1,0,6,1,0,0,0,0,1,0,1,1,0,0,9,2,21,0,0,2,1,0,1,0,0,12,0,1,1,0,0,0,1,2,1,0,0,1,0,0,0,4,2,10,0,0,1,0,3,6,1,1,0,1,1,1,1,1,0,0,2,1,0,1,0,3,0,2,0,0,0,1,2,0,1,0,2,2,1,1,0,0,1,0,1,0,1,0,1,5,3,0,7,1,1,9,1,0,0,0,0,1,2,0,0,0,0,2,0,1,1,0,0,0,1,1,3,0,0,0,0,1,0,1,2,2,2,1,0,0,0,0,0,0,0,1,0,4,0,0,1,0,0,1,0,2,1,1,0,0,0,1,0,0,2,0,3,7,0,0,1,0,2,0,0,1,0,0,0,0,0,2,1,1,1,2,0,0,1,0,1,2,0,0,1,1,0,1,0,0,10,0,0,2,1,3,2,0,4,1,2,8,0,0,1,4,0,6,1,2,0,0,2,0,1,0,0,1,2,2,0,14,1,2,0,2,1,0,0,0,0,0,0,2,1,1,0,0,0,1,0,1,0,3,1,1,2,1,0,1,0,2,0,2,1,3,1,0,0,0,1,2,2,2,1,2,1,0,0,3,1,2,0,0,0,0,0,1,4,0,1,1,1,2,0,1,0,0,0,1,1,0,4,0,0,0,1,2,0,0,0,0,0,0,1,0,1,0,0,0,0,0,0,2,2,0,0,0,0,0,0,1,0,1,3,3,0,0,0,2,0,7,1,3,0,1,1,0,0,0,0,0,0,1,2,1,0,0,1,0,0,0,7,3,0,0,0,1,1,9,1,1,1,1,0,2,2,1,0,0,0,1,0,1,1,0,3,0,0,0,0,0,0,0,4,0,0,4,0,0,1,0,0,0,0,0,0,0,0,0,1,0,0,2,1,0,0,1,0,0,0,1,3,1,0,0,0,2,1,0,0,1,0,2,0,3,2,0,0,0,1,1,0,0,0,3,1,1,1,0,0,2,1,0,1,0,1,1,0,2,1,1,2,0,0,0,1,0,0,2,2,0,0,0,0,1,2,0,0,0,0,1,10,0,0,1,0,0,2,0,2,2,0,0,1,1,0,0,0,1,0,0,16,0,0,1,0,3,2,1,1,1,0,0,1,0,1,2,0,1,0,1,0,0,0,0,2,1,0,0,2,0,5,1,0,2,1,0,0,2,1,0,1,4,0,1,0,0,0,0,0,1,2,1,0,3,3,1,6,1,1,0,0,0,1,1,0,2,7,1,1,2,0,2,1,2,0,0,0,0,0,7,0,0,3,0,1,0,3,3,1,1,0,1,0,0,0,21,0,1,0,0,1,0,2,1,1,0,2,0,1,2,1,3,0,0,2,4,1,1,3,1,0,0,0,1,0,0,2,0,0,3,1,0,1,1,1,2,0,0,0,1,0,7,0,1,0,0,0,2,0,1,0,0,0,1,0,0,1,1,0,1,0,0,1,0,0,0,0,2,0,1,1,0,0,0,0,0,2,0,0,0,0,0,0,0,0,0,2,1,18,5,0,0,0,2,1,1,0,0,0,2,1,0,0,0,0,0,0,0,1,1,0,1,0,0,0,0,2,0,2,0,4,14,0,0,0,0,0,1,1,1,2,1,0,6,0,1,1,1,3,0,0,1,1,0,0,4,0,1,0,1,0,5,1,0,0,1,0,1,1,0,4,0,2,0,0,0,1,2,0,0,2,1,1,0,0,1,2,1,0,0,1,0,0,0,0,3,1,1,0,1,1,1,0,0,2,2,0,1,0,0,2,1,0,1,0,0,5,0,1,0,1,0,0,0,0,1,1,0,1,1,0,0,2,0,0,0,1,0,2,1,1,2,1,1,3,2,0,3,2,0,1,0,0,1,1,0,0,0,0,0,0,0,0,0,1,1,1,0,2,0,1,0,1,3,0,2,1,0,0,0,1,8,0,2,4,1,1,0,1,1,0,0,3,2,3,1,1,0,2,4,0,0,1,5,1,2,1,0,1,0,0,0,1,0,0,3,0,0,6,0,0,0,0,1,0,2,3,1,1,0,4,0,2,0,0,2,0,0,1,1,1,1,1,1,1,0,1,0,4,3,0,2,2,0,0,0,0,1,0,0,0,1,1,2,2,0,1,0,2,0,2,0,1,1,0,0,2,0,2,2,0,2,1,2,0,0,1,0,0,1,0,0,1,0,0,4,0,1,0,0,0,0,0,0,0,0,62,2,1,0,1,0,0,1,2,0,2,0,1,5,0,0,1,0,1,9,2,0,0,6,0,1,0,3,1,1,1,1,0,0,1,2,5,0,0,1,0,0,1,0,0,0,0,1,0,0,4,2,4,0,4,1,0,0,0,0,0,3,1,0,1,0,1,0,3,1,0,1,1,0,2,0,0,1,0,5,0,0,0,1,1,0,2,0,0,2,0,3,0,1,1,0,0,1,2,1,0,1,0,3,0,0,0,0,1,2,1,0,2,0,0,0,2,1,0,3,1,0,0,0,1,0,0,0,2,0,3,0,1,1,0,0,5,1,0,0,0,1,0,0,0,1,1,1,0,0,1,2,3,1,1,0,0,0,0,2,1,0,1,2,0,2,0,0,1,1,2,0,3,1,1,0,0,0,0,0,2,0,0,0,0,1,1,0,0,2,3,0,0,0,1,0,0,1
PIK3IP1,0,0,1,0,0,0,0,2,1,0,0,0,0,4,0,0,0,1,0,3,0,0,0,0,0,0,0,1,0,0,0,0,0,0,0,0,3,0,0,0,2,1,0,0,3,0,0,0,2,1,0,1,0,0,0,0,0,3,0,1,0,0,0,0,2,1,1,0,0,0,0,2,0,0,0,0,0,1,0,0,1,0,0,0,0,2,0,0,0,0,0,1,0,0,2,0,1,0,0,1,0,0,0,3,0,0,0,0,0,2,0,0,0,0,2,2,0,3,0,0,0,0,0,0,1,2,0,1,0,2,0,0,1,0,0,0,0,2,0,0,0,0,1,1,1,1,0,0,5,0,0,0,0,3,0,1,1,0,0,0,0,1,0,0,0,3,0,0,0,0,1,0,0,1,0,1,0,1,0,2,0,2,0,0,0,0,2,1,0,0,0,0,0,0,1,0,0,0,0,0,0,0,0,3,1,1,0,0,0,0,0,0,2,0,1,0,1,1,0,0,0,0,0,0,5,0,0,0,0,0,1,0,0,1,0,0,2,0,0,0,0,1,0,0,0,0,1,0,0,0,2,0,0,0,0,1,0,0,0,0,0,0,0,0,0,0,1,0,1,0,0,1,0,0,1,1,0,0,0,1,0,0,2,2,0,0,0,0,0,1,1,0,0,0,2,2,2,3,0,0,1,0,0,0,1,1,2,0,0,0,0,0,1,0,1,0,1,1,0,0,1,1,0,0,0,1,0,1,0,2,0,0,2,0,0,0,3,0,1,0,0,3,0,0,0,0,0,0,1,0,0,0,2,3,0,0,0,3,1,0,0,0,0,0,0,2,0,0,0,0,0,0,0,1,0,1,1,0,1,0,0,0,0,1,1,0,1,3,0,0,0,0,0,0,1,0,0,0,0,1,0,0,0,2,0,0,0,0,0,0,1,4,0,0,1,0,1,0,0,1,0,0,0,0,0,2,0,0,0,0,0,0,0,1,0,0,0,0,2,0,0,1,0,1,1,0,0,2,0,0,2,0,0,1,0,0,0,1,0,0,0,1,0,0,0,0,3,1,0,0,0,0,0,2,0,0,0,1,0,1,0,2,1,0,0,2,1,2,1,0,2,3,1,0,1,0,3,2,0,0,0,0,2,0,0,2,0,0,0,0,0,0,1,2,0,0,0,0,0,0,1,2,3,0,0,0,1,0,0,0,0,1,0,0,0,0,0,0,1,0,0,0,2,0,0,0,0,0,0,0,0,0,0,0,0,1,1,0,1,0,0,2,0,0,1,0,0,3,2,0,1,0,2,0,1,0,1,1,0,0,0,0,1,0,0,0,0,0,1,0,0,0,0,0,0,0,2,0,0,0,0,0,0,1,0,0,0,0,1,1,0,0,0,2,0,2,1,0,0,0,0,2,0,0,0,0,5,1,0,2,3,2,0,0,0,1,1,2,0,0,0,0,1,0,0,0,1,1,0,0,0,0,1,0,0,0,0,0,0,0,0,0,0,0,1,0,0,0,1,0,3,1,0,0,1,0,0,0,0,2,0,0,2,1,0,3,0,0,0,1,0,1,2,2,1,2,0,1,1,0,1,0,0,0,1,0,0,0,0,0,0,0,0,0,0,1,0,0,0,1,2,1,0,0,0,2,0,0,0,1,0,0,0,0,0,2,1,0,0,0,0,3,2,0,0,0,0,3,0,0,1,1,0,1,1,1,0,0,0,0,0,0,0,0,0,0,0,0,0,3,1,2,3,0,0,0,0,4,0,0,0,2,0,0,0,0,0,1,1,1,1,2,0,0,0,0,0,1,0,1,0,2,1,0,1,1,1,0,0,0,2,0,0,0,0,1,0,0,1,1,0,0,0,0,0,1,3,0,1,0,0,0,0,0,2,1,0,1,0,0,0,0,0,2,0,0,0,1,0,0,0,0,0,1,2,1,0,0,1,0,1,1,2,3,1,0,1,0,0,0,0,0,0,0,0,0,0,0,0,0,1,0,0,0,1,0,0,1,1,0,1,1,0,0,0,0,0,0,0,1,1,1,1,2,1,1,1,0,0,0,1,0,0,1,0,0,1,2,1,0,1,0,0,0,0,0,2,1,0,0,0,1,0,1,0,0,1,1,0,0,1,1,1,1,0,1,1,0,1,1,0,1,0,1,0,0,0,0,0,0,2,0,0,0,0,0,2,0,0,0,1,0,0,0,0,1,0,1,0,0,1,0,0,0,0,3,1,2,0,0,0,0,2,0,0,0,0,0,0,0,0,0,0,0,1,0,0,0,0,0,0,0,0,0,0,3,0,0,0,2,0,0,0,0,0,2,0,0,0,2,0,0,0,1,0,0,0,0,0,0,2,0,1,0,1,1,1,1,2,0,3,0,2,0,1,0,0,0,0,2,0,0,0,0,0,1,0,0,0,0,0,0,1,0,0,0,2,0,0,0,0,0,0,0,1,0,0,0,0,0,0,3,1,2,0,0,0,1,0,0,0,0,1,0,0,3,1,1,1,2,0,0,1,1,0,2,0,0,0,0,1,0,0,2,0,1,0,1,0,0,1,0,2,0,0,1,0,0,0,0,0,0,0,1,2,0,1,3,0,2,0,0,0,0,0,0,1,0,0,0,0,3,2,1,1,2,0,2,1,1,2,1,2,0,0,1,0,1,0,0,1,1,0,0,0,0,0,2,0,0,0,2,0,1,1,0,0,1,0,1,1,1,0,0,1,2,0,0,0,0,0,2,0,0,0,1,0,0,1,0,0,0,0,1,1,2,0,0,2,1,0,1,2,1,1,0,0,0,1,1,1,0,1,0,0,0,0,0,0,1,0,2,0,0,0,0,1,1,1,1,0,2,0,0,0,1,0,0,3,0,0,0,1,0,3,1,0,0,0,0,1,0,0,1,1,0,1,1,0,0,0,2,1,0,0,1,0,2,0,0,0,0,0,0,0,0,0,3,0,0,1,0,2,0,1,1,0,1,0,1,2,0,0,0,0,0,0,1,0,0,0,1,0,0,0,1,0,0,0,1,0,0,2,0,0,0,1,2,0,1,1,5,0,3,0,0,0,0,0,0,1,0,0,0,0,0,0,0,1,0,0,0,1,1,0,1,0,1,0,0,0,0,0,2,1,0,0,1,2,0,0,1,0,0,0,0,0,0,0,1,5,0,1,1,1,0,0,2,1,0,0,0,0,0,0,0,0,0,1,0,0,0,0,0,1,0,1,1,1,2,1,0,1,2,1,0,0,0,3,0,0,2,0,0,0,0,0,0,0,0,0,2,2,0,0,0,3,0,1,4,2,0,2,0,0,0,0,0,0,0,0,0,0,0,0,1,0,0,2,0,0,0,0,1,1,0,1,0,0,0,0,0,0,0,1,0,0,0,0,2,0,0,0,0,0,1,0,0,0,0,1,0,1,2,1,0,3,1,2,2,0,0,0,0,0,0,0,0,0,2,0,1,2,0,1,0
NCF2,0,0,0,0,0,0,1,0,0,0,1,0,0,0,0,1,0,0,0,0,0,0,0,1,0,0,0,0,0,0,0,0,0,0,0,0,0,0,3,1,0,0,3,0,0,0,0,3,0,0,0,0,2,0,0,1,0,0,0,0,1,0,0,1,0,0,0,0,0,0,0,0,0,1,1,0,0,1,0,0,0,0,0,0,0,0,0,1,0,0,1,0,0,1,0,2,0,0,0,3,0,0,0,0,0,2,0,0,1,0,0,0,0,0,1,0,0,0,0,0,1,2,0,0,0,0,0,0,2,0,0,0,0,0,0,0,0,0,0,0,0,0,0,1,4,0,3,1,0,0,3,0,0,0,0,0,0,0,0,3,0,0,1,2,0,0,0,0,3,7,0,0,0,0,1,0,0,0,0,0,0,0,0,0,0,0,0,0,3,1,0,0,0,0,0,0,0,0,0,0,0,0,1,0,0,0,0,0,0,0,0,0,0,0,0,0,0,0,0,3,1,0,0,0,0,0,0,1,0,0,0,0,2,2,0,0,0,0,0,0,0,0,0,0,0,0,0,2,5,1,0,1,0,0,0,0,0,0,0,1,0,0,0,0,0,0,0,0,0,0,0,4,0,0,0,0,0,1,3,0,0,0,0,0,0,0,0,0,0,0,0,0,0,0,0,0,0,0,2,0,0,0,0,0,2,0,0,0,3,0,0,0,0,1,0,0,0,0,0,0,0,0,1,0,0,0,1,0,0,0,0,0,0,0,1,0,0,1,0,1,9,0,0,0,0,0,0,1,0,3,2,0,2,0,0,0,0,0,3,0,0,0,0,2,0,0,1,0,0,0,0,0,0,0,0,3,0,0,0,1,0,0,0,0,0,0,0,0,0,0,0,3,0,3,0,0,0,0,0,1,3,0,0,0,0,0,0,0,0,0,1,0,1,1,0,2,0,0,0,0,1,0,0,0,0,1,0,0,0,0,0,0,0,0,2,0,0,0,0,1,0,0,0,0,0,3,0,0,0,0,0,0,1,0,1,0,0,1,2,0,0,0,0,0,1,0,0,0,0,0,1,0,0,0,0,1,1,0,0,0,3,0,0,0,1,0,0,0,0,0,0,0,0,0,0,1,0,0,0,0,1,1,0,0,0,0,0,4,0,0,1,0,0,0,0,0,0,0,0,2,0,0,0,0,2,1,0,0,3,0,0,0,0,0,0,3,0,0,0,0,0,0,0,0,0,0,0,0,1,0,0,3,1,1,0,0,0,0,0,0,0,0,0,0,0,0,0,0,0,0,0,0,0,0,0,2,0,0,0,0,0,0,0,0,0,0,0,0,0,1,0,0,0,2,0,0,0,0,0,0,0,1,0,0,0,4,1,0,0,0,0,0,0,0,0,0,0,0,1,1,0,0,0,0,0,0,0,3,0,0,0,0,0,0,0,0,0,0,0,0,0,0,0,1,0,0,0,0,0,0,0,0,0,1,0,2,0,0,0,4,0,0,0,0,0,0,0,0,0,0,0,0,4,0,0,0,1,0,0,0,0,4,0,0,0,0,0,0,1,0,0,0,0,0,0,0,0,0,0,1,0,0,1,0,0,2,0,0,0,0,0,0,0,0,1,0,0,0,0,0,0,0,0,0,0,0,0,0,0,0,0,0,0,0,0,0,2,0,0,0,0,0,0,0,0,0,0,0,0,0,0,0,0,0,0,0,0,0,0,0,0,1,0,0,0,0,0,0,0,0,0,0,0,1,1,0,1,0,1,0,0,0,0,0,0,1,0,0,0,0,0,0,0,0,3,0,0,0,1,0,0,0,0,0,0,0,0,0,0,0,0,0,0,0,0,0,0,0,0,0,0,1,0,0,0,0,0,0,0,0,0,0,0,1,0,0,0,0,3,0,1,1,0,0,0,0,0,1,0,0,0,0,0,0,0,1,0,1,0,0,0,0,0,0,0,0,0,1,0,0,0,1,2,0,0,0,0,0,0,1,0,0,0,2,1,0,0,0,0,0,0,0,0,0,0,3,0,0,3,0,0,0,0,0,0,0,0,0,0,1,1,0,0,0,0,0,0,0,0,0,0,0,4,0,0,0,0,0,2,1,0,1,0,0,0,0,0,1,0,0,0,0,1,0,0,0,0,0,0,0,0,0,0,0,1,0,0,0,0,2,1,0,0,0,0,1,0,0,0,0,0,1,0,0,0,0,0,0,1,0,0,0,0,6,0,0,0,0,0,0,0,0,0,0,0,0,0,0,0,0,0,0,1,0,0,0,0,0,1,0,0,0,3,0,0,0,0,0,0,0,0,0,0,0,0,0,0,2,0,0,1,0,0,0,0,0,0,1,0,0,0,0,0,0,0,0,0,0,0,0,0,1,0,0,0,0,1,0,0,0,0,0,2,0,1,0,1,0,0,0,3,0,0,1,0,0,0,0,3,1,0,1,0,0,0,0,3,0,0,0,0,0,0,9,0,0,0,0,0,0,0,0,1,2,2,0,0,0,0,0,0,0,0,0,0,0,2,0,0,0,0,0,2,0,0,0,0,0,1,0,0,0,1,0,0,0,0,0,0,0,0,0,2,0,0,0,0,0,0,0,0,0,0,1,0,0,0,0,0,0,0,0,0,0,0,0,0,0,0,0,0,0,0,0,0,0,0,0,0,0,0,0,2,0,0,0,0,0,0,2,0,0,0,0,0,0,0,0,2,0,0,0,0,0,0,0,1,3,0,1,0,0,0,6,0,0,2,0,0,0,0,1,0,0,0,0,1,1,0,0,2,0,0,1,0,0,1,0,0,0,0,0,0,0,0,0,0,0,0,0,0,0,2,1,0,0,3,0,0,0,0,0,1,2,0,0,0,0,0,0,0,0,0,0,0,0,1,0,0,4,0,0,0,0,0,1,0,0,0,0,0,0,0,0,1,0,0,0,0,0,1,0,0,0,0,0,1,0,0,0,0,0,0,0,0,0,0,0,0,0,0,0,1,1,0,0,0,0,0,1,0,0,0,0,0,0,0,0,0,0,1,1,0,0,0,0,0,0,4,0,0,0,0,0,2,0,0,0,2,0,0,2,0,1,0,2,0,0,0,0,0,0,0,0,4,0,1,0,0,1,0,0,0,0,0,0,0,0,0,1,3,0,0,1,0,1,0,1,0,4,0,0,0,0,0,0,0,0,0,0,0,0,0,0,1,0,0,4,0,0,0,0,0,3,0,0,0,0,0,0,0,0,0,0,0,0,0,0,0,3,0,0,0,1,0,0,0,0,0,0,0,0,0,0,0,1,0,0,0,1,0,0,0,0,1,0,0,1,0,0,2,0,0,1,2,0,0,0,0,6,0,0,0,0,0,0,0,0,0,0,0,0,0,0,0,0,0,0,3,0,0,1,0,0,0,0,0,1,0,1,0,0,0,0,0,0,0,0,0,1,0,0,0,0,0,0,1,0,0,0,0,0,0,0,0,0
SOX4,0,0,0,0,0,0,0,0,0,0,1,0,0,0,0,1,0,0,0,0,0,0,0,0,0,0,0,0,0,0,0,0,0,2,0,0,0,0,0,1,0,0,0,0,0,0,0,0,0,0,0,0,0,0,0,0,0,0,0,0,0,0,0,0,0,0,0,0,0,2,0,5,0,0,0,0,0,1,0,1,0,0,0,0,0,0,0,0,0,0,0,0,4,0,0,3,0,0,1,0,0,0,0,0,0,0,0,0,0,0,0,0,0,0,0,0,0,0,0,0,0,0,2,0,0,0,0,0,0,0,0,0,0,0,1,2,0,0,0,0,0,0,0,0,0,0,0,0,1,0,0,0,0,0,0,0,0,0,0,1,4,0,0,0,0,0,0,0,0,0,0,0,0,10,0,0,0,2,0,0,0,0,0,0,0,0,0,0,1,0,0,0,0,0,0,0,0,0,0,0,0,0,0,0,0,0,0,0,0,0,0,0,0,0,1,0,0,0,1,0,0,0,0,0,1,0,0,0,0,0,0,0,0,0,0,0,0,0,0,0,0,0,0,0,0,0,0,0,0,0,0,0,0,0,0,0,0,0,0,0,0,0,0,1,0,0,0,0,0,0,0,2,0,0,0,0,0,0,0,0,0,0,0,0,0,0,0,0,0,1,0,0,1,0,0,0,0,0,0,0,0,0,0,0,0,0,0,0,2,2,0,0,0,0,0,0,0,0,0,4,0,0,0,0,0,0,0,0,0,0,0,1,0,0,0,0,0,0,0,0,2,0,0,0,0,0,0,0,0,0,0,0,0,0,0,0,0,0,0,0,0,0,0,2,0,0,1,0,0,0,0,3,0,0,0,1,0,0,0,1,0,0,0,0,0,0,0,0,0,0,0,0,0,4,0,0,0,0,0,0,0,1,0,0,1,0,0,0,0,0,0,0,0,0,0,1,0,0,1,0,0,0,0,0,0,0,0,0,0,0,1,0,0,0,2,0,0,0,0,0,0,0,0,0,0,0,0,0,0,0,0,0,1,0,1,0,0,0,4,0,1,0,0,0,0,2,0,0,0,0,0,0,0,0,0,2,0,0,0,0,0,0,0,0,0,0,0,0,0,0,0,0,2,0,0,0,0,0,0,0,0,0,0,0,0,0,0,3,0,0,0,0,0,0,0,0,0,0,0,0,0,0,0,0,0,0,0,0,0,0,0,0,0,0,0,0,0,1,0,0,10,0,0,0,0,0,1,0,1,0,0,0,2,0,0,0,0,0,0,0,0,0,0,0,0,0,0,0,0,0,0,0,0,0,0,0,0,0,0,0,0,0,0,1,0,0,0,0,0,0,0,0,0,0,1,0,0,0,0,0,0,0,0,0,0,0,0,0,3,0,1,0,0,0,0,1,0,0,0,0,0,0,0,0,0,0,0,3,0,0,0,0,0,0,0,6,0,0,0,0,0,0,0,0,0,0,0,1,0,0,0,0,0,0,0,0,0,0,0,2,0,1,0,0,0,0,0,0,1,0,0,0,0,0,0,0,0,0,0,0,0,3,0,0,0,0,0,0,0,0,0,0,0,0,0,0,0,0,0,0,0,4,9,0,0,0,0,0,0,2,0,0,0,0,0,0,0,0,0,0,0,0,0,0,0,0,0,1,1,0,0,0,0,0,0,0,0,0,0,0,2,0,0,2,0,0,0,0,0,0,0,0,0,0,0,0,0,0,0,0,0,0,0,0,0,1,0,0,0,0,0,0,0,0,0,0,0,0,0,0,0,0,0,0,1,1,0,0,0,0,0,0,0,0,2,0,0,0,0,0,0,0,1,0,0,0,0,0,0,0,0,0,0,0,2,0,0,0,0,0,0,0,0,0,0,0,0,0,1,0,0,0,0,0,0,0,0,0,0,0,0,0,0,0,0,0,1,0,0,0,0,0,0,0,0,0,0,2,0,0,0,0,0,0,0,0,0,0,0,0,0,0,4,0,0,0,0,3,0,0,0,0,0,0,1,0,0,0,0,0,0,0,0,0,0,0,0,0,0,0,0,0,10,0,0,0,0,0,0,0,3,0,2,0,0,0,2,0,0,0,0,0,0,0,2,0,0,1,0,0,1,0,0,0,0,1,0,0,0,0,0,0,0,0,0,0,0,0,0,0,0,0,0,1,0,0,0,0,0,0,0,0,0,1,0,1,0,0,0,0,0,1,0,0,0,0,0,0,0,0,0,1,0,0,0,0,0,0,0,0,0,0,1,0,0,0,0,0,0,0,0,0,0,0,0,0,0,0,0,0,0,0,0,0,1,0,0,0,0,0,0,0,4,0,0,0,0,0,0,0,1,1,0,0,0,0,0,0,1,0,0,0,0,0,0,2,0,0,0,0,0,0,0,0,0,0,0,0,0,0,0,0,0,0,0,0,0,0,0,0,0,0,0,1,0,0,0,1,0,0,3,0,0,0,0,0,1,0,0,0,0,0,0,1,0,0,0,0,0,0,0,0,0,0,1,0,0,0,1,0,0,0,0,0,0,0,0,0,0,0,0,0,0,0,0,0,0,0,0,0,0,0,0,0,0,0,0,1,0,1,0,0,0,0,0,0,0,0,2,0,0,0,1,1,0,0,0,0,0,0,0,0,0,0,0,0,0,0,0,0,0,0,0,1,2,0,0,0,0,0,0,1,0,0,0,0,0,0,0,0,0,0,0,0,0,0,0,0,2,0,0,0,0,0,0,0,0,1,0,1,0,0,0,5,0,2,0,0,0,0,0,0,0,0,0,0,0,0,0,0,1,0,1,0,0,0,0,0,0,0,0,0,0,1,0,0,0,5,0,0,0,0,0,0,0,0,0,0,0,0,0,0,0,0,0,0,0,0,0,0,0,0,0,0,0,0,0,0,0,0,0,0,1,0,0,0,0,0,0,1,0,0,0,0,0,0,0,0,0,0,0,0,1,0,0,0,2,0,0,0,0,0,0,0,0,0,0,0,0,0,0,0,0,0,0,0,0,0,0,1,0,0,0,0,0,0,0,0,0,0,0,0,0,0,0,0,0,0,1,0,0,1,0,0,0,4,1,0,0,0,0,1,0,0,0,6,0,0,0,0,1,0,0,0,1,0,0,0,0,0,0,0,0,0,2,0,0,0,0,0,0,0,0,0,0,2,0,0,0,0,0,0,0,10,0,0,0,0,0,1,0,0,0,0,0,0,0,1,0,0,0,0,0,1,0,0,0,0,0,0,0,0,0,0,0,0,0,0,0,0,0,0,0,0,0,0,0,0,0,0,0,2,1,0,0,0,0,0,0,0,0,1,0,0,0,0,1,0,0,0,0,0,0,0,1,0,0,0,0,0,0,0,0,0,0,0,0,1,0,0,0,0,0,0,0,0,0,1,0,0,0,0,0,0,0,0,1,0,0,0,0,0,0,0,0,0,0,0,0,0,0,0,0,1,0,0,0,2,0,0,0,0,0,1,0,0
IRF7,0,0,1,1,0,1,0,0,0,0,0,0,0,0,0,0,0,0,0,0,0,0,0,1,0,0,0,0,0,0,0,0,0,15,1,0,0,0,0,0,0,0,0,0,0,0,0,1,0,0,0,0,0,0,0,0,0,0,0,0,0,0,0,0,0,2,0,0,0,0,0,0,0,0,0,1,0,0,1,0,0,0,0,0,0,0,0,0,0,0,16,0,0,0,1,2,0,0,0,0,2,0,2,0,0,0,0,1,1,0,0,0,0,0,0,1,1,0,0,0,0,0,0,0,0,0,0,0,0,2,0,0,0,0,1,0,0,0,0,0,0,0,0,0,3,1,0,0,0,0,0,0,0,0,0,0,0,0,0,1,0,0,1,0,0,1,1,0,0,1,0,1,0,0,0,0,0,0,0,0,0,0,0,0,0,0,0,0,0,0,1,0,0,0,0,0,0,0,0,0,0,1,0,0,0,0,0,0,0,0,0,0,0,0,0,0,0,0,17,1,0,0,10,0,0,0,0,0,0,0,1,0,0,0,0,0,0,1,0,0,0,0,1,0,0,0,0,0,0,0,0,1,0,0,0,0,0,0,0,0,0,0,0,0,0,0,0,0,1,0,1,0,0,0,1,0,0,0,0,0,0,0,0,0,0,0,0,0,0,0,0,0,0,0,0,0,0,0,0,0,0,0,1,0,1,0,0,1,0,0,0,0,0,0,0,0,0,0,0,0,0,1,0,0,0,0,0,0,0,0,0,0,0,1,0,0,0,0,0,1,0,0,1,0,0,0,0,0,0,0,0,0,0,0,0,0,0,0,0,0,0,0,0,0,0,0,1,2,0,1,0,0,0,0,0,3,0,1,1,0,0,0,0,0,0,0,0,0,0,0,0,1,0,0,0,0,1,0,0,0,0,0,0,0,1,0,0,0,0,0,0,0,0,0,0,0,0,0,0,0,0,0,0,0,2,0,0,0,0,0,0,0,0,0,0,0,0,0,0,0,0,0,0,0,0,0,0,0,0,0,0,0,0,0,0,0,0,0,0,0,7,0,0,0,0,0,0,0,0,0,1,0,0,0,0,0,0,0,0,0,0,0,0,0,0,0,0,0,0,0,0,0,0,0,0,0,0,0,0,0,0,1,0,0,0,0,1,0,0,0,0,0,0,0,0,0,0,0,0,0,0,0,0,0,0,0,0,0,0,0,0,0,0,0,0,0,0,0,0,0,0,1,0,2,0,0,0,0,3,0,0,0,0,0,0,1,0,0,0,0,1,0,0,0,0,0,0,0,0,0,0,0,0,0,0,1,0,0,0,0,0,0,0,0,0,0,1,0,0,0,0,0,0,0,0,1,0,0,0,0,0,0,0,0,0,2,0,0,0,0,0,0,0,0,0,0,0,0,0,0,0,0,0,0,0,0,0,0,0,0,0,0,0,0,0,0,1,0,1,0,0,0,0,0,0,0,8,0,0,0,0,0,0,1,0,0,1,0,0,1,0,0,0,0,0,0,0,0,0,0,0,0,0,0,0,0,0,0,0,1,0,0,0,0,0,0,0,0,0,0,0,0,1,0,0,0,0,0,0,0,0,0,20,0,0,0,0,0,0,3,0,0,0,0,0,0,0,0,0,0,0,0,0,0,0,1,0,0,0,0,0,0,0,0,14,0,1,0,0,0,0,0,1,0,0,0,1,0,0,0,0,0,0,0,0,0,0,0,0,0,0,0,0,0,1,1,0,1,0,0,0,0,0,0,0,0,0,1,0,0,0,0,0,0,0,0,0,0,0,0,1,0,0,0,0,0,0,0,0,0,0,0,0,0,0,0,0,0,0,0,0,0,0,0,0,0,0,0,0,1,0,1,0,0,0,0,0,0,0,0,0,0,0,0,0,0,0,0,1,0,0,0,0,0,0,0,0,0,0,0,0,0,0,0,0,0,0,0,1,0,0,0,1,0,0,0,0,0,0,0,0,0,2,0,0,0,0,0,0,0,0,0,0,0,0,0,0,0,0,0,0,1,0,0,1,0,2,1,0,0,0,0,0,0,1,0,0,0,0,1,0,0,0,0,1,0,1,0,0,0,0,0,0,0,5,2,0,0,0,0,0,0,0,0,1,0,1,0,0,0,0,0,1,0,0,0,1,0,0,0,0,0,0,0,0,0,0,0,0,0,0,0,0,0,0,0,2,0,0,0,0,2,0,0,0,1,0,2,0,0,0,1,0,1,0,0,0,0,0,0,1,0,0,0,0,0,0,0,0,0,0,0,0,0,0,0,0,0,0,0,0,0,0,0,0,0,1,0,0,0,0,0,0,0,0,0,0,0,0,0,1,1,0,1,0,0,0,0,0,0,0,0,1,0,0,0,0,0,0,0,0,0,0,0,2,0,0,0,0,1,0,1,0,0,0,1,0,0,0,2,1,0,1,0,0,17,0,0,0,0,8,0,0,0,0,1,1,0,0,0,0,0,0,2,0,0,0,0,0,0,0,0,1,0,0,0,0,0,0,1,0,0,0,0,0,0,0,0,0,0,0,0,0,0,0,0,0,0,0,1,0,0,0,0,0,0,0,0,0,0,0,0,1,1,1,1,0,0,7,0,0,0,8,1,0,0,0,0,0,0,0,0,0,0,0,0,0,0,0,0,0,0,0,0,11,1,0,0,0,1,0,0,0,0,0,0,1,0,0,0,0,0,0,0,0,0,0,0,0,0,0,0,0,0,0,0,0,0,0,0,0,0,0,3,0,0,1,0,0,0,0,0,0,0,0,0,0,0,0,0,0,1,0,0,0,24,1,0,0,0,0,0,0,0,0,0,0,0,0,0,0,1,0,0,0,0,2,0,0,0,0,0,0,1,0,0,0,0,0,0,0,1,0,0,0,0,1,1,0,0,1,0,0,0,0,0,0,0,1,0,0,0,0,0,0,0,0,0,0,0,1,0,0,0,0,0,0,0,0,0,0,0,0,0,0,2,0,0,0,0,0,0,0,1,0,0,0,0,0,0,0,0,0,0,0,0,0,0,1,0,0,0,0,0,0,0,0,0,0,0,1,0,0,0,0,0,1,0,0,0,0,0,0,0,0,0,0,0,0,0,0,0,0,0,0,0,0,0,0,0,0,0,0,0,1,0,0,1,0,16,1,0,0,0,0,0,0,0,0,3,0,0,0,0,0,0,0,0,0,8,1,0,0,0,0,0,0,0,0,1,0,0,0,0,1,0,0,0,0,0,1,0,0,0,0,0,0,0,0,0,0,1,0,0,0,0,0,1,0,0,0,0,0,0,0,0,0,0,0,0,0,0,0,0,0,0,0,0,0,0,0,0,0,0,0,0,0,0,1,0,0,0,0,0,0,0,0,0,1,1,0,0,0,0,0,0,0,1,0,0,0,1,0,0,1,0,1,1,0,0,0,0,0,0,0,0,0,0,1,0,0,0,0,0,0,0,0,0,0,1,0,0,0,0,0,0
MAL,0,0,0,0,0,0,0,0,0,0,0,0,0,1,0,0,0,0,0,0,0,2,0,0,0,0,0,0,0,0,1,0,0,0,0,0,1,0,0,0,1,0,0,1,4,0,0,0,1,0,2,1,0,0,0,0,0,0,0,0,0,1,0,0,0,1,0,0,0,0,0,0,1,0,0,0,0,0,0,0,0,1,0,0,0,2,1,0,0,2,0,1,0,0,0,0,0,0,0,0,0,1,0,0,0,0,0,0,0,2,0,0,0,1,0,1,0,0,0,0,0,0,0,0,0,0,0,0,0,1,1,0,0,0,0,1,0,0,0,0,0,0,0,0,0,0,0,0,2,0,0,0,0,2,3,0,0,0,0,0,0,0,0,0,0,4,0,0,0,0,1,0,0,0,0,0,1,2,0,0,0,0,0,0,0,0,1,3,0,0,0,0,1,0,1,0,0,0,0,0,0,0,0,0,1,0,0,0,0,0,0,0,0,0,0,0,1,0,0,0,0,0,0,0,2,0,0,0,0,0,0,0,0,2,0,0,0,0,1,0,0,0,0,0,0,0,0,0,0,0,0,0,0,0,0,0,0,0,0,0,3,0,0,0,0,0,0,0,1,0,0,0,0,0,0,1,0,0,0,0,1,0,0,2,0,0,0,0,1,1,1,2,0,0,0,0,0,0,0,0,2,1,0,0,0,0,1,0,0,0,1,0,0,0,0,0,0,1,0,0,0,0,0,0,0,1,0,1,0,0,0,0,0,0,0,0,0,0,0,0,0,0,0,0,0,0,0,0,1,0,0,0,0,1,0,0,0,1,0,0,0,0,0,0,0,1,0,0,1,1,0,0,0,1,0,0,0,0,2,0,0,0,1,0,0,0,0,0,0,0,0,0,0,0,0,0,0,0,0,0,0,0,0,0,0,2,0,0,0,0,3,0,0,0,1,0,1,0,1,1,0,2,0,0,0,0,1,0,0,0,0,0,0,0,0,0,0,0,0,1,0,0,0,0,1,0,0,0,0,0,0,3,0,0,0,1,0,0,0,0,0,0,0,0,0,0,2,1,0,0,0,0,0,0,0,0,0,0,0,0,0,0,0,0,0,2,0,0,0,0,1,3,0,0,0,0,0,3,0,0,0,0,2,0,0,0,0,0,0,1,0,0,0,1,0,0,0,0,0,0,1,3,0,0,0,0,0,0,0,0,0,0,0,0,0,0,0,0,2,1,0,0,0,0,0,0,0,2,0,0,0,0,1,0,0,0,0,0,0,0,0,0,0,0,2,2,0,1,3,0,0,0,1,0,0,0,0,0,0,0,0,0,2,0,0,0,0,0,0,0,0,0,0,0,0,0,1,0,0,1,0,0,0,0,0,0,0,0,1,0,0,0,0,3,1,1,0,0,0,0,1,0,0,0,0,0,0,0,1,3,0,3,0,0,0,0,1,0,0,0,1,0,1,1,0,0,0,2,0,0,0,0,0,0,0,1,0,0,0,0,0,0,0,0,1,0,0,0,1,0,0,0,0,0,0,1,0,0,0,0,0,0,1,0,0,1,0,1,0,0,0,0,0,0,2,1,0,0,0,0,1,0,0,0,0,0,0,1,0,0,0,0,0,1,0,1,1,0,1,1,1,0,0,1,0,0,0,0,0,1,0,0,0,0,0,1,0,0,0,0,0,1,0,0,1,0,0,0,1,0,0,2,1,0,0,1,0,0,0,2,0,0,0,1,0,0,0,0,0,1,0,0,0,0,0,0,0,0,0,1,0,0,0,0,0,0,0,0,0,0,0,3,0,0,0,0,0,1,0,0,0,0,1,0,0,0,0,0,0,0,3,0,0,0,1,2,0,0,0,0,0,0,0,0,0,2,0,0,1,0,3,0,0,0,0,0,0,1,0,0,1,0,0,0,0,0,0,1,0,0,0,0,0,1,0,0,0,0,1,0,1,1,0,0,0,0,0,0,0,1,0,0,0,0,0,0,0,0,0,0,2,0,0,0,0,0,0,0,1,0,0,1,0,0,0,0,0,0,0,1,0,1,0,1,0,0,0,0,0,0,0,0,1,0,0,0,0,1,0,0,0,0,0,0,0,0,0,1,0,0,0,0,0,0,0,0,1,0,0,0,1,0,0,0,0,1,0,0,1,0,0,2,0,0,0,0,0,1,0,0,0,0,0,0,0,0,1,1,0,0,0,0,0,0,0,0,0,1,0,2,1,0,0,0,0,0,0,0,1,0,0,0,3,0,0,0,0,0,0,0,0,0,2,0,0,1,0,1,0,2,1,0,0,0,1,0,0,0,0,0,0,0,0,0,0,0,0,0,2,2,0,1,0,2,0,0,0,0,0,1,1,0,0,0,1,0,0,0,0,0,2,0,3,0,3,0,0,0,2,0,5,0,0,0,0,0,0,0,0,0,0,0,0,0,0,0,0,0,0,0,0,0,1,1,0,0,0,0,0,0,0,1,0,0,1,0,0,0,0,0,0,0,0,0,0,0,0,0,0,0,0,1,0,5,0,1,0,0,0,0,1,3,0,1,0,0,0,0,0,0,0,0,0,0,0,0,0,0,2,1,0,0,0,0,0,0,0,0,0,0,0,0,0,0,0,0,1,0,1,1,0,0,0,0,2,1,0,0,1,0,0,0,0,0,0,0,1,0,0,0,0,2,0,0,0,1,0,2,0,0,0,4,0,1,1,1,0,0,0,1,1,1,2,1,1,0,0,0,0,0,0,0,0,0,0,0,0,0,0,0,0,0,0,0,0,0,0,0,1,1,0,0,3,0,0,0,0,1,0,1,0,0,0,0,0,0,0,0,0,0,0,1,0,0,0,0,0,0,0,1,0,1,0,0,0,0,0,0,0,0,0,0,0,1,0,2,0,0,0,0,0,1,0,0,0,0,0,0,0,0,0,3,0,0,0,0,0,0,0,0,0,0,0,0,0,0,0,0,0,1,0,0,1,0,2,1,0,1,0,1,1,0,0,0,0,0,0,0,0,0,0,1,0,0,0,0,1,0,0,0,0,0,1,0,0,0,1,1,0,0,0,2,0,0,0,1,0,0,0,0,0,0,0,0,0,0,1,0,0,0,0,0,0,1,0,0,0,2,1,0,0,0,0,0,0,0,0,0,1,0,0,0,1,1,0,1,0,0,0,0,0,0,0,0,0,0,0,1,0,0,4,0,0,0,0,0,0,0,0,0,0,0,0,0,2,0,0,0,0,0,2,0,0,0,0,1,0,0,1,0,0,0,0,1,0,0,0,0,0,0,0,1,2,0,1,0,1,0,1,1,0,1,0,1,1,0,0,0,0,0,0,0,0,0,0,2,0,0,0,0,0,0,0,0,0,0,0,0,0,0,0,1,1,0,0,0,2,0,0,0,0,0,0,0,0,0,0,0,0,0,0,1,1,1,0,0,0,0,0,0,1,0,0,1,0,0,0,0,0,0,0,1,0,0,1,0
UBC,1,3,3,0,2,2,4,5,11,0,6,4,4,8,9,5,2,6,9,4,1,1,2,5,1,12,3,3,3,7,2,1,7,14,0,3,2,6,6,4,6,1,3,12,3,1,3,5,0,2,0,2,2,3,12,2,3,1,5,10,4,1,5,1,0,6,3,2,0,3,0,6,1,1,1,2,1,5,2,4,2,3,1,3,0,1,2,3,5,3,17,5,2,4,5,3,0,0,0,4,8,3,1,5,2,3,2,2,6,1,5,3,0,4,2,2,7,4,0,2,0,2,9,1,1,4,0,2,2,1,0,3,3,1,3,2,3,3,1,1,6,4,2,8,15,3,1,3,9,9,4,4,6,2,2,5,4,2,1,1,0,2,2,0,8,14,5,7,1,5,2,4,10,2,7,0,1,0,2,2,3,1,8,3,1,3,1,1,2,6,18,3,3,5,3,3,1,3,2,7,1,2,3,5,8,1,0,5,6,2,1,2,0,2,2,3,2,0,22,2,0,2,5,1,9,2,0,2,1,2,1,3,8,2,6,1,1,1,5,0,2,5,3,0,8,2,0,8,3,3,2,1,3,8,2,4,0,2,3,4,3,1,4,3,2,6,0,9,7,0,2,6,5,4,2,6,1,1,4,2,2,3,2,2,3,3,2,2,5,5,2,4,2,6,5,0,0,0,4,2,2,4,5,2,2,2,3,2,11,3,0,2,2,0,0,5,1,7,4,2,4,4,5,2,2,1,1,7,4,3,1,4,3,3,2,1,4,2,3,2,6,2,0,3,1,6,4,0,2,10,0,3,13,4,0,1,6,5,6,1,3,1,1,5,1,6,14,1,3,3,4,0,0,2,1,16,3,8,1,5,1,1,8,4,3,2,4,11,1,2,4,21,4,20,2,3,9,5,4,7,1,5,11,6,3,3,4,5,3,11,11,7,3,1,2,7,2,2,1,3,5,3,11,8,1,2,2,1,3,2,0,2,2,9,1,2,1,7,1,13,0,5,3,3,1,11,7,0,1,0,7,2,2,3,5,6,0,4,3,3,9,4,2,4,10,3,4,2,2,2,1,2,2,3,3,2,1,5,4,1,1,3,4,7,2,2,2,5,4,10,1,0,2,3,4,2,3,0,5,5,1,2,0,2,4,1,9,16,3,1,1,0,1,1,0,6,1,4,1,2,0,2,4,3,3,4,5,4,10,0,2,9,1,1,5,10,3,6,4,4,11,6,2,4,3,9,5,0,7,1,10,3,4,1,0,3,4,4,2,7,3,5,4,11,1,3,1,4,4,3,3,2,1,4,1,4,0,2,0,2,4,0,4,2,3,2,1,1,1,1,6,2,4,1,5,4,1,4,6,1,3,6,2,8,1,6,3,4,0,0,2,4,2,5,8,1,2,4,1,2,6,1,6,1,4,3,2,2,4,3,5,6,5,3,1,3,4,4,1,4,4,1,5,3,1,5,16,4,2,4,4,11,1,1,3,2,3,0,3,6,5,4,6,5,4,7,0,1,1,1,0,2,0,5,2,5,0,2,0,8,1,16,2,1,4,2,7,1,1,3,4,0,6,2,0,2,3,3,1,5,1,2,7,3,3,1,3,4,1,15,4,3,3,2,3,4,2,6,0,1,2,0,2,5,2,6,3,2,0,2,3,2,2,3,8,1,1,8,6,3,3,1,6,1,3,1,0,4,7,0,8,2,2,6,3,0,0,3,4,5,2,4,3,1,2,2,3,0,6,2,0,5,3,4,0,0,7,4,1,6,1,0,3,9,3,8,3,0,4,2,3,5,0,1,10,3,5,3,2,1,2,2,4,1,11,2,3,1,2,3,5,2,1,1,2,0,5,2,1,3,7,3,9,5,6,6,3,3,1,2,3,1,3,4,1,2,6,4,1,11,3,4,1,1,3,2,3,5,4,5,2,2,0,1,2,1,2,0,3,9,4,2,5,1,8,2,1,3,7,0,9,2,4,4,0,1,6,6,3,5,1,0,2,4,2,4,1,1,3,6,4,0,3,4,2,5,10,3,6,0,4,1,2,1,3,3,0,5,3,4,4,4,2,0,5,4,2,0,3,5,2,3,3,2,15,2,0,3,4,4,0,8,2,3,5,3,1,14,5,3,6,1,10,5,3,2,10,0,2,7,1,0,2,1,0,0,9,4,4,4,7,4,1,4,4,4,1,1,6,4,5,16,2,1,4,3,2,6,3,3,3,3,1,5,7,6,4,0,3,5,7,5,0,6,3,4,1,1,4,2,1,4,3,2,1,2,2,5,2,3,6,1,1,1,1,3,3,3,4,0,3,2,0,1,6,0,1,3,1,4,21,19,1,2,0,10,5,5,4,7,2,4,10,7,5,2,3,7,3,3,0,1,3,8,2,3,3,3,2,5,6,4,10,9,0,12,3,1,0,1,3,1,4,13,4,13,4,2,1,3,39,1,2,2,2,4,1,4,3,0,2,4,2,15,2,4,0,0,2,2,7,3,12,3,3,6,3,5,3,5,7,5,3,17,5,2,2,6,1,8,1,2,4,1,3,3,5,1,3,8,4,1,7,7,0,9,0,5,0,3,2,3,2,3,4,8,1,2,9,1,4,2,3,10,4,3,3,3,3,8,1,3,0,2,3,2,0,5,0,5,2,1,1,5,7,3,8,1,2,8,4,3,2,2,1,0,1,0,1,3,2,6,0,3,4,1,2,3,6,1,1,9,4,4,0,3,2,6,2,7,3,2,7,10,9,5,16,1,1,1,0,4,0,2,7,2,3,2,4,5,3,3,0,1,0,12,2,3,2,3,3,6,4,2,2,3,3,6,6,2,4,3,2,2,2,5,8,5,2,1,3,3,9,4,4,1,3,3,1,3,3,4,5,4,1,4,2,2,4,0,3,1,4,8,2,3,9,4,1,4,1,3,5,1,1,4,7,5,2,6,6,3,2,1,3,3,1,4,1,5,1,7,9,2,6,6,1,2,1,7,3,5,1,1,8,0,6,4,3,8,3,1,3,0,2,1,2,8,12,0,3,2,1,4,3,1,6,5,3,1,3,9,1,1,3,1,5,1,4,3,2,9,2,4,1,6,3,10,3,5,2,3,4,4,7,4,4,1,5,3,2,7,2,5,2,2,3,4,6,17,21,8,4,3,3,5,3,1,6,15,2,0,2,2,3,1,4,2,2,3,7,1,4,1,3,5,0,14,5,7,2,4,7,2,1,1,3,4,3,4,2,8,0,2,1,2,7,4,2,4,9,3,2,0,0,1,6,3,3,1,4,4,7,3,3,3,2,7,2,10,3,2,3,5,0,3,4,0,9,7,0,2,2,2,27,1,8,4,6,3,2,3,3,4,2,2,5,2,3,6,0,5,1,2,2,2,0,3,5,3,1,6,2,3,2,4,2,3,1,1,6,4,9,3,4,4,8,3,5,2,5,1,1,2,5,3,2,14,3,6,0,12,6,0,9,4
RGS18,0,0,0,0,0,1,2,0,0,0,1,0,0,0,0,0,0,0,0,0,0,0,1,1,0,0,0,0,0,0,0,0,0,0,0,0,0,0,3,0,0,0,2,0,0,0,0,0,0,0,0,0,0,0,0,0,0,0,0,0,1,0,0,0,0,0,0,11,4,0,0,0,0,1,1,0,0,1,0,0,0,0,0,1,0,0,0,0,0,0,1,0,0,1,0,2,0,0,0,0,0,1,1,0,0,0,0,0,1,0,0,0,1,1,0,0,0,0,0,0,0,0,20,0,0,0,0,0,2,0,0,0,0,0,0,0,0,0,1,0,0,0,0,0,1,0,2,0,0,0,0,0,0,0,0,0,0,0,0,1,0,0,1,0,0,0,0,0,0,0,0,0,0,0,3,0,0,0,0,0,0,0,0,0,1,0,0,0,0,0,2,0,0,0,0,0,0,0,11,0,0,0,1,0,0,0,0,0,0,0,0,0,0,0,0,0,0,0,1,0,0,0,0,0,0,0,0,0,0,0,0,0,1,3,1,0,0,0,0,0,0,0,0,0,0,0,0,4,1,0,0,0,0,0,0,0,0,0,0,0,0,0,0,1,0,0,0,0,0,0,0,1,0,1,0,0,0,0,0,0,1,0,0,0,0,0,0,0,0,0,0,0,0,0,0,0,0,0,0,0,0,0,0,0,1,0,0,2,4,0,0,0,0,0,0,0,0,0,0,0,0,0,1,0,0,0,0,0,0,0,0,0,0,0,0,0,0,1,0,0,0,0,2,0,0,0,0,0,0,1,2,0,0,0,0,2,0,0,2,2,0,0,0,0,0,0,1,0,1,0,0,0,0,0,0,4,0,0,0,0,0,0,1,0,0,0,0,0,0,0,0,2,0,1,0,1,0,0,0,0,0,0,0,0,0,0,0,0,0,0,0,0,0,0,0,1,0,0,0,0,1,0,0,0,0,0,0,0,0,0,0,0,0,0,0,0,0,0,0,0,0,0,0,0,0,1,0,0,0,0,0,0,1,0,0,0,0,0,3,0,0,0,0,0,3,0,0,0,0,0,0,2,0,0,0,1,1,0,0,0,2,0,0,0,2,0,0,0,0,0,0,0,0,0,0,0,0,0,0,0,0,0,0,0,0,0,0,2,0,0,1,0,0,0,0,0,0,0,0,0,0,0,0,0,3,0,0,0,1,0,0,0,0,0,1,1,0,0,0,0,0,0,0,0,0,0,1,0,1,0,0,1,0,0,0,3,0,1,0,0,0,0,0,0,0,0,0,0,3,0,0,0,0,0,0,1,0,0,0,0,0,0,0,1,0,0,0,0,0,0,0,0,0,0,0,0,0,0,0,0,0,0,0,0,0,0,2,0,0,0,0,0,1,0,0,0,0,0,0,0,0,0,0,0,0,0,0,0,0,0,0,0,0,0,0,0,0,0,0,0,0,0,0,0,0,0,0,0,0,1,0,0,0,0,0,1,0,0,0,3,0,0,0,0,0,0,0,0,0,0,0,0,0,0,0,0,2,1,0,0,0,2,0,0,0,0,0,0,0,0,0,0,0,0,0,0,0,0,0,1,0,0,0,0,0,1,0,0,0,1,0,0,0,0,1,0,0,0,0,1,0,0,0,0,0,0,0,0,0,0,0,0,0,1,0,1,2,0,0,0,0,0,0,2,0,0,0,0,0,0,0,0,0,0,0,0,0,0,0,0,0,0,0,0,0,0,0,0,0,0,0,0,0,0,0,0,3,0,0,0,0,0,1,0,0,0,0,0,0,0,0,0,0,0,2,0,0,0,0,0,0,0,0,0,0,0,1,0,0,0,0,0,0,0,0,0,1,0,0,0,1,0,0,0,0,0,0,0,0,0,0,0,0,0,0,0,0,0,0,0,0,0,0,0,0,0,0,0,0,0,0,0,0,0,0,0,0,1,0,0,0,0,0,0,0,0,0,0,0,0,0,1,0,0,0,0,0,0,0,0,0,0,0,1,1,0,0,0,0,0,0,0,0,1,0,0,0,0,3,0,0,0,0,0,0,0,0,0,0,1,2,0,0,0,1,0,0,0,0,0,0,0,0,0,0,0,0,0,0,3,0,0,0,0,0,0,0,2,0,0,0,0,0,0,0,0,0,1,0,0,0,0,0,0,0,0,0,0,0,1,0,0,0,0,1,1,0,0,0,0,0,2,1,0,0,0,0,0,0,0,0,0,0,5,0,0,0,0,0,0,0,0,0,0,0,0,0,0,0,0,0,0,0,0,0,0,0,0,0,0,0,0,0,0,0,0,0,0,0,0,0,0,0,0,0,0,0,0,0,0,0,0,0,0,0,1,0,2,0,0,0,0,0,0,0,0,0,0,0,0,0,1,0,1,0,0,0,0,0,0,0,0,0,0,0,0,0,0,0,1,0,0,0,3,0,0,0,0,0,0,0,0,0,0,0,0,1,0,0,0,3,0,0,1,0,0,0,0,0,0,0,0,3,0,2,0,0,0,0,0,0,0,0,0,0,0,1,0,0,0,1,0,0,0,0,0,0,0,0,0,0,1,0,0,0,0,0,0,0,0,0,0,1,1,0,0,0,0,0,0,0,0,1,3,0,0,0,0,0,0,0,0,0,0,0,0,0,0,0,0,0,0,0,0,0,1,0,0,0,0,0,0,1,0,0,0,0,0,0,2,0,0,0,0,0,0,0,0,0,0,0,0,0,0,0,0,0,1,0,2,0,0,0,0,0,0,0,0,0,0,0,1,0,0,0,0,0,0,0,0,2,3,0,0,0,0,2,0,0,0,1,0,0,0,0,0,0,0,0,0,1,0,1,0,0,0,0,0,0,0,0,0,0,1,0,0,1,0,0,0,0,1,0,0,0,0,2,0,3,0,3,0,0,0,0,0,0,0,0,0,0,1,0,0,1,0,0,0,0,0,3,0,0,0,0,0,0,0,0,0,0,0,0,0,0,0,0,0,0,0,0,1,0,1,0,0,0,0,0,0,0,0,0,0,0,0,0,0,1,0,0,0,0,0,0,0,0,0,2,0,0,0,0,0,1,0,0,0,0,0,0,0,0,1,1,1,0,0,0,0,2,1,0,0,3,0,4,0,0,1,0,0,0,0,0,1,0,0,0,1,2,0,0,0,0,0,0,1,0,1,0,2,0,0,0,0,0,0,0,1,0,0,0,0,0,0,0,1,0,0,0,0,0,0,0,0,0,0,0,0,0,0,0,0,0,0,0,0,0,1,0,0,0,0,0,0,0,0,0,1,0,0,0,0,0,0,0,0,0,0,0,0,2,0,0,0,2,0,0,0,1,0,0,2,1,0,0,0,0,1,0,0,0,0,0,0,0,1,0,0,0,0,0,0,0,0,0,0,0,0,0,3,0,0,0,0,0,0,0,0,0,0,0,0,0,0,0,0,0,0,0,1,0,0,1,0,0,4,0,0,0,0,0,0,0,0
ACAP1,5,1,0,1,1,0,0,1,2,0,0,3,0,0,0,3,0,1,0,3,0,4,0,0,0,3,1,3,3,1,0,0,1,3,1,2,2,2,0,2,0,2,0,2,0,0,0,1,3,2,0,5,0,1,0,0,1,2,1,0,0,3,0,0,0,4,1,0,0,2,1,1,1,0,0,1,0,1,0,0,2,1,0,0,1,0,1,0,2,2,1,1,3,0,7,0,0,1,0,1,0,0,0,0,2,0,0,2,0,2,0,0,0,0,2,2,2,1,0,0,0,0,0,1,1,3,2,0,0,0,0,0,0,0,0,2,1,2,0,1,2,0,1,0,0,0,0,0,2,0,0,0,0,1,1,0,0,1,0,0,1,2,0,0,0,0,2,3,0,1,0,1,2,2,0,1,1,3,0,3,0,1,1,1,0,0,1,1,0,0,0,1,2,0,3,1,1,0,0,1,0,1,0,0,2,4,0,2,1,0,2,1,1,0,2,3,2,2,1,1,0,1,2,0,2,1,1,0,1,0,1,2,1,0,0,3,0,1,1,1,1,0,0,0,0,0,0,1,0,0,2,0,0,2,1,1,0,0,1,0,0,0,2,0,2,2,2,0,1,1,2,1,0,0,1,1,0,0,0,1,0,0,2,3,2,1,3,1,0,0,1,0,0,0,0,2,2,0,0,2,0,1,4,2,0,2,2,0,0,2,2,1,1,3,1,1,0,2,0,3,0,2,0,0,1,1,0,2,0,2,1,0,3,0,0,2,1,1,2,0,0,3,1,2,1,2,0,0,4,0,0,3,0,2,3,0,0,2,0,0,2,0,0,0,2,0,2,3,0,1,0,0,0,1,3,0,0,3,1,0,0,0,0,0,3,0,1,1,1,0,1,0,1,0,0,0,2,0,0,0,0,2,4,0,0,1,2,1,8,1,1,2,0,2,5,1,2,1,0,0,0,1,2,0,0,2,0,1,2,4,0,0,0,1,0,0,0,2,2,0,1,0,1,3,3,0,3,0,0,1,0,2,0,1,0,3,2,2,0,1,2,1,1,0,2,1,0,1,0,0,0,0,1,2,2,0,1,1,1,0,1,1,1,1,0,1,0,1,0,0,0,0,1,0,2,1,0,1,0,0,0,0,0,2,2,2,0,1,1,2,0,3,0,1,0,2,3,3,2,1,2,3,1,0,0,0,3,2,0,0,0,2,2,1,0,0,1,0,2,3,4,1,1,0,2,2,0,2,1,1,2,2,0,0,1,0,1,0,0,0,1,1,1,4,1,2,0,0,1,0,1,0,3,4,2,0,0,1,0,2,3,1,2,0,2,2,1,0,0,0,0,1,0,0,2,0,1,1,0,1,0,0,0,2,2,0,0,1,1,2,2,1,2,0,4,5,0,0,0,0,3,1,2,1,1,2,2,0,1,1,0,0,1,0,0,4,3,1,1,0,1,0,6,1,2,1,0,3,2,0,1,1,0,0,1,0,1,1,2,0,0,0,0,1,1,2,1,0,2,1,0,2,0,1,3,2,0,0,4,3,0,1,0,3,0,3,0,2,0,0,0,2,2,0,4,1,1,3,2,0,1,3,1,2,0,0,1,1,0,1,0,3,0,0,0,1,0,3,0,0,2,0,2,2,0,2,1,0,1,2,2,0,0,2,0,1,1,1,3,1,0,1,0,0,2,3,0,1,2,0,2,0,0,0,0,3,1,0,1,1,1,0,1,2,0,1,1,0,2,0,1,0,0,0,0,0,0,0,1,3,0,2,2,1,0,0,1,1,3,1,0,0,2,0,1,1,2,3,1,2,1,0,1,2,5,2,2,0,1,0,0,0,2,0,2,1,0,1,1,0,0,1,0,2,0,2,0,0,1,0,0,3,0,1,1,0,0,2,0,4,0,0,2,0,1,1,1,3,2,2,0,0,0,2,1,0,0,0,1,0,2,2,1,1,0,1,5,0,5,0,0,0,0,1,1,2,0,2,1,0,3,0,0,0,0,2,1,0,0,1,2,1,0,1,0,0,1,4,0,1,0,0,2,3,1,2,3,0,1,0,0,2,2,2,0,3,0,0,0,0,0,1,0,2,2,1,2,3,1,2,0,0,0,1,1,1,1,0,4,1,0,0,1,3,0,0,3,0,1,0,0,4,0,1,0,0,0,3,1,0,4,0,0,1,0,0,0,2,2,0,2,1,0,1,1,0,2,0,0,2,2,0,0,1,2,1,2,1,0,1,0,0,1,0,0,1,2,0,0,1,2,0,2,0,0,1,0,1,0,2,3,3,0,0,0,0,1,1,0,4,1,0,1,1,2,1,1,0,1,1,0,2,0,2,1,0,0,2,0,2,0,2,3,0,0,1,2,0,1,2,1,0,1,1,0,2,0,0,0,7,2,1,1,0,0,2,0,0,0,0,1,2,2,0,0,0,1,2,0,1,2,0,0,1,2,4,0,0,0,1,0,0,2,1,1,0,2,0,0,0,3,2,0,0,0,1,2,3,0,2,2,1,0,1,0,1,0,1,1,2,0,1,0,1,1,2,0,3,0,1,0,0,2,1,1,1,0,1,1,4,1,0,1,0,1,0,0,1,0,0,0,1,0,0,0,0,3,1,2,1,2,1,1,0,1,2,1,1,1,2,1,3,1,1,2,0,0,3,1,1,0,1,0,1,0,0,0,0,0,0,0,3,0,0,0,0,0,0,1,0,1,1,0,2,1,2,0,0,2,0,1,1,0,0,0,2,0,2,0,2,0,1,1,1,1,1,0,0,3,1,0,0,1,0,0,3,1,1,0,0,2,2,1,1,1,0,1,1,1,1,0,1,0,1,0,3,0,1,4,2,2,0,0,0,0,0,0,0,1,2,1,0,1,1,0,0,1,1,0,0,0,0,0,2,0,0,2,2,0,0,0,1,1,0,0,0,3,1,0,2,1,1,1,0,1,1,0,1,0,0,0,0,1,1,2,0,0,0,1,1,0,0,0,0,0,1,2,2,0,0,1,1,3,0,0,0,0,0,6,1,0,2,1,1,1,1,1,1,0,1,0,2,2,0,0,1,1,2,0,2,1,0,3,0,0,0,2,2,2,1,0,0,0,1,0,2,0,1,3,0,1,4,1,3,0,1,0,1,3,1,0,4,3,2,3,0,2,0,1,0,0,0,2,2,1,1,0,1,0,0,0,0,2,2,0,0,0,4,0,2,0,1,0,0,1,0,0,0,0,3,2,2,0,1,0,0,0,2,2,0,1,0,1,0,0,2,2,1,1,0,2,1,1,4,2,0,0,0,0,2,1,1,0,1,0,1,0,0,2,2,0,0,4,0,0,1,4,2,2,1,1,1,0,0,1,1,1,0,0,1,1,3,1,0,2,0,2,2,1,2,1,1,0,3,0,1,0,1,0,0,0,1,1,0,2,1,0,0,2,2,1,0,0,2,0,3,0,1,0,2,0,2,3,1,1,3
CALHM6,0,0,0,0,0,2,0,0,0,0,0,0,1,0,0,7,0,1,0,0,0,0,0,1,0,0,0,0,0,1,0,0,1,0,0,0,0,0,1,0,1,0,0,0,0,0,1,0,0,0,1,0,0,0,0,0,0,0,0,0,1,0,0,0,0,0,0,0,1,0,0,1,0,0,2,0,0,0,1,1,0,0,0,0,0,0,0,2,0,0,0,0,0,3,0,0,0,0,1,0,0,0,0,0,0,0,0,0,1,1,0,0,0,1,0,0,0,0,1,0,0,0,0,2,0,0,0,2,0,0,0,0,0,0,0,0,2,0,0,0,0,0,0,0,4,0,0,1,0,0,1,0,0,0,0,0,0,0,0,0,0,0,1,0,0,0,0,0,2,3,0,0,0,0,1,0,0,0,1,0,0,0,0,0,2,1,0,0,1,3,3,3,0,0,0,0,0,0,0,1,0,0,1,1,0,0,0,0,2,0,0,0,0,0,0,0,0,0,0,1,0,0,1,0,0,0,0,0,0,0,0,0,3,0,0,1,0,1,1,1,0,0,0,0,0,1,0,0,0,0,0,1,0,0,1,0,0,0,0,0,0,0,0,0,0,0,0,0,0,0,0,2,1,1,0,0,4,0,1,0,1,0,0,0,0,0,0,2,0,0,0,0,0,0,0,0,0,0,2,0,0,0,0,0,0,0,0,0,2,0,0,0,0,0,0,1,0,0,0,0,0,0,0,0,0,0,0,3,0,0,0,1,0,0,0,0,0,1,0,0,0,0,0,0,2,0,0,0,0,3,0,0,1,0,0,1,1,0,0,1,0,0,2,0,2,0,0,0,0,0,0,0,1,0,0,3,0,0,0,0,0,0,0,0,0,3,0,0,0,0,0,6,0,7,0,0,0,0,0,3,0,0,0,0,1,0,0,2,2,1,0,0,0,0,0,2,0,1,0,1,0,0,0,0,1,0,0,0,0,0,0,0,0,0,0,0,1,0,0,0,0,0,0,0,0,2,0,0,1,0,0,1,0,0,0,0,0,0,0,0,0,0,0,2,1,2,0,0,3,0,1,0,0,0,0,0,0,0,1,0,0,0,0,0,0,0,0,0,1,0,0,0,0,0,0,0,0,0,0,0,0,1,0,0,0,0,1,1,0,0,0,0,1,0,0,0,0,0,0,0,0,0,0,0,0,0,0,0,3,0,0,1,0,0,0,3,0,0,0,0,2,0,0,0,0,0,1,0,0,1,0,1,1,0,0,1,0,3,0,0,1,0,0,0,0,0,0,0,0,2,0,0,0,0,0,0,0,0,1,0,1,0,0,0,0,0,1,0,0,0,0,1,0,1,0,1,0,0,1,5,0,2,0,0,0,1,0,0,0,0,2,0,0,0,0,0,0,0,0,0,0,0,0,0,0,0,0,1,1,0,1,0,0,0,0,0,1,0,0,0,0,0,0,0,0,1,0,0,0,0,0,0,0,0,1,2,2,0,2,0,0,0,1,0,0,0,0,0,0,0,0,0,0,0,0,0,0,0,0,0,0,1,0,0,0,0,0,0,0,0,0,0,0,0,0,0,0,0,0,0,0,0,0,0,2,2,0,0,0,1,0,0,1,0,0,0,0,0,0,0,0,0,0,0,0,0,1,0,0,0,0,0,2,0,1,0,2,2,0,1,0,1,0,1,0,1,1,0,0,0,0,0,0,0,1,0,0,2,0,0,0,1,1,0,0,0,0,0,0,0,0,0,0,0,2,0,1,0,1,0,1,0,0,0,0,2,0,0,0,0,0,0,0,1,1,0,0,0,0,0,0,0,0,0,0,0,0,0,1,0,0,0,0,0,0,0,0,0,0,0,0,1,3,0,1,0,0,0,0,0,0,0,2,0,0,0,0,0,0,0,0,0,0,0,0,0,0,0,0,0,0,0,0,0,0,0,0,0,0,0,0,0,0,0,0,0,0,0,0,0,2,0,6,0,0,0,0,0,1,0,0,2,0,2,2,0,1,0,2,2,0,0,0,1,1,0,0,0,1,0,1,1,0,0,0,0,0,1,0,1,0,0,0,0,0,0,1,0,0,0,0,0,1,0,1,1,0,0,1,0,0,0,0,1,0,0,0,7,0,0,0,0,0,0,1,0,0,1,0,0,0,0,0,0,0,0,2,0,0,2,0,0,0,0,1,0,0,0,0,0,0,0,0,0,0,0,0,0,0,0,0,0,0,0,0,1,0,0,0,0,1,0,0,0,0,0,0,0,2,0,0,0,0,0,0,0,0,0,0,0,0,0,0,0,0,0,0,1,1,1,0,1,0,0,0,0,1,1,0,0,0,2,0,1,0,0,0,0,1,0,0,0,0,0,0,0,0,0,0,0,0,0,0,0,0,1,0,0,0,0,0,0,0,1,2,0,0,0,0,0,2,0,0,5,0,0,0,2,0,1,1,0,1,0,0,0,0,0,0,2,0,0,0,0,0,0,0,0,0,0,0,0,3,1,0,0,0,0,0,0,0,0,1,0,1,0,0,0,0,0,0,0,0,0,1,0,0,0,1,1,0,0,0,0,0,0,0,0,0,0,0,0,0,0,0,2,0,0,0,0,0,1,0,2,0,0,0,1,0,0,0,0,0,0,0,0,0,0,0,0,1,0,0,0,0,0,2,0,1,1,0,0,1,0,0,0,0,0,1,0,0,0,0,0,0,0,0,0,3,1,0,0,0,0,0,0,0,1,0,0,0,1,0,2,0,0,6,0,0,0,0,0,0,0,0,1,1,1,0,0,0,1,0,0,0,0,0,0,0,0,0,0,0,0,0,0,0,0,1,0,3,0,0,1,0,0,2,0,0,0,0,0,0,0,0,0,0,0,0,0,1,0,0,0,0,0,0,0,1,0,1,0,0,0,0,0,0,0,0,1,4,0,0,0,0,0,0,0,0,0,3,0,0,0,2,0,0,0,0,0,1,0,0,0,0,0,1,0,0,2,0,1,0,0,1,0,0,1,0,0,0,0,0,0,0,0,0,0,0,0,2,0,0,0,0,1,0,0,0,0,0,0,0,0,1,0,1,2,0,0,0,1,0,1,0,1,0,0,0,0,0,0,0,0,1,0,0,0,0,3,0,0,0,0,1,0,1,0,0,0,6,0,0,0,0,1,0,1,0,4,0,0,0,0,0,0,0,0,0,0,0,0,0,0,0,0,0,3,0,0,0,0,0,1,0,0,0,0,0,0,1,0,0,1,0,0,0,0,0,1,0,0,0,0,1,0,0,0,0,0,0,0,0,0,0,0,0,0,0,0,0,0,1,0,0,0,4,0,0,0,2,0,0,0,3,0,0,0,0,2,0,0,0,0,0,0,0,0,0,0,0,0,0,0,0,0,0,1,2,0,0,3,0,0,1,0,1,1,0,0,0,0,0,0,0,0,0,0,0,0,1,1,0,0,1,0,0,2,0,0,0,0,0,0,0,0
NUP214,1,0,0,0,0,2,1,0,0,0,2,0,2,0,0,2,0,0,2,0,0,0,0,0,0,0,0,0,0,0,0,0,0,0,0,0,0,0,0,0,0,0,1,0,0,0,0,2,0,0,0,0,0,0,1,2,0,1,0,0,2,0,0,2,0,0,0,0,0,0,0,0,0,1,0,0,0,0,0,0,1,0,2,1,0,0,0,0,0,0,0,0,0,0,0,1,0,0,2,0,1,0,1,0,0,0,0,0,2,0,0,0,1,0,0,0,0,0,0,0,0,0,3,0,0,0,0,0,0,0,0,0,0,0,0,0,0,0,1,0,0,0,0,0,0,0,1,0,0,0,0,0,0,0,0,0,0,0,0,1,0,0,1,0,0,1,2,0,1,1,0,0,0,0,3,0,0,0,2,1,0,0,0,0,0,0,0,0,2,1,0,1,1,0,0,0,0,1,0,0,2,0,2,0,0,1,0,0,0,0,0,0,0,0,0,0,0,0,0,3,0,0,0,0,0,0,0,1,0,0,0,0,2,1,0,0,0,0,0,0,1,0,0,1,0,0,0,4,3,0,0,0,0,0,0,0,0,0,0,0,0,0,0,2,0,0,0,0,0,0,0,1,0,2,0,0,0,1,0,0,0,0,0,1,0,0,0,0,0,0,0,1,1,0,0,0,0,0,5,0,0,0,0,0,0,0,0,1,1,0,0,0,0,0,0,0,0,0,0,0,0,0,0,0,0,1,0,0,0,0,0,0,0,0,0,0,0,0,0,1,1,0,2,0,0,0,0,2,0,0,3,0,1,0,0,2,0,1,0,0,0,0,0,1,0,0,0,0,0,0,0,0,0,0,0,3,0,0,0,2,1,0,0,0,0,0,0,0,0,0,0,0,0,0,0,0,0,0,0,0,0,0,0,0,0,0,0,0,0,0,0,0,0,0,0,1,0,0,0,1,1,0,0,0,0,0,0,1,0,1,0,0,0,1,0,0,2,0,0,1,0,0,2,0,0,2,0,0,0,0,0,0,0,2,2,0,0,1,0,0,0,0,0,0,1,0,0,0,0,0,0,1,0,0,0,1,0,0,0,0,1,0,0,0,2,0,0,0,0,2,0,0,0,0,0,2,0,1,1,0,0,0,0,0,0,0,0,1,0,0,0,0,0,0,0,0,0,0,0,0,0,0,0,0,2,0,0,0,0,0,1,0,0,0,1,0,0,0,0,0,2,0,0,0,0,0,3,1,1,0,0,0,0,0,0,2,0,0,0,0,0,0,0,0,0,0,1,1,0,0,0,0,0,0,1,4,0,0,0,1,0,0,0,0,0,0,0,0,0,0,0,0,0,2,0,0,0,0,0,0,0,0,1,0,0,0,1,0,0,0,0,0,1,0,0,0,0,0,0,2,0,1,0,0,0,0,0,1,0,0,0,1,0,0,0,0,0,0,0,0,0,0,0,0,0,0,0,0,0,0,0,0,0,2,0,1,0,0,0,3,4,0,0,0,0,0,0,0,0,0,0,0,2,0,1,0,0,0,0,0,0,1,0,0,0,0,0,0,0,0,0,0,0,0,0,0,0,0,0,0,0,0,0,0,0,1,0,0,0,0,1,0,0,0,0,0,0,0,0,0,0,0,0,0,0,0,0,0,0,0,0,0,0,0,0,1,0,0,0,0,0,0,0,0,0,0,0,0,0,0,0,0,0,0,0,0,0,0,0,1,0,0,0,0,1,0,0,0,0,0,0,0,0,0,0,2,3,0,0,0,0,0,0,0,2,0,0,0,0,0,0,0,0,0,1,0,1,0,0,0,0,0,0,0,2,1,0,0,0,0,0,2,0,2,0,0,0,0,0,0,0,0,0,0,0,0,0,0,0,1,0,1,1,1,0,0,0,0,1,0,0,2,0,1,0,0,0,0,0,0,0,1,1,1,0,0,0,1,0,0,0,0,0,1,0,0,0,0,0,0,0,1,1,0,0,0,0,0,0,1,0,0,1,0,1,0,0,0,0,0,0,0,0,0,0,2,0,0,0,0,0,0,0,0,0,0,0,0,2,0,1,0,0,0,2,0,0,0,0,0,1,2,1,0,0,1,0,0,0,2,0,0,0,0,0,0,0,0,0,0,0,0,0,0,0,0,0,0,0,0,1,0,1,0,0,0,0,0,0,3,0,0,0,0,1,4,0,0,0,0,0,1,1,0,0,0,0,0,0,0,0,0,0,4,0,0,0,0,0,0,0,0,0,0,0,0,0,0,0,0,0,0,0,0,0,0,0,0,1,0,0,0,0,0,0,0,0,0,2,0,0,0,0,0,0,0,0,2,0,0,0,1,0,0,0,1,0,3,0,0,0,0,0,0,0,0,0,0,0,0,0,1,0,0,0,0,0,0,0,0,0,0,1,0,0,1,0,2,0,0,2,0,0,0,0,1,0,0,0,1,0,0,0,0,0,0,1,0,0,0,3,0,1,2,0,0,0,0,0,0,0,0,0,2,0,0,0,0,0,0,0,0,0,0,0,0,1,0,0,0,0,0,0,0,0,0,0,0,0,0,0,0,0,0,0,1,0,0,0,0,0,0,1,0,0,0,0,0,0,0,0,0,0,0,0,0,0,0,0,0,0,0,0,0,0,0,0,0,0,0,1,0,0,0,0,0,3,0,0,2,0,0,0,0,0,1,0,0,0,3,0,0,0,0,0,0,1,0,1,0,1,0,1,0,0,0,1,1,0,0,0,0,0,2,0,0,1,0,0,0,0,0,0,1,0,1,0,1,0,0,0,2,0,0,0,0,2,0,0,0,0,0,0,0,0,0,0,0,0,0,0,0,1,0,0,0,0,0,1,1,0,0,2,1,0,0,1,0,1,0,0,0,0,0,0,0,2,0,0,2,2,0,0,0,0,0,0,0,0,0,0,0,0,0,0,0,0,0,0,0,0,0,0,0,0,0,1,0,0,0,0,0,0,0,0,0,1,0,0,0,0,1,0,1,0,0,0,0,0,0,0,0,0,0,0,0,0,0,1,0,1,0,0,0,0,0,0,0,1,0,0,0,0,0,1,0,0,0,1,0,0,2,0,1,2,2,0,0,0,0,0,0,0,0,1,0,1,0,0,0,0,0,0,1,0,0,0,0,0,0,0,0,0,0,0,1,0,3,0,0,0,1,0,0,0,3,0,0,0,0,0,0,0,0,0,0,0,0,0,0,1,0,0,2,0,0,0,0,0,0,0,0,0,0,0,0,0,0,0,1,0,0,0,0,0,0,0,0,0,2,0,0,1,0,0,1,0,0,0,0,0,0,0,0,0,0,1,2,0,0,1,0,0,2,1,0,0,0,0,0,0,0,0,0,0,1,0,2,0,0,0,0,0,1,0,0,1,0,2,0,0,0,0,0,0,0,0,0,1,1,0,0,0,0,0,0,0,0,0,0,0,0,0,0,1,0,0,1,0,0,0,0,0,0,0,0
AHNAK,0,0,2,1,0,1,1,0,0,0,1,0,4,0,0,2,1,0,2,0,0,0,2,0,0,0,0,1,0,3,0,0,3,0,1,0,0,0,2,0,0,1,1,1,0,1,0,4,0,0,1,0,2,0,0,2,1,0,0,1,2,0,1,0,0,1,0,0,2,0,1,2,0,0,1,0,0,3,1,0,0,0,1,2,0,1,0,0,1,0,0,2,0,1,0,1,0,1,0,0,0,0,1,0,0,0,0,0,2,0,0,0,1,0,0,0,0,0,0,0,0,2,2,0,0,0,0,0,0,0,1,0,0,0,0,0,0,0,1,0,1,0,1,0,2,0,0,0,2,0,1,0,2,1,0,0,0,0,1,0,0,0,2,2,0,0,2,0,0,2,1,0,1,0,0,0,0,0,1,1,0,0,0,0,1,0,0,0,0,3,1,1,0,0,1,1,0,1,0,3,0,1,2,0,1,0,0,2,0,0,0,0,1,1,0,0,0,0,1,1,0,0,1,0,2,0,0,0,0,0,0,0,2,1,0,0,2,0,1,0,2,0,0,0,2,0,0,0,7,0,0,1,0,0,0,0,0,1,0,3,0,1,1,0,0,2,0,2,0,0,0,1,2,1,0,0,0,4,1,1,0,1,0,0,0,0,0,0,0,0,1,0,1,0,0,0,0,0,1,0,0,2,0,0,0,0,0,1,0,0,0,0,0,0,0,0,0,2,0,0,0,1,0,0,0,0,0,0,0,0,0,0,0,0,0,0,1,3,2,0,1,4,6,1,0,0,0,0,3,1,0,0,1,0,2,1,0,0,3,2,0,0,1,1,0,0,8,0,0,1,1,1,1,0,0,4,0,2,0,2,0,0,2,0,1,3,0,0,0,0,0,2,0,1,0,0,0,0,0,0,1,0,0,0,1,2,0,0,1,2,0,3,0,0,0,2,0,0,0,0,0,2,3,0,0,0,0,0,0,0,0,0,0,1,5,0,0,1,0,3,0,0,1,1,0,3,1,0,0,1,1,0,1,0,2,1,0,3,3,0,1,0,0,0,2,2,0,0,0,0,1,1,0,0,0,3,2,0,0,0,2,0,3,0,2,0,1,0,0,0,1,1,0,0,0,2,0,0,0,1,0,1,0,0,0,0,0,0,0,0,1,2,0,0,0,2,1,1,0,1,0,2,0,1,2,3,0,0,1,0,1,1,0,0,1,1,0,1,0,2,0,0,0,0,0,2,1,0,4,0,1,2,0,0,1,3,0,1,0,2,0,0,0,0,0,0,1,0,3,0,0,1,1,0,0,1,0,1,0,2,0,0,0,1,2,0,1,1,0,1,2,0,0,2,0,2,0,0,0,0,2,1,0,2,3,3,2,1,0,0,1,0,0,0,4,0,0,0,0,0,1,0,2,0,0,0,0,1,0,0,0,0,0,0,0,0,0,0,0,0,0,2,1,0,2,0,0,0,0,0,0,0,1,0,0,0,0,0,0,2,0,0,1,0,0,1,0,0,0,0,0,0,0,0,2,0,0,2,0,1,1,0,0,0,0,1,0,0,0,0,0,0,0,1,0,0,2,0,0,2,1,0,2,0,0,2,0,0,2,9,0,0,0,1,3,0,0,2,0,0,0,0,2,1,0,0,0,0,0,1,0,1,0,0,0,0,0,0,0,0,0,0,2,1,0,0,0,1,0,1,0,0,0,0,1,1,0,0,1,1,0,1,0,0,2,0,0,3,0,0,0,1,0,0,0,0,0,0,1,1,1,0,0,0,0,0,1,0,0,1,2,0,0,0,3,1,1,1,1,0,0,1,0,0,1,1,0,0,0,0,0,2,0,1,0,0,0,0,0,0,0,0,1,1,0,1,0,1,0,0,1,1,0,0,0,0,2,0,0,0,1,1,1,1,0,3,0,2,0,0,0,1,1,0,1,1,0,1,0,0,0,0,1,0,0,0,0,0,2,0,0,2,0,0,0,0,1,0,0,1,0,0,2,3,2,0,1,0,1,0,0,0,0,0,1,0,0,0,2,0,1,0,0,1,0,0,0,0,1,2,2,1,0,0,1,0,0,0,0,2,0,1,1,0,0,2,0,0,0,1,2,0,0,0,0,0,0,2,0,0,1,0,0,0,0,1,1,1,0,1,0,0,2,0,0,0,0,0,0,1,2,0,0,1,0,0,0,1,2,2,0,1,1,1,0,1,0,0,1,0,1,0,0,4,1,1,0,0,0,0,0,0,0,0,0,0,0,1,0,0,0,1,0,0,0,1,0,0,0,0,1,1,1,0,0,0,1,0,4,0,0,0,0,1,0,0,1,1,0,0,2,10,0,0,0,3,0,2,0,0,0,0,1,0,0,0,0,0,0,0,0,0,0,1,0,0,1,0,0,0,1,0,2,0,0,1,1,3,0,0,1,3,1,0,0,1,0,1,1,6,0,1,0,0,0,0,0,1,0,0,1,0,0,3,0,2,0,0,0,0,1,0,1,1,0,0,0,1,0,0,0,0,0,2,0,0,2,1,2,1,0,0,0,0,0,0,1,0,1,0,1,1,3,0,1,1,0,1,0,0,0,0,4,0,0,0,0,0,0,2,1,0,1,5,0,0,0,0,0,2,3,1,0,0,0,0,1,1,0,0,0,0,0,1,2,0,3,1,0,1,0,0,1,0,0,0,0,0,0,0,0,0,0,0,0,0,1,0,0,0,0,0,0,0,0,0,0,1,0,2,0,1,0,3,0,0,3,0,0,2,0,0,0,0,0,0,0,0,0,0,0,3,0,1,0,0,0,0,1,0,0,0,0,1,0,0,0,1,1,0,1,0,2,0,0,0,2,0,0,0,0,0,1,1,0,0,0,0,0,0,1,0,0,2,0,0,0,1,1,0,3,0,0,0,0,0,3,0,2,0,0,0,0,0,1,0,0,1,0,0,0,0,0,0,0,0,0,0,0,0,0,0,0,0,1,0,0,0,0,1,0,1,1,0,0,0,0,0,0,3,0,0,0,0,0,0,0,1,2,0,1,0,1,0,0,0,0,0,3,1,2,2,1,0,0,0,1,0,3,0,0,1,0,3,0,2,0,1,0,0,0,2,0,0,2,0,0,0,0,0,0,2,0,0,0,0,0,0,1,0,2,0,0,0,0,0,0,2,0,2,0,1,0,0,1,0,0,0,0,1,1,0,0,0,0,2,0,1,1,0,0,0,0,0,0,0,0,0,0,0,0,1,0,1,0,0,0,0,0,0,0,0,0,0,3,0,0,1,1,0,0,0,0,1,0,2,0,2,0,5,0,0,0,0,0,1,1,0,2,1,1,0,1,2,2,0,1,1,0,2,1,0,2,0,2,2,0,2,2,0,0,0,0,2,0,3,0,0,1,0,1,0,0,0,1,0,0,0,1,0,0,0,0,0,0,2,0,0,0,0,1,1,0,0,1,0,0,1,1,0,0,0,1,0,0,0
LILRA4,0,0,0,0,0,0,0,0,0,0,0,0,0,0,0,0,0,0,0,0,0,0,0,0,0,0,0,0,0,0,0,0,0,19,0,0,0,0,0,0,0,0,0,0,0,0,0,0,0,0,0,0,0,0,0,0,1,0,0,0,0,0,0,0,0,0,0,0,0,0,0,0,0,0,0,0,0,0,0,0,0,0,0,0,0,0,0,0,0,0,9,0,0,0,0,0,0,0,0,0,0,0,0,0,1,0,0,0,0,0,0,0,0,0,0,0,0,0,0,0,0,0,0,0,0,0,0,0,0,0,0,0,0,0,0,0,0,0,0,0,0,0,0,0,0,0,0,0,0,0,1,0,0,0,0,0,0,0,0,0,0,0,0,0,0,0,0,0,0,0,0,0,0,0,0,0,0,0,0,0,0,0,0,0,0,0,0,0,0,0,1,0,0,0,0,0,0,0,0,0,0,0,0,0,0,0,0,0,0,0,0,0,0,0,0,0,0,0,14,0,0,0,6,0,0,0,0,0,0,0,0,0,0,0,0,0,0,0,0,0,0,0,0,0,0,0,0,0,0,0,0,1,0,0,0,0,0,0,0,0,0,0,0,0,0,0,0,0,0,0,0,0,0,0,0,0,0,0,1,0,0,0,0,0,0,0,0,0,0,0,0,0,0,0,0,0,0,0,0,0,0,0,1,0,0,0,0,0,1,0,0,0,0,0,0,0,0,0,0,0,0,0,0,0,0,0,0,0,0,0,0,0,0,0,0,0,0,0,0,0,0,0,0,0,0,0,0,0,0,0,0,0,0,0,0,0,0,0,0,0,0,0,0,0,0,0,0,0,0,0,0,0,0,0,0,0,0,0,0,0,0,0,0,0,0,0,0,0,0,0,0,0,0,0,0,0,0,0,0,0,0,0,0,0,0,0,0,0,0,0,0,0,0,0,0,0,0,0,0,0,0,0,0,0,0,0,0,0,0,0,0,0,0,0,0,0,0,0,0,0,0,0,2,0,0,0,0,0,0,0,0,0,0,0,0,0,0,0,0,0,14,0,0,0,1,0,0,0,0,0,1,0,0,0,0,0,0,0,0,0,0,0,0,0,0,0,0,0,0,0,0,0,0,0,0,0,0,0,0,0,0,0,0,0,0,0,0,0,0,0,0,0,0,0,0,0,0,0,0,0,0,0,0,0,0,0,0,0,0,0,0,0,0,0,0,0,0,0,0,0,0,0,0,0,0,0,0,0,10,0,0,0,0,0,0,0,0,0,0,0,0,0,0,0,0,0,0,0,0,0,0,0,0,0,0,0,0,0,0,0,0,0,0,0,0,0,0,0,0,0,0,0,0,0,0,0,0,0,0,0,0,0,0,0,0,0,0,0,0,0,0,0,0,0,0,0,0,0,0,0,0,0,0,0,0,0,0,0,0,0,0,0,0,0,0,0,0,0,0,0,0,0,0,0,0,0,14,0,0,0,0,0,0,0,1,0,0,0,0,0,0,0,0,0,0,0,0,0,0,0,0,0,0,0,0,0,0,0,0,0,0,0,0,0,0,0,0,0,0,0,0,0,0,0,0,0,0,0,0,0,0,0,7,0,0,0,0,0,0,0,0,0,0,0,0,0,0,0,0,0,0,0,0,0,0,0,0,0,0,0,0,0,0,0,11,0,0,0,0,0,0,0,0,0,0,0,0,0,0,0,0,0,0,0,0,0,0,0,0,0,0,0,0,0,0,0,0,0,0,0,0,0,0,0,0,0,0,0,0,0,0,0,0,0,0,1,0,0,0,0,0,0,0,0,0,0,0,0,0,0,0,0,0,0,0,0,0,0,0,0,0,0,0,0,0,0,0,0,0,0,0,0,0,0,0,0,0,0,1,0,0,0,0,0,0,0,0,0,0,0,0,0,0,0,0,0,0,0,0,0,0,0,0,0,0,0,0,0,0,0,0,0,0,0,0,0,0,0,0,0,0,0,0,0,0,0,0,0,0,0,0,0,0,0,0,0,0,0,0,0,0,0,0,0,0,0,2,0,0,0,0,0,0,0,0,0,0,0,2,0,0,0,0,0,0,0,0,0,0,0,0,2,0,0,6,0,0,0,0,0,0,0,0,0,0,0,0,1,0,0,0,0,0,0,0,0,0,0,0,0,0,0,0,0,0,0,0,0,0,0,0,0,0,0,0,0,0,0,0,0,0,0,0,0,0,0,0,0,0,0,0,0,0,0,0,0,0,0,0,0,0,0,0,0,0,0,0,0,0,0,0,0,0,0,0,0,0,0,0,0,0,0,0,0,0,0,0,0,0,0,0,0,0,0,0,0,0,0,0,0,6,0,0,0,0,0,0,0,0,0,0,0,0,0,0,0,0,0,0,0,0,0,0,0,0,0,0,0,0,0,0,0,0,0,0,0,0,0,0,0,0,0,0,0,0,12,0,0,0,0,7,0,0,0,0,0,0,0,0,0,0,0,0,0,0,0,0,0,0,0,0,0,0,0,0,0,0,0,0,0,0,0,0,0,0,0,0,0,0,0,0,0,1,0,0,0,0,0,0,1,0,0,0,0,0,0,0,0,0,0,0,0,0,0,0,0,0,0,13,0,0,0,5,0,0,0,0,0,0,0,0,0,0,0,0,0,0,0,0,0,0,0,0,0,10,0,0,0,0,0,0,0,0,0,0,0,0,0,0,0,0,0,0,0,0,0,0,0,0,0,0,0,0,0,0,0,0,0,0,0,0,0,0,0,0,0,0,0,0,0,0,0,0,0,0,0,0,0,0,0,0,0,0,0,0,18,0,0,0,0,0,0,0,0,0,0,0,0,0,0,0,0,0,0,0,0,1,0,0,0,0,0,0,0,0,0,0,0,0,0,0,0,0,0,0,0,0,0,0,0,0,0,0,0,0,0,0,0,0,0,0,0,0,0,0,0,0,0,0,0,0,0,0,0,0,0,0,0,0,0,0,0,0,0,0,0,0,0,0,0,0,0,0,0,0,0,0,0,0,0,0,0,0,0,0,0,0,0,0,0,0,0,0,0,0,0,0,0,0,0,0,0,0,0,0,0,0,0,0,0,0,0,0,0,0,0,0,0,0,0,0,0,0,0,0,0,0,0,0,0,0,0,0,0,0,0,0,0,0,9,0,0,0,0,0,0,0,0,0,0,0,0,0,0,0,0,0,0,0,5,0,0,0,0,0,0,0,2,0,0,0,0,0,0,0,0,0,0,0,0,0,0,0,0,0,0,0,1,0,0,0,0,0,0,1,0,0,0,0,0,0,0,0,0,0,0,0,0,0,0,0,0,0,0,0,0,0,0,0,0,0,0,0,0,0,0,0,0,0,0,0,0,0,0,0,0,0,0,0,0,0,0,0,0,0,0,0,0,0,0,0,0,0,0,0,0,0,0,0,0,0,0,0,0,0,0,0,0,0,0,0,0,0,0,0,0,0,0,0,0,0,0,0,0,0,0
ADAM28,0,0,0,0,0,0,0,0,0,0,0,0,0,0,0,0,0,0,0,0,0,0,0,1,0,0,0,0,0,0,0,0,0,0,0,0,0,0,0,0,0,0,0,0,0,1,3,0,0,0,0,0,0,0,0,0,0,0,0,0,0,0,0,0,0,0,0,0,0,0,0,0,0,0,0,0,0,0,0,0,0,0,0,0,0,0,0,0,0,0,0,0,0,0,0,0,0,2,0,0,0,0,0,0,0,0,0,0,0,0,0,0,0,0,0,0,0,0,0,0,0,0,0,4,0,0,0,1,0,0,0,0,0,1,0,0,1,0,0,0,0,0,0,1,0,0,0,0,0,0,0,0,0,0,0,0,0,0,0,0,0,0,0,0,0,0,0,0,0,0,0,0,0,0,0,0,0,0,0,0,0,0,1,1,0,1,0,0,0,0,0,0,0,0,0,0,0,0,0,0,0,0,0,1,0,0,2,1,2,0,0,0,0,0,0,0,0,0,0,0,0,1,0,0,0,0,2,0,0,0,0,0,0,0,0,0,0,0,0,2,0,0,0,0,0,0,0,0,0,0,0,0,2,0,2,0,0,0,1,0,0,0,0,0,0,0,0,0,0,0,0,1,0,0,0,0,0,0,0,0,0,0,0,0,0,0,0,0,0,0,0,0,0,0,0,0,0,0,0,0,0,0,0,0,0,0,0,0,0,0,0,0,0,0,0,1,0,0,3,0,0,0,0,0,0,0,0,1,0,0,0,0,0,0,0,0,0,0,0,0,0,0,0,0,2,0,0,0,0,0,0,0,0,0,0,0,0,0,0,0,0,0,1,0,0,0,2,0,0,0,0,0,1,0,0,2,0,0,0,0,0,0,0,0,0,0,0,3,0,0,0,0,0,0,0,0,0,0,0,0,0,0,0,0,0,0,0,0,0,1,0,0,0,0,0,0,0,2,0,0,0,0,0,0,0,0,0,0,0,0,0,0,0,0,0,1,0,0,0,0,0,0,5,0,0,1,0,0,0,0,0,0,0,0,0,0,0,0,0,1,0,0,0,0,0,0,0,0,0,0,0,0,0,0,0,0,0,0,4,0,0,0,0,0,0,0,0,0,0,0,0,0,0,5,0,0,0,0,1,0,0,0,0,0,0,0,0,2,0,0,0,0,2,0,0,0,0,0,0,0,0,0,0,0,0,0,0,0,0,1,0,2,0,0,0,0,0,1,0,0,1,0,0,0,0,0,0,0,0,0,0,2,0,0,0,0,1,0,0,1,0,0,1,0,0,0,0,0,0,0,0,0,0,0,0,0,0,0,0,0,0,0,0,0,0,0,0,0,0,0,0,0,0,1,0,0,0,0,0,1,0,1,0,0,0,1,0,0,0,0,1,1,0,0,0,0,0,0,0,0,0,0,0,0,0,0,0,0,0,0,1,0,0,0,0,0,0,0,0,1,0,0,0,0,0,1,0,0,0,0,1,0,0,0,0,0,0,0,0,1,0,0,0,0,0,0,0,0,0,1,0,0,0,0,0,0,0,0,0,0,0,2,0,0,0,0,0,0,0,0,0,0,0,0,0,0,0,0,0,0,0,0,0,0,1,0,0,0,0,3,0,0,1,0,0,0,0,0,0,0,0,0,0,0,1,0,0,0,0,0,0,0,0,0,1,0,0,1,0,1,0,0,0,0,0,0,1,0,0,0,0,0,0,0,0,0,0,0,0,0,1,0,0,0,0,0,0,0,0,0,0,0,0,0,0,0,0,0,0,0,0,0,0,0,0,0,0,0,0,0,0,0,0,0,0,0,0,0,0,0,0,0,4,0,0,0,0,1,0,0,0,0,0,0,0,0,0,0,0,0,0,2,0,2,3,0,0,0,0,0,0,0,1,0,0,0,0,0,0,0,0,0,0,0,0,0,0,0,0,0,0,0,0,0,0,0,0,0,0,1,0,0,0,0,0,0,0,0,0,0,0,0,0,0,0,0,0,0,1,0,0,1,0,2,0,0,0,0,1,2,0,0,0,0,0,1,1,0,0,0,0,0,0,0,0,0,1,0,5,0,0,0,0,0,0,0,0,0,0,0,0,5,0,0,0,0,0,0,0,0,0,1,0,1,1,0,0,0,0,0,3,0,0,0,0,0,0,0,0,0,0,0,0,0,0,0,0,0,0,0,0,0,0,0,0,0,0,0,2,0,0,0,0,0,0,1,0,0,0,0,0,0,0,0,0,0,0,0,0,0,0,0,0,0,0,0,0,1,1,0,0,0,0,0,1,0,0,0,0,0,0,0,0,0,0,0,1,1,0,0,1,0,0,0,0,0,0,0,0,0,0,0,0,0,0,0,0,0,0,0,0,0,0,0,0,0,0,0,0,0,0,0,0,0,0,2,0,0,0,0,0,0,0,0,0,0,0,0,0,0,0,0,0,0,0,0,0,1,0,0,0,0,0,0,0,0,0,0,1,2,0,0,0,0,0,0,0,0,0,0,0,0,0,0,0,0,0,0,0,0,0,0,0,0,1,0,0,0,0,0,0,0,0,0,0,0,0,0,0,0,0,0,0,1,0,0,0,0,0,0,0,0,0,0,0,0,0,0,0,0,0,3,0,0,0,0,0,0,0,0,0,0,0,1,0,0,0,0,0,0,0,0,0,0,0,0,0,0,0,2,0,0,0,0,0,0,0,0,0,0,0,0,0,0,0,0,0,1,1,0,0,0,0,0,0,0,0,0,0,0,0,0,0,0,0,0,0,0,0,0,0,0,0,0,1,0,0,0,0,0,0,0,0,0,0,0,0,0,0,0,0,0,0,0,0,2,0,0,0,0,0,0,0,0,0,0,0,0,0,1,0,0,0,0,1,0,0,0,0,0,0,0,0,0,0,0,0,0,0,0,0,0,0,0,0,0,0,0,0,0,1,0,0,0,0,0,0,0,0,0,0,1,0,0,1,0,0,0,0,0,2,0,0,0,0,0,2,0,0,3,0,0,0,0,3,0,0,4,0,0,0,0,0,2,0,0,0,0,0,1,0,0,0,0,0,0,0,0,0,0,0,0,0,0,0,0,0,0,0,0,0,0,0,0,0,0,0,0,0,0,0,0,0,0,0,0,0,0,0,0,0,0,0,0,0,1,3,0,0,0,0,0,0,0,0,0,0,0,0,0,0,0,0,0,0,0,0,0,1,0,0,0,0,0,0,0,0,0,0,0,0,0,0,0,0,0,0,0,0,0,0,0,3,0,0,0,0,0,0,0,0,0,0,0,0,0,0,0,0,0,0,0,0,0,0,0,0,0,0,0,0,0,0,0,0,0,0,0,0,0,0,0,1,0,5,0,0,0,0,0,0,0,0,0,1,0,0,0,0,0,0,0,0,0,0,0,0,0,0,0,1,0,0,0,0,0,0,2,0,0,1,0,0,0,0,0,0,1,0,0,0,0,0,0,0,0,0,0,0,0,0,0,0,0,0,0
RALGPS2,0,0,0,0,0,0,0,0,0,1,1,0,0,1,0,0,0,0,0,0,0,0,0,1,0,0,0,0,1,0,0,0,0,0,0,0,0,0,0,1,0,0,0,0,0,0,0,0,0,0,0,0,0,0,0,0,0,0,0,0,0,0,0,0,0,0,0,0,0,0,0,0,0,0,0,0,0,0,0,0,0,0,0,0,0,0,0,3,0,0,1,0,0,0,0,0,0,1,0,3,0,0,0,0,0,0,0,0,0,0,0,0,0,0,0,0,0,0,0,0,0,0,0,2,0,0,0,0,0,0,0,0,0,0,0,0,0,0,0,0,0,0,0,2,0,0,0,0,0,0,0,0,0,0,0,0,0,0,0,0,0,0,0,0,0,0,0,0,0,0,0,0,0,0,0,0,0,0,0,0,1,0,0,1,0,0,0,0,0,0,0,0,0,0,1,3,0,0,0,0,0,0,0,0,0,0,0,3,0,0,0,0,0,0,0,0,0,0,0,0,0,2,0,0,0,1,1,0,0,0,0,0,0,0,0,0,1,0,0,0,0,0,0,0,0,1,0,0,0,0,0,0,1,0,0,0,0,1,0,0,0,1,0,0,0,0,1,0,0,0,0,0,0,0,0,0,0,0,0,0,0,0,0,0,0,0,0,1,0,0,0,0,0,0,0,0,0,0,0,0,0,0,0,0,0,0,0,0,0,0,0,0,0,0,0,1,0,0,3,0,0,0,0,0,0,0,0,0,3,0,0,0,0,0,0,0,0,0,0,0,0,0,0,0,3,0,0,0,0,0,0,0,0,0,0,0,0,0,0,0,0,2,1,0,0,0,1,0,0,0,0,0,0,0,0,1,0,0,0,0,0,1,0,0,0,0,0,2,0,0,0,0,0,0,0,0,2,0,0,0,0,0,0,0,0,0,0,0,0,0,0,0,0,0,0,0,0,0,0,0,0,0,0,0,0,0,0,0,0,0,0,0,0,0,0,1,0,0,0,0,0,0,0,0,0,0,0,0,1,0,0,0,0,0,0,0,0,0,0,0,0,0,0,0,0,1,0,0,0,0,0,0,0,0,0,0,0,0,0,0,0,0,0,0,0,0,0,0,0,0,0,0,0,1,0,0,0,0,2,0,0,0,0,0,0,0,1,0,0,0,0,0,1,0,1,0,0,0,0,0,0,0,0,0,0,0,0,1,0,0,0,0,0,0,0,0,0,0,0,0,0,0,0,0,0,0,0,0,0,0,0,0,0,0,0,0,1,0,0,0,3,0,1,0,0,0,0,0,0,1,0,0,0,0,0,0,0,0,0,0,0,0,0,0,0,0,1,0,3,0,0,0,0,0,0,1,0,0,0,2,0,0,0,0,0,0,0,0,0,1,2,1,0,0,0,0,0,0,0,0,0,0,0,0,0,0,0,0,0,0,0,0,0,0,0,0,0,0,0,1,0,0,0,0,0,1,0,0,0,0,0,0,0,0,0,0,0,0,0,0,0,0,1,0,0,0,0,0,0,0,0,0,0,0,0,0,0,0,0,0,0,0,0,1,0,0,0,0,0,0,0,0,0,0,0,0,0,0,0,0,0,0,1,0,0,0,0,0,0,0,0,1,1,0,0,0,0,1,0,0,0,0,0,0,0,0,1,0,0,0,0,0,0,0,0,0,0,0,0,2,0,0,0,0,0,0,0,0,0,0,0,0,0,0,1,0,0,0,0,0,0,0,1,0,0,1,0,0,0,0,0,0,0,0,0,0,0,0,0,0,0,0,0,0,1,0,0,0,0,0,0,0,0,0,0,0,0,1,0,0,0,0,0,0,0,0,0,0,0,0,0,0,0,0,0,0,0,0,0,0,0,0,0,2,1,0,0,2,0,0,0,0,1,0,0,0,0,0,0,1,0,0,0,0,0,2,0,0,0,0,0,0,0,0,0,0,0,0,0,1,0,0,0,0,0,0,0,0,0,0,1,0,0,0,0,0,0,0,0,0,0,0,0,0,0,0,1,0,0,0,0,0,0,0,0,0,3,0,0,0,0,0,0,0,0,0,1,0,0,0,1,0,0,0,0,0,0,0,0,1,0,0,0,0,0,0,0,0,0,0,0,2,0,0,2,0,0,0,0,0,3,1,0,0,1,0,0,0,0,0,0,0,0,0,0,0,1,0,0,0,0,0,0,0,0,0,0,0,3,0,0,0,0,0,0,0,0,0,0,0,0,0,0,0,0,0,0,0,0,0,2,0,0,0,0,0,0,0,0,0,0,0,0,0,0,0,0,0,0,0,0,0,0,0,0,0,1,2,0,0,1,2,0,0,0,0,0,0,0,0,0,0,1,0,0,0,0,0,0,0,0,0,0,0,0,0,0,0,0,0,0,0,0,0,0,1,0,0,0,0,0,0,0,0,0,0,0,0,0,0,0,0,0,0,0,0,0,2,0,0,0,0,0,0,0,0,0,0,1,1,0,0,0,0,0,0,0,0,0,0,0,0,0,0,0,0,0,0,2,1,0,0,1,0,0,0,0,0,0,0,0,0,0,0,1,0,0,1,0,0,0,0,0,0,0,0,0,0,0,0,0,0,0,0,0,1,0,0,0,1,0,1,0,0,3,0,0,0,0,0,0,0,1,0,0,0,0,0,0,0,0,0,0,0,0,0,0,0,0,1,0,0,0,0,0,0,0,0,0,0,0,0,0,0,0,0,0,0,0,0,0,0,0,0,0,1,2,0,0,0,1,0,0,0,0,0,0,0,0,0,0,1,0,0,4,0,0,0,0,0,0,0,0,0,0,0,0,0,0,0,0,0,0,0,0,1,0,0,0,0,0,0,0,0,0,0,0,0,0,0,0,0,0,0,0,3,0,0,0,0,0,0,0,0,0,0,0,0,0,0,0,0,0,0,0,0,0,0,0,0,2,0,0,0,0,5,0,0,0,0,0,0,0,0,0,0,0,0,0,0,1,0,0,0,0,0,2,0,0,2,0,1,0,0,1,0,0,1,0,0,0,1,0,0,0,0,0,0,0,2,0,2,0,0,0,6,0,0,0,0,0,0,0,0,0,0,3,0,0,0,0,0,0,0,0,0,0,1,0,0,0,0,0,0,0,0,2,0,0,0,0,0,0,0,0,0,0,0,0,1,0,0,0,0,0,0,0,0,1,0,0,0,0,0,0,0,0,0,0,0,0,0,0,0,0,0,0,0,0,0,0,1,0,0,0,0,0,0,0,0,0,0,2,0,0,0,0,0,0,0,0,0,0,0,0,0,0,0,0,0,0,0,0,0,0,0,0,3,0,0,0,0,0,0,0,0,0,0,0,0,0,0,2,0,0,0,0,0,0,0,0,0,0,0,0,0,0,0,0,0,0,0,0,0,0,0,0,1,0,0,2,0,0,0,0,0,0,0,0,0,0,0,0,0,0,0,0,0,1,0,0,0,0,1,1,0,0,0,0,0,0,0,0,0,0,0
IFNG,0,0,0,0,0,0,0,0,0,0,0,0,0,0,0,0,0,0,0,0,0,0,0,0,0,0,0,0,0,0,0,0,0,0,0,0,0,0,0,0,0,0,0,0,0,0,0,0,0,0,0,0,0,0,0,0,0,0,0,0,0,0,0,0,0,0,0,0,0,0,0,0,0,0,0,0,4,0,0,0,0,0,0,0,1,0,0,0,0,0,0,0,0,0,0,0,0,0,0,0,0,0,0,0,0,0,0,2,0,0,0,0,0,0,0,0,0,0,0,0,0,0,0,0,0,0,0,0,0,0,0,0,3,0,0,0,0,0,0,0,0,0,0,0,0,0,1,0,0,0,0,0,0,0,0,0,0,0,0,0,0,0,0,0,6,0,0,0,0,0,0,0,0,0,0,0,0,0,0,0,0,0,0,0,0,0,0,0,0,0,0,0,0,0,0,0,0,0,0,0,0,0,0,0,0,0,0,0,0,0,0,0,0,0,0,0,0,0,0,0,0,0,0,0,0,0,0,0,0,0,0,0,0,0,0,0,0,0,0,0,0,0,0,0,0,0,0,0,0,0,0,0,0,3,0,0,0,0,0,0,0,0,0,0,0,0,0,0,0,0,2,0,0,0,0,0,0,0,0,0,0,0,0,0,0,0,0,0,0,0,0,0,0,0,0,0,0,0,0,0,0,0,0,0,0,0,0,0,0,0,0,0,0,2,0,0,0,0,0,0,0,0,0,0,0,0,0,0,0,0,0,0,0,0,0,0,0,0,0,0,0,0,0,0,0,0,0,0,0,0,0,0,0,0,0,0,0,0,0,0,0,0,0,0,0,0,0,0,0,0,0,0,0,0,0,0,0,0,0,0,0,0,0,0,0,0,0,0,0,0,0,0,0,0,0,0,0,0,0,0,0,0,7,0,0,0,0,0,0,0,0,0,0,0,0,0,0,0,0,0,0,0,1,6,0,0,0,0,0,1,0,0,0,0,0,0,0,0,0,0,1,0,0,0,1,0,0,0,0,0,0,0,0,0,0,0,0,0,0,0,0,0,0,0,0,0,0,0,0,0,0,0,0,0,0,0,0,2,0,0,0,0,0,0,0,0,0,0,0,0,0,0,0,0,0,0,0,0,0,0,0,0,0,0,0,0,0,0,0,0,0,0,0,0,0,0,0,0,0,0,0,0,0,0,0,0,0,0,0,0,0,0,0,0,0,0,1,0,0,0,0,0,0,1,0,0,0,0,0,0,0,0,0,0,0,0,0,0,0,0,0,0,0,7,0,0,0,0,0,0,0,0,0,0,0,0,0,0,0,0,0,0,0,0,0,0,0,0,0,0,0,0,0,0,0,0,0,0,0,0,0,0,0,7,0,0,0,0,0,0,0,0,2,1,0,0,0,2,0,0,0,0,0,0,0,0,0,0,0,0,0,0,0,0,0,0,0,0,0,0,0,0,0,0,0,0,0,0,0,0,0,0,0,0,0,0,0,0,0,0,0,0,0,0,1,0,0,0,0,0,0,0,0,0,3,0,0,0,0,0,0,0,0,0,0,0,0,0,0,0,0,0,0,0,0,0,0,0,0,0,0,0,0,0,0,0,0,0,0,0,0,0,0,0,0,0,0,0,0,0,0,0,0,0,0,0,0,0,0,0,0,0,0,0,0,0,0,0,0,0,0,0,0,0,0,1,0,0,1,2,0,0,0,0,0,0,0,0,0,0,0,0,0,0,0,0,6,0,0,0,0,0,0,0,0,0,0,0,0,0,0,0,0,0,0,0,0,0,0,0,0,1,0,0,0,6,0,0,0,0,0,0,0,0,1,0,0,0,0,0,1,0,0,0,0,0,0,0,0,0,3,0,0,0,0,0,0,0,0,0,0,1,0,0,0,0,0,0,0,0,0,0,0,0,0,0,0,0,1,0,0,0,0,0,1,0,0,0,0,0,0,0,0,0,0,0,0,0,0,0,0,0,0,0,0,0,0,0,0,0,0,0,0,0,0,0,0,0,0,0,0,0,0,0,0,0,0,0,0,0,0,0,0,0,0,0,0,0,0,0,0,0,0,0,0,0,0,0,0,0,0,0,0,1,0,0,0,0,0,0,0,0,0,0,0,0,0,0,0,0,0,0,0,0,0,0,0,0,0,0,0,0,0,0,0,0,0,0,0,0,2,0,0,0,0,0,0,0,0,0,0,0,0,0,0,0,0,0,0,0,0,0,0,0,0,0,0,0,0,0,0,0,0,0,0,0,0,0,0,0,0,0,0,0,0,0,0,0,0,0,0,0,0,0,0,0,0,0,0,0,0,0,0,0,0,0,0,0,0,0,0,0,0,0,0,0,0,1,0,1,0,0,0,0,0,0,0,0,0,0,0,0,0,0,0,0,0,0,0,0,0,0,0,0,0,7,0,0,0,0,0,0,0,0,0,0,0,0,0,0,0,0,0,0,0,0,0,0,0,0,0,0,0,0,0,0,0,0,0,0,0,0,0,0,0,0,0,0,0,0,0,0,0,0,0,0,0,0,1,0,0,0,0,0,0,0,0,0,0,0,0,0,2,0,0,0,0,0,0,0,0,0,0,0,0,0,0,0,0,0,0,0,0,0,0,0,0,0,0,0,0,0,0,0,0,0,0,0,0,1,0,0,0,0,0,0,0,0,0,0,0,0,0,0,0,0,0,0,0,0,0,0,0,0,0,0,0,0,0,0,0,0,0,0,0,0,0,0,0,0,0,0,0,0,0,0,0,0,0,0,0,0,0,0,0,0,0,0,0,0,0,0,0,0,0,0,0,0,0,0,0,0,0,0,0,0,0,0,0,0,0,0,0,0,0,0,0,0,0,0,0,0,0,0,2,0,0,0,0,0,0,0,0,0,0,0,0,0,0,0,0,0,0,0,0,0,0,0,0,0,0,0,0,0,0,0,4,0,0,0,0,0,0,0,0,0,0,0,0,0,0,0,0,0,0,0,0,0,0,0,0,0,0,0,0,0,0,0,0,0,0,0,0,0,0,0,0,2,8,0,0,0,0,0,0,0,0,0,0,0,1,0,0,0,0,0,0,0,0,0,0,0,0,0,0,0,0,0,0,0,0,0,0,0,0,0,0,0,0,0,0,0,0,0,0,0,0,0,0,0,0,0,0,0,0,0,0,0,0,0,0,0,0,0,0,0,0,0,0,0,0,0,0,0,0,0,0,0,0,0,0,1,0,0,0,0,0,0,3,0,0,0,0,0,0,0,0,0,0,0,0,0,0,0,0,0,0,0,0,0,0,0,0,0,0,0,0,0,0,0,0,0,0,0,0,0,0,0,0,0,0,0,0,0,0,0,0,0,0,0,0,0,2,0,0,0,0,0,1,0,0,0,0,0,0,0,0,0,0,0,0,0,0,0,0,0,0,0,0,0,0,0,1,0,0,10,0,0,0,0,0,0,0,0,0,0,0,0,1,0,0,0,0,0,0,0
MARCKSL1,0,0,0,0,1,0,0,0,0,1,2,0,0,0,0,1,0,0,0,0,0,1,0,0,0,2,1,0,1,0,1,0,0,0,0,0,0,0,0,0,2,0,2,0,1,0,0,1,1,0,3,0,1,0,0,1,0,1,0,0,0,0,0,0,0,0,0,0,3,0,0,5,0,0,0,0,1,0,0,1,1,1,0,1,0,2,1,0,0,0,1,0,2,0,1,0,0,1,0,0,0,0,0,0,0,0,0,0,0,0,0,1,0,0,0,0,0,0,0,0,0,0,0,2,0,0,0,0,1,0,0,0,1,1,0,0,0,0,0,0,0,0,0,1,0,0,0,0,3,0,2,0,0,0,1,0,0,1,0,0,1,0,1,0,0,1,1,1,0,0,0,0,1,1,0,0,0,1,1,0,0,0,0,0,0,3,1,1,1,0,5,0,0,0,1,0,1,1,0,0,0,1,0,0,0,0,1,1,0,0,0,0,1,0,1,0,0,0,0,0,0,0,0,2,3,0,0,0,0,0,1,0,0,0,0,0,1,0,0,0,0,0,0,0,0,0,0,0,0,0,0,0,0,0,0,0,1,0,0,0,2,0,0,0,0,0,0,0,0,0,0,0,0,2,0,0,0,1,2,0,0,1,0,0,1,0,0,0,0,2,0,0,0,0,0,3,1,0,0,0,0,0,0,0,0,0,0,0,1,0,0,0,0,1,0,7,1,0,0,2,0,1,1,0,0,0,0,0,0,0,1,1,0,0,0,0,0,0,0,0,0,0,2,1,0,0,0,0,2,0,0,2,3,0,0,0,0,1,0,0,0,0,0,0,0,0,2,0,0,0,1,0,0,0,0,0,0,0,0,0,0,0,2,0,0,0,0,0,1,0,0,5,0,0,0,0,0,0,0,1,0,0,0,1,0,0,0,1,1,0,0,2,0,1,0,1,0,0,1,0,0,0,0,0,3,0,0,0,1,0,0,1,0,0,0,0,1,0,0,0,0,0,0,0,2,1,2,0,0,0,0,0,0,0,0,0,0,0,0,3,1,0,0,0,0,0,0,0,0,0,0,0,0,0,0,1,0,0,0,0,0,0,2,0,0,0,0,0,2,1,0,0,0,0,0,0,0,0,1,1,0,0,1,0,1,0,0,0,0,0,0,0,0,0,1,0,0,1,0,0,0,0,0,0,0,0,0,1,0,0,0,2,0,0,1,0,0,1,0,0,1,0,0,0,1,1,0,0,2,0,1,2,0,0,0,2,2,2,0,0,0,0,0,0,1,0,0,1,1,2,1,1,2,0,0,0,0,0,0,0,0,0,0,0,0,0,1,0,0,0,1,1,0,0,0,0,0,0,0,0,0,2,0,0,0,5,0,0,1,0,1,0,0,2,3,1,0,0,0,0,1,0,0,0,1,0,0,1,0,0,0,0,0,0,0,0,0,1,0,0,0,0,1,0,0,7,0,0,0,0,1,0,0,0,1,0,0,0,0,0,1,0,0,0,1,0,0,0,1,1,0,0,0,0,0,0,0,0,0,0,0,0,1,0,0,0,0,0,0,0,0,0,0,0,0,0,0,0,0,0,0,2,0,0,1,1,0,0,0,1,0,1,2,1,0,0,0,0,0,0,0,0,0,0,0,0,1,0,1,1,0,0,0,1,0,0,0,0,0,1,2,0,0,0,1,0,0,0,0,0,0,0,0,0,1,0,0,0,0,0,2,0,1,0,0,0,1,0,0,0,1,0,1,0,0,0,0,0,0,0,0,3,1,1,1,8,0,0,0,0,0,2,0,0,1,0,0,1,0,0,0,0,1,0,0,0,0,0,0,2,2,0,0,0,0,0,0,1,0,0,0,0,1,1,0,0,1,1,1,0,0,2,1,2,1,0,1,0,0,1,0,0,0,0,1,2,0,0,0,0,0,0,0,0,0,1,0,0,1,2,0,0,1,0,0,0,1,0,0,0,0,0,0,0,1,0,1,1,0,0,0,4,0,1,0,0,1,2,2,0,0,1,0,0,0,0,0,0,0,0,1,0,1,0,0,3,0,0,0,1,0,1,0,0,0,0,0,4,0,1,0,0,1,0,0,0,3,1,0,0,0,1,1,0,0,0,1,4,0,0,0,1,0,0,0,0,0,0,0,0,0,0,0,0,0,0,0,1,0,0,0,0,0,0,0,0,0,0,0,0,0,0,0,0,0,0,1,0,0,0,0,0,0,0,0,1,0,0,0,0,1,1,0,0,0,0,0,0,0,0,0,0,0,0,1,1,1,0,0,0,0,0,0,0,1,0,0,1,0,0,0,0,1,1,0,0,0,0,2,1,3,3,1,1,0,0,0,0,0,0,0,0,0,1,0,0,0,0,0,0,1,0,0,0,1,0,0,0,0,1,0,0,1,5,0,0,0,0,0,0,0,0,1,0,0,0,1,1,0,0,0,0,0,1,0,0,0,0,1,0,0,1,0,1,1,0,0,0,0,1,0,0,3,0,1,0,0,0,0,0,0,0,0,0,0,0,1,0,0,0,0,1,0,0,1,0,1,0,0,0,1,0,0,0,0,0,0,2,0,2,0,0,3,0,1,1,0,0,0,1,0,0,0,0,0,0,0,1,0,0,0,0,0,0,0,0,1,1,0,0,0,0,1,2,0,0,1,0,0,0,1,3,0,0,0,1,0,1,0,0,0,0,0,0,0,0,0,0,0,0,0,0,0,1,0,2,0,0,0,0,0,0,0,9,0,2,3,0,0,0,0,0,1,0,0,0,1,0,0,0,1,2,0,1,0,1,0,0,0,0,0,0,0,0,0,0,0,0,0,0,2,0,1,0,0,0,1,0,0,0,1,0,0,0,0,0,0,0,0,1,0,0,0,0,0,0,0,1,0,0,2,1,1,0,0,0,1,0,0,1,0,0,0,0,0,1,0,1,0,0,0,0,0,0,0,0,0,2,0,0,0,0,1,0,0,0,0,0,0,0,1,0,0,0,2,0,0,3,0,0,0,0,1,1,0,0,2,0,0,0,0,0,0,0,0,0,0,0,0,0,0,3,0,0,0,0,0,0,0,1,1,5,0,1,0,0,0,1,3,0,0,0,0,0,0,0,0,1,0,1,0,1,0,0,0,0,0,0,0,1,5,0,1,0,1,0,0,0,2,0,0,0,0,1,0,0,0,3,0,0,0,1,1,0,1,0,0,1,0,0,0,0,1,1,0,0,0,1,1,0,1,0,0,0,0,0,0,1,2,0,1,0,1,1,0,0,0,0,0,0,1,0,2,0,0,1,0,0,0,0,0,1,0,0,1,0,0,0,1,0,1,0,4,0,1,1,0,0,0,0,0,0,0,0,1,0,0,0,1,0,0,0,1,0,0,1,0,1,0,0,0,0,0,0,0,0,0,0,0,0,0,0,1,1,0,0,1,1,0,0,0,0,0,0,0,1,0,1,0,0,0,0,0,1,0,0
DYNLL1,0,0,0,1,0,5,1,1,1,0,0,0,2,0,1,4,2,1,1,1,1,0,1,2,0,0,0,1,3,3,0,1,3,7,1,0,0,0,2,0,0,0,0,3,1,0,0,3,1,0,0,0,3,0,0,1,3,0,0,0,5,0,0,0,1,3,0,4,2,0,1,3,1,1,1,0,0,0,0,1,0,0,0,0,0,0,0,0,3,0,1,1,3,1,0,2,0,0,1,1,1,0,0,1,1,2,0,2,3,0,0,0,0,1,0,1,0,0,0,0,0,0,3,1,0,0,0,0,2,0,0,0,0,0,1,0,0,0,0,1,2,0,0,1,4,2,2,1,4,0,2,0,0,0,0,1,1,1,0,1,0,0,1,0,0,2,0,0,4,2,2,0,0,0,0,0,1,0,0,0,0,0,0,0,4,1,0,0,0,3,1,1,0,0,0,0,1,0,4,3,0,0,0,0,0,1,0,0,0,1,0,0,2,0,0,0,0,2,3,0,0,1,2,0,4,0,0,1,0,0,0,0,3,5,0,1,0,0,0,0,0,0,1,1,1,0,1,2,3,1,0,2,1,0,0,0,0,0,0,1,3,0,1,3,0,1,1,1,1,0,2,2,0,0,1,0,1,1,2,0,1,1,0,0,2,1,0,1,1,2,0,2,0,0,0,0,0,0,1,0,0,0,4,0,1,0,0,0,1,0,3,0,0,0,0,1,2,0,2,3,1,0,2,1,0,0,2,1,0,0,0,1,0,0,1,0,1,1,1,2,1,0,2,1,0,0,0,0,2,4,2,0,1,0,0,2,0,0,1,0,0,0,0,1,1,0,6,0,0,1,1,1,1,0,1,5,0,0,0,0,0,0,1,0,1,1,0,1,1,1,1,5,0,8,0,1,5,0,1,2,0,0,0,3,4,0,1,2,0,0,1,0,0,1,0,2,0,0,0,0,5,0,3,0,3,0,0,0,1,0,0,0,1,1,0,0,1,0,0,4,0,2,3,1,0,4,1,1,1,1,0,1,0,0,0,0,0,1,0,2,4,0,1,0,1,3,2,0,3,3,2,0,0,0,1,6,0,0,0,0,2,1,1,2,0,0,0,1,0,2,1,0,1,1,1,1,0,0,1,2,0,1,0,0,0,0,2,0,0,0,0,0,0,0,0,1,1,0,0,0,0,0,0,5,1,1,0,0,4,2,1,1,0,0,4,4,2,2,0,0,6,0,0,0,0,1,1,0,6,2,0,8,0,1,1,1,0,1,0,1,0,2,1,0,1,1,0,0,0,0,2,2,0,0,1,1,1,0,1,0,0,0,0,1,1,1,0,0,1,0,0,0,2,3,0,0,0,0,0,0,0,5,0,0,0,4,4,2,1,1,0,1,1,1,3,0,0,3,1,3,2,1,1,0,0,0,0,2,0,1,0,0,0,0,0,2,0,0,0,0,0,1,4,0,0,1,8,1,0,1,1,0,0,1,0,3,0,0,0,2,2,1,1,0,3,0,0,0,0,0,0,0,1,0,4,2,0,1,0,2,1,0,0,0,2,0,0,0,0,0,1,0,0,0,0,0,0,1,0,0,0,3,2,0,1,0,2,0,0,5,3,3,0,2,2,0,0,2,0,0,0,0,0,1,0,0,0,1,0,0,0,2,1,0,4,0,0,2,1,0,1,0,1,2,1,0,0,1,0,0,1,0,3,0,0,1,0,0,2,0,1,0,0,0,2,1,0,1,0,0,0,2,1,1,0,0,0,1,0,0,0,0,0,0,3,1,2,0,0,0,0,1,0,0,3,4,0,0,4,1,0,0,0,1,0,0,0,0,0,1,1,1,0,1,0,0,0,0,0,2,1,0,2,1,0,0,1,0,0,0,1,2,0,2,0,0,0,0,2,1,0,0,7,1,0,5,2,0,2,0,1,2,0,0,0,0,1,3,0,1,0,0,1,1,2,0,1,2,0,0,1,0,0,1,0,0,1,0,0,0,1,0,0,1,0,2,1,0,1,0,0,0,0,1,0,1,1,0,2,0,0,0,0,1,0,1,0,0,3,1,4,0,1,0,0,0,0,0,0,0,0,3,0,1,1,0,0,1,0,3,1,1,0,0,0,2,0,3,2,3,1,0,1,0,0,2,0,3,0,0,0,0,0,1,0,0,1,3,0,1,0,0,0,0,1,3,0,0,0,1,0,6,0,0,0,1,0,2,1,1,0,0,0,4,0,0,0,0,1,0,1,0,0,0,1,2,0,0,0,1,0,3,0,0,0,2,0,0,1,0,0,0,0,1,0,0,0,0,2,0,0,0,0,0,0,2,2,3,1,0,1,4,0,0,0,2,0,2,1,0,1,0,0,0,0,1,0,0,0,0,2,1,1,0,0,0,0,0,0,0,1,0,5,2,0,2,1,0,1,1,2,0,0,0,1,3,0,0,0,5,6,1,0,0,1,0,1,0,0,0,1,0,0,4,0,3,0,1,3,1,0,0,5,3,1,1,0,0,0,0,1,2,1,0,1,0,0,0,0,1,0,0,5,1,0,1,2,0,1,0,0,0,6,1,0,1,0,1,1,2,0,0,2,0,0,0,0,1,2,0,3,0,1,4,0,1,0,0,0,0,0,0,0,0,0,0,1,1,0,1,2,1,0,1,2,0,5,0,0,1,0,0,1,1,1,0,1,0,0,1,0,0,0,0,0,1,1,0,1,0,0,2,2,0,0,1,0,7,1,1,0,0,0,0,1,2,4,1,0,0,0,0,0,0,2,2,1,1,0,0,1,1,0,0,1,4,3,0,0,0,0,0,0,1,0,1,0,1,0,0,1,0,0,0,0,0,2,2,0,0,2,0,0,1,0,1,0,0,1,0,0,1,1,0,0,1,3,0,1,1,1,1,3,5,2,0,6,0,1,1,0,2,0,0,0,0,4,1,0,2,1,0,0,0,0,0,1,0,0,1,0,0,0,1,0,2,0,0,1,2,1,5,1,0,0,0,0,0,0,2,1,0,0,0,1,0,0,2,5,0,0,1,0,1,0,1,0,0,1,1,1,4,2,0,0,0,2,1,1,0,1,4,1,2,1,2,0,1,1,0,0,0,0,0,3,0,2,2,1,1,2,0,0,2,0,1,0,0,1,1,5,1,3,1,1,1,0,1,0,4,0,1,1,0,2,2,0,0,0,1,0,0,0,0,0,1,1,4,1,0,1,3,3,0,0,0,0,0,0,0,0,2,0,0,0,0,0,4,0,0,0,0,0,1,0,1,0,1,2,1,0,0,1,2,0,3,0,0,1,0,0,0,0,2,1,1,1,1,1,0,0,0,0,0,5,2,1,0,0,1,0,1,0,1,0,0,0,2,3,2,0,0,0,2,0,0,0,1,2,0,0,1,1,0,0,0,0,0,0,2,0,0,0,1,0,0,0,1,0,0,0,1,1,0,5,0,2,1,1,0,0,1,0,0,2,1
FCMR,1,1,1,0,1,0,1,2,1,1,1,0,0,0,0,1,0,0,0,0,0,2,0,0,0,0,0,0,0,3,2,0,3,0,0,1,3,0,0,2,3,0,0,1,0,1,1,0,1,0,0,1,0,0,1,0,0,0,0,0,1,1,0,0,0,1,1,0,0,0,1,0,0,0,0,0,1,0,0,0,2,1,0,0,1,1,0,0,0,1,0,0,0,0,1,0,1,0,0,6,0,0,0,3,0,0,0,0,0,0,1,1,0,0,1,0,0,0,0,0,0,0,0,2,0,0,0,0,0,1,0,0,0,0,0,1,1,1,1,0,2,1,2,0,0,0,0,0,0,1,0,0,0,0,0,0,0,0,0,0,0,0,0,0,0,0,1,0,0,0,1,0,0,0,0,0,0,1,0,0,1,0,0,2,0,0,0,1,0,0,1,0,0,0,3,0,0,2,0,3,0,0,0,0,1,0,0,1,0,0,0,0,0,0,0,0,0,0,0,0,0,0,0,1,0,1,2,0,1,0,2,0,0,0,0,0,0,1,0,0,0,0,0,0,0,0,0,1,0,0,0,0,1,0,0,0,0,0,1,0,0,1,0,0,0,1,1,0,0,0,0,0,0,0,1,0,1,0,0,2,1,0,0,1,0,1,1,1,0,1,0,0,0,0,0,2,0,1,0,1,1,0,0,0,1,1,0,0,0,0,2,0,2,0,0,0,0,1,1,0,0,0,0,0,0,0,0,0,0,0,1,0,0,0,0,0,3,0,0,0,0,1,0,0,1,0,1,0,0,0,0,0,0,0,0,0,1,2,0,0,0,1,2,0,0,0,0,0,0,0,0,0,0,1,1,0,0,0,0,0,0,0,1,0,0,0,0,2,0,0,0,0,0,0,1,0,0,0,0,1,0,0,1,0,0,0,1,0,1,1,1,0,0,0,1,0,1,0,1,0,0,0,1,0,0,1,0,0,0,0,1,2,0,0,0,0,1,0,1,0,1,0,0,0,0,0,0,0,0,1,0,0,0,0,0,2,0,1,0,0,0,0,0,1,0,0,2,0,1,0,0,0,0,1,0,0,0,0,1,0,0,4,0,0,0,1,0,2,2,0,0,2,0,1,2,0,1,0,2,1,0,0,0,0,0,1,0,0,0,0,0,0,0,0,1,0,0,0,1,0,0,0,0,0,0,0,0,0,0,0,0,1,0,1,0,0,1,0,1,0,0,0,0,0,1,0,0,0,0,0,0,3,0,0,0,0,0,1,0,0,1,1,1,1,0,1,0,0,2,2,1,0,2,0,0,0,0,2,0,1,0,1,1,0,0,1,0,0,1,0,0,0,0,0,0,1,0,1,1,1,0,0,0,1,0,0,0,0,2,1,0,1,0,0,0,2,0,0,0,0,0,1,1,0,1,1,1,0,1,0,0,3,0,0,0,0,1,0,1,1,0,0,1,0,1,0,0,1,0,0,0,1,0,0,1,0,1,0,2,0,0,1,1,0,0,0,0,0,0,2,0,0,0,0,1,0,0,0,1,0,0,0,0,0,0,0,0,0,0,0,1,0,1,0,1,1,1,0,1,0,0,0,0,0,1,0,0,0,0,0,0,0,0,0,0,0,0,2,0,1,0,0,0,0,1,1,1,1,1,0,0,0,1,0,0,0,0,0,0,1,0,0,0,0,0,0,0,3,1,0,0,1,0,0,4,0,1,1,0,0,0,0,1,2,0,1,0,0,0,0,1,0,0,0,0,0,0,3,0,2,0,2,0,0,0,1,0,2,0,2,1,0,1,0,0,0,0,3,0,0,0,0,2,0,1,0,1,1,0,0,0,0,0,0,1,0,1,0,0,0,0,0,0,2,2,0,0,2,1,0,0,0,1,0,0,0,0,1,0,0,0,0,1,0,0,2,0,0,0,2,0,0,0,0,1,1,0,0,0,0,0,0,0,1,1,0,0,0,0,0,0,0,0,0,0,0,0,0,0,0,0,1,0,0,0,0,0,0,1,0,1,1,0,0,0,0,3,3,0,0,0,3,0,1,0,2,2,1,0,0,0,0,0,0,0,0,1,1,0,0,0,0,0,0,0,0,2,0,0,0,0,0,0,1,0,0,1,0,1,1,1,1,1,0,1,1,1,0,0,1,0,1,0,0,0,0,0,1,0,0,0,0,1,0,0,0,1,0,1,0,0,0,0,1,0,0,1,1,0,1,2,0,0,0,0,0,0,0,0,1,4,0,0,2,0,0,0,0,0,0,1,0,0,0,0,0,0,0,0,0,2,0,0,0,1,1,1,1,0,1,2,0,0,1,0,0,0,0,0,0,0,0,1,2,1,0,0,0,0,1,0,0,1,0,0,0,0,1,1,1,0,0,0,0,0,0,0,0,0,1,0,4,0,0,0,0,0,0,0,0,0,0,0,0,1,0,0,0,0,0,0,0,0,0,0,0,0,0,0,1,0,0,1,0,0,0,0,0,0,1,1,0,0,0,0,0,0,0,1,0,0,2,0,0,0,1,0,0,0,0,1,0,0,1,0,1,1,0,0,0,0,0,1,0,0,0,0,0,1,0,0,0,1,2,0,0,0,1,0,0,0,0,0,0,0,0,1,2,0,2,0,0,1,1,0,0,0,0,1,0,1,0,0,0,0,2,0,0,0,0,0,0,0,0,0,0,0,0,0,0,2,0,0,1,2,1,0,1,1,3,0,0,0,2,1,1,1,0,1,0,1,0,0,0,0,0,0,0,1,1,1,0,0,0,0,1,0,0,1,0,0,0,0,1,0,0,1,0,1,0,1,1,0,2,0,1,1,0,2,0,1,0,0,0,0,0,0,1,0,0,0,0,0,0,0,1,0,0,1,0,0,0,0,0,0,1,1,0,0,0,0,0,0,1,0,0,2,0,0,0,1,0,2,0,0,0,0,0,0,1,1,1,1,0,1,0,0,1,2,0,0,1,0,1,0,1,0,1,0,1,1,0,0,0,1,1,0,1,0,0,0,1,0,0,0,0,0,0,0,0,0,0,0,0,0,0,0,0,1,0,1,0,0,0,0,1,0,0,0,0,1,0,0,0,0,0,0,0,2,0,0,0,1,0,0,1,1,0,0,0,0,1,0,0,1,1,1,0,0,0,0,0,1,0,1,0,1,0,1,0,1,0,0,0,0,0,0,1,1,0,0,0,0,0,0,0,0,0,0,0,0,0,0,0,0,0,2,0,0,0,2,0,0,0,0,0,1,0,1,0,0,0,0,1,0,1,0,0,0,0,0,2,4,0,0,0,0,1,0,0,2,0,0,2,1,0,1,0,0,0,0,1,0,0,0,0,0,1,1,0,1,0,1,0,0,0,2,0,0,0,0,0,0,0,0,0,0,2,0,1,0,1,0,0,0,0,0,0,0,0,2,0,1,1,0,0,0,1,0,1,0,0,0,0,0,0,0,0,1,1,0,4,0,1,0,0
CHI3L2,0,0,0,3,0,0,0,0,0,0,0,0,0,0,0,0,0,0,0,0,0,0,0,0,0,1,0,0,0,0,0,0,0,0,3,1,0,0,0,0,1,0,0,0,0,0,0,0,0,0,0,0,0,0,0,0,1,0,0,0,0,0,0,0,1,0,1,0,0,0,0,0,0,0,0,0,1,0,0,0,0,0,0,0,2,0,0,0,1,0,0,0,1,0,0,0,0,0,0,0,1,0,0,0,0,0,0,1,0,0,0,0,0,1,0,0,0,0,0,0,0,0,1,0,0,0,0,0,0,0,0,0,0,0,1,0,1,0,0,0,0,0,0,0,0,1,0,0,1,1,0,0,2,0,0,0,0,0,0,0,0,0,0,0,0,0,0,0,0,0,0,0,0,0,0,0,0,0,0,0,0,0,0,0,0,0,0,0,0,0,0,0,0,0,0,0,0,0,0,0,0,0,0,0,0,2,0,1,0,0,0,0,1,0,0,0,0,0,0,0,0,0,0,0,1,0,0,0,0,0,0,0,0,0,0,0,0,0,0,0,0,0,0,1,0,0,0,0,0,0,0,0,1,0,0,0,0,0,0,0,0,0,0,0,1,0,1,0,0,0,1,0,1,0,0,0,0,0,0,0,0,0,1,0,0,0,0,0,0,0,2,0,1,0,0,1,0,0,0,1,0,0,0,0,0,0,0,0,0,0,0,0,0,0,0,0,0,0,0,1,0,4,0,0,0,0,0,0,0,0,0,0,0,0,0,0,0,0,0,0,0,0,0,0,0,0,0,1,0,0,0,1,0,0,1,0,0,0,0,0,0,0,2,0,3,0,0,2,0,0,1,0,1,1,0,0,0,0,0,0,0,0,0,0,0,0,0,0,0,0,0,0,0,0,0,0,0,0,0,0,0,0,0,0,0,0,0,0,1,0,0,0,0,0,0,1,0,0,0,0,0,0,1,0,0,0,0,0,0,0,0,0,0,0,0,0,0,0,0,0,2,0,0,0,0,0,0,1,1,0,0,0,0,0,0,0,0,0,0,0,0,0,0,0,0,0,0,0,0,0,0,0,0,0,0,0,0,0,0,0,0,0,3,0,0,0,0,0,0,0,0,0,1,0,0,0,0,0,0,0,0,0,0,0,0,0,0,0,1,0,0,1,0,0,0,0,0,0,0,0,0,0,0,0,0,0,0,0,0,0,0,0,0,0,0,0,0,0,0,0,0,0,0,2,0,1,0,0,0,0,0,0,0,0,0,0,0,0,0,1,0,0,0,0,0,1,0,0,0,0,0,0,1,0,0,0,0,0,0,0,0,1,0,0,0,0,0,0,1,0,0,1,0,0,0,0,0,0,0,0,0,0,0,0,0,0,1,1,1,1,0,0,3,0,0,0,0,0,0,0,0,0,0,0,0,1,0,0,0,0,0,0,1,3,0,0,0,0,0,1,0,0,0,0,0,0,0,0,1,0,0,0,0,0,0,0,0,0,0,0,0,0,0,0,0,0,0,0,0,1,0,0,0,1,0,0,0,0,0,1,0,0,0,0,1,0,0,0,0,0,0,0,0,0,0,0,0,0,0,0,0,1,0,0,0,0,0,0,0,0,0,0,0,0,0,1,0,0,0,0,0,0,0,0,0,0,0,0,0,1,0,0,0,0,0,0,0,0,0,1,0,0,0,0,0,0,0,0,0,0,0,0,0,1,0,0,0,0,1,0,0,0,0,0,0,0,0,0,0,0,1,1,0,0,0,0,0,0,0,0,0,1,0,0,0,1,0,0,0,0,0,0,0,0,0,0,0,0,0,0,0,0,0,0,0,1,0,0,1,0,0,0,0,0,0,0,0,0,0,1,2,0,0,0,0,0,0,0,1,0,0,1,0,0,0,0,0,2,0,0,0,0,1,0,0,0,0,0,0,0,0,0,0,0,0,0,0,0,0,0,0,0,0,0,0,0,0,0,0,0,0,0,0,0,0,0,0,0,0,0,0,0,0,0,0,0,1,0,0,0,0,0,3,0,0,2,0,1,0,0,0,0,0,0,0,2,0,0,0,0,0,0,0,0,0,0,1,0,0,0,0,0,0,0,0,0,1,0,0,0,0,0,0,0,0,0,0,0,0,0,0,0,0,0,0,0,0,0,0,0,0,0,0,0,0,0,0,0,0,0,1,0,0,0,0,0,0,0,0,0,0,0,0,0,0,0,0,0,0,1,0,0,0,0,0,0,0,0,0,0,0,0,0,1,0,0,0,0,0,1,0,0,0,0,0,0,0,0,0,0,0,0,0,0,0,0,0,1,0,0,0,3,0,0,0,0,0,0,0,0,1,0,0,0,0,0,0,0,0,0,0,0,0,0,0,1,0,0,0,0,0,0,0,0,0,0,0,0,0,0,0,0,0,0,0,0,0,0,1,0,0,0,4,0,0,0,0,0,0,0,0,0,0,0,1,0,0,0,4,0,0,0,0,0,0,0,0,0,0,0,0,0,0,0,0,0,0,0,0,0,0,0,0,0,0,1,0,0,0,0,0,0,0,0,0,0,0,0,0,0,0,0,0,0,2,0,0,1,0,1,0,0,0,3,0,0,0,0,0,0,0,0,0,0,0,0,0,0,0,0,0,0,0,0,0,0,0,0,0,0,0,0,0,1,0,3,0,0,1,0,0,1,0,0,0,0,0,0,0,0,0,0,0,0,0,0,0,1,0,0,0,0,0,1,0,0,0,0,0,0,0,0,1,0,0,3,0,0,0,0,0,0,0,0,0,0,0,0,0,0,0,0,0,0,0,0,1,0,0,0,0,0,0,0,0,1,1,0,0,0,0,0,0,0,0,0,0,0,0,0,0,0,0,0,0,1,0,3,0,0,0,0,0,0,0,0,1,0,0,0,0,0,0,0,0,0,1,0,0,0,0,0,0,0,0,0,0,0,0,0,0,0,0,0,1,0,0,0,0,0,0,0,0,1,0,0,0,0,2,0,0,0,0,0,0,0,0,0,0,0,0,0,0,0,0,1,0,3,0,0,0,0,0,1,0,0,0,0,0,0,0,1,0,0,0,1,0,3,0,0,0,0,0,2,0,0,0,0,2,0,0,0,0,1,0,0,0,0,0,0,0,0,0,0,1,1,0,0,0,0,0,0,0,0,0,0,0,1,0,0,0,0,1,0,0,0,0,0,0,0,0,0,0,0,0,0,0,0,0,0,0,2,0,0,0,0,0,0,0,0,0,2,0,0,1,0,0,0,0,0,0,0,0,0,0,0,0,0,0,0,0,0,1,0,0,0,0,0,0,0,0,1,0,0,0,1,0,0,1,0,0,0,0,0,0,0,0,0,0,0,0,0,0,0,0,0,0,0,0,0,0,0,0,0,0,0,0,0,0,0,0,0,0,0,0,0,0,0,0,0,0,0,0,0,0,0,0,0,0,0,0,0,0,0,0,0,0,0,0,0,0,0,0,0,0,0
MGST1,0,0,0,0,0,0,3,0,0,0,0,0,1,0,0,0,0,0,0,0,0,0,0,1,0,0,0,0,0,0,0,0,0,1,0,0,0,0,0,0,0,0,2,0,0,0,0,1,0,0,0,0,2,0,0,2,0,0,0,0,1,0,0,2,0,0,0,0,0,0,0,0,0,3,0,0,0,1,0,0,0,0,0,0,0,0,0,0,0,0,1,0,0,0,0,3,0,0,1,0,0,0,0,0,0,0,0,0,0,0,0,0,0,0,0,0,0,0,1,0,0,0,0,0,0,0,0,0,2,0,0,0,0,0,0,0,0,0,1,0,0,0,0,0,0,0,0,0,0,0,1,1,0,0,0,0,0,0,0,1,0,0,1,1,0,0,0,0,1,4,0,0,0,0,1,0,0,0,2,0,0,0,0,0,0,0,0,0,0,0,0,0,0,0,0,0,0,0,0,0,0,1,0,0,0,0,0,0,0,0,0,0,0,0,0,0,0,0,0,3,0,0,0,0,0,0,0,1,0,0,0,0,0,0,0,0,0,0,0,0,0,0,0,1,0,0,0,0,2,1,0,1,0,0,0,0,0,0,0,0,0,0,0,2,0,0,0,0,0,0,0,3,0,0,0,0,0,2,1,0,2,0,0,0,0,0,0,0,0,0,0,0,0,0,0,0,0,0,0,0,0,0,0,0,1,0,0,2,0,0,0,0,0,0,0,0,0,0,0,0,0,0,1,0,0,0,0,0,0,0,0,0,0,0,0,0,0,0,0,1,2,0,1,0,0,0,0,2,0,0,1,0,0,0,0,0,0,0,0,0,0,0,0,1,0,0,2,0,0,0,0,0,0,0,0,2,0,0,0,1,2,0,1,0,0,0,0,0,0,0,0,0,0,0,0,0,0,0,0,0,2,0,0,0,0,0,0,0,0,0,0,0,1,0,0,2,0,0,0,0,0,0,0,0,0,0,0,0,0,0,0,0,0,0,1,0,0,0,0,3,0,0,0,0,0,1,0,0,0,0,0,0,1,0,1,0,0,1,0,0,0,0,0,0,1,0,0,0,0,0,1,0,0,0,0,1,1,0,0,0,1,0,0,0,2,0,0,0,0,3,0,0,0,0,0,1,0,0,0,0,1,0,0,0,0,0,0,2,0,0,0,0,0,0,0,0,0,0,0,1,0,0,0,2,0,0,0,0,0,0,1,0,0,0,1,0,0,0,0,0,1,0,0,0,0,0,2,0,0,0,0,0,0,0,0,0,0,0,0,0,0,0,0,0,0,0,0,0,0,0,0,0,0,0,0,1,0,0,2,0,0,0,0,2,0,0,0,0,0,1,0,0,0,0,0,0,0,0,0,0,0,3,0,0,0,0,3,0,0,0,1,0,0,0,0,0,0,0,2,1,0,0,0,0,0,0,0,0,0,0,0,0,0,0,1,0,0,0,0,0,0,0,0,0,0,0,0,0,0,0,0,0,0,0,0,0,0,0,0,0,2,0,0,0,0,0,1,0,0,0,0,0,3,0,0,0,1,0,0,0,0,2,0,0,1,0,0,0,1,0,0,0,0,0,0,0,0,0,0,0,0,0,0,0,0,0,0,0,0,2,0,0,0,0,0,0,0,0,0,0,0,0,0,0,0,0,0,0,0,0,0,0,0,0,0,0,0,0,0,0,0,0,0,0,0,0,0,0,0,0,0,0,0,0,0,0,0,0,0,0,0,0,0,0,0,0,0,0,0,0,0,0,0,0,0,0,1,0,0,0,0,0,0,0,0,0,0,0,0,0,0,0,0,0,3,0,0,0,0,0,0,0,0,0,0,0,0,0,0,0,0,2,0,0,0,0,1,0,0,0,0,0,3,0,0,0,0,0,0,0,0,0,0,1,0,0,0,0,1,0,0,0,0,0,0,0,0,0,0,0,0,1,0,0,0,0,0,5,0,0,0,0,0,0,0,0,0,0,0,0,0,0,0,0,0,0,0,0,0,0,0,0,0,0,1,0,0,0,0,0,0,0,0,0,0,0,0,0,0,0,0,0,0,0,0,0,0,0,0,0,1,0,0,0,2,0,0,0,0,0,0,0,1,0,0,0,0,0,1,0,0,0,0,0,0,0,0,0,0,0,0,0,0,0,0,0,0,0,0,0,1,0,0,0,0,0,0,0,0,0,0,0,1,0,1,3,0,0,0,1,0,3,0,0,0,0,0,0,0,0,0,0,0,2,0,0,0,0,0,0,0,0,0,0,0,0,0,0,0,0,0,0,0,0,0,0,0,0,0,0,0,0,2,0,0,0,0,0,1,0,0,0,0,0,0,0,0,2,0,0,0,0,0,0,0,0,0,0,0,0,0,0,0,0,0,0,0,0,0,0,0,3,0,0,0,0,1,0,0,0,0,0,0,0,0,1,0,0,0,0,0,0,0,0,0,0,0,1,2,3,2,0,0,0,0,0,1,0,0,0,1,0,0,0,0,0,0,0,0,0,0,0,0,2,0,0,0,0,0,0,0,0,0,0,0,0,0,0,0,0,0,0,4,0,0,0,0,0,0,0,0,0,0,0,0,0,0,0,0,0,0,0,0,0,0,0,0,0,0,0,0,0,0,1,0,0,0,0,0,0,0,0,0,0,0,0,0,0,0,0,0,0,0,0,0,0,1,0,0,0,0,0,0,0,0,0,0,0,0,1,0,0,0,0,0,0,1,0,0,0,0,0,0,0,0,0,0,0,0,2,0,0,0,0,0,0,0,0,0,0,0,1,0,0,0,0,0,3,0,0,0,0,0,0,0,0,2,0,0,0,0,0,0,0,0,0,0,0,0,0,0,0,0,1,0,0,0,0,0,0,0,0,1,1,0,0,1,0,0,0,0,0,0,0,0,0,2,1,0,3,0,0,1,0,0,1,0,0,0,0,0,0,0,0,0,0,0,0,0,0,1,0,0,0,0,0,0,0,0,0,0,0,0,0,0,0,0,0,0,0,0,2,0,0,0,0,0,0,0,3,0,0,0,0,0,0,0,0,0,0,0,0,0,0,0,0,0,0,0,0,0,0,0,0,0,0,0,0,1,0,0,0,0,2,0,0,0,0,0,0,0,0,0,0,1,0,1,0,0,1,0,0,0,0,0,0,0,0,0,1,0,0,0,0,0,1,0,2,0,0,0,1,0,0,0,1,1,0,0,0,0,0,0,0,0,0,0,0,0,0,0,0,0,0,0,0,0,0,0,0,0,0,0,0,0,0,0,0,0,1,0,0,0,0,0,0,0,0,0,0,0,0,0,0,0,0,0,0,0,0,0,0,0,0,0,0,0,0,0,0,0,0,0,2,0,0,0,0,0,4,0,0,0,0,0,0,0,0,0,0,0,0,0,3,0,0,0,0,1,0,0,1,0,0,0,0,0,0,0,2,0,0,0,0,0,0,0,0,0,0,0,0,2,0,2,0,2,0,0,0,0,0,0,0,0,0
PMAIP1,0,0,0,0,0,1,1,0,0,0,0,0,0,0,0,0,0,0,0,0,0,0,0,1,0,4,0,0,1,0,0,0,0,0,0,0,0,0,0,2,0,0,1,0,0,0,2,2,0,0,0,0,1,0,0,0,0,0,0,1,1,1,0,1,0,2,1,0,0,0,0,1,0,0,2,0,0,0,0,0,0,0,0,0,0,0,0,2,1,0,1,0,0,0,0,0,0,0,0,2,1,0,2,0,0,0,0,1,0,0,3,0,0,0,0,0,0,0,0,0,0,0,15,0,0,0,1,2,0,0,0,0,0,0,0,0,1,0,0,0,0,0,0,0,1,0,1,0,0,0,0,0,1,0,0,0,0,0,0,0,0,0,1,1,2,2,0,0,0,1,0,0,0,0,0,0,0,0,1,0,0,0,2,0,1,0,0,0,3,1,1,1,0,0,0,0,0,0,0,0,0,1,1,0,0,0,0,0,0,0,0,2,0,0,0,0,0,0,0,0,0,0,0,0,0,0,0,1,1,0,0,0,0,0,1,0,1,0,0,0,0,0,2,0,0,0,0,0,0,0,0,0,0,1,0,0,1,0,0,1,0,0,0,0,0,1,0,0,0,0,1,0,0,0,0,0,0,2,0,0,1,0,0,0,0,0,0,0,0,0,0,0,0,0,0,0,0,0,0,0,0,1,0,0,0,0,0,0,0,0,0,2,0,1,0,0,0,0,0,0,0,0,0,0,0,0,1,3,0,0,0,0,0,0,2,0,3,0,0,0,0,0,0,0,0,0,0,0,0,2,0,0,1,0,0,0,0,0,2,1,1,0,0,0,1,0,1,0,0,0,0,0,0,0,0,0,0,0,0,0,2,0,1,1,0,0,0,0,0,1,0,0,0,1,0,0,0,0,0,0,0,0,0,0,0,0,1,0,0,0,0,0,0,0,0,2,0,0,0,0,2,0,0,2,7,0,0,0,1,0,1,0,0,0,1,0,2,1,0,0,0,0,2,0,1,3,0,0,0,0,1,0,0,0,0,0,1,1,0,1,1,0,0,0,0,0,0,0,0,0,0,0,0,0,0,1,0,2,0,0,0,1,1,0,3,1,0,0,0,2,1,0,0,0,0,1,0,0,2,0,0,0,1,0,0,0,0,1,0,0,0,0,0,0,0,0,0,0,0,0,0,0,0,0,1,1,0,0,2,0,1,1,0,1,0,2,0,2,0,0,1,0,0,0,0,1,0,0,2,0,0,2,0,0,0,4,1,0,0,0,0,0,0,0,0,0,0,0,0,1,0,0,0,0,0,0,0,0,0,0,0,0,0,0,0,0,0,0,0,0,1,0,0,0,0,0,0,0,0,0,1,1,0,0,0,7,0,0,0,0,0,0,0,0,0,0,0,1,0,0,0,0,1,0,0,0,0,0,1,0,0,1,1,2,0,0,0,0,0,1,0,0,0,0,0,0,0,0,0,0,0,0,0,0,0,0,0,0,2,2,0,0,0,1,0,1,0,0,0,1,0,1,0,1,0,1,0,0,0,0,0,1,0,0,1,0,1,0,0,0,0,0,1,0,0,0,0,0,0,1,0,0,0,0,1,0,0,0,0,1,0,1,0,0,0,0,0,2,0,0,0,0,0,2,1,1,1,0,0,1,0,0,0,0,0,1,0,0,1,1,2,0,0,0,0,1,0,3,0,0,0,0,0,0,0,0,0,0,0,0,0,0,1,0,0,0,0,0,0,0,0,1,0,0,0,0,0,0,0,0,2,0,0,0,0,0,0,0,0,0,0,0,0,0,1,1,1,0,1,1,0,0,1,0,2,0,0,0,1,1,0,0,0,1,0,0,0,1,0,0,0,0,0,0,0,0,0,2,0,0,0,2,0,0,0,0,1,0,0,0,0,0,0,0,0,2,0,0,0,0,0,1,0,0,2,0,0,0,0,3,0,0,0,0,0,0,0,0,0,0,1,1,2,1,0,0,0,0,0,0,0,0,0,1,0,0,1,0,1,0,0,0,2,1,0,0,2,0,0,0,0,0,0,0,0,0,1,0,2,0,0,0,0,0,1,0,0,0,0,1,0,2,1,1,0,2,0,0,0,0,1,0,1,1,1,0,0,1,0,1,0,0,0,0,0,0,0,0,0,0,0,0,0,0,0,0,1,0,0,0,5,0,0,2,1,0,0,0,0,0,0,1,0,0,0,1,0,0,1,0,0,0,0,1,0,1,1,0,0,0,0,0,0,2,0,0,0,0,0,0,0,0,2,0,0,0,1,0,0,2,0,0,0,1,0,0,1,1,0,0,0,0,0,0,0,0,0,0,1,0,9,4,1,0,0,0,0,0,0,0,0,0,0,0,0,0,0,0,0,0,1,0,0,0,0,0,0,0,0,0,0,0,1,1,0,3,1,1,0,0,0,0,0,0,0,0,0,0,0,0,0,1,0,0,0,0,0,0,1,0,0,0,0,0,0,1,0,0,0,0,2,0,0,0,3,0,1,0,0,0,0,0,0,0,0,0,0,0,1,2,0,0,0,0,0,0,0,0,1,0,0,0,3,0,0,0,0,0,0,0,0,0,0,0,1,1,0,0,0,1,0,0,2,2,0,0,0,1,0,0,0,0,0,0,0,0,0,0,1,0,0,0,0,0,0,0,0,0,1,1,0,0,5,0,0,0,0,1,0,0,0,0,0,0,0,0,1,0,0,0,0,0,0,0,1,0,0,0,0,2,0,0,0,1,0,0,1,0,0,0,0,4,0,0,0,0,0,3,0,0,3,4,0,0,0,0,2,0,0,0,0,0,0,0,0,0,0,0,0,0,0,0,0,0,0,0,0,0,0,0,0,0,2,1,3,0,0,2,0,0,0,0,0,1,0,0,2,1,2,0,4,0,1,1,0,0,0,0,0,0,0,1,0,0,0,1,1,0,0,0,0,0,1,1,1,0,0,0,0,0,0,0,0,0,0,0,1,0,0,0,0,0,1,0,0,0,0,0,0,1,0,0,1,0,0,0,0,1,5,0,0,1,0,0,0,0,0,0,0,1,0,0,0,0,1,0,0,1,0,0,0,0,0,1,1,1,0,1,0,0,0,0,0,0,4,0,1,0,1,0,2,1,2,0,0,0,2,0,0,1,0,0,0,0,0,0,0,1,1,1,0,0,0,0,0,0,0,0,0,2,0,1,0,0,1,2,0,1,0,0,0,0,2,3,0,0,0,0,0,0,0,0,0,0,0,0,0,1,0,0,0,0,1,0,0,0,0,0,0,1,0,0,0,0,0,0,0,0,0,1,0,0,0,0,0,1,1,0,1,0,0,1,2,3,4,0,0,1,1,0,0,0,0,0,0,0,0,0,0,0,0,0,0,0,0,0,0,1,0,0,0,0,0,0,0,0,0,0,2,2,0,0,0,0,0,0,0,0,0,0,0,0,1,0,0,1,0,0,2,1,0,0,1,0,0,0
ELOB,1,3,2,1,0,1,3,1,1,1,4,1,1,1,2,2,2,2,3,1,0,1,8,3,0,1,1,0,2,0,1,0,0,2,1,1,0,1,2,2,0,2,2,1,1,1,0,5,1,2,1,0,1,3,2,0,1,2,0,4,3,1,2,4,0,1,3,0,3,3,2,1,2,1,1,0,2,3,2,3,2,0,0,1,1,0,0,3,2,0,2,0,0,9,2,2,1,2,3,5,1,2,2,0,0,1,1,2,2,2,3,3,1,1,0,4,1,1,4,1,0,1,6,0,2,0,2,0,8,0,0,1,1,1,0,2,0,1,1,0,1,1,1,2,3,3,4,2,1,2,8,1,0,2,2,1,2,1,0,1,1,2,2,5,0,2,2,1,8,4,2,1,2,3,5,0,2,0,2,2,1,1,0,0,1,0,0,1,8,3,3,0,1,0,0,0,1,2,0,0,1,2,5,1,3,2,0,2,0,1,0,1,0,1,3,0,0,2,4,5,0,1,2,0,1,3,1,3,0,1,1,1,2,3,5,0,0,2,0,2,1,2,0,0,2,0,1,1,8,3,1,6,0,3,2,1,1,1,1,2,4,1,0,8,0,1,3,0,0,0,2,8,3,1,2,1,2,1,8,1,4,3,1,0,2,2,1,0,3,2,0,1,4,0,1,0,0,1,6,1,1,1,1,3,2,1,2,2,2,3,0,1,1,1,1,0,1,2,1,0,2,1,4,1,0,1,1,3,2,0,1,3,1,0,4,1,0,1,4,1,3,1,2,2,0,1,1,0,1,7,6,1,2,0,0,0,0,2,1,1,3,0,2,2,1,2,10,1,2,0,2,1,1,1,1,5,2,2,1,2,4,0,5,1,0,2,1,1,1,1,4,13,0,11,0,2,2,1,4,5,3,1,2,0,1,0,1,0,5,1,1,3,6,1,0,7,0,2,0,3,3,0,6,0,5,0,0,1,1,0,0,0,2,2,8,0,1,0,2,6,1,4,5,0,2,3,4,0,1,2,1,3,1,3,2,2,2,4,4,2,2,2,2,1,5,1,1,2,7,1,6,0,1,0,2,3,2,2,2,1,6,3,1,3,3,3,3,1,1,4,1,0,0,1,0,1,1,1,0,4,4,3,0,1,0,3,2,3,1,1,3,0,0,1,1,2,2,0,0,4,1,2,1,4,4,2,1,2,7,3,1,1,0,0,2,7,2,5,1,2,4,5,1,0,0,1,3,2,4,4,2,2,0,3,1,4,0,10,2,0,0,1,1,2,1,0,0,2,0,2,1,1,1,1,1,1,1,1,6,0,0,3,1,2,0,2,0,1,1,1,0,0,2,6,1,1,1,0,0,1,1,1,3,7,0,5,4,2,0,3,0,1,4,1,2,0,2,4,2,2,0,1,1,0,1,1,1,3,2,1,1,0,2,4,2,1,2,2,0,2,2,1,0,0,0,0,8,2,0,3,2,1,1,3,0,1,0,0,1,6,7,0,1,2,2,0,4,0,0,1,1,2,6,2,3,1,1,8,2,1,1,3,1,0,2,2,0,1,4,1,3,0,2,0,1,0,0,0,1,4,0,0,1,1,0,4,1,2,2,3,1,2,1,2,4,2,0,0,0,1,1,1,1,2,1,2,0,2,0,0,1,2,1,2,2,0,4,1,0,1,0,0,0,2,1,2,1,0,1,0,5,1,0,2,1,2,3,1,2,2,0,2,0,1,1,0,2,0,1,2,2,1,0,2,1,2,5,0,5,2,2,0,2,3,4,1,1,1,3,1,2,1,1,2,10,2,3,0,1,0,0,0,1,1,1,0,1,0,0,0,1,2,0,3,2,2,1,0,0,3,0,0,5,1,0,1,0,1,2,3,0,0,0,5,0,2,0,0,7,1,3,3,1,1,3,1,1,3,1,2,0,3,3,1,0,0,4,3,0,0,0,0,1,0,1,0,2,3,2,0,0,4,2,1,1,1,4,2,2,1,1,0,5,4,2,0,3,1,0,0,0,1,4,2,2,2,1,0,2,0,3,1,3,0,2,0,0,1,5,7,5,1,0,1,3,1,0,0,2,3,1,5,4,0,1,0,0,2,4,3,7,2,1,0,0,1,1,3,2,2,1,0,0,1,2,2,2,3,1,1,3,1,5,2,1,0,0,0,0,5,2,0,0,1,2,6,0,0,3,2,0,4,2,2,0,1,0,1,3,0,4,0,1,4,2,1,0,0,1,0,0,0,1,1,1,2,0,2,0,1,0,3,1,1,2,2,1,1,3,2,2,1,3,2,0,1,0,1,1,1,0,0,1,3,0,2,3,3,1,2,4,5,1,0,1,3,0,4,4,1,2,0,2,2,1,0,1,1,1,1,1,1,1,2,2,0,3,1,2,2,2,2,3,11,1,2,3,4,0,1,2,0,1,5,3,1,2,0,3,3,0,1,0,2,3,1,1,0,2,0,5,2,2,2,2,1,1,4,1,0,2,4,8,3,4,1,3,0,0,0,3,0,2,3,1,0,0,2,3,3,1,2,6,0,1,0,4,0,5,2,1,0,2,0,6,2,0,2,0,0,0,1,2,0,0,0,1,0,9,0,3,0,0,6,2,1,2,0,1,0,0,1,2,0,1,1,0,2,1,2,1,0,0,2,2,0,4,1,0,5,1,1,3,2,0,3,2,0,2,3,1,0,0,0,2,1,1,3,1,1,1,1,1,3,1,2,1,3,2,5,1,0,2,6,2,1,7,2,0,0,0,4,2,0,1,1,7,6,3,0,4,4,1,0,1,3,3,1,2,0,1,0,2,1,0,0,0,2,0,2,10,0,0,4,1,0,6,0,1,0,2,1,2,6,2,1,3,4,0,1,2,1,2,1,0,1,3,2,1,6,4,1,5,5,1,6,1,1,0,3,1,1,0,0,3,2,1,2,0,0,10,1,1,4,0,2,2,2,0,3,0,1,1,2,1,1,1,1,0,0,1,1,1,5,1,1,0,2,1,3,1,2,1,0,1,1,2,3,10,1,0,0,2,2,0,1,1,4,2,3,1,1,1,1,1,0,1,1,3,1,1,6,0,4,3,5,2,4,0,0,0,5,0,2,5,0,5,0,0,4,2,1,1,2,0,1,0,1,0,2,13,2,0,2,1,0,1,6,1,3,2,3,3,3,2,3,1,2,0,0,2,2,0,0,9,0,0,3,0,1,1,0,4,8,0,1,0,1,1,0,0,2,1,0,1,1,1,1,1,1,3,1,0,0,0,1,1,0,1,3,0,0,4,1,1,4,2,1,0,1,0,2,5,0,0,3,4,7,1,2,3,0,0,3,6,0,2,1,2,7,1,1,2,2,0,1,0,5,4,2,0,1,2,6,2,0,2,2,2,1,0,10,1,2,2,2,2,0,0,4,1,2,1,1,1,3,0,3,0,0,0,0,5,0,1,1,3,3,3,2,1,1,2,0,1,0
PYHIN1,0,0,0,1,0,0,0,0,0,0,0,2,0,0,0,2,0,1,0,0,0,0,0,0,0,4,0,0,1,0,0,0,0,0,1,1,0,0,0,0,0,0,0,0,0,0,0,0,0,0,0,0,0,1,0,0,0,0,0,1,0,0,0,0,1,1,0,0,0,0,0,0,0,0,0,0,0,0,0,0,0,0,0,0,0,1,0,0,0,0,0,0,0,0,0,1,0,0,0,2,0,1,0,0,0,0,0,1,0,0,0,0,0,0,0,0,0,0,0,0,0,0,0,0,0,0,0,0,0,0,0,0,0,0,0,0,0,0,0,0,0,0,0,0,0,1,0,0,1,0,0,1,3,0,0,0,0,0,0,0,0,0,0,0,1,0,0,0,0,0,0,2,0,0,0,0,0,0,0,0,0,0,0,0,0,0,0,0,0,0,0,0,1,0,0,0,0,1,0,0,0,1,0,0,0,0,0,2,0,0,1,0,1,0,0,2,0,0,0,1,0,0,0,0,1,0,0,0,0,0,0,0,0,0,0,0,1,0,2,0,0,0,0,0,0,0,0,0,0,0,0,0,0,0,0,0,0,1,0,0,0,0,1,0,0,0,0,0,0,0,1,0,0,0,0,1,0,0,0,0,0,0,0,2,0,0,0,0,0,0,0,1,0,0,0,0,0,0,0,1,0,1,0,0,0,0,0,0,0,0,0,0,0,1,0,0,0,1,0,0,0,1,0,0,0,0,0,0,0,0,0,0,0,0,0,0,1,0,0,0,0,1,0,1,0,1,0,0,0,0,0,1,1,1,1,0,0,0,0,0,2,0,0,0,2,1,0,0,1,0,0,0,3,0,0,0,0,5,0,0,0,0,0,0,0,0,0,1,0,1,0,0,0,0,0,0,1,0,2,0,0,0,1,1,0,0,0,0,1,2,0,0,0,0,0,0,0,0,0,0,0,0,0,1,0,0,0,0,1,0,0,0,0,1,0,0,0,0,0,0,0,0,0,0,0,0,2,1,0,0,1,0,0,1,0,0,0,0,0,0,0,0,1,0,0,0,0,0,0,0,0,0,1,0,0,0,0,3,0,0,0,0,0,1,0,0,0,0,0,0,0,0,0,0,0,0,0,0,0,2,0,0,0,1,0,0,0,0,1,0,0,1,0,0,0,0,1,0,0,0,0,0,0,0,0,0,0,0,0,0,0,0,2,0,0,0,1,0,0,0,0,0,0,2,0,0,0,1,0,0,0,0,0,0,0,0,0,0,0,1,0,0,0,1,0,0,2,0,1,0,0,0,0,0,0,0,0,0,0,0,0,0,0,0,0,0,0,0,0,0,0,0,1,0,0,0,0,0,0,0,0,0,0,2,0,0,0,0,0,0,0,0,5,0,1,0,0,1,0,0,1,0,0,0,0,1,2,0,0,0,0,0,1,1,0,0,0,0,2,0,0,0,1,0,1,0,0,0,0,0,1,0,0,0,0,0,0,0,0,0,0,0,0,0,0,0,0,0,0,0,0,0,0,1,1,0,0,0,0,1,1,0,0,0,0,0,1,0,0,1,1,0,0,0,0,0,1,0,0,0,0,0,0,2,0,0,0,0,0,0,1,1,0,0,0,0,0,0,0,0,0,0,1,1,0,0,0,0,0,1,0,0,0,1,0,0,0,0,1,0,0,0,1,0,0,1,0,1,1,0,0,0,0,0,0,0,0,0,0,0,0,0,0,0,0,0,0,0,0,0,0,0,0,0,0,0,0,0,0,0,0,0,1,1,0,0,0,0,0,0,0,0,0,0,0,0,0,0,0,0,0,0,0,0,0,0,2,0,0,0,0,0,0,0,0,0,0,0,0,1,1,0,0,0,0,0,0,0,0,0,0,1,0,0,0,0,0,0,0,0,0,0,0,2,0,0,1,0,1,0,0,0,0,0,0,0,0,0,0,0,0,0,1,0,0,0,0,0,0,0,0,0,0,0,0,0,1,0,0,0,0,0,0,0,0,0,0,0,0,0,1,0,1,0,0,2,0,0,0,0,0,0,0,0,0,0,0,0,0,0,0,0,0,1,0,2,0,0,0,0,0,0,0,0,0,0,0,0,0,0,0,0,0,0,0,1,0,0,0,0,0,0,1,0,0,0,2,0,1,2,0,0,0,0,0,0,0,0,0,0,1,0,0,1,0,0,0,0,0,0,0,1,0,0,0,0,0,0,0,0,0,1,0,0,0,1,0,0,0,1,0,0,0,1,0,0,0,0,0,0,0,0,1,0,0,0,0,0,0,0,0,0,0,0,0,0,0,0,0,0,0,0,0,0,0,1,0,0,0,0,0,0,0,0,0,0,0,0,0,1,0,0,2,0,0,0,0,0,0,0,0,0,0,2,0,0,0,0,0,0,0,0,0,0,0,0,0,0,0,0,0,0,1,0,1,0,0,0,0,0,0,0,0,0,1,1,0,0,0,0,0,0,0,0,0,0,0,0,0,0,0,0,0,0,0,0,0,0,0,0,0,0,0,0,0,0,0,2,1,1,0,0,0,0,0,0,2,0,0,0,0,0,3,2,1,1,0,0,0,0,0,0,0,2,0,0,0,0,0,1,0,0,0,0,0,0,0,0,2,0,0,0,0,0,0,0,0,1,0,0,0,0,0,0,0,2,0,0,0,0,0,0,0,1,0,0,2,0,0,0,0,2,0,0,0,0,0,0,0,0,0,0,1,0,0,0,0,0,0,0,0,0,2,0,0,0,0,0,0,1,0,0,0,0,0,0,0,0,0,0,0,0,0,0,0,0,0,1,0,0,2,0,0,0,0,0,0,0,0,0,0,0,0,0,0,0,0,0,0,0,0,0,0,0,0,0,0,1,0,0,1,0,0,1,0,0,0,1,0,0,0,0,0,1,0,0,3,0,0,0,0,0,2,0,0,0,0,1,0,0,0,0,0,0,0,0,0,1,0,0,0,0,0,2,0,0,0,0,1,0,0,0,0,0,0,0,0,0,0,0,0,1,0,0,0,0,0,1,0,0,0,3,0,0,0,0,1,0,0,0,0,1,0,0,0,0,0,2,0,0,0,0,0,0,0,0,0,0,0,0,0,1,0,0,0,1,1,0,0,0,5,0,0,0,0,0,0,0,0,0,0,1,0,0,0,0,0,0,0,0,1,0,1,0,1,0,1,0,0,0,0,0,0,0,0,0,0,0,0,0,0,0,1,0,0,0,0,0,0,0,0,0,0,0,0,0,0,0,0,0,1,1,0,0,0,0,1,0,0,0,0,0,0,0,0,0,0,0,0,1,0,0,0,0,0,2,0,0,0,0,0,0,0,0,0,0,1,0,0,0,0,0,1,0,0,0,0,0,0,0,0,0,0,0,0,0,1,1,0,0,0,0,0,1,0,0,0,0,1,0,0,0,0,0,0,1,0,0,0,0,2,0,0,0,0,0,0,0,0,0,0,0,0,0,0,0
TRAT1,0,0,1,0,0,0,0,1,0,0,1,0,0,2,0,1,1,0,0,0,0,0,0,0,1,0,0,0,1,0,0,0,0,0,0,0,0,0,0,0,1,0,0,2,0,0,0,0,0,0,0,0,0,0,0,0,0,0,0,0,0,0,0,0,1,0,1,0,0,1,0,0,0,0,0,0,0,0,0,0,0,1,0,0,0,1,0,0,0,1,0,2,1,0,1,0,0,0,0,0,0,0,0,0,0,0,0,0,0,0,0,0,0,1,0,0,0,1,0,0,0,0,0,0,0,0,3,0,0,0,0,0,0,0,0,1,0,0,0,1,0,0,0,0,0,0,0,0,1,0,0,0,0,0,0,2,0,1,0,0,1,0,0,0,0,2,0,1,0,0,2,0,2,1,0,1,0,0,0,0,0,0,0,0,0,0,2,0,0,0,0,0,0,0,0,0,0,0,0,0,0,1,0,0,1,0,0,0,0,1,0,1,0,0,0,0,0,0,0,0,0,0,0,0,1,0,0,0,0,0,0,0,0,0,0,0,1,1,1,0,0,0,0,0,0,0,0,0,0,0,1,0,0,0,0,0,1,0,0,0,1,0,0,0,3,1,0,0,0,0,0,0,0,0,0,0,0,0,0,0,0,0,0,1,0,0,0,0,1,1,0,1,0,0,1,0,0,0,0,0,0,0,0,1,0,0,0,0,0,1,0,0,0,2,0,0,1,0,0,1,0,0,0,1,0,0,0,0,0,1,1,0,2,0,0,0,0,0,2,0,0,1,0,0,0,0,2,0,1,0,0,1,1,1,0,0,0,0,0,0,0,0,0,0,0,1,0,0,0,1,1,0,0,0,0,0,1,0,0,0,0,0,0,1,0,0,0,0,1,0,0,0,0,0,1,0,0,4,0,0,0,0,0,2,0,1,0,0,1,0,3,1,0,0,0,0,0,0,1,0,0,1,2,0,0,0,2,0,0,1,0,0,0,0,0,0,0,0,0,0,0,0,0,0,0,0,0,1,0,0,0,0,0,0,0,0,3,1,0,0,0,0,0,0,0,0,0,0,0,0,0,0,0,0,2,0,0,0,0,1,0,0,0,0,0,0,1,1,0,0,0,0,0,0,0,0,0,0,0,0,0,0,0,0,0,0,0,0,0,1,0,0,0,0,0,1,0,1,0,0,1,1,1,0,0,0,0,0,0,0,0,0,0,0,0,0,1,0,1,2,0,3,0,0,0,0,0,2,0,1,2,0,0,1,0,0,0,0,0,0,0,0,0,0,0,1,1,1,1,0,1,0,0,0,0,0,0,0,0,1,0,0,1,0,0,0,0,0,0,0,0,0,1,0,0,0,0,0,0,0,0,0,0,0,1,0,0,0,0,0,0,0,0,1,1,0,0,0,0,0,3,0,1,0,0,0,0,0,1,0,0,0,0,0,0,0,0,1,0,0,0,0,1,0,0,0,0,0,3,0,0,3,0,0,0,0,0,0,0,0,0,0,0,0,0,0,0,0,0,0,0,0,0,0,2,1,0,0,0,2,0,0,4,0,0,0,1,0,0,1,0,0,0,0,1,1,0,0,0,0,0,1,0,0,0,0,1,0,0,0,0,1,0,0,0,0,2,0,0,0,1,0,1,1,0,0,0,0,0,1,1,1,0,0,0,0,0,0,0,0,0,3,0,0,0,0,0,0,2,0,2,0,0,0,0,0,0,0,0,0,0,0,0,2,0,0,2,0,0,2,0,1,0,1,0,0,0,1,0,0,0,0,0,0,0,0,0,0,0,0,1,1,0,0,0,1,0,0,0,1,0,0,0,0,0,0,1,1,1,0,1,0,0,0,1,0,0,0,0,0,0,0,0,0,0,0,0,0,0,0,0,0,0,0,1,0,0,0,0,1,0,0,0,2,1,0,0,1,0,4,1,0,0,0,0,0,0,0,1,0,0,0,0,0,0,1,1,0,0,0,0,0,0,0,0,0,0,0,0,0,0,0,0,0,0,0,0,0,0,0,0,2,0,0,0,0,0,1,0,0,0,2,1,0,0,1,0,0,0,0,0,0,1,0,0,0,0,0,1,0,0,0,0,0,0,0,0,1,0,3,0,0,0,0,0,0,0,0,0,0,0,1,0,0,0,2,1,0,0,0,0,1,0,0,2,0,0,0,0,0,1,0,0,0,0,0,0,0,0,0,0,0,0,2,0,0,2,1,0,1,0,0,0,0,0,2,1,0,1,1,0,1,0,2,0,1,0,0,0,0,0,0,3,0,0,0,0,1,0,0,0,0,0,0,1,0,0,0,0,1,0,0,1,0,1,0,1,0,0,0,0,0,0,1,0,0,1,0,0,2,0,0,1,0,1,0,1,1,1,0,2,0,0,0,1,0,0,0,0,1,0,0,0,0,0,0,0,0,0,0,0,1,0,0,0,0,1,0,0,0,0,0,0,0,0,0,0,0,0,0,0,1,0,0,0,0,0,0,0,0,1,1,0,0,0,1,0,1,0,0,2,0,0,0,0,0,0,0,0,0,0,0,0,1,0,0,0,0,0,0,1,0,0,0,1,0,0,0,0,0,0,0,0,0,0,0,0,0,0,1,0,0,0,0,0,0,0,0,0,0,1,2,0,0,0,0,0,1,0,0,0,2,1,0,0,0,0,0,1,0,3,1,0,0,0,1,0,0,0,0,1,1,1,0,0,0,0,0,0,2,0,0,1,1,0,2,0,0,0,0,0,1,0,0,0,0,0,1,0,0,0,0,0,2,0,0,0,0,0,0,0,0,0,0,0,0,0,0,0,0,1,0,1,1,0,0,0,0,0,1,0,3,0,0,0,0,0,0,0,1,0,0,0,0,0,0,0,0,0,0,0,0,1,0,0,1,0,1,0,0,0,0,0,0,0,0,0,0,0,0,0,0,1,1,0,0,0,1,0,0,0,0,1,0,0,0,0,0,0,1,0,1,0,0,0,1,0,0,0,0,0,0,0,0,0,0,1,0,0,0,0,0,1,0,1,1,2,0,1,0,0,0,0,0,0,0,0,0,1,0,3,1,1,0,0,0,0,0,0,1,1,0,0,0,0,0,0,1,1,2,0,0,0,0,0,0,1,2,3,0,0,0,0,0,0,0,0,0,2,0,0,0,0,0,0,0,0,0,0,0,3,0,0,1,0,0,0,0,0,0,3,2,0,0,0,0,0,0,1,0,0,0,0,0,1,0,0,3,0,0,1,0,0,1,1,1,1,0,0,0,0,0,0,0,0,0,0,1,0,0,0,0,3,0,0,0,2,0,0,4,3,0,0,0,0,1,0,0,0,0,0,0,0,0,0,2,2,2,0,0,0,0,0,0,0,0,0,0,0,1,0,3,0,0,1,0,2,0,0,0,0,0,1,0,0,0,0,0,0,0,0,0,0,0,0,0,1,1,0,0,1,0,0,1,0,1,0,0,1,0,1,0,2,0,0,0
SUN2,1,2,2,2,4,0,1,1,0,0,0,1,1,0,0,1,1,4,0,0,1,0,0,0,0,1,0,0,2,2,2,1,2,2,2,2,0,0,2,0,0,1,1,2,1,0,0,0,1,1,1,1,1,1,1,1,0,2,0,0,0,1,0,0,1,0,0,0,0,1,0,0,3,0,0,2,2,0,0,0,2,2,0,0,2,2,0,0,2,1,0,0,0,0,0,2,0,0,0,1,3,0,0,1,1,0,0,2,0,2,3,1,0,1,0,0,1,2,2,0,0,0,0,0,0,1,0,0,0,3,0,1,2,1,0,1,1,0,0,1,0,1,1,0,2,1,0,0,6,3,0,1,1,0,2,0,0,0,0,0,1,1,0,0,1,3,0,0,0,0,0,0,2,1,0,0,3,1,0,0,3,4,0,1,0,1,0,1,0,0,3,0,2,0,0,1,1,4,0,2,0,2,0,0,1,2,1,2,0,0,0,2,3,1,0,1,0,1,1,1,0,1,0,1,6,0,0,0,1,2,0,1,1,0,0,1,3,2,1,0,0,0,1,0,3,1,1,1,0,1,1,0,0,1,1,1,0,0,0,2,0,1,1,0,0,1,0,2,0,1,2,1,0,0,0,2,0,1,0,1,0,1,1,2,2,0,0,0,1,2,1,1,0,1,1,2,0,1,1,1,2,3,0,0,0,2,1,0,0,1,1,0,1,2,0,0,2,0,0,0,0,1,0,0,0,1,0,1,0,1,0,0,0,0,0,1,0,0,2,0,0,1,0,1,0,0,1,1,0,1,0,2,1,2,2,0,0,1,0,0,0,1,0,0,1,3,1,2,0,1,0,0,2,1,0,1,1,2,0,0,0,1,0,1,0,0,1,2,0,1,0,3,0,0,2,0,1,0,0,0,1,1,1,1,0,0,2,1,3,1,2,0,0,1,1,0,0,1,0,0,0,0,3,1,0,0,2,0,1,0,0,2,0,0,0,2,0,0,0,1,2,0,0,0,3,1,2,1,1,0,2,0,0,3,0,0,0,3,0,0,0,0,0,0,1,0,0,0,0,0,0,0,1,1,0,0,0,0,0,0,0,1,1,1,0,2,1,1,0,0,0,2,0,0,1,0,0,0,0,2,0,0,0,0,1,1,1,1,0,0,0,2,0,0,0,1,1,0,1,0,2,4,2,1,0,2,0,0,1,1,0,3,0,0,0,1,2,0,0,2,1,0,0,0,0,1,0,0,0,2,2,1,2,0,0,0,0,0,1,0,1,2,1,1,0,2,1,2,3,0,0,2,1,0,0,2,1,1,1,1,0,2,0,0,0,1,0,0,1,1,0,0,0,0,1,0,0,0,0,0,1,0,1,1,4,0,1,3,0,0,0,1,4,1,2,2,1,1,0,0,2,1,1,0,3,2,0,1,0,2,0,1,1,2,0,0,0,1,0,1,1,0,1,2,2,0,0,2,0,0,0,2,0,0,0,0,0,0,0,0,0,1,0,0,1,0,0,0,1,0,1,3,0,1,2,2,0,0,0,1,2,1,3,0,0,1,1,0,0,1,0,1,0,0,0,2,3,0,0,0,0,0,0,3,0,0,1,1,0,1,2,2,0,1,0,1,2,2,0,0,1,0,2,0,0,0,0,1,1,1,2,1,0,0,0,0,0,1,2,0,0,0,3,0,0,2,2,0,0,1,1,2,2,3,0,0,1,1,3,0,0,0,0,0,0,2,1,0,0,0,2,1,0,2,1,0,0,0,0,0,0,2,0,2,0,0,1,1,1,1,2,1,0,1,1,3,2,0,0,0,1,0,0,0,3,0,0,0,1,0,1,0,0,0,1,0,0,1,0,1,1,0,4,2,0,2,0,0,1,1,0,2,0,0,0,1,0,0,0,1,0,0,3,0,0,1,0,0,0,2,1,0,0,0,0,0,0,0,0,1,0,0,2,0,2,0,0,0,1,0,1,0,0,1,0,0,4,2,0,1,0,0,0,0,1,0,1,0,0,0,2,1,2,0,0,2,1,0,2,2,0,0,1,0,0,1,0,1,0,0,0,1,0,1,0,1,1,0,1,0,0,0,0,1,0,1,2,3,0,0,0,0,1,0,1,0,0,1,0,6,1,3,1,0,1,0,0,0,2,2,0,0,0,0,0,0,1,0,1,0,1,0,0,2,0,0,3,0,0,0,0,2,1,2,1,0,2,0,0,2,0,0,2,0,2,2,2,1,1,0,0,2,1,1,1,0,0,0,1,0,0,0,3,0,3,3,1,0,0,0,0,3,1,2,0,1,0,0,1,1,1,0,1,2,1,2,0,1,2,1,0,1,0,0,0,0,0,0,1,0,2,3,0,0,1,0,1,0,0,0,2,0,2,0,1,2,1,0,1,0,2,1,4,0,1,2,0,0,1,1,0,4,1,0,0,0,1,0,1,0,1,0,0,2,3,3,0,2,0,0,0,0,1,4,2,0,0,1,0,0,0,1,1,1,0,0,0,0,1,1,1,1,0,3,0,0,0,0,3,0,0,2,0,0,0,1,2,0,0,0,0,0,0,1,0,0,0,1,1,1,2,1,0,0,0,0,0,0,1,3,0,0,1,0,0,1,0,0,0,1,4,2,4,0,0,2,2,0,0,3,1,1,0,1,0,0,0,0,1,1,0,1,0,0,1,1,1,0,1,0,0,0,0,0,0,0,0,2,2,0,1,3,1,0,0,0,0,0,1,0,2,0,1,1,0,2,1,1,0,2,4,0,1,0,0,1,0,0,2,0,0,0,1,0,1,1,0,4,0,2,0,2,1,1,1,0,0,3,0,0,0,0,0,0,0,0,1,1,1,2,2,0,1,0,1,1,0,2,0,3,1,0,1,3,0,0,0,2,0,0,0,1,0,1,1,0,3,0,0,0,0,1,0,0,0,0,4,0,0,0,0,0,0,0,1,3,0,0,1,1,0,0,1,0,2,0,2,1,4,0,0,0,0,0,0,0,1,0,1,0,0,0,1,1,0,0,2,3,6,1,0,1,0,0,1,1,2,0,0,1,1,6,0,0,1,0,0,1,0,0,0,1,0,0,0,0,0,4,1,1,0,0,0,1,0,2,0,3,1,1,5,0,0,0,1,1,0,1,3,0,3,0,0,0,0,0,0,0,0,2,0,0,3,1,1,0,1,1,0,1,0,0,1,0,0,1,0,4,1,1,0,3,1,0,0,0,1,0,2,1,0,4,0,0,0,3,0,4,2,0,2,1,1,2,0,1,1,1,1,0,1,1,1,0,1,0,0,0,0,1,1,0,0,1,2,0,2,0,1,2,0,1,0,0,0,3,0,2,0,0,0,0,2,0,0,0,0,0,0,2,1,1,0,0,0,0,0,0,0,0,0,0,0,0,0,0,0,0,1,0,0,1,2,0,0,1,0,2,1,0,1,0,0,1,0,1,0,2,5,0,0,1,1,1,3,0
CFL1,5,2,4,4,6,3,7,6,7,2,5,11,6,3,3,30,5,8,4,4,4,7,6,3,0,7,3,4,1,6,4,4,6,8,4,6,5,4,13,1,3,6,5,11,1,0,2,5,5,2,3,1,2,4,9,5,2,8,7,5,19,5,3,2,2,7,9,3,3,2,0,8,1,3,8,9,9,9,2,8,4,3,0,3,6,0,2,5,4,2,12,6,11,4,6,5,2,2,3,8,4,2,6,4,6,0,1,9,8,4,6,4,1,2,3,5,6,3,2,3,1,3,2,2,2,8,5,2,13,5,2,2,1,7,6,7,4,5,5,2,4,3,5,6,22,5,5,9,5,4,12,3,6,4,4,8,4,2,0,2,2,2,9,2,6,16,3,5,13,23,3,10,12,9,6,0,1,4,6,3,0,6,5,4,2,3,3,2,5,12,15,9,7,5,4,7,7,9,3,6,4,7,7,2,6,2,4,3,1,2,1,6,4,7,4,3,3,4,11,14,1,3,7,4,5,1,3,0,4,3,3,6,16,6,3,3,3,2,7,1,2,0,0,3,8,2,6,11,6,5,3,5,1,2,5,9,1,5,2,4,5,1,5,7,6,8,5,8,8,12,9,17,5,1,4,5,4,10,12,5,3,1,4,2,2,2,6,3,5,4,4,8,5,7,5,2,4,0,9,4,3,3,7,6,2,1,7,2,14,2,2,2,2,11,1,2,2,4,3,11,4,5,11,4,4,3,5,2,2,2,1,8,8,2,6,4,4,5,6,9,12,5,5,9,1,9,3,2,3,7,7,3,24,5,4,0,3,8,15,4,9,2,3,2,17,4,58,3,2,2,6,4,8,2,5,37,6,5,4,12,0,1,6,2,4,5,9,5,2,12,8,27,4,25,5,3,8,5,7,8,4,2,8,6,7,5,10,2,9,5,7,8,1,5,1,19,3,5,4,3,5,5,47,6,4,3,9,3,4,2,0,4,5,4,4,2,3,5,4,16,6,10,23,4,12,19,3,2,3,0,6,9,3,1,12,9,5,7,8,6,5,4,2,1,11,6,8,3,1,1,5,5,6,6,1,16,6,5,4,3,3,5,6,5,5,5,6,6,7,2,5,3,6,4,3,4,5,2,3,8,1,6,2,1,4,4,3,19,8,1,3,4,4,1,2,6,5,3,1,3,9,6,3,13,7,4,2,3,7,3,7,7,4,3,5,7,4,17,2,7,18,8,1,5,1,8,7,0,25,8,12,13,5,1,1,5,4,18,6,8,4,3,4,8,1,1,0,1,6,3,3,15,5,3,3,9,6,5,1,4,1,5,2,3,2,5,8,0,5,1,3,3,10,7,2,2,7,5,3,3,6,11,0,19,6,25,5,5,4,5,2,4,7,5,11,6,6,30,1,6,8,4,8,0,16,6,5,3,5,8,2,6,7,11,1,4,2,3,1,1,5,2,11,3,2,2,14,3,6,5,4,6,3,1,5,2,1,6,2,11,3,6,5,5,3,5,6,0,4,5,1,2,3,7,4,5,0,6,6,6,8,19,7,4,2,4,6,7,1,4,2,1,5,2,3,3,5,3,2,3,3,11,15,5,2,3,6,5,4,37,6,1,1,2,2,13,9,8,2,3,6,3,1,7,3,5,2,3,2,11,8,5,3,7,7,2,4,6,8,4,3,6,7,0,4,7,3,4,2,3,6,3,2,5,3,3,5,2,5,6,2,3,2,4,5,2,5,3,4,5,3,7,5,6,6,3,6,1,0,9,1,2,7,4,3,7,7,3,10,5,4,5,3,0,9,11,10,4,5,4,3,2,2,5,15,1,6,1,2,3,5,5,2,2,7,3,6,4,5,5,7,2,15,5,2,6,5,1,3,0,4,5,2,7,7,6,3,2,4,6,4,3,17,6,8,8,4,7,9,5,3,1,0,7,4,2,2,9,1,3,6,3,2,2,4,2,4,3,4,2,6,1,8,3,1,2,8,4,2,3,1,3,2,13,3,7,2,1,6,1,1,4,11,3,2,9,8,6,13,1,5,2,9,3,6,5,3,3,23,4,6,5,1,3,1,11,0,3,6,1,2,23,9,8,13,3,2,9,1,16,0,6,2,5,4,4,1,16,4,10,5,3,16,2,3,3,8,3,0,8,1,3,2,3,6,2,6,5,1,6,7,2,4,6,6,4,5,0,7,0,9,22,3,5,5,2,9,3,4,1,4,4,1,13,3,4,1,1,2,1,2,1,2,2,3,8,2,2,1,3,2,11,5,1,6,6,2,3,1,8,9,8,4,5,4,8,0,4,6,3,4,4,2,4,2,6,10,3,3,2,28,36,1,5,2,7,3,15,2,2,3,5,8,5,7,6,1,8,1,3,4,3,8,5,3,6,4,3,1,6,7,1,16,5,6,8,4,1,4,2,9,6,5,5,2,11,3,2,4,8,3,2,5,7,10,6,2,3,0,1,2,5,6,25,7,1,1,4,1,2,2,8,20,3,3,8,3,0,6,6,7,7,3,8,0,2,3,1,7,8,3,4,7,2,1,10,8,4,1,2,1,4,22,7,8,4,0,9,0,1,6,2,8,10,4,3,0,0,6,3,11,2,7,22,2,3,6,1,2,0,6,8,2,0,3,2,9,6,0,10,6,2,7,9,10,10,13,4,2,17,3,3,10,2,4,8,7,2,0,3,6,6,2,2,5,4,7,3,3,2,3,1,8,3,0,14,3,12,5,6,6,4,10,16,3,9,22,6,6,2,7,4,2,0,5,6,5,5,4,2,3,5,2,2,6,8,9,4,8,4,6,3,5,5,3,1,2,8,1,5,18,11,3,5,3,4,17,5,7,1,2,3,13,5,14,5,2,11,2,4,6,0,1,3,1,2,9,7,3,3,5,4,5,37,2,1,8,2,2,8,1,5,8,1,3,4,16,6,6,2,8,2,2,1,4,9,2,2,2,5,4,2,6,6,6,3,3,3,2,2,5,5,2,0,7,5,2,12,2,10,1,4,7,4,4,2,2,7,73,5,2,6,7,0,9,6,5,6,2,7,4,5,7,2,8,0,6,17,6,4,1,24,5,6,0,11,4,15,5,6,0,2,4,13,11,1,6,2,7,9,2,8,2,1,0,5,2,5,11,12,27,2,5,8,5,6,3,3,2,22,8,5,10,9,9,3,3,3,0,7,5,4,4,2,4,9,3,29,7,6,5,13,9,5,0,4,5,3,1,8,5,10,4,4,2,6,2,15,1,4,4,4,4,4,1,1,10,4,7,0,4,5,8,10,4,8,5,3,5,14,4,1,11,7,4,4,15,3,8,3,4,3,3,5,26,2,6,3,5,26,2,1,13,4,6,2,4,3,5,4,1,5,11,6,4,1,0,6,5,5,0,8,4,6,2,4,0,2,3,4,3,5,6,5,2,4,4,2,6,3,7,1,5,1,5,7,0,26,7,5,4,7,6,2,1,3
RHOH,0,0,0,0,0,0,0,1,2,0,0,0,0,0,0,0,0,1,0,0,1,1,0,0,0,1,0,0,2,1,0,1,1,1,0,1,3,0,0,0,1,1,0,1,1,1,0,0,1,0,2,1,0,0,1,0,0,1,0,0,0,0,0,0,4,1,0,0,0,0,0,0,0,0,0,0,0,0,0,0,1,0,0,0,0,0,0,0,0,0,0,0,2,0,0,0,1,0,0,0,1,1,0,3,0,0,1,0,0,0,0,3,0,1,0,2,0,0,0,1,0,1,0,2,2,1,0,2,0,2,0,1,0,2,0,1,0,0,0,1,0,0,3,0,0,0,0,0,2,0,0,1,0,0,0,2,2,1,0,0,0,0,0,0,0,0,0,2,1,0,0,0,1,2,0,0,0,0,0,1,1,1,1,2,0,0,0,0,0,0,0,0,0,0,2,2,0,0,0,1,0,0,0,2,1,1,0,0,2,0,0,0,0,1,0,0,1,0,0,0,0,1,0,0,2,0,0,0,1,2,0,0,0,0,0,1,0,1,0,1,0,1,1,0,1,1,0,0,1,0,0,0,0,1,0,0,0,2,0,0,1,1,0,0,1,0,1,2,2,0,0,0,0,0,0,2,0,0,0,3,0,0,1,0,0,1,0,0,1,1,0,0,0,0,0,1,0,0,0,0,2,1,1,0,0,1,0,0,0,0,1,0,3,1,1,2,1,0,1,2,2,0,0,1,0,0,0,1,0,0,0,0,1,1,1,0,0,0,0,0,0,2,0,0,0,0,1,0,0,0,0,1,0,1,1,0,1,2,0,0,0,0,0,0,0,0,0,0,1,0,0,0,1,0,0,0,1,3,0,0,0,0,0,1,0,1,0,0,2,0,0,1,1,0,0,0,2,0,0,0,1,1,1,3,1,0,1,0,2,0,0,1,0,1,1,0,1,0,0,0,0,0,0,0,0,0,0,1,0,1,0,0,0,2,0,0,0,0,0,0,0,0,1,0,2,0,0,4,1,0,1,1,0,1,0,0,0,1,0,0,0,3,1,2,0,1,2,1,0,0,0,0,0,0,4,0,0,0,1,0,0,0,0,0,0,2,0,1,1,0,0,0,0,0,0,0,0,1,0,0,0,0,0,0,2,0,2,0,0,0,0,1,3,4,0,0,0,0,1,0,0,0,0,0,0,0,0,0,0,0,0,1,0,1,0,0,0,0,1,2,0,2,0,0,2,2,0,0,1,0,1,0,1,1,0,0,1,0,0,0,0,0,1,1,1,1,5,0,1,1,0,1,2,1,1,0,0,3,0,0,1,0,1,0,1,0,2,1,0,0,1,0,1,0,1,0,0,3,1,0,0,0,0,1,1,0,0,0,1,1,0,1,0,1,1,1,0,0,0,0,0,0,0,0,0,1,1,0,2,2,2,2,2,0,0,0,2,0,0,0,0,0,2,0,1,2,0,2,1,0,0,3,1,0,0,0,1,0,1,0,0,0,0,0,0,0,0,0,0,0,0,0,0,2,4,1,0,0,0,0,0,0,2,0,0,0,1,0,0,0,1,0,1,0,2,1,0,0,0,0,0,2,0,0,0,0,0,0,0,0,0,2,0,2,0,0,0,2,0,0,0,2,2,1,0,1,0,0,0,0,1,0,0,0,0,0,0,0,1,2,1,1,0,0,0,0,1,0,5,1,1,2,2,0,1,0,0,0,0,1,0,0,0,0,0,0,0,0,0,2,0,0,0,1,0,0,0,2,0,0,0,1,0,0,0,0,2,0,2,3,0,1,3,0,0,3,0,2,0,0,0,0,0,0,0,0,0,0,1,0,1,0,0,0,1,1,0,0,0,0,1,0,0,1,1,0,0,0,0,0,0,0,0,0,0,0,1,1,0,1,0,0,0,0,2,0,0,2,0,0,0,0,0,2,0,1,0,0,1,1,1,1,1,0,0,1,1,0,0,0,0,0,0,0,1,0,0,0,1,0,0,1,0,0,0,2,0,0,0,2,0,3,0,0,0,0,0,2,0,0,2,0,2,0,1,2,0,0,1,0,0,0,1,0,0,0,0,1,1,1,2,1,0,0,0,0,1,1,0,0,0,0,0,0,1,0,1,0,0,0,1,1,1,0,1,0,1,0,1,1,0,2,0,1,1,0,0,1,1,0,2,0,0,0,0,0,2,0,0,0,0,0,0,1,1,2,0,0,1,1,1,1,0,0,0,2,1,1,1,0,2,0,1,0,0,3,0,0,0,1,0,0,4,1,3,0,0,1,0,0,0,0,1,0,0,1,2,2,0,1,2,0,0,0,0,0,1,0,1,1,0,0,0,0,1,0,1,0,0,5,1,2,1,1,1,0,1,1,1,0,1,0,2,0,0,0,0,1,0,0,0,1,0,0,0,1,1,0,0,0,0,1,0,0,1,0,0,0,1,0,0,0,1,2,0,0,0,0,2,0,0,1,0,0,2,0,0,0,0,0,0,0,0,0,0,0,0,0,0,0,2,0,0,0,0,0,0,1,0,0,0,0,0,2,0,0,0,0,0,1,1,0,0,0,0,2,1,3,1,2,0,1,0,0,0,1,0,0,0,0,0,0,0,1,0,0,1,2,0,1,1,1,0,0,1,0,0,3,1,0,0,0,0,3,2,0,0,1,1,0,0,1,0,1,1,0,0,0,0,0,0,1,1,1,2,0,0,0,0,0,0,1,0,0,1,0,0,0,0,0,1,2,1,0,0,1,0,0,1,1,1,1,1,0,2,0,0,1,0,1,0,0,1,1,0,0,0,0,1,1,0,0,1,0,0,0,2,0,0,0,0,0,0,0,1,2,0,0,1,2,0,1,0,0,0,0,0,0,0,1,0,0,0,1,0,0,0,0,0,0,0,2,0,1,0,0,1,0,1,0,1,1,0,0,0,0,0,3,0,2,0,0,1,0,0,0,0,0,0,1,3,1,0,1,0,0,5,0,0,0,1,0,0,1,0,0,0,1,1,0,0,0,2,0,1,1,0,0,2,0,0,0,0,0,3,0,2,0,0,0,0,2,0,0,1,0,0,0,0,1,2,0,0,0,0,0,0,0,2,1,0,0,2,0,0,0,1,2,3,0,0,1,0,1,0,0,0,0,0,0,1,0,1,1,3,0,0,0,1,0,1,0,0,2,1,0,1,1,0,0,1,0,2,0,0,1,0,0,1,0,0,1,0,0,3,0,1,0,0,1,0,1,1,2,1,1,1,0,2,0,0,0,0,3,0,0,0,1,2,0,2,2,2,1,0,0,2,0,1,1,0,3,0,0,3,1,0,0,2,0,0,1,0,0,1,2,2,0,1,0,1,0,0,2,0,0,1,0,0,0,0,3,0,0,0,0,0,0,1,0,1,0,1,0,0,3,0,0,0,0,0,0,0,1,0,3,1,1,0,0,0,0,0,1,0,2,0,0,2,1,1,1,2,0,1,0
POU2F2,0,0,0,0,0,0,1,0,1,0,1,1,1,2,0,4,1,0,0,1,1,2,0,1,0,0,0,0,0,1,0,0,1,0,0,0,0,0,0,2,1,1,1,1,0,0,1,1,0,0,0,0,2,0,0,0,0,0,0,0,2,0,0,0,1,1,0,0,0,1,0,0,0,0,0,0,0,0,0,0,0,0,0,1,0,0,1,2,1,0,0,0,0,0,0,0,0,0,1,2,0,0,1,0,0,2,0,0,1,0,0,0,0,0,0,0,1,1,0,2,1,0,0,0,0,0,0,0,2,0,0,0,0,0,0,0,0,0,1,0,0,0,0,1,0,0,1,0,0,0,1,0,0,0,0,0,0,0,0,1,0,0,1,0,0,0,0,0,0,1,1,0,0,0,2,0,0,0,0,0,0,0,1,0,2,0,0,0,0,1,2,0,1,1,2,0,0,0,0,1,0,0,1,0,0,0,0,3,0,0,0,0,0,0,0,0,0,1,1,1,1,2,0,0,0,0,0,0,0,0,0,0,5,1,0,0,0,1,0,1,1,1,0,0,0,3,0,1,2,1,0,1,0,0,1,0,0,0,1,0,0,0,0,0,0,0,0,1,0,0,0,1,0,1,0,0,1,3,1,0,1,1,0,0,0,0,0,2,0,0,1,0,0,0,0,0,0,0,2,0,0,0,0,0,0,0,0,0,6,1,0,0,1,0,0,0,0,0,2,0,0,0,0,0,0,0,0,0,1,0,0,0,0,0,0,0,0,2,0,1,4,0,2,0,0,0,0,0,0,0,1,0,2,0,0,0,1,0,2,0,0,1,0,0,0,0,1,0,0,0,0,1,0,0,1,2,0,0,0,0,0,0,0,0,0,0,0,1,0,0,0,3,0,3,0,0,8,1,0,1,1,0,0,0,1,0,0,0,1,3,0,0,3,0,0,2,0,1,0,0,3,0,0,0,0,0,0,0,0,0,0,0,0,0,0,1,0,0,0,0,0,0,1,0,1,1,0,1,1,0,0,0,0,0,0,0,0,0,3,0,0,0,0,1,2,2,0,0,0,0,1,1,0,0,0,0,1,0,0,0,0,2,0,0,1,0,0,0,0,0,0,1,0,1,0,0,0,0,0,0,0,1,0,1,0,0,0,2,0,0,0,0,1,1,0,0,0,0,0,1,0,0,1,1,1,0,0,0,0,0,1,2,0,1,0,0,0,1,0,0,0,0,0,1,0,1,0,0,1,0,0,6,0,0,0,2,1,1,1,0,2,0,0,0,0,0,0,0,0,1,0,0,0,1,0,1,0,0,0,0,1,0,0,0,0,0,0,0,0,1,0,3,0,3,0,4,1,0,1,3,1,1,0,0,0,0,0,0,0,0,3,0,0,0,0,1,1,0,0,1,0,1,0,0,0,0,0,1,0,1,0,0,1,0,0,0,0,1,1,1,0,0,0,0,0,0,0,0,0,0,0,0,0,1,0,0,0,0,0,2,0,1,2,0,0,0,1,0,0,0,0,0,1,1,0,1,0,0,0,0,0,2,0,0,1,1,0,1,0,0,0,0,0,0,0,0,0,0,1,0,0,0,0,0,2,3,0,0,0,4,0,0,1,0,1,0,0,0,0,0,1,0,0,0,0,0,0,0,0,0,0,1,0,0,0,0,2,2,0,0,1,2,0,1,0,0,2,0,0,0,0,0,1,0,1,0,0,0,0,0,1,1,0,1,0,3,0,0,0,0,1,0,0,0,3,0,2,0,1,0,0,0,0,0,0,3,0,0,0,0,0,0,0,0,1,0,0,2,1,0,0,0,1,0,0,0,0,0,0,0,0,0,0,0,0,0,2,0,0,0,0,1,6,2,1,1,0,1,2,0,1,0,0,2,0,1,0,0,0,1,0,0,0,0,0,1,0,0,0,4,0,0,0,0,0,0,0,0,0,4,0,0,0,0,2,0,0,0,0,0,0,0,2,0,0,0,0,0,0,0,0,1,1,0,2,0,0,0,1,0,0,1,0,2,0,2,0,0,0,0,1,1,0,0,0,0,0,1,1,1,3,0,0,0,0,1,1,0,0,1,0,1,0,0,0,0,0,3,1,2,0,1,0,2,0,0,1,3,0,0,0,1,0,0,0,1,0,0,0,0,0,0,1,0,0,0,0,0,0,0,0,0,0,0,0,1,0,0,0,2,0,3,0,0,0,1,0,0,0,0,0,0,0,3,0,0,0,0,0,0,2,0,0,0,0,0,0,0,0,0,0,0,0,0,0,0,0,0,0,1,0,0,1,0,0,1,3,0,1,0,0,0,0,0,0,0,1,4,0,0,1,0,0,1,0,2,0,0,0,0,0,0,0,0,0,0,0,0,0,0,0,0,1,0,0,2,1,1,2,0,1,0,2,1,3,0,0,1,0,0,0,0,0,3,0,0,1,3,1,0,0,0,0,0,0,0,1,0,4,0,0,0,0,0,0,0,0,0,0,0,0,0,5,4,0,0,0,1,2,0,0,0,3,0,0,0,0,0,0,0,0,0,0,0,0,0,0,0,0,4,0,0,0,1,0,0,1,1,0,1,0,0,1,0,0,1,0,0,0,0,0,0,0,3,1,0,0,0,0,0,0,2,0,2,2,0,1,0,1,1,2,0,0,1,0,0,0,1,0,1,0,0,0,0,1,0,0,0,0,0,0,1,0,0,0,0,1,0,3,1,0,0,0,0,1,0,0,1,0,0,0,0,0,2,0,0,6,0,0,0,0,1,1,0,1,2,0,0,1,0,0,2,0,0,0,0,0,0,0,0,0,0,0,0,0,0,0,0,0,0,1,0,0,0,2,0,3,0,1,0,0,0,2,4,0,0,0,0,0,0,0,1,0,0,0,0,0,0,0,1,2,0,3,0,0,3,2,0,0,0,0,0,0,0,0,2,0,0,0,0,1,1,0,2,0,0,0,0,0,0,1,0,0,0,1,0,2,0,0,1,0,0,0,0,3,0,0,1,0,0,0,0,0,0,0,0,0,0,0,1,1,0,0,0,0,0,0,0,2,0,0,0,0,0,3,0,2,0,2,0,0,1,0,1,0,1,0,1,0,0,0,0,0,0,1,0,0,0,0,1,0,0,0,0,1,1,1,0,0,0,3,0,0,0,1,1,0,0,0,0,0,0,0,0,0,0,0,0,2,0,2,0,0,0,0,0,0,2,0,1,0,0,1,0,0,1,0,0,0,0,1,0,0,0,0,0,0,1,1,0,0,0,0,1,1,0,0,0,0,0,0,0,0,0,0,1,0,0,0,1,0,0,4,0,1,0,0,1,1,0,0,0,0,1,2,0,0,0,0,0,2,0,0,0,0,1,0,0,0,0,0,1,0,3,0,0,0,4,0,0,1,1,0,0,0,0,1,1,0,0,0,0,0,0,0,0,0,1,0,0,0,0,0,0,0,0,0,1,0,0,0,0,0,0,0,0
AQP3,0,0,0,0,0,0,0,0,0,0,0,2,0,0,1,2,1,0,0,0,2,2,0,0,0,0,0,0,2,1,0,2,1,0,0,0,0,0,0,0,0,1,0,5,0,0,0,0,0,0,0,2,0,0,0,0,0,0,0,2,0,2,2,0,1,0,0,0,0,0,0,0,0,0,0,0,0,1,0,0,0,0,0,0,0,0,0,0,0,1,0,0,0,0,1,0,0,0,0,0,0,0,0,0,0,0,0,0,0,0,0,3,0,0,0,1,0,0,0,0,0,0,0,0,0,0,0,0,0,0,0,0,0,0,0,0,0,0,0,0,0,2,0,0,0,0,0,0,1,0,0,0,0,0,3,1,0,0,0,0,0,0,0,0,0,5,2,2,0,0,0,0,2,0,0,0,0,0,0,0,0,0,0,0,0,0,0,0,0,0,0,0,0,0,0,0,3,0,0,1,0,0,0,0,2,0,0,0,1,1,0,0,0,0,0,0,0,4,0,0,0,0,0,0,1,0,0,0,0,0,0,1,0,0,0,0,0,0,0,0,0,0,0,0,1,0,0,0,0,0,1,0,0,1,0,4,0,2,0,0,2,0,0,0,1,0,0,0,1,1,0,0,0,0,1,0,0,0,0,0,0,0,1,1,0,0,1,0,0,0,0,1,0,0,0,1,1,0,0,0,0,0,0,0,0,0,1,0,0,0,1,0,0,1,0,0,1,3,0,0,0,0,0,0,0,0,0,0,0,0,0,0,0,0,0,0,0,0,0,0,0,0,0,0,0,0,0,2,3,0,0,0,4,0,0,0,0,2,0,0,1,0,0,0,0,0,0,0,0,3,0,0,0,0,0,0,0,1,0,0,0,0,0,1,0,0,4,0,0,0,0,0,0,0,0,0,0,5,0,0,0,0,0,0,0,2,0,0,1,0,0,0,0,0,2,0,0,0,0,0,0,2,1,0,0,0,0,0,0,0,0,0,0,0,0,0,0,0,1,0,0,0,0,0,0,0,0,1,0,0,0,1,0,0,0,1,0,1,0,0,0,0,1,0,0,0,1,0,0,0,0,0,0,0,0,0,0,0,0,0,0,0,0,0,0,0,1,0,0,0,0,0,0,0,0,0,0,0,0,0,0,0,0,1,0,5,0,0,1,0,0,0,0,0,0,1,0,0,0,0,0,0,0,0,0,0,1,0,0,1,0,0,0,0,0,0,0,1,0,1,0,1,0,0,0,1,0,0,0,0,2,0,0,0,0,0,0,0,0,0,0,2,0,0,0,0,1,0,0,0,0,0,1,0,0,0,0,0,0,1,0,0,0,0,0,0,0,0,0,0,0,0,0,0,0,0,1,0,0,0,2,0,0,0,1,0,0,0,0,0,0,0,0,2,1,0,0,2,0,0,1,0,0,0,0,0,0,0,0,0,0,1,1,0,1,0,0,0,0,0,0,0,0,0,0,0,0,1,1,0,0,0,0,0,0,0,0,0,0,0,0,0,0,0,0,0,0,0,0,0,0,0,0,1,1,0,0,0,0,0,0,0,1,0,0,0,0,0,0,0,0,0,0,0,2,0,0,0,0,0,0,0,0,0,0,0,0,0,0,0,0,2,0,1,0,0,0,0,0,0,0,0,0,1,0,0,0,0,0,0,0,1,0,0,0,0,0,0,0,0,0,0,0,0,0,0,0,0,1,0,0,0,1,1,0,0,1,0,0,0,0,0,0,2,0,0,1,0,0,1,0,2,1,0,0,0,0,0,0,1,0,1,0,0,0,0,0,1,0,0,0,2,1,0,0,1,0,0,0,0,0,0,0,0,0,1,0,0,0,0,2,0,0,0,0,2,0,0,1,0,0,0,0,0,0,0,1,0,0,0,2,0,0,0,0,0,0,0,0,0,0,0,15,1,0,0,0,0,0,0,0,0,0,0,0,0,0,0,0,0,1,0,0,2,1,0,1,0,0,0,0,0,0,0,0,0,0,1,0,0,0,0,0,0,0,0,0,0,0,1,0,0,0,0,0,0,0,0,0,0,0,0,0,1,0,0,0,1,0,0,0,0,4,0,0,2,0,1,0,0,0,0,0,0,0,0,1,0,0,1,0,0,0,0,0,0,0,0,0,0,0,0,1,1,0,0,0,0,0,0,0,2,0,0,1,0,0,0,0,0,1,2,0,0,0,0,0,0,0,0,0,0,0,0,0,0,0,0,0,0,0,0,0,0,0,1,0,0,0,0,0,0,0,0,0,0,1,0,0,0,0,0,2,0,0,1,0,1,0,0,1,1,0,0,0,1,0,0,0,0,0,0,0,0,0,0,2,0,0,1,0,0,0,0,0,0,0,0,0,1,0,0,0,0,0,0,0,2,0,1,0,0,0,0,0,0,0,0,0,1,0,2,0,0,0,1,0,0,0,0,0,1,0,0,0,0,0,0,0,0,0,0,0,1,0,0,0,0,0,0,0,1,0,0,1,0,0,0,0,0,1,0,0,0,0,0,1,0,0,0,1,0,0,1,0,0,1,0,0,0,0,3,0,0,0,3,0,0,0,0,0,0,1,0,0,0,0,0,0,0,0,0,0,0,0,0,0,1,0,0,0,0,0,0,0,0,1,0,3,0,1,0,0,0,1,0,0,1,0,0,0,0,0,0,0,0,0,2,0,0,0,0,0,1,2,0,0,0,0,0,0,2,0,0,0,0,0,0,0,0,0,0,1,0,0,1,0,0,0,0,1,0,0,0,1,0,0,0,0,0,0,0,0,0,0,0,0,0,0,0,0,0,0,0,0,0,0,0,0,0,0,0,0,0,0,0,0,0,0,0,0,1,1,0,0,0,0,0,1,0,0,0,0,0,0,0,0,0,2,0,0,0,0,0,0,2,0,0,1,0,0,0,0,5,0,0,7,0,0,0,0,0,1,0,0,0,0,1,0,0,0,0,1,0,0,1,0,0,0,0,0,0,0,0,0,0,0,0,0,0,0,0,0,0,0,0,0,0,0,0,0,0,0,0,0,0,1,0,0,0,0,0,1,0,1,0,0,0,0,0,1,1,0,0,0,0,0,0,0,1,1,0,0,0,0,0,1,0,0,3,0,0,1,0,0,0,0,0,1,0,0,1,0,0,0,0,0,0,0,0,0,1,0,0,1,0,1,0,0,0,1,0,0,0,0,0,0,0,0,0,0,0,0,1,0,0,0,0,0,0,0,0,0,0,0,0,0,0,0,0,0,0,0,0,0,0,0,0,0,0,0,2,0,1,0,2,0,0,0,0,0,0,3,0,0,0,1,0,1,6,0,0,0,0,1,0,0,0,1,0,0,0,0,0,0,0,2,1,0,0,1,0,0,0,1,0,1,0,0,0,0,0,0,0,0,0,0,0,0,0,0,0,0,1,0,0,0,0,0,0,0,0,0,0,0,0,1,0,0,0,0,0,0,0,0,0,0,0,0,0,0,0,0,0,0,0
GCA,0,0,0,0,0,0,3,0,0,0,1,1,0,1,0,0,0,0,3,1,0,0,0,1,0,0,0,0,0,0,0,0,0,0,0,0,0,0,0,0,0,0,2,0,0,0,0,0,0,1,0,1,1,0,0,5,0,0,0,0,1,0,0,2,1,0,0,0,0,0,0,0,0,2,2,0,0,3,0,1,0,0,1,1,0,0,0,1,0,0,0,0,0,1,0,0,0,0,2,0,0,0,2,0,0,0,0,0,0,0,0,0,1,0,0,0,1,0,1,0,0,0,5,0,0,1,0,0,4,0,0,0,0,0,0,0,0,0,0,0,0,0,1,0,0,0,1,1,0,0,1,0,0,0,0,0,0,0,0,1,0,1,1,0,0,0,0,0,1,1,0,0,0,0,1,0,0,0,1,0,0,0,0,0,0,0,0,1,2,0,1,0,0,0,0,0,1,0,0,0,0,0,0,0,0,0,1,0,0,0,0,0,0,0,0,1,0,0,0,0,0,1,0,0,0,0,0,0,0,0,0,0,1,0,1,0,0,0,0,1,0,0,0,0,0,0,0,2,2,0,0,1,0,0,0,0,0,0,0,0,0,0,0,0,0,0,0,0,0,0,0,3,0,0,0,0,1,1,1,1,3,1,0,0,0,0,0,0,0,0,0,0,0,0,0,0,0,0,0,0,0,0,0,0,1,0,0,0,0,0,1,0,0,0,0,1,0,0,1,0,0,0,1,0,0,0,0,0,1,0,0,1,1,1,1,0,0,1,0,1,2,0,1,0,0,1,0,1,0,4,0,0,0,0,0,2,0,1,0,0,0,0,0,0,0,0,1,0,0,0,0,0,0,0,0,1,0,0,0,1,0,0,2,0,0,0,0,0,2,0,0,2,0,0,0,2,1,0,0,2,0,0,0,1,0,0,0,0,0,1,1,0,1,0,1,0,0,0,0,0,0,0,0,0,0,0,0,0,0,0,0,1,0,0,0,1,1,0,1,1,0,0,1,0,0,0,0,1,0,0,0,0,1,0,1,0,0,0,2,0,1,0,0,0,2,0,0,0,1,1,1,3,0,1,0,1,1,0,0,0,1,0,0,0,2,0,0,0,0,1,0,0,0,2,0,1,0,0,0,0,1,2,0,0,0,0,0,2,0,0,0,0,0,0,0,1,0,0,0,2,0,0,0,0,4,0,0,1,4,0,0,0,0,0,1,4,0,0,0,0,1,0,0,1,0,0,2,0,0,0,0,3,0,0,1,0,0,1,0,0,1,1,0,0,0,0,0,0,0,0,0,0,0,0,0,0,0,1,1,0,1,0,0,2,0,0,0,0,0,1,0,1,0,1,0,0,0,0,0,0,0,0,1,0,0,1,1,0,0,0,1,0,0,0,0,2,0,0,0,1,0,0,0,0,0,0,0,1,0,0,0,0,0,0,0,0,0,0,0,0,1,1,0,0,0,1,0,1,0,0,0,0,0,0,0,0,0,0,0,0,3,1,0,0,0,0,2,0,0,0,0,0,1,0,1,0,1,0,0,0,0,2,0,0,1,0,0,0,1,0,0,0,1,0,0,0,0,0,0,0,0,0,0,0,0,0,0,1,0,2,0,0,0,0,1,0,0,0,0,0,1,0,0,0,0,1,0,0,0,0,0,0,1,0,1,0,1,1,0,0,0,0,0,1,0,0,0,0,0,0,0,0,0,0,0,0,0,0,0,0,0,0,0,0,1,0,0,0,0,0,0,0,0,0,0,1,1,0,1,0,1,0,0,0,2,0,0,0,0,1,0,0,0,1,3,0,0,0,3,0,0,0,0,0,0,0,0,0,1,0,0,2,0,0,0,0,2,0,0,0,0,0,1,0,0,0,0,0,0,1,0,0,0,1,0,0,0,0,1,0,2,0,0,0,0,0,0,0,0,0,0,1,0,0,0,0,1,2,0,0,0,0,0,0,0,0,0,1,0,0,0,2,1,0,0,0,0,0,0,1,0,0,1,1,1,0,1,0,0,0,0,0,0,0,0,1,0,0,0,0,0,0,0,0,0,0,1,0,1,0,1,0,0,0,0,1,0,0,0,0,0,1,2,0,1,0,0,0,0,2,0,0,0,0,0,0,0,1,0,0,0,0,0,0,1,0,0,1,0,0,1,0,1,0,0,0,0,0,1,0,0,0,0,0,0,0,0,0,0,1,0,4,1,0,0,0,0,0,1,0,0,0,0,1,0,0,0,0,0,0,0,0,0,0,0,0,0,0,0,1,0,1,0,0,0,0,0,0,0,0,0,0,0,0,0,0,0,0,0,0,0,0,0,0,0,0,0,1,0,0,1,3,0,0,0,1,0,1,0,0,0,0,0,0,0,0,0,0,0,0,0,2,0,0,0,0,1,0,0,0,0,0,1,0,0,0,1,2,0,2,4,0,0,0,0,0,0,1,0,1,1,1,0,0,0,0,1,0,0,0,0,0,0,1,0,0,0,0,1,0,1,0,3,1,2,0,0,0,0,0,0,0,0,0,0,0,2,0,0,0,0,0,2,0,1,0,0,0,0,0,1,0,0,0,0,0,0,0,0,0,0,0,0,0,0,1,0,0,0,0,1,1,0,2,1,0,0,0,0,0,0,0,0,0,0,0,0,0,0,0,0,0,0,0,0,0,0,0,1,1,0,0,1,0,0,0,0,0,1,3,0,0,0,0,0,0,0,0,0,0,0,0,0,0,0,0,1,1,0,0,0,0,0,1,0,0,0,0,0,0,0,1,0,0,1,0,1,2,0,0,2,0,0,0,0,0,1,0,0,0,0,0,0,0,0,0,0,0,0,0,1,0,2,1,0,0,0,0,0,0,0,0,2,1,0,0,0,0,0,0,0,0,0,0,0,0,1,0,0,1,0,0,0,0,1,1,0,0,0,1,0,0,0,0,0,0,0,0,1,0,1,0,0,1,0,0,1,0,0,0,0,0,0,0,0,0,0,0,0,0,0,1,1,2,0,0,0,0,0,2,0,0,0,1,0,0,0,0,0,0,0,0,0,0,0,1,0,0,0,0,0,0,0,0,1,0,1,0,2,0,0,0,0,2,0,2,0,0,0,0,1,1,0,0,2,0,1,0,0,0,0,0,0,0,0,0,0,0,0,0,2,0,0,1,1,0,0,1,1,0,0,1,0,0,0,4,0,1,0,0,0,0,0,0,0,1,0,4,0,1,1,0,1,2,0,0,0,0,0,1,0,0,0,0,0,0,0,0,0,0,0,0,0,0,0,0,0,0,0,0,0,0,0,0,0,0,0,2,0,0,0,0,1,0,0,0,0,0,0,0,0,0,2,2,3,0,0,0,1,3,0,0,0,0,0,0,0,0,2,0,0,0,0,1,0,0,0,0,3,0,1,1,0,0,0,0,0,0,0,0,0,1,0,0,0,0,0,0,0,0,0,0,2,0,1,0,0,1,0,1,0,1,0,0,0,0
SAMD3,0,0,1,1,1,0,0,0,0,0,0,0,0,0,0,1,1,0,0,0,0,0,0,0,0,0,0,1,1,0,0,0,0,0,1,0,0,0,0,0,0,0,0,1,1,0,0,0,0,0,0,0,0,3,2,0,0,2,0,1,0,0,0,0,0,2,0,0,0,0,1,1,0,0,0,5,1,0,0,0,0,0,0,0,1,0,0,0,1,0,0,0,0,0,0,0,0,0,0,0,1,0,0,1,0,0,0,2,0,0,1,0,0,0,0,1,1,0,0,0,0,0,1,0,0,0,0,0,0,0,0,0,1,0,0,0,0,0,0,1,0,0,0,0,0,1,0,0,0,1,0,0,1,0,0,0,1,0,0,0,0,0,0,0,2,0,0,0,0,0,0,1,0,0,0,0,0,0,0,0,2,0,0,0,0,0,0,0,0,0,0,0,0,0,0,0,0,0,0,0,0,2,0,0,0,0,0,1,0,0,0,1,1,0,0,0,0,1,0,0,0,0,0,0,0,0,0,0,1,0,0,0,0,0,0,0,2,0,1,0,0,0,0,0,0,0,0,0,0,0,0,0,0,0,0,0,0,0,0,0,1,0,0,0,0,0,0,0,0,2,2,0,0,0,0,0,0,0,0,0,0,0,0,0,0,0,0,0,0,0,0,0,0,0,2,0,0,0,0,3,0,0,0,1,0,0,0,0,0,0,0,0,0,0,0,0,0,0,0,0,1,0,0,0,1,0,0,0,1,0,0,0,0,0,0,0,0,0,0,0,0,0,0,0,0,0,0,0,0,0,0,0,0,1,2,0,0,0,0,0,0,0,0,0,0,0,0,1,0,0,1,0,1,0,0,0,0,0,0,0,0,0,0,0,1,0,0,0,0,0,0,0,0,0,0,0,0,0,0,0,0,0,2,0,0,1,0,0,2,0,0,1,0,0,0,0,0,0,0,0,0,1,4,2,0,0,0,0,1,0,0,0,1,0,0,0,0,0,0,0,1,0,0,1,1,0,0,0,0,1,1,0,0,0,0,0,0,1,0,0,0,0,0,0,2,0,0,0,0,0,0,0,1,0,0,0,0,0,0,0,0,1,0,1,0,0,1,0,0,0,0,0,0,0,0,0,0,0,0,0,0,0,0,0,0,0,0,0,0,0,0,2,0,0,0,0,1,0,0,0,1,0,0,0,0,0,1,0,0,0,0,0,1,0,0,0,1,0,0,0,0,0,0,0,0,0,0,0,0,0,0,0,0,0,0,0,0,0,0,0,0,0,0,2,0,0,1,0,0,0,0,3,0,0,0,0,0,0,0,0,0,1,0,0,3,1,0,0,0,0,0,0,1,0,0,0,0,0,0,0,0,0,0,0,1,0,0,0,0,0,0,0,1,0,0,0,0,0,0,0,0,0,0,0,3,0,0,0,0,0,0,0,0,0,0,0,0,0,1,0,1,0,0,0,0,0,0,1,0,0,3,0,0,0,0,0,0,0,0,0,0,0,0,0,0,0,0,1,0,0,1,0,0,0,1,1,0,0,0,0,1,0,0,0,0,0,0,0,0,0,0,0,0,5,0,0,3,0,0,0,0,0,0,1,0,0,0,1,1,0,1,1,0,0,0,0,0,1,0,0,0,0,1,3,0,0,0,0,0,3,0,1,0,1,0,0,0,0,1,0,0,0,1,0,1,1,0,0,0,0,1,0,0,0,0,0,0,0,0,0,0,0,0,0,0,0,0,0,0,0,0,0,0,0,0,0,0,0,0,0,0,0,1,0,0,0,2,0,0,0,1,0,0,0,0,0,0,0,0,0,0,5,0,0,2,1,1,0,0,0,0,0,0,0,0,0,0,0,0,1,1,0,0,0,0,0,0,0,0,0,0,0,0,0,0,0,0,0,0,0,0,0,1,0,0,1,0,0,0,0,0,0,0,0,2,0,0,0,0,0,0,0,0,0,0,0,0,0,0,0,0,0,0,1,0,1,1,0,0,0,0,0,0,0,0,1,0,0,0,0,0,0,0,0,0,0,0,0,0,0,0,0,0,0,0,0,0,0,0,0,0,1,0,0,0,0,0,0,0,0,0,0,0,0,0,0,0,0,0,0,0,0,0,0,0,0,0,0,0,1,0,0,1,1,0,0,1,0,0,0,0,0,0,0,1,0,0,0,0,0,0,0,0,1,0,0,0,0,0,0,0,0,0,2,0,0,0,0,0,0,0,0,0,1,0,0,0,0,0,1,0,0,0,2,0,0,0,0,0,0,0,0,0,0,1,0,0,0,0,1,0,0,0,0,0,0,0,0,0,0,0,0,0,0,0,1,0,0,0,0,0,0,0,0,0,0,0,0,0,0,0,0,1,1,0,0,0,1,0,0,0,0,0,0,0,0,0,1,3,0,0,0,0,0,0,3,0,0,0,0,0,1,0,0,0,0,0,0,0,0,0,0,0,0,2,0,0,0,0,0,0,0,0,0,0,0,0,0,0,0,0,0,0,0,0,0,0,0,0,0,1,0,0,0,0,0,0,1,0,0,0,0,0,0,0,0,0,0,0,0,0,0,1,2,1,0,0,0,0,0,0,0,0,0,0,0,0,0,0,2,0,0,0,0,1,0,0,0,0,1,1,0,1,0,0,0,0,1,0,0,0,0,0,0,0,0,0,0,0,0,0,0,0,0,0,1,0,0,0,0,0,0,0,0,0,0,0,0,0,0,0,0,0,0,0,0,0,0,1,0,0,0,2,0,0,0,0,0,0,0,0,0,1,0,0,0,0,0,0,0,0,0,0,0,0,0,0,1,0,0,1,0,0,0,0,0,0,0,0,1,0,0,0,0,0,0,0,0,0,0,0,0,0,0,0,0,0,0,0,0,2,0,0,0,0,0,0,2,0,0,0,0,0,0,0,0,0,0,0,0,0,0,0,0,0,0,2,1,0,0,0,0,1,0,0,0,0,0,0,0,0,0,0,0,0,0,0,1,0,0,0,0,0,0,0,0,0,0,0,0,0,0,0,0,0,0,1,2,5,0,0,0,0,1,0,0,0,0,0,1,0,0,1,0,0,0,0,0,0,1,0,0,0,0,0,0,2,2,0,0,0,0,0,0,0,0,0,0,0,0,2,0,0,1,0,0,0,0,0,0,0,1,0,0,0,0,0,0,0,0,0,0,2,0,2,0,0,0,0,0,0,0,0,0,0,0,0,0,0,1,0,2,0,0,0,0,0,0,1,0,0,5,0,0,0,0,0,0,0,0,0,0,0,0,0,0,0,0,2,0,0,0,0,2,0,0,0,0,0,0,0,0,0,0,0,0,0,0,0,0,0,0,0,0,0,0,0,0,0,0,0,0,0,1,0,0,0,0,0,0,0,0,0,0,1,0,0,0,0,0,0,0,0,1,0,0,0,0,2,0,0,1,2,0,0,1,0,0,0,0,1,0,0,0,0,0,0,0,0,0,0,0,0,0,0,1
HCK,0,0,0,0,0,0,1,0,2,0,0,0,1,0,0,4,0,0,2,0,0,0,3,0,0,0,0,0,0,0,0,0,0,0,0,0,0,0,0,0,0,0,6,0,0,0,0,0,0,0,0,0,2,0,0,0,0,0,0,0,2,0,0,0,0,0,0,0,1,1,0,0,0,0,0,0,0,0,0,1,0,0,0,1,0,0,0,0,0,0,0,0,0,0,0,1,0,1,0,2,0,0,0,0,0,0,0,0,2,0,0,0,2,2,0,0,0,0,0,0,0,1,1,0,0,0,0,0,3,0,0,0,0,0,0,0,0,0,1,0,0,0,0,0,4,0,1,0,1,0,0,0,0,0,0,0,0,0,0,0,0,0,0,0,0,0,1,0,0,2,0,0,1,0,0,0,0,0,1,0,0,0,0,0,0,0,0,0,0,3,3,0,0,0,1,0,0,0,0,0,1,0,2,0,0,0,0,0,0,0,0,0,0,0,0,0,0,0,0,2,0,0,2,0,1,0,0,2,0,0,0,0,0,2,0,0,1,0,0,0,1,0,0,0,0,0,0,0,1,0,0,0,0,0,0,0,0,0,0,0,0,0,0,0,0,0,0,0,0,0,0,2,1,0,0,0,0,2,0,0,0,1,0,0,0,0,0,0,0,0,0,0,1,0,0,0,0,0,0,0,0,1,0,0,1,0,0,0,5,1,0,0,0,0,0,0,0,0,0,0,0,0,1,0,0,0,3,0,1,0,0,1,0,1,0,0,0,1,0,0,3,0,0,0,0,0,0,2,0,3,1,0,4,0,0,0,0,0,0,0,0,0,0,0,0,0,4,0,0,0,0,1,0,0,0,10,0,0,0,1,1,1,2,0,0,0,0,0,0,0,0,7,0,10,0,1,1,0,0,3,0,0,0,0,0,0,0,0,0,3,0,0,1,0,0,3,0,0,0,0,1,0,0,0,2,0,0,0,0,0,0,0,0,0,0,0,1,0,0,3,0,0,0,0,1,2,0,0,0,0,0,0,0,0,1,0,0,2,1,0,0,0,0,0,2,4,0,0,0,1,0,2,0,0,0,3,1,0,0,0,0,0,0,0,0,0,0,0,0,0,0,0,0,0,0,0,0,0,0,0,1,0,0,0,0,0,0,0,0,0,0,0,0,0,0,0,0,0,0,0,0,0,0,2,1,0,0,0,3,0,2,0,0,0,0,3,0,2,0,0,1,0,0,0,0,0,0,0,0,0,1,3,0,0,1,0,0,4,0,0,1,0,0,0,0,1,0,0,0,0,0,0,0,0,0,1,0,0,0,0,0,0,0,1,0,0,0,0,0,0,0,0,0,3,0,1,0,0,0,1,0,1,2,0,0,3,0,0,0,0,0,0,0,0,0,0,0,0,1,1,0,0,0,0,0,0,0,3,0,0,0,0,0,0,0,0,0,0,0,1,0,0,0,0,0,0,0,0,0,1,0,0,0,0,0,0,0,0,0,2,0,0,1,0,0,0,0,0,0,0,0,0,1,0,0,0,0,3,0,0,0,0,1,0,2,0,0,0,1,0,0,0,0,0,0,0,0,0,0,0,0,0,0,1,0,2,0,0,0,4,0,0,0,0,0,0,0,0,0,0,0,0,0,0,0,0,0,0,0,0,0,0,0,0,0,0,1,0,0,0,0,0,0,0,0,0,0,0,0,0,0,0,0,0,0,0,0,0,0,0,0,0,0,0,0,0,0,0,0,0,0,0,0,0,1,0,0,0,0,0,0,0,0,0,2,2,0,0,0,0,0,0,0,0,1,0,1,1,0,0,0,0,0,0,0,0,0,0,0,0,0,1,0,1,0,0,1,0,0,0,0,0,1,1,0,0,0,0,0,2,0,0,0,0,0,0,0,0,0,0,0,0,0,0,0,0,0,0,0,0,0,0,0,0,0,0,0,3,0,0,0,0,0,0,0,1,0,0,0,0,2,1,1,0,0,0,0,0,0,1,0,0,2,1,0,0,0,0,0,0,0,0,0,1,0,0,0,0,0,0,0,0,0,0,0,0,0,0,0,0,0,0,0,0,1,0,0,0,0,0,0,0,2,0,0,0,0,0,0,1,0,0,0,0,0,0,0,9,0,0,0,0,0,0,0,0,0,0,0,1,0,0,2,0,0,0,2,0,0,0,0,0,0,0,1,0,0,0,1,1,0,4,0,0,0,1,0,0,1,1,0,0,0,4,0,0,0,0,0,0,0,0,0,0,0,0,0,0,0,0,0,1,0,0,0,0,0,0,0,0,0,0,0,0,0,0,0,0,1,0,0,1,0,0,0,0,0,0,0,0,0,3,0,0,0,1,0,0,2,0,0,0,0,0,0,0,0,0,0,0,0,0,0,0,0,0,0,0,0,0,0,0,2,6,1,0,1,0,0,1,2,0,0,3,0,1,0,0,0,3,0,0,0,0,0,0,0,0,0,0,0,0,0,4,0,0,0,0,1,0,0,0,4,0,1,0,0,0,0,0,0,0,0,0,0,0,0,0,0,0,0,0,1,0,0,0,0,0,0,2,0,1,0,0,0,0,0,3,0,0,0,0,3,0,0,0,0,0,0,1,1,0,0,3,1,0,0,0,0,0,0,0,0,0,0,0,0,0,0,0,0,0,0,3,0,0,0,0,0,0,0,0,0,0,0,0,0,0,0,1,0,0,0,0,0,0,2,0,0,0,0,1,0,0,0,0,1,1,0,0,0,0,0,7,0,0,15,0,0,0,0,0,0,0,0,0,0,1,0,0,1,0,0,0,0,0,1,0,0,0,0,0,0,0,0,0,0,0,0,0,4,0,0,0,0,0,0,0,0,0,0,0,0,1,0,0,0,0,0,0,0,1,0,1,0,0,1,0,1,1,0,0,1,0,0,1,0,0,0,1,0,0,0,0,0,0,0,0,0,0,1,0,0,0,0,0,0,0,0,0,0,0,0,0,0,0,0,0,0,0,0,1,0,0,0,0,0,0,0,2,0,0,0,0,0,0,0,1,0,1,0,0,0,0,0,0,0,1,0,0,0,1,0,0,1,0,0,0,1,0,0,5,0,2,0,1,0,0,0,0,0,0,0,0,2,0,1,0,0,2,0,0,0,0,0,0,0,0,0,0,7,0,0,0,0,0,0,2,0,4,0,0,0,0,0,0,0,0,0,0,0,0,0,0,0,0,0,4,0,0,0,0,1,0,0,0,0,0,0,0,0,0,1,0,0,0,0,0,0,0,0,0,0,0,1,0,0,0,0,0,0,0,2,0,1,1,0,0,0,0,0,0,1,0,0,0,3,0,0,0,0,0,0,0,4,0,0,0,0,5,0,0,0,0,0,1,0,0,0,0,0,0,1,0,0,0,0,1,6,0,0,1,0,0,0,0,0,0,0,1,0,0,0,0,0,0,0,0,0,0,0,0,0,0,1,0,1,2,0,0,0,0,1,0,1,0
LY6E,1,1,3,0,0,1,1,2,0,2,0,2,0,0,3,1,1,2,3,1,0,0,1,3,0,1,1,2,1,3,1,0,3,0,0,1,0,1,0,0,1,1,1,1,1,0,2,1,0,1,0,0,3,1,4,0,1,0,2,1,0,1,0,0,0,0,1,0,1,0,0,0,0,1,2,2,4,1,1,0,1,2,1,1,3,0,1,0,2,0,0,1,3,0,0,2,1,1,1,5,2,1,9,0,2,0,1,1,0,1,0,2,0,1,0,2,1,0,3,0,0,0,0,0,0,2,1,0,1,0,0,0,1,0,0,0,0,0,1,0,0,0,1,3,1,3,2,0,4,1,1,2,0,0,1,2,1,1,0,3,0,1,9,1,0,1,0,1,0,1,0,2,2,1,0,0,0,2,0,1,2,0,0,2,0,1,3,2,0,3,4,0,4,1,1,0,1,0,0,3,0,1,1,0,1,1,1,1,1,2,1,0,0,1,5,1,1,1,1,1,0,0,0,1,4,0,1,1,1,2,1,1,3,2,1,2,0,0,1,1,0,0,1,0,3,0,2,0,1,0,0,2,0,3,0,4,1,1,3,0,3,1,1,1,0,1,0,0,2,4,1,2,0,3,1,1,0,2,1,1,0,0,0,0,1,1,2,0,4,2,0,2,0,3,2,0,0,0,3,1,0,2,3,0,0,0,1,1,1,0,1,1,0,1,0,1,1,1,0,3,1,0,1,0,1,0,2,2,0,0,0,0,1,2,0,0,1,1,1,3,1,1,0,0,1,1,2,0,0,0,1,1,6,1,0,0,0,2,2,0,0,1,1,0,1,2,4,0,1,2,3,0,0,0,1,0,1,3,0,2,0,0,2,0,2,2,4,1,0,5,1,14,1,5,0,0,2,0,3,1,0,2,1,0,2,1,1,1,4,0,1,1,1,2,0,1,0,0,1,0,1,1,6,0,4,0,5,0,0,0,0,1,2,1,0,0,0,1,0,0,3,3,1,2,4,3,2,0,0,0,2,2,0,4,2,1,1,0,1,2,0,1,1,0,2,1,1,1,1,0,2,0,2,2,2,1,1,2,0,1,0,1,1,2,0,0,1,2,0,1,2,1,2,0,0,0,1,0,0,4,1,1,1,0,0,3,1,1,0,1,0,0,1,2,2,0,1,0,0,0,0,0,0,1,3,0,1,0,0,3,0,1,3,0,3,0,0,0,0,1,0,1,1,1,0,0,2,0,2,3,2,4,0,0,2,3,2,0,1,1,1,1,0,1,1,0,0,0,3,0,1,2,3,0,2,7,2,1,0,1,2,3,0,1,1,2,2,0,1,1,2,0,0,6,2,3,0,0,0,2,1,0,0,3,3,1,1,1,0,0,1,0,4,0,3,0,1,4,1,3,0,0,1,1,6,1,0,2,1,0,0,0,0,0,1,0,1,1,2,2,2,1,2,1,0,1,1,1,0,0,1,2,0,3,1,0,1,2,0,0,0,0,1,0,0,1,2,2,0,2,1,0,2,0,3,0,0,1,2,0,2,1,1,0,0,0,0,0,1,1,1,0,0,1,3,1,2,1,0,0,1,3,0,1,0,0,0,2,1,4,3,1,0,0,1,2,5,0,0,0,3,0,0,0,0,0,2,2,1,5,1,1,1,1,0,1,0,1,3,0,0,0,0,0,0,0,0,1,1,1,1,0,1,1,0,1,0,0,1,2,0,1,2,0,0,0,1,2,1,1,1,0,0,1,3,0,0,1,1,1,0,0,1,0,0,3,1,1,2,1,3,0,0,0,0,0,0,1,0,0,2,1,0,2,1,1,3,1,0,0,0,0,2,1,0,0,0,0,2,3,5,0,0,0,1,1,0,0,1,0,1,0,1,0,0,1,2,1,0,2,1,0,3,0,4,1,1,4,4,2,2,1,0,0,2,0,0,0,0,2,0,1,0,0,1,0,1,0,2,0,2,0,1,3,0,2,0,1,0,0,0,0,0,0,0,0,2,1,1,1,1,1,0,0,1,0,0,1,0,0,1,2,1,1,4,0,1,0,1,0,0,1,1,2,0,2,0,2,1,1,1,1,2,1,0,1,0,2,2,1,0,3,0,0,2,1,1,11,0,2,0,1,10,1,0,0,2,0,0,0,0,3,0,2,0,0,2,1,0,0,1,3,0,0,1,2,0,0,3,0,1,4,0,1,1,1,0,1,3,0,1,1,0,3,2,0,0,0,1,0,0,0,1,0,1,0,1,1,0,0,1,0,1,1,1,2,0,1,0,2,1,2,0,3,1,1,1,0,0,1,2,0,0,2,2,3,1,0,2,0,2,3,1,1,0,1,2,1,1,1,0,4,2,1,3,2,2,0,0,0,3,1,0,0,3,1,0,1,3,0,1,2,3,4,3,1,3,0,0,1,3,3,0,3,1,0,1,1,0,0,0,0,0,1,0,1,3,1,2,0,0,1,0,10,1,0,0,2,0,1,4,1,5,0,3,2,0,2,1,2,4,2,2,0,1,0,0,0,1,0,0,1,4,1,1,0,4,0,1,1,0,0,0,0,2,1,0,7,0,1,1,0,1,1,1,1,0,1,0,0,0,1,0,0,0,1,1,0,1,1,3,1,1,0,0,0,1,0,0,4,2,1,0,7,1,1,2,0,0,1,0,0,1,1,0,1,0,1,0,0,0,1,1,0,0,0,0,3,5,2,0,0,2,0,0,1,1,0,2,2,0,0,4,3,3,1,5,3,0,0,1,0,0,0,0,2,1,0,0,1,3,3,1,0,2,0,1,0,2,2,3,1,0,1,2,0,2,1,0,1,0,0,0,2,0,2,2,0,2,0,1,0,1,0,1,1,1,0,0,0,1,2,0,2,0,0,1,1,1,2,3,1,1,4,0,1,3,1,1,0,0,0,0,0,0,0,1,0,0,0,8,3,2,0,0,1,0,0,0,4,1,1,2,2,1,1,2,0,3,3,1,0,0,0,1,0,2,1,0,0,0,0,0,1,0,0,0,4,10,1,20,2,1,1,1,0,1,1,2,0,4,4,0,0,6,0,5,1,0,2,1,1,1,0,1,1,0,2,0,1,0,0,0,2,1,1,1,0,0,0,4,0,1,1,0,0,2,0,1,0,14,3,1,2,1,1,0,0,0,1,1,1,0,1,2,0,2,1,0,0,2,0,0,1,0,2,0,1,1,1,0,1,6,0,1,0,1,0,1,2,1,2,0,0,0,0,1,4,1,0,0,2,0,0,0,1,1,1,1,1,0,0,2,0,1,0,1,0,1,4,0,0,4,2,0,0,5,0,0,2,0,0,0,0,0,0,1,2,0,2,0,0,3,1,0,0,0,0,0,2,1,2,1,0,2,1,0,2,1,0,0,8,0,2,1,1,1,0,0,0,1,2,1,1,1,0,4,1,2,0,1,0,0,1,0,0,0,3,2,0,1,2,1,1,0,1
CTSH,0,0,0,1,0,1,1,1,0,0,2,0,0,0,0,0,1,0,1,0,0,0,1,0,0,0,0,0,0,1,0,0,1,0,1,0,0,1,1,0,0,0,3,0,0,0,0,3,0,0,0,0,0,0,0,1,0,0,0,0,0,0,0,0,0,0,0,0,0,0,0,0,0,0,2,0,0,2,0,4,0,0,0,0,0,0,0,0,1,0,0,1,0,0,1,2,0,0,0,6,0,0,2,0,0,1,0,0,0,0,0,0,1,0,0,0,0,0,2,0,0,0,0,0,0,0,0,0,1,0,0,0,0,0,0,0,0,0,0,0,0,1,0,0,3,0,0,0,0,0,2,0,0,0,0,0,0,0,0,1,0,0,2,1,0,0,1,0,3,5,0,0,0,0,0,0,0,0,2,0,0,0,1,0,1,0,0,0,1,0,6,0,0,0,0,1,0,0,0,1,1,0,0,2,0,0,0,1,1,0,0,0,0,0,0,0,0,0,0,3,0,0,0,0,0,0,2,1,0,0,0,0,1,1,0,0,0,0,1,0,0,0,2,0,0,0,0,2,0,0,0,0,0,0,1,0,0,0,0,0,0,1,0,1,0,0,0,0,0,0,0,4,0,0,0,0,0,2,2,0,0,0,0,0,0,0,0,0,0,0,0,0,2,0,0,0,0,0,0,0,0,0,0,0,1,0,1,0,1,0,0,0,0,0,0,0,0,1,0,0,0,0,3,0,0,0,1,0,0,0,0,4,0,0,0,0,0,0,0,3,10,0,1,0,1,0,0,0,1,1,1,0,0,0,0,0,0,1,2,0,0,0,0,0,0,1,2,0,0,0,0,0,0,0,0,5,0,0,0,1,0,0,0,0,0,1,0,2,0,0,0,2,0,4,0,0,3,0,0,2,2,0,0,0,2,0,0,0,0,0,0,0,1,0,0,2,0,1,0,0,1,0,0,0,0,0,0,0,0,0,0,0,0,0,0,0,0,0,0,1,0,0,5,0,0,7,0,0,0,0,0,0,1,0,1,0,0,0,0,0,1,0,0,0,0,1,0,0,0,0,0,0,0,0,0,2,0,0,1,0,0,0,0,0,3,0,1,1,0,1,0,0,0,0,0,0,0,0,0,0,1,0,0,0,0,0,0,6,0,0,0,0,0,0,0,0,0,0,0,0,1,0,0,0,0,0,0,0,1,0,1,2,0,0,2,1,0,1,0,0,0,2,0,0,0,0,3,0,0,1,0,3,0,0,0,0,0,2,0,0,1,1,1,0,0,0,0,0,0,0,0,0,0,0,0,2,0,0,1,1,1,1,0,2,0,0,0,0,0,1,0,0,0,2,0,2,0,1,0,1,1,2,1,0,1,4,1,0,0,0,1,1,0,0,0,0,0,0,2,2,0,0,0,0,0,0,0,0,0,0,2,0,1,0,0,0,0,0,0,1,0,1,0,0,0,0,0,0,0,0,0,0,0,2,0,1,0,0,1,0,2,0,0,0,0,0,0,0,0,0,0,0,0,1,0,0,0,1,0,0,0,6,0,0,1,0,1,0,1,0,0,0,0,1,0,0,0,0,0,0,0,0,0,0,0,0,0,0,0,1,0,0,0,0,1,0,0,0,0,0,0,0,0,0,0,0,1,0,0,0,0,1,0,0,0,0,0,1,0,0,0,0,0,0,0,0,1,0,0,0,1,0,0,0,1,0,0,1,0,0,0,0,1,0,1,0,0,0,1,0,0,0,0,0,1,0,0,0,1,0,0,0,0,0,0,0,0,0,0,0,0,0,0,0,4,0,0,0,0,0,0,1,0,0,1,0,0,1,0,0,0,2,0,0,0,0,0,0,0,0,0,0,2,1,0,0,0,0,0,1,0,0,0,4,0,0,0,0,0,3,2,1,0,2,0,3,0,0,0,0,0,0,1,0,0,0,2,3,0,1,0,0,0,0,0,0,0,1,0,0,2,0,3,0,0,0,0,0,0,0,0,2,0,3,1,0,0,0,0,1,0,0,0,0,0,1,1,0,1,0,1,0,0,0,0,0,2,0,5,1,2,0,0,0,0,0,0,0,0,1,0,5,0,0,1,1,0,0,0,0,0,0,0,0,0,0,0,2,0,0,0,0,2,0,0,0,1,0,0,0,0,0,0,0,1,0,2,0,0,2,0,0,0,0,0,3,0,0,2,1,0,9,1,0,0,0,0,0,0,0,0,0,0,8,1,0,0,0,0,0,0,0,0,0,0,0,0,0,0,0,0,1,0,0,1,0,0,0,0,0,0,0,2,0,0,0,1,0,0,0,0,0,0,0,0,0,0,1,0,0,2,2,0,0,0,0,0,1,0,0,0,1,1,0,0,0,0,0,0,0,1,0,0,0,0,0,0,1,0,1,0,0,2,1,1,0,0,0,0,3,0,1,0,1,0,0,0,1,2,0,0,0,0,0,0,0,1,0,2,1,0,0,0,4,0,0,0,0,0,0,2,0,0,1,4,0,1,0,0,0,0,0,2,1,0,0,0,0,0,0,0,0,1,0,0,0,0,0,0,1,0,0,0,0,0,0,1,0,0,0,0,0,1,0,0,0,0,0,0,0,1,1,0,6,0,0,0,0,0,0,1,0,0,0,0,0,0,0,0,0,1,0,0,0,0,0,0,0,0,2,0,0,0,0,0,0,0,0,0,2,0,0,0,0,1,0,1,0,0,0,0,0,0,0,0,0,0,0,0,1,0,0,0,3,0,0,3,0,0,0,0,1,0,0,0,1,0,0,0,0,4,0,0,0,0,1,4,0,0,0,0,0,0,0,0,0,0,0,0,1,2,0,0,0,0,0,1,0,0,0,0,0,0,0,0,0,0,0,0,0,0,0,0,0,0,0,4,0,0,0,0,1,1,0,0,1,0,0,0,4,1,0,0,0,0,0,0,0,5,0,2,0,0,2,0,0,0,0,0,0,0,0,0,0,0,0,1,0,0,0,0,2,0,2,0,0,0,1,0,2,0,0,0,0,0,0,0,0,6,0,0,1,0,0,0,1,0,0,3,0,0,0,0,0,1,0,0,0,0,0,0,2,0,3,0,6,0,0,0,0,0,0,0,0,5,0,1,0,0,0,0,0,0,0,0,0,0,0,2,0,2,1,0,0,0,0,0,0,0,3,0,0,0,0,0,0,0,0,0,0,0,0,0,0,1,0,0,7,0,0,0,0,2,1,0,0,0,0,0,0,0,0,0,0,0,0,0,0,0,0,0,0,0,0,1,0,0,0,0,0,0,0,0,0,0,0,0,0,0,0,0,0,0,0,0,0,0,0,0,1,2,0,1,3,4,0,0,0,0,3,1,0,0,0,0,0,0,0,1,0,0,0,0,2,0,0,0,1,4,0,0,2,0,0,0,0,3,0,0,1,1,0,1,0,0,0,0,0,0,0,1,0,0,0,2,0,0,5,0,0,0,0,0,0,0,0
STX7,0,1,0,0,0,0,1,0,2,0,0,0,0,0,0,0,0,0,1,0,0,0,1,2,0,0,0,0,0,0,0,0,0,0,0,0,0,0,0,1,0,0,1,0,0,0,0,0,0,0,0,0,1,0,0,0,0,0,0,1,0,0,0,2,0,0,0,0,0,0,0,1,0,0,0,0,0,0,0,0,0,0,0,0,0,0,0,1,0,0,0,0,0,2,0,1,0,1,0,1,0,1,0,0,0,0,0,0,1,0,0,0,0,0,0,1,0,0,0,1,0,0,0,0,0,0,0,0,1,0,0,0,0,3,0,0,0,0,0,2,0,0,0,0,0,0,0,0,0,0,0,0,0,0,0,0,1,0,0,1,0,0,0,0,0,0,0,0,0,0,1,0,0,0,1,0,0,0,1,0,0,0,1,0,0,1,0,0,0,1,0,0,0,0,0,0,0,0,0,0,0,0,0,0,0,0,1,1,0,0,0,0,0,0,0,0,1,0,1,0,0,1,1,0,0,0,0,0,0,0,0,0,0,1,0,0,0,0,1,0,0,0,0,0,1,2,0,0,0,0,0,0,0,1,1,0,0,0,0,0,0,0,0,1,0,0,0,0,0,0,0,1,0,1,0,0,3,0,0,0,1,0,0,0,0,0,0,2,0,0,0,0,1,0,0,0,0,0,0,0,0,0,0,0,0,0,0,0,2,0,0,0,0,0,0,3,0,0,0,0,1,0,3,0,0,0,1,1,0,0,0,0,0,0,2,0,0,0,0,0,0,0,0,0,1,0,0,0,0,0,0,0,2,0,1,0,0,0,0,0,0,1,0,0,1,0,1,0,1,0,1,0,0,0,0,2,0,0,0,0,0,0,0,0,0,0,0,2,0,0,0,2,0,0,0,0,8,0,0,1,0,0,0,0,0,0,0,1,1,0,0,0,0,0,0,2,0,1,0,0,0,0,0,0,0,0,0,0,0,0,0,0,0,0,0,2,0,0,1,2,0,0,0,0,0,1,0,0,4,0,0,0,3,0,0,0,0,0,1,0,1,1,0,1,0,1,0,0,1,0,0,0,1,0,0,0,0,0,1,0,0,0,0,0,0,0,0,0,0,0,0,0,0,0,0,0,0,0,1,1,0,0,0,0,0,0,1,1,0,0,0,1,0,0,0,0,0,1,0,0,0,0,0,0,0,0,1,0,0,0,0,1,0,0,0,0,0,1,0,0,0,0,0,1,0,0,0,0,0,0,0,3,0,0,0,1,0,1,0,1,0,0,0,0,0,0,0,0,0,1,0,0,0,0,0,2,0,0,0,0,1,0,0,2,0,0,0,0,2,0,0,0,0,0,0,0,0,0,0,2,0,0,0,0,0,0,1,0,0,0,0,0,0,0,0,0,0,0,1,0,0,0,0,0,0,0,0,0,0,0,0,0,1,0,0,0,0,1,0,0,0,0,0,0,1,3,1,0,0,0,0,0,0,0,2,0,0,1,0,0,1,1,0,0,0,0,0,0,0,1,0,0,0,1,0,0,0,1,0,0,0,1,0,0,0,0,0,0,0,0,0,0,0,0,0,0,0,0,1,0,0,0,1,0,1,0,0,0,0,0,0,0,1,0,0,0,0,0,0,0,0,0,0,0,0,0,1,0,0,0,0,0,1,0,0,0,0,0,0,2,1,0,0,0,0,0,0,0,0,0,0,0,0,0,2,0,0,2,0,0,0,1,1,0,1,0,0,0,0,0,0,0,0,0,0,0,1,0,0,0,0,0,0,0,0,1,0,0,0,0,0,0,0,0,0,0,0,0,0,0,0,0,1,0,0,0,1,0,1,0,0,0,0,0,0,0,0,0,0,0,0,1,0,1,4,1,0,1,0,0,0,0,1,0,0,0,0,0,0,2,0,2,0,0,0,2,0,0,0,0,0,0,0,0,0,0,0,1,0,1,0,1,0,0,0,0,0,1,0,0,1,0,0,0,0,0,0,0,2,0,0,3,0,1,0,0,2,0,1,0,0,0,0,0,0,0,2,1,0,0,2,0,0,0,0,0,0,1,0,1,0,0,0,0,0,0,1,0,0,0,0,0,0,0,1,0,0,0,0,0,0,0,1,1,2,0,0,0,0,1,1,0,0,1,0,1,0,0,0,0,0,0,0,0,0,1,1,0,0,1,0,0,0,0,0,0,0,0,1,0,0,0,0,0,0,1,0,0,0,0,0,0,0,0,0,0,0,0,0,0,1,0,0,0,0,0,0,0,2,0,0,0,0,0,0,1,1,0,0,0,0,0,0,0,0,0,1,2,0,0,0,0,0,0,0,0,1,1,0,0,1,0,0,0,0,1,0,0,0,0,0,0,0,0,0,0,0,0,0,0,0,0,0,0,0,0,0,0,0,0,0,0,0,1,0,1,0,0,0,0,0,0,0,0,0,0,1,0,0,0,0,0,0,0,0,0,1,0,3,1,1,1,0,1,0,0,0,0,0,0,0,0,0,1,0,0,0,0,1,0,1,0,0,0,0,0,0,0,0,0,0,0,0,0,0,0,1,0,0,1,0,0,0,0,0,0,0,0,0,0,0,0,0,0,0,0,0,0,1,0,0,0,0,1,0,0,0,3,0,0,0,0,0,1,0,0,2,0,1,0,1,0,0,0,0,0,0,0,1,1,0,0,0,0,0,0,0,0,0,0,0,0,0,0,0,0,0,0,1,0,0,0,0,0,1,1,0,0,0,1,1,0,0,3,0,0,0,0,0,1,0,2,0,0,1,1,1,1,0,0,0,1,0,0,0,2,0,0,0,0,1,0,0,0,0,0,0,0,0,0,1,0,0,0,1,0,0,1,0,0,0,0,0,1,0,2,0,0,0,0,0,0,1,0,0,0,0,0,0,0,1,0,1,0,0,0,0,0,0,0,0,0,0,0,0,0,0,0,1,0,0,0,0,0,0,0,1,0,0,0,0,0,0,0,1,0,0,0,0,2,0,1,0,0,0,0,0,4,0,0,0,0,0,1,0,0,0,0,0,0,1,0,0,0,0,1,0,0,1,1,0,0,0,0,1,0,2,1,0,0,0,0,0,0,0,0,0,0,0,0,0,0,0,0,0,0,0,0,0,1,0,0,0,0,1,0,0,0,0,0,2,0,0,0,0,0,0,0,0,0,0,0,0,0,0,0,0,0,1,0,0,0,0,0,1,0,0,3,0,0,0,1,1,0,0,0,0,0,0,0,0,0,0,0,0,0,0,0,0,0,0,0,0,0,0,0,0,0,0,0,0,0,0,0,0,1,0,1,0,0,0,0,0,0,0,0,0,0,0,0,0,0,0,0,3,0,0,1,0,1,0,0,0,1,0,0,0,0,1,0,0,0,0,1,0,0,0,1,0,0,2,0,0,0,0,1,0,1,0,0,3,0,0,0,0,0,0,0,0,0,1,0,0,0,1,0,0,0,0,0,0,0,0,0,0,0
XBP1,0,1,0,1,0,0,0,0,0,0,1,0,0,0,2,3,0,2,0,0,1,5,0,0,0,0,1,0,2,0,1,0,0,2,1,0,0,2,0,0,0,2,3,0,0,0,0,1,0,0,1,2,0,2,0,1,1,0,0,3,3,0,0,0,0,1,1,0,0,0,1,0,0,0,2,0,0,0,0,1,0,3,0,2,0,0,0,0,2,1,2,1,0,1,1,0,1,0,0,1,1,0,0,0,0,1,0,5,1,1,0,1,0,2,0,0,1,0,0,0,0,0,0,0,0,0,0,1,0,0,1,1,0,0,0,1,0,0,0,0,1,1,0,0,0,1,0,1,0,2,6,0,0,0,0,0,1,0,0,2,0,0,0,0,1,3,0,0,0,0,0,0,1,0,0,1,0,0,0,0,0,0,0,0,0,0,0,0,0,1,0,0,0,0,0,1,1,2,0,0,1,4,0,0,1,3,1,1,1,0,0,0,1,0,1,1,0,1,1,0,0,1,1,0,0,1,0,2,0,0,1,0,0,1,0,0,1,0,1,0,0,1,1,0,0,0,1,1,0,0,0,0,0,0,0,2,3,1,0,0,0,0,0,1,0,1,0,0,0,2,5,1,0,0,0,0,1,1,6,0,0,1,0,0,1,0,0,0,0,0,0,3,0,0,0,0,0,0,2,3,0,1,1,0,0,1,2,0,1,0,0,0,0,1,0,1,3,2,0,0,1,0,2,0,2,0,0,0,0,1,0,1,0,0,0,0,0,0,0,1,2,0,0,1,0,0,2,0,0,0,0,1,4,0,0,3,0,0,1,0,1,0,0,0,1,0,0,0,0,0,3,0,2,0,4,0,0,1,0,0,1,0,1,0,0,0,2,0,0,0,0,0,1,1,0,0,0,0,1,0,2,0,2,1,0,0,2,0,0,0,1,2,0,1,2,2,0,0,0,0,2,0,1,1,1,0,1,1,0,1,0,2,0,0,1,0,2,1,0,1,0,0,1,0,1,3,0,0,0,1,1,0,0,0,0,1,0,0,2,0,2,0,0,0,3,1,0,0,3,0,0,0,0,1,0,0,1,2,0,0,0,2,1,0,0,1,2,0,0,0,1,0,0,0,0,0,0,1,0,1,1,0,0,0,0,0,0,0,0,0,0,0,0,0,0,0,0,0,0,0,0,0,0,0,0,0,2,0,0,0,1,0,0,0,0,0,0,2,1,1,6,0,0,1,1,1,0,1,1,0,1,2,0,1,0,1,0,0,2,0,0,0,0,2,1,0,2,0,1,0,0,1,1,0,0,0,1,0,0,3,0,0,1,0,1,0,0,0,0,0,0,0,3,0,0,0,0,0,0,1,1,0,1,0,1,1,0,0,0,0,0,0,3,1,0,1,2,1,0,2,0,0,1,0,1,0,0,0,0,1,0,1,0,2,0,0,0,1,0,1,0,1,2,0,3,1,2,1,0,0,1,0,0,1,0,0,0,0,0,0,0,0,0,0,0,1,0,0,3,0,0,0,0,0,2,1,0,0,0,2,1,0,1,1,0,0,0,0,1,0,0,0,2,0,0,0,2,1,0,0,3,0,2,1,0,0,0,0,0,4,0,2,0,0,0,0,1,1,0,0,0,0,0,0,0,2,0,0,1,2,1,0,1,0,3,0,0,0,0,0,1,0,0,0,0,0,0,0,0,1,0,0,0,0,0,0,0,1,0,0,0,0,0,2,1,0,0,0,2,0,0,0,0,0,0,0,0,1,2,1,0,0,0,0,1,0,1,0,1,0,0,1,1,0,1,0,1,0,0,0,0,0,0,0,3,1,1,1,0,0,1,0,0,0,1,0,0,0,0,1,2,0,0,0,0,3,0,0,0,1,0,1,1,0,0,2,0,0,0,2,0,0,2,1,1,0,0,0,1,2,0,0,0,0,1,1,0,1,0,1,1,0,2,0,0,0,2,1,2,0,0,2,0,2,0,0,1,0,0,1,0,0,4,0,2,0,0,0,0,1,0,1,2,0,0,1,1,1,0,0,0,1,0,1,1,0,0,0,1,0,2,2,0,0,0,0,0,0,0,0,0,1,1,1,1,1,0,2,0,2,0,0,0,0,0,0,0,2,0,1,1,1,0,2,1,0,1,0,0,2,0,0,4,0,1,0,0,1,0,0,1,1,0,0,0,1,0,1,0,0,0,2,1,2,0,1,0,0,0,0,1,0,1,0,3,0,0,1,0,0,0,2,0,0,1,2,0,0,0,0,0,0,4,0,0,0,0,0,0,1,1,2,2,1,0,0,1,0,0,1,0,0,0,1,1,1,2,1,1,2,4,2,0,0,0,1,0,1,0,0,0,3,1,0,1,0,1,1,1,0,1,0,1,0,2,0,0,1,1,1,1,1,1,0,0,1,0,0,0,1,1,1,0,0,0,0,1,0,2,0,2,0,0,1,1,2,2,0,0,0,1,0,2,1,1,0,0,0,0,0,1,1,3,1,1,0,0,0,0,0,0,0,0,1,0,0,0,1,1,0,0,0,0,0,0,3,1,1,1,0,1,1,0,1,0,0,1,1,0,0,2,1,0,2,0,1,0,0,5,1,0,0,2,1,0,1,0,0,1,4,1,1,0,0,1,0,0,0,1,4,0,1,0,1,0,2,0,0,0,3,3,0,1,0,1,0,3,0,0,0,0,0,0,1,0,2,1,0,0,1,0,0,3,0,1,0,0,0,0,1,0,0,1,1,2,0,5,1,1,3,0,0,0,0,1,0,1,1,0,0,1,1,0,1,1,0,0,0,0,1,1,0,0,0,0,0,0,7,0,1,0,0,0,1,0,0,0,0,0,0,1,0,1,0,2,0,0,2,0,0,0,0,0,1,0,0,0,4,0,0,1,0,1,3,0,0,0,0,0,1,0,0,0,0,0,0,0,0,1,0,0,0,1,1,0,0,0,0,0,0,0,0,0,0,3,0,0,1,2,1,0,0,0,1,0,0,1,0,1,4,0,0,0,1,0,0,0,0,1,1,0,0,0,1,0,0,0,0,0,0,0,0,0,0,0,1,0,1,2,0,0,1,0,1,0,0,1,2,0,0,0,0,0,0,3,0,1,0,1,2,0,1,0,1,0,0,0,0,0,2,0,0,1,0,0,0,0,0,0,0,1,1,1,0,2,0,0,0,0,2,0,1,0,0,0,1,0,0,0,1,0,3,0,0,0,0,1,3,0,0,0,3,0,0,0,0,0,1,0,0,0,0,0,0,0,4,0,0,1,0,0,0,2,2,1,0,0,0,0,0,0,1,0,0,0,1,1,0,1,3,0,0,2,0,1,0,2,0,2,0,0,0,1,1,2,0,4,0,0,1,1,1,0,1,1,0,1,0,0,0,0,0,0,0,0,0,0,0,1,0,0,0,1,0,0,1,0,0,0,0,1,0,0,0,0,0,0,2,3,2,0,1,1,1,0,2
LINC00861,4,2,0,0,0,0,0,0,0,1,0,0,0,0,1,0,1,0,0,0,1,0,0,0,1,0,1,0,1,0,2,0,0,0,0,0,0,0,0,0,0,1,0,0,1,0,0,0,1,0,0,0,0,2,1,0,1,1,0,1,0,1,0,0,0,0,0,0,0,2,0,0,0,0,0,0,0,1,0,0,0,0,0,0,0,2,0,1,0,1,0,0,0,0,0,0,1,0,0,0,1,0,0,0,0,0,0,1,0,1,3,0,0,0,0,2,1,1,0,0,0,0,0,0,0,1,0,0,0,0,0,0,1,0,1,0,0,1,0,1,0,0,0,0,0,3,0,0,3,0,0,1,0,0,0,2,1,1,0,0,0,0,0,0,3,0,1,0,0,1,1,0,0,0,0,0,0,0,0,0,1,0,0,0,0,0,0,1,0,0,0,0,0,0,0,0,1,0,0,0,0,0,0,0,0,0,0,1,0,0,1,1,0,1,0,0,1,0,0,0,0,0,0,0,3,1,0,0,0,1,1,1,0,1,0,0,0,0,0,0,0,0,0,0,0,0,0,0,0,0,1,0,0,1,0,3,1,0,0,0,0,0,0,0,1,0,1,0,2,0,1,0,0,0,0,0,0,0,0,0,0,0,0,0,1,1,1,0,1,0,0,2,0,0,2,0,0,0,0,1,1,0,0,1,0,2,2,0,0,2,0,0,0,1,0,0,2,1,0,0,1,1,1,0,0,3,0,0,0,0,0,0,0,0,0,0,1,0,0,0,0,0,0,0,1,2,0,0,4,0,0,0,0,1,0,0,0,2,0,0,1,0,0,0,1,0,0,0,0,0,0,0,1,0,0,0,0,1,2,0,0,0,0,0,0,0,3,1,0,0,2,0,0,0,1,0,0,0,0,0,0,0,1,1,0,0,0,0,0,0,1,0,0,1,0,0,0,0,1,1,0,0,3,3,0,0,2,1,0,0,0,1,1,1,0,0,0,0,1,0,0,2,0,0,0,0,0,0,0,0,2,1,0,0,0,0,0,0,0,0,0,1,0,0,0,0,2,0,0,0,0,0,0,1,1,0,0,0,0,0,0,0,0,2,0,1,1,0,0,0,3,1,0,0,0,0,3,0,0,1,0,0,0,1,0,1,0,0,1,1,0,0,0,1,1,0,0,1,0,0,0,0,1,0,0,0,0,0,0,0,0,0,0,0,0,0,1,0,1,1,0,1,0,1,0,0,0,0,1,2,0,0,0,0,0,0,0,0,0,0,0,1,0,1,0,1,1,1,2,0,2,1,0,0,0,0,0,0,0,0,0,0,1,0,0,0,0,1,0,0,0,0,1,0,0,0,2,0,0,0,0,0,0,0,0,0,0,0,0,1,0,0,1,0,3,2,0,0,0,0,2,0,0,0,0,0,0,0,0,0,0,0,0,0,0,0,0,2,1,0,0,0,2,0,0,0,0,1,1,0,0,0,0,1,0,0,0,0,0,0,0,0,0,0,0,0,0,0,2,0,1,0,0,0,1,0,0,0,0,0,0,0,0,0,0,0,0,0,0,1,0,0,0,0,4,1,1,1,1,0,0,0,0,0,0,0,2,0,0,0,0,1,0,0,0,1,2,0,0,0,2,0,0,1,0,0,0,1,0,1,0,1,0,1,0,1,0,0,0,1,0,2,0,0,0,1,0,1,2,0,0,1,2,1,0,0,0,0,0,0,0,0,0,2,0,0,1,1,0,1,1,0,0,0,0,0,0,2,0,0,0,0,1,0,0,0,0,3,1,0,0,0,1,0,1,0,3,0,0,0,0,0,0,0,1,1,2,0,0,0,0,0,0,0,0,0,0,0,1,3,0,0,1,0,0,2,0,0,0,0,1,0,0,0,0,0,0,0,0,0,0,0,0,0,0,0,0,2,0,1,0,0,0,0,1,0,0,0,0,0,0,1,0,1,0,0,0,0,1,0,0,0,0,0,0,0,1,5,0,0,1,0,0,0,0,0,0,1,0,0,1,0,0,1,0,0,0,0,0,0,0,0,0,1,2,0,0,0,0,0,0,0,2,0,0,0,0,2,0,0,0,0,0,0,0,0,0,0,0,0,0,0,1,0,0,0,1,0,0,0,0,0,2,0,0,1,0,0,1,0,0,4,0,1,1,0,0,0,0,0,2,0,0,1,0,0,0,1,0,0,1,0,0,0,0,0,0,0,0,1,1,0,0,0,1,2,0,1,0,1,0,0,0,0,0,1,0,0,0,0,0,0,3,0,2,0,1,1,0,0,0,3,0,2,1,0,0,1,0,0,0,0,0,1,1,1,0,0,0,4,0,1,0,1,0,1,1,1,0,2,1,0,0,1,2,0,2,1,0,0,0,0,0,1,0,0,0,1,0,0,0,1,0,0,0,0,0,0,0,0,0,0,1,0,0,0,2,0,0,0,0,0,0,1,0,1,0,0,0,0,0,0,1,0,1,0,0,0,0,0,0,2,0,0,0,0,1,0,0,0,0,1,0,1,0,0,0,1,2,0,0,0,0,1,1,0,1,0,0,0,0,0,0,0,0,1,0,0,0,0,0,0,0,0,0,0,0,0,0,0,0,0,0,0,0,0,0,0,0,0,0,0,0,0,0,0,0,0,1,0,0,2,0,0,0,0,0,1,0,0,0,1,0,0,1,0,0,0,0,0,1,1,0,3,0,0,0,0,0,0,3,1,2,0,1,5,0,0,0,0,0,0,0,0,1,0,0,2,1,0,1,0,0,0,0,0,0,0,2,0,0,0,0,0,0,0,0,1,2,2,2,1,1,0,0,0,0,0,0,0,0,0,0,0,0,2,0,0,0,1,1,0,0,0,0,0,2,0,1,2,0,0,0,0,0,0,0,0,0,0,0,0,0,0,0,0,1,1,1,0,0,0,0,0,0,1,0,0,0,0,0,0,0,0,0,0,0,1,0,1,0,0,2,0,2,0,0,0,1,0,0,0,0,0,0,1,1,1,0,0,0,1,2,0,0,3,0,0,1,0,0,0,1,0,0,0,0,0,0,1,0,3,0,0,0,3,0,1,1,0,1,0,3,0,0,0,0,1,0,0,0,0,0,1,0,1,0,0,0,0,2,0,0,0,0,1,0,0,1,0,0,2,0,0,1,0,0,0,0,0,0,0,0,0,0,0,1,1,0,0,1,0,0,0,0,0,0,0,0,1,0,0,0,0,0,0,0,0,1,1,1,0,0,0,3,0,0,0,0,0,0,1,0,2,0,0,1,0,0,0,0,5,0,0,0,0,1,0,1,3,3,2,0,1,2,0,0,0,0,1,0,0,0,0,0,0,1,3,0,0,0,0,0,1,0,0,1,0,0,2,0,3,1,0,1,0,0,0,0,1,0,0,0,1,0,1,0,0,0,0,0,0,0,0,1,0,0,2,0,0,0,0,1,0,0,2,0,1,1,0,0,0,0,0,1,0
CTSC,0,0,0,2,0,0,0,0,0,0,0,0,0,0,2,7,1,1,0,0,0,0,1,0,0,0,1,0,0,1,1,0,1,2,2,0,0,0,0,0,0,0,0,0,0,0,0,0,0,0,0,0,1,0,0,0,0,0,1,1,2,0,1,3,0,2,0,0,2,0,0,0,0,0,0,0,1,1,0,1,0,0,1,1,0,0,0,1,1,0,8,1,1,2,0,2,0,0,0,0,1,0,0,0,0,0,1,1,2,0,0,0,0,0,0,0,0,0,0,0,0,1,1,0,0,0,0,0,1,0,0,0,0,0,0,0,0,0,1,0,0,1,1,1,2,1,0,0,3,2,0,1,2,0,0,0,0,0,0,0,0,0,0,0,1,0,0,2,0,1,1,1,1,0,1,0,0,2,2,0,0,0,0,0,0,0,0,0,1,1,0,2,0,1,0,0,0,0,0,1,0,3,1,0,0,0,1,0,0,0,0,2,2,0,0,0,1,1,7,1,0,0,9,0,3,1,0,0,0,0,0,1,1,2,1,1,0,0,0,0,0,0,0,0,0,0,1,0,0,1,0,0,0,0,0,0,0,0,0,0,0,0,0,0,0,0,0,1,0,0,1,2,0,2,0,0,0,2,0,1,1,0,0,1,0,1,1,0,0,0,0,0,0,0,0,0,0,0,0,0,0,0,3,0,0,0,1,0,2,0,0,1,0,1,1,0,0,3,0,1,0,0,2,0,0,0,0,0,0,0,0,1,0,0,1,0,0,0,0,1,2,0,0,0,0,0,0,0,1,3,1,0,3,0,1,1,1,0,1,0,1,0,0,0,2,0,0,1,0,1,2,0,2,0,0,2,0,0,0,0,0,0,0,1,0,1,0,0,0,0,0,10,1,3,0,0,1,0,2,0,0,2,1,0,0,0,0,0,2,0,0,0,0,0,0,0,0,0,0,0,1,0,2,1,2,0,1,0,0,0,0,1,0,0,0,0,0,2,0,1,0,0,2,0,1,3,4,0,0,0,0,1,0,0,0,0,0,2,3,0,1,0,0,0,3,0,0,0,0,0,0,0,3,1,0,2,2,0,0,0,0,0,0,1,0,0,1,0,0,0,0,0,0,1,0,0,0,0,0,2,0,1,0,3,0,1,0,2,2,0,0,1,0,0,0,0,0,0,0,0,0,0,0,2,0,0,1,0,3,0,1,0,0,0,0,3,1,2,0,0,2,0,0,1,0,0,1,0,0,2,1,2,0,0,0,0,0,0,1,0,0,0,0,1,0,0,0,0,0,0,0,0,0,0,0,1,1,1,0,1,0,2,0,0,1,1,0,0,0,0,0,0,0,0,2,1,1,0,1,0,0,0,0,1,0,0,1,1,0,0,0,0,1,0,0,0,1,0,0,0,2,0,0,0,0,0,0,1,0,0,0,0,0,3,1,0,0,0,0,0,0,0,0,1,0,0,4,0,0,0,0,0,0,0,0,0,0,0,0,0,0,0,0,4,1,2,0,0,0,0,0,0,0,0,1,0,0,1,0,0,0,2,0,0,0,0,2,0,0,0,0,1,0,0,0,0,0,0,0,0,1,1,7,1,0,0,0,0,0,1,1,0,0,0,0,0,1,1,0,0,0,1,0,2,0,0,0,1,0,0,0,1,1,0,7,0,1,0,2,0,0,0,1,0,1,0,0,0,0,0,0,0,0,1,0,0,0,0,1,1,0,0,0,0,0,0,2,0,0,0,0,0,0,0,2,0,1,0,0,0,0,0,0,0,0,0,0,0,0,1,0,0,0,0,1,0,1,0,0,0,0,0,0,0,0,0,3,0,0,0,0,1,0,0,0,0,1,1,1,1,4,0,3,0,0,0,0,0,0,0,1,1,0,0,1,1,0,2,0,0,0,0,0,1,0,0,0,0,0,0,0,0,1,0,2,0,0,0,1,0,0,1,0,0,0,0,0,0,0,0,0,1,2,0,0,1,1,0,0,1,0,0,0,1,0,0,0,0,0,0,0,0,3,2,0,0,0,0,0,0,0,0,0,0,0,0,0,0,2,0,1,1,1,0,0,0,0,0,0,0,0,2,0,1,2,1,0,1,0,1,0,1,0,0,0,0,0,4,0,1,0,0,2,1,0,1,1,1,0,1,0,0,0,0,1,0,0,0,0,0,0,0,0,1,0,1,0,0,0,0,0,2,0,0,0,0,0,0,0,0,0,0,0,2,1,0,0,0,1,0,1,1,0,0,0,0,0,0,0,0,0,1,0,1,0,0,0,2,0,0,0,0,0,0,0,0,0,0,0,0,0,0,0,0,0,0,0,0,0,0,1,0,0,0,0,0,0,0,1,0,0,1,1,0,0,0,0,0,0,0,0,0,0,0,0,0,0,1,0,0,0,2,2,3,2,0,0,2,2,0,2,0,0,2,0,8,0,0,0,2,7,0,0,0,1,1,0,0,0,0,0,0,1,2,0,0,0,0,0,0,0,2,4,0,1,0,0,2,1,2,2,0,0,0,0,0,0,1,1,1,0,0,2,0,0,0,2,0,0,0,0,0,0,1,0,0,0,0,0,0,0,0,1,1,0,0,0,0,4,0,1,0,4,0,0,0,0,0,1,1,0,0,0,1,0,0,0,0,0,2,0,0,1,0,1,1,0,0,0,1,0,1,0,0,0,0,2,0,0,0,0,0,0,0,0,0,1,0,0,0,0,0,0,0,0,0,0,2,1,0,0,0,0,7,2,0,1,0,0,0,0,0,0,0,0,0,0,2,0,0,1,0,0,0,1,10,1,0,0,0,3,0,0,0,0,0,0,1,1,0,0,0,0,0,0,1,2,0,0,0,0,0,1,0,2,0,0,3,0,0,0,0,4,0,0,0,1,3,0,0,0,0,0,1,0,0,2,0,0,1,0,0,0,0,0,0,2,0,0,0,0,0,0,1,0,0,1,0,0,0,0,0,1,0,0,0,0,0,4,0,0,1,0,1,0,0,0,0,0,0,0,0,0,1,0,0,0,0,4,0,1,0,1,0,0,0,0,0,0,1,0,3,0,0,1,0,1,2,0,0,0,3,1,2,1,0,0,1,0,0,0,0,0,0,2,0,1,0,0,1,1,0,1,1,0,0,0,0,0,8,10,0,0,0,0,1,0,0,0,2,1,0,1,0,0,1,1,0,1,4,0,1,0,0,1,2,0,1,0,0,0,1,2,1,0,0,0,0,0,0,0,3,0,0,0,0,0,1,0,0,0,1,1,0,0,0,1,1,0,1,0,1,1,0,0,0,0,0,0,0,0,0,0,0,0,2,3,0,0,1,1,0,0,0,3,0,1,0,0,2,0,0,0,0,0,0,0,0,2,0,0,0,1,1,0,1,0,2,1,0,0,0,0,2,0,0,0,0,1,1,0,0,3,0,0,0,0,0,2,0,0,0,1,0,1,0,0,3,0,0,0,0,2,0,0,0
NA..18,0,0,0,0,0,0,0,0,1,0,3,0,0,0,0,0,0,0,0,0,0,0,0,0,0,0,0,0,0,0,0,0,0,0,0,0,0,0,0,0,0,0,0,0,0,0,0,0,0,0,0,0,0,0,0,0,0,0,0,0,0,0,0,0,0,0,0,0,0,0,0,0,0,0,0,0,0,0,0,0,0,0,0,0,0,0,0,3,0,0,0,0,0,0,0,0,0,0,0,28,0,0,0,0,0,0,0,0,0,0,0,0,0,0,0,0,0,0,0,1,0,0,0,0,0,0,0,0,0,0,0,0,0,0,0,0,0,0,0,0,0,0,0,0,0,0,0,0,0,0,0,0,0,0,0,0,0,0,0,0,0,0,0,0,0,0,0,0,0,0,0,0,0,0,0,0,0,0,0,0,0,0,0,0,0,0,0,0,0,0,0,0,0,0,0,0,0,0,0,0,0,0,1,0,0,0,0,0,8,0,0,0,0,0,0,0,0,0,0,0,0,0,0,0,0,0,0,0,0,0,0,0,0,0,0,0,0,0,0,0,0,0,0,0,0,0,0,0,0,0,0,0,0,0,0,0,0,0,0,0,0,0,0,0,0,0,0,0,0,0,0,0,0,0,0,0,0,0,0,0,0,0,0,0,0,0,0,0,0,0,0,0,0,0,0,0,0,0,0,0,0,0,0,0,0,0,0,0,0,0,0,0,0,0,0,0,0,0,0,0,0,0,0,0,0,0,0,0,0,0,0,0,0,0,0,0,0,0,0,0,0,0,0,0,0,0,0,0,0,0,0,0,0,0,0,0,0,0,0,0,0,0,0,0,0,0,0,0,0,0,0,0,0,0,0,0,0,0,0,0,0,0,0,0,0,0,0,0,0,0,0,0,0,0,0,0,1,0,0,0,0,0,0,0,0,0,0,0,0,0,0,0,0,0,0,0,0,0,0,0,0,0,0,0,0,0,0,0,0,0,0,0,0,0,0,0,0,0,0,0,0,0,0,0,0,0,0,0,0,0,0,0,0,0,0,0,0,0,0,0,0,0,0,0,0,0,0,0,0,0,0,0,0,0,0,0,0,0,0,0,0,0,0,0,0,0,0,0,0,0,0,0,0,0,0,0,0,0,0,0,0,0,0,0,0,0,0,0,0,0,0,0,0,0,0,0,0,0,0,0,0,0,0,0,0,0,0,0,0,0,0,0,0,0,0,0,0,0,0,0,0,0,0,0,0,0,0,0,0,0,0,0,0,0,0,0,0,0,0,0,1,0,0,0,0,0,0,0,0,0,0,0,0,0,0,0,0,0,0,0,0,0,0,0,0,0,0,0,0,0,0,0,0,0,0,0,0,0,0,0,0,0,0,0,0,0,0,0,0,0,0,0,0,0,0,0,0,0,0,0,0,0,0,0,0,0,0,0,0,0,0,0,0,0,0,0,0,0,0,0,0,0,0,0,0,0,0,0,0,0,0,0,0,0,0,0,0,0,0,0,0,0,0,0,0,0,0,0,0,0,0,0,0,0,0,0,0,0,0,0,0,0,0,0,0,0,0,0,0,0,0,0,0,0,0,0,0,0,0,0,0,0,0,0,0,0,0,0,0,0,0,0,0,0,0,0,0,0,0,0,0,0,0,0,0,0,2,0,0,0,0,0,0,0,0,0,0,0,0,0,0,0,0,0,0,0,0,0,0,0,0,0,0,0,0,0,0,0,0,0,0,0,2,0,0,0,0,0,0,0,0,0,0,0,0,0,0,0,0,0,0,0,0,0,0,0,0,0,0,0,0,0,0,0,0,0,0,0,0,0,0,0,0,0,0,0,0,0,0,0,0,0,0,0,0,0,0,0,0,0,0,0,0,0,0,0,0,0,0,0,0,0,0,0,0,0,0,0,0,1,0,0,0,0,0,0,0,0,0,0,0,0,0,0,0,0,0,0,0,0,0,0,0,0,0,0,0,0,0,0,1,0,0,0,0,0,0,0,0,0,0,0,0,0,0,0,0,0,0,8,0,0,0,0,0,0,0,0,0,0,0,0,0,0,0,0,0,0,0,0,0,0,0,0,0,0,0,0,0,0,0,0,0,0,0,0,0,0,0,0,0,0,0,0,0,0,0,0,0,0,0,0,0,0,0,0,0,0,0,0,0,0,0,0,0,0,1,0,0,0,0,0,0,0,0,0,0,0,0,0,0,0,0,0,0,0,0,0,0,0,0,0,0,0,0,0,0,0,0,0,0,0,0,0,0,0,0,0,0,0,0,0,0,0,0,0,0,0,0,0,0,0,0,0,0,0,0,0,0,0,0,0,0,0,0,0,0,0,0,0,0,0,0,0,0,0,0,0,0,0,0,0,0,0,0,0,0,0,0,0,0,0,0,0,0,0,0,0,0,0,0,0,0,0,0,0,0,0,0,0,0,0,0,0,0,0,0,0,0,0,0,0,0,0,0,0,0,0,0,0,0,0,0,0,0,0,0,0,0,0,0,0,0,0,0,0,0,0,0,0,0,0,0,0,0,0,0,0,0,0,0,0,0,0,0,0,0,0,0,0,0,0,0,0,0,0,0,0,0,0,0,0,0,0,0,0,0,0,0,0,0,0,0,0,0,0,0,0,0,0,0,0,0,0,0,0,0,0,0,0,0,0,0,0,0,0,0,0,0,1,0,0,0,0,0,0,0,0,0,0,0,0,0,0,0,0,0,0,0,0,0,0,0,0,0,0,0,0,0,0,0,0,0,0,0,0,0,0,0,0,0,0,0,0,0,0,0,0,0,0,0,0,0,0,0,0,0,0,0,0,0,0,0,0,0,0,0,0,14,0,0,0,0,0,1,0,0,0,0,0,0,0,0,0,0,0,0,0,0,0,0,0,0,0,0,0,0,0,0,0,0,0,0,0,0,0,0,0,0,0,0,0,0,0,0,0,0,0,0,0,0,0,0,0,0,0,0,0,0,0,0,0,0,0,0,0,0,0,0,1,0,0,0,0,0,0,0,0,0,0,0,0,0,0,0,0,0,0,0,0,0,0,0,0,0,0,0,0,0,0,0,0,0,0,0,0,0,0,0,0,0,0,0,0,0,0,0,0,0,0,0,0,0,0,0,0,1,0,0,0,0,0,0,0,0,0,0,0,0,0,0,0,0,0,0,0,0,0,18,0,0,0,0,0,0,0,0,0,0,0,0,0,0,0,0,0,0,0,0,0,0,0,0,0,0,0,0,0,0,0,0,0,0,0,0,0,0,0,0,0,0,0,0,0,0,0,0,0,0,0,0,0,0,0,0,0,0,0,0,0,0,0,0,0,0,0,0,0,0,0,0,0,0,0,0,0,0,0,0,0,0,0,0,0,0,0,0,0,0,0,0,0,0,0,0,0,0,0,0,0,0,0,0,0,0,0,0,0,0,0,0,0,0,0,0,0,0,0,0,0,0,0,0,0,0,0,0,0,0,0,0,0,0,0,0,0
PIM1,1,0,0,0,0,0,0,0,0,1,0,0,0,0,0,1,0,0,0,0,0,0,0,0,0,0,0,0,1,0,1,2,0,0,0,0,1,1,0,0,0,0,0,0,1,0,0,0,0,1,0,0,0,0,0,0,0,0,0,0,0,0,0,0,0,0,0,0,0,0,0,0,1,0,0,0,0,0,0,0,0,2,0,0,0,0,0,0,0,0,0,0,0,1,3,1,1,0,0,0,0,0,0,0,0,0,1,1,1,0,0,0,0,0,1,0,0,2,0,0,0,0,0,0,1,3,0,0,0,0,0,0,0,0,0,0,0,0,0,1,0,0,0,0,0,1,0,1,7,0,0,0,0,0,0,4,0,0,0,0,0,1,0,0,0,0,0,0,0,0,0,1,0,0,0,0,1,1,0,0,0,0,0,0,0,0,0,0,0,0,0,0,0,0,0,0,0,0,0,0,0,0,0,0,0,0,0,0,0,0,0,0,0,0,0,0,1,0,0,0,0,0,0,0,7,0,0,0,0,1,0,2,0,0,0,1,0,1,0,0,0,1,0,0,1,0,1,0,0,0,0,0,0,1,0,0,0,2,0,0,1,0,2,0,0,0,0,1,0,0,1,0,0,0,0,1,0,0,0,0,0,0,0,0,0,0,0,0,1,0,0,1,0,0,0,0,0,0,0,0,0,1,0,1,0,0,0,0,0,0,1,2,0,0,0,0,0,1,0,0,0,2,0,0,0,0,0,1,0,1,0,0,0,0,0,0,0,0,1,0,0,0,0,0,0,0,0,1,1,1,0,0,0,0,1,0,0,1,0,0,2,0,0,0,0,1,1,0,0,0,0,0,0,0,1,0,0,1,2,0,0,0,0,0,0,0,0,0,1,1,0,1,0,0,1,0,0,2,0,0,0,0,0,2,0,1,0,0,0,0,1,2,1,1,0,1,0,0,1,2,0,1,1,0,0,1,0,0,0,0,0,0,0,0,0,0,0,0,0,1,0,0,0,0,0,0,1,0,0,0,0,0,0,1,0,0,0,0,1,0,0,5,0,0,2,0,0,0,0,0,0,0,1,0,0,0,0,0,0,0,0,0,0,1,0,0,0,0,2,0,1,0,0,0,0,0,0,0,0,1,0,0,0,0,0,1,0,1,0,0,0,1,0,1,1,0,0,0,0,1,0,1,2,0,0,0,0,0,1,0,0,2,0,0,0,1,0,0,0,1,1,1,0,0,0,1,0,0,0,0,0,0,0,0,0,0,0,4,0,0,0,4,0,0,1,0,1,0,0,0,0,0,0,0,1,0,1,0,0,1,0,0,0,0,0,0,0,0,0,0,0,0,0,0,0,0,1,0,0,0,0,0,0,0,2,1,0,1,0,0,0,0,0,0,3,0,0,0,0,0,2,0,0,0,1,0,3,0,1,0,0,2,1,0,0,0,0,2,1,0,0,0,0,0,0,0,0,1,0,0,0,2,0,0,0,0,0,2,1,0,0,0,0,1,0,0,0,0,1,0,0,0,0,1,0,2,0,0,0,2,0,1,0,0,0,1,0,1,0,0,0,0,1,0,0,0,0,1,0,0,1,0,0,1,0,0,0,0,1,0,0,1,0,1,0,1,0,1,0,0,0,0,0,2,0,1,0,0,0,0,1,0,0,0,0,0,0,0,0,0,0,1,0,0,1,0,0,0,0,0,0,0,0,0,0,0,0,0,1,0,0,0,0,0,0,0,2,0,1,0,0,0,0,0,0,0,0,2,0,0,0,0,0,0,0,0,0,0,1,0,0,0,0,0,0,0,0,0,0,0,1,0,0,1,0,0,1,0,0,0,0,0,1,0,0,0,0,2,0,1,0,0,0,0,0,1,0,0,0,0,0,3,0,0,0,0,0,0,0,0,0,0,0,1,0,0,0,0,0,0,0,0,0,0,0,1,0,0,1,0,0,1,1,0,0,0,2,0,0,0,0,0,0,1,0,0,0,0,0,0,0,0,0,0,0,0,0,0,0,0,0,0,0,0,0,0,0,1,0,0,0,1,0,3,2,0,0,0,0,1,0,1,1,0,0,0,0,0,0,0,0,0,0,0,0,0,0,1,0,0,0,0,0,0,0,0,0,0,0,0,0,0,0,0,1,0,0,0,1,0,0,0,0,0,0,1,0,0,0,0,2,0,0,2,0,1,0,0,0,0,0,1,0,0,0,0,0,0,0,0,0,0,0,0,6,0,2,0,0,0,0,0,1,2,0,0,0,0,0,0,1,0,1,1,0,0,0,0,0,3,0,2,0,1,1,0,1,0,0,0,0,0,0,0,0,1,0,0,0,1,0,1,0,1,0,0,0,1,0,0,1,0,0,1,2,0,0,1,0,0,0,0,0,0,0,0,0,1,4,3,0,0,0,0,0,0,0,0,0,0,0,2,2,0,0,0,2,0,0,0,0,0,0,1,0,0,0,0,0,0,0,0,0,0,1,0,1,1,0,0,5,0,0,0,0,1,2,0,0,0,1,0,0,0,0,2,0,0,0,2,0,0,1,0,0,0,1,0,0,0,0,0,1,1,0,0,0,0,1,0,2,0,0,1,0,1,0,0,0,0,0,0,0,0,0,0,0,0,0,0,2,0,1,0,0,1,0,1,0,1,0,0,0,0,0,1,0,1,0,0,0,1,0,0,0,0,1,0,0,0,1,1,1,1,1,0,0,1,0,1,0,1,1,0,0,2,0,1,0,0,0,1,0,0,0,0,0,0,0,0,1,0,0,0,0,0,0,0,0,0,0,0,1,1,1,0,0,0,0,1,1,0,0,0,1,0,0,1,0,1,4,0,0,0,0,0,0,0,0,0,0,1,0,0,0,0,0,0,0,1,0,0,0,1,0,0,0,0,0,0,0,0,0,0,0,1,1,2,0,0,0,0,0,1,0,0,2,1,0,1,0,0,0,0,0,0,0,0,0,1,0,0,0,0,1,0,0,0,0,0,0,0,0,0,0,1,0,0,0,0,1,0,0,0,0,0,2,1,3,0,0,0,0,1,0,0,1,0,0,0,0,7,0,1,0,0,0,0,0,0,0,0,1,0,0,0,0,2,0,2,0,0,0,1,0,0,0,0,1,0,4,0,2,0,0,0,0,1,0,0,1,2,0,1,0,0,0,0,1,0,0,0,0,0,2,1,0,1,0,0,3,0,0,0,0,2,0,0,0,0,0,0,0,0,0,0,2,0,0,3,1,2,0,1,0,0,0,2,0,0,0,1,2,1,0,0,0,0,0,0,0,0,1,0,1,0,0,0,0,0,0,0,0,0,1,0,0,0,1,6,0,0,0,0,0,0,0,0,1,0,0,1,0,0,0,0,1,1,0,0,0,0,1,0,0,0,0,0,0,0,0,0,0,0,0,5,0,0,0,0,0,0,1,0,2,0,0,0,0,1,0,0,0,0,0,0,0,0,0,1,0,0,0,0,1,0
RPS23,29,4,22,8,15,16,19,43,21,9,25,16,28,26,17,33,5,12,14,32,23,31,14,15,11,11,20,12,8,41,41,20,41,27,8,6,35,26,37,24,26,28,15,26,21,31,43,21,32,27,13,17,10,13,12,8,5,34,27,12,45,24,19,12,25,13,27,0,20,32,12,59,18,6,4,6,5,28,10,21,22,13,7,15,7,28,30,32,7,26,36,10,32,18,16,19,9,21,8,64,8,25,4,28,16,12,11,6,21,20,19,44,3,21,24,60,19,34,12,16,6,3,18,8,35,23,15,11,19,19,9,16,6,15,18,24,19,25,6,16,28,17,26,42,69,9,13,26,47,8,23,2,23,30,13,36,14,22,5,8,14,27,17,10,5,22,11,30,30,61,41,6,28,19,22,7,18,21,12,41,16,25,24,21,12,32,35,29,11,23,32,34,15,38,32,37,22,3,0,41,6,16,25,18,26,7,9,40,25,26,12,9,11,4,18,8,30,9,40,27,6,20,31,21,47,3,24,10,47,16,39,10,30,46,9,9,9,27,22,25,7,8,19,2,15,22,12,11,29,10,23,13,18,8,22,30,23,36,13,13,36,16,18,16,39,20,16,11,51,19,6,48,12,6,10,8,14,36,23,26,7,6,34,28,34,43,43,14,27,23,24,32,15,17,23,13,5,22,17,13,28,23,10,27,10,15,24,4,17,32,25,11,16,24,11,29,13,48,24,32,14,3,14,10,6,12,13,59,35,20,20,21,33,18,8,13,19,9,21,13,33,21,16,34,26,21,18,16,23,24,14,21,32,31,4,19,28,51,30,3,16,35,31,7,6,16,111,17,25,25,2,12,8,14,3,87,26,30,22,29,13,5,44,21,12,4,30,48,20,8,38,51,8,25,25,7,27,23,7,14,13,26,13,30,11,39,11,20,35,31,22,48,13,34,17,37,16,22,16,26,17,39,26,5,21,24,12,15,12,16,7,43,17,9,21,20,12,11,22,46,7,37,90,12,20,53,6,25,17,12,11,24,18,10,29,20,15,32,27,25,22,38,19,17,31,19,19,24,18,6,13,13,11,36,32,21,10,11,9,13,16,23,5,24,11,39,12,43,17,15,26,17,26,31,15,12,23,27,25,13,3,9,19,9,22,27,30,57,7,13,3,4,28,13,9,20,10,11,14,4,26,19,34,9,14,13,9,16,24,28,18,40,17,13,19,24,19,58,14,32,144,25,14,5,15,24,21,18,73,21,28,44,9,5,12,24,12,16,22,11,18,33,26,13,22,32,9,24,26,10,31,6,23,16,30,14,12,26,9,13,22,6,14,8,19,27,27,9,19,4,11,13,11,23,26,39,30,20,28,23,23,23,3,12,30,58,11,12,16,16,21,26,8,26,49,31,22,7,16,25,33,37,20,12,9,6,43,11,16,37,18,31,15,8,3,14,15,36,18,15,21,2,37,29,7,29,40,29,39,7,7,18,6,5,14,12,19,24,20,20,6,39,24,4,24,11,6,11,19,22,33,28,10,15,32,23,7,14,32,13,4,57,19,32,2,27,15,20,3,19,20,28,16,9,21,18,3,18,21,9,9,32,27,14,12,12,29,21,15,132,20,8,12,24,9,30,12,21,9,22,43,25,23,36,21,16,19,25,8,18,25,5,19,23,38,27,13,40,7,29,16,27,11,5,30,9,17,19,18,8,10,28,31,29,22,22,35,17,12,41,23,9,19,24,17,13,22,5,26,29,33,23,18,10,8,6,22,22,5,20,7,13,23,16,9,25,8,26,46,26,22,26,12,7,34,15,9,32,7,11,25,9,24,17,26,14,11,20,19,14,26,9,9,11,24,21,17,7,11,9,15,10,53,38,23,32,18,16,22,3,35,4,17,9,28,22,11,46,14,49,9,19,18,12,42,55,13,48,7,29,8,3,2,30,19,8,7,17,34,19,43,30,19,13,43,6,33,11,17,15,41,10,29,7,20,16,9,22,21,23,15,17,17,34,22,27,44,14,29,25,22,14,8,10,10,7,47,42,37,18,25,22,19,50,29,15,21,31,90,8,18,7,19,29,8,16,13,15,26,29,6,90,14,13,25,17,13,25,9,31,2,42,11,19,16,13,29,33,11,9,20,23,25,9,18,41,24,4,25,14,1,21,17,12,14,15,41,14,19,17,16,3,12,5,11,13,19,15,50,8,38,93,10,12,24,32,28,22,12,32,10,17,21,59,21,27,19,23,18,17,21,33,17,5,21,14,14,13,10,34,22,13,42,11,31,14,11,16,5,24,20,12,13,15,16,18,27,29,28,35,21,26,14,32,14,21,24,14,35,26,68,117,11,28,17,24,23,32,9,18,38,5,24,11,40,26,13,13,18,7,30,6,37,13,14,26,15,13,32,16,34,25,13,31,8,11,12,8,10,9,30,30,3,14,20,37,36,21,13,17,34,7,17,27,5,13,8,19,20,21,6,31,13,54,27,7,22,17,6,14,43,8,17,14,9,24,17,22,20,14,13,19,28,33,12,8,9,10,10,25,22,13,14,19,24,26,13,32,12,38,20,4,25,19,3,9,13,62,12,18,19,16,23,6,35,24,15,16,32,9,13,20,13,69,35,21,16,20,18,7,30,21,11,4,26,16,20,29,12,9,39,20,28,62,32,6,16,21,19,77,42,27,14,19,23,30,18,19,7,9,30,25,8,14,32,21,18,20,30,22,12,26,32,31,12,23,22,36,27,17,8,37,7,27,17,33,33,11,24,7,18,28,18,30,28,39,8,11,25,33,9,24,17,8,12,29,25,12,18,24,11,38,21,11,25,18,9,38,17,21,16,42,9,8,16,40,26,11,27,14,34,26,50,19,9,19,4,8,13,25,16,9,9,23,18,22,25,16,14,10,24,41,36,22,25,13,16,27,16,21,17,23,15,13,3,32,7,29,7,26,25,13,19,9,19,27,14,21,35,27,28,17,27,4,32,22,21,29,7,35,20,12,7,15,31,22,14,26,16,20,20,26,22,9,10,23,30,11,56,26,8,23,16,5,23,26,8,31,30,3,13,47,21,14,13,19,30,6,6,10,19,28,12,16,14,22,13,31,15,52,2,5,23,30,52,22,15,25,11,16,6,22,11,13,13,20,43,22,30,36,51,20,14,27,53,9,7,11,37,69,21,12,5,19,16,11,2,28,4,13,24,20,22,14,7,6,9,88,14,19,8,4,17,11,16,22,28,42,6,23,28,8,25,37,23,33,17,15,27,7,16,32,7,28,4,23,11,30,8,14,22,36,64,13,9,15,29,24,21,24,22,20,14,19,28,9,20,5,24,21,19,13,25,11,81,25,18,17,16,28,13,20,7,14,32,7,22,9,13,11,5,20,35,11,13,7,18,46,21,25,22,25,10,30,10,38,8,10,6,8,16,21,25,20,27,19,31,20,14,24,22,12,15,11,12,22,2,67,19,16,9,62,36,8,26,10
PF4,0,0,0,0,0,0,0,0,0,0,0,0,0,0,0,0,0,0,0,0,0,0,0,0,0,0,0,0,0,0,0,0,0,6,0,0,0,0,0,0,0,0,0,0,0,0,0,0,0,0,0,0,0,0,0,0,0,0,0,0,0,0,0,0,0,0,0,34,10,0,0,0,0,0,0,0,0,0,0,0,0,0,0,0,0,0,0,0,0,0,0,0,0,0,0,0,0,0,0,0,0,0,0,0,0,0,0,0,0,0,0,0,0,0,0,0,0,0,0,0,0,0,28,0,0,0,0,0,0,0,0,0,0,0,0,0,0,0,0,0,0,0,0,0,0,0,0,0,0,0,0,0,0,0,0,0,0,0,0,0,0,0,0,0,0,0,0,0,0,0,0,0,0,0,0,0,0,0,0,0,0,0,0,0,0,0,0,0,0,0,0,0,0,0,0,0,0,0,34,0,0,0,0,0,0,0,0,0,0,0,0,0,0,0,0,0,0,0,0,0,0,0,0,0,0,0,0,0,0,0,0,0,1,0,0,0,0,0,0,0,0,0,0,0,0,0,0,0,0,1,0,0,0,0,0,0,0,0,0,0,0,0,0,0,0,0,0,0,0,0,0,0,0,0,0,0,0,0,0,0,0,0,0,0,0,0,0,0,0,0,0,0,0,0,0,0,0,0,0,0,0,0,0,0,0,0,0,0,0,0,0,0,0,0,0,0,0,0,0,0,0,0,0,0,0,0,0,0,0,0,0,0,0,0,0,0,0,0,0,0,0,0,0,0,0,0,0,0,0,0,0,0,0,0,0,0,0,0,0,0,0,0,0,0,0,0,0,0,0,0,0,0,0,0,0,0,0,0,0,0,0,0,0,0,0,0,0,0,0,0,0,0,0,0,0,0,0,0,0,0,0,0,0,0,0,0,0,0,0,0,0,0,0,0,0,0,0,0,0,0,0,0,0,0,0,0,0,0,0,0,0,0,0,0,0,0,0,0,0,0,0,1,0,0,0,0,0,0,0,0,0,0,0,0,0,0,0,0,0,0,0,0,0,0,0,0,0,0,0,0,0,0,0,0,0,0,0,0,0,0,0,0,0,0,0,0,0,0,0,0,0,0,0,0,0,0,0,0,0,0,0,0,0,0,0,0,0,0,0,0,0,0,0,0,0,0,0,0,0,0,0,0,0,0,0,0,0,0,0,0,0,0,0,0,0,0,0,1,0,0,0,0,0,0,0,0,0,0,0,0,0,0,0,0,0,0,0,0,0,0,0,0,0,0,0,0,0,0,5,0,0,0,0,0,0,0,0,0,0,0,0,0,0,0,0,0,0,0,0,0,0,0,0,0,0,0,0,0,0,0,0,0,0,0,0,0,0,0,0,0,0,0,0,0,0,0,0,0,0,0,0,0,0,0,0,0,0,0,0,0,0,0,0,0,0,0,0,0,0,0,0,1,0,0,0,0,1,0,0,0,0,0,0,0,0,0,0,0,0,0,0,0,0,0,0,0,1,0,0,0,0,0,0,0,0,0,0,0,0,0,0,0,0,0,0,0,0,0,0,0,0,0,0,0,0,0,0,0,0,0,0,0,0,0,0,0,0,0,0,0,0,0,0,0,0,0,0,0,0,0,0,0,0,0,0,0,0,0,0,0,0,0,0,0,0,0,0,0,0,0,0,0,0,0,0,0,0,0,0,0,0,0,0,0,0,0,0,0,0,0,0,1,0,0,0,0,0,0,0,0,0,0,0,0,0,0,0,0,0,0,0,0,0,0,0,0,0,0,0,0,0,0,0,0,0,0,0,0,0,0,0,0,0,1,0,0,0,0,0,0,0,0,0,0,0,0,0,0,0,0,0,0,0,0,0,0,0,0,0,0,0,0,0,0,0,0,0,0,0,0,0,0,0,0,0,0,0,0,0,0,0,0,0,0,0,0,0,0,0,0,0,0,0,0,0,0,0,0,0,0,0,0,0,0,0,0,0,0,0,0,0,0,0,0,0,0,0,0,0,0,0,0,0,0,0,0,0,0,0,0,0,0,0,0,0,0,0,0,0,0,0,0,0,0,0,0,0,0,0,0,0,0,0,0,0,0,0,0,0,0,0,0,0,0,0,0,0,0,0,0,0,0,0,0,0,0,0,0,0,0,0,0,0,0,0,0,0,0,0,0,0,0,0,0,0,0,0,0,0,0,0,0,0,0,0,0,0,0,0,0,0,0,0,0,0,0,0,0,0,0,0,0,0,0,0,0,0,0,0,0,0,0,0,0,0,0,0,0,0,0,0,0,0,0,0,0,0,0,0,0,0,0,0,0,0,0,0,0,0,0,0,0,0,0,0,0,0,0,0,0,0,0,0,0,0,0,0,0,0,0,0,0,0,0,0,0,0,0,0,0,0,0,0,0,0,0,0,0,0,0,0,0,0,0,0,0,0,0,0,0,0,0,0,0,0,0,0,0,0,0,0,0,0,0,0,0,0,0,0,0,0,0,0,0,0,0,0,0,0,0,0,0,0,0,0,0,1,0,0,1,0,0,0,0,0,0,0,0,0,0,0,0,0,0,0,0,0,0,0,0,0,0,0,0,0,0,0,0,0,0,0,0,0,0,0,0,0,0,0,0,0,0,0,0,0,0,0,0,0,0,0,0,0,0,0,0,0,0,0,1,0,0,0,0,0,0,0,0,0,0,0,0,0,0,0,0,0,0,0,0,0,0,0,0,0,0,0,0,0,0,0,0,0,0,0,0,0,0,0,0,0,0,0,0,0,0,0,0,0,0,0,0,0,0,0,0,0,0,0,0,0,0,0,0,0,0,0,0,0,0,0,0,1,0,0,0,0,0,0,0,0,0,0,0,0,0,0,0,0,0,0,0,0,0,0,0,0,0,0,0,0,0,1,0,0,0,0,0,0,0,0,0,0,0,0,0,1,0,0,0,0,0,0,0,0,0,0,0,0,0,0,0,0,0,0,0,0,0,0,0,0,0,0,0,0,0,0,0,0,0,0,0,1,0,0,0,0,0,0,0,0,0,0,0,0,0,0,0,0,0,0,0,0,0,0,0,0,0,0,0,0,0,0,0,0,0,0,0,0,0,0,0,0,0,0,0,0,0,0,0,0,0,0,0,0,0,0,0,0,0,0,0,0,0,0,0,0,0,0,0,0,0,0,0,0,0,0,0,0,0,0,0,0,0,0,0,0,0,0,0,0,0,0,0,0,0,0,0,0,0,0,0,0,0,0,0,0,0,0,0,0,0,0,0,0,0,0,0,0,0,0,0,0,0,0,0,0,0,0,0,0,0,0,0,0,0,0,0,0,0,0,0,0,0,0,0,0,0,0,0,0,0,0,0,0,0,0,0,0,0,0,0,0,0,0,0,0,0,0,0,0,0,0,0,0,0,0,0,0,0,0,0,0,0,0,0,0,0,0,0,0,0,0,0,0,1,0,0,0,0,0,0,0,0,0,0
GYPC,3,0,2,0,1,0,0,1,0,0,0,0,0,3,0,3,0,0,0,1,1,1,0,0,0,3,0,1,1,0,0,0,0,0,0,2,3,2,0,1,2,1,0,0,3,0,2,1,1,1,1,0,0,2,2,0,0,1,2,1,0,1,0,0,1,0,3,0,0,5,0,0,1,0,3,2,0,1,0,1,1,0,0,0,3,3,0,2,1,0,0,0,1,0,0,1,2,0,0,0,1,0,0,0,2,1,2,1,0,3,2,3,0,1,3,5,2,2,0,0,0,0,0,0,0,3,1,0,1,1,0,1,0,0,1,0,0,1,0,0,0,0,2,0,1,3,0,0,3,0,0,0,0,1,1,1,2,0,0,0,1,1,0,0,2,2,1,3,0,2,1,0,1,2,1,0,1,0,0,1,0,0,0,0,0,0,1,3,0,0,0,0,1,0,3,0,0,0,0,0,0,2,0,0,1,0,1,2,0,0,0,1,0,0,0,0,3,2,1,0,0,0,0,0,3,0,0,0,0,0,2,0,1,0,0,0,2,0,1,0,0,1,0,0,2,0,0,0,0,0,2,0,1,1,0,4,0,0,0,0,3,0,3,0,1,1,0,1,1,0,1,0,0,0,1,2,1,0,0,2,0,0,3,2,5,2,1,0,1,2,2,1,0,2,1,1,0,1,0,0,0,2,1,1,0,0,2,1,0,5,0,1,1,1,1,1,2,0,0,1,2,0,1,0,1,0,0,4,0,0,1,1,0,0,0,3,1,0,1,1,0,2,0,1,1,1,0,0,1,0,0,1,0,2,2,0,0,2,0,0,2,0,1,0,0,1,4,1,0,1,0,1,1,0,0,0,1,6,0,2,0,0,2,1,1,0,4,0,0,0,0,0,1,0,2,0,0,1,0,1,1,2,0,1,0,1,1,0,0,1,1,2,0,1,0,2,0,0,1,1,0,1,0,2,1,3,1,1,1,0,0,1,2,2,1,0,0,0,2,0,3,1,3,1,1,0,0,1,1,0,0,0,1,0,2,1,1,0,0,0,0,1,1,0,3,0,3,0,0,0,0,0,1,3,3,0,0,0,1,2,0,0,0,1,0,1,0,1,1,0,0,1,1,0,3,0,1,5,0,2,1,0,0,0,2,0,0,1,1,0,0,2,1,0,0,0,1,0,0,0,0,3,2,1,0,0,3,0,0,1,0,1,0,1,0,0,0,2,0,2,6,0,0,2,0,2,1,2,1,0,1,0,0,1,0,0,0,0,0,0,0,1,1,0,0,1,2,0,0,0,3,0,0,0,1,0,0,2,0,1,0,0,0,0,0,0,1,0,0,0,1,1,1,0,2,0,1,0,0,1,0,0,1,0,0,2,0,0,2,0,0,1,0,1,0,1,0,0,0,0,0,2,1,1,2,2,0,0,1,3,0,2,0,0,0,2,0,6,0,1,1,0,1,3,0,1,0,2,1,0,0,0,0,0,1,0,0,2,0,0,0,0,0,2,0,0,0,0,2,1,1,1,0,0,2,1,0,0,0,0,1,1,0,0,0,2,0,2,1,1,0,0,0,1,1,1,1,3,0,0,0,1,0,1,1,0,4,1,1,1,1,1,0,0,0,0,1,1,2,1,0,1,1,1,0,0,0,1,1,1,4,0,1,1,0,2,0,1,1,1,1,1,0,1,0,3,2,1,0,0,1,0,1,1,1,0,1,0,0,3,0,0,0,0,0,2,1,0,2,0,0,1,1,1,0,0,1,1,0,1,0,1,1,1,0,0,2,1,1,2,2,1,1,0,0,2,2,3,0,1,1,1,0,3,0,0,0,0,1,1,1,0,0,0,0,2,1,1,0,3,1,1,0,0,0,1,1,0,0,1,2,0,1,2,0,0,1,5,0,1,0,1,0,0,0,0,1,4,0,0,2,0,0,1,0,0,0,0,1,0,1,3,0,1,0,0,3,0,1,0,2,0,0,0,0,2,0,1,0,0,0,1,0,0,0,0,0,1,1,0,0,0,0,0,0,1,1,0,0,1,2,3,2,2,1,1,0,2,3,0,0,0,0,1,0,0,0,1,1,0,1,3,0,1,0,0,1,2,0,0,0,0,1,0,0,1,1,0,1,0,0,0,4,3,0,1,1,0,0,0,0,1,0,4,0,0,2,0,0,0,0,0,0,1,0,1,1,0,2,0,0,5,0,0,2,2,1,2,0,1,0,2,0,1,0,1,1,0,1,2,0,0,1,1,0,5,0,1,0,2,0,0,1,2,0,2,1,0,1,1,1,0,1,2,1,1,0,1,0,2,0,0,1,0,3,0,0,1,3,1,2,2,0,1,2,0,0,0,0,0,0,1,1,0,4,1,2,1,0,0,1,0,3,0,1,0,0,0,0,0,1,1,0,0,0,5,0,1,0,1,0,0,0,1,0,0,6,0,1,2,0,1,2,1,2,0,0,0,1,0,0,1,1,2,1,0,0,1,0,0,0,1,0,1,1,0,0,1,0,0,0,4,1,0,0,0,1,1,0,2,1,1,0,0,0,2,2,0,0,0,0,0,2,2,1,2,0,0,0,1,1,1,0,1,1,0,0,3,0,2,0,1,0,2,0,0,0,1,1,1,0,2,1,0,0,2,0,1,0,2,2,3,0,0,0,1,0,1,1,0,0,0,0,1,1,1,0,0,0,0,2,0,0,0,0,0,0,1,0,3,0,0,1,0,0,0,0,0,0,0,0,2,0,0,0,2,0,0,2,0,0,4,2,0,0,2,0,0,2,0,1,0,1,0,0,0,0,0,1,0,0,1,1,0,1,1,0,2,0,2,0,0,1,0,0,1,0,1,0,3,5,0,0,1,0,0,0,0,1,1,0,1,0,2,0,1,0,2,0,0,0,2,5,2,1,0,2,1,0,1,0,2,0,1,0,1,0,1,0,3,1,0,1,0,0,2,0,1,2,1,1,0,0,1,1,2,2,2,1,3,1,0,1,0,1,0,3,1,1,0,1,0,2,1,0,4,0,0,4,0,1,0,1,1,5,0,2,1,0,1,0,3,2,0,0,3,0,0,0,1,3,1,1,0,0,0,2,3,1,0,1,1,1,0,0,0,0,0,0,0,2,1,1,1,0,0,2,1,0,0,0,0,0,1,4,0,0,0,0,1,0,0,2,2,1,0,0,2,0,0,2,1,2,0,0,0,0,1,1,2,0,2,0,0,0,0,2,0,0,3,1,1,2,2,4,1,0,2,1,0,1,0,1,3,0,0,3,1,2,0,2,0,4,1,0,1,0,0,0,0,1,3,0,4,3,0,1,0,2,0,0,0,0,0,4,0,0,0,0,0,0,1,0,2,0,0,0,1,0,0,0,1,1,0,1,0,2,1,1,1,0,1,0,6,0,1,0,1,0,1,1,1,1,1,1,0,4,4,0,3,1,0,0,1,0,2,0,0,0,0,0,1,2,1,0,0
FLT3LG,1,0,0,0,0,0,0,0,0,2,0,0,0,0,2,1,2,0,0,1,2,2,0,0,0,0,0,0,0,0,2,3,0,0,0,0,1,0,0,0,0,0,0,3,2,1,0,0,0,0,0,0,0,0,0,0,0,1,1,0,0,1,1,0,1,0,0,0,0,1,0,0,0,0,0,0,0,0,0,0,0,0,0,1,0,0,5,0,0,0,0,0,0,0,2,0,0,0,1,0,0,1,0,0,0,0,0,0,0,1,0,0,0,0,1,5,0,0,0,0,0,0,0,0,2,1,1,0,0,0,0,1,1,0,0,0,0,2,0,0,0,0,5,0,0,0,0,0,4,0,0,0,0,1,1,3,0,3,1,0,3,0,0,0,0,0,0,1,0,0,1,0,1,2,0,1,0,0,0,1,1,0,0,0,0,0,0,3,0,0,0,0,0,1,0,0,1,0,0,0,0,1,1,0,4,0,0,1,0,0,0,2,0,0,0,0,0,5,0,0,0,0,0,0,4,0,0,0,0,0,1,1,1,0,0,1,0,0,1,0,0,0,0,0,0,0,0,0,0,0,0,0,0,1,0,0,1,0,0,0,5,0,0,0,0,0,0,1,2,2,0,0,0,0,0,1,0,0,0,5,0,0,1,1,3,0,0,0,2,1,0,1,0,2,0,0,1,1,0,0,2,1,1,0,0,1,0,0,0,1,2,1,0,2,0,0,1,1,0,0,0,0,0,0,0,1,0,0,0,4,0,0,0,0,0,0,2,0,0,0,0,0,0,2,1,0,0,0,1,0,0,0,1,1,0,0,0,1,0,0,1,0,0,0,1,0,0,0,1,0,0,0,0,0,0,0,3,2,1,0,0,0,0,1,0,0,0,1,0,0,1,0,1,0,1,0,0,1,0,0,0,0,1,1,0,1,0,0,0,0,0,1,0,0,0,0,1,0,1,0,0,1,0,0,0,1,0,0,1,0,0,1,1,0,0,0,0,1,3,0,0,1,0,0,1,0,0,1,0,0,0,0,0,0,0,1,1,0,0,1,0,1,1,0,0,0,3,1,0,0,0,0,0,0,0,0,0,0,0,1,0,1,0,2,0,1,1,0,2,0,0,0,1,0,0,0,1,1,0,0,0,0,0,1,0,0,0,0,0,0,0,0,0,1,2,1,0,0,0,0,0,2,0,0,0,0,2,0,0,1,0,0,0,0,0,0,1,0,0,0,0,0,1,0,0,0,0,3,0,0,1,0,1,0,0,0,0,0,2,0,0,1,1,1,0,2,0,2,0,0,0,0,0,0,1,0,0,5,0,1,0,1,0,0,1,2,0,0,0,0,0,0,0,0,0,1,1,0,0,0,1,0,0,2,1,0,0,0,1,0,0,1,0,1,2,2,2,0,0,0,0,0,0,0,0,0,1,0,0,4,0,0,0,0,0,0,1,1,0,0,1,0,0,0,0,0,0,1,0,0,0,0,0,0,0,0,0,0,0,0,0,0,0,0,1,1,0,0,0,0,0,0,0,0,0,0,0,0,2,0,1,0,1,0,0,1,0,2,0,0,0,0,1,0,0,0,0,1,0,0,1,0,0,0,0,0,1,1,1,0,0,0,0,0,0,0,0,2,1,1,0,0,0,2,0,1,0,1,0,0,2,2,0,0,0,0,0,0,1,0,0,0,0,0,1,0,0,2,0,0,0,2,1,2,0,1,3,0,0,2,0,0,0,0,0,0,0,0,0,1,0,0,0,2,0,0,0,0,0,1,0,0,0,0,0,0,0,0,1,5,0,1,1,0,0,0,2,0,0,0,2,0,0,2,0,1,1,0,0,0,1,0,1,0,0,0,0,1,0,0,0,0,0,0,0,1,0,0,0,0,0,0,0,0,0,2,0,0,0,0,0,0,0,1,0,0,0,1,0,0,0,0,0,0,0,0,0,0,1,0,0,0,1,1,0,0,2,0,1,0,0,0,0,0,0,0,0,2,0,0,0,0,0,0,0,1,1,1,0,0,1,0,0,0,0,0,0,1,0,0,0,0,2,0,0,1,0,0,0,0,0,0,0,0,0,0,0,0,3,0,1,0,0,0,0,0,0,0,0,2,0,0,2,0,0,0,0,0,2,0,0,2,0,2,0,1,1,0,1,0,0,0,0,1,2,0,0,1,2,0,2,0,0,0,0,0,0,1,0,0,0,2,0,0,0,0,0,0,0,2,0,0,0,0,0,0,1,0,0,0,0,0,1,0,1,0,2,0,0,0,1,0,0,0,0,0,2,1,0,2,1,0,0,0,1,1,0,0,0,1,0,0,3,1,0,1,1,0,2,0,0,0,0,2,0,0,2,1,0,0,0,0,1,0,1,1,0,0,1,0,0,0,4,0,1,0,0,0,2,2,4,1,1,0,0,1,0,0,0,0,0,1,0,0,0,0,1,0,0,0,0,0,0,1,0,0,0,0,0,0,0,0,2,0,1,0,0,1,0,1,3,0,0,0,0,1,1,0,0,0,0,0,0,1,0,0,0,1,0,0,1,1,0,1,0,2,0,0,0,0,0,0,0,1,0,0,0,0,1,0,0,1,0,0,0,0,1,0,0,0,0,0,0,0,0,1,1,0,1,1,1,1,0,0,2,1,0,0,0,0,0,0,0,0,0,0,0,0,0,0,0,0,0,1,2,0,0,0,0,0,1,0,0,0,0,1,0,0,0,0,1,0,1,0,0,1,0,0,2,0,0,0,0,0,2,0,0,0,2,0,0,0,1,0,0,0,0,0,0,0,0,0,1,0,0,0,0,1,3,0,1,1,0,1,2,0,0,0,0,0,0,1,0,0,0,2,0,0,0,0,3,0,0,0,0,0,0,0,1,0,0,0,0,1,0,0,0,1,0,0,0,2,0,0,0,0,0,0,0,0,0,0,1,1,0,0,0,0,0,0,0,0,0,0,0,2,0,1,0,2,0,0,0,0,1,0,0,2,0,0,0,0,0,0,0,2,0,1,1,0,0,1,0,0,0,0,1,1,1,0,0,0,3,0,0,0,1,0,0,0,0,4,0,0,0,0,0,1,0,0,1,0,0,0,0,0,0,3,1,0,0,0,1,0,0,1,0,1,1,0,0,0,1,2,0,0,0,1,2,0,0,1,1,1,0,0,0,0,0,0,1,0,0,2,4,0,0,1,0,0,0,0,0,2,0,0,1,0,0,0,0,0,0,0,0,1,3,0,1,1,2,0,0,0,0,2,0,0,0,0,0,1,1,0,0,1,1,0,0,0,0,0,0,0,0,0,1,0,0,2,1,0,0,0,0,0,0,0,0,0,0,1,0,0,0,1,0,1,1,0,0,0,0,0,3,0,0,0,0,1,0,0,1,0,1,0,3,0,0,2,0,0,0,1,0,1,0,0,0,0,0,1,1,0,0,0,1,4,0,1,1,0,0,2,0,0,1,0,2,1,1,2,0,0,0,2
GADD45B,1,2,0,0,2,0,0,0,0,0,0,0,0,1,1,1,0,0,0,1,0,0,0,0,0,0,0,0,1,0,2,3,0,0,0,2,0,1,1,0,0,0,0,5,1,0,0,1,0,1,0,0,0,0,0,0,0,0,0,0,0,0,1,0,1,2,0,0,0,0,0,0,0,0,0,1,0,0,0,0,0,2,0,0,0,0,0,0,1,1,0,0,0,0,0,2,0,0,0,0,0,0,0,0,0,0,0,1,0,1,1,0,0,0,0,0,3,0,0,0,0,0,0,0,0,0,0,0,0,1,0,0,0,0,1,0,0,1,0,1,0,0,1,0,0,1,0,0,0,0,1,0,1,2,0,1,0,0,0,0,0,1,0,0,0,3,1,0,0,1,0,1,0,0,0,0,0,1,0,0,1,0,1,0,0,0,0,0,0,0,0,0,0,1,0,1,0,1,0,0,0,3,0,0,1,0,0,1,0,0,0,0,1,0,0,0,0,2,2,0,0,0,0,0,0,0,2,0,0,1,0,0,0,0,0,0,0,0,0,0,0,0,0,1,0,0,0,0,0,0,0,1,0,0,0,0,0,0,0,0,0,0,0,0,1,0,1,1,0,2,1,2,0,0,0,3,0,1,1,1,0,0,0,0,2,0,0,0,0,2,0,0,0,1,0,0,0,0,2,0,1,0,1,1,0,0,1,0,1,0,0,0,0,0,0,0,0,1,0,0,0,0,2,0,0,0,0,1,0,1,1,0,0,1,0,0,0,0,0,0,3,0,0,0,0,0,0,0,1,0,0,0,0,0,0,0,1,0,0,0,1,0,0,0,0,0,1,1,0,0,0,0,0,0,1,4,0,0,1,0,0,0,1,1,0,0,0,0,1,0,0,2,0,3,0,0,1,4,0,0,2,0,0,0,1,0,2,1,0,0,1,0,1,0,0,0,0,0,1,0,0,0,2,0,1,0,0,0,1,0,0,1,0,0,0,0,0,0,1,4,0,0,1,0,0,0,0,1,0,0,2,0,0,0,0,0,0,0,1,0,1,0,0,0,0,1,0,0,0,0,1,0,0,0,0,1,0,0,0,0,0,1,1,0,1,0,0,0,0,0,0,0,0,0,0,0,1,0,1,2,0,0,0,0,0,1,3,1,0,0,0,0,0,0,0,1,0,0,0,0,0,0,0,0,0,0,1,1,0,0,0,0,0,0,0,0,0,1,0,0,0,0,0,0,0,0,1,0,0,0,0,0,0,0,0,1,0,0,0,0,0,0,0,0,0,0,0,1,1,0,0,0,1,0,0,0,0,1,0,0,0,1,0,1,1,0,0,0,0,0,0,0,0,0,0,0,1,2,1,0,0,0,0,1,0,1,0,0,0,1,0,0,0,3,0,1,0,1,0,0,0,2,0,1,1,2,0,0,1,0,0,0,0,0,0,0,0,0,1,1,0,0,4,0,1,0,0,0,1,0,0,0,0,0,0,0,1,0,0,2,0,1,0,1,0,0,0,0,0,1,0,0,0,0,3,2,0,0,0,0,0,1,2,0,0,0,2,0,0,1,0,0,1,1,0,0,0,0,0,0,0,0,1,0,0,3,0,0,0,0,0,1,0,0,0,1,0,0,0,0,1,0,0,0,0,1,1,0,0,0,0,0,0,0,0,0,0,0,1,1,0,0,2,0,0,0,0,0,0,0,2,1,0,0,0,1,1,1,0,0,0,0,1,0,0,2,0,0,1,0,0,0,0,0,0,0,0,1,1,0,0,0,0,0,1,0,2,0,0,1,0,3,0,0,0,0,1,0,0,1,0,1,0,0,0,1,0,0,0,0,3,0,1,0,0,0,0,0,0,1,0,0,3,0,1,1,0,0,0,0,0,0,1,0,0,0,0,0,0,0,1,1,1,0,0,0,0,0,0,0,0,1,0,0,0,3,1,0,0,0,0,0,0,0,0,0,1,0,0,0,0,0,2,1,0,0,1,0,0,1,1,0,1,0,1,0,1,0,0,0,1,2,0,0,0,1,0,1,1,0,0,0,0,0,0,0,0,0,1,0,0,0,1,0,0,0,2,0,0,1,0,1,0,2,1,0,0,1,0,0,0,0,0,0,1,0,0,0,0,1,0,0,0,1,2,0,0,1,0,0,0,0,1,0,2,0,0,0,0,0,1,1,0,0,1,0,1,0,0,0,0,2,0,1,1,0,0,1,0,0,0,2,2,1,0,1,1,0,1,0,0,1,1,0,1,1,0,0,0,1,1,0,1,0,1,0,0,0,0,0,0,0,2,0,1,0,2,1,0,0,0,0,0,0,0,0,0,0,0,0,0,0,0,0,0,0,0,1,0,0,0,0,0,0,0,0,0,1,0,0,0,0,0,0,0,0,0,1,0,0,0,0,2,0,0,1,0,0,0,0,0,0,0,0,0,2,0,0,2,0,0,0,1,0,1,0,0,0,0,0,0,0,0,5,0,0,0,0,0,0,3,0,0,0,0,0,2,1,0,0,2,0,0,3,1,0,0,1,2,0,0,0,2,1,0,2,2,0,0,1,0,0,0,0,1,0,0,0,0,0,0,0,0,1,0,1,0,0,1,0,0,0,0,1,0,1,0,0,2,0,0,0,0,0,1,0,0,0,0,3,0,0,0,0,1,1,0,0,0,1,0,0,1,0,0,0,0,0,0,0,0,0,0,0,1,0,0,0,0,0,0,0,0,0,0,0,0,0,0,0,0,4,2,0,1,1,0,1,0,1,0,0,0,0,0,0,0,1,2,0,0,1,1,3,0,4,1,0,1,0,0,1,0,0,0,0,2,1,1,0,0,0,0,0,0,0,1,0,0,1,2,0,0,0,0,0,0,0,0,0,1,0,0,0,0,0,1,3,0,0,1,0,2,1,0,1,0,0,0,0,0,1,0,0,0,0,1,0,0,6,0,0,0,0,0,0,0,0,0,0,0,2,1,0,1,1,0,0,0,0,0,0,0,0,0,0,0,0,0,2,0,0,0,0,0,0,1,1,2,2,0,1,0,0,0,0,3,0,0,0,0,0,0,0,0,0,0,0,0,0,0,0,1,0,0,0,0,0,0,0,0,0,0,1,0,1,0,0,2,0,0,0,0,0,2,0,0,0,1,0,2,1,0,0,6,0,0,0,0,0,0,1,1,0,0,0,0,0,0,0,0,0,0,0,0,0,0,0,0,3,0,0,2,0,1,0,0,0,0,0,0,2,0,4,0,0,2,0,0,1,0,0,0,0,0,0,0,0,2,0,0,0,1,0,1,0,0,0,0,1,1,0,2,0,0,1,0,0,0,0,1,1,0,1,0,0,0,0,1,2,0,0,1,0,2,0,1,0,1,0,0,0,0,0,0,0,0,0,0,1,0,0,0,0,0,0,0,0,0,0,0,0,0,0,0,0,4,0,0,0,0,0,0,0,0,0,0,6,1,1,0,0,1,0,0,0
MZB1,0,0,0,0,0,0,0,0,0,0,0,0,0,0,0,0,0,0,0,0,0,0,0,0,0,0,0,0,0,0,0,0,0,9,0,1,0,0,0,0,0,0,0,0,0,1,0,0,0,0,0,0,0,0,0,0,0,0,0,0,0,0,0,0,0,0,0,0,0,0,0,1,0,0,0,0,0,0,0,0,0,0,0,0,1,0,0,1,0,0,1,0,0,0,0,0,0,0,0,0,0,0,0,0,0,0,0,0,0,0,0,0,0,0,0,0,0,0,0,0,0,0,0,0,0,0,0,0,0,0,0,0,0,0,0,0,0,0,0,0,0,0,0,0,0,0,0,0,0,0,0,0,0,0,0,0,0,0,0,0,0,0,0,0,0,0,0,0,0,0,0,0,0,0,0,0,0,0,0,0,0,0,0,0,0,0,0,0,0,0,0,0,0,0,0,0,0,0,0,0,0,0,0,0,0,0,1,0,0,0,0,1,0,0,0,0,0,0,4,0,0,0,5,0,0,0,0,0,0,0,0,0,0,1,0,0,0,0,0,0,0,0,0,0,0,0,0,0,0,0,0,1,0,0,0,0,0,0,0,0,0,2,0,0,0,0,0,0,0,0,0,0,0,0,0,0,0,0,0,0,0,0,0,0,0,0,0,0,0,0,0,0,0,0,0,0,0,0,0,0,0,0,0,0,0,0,0,0,0,0,0,0,0,0,0,0,0,0,0,0,0,0,0,0,0,0,0,0,0,0,0,0,0,0,0,0,0,0,0,1,0,0,0,0,0,0,0,0,0,0,0,0,0,0,0,0,0,0,0,0,0,2,1,0,0,0,0,0,0,0,0,0,0,0,0,0,0,0,0,0,0,0,0,0,0,0,0,0,0,0,0,0,0,0,0,0,3,0,0,0,0,0,0,0,0,0,0,0,0,0,0,0,0,0,0,0,0,0,0,0,0,0,0,0,0,0,0,0,0,0,0,0,1,1,0,3,0,0,0,0,1,0,0,0,0,0,0,0,0,0,0,0,0,0,0,0,0,0,0,0,7,0,0,0,0,0,0,0,0,0,1,0,0,0,0,0,0,0,0,0,0,0,0,0,0,0,0,0,0,0,0,0,0,0,0,0,0,0,0,0,0,0,0,0,0,0,0,0,0,0,0,0,0,0,0,0,0,0,0,0,0,0,0,0,0,0,0,0,0,0,0,0,0,0,0,0,0,0,0,0,5,0,0,0,0,0,0,0,0,0,0,0,0,0,0,0,0,0,0,0,1,0,0,0,0,0,0,0,0,2,0,0,0,0,0,0,0,0,0,0,0,0,0,0,0,0,2,0,0,0,0,0,0,0,0,0,0,1,0,0,0,0,0,0,0,0,0,0,0,0,0,0,0,0,0,0,0,0,0,0,0,0,0,0,0,1,0,0,0,0,0,1,0,0,0,0,0,0,0,0,0,0,0,0,0,0,9,0,0,0,0,0,0,0,1,0,1,0,0,0,0,1,1,0,0,0,0,0,1,0,0,0,0,0,0,0,0,0,0,0,0,0,0,0,0,0,0,0,0,0,0,0,0,0,0,0,0,0,0,0,0,0,13,0,0,0,0,0,0,0,0,0,0,0,0,0,0,0,0,0,0,0,0,0,0,0,0,0,0,0,0,0,0,0,11,0,0,0,0,0,1,0,0,0,0,0,1,0,0,0,0,0,0,0,0,0,0,0,0,0,0,0,0,0,0,0,0,0,0,0,0,0,0,0,0,0,0,0,0,0,0,0,0,0,0,0,0,0,0,0,0,0,0,0,0,0,0,0,0,0,0,0,0,0,0,0,0,0,0,0,0,0,0,0,0,0,0,0,0,0,0,0,0,1,0,0,0,0,0,0,1,0,0,0,0,0,0,0,0,2,0,0,0,0,0,1,0,0,0,0,0,0,0,0,0,0,0,0,0,0,0,0,0,0,0,0,0,0,0,0,0,0,0,1,0,0,0,0,1,0,0,0,0,0,0,0,0,0,1,0,0,0,0,0,0,0,0,0,0,0,1,0,0,0,0,1,0,0,0,0,0,0,0,0,0,0,1,0,0,6,0,0,0,0,4,0,0,0,0,0,0,0,0,1,2,0,0,0,0,0,0,0,0,0,0,0,0,0,0,0,0,0,0,0,0,0,0,0,0,0,0,0,0,0,0,0,0,0,1,0,0,0,0,0,0,0,0,0,0,0,0,0,0,1,0,0,0,0,0,0,1,0,0,0,0,0,0,0,0,0,0,0,0,0,0,0,0,0,0,0,0,0,0,0,0,0,1,0,0,0,0,4,0,0,0,0,0,0,0,0,0,0,0,0,0,0,0,0,0,0,1,0,0,0,0,0,0,0,0,0,0,0,0,0,0,0,0,0,0,0,0,0,0,0,0,0,0,0,0,0,0,0,0,0,0,5,0,0,0,0,5,0,0,0,0,0,0,0,1,0,0,0,0,0,0,0,0,0,0,0,0,0,0,0,0,0,0,0,0,0,0,0,0,0,0,0,0,0,0,0,0,0,0,0,0,0,0,0,0,0,0,0,0,0,0,1,0,4,0,0,0,0,0,0,0,0,0,0,5,0,0,0,3,0,0,0,0,0,0,0,0,0,0,0,0,0,0,0,0,0,0,0,0,4,10,0,0,0,0,0,0,0,0,0,0,0,0,0,0,0,0,0,0,0,0,0,0,0,2,0,0,0,0,0,0,0,0,0,0,0,1,0,0,0,0,0,0,0,0,0,0,0,0,0,0,0,0,0,0,0,0,0,0,0,0,1,0,0,0,0,0,0,0,0,0,0,0,5,0,0,0,0,0,0,0,0,1,0,0,0,0,0,0,0,0,0,0,0,0,0,0,0,0,0,0,0,0,0,0,0,0,0,0,0,0,0,0,0,0,0,0,0,0,0,0,1,0,0,0,0,0,0,0,0,0,0,0,0,0,0,0,0,0,0,0,0,2,0,0,0,0,0,0,0,1,0,0,1,0,0,0,0,0,1,0,0,0,0,0,1,0,0,0,0,0,1,0,0,1,0,0,0,0,0,0,0,1,0,0,0,0,0,0,0,0,0,0,0,1,0,0,0,0,0,0,0,0,0,0,0,0,0,0,0,1,0,0,0,0,1,0,0,0,0,0,0,0,0,2,0,0,0,0,0,0,0,0,0,0,3,0,0,0,0,0,0,0,0,0,0,0,0,0,0,0,0,0,0,0,0,0,0,0,0,0,0,0,0,0,0,0,0,0,0,0,0,0,0,0,0,0,0,0,0,0,0,0,0,0,0,0,0,0,0,0,0,0,0,0,0,0,0,0,0,0,0,0,0,0,0,0,0,0,0,0,0,0,0,0,0,0,0,0,0,0,0,0,1,0,0,0,0,0,0,0,0,0,0,0,0,0,0,0,0,0,0,0,0,0,0,0,0,0,0,0,0,0,0,0,0,0,0,0,0,0,0
HMGB2,0,1,0,0,1,2,0,0,0,0,0,0,1,0,0,1,0,1,0,0,1,1,3,0,0,1,1,0,0,1,0,0,1,1,0,1,1,0,0,0,1,0,0,1,0,0,0,0,0,0,0,2,0,2,1,1,2,0,0,1,0,1,0,1,0,0,0,0,1,0,0,3,0,3,0,2,1,2,2,1,1,0,1,0,2,0,1,1,1,0,1,0,1,1,2,2,0,0,0,0,0,0,0,0,0,1,0,0,4,0,2,0,0,0,0,0,1,1,0,0,0,0,2,0,0,0,0,0,3,1,0,1,1,0,0,0,0,0,0,1,2,0,0,0,1,0,1,2,1,2,1,1,1,1,0,1,0,0,0,0,0,0,0,1,0,1,4,1,0,0,0,0,0,0,2,0,0,1,1,0,0,0,0,0,0,0,1,0,1,1,0,1,1,1,0,1,0,0,0,1,2,0,0,2,1,0,0,0,0,0,0,2,1,0,0,1,0,1,1,3,0,1,1,0,1,1,1,0,1,0,0,0,1,0,4,0,0,0,1,0,1,0,0,1,0,0,0,2,3,1,0,2,0,2,0,1,0,1,1,1,0,1,0,1,0,1,0,1,0,0,0,2,0,0,0,2,0,1,1,0,3,1,0,1,0,3,0,0,1,1,0,0,2,0,1,0,0,0,0,1,0,0,1,0,6,0,0,0,1,0,0,0,2,0,1,1,1,0,1,1,0,0,1,0,2,0,1,0,1,0,0,1,1,0,0,0,0,0,0,0,2,2,0,0,0,1,0,0,1,0,0,0,0,0,2,0,0,1,0,0,1,0,0,2,4,0,3,0,0,0,0,1,0,0,1,0,2,2,0,3,2,0,2,0,0,1,1,0,0,1,0,2,0,0,0,0,0,0,1,0,1,0,1,1,0,0,0,1,0,2,0,0,0,1,2,0,0,0,1,2,0,0,10,0,0,0,0,0,0,0,0,0,0,0,1,0,1,0,0,2,2,1,2,0,0,2,1,0,0,0,0,1,3,0,3,0,0,1,4,0,0,0,0,1,3,3,0,0,1,0,2,2,3,1,0,0,1,1,0,1,2,0,0,0,0,0,2,0,0,3,0,0,0,0,0,1,0,0,3,0,1,0,0,0,0,0,1,1,1,0,0,2,0,0,0,0,0,0,0,1,0,0,1,4,1,1,0,0,0,0,0,0,0,0,1,0,0,0,0,1,2,0,1,0,1,0,4,0,2,2,0,2,0,0,0,0,0,0,0,1,0,0,0,1,0,0,0,1,0,0,0,0,0,0,0,2,0,0,1,0,1,0,0,1,3,1,0,0,0,1,0,0,0,0,0,0,0,1,0,1,0,2,0,0,1,0,0,0,0,0,0,0,0,0,1,0,0,5,2,0,2,0,1,1,2,1,0,0,0,0,2,0,0,1,1,1,0,1,0,1,0,0,0,1,0,1,0,0,0,1,0,1,1,0,0,1,1,0,0,1,3,2,0,0,1,0,0,0,1,0,0,1,1,0,0,0,4,3,1,0,0,1,0,0,0,0,0,1,1,1,1,0,2,0,0,1,0,0,0,0,0,1,1,0,1,0,0,0,0,0,1,0,1,0,0,0,0,1,0,2,0,0,2,0,0,2,0,0,0,1,1,0,0,0,1,0,1,0,0,0,1,1,0,0,2,0,1,0,3,0,0,0,1,0,0,0,0,0,0,0,0,2,0,0,2,0,1,0,0,0,0,5,1,0,0,1,2,0,2,0,0,0,0,1,2,1,1,1,0,0,0,0,1,0,1,1,0,0,2,0,0,0,1,0,0,1,0,0,0,1,0,0,0,0,0,0,0,0,0,0,4,0,0,1,0,1,1,0,1,0,3,0,0,1,0,0,0,1,5,0,1,2,29,0,0,0,0,2,0,0,0,0,3,1,0,1,0,1,0,0,0,0,1,1,0,0,0,0,1,0,0,0,0,2,0,1,0,0,1,1,0,0,1,0,3,0,0,0,1,0,2,0,1,0,2,0,1,0,0,0,0,0,0,1,0,0,0,1,2,0,1,0,0,1,0,0,0,2,2,0,1,2,0,0,0,1,0,1,1,2,1,0,0,1,1,0,1,1,1,0,0,3,4,0,0,0,1,1,0,1,1,0,1,0,1,0,0,0,1,2,0,0,1,0,1,0,1,0,0,0,3,1,0,0,1,0,0,0,3,0,0,0,1,3,0,0,2,1,0,0,0,0,0,1,1,0,0,0,0,0,0,1,2,0,0,0,0,0,0,1,0,0,1,0,1,0,0,0,1,1,0,0,0,1,1,1,1,0,0,0,0,1,0,0,1,0,0,3,0,3,0,2,1,0,0,0,1,4,1,0,0,3,0,0,0,0,1,0,0,2,0,0,0,1,0,3,3,1,0,2,0,1,0,1,1,0,1,0,1,3,1,0,0,0,0,1,0,1,0,1,0,1,0,0,0,0,0,1,0,0,2,0,1,0,1,0,0,0,0,0,0,0,0,1,0,2,2,0,1,1,2,0,0,0,0,0,0,0,1,0,0,0,2,0,0,0,0,3,1,1,0,1,1,1,0,0,0,0,0,0,1,0,0,0,1,1,1,1,0,0,1,1,0,0,0,0,0,0,0,0,0,1,0,3,0,1,1,0,0,1,2,0,0,0,1,0,1,0,0,0,1,1,1,0,0,0,0,0,1,0,0,0,0,0,0,2,0,0,1,2,0,0,1,1,0,0,1,0,0,0,0,0,0,0,1,0,0,2,0,1,1,0,0,1,0,0,1,2,0,1,0,2,0,1,0,0,0,1,0,0,0,1,2,0,0,0,1,1,3,0,0,0,2,0,0,0,1,1,1,0,1,0,2,0,1,2,1,0,0,1,0,0,0,13,0,0,0,1,0,1,1,1,0,0,0,0,0,0,0,0,1,1,1,2,0,0,0,1,0,1,0,0,0,0,1,0,0,0,1,1,1,1,0,1,1,0,1,1,1,3,0,0,0,0,0,0,1,1,34,0,0,0,1,1,0,0,2,1,2,1,1,1,3,0,0,0,1,4,1,0,0,0,0,2,1,2,0,0,0,0,0,0,0,0,2,2,2,0,1,1,0,0,0,0,0,0,0,0,2,1,2,0,0,0,2,1,0,2,2,1,1,0,0,0,1,1,1,1,0,0,1,1,0,0,1,0,0,3,1,1,0,1,0,1,0,1,0,2,1,0,0,0,0,0,0,0,0,0,0,0,1,1,0,2,0,1,0,0,1,1,0,1,1,0,1,0,0,0,0,0,0,0,0,0,2,0,1,2,0,0,0,1,0,0,0,0,0,0,2,3,0,0,2,0,0,1,1,1,0,2,0,2,1,1,0,0,0,2,6,0,0,1,0,0,2,0,1,0,1,1,0,0,0,1,1,2,0,0,0,0,1,0,1,1,1,0,0,2,0,2,1,0,0,0,0,0
PLAUR,0,0,0,0,1,0,2,0,0,0,4,0,0,0,0,0,0,0,1,0,0,0,1,1,0,0,0,0,0,0,0,0,0,0,0,0,0,0,0,0,0,0,0,0,0,0,0,1,1,0,0,0,0,0,0,0,0,1,0,0,1,0,0,0,0,0,0,0,0,0,0,0,0,0,1,0,0,1,0,0,0,0,0,0,0,0,0,0,0,0,0,0,0,1,1,1,0,0,2,0,0,0,1,0,0,1,0,0,0,0,0,0,0,0,0,0,0,0,1,0,0,0,0,0,0,0,0,0,1,0,0,0,0,0,0,0,0,0,1,0,0,0,0,0,1,0,1,1,0,0,2,0,0,0,0,0,0,0,0,0,0,0,4,0,0,0,2,0,0,4,0,0,1,0,0,0,0,0,3,0,0,0,0,0,1,0,0,0,1,0,3,0,0,0,0,0,0,0,0,0,2,0,0,0,0,0,0,0,0,0,0,0,0,0,0,0,0,0,0,0,0,0,0,0,0,0,0,4,0,0,0,0,1,2,0,0,0,0,0,0,0,0,0,0,0,0,0,0,2,1,0,2,0,0,0,0,0,1,0,0,0,0,0,4,0,0,0,0,0,0,0,0,3,0,0,0,0,1,2,0,0,0,0,0,0,0,0,0,0,0,0,0,1,0,0,0,0,1,1,0,0,0,0,0,0,0,0,0,2,0,0,0,0,0,0,0,0,0,0,0,0,0,1,0,0,0,0,0,1,0,0,0,0,0,0,0,0,0,0,0,1,0,0,0,0,0,0,1,0,5,0,0,1,0,0,0,0,0,2,0,0,0,0,0,0,0,0,0,0,0,0,1,0,0,0,1,0,0,0,0,0,0,0,0,0,0,0,0,0,0,0,3,0,2,0,0,0,0,0,1,0,0,0,0,3,0,0,0,0,0,0,0,0,0,0,1,0,0,0,0,0,0,0,0,0,0,0,0,0,0,0,0,0,0,0,0,2,0,0,2,0,0,0,0,0,2,0,0,0,0,0,0,2,0,0,0,0,0,1,0,0,0,0,0,1,0,0,0,0,1,2,0,0,0,0,0,0,0,0,0,0,0,0,0,0,0,0,0,0,0,0,0,1,0,0,1,0,0,0,0,1,1,0,0,0,0,0,0,0,0,0,0,0,0,0,0,0,0,0,0,0,0,0,0,4,0,0,0,5,0,1,0,0,0,1,5,0,0,0,0,1,0,0,0,0,0,1,0,0,0,1,1,0,0,0,0,0,2,0,0,0,0,0,0,0,0,0,0,0,0,0,0,0,0,0,0,0,0,1,0,0,0,0,0,0,0,0,0,0,0,0,0,0,0,0,0,0,0,0,0,0,0,0,0,0,0,0,0,0,0,0,0,0,0,0,0,0,0,0,0,1,0,0,0,0,0,0,1,0,0,0,0,0,0,1,0,0,0,0,0,0,0,0,0,0,0,0,0,0,1,0,0,0,0,0,1,0,0,0,3,1,0,0,0,0,0,0,0,0,0,0,0,0,0,0,0,1,1,1,0,0,0,0,0,0,0,0,0,1,0,0,0,0,0,0,0,0,0,0,0,0,0,1,0,0,0,0,0,0,0,0,0,0,0,4,0,0,0,0,0,0,0,0,0,0,0,0,0,0,0,0,0,0,0,0,0,0,0,0,0,0,0,0,0,0,0,0,0,0,0,0,0,0,0,0,0,0,0,0,0,0,4,0,0,0,0,0,0,0,0,0,0,0,0,0,1,0,0,3,0,2,0,0,0,0,2,0,0,0,0,0,0,0,0,4,0,0,0,0,0,0,0,0,0,0,0,0,0,0,0,0,0,0,1,0,0,0,0,0,0,0,0,0,0,0,0,0,0,0,0,0,0,0,3,0,0,0,0,0,0,1,0,0,0,0,1,0,1,0,0,0,0,0,0,0,0,1,0,0,0,0,0,0,0,0,0,0,0,0,0,0,1,1,0,0,0,0,0,0,0,0,0,5,0,1,0,0,0,0,0,0,0,0,1,0,1,0,1,0,0,0,0,0,0,0,0,0,0,0,0,1,0,0,0,0,0,0,0,0,0,0,0,0,0,1,1,0,0,0,1,0,0,0,0,0,0,0,2,0,0,0,0,0,0,0,0,0,1,0,0,0,0,5,0,0,0,0,0,0,2,0,0,0,0,1,1,0,0,0,1,1,0,0,0,0,0,0,0,3,0,0,0,0,0,0,0,0,0,0,0,0,0,0,0,0,0,0,0,0,0,0,1,0,0,0,0,0,0,0,0,0,0,0,0,0,0,0,0,0,0,0,0,0,0,0,0,0,2,0,0,0,0,0,0,0,2,0,0,1,0,0,0,0,0,0,1,0,0,0,0,0,0,0,0,0,0,0,0,0,1,0,0,1,2,0,0,3,0,0,0,1,0,0,0,0,3,0,0,0,1,0,0,0,0,0,0,0,0,0,0,0,0,0,0,0,0,0,0,1,0,0,0,1,2,2,0,0,0,0,0,0,0,0,0,0,0,1,0,0,0,0,0,2,0,0,0,0,0,1,0,0,0,0,0,0,0,0,0,1,0,0,0,1,0,0,0,0,0,0,0,1,0,1,1,1,0,0,0,0,0,0,0,0,0,0,0,0,0,0,1,0,0,0,0,0,0,3,0,0,0,0,0,0,0,0,0,0,0,0,0,0,0,0,0,0,0,1,0,0,0,0,0,0,0,0,0,0,0,0,1,0,0,0,3,0,0,2,0,0,0,0,1,0,0,0,0,0,1,0,0,2,0,0,0,0,0,2,0,0,0,0,0,0,0,0,0,0,0,0,0,2,0,1,0,0,0,0,0,0,0,0,0,0,0,0,0,0,0,0,0,0,0,0,0,0,0,2,0,4,0,0,0,0,0,0,0,0,0,0,0,0,0,0,0,0,0,0,0,1,0,0,0,0,1,0,0,0,1,0,0,0,0,0,0,0,0,0,0,0,0,0,0,0,0,0,0,0,0,0,1,0,0,0,0,0,0,0,0,1,0,0,0,0,0,0,0,0,0,0,0,0,0,0,0,0,0,0,0,3,0,0,1,0,2,0,0,0,0,0,0,2,1,0,0,0,0,0,0,0,0,0,0,0,0,0,0,0,0,0,0,3,0,0,0,0,0,0,0,0,1,0,1,0,0,0,0,0,0,0,1,0,0,0,0,0,0,0,0,0,0,0,0,1,1,0,0,0,0,0,0,0,0,0,0,0,0,0,0,0,1,0,0,0,0,0,0,0,0,0,0,0,0,0,0,1,0,0,0,0,0,0,0,0,0,0,0,1,1,0,0,0,0,0,0,0,0,0,0,0,1,0,0,0,0,0,0,0,1,0,0,0,0,0,0,0,0,0,0,0,0,0,0,0,0,0,0,1,0,0,0,0,0,0,0,0,0,0,0,0,0,0,0,2,0,0,0,1,1,0,0,0,0,0,0,0,0
LYST,0,0,0,0,1,0,0,0,0,0,1,0,0,0,0,3,0,0,0,0,0,0,1,0,0,0,0,0,0,0,0,0,0,0,0,0,1,0,0,1,0,0,0,0,0,0,1,0,0,0,0,0,3,0,0,0,0,0,0,0,0,0,0,0,0,0,0,0,0,0,1,0,0,1,0,0,0,1,0,4,0,0,2,0,0,1,0,0,0,0,0,0,0,1,0,4,0,0,1,0,1,0,0,0,0,0,0,0,2,0,0,0,0,1,0,0,0,0,0,0,0,1,1,0,0,0,0,0,1,0,0,0,0,0,0,0,0,0,2,0,0,0,0,0,2,1,1,3,0,0,4,0,0,0,0,0,0,0,0,1,0,0,2,2,0,0,1,0,1,2,0,0,0,0,0,0,0,0,0,0,1,0,0,0,0,0,0,0,0,0,0,0,0,0,0,0,0,0,0,0,0,0,0,0,0,0,0,0,0,0,0,0,0,0,3,0,0,1,0,4,0,0,0,0,0,0,0,1,0,0,0,0,1,0,1,0,0,0,0,0,2,0,1,0,0,0,0,1,1,2,0,0,0,0,0,0,1,0,0,0,0,1,1,0,0,0,0,0,0,0,0,1,2,0,1,0,0,0,4,0,0,1,0,0,0,0,0,1,0,0,0,0,1,0,0,0,0,0,1,0,0,0,0,0,0,0,1,0,2,0,0,0,0,0,0,0,0,0,0,0,0,0,1,0,0,0,3,0,0,0,0,4,0,1,1,0,0,1,0,0,3,0,1,0,0,0,0,0,0,0,0,0,4,0,0,0,0,1,2,0,0,2,0,1,0,0,1,0,0,0,0,2,0,0,0,1,0,0,0,2,0,0,0,1,0,1,0,0,0,0,0,3,0,3,0,0,0,0,0,0,2,0,0,0,1,0,0,0,0,0,0,0,0,0,0,1,0,0,0,0,2,0,1,0,3,0,1,0,2,0,0,0,0,0,1,0,0,2,0,0,0,0,0,0,0,3,0,0,0,1,0,0,5,0,2,0,0,0,2,0,0,0,0,0,1,1,0,0,1,0,0,2,0,0,0,3,1,0,2,0,0,0,1,0,1,0,1,0,0,1,0,0,0,0,0,1,0,0,0,0,0,0,0,0,0,0,0,2,0,0,0,0,1,0,0,0,0,0,0,1,1,0,0,1,0,0,0,0,0,1,2,0,0,0,0,0,0,0,0,0,0,0,0,0,0,1,0,0,1,0,0,3,0,0,1,1,1,1,0,0,0,0,0,0,0,0,0,0,0,2,0,0,0,1,0,3,0,0,2,0,0,0,0,1,0,0,0,0,0,0,0,1,0,3,0,0,1,0,0,0,0,1,1,0,1,2,3,0,1,0,0,0,1,0,0,0,0,0,0,1,0,0,0,0,0,0,0,0,0,1,0,1,0,0,0,0,0,0,1,0,0,1,0,0,0,0,0,0,0,1,0,0,0,0,1,1,0,0,1,1,0,0,0,0,0,2,1,0,0,0,0,1,0,0,0,0,0,1,0,0,0,2,0,0,0,0,0,0,0,0,0,0,0,0,0,0,0,0,2,0,0,0,1,0,0,0,0,0,0,0,0,0,0,0,1,0,1,0,0,1,0,0,0,0,0,0,0,0,0,0,0,0,0,0,0,0,2,0,0,0,0,0,0,1,0,2,0,0,0,0,0,0,1,0,0,1,0,0,0,0,0,0,0,0,0,0,0,0,0,0,0,0,0,0,0,0,0,0,0,0,0,0,0,1,0,1,0,0,0,0,0,0,0,0,1,0,0,0,2,0,0,0,0,0,0,0,0,1,0,0,0,0,0,0,0,0,1,0,0,1,0,0,0,0,0,0,0,0,0,1,0,0,0,0,0,0,0,0,0,0,4,0,0,1,0,0,0,0,0,1,0,0,1,0,0,0,0,1,0,0,0,0,1,0,0,0,0,1,0,0,1,1,0,0,0,0,0,0,1,0,0,0,1,1,0,0,0,0,0,0,0,0,0,1,0,0,0,0,0,0,0,0,0,0,0,0,1,0,0,0,4,0,0,0,2,0,0,0,0,0,0,0,1,0,0,1,0,0,2,5,0,0,0,1,0,0,0,0,0,0,0,0,0,0,0,0,0,2,0,0,0,0,1,0,0,0,1,0,0,1,0,0,0,0,0,2,0,0,0,1,0,1,2,0,0,0,0,1,2,0,0,3,0,3,0,0,0,0,0,0,0,0,0,0,0,1,0,0,0,0,0,0,0,0,0,0,0,0,0,1,0,0,2,1,0,0,1,0,0,0,0,0,0,0,0,0,0,1,0,0,1,0,0,0,0,0,0,2,1,0,0,0,0,0,0,0,0,0,0,1,1,1,1,0,0,1,1,1,0,0,0,0,1,0,0,1,2,0,0,1,1,1,0,7,0,0,0,0,2,1,0,0,0,0,0,0,1,0,0,0,2,0,0,1,0,1,0,0,0,0,0,0,1,1,0,0,0,0,0,0,0,0,0,0,0,0,0,0,1,0,1,0,1,0,1,0,0,0,2,0,0,0,0,0,1,0,0,1,0,0,0,0,0,1,0,0,0,0,0,0,0,2,0,1,0,0,0,1,1,0,1,0,1,0,0,0,0,0,0,0,0,0,0,1,0,1,1,0,0,1,0,0,1,0,0,0,0,0,0,0,0,1,0,0,0,0,2,1,0,0,0,0,0,0,0,2,0,2,0,2,1,0,0,4,0,0,2,0,1,0,0,1,0,0,0,0,1,0,0,0,0,1,0,0,0,0,0,0,0,0,0,1,0,0,0,0,0,0,0,0,1,0,0,2,0,0,5,1,0,1,0,0,0,0,0,0,0,0,0,0,0,3,0,0,0,0,0,0,0,0,1,1,0,1,0,0,2,0,0,4,0,0,0,0,0,0,1,0,2,1,1,0,0,0,0,0,0,2,0,0,1,1,1,0,0,1,0,0,1,0,0,2,0,0,0,0,0,0,0,1,0,1,0,0,0,0,0,0,0,0,2,0,0,0,0,0,0,0,0,0,0,0,0,0,0,0,0,0,0,0,0,0,0,1,0,2,2,1,0,0,0,0,0,0,3,0,0,0,0,2,0,0,0,0,0,0,1,0,0,0,3,0,0,0,0,1,1,0,0,2,0,0,0,0,0,1,0,0,0,0,0,0,0,0,1,0,0,1,1,0,1,1,3,0,0,0,0,0,0,0,0,0,0,0,0,0,1,0,1,2,1,0,0,0,0,0,0,0,0,0,0,0,0,0,0,2,0,0,0,0,0,0,1,0,0,0,1,0,1,0,4,0,0,1,2,0,0,0,0,0,0,0,0,0,0,2,0,0,0,0,0,0,0,0,0,0,0,0,3,0,0,1,0,0,0,0,1,0,0,0,0,0,1,0,0,0,0,0,0,0,0,2,1,0,2,0,0,4,0,0,0,0,0,0,0,0
RORA,0,2,2,2,0,0,0,3,0,0,0,1,0,0,3,1,0,1,0,0,0,0,0,0,0,0,0,1,1,0,0,1,0,1,2,0,0,0,0,0,2,2,0,1,0,0,0,0,1,0,0,0,0,1,0,0,0,1,0,1,0,0,0,0,0,0,0,0,0,0,1,0,0,0,0,0,0,0,0,0,0,0,0,0,0,0,0,0,0,0,0,1,0,0,2,0,0,0,0,0,0,0,0,1,1,0,0,0,0,0,1,0,0,1,0,1,1,2,0,0,1,0,0,0,2,0,1,0,0,1,0,0,0,0,0,0,0,0,0,0,3,1,0,0,0,1,0,0,1,0,0,0,3,0,2,0,0,1,1,0,0,0,0,0,0,0,0,1,0,0,2,0,2,0,0,0,0,0,0,0,0,0,0,0,0,0,0,0,0,0,0,0,0,0,0,0,0,0,0,0,0,0,0,0,0,0,0,0,0,0,0,2,0,0,1,0,0,0,0,0,1,0,0,0,1,0,0,0,0,0,0,0,0,0,0,0,1,0,0,0,0,1,0,0,4,0,1,0,0,0,0,0,0,1,0,0,0,0,0,0,0,0,0,0,0,1,0,0,0,0,0,0,0,0,0,1,0,0,0,0,0,0,0,1,0,0,0,0,0,0,1,1,0,0,1,0,0,0,0,3,0,1,0,0,0,0,0,0,0,0,0,1,0,1,1,0,0,1,0,0,0,0,0,0,0,0,0,0,0,0,0,0,0,0,0,0,0,0,0,0,0,0,0,0,0,0,1,0,0,0,0,1,2,1,1,0,0,2,0,0,0,0,0,0,0,0,0,0,0,0,1,0,0,0,0,0,0,1,1,0,0,0,0,0,1,0,0,1,0,0,1,0,0,0,0,0,0,0,0,0,0,1,2,0,0,2,2,0,0,0,0,0,1,0,0,0,0,0,0,0,0,2,1,0,0,0,1,1,0,3,0,0,1,1,2,0,0,7,2,0,0,0,0,1,0,0,0,0,0,1,0,0,0,0,0,0,1,0,0,0,0,0,0,0,2,0,0,0,0,0,0,0,0,1,0,0,0,0,0,0,0,0,1,0,0,1,0,3,0,0,0,0,0,0,0,0,0,0,0,0,0,0,0,0,0,0,0,0,0,0,0,1,0,0,0,0,0,0,0,0,1,0,2,0,0,0,2,0,0,3,0,0,0,0,0,0,0,0,1,1,0,1,0,1,0,2,0,0,0,0,2,0,0,0,0,0,0,0,1,2,0,1,0,2,0,0,2,1,0,0,0,1,0,1,0,0,1,0,0,1,0,0,1,0,0,1,0,1,0,0,0,0,0,0,1,0,1,0,0,0,2,0,0,0,2,0,0,0,0,0,0,0,0,0,1,0,1,1,0,0,1,0,1,0,0,0,0,0,0,0,0,0,0,0,0,0,0,0,0,0,0,0,0,0,0,0,0,0,0,0,2,0,0,0,0,0,0,0,0,0,0,0,0,0,1,7,0,0,0,0,0,0,0,0,1,2,0,0,0,0,1,0,0,0,0,0,2,0,0,0,1,0,1,0,0,0,1,1,0,0,1,0,0,1,0,0,1,0,0,0,1,1,0,0,0,0,1,1,0,0,0,0,0,0,0,1,0,1,0,2,0,0,0,0,0,0,0,0,0,0,0,0,1,0,1,0,0,0,1,0,0,0,0,1,0,1,0,0,0,0,0,0,0,0,0,0,2,0,0,0,1,0,1,0,0,0,0,0,0,0,0,0,0,0,0,0,1,0,0,0,2,0,1,0,0,0,1,0,0,0,0,0,0,0,0,0,0,0,0,0,0,0,0,0,0,2,0,0,1,1,0,0,0,0,0,1,1,0,0,0,1,1,0,0,0,1,0,0,0,0,0,0,1,1,1,0,0,3,2,0,0,0,0,0,1,0,0,0,0,0,0,0,1,0,0,1,0,0,0,0,0,0,0,0,0,1,0,0,0,0,1,0,0,0,0,4,0,0,0,0,0,0,0,0,0,0,0,0,0,0,0,1,0,0,0,2,0,0,0,0,0,0,0,0,0,1,0,1,0,0,0,0,0,0,0,0,0,1,0,0,0,0,0,0,0,0,0,0,0,2,0,0,4,2,0,2,2,0,0,2,0,0,0,0,1,0,0,0,1,0,0,0,1,0,0,0,1,0,0,0,0,0,0,0,0,0,0,0,0,0,0,0,0,0,0,0,0,0,0,0,0,1,1,0,0,0,0,0,0,1,0,0,2,0,0,0,0,0,0,0,0,1,0,0,0,0,0,0,0,2,0,0,0,0,0,1,1,0,1,0,0,0,0,0,0,0,1,0,0,1,0,0,2,1,1,0,0,0,0,0,2,0,0,0,0,0,0,0,0,2,0,1,0,0,0,0,0,0,0,0,0,2,0,0,1,0,0,0,0,0,0,0,1,0,1,0,0,0,1,0,0,0,1,0,0,0,0,1,0,0,2,1,0,0,0,1,1,0,0,0,2,0,0,0,1,1,0,0,0,0,0,2,0,0,0,1,0,0,0,0,0,0,0,0,2,1,0,0,0,0,2,0,0,0,0,0,0,0,0,1,0,0,0,0,0,0,0,1,3,0,2,2,0,0,1,0,0,0,0,0,0,0,0,0,0,0,0,0,0,0,0,0,0,0,0,0,0,0,0,0,0,1,0,0,3,0,0,1,0,1,0,0,1,1,0,3,0,0,1,0,0,0,1,0,3,0,0,3,1,0,0,0,0,0,0,0,0,0,0,0,0,0,1,0,1,0,0,0,0,1,0,0,0,0,0,0,0,0,0,0,0,0,0,0,0,0,0,2,1,0,0,0,0,0,1,0,0,0,0,0,0,0,0,1,0,0,0,0,0,0,0,0,0,0,1,1,3,0,0,0,0,0,1,0,0,0,0,0,0,0,0,0,0,0,0,0,0,0,0,0,0,0,3,0,1,0,0,0,0,0,0,0,0,0,0,0,0,0,0,0,0,0,0,0,0,0,0,1,7,0,0,0,0,0,1,0,1,0,0,0,0,1,1,0,0,0,0,0,0,0,0,0,0,0,0,0,0,0,2,5,0,0,1,0,0,0,0,0,0,0,1,1,1,0,0,0,0,0,1,0,0,1,0,0,0,0,0,0,0,0,1,0,1,0,0,0,0,0,0,0,0,0,0,0,0,1,0,0,0,1,0,1,0,0,0,0,0,0,0,0,0,1,0,0,0,0,0,1,0,0,0,1,0,0,0,1,0,0,1,0,0,1,0,0,0,0,0,0,1,2,0,0,0,0,0,0,0,0,2,0,0,0,0,0,0,0,0,0,1,0,0,0,1,0,0,0,1,0,0,0,0,0,0,0,1,0,0,1,0,0,0,0,0,0,0,0,0,0,0,0,0,0,2,0,0,1,0,0,0,0,0,0,0,0,0,0,0,0,2,1,0,0,0,0,0,2
RETN,0,0,0,0,0,0,0,0,0,0,0,0,0,0,0,0,0,0,0,0,0,0,0,0,0,0,0,0,0,0,0,0,0,0,0,0,1,0,0,0,0,0,1,0,0,0,0,1,1,0,0,0,0,0,0,1,0,0,0,0,1,0,0,0,0,1,0,0,0,0,1,0,0,1,0,0,0,1,0,0,0,0,0,1,0,0,0,0,0,0,0,0,0,1,0,0,0,0,1,0,0,0,0,1,0,0,0,0,0,0,0,0,0,0,0,0,0,0,0,0,0,0,0,0,0,0,0,0,0,0,0,0,0,0,0,0,0,0,0,0,0,0,0,0,1,0,0,0,0,0,0,0,0,1,0,0,0,0,0,0,0,0,2,2,0,1,2,0,0,0,0,0,0,0,1,0,0,0,0,0,0,1,0,0,0,0,0,0,0,0,2,0,0,0,0,0,0,0,0,0,0,0,0,0,0,0,0,0,0,0,0,0,0,0,0,0,0,0,0,0,0,0,0,0,0,0,0,0,0,0,0,0,0,0,2,0,0,0,0,0,1,0,0,1,0,0,0,0,7,0,0,0,0,0,0,0,0,0,0,0,0,0,0,3,0,0,0,0,0,0,0,10,0,0,0,0,0,0,0,0,0,0,0,0,0,0,0,0,0,0,0,0,0,0,0,0,0,0,0,0,0,0,0,0,0,0,0,0,0,0,0,0,0,0,0,0,0,0,0,0,0,0,0,0,0,0,1,0,0,0,0,0,1,0,1,0,0,1,0,0,0,0,0,0,0,0,0,0,0,1,1,0,0,0,0,0,0,0,1,0,0,0,0,1,0,0,0,0,0,0,0,0,0,0,0,0,0,0,0,10,0,0,0,0,0,0,0,0,0,0,0,0,0,0,0,0,0,0,0,0,2,0,0,0,0,0,0,0,0,0,0,0,0,0,0,0,0,0,0,0,1,0,0,0,0,0,0,0,0,0,0,0,0,0,0,0,0,0,0,4,0,0,0,0,0,1,0,0,0,1,0,0,0,0,10,0,0,0,0,0,0,0,0,0,0,0,0,0,0,1,0,1,0,0,0,0,0,0,0,0,0,0,0,0,0,0,0,0,0,0,0,0,0,0,0,0,0,0,0,0,0,0,1,0,1,0,0,0,0,0,1,0,0,1,0,0,0,0,0,1,0,0,0,0,0,0,0,0,1,0,1,0,0,0,0,1,0,0,0,0,0,0,0,0,0,0,5,0,0,0,0,1,0,0,1,1,0,0,0,0,0,0,0,0,0,0,0,0,0,0,0,0,0,0,0,0,0,0,1,0,0,0,0,0,0,0,0,0,0,0,0,0,0,0,0,0,0,0,0,0,0,0,0,0,0,1,0,0,0,0,2,0,0,0,0,0,0,0,0,1,0,0,0,0,0,0,0,1,0,0,0,0,0,0,0,0,0,0,0,0,0,2,0,0,0,0,0,0,0,1,0,0,0,1,0,1,0,0,0,4,0,0,0,0,0,0,0,0,0,0,0,0,1,0,0,0,1,0,0,0,0,0,0,0,1,0,0,0,0,0,0,0,0,0,0,0,0,0,0,2,0,0,0,0,0,1,0,0,0,1,0,0,0,0,0,0,0,0,0,0,0,0,0,0,0,0,0,0,0,1,0,0,0,0,0,0,1,0,0,0,0,0,0,0,0,0,0,0,0,0,0,0,0,0,0,0,0,0,0,0,0,0,0,1,1,0,0,0,0,0,0,0,0,0,0,1,1,0,0,0,0,0,0,0,1,0,0,0,0,0,0,0,0,0,5,0,0,0,0,0,0,0,0,0,0,0,0,0,0,0,0,0,0,0,0,0,0,0,0,0,0,0,0,0,0,0,0,0,0,0,0,0,0,1,0,0,0,0,1,0,0,0,0,0,0,0,0,0,0,0,0,0,0,0,0,0,0,0,0,0,0,0,0,0,1,0,0,0,0,0,0,2,0,0,0,0,0,0,0,0,0,0,0,0,0,0,0,0,0,0,0,0,0,0,0,0,0,0,0,0,0,0,0,0,0,0,0,0,0,0,0,0,0,0,0,0,0,0,0,0,0,0,0,0,0,0,0,0,0,0,0,0,0,0,0,0,0,1,0,0,0,0,0,0,0,0,0,0,1,0,0,0,0,0,0,0,0,0,0,0,0,0,0,0,1,0,0,0,0,0,0,3,1,0,0,0,0,0,2,0,0,0,0,3,0,0,0,0,0,0,0,0,0,0,0,0,0,0,0,2,0,7,0,0,0,0,0,0,0,0,0,0,2,0,0,0,0,0,0,0,0,0,0,0,0,0,0,1,0,0,0,0,0,0,0,2,0,2,1,0,0,0,0,0,0,0,0,0,0,0,0,1,0,0,0,0,0,0,0,0,1,0,0,1,0,0,2,3,0,1,1,0,0,0,0,0,0,2,2,1,0,0,0,0,0,0,0,0,0,0,0,0,0,0,0,1,0,0,1,0,0,0,0,1,0,1,0,0,0,0,0,1,0,0,0,0,0,0,0,0,0,0,0,0,0,0,0,0,1,0,0,1,0,0,0,0,0,0,0,0,0,0,0,0,0,0,0,0,0,0,7,0,0,0,0,0,0,0,0,0,0,0,0,0,0,0,0,0,0,0,0,0,0,0,0,0,0,0,0,0,0,0,0,0,0,0,0,1,0,1,0,0,0,0,0,0,1,0,0,0,0,0,0,0,0,0,0,1,0,3,0,0,0,1,0,0,0,0,0,0,0,1,0,0,0,0,2,0,0,0,0,1,0,0,0,0,0,0,0,0,0,0,0,0,0,0,0,0,0,0,0,0,0,0,0,0,0,0,0,0,0,0,0,0,0,0,0,0,0,0,0,0,0,0,0,0,0,0,0,1,1,0,0,0,0,0,0,0,0,0,0,0,0,0,1,0,0,0,0,0,0,0,0,0,0,0,0,0,0,0,0,0,0,0,0,0,0,0,0,0,0,0,0,0,0,0,0,0,0,0,1,0,0,0,0,0,0,0,0,0,0,0,0,0,0,0,0,0,0,0,0,0,0,0,0,0,1,0,1,0,0,0,0,0,0,0,0,0,0,0,1,0,0,0,0,0,0,0,0,0,0,0,0,0,0,0,0,0,0,0,0,0,0,0,0,0,0,1,0,1,0,0,0,0,0,0,0,0,0,0,0,0,1,0,0,0,0,0,0,0,0,0,1,0,0,0,0,0,0,0,0,0,0,0,0,0,0,0,0,4,0,0,0,0,0,0,0,0,0,0,1,0,1,0,0,0,0,0,0,0,0,0,0,1,0,0,0,0,0,0,0,0,0,0,2,0,0,0,0,1,0,1,0,0,0,1,0,0,0,0,0,0,1,0,1,0,0,0,0,0,0,0,0,0,0,0,0,0,0,0,0,0,0,0,0,0,0,1,0,0,0,0,0,0,0,0,0,0,0,0,0,0,0,0,0,0
ISG20,1,0,0,0,0,1,0,0,0,0,0,0,0,0,0,2,1,0,1,1,0,0,0,1,0,9,0,0,2,0,0,1,0,0,0,0,0,2,0,0,1,2,0,4,0,0,0,0,0,0,0,0,0,1,2,0,0,0,1,0,0,0,1,0,0,1,0,0,0,1,1,1,0,0,0,0,0,0,0,0,2,0,0,0,0,1,0,0,2,0,1,1,1,0,1,0,0,1,0,8,2,1,0,1,3,0,1,0,0,0,2,3,0,0,0,0,1,1,0,1,0,0,0,0,0,0,0,0,0,0,0,1,1,1,0,0,0,0,0,2,0,0,0,0,0,0,0,0,2,1,0,0,1,0,1,0,0,1,0,0,0,0,0,0,0,1,0,0,0,0,0,1,3,1,0,0,0,0,1,1,0,1,0,2,0,1,1,1,0,0,0,1,0,0,2,2,0,0,0,0,0,0,0,1,2,0,0,4,4,2,0,1,0,0,0,1,0,1,2,0,0,0,0,0,2,0,2,0,0,0,0,1,0,1,0,2,5,0,3,1,0,0,1,0,0,0,1,0,0,0,0,0,3,1,0,1,0,2,1,0,1,1,1,1,2,1,0,1,1,2,0,0,0,0,0,0,0,0,0,0,1,0,1,1,1,1,0,0,5,0,0,2,0,0,0,0,1,1,0,0,0,1,0,0,0,0,1,1,0,1,1,0,1,1,0,0,1,0,1,1,0,1,0,0,1,2,0,3,1,0,0,0,2,1,0,0,2,0,0,0,0,1,0,0,1,1,1,0,0,0,0,1,1,2,0,0,0,0,0,0,0,0,0,0,0,1,0,2,1,2,2,0,1,0,0,0,0,3,0,0,0,1,1,0,0,0,1,1,0,1,2,3,1,0,0,1,0,3,1,0,0,0,0,3,0,0,1,2,2,0,4,0,0,1,0,2,0,0,0,0,0,0,2,0,0,0,0,0,0,1,1,0,2,2,1,1,1,0,1,1,0,1,0,0,1,0,1,0,0,1,1,1,0,2,0,0,0,2,0,0,2,0,1,3,0,0,0,0,0,0,0,0,0,0,0,0,0,0,0,0,0,1,1,1,0,1,1,0,0,0,0,1,0,4,1,0,1,2,1,0,0,0,0,0,0,2,0,0,0,2,0,0,2,1,0,2,2,1,0,0,1,3,1,0,0,0,1,1,0,3,0,0,1,1,1,0,1,1,0,3,0,4,1,0,1,1,0,0,0,1,3,0,2,0,0,0,0,0,0,1,0,4,0,0,0,0,1,1,0,1,1,0,2,1,2,0,1,0,0,0,1,0,0,0,0,1,1,0,1,0,1,0,0,0,0,2,1,0,0,2,3,0,1,0,3,0,0,1,0,0,0,0,0,0,0,1,0,1,0,0,1,1,1,0,1,0,1,0,0,1,1,0,1,0,1,3,0,0,3,2,1,0,0,0,0,0,3,1,2,1,0,1,0,0,2,0,0,0,2,0,0,0,0,0,1,0,0,1,2,0,2,1,0,1,0,1,0,0,1,3,1,0,1,2,0,1,0,0,0,2,1,0,0,1,0,2,1,2,0,0,0,1,4,1,1,0,0,1,1,1,1,2,3,1,0,2,0,1,0,0,0,0,1,1,1,0,1,0,0,1,1,1,2,0,0,0,0,1,0,1,0,1,0,0,2,0,0,2,0,1,1,0,0,0,1,3,0,0,1,0,1,0,1,1,0,2,0,0,2,0,0,0,1,0,0,0,0,0,0,0,0,0,0,0,0,1,0,0,3,0,0,0,1,0,0,0,2,2,0,0,0,1,1,1,1,1,0,3,0,0,0,0,1,0,0,1,0,1,0,0,0,0,0,1,1,0,1,1,0,1,3,1,1,0,1,0,1,3,0,2,0,0,3,0,0,1,0,1,0,0,0,0,0,1,1,0,1,0,0,2,1,0,0,0,1,1,0,0,0,0,2,1,1,0,1,0,0,3,0,0,1,0,0,0,0,3,4,1,3,4,0,0,0,0,0,1,0,0,0,0,1,2,1,0,1,0,2,0,0,0,0,0,0,1,1,0,0,0,0,0,0,0,1,1,4,0,0,2,0,2,0,0,0,1,1,0,0,1,1,0,1,0,11,1,2,0,2,0,1,0,0,0,0,1,0,1,2,0,0,2,1,0,2,0,0,0,0,0,1,0,0,2,1,2,1,0,0,0,0,0,4,2,1,0,1,2,0,1,1,0,2,1,1,0,0,2,0,0,3,0,0,0,1,1,0,1,0,0,0,1,0,1,0,0,0,0,0,1,0,1,2,0,0,0,0,0,2,0,0,0,0,0,1,0,1,1,0,0,1,0,1,0,2,1,1,0,0,0,0,0,1,0,1,1,2,2,0,1,1,1,1,1,1,0,0,0,0,0,0,0,1,3,1,0,1,0,0,0,0,0,1,0,0,0,1,2,0,0,2,1,0,0,0,1,0,0,1,2,0,0,2,1,0,0,0,0,0,2,0,1,1,0,1,0,2,0,0,0,0,0,0,1,0,0,0,2,0,2,0,1,0,0,2,0,0,2,0,1,1,1,2,1,0,1,0,1,0,0,1,5,0,4,0,0,1,0,0,0,0,1,3,1,1,0,0,1,0,1,1,1,4,0,1,1,2,1,0,1,0,0,2,0,0,1,0,0,0,0,0,0,0,0,1,0,0,4,0,0,3,2,2,1,2,0,1,2,4,0,1,0,1,0,0,1,0,0,0,1,0,0,2,0,0,1,3,4,0,0,0,0,0,0,1,0,1,0,0,1,0,3,0,2,2,0,0,3,0,1,3,2,0,1,0,0,1,3,0,0,2,2,1,0,0,0,0,1,0,0,0,0,0,0,3,1,0,0,0,0,0,0,0,1,0,5,0,0,3,1,1,0,0,1,1,0,0,3,0,1,0,0,0,1,2,0,0,0,0,2,2,5,2,0,2,0,0,0,0,1,0,0,0,1,0,0,1,0,0,2,1,0,0,0,0,0,0,1,0,0,3,1,2,0,0,0,1,1,0,1,1,1,3,2,1,0,0,1,3,0,0,1,0,0,1,0,0,0,0,1,0,0,0,0,0,2,0,0,0,0,0,0,0,0,0,0,0,3,0,0,1,1,3,0,0,2,1,0,0,0,2,0,0,0,1,1,1,1,0,0,0,0,0,0,0,0,0,0,0,0,2,1,0,0,1,0,1,0,1,2,1,0,0,0,0,0,1,0,0,0,0,0,0,2,1,1,0,2,0,0,0,0,0,0,1,0,0,0,0,1,0,2,1,0,0,0,1,1,0,0,1,1,1,0,1,0,0,0,3,2,0,0,0,0,0,0,1,0,0,0,0,0,0,1,0,0,1,0,0,0,0,0,1,0,0,1,0,0,0,0,0,0,0,1,3,0,1,0,1,1,1,0,3,0,0,0,1,0,0,0,0,0,1,4,1,0,1,0
TNFAIP3,0,0,1,0,0,0,0,2,0,0,0,0,2,0,0,1,0,0,1,0,0,0,1,1,0,0,0,3,2,0,0,1,0,0,0,0,0,0,0,0,0,0,0,1,0,0,0,1,0,0,1,0,0,0,0,0,0,0,0,0,1,0,0,0,0,0,2,0,0,0,0,0,0,0,0,0,0,0,1,2,0,2,0,0,0,0,0,0,0,0,0,0,0,0,0,3,0,0,0,0,0,1,1,1,0,0,1,0,0,0,0,0,1,0,1,0,0,1,0,0,0,0,0,0,0,0,0,0,0,0,0,0,0,0,0,0,0,0,0,0,2,0,0,0,0,0,1,0,1,0,1,0,0,1,0,0,1,0,1,0,0,0,0,0,3,1,0,1,0,0,3,0,2,1,0,1,0,1,0,0,1,0,0,0,1,0,0,0,0,0,0,0,0,0,3,0,0,0,0,0,0,0,1,0,2,0,0,0,1,1,0,0,0,0,0,0,1,4,0,0,0,0,0,0,1,0,0,0,1,0,0,0,0,0,0,0,0,0,1,0,2,1,0,0,0,0,0,2,0,0,1,0,0,0,0,1,1,1,0,0,0,0,0,0,0,0,0,0,0,1,0,0,1,0,0,0,1,0,1,0,0,0,0,0,0,0,1,0,0,0,0,0,1,2,0,0,1,0,2,0,1,0,0,0,1,0,0,0,0,0,0,0,0,1,0,0,0,2,0,0,1,0,0,0,0,0,1,0,0,0,3,2,0,0,0,0,0,1,1,0,0,1,0,0,0,1,0,0,0,0,0,1,0,0,0,0,1,0,0,0,0,0,0,0,0,0,1,3,1,0,1,2,0,0,1,2,0,0,0,0,0,0,0,1,3,0,1,1,0,0,0,0,0,2,0,1,1,6,0,0,2,0,0,0,3,3,0,0,0,0,0,0,0,0,0,1,0,0,0,0,1,3,0,3,0,1,0,1,0,0,0,0,0,2,1,0,0,1,0,0,0,0,1,3,0,1,0,0,0,0,0,2,1,0,0,1,0,0,0,0,0,3,0,0,1,0,0,0,0,1,0,1,0,0,0,0,0,0,0,0,0,0,0,2,0,0,0,2,0,2,0,0,0,0,0,0,1,0,0,0,0,1,0,0,0,0,0,0,0,0,0,0,0,0,0,2,0,0,0,1,1,0,1,0,2,0,0,0,0,0,1,0,0,0,2,0,0,0,0,0,0,2,0,1,0,0,0,1,1,0,2,0,0,0,0,0,0,0,2,0,0,1,0,0,0,2,0,2,0,0,0,0,0,0,0,0,0,0,1,1,0,0,0,0,0,1,0,0,0,0,4,0,0,0,0,0,0,0,1,0,4,0,3,0,0,0,0,0,0,0,1,0,0,0,5,0,2,2,1,1,0,1,0,0,0,0,0,0,2,0,0,0,0,0,0,0,0,1,0,0,0,0,0,0,0,0,0,0,0,1,0,0,1,0,0,2,0,0,0,0,0,0,0,0,0,1,0,0,0,0,0,0,0,0,0,1,1,1,0,0,0,0,1,1,2,0,1,0,0,1,0,0,2,0,0,1,0,0,0,0,0,0,0,0,0,0,0,0,0,0,2,2,0,0,0,0,0,3,0,0,0,0,0,0,0,2,0,0,0,1,0,0,0,0,0,0,0,0,0,0,0,0,1,0,1,0,0,0,0,1,0,1,0,1,1,1,0,0,0,0,0,0,0,0,1,0,0,0,0,0,0,1,0,0,0,0,0,0,2,1,2,0,0,2,1,0,1,1,1,0,1,0,1,0,2,0,0,3,0,2,0,0,0,0,1,0,1,0,0,0,0,0,0,0,0,0,0,0,0,0,0,0,1,0,0,3,0,0,0,3,0,1,0,0,0,2,4,0,0,0,0,0,0,0,0,0,0,2,0,1,0,1,0,0,0,0,0,0,1,0,0,1,1,0,0,0,0,0,0,1,0,0,0,0,0,0,0,0,0,0,0,0,0,0,0,1,0,0,0,1,0,0,0,0,1,0,0,0,0,1,0,0,1,0,0,0,0,0,1,0,0,0,2,0,0,0,0,0,0,0,0,1,0,0,0,2,0,0,1,1,0,0,0,0,0,0,0,0,1,0,0,0,0,0,0,3,0,0,0,2,0,0,0,0,0,0,0,0,0,2,2,0,0,0,0,0,0,0,0,0,0,1,1,0,0,0,0,0,1,2,0,1,0,0,2,0,0,1,0,1,0,2,0,0,0,2,0,0,0,0,0,0,2,1,0,1,0,0,0,0,1,0,2,0,0,1,0,0,2,0,0,0,0,0,0,0,0,1,1,0,0,0,0,0,0,0,0,0,0,0,1,0,0,1,0,0,0,0,0,0,1,0,0,0,0,0,0,0,1,0,0,1,0,0,0,0,1,0,0,0,0,0,0,0,0,0,1,1,2,0,1,1,0,0,0,0,0,1,0,0,3,0,0,0,0,0,0,0,1,1,1,0,0,1,0,0,0,0,0,1,0,0,0,2,0,0,0,0,2,2,0,0,1,0,0,0,0,1,0,0,0,0,1,0,0,2,0,0,0,0,0,0,1,0,1,0,0,0,0,0,0,0,1,0,0,0,0,0,1,0,0,0,0,1,0,0,0,0,1,2,0,0,0,0,0,0,0,0,0,0,0,0,1,0,0,1,2,0,0,0,0,1,0,0,0,0,1,0,0,0,0,0,0,0,1,0,0,0,1,0,0,0,0,0,0,3,0,0,0,0,0,0,0,0,0,0,0,0,1,1,0,0,0,0,0,1,0,0,0,0,1,0,0,0,0,0,0,0,0,0,0,0,0,2,0,1,1,1,0,0,0,0,2,0,0,0,1,0,0,0,0,1,0,0,0,0,0,0,0,0,0,0,0,1,0,0,0,1,0,2,0,0,0,0,0,0,0,0,1,0,0,0,0,0,0,0,0,1,0,0,0,0,0,0,3,0,0,1,1,0,0,0,1,0,0,0,0,0,0,1,1,0,0,0,0,0,0,0,1,0,0,0,0,0,0,0,0,0,0,1,0,1,0,1,0,0,0,0,1,0,0,0,0,0,1,0,0,2,0,1,0,0,0,0,3,0,0,0,1,0,0,2,0,0,0,0,0,0,6,0,0,2,0,0,0,0,0,0,0,0,0,1,0,1,0,0,0,0,1,1,0,0,0,0,0,0,0,0,1,0,1,0,0,0,0,1,0,0,0,0,0,2,0,0,0,0,0,0,0,0,2,0,0,0,0,0,0,0,1,1,0,0,0,0,0,0,0,0,0,0,0,0,0,0,0,0,0,0,0,2,0,0,0,0,0,0,0,0,2,0,0,1,0,1,0,2,0,0,0,0,0,1,0,0,0,0,1,0,0,0,0,0,0,0,1,3,0,0,0,0,1,0,1,0,1,0,0,0,1,1,1,0,0,0,0,0,1,0,2,2,0,0,0,0,0,0
RPL4,12,1,8,4,8,4,3,15,9,6,6,17,12,15,7,18,8,5,9,8,4,15,6,5,5,4,9,9,7,15,13,12,15,8,4,1,15,17,20,5,12,10,9,12,8,7,11,4,6,7,9,5,2,7,8,7,1,23,15,6,19,9,7,6,8,13,13,1,6,14,4,27,5,4,3,5,3,11,1,10,17,5,3,4,6,16,17,10,7,11,7,6,11,3,7,8,2,2,5,46,6,13,5,3,8,6,2,2,5,9,6,18,3,5,11,29,3,21,7,11,5,4,6,4,12,17,7,4,8,4,5,12,4,8,6,9,9,8,7,0,6,12,10,18,25,5,4,5,18,7,4,4,7,13,3,11,5,3,4,2,7,7,10,1,3,18,3,14,2,37,21,5,21,6,11,1,5,9,5,19,7,9,8,8,4,13,21,15,5,8,17,15,6,22,9,8,6,2,1,15,6,9,4,4,10,1,3,12,12,11,8,3,4,0,6,2,12,9,16,9,5,8,9,9,18,1,7,6,17,8,17,4,15,11,5,5,13,6,5,8,1,5,12,1,9,7,9,6,13,4,13,3,9,5,10,9,7,14,3,4,14,9,16,13,12,8,12,3,14,10,2,30,5,2,11,7,5,14,4,10,1,0,22,16,22,16,9,10,10,6,6,9,5,6,7,5,1,5,11,1,8,5,2,8,5,3,9,1,10,14,9,1,9,17,9,4,5,15,9,11,5,2,10,1,5,8,4,25,3,11,13,10,19,6,7,6,8,3,16,6,8,6,4,12,11,13,12,3,12,4,14,10,21,12,0,2,7,28,9,1,9,8,13,0,3,5,42,8,13,7,6,0,5,9,4,29,12,9,12,7,4,3,12,10,9,0,9,14,4,0,17,21,5,14,12,8,15,10,3,7,6,10,3,10,5,11,2,4,12,11,12,18,6,11,5,24,5,10,9,12,6,11,13,3,9,11,2,5,10,2,1,15,12,5,11,7,1,2,13,16,6,14,20,9,7,32,4,8,9,4,7,13,3,5,7,15,7,13,8,9,5,10,10,6,10,15,9,5,6,2,3,2,0,17,15,8,3,3,3,8,6,10,3,13,1,21,4,15,23,5,7,14,8,7,5,1,11,12,4,2,2,5,12,2,15,12,6,19,7,9,0,0,11,12,6,10,5,3,7,4,9,11,21,4,4,4,6,11,4,8,7,20,7,3,8,4,3,28,10,8,61,14,8,3,8,9,8,9,20,8,21,16,7,11,6,10,3,10,11,11,7,21,5,3,13,16,7,14,13,6,15,5,11,11,18,14,9,10,5,7,4,4,10,7,6,9,7,3,6,1,6,13,1,10,10,11,10,5,7,2,8,9,2,8,18,42,5,9,5,12,2,5,1,9,24,19,11,11,3,9,20,19,8,2,3,1,11,3,6,16,4,13,6,2,5,7,6,21,9,13,6,2,19,13,6,4,15,9,12,0,1,4,4,3,7,3,9,6,4,13,7,12,5,1,16,2,1,8,13,6,14,11,2,6,12,10,2,6,11,6,1,19,11,15,3,17,4,9,2,7,10,9,12,3,11,9,4,4,7,4,1,11,22,6,5,9,11,6,2,43,7,7,7,21,7,12,2,8,5,10,8,8,10,13,5,12,6,11,4,9,15,8,5,5,12,12,6,15,6,7,3,7,4,5,18,3,12,8,6,2,7,8,8,11,9,11,13,3,9,12,11,2,6,14,7,8,7,1,17,11,11,12,7,8,6,2,11,7,2,15,8,5,5,6,8,14,2,8,22,10,8,9,5,4,18,4,3,9,1,9,11,3,8,6,11,11,4,6,5,1,9,2,4,1,9,8,8,2,7,5,6,0,18,12,6,16,7,4,5,2,17,6,8,9,8,11,6,15,8,11,3,9,9,5,17,28,6,19,4,16,8,2,5,10,10,4,4,7,15,4,19,12,11,3,15,9,22,3,5,6,14,0,14,5,13,5,1,10,3,5,3,5,8,13,5,8,18,8,5,12,14,11,2,5,1,6,27,9,20,5,3,14,6,21,13,4,6,9,20,4,11,1,7,11,5,17,6,7,12,13,7,20,5,5,9,9,5,14,3,17,1,18,5,6,4,6,9,15,5,3,3,7,9,6,6,21,8,1,14,7,1,11,8,3,3,2,14,9,17,5,8,2,4,2,2,9,4,4,9,5,18,30,7,5,10,8,24,7,3,16,4,2,11,26,9,3,3,6,9,7,6,7,11,4,3,5,1,13,5,8,6,7,25,2,14,2,5,11,0,13,15,9,6,6,9,8,10,7,12,11,8,6,7,12,10,7,10,4,14,9,26,38,3,6,5,11,10,11,8,6,17,3,8,7,17,8,9,2,4,5,9,4,16,4,9,10,11,6,15,7,8,7,5,20,6,7,3,1,2,4,8,18,2,2,10,11,21,2,6,9,12,1,11,10,3,4,2,6,7,6,9,14,7,16,10,3,4,10,2,6,21,5,7,4,3,8,8,11,5,6,6,9,17,10,6,8,6,2,8,8,10,3,9,5,10,10,2,15,2,23,9,4,10,4,2,5,5,24,5,8,5,12,10,6,11,7,4,5,8,13,7,3,8,27,3,3,6,3,8,5,18,6,6,1,7,7,12,10,2,5,26,8,8,24,16,6,5,10,5,28,17,8,12,10,4,18,4,12,4,7,16,12,7,10,7,12,7,5,7,14,8,12,9,15,2,7,8,12,9,5,5,13,1,8,7,12,18,13,8,6,7,10,11,7,7,26,4,3,21,7,3,10,11,4,9,15,10,4,10,7,4,9,10,5,11,9,7,26,13,12,10,24,6,1,11,19,9,10,21,10,22,11,14,6,3,6,2,2,3,13,8,2,7,5,9,4,10,9,4,2,10,8,24,27,6,6,6,8,7,10,10,8,18,11,0,7,4,10,3,7,9,3,5,3,9,11,4,13,14,10,11,5,5,3,16,7,10,15,2,16,11,5,1,7,17,10,10,14,12,9,11,15,9,3,1,12,16,8,41,2,6,5,12,3,5,13,7,15,6,3,5,18,4,4,7,5,8,3,1,14,9,13,4,5,5,12,4,15,4,21,2,2,13,12,17,14,3,9,10,7,1,14,1,6,6,11,11,12,11,7,21,15,9,14,23,9,5,7,11,25,10,5,3,6,7,3,4,12,1,8,11,17,15,1,6,7,2,34,9,3,6,3,7,5,9,9,8,17,4,17,6,7,5,13,12,11,5,10,10,3,6,21,2,10,4,1,3,17,2,5,15,15,25,2,8,7,11,10,1,18,13,5,12,9,10,7,10,5,9,9,7,9,5,1,33,9,19,6,12,12,5,11,2,5,11,1,15,3,8,7,3,13,10,2,6,4,9,21,12,8,7,9,1,10,1,10,2,0,2,2,1,6,10,11,8,14,9,10,6,11,5,0,2,11,5,9,4,21,13,12,5,24,16,4,12,6
SH2D1A,0,0,2,1,0,0,0,1,0,0,0,0,0,0,0,1,0,1,0,0,1,0,0,0,0,1,0,0,5,0,0,0,0,0,1,0,0,1,0,0,0,0,0,0,0,0,0,0,0,1,0,0,0,2,0,0,1,0,0,0,0,0,1,0,0,0,1,0,0,0,1,0,1,0,0,0,0,0,0,0,0,0,0,0,3,1,0,0,2,0,0,0,0,0,1,0,1,0,0,0,2,0,0,0,1,0,1,1,0,0,0,1,0,0,0,0,0,1,0,0,0,0,0,0,0,0,1,0,0,0,0,1,1,0,0,1,0,0,0,0,0,0,0,0,1,0,0,0,0,2,0,0,2,0,0,0,1,0,0,0,0,1,0,0,0,2,0,0,0,0,0,0,0,2,0,0,1,0,0,0,0,1,0,0,0,0,0,0,0,0,0,0,0,1,0,1,0,0,0,0,0,1,0,0,1,0,0,1,0,0,0,1,2,1,1,1,0,0,0,0,0,0,0,0,0,0,0,0,0,0,1,0,0,0,0,1,0,0,0,0,0,2,0,0,0,0,0,0,0,0,0,0,0,1,0,1,0,0,0,0,0,0,1,0,0,0,1,1,0,1,1,0,0,0,0,0,0,0,0,0,0,0,0,0,1,1,0,0,0,0,0,0,0,0,0,0,0,0,0,1,1,0,1,0,0,0,1,0,0,0,1,0,1,0,0,0,0,0,0,0,1,0,0,0,1,0,0,1,0,0,0,0,0,0,0,0,0,0,1,0,0,0,0,0,0,0,0,0,0,0,0,0,0,0,0,0,0,0,0,0,1,0,0,0,0,0,0,1,0,2,0,0,0,0,1,0,0,0,0,0,0,0,1,0,0,0,1,0,0,0,0,0,1,0,1,0,0,0,2,0,0,0,1,0,0,0,0,0,2,0,0,2,0,0,0,0,1,0,0,1,0,0,0,0,0,0,0,0,3,1,0,0,0,3,0,0,0,3,0,0,3,0,0,0,1,0,0,0,0,1,0,0,0,0,0,0,1,0,0,0,0,0,0,0,0,0,0,0,0,0,0,0,1,1,1,0,0,1,0,0,0,0,0,1,0,0,1,1,0,0,0,1,0,0,0,0,0,0,0,0,0,0,0,0,0,0,0,0,1,0,0,0,0,0,0,1,0,0,1,0,0,1,1,0,0,0,0,0,0,0,0,0,0,0,0,0,2,0,0,0,0,0,0,0,0,0,0,0,0,1,0,0,1,0,0,0,0,0,0,1,0,0,0,1,0,1,0,0,1,0,0,2,0,0,0,0,0,0,0,0,0,0,0,0,0,0,0,0,0,0,0,0,0,0,0,0,0,0,0,0,0,0,0,0,0,0,0,1,0,1,0,0,0,0,0,0,0,0,0,0,0,0,0,0,0,0,1,0,0,0,0,0,1,0,0,0,0,0,0,0,0,0,1,0,0,0,0,0,0,0,1,1,0,0,0,0,0,0,0,0,0,0,0,0,0,3,0,0,0,0,0,0,0,1,0,0,0,0,0,3,0,0,0,0,0,0,0,0,0,0,0,0,0,2,1,0,1,0,0,0,0,0,0,0,0,0,1,0,0,0,1,5,0,0,0,1,0,0,0,0,0,0,1,2,0,0,0,0,0,0,0,0,0,0,0,0,0,0,0,0,0,1,1,0,0,0,0,0,3,1,1,1,0,0,0,0,0,0,1,1,0,0,0,0,0,0,1,0,1,1,0,0,0,0,0,0,0,1,0,0,0,0,0,2,0,0,0,0,0,0,2,0,0,0,0,4,1,0,0,0,1,2,0,0,2,0,0,0,0,1,0,0,0,0,1,0,0,1,0,0,3,0,0,0,0,0,0,0,1,0,0,2,0,0,0,0,0,0,0,0,0,0,1,0,1,0,2,1,0,0,1,0,0,0,1,0,0,0,1,0,0,0,0,0,0,0,0,0,1,0,0,0,0,1,0,0,1,0,0,0,0,0,0,0,0,0,0,0,0,0,0,0,0,0,0,0,0,0,0,0,0,0,2,0,0,0,0,0,0,0,0,2,0,0,0,0,0,0,0,0,0,0,0,0,0,0,0,0,0,0,0,0,0,0,0,2,0,1,1,0,0,0,1,0,0,0,0,0,0,0,0,1,0,0,0,1,0,1,0,0,0,0,0,0,0,0,0,0,0,0,0,0,0,0,1,0,0,0,0,1,1,1,0,0,0,0,1,0,0,0,0,1,0,0,0,0,0,0,0,0,0,0,0,1,0,1,0,0,0,0,0,0,0,0,0,0,0,0,0,1,0,0,0,0,0,1,0,0,0,0,0,0,0,0,0,0,0,1,0,3,0,0,0,1,0,0,0,1,0,0,0,0,0,0,0,0,0,0,0,1,0,0,0,0,0,1,0,0,1,0,0,0,0,0,0,0,0,0,0,0,0,0,0,0,0,2,0,0,0,0,0,0,0,0,0,0,0,0,0,1,0,2,0,0,0,0,1,1,0,0,4,0,0,0,0,0,0,0,1,0,0,0,0,1,0,0,0,0,0,0,0,1,0,0,0,3,0,0,0,0,0,1,0,1,0,0,1,1,0,0,0,0,0,0,0,0,0,0,1,1,0,2,0,0,0,0,0,0,0,0,0,0,0,0,0,1,0,0,0,0,0,0,0,0,1,1,0,0,0,0,0,1,0,0,0,0,0,0,0,0,0,0,0,0,0,0,0,0,0,0,0,0,1,0,0,2,0,0,1,0,0,0,0,0,0,0,0,0,0,0,0,0,0,0,0,0,0,0,0,0,0,1,0,0,1,0,0,0,0,2,0,0,0,0,0,0,0,0,0,0,1,0,0,0,0,0,0,0,0,0,2,0,1,0,0,0,0,1,0,0,0,0,0,0,0,0,1,0,0,0,0,0,0,0,0,0,0,0,0,0,0,0,0,0,0,0,0,0,0,0,0,0,0,1,0,0,0,0,0,1,0,0,0,0,0,0,0,0,1,0,0,0,0,0,0,0,0,1,7,0,0,0,0,0,0,0,0,0,0,0,0,0,2,0,0,0,0,0,0,0,0,0,0,0,0,0,1,1,0,0,0,0,0,1,0,0,0,0,0,0,2,0,0,1,0,0,0,0,0,0,0,1,1,1,0,0,0,0,0,1,1,0,0,2,0,0,0,0,0,0,0,0,0,0,0,1,0,0,0,0,0,0,0,0,1,0,1,0,1,0,0,1,0,0,0,0,0,1,0,0,2,1,1,0,0,0,1,0,0,0,0,0,0,2,2,0,1,0,0,0,0,0,0,0,0,0,0,0,0,0,0,0,0,0,0,0,0,0,0,0,0,0,1,1,0,0,0,0,0,2,0,0,0,0,1,0,0,0,0,0,0,0,0,0,0,0,0,0,2,0,0,0,1,0,0,1,0,1,0,0,0,0,0,0,0,0,0,0,0,0,0,0,1,0,0,0
SDCBP,1,0,0,0,0,1,2,0,0,0,0,0,2,0,0,1,0,0,3,0,0,0,4,1,0,3,0,0,0,0,1,0,0,0,0,0,0,0,0,0,0,0,3,2,1,0,0,0,0,0,0,0,1,0,0,1,0,0,0,0,2,0,0,0,0,1,1,0,1,0,0,0,0,0,1,0,0,4,3,1,0,0,2,0,1,0,1,0,0,0,0,1,0,1,1,4,0,0,1,1,0,2,4,0,0,0,0,0,1,0,0,0,0,0,1,2,0,0,1,0,0,0,6,1,0,1,1,0,4,0,1,1,0,1,0,0,2,0,1,0,0,1,0,0,0,0,2,2,2,0,5,0,0,0,1,1,0,1,1,1,0,0,0,2,0,1,0,1,3,6,0,1,0,1,1,1,0,0,1,0,0,0,0,1,0,0,1,0,2,1,4,0,0,0,1,0,0,0,0,0,0,1,2,0,0,1,0,1,0,0,0,0,0,0,0,0,0,0,2,2,0,0,1,0,2,0,0,3,0,1,0,0,2,0,4,0,0,0,0,2,2,0,0,0,0,0,1,5,2,2,0,0,1,1,0,0,0,0,2,3,0,0,2,0,0,1,0,0,1,0,0,2,0,1,0,2,1,1,5,0,1,0,0,0,1,0,0,0,0,0,1,0,2,0,0,1,0,0,0,0,0,0,0,1,3,0,0,1,0,0,0,0,0,0,0,1,0,1,0,0,0,0,4,0,0,0,1,2,0,0,0,1,0,0,0,0,0,0,0,3,4,0,0,1,0,0,0,0,1,4,2,0,1,0,0,1,1,1,1,2,0,0,0,0,0,1,2,0,2,0,0,1,2,0,1,4,1,0,1,3,3,0,4,0,0,0,0,1,1,0,0,4,1,0,0,0,1,0,0,1,2,0,0,0,3,1,0,2,1,0,0,0,2,1,0,1,0,0,0,0,2,1,1,0,1,1,0,0,0,0,0,1,0,0,0,0,1,0,0,3,1,1,1,0,0,3,0,0,0,0,0,0,2,1,3,0,1,2,2,0,0,0,0,2,1,1,0,0,0,1,0,1,0,0,0,1,1,0,0,0,2,0,0,0,0,1,0,0,0,3,0,0,1,0,0,2,0,0,0,1,2,3,0,0,1,0,0,2,0,0,1,0,0,0,0,0,0,0,0,0,0,0,0,2,0,3,1,0,4,0,5,1,0,1,1,4,1,0,0,1,2,0,0,0,1,0,0,1,2,2,0,2,1,0,1,3,1,2,0,0,0,1,0,0,0,0,0,0,0,1,0,0,0,0,1,1,1,0,0,0,0,2,0,1,1,0,0,1,0,1,0,0,2,3,0,0,0,0,1,0,1,0,2,0,0,0,0,0,0,0,4,0,0,0,2,0,0,0,1,1,0,0,1,0,1,0,0,1,0,0,0,0,0,1,0,0,0,0,0,0,0,0,0,0,0,1,0,1,0,0,0,0,0,1,0,3,0,0,1,0,1,0,0,0,1,0,3,0,1,0,0,1,0,0,2,2,2,4,1,0,2,2,0,1,2,0,1,0,2,0,1,0,0,0,0,1,0,0,1,1,0,0,0,1,0,3,0,0,0,2,1,0,1,0,1,0,0,1,0,0,0,0,0,0,0,0,0,1,0,0,2,0,0,0,1,0,0,0,0,0,0,0,0,2,0,0,0,0,0,0,1,0,0,0,0,0,1,0,0,0,1,0,0,0,2,0,0,0,0,1,0,0,0,0,0,0,1,1,2,0,1,1,0,0,0,2,1,1,2,0,0,0,1,2,4,0,0,1,1,0,0,0,0,1,1,0,1,1,0,0,0,1,1,1,0,1,2,0,1,0,0,1,4,1,0,1,0,0,0,2,0,0,0,3,0,0,0,0,0,1,1,1,0,0,1,0,0,0,0,1,0,3,2,0,0,0,2,1,1,0,0,0,0,0,1,0,0,1,1,0,1,1,0,0,1,1,0,0,1,0,0,1,2,3,2,1,2,0,1,0,1,1,1,1,3,1,0,0,0,1,0,0,1,0,0,0,0,0,1,4,3,0,0,1,1,0,0,1,1,0,1,1,0,0,0,0,1,0,2,2,2,0,0,0,0,0,1,5,0,0,0,0,1,1,1,0,1,3,0,0,1,0,2,0,0,0,1,0,2,0,1,0,0,0,1,1,0,0,0,1,0,1,1,0,0,0,1,0,1,0,0,0,1,4,0,0,0,1,0,1,0,0,0,0,1,0,0,0,0,0,0,0,1,0,0,0,0,2,0,1,0,0,2,0,0,0,0,0,2,0,1,0,0,0,0,0,0,3,0,1,3,2,0,0,1,5,0,0,2,0,1,0,1,0,0,1,0,0,0,0,0,0,0,0,0,0,0,0,0,1,0,0,3,1,0,0,1,0,0,1,2,0,0,4,1,0,0,4,2,1,1,1,0,1,0,1,1,0,0,0,0,0,0,0,1,1,0,0,1,1,0,2,3,3,3,0,0,0,0,0,1,1,1,0,0,0,0,1,0,1,0,1,6,0,0,0,1,1,2,0,0,1,1,1,0,0,1,1,0,2,1,1,1,1,0,0,0,0,0,0,0,0,0,0,0,1,1,0,0,0,0,0,0,0,0,0,0,0,0,0,0,0,0,1,0,1,0,0,0,0,1,1,2,0,0,1,0,0,2,2,0,1,0,1,4,0,5,0,1,0,0,1,0,0,0,1,0,2,0,2,0,0,0,3,0,1,1,0,0,0,0,0,0,0,0,0,0,3,1,0,3,3,0,0,1,2,4,1,1,0,1,0,0,0,0,1,0,0,0,0,2,1,0,1,0,0,5,0,2,0,1,1,2,5,0,0,1,1,0,0,0,0,1,0,0,1,4,1,0,0,3,1,1,1,0,2,2,1,0,1,0,1,0,0,1,0,0,0,1,1,3,2,0,2,2,0,1,0,1,0,0,1,0,2,1,0,1,0,0,0,3,2,1,0,0,1,0,0,1,1,0,0,1,0,0,0,0,0,2,0,3,1,0,0,1,0,2,0,1,0,0,2,1,1,1,1,0,0,1,1,0,1,0,4,0,5,1,1,0,0,0,2,3,0,2,1,1,0,1,3,0,0,0,0,0,0,0,0,1,0,4,0,0,0,1,1,0,0,0,0,0,1,0,1,1,2,0,0,0,0,0,0,1,0,2,0,0,0,0,0,0,0,3,2,0,0,1,1,0,1,0,0,0,0,0,1,1,0,1,0,0,0,0,0,1,0,1,0,1,0,1,1,1,0,0,1,1,0,0,2,0,0,0,1,0,0,4,0,0,0,2,0,1,0,2,0,0,1,0,2,0,0,0,0,0,2,0,0,4,0,0,0,1,3,0,0,1,0,1,0,1,3,0,1,3,0,0,1,0,0,0,0,0,3,1,0,0,0,0,1,0,0,1,0,2,1,2,0,0,0,0,1,2,0,1,0
H2AFY,0,0,1,0,1,1,0,0,0,0,0,1,0,0,0,3,0,0,3,0,0,0,3,1,0,1,0,0,0,0,1,0,0,3,0,0,1,0,2,0,1,0,2,2,1,0,0,0,1,0,0,0,1,0,2,4,1,0,0,0,1,1,0,0,0,2,1,0,2,0,0,7,0,1,2,0,0,1,1,2,0,0,1,1,0,0,0,0,1,0,4,0,1,3,0,0,0,0,1,0,0,1,2,0,0,0,0,0,3,0,2,0,0,1,1,1,0,1,0,0,0,0,4,0,0,0,0,0,2,0,0,0,0,0,0,0,1,0,1,1,1,0,0,0,5,1,0,1,1,0,1,0,0,1,1,0,0,0,0,0,0,0,2,2,0,1,2,0,3,6,2,1,0,2,0,0,0,0,2,0,1,0,2,0,0,0,0,0,2,3,3,7,0,1,1,1,2,0,0,0,0,0,1,0,0,0,0,0,0,0,0,0,0,0,0,0,0,0,1,1,0,2,2,1,1,0,0,3,1,1,0,1,4,1,0,0,0,0,1,1,2,0,0,0,0,0,1,3,1,3,1,1,0,0,0,3,0,0,0,0,1,0,0,3,0,0,0,0,0,0,0,4,3,0,0,0,0,0,1,0,1,1,0,1,0,1,1,0,0,0,0,0,1,0,0,0,0,0,1,0,0,0,1,0,0,0,0,1,3,0,0,0,2,1,0,1,0,0,0,1,0,0,5,0,0,0,3,2,1,0,0,2,0,1,1,0,0,1,0,2,2,0,1,1,0,2,0,1,1,3,2,1,0,0,0,2,0,0,3,0,0,0,0,1,1,0,18,0,1,0,0,0,1,0,0,9,2,1,0,4,1,0,4,1,0,1,3,2,0,0,0,6,1,2,0,2,1,0,1,0,1,0,2,1,1,0,0,0,0,0,0,1,2,1,0,3,0,0,0,1,1,0,3,0,0,1,0,0,0,0,0,1,0,0,0,0,1,0,1,2,0,0,3,0,0,9,0,0,0,0,0,0,3,0,4,0,0,2,1,0,0,0,0,1,6,2,1,0,1,1,1,1,1,0,0,1,0,0,0,0,2,0,1,0,0,0,0,0,0,1,2,0,1,0,0,0,0,0,0,1,1,4,0,0,0,0,1,4,0,0,0,0,1,1,0,0,0,0,0,1,1,0,1,2,0,0,0,0,3,0,5,2,0,0,0,3,1,5,0,1,18,1,0,0,0,0,1,0,1,0,0,3,1,0,0,1,0,0,1,0,0,0,0,2,1,0,0,0,0,1,0,1,1,0,0,1,1,0,1,0,0,0,0,2,1,1,0,0,1,0,0,0,0,1,0,1,0,1,0,0,0,4,0,0,1,9,1,1,0,0,0,0,0,0,1,1,1,1,1,1,0,0,0,1,1,0,0,3,0,1,0,0,0,0,2,0,0,1,0,0,0,1,1,0,1,1,4,1,0,1,0,2,0,1,0,0,1,1,1,5,4,1,0,0,0,0,0,0,0,0,0,1,1,0,1,0,0,3,0,0,0,4,1,0,1,0,0,0,1,0,1,0,1,0,0,0,0,0,1,0,0,1,2,0,0,1,0,0,0,3,1,0,0,1,2,0,0,1,1,0,1,0,0,0,0,1,0,0,0,1,0,0,0,0,0,0,0,3,0,0,1,1,1,3,0,1,0,0,1,0,0,0,0,0,1,1,0,1,1,1,0,3,0,0,3,0,0,0,0,0,0,1,0,0,0,1,0,0,1,0,2,0,0,0,1,2,0,0,0,0,1,0,0,0,0,0,1,1,0,0,0,0,2,0,0,0,0,0,0,0,0,0,0,0,0,1,3,0,1,1,2,1,3,1,0,0,0,0,0,0,0,0,0,0,1,1,0,1,2,0,1,0,2,0,0,2,0,0,0,0,0,0,0,0,1,0,0,4,1,2,0,0,1,1,1,0,2,1,0,0,1,0,0,0,0,0,0,0,0,2,1,1,0,3,2,0,0,0,0,0,0,0,0,2,1,2,0,1,2,0,0,0,2,0,1,1,0,0,3,3,4,0,1,0,1,1,1,0,2,0,0,3,1,0,4,5,0,1,0,1,0,0,0,1,0,0,0,3,0,0,0,2,2,0,0,2,1,0,0,2,0,0,0,0,0,0,1,0,0,1,0,0,1,1,1,3,0,0,0,2,0,13,3,0,0,0,0,0,1,0,0,1,0,12,0,0,0,0,0,0,0,1,0,0,0,1,1,0,0,1,0,3,0,0,1,0,0,0,0,1,0,0,1,0,0,1,0,0,0,1,0,0,0,0,0,0,0,0,0,0,8,13,1,0,0,2,0,2,1,1,0,0,1,0,1,1,0,1,0,0,0,1,1,2,0,1,4,0,2,0,0,0,6,6,0,0,1,1,1,1,1,1,0,2,1,2,1,0,1,1,2,0,0,1,0,0,0,0,0,1,2,1,1,10,1,0,0,1,1,1,0,0,3,0,4,0,0,0,1,0,0,0,1,0,0,0,0,0,2,0,0,1,3,0,1,0,1,0,0,0,0,1,1,0,0,0,0,0,0,0,0,0,1,1,0,0,0,0,1,0,3,1,1,1,1,0,0,0,1,1,1,0,0,0,0,0,0,0,0,1,0,0,1,0,1,1,0,0,0,5,0,0,1,0,0,0,1,0,0,1,0,0,0,0,1,1,5,0,0,0,0,0,0,0,0,0,0,3,1,1,0,0,0,0,0,1,2,0,0,1,0,0,0,0,0,0,3,1,0,2,4,1,0,0,1,4,1,0,0,0,0,0,1,0,0,0,1,5,0,0,0,0,0,0,0,0,0,0,0,1,0,0,4,1,1,1,1,0,1,0,1,2,0,0,0,1,1,0,1,1,1,0,8,3,1,2,3,1,0,2,0,0,0,0,0,0,0,0,1,0,1,0,0,0,1,0,0,0,0,0,1,0,1,0,0,0,0,0,0,0,1,2,0,0,0,1,0,0,0,5,1,0,1,0,0,0,0,0,9,0,0,0,0,0,0,1,0,0,0,1,1,1,0,1,0,0,1,1,1,0,1,1,0,4,0,2,1,1,1,1,0,2,1,0,4,0,0,0,0,3,0,0,0,0,1,0,0,0,0,4,6,0,0,0,2,3,0,4,1,5,0,0,0,2,0,1,0,0,0,1,0,0,0,1,2,1,0,3,0,0,0,0,2,2,0,0,0,0,0,0,0,0,0,0,0,1,0,1,0,3,0,1,0,0,1,1,1,0,0,0,0,0,2,0,0,1,0,0,0,1,0,0,2,0,0,0,1,1,0,0,0,0,0,0,9,0,0,0,1,2,0,1,2,0,0,2,0,2,1,0,0,0,0,1,0,0,0,0,2,0,0,1,0,0,1,0,1,1,1,1,0,0,0,1,1,1,0,0,0,1,1,0,3,1,2,1,1,3,0,1,1,0,1,0,0,0
HLA.DOB,0,0,0,0,0,0,0,0,0,0,0,0,0,0,0,0,0,0,0,0,0,0,0,0,0,0,0,0,0,0,0,0,0,0,0,0,0,0,0,2,0,0,0,0,0,0,0,0,0,0,0,0,0,0,0,0,0,0,0,0,0,0,0,0,0,0,0,0,0,0,0,0,0,0,0,0,0,0,0,0,0,0,0,0,0,0,0,0,0,0,0,0,0,0,0,0,0,0,0,3,0,0,0,0,0,0,0,0,0,0,0,0,0,0,0,0,0,0,0,0,0,0,0,0,0,0,0,0,0,0,0,0,0,1,0,0,0,0,0,0,0,0,0,0,0,1,0,0,0,0,0,0,0,0,0,0,0,0,0,0,0,0,0,0,0,0,0,0,0,0,0,0,0,0,0,0,0,0,0,0,0,0,1,1,0,0,0,0,0,0,0,0,0,0,0,1,0,0,0,0,0,0,0,1,0,0,1,0,0,0,0,0,0,0,0,0,0,0,0,0,0,4,0,2,0,0,0,0,1,0,0,0,0,0,0,0,0,0,0,0,0,0,1,0,0,0,0,0,0,0,0,0,1,0,0,0,0,0,1,0,0,1,0,0,0,0,0,0,0,0,0,0,0,0,0,0,0,0,0,0,0,0,0,0,0,0,0,0,0,0,0,0,0,0,0,0,0,0,0,0,1,0,0,0,0,0,0,0,0,0,0,0,0,0,0,0,0,0,1,0,0,0,0,0,0,0,0,0,2,0,0,0,0,0,0,0,0,0,0,0,0,0,0,0,0,0,0,0,0,0,0,0,0,0,0,0,1,0,0,0,0,3,2,0,0,0,0,0,0,0,0,0,0,0,0,0,0,0,0,0,0,0,0,0,0,0,0,2,0,0,0,0,0,0,0,0,0,0,0,0,0,0,0,0,0,0,0,1,0,1,0,0,0,0,0,0,0,0,0,0,0,0,0,0,0,0,0,0,0,0,0,0,0,0,0,0,0,0,0,0,0,0,0,0,0,0,0,0,1,0,0,0,0,0,0,0,0,0,0,3,0,0,0,0,0,0,0,0,0,0,0,0,0,0,0,0,0,0,0,0,0,0,0,0,0,0,0,0,0,0,0,0,0,1,0,0,0,0,3,0,0,0,1,0,0,0,0,0,0,0,0,0,1,0,0,0,0,0,0,0,0,0,0,0,0,0,0,0,0,0,0,5,0,0,1,0,0,2,0,0,0,0,0,0,0,0,1,0,0,0,0,3,0,0,0,0,4,0,0,0,0,0,1,0,0,0,0,0,0,4,0,0,0,0,0,0,0,0,0,0,0,0,0,0,0,0,1,0,0,0,0,0,0,0,0,0,0,0,1,0,0,0,0,0,0,1,0,0,0,0,1,1,0,0,0,0,0,0,0,0,0,0,0,0,0,0,0,0,0,1,1,0,0,0,0,1,0,0,0,0,0,0,0,0,0,0,0,0,0,0,0,0,0,0,0,0,0,0,0,0,0,0,0,0,0,0,0,0,0,0,0,0,0,0,0,0,0,0,0,0,0,0,0,0,0,0,0,0,0,0,0,0,0,0,0,0,0,0,1,0,0,0,0,0,2,0,0,0,0,3,0,0,0,0,0,0,0,0,0,0,0,0,0,0,0,0,0,0,0,0,0,0,1,0,0,0,0,0,0,3,0,0,0,0,0,0,1,0,0,0,0,1,0,0,1,0,0,0,0,0,0,0,0,0,0,0,0,0,0,0,0,1,0,0,0,0,0,0,1,0,0,0,0,0,0,0,0,0,0,0,0,0,0,0,0,0,0,0,0,0,0,0,0,0,0,0,0,1,0,0,0,0,0,0,0,0,0,0,0,1,0,1,0,2,1,0,0,0,0,0,0,0,0,0,0,0,0,0,0,0,0,0,0,0,0,0,0,0,0,0,0,0,0,0,0,0,0,0,0,0,0,0,0,0,0,0,0,0,0,0,0,0,0,0,0,0,0,0,2,0,0,0,0,0,0,0,2,0,1,0,0,0,0,0,0,0,1,0,0,0,0,0,0,0,0,0,2,1,0,0,0,0,0,0,0,0,1,1,0,1,0,0,0,0,0,0,0,0,0,0,0,0,0,0,2,0,0,0,0,0,1,0,0,0,0,0,0,0,0,0,0,0,0,0,0,0,0,0,0,0,0,0,0,0,0,0,0,0,0,0,0,0,0,0,0,2,0,0,0,0,0,0,0,0,0,0,0,0,0,0,1,0,0,0,0,0,0,0,1,0,0,0,0,0,0,0,0,0,0,0,0,0,0,0,0,0,0,3,0,0,1,1,0,0,0,0,0,0,0,0,0,2,0,0,0,0,0,0,0,0,0,0,0,0,0,0,0,0,0,0,0,0,1,0,0,0,0,0,0,0,0,0,0,0,0,0,0,0,0,0,0,0,0,0,0,0,0,1,0,0,0,0,0,0,0,0,0,0,0,0,0,0,0,0,0,0,0,0,0,0,0,0,0,0,0,0,0,0,1,0,0,0,1,0,0,0,0,0,0,0,0,0,0,0,0,0,0,0,0,0,0,0,0,0,0,0,0,0,0,0,0,0,0,0,0,1,0,0,0,0,0,0,0,0,2,0,0,0,0,0,0,0,0,0,0,0,2,0,0,0,1,0,0,0,0,0,0,0,0,0,0,0,0,0,0,0,0,1,0,0,0,0,0,0,0,0,0,0,0,0,0,0,0,0,0,0,0,0,0,0,1,0,0,0,0,0,0,0,0,0,0,0,0,0,1,1,0,0,0,0,0,0,0,0,0,0,0,0,0,0,0,0,0,0,0,1,1,0,1,0,0,0,0,0,0,0,0,0,0,0,0,0,0,0,0,0,0,0,0,0,0,0,0,0,0,0,0,0,0,0,0,0,3,0,0,0,0,0,0,0,0,0,0,0,0,2,0,0,0,0,0,1,0,0,0,0,0,0,0,0,1,0,0,0,0,0,1,0,0,0,0,0,0,0,0,0,0,0,0,0,0,0,0,1,0,0,0,0,0,2,0,0,0,0,0,1,0,0,0,0,0,0,0,0,0,0,2,0,0,0,0,0,0,0,0,0,0,0,0,0,0,0,0,0,0,0,0,0,0,0,0,0,0,0,1,2,0,0,0,0,0,0,0,0,0,0,0,0,1,0,0,0,0,0,0,0,0,0,0,0,0,0,0,0,0,0,0,1,0,0,0,0,0,0,0,0,0,0,0,0,0,0,3,0,0,0,0,0,0,0,0,0,0,0,0,0,0,0,0,0,0,0,0,0,0,0,0,0,0,0,0,0,0,0,0,0,0,0,0,0,0,0,0,0,0,0,0,0,0,0,0,0,0,0,0,0,0,0,0,0,0,0,0,0,0,0,0,0,0,0,0,0,0,0,0,0,0,1,0,0,1,0,0,0,0,0,0,0,0,0,0,0,0,0,0,0,0,1,0,0,0,0,0,0,0,0
PRMT9,5,0,0,0,1,0,0,0,1,0,0,0,0,0,0,0,0,0,1,1,0,0,0,0,0,1,0,0,0,2,0,2,2,3,0,0,0,0,1,0,0,0,0,0,0,0,0,0,1,1,0,0,0,1,0,0,0,1,0,0,0,0,0,0,0,0,0,0,0,0,0,0,0,0,0,0,0,0,0,0,0,0,0,0,0,0,0,0,0,0,0,0,0,0,0,1,0,0,0,0,0,0,0,3,0,0,0,0,0,0,0,3,0,0,0,0,0,2,0,0,0,0,1,0,0,0,0,0,0,3,0,0,0,0,0,0,0,0,0,0,0,0,1,2,1,0,0,1,0,0,2,0,0,0,0,0,0,1,0,0,0,1,0,0,0,0,1,1,1,0,0,0,0,0,0,0,0,0,0,0,0,0,0,0,0,1,0,0,0,0,0,0,0,0,1,0,0,0,0,2,0,0,0,1,1,0,0,2,0,0,0,0,0,0,0,0,2,0,1,0,0,0,0,0,0,0,0,0,0,0,0,0,0,0,0,0,0,0,1,1,0,0,2,0,1,0,0,1,0,0,0,1,0,1,1,1,1,1,0,0,0,0,3,0,0,0,0,3,1,1,0,5,0,0,1,1,0,2,2,1,0,0,2,0,0,1,0,0,0,0,0,0,0,0,0,0,0,0,0,0,4,0,0,0,0,0,1,0,0,0,0,0,0,0,0,0,0,0,0,0,0,0,0,0,0,0,0,0,0,0,1,0,1,0,0,0,0,0,0,0,0,0,0,1,0,0,0,0,0,0,0,0,0,0,0,0,0,3,0,0,0,1,0,0,0,0,1,1,0,0,0,1,0,0,1,0,0,0,0,0,0,0,0,0,0,0,1,0,0,0,1,0,0,0,0,0,0,0,2,0,0,0,0,0,0,0,0,0,0,1,0,1,0,0,0,4,1,1,0,0,1,0,0,0,0,0,0,0,0,0,0,0,0,0,0,0,0,0,3,0,0,0,0,0,0,0,0,0,0,0,1,0,0,1,0,1,0,0,0,1,2,0,1,0,0,0,0,0,0,0,1,0,0,0,0,0,0,0,1,0,0,2,0,0,1,1,0,0,0,0,0,0,0,0,0,0,5,0,2,0,0,0,0,0,0,0,0,0,0,0,1,0,0,0,0,0,0,0,0,0,0,4,2,0,0,0,0,0,0,0,0,0,0,0,0,0,0,0,0,0,0,0,1,0,0,0,0,0,1,0,0,0,0,0,0,0,0,0,1,0,0,1,0,0,0,0,0,3,0,0,0,0,0,0,0,1,0,1,0,1,2,0,0,0,0,0,1,0,0,0,0,0,0,0,0,1,2,0,0,0,1,0,0,0,0,0,0,0,0,0,0,0,0,0,3,1,1,0,0,0,0,0,0,0,0,0,0,0,0,0,1,1,0,0,1,0,0,1,1,1,0,0,0,0,0,0,0,1,0,0,0,0,1,0,0,0,0,0,0,0,0,1,0,0,1,0,0,0,0,0,0,0,0,0,0,1,0,0,0,0,0,0,0,0,0,1,0,0,0,0,1,0,0,0,0,0,0,0,1,0,0,0,0,0,0,0,0,0,0,1,0,0,0,0,0,0,0,0,0,0,0,0,0,0,0,0,0,0,0,0,0,0,0,0,2,1,0,0,0,0,0,0,0,0,1,0,0,0,1,0,0,4,0,0,0,1,0,0,0,0,0,0,0,1,0,0,0,0,0,2,0,0,2,0,0,0,0,1,0,1,0,0,0,0,0,0,0,1,0,1,0,0,0,0,1,0,0,1,0,0,0,0,0,0,0,0,0,0,0,0,0,0,0,0,0,0,0,0,0,0,0,0,0,0,0,0,2,0,0,0,0,1,0,0,0,1,0,1,0,0,0,0,0,0,0,0,2,1,0,0,0,0,0,0,0,0,0,0,1,1,2,2,0,0,2,0,0,1,0,0,0,0,0,1,0,0,0,2,0,0,0,0,0,0,0,0,0,0,0,0,0,0,0,0,0,0,0,3,1,2,0,1,0,0,1,0,0,0,0,0,0,0,3,2,0,0,0,0,0,0,0,0,0,0,0,0,0,0,0,1,0,2,0,0,0,2,0,0,1,0,0,1,0,0,0,0,0,0,0,0,0,0,0,1,0,0,0,2,0,0,1,0,0,0,0,0,3,0,0,0,0,0,1,0,0,1,2,1,0,0,0,0,0,0,1,1,0,0,0,2,1,0,0,0,0,2,0,0,0,0,0,0,1,0,0,0,0,1,0,0,1,0,0,2,0,1,0,0,0,0,0,0,0,1,0,0,1,0,1,0,0,4,0,0,0,0,0,0,0,1,0,0,0,0,1,0,0,0,0,0,0,0,0,0,3,0,0,1,0,0,0,0,0,1,0,1,0,0,0,0,0,0,0,0,1,0,1,0,0,0,2,0,0,1,0,4,0,0,0,0,0,0,0,0,1,0,0,0,0,0,0,0,0,0,2,0,0,0,0,2,0,1,0,0,0,0,0,0,0,0,0,0,0,0,0,1,0,0,0,0,0,0,0,1,0,0,0,0,1,0,2,0,1,1,1,0,0,1,5,0,0,0,1,2,0,0,0,0,0,0,0,0,1,0,0,0,0,1,0,0,0,0,0,0,0,1,0,0,0,3,0,0,0,1,0,2,0,0,0,0,0,0,0,1,0,1,0,1,0,1,0,0,0,1,0,0,0,0,0,0,0,0,0,1,0,0,0,0,2,0,0,0,0,0,0,0,0,0,0,2,2,0,0,0,0,0,0,0,0,1,0,0,0,0,0,0,0,0,0,0,0,0,0,0,0,0,0,1,0,0,0,0,0,0,0,0,0,0,0,2,0,0,0,0,0,1,0,0,0,0,0,0,0,2,1,0,0,1,0,0,0,0,3,1,1,0,0,1,0,0,0,0,0,0,0,0,0,1,0,0,0,0,0,1,0,1,0,0,0,0,0,0,0,0,0,0,0,0,0,0,0,0,1,0,0,1,1,0,1,0,0,0,0,0,0,0,1,0,0,0,0,0,0,0,0,0,0,0,0,1,0,0,0,0,0,1,0,0,0,0,0,0,0,0,0,0,0,0,0,0,1,0,0,1,0,0,0,0,1,0,0,0,2,0,6,0,0,0,0,1,2,0,0,0,0,0,0,0,0,1,0,1,0,0,0,0,0,1,0,0,0,1,0,0,0,0,1,0,0,0,0,0,0,0,1,0,0,0,1,0,0,0,0,0,0,0,0,0,0,0,0,2,1,0,0,0,2,0,0,1,0,0,0,1,0,0,0,0,0,1,0,0,0,1,1,0,0,0,0,0,0,0,0,0,0,0,0,0,1,0,0,1,4,2,0,0,0,0,0,0,0,0,0,6,0,0,0,0,0,1,0,0,0,0,1,1,3,0,2,0,1,0,0,0,0,1,0,6,0,0,0,0,0,0,0,0
CASP1,0,0,0,0,0,1,0,0,0,0,0,1,0,0,0,3,1,0,2,0,0,0,2,1,1,0,0,0,0,0,0,0,0,0,0,0,0,1,1,0,0,0,5,1,0,0,0,3,0,0,0,0,1,1,0,1,2,0,1,0,4,0,0,0,0,0,0,0,0,0,0,0,0,0,0,1,0,2,0,4,0,1,1,0,1,0,0,0,1,0,0,0,0,1,1,3,0,0,2,0,1,0,2,0,1,0,0,0,2,0,0,0,0,1,0,0,1,2,0,0,0,0,1,0,0,0,0,0,4,0,0,0,1,0,0,0,0,0,0,0,0,0,0,0,1,0,0,2,0,0,3,0,0,0,0,0,1,0,0,2,0,0,2,1,0,0,0,0,1,5,0,1,0,0,0,1,0,0,2,0,0,0,1,0,1,0,0,0,0,1,6,1,0,1,1,0,1,0,0,0,1,0,2,1,0,0,0,0,2,0,0,0,3,0,0,0,0,1,0,1,0,0,0,0,0,0,0,0,1,0,0,0,2,2,0,0,0,0,0,0,0,0,0,0,1,0,1,2,2,1,0,0,1,0,0,0,1,0,0,1,0,0,1,1,0,0,0,0,0,1,0,1,0,1,0,0,1,0,3,0,0,0,0,0,0,0,0,0,0,0,0,0,1,2,0,0,0,0,3,0,0,0,0,0,1,0,0,1,2,0,0,0,0,1,0,0,0,1,0,0,1,2,4,0,0,0,0,1,0,0,0,4,0,0,0,0,0,1,1,1,2,0,0,0,0,0,0,1,0,0,0,0,2,0,0,1,0,0,0,1,1,0,1,0,1,0,1,0,0,0,0,2,1,0,0,2,0,0,0,2,2,0,3,0,0,1,0,0,0,0,0,8,0,6,1,0,0,2,1,2,0,0,0,0,2,0,1,0,0,0,1,0,1,0,0,4,0,0,0,0,3,0,0,0,0,0,0,0,0,1,0,0,0,0,0,0,0,0,0,2,1,1,0,0,0,4,0,0,0,0,2,0,0,1,2,0,0,1,2,1,0,0,0,0,0,0,0,0,0,0,0,2,1,1,0,1,2,0,0,0,1,1,0,1,2,1,1,0,0,2,0,0,0,0,0,1,0,0,0,0,0,0,0,0,0,0,0,5,0,0,0,0,0,0,0,0,0,0,0,2,0,0,2,0,1,1,1,1,0,0,2,0,1,0,0,0,0,0,0,1,0,0,0,0,0,0,1,0,2,0,0,3,0,0,1,1,0,1,0,0,0,0,0,0,0,0,0,1,0,0,0,2,0,0,0,1,1,0,0,1,0,0,0,1,0,0,1,0,0,0,0,0,0,1,0,0,0,0,0,0,0,0,0,0,2,3,2,0,0,0,2,0,0,0,0,0,0,0,0,0,0,0,0,0,0,0,0,1,0,0,1,0,0,1,1,0,0,0,0,0,0,1,2,0,0,0,0,0,0,0,0,1,0,1,0,0,0,0,0,0,1,0,0,0,0,0,2,0,0,0,0,0,2,0,0,0,0,2,0,0,0,5,0,0,0,0,0,0,0,0,0,0,0,1,0,0,0,0,0,0,0,0,0,1,0,0,0,0,0,0,0,0,0,0,2,0,0,0,0,0,0,0,0,0,0,0,0,0,0,2,0,1,0,0,0,0,0,0,0,0,0,0,1,2,0,0,0,0,0,0,0,0,0,0,0,0,0,1,0,1,0,0,0,0,3,0,0,0,1,0,0,1,0,1,1,2,0,0,1,0,3,0,0,0,1,1,1,0,0,0,0,0,0,1,0,1,0,1,3,0,0,1,0,0,1,1,0,1,0,0,0,0,1,0,0,0,1,1,0,0,0,0,3,0,0,1,0,0,0,0,0,1,0,1,0,0,0,0,1,0,1,1,0,1,0,1,0,3,0,3,0,1,0,0,1,0,1,2,0,0,0,0,0,0,0,0,1,0,0,0,0,1,3,1,0,0,0,0,0,0,0,0,3,3,0,1,1,0,0,2,0,0,1,0,0,3,0,0,1,0,0,1,0,0,0,0,0,0,0,0,0,0,0,0,0,1,0,0,0,0,0,0,0,0,0,0,0,0,0,1,0,0,0,0,0,0,1,9,0,0,0,0,1,1,0,0,1,1,0,1,2,0,3,0,1,0,0,0,0,1,0,0,0,0,1,0,0,0,0,1,0,1,0,0,0,1,0,0,1,0,0,0,0,5,0,0,0,0,0,1,0,0,0,0,0,1,0,1,0,0,0,0,1,0,0,1,0,0,0,0,0,0,0,2,0,0,0,0,0,0,0,0,0,0,0,0,0,0,0,0,1,0,0,0,0,0,0,1,1,0,0,0,1,0,0,0,0,3,0,0,0,0,0,1,0,0,0,0,0,1,0,0,1,3,1,0,1,0,0,1,4,2,2,2,0,0,0,2,0,1,0,0,0,0,0,0,2,0,0,0,2,0,1,4,0,0,0,1,0,0,0,1,2,0,1,0,0,0,0,0,1,0,0,0,0,0,2,0,0,1,0,0,0,0,0,0,0,0,1,0,0,0,0,0,0,0,0,0,0,0,0,0,1,1,1,0,0,0,0,0,0,0,0,5,0,0,0,0,0,0,2,0,0,0,1,0,0,0,0,0,0,0,0,0,0,1,0,0,0,4,0,0,2,0,0,1,0,0,1,0,0,0,0,0,0,2,2,0,0,1,0,0,0,0,0,1,0,2,0,1,0,0,1,7,0,0,3,0,1,0,0,0,0,0,0,0,1,1,0,0,1,1,0,0,1,0,2,1,0,0,0,0,1,0,0,1,0,0,0,0,1,0,2,0,0,0,2,0,0,0,0,0,7,2,0,0,0,1,0,0,0,1,0,0,0,0,2,0,0,2,1,0,0,0,1,1,0,0,0,4,0,0,0,0,0,0,0,0,0,0,3,0,0,1,0,0,0,0,0,0,0,0,0,1,1,0,0,0,1,1,0,3,0,0,0,0,0,0,0,1,0,0,0,0,0,0,0,0,3,0,0,0,1,0,0,0,0,0,0,1,0,0,0,0,1,0,0,1,0,0,0,1,0,1,0,3,0,3,0,1,1,0,0,0,2,0,0,0,0,1,0,1,0,0,0,0,0,0,0,0,8,0,0,0,0,2,0,1,0,1,0,0,0,0,1,3,0,0,0,0,0,0,0,0,2,1,0,0,0,1,0,1,4,0,1,0,0,0,1,0,0,0,0,0,0,0,0,1,2,1,0,0,1,0,0,0,0,0,1,0,0,0,0,0,0,1,0,0,0,0,0,0,0,0,0,0,2,0,0,0,0,0,0,2,4,0,0,0,0,1,0,0,2,1,0,0,0,1,1,0,0,1,0,0,0,0,0,0,3,0,0,3,0,0,0,0,1,0,0,3,0,0,0,0,0,0,1,0,0,0,0,0,0,0,3,0,3,11,1,0,0,1,0,0,0,0
ETS1,0,0,0,3,0,0,0,2,0,0,0,3,0,1,2,0,0,0,0,2,0,1,0,1,1,0,0,1,2,3,1,0,3,1,3,2,0,0,0,0,0,1,0,1,0,1,0,0,1,0,1,0,0,2,0,0,0,0,0,0,0,0,0,0,0,0,0,0,0,2,1,0,0,0,0,1,0,0,0,0,0,0,0,0,1,3,0,0,1,0,0,1,3,0,2,0,1,0,0,1,0,1,0,2,0,0,1,0,0,1,0,1,0,0,0,0,2,3,0,2,0,0,2,0,0,0,0,0,0,1,0,0,0,0,0,1,0,0,0,1,0,1,0,0,0,1,0,0,2,0,0,0,2,1,0,1,0,0,0,0,2,0,0,0,0,3,0,1,0,0,1,1,1,0,0,0,0,0,0,2,0,0,0,0,0,1,0,0,0,0,0,0,1,0,0,0,1,0,0,3,0,1,0,0,1,0,1,3,0,0,1,0,1,1,1,0,0,1,2,0,0,0,1,0,2,1,0,0,1,0,1,1,0,0,0,1,2,0,1,1,0,0,0,0,1,0,1,0,0,0,0,0,0,0,1,0,0,0,0,0,0,0,3,0,0,0,1,0,3,0,0,0,0,0,1,0,0,0,0,0,0,0,0,0,0,0,1,0,1,1,1,2,0,0,0,1,0,0,0,0,0,0,1,2,0,0,3,0,0,2,0,0,2,1,0,0,1,3,0,3,0,0,0,1,1,0,0,0,0,1,1,0,0,0,0,1,1,0,0,0,0,0,0,0,0,3,1,1,1,0,0,0,1,0,1,0,0,1,0,0,0,0,0,0,1,0,0,0,1,3,1,0,2,0,1,1,2,0,2,0,0,0,1,0,1,0,0,2,0,1,1,0,0,0,1,0,0,1,1,0,0,1,1,0,0,1,1,1,3,0,0,2,0,0,0,0,0,1,3,1,0,1,0,0,0,0,1,0,1,0,0,1,0,0,0,0,0,2,0,0,1,0,0,1,1,0,0,0,0,1,0,1,0,1,0,1,0,1,0,0,1,0,0,2,2,0,0,0,0,0,0,0,0,1,0,0,0,0,1,0,0,1,0,0,0,0,0,2,2,0,0,0,0,0,1,0,2,0,0,1,0,0,2,0,0,1,2,0,0,1,0,1,0,0,0,0,1,0,0,0,0,1,3,0,0,0,1,0,0,2,0,1,0,0,0,0,2,0,2,0,0,2,1,2,0,1,0,0,0,2,1,0,1,0,0,0,1,0,0,0,0,1,1,1,3,3,0,2,1,0,0,0,1,0,1,0,1,0,0,0,0,3,2,0,2,1,0,0,0,0,1,0,0,0,1,2,0,0,0,0,0,0,0,2,0,0,0,0,0,1,0,1,1,1,0,1,0,1,0,0,0,0,0,2,1,2,3,0,4,2,0,0,0,1,0,1,1,1,0,0,0,0,1,0,0,0,1,0,0,0,1,0,0,0,0,0,0,1,0,0,0,0,0,0,0,2,0,0,1,1,0,1,0,0,0,1,0,0,2,2,1,0,0,1,0,1,0,0,0,2,0,0,0,3,0,0,0,0,2,0,1,3,0,0,0,0,0,0,2,0,1,2,0,1,0,0,1,0,1,1,1,1,2,0,1,0,1,0,1,1,0,0,0,2,0,2,0,0,0,0,0,0,0,0,2,3,0,1,1,0,1,0,2,1,0,0,0,1,0,1,0,0,1,0,0,0,1,0,0,0,0,0,0,1,0,0,0,0,0,1,0,1,2,0,0,0,0,0,1,0,0,1,0,0,0,0,0,0,0,1,1,3,1,1,2,1,1,0,1,0,1,0,1,0,1,0,0,1,0,1,0,0,1,1,2,3,0,0,1,0,1,0,0,0,1,0,1,2,0,0,0,0,3,0,1,0,0,1,0,0,0,1,0,0,0,0,0,0,2,1,0,0,0,0,0,0,0,0,0,0,0,0,0,1,0,2,2,0,0,0,0,0,0,0,0,1,1,1,0,0,0,0,1,0,0,1,0,0,0,0,0,0,0,2,0,0,0,0,0,0,0,0,3,0,0,3,1,0,2,0,0,0,0,2,0,0,1,1,0,0,0,0,0,2,0,0,0,0,0,1,0,0,0,1,0,1,1,0,1,1,0,0,0,2,0,1,0,0,0,0,1,0,0,1,0,0,1,1,1,0,1,0,0,0,0,1,0,2,0,3,0,0,0,0,1,1,0,1,2,0,2,0,0,1,0,1,0,0,0,0,0,0,0,1,1,0,0,1,0,0,1,1,0,0,3,0,0,0,0,0,0,0,2,0,0,0,1,0,0,0,0,0,0,0,0,0,0,1,0,1,0,1,1,0,0,0,0,2,0,0,1,0,2,1,0,1,0,0,0,2,0,0,1,0,0,0,0,0,0,0,0,0,0,0,0,0,1,0,0,0,0,0,0,1,0,0,0,1,1,0,0,2,1,0,1,0,1,0,0,1,1,0,0,0,0,0,0,2,0,1,1,0,2,0,0,0,0,1,0,4,1,0,0,0,0,0,1,1,0,0,1,0,0,1,1,0,0,0,0,0,2,0,0,0,0,1,0,0,0,2,0,0,0,0,0,0,1,1,0,0,0,0,0,0,1,0,0,1,2,0,2,1,1,0,0,0,0,0,1,0,1,0,0,0,0,0,0,2,0,0,2,2,1,0,0,1,0,0,0,0,0,2,2,1,2,2,0,0,1,0,0,0,2,0,2,3,1,2,0,0,0,0,0,1,1,2,0,0,1,0,0,0,0,0,1,0,0,1,0,0,1,1,0,0,1,0,0,0,0,1,0,0,0,0,2,1,0,0,0,0,0,1,0,0,0,0,0,1,0,1,0,0,0,0,0,0,0,1,0,0,0,1,0,1,0,0,3,2,0,0,1,0,1,2,0,1,2,1,0,0,0,0,1,0,0,1,0,0,0,1,0,1,1,0,3,2,0,0,0,1,0,0,0,0,0,0,0,0,0,0,1,3,3,1,1,0,0,1,6,0,0,0,1,0,0,0,0,0,0,0,1,2,0,0,0,1,1,1,0,1,2,0,1,0,0,0,0,0,0,4,0,0,0,0,0,0,1,2,1,0,0,2,0,0,1,0,0,0,1,0,0,2,0,0,0,0,0,0,0,0,1,0,0,0,0,0,0,0,0,0,2,1,0,0,0,1,0,0,0,2,0,0,0,0,0,0,0,1,0,0,0,1,0,0,0,1,1,1,1,0,0,1,1,1,0,0,1,0,0,0,0,0,1,0,0,0,0,1,1,2,1,0,0,0,1,0,0,0,1,1,0,0,2,0,0,2,0,1,0,0,0,1,0,0,0,0,1,0,0,0,0,2,0,0,1,0,0,1,0,0,0,0,1,2,0,0,0,0,1,0,0,0,0,0,2,1,1,2,1,0,1,0,0,0,0,3,0,0,1,0,0,0,2,1,2,1
PLBD1,0,0,0,0,0,0,0,0,0,0,0,0,2,0,0,0,0,0,0,0,0,0,0,1,0,0,0,0,0,0,0,0,0,0,0,0,0,0,0,0,0,0,2,0,0,0,0,0,0,0,0,0,0,0,0,2,0,0,0,0,2,0,0,0,0,0,0,0,1,0,0,0,0,0,0,0,0,1,0,0,0,0,0,1,0,0,0,0,0,0,0,0,0,1,0,3,0,0,0,0,0,0,1,0,0,1,0,0,1,0,0,0,0,0,0,0,0,0,0,0,0,0,0,0,0,0,0,0,2,0,0,0,0,0,0,0,0,0,0,0,0,0,0,0,3,0,1,1,0,0,0,0,0,0,0,0,0,0,0,1,0,0,3,1,0,0,1,0,1,7,0,0,0,0,0,0,0,0,1,0,0,0,0,0,0,0,0,0,1,1,2,2,0,0,0,0,0,0,0,0,0,0,0,0,0,0,0,0,0,0,0,0,0,0,0,0,0,0,0,1,0,0,0,0,0,0,0,1,0,0,0,0,0,2,1,0,0,0,0,0,0,0,0,0,0,0,0,0,1,0,0,2,0,0,0,0,0,0,0,1,0,0,0,1,0,0,0,0,0,0,0,1,2,0,0,0,0,2,0,0,1,1,0,0,0,0,0,0,0,0,0,0,2,0,0,0,0,0,2,0,0,0,0,0,2,0,0,0,2,0,0,0,0,0,0,0,0,0,0,0,0,0,0,0,0,0,0,0,0,0,0,0,0,0,1,0,0,0,0,1,2,0,1,0,0,0,0,0,0,3,3,0,0,0,0,1,0,0,1,0,0,0,0,0,0,0,1,0,0,0,0,0,0,0,0,8,0,0,0,1,0,0,1,0,0,0,0,0,0,0,0,3,0,1,0,0,0,0,0,1,2,0,0,0,2,0,0,0,0,0,0,0,1,0,0,2,0,0,0,0,0,0,0,0,1,0,0,0,0,0,0,0,0,0,0,0,2,0,0,1,0,1,0,0,0,1,0,0,0,0,0,0,1,0,1,0,0,1,4,0,0,0,0,0,0,1,0,0,0,2,2,1,0,0,0,0,1,0,0,0,1,0,0,0,0,0,0,0,0,1,0,0,0,0,0,0,0,0,0,0,0,2,0,0,0,0,0,3,0,0,1,0,0,0,0,0,0,0,0,0,0,0,0,1,1,1,0,0,3,0,1,0,0,0,1,3,0,1,0,0,0,0,0,0,0,0,0,0,0,0,0,1,0,0,0,2,0,0,0,0,0,0,0,0,0,0,1,0,0,0,0,0,0,0,0,1,0,0,1,0,0,0,0,2,0,0,0,0,0,0,0,0,0,0,0,0,0,0,0,0,0,2,3,0,0,1,1,0,0,0,0,0,0,0,1,0,0,0,1,1,0,0,0,0,0,0,0,2,0,0,0,0,0,0,0,0,0,0,0,0,0,1,0,0,0,0,0,0,0,1,0,0,0,0,0,1,0,0,0,3,0,0,0,0,0,0,0,0,0,0,0,0,2,0,0,0,1,0,0,0,0,3,0,0,1,0,0,0,0,0,0,0,1,0,0,0,0,0,0,0,0,0,0,0,0,0,0,0,0,1,0,0,0,0,0,0,0,0,0,0,0,0,0,0,0,1,0,0,0,1,0,0,0,0,0,0,1,0,0,0,0,0,0,0,0,0,0,0,0,0,0,0,0,0,0,0,0,0,0,0,0,1,0,0,1,0,0,0,0,0,0,0,0,0,0,1,0,0,0,0,0,0,0,0,0,1,0,0,0,0,0,0,0,1,2,0,0,0,1,0,0,0,0,0,0,0,0,0,0,0,0,1,0,0,0,0,0,0,0,0,0,0,1,0,0,0,0,0,0,3,0,0,0,0,0,0,0,0,2,0,1,3,0,0,0,0,0,0,0,0,0,2,0,0,0,0,0,7,0,0,0,0,0,0,0,0,0,1,0,0,0,0,0,0,0,0,0,0,0,2,0,0,0,0,1,0,0,0,0,0,0,0,0,0,0,0,0,0,0,0,0,0,0,1,0,0,0,0,0,2,3,0,0,0,0,0,0,0,0,0,0,0,1,0,0,1,0,0,0,1,0,0,0,0,0,0,0,0,0,0,0,0,0,0,0,0,0,1,0,0,0,0,0,0,0,0,0,0,0,1,0,0,0,0,0,2,0,0,0,0,0,6,1,0,0,0,0,0,0,0,0,0,0,2,0,0,0,0,0,0,0,0,0,0,0,0,0,0,0,0,0,0,0,0,0,0,0,0,1,0,0,0,2,0,0,0,0,0,2,0,0,0,0,0,0,0,0,1,0,0,1,1,0,0,0,0,0,2,0,0,0,0,0,0,0,0,0,0,0,0,0,0,0,0,0,0,2,0,0,0,0,0,1,0,0,0,0,0,0,1,1,0,0,0,0,0,0,0,2,1,0,1,0,0,0,0,1,0,0,0,0,1,0,6,0,0,0,0,2,0,0,0,0,1,1,0,0,0,0,0,0,0,0,0,0,0,0,0,0,0,0,0,2,0,0,0,0,0,0,0,0,0,0,0,0,0,0,0,0,0,0,0,1,0,0,0,0,0,0,0,0,0,0,1,0,0,0,0,1,0,0,0,0,0,0,0,0,0,0,0,0,0,0,0,1,0,0,0,0,2,0,0,0,0,0,0,0,0,1,2,0,0,0,0,0,0,1,0,0,0,0,0,0,0,0,0,0,0,0,0,0,0,0,0,0,0,0,0,0,0,0,2,0,0,0,0,0,0,0,0,1,2,0,0,0,0,0,0,0,0,0,0,0,0,0,0,0,0,0,0,0,0,0,0,0,0,0,0,0,0,0,0,0,0,0,0,2,0,0,0,0,0,0,0,0,0,0,0,0,2,2,0,1,0,0,1,0,0,0,0,0,0,0,0,1,0,0,0,1,0,0,0,0,0,0,0,0,0,0,0,0,0,0,0,0,0,0,1,0,0,0,2,1,0,0,0,0,0,0,1,0,0,0,0,0,0,0,0,0,0,1,0,0,0,0,0,0,0,3,0,0,0,0,0,1,0,0,0,0,0,0,0,0,1,0,2,0,0,0,0,0,4,0,0,1,0,1,0,0,0,0,1,0,0,0,0,0,0,0,0,3,0,0,0,0,0,0,0,0,3,0,0,0,0,0,0,0,0,0,0,1,0,0,0,0,0,0,1,0,0,1,0,1,1,0,0,0,0,0,0,0,0,0,0,0,0,0,0,0,1,0,0,0,0,0,0,0,0,0,0,0,0,0,0,0,1,0,0,0,0,0,0,0,0,0,0,0,0,0,0,1,0,0,0,3,0,0,0,1,4,0,0,0,0,0,0,0,0,0,0,0,0,0,2,0,0,0,0,2,0,0,0,0,0,0,0,0,0,0,0,0,0,0,0,0,0,0,0,0,0,0,2,0,0,2,0,0,0,0,1,0,0,0,0,0,0
TSPAN13,0,0,0,0,0,0,0,0,0,0,0,0,0,0,0,0,0,0,0,0,0,0,0,1,0,0,0,0,0,0,0,0,0,3,0,0,0,0,0,0,0,0,0,0,0,0,0,0,0,0,0,0,0,0,0,0,0,0,0,0,0,0,0,0,0,0,0,0,0,0,0,0,0,0,0,0,0,0,0,0,0,0,0,0,0,0,0,0,0,0,1,0,0,0,0,0,0,0,0,0,0,0,0,0,0,0,0,0,0,0,0,0,0,0,0,0,0,0,0,0,0,0,0,1,0,0,0,0,0,0,0,0,0,1,0,0,0,0,0,0,0,0,0,0,0,0,0,0,0,0,0,0,0,0,0,0,0,0,0,0,0,0,0,0,0,0,0,0,0,0,0,0,0,0,0,0,0,0,0,0,0,0,0,0,0,0,0,0,0,0,0,0,0,0,0,0,0,0,0,0,0,0,0,0,0,0,0,0,1,0,0,0,0,0,0,0,0,0,3,0,0,2,4,0,0,0,0,0,0,0,0,0,0,0,0,0,0,0,0,0,0,0,0,0,0,2,0,0,0,0,0,0,0,0,1,0,0,0,2,0,0,0,0,0,0,0,0,0,0,0,0,0,0,0,0,0,0,0,0,0,0,0,0,0,0,0,0,0,0,0,0,0,0,0,0,0,0,0,0,0,0,0,0,0,0,0,0,0,0,0,0,0,0,0,0,1,0,0,0,0,0,0,0,0,0,0,0,0,2,0,0,0,0,3,0,0,0,0,0,0,0,0,0,0,0,0,0,0,0,0,0,0,0,0,0,0,0,0,0,0,0,0,1,0,0,0,0,0,0,0,0,0,0,0,0,0,0,0,0,0,0,0,0,0,0,0,0,0,0,0,0,0,0,0,0,0,0,0,0,0,0,0,0,0,0,0,0,0,3,0,0,0,0,0,0,0,0,1,0,0,0,0,0,0,0,0,0,0,0,0,0,0,0,0,0,0,0,0,0,0,0,0,0,0,0,0,0,0,0,0,0,0,0,0,0,0,0,0,0,0,1,0,0,1,0,0,0,1,0,0,0,0,1,0,0,0,0,0,0,0,0,0,0,0,0,0,0,0,0,0,0,0,0,1,0,0,0,0,0,0,0,0,0,0,0,0,0,0,0,0,0,0,1,0,0,0,0,0,0,0,0,0,0,0,0,0,0,1,0,0,0,0,0,0,0,0,0,0,0,0,1,0,0,0,0,0,0,0,0,0,0,0,0,0,0,0,2,0,0,0,0,0,0,0,0,0,0,0,0,0,0,0,0,0,0,0,0,0,0,0,2,0,0,0,0,0,1,0,1,0,0,1,0,0,0,0,0,0,0,1,0,0,0,0,0,0,0,0,0,0,0,0,0,0,0,0,0,1,0,0,0,0,0,0,0,0,0,0,0,0,0,0,0,0,0,0,0,0,0,0,0,0,0,0,0,1,3,0,0,0,0,0,0,0,1,0,0,0,0,0,0,1,0,0,0,0,0,0,0,1,0,0,0,0,0,0,0,0,0,0,0,0,0,0,0,0,0,0,0,0,0,0,0,0,0,0,0,0,0,0,0,0,5,0,2,0,0,0,0,0,0,0,0,0,0,0,0,0,0,0,0,0,0,0,0,0,0,0,0,0,0,0,0,0,2,0,0,0,0,0,1,0,0,0,0,0,0,0,0,0,0,0,0,0,0,0,0,0,0,0,1,0,0,0,0,0,0,0,0,0,0,0,0,0,0,0,0,0,0,0,0,0,0,0,0,0,0,0,0,0,0,0,0,0,0,0,1,0,0,0,0,0,2,0,0,0,0,2,1,0,0,0,0,0,0,0,0,0,0,0,0,1,0,0,2,0,0,1,0,0,0,0,0,0,0,0,0,0,0,0,0,0,0,0,0,0,0,0,0,0,0,0,0,0,0,0,0,0,0,0,1,0,0,0,0,0,0,0,0,0,1,0,0,0,0,0,0,0,0,0,0,0,0,0,0,0,4,0,0,1,0,0,0,0,0,0,0,0,0,0,1,0,0,0,0,0,0,0,0,0,0,0,0,0,0,0,0,0,0,0,0,0,0,0,1,0,0,0,0,0,0,0,0,1,1,0,0,0,0,0,0,0,0,0,0,0,0,0,0,0,0,0,0,0,1,0,1,0,0,0,0,0,0,0,0,0,0,0,0,0,0,0,0,0,0,1,0,0,0,0,0,0,0,0,0,0,0,0,0,0,0,0,0,0,0,0,0,0,0,0,0,0,0,0,0,0,0,0,0,0,0,0,0,0,0,0,0,0,0,0,0,1,0,0,0,0,0,0,0,0,2,0,0,0,0,0,0,0,0,0,0,0,0,0,0,0,0,0,0,0,0,0,0,0,0,0,0,0,0,0,0,0,0,0,0,0,0,0,0,0,0,0,0,0,0,0,0,0,0,0,3,0,0,0,0,0,0,0,0,0,0,0,0,0,0,0,0,0,0,0,0,0,0,0,0,0,0,0,3,0,0,0,0,0,0,0,0,0,0,0,0,0,0,0,0,0,0,0,0,0,0,0,0,0,0,0,0,6,0,0,0,0,0,0,0,1,0,0,3,0,0,0,0,0,2,0,0,0,0,0,0,0,0,0,0,0,0,0,0,0,2,0,0,6,1,0,0,0,1,0,0,0,0,0,0,0,0,0,0,0,0,0,0,0,0,0,0,0,0,0,0,0,0,0,0,0,0,0,0,0,1,0,0,0,0,0,0,0,0,0,0,0,0,0,0,2,0,0,0,0,0,0,0,0,0,2,0,0,0,0,0,0,0,0,0,0,2,0,1,0,0,0,0,0,0,0,0,0,0,0,0,0,0,0,0,1,0,0,0,0,0,0,0,0,0,0,0,0,0,0,0,0,0,0,0,0,0,0,1,0,1,0,0,0,0,0,0,0,0,0,0,2,0,0,0,0,0,0,0,0,1,0,0,0,0,0,0,0,0,0,0,0,0,0,0,0,0,0,0,0,0,0,0,0,0,0,0,0,0,2,0,1,0,0,0,0,0,0,0,0,0,0,0,0,1,0,4,0,0,0,0,0,0,0,0,0,0,0,0,0,0,0,0,0,1,0,0,0,0,0,0,0,0,0,0,1,0,0,0,1,0,0,0,0,0,0,0,0,1,0,0,0,0,0,0,0,0,0,0,0,0,0,0,0,0,0,0,0,0,0,0,0,0,0,0,0,0,0,0,0,0,0,2,0,0,0,0,0,0,0,0,0,0,0,0,0,0,0,0,0,0,0,0,0,0,1,0,0,0,0,0,0,0,0,0,0,0,0,0,0,0,0,1,0,0,0,0,0,0,0,0,0,0,0,0,0,0,0,0,0,0,0,0,0,0,0,0,1,0,0,0,0,0,0,0,0,0,1,0,0,0,0,0,0,0,0,0,0,0,0,0,0,0,0,0,0,0,0,0,0,0,0,0,0,0,0
HIST1H2AC,0,0,0,0,0,0,0,0,0,0,0,0,0,0,0,0,0,0,0,0,0,0,0,0,0,0,0,0,1,0,0,0,0,0,0,0,0,0,0,0,0,0,0,0,0,0,0,0,0,0,0,0,0,0,0,0,0,0,0,0,0,0,0,0,0,0,0,10,3,0,0,1,0,0,0,0,0,1,0,0,0,0,0,0,0,0,0,0,0,0,0,0,0,0,0,0,0,1,0,0,0,0,0,0,0,0,0,0,0,1,0,0,0,1,0,0,0,0,0,0,0,0,22,0,0,0,0,0,0,0,0,0,0,0,0,0,0,0,0,0,0,0,0,0,0,0,0,0,0,0,0,0,0,0,1,0,0,0,0,0,0,0,0,0,0,0,0,0,0,0,0,0,0,0,0,0,0,0,0,0,0,0,0,0,0,0,0,0,0,0,0,0,0,0,0,0,0,0,10,0,0,0,0,0,0,0,0,0,0,0,0,0,0,0,0,0,0,0,0,0,0,1,0,0,0,0,0,0,0,0,0,0,0,0,0,0,0,0,0,0,0,0,0,0,0,0,0,0,0,0,0,0,0,0,0,0,0,0,0,0,0,0,0,0,0,0,0,0,0,0,0,0,0,0,0,0,0,0,0,0,0,0,0,0,0,0,0,0,0,0,0,0,0,0,0,0,0,0,0,0,0,0,0,0,0,0,0,0,1,0,0,0,0,0,0,1,0,0,0,0,0,0,0,0,0,0,0,0,1,0,0,0,0,1,0,0,0,0,0,0,0,0,0,0,0,0,0,0,0,1,0,0,0,0,0,0,0,0,0,0,0,1,0,0,0,0,2,0,0,0,0,0,0,0,0,0,0,1,0,0,0,0,0,0,0,0,0,0,0,0,0,0,0,1,0,0,0,0,0,0,0,0,0,0,0,0,0,0,0,0,0,1,0,0,0,0,0,0,0,0,0,0,0,0,0,0,0,0,0,0,0,0,0,0,0,0,0,0,0,1,0,0,0,0,0,0,0,0,0,0,0,0,0,0,0,0,0,0,0,0,0,0,0,0,0,0,0,0,0,0,0,0,0,0,0,0,0,0,1,0,0,0,0,0,0,0,0,0,0,0,0,1,0,0,0,0,0,0,0,0,0,0,0,0,1,0,0,0,0,0,0,0,0,0,0,0,0,0,0,0,0,0,0,0,0,0,1,0,1,0,0,0,0,0,0,1,0,0,0,0,0,0,0,0,0,0,0,0,0,0,0,0,0,0,0,0,0,0,0,0,0,0,0,0,0,0,0,1,3,0,0,0,0,0,0,0,0,0,0,0,0,0,0,0,0,0,0,0,0,0,0,0,0,0,0,1,0,0,0,0,0,0,0,0,0,0,0,0,0,0,0,0,0,0,0,0,0,0,0,0,0,0,0,0,0,0,0,0,0,0,0,0,0,0,0,0,0,0,0,0,0,0,0,0,0,1,0,0,0,0,0,0,0,0,0,0,0,0,0,0,0,0,0,0,0,0,0,0,0,0,0,0,0,0,0,0,0,0,0,0,0,0,0,0,0,0,0,0,0,0,0,0,0,0,0,0,0,1,0,0,0,0,0,0,0,0,0,0,0,0,0,1,0,0,0,0,0,0,0,0,0,0,0,0,0,0,0,0,0,0,0,0,0,0,0,0,0,1,0,0,0,0,0,0,0,0,0,0,0,0,0,0,0,0,0,0,0,0,0,0,0,0,0,0,0,0,0,0,0,0,0,0,0,0,0,0,0,0,1,0,0,0,0,0,0,1,0,0,0,0,0,0,0,0,1,0,0,0,0,0,0,0,0,0,0,0,0,1,0,0,0,0,1,0,0,0,0,0,0,0,1,0,0,0,0,0,0,0,0,0,0,0,0,0,0,0,0,1,0,0,0,0,0,0,0,0,0,0,0,0,0,0,0,0,0,0,0,0,0,0,0,0,0,0,0,0,0,0,0,0,0,0,0,0,0,0,0,0,0,0,0,0,0,0,0,0,0,0,0,0,0,1,0,1,0,0,0,0,0,0,0,0,0,0,0,0,0,0,0,1,0,0,0,0,0,0,0,0,0,0,0,0,1,0,0,0,0,0,0,0,0,0,0,0,0,0,0,0,0,0,0,0,0,1,0,0,0,0,0,0,0,0,0,0,0,0,0,0,0,0,1,0,0,0,0,0,0,0,0,0,0,0,0,0,0,0,0,0,0,0,0,0,0,0,0,0,0,0,0,0,0,0,0,0,0,0,0,0,0,0,0,0,0,0,0,0,0,0,0,0,0,0,0,0,0,0,0,0,0,0,0,0,0,0,0,0,0,0,0,0,0,0,0,0,0,0,0,0,0,0,0,0,0,0,0,0,0,0,0,0,0,0,0,0,0,0,0,0,0,0,1,1,0,0,0,0,0,0,0,0,0,0,0,0,0,0,0,0,0,0,0,0,0,0,0,0,0,0,0,0,0,0,0,0,0,0,0,0,0,0,0,0,0,0,0,0,0,0,0,0,0,0,0,0,0,0,0,0,0,0,0,1,0,0,0,0,0,0,0,0,0,0,1,0,0,0,0,0,0,0,0,0,0,0,0,0,0,0,0,0,0,0,0,0,1,0,0,0,0,0,0,0,0,0,0,0,0,0,0,0,2,0,0,0,0,0,1,0,0,0,0,0,0,0,0,0,0,0,0,0,0,0,0,0,0,0,0,0,0,0,0,0,0,0,0,0,0,0,0,0,1,0,0,0,0,0,0,0,0,0,0,0,0,0,0,2,0,0,0,0,0,0,0,0,0,0,0,0,0,0,0,0,0,0,0,0,0,0,0,0,0,0,0,0,0,0,1,0,0,0,0,0,0,0,0,0,0,0,0,0,0,0,0,0,0,0,0,0,0,0,0,0,1,1,0,0,0,0,0,0,0,0,0,0,0,0,0,0,0,0,0,0,0,0,0,0,1,0,0,0,0,0,0,0,0,0,0,0,0,0,0,0,0,0,0,0,0,0,0,0,0,0,0,0,0,0,0,0,0,0,0,0,0,0,0,0,0,0,0,0,0,0,0,2,0,0,1,0,0,0,0,0,0,0,0,0,0,0,0,0,0,0,0,0,0,0,0,1,0,0,0,0,0,0,0,0,0,0,0,0,0,0,0,0,0,0,0,0,1,0,0,0,0,0,0,0,0,0,0,0,0,0,1,0,0,0,0,0,0,0,0,0,0,0,1,0,0,0,0,0,0,0,0,0,0,0,0,0,0,0,0,0,0,0,0,0,0,0,0,0,1,0,0,0,0,0,0,0,0,0,0,0,0,0,0,0,0,0,0,0,0,0,0,0,0,1,0,0,0,0,0,0,0,0,0,0,0,0,0,0,0,0,0,0,0,0,0,0,0,0,0,0,0,0,0,0,0,0,0,0,0,0,0,0,0,0,0,0,0,0,0,0,0,0,0,0,0,0,0,0,0,0,0,0,0,0
PPP1R15A,3,0,0,1,1,1,0,3,1,0,0,1,3,0,3,1,0,1,3,0,1,0,3,1,2,2,0,0,1,3,1,1,3,4,1,0,0,0,0,0,3,0,1,1,0,0,2,2,1,1,1,0,1,3,0,0,0,1,0,2,4,0,1,0,0,4,0,0,1,1,0,6,1,0,1,0,3,6,0,3,1,1,1,1,0,1,4,0,1,0,2,0,2,3,2,4,0,0,1,5,0,0,2,1,0,2,1,3,0,1,0,0,0,2,0,0,1,3,2,1,0,0,1,0,0,2,0,1,1,1,0,0,1,2,3,0,3,1,1,0,3,0,2,3,3,2,0,3,2,0,1,0,0,0,0,1,1,1,1,1,2,1,0,0,3,4,2,5,2,1,2,0,4,0,0,0,1,0,1,5,0,0,0,1,2,1,0,1,0,1,3,4,0,0,3,3,0,3,0,3,1,1,0,1,1,0,0,0,0,0,0,1,1,0,2,0,2,3,3,2,0,1,0,0,2,0,0,0,2,0,0,1,2,0,0,0,0,1,0,2,1,0,2,1,0,1,0,1,1,1,0,0,0,1,1,3,1,1,3,0,1,1,1,0,1,1,1,0,0,0,3,4,2,0,1,0,0,2,1,2,1,0,1,0,2,1,0,0,1,1,0,0,0,2,0,1,1,0,0,0,3,2,1,5,0,0,1,0,1,1,1,0,0,1,0,0,0,1,6,2,1,1,0,0,1,0,3,3,1,1,0,3,1,0,1,1,5,0,0,0,3,4,0,0,0,5,1,1,0,2,2,0,6,0,0,2,2,3,2,1,1,1,2,1,1,1,5,1,0,1,0,1,1,0,0,4,0,1,0,3,1,0,0,0,0,2,3,1,2,1,1,1,1,1,0,2,1,2,0,0,0,0,1,0,2,1,1,1,2,1,2,1,1,0,0,0,1,1,1,0,1,1,0,3,4,0,0,2,0,1,2,0,0,3,0,0,0,0,2,1,0,1,2,0,2,3,0,0,0,0,2,0,2,0,3,2,0,1,0,2,3,0,0,1,1,3,0,1,0,0,0,1,0,1,1,1,1,3,0,0,2,1,0,2,1,0,0,3,1,1,0,0,2,1,0,0,2,0,1,0,0,2,0,0,0,0,1,3,0,0,0,0,3,0,0,3,0,0,0,0,0,2,3,0,1,0,1,0,2,3,1,2,1,0,1,2,0,2,1,0,9,2,1,1,0,0,1,0,6,0,4,6,0,1,3,1,2,6,2,0,2,3,3,1,2,0,0,4,5,2,0,1,0,0,1,0,0,2,0,1,1,0,1,2,1,0,1,0,1,0,1,1,0,1,0,0,0,2,2,0,0,0,1,0,3,5,1,0,1,1,1,3,1,1,3,2,2,1,0,0,0,4,1,2,2,0,1,2,0,4,1,4,1,1,0,1,1,4,0,1,0,1,2,0,0,0,1,0,1,2,0,3,0,0,1,1,1,1,0,2,0,2,0,2,0,0,1,0,0,2,0,2,0,1,3,1,0,3,2,0,0,3,4,0,1,1,2,0,0,1,0,0,1,1,0,2,1,0,0,2,0,2,1,0,1,3,0,0,0,11,2,1,0,0,0,2,0,1,0,0,0,0,0,3,0,1,1,0,0,1,2,0,1,0,4,0,3,0,1,0,3,0,1,1,3,0,3,5,3,2,2,3,0,1,1,5,1,1,0,2,2,1,1,0,1,0,0,0,0,1,1,0,2,1,0,4,0,1,1,2,1,1,0,0,1,1,1,1,1,2,0,1,0,3,3,0,2,3,0,1,2,1,0,0,1,1,3,0,1,0,1,0,1,1,0,0,1,0,1,2,1,0,4,1,3,3,2,1,0,1,0,0,4,0,1,2,1,2,1,3,0,3,3,0,0,1,0,2,1,1,0,0,3,0,4,0,0,1,2,1,0,2,2,0,1,0,3,0,0,0,2,0,1,0,0,0,1,0,2,3,2,1,3,1,1,3,1,0,1,0,0,0,1,0,0,1,2,0,0,3,1,1,0,0,1,1,0,0,2,1,0,0,1,2,1,1,0,0,0,3,1,2,1,1,1,1,1,1,0,2,1,3,0,0,1,0,0,0,0,0,1,2,0,1,1,2,1,0,1,1,0,0,3,0,0,1,2,3,1,2,2,0,1,0,4,0,1,1,3,0,3,3,1,0,0,2,0,0,1,0,0,3,1,1,0,1,1,3,1,1,0,1,0,1,0,2,0,0,0,0,1,1,2,1,0,0,0,1,0,0,2,0,0,0,1,0,1,0,3,2,1,0,2,3,1,0,1,0,0,0,1,4,1,0,1,1,1,2,2,3,2,0,1,1,0,2,0,0,0,0,1,0,4,3,1,1,0,0,0,2,0,0,3,3,0,0,1,0,0,0,0,3,1,0,0,6,4,1,0,0,4,0,2,0,0,1,1,1,1,1,2,1,0,1,0,2,1,1,0,1,2,1,3,0,0,0,2,0,1,1,0,0,0,3,2,1,2,3,1,1,0,0,0,0,0,0,0,0,2,4,0,0,0,1,0,3,0,2,0,0,0,0,2,0,0,1,0,1,1,0,1,1,3,4,1,0,1,0,0,0,3,0,1,0,0,0,0,0,0,0,2,0,1,2,3,0,2,0,1,1,0,1,2,0,1,2,2,0,3,1,1,2,2,1,0,0,1,0,0,1,0,1,0,0,0,0,0,3,0,1,1,0,1,9,3,1,2,0,5,0,0,1,1,0,1,2,0,2,1,1,0,1,0,0,0,2,3,1,0,2,3,3,0,0,2,0,2,0,1,0,6,2,2,0,1,2,3,2,0,0,2,2,0,2,0,1,0,1,0,0,0,1,1,2,0,1,3,1,0,0,1,0,1,2,0,1,3,2,0,3,1,1,1,1,0,2,0,0,0,1,6,3,1,0,3,0,0,1,0,1,3,0,4,0,3,0,0,1,1,1,2,0,0,0,1,0,1,1,0,1,0,0,2,0,0,0,0,0,4,2,0,2,1,1,3,0,0,0,0,1,0,2,1,0,1,0,0,1,2,0,1,1,0,2,1,3,0,2,1,1,2,0,0,2,2,0,0,1,0,2,1,2,0,1,0,0,2,0,6,2,1,0,3,0,0,0,0,0,5,3,4,0,0,0,0,0,0,0,0,3,0,1,0,0,0,1,0,2,1,1,0,0,1,0,0,0,1,0,1,2,0,0,0,0,0,0,0,1,3,1,0,0,0,0,0,0,3,1,1,1,0,0,5,0,0,2,1,3,0,0,1,0,0,0,0,0,0,2,0,0,1,1,2,1,7,1,0,1,1,0,0,0,4,1,0,1,0,0,1,0,0,1,1,0,0,0,0,1,1,1,0,6,0,0,0,0,0,0,1,2,2,0,2,2,2,0,1,1,1,0,0,0,0,0,0,2,0,3,4,1,0,4,1,0,1,3
MYC,0,0,0,0,0,0,0,0,0,0,1,0,0,0,0,0,0,0,0,0,0,0,0,1,0,0,0,0,0,0,0,0,0,0,0,0,0,1,0,0,0,0,0,1,0,0,0,0,0,2,0,1,0,0,0,0,0,0,0,0,0,0,0,0,0,0,0,0,0,2,0,1,0,0,0,0,0,0,0,1,1,0,0,0,0,0,0,0,0,0,0,0,0,0,3,0,0,0,0,1,0,0,0,1,0,0,0,0,0,0,0,0,0,1,0,0,0,2,0,0,0,0,0,0,2,2,0,0,2,0,0,0,0,0,0,1,0,0,0,0,1,0,0,0,0,0,0,0,2,0,0,0,0,0,0,0,0,0,0,0,0,2,1,0,0,0,0,0,0,0,0,0,0,0,0,0,0,0,0,2,0,0,0,0,0,0,2,0,0,0,0,0,0,0,0,1,0,0,0,0,0,0,1,0,0,0,0,2,0,0,0,0,0,0,0,0,0,0,0,0,0,0,0,0,2,0,0,0,0,0,1,0,0,0,0,1,0,0,0,0,0,0,0,0,1,0,0,0,0,1,1,0,0,0,0,0,0,0,0,0,0,0,0,0,0,0,0,0,1,0,0,0,0,0,1,0,0,0,0,0,0,0,1,0,1,1,0,0,0,3,0,0,0,0,0,0,1,1,0,0,0,0,0,0,0,0,1,0,0,2,0,0,0,0,1,0,0,0,0,0,0,0,1,0,0,0,0,0,2,0,0,1,0,0,0,0,0,0,1,0,0,0,0,0,0,0,0,0,0,0,0,2,0,0,0,0,0,0,0,0,0,0,1,0,0,1,2,0,0,0,0,0,0,0,0,0,0,0,0,0,0,0,0,0,0,0,0,0,0,0,1,0,0,0,2,0,0,3,0,0,0,0,0,3,0,0,0,1,0,3,0,0,0,0,1,0,0,0,1,0,0,0,0,0,0,0,0,0,0,0,0,0,1,0,0,2,0,2,0,0,0,0,0,0,0,0,0,0,2,0,0,0,0,1,0,0,0,0,1,0,0,1,0,1,0,0,0,0,0,0,0,0,0,0,0,0,0,0,0,0,0,1,0,1,0,1,1,0,0,0,2,0,0,0,0,0,0,0,0,0,0,0,0,0,0,0,0,1,0,0,0,0,1,1,0,0,0,0,0,0,0,2,2,0,0,0,2,0,0,0,0,0,0,0,0,0,0,1,1,0,3,2,0,0,0,0,0,0,0,0,0,1,0,0,0,0,2,0,1,0,0,1,0,0,1,3,0,0,0,1,0,0,3,0,0,0,0,0,0,1,0,0,1,0,0,0,0,0,0,0,1,0,0,0,0,0,0,2,0,0,0,0,0,0,1,0,0,0,1,0,0,0,0,0,0,0,1,0,0,0,0,0,0,0,1,0,0,0,0,0,0,0,0,0,0,0,3,0,0,0,0,0,1,0,1,0,0,0,0,1,0,0,0,0,0,0,0,0,0,0,1,1,0,0,0,2,0,0,0,0,0,0,0,0,1,1,0,0,0,2,0,1,1,0,0,0,1,0,0,0,1,0,0,1,0,0,0,0,0,0,0,0,0,0,0,0,0,0,0,0,0,0,0,1,0,0,0,0,0,0,0,0,0,1,0,0,0,0,0,0,0,0,0,0,0,0,0,1,0,0,0,0,0,0,1,0,0,0,0,0,0,0,0,1,0,0,0,0,0,0,0,0,0,1,0,0,0,0,1,0,1,0,0,0,0,0,0,0,0,0,0,0,0,0,0,0,0,0,1,0,0,0,0,0,1,0,0,0,0,0,1,1,0,0,0,0,0,0,1,0,0,0,0,0,1,0,0,0,0,0,0,0,0,0,0,0,0,0,0,0,0,0,0,0,0,1,1,1,0,0,0,0,0,0,1,0,0,0,0,3,0,0,0,0,0,0,0,0,0,0,1,0,0,0,0,0,0,0,0,0,1,0,0,0,0,0,0,0,0,0,0,0,0,0,2,0,1,0,0,0,0,0,0,0,0,0,0,0,0,0,1,1,0,3,0,0,0,2,0,0,0,0,3,0,0,0,1,0,0,0,0,0,0,0,0,0,0,0,0,0,0,0,0,0,0,0,0,0,0,0,1,0,2,2,0,0,0,0,0,0,0,0,0,0,0,1,1,0,2,0,0,0,0,0,0,0,0,0,0,0,0,0,0,0,0,0,0,0,0,3,0,0,0,1,2,0,0,0,0,3,0,0,0,0,0,0,1,0,0,0,0,0,4,0,1,0,0,0,0,0,0,0,0,0,1,1,1,0,0,0,0,0,0,0,0,0,0,0,0,0,0,0,0,0,0,0,0,0,0,0,1,0,0,0,0,0,1,0,0,1,0,0,0,0,0,0,0,0,2,3,0,0,0,1,0,1,0,0,0,0,0,1,0,0,1,0,0,0,0,0,0,0,0,0,0,0,0,0,1,0,0,2,0,0,0,0,0,0,0,0,0,0,0,0,0,0,0,0,1,0,1,1,1,1,0,0,0,0,0,0,0,0,0,1,0,0,0,0,0,6,0,0,0,0,0,0,0,0,0,0,1,0,0,0,0,1,0,0,0,0,0,0,0,0,2,0,0,0,0,0,1,0,0,0,0,0,0,0,1,0,1,0,0,0,0,0,0,0,1,0,0,1,0,0,0,3,0,0,0,0,0,0,0,0,0,0,0,0,0,1,0,0,0,2,1,0,0,0,0,0,0,0,0,0,0,0,0,0,0,1,0,1,0,0,0,1,0,0,0,0,0,0,0,0,0,0,0,1,0,0,0,0,1,0,1,0,0,0,0,0,0,2,0,0,0,0,0,0,0,0,1,3,1,0,0,0,0,0,0,1,0,0,0,0,1,0,0,0,0,0,0,0,0,0,0,0,0,0,0,1,0,0,0,0,0,0,0,0,0,0,0,0,0,0,0,0,0,0,2,0,1,1,0,0,0,0,1,0,0,0,1,0,0,0,0,0,0,0,0,0,0,0,1,0,0,1,0,0,0,0,0,0,0,0,0,1,0,0,0,0,0,2,0,0,0,0,0,0,0,0,0,0,2,0,0,0,0,1,0,1,0,0,0,0,1,0,0,0,0,0,0,0,0,0,1,1,0,0,1,0,0,0,0,0,0,0,1,0,0,0,0,0,0,0,0,0,0,1,0,0,0,0,0,1,0,0,0,0,0,0,0,0,0,0,0,0,0,0,0,2,0,0,0,0,1,0,1,0,0,0,0,0,0,0,0,0,0,0,0,0,0,0,0,0,0,0,0,0,0,1,0,0,0,1,0,0,0,0,0,2,0,0,0,0,0,0,0,0,0,0,0,0,0,0,0,0,0,0,0,0,0,0,1,0,0,0,0,0,0,0,0,0,0,0,0,1,0,0,0,0,0,0,0,1,0,0,0,0,0,0,0,0,0,0,0,1,0,1,0,0,0,0,0,0,0,0
NA..19,0,0,1,1,0,0,0,0,3,0,1,0,4,0,0,2,0,0,1,0,0,0,0,1,1,1,1,0,0,0,0,0,0,0,1,1,0,0,1,0,1,1,1,0,0,0,0,0,0,0,1,0,0,0,0,0,0,0,1,0,1,0,0,0,0,0,0,0,0,0,0,2,0,2,1,2,0,1,0,1,2,1,1,1,0,0,0,2,0,0,3,0,1,1,0,1,0,0,0,3,0,0,0,0,0,1,0,0,2,0,0,1,0,0,0,1,0,0,2,0,0,0,0,0,1,0,0,0,2,0,1,0,0,0,0,0,0,0,2,1,0,2,0,0,4,0,0,1,0,0,0,0,0,0,0,0,0,0,1,0,0,0,4,1,0,0,1,0,1,1,1,3,0,0,2,0,0,0,2,0,0,0,1,1,0,0,0,3,2,1,3,2,0,1,0,1,0,0,0,0,0,0,0,0,0,1,0,2,0,1,0,0,1,0,2,1,0,0,0,0,0,0,0,0,0,0,0,1,0,0,1,0,1,4,0,0,1,0,0,0,1,0,1,1,0,0,0,1,1,0,0,2,0,1,0,0,0,0,0,1,0,1,0,2,0,0,0,0,1,1,0,1,1,0,1,1,0,1,0,0,0,0,0,0,1,0,3,0,0,0,1,2,2,0,0,0,0,0,2,1,0,0,1,0,1,0,0,0,5,0,0,0,0,0,1,0,0,2,0,1,0,0,1,0,2,0,0,1,1,0,0,1,0,0,0,0,0,0,0,2,1,0,1,0,2,0,0,1,0,2,0,0,4,0,0,0,0,0,2,0,0,0,0,0,0,0,4,0,0,0,0,0,0,0,2,1,0,0,1,0,0,0,0,0,0,2,0,1,0,1,0,3,0,1,0,0,0,0,0,3,2,0,0,0,2,0,2,3,3,1,1,1,1,2,0,2,0,0,0,1,1,0,3,0,5,0,1,0,0,3,5,0,1,0,1,0,0,3,0,3,0,0,1,0,1,1,1,0,0,0,2,0,0,2,0,0,0,1,1,0,0,0,0,0,0,0,0,0,1,0,2,0,0,0,0,2,0,0,0,0,0,0,0,0,2,0,1,0,1,0,0,1,0,1,0,1,0,0,0,0,0,0,0,1,0,1,0,4,1,0,0,0,0,0,0,0,0,0,0,2,2,0,0,2,0,1,3,0,2,0,1,1,0,0,0,2,0,0,0,0,1,0,0,0,0,0,0,0,2,0,0,1,0,0,0,0,0,0,0,1,2,0,0,0,0,0,1,0,0,1,0,1,1,0,0,0,0,0,1,0,1,2,0,1,0,1,1,0,0,0,0,0,1,1,0,2,0,1,0,0,1,2,0,0,1,2,1,0,0,0,2,0,2,0,0,0,0,0,0,2,3,1,0,0,2,1,0,2,0,0,0,0,0,1,0,0,0,0,1,0,0,0,0,0,2,0,2,0,0,1,1,0,0,1,0,0,1,0,0,1,1,2,0,0,1,3,0,0,0,1,0,0,1,0,0,0,1,0,0,0,0,4,0,0,0,0,2,0,0,0,1,0,0,0,0,0,0,0,0,2,2,1,0,0,0,0,0,0,0,8,1,0,0,0,0,0,1,1,0,0,1,0,0,0,0,0,0,0,0,1,0,0,0,1,0,0,1,1,0,0,0,0,0,4,0,1,1,0,0,0,0,0,1,0,1,0,0,0,0,0,1,1,0,0,0,2,0,0,0,0,0,1,0,0,2,0,2,0,1,0,0,0,1,0,2,1,1,0,0,0,1,0,0,1,5,0,0,0,0,0,0,0,0,0,1,1,0,0,1,0,0,0,0,0,0,1,2,1,0,0,2,0,6,0,0,0,0,0,0,0,0,1,0,0,0,0,0,1,2,1,2,2,1,1,1,2,0,0,1,0,1,1,0,1,0,0,0,1,0,2,0,0,0,0,0,0,0,0,0,0,0,1,1,1,0,0,0,0,0,1,0,0,0,2,0,0,1,0,0,0,1,1,1,0,0,0,0,1,1,0,0,1,0,0,0,1,0,0,1,0,3,0,0,0,0,0,0,0,0,0,0,1,2,2,0,0,0,0,0,0,0,0,0,0,1,0,0,0,0,1,0,0,3,3,0,1,2,0,0,0,0,0,0,0,1,0,0,0,0,0,0,0,0,2,0,0,0,1,2,3,0,0,0,0,0,0,0,0,1,0,0,0,0,5,0,0,0,0,0,0,0,0,0,2,2,0,0,0,1,0,0,1,1,0,0,0,0,0,0,0,0,0,2,0,0,0,1,0,4,0,1,1,0,0,0,0,0,1,0,1,0,6,0,0,0,0,0,1,0,0,0,0,2,0,0,0,0,2,0,0,0,2,0,1,0,1,0,0,1,0,0,0,0,0,2,1,1,0,1,1,0,1,0,1,1,0,0,2,2,1,3,0,0,0,0,3,0,0,0,0,0,0,1,3,0,0,0,0,0,0,0,0,2,1,0,0,0,0,1,0,0,0,0,0,0,0,1,0,1,0,0,0,2,0,0,0,0,0,1,0,0,0,1,1,1,0,1,0,0,1,0,0,1,0,0,0,0,0,0,1,1,2,1,5,1,2,0,0,0,0,1,0,1,0,0,1,2,0,0,1,0,1,0,0,3,0,1,1,1,3,0,0,1,0,0,0,0,0,1,0,0,0,0,0,0,0,1,0,4,1,0,0,2,0,0,2,0,0,1,0,0,0,1,0,0,0,0,1,0,2,0,1,0,0,0,0,0,6,0,0,0,0,0,0,0,0,3,0,0,0,0,0,0,1,0,0,1,0,0,0,0,0,1,0,0,0,2,1,0,0,1,0,0,1,1,0,0,1,0,0,0,0,1,0,0,0,3,0,2,1,0,0,2,0,0,1,2,0,0,1,0,0,0,0,0,0,1,0,0,0,0,0,0,1,0,0,0,0,0,0,0,0,0,0,0,0,0,0,0,3,0,1,0,0,0,0,0,1,0,1,0,1,0,0,0,0,0,0,4,0,2,1,0,0,0,0,1,0,1,0,0,0,1,0,0,0,2,0,1,0,0,0,0,0,1,2,0,0,1,0,0,0,0,0,1,1,1,0,1,0,2,0,0,0,0,1,0,0,0,3,3,0,0,0,0,0,0,2,0,4,1,0,0,0,1,0,0,0,0,1,0,0,0,0,0,0,0,4,0,0,0,0,0,2,0,0,0,0,0,0,0,1,0,0,0,0,0,1,0,0,0,2,1,0,0,1,0,0,1,1,0,0,0,0,1,0,0,0,0,2,0,0,2,0,0,0,1,0,0,0,1,0,0,2,1,0,0,0,0,3,0,0,0,0,0,1,0,0,1,0,0,0,0,0,0,0,0,1,0,0,0,0,0,0,0,0,0,0,1,0,0,0,0,0,0,0,0,0,0,0,0,0,1,0,1,0,0,5,0,0,0,1,0,0,0,0
CXXC5,0,0,0,1,0,0,0,0,0,0,0,0,0,0,0,0,0,0,0,0,0,0,0,1,0,0,0,0,0,3,0,0,3,2,1,0,0,0,0,0,0,0,0,0,0,0,0,0,0,0,0,0,0,1,0,0,1,0,0,0,0,0,0,0,0,0,0,0,0,1,1,1,0,0,0,0,0,0,0,1,0,0,0,0,1,0,0,0,0,0,1,0,0,0,0,1,0,0,0,4,0,0,0,0,1,0,0,2,0,0,0,0,0,0,0,0,0,0,0,0,0,0,1,1,0,0,1,0,0,0,0,0,0,0,0,0,0,0,2,0,0,0,0,1,0,0,0,0,0,0,0,1,0,0,0,0,0,0,0,0,0,0,0,0,2,0,0,0,0,0,0,1,0,0,0,0,0,0,0,0,0,0,0,0,0,0,0,0,0,0,0,0,0,1,0,1,0,2,0,3,0,0,0,0,0,0,0,1,1,0,0,0,1,1,1,0,0,2,0,0,0,1,0,0,0,0,1,0,0,0,0,0,0,0,0,0,0,0,0,0,0,0,0,0,0,1,0,0,0,0,0,0,0,0,1,0,0,0,0,0,0,0,0,0,0,0,0,0,0,0,2,0,0,0,0,0,0,0,0,0,0,0,0,0,0,0,0,1,0,1,1,0,0,0,0,0,0,0,0,0,0,0,0,0,0,0,0,0,0,1,0,0,0,0,0,0,0,0,1,0,0,0,0,0,0,0,0,2,1,0,0,1,0,1,0,0,0,0,0,0,0,0,0,0,1,0,0,0,0,0,0,0,0,0,0,0,0,0,0,0,0,0,1,0,2,0,0,0,0,0,0,1,0,0,0,0,0,0,0,1,0,0,0,0,0,0,0,1,0,1,0,0,0,0,0,0,1,0,0,0,0,0,0,0,1,0,0,0,0,0,0,0,0,0,0,0,0,1,0,0,0,0,0,2,0,0,0,0,0,0,0,0,1,0,1,2,1,0,0,0,1,0,0,0,0,0,1,0,0,1,0,0,1,0,1,0,1,0,0,0,0,0,0,0,1,0,0,0,0,1,0,0,0,0,0,0,0,0,2,0,0,0,1,0,0,0,0,0,0,0,0,0,0,0,0,0,0,0,0,0,0,0,0,0,0,0,0,0,0,0,0,0,0,0,0,0,0,0,0,0,0,0,0,0,0,0,0,0,0,0,0,1,0,0,0,0,0,0,0,0,0,0,0,0,0,0,0,0,1,0,0,0,1,0,0,0,0,0,1,0,1,0,0,0,0,0,0,0,0,0,0,0,0,0,0,0,0,0,0,0,0,0,0,0,0,0,1,0,0,0,0,0,0,0,0,0,0,0,0,0,0,0,0,0,0,0,0,1,0,0,0,0,0,0,0,0,1,0,0,0,0,0,0,0,0,0,0,0,0,0,0,0,0,0,0,0,0,0,0,1,0,0,0,0,0,0,0,0,0,0,2,0,0,0,0,0,0,0,0,0,0,0,1,3,0,0,0,0,0,0,0,0,0,0,0,0,0,0,0,0,2,0,0,0,0,0,0,0,0,0,0,0,0,0,0,0,0,0,0,0,0,0,0,0,0,0,0,0,0,0,0,0,1,0,0,0,0,0,0,0,0,0,0,0,0,0,2,0,0,0,2,0,0,0,0,0,0,1,0,1,0,0,0,0,0,1,0,0,0,0,0,0,0,0,0,0,0,0,1,0,1,0,2,0,0,3,0,0,0,0,0,0,0,0,0,0,0,0,0,0,0,0,0,0,0,0,0,0,0,0,0,0,0,0,0,0,0,0,0,0,0,0,0,0,1,0,0,0,0,0,0,0,0,0,0,0,0,0,0,0,0,1,0,2,2,0,0,0,0,0,0,0,1,0,0,1,0,0,0,0,0,0,0,0,0,1,1,2,0,0,0,0,1,1,0,0,0,0,0,0,0,0,0,0,0,0,0,0,0,0,2,0,0,0,0,0,0,0,0,0,0,1,0,0,0,0,1,0,0,1,0,0,0,0,0,1,1,0,0,0,0,0,0,0,0,0,0,1,0,0,0,1,0,0,0,0,1,0,0,0,0,0,0,0,2,0,0,0,0,0,0,1,0,0,0,1,0,0,0,0,1,0,0,0,0,0,0,0,0,0,0,0,0,0,0,0,2,0,0,0,0,0,0,0,0,1,0,0,0,0,0,0,0,0,0,0,0,0,0,0,0,0,0,0,0,0,0,0,0,0,3,0,0,0,0,0,0,0,0,0,0,2,0,0,0,0,0,0,0,0,0,0,0,0,0,0,2,1,0,0,0,0,0,0,1,0,0,0,0,0,0,0,0,0,0,0,0,0,0,0,0,1,0,0,0,0,0,0,0,0,0,0,0,0,0,0,0,0,0,0,0,0,0,0,0,0,0,0,0,0,2,0,0,0,0,3,0,0,0,1,2,0,0,0,2,0,0,0,4,0,0,0,0,0,0,0,0,0,1,0,0,0,0,0,0,0,0,0,0,1,0,0,2,0,0,0,0,0,0,0,0,0,0,0,0,0,0,0,0,1,0,0,0,1,0,0,1,2,0,0,0,0,0,1,0,3,0,0,2,0,2,0,0,1,1,0,0,0,0,1,0,0,0,1,0,0,1,0,0,0,0,0,0,2,1,1,0,0,0,0,0,0,0,0,0,0,0,0,0,0,0,0,0,0,0,0,0,0,0,0,0,0,0,0,0,0,0,0,0,0,1,0,0,0,0,0,0,0,0,0,0,0,0,0,2,0,0,0,0,0,0,0,0,0,0,1,0,0,0,0,0,0,0,0,0,0,2,2,0,0,0,0,0,0,0,0,0,0,0,0,0,0,0,0,1,0,0,0,0,0,0,1,0,0,0,0,0,0,0,0,0,0,0,0,0,0,0,0,0,1,0,0,0,0,0,0,1,0,0,1,0,0,0,0,0,2,0,0,0,0,0,0,0,1,0,0,1,0,1,0,0,0,0,0,1,0,1,1,0,0,0,0,0,0,0,0,0,0,0,0,0,1,0,0,0,1,0,0,0,0,0,0,0,0,0,0,0,2,0,0,0,0,0,0,0,0,0,0,0,0,0,0,0,0,0,0,1,0,0,0,1,0,0,0,1,1,0,0,0,1,0,0,0,0,0,0,0,0,1,0,0,0,2,0,0,0,1,0,1,0,0,0,0,0,0,0,0,0,0,0,0,2,0,0,0,0,0,0,0,0,0,0,1,0,0,0,0,0,0,0,0,0,0,0,0,0,0,0,0,0,0,0,0,0,0,0,0,0,0,0,0,0,0,0,0,1,0,0,0,0,0,0,0,0,0,0,0,0,0,1,0,0,0,0,0,0,0,0,1,0,0,0,0,0,0,0,0,3,0,0,1,0,0,0,0,0,0,1,0,0,2,0,0,0,0,0,0,0,1,0,0,0,0,0,0,0,0,2,0,0,0,0,0,0,0,0
PLD4,0,0,0,0,0,0,0,0,1,0,0,0,0,0,0,1,0,0,0,0,0,0,0,0,0,0,0,0,0,1,0,0,1,9,0,0,0,0,1,0,0,0,0,0,0,0,0,1,0,0,0,0,0,0,0,0,0,0,0,0,3,0,0,0,0,0,0,0,0,0,0,0,0,0,0,0,0,0,0,0,0,0,0,0,0,0,0,0,0,0,13,0,0,0,0,0,0,0,0,0,0,0,0,0,0,0,0,0,0,0,0,0,0,0,0,0,0,0,0,0,0,0,0,0,0,0,0,0,0,0,0,0,0,0,0,0,0,0,0,0,0,0,0,0,2,0,0,1,0,0,0,0,0,0,0,0,0,0,0,0,0,0,0,1,0,1,0,0,1,4,0,0,0,0,0,0,0,0,0,0,0,0,0,0,0,0,0,0,0,2,0,0,0,0,0,2,0,0,0,1,0,0,0,0,0,0,0,1,0,0,0,0,0,0,0,0,0,0,10,0,0,0,8,0,0,0,0,0,0,0,1,0,1,0,0,0,0,0,0,0,0,0,0,0,0,0,0,0,0,0,0,0,0,0,0,0,0,0,0,0,0,0,0,0,0,0,0,0,0,0,0,1,0,0,0,0,0,0,0,0,0,1,0,0,0,0,0,0,0,0,0,0,0,0,0,0,0,0,0,0,0,0,0,0,0,0,0,0,2,0,0,0,0,0,0,0,0,0,0,0,0,0,0,0,0,0,0,0,0,0,0,0,0,0,0,0,0,0,0,0,0,0,0,0,1,0,0,0,0,0,0,0,0,0,0,0,0,0,0,0,0,1,0,0,0,0,4,0,0,0,0,0,0,0,0,4,0,0,0,0,0,0,0,0,0,0,0,0,0,0,0,0,0,0,0,0,0,0,0,0,0,0,0,0,0,0,0,0,0,0,0,0,0,0,0,2,0,0,0,0,0,0,0,0,0,0,0,0,0,0,0,0,0,0,0,0,0,0,0,0,0,0,2,0,0,0,0,0,0,0,0,0,0,0,0,0,0,0,0,0,7,0,0,0,0,1,0,0,0,0,0,0,0,0,0,1,0,0,0,0,0,0,0,0,0,0,0,0,0,0,0,0,0,0,0,0,0,0,0,0,0,0,0,0,0,0,1,5,0,0,0,0,0,0,0,0,0,0,0,0,0,0,0,0,0,0,0,0,0,0,1,0,0,0,0,0,0,0,0,0,0,0,0,0,0,0,0,0,1,0,0,0,0,0,0,0,0,1,0,0,1,0,1,0,0,0,0,0,0,0,0,0,0,0,0,0,0,0,0,0,0,0,0,0,0,0,0,0,0,0,0,0,0,0,0,1,0,0,0,0,0,1,0,0,0,1,0,0,0,0,0,1,0,0,0,0,0,0,0,0,0,0,0,0,0,0,0,0,0,0,0,0,0,0,0,0,0,0,0,1,0,0,0,0,0,0,7,0,0,0,0,0,0,0,0,0,0,0,1,0,0,3,0,0,0,0,0,0,0,1,0,0,0,0,0,0,0,0,0,0,0,5,0,0,0,0,0,0,0,0,0,0,0,0,0,0,0,0,0,0,0,0,18,0,0,0,0,0,0,2,0,0,0,0,0,0,0,0,0,0,0,0,0,0,0,0,0,0,0,0,0,0,0,0,12,0,0,0,0,0,0,0,0,0,0,0,0,0,0,0,0,0,0,0,0,1,0,0,0,0,0,0,0,0,0,0,0,0,0,0,0,0,0,0,0,0,0,0,0,0,0,0,0,0,0,1,0,0,0,0,0,0,0,0,0,0,0,0,0,0,0,0,0,0,0,0,0,0,0,0,0,0,0,0,0,0,0,0,0,0,0,0,6,0,0,0,0,0,0,0,0,0,0,0,0,0,0,0,0,0,0,0,0,0,0,0,0,0,0,0,0,1,0,0,0,0,0,0,0,0,0,0,0,0,0,0,0,1,0,0,2,0,1,0,0,0,0,0,0,0,0,0,0,2,0,0,0,0,0,0,0,1,0,0,0,0,1,0,1,0,0,0,0,0,0,0,0,0,2,0,0,0,0,0,0,0,0,0,0,0,0,2,0,0,8,0,0,0,0,0,0,0,0,0,0,0,0,0,0,0,1,0,0,0,0,0,0,0,0,0,0,0,0,0,0,0,2,0,0,0,0,0,0,0,0,0,0,0,1,0,0,2,0,0,0,2,0,0,0,0,0,0,0,4,0,0,0,0,0,0,0,0,0,0,0,0,0,0,0,0,0,0,0,0,0,0,0,0,0,0,0,0,0,0,0,0,0,0,0,0,0,0,0,0,0,0,0,0,0,0,12,0,0,0,0,0,0,0,0,0,0,0,0,0,0,0,0,0,0,0,0,0,0,0,0,0,0,0,0,0,0,0,2,1,0,0,0,0,0,0,0,0,0,0,0,9,0,0,0,0,9,0,0,0,0,0,0,0,0,0,0,1,0,1,0,0,0,0,0,0,0,0,0,0,0,0,0,0,0,0,0,0,0,0,0,0,0,0,0,0,0,0,0,0,0,0,0,0,0,0,0,0,0,1,0,0,0,3,0,0,0,0,0,0,0,0,0,0,6,0,0,0,2,0,0,0,0,0,0,0,0,0,0,1,0,0,0,0,0,0,0,0,0,3,12,0,1,0,0,1,0,0,1,0,0,0,0,0,0,1,0,0,0,0,0,0,1,0,0,0,0,0,0,0,0,0,0,0,0,1,0,0,0,0,0,0,0,0,0,0,0,0,0,0,0,0,0,0,0,0,0,0,0,0,0,7,0,0,0,0,0,0,0,0,0,0,0,1,0,0,1,0,0,0,0,0,1,0,0,0,0,0,0,1,0,0,0,0,0,0,0,0,0,0,0,0,0,0,0,0,0,0,0,0,0,0,0,0,0,0,0,0,0,0,0,0,0,0,0,0,0,0,0,0,0,0,0,0,0,0,0,0,0,0,0,0,0,0,0,0,0,0,0,0,0,0,0,0,0,0,0,0,0,0,0,0,0,0,0,0,0,0,0,0,0,0,0,0,1,0,0,0,0,0,0,0,1,0,0,0,0,1,0,0,0,0,0,0,0,0,0,0,0,0,3,0,0,0,0,0,0,0,0,0,0,0,0,0,0,13,0,0,0,0,0,0,0,0,0,2,0,0,0,0,0,0,0,0,1,2,0,0,0,0,0,0,0,2,1,0,0,0,0,0,0,0,0,0,0,0,0,0,0,0,0,0,0,0,0,0,0,0,0,1,0,0,0,0,0,0,0,0,0,0,0,0,0,0,0,0,0,0,1,0,1,0,1,0,0,0,0,0,0,0,4,0,0,0,0,0,0,0,0,0,0,0,0,0,0,0,0,0,0,0,0,0,0,0,0,0,0,0,0,0,0,0,0,0,0,0,0,0,0,0,0,0,0,1,0,0,0,0,0,0,0,0,0,4,0,0,0,0,0,0,0,0
BRI3,0,0,0,0,0,0,1,0,2,0,2,0,1,1,0,4,0,0,0,0,0,0,2,0,0,0,0,0,0,0,0,0,0,1,0,0,0,0,0,0,0,0,2,0,0,0,0,3,1,0,0,0,1,0,0,1,0,0,0,0,1,0,0,0,0,0,0,0,5,0,0,1,0,1,1,0,0,1,0,0,0,0,2,0,1,0,0,1,0,0,1,0,1,1,0,0,0,0,2,1,0,0,1,2,0,0,0,0,0,0,0,0,0,1,0,0,0,0,2,0,0,0,1,0,0,0,0,0,3,0,0,0,0,0,0,0,0,0,0,1,0,0,0,0,1,1,3,2,0,1,2,0,0,1,0,2,0,0,0,0,0,0,3,0,0,0,1,1,2,4,0,0,0,0,1,0,0,0,2,0,0,0,0,0,2,0,0,0,1,3,1,0,0,1,0,0,0,0,0,0,0,0,0,0,0,0,0,0,0,0,0,0,0,0,0,0,0,0,3,0,0,0,0,0,0,1,0,1,1,0,0,0,3,1,2,0,0,0,0,0,1,0,0,0,1,0,0,2,3,2,0,3,0,0,0,0,0,0,0,0,0,0,0,2,0,0,0,0,0,1,0,1,0,3,0,0,1,4,2,0,0,0,0,0,0,0,0,0,0,1,0,0,1,0,0,0,0,0,2,0,0,1,0,0,2,0,0,0,1,0,0,0,0,0,0,0,0,0,0,1,0,0,0,0,0,0,0,0,0,0,0,0,0,0,0,0,0,3,0,3,3,0,1,0,0,0,0,0,0,1,0,2,3,1,0,1,0,1,0,0,0,0,0,0,0,0,2,0,0,0,0,0,0,0,0,1,0,1,1,0,3,0,1,0,0,0,0,0,0,0,0,6,0,5,0,0,1,0,1,2,0,0,0,0,2,1,1,0,1,0,0,0,0,0,0,0,0,0,0,0,0,1,0,0,4,0,0,0,0,0,0,0,0,0,2,0,0,0,0,2,1,0,3,0,0,3,0,0,0,0,0,0,0,0,0,0,0,0,2,0,2,0,0,0,1,2,0,0,0,1,3,1,0,0,0,2,0,1,0,0,1,0,0,0,0,0,0,0,0,1,0,0,0,0,0,0,0,1,0,0,0,0,0,0,1,0,0,1,0,0,0,0,0,0,0,1,0,0,0,1,1,0,0,2,1,0,0,0,1,0,2,0,0,0,0,1,0,0,1,0,1,0,0,0,0,1,1,0,0,0,0,2,0,0,1,0,0,5,0,0,0,0,0,0,0,1,0,0,0,0,0,0,0,0,1,3,0,0,0,0,0,1,1,2,0,0,0,0,0,0,0,0,0,3,0,1,0,0,0,0,0,0,2,0,0,1,0,0,0,0,0,0,0,0,1,0,0,0,0,3,0,0,0,0,0,0,1,1,0,0,0,0,0,0,0,1,0,1,0,0,0,0,0,0,0,0,2,0,0,0,0,0,0,1,0,0,0,0,0,2,0,0,0,1,1,0,0,0,0,0,0,0,1,0,0,0,0,2,0,0,0,1,0,0,0,0,0,0,0,0,0,0,0,0,0,0,0,0,0,2,0,1,2,1,0,2,1,0,0,1,0,0,0,0,0,0,0,0,0,0,2,0,1,0,1,0,0,0,0,0,1,0,0,1,2,0,1,0,0,0,0,0,0,0,0,0,0,0,0,0,1,0,0,0,0,0,0,0,0,0,0,0,0,1,2,0,1,0,0,0,0,0,0,0,2,1,1,0,0,0,0,0,1,0,1,2,0,0,1,0,0,0,1,1,4,0,0,0,0,0,0,0,0,0,1,0,0,0,0,0,0,0,0,0,0,0,0,0,0,1,0,0,1,0,0,0,0,0,0,2,0,0,0,1,0,0,0,0,1,1,1,0,0,0,0,1,0,0,0,0,0,0,1,0,0,0,0,1,0,0,1,0,0,0,0,0,0,1,0,0,0,0,1,0,0,0,0,0,0,1,0,0,0,3,0,0,0,0,1,0,0,0,0,1,0,1,0,0,0,0,0,0,0,0,0,0,0,0,3,0,0,0,0,0,1,0,0,0,0,0,0,3,1,0,1,0,0,1,0,1,1,0,0,1,0,0,0,5,1,0,0,0,0,0,0,0,0,1,0,0,1,0,0,0,1,0,0,0,0,0,0,0,0,0,1,0,0,1,1,2,0,1,0,0,1,0,1,0,1,1,0,0,1,2,0,0,0,0,0,0,0,0,0,0,0,0,0,0,0,0,0,1,3,0,0,0,0,1,0,0,0,0,0,1,0,0,0,0,1,1,0,0,0,0,0,0,0,0,0,0,0,1,0,0,0,1,0,4,0,0,0,0,0,0,0,0,0,0,0,0,0,1,0,0,0,0,2,0,0,0,0,0,2,3,2,0,1,0,0,1,1,0,0,1,0,2,1,0,0,0,2,0,0,0,1,0,0,0,0,0,0,0,0,1,0,0,0,0,1,0,0,0,0,0,0,0,0,0,0,1,0,0,0,2,0,1,0,0,0,0,0,0,0,0,0,0,0,0,0,0,0,0,0,0,0,0,0,1,0,0,0,0,1,0,0,0,0,0,2,0,1,0,1,2,0,0,1,0,0,0,0,0,0,0,0,0,0,1,0,1,0,0,0,1,0,0,3,0,0,2,0,0,2,0,0,0,0,0,1,0,1,0,0,0,0,0,2,0,0,0,0,0,0,0,0,0,0,1,0,0,0,0,0,5,0,0,2,0,0,0,0,0,0,0,0,0,0,0,0,0,0,0,0,0,0,0,2,0,0,0,0,0,0,0,0,0,0,1,0,0,5,0,0,2,0,0,1,0,0,0,0,1,2,1,0,0,1,0,0,0,0,1,0,1,0,0,2,0,3,1,0,0,1,0,0,0,0,0,0,0,0,0,1,0,0,0,0,1,1,0,3,0,0,1,0,1,1,0,0,0,0,0,0,1,0,0,0,0,0,0,0,2,0,1,0,0,0,0,0,1,0,0,0,0,0,0,0,0,1,0,0,0,0,0,1,0,0,1,0,0,0,0,0,0,0,0,1,0,0,0,1,3,1,0,1,1,0,1,0,0,0,1,0,0,1,0,0,0,0,3,0,0,0,0,0,1,0,0,0,1,6,1,0,0,0,0,0,1,0,1,0,0,1,0,0,1,0,0,0,1,0,0,1,0,0,0,0,1,0,0,2,0,2,1,1,0,0,0,0,0,0,0,0,0,0,0,0,0,1,1,0,0,0,1,2,0,0,0,0,1,1,0,0,0,0,2,0,0,0,0,0,0,1,0,1,0,1,2,1,0,2,0,0,0,2,0,1,0,0,2,0,0,0,0,0,1,0,1,0,0,0,0,0,2,0,1,0,0,0,0,0,3,0,0,0,0,1,0,1,0,0,0,0,0,0,0,0,0,1,0,0,3,1,0,2,0,1,2,0,0,1,0,0,0,0,0
NA..20,0,0,0,0,1,0,0,0,0,0,0,0,0,1,0,1,0,0,1,2,1,0,0,0,1,7,0,0,0,3,1,0,3,1,0,0,0,1,3,2,0,0,0,1,0,1,0,0,0,1,0,0,0,0,1,0,0,0,2,1,1,0,0,0,0,1,0,0,0,1,0,2,1,0,0,0,0,1,0,0,0,0,1,0,1,0,0,1,1,0,0,0,0,0,1,0,2,0,1,1,1,0,0,1,0,0,0,0,0,0,0,0,0,0,1,0,0,0,1,0,1,1,1,0,1,0,0,0,0,0,0,2,0,0,1,0,0,0,0,0,0,0,0,1,1,0,0,1,0,0,0,0,0,0,0,1,0,0,0,0,0,1,0,1,0,0,0,1,0,1,0,0,2,1,0,0,1,1,0,1,0,2,0,0,0,1,0,1,2,0,0,3,1,0,0,0,0,0,0,3,0,1,0,1,0,0,0,2,0,0,2,0,0,0,0,0,0,1,0,1,1,3,0,0,0,1,1,0,2,0,0,1,1,0,0,0,0,1,1,0,0,0,1,0,0,1,3,0,1,0,4,0,2,0,0,0,1,2,0,0,0,0,0,0,0,0,0,0,0,1,0,0,1,0,1,0,1,2,0,0,1,0,0,0,1,1,0,2,0,0,1,0,0,0,0,0,0,0,0,1,1,0,0,0,0,0,1,0,2,1,0,1,1,0,0,0,1,1,2,0,0,0,0,0,1,0,1,0,1,0,0,0,0,1,0,0,0,0,0,0,1,1,0,1,0,0,1,1,0,1,0,0,2,0,0,1,0,1,0,0,0,0,0,0,0,0,1,0,0,0,3,1,1,0,0,0,0,0,0,0,0,2,1,0,0,0,0,2,0,0,0,0,0,0,0,0,0,0,0,0,1,1,0,2,0,0,0,0,2,0,1,0,0,1,0,0,0,0,0,4,0,0,3,0,0,1,1,0,1,0,1,1,1,0,1,0,0,1,0,1,1,0,5,0,0,0,0,0,1,0,1,2,1,0,0,0,0,0,0,0,2,1,0,1,0,1,1,0,0,0,0,0,0,1,1,0,1,0,1,0,2,1,0,0,0,0,0,0,1,0,0,3,1,1,0,0,0,0,0,0,0,0,1,0,1,0,1,1,0,0,0,0,1,0,0,0,0,1,0,0,2,0,0,0,0,0,1,3,1,1,0,0,0,0,1,1,0,1,1,0,3,0,0,0,1,0,0,1,2,1,2,0,0,0,0,0,0,0,0,0,0,0,2,0,1,0,0,3,0,1,1,0,1,2,1,1,3,0,1,0,0,0,1,0,0,0,0,1,0,0,0,0,0,1,1,0,3,0,0,0,0,0,0,0,1,1,2,0,0,0,0,2,0,1,0,0,0,1,0,0,3,1,0,0,0,0,1,0,0,1,1,1,0,0,0,0,0,0,1,2,0,0,1,3,2,0,4,1,0,1,0,0,0,0,0,0,0,0,0,1,0,2,1,0,0,1,0,0,2,0,1,1,0,0,1,0,0,0,1,1,0,1,0,0,0,1,0,0,0,0,0,0,0,0,2,0,0,2,0,0,1,0,0,0,1,0,0,0,1,0,0,0,0,1,0,1,1,0,0,0,1,0,0,2,0,0,0,0,0,0,0,0,1,0,0,1,0,1,0,0,0,0,0,0,1,0,3,0,0,0,0,1,1,0,1,0,0,1,0,1,1,0,0,0,0,0,0,0,1,0,0,1,0,0,1,0,0,1,0,0,1,0,0,0,0,0,0,3,0,0,0,1,1,0,0,2,2,0,0,0,0,0,1,0,0,0,0,0,1,0,1,0,0,0,0,1,1,0,0,0,1,1,2,2,1,0,0,0,3,0,0,0,0,0,0,0,0,1,0,0,1,0,0,0,1,3,1,0,0,1,0,0,0,1,0,0,0,0,0,0,0,0,0,1,0,0,0,0,1,0,1,0,0,0,1,0,0,1,0,0,1,2,1,0,1,1,2,0,1,0,1,0,0,0,0,1,0,0,3,0,1,0,1,0,0,0,0,0,5,0,0,1,1,0,0,0,0,0,0,0,1,5,2,0,0,0,0,1,0,0,0,1,0,1,0,1,0,1,0,0,1,1,0,1,0,0,0,0,3,1,0,2,1,3,0,0,1,1,0,0,1,0,0,0,0,0,0,1,0,0,0,1,0,0,0,1,0,0,0,0,2,1,0,2,0,0,0,0,1,0,2,0,0,0,0,1,2,1,0,1,1,0,1,0,0,0,0,0,0,0,0,1,1,2,0,2,1,0,0,0,0,0,0,0,0,0,0,1,1,0,0,0,1,0,0,1,0,0,0,0,1,0,0,1,0,1,1,0,2,0,1,0,1,0,0,2,0,0,1,1,0,0,0,1,1,0,0,0,0,0,2,1,0,0,0,0,0,0,1,0,4,0,0,1,0,0,0,0,0,3,0,0,0,3,1,0,0,1,0,0,0,0,0,1,0,0,0,0,1,0,0,0,1,0,1,0,0,0,1,1,0,0,1,0,1,2,0,0,0,2,1,0,0,0,0,0,0,3,0,0,0,2,0,0,1,0,1,2,0,0,0,0,0,1,1,0,1,0,0,1,1,1,0,0,0,0,3,0,0,0,0,0,0,3,1,0,0,1,1,0,0,1,0,0,1,0,1,1,0,1,0,2,2,0,1,0,0,0,2,0,0,0,0,0,0,0,0,0,0,0,2,0,0,0,0,2,0,0,0,2,0,1,0,1,1,0,0,0,0,0,0,0,0,0,3,0,0,0,1,0,0,2,0,0,0,2,0,3,1,0,0,0,0,1,0,2,0,1,0,0,1,1,1,1,1,0,0,0,1,0,0,0,0,0,0,0,0,1,0,0,0,0,1,3,2,0,1,0,1,0,1,0,0,0,0,0,0,0,0,0,0,0,1,0,0,0,0,0,1,0,1,0,2,0,0,0,1,0,3,0,2,1,0,1,1,0,0,3,2,2,0,0,0,0,0,0,0,0,1,0,0,0,0,1,0,0,0,1,0,0,0,0,1,0,1,0,1,0,0,0,1,0,0,0,0,0,1,2,0,0,0,0,0,1,0,1,0,2,2,0,0,0,1,0,0,4,0,1,0,0,0,0,1,0,1,0,0,0,0,1,0,2,0,1,0,0,0,0,0,0,2,4,1,2,0,0,0,1,1,0,0,0,0,2,0,0,1,0,0,0,0,0,0,0,0,0,0,0,0,0,0,1,0,0,0,0,0,0,0,0,1,0,1,1,0,0,0,1,0,3,0,1,0,0,0,0,0,0,0,0,0,0,1,0,1,2,0,0,0,0,0,0,0,0,0,0,0,0,0,1,0,1,0,0,0,0,1,0,1,0,0,0,0,0,0,1,1,1,0,0,0,0,1,2,0,1,0,0,0,1,1,0,0,0,1,0,0,0,2,0,0,0,1,0,0,0
CTSZ,0,0,0,0,0,0,2,0,0,0,1,0,2,0,0,2,0,0,0,0,0,0,1,1,0,0,0,0,0,0,0,0,0,3,0,1,0,0,4,0,0,0,3,1,0,0,0,0,0,0,0,0,1,0,0,0,0,0,0,0,2,0,0,0,0,0,0,0,0,0,0,0,0,0,1,0,0,1,1,3,0,0,0,0,0,1,0,1,0,0,3,1,0,1,0,0,0,0,0,2,0,0,0,0,0,0,0,0,0,0,0,0,0,0,0,0,0,0,3,0,0,1,1,0,0,0,0,0,2,0,0,0,0,0,0,0,1,0,1,0,0,0,0,0,3,0,0,1,0,0,1,1,0,0,0,0,0,0,0,2,0,0,1,0,0,0,0,0,2,8,0,0,0,0,2,0,0,0,1,0,0,0,1,0,1,0,0,1,2,0,1,4,0,0,0,1,0,1,0,0,0,0,1,1,0,0,0,1,1,0,0,0,0,0,0,0,0,0,5,2,0,0,4,0,0,0,1,0,0,0,0,0,2,4,2,0,0,2,0,1,2,0,0,0,0,0,0,0,2,0,0,1,0,0,0,0,0,0,0,1,0,0,0,1,0,0,0,0,0,0,0,3,0,2,1,0,0,2,1,0,0,0,0,0,0,0,0,0,0,0,0,0,3,0,2,0,0,0,0,0,0,0,0,0,1,0,0,1,2,0,0,0,0,0,0,0,0,2,0,0,0,0,1,0,0,0,0,1,0,0,0,3,1,1,0,0,0,1,0,2,2,0,2,0,1,0,0,1,0,0,3,0,0,0,0,0,0,1,1,1,0,0,1,1,0,0,13,0,0,0,0,0,0,0,0,4,0,0,0,1,0,0,0,0,0,1,0,1,0,0,0,5,0,2,0,0,1,0,0,2,1,0,0,0,3,0,0,0,2,2,0,0,2,0,0,4,0,0,0,0,2,0,1,0,1,0,0,0,0,0,0,0,0,0,0,1,0,0,0,0,0,0,3,0,0,7,0,0,1,0,0,0,1,0,1,0,0,4,1,0,3,0,0,0,0,1,0,0,1,1,1,0,0,0,0,0,0,0,0,0,0,0,0,0,0,0,0,0,0,0,0,1,0,0,0,0,0,0,0,1,1,0,0,0,0,0,1,7,0,0,1,0,0,0,0,0,0,0,0,0,0,0,0,2,0,1,0,0,0,0,0,0,0,0,0,0,0,2,0,0,0,0,0,1,0,0,0,0,3,0,0,5,0,0,1,0,0,0,0,0,1,0,1,0,0,0,0,0,0,0,1,0,0,0,0,2,0,0,3,0,1,0,0,0,0,0,0,0,0,1,0,0,0,5,0,0,0,0,0,0,0,5,1,0,0,5,1,1,0,0,1,1,0,0,0,0,0,0,0,1,1,0,0,0,0,1,0,2,0,0,1,0,0,0,0,0,0,0,0,0,0,0,0,0,0,0,0,0,0,1,0,0,0,0,0,1,0,0,0,2,2,0,0,1,0,0,0,0,0,0,0,0,0,0,1,0,1,1,0,0,0,7,0,1,0,0,0,0,1,0,0,0,0,0,0,0,0,0,1,0,0,0,7,0,0,1,0,0,0,3,0,0,0,0,1,0,0,0,0,0,0,0,0,0,0,0,0,0,0,0,0,0,0,0,1,0,0,2,1,0,1,0,0,0,0,0,0,0,0,0,0,0,0,0,1,1,0,0,1,0,0,2,0,0,1,0,0,0,0,0,0,0,0,0,1,0,2,0,0,0,1,0,0,1,0,3,0,0,0,0,0,0,0,3,3,0,0,0,0,0,0,0,1,0,0,0,0,0,0,0,0,1,0,1,0,0,1,0,0,0,0,0,2,1,0,1,0,0,0,1,0,0,0,1,0,0,0,0,0,2,1,1,0,0,0,0,0,0,0,0,0,0,0,0,0,0,0,1,0,0,0,0,1,0,0,1,0,0,0,0,1,0,1,0,1,0,0,0,1,0,0,0,2,7,0,0,1,0,0,1,1,0,0,0,1,0,0,0,4,0,0,0,0,0,0,0,0,0,3,0,0,0,0,0,0,0,0,0,0,0,0,3,0,0,0,0,0,1,0,0,0,0,0,0,1,0,0,8,0,0,0,0,0,0,0,0,0,0,0,0,0,0,2,0,0,0,1,0,0,1,0,0,0,0,3,0,0,0,0,1,1,7,1,0,0,0,0,0,0,0,0,0,0,3,0,0,0,0,0,0,0,0,0,0,0,0,0,0,0,0,0,1,0,0,0,0,0,0,0,0,0,1,1,0,0,0,0,0,2,0,0,0,0,1,0,0,0,1,0,0,3,6,0,1,0,1,0,2,2,0,0,0,0,0,0,0,0,0,0,0,0,0,0,0,0,0,1,0,1,0,0,0,4,1,1,0,0,1,0,0,9,0,0,0,0,1,0,1,1,1,5,0,0,0,0,0,2,0,0,0,1,0,0,4,0,0,0,0,1,0,0,0,1,1,0,0,0,0,0,0,0,0,0,1,0,0,3,0,0,0,0,0,1,0,2,1,1,1,1,0,0,1,0,0,0,0,0,2,0,1,0,0,0,0,0,1,0,0,2,0,1,1,1,4,0,0,0,2,0,0,0,0,0,0,0,0,1,0,0,1,0,0,0,2,1,0,3,0,0,5,1,0,4,0,0,1,0,0,3,0,0,0,0,0,0,0,0,0,0,0,0,0,0,0,0,0,0,0,0,1,0,0,0,4,0,0,2,0,0,0,0,0,0,0,0,0,0,3,0,0,0,0,0,0,0,3,0,0,0,0,0,0,0,0,0,0,0,0,1,0,0,0,3,1,0,1,4,0,0,0,0,0,1,1,0,0,1,0,0,0,0,0,0,0,0,0,0,0,0,0,0,0,4,0,0,2,1,0,0,3,0,0,0,0,1,0,0,0,1,0,2,0,0,0,1,0,0,0,0,0,0,0,0,0,1,0,0,0,0,0,1,2,0,0,0,0,0,1,0,1,0,0,0,0,0,0,0,0,2,0,3,0,0,0,0,1,0,0,2,0,0,0,0,0,3,0,0,0,0,0,0,3,0,0,0,3,0,0,0,0,0,0,0,0,1,1,0,0,0,1,0,0,0,0,0,0,0,0,0,3,5,0,0,1,0,0,0,0,0,3,0,2,0,0,0,0,1,1,0,1,0,0,0,0,1,0,0,3,0,0,0,0,0,2,0,0,0,1,0,0,1,0,0,0,0,0,0,0,0,0,1,0,0,0,1,0,0,0,0,0,0,0,0,0,0,1,0,0,0,0,0,0,0,0,0,1,1,0,0,0,1,0,0,0,7,0,0,0,0,3,0,0,0,0,0,2,0,0,0,0,0,0,0,1,0,0,0,0,0,0,0,2,0,0,1,0,1,0,0,0,0,0,1,1,0,0,0,0,0,0,0,1,1,0,2,0,0,2,0,0,0,0,0,0,0,0
CDA,0,0,0,0,0,0,0,0,0,0,0,0,0,0,0,3,0,0,2,0,0,0,1,1,0,0,0,0,0,0,0,0,0,0,0,0,0,0,0,0,0,0,1,0,0,0,0,1,0,0,0,0,0,0,0,0,0,0,0,0,1,0,0,0,0,0,0,0,1,0,0,0,0,0,0,0,0,2,0,0,0,0,0,0,0,0,0,0,0,0,0,0,0,0,0,1,0,0,2,0,0,0,2,0,0,0,0,0,2,0,0,0,0,0,0,0,0,0,0,0,0,0,0,0,0,0,0,0,3,0,0,0,0,0,0,0,0,0,1,0,0,0,0,0,0,0,1,0,0,0,1,0,0,0,0,0,0,0,0,0,0,0,0,0,0,0,2,0,0,0,0,0,0,0,1,0,0,0,2,0,0,0,0,0,0,0,0,0,0,0,2,0,0,0,0,0,0,0,0,0,0,0,0,0,0,0,0,0,0,0,0,0,0,0,0,0,0,0,0,0,0,0,0,0,0,0,0,0,1,0,0,0,1,0,0,0,0,0,0,0,1,0,0,0,0,0,0,1,0,1,0,1,0,0,0,0,0,0,0,1,0,0,0,2,0,0,0,0,0,0,0,0,0,1,0,0,0,0,1,0,1,0,0,0,0,0,0,0,0,0,0,0,0,0,0,0,0,0,1,0,0,0,0,0,1,0,0,0,0,0,0,0,0,0,0,0,0,0,0,0,0,1,0,0,0,0,1,0,0,0,0,0,0,0,0,0,0,0,0,0,0,0,0,0,0,0,0,0,0,2,0,0,0,0,0,1,0,0,0,1,0,0,0,2,0,0,0,0,0,0,0,0,0,0,0,0,0,0,0,1,1,0,0,0,0,0,0,0,0,0,0,4,0,2,0,0,0,0,0,2,0,0,0,0,1,0,0,0,0,0,0,0,3,0,0,0,0,0,0,0,1,0,0,0,1,0,0,0,0,0,0,0,0,0,2,0,0,0,0,0,0,0,0,0,0,2,0,0,0,0,0,0,2,0,1,0,0,0,4,0,0,0,0,0,2,0,0,1,0,0,1,1,0,0,0,1,1,0,0,0,1,0,0,0,0,0,0,0,0,0,0,0,0,0,0,1,0,0,0,0,3,1,0,0,0,0,0,0,0,0,0,0,0,0,0,0,0,0,0,0,0,0,0,0,0,1,0,0,2,0,0,0,0,0,0,2,0,0,0,0,0,0,0,0,0,0,2,0,0,0,0,0,0,0,0,0,0,1,0,0,0,0,0,0,0,0,0,0,0,0,0,0,0,0,0,2,0,0,1,0,1,0,0,0,0,0,0,0,0,0,0,0,0,1,0,0,0,0,0,0,0,0,2,0,0,0,1,0,0,0,0,0,0,0,0,0,0,0,2,2,0,0,0,0,0,0,0,2,0,0,0,0,0,0,0,0,0,0,0,0,0,0,0,0,0,0,0,0,0,0,0,0,0,0,0,2,0,0,0,0,0,0,0,0,0,0,0,0,0,0,0,0,2,0,0,0,0,1,0,0,0,0,0,0,0,1,0,0,3,0,0,0,0,0,0,0,0,0,0,1,0,0,0,0,0,0,0,0,0,0,0,0,0,0,0,0,0,0,0,0,0,0,0,0,0,0,0,0,0,0,0,0,0,0,0,0,1,0,0,0,0,0,0,0,0,0,0,0,0,0,0,0,0,0,0,0,0,0,0,0,0,1,0,0,1,0,0,0,0,0,0,0,0,0,0,0,1,0,0,0,2,0,0,0,1,0,0,0,0,0,0,0,0,2,2,0,0,0,0,0,0,0,0,0,0,0,0,0,0,0,0,0,0,1,0,0,0,0,0,0,0,0,0,0,0,0,0,0,0,2,0,0,0,1,0,0,0,0,0,0,0,2,0,0,0,0,0,0,0,0,0,1,0,0,0,0,1,3,0,0,0,0,0,0,0,0,0,1,0,0,0,0,0,0,0,0,0,0,0,0,0,0,1,0,1,0,0,0,0,0,0,0,0,1,0,0,0,0,0,0,0,0,0,0,0,0,0,0,0,1,1,0,0,0,1,0,0,1,0,0,0,0,1,0,0,0,0,0,0,1,0,0,0,0,0,0,0,2,0,0,0,0,0,0,0,0,0,0,0,0,0,0,1,0,0,0,0,0,0,1,0,0,0,0,1,2,0,0,0,2,0,0,1,0,0,0,0,0,1,0,0,0,0,0,0,0,0,0,0,0,0,0,0,0,0,0,0,0,0,0,0,0,0,0,0,0,0,0,0,0,0,0,0,0,0,0,0,0,0,0,0,0,0,0,0,0,0,2,0,0,0,0,0,0,0,0,0,0,0,0,0,0,0,0,0,0,0,0,0,0,0,0,0,0,0,0,1,0,0,0,0,0,1,3,0,0,1,1,0,0,3,0,1,0,0,0,0,0,0,5,0,0,0,0,0,0,0,0,0,0,0,0,0,0,0,0,0,0,0,0,0,0,4,2,0,0,0,0,0,1,0,0,0,0,0,0,0,0,0,0,0,0,3,0,0,0,0,0,0,0,0,0,0,0,0,0,0,0,0,0,0,0,1,0,1,0,0,0,0,0,0,0,0,0,0,0,0,0,0,0,0,0,0,0,0,0,0,0,0,0,1,0,0,0,0,0,0,0,0,0,0,0,1,0,0,0,0,0,2,3,0,0,0,0,0,0,0,0,0,0,0,0,0,0,0,0,0,0,0,3,0,0,1,2,0,0,1,0,0,0,0,1,0,0,0,1,0,1,0,0,0,0,0,0,0,0,1,0,0,0,0,0,0,0,0,0,0,0,0,0,1,0,0,2,0,0,0,0,0,0,0,0,0,1,0,0,0,0,0,0,0,0,0,0,0,0,1,0,1,2,0,0,0,0,0,3,0,0,0,0,0,0,0,0,0,0,0,0,0,0,1,0,0,1,0,0,0,1,0,0,0,0,0,0,0,0,0,0,0,0,0,2,0,0,0,0,0,0,0,2,0,0,0,0,0,0,0,0,0,0,1,0,0,0,0,0,0,0,0,0,0,0,0,0,1,0,0,0,1,0,0,0,0,0,0,1,0,0,0,0,0,4,0,0,0,0,0,0,0,0,0,0,0,0,0,0,0,0,0,0,4,0,0,0,0,0,0,2,0,0,0,0,0,0,0,1,0,0,0,0,0,0,0,0,0,0,0,0,0,0,2,1,2,0,0,0,0,0,0,0,0,0,0,0,0,0,0,0,0,1,0,0,0,0,0,0,0,0,0,0,0,0,0,0,0,0,0,0,0,0,0,0,2,0,0,0,1,0,0,0,1,0,0,0,0,0,0,0,0,1,0,0,0,0,1,1,0,2,0,0,0,0,0,1,0,0,0,0,2,0,0,1,0,0,0,0,0,0,0,2,0,0,0,0,0,0,0,0,1,0,0,2,3,0,2,0,1,0,0,0,0,0,0,0,0,0
TGFBI,0,0,0,0,0,0,1,0,0,0,0,0,0,0,0,0,0,1,0,0,0,0,2,2,0,0,0,0,0,0,0,0,0,2,0,0,0,0,0,0,0,0,2,0,0,0,0,1,0,0,0,1,0,0,0,2,0,0,0,0,0,0,0,0,0,0,0,0,0,0,0,0,0,1,1,0,0,0,0,1,0,0,0,1,0,0,0,0,0,0,2,0,0,0,0,1,0,0,0,0,0,0,0,0,0,1,0,0,1,0,0,0,1,2,0,0,0,0,0,0,0,0,0,0,0,0,0,0,1,0,0,0,0,0,0,0,0,0,2,0,0,0,0,0,3,0,0,0,0,0,0,0,0,0,0,0,0,0,0,1,0,0,3,1,0,0,1,0,1,2,0,0,0,0,2,0,0,0,0,0,0,0,0,0,0,0,0,0,0,3,0,2,0,0,0,0,0,0,0,0,0,0,2,0,0,0,0,0,0,0,0,0,0,0,0,0,0,0,1,1,0,0,1,0,0,0,0,0,0,0,0,0,0,0,2,0,0,0,0,1,0,0,0,0,0,0,0,0,2,0,0,0,0,0,0,0,0,0,0,1,0,0,0,0,0,0,0,0,1,0,0,2,3,0,0,0,0,1,0,0,0,0,0,0,1,0,0,0,0,0,0,0,0,0,0,0,0,0,1,0,0,0,0,0,0,0,0,0,0,0,0,0,0,0,0,0,0,1,0,0,0,0,2,0,0,0,0,0,0,0,0,1,0,0,0,0,0,0,0,0,3,0,0,0,0,0,0,0,0,3,2,0,1,0,0,1,0,0,1,0,0,0,0,0,0,0,4,0,0,0,0,0,0,0,0,2,0,0,0,4,3,0,2,0,0,1,0,0,0,0,0,3,0,0,0,1,0,0,0,2,0,0,0,0,1,1,0,0,0,0,0,0,1,0,1,2,0,0,0,0,2,1,0,0,0,0,0,0,0,0,0,0,0,0,2,0,0,0,0,1,0,0,3,0,0,4,0,0,0,0,0,1,0,0,4,0,0,0,0,0,2,0,0,0,0,0,0,0,1,0,0,1,0,0,0,0,0,0,0,0,2,0,0,0,1,0,0,0,0,1,0,0,0,0,0,2,0,0,0,1,1,0,0,0,0,0,0,4,0,0,0,0,0,0,0,0,0,0,0,0,0,0,0,0,0,1,0,0,3,0,2,0,0,0,0,3,0,6,0,0,0,0,0,0,0,0,1,0,6,0,0,2,0,0,0,2,0,1,0,0,0,0,0,0,0,1,0,0,0,0,0,0,0,0,0,2,0,0,0,0,0,0,0,1,0,0,0,0,0,0,0,0,0,0,0,0,0,0,0,1,0,1,2,0,0,4,2,0,0,0,1,0,0,0,1,0,0,0,0,3,0,0,0,0,0,0,0,0,0,0,0,0,0,0,1,0,0,0,0,0,0,0,0,0,0,0,4,0,0,0,0,0,0,1,0,2,0,0,0,1,4,0,0,0,0,0,0,0,0,1,0,0,1,0,0,0,1,2,0,0,0,4,0,0,0,0,0,0,1,0,0,0,1,0,0,0,0,0,0,0,1,0,3,0,0,2,0,0,0,7,0,0,0,0,1,0,0,0,0,0,0,1,0,0,0,1,0,0,0,0,0,0,0,0,2,0,1,0,1,0,0,0,0,2,0,0,0,0,0,0,0,0,0,0,0,0,0,0,0,0,0,0,0,0,2,0,0,0,0,0,0,0,0,0,0,1,2,1,0,0,1,0,0,1,0,1,0,0,0,0,0,0,0,0,1,0,0,0,1,0,0,0,0,0,0,0,0,0,0,0,0,1,0,0,0,0,0,0,0,0,0,0,3,0,0,0,0,0,0,2,0,0,0,1,0,0,0,0,0,0,0,1,0,0,0,0,0,0,0,0,0,0,0,0,0,0,0,0,0,0,0,0,0,0,0,0,0,0,0,0,0,0,0,0,0,0,0,0,0,0,0,0,2,2,1,0,0,0,0,0,0,0,0,1,0,1,0,0,0,0,0,0,0,0,0,0,0,0,3,1,0,0,0,0,2,0,0,0,0,0,0,3,1,0,3,0,0,0,0,0,0,0,0,0,0,0,0,6,0,0,0,0,0,0,0,0,0,0,0,0,0,0,2,0,0,0,0,0,0,1,0,0,0,0,0,1,0,1,0,1,0,1,2,0,0,0,0,0,2,1,0,0,0,4,0,0,0,0,0,0,0,0,0,0,0,0,0,0,0,0,1,0,0,0,0,0,0,0,0,0,0,0,0,0,0,0,0,0,0,0,0,0,0,0,0,0,0,0,0,0,8,6,0,0,0,3,0,2,1,0,0,0,0,0,0,0,0,0,0,0,0,1,0,0,0,0,1,0,0,0,0,0,0,0,0,0,2,1,0,0,4,0,0,1,0,4,0,1,0,2,3,0,0,0,0,0,1,0,0,0,0,0,0,4,0,0,0,0,0,0,0,0,0,0,0,0,0,0,0,0,0,0,0,0,0,0,0,0,0,0,0,0,3,0,0,0,1,0,2,0,0,0,0,0,0,0,0,0,0,0,0,0,2,0,0,0,0,0,2,0,0,0,2,4,0,0,0,0,0,0,0,0,0,0,0,0,0,0,0,0,0,0,0,0,1,0,0,0,0,0,0,0,2,0,0,0,0,0,0,1,0,0,0,0,0,0,2,0,0,0,0,0,0,0,0,0,0,2,0,1,0,0,0,0,0,0,2,0,0,0,0,1,0,0,0,0,0,1,0,0,0,2,0,0,0,1,3,0,0,0,0,0,0,0,0,0,0,0,0,0,1,0,0,1,0,0,1,0,0,0,1,0,1,2,0,0,0,0,0,0,0,2,0,0,0,0,3,0,0,1,2,0,2,0,0,1,0,0,0,1,0,0,0,0,0,0,0,0,0,0,1,0,0,2,0,0,0,0,0,0,0,0,0,0,0,0,0,0,0,0,0,1,0,0,0,0,0,0,0,1,0,0,0,0,0,0,0,0,0,0,1,0,0,0,0,0,0,0,1,0,0,0,0,0,0,0,0,0,3,0,0,0,0,2,0,0,0,0,0,0,0,0,0,0,2,0,0,0,0,1,0,0,0,0,0,0,0,0,0,2,3,0,0,0,0,1,0,0,0,3,0,0,0,0,0,0,0,0,0,2,0,0,0,0,1,0,0,6,0,0,0,0,1,0,0,0,0,0,0,0,0,0,0,0,0,0,0,0,0,2,1,0,0,0,0,0,0,0,0,0,0,0,0,0,0,0,0,0,0,0,0,0,0,0,0,0,0,0,0,0,2,0,0,1,2,0,0,0,1,1,0,0,0,0,0,0,1,0,1,0,0,0,0,0,0,0,0,0,2,0,0,1,0,0,0,0,1,0,0,3,0,0,0,0,0,0,0,0,0,0,0,0,0,0,1,0,0,1,0,1,0,0,0,0,0,0
IFI6,0,0,0,0,0,0,0,0,0,0,0,0,0,0,1,0,0,0,0,0,0,0,0,0,0,0,0,0,1,0,0,1,0,0,0,0,0,0,1,0,0,1,0,0,0,0,0,0,0,0,0,0,0,0,0,0,0,1,1,0,1,0,0,0,0,0,0,0,0,0,0,0,0,0,0,0,0,0,0,0,0,0,1,1,0,0,0,0,2,1,0,0,0,0,0,0,0,0,0,0,0,0,4,2,0,0,0,0,1,0,1,0,0,0,0,0,1,0,3,0,0,2,0,0,0,0,0,0,1,0,0,0,0,0,0,0,0,0,1,0,0,0,0,0,0,0,2,0,1,0,0,0,0,0,0,0,0,0,0,2,0,0,2,3,0,1,0,0,1,1,0,0,1,1,0,0,0,1,0,0,0,0,0,0,0,1,1,1,0,0,0,0,0,0,1,0,1,0,0,0,0,0,0,1,0,0,0,0,0,0,1,0,0,1,0,0,0,0,0,0,0,1,0,0,1,0,0,0,1,0,0,1,0,3,0,0,0,0,0,0,0,0,0,0,0,0,0,1,1,0,0,1,0,0,0,0,0,1,0,0,0,0,0,0,0,0,0,0,1,1,0,0,0,0,0,0,0,0,0,0,0,0,0,0,0,0,0,0,1,0,0,0,0,0,0,0,0,0,2,0,1,0,0,0,1,0,0,0,1,0,0,0,0,0,1,0,1,1,0,0,0,0,0,0,2,0,0,0,0,0,0,0,1,0,0,0,0,0,0,1,0,0,0,1,0,0,0,0,0,0,0,0,0,0,0,0,0,0,0,0,0,0,0,0,0,0,1,0,0,1,0,3,0,0,1,0,0,0,0,1,2,0,0,0,0,2,0,0,0,1,0,3,0,0,0,0,0,0,1,0,0,1,0,0,3,0,0,0,0,0,0,0,1,0,0,1,0,0,0,0,0,0,0,0,0,0,0,0,0,0,1,0,0,0,0,0,0,2,0,0,0,0,0,0,0,3,0,0,0,0,0,1,0,0,1,0,0,0,0,0,0,0,0,0,1,2,1,0,0,0,1,0,0,0,0,2,0,0,0,1,0,0,1,0,0,0,0,0,0,1,0,0,1,0,0,0,0,1,0,2,0,0,0,0,1,0,0,0,0,0,0,0,0,0,0,1,0,0,0,0,1,0,0,6,2,0,0,0,0,0,0,0,0,0,0,0,0,0,0,0,0,1,0,0,0,0,1,0,0,1,1,0,0,0,2,0,0,0,0,0,0,0,0,0,0,1,0,1,0,0,1,0,1,1,0,2,0,0,0,1,1,1,0,0,1,1,0,0,0,1,1,0,0,0,1,0,1,0,0,0,0,1,0,0,0,0,0,1,0,0,0,0,0,0,0,1,0,2,0,1,0,0,0,0,0,0,1,0,0,0,1,1,0,0,2,0,0,0,1,0,0,0,0,1,0,0,0,1,0,0,1,0,0,7,1,1,0,0,0,0,0,0,0,0,1,2,0,0,0,0,1,0,3,0,0,2,0,0,0,0,0,0,0,0,0,0,0,0,0,0,0,0,0,0,0,0,0,0,0,0,0,0,0,1,0,0,0,0,1,1,0,1,0,0,1,0,0,1,0,0,0,0,0,0,0,0,0,0,0,1,0,0,0,0,0,0,0,0,0,1,0,0,0,0,1,0,0,0,0,0,0,1,0,0,0,0,0,0,1,0,1,0,0,1,0,0,2,0,0,0,0,0,0,0,1,0,0,0,0,0,0,0,0,0,0,2,1,0,0,0,0,0,0,0,0,1,0,1,0,0,0,0,0,0,0,0,0,0,0,0,0,0,0,2,0,1,0,0,0,0,0,0,0,1,0,1,0,0,0,0,0,1,0,0,0,0,1,0,1,0,0,0,1,0,0,0,0,0,0,0,0,0,0,0,0,0,0,1,1,0,0,0,0,0,0,0,0,3,0,0,0,0,0,0,0,1,0,0,0,0,0,0,0,1,0,0,1,0,0,0,0,0,0,0,0,0,0,1,1,0,0,0,1,0,1,0,0,0,0,0,0,0,0,0,0,0,0,0,0,0,0,0,0,0,0,0,0,0,0,0,0,0,0,1,0,0,0,2,1,0,0,0,0,0,0,0,0,0,0,0,0,0,0,0,0,0,0,0,0,0,0,0,0,0,0,0,0,1,0,0,0,0,0,0,1,0,0,0,1,1,0,0,0,2,0,0,0,0,0,0,0,2,0,0,0,0,0,0,0,0,0,0,0,0,2,0,0,0,0,0,0,0,0,0,0,0,0,1,0,1,0,0,0,0,0,0,0,0,0,0,0,0,0,1,0,0,0,1,0,0,0,0,0,0,0,1,0,0,1,0,0,0,0,0,1,0,1,0,0,0,0,1,0,1,1,0,1,2,0,0,0,0,0,2,0,0,0,0,0,1,0,0,0,0,0,1,2,0,0,0,0,1,0,1,0,0,0,1,0,0,0,1,0,0,1,0,0,0,0,0,0,0,0,0,0,1,0,0,0,0,0,0,1,0,0,0,2,0,0,0,0,1,2,0,1,0,0,0,0,0,0,0,0,0,0,0,1,0,0,0,0,0,0,0,0,0,0,0,0,1,0,0,1,1,0,0,0,0,0,0,0,0,0,0,0,0,0,0,0,0,0,0,0,0,0,0,0,0,0,0,0,0,0,0,0,0,0,0,0,0,0,0,0,0,0,0,0,0,1,0,0,0,1,3,1,0,0,0,0,0,1,0,0,0,0,0,3,0,0,0,1,0,0,0,0,0,0,0,0,0,0,0,1,1,0,0,0,0,0,0,0,0,0,2,0,1,0,0,0,0,0,0,0,1,0,0,0,0,0,0,1,1,0,0,0,0,0,0,0,3,0,0,0,4,0,1,0,0,0,0,0,1,0,0,0,0,0,0,0,0,0,0,0,0,0,0,0,0,0,1,0,0,0,0,1,0,0,0,0,0,0,0,0,0,0,0,0,0,0,0,0,1,0,0,0,0,0,0,1,0,4,0,0,0,0,1,0,0,0,0,0,1,0,0,1,0,0,0,1,0,0,1,0,0,0,1,0,0,0,1,0,0,0,0,0,0,1,0,0,0,0,0,0,0,0,0,0,1,0,0,3,1,0,1,1,1,0,0,0,0,0,0,0,1,1,0,0,1,1,0,0,1,1,0,0,1,0,0,0,1,0,0,1,0,0,0,0,0,0,0,1,1,1,0,0,0,0,0,0,0,0,0,0,0,0,0,0,0,1,0,1,0,0,0,0,0,0,0,1,0,0,0,0,0,0,0,1,0,0,0,0,1,0,0,0,0,0,0,0,0,0,0,0,0,0,0,0,1,1,1,0,0,0,0,0,1,0,0,1,0,0,0,0,0,0,0,0,0,0,0,0,0,0,0,0,0,1,0,0,0,0,0,1,0,0,0,0,0,0,0,0,0,1,0,0,0
PTPRE,0,0,0,0,1,0,0,0,0,0,2,0,0,0,0,1,0,0,1,0,1,0,2,2,0,2,0,0,0,0,0,0,0,2,0,0,0,0,1,0,0,0,2,0,0,0,0,0,0,0,0,0,0,1,0,0,0,0,0,0,2,0,0,2,0,0,0,0,0,1,0,0,1,1,0,1,0,2,0,2,0,0,2,1,0,0,0,0,0,0,0,1,0,0,0,0,0,0,0,0,0,1,3,1,0,2,0,0,1,0,0,0,0,3,0,0,0,0,0,0,0,0,2,0,0,0,0,0,1,0,0,0,0,0,0,0,0,0,0,0,0,0,0,1,1,0,2,0,0,0,1,1,0,0,0,0,0,0,0,1,0,0,1,1,0,2,0,0,1,1,0,0,0,0,2,0,1,0,1,0,0,0,0,0,0,0,0,0,3,1,1,0,0,0,0,0,0,1,0,0,1,0,1,0,0,0,0,0,0,0,0,0,0,0,0,0,0,0,1,3,0,0,6,0,0,0,0,0,0,0,0,0,0,0,1,1,0,0,0,0,1,0,0,0,0,0,0,0,0,1,0,1,0,0,0,0,0,1,0,1,0,0,0,1,0,0,0,0,0,0,0,3,0,1,0,0,0,1,1,0,1,0,0,0,0,1,0,0,0,0,0,0,0,1,0,0,0,0,1,0,0,0,0,0,1,0,0,1,0,1,0,0,0,0,0,0,0,0,0,0,0,0,2,0,0,0,2,1,0,0,1,2,0,0,0,1,0,0,0,1,0,1,1,0,0,0,0,2,0,1,0,0,1,0,0,2,0,0,2,0,0,1,0,0,0,0,6,0,1,0,0,3,0,0,0,2,0,0,0,0,1,0,1,0,0,0,0,0,0,0,0,1,0,0,0,0,0,0,0,0,1,0,0,1,1,0,0,0,0,0,0,0,0,0,0,2,0,0,0,0,0,0,0,0,1,0,0,1,0,0,0,0,0,0,0,0,3,0,0,1,0,0,5,0,0,2,0,0,0,0,0,1,0,0,0,0,0,1,0,0,1,0,0,0,1,0,0,0,0,1,1,0,0,0,0,1,1,0,0,0,3,0,0,1,2,1,0,0,0,1,0,0,0,0,0,1,0,0,0,0,0,0,0,0,0,0,0,0,1,0,2,0,0,0,0,0,0,0,0,0,0,0,0,3,1,1,0,0,1,0,4,0,1,0,0,1,0,4,0,0,2,0,0,0,0,0,0,0,3,0,0,6,0,0,0,0,0,0,0,0,0,0,0,0,0,0,1,0,0,0,0,0,0,0,0,1,0,0,0,0,0,0,0,1,0,1,0,0,0,0,0,0,0,0,0,0,0,0,0,0,0,0,0,0,0,6,0,0,0,0,0,0,0,0,0,0,0,0,1,0,0,0,0,0,0,0,0,0,0,0,0,0,1,0,1,0,0,0,0,0,0,0,0,0,0,0,2,0,0,0,1,0,0,0,1,2,0,0,0,0,3,0,0,0,0,0,1,0,1,0,0,0,0,1,0,0,0,2,0,0,0,0,0,0,0,0,0,0,0,0,0,0,2,0,0,0,0,0,0,1,0,0,3,0,0,3,0,0,0,15,0,0,0,0,0,0,0,0,0,0,0,1,0,0,0,2,0,0,0,1,0,0,0,0,0,0,1,1,0,0,0,0,0,0,0,0,0,0,0,0,0,0,0,0,0,0,0,0,0,0,0,1,0,0,0,0,0,0,0,0,0,0,0,0,0,3,2,0,1,0,0,0,0,0,0,0,0,0,0,0,0,0,0,0,3,0,0,0,1,0,0,0,0,0,0,0,0,0,0,0,0,0,0,1,0,0,0,0,0,0,0,0,4,0,0,0,0,0,0,0,0,0,0,1,1,0,0,0,0,0,0,0,0,0,0,0,0,0,0,0,1,1,0,0,0,0,0,2,0,0,0,0,0,0,0,0,0,1,1,0,0,0,1,0,1,0,0,0,0,0,0,0,0,2,0,0,0,0,0,0,0,0,0,0,0,0,0,0,1,0,0,0,0,0,0,0,0,0,5,1,1,0,0,0,3,0,0,0,0,0,0,5,1,0,0,1,0,0,0,0,1,1,0,0,0,0,0,0,2,0,0,0,0,0,0,0,0,1,0,0,1,0,0,0,0,0,0,0,0,1,0,0,0,0,0,2,0,0,0,0,0,3,0,0,0,0,1,0,2,0,0,0,0,1,0,0,0,0,0,0,0,0,0,0,0,0,0,0,0,0,0,0,0,0,0,0,0,0,0,0,0,0,1,0,0,0,1,0,0,0,0,0,0,0,0,0,1,0,0,0,6,5,0,0,0,0,0,0,0,0,0,1,0,0,0,0,0,0,0,0,0,1,0,0,0,0,0,0,0,0,0,0,0,1,0,2,2,0,0,1,1,0,0,0,0,3,0,0,1,0,6,0,0,0,0,0,1,0,0,0,0,0,0,2,0,0,0,0,1,0,0,0,1,0,1,0,0,0,0,0,0,0,0,0,0,0,0,0,0,0,0,0,1,0,1,0,0,0,2,0,0,1,0,0,0,0,0,0,1,0,0,0,0,0,0,0,0,0,6,0,0,0,1,4,0,0,0,0,0,0,0,0,0,0,0,1,0,0,0,0,0,0,1,0,4,0,4,0,0,0,0,0,1,0,1,0,0,0,0,0,0,0,0,0,0,0,4,0,0,0,0,1,0,0,0,0,0,1,1,1,0,0,1,1,0,0,0,0,0,0,0,1,0,0,0,0,1,0,0,0,1,0,0,0,0,6,4,0,0,0,0,0,0,0,0,0,0,0,0,0,0,0,0,0,0,0,0,0,0,0,0,0,0,0,0,0,0,0,0,0,0,0,0,0,0,0,4,0,1,0,0,0,1,1,0,0,0,0,0,2,0,0,0,0,2,0,0,0,0,0,0,0,1,1,0,0,1,0,0,0,0,1,0,0,0,0,0,0,1,0,0,1,0,1,0,0,0,0,0,1,0,0,0,0,0,0,0,0,1,0,3,0,0,0,0,0,0,0,1,0,0,0,0,0,2,0,0,0,0,0,0,0,0,0,1,3,0,0,0,0,0,0,0,0,2,0,0,0,0,1,1,0,0,0,0,0,0,0,0,0,1,0,0,0,0,0,0,1,0,1,0,1,0,0,0,0,1,0,0,1,0,0,0,0,0,0,0,3,0,0,1,0,1,3,1,0,0,0,0,0,0,0,0,0,0,0,1,0,0,0,0,0,0,0,0,0,0,0,0,1,0,0,0,0,0,0,0,0,0,1,0,0,2,0,0,0,0,3,0,0,1,0,0,2,4,0,1,0,2,3,0,0,0,0,0,1,0,0,1,0,0,0,0,1,0,0,0,0,3,0,0,0,0,0,0,0,1,0,1,0,0,0,0,0,0,1,0,0,0,0,0,0,0,0,1,0,0,3,0,2,0,0,0,0,1,0
SRSF7,2,0,1,0,5,2,0,2,2,0,1,1,1,1,2,4,0,1,2,3,3,0,0,1,1,2,2,1,2,1,0,0,1,2,0,1,2,1,1,1,0,1,2,2,0,2,1,0,1,0,0,1,4,2,2,2,0,2,0,1,0,0,2,0,0,0,2,0,0,3,3,3,0,1,0,1,3,2,0,0,2,1,0,2,2,1,0,0,1,2,1,3,1,0,0,1,0,1,0,0,0,2,3,0,0,0,1,1,1,1,1,0,0,2,2,2,5,2,0,0,0,0,0,0,1,1,0,0,0,3,0,2,0,1,1,2,1,4,0,0,4,2,0,0,11,1,0,0,3,2,0,1,1,0,1,2,2,1,0,0,0,0,0,0,2,8,0,2,0,1,3,1,3,2,3,1,0,2,1,0,2,1,1,0,0,0,1,1,0,2,0,2,1,1,1,2,0,1,0,1,0,1,0,1,0,0,2,1,1,0,1,2,0,2,2,0,0,0,0,1,0,1,1,2,3,0,0,0,1,1,0,1,1,1,0,0,1,0,4,0,0,2,1,0,0,1,1,1,0,1,0,1,0,2,2,5,3,0,3,1,0,1,2,0,0,1,0,1,4,1,1,3,1,2,1,0,0,0,0,0,0,0,1,0,0,2,1,1,0,0,0,2,1,0,0,1,1,1,1,0,1,1,4,2,0,0,0,1,0,3,1,0,1,2,0,0,0,4,0,1,2,3,1,1,1,0,0,2,0,1,0,0,1,1,0,3,3,0,1,2,1,0,2,3,0,0,1,1,1,0,0,0,3,1,2,0,0,3,0,0,3,0,2,1,1,5,14,3,2,4,2,0,1,0,0,3,0,0,2,1,0,0,2,2,1,2,5,2,1,3,3,5,0,2,0,0,0,5,1,4,0,1,4,1,0,6,1,0,5,1,3,0,0,0,1,4,0,2,0,2,1,6,3,2,0,2,0,1,0,0,1,2,0,3,1,0,1,1,2,3,2,1,4,1,2,3,2,0,1,3,0,2,1,0,1,1,0,7,1,2,0,1,1,3,1,1,0,0,2,0,1,1,1,0,1,2,0,0,0,0,0,0,0,3,0,3,0,2,1,0,2,0,0,1,0,1,1,2,1,2,1,0,0,1,0,0,2,2,0,0,1,2,1,0,0,0,2,0,0,1,0,1,2,0,3,1,2,0,0,2,2,2,0,1,2,0,2,9,2,3,3,0,1,0,0,3,2,2,5,3,3,0,2,1,0,1,0,3,0,0,0,3,3,4,1,1,4,2,1,0,1,1,0,1,0,1,1,0,0,1,2,1,2,2,5,0,2,0,0,2,2,2,0,0,1,0,4,2,0,1,1,1,1,1,2,2,0,1,0,0,1,3,3,2,6,2,0,2,0,0,2,2,1,0,2,1,0,1,0,2,1,1,4,3,0,2,0,1,1,0,1,2,3,0,0,0,0,1,0,1,1,0,0,0,0,2,1,0,0,1,0,2,0,1,1,1,0,0,1,0,2,1,2,4,1,4,0,0,1,3,2,2,3,1,1,1,1,1,1,0,2,0,2,0,1,0,1,2,0,0,2,1,1,3,0,2,0,1,1,20,1,2,0,1,0,0,0,0,0,0,0,1,1,4,1,2,1,1,0,0,4,0,0,1,3,2,1,1,0,0,0,1,1,2,5,3,0,3,0,0,4,1,0,1,0,4,3,2,1,1,0,0,1,1,0,0,0,0,1,1,0,1,2,0,0,2,3,2,0,1,0,1,1,2,0,1,0,1,0,0,1,2,5,1,3,0,1,1,0,0,1,0,1,2,0,4,1,0,1,2,2,0,0,0,2,3,0,1,2,1,0,3,6,3,0,1,2,0,2,1,1,3,0,1,1,0,2,3,2,4,2,1,3,0,0,1,0,3,1,0,0,0,0,0,4,0,0,0,2,1,0,0,4,0,4,2,1,2,0,0,2,0,1,1,0,1,1,0,0,1,1,0,0,2,0,1,1,0,0,1,0,0,3,1,0,2,0,1,1,2,1,3,2,3,2,0,0,0,4,0,0,2,1,0,0,1,0,0,0,8,1,4,0,0,1,0,1,0,1,2,0,0,1,0,0,0,1,5,2,1,1,2,1,2,1,3,5,0,1,2,1,1,0,1,0,2,2,0,1,1,2,2,3,2,0,0,3,0,1,2,0,2,0,8,0,3,3,2,1,1,1,0,1,4,0,0,0,2,3,0,0,0,0,2,1,2,1,0,0,1,1,0,0,1,1,0,1,1,0,0,1,0,0,0,0,0,1,0,1,2,0,0,0,1,2,1,1,0,1,0,5,10,0,3,0,2,3,2,0,0,2,6,5,0,2,0,1,2,0,2,1,1,2,3,0,0,1,4,0,0,1,2,2,4,0,2,1,0,0,1,1,2,3,3,2,1,1,1,0,1,4,0,3,1,1,0,0,1,1,0,1,6,1,5,1,0,0,1,0,0,2,0,1,0,0,0,2,2,1,3,2,1,1,9,0,1,1,1,0,7,0,1,0,1,2,1,2,1,0,1,0,0,1,2,2,3,0,2,0,2,2,2,0,3,1,0,0,1,0,1,0,1,1,4,0,1,2,1,4,3,2,0,2,0,2,0,0,0,1,0,1,0,1,2,0,3,0,2,1,2,2,1,1,1,3,1,2,0,1,1,2,1,3,0,5,4,2,1,0,3,0,5,2,2,1,0,1,0,0,0,3,0,2,1,2,3,1,2,2,0,1,0,2,0,0,1,0,1,3,2,0,1,0,0,1,2,0,1,1,1,1,2,2,3,1,0,1,2,1,0,3,0,1,1,0,4,2,2,1,1,0,1,0,2,0,0,0,3,0,2,0,1,1,1,0,1,0,1,2,2,1,0,5,4,0,0,0,1,1,0,0,0,3,1,1,1,1,0,0,3,0,3,1,1,1,1,0,1,4,0,1,0,1,1,1,2,2,0,1,1,0,1,0,1,1,1,2,3,2,2,0,0,0,2,1,2,2,0,19,0,0,2,0,0,0,2,0,0,1,1,1,3,0,1,3,0,2,1,1,1,0,2,1,0,0,1,0,2,0,5,2,1,2,0,2,0,1,0,1,3,0,2,0,1,0,0,1,2,2,1,5,1,0,2,2,2,2,0,2,11,3,1,1,2,1,0,1,1,0,1,3,5,0,1,0,1,0,16,6,5,1,0,0,0,0,4,0,2,0,1,3,1,0,0,2,0,0,6,0,0,2,2,1,2,0,0,1,2,0,0,0,2,3,1,0,0,1,5,1,1,1,0,0,1,2,0,2,0,3,0,0,0,0,0,1,0,0,1,2,1,1,0,3,2,0,0,2,0,0,4,1,2,0,1,0,0,2,3,0,4,0,0,1,5,0,1,0,3,1,1,0,1,4,0,1,1,2,1,3,2,4,0,0,0,1,0,1,10,2,2,0,5,1,0,5,2
DOK2,0,0,1,0,1,0,1,1,0,0,1,0,0,0,1,3,0,1,0,0,0,0,0,0,0,0,0,0,0,0,0,0,0,1,0,1,0,0,2,0,0,0,0,1,0,0,0,1,0,0,0,1,1,1,2,0,1,1,1,1,2,0,0,0,0,0,2,1,1,0,0,0,0,0,0,2,1,2,1,1,0,2,0,0,1,0,1,0,1,0,0,0,1,0,1,1,0,0,0,0,1,0,2,0,0,0,0,2,4,0,2,0,0,1,0,0,0,3,2,0,0,0,1,0,0,1,0,0,1,0,0,0,0,1,0,0,0,0,3,0,0,1,0,0,0,2,0,1,1,1,0,0,0,0,0,1,0,0,0,0,0,0,5,0,1,2,1,0,1,6,0,3,2,0,2,0,0,1,1,0,0,0,0,0,1,0,0,0,0,0,0,0,2,0,0,0,1,1,1,0,0,2,0,0,1,1,0,0,0,0,0,0,1,2,2,1,1,1,0,0,0,0,0,0,1,0,0,0,0,0,1,0,1,2,0,1,1,0,1,0,0,0,0,0,0,0,0,1,2,0,0,0,0,1,0,1,0,2,0,0,2,0,0,0,1,1,0,0,0,4,2,1,0,0,1,0,0,2,0,0,1,1,0,1,0,0,0,0,0,0,1,0,0,1,0,0,1,0,0,0,0,0,0,0,0,0,0,3,3,0,0,0,0,2,0,0,0,0,0,1,0,0,4,0,0,1,1,0,0,0,1,1,0,0,0,0,1,0,1,1,0,0,0,0,0,2,0,1,0,1,2,1,2,1,3,1,0,0,0,0,1,0,0,0,0,0,0,3,0,1,0,0,2,0,0,5,1,0,2,1,0,0,1,0,0,1,1,0,1,3,0,0,0,2,0,1,0,1,1,1,0,0,2,0,0,0,0,0,0,0,1,1,0,0,1,4,0,0,0,0,1,0,0,1,2,0,0,0,0,1,0,0,0,0,1,0,1,0,0,0,1,0,3,0,0,7,2,0,0,0,1,2,0,0,1,2,0,1,0,0,0,0,0,0,1,1,0,0,0,0,0,0,0,1,0,3,1,1,0,0,2,0,0,0,1,0,0,1,0,0,0,0,0,0,0,0,1,0,0,0,0,0,0,1,0,0,0,3,2,1,0,3,0,0,0,0,2,0,0,2,0,0,3,1,1,0,0,0,1,0,0,0,0,0,1,1,0,0,1,0,0,0,1,0,0,0,1,0,0,1,2,4,0,2,0,0,0,2,0,0,0,0,0,2,1,1,0,0,0,0,0,2,0,0,0,0,0,0,0,1,1,1,1,0,0,1,0,0,0,0,0,0,1,1,0,0,0,0,0,0,0,0,1,0,0,1,1,1,1,0,0,0,1,0,1,0,0,3,0,0,0,0,1,1,1,1,1,2,0,0,0,1,1,1,0,1,0,0,0,0,0,1,2,0,0,0,0,1,1,0,1,1,0,1,0,0,0,0,0,2,0,0,0,0,1,0,0,0,0,0,0,0,0,1,1,0,0,0,0,0,1,3,0,1,0,0,0,0,0,0,0,1,0,0,0,0,0,0,0,0,0,1,0,1,0,5,0,0,0,0,1,0,0,0,1,0,0,0,0,0,0,0,0,1,0,0,0,0,0,3,1,0,0,0,0,0,0,0,0,0,0,0,2,2,0,2,0,1,0,0,0,0,0,0,0,1,0,0,1,0,0,0,0,3,0,0,1,0,0,0,0,0,0,0,0,1,2,1,1,2,0,0,0,1,0,1,3,0,0,0,1,0,0,0,1,0,0,0,1,0,0,0,0,0,0,0,1,0,0,0,0,0,0,0,0,0,0,0,1,2,0,0,2,0,0,1,0,0,0,1,0,2,0,2,1,0,0,0,0,0,0,0,2,0,0,0,1,0,1,0,0,0,1,0,0,0,0,0,0,0,1,1,0,0,1,0,0,1,3,0,0,0,1,1,0,0,2,0,0,0,0,0,0,1,1,0,0,0,0,0,1,0,1,2,1,0,0,0,2,0,0,0,0,0,3,0,0,0,3,0,1,3,0,0,2,0,0,0,1,0,0,3,1,0,0,0,0,1,1,1,0,0,0,0,1,1,0,1,0,3,0,0,0,0,0,0,1,0,0,1,0,0,0,0,0,0,0,0,0,0,1,1,0,0,0,1,0,0,0,0,0,4,1,0,0,0,0,2,0,1,1,0,0,2,1,0,0,0,0,0,0,0,0,0,1,3,0,0,0,0,1,0,1,0,1,1,0,0,0,0,2,1,0,0,0,0,0,0,0,0,0,0,0,1,2,0,2,0,0,0,0,0,0,0,0,0,0,1,0,0,0,0,1,1,0,0,0,0,0,0,1,0,0,1,0,0,1,0,0,1,0,1,7,2,0,1,0,1,0,0,4,0,0,1,0,0,0,0,0,0,0,0,0,0,1,4,0,0,0,0,1,0,0,4,0,0,0,0,0,1,0,1,4,0,1,0,0,0,1,0,2,0,0,0,0,0,0,0,0,0,0,0,0,0,0,1,0,1,0,0,0,0,1,1,3,0,0,0,0,0,0,0,0,3,1,0,0,0,0,1,0,0,0,1,0,1,0,0,2,0,0,0,0,0,0,0,0,0,0,0,0,1,1,0,0,3,0,0,0,1,1,2,0,0,0,0,0,0,0,0,0,0,0,0,0,0,0,2,0,0,1,0,0,0,0,1,0,3,1,0,0,0,0,2,1,0,2,0,0,0,0,0,0,0,0,0,0,0,0,0,1,0,0,0,0,0,1,0,0,1,1,0,0,0,0,0,0,1,0,1,2,1,0,0,0,0,1,1,0,0,0,0,1,0,1,0,1,1,0,0,0,0,1,0,0,0,1,2,0,0,0,2,0,5,0,0,4,0,0,1,0,0,0,0,0,0,0,0,0,0,0,0,0,0,0,0,0,0,0,0,0,0,0,0,1,2,0,0,3,0,0,0,0,0,0,0,2,0,0,0,0,0,0,0,0,0,1,3,3,0,2,0,0,0,0,0,0,0,4,0,0,1,2,1,2,0,0,0,1,0,1,6,0,1,0,0,0,1,0,0,1,0,1,0,1,1,0,0,0,1,1,3,0,0,0,0,0,0,0,0,0,2,0,0,0,1,0,1,0,0,1,1,1,0,0,0,0,0,0,0,0,1,0,0,0,1,0,1,0,0,0,2,1,0,0,0,0,1,0,1,0,0,1,0,0,1,0,3,0,0,1,0,0,0,0,1,1,0,3,0,0,0,0,0,0,0,0,0,0,1,1,0,1,0,0,0,1,0,0,1,0,0,0,1,1,0,0,0,0,3,0,0,1,0,0,0,0,0,0,0,2,0,0,0,0,1,0,0,3,0,0,0,0,1,1,0,0,0,0,0,0,0,1,0,0,1,0,0,0,0,1,0,0,1,0,0,0,3,1,0,0,0,0,0,0,2
APMAP,0,2,1,0,2,0,0,0,0,0,0,0,0,0,0,1,0,1,1,0,0,1,0,0,0,0,0,0,1,2,0,0,2,0,0,2,0,0,1,0,0,0,1,0,3,0,0,0,0,0,0,0,0,1,3,0,1,0,0,1,0,0,0,0,0,0,0,0,0,0,0,1,0,0,0,2,2,0,0,0,0,0,0,0,0,0,0,0,0,0,0,0,0,0,0,1,0,0,0,0,1,1,0,0,1,0,0,2,0,0,0,1,0,0,0,0,1,0,0,0,0,0,0,0,0,0,0,0,0,0,0,0,0,0,0,1,0,0,0,0,0,0,0,0,0,1,0,0,0,2,0,0,2,0,0,0,2,0,0,0,0,0,0,0,3,1,0,0,0,1,0,0,0,0,1,0,0,0,0,0,0,0,0,0,1,0,0,0,0,1,0,0,0,0,0,0,1,1,0,2,0,0,0,0,0,1,0,0,0,0,0,0,2,2,1,1,0,1,0,0,0,0,0,0,0,1,0,0,0,0,0,0,0,1,0,0,0,0,0,0,0,0,0,0,0,0,0,0,1,1,0,0,0,0,0,0,0,0,0,0,0,0,0,0,0,0,0,0,0,2,2,0,0,0,0,1,0,1,0,0,0,0,0,0,0,0,1,0,0,0,0,0,0,0,0,0,0,0,1,0,0,0,0,0,0,0,0,0,0,0,0,0,0,0,0,0,0,1,0,0,2,2,0,0,1,0,0,0,0,0,1,0,1,0,0,0,0,0,0,1,0,0,0,0,0,0,0,0,1,0,0,0,0,0,0,0,0,0,0,0,1,0,0,0,1,0,0,0,1,0,0,0,2,0,0,0,0,1,0,0,0,0,0,0,0,0,0,0,0,1,0,1,1,0,0,0,0,1,3,0,0,0,1,0,0,0,0,0,0,0,0,0,0,0,0,0,0,0,0,0,0,0,0,3,0,0,1,0,0,0,0,0,0,0,0,0,0,0,0,1,0,0,0,0,1,1,2,0,0,0,2,0,0,0,0,0,0,0,0,0,0,0,0,0,0,0,0,0,0,0,0,0,0,0,0,1,0,0,0,0,0,0,1,0,0,1,0,0,0,0,0,0,0,0,0,0,0,0,0,3,0,0,0,0,0,0,0,1,1,0,0,0,0,0,0,0,1,0,0,0,0,0,0,0,0,0,0,0,0,0,0,1,1,0,0,0,2,1,0,1,0,0,1,0,1,0,0,0,0,0,0,0,0,0,0,1,0,1,0,1,0,0,0,1,0,0,0,0,0,0,0,3,0,0,0,0,0,0,0,0,0,1,0,0,0,1,0,0,0,0,0,0,1,0,0,0,0,0,0,0,0,0,0,0,1,0,0,1,0,0,0,0,1,0,2,0,0,3,0,0,0,1,0,0,2,2,0,0,0,1,0,0,0,3,0,0,0,0,1,0,0,0,0,0,1,0,0,0,0,0,0,0,1,0,1,0,0,0,0,0,0,0,0,0,0,0,0,0,0,0,0,0,0,0,1,1,0,0,0,0,0,1,0,0,0,0,0,0,0,0,0,0,0,0,0,0,0,0,0,0,0,0,1,0,0,0,0,0,0,0,0,1,0,0,0,0,1,0,0,0,0,0,0,0,0,0,0,0,0,0,3,0,0,0,0,0,0,0,1,0,0,0,0,0,0,1,0,0,0,0,0,0,0,0,0,1,0,0,1,0,0,0,0,0,0,0,2,0,0,0,0,0,0,0,0,0,1,0,0,0,0,0,0,1,0,0,1,0,0,0,1,0,1,0,0,0,0,0,0,0,0,0,0,0,0,1,0,0,0,0,0,0,0,0,1,1,0,0,0,1,0,0,0,0,0,0,0,0,0,0,1,1,0,0,0,0,0,0,0,0,0,0,0,0,0,0,1,0,1,0,0,0,0,0,0,0,0,0,0,0,0,0,0,0,1,1,1,0,1,0,0,0,0,0,1,0,4,0,0,0,0,0,0,0,0,1,1,0,0,0,0,0,3,0,0,1,0,0,1,0,0,0,0,0,0,0,0,0,0,0,0,0,0,0,0,0,0,0,0,0,0,0,0,1,0,0,0,0,0,0,0,0,1,0,0,1,0,0,0,1,0,0,0,0,0,0,2,0,0,0,0,0,0,0,0,0,0,0,0,0,1,0,0,1,0,0,0,0,0,1,0,1,0,1,0,0,0,0,0,0,0,1,0,1,1,0,0,0,0,0,0,0,0,1,0,0,0,2,0,0,0,0,0,0,0,0,1,0,0,0,0,1,0,0,0,0,0,0,0,0,0,0,0,0,1,0,0,0,0,0,0,0,0,0,0,0,0,0,0,0,0,0,2,2,0,0,0,0,0,0,0,0,1,1,0,0,0,0,0,0,0,0,0,1,0,1,0,0,2,0,0,1,2,0,0,0,0,0,0,0,0,0,0,0,2,2,0,1,0,0,0,1,0,0,0,0,0,0,0,0,0,1,1,0,0,0,1,0,0,1,1,0,0,1,0,0,0,0,0,0,0,0,0,0,0,0,3,0,0,0,0,0,0,2,0,0,0,0,0,0,0,0,0,3,0,0,0,0,0,0,0,0,0,0,0,0,0,0,1,0,1,0,1,0,1,0,0,0,0,0,0,0,0,0,0,3,0,0,0,0,0,0,1,0,0,0,0,0,0,0,0,0,0,0,0,1,0,4,0,0,0,0,0,0,0,0,0,0,1,0,0,0,1,0,0,0,0,0,0,1,0,0,0,0,0,0,0,0,0,0,0,1,0,0,0,1,0,1,0,1,0,0,0,0,0,0,0,0,0,0,1,0,0,0,0,0,0,0,0,0,0,0,0,0,0,0,0,3,0,0,0,0,1,0,0,0,0,0,0,0,1,0,0,0,0,0,1,0,0,0,1,0,0,0,0,0,5,0,0,0,0,0,0,0,0,0,0,0,0,0,0,0,0,3,0,0,1,0,1,1,1,0,0,0,0,0,1,0,0,1,0,1,0,0,0,0,0,1,1,0,0,0,0,1,0,0,1,0,0,0,0,0,0,0,0,0,0,1,0,0,0,0,1,0,0,0,0,1,0,0,0,0,0,0,1,0,0,0,0,0,2,0,0,0,0,0,0,0,0,0,1,0,0,1,1,1,0,0,0,0,0,1,2,0,1,1,0,0,0,0,0,0,0,0,0,0,0,1,0,1,0,2,0,0,0,0,0,0,0,0,0,1,0,0,0,0,0,2,0,0,1,0,0,0,0,2,2,0,1,0,0,0,0,0,0,0,0,0,0,0,0,0,0,0,0,1,0,0,0,1,0,0,0,0,1,0,1,1,0,1,0,0,0,2,0,0,0,0,0,2,0,0,0,0,0,0,0,0,0,0,0,0,0,0,0,0,0,0,0,1,0,0,0,1,0,0,0,0,1,0,0,0,0,0,0,0,0,2,0,0,0,0,1,0,0,0
TALDO1,0,0,0,0,2,0,1,1,0,1,0,0,1,0,0,5,0,0,2,1,0,0,4,1,0,1,0,0,0,0,1,0,0,5,0,0,0,1,2,0,0,1,1,2,0,1,0,3,0,1,0,2,1,0,2,1,0,0,1,0,3,0,0,1,0,1,1,2,1,0,0,4,0,1,1,1,0,7,0,1,1,0,1,2,0,1,1,1,0,0,0,0,1,2,1,9,0,0,0,1,1,0,2,0,0,0,0,1,1,0,0,0,1,0,0,0,0,0,1,1,0,2,7,0,1,0,0,0,2,0,0,0,1,0,1,0,1,0,1,0,1,0,0,1,3,0,2,1,2,0,1,0,0,0,0,0,0,0,0,2,0,1,2,1,1,1,0,0,2,5,0,0,1,0,4,0,0,0,2,0,1,0,1,0,1,0,0,1,3,1,1,2,1,0,0,1,0,0,2,0,1,0,2,0,0,1,0,2,0,0,0,0,0,0,0,0,0,1,1,3,0,0,1,0,2,0,0,3,0,0,0,1,0,1,1,0,0,1,0,0,0,0,0,0,1,1,0,1,1,0,0,1,0,1,1,0,0,1,0,2,0,2,0,3,1,0,0,0,0,0,1,6,1,0,0,0,0,4,1,0,0,0,1,2,0,0,0,0,0,0,0,1,1,0,1,0,0,0,3,1,1,0,1,0,1,1,0,1,3,0,0,0,0,1,0,0,0,0,0,1,0,0,3,0,0,0,0,1,1,1,0,1,0,0,1,0,0,4,0,3,3,0,0,0,0,0,0,0,0,3,1,1,3,0,0,0,1,0,1,0,0,0,1,2,2,0,3,1,0,0,0,0,1,0,0,9,0,0,1,1,2,0,2,0,0,0,0,1,0,0,0,3,0,3,0,1,1,0,0,2,1,0,0,1,2,0,0,1,0,0,0,2,2,1,2,1,0,1,0,0,0,0,3,1,1,0,0,0,0,1,0,0,1,1,1,1,1,0,0,4,0,1,4,0,1,6,0,0,0,0,0,0,1,1,1,0,0,2,2,0,0,0,0,1,4,2,0,0,2,0,1,3,0,0,0,1,2,0,0,0,1,0,0,0,1,0,0,1,0,0,0,0,0,0,0,0,0,0,0,0,2,5,0,0,0,0,0,4,2,0,1,0,1,0,1,1,0,0,1,1,0,0,0,1,1,2,1,1,3,3,4,1,0,0,0,3,1,1,0,0,9,0,1,0,0,1,6,1,3,0,1,2,0,0,0,3,0,0,1,0,0,0,0,0,0,1,1,0,0,0,0,1,0,0,1,4,0,0,0,0,0,0,0,2,0,1,0,0,1,1,0,0,0,2,0,3,0,2,1,0,0,1,0,1,0,5,2,0,1,0,0,0,0,0,0,0,1,2,0,2,1,0,0,0,1,0,0,1,1,0,0,0,0,0,0,0,1,0,0,1,1,1,0,0,0,0,2,0,1,0,1,1,0,1,1,0,0,0,0,3,2,1,0,1,1,0,0,0,1,1,0,1,0,0,2,0,0,4,0,1,0,4,0,0,0,0,0,0,2,0,0,0,0,1,1,0,0,1,0,0,0,1,1,0,0,0,0,1,0,3,0,0,0,0,1,1,0,0,0,0,0,1,0,0,0,0,0,1,0,0,0,0,0,0,3,1,0,0,1,0,0,0,1,2,0,1,0,0,1,1,0,1,1,1,0,0,0,0,0,0,1,0,0,0,1,1,2,0,1,0,0,0,0,1,0,0,4,1,3,0,3,0,0,0,1,0,1,0,0,0,0,0,0,1,3,1,1,0,0,0,0,1,0,0,0,0,0,0,1,0,0,2,0,0,0,0,0,0,1,0,3,0,4,0,0,1,0,0,0,0,0,0,0,1,1,1,0,0,2,1,2,1,1,0,0,0,0,0,0,0,0,0,0,0,0,1,2,2,1,0,1,0,0,0,1,1,0,0,0,0,1,0,1,3,0,0,0,1,0,1,0,0,1,3,5,0,0,0,0,0,0,0,0,0,0,1,1,0,2,1,1,0,0,0,0,0,0,0,4,4,5,2,0,0,2,0,0,0,0,0,0,4,1,1,0,3,0,1,0,0,0,1,0,0,0,0,0,5,0,0,1,0,1,1,0,0,0,0,0,0,0,1,1,0,0,0,1,0,0,0,1,0,0,0,2,5,0,0,0,1,0,6,1,1,0,0,1,0,1,1,0,1,0,4,1,0,0,0,0,0,0,0,1,0,0,0,0,0,1,0,0,3,0,0,0,0,0,0,1,1,0,1,1,0,0,0,0,0,1,1,0,0,0,0,0,1,0,2,1,0,3,4,0,1,0,3,0,6,2,1,1,0,0,0,1,0,0,0,0,1,0,1,0,0,1,0,1,0,0,1,1,2,4,3,0,0,1,0,0,3,3,0,0,1,0,1,0,0,1,1,3,0,0,0,0,0,2,1,0,0,0,1,0,2,0,0,0,0,0,0,1,0,5,2,1,0,0,0,0,0,0,0,1,1,0,0,0,1,0,0,0,0,2,0,0,1,0,0,1,0,0,2,1,0,1,1,0,1,0,0,1,0,3,0,0,0,1,0,4,0,3,0,1,1,1,0,1,0,0,0,0,1,1,0,0,1,2,0,0,0,1,0,1,1,3,0,4,1,1,4,1,1,0,0,0,0,0,0,1,4,0,0,0,1,0,1,4,0,0,0,0,1,1,1,0,1,2,0,1,2,0,2,0,3,0,1,2,0,0,0,1,0,0,0,0,1,1,2,0,0,1,3,1,1,0,3,4,0,0,0,0,0,0,0,0,0,1,5,0,2,0,1,0,0,1,1,3,0,1,0,0,1,4,5,0,1,0,0,0,0,0,0,0,0,0,0,4,0,1,0,3,0,2,1,0,2,1,1,0,1,0,0,1,0,1,0,0,0,2,1,2,0,0,2,1,0,0,0,1,0,1,0,0,0,1,0,0,0,0,0,0,7,0,0,0,1,0,0,0,0,1,0,1,0,0,0,0,0,7,1,1,0,0,0,1,0,0,1,3,1,0,2,1,0,1,0,2,2,1,1,1,1,0,3,0,4,1,0,0,1,0,1,0,1,4,0,1,0,0,0,0,0,0,0,0,0,0,0,0,0,3,0,0,0,0,1,1,1,0,3,0,0,0,0,0,1,0,0,0,1,0,0,0,0,3,1,0,6,0,0,0,0,3,3,0,0,0,1,1,0,1,0,0,2,0,0,0,1,0,3,0,0,0,0,0,1,0,0,1,0,0,1,1,0,0,1,0,0,1,1,1,0,2,0,0,0,0,0,1,1,3,0,1,1,4,0,1,1,0,2,0,1,0,0,0,0,1,1,1,0,0,0,0,2,1,0,1,0,0,0,0,2,0,0,0,0,0,0,0,4,0,1,0,0,1,0,0,0,0,0,0,3,0,0,7,1,0,3,2,0,0,0,0,0,1,0
ATP6V0B,1,0,0,1,0,2,2,0,0,0,1,1,1,0,0,3,0,1,0,0,0,0,0,2,0,0,0,0,1,0,0,0,0,0,1,0,0,0,2,0,0,0,3,1,0,0,0,1,1,1,0,0,3,0,0,2,0,1,0,0,2,0,0,0,0,1,0,0,1,0,0,0,0,2,2,0,1,3,2,1,0,2,1,0,0,1,0,1,0,0,3,0,0,1,0,2,0,0,1,1,0,0,3,0,0,0,0,0,2,0,0,0,0,1,0,0,0,0,1,0,0,0,5,0,0,0,1,0,2,0,1,0,0,0,0,0,0,0,2,1,1,0,1,0,1,0,0,2,0,0,3,1,0,0,1,0,3,0,0,4,0,1,5,0,1,0,2,0,7,3,1,1,0,0,0,0,0,0,1,0,0,1,1,0,0,0,0,0,1,2,3,1,1,0,0,3,1,0,0,0,1,1,4,0,0,0,0,1,0,0,0,0,0,0,0,1,0,1,3,1,0,1,1,0,0,0,0,0,1,0,0,0,2,1,0,0,0,1,0,0,4,0,1,0,1,0,0,3,3,2,1,1,0,0,0,0,0,0,0,0,0,0,2,3,0,0,0,1,0,2,0,2,3,1,0,2,0,0,3,1,0,0,0,0,0,0,0,0,0,0,0,0,1,1,1,0,0,0,4,1,0,0,0,1,1,1,1,1,2,0,0,0,0,1,2,0,0,1,0,0,3,2,3,0,0,0,2,1,0,0,1,1,1,0,2,0,0,3,0,1,3,0,3,0,2,0,0,2,1,4,2,0,2,0,0,0,3,1,0,1,1,0,1,0,0,1,2,1,0,1,0,0,0,0,0,2,1,0,0,0,2,1,2,1,0,1,0,0,0,0,1,4,1,2,0,1,1,1,0,1,1,0,0,1,2,0,1,0,1,1,0,0,4,0,0,2,0,0,1,0,1,0,4,1,2,0,0,1,0,1,0,0,2,0,1,0,0,0,0,3,0,0,4,0,0,8,0,0,0,0,0,0,2,0,0,1,1,2,1,0,2,0,0,0,1,5,0,1,1,0,1,0,0,0,0,3,0,0,0,0,0,0,0,0,1,1,0,0,0,1,0,0,0,0,0,0,0,0,0,0,1,1,0,1,0,0,1,0,0,0,1,0,0,0,0,0,2,0,0,1,0,0,0,0,2,0,0,2,4,0,1,0,0,0,1,4,1,0,0,1,2,0,0,0,0,0,0,0,2,0,0,3,2,0,1,0,1,2,0,1,0,0,0,0,1,0,1,1,0,1,0,0,0,1,1,3,0,1,2,0,0,0,0,0,0,0,0,0,1,1,0,0,1,4,0,1,1,3,3,0,0,0,3,1,0,5,0,0,0,0,0,0,0,0,0,0,0,1,0,0,0,0,0,0,0,0,0,2,1,0,0,0,0,0,0,0,0,0,0,0,0,1,0,0,0,0,3,0,0,2,0,0,0,0,0,2,0,0,1,4,0,1,1,0,0,0,1,0,0,0,0,0,2,0,1,0,1,0,0,1,1,0,0,0,0,2,0,0,1,0,0,0,0,0,0,0,0,0,0,0,0,0,2,1,0,2,0,0,0,5,0,1,0,0,3,2,0,1,1,0,0,0,0,1,0,0,0,0,0,0,2,0,0,0,2,0,3,2,1,1,0,0,0,1,0,0,1,0,0,0,0,0,0,0,0,0,0,0,0,0,0,0,0,2,1,0,0,0,0,0,1,0,0,0,0,1,0,0,1,1,1,0,0,0,1,0,0,1,0,1,0,0,0,1,2,0,0,0,3,0,0,0,1,0,1,0,0,0,0,1,0,0,0,1,0,0,0,0,0,0,2,0,0,0,0,0,0,0,0,3,0,2,0,0,0,0,0,1,1,0,0,1,0,0,1,1,0,1,0,0,0,0,2,0,0,0,1,5,1,0,1,0,0,0,0,0,0,1,0,0,0,1,0,0,0,0,0,1,1,2,0,0,1,1,1,0,0,0,0,0,0,0,0,0,2,0,2,0,2,0,1,0,0,0,0,0,1,0,4,1,1,0,0,0,0,1,0,0,1,1,0,4,3,0,1,3,0,0,2,2,1,0,0,1,1,0,0,5,0,0,0,0,0,0,1,1,0,0,1,0,1,0,1,0,0,0,0,0,0,2,1,0,0,0,2,1,0,0,1,0,0,5,3,0,1,1,0,1,4,0,1,0,0,2,0,0,2,0,0,0,0,0,0,0,0,0,0,0,0,1,0,0,0,0,0,0,0,1,1,0,1,0,1,0,1,0,0,1,1,1,0,0,0,0,1,0,0,1,0,0,3,0,1,0,0,2,0,0,2,0,0,0,0,0,0,0,0,1,0,0,0,2,0,0,0,0,0,1,1,0,0,0,2,4,0,1,4,0,0,3,0,0,2,0,0,1,0,0,1,3,4,1,0,0,0,0,4,0,0,0,3,0,1,2,0,0,0,0,0,0,0,0,5,1,2,0,0,0,1,2,0,0,2,1,0,0,1,0,0,2,0,1,3,0,0,1,0,0,1,0,0,0,1,2,1,0,0,1,0,0,0,0,1,0,0,0,0,1,5,0,0,1,1,1,0,0,0,0,0,0,0,1,0,0,0,0,1,1,0,0,0,0,0,1,1,0,2,0,0,3,0,0,2,0,0,2,0,0,1,3,0,0,0,0,0,0,1,1,0,0,0,0,0,1,0,0,2,0,0,3,2,0,0,1,0,0,5,0,0,0,0,2,0,0,0,0,2,1,0,0,2,0,0,0,0,6,4,0,0,0,0,0,0,0,0,0,0,2,0,0,2,0,1,1,0,0,4,0,1,0,0,0,2,2,0,1,1,0,0,1,1,1,0,0,0,1,4,1,0,2,0,1,4,4,1,4,2,1,0,1,1,0,0,0,1,1,0,1,1,0,3,0,0,1,0,0,1,0,1,0,0,0,1,1,0,1,0,0,0,1,0,4,1,3,0,0,1,0,0,3,0,0,0,0,0,0,0,0,6,0,1,0,0,0,0,1,2,0,4,0,0,0,0,0,0,0,1,0,1,1,0,0,1,4,0,1,0,3,0,1,0,0,1,2,4,0,0,0,0,2,0,1,0,1,0,0,0,0,0,3,4,0,0,0,0,1,0,4,0,1,0,1,0,0,0,2,1,0,0,1,1,0,0,0,1,1,0,2,1,0,0,1,2,1,1,0,0,0,0,0,0,1,0,0,0,0,0,1,0,0,0,0,0,0,1,0,0,0,0,0,0,2,0,0,0,0,0,1,0,1,0,0,3,0,0,0,5,1,0,0,1,0,0,1,1,0,1,1,0,3,0,0,1,3,0,4,0,0,1,1,0,0,0,4,0,0,0,1,1,0,0,3,0,1,2,0,0,0,0,1,0,0,0,0,1,1,0,0,2,0,0,1,3,0,4,0,0,1,2,0,0,0,1,0,0,1
SPIB,0,0,0,0,0,0,0,0,1,0,0,0,0,0,0,0,0,0,0,0,0,0,0,0,0,0,0,0,0,2,0,0,2,1,0,0,0,0,1,2,0,0,0,0,0,1,1,0,0,0,0,0,0,0,0,0,0,0,0,0,0,0,0,0,0,0,0,0,0,0,0,0,0,0,0,0,0,0,0,0,0,0,0,0,0,0,0,1,0,0,3,0,0,0,0,0,0,0,0,9,0,0,0,0,0,0,0,0,0,0,0,0,0,0,0,0,0,0,0,1,0,0,0,0,0,0,0,0,0,0,0,0,0,0,0,0,0,0,0,0,0,0,0,0,1,0,0,0,0,0,0,0,0,0,0,0,0,0,0,0,0,0,0,0,1,0,0,0,0,0,0,0,0,0,0,0,0,0,0,0,0,0,0,0,0,0,0,0,0,0,0,1,0,0,0,0,0,0,0,2,0,0,0,0,0,0,2,1,1,0,0,0,0,0,0,0,0,0,5,0,0,0,5,0,0,0,0,0,0,0,0,0,0,0,0,0,0,0,0,0,0,0,0,0,0,0,0,0,0,0,0,0,0,0,1,0,0,0,0,0,0,0,0,0,0,0,0,0,0,0,0,0,0,0,0,0,0,0,0,0,0,0,0,0,0,0,0,0,0,0,0,1,0,0,0,0,0,0,0,0,1,0,0,0,0,0,0,0,0,0,0,0,0,0,0,0,0,0,0,0,0,0,0,0,0,0,0,1,0,0,0,0,0,0,0,0,0,0,0,0,0,0,0,0,0,0,0,0,0,0,0,0,0,0,0,0,0,0,0,0,0,0,0,0,0,0,0,0,0,0,0,0,0,0,0,0,0,0,0,0,0,0,0,0,0,0,0,2,0,0,0,0,0,0,0,0,2,0,0,0,0,0,0,0,0,0,0,0,0,0,0,0,0,0,0,0,0,1,0,0,0,0,0,1,0,0,0,0,0,0,0,0,0,0,0,1,0,0,0,0,0,0,0,0,0,0,0,0,0,0,0,0,0,0,0,0,0,0,0,1,3,0,0,1,0,0,0,0,0,0,0,0,0,0,0,0,0,0,1,0,0,0,0,0,0,0,0,0,0,0,0,0,0,1,0,0,0,0,0,0,0,0,0,0,0,0,2,0,0,0,0,0,0,0,0,0,0,0,0,0,0,0,0,0,0,0,0,0,0,0,0,1,0,0,0,0,0,0,0,0,0,0,0,0,0,0,0,0,1,0,0,0,0,0,0,0,0,0,0,0,0,1,1,0,0,0,0,0,0,0,0,0,0,0,0,0,0,0,0,0,0,0,0,0,0,0,1,0,0,0,0,0,0,0,0,1,0,0,0,0,0,0,0,0,0,0,0,0,0,0,0,1,0,0,0,0,0,0,0,0,0,0,0,0,0,0,0,0,0,0,0,0,0,0,0,0,0,0,0,0,0,0,0,0,0,0,4,0,0,0,0,0,0,0,0,0,2,0,1,0,0,1,0,0,0,0,0,0,0,1,0,0,0,0,0,0,0,0,0,0,0,0,0,0,0,0,0,0,0,0,0,0,0,0,0,0,0,0,0,0,1,0,5,0,1,0,0,0,0,0,0,0,0,0,0,0,0,0,0,0,0,0,0,0,0,0,1,0,0,0,0,0,0,0,1,0,0,2,0,0,0,0,0,0,0,0,1,0,0,0,0,1,0,0,2,0,0,1,0,0,0,0,1,0,0,4,0,0,0,0,0,0,0,0,0,0,0,0,0,0,0,0,0,0,0,0,0,0,0,0,0,0,0,0,0,0,0,0,0,0,0,0,0,0,0,0,0,0,1,0,0,0,0,0,0,0,0,0,0,0,0,1,0,0,2,0,0,1,1,0,0,0,0,0,0,0,0,0,0,1,0,0,0,0,0,4,0,1,0,0,0,0,0,0,0,0,0,0,0,0,0,0,0,0,1,0,0,0,0,0,3,0,0,0,0,0,0,0,0,0,0,0,0,1,0,0,0,0,0,1,0,1,0,0,0,0,1,0,1,0,0,0,0,0,0,0,0,1,0,0,0,0,0,0,0,0,0,0,0,1,0,0,0,0,2,0,0,0,0,0,0,0,0,0,1,0,0,0,0,0,2,0,0,0,2,0,0,0,0,0,0,0,0,0,0,0,3,0,0,0,0,0,0,0,0,0,0,0,1,0,0,0,0,0,0,0,0,0,0,0,0,0,0,0,0,0,0,0,0,0,0,0,0,0,0,1,0,0,0,0,0,0,0,0,0,0,0,0,0,0,0,0,0,0,0,0,1,0,0,0,0,1,0,0,0,0,0,0,0,0,1,0,0,0,0,0,0,0,0,0,0,0,0,0,0,0,0,0,0,0,0,0,0,0,0,1,0,0,0,0,0,0,0,0,0,0,0,0,0,0,0,0,0,0,0,8,0,0,0,0,2,0,0,0,0,0,0,0,2,1,0,0,0,0,0,0,0,0,0,0,0,0,0,0,0,0,0,0,1,0,0,0,1,0,0,0,0,0,1,0,0,0,0,0,1,0,0,0,0,1,0,0,0,0,0,0,0,3,0,0,0,0,0,0,0,1,0,0,6,0,0,3,2,2,0,0,0,0,0,0,0,0,0,0,1,0,2,0,0,0,0,0,0,3,3,0,0,0,1,1,0,0,0,0,0,0,0,0,0,0,0,0,0,0,0,0,0,0,1,0,0,0,1,0,0,0,0,0,0,0,1,0,0,0,0,0,0,0,0,0,0,0,0,0,5,0,0,0,0,0,0,0,0,0,0,4,0,0,0,0,0,0,0,0,0,0,0,0,0,0,0,0,0,0,1,0,1,0,0,0,0,0,0,0,0,0,0,0,0,0,0,0,0,0,0,0,0,0,0,0,0,0,0,0,0,0,0,0,1,0,0,0,0,0,0,2,0,0,0,0,0,0,0,0,0,0,0,0,0,0,0,0,0,0,0,0,0,0,0,0,0,0,0,0,0,0,0,0,0,0,0,0,0,2,0,0,0,0,0,0,0,1,0,0,0,0,0,0,0,0,0,0,0,0,0,0,2,0,0,0,0,0,0,0,0,0,0,0,0,0,0,0,0,0,0,0,0,0,0,0,0,0,0,0,0,0,1,0,0,3,0,0,0,0,0,0,0,0,0,1,0,0,0,0,0,0,0,0,0,2,0,0,0,0,0,0,0,0,0,0,0,0,0,0,0,0,0,0,0,0,0,0,2,0,0,0,0,0,0,0,0,0,0,0,0,0,0,0,0,0,0,0,0,0,0,0,0,0,0,0,0,0,0,0,0,0,0,0,0,0,0,0,1,0,2,0,0,0,0,0,0,0,0,0,0,0,0,0,0,0,0,0,0,0,0,0,0,3,0,0,0,0,0,0,0,0,0,1,0,0,0,0,0,0,0,0,0,0,0,0,0,0,0,0,0,0,0,0,0,0,0,0,0,0,0,0
CLEC4A,0,0,0,0,0,2,1,0,0,0,0,0,0,0,0,2,0,0,0,0,0,0,0,1,0,1,0,0,0,0,0,0,0,0,0,0,0,0,1,0,0,0,1,0,0,0,0,7,0,0,0,0,0,0,0,0,0,0,0,0,1,0,0,0,0,0,0,0,1,0,0,0,0,0,1,0,0,0,0,2,0,0,1,0,0,0,0,0,0,0,0,0,0,1,0,1,0,0,1,0,0,0,1,0,0,0,0,0,2,0,0,0,1,0,0,0,0,0,1,0,0,0,1,0,0,0,0,0,2,0,0,0,0,0,0,0,0,1,1,0,0,0,0,0,2,0,2,0,0,0,3,0,0,0,0,0,0,0,0,0,0,0,5,0,0,0,0,0,3,9,0,0,0,0,0,0,0,0,3,0,0,0,0,0,1,0,0,1,0,1,1,1,0,0,0,0,0,0,0,0,0,0,1,0,0,0,0,0,0,0,0,0,0,0,0,0,0,0,0,1,0,0,0,0,0,0,0,0,0,0,0,0,0,1,2,0,0,0,0,0,0,0,0,1,0,0,0,0,0,2,0,3,0,0,0,0,0,0,0,0,0,0,0,1,0,0,0,0,0,0,0,1,0,0,0,0,0,2,3,0,0,1,0,0,0,0,0,0,0,0,0,0,1,0,0,0,0,0,1,0,0,0,0,0,0,0,0,0,0,0,0,0,0,0,0,0,0,0,0,0,0,0,0,0,0,0,1,0,0,0,0,2,0,0,2,0,0,1,0,1,0,0,1,0,0,0,0,0,0,1,0,0,0,0,0,2,1,0,0,0,0,0,0,0,0,0,1,0,0,0,0,0,0,0,0,3,0,0,0,0,1,0,0,0,0,1,0,0,0,0,0,2,0,2,0,1,0,0,0,0,1,0,0,0,0,0,0,0,0,0,0,0,2,0,0,0,0,0,0,0,1,0,0,0,0,0,0,0,0,0,0,0,0,0,3,0,0,0,0,1,0,0,1,0,0,0,0,0,0,0,0,0,2,0,0,0,0,0,1,0,0,0,0,0,0,0,0,0,2,0,3,2,0,0,0,0,2,0,0,0,1,0,0,0,2,0,0,0,0,0,0,0,0,0,0,1,0,0,0,0,0,1,0,0,0,1,0,1,0,0,0,0,0,0,0,0,0,0,0,1,0,0,0,2,2,0,0,0,1,0,0,0,0,0,0,1,0,0,0,0,0,0,0,0,0,0,0,0,3,0,0,0,0,0,3,0,0,1,0,0,0,0,0,0,0,0,0,0,0,0,0,0,0,0,0,0,0,0,0,0,0,0,0,0,0,0,0,0,0,0,0,0,0,0,0,0,0,0,1,0,0,4,0,0,0,2,0,0,0,0,1,0,0,0,0,0,0,0,0,1,0,0,0,0,0,0,0,0,0,0,0,0,0,0,0,0,0,0,0,0,0,0,0,0,0,0,1,0,0,1,0,0,0,0,0,1,0,0,0,1,1,0,0,0,0,0,1,0,0,0,0,0,1,0,0,0,1,0,0,0,0,1,0,0,0,0,0,0,0,0,0,0,0,0,0,0,0,0,0,2,0,0,0,0,0,0,0,0,0,0,0,0,0,0,0,0,0,0,0,0,0,0,0,0,0,0,0,0,0,0,0,0,0,0,1,0,1,0,0,0,0,0,0,1,0,0,0,0,0,1,0,0,0,0,0,0,0,0,0,0,0,1,0,0,1,0,0,0,0,0,0,0,0,0,0,1,0,0,0,0,0,0,0,0,3,0,0,0,0,0,0,0,0,0,1,0,0,0,0,0,0,0,0,0,0,0,0,0,0,0,0,1,0,1,0,0,0,0,0,0,0,0,2,0,0,0,0,0,0,0,0,0,0,2,0,0,0,0,0,1,1,2,0,0,0,0,0,0,0,0,0,0,0,0,0,0,1,3,0,0,0,0,0,0,0,0,0,0,0,0,0,3,0,0,0,0,0,0,0,1,0,0,0,0,3,0,0,0,0,0,0,0,0,0,0,1,0,0,1,0,0,0,0,0,0,0,0,0,1,0,0,0,0,0,0,0,0,0,0,0,0,1,4,0,0,0,0,0,0,0,0,0,0,0,0,0,0,0,0,0,1,0,0,0,0,0,0,1,0,0,0,0,0,0,0,0,0,0,0,0,0,0,0,0,1,1,0,0,0,0,0,0,2,0,0,0,0,0,0,0,0,0,1,1,0,0,0,0,0,0,0,0,0,0,0,0,0,0,0,0,0,1,0,0,0,0,0,0,1,0,0,0,1,0,0,0,0,0,0,0,0,0,0,0,0,0,0,2,0,0,3,1,0,0,0,2,0,3,0,0,0,0,0,0,0,0,0,0,0,0,0,0,0,0,0,0,1,0,0,0,0,0,0,0,0,0,0,1,0,1,2,0,0,1,0,0,0,1,1,8,0,0,0,0,0,0,0,0,0,0,0,0,0,1,0,0,0,0,0,0,0,0,4,2,1,0,0,0,0,0,0,0,0,0,2,0,1,0,0,0,0,0,0,0,0,0,0,0,1,1,0,0,0,0,0,0,0,0,0,0,0,0,1,0,0,0,0,0,0,0,1,0,0,2,0,0,0,0,0,0,0,0,0,0,0,0,0,0,0,0,0,1,0,0,1,0,1,0,0,5,0,0,0,0,0,0,0,0,0,0,0,0,0,0,0,0,0,1,0,0,0,0,0,0,0,0,0,1,0,0,0,0,0,1,0,0,0,0,0,0,0,0,0,0,0,0,3,1,0,0,1,0,0,0,0,0,0,0,0,0,0,0,0,0,0,0,0,0,0,0,1,0,1,2,0,0,0,0,0,0,0,0,2,2,0,0,2,0,0,0,0,0,0,0,0,0,0,0,2,1,0,0,0,0,0,2,0,0,0,2,0,0,0,0,0,0,0,0,1,0,2,0,0,2,0,0,0,0,0,0,0,0,0,0,0,0,0,0,0,0,0,0,0,1,0,0,0,0,0,1,0,0,0,0,0,0,0,0,0,0,0,0,0,0,0,0,0,0,0,0,0,0,0,0,0,0,0,0,0,0,0,0,0,2,1,3,0,0,0,0,0,0,0,0,4,0,0,0,0,1,0,0,0,0,0,0,0,0,0,0,2,0,0,0,0,0,0,1,0,2,0,1,0,0,0,1,0,0,0,0,0,0,0,0,2,0,0,5,0,0,0,0,3,0,0,0,0,0,0,0,0,0,0,0,0,0,0,0,0,0,0,0,0,0,0,0,0,0,0,1,0,0,0,0,0,1,0,0,0,0,0,0,0,0,0,0,2,0,0,0,3,0,0,2,6,0,0,0,0,0,1,0,0,0,0,0,0,2,1,0,0,0,0,0,0,0,0,0,0,1,0,2,0,0,0,0,0,0,0,5,0,0,0,0,0,0,0,0,0,0,0,0,0,0,0,0,0,2,0,0,0,0,0,0,0,0
CYTB,11,4,8,2,0,6,7,10,4,2,9,10,15,6,4,15,9,5,15,10,6,10,14,6,5,10,4,8,6,9,11,15,9,7,2,2,9,6,16,8,10,10,12,16,8,9,8,5,14,7,6,8,19,6,14,10,1,11,10,5,18,6,5,4,6,7,3,0,9,15,2,22,10,16,5,6,1,19,2,12,7,10,6,5,4,6,5,5,5,3,2,7,6,15,10,7,1,4,11,24,2,5,8,8,17,7,8,4,13,9,18,13,11,13,7,19,14,10,6,8,2,1,17,1,16,6,5,1,15,6,1,6,6,4,6,8,6,7,6,13,7,12,8,6,24,4,8,9,14,1,14,3,9,8,8,3,15,6,3,10,4,7,19,7,4,16,7,3,12,47,3,5,8,11,14,2,10,2,11,4,1,5,7,5,15,7,9,7,8,11,15,21,7,5,9,7,4,0,0,9,2,5,6,2,12,2,5,14,15,9,8,8,7,0,5,6,18,8,8,9,2,3,3,5,14,0,4,4,6,9,5,9,11,13,4,6,4,8,7,6,11,0,10,6,9,4,2,16,25,7,4,13,5,3,8,13,6,9,8,9,4,2,7,14,7,12,3,1,15,10,4,18,2,3,8,1,3,8,14,8,12,5,14,7,9,15,9,7,12,7,5,4,13,5,5,5,10,7,16,0,7,7,5,2,9,5,5,2,11,15,2,5,6,9,5,4,4,10,10,6,15,6,9,3,11,2,3,19,7,1,8,12,11,4,9,5,0,8,11,10,18,7,9,11,4,4,6,11,5,13,11,7,20,4,9,6,10,16,14,4,10,5,5,3,5,8,23,10,5,4,4,4,4,1,4,26,13,23,3,10,3,6,11,6,8,0,13,15,6,5,18,37,11,23,8,9,15,19,5,8,7,8,5,10,8,16,10,18,16,9,9,4,8,4,8,19,3,8,12,12,9,16,15,4,5,7,5,15,5,8,5,5,7,12,14,6,6,8,6,14,4,10,28,8,13,26,2,6,2,2,13,16,7,14,10,9,5,23,13,5,1,7,6,4,24,6,6,4,4,7,13,6,9,3,6,7,9,8,7,9,12,10,2,13,6,7,6,10,9,6,4,12,6,2,4,5,13,6,8,6,3,5,3,1,8,8,5,29,5,8,3,9,3,12,2,8,5,10,10,0,13,4,10,4,4,9,19,11,13,19,9,23,4,2,20,13,9,6,5,3,20,8,6,0,5,5,8,8,17,5,8,16,3,5,4,14,6,5,6,7,5,14,4,5,4,12,10,7,13,3,11,7,7,3,9,7,2,8,4,13,4,2,5,11,4,7,6,3,6,0,8,2,11,14,8,12,11,2,10,12,3,22,8,7,11,24,11,8,6,3,10,4,5,4,14,4,6,8,6,3,3,4,12,5,4,2,4,8,3,12,2,4,4,7,4,2,1,5,7,7,8,0,12,8,5,4,5,8,7,5,5,6,0,3,4,9,4,4,1,7,5,13,5,5,9,8,1,2,8,6,5,1,4,4,20,6,1,14,9,8,0,29,7,15,9,8,11,7,3,4,3,2,8,4,8,12,5,12,7,10,11,6,10,8,4,12,4,8,9,24,6,6,5,11,7,7,5,13,3,3,15,3,2,12,2,8,7,4,3,12,3,9,5,10,4,5,18,7,7,10,5,12,12,7,10,1,3,0,4,5,12,7,8,6,5,2,4,5,8,10,8,4,7,2,7,10,5,7,6,11,8,4,4,6,5,4,14,3,4,9,12,5,10,10,13,10,2,8,21,8,8,4,6,0,4,10,11,9,5,8,8,4,2,4,7,4,12,9,5,11,4,5,4,4,8,8,12,10,14,4,10,5,24,6,7,16,4,7,2,8,7,5,5,8,7,6,8,9,7,7,6,14,5,7,3,20,5,26,3,12,3,1,3,5,15,0,3,14,2,10,12,18,7,6,4,3,6,4,12,0,11,2,9,4,7,9,1,7,3,7,5,1,9,19,8,8,12,2,13,15,5,12,7,5,2,9,7,5,16,11,8,9,11,1,5,4,5,4,28,15,7,2,7,7,5,10,4,4,13,7,6,28,5,6,2,6,5,7,7,15,4,6,5,3,6,5,3,6,13,4,4,12,10,19,2,3,2,4,2,10,3,8,9,11,13,8,11,1,9,14,12,7,0,5,6,20,6,11,17,4,13,29,8,2,7,5,12,10,10,12,7,8,3,31,8,4,2,2,5,4,10,9,5,6,12,10,1,8,6,6,12,5,11,8,6,8,5,7,4,5,9,13,7,12,12,2,6,10,15,5,5,10,4,3,4,15,8,3,10,4,33,19,4,8,1,23,7,23,9,4,10,5,2,6,4,6,7,5,7,5,9,16,12,6,2,6,14,7,8,10,15,13,7,12,5,3,10,7,5,16,23,11,6,11,3,4,5,10,7,15,3,2,7,13,4,13,10,11,12,4,12,12,11,35,13,5,0,6,7,8,9,11,17,3,9,13,8,0,2,15,12,11,4,13,6,3,4,2,16,15,3,8,11,3,10,1,6,15,5,12,2,2,7,5,10,12,4,14,3,7,15,6,14,4,5,11,0,2,6,4,5,2,5,20,7,12,8,5,16,3,11,12,10,4,8,15,6,2,5,3,17,12,7,14,8,4,12,8,5,14,7,3,9,6,6,8,9,3,0,8,3,9,4,14,6,14,9,3,7,9,2,6,4,12,5,3,3,19,7,12,9,10,4,9,4,5,11,2,6,5,7,17,7,7,6,17,2,5,7,5,9,14,5,0,2,2,9,5,5,10,12,21,4,1,8,5,5,13,6,15,5,11,4,3,8,17,28,13,4,8,9,7,9,18,3,6,3,7,6,7,6,5,3,7,4,5,9,5,4,4,14,6,17,36,16,8,11,2,6,12,4,12,2,0,3,3,4,2,0,6,11,8,4,2,6,10,4,21,15,12,3,11,12,4,16,10,4,5,2,13,3,15,2,2,6,7,4,11,6,8,12,8,7,5,3,3,9,6,30,8,7,10,8,6,9,7,1,5,23,4,2,14,14,4,5,2,10,5,6,5,6,27,8,12,3,12,3,18,4,16,2,4,8,7,13,5,8,2,9,24,4,16,5,5,4,6,8,8,8,2,37,12,1,6,34,5,5,6,6,24,8,4,4,11,13,4,3,2,4,5,3,6,8,1,8,11,2,26,6,14,2,2,13,8,6,1,4,7,6,6,8,4,6,10,3,8,11,11,8,13,10,5,10,6,2,16,11,13,2,3,8,5,9,1,14,16,11,6,6,6,4,2,8,11,6,2,15,2,5,8,8,6,8,6,25,2,5,8,8,32,7,12,6,15,5,11,11,8,5,11,5,4,13,7,11,7,8,24,15,7,6,11,3,10,2,7,5,5,17,8,6,8,2,3,2,5,8,13,15,7,7,4,2,0,15,7,6,17,6,8,13,18,12,3,6,2
STAT1,2,1,0,0,0,0,2,0,0,0,0,1,0,0,0,1,0,0,0,0,0,0,0,0,0,0,0,0,0,0,1,0,0,0,0,0,0,0,0,0,0,5,0,0,0,0,0,1,0,1,0,0,0,0,0,0,0,0,0,0,0,1,0,0,0,0,2,0,0,1,0,0,0,0,0,0,0,0,1,1,1,1,0,1,0,0,0,0,0,0,1,0,0,1,0,0,0,0,0,0,0,0,3,2,0,0,0,0,0,0,0,1,0,1,0,0,2,0,2,0,0,0,0,0,0,2,0,0,0,1,0,1,0,0,0,0,0,1,0,1,0,0,0,0,2,1,1,0,0,1,0,0,0,0,0,1,1,0,0,0,0,1,2,0,0,0,0,0,0,0,0,1,1,0,1,0,0,0,0,0,0,0,0,0,0,0,1,0,0,0,1,1,0,0,5,0,0,1,0,0,0,1,2,0,0,0,0,0,0,0,0,0,0,0,1,0,0,1,0,0,0,0,0,0,0,0,0,0,0,1,0,0,0,0,0,0,0,0,0,0,0,0,0,0,0,0,0,1,0,0,0,0,0,0,0,1,1,0,1,2,0,0,0,0,0,0,0,0,1,0,0,0,0,0,0,0,0,0,0,0,0,2,1,0,0,0,0,0,4,1,0,0,0,0,0,0,0,0,0,0,1,1,0,1,0,0,1,1,5,1,0,0,0,0,1,0,0,0,0,0,1,0,2,0,0,0,0,0,1,0,0,1,0,0,0,0,0,1,0,0,0,1,0,0,0,0,0,1,0,0,0,0,0,0,0,0,0,0,0,0,0,1,0,0,0,0,0,0,0,0,0,0,0,0,0,1,1,0,0,0,0,0,1,0,0,1,1,0,0,0,0,1,0,2,0,0,0,1,0,0,1,0,0,1,2,0,2,1,0,1,0,0,1,1,0,0,0,0,0,0,0,0,1,0,0,0,1,0,1,1,0,0,0,0,1,0,0,0,0,0,0,0,0,0,0,1,0,0,0,0,1,1,0,1,0,0,0,0,0,1,3,0,1,1,0,0,0,0,0,0,0,0,0,0,0,0,0,1,0,0,2,0,0,0,0,0,0,0,0,0,0,0,3,0,0,0,0,1,0,0,1,0,0,0,0,0,0,0,0,0,0,0,0,0,0,0,0,0,0,1,0,1,0,0,0,2,0,0,0,0,0,2,0,0,2,0,0,1,0,0,0,5,0,0,1,0,0,0,0,0,1,2,0,0,2,0,0,1,0,1,0,1,0,0,0,0,0,0,0,0,0,0,0,0,1,1,0,0,1,0,0,0,0,0,0,0,0,0,0,0,0,0,0,0,0,0,0,0,0,0,0,0,0,0,0,0,1,0,0,0,0,0,0,0,0,0,0,0,0,1,0,0,0,0,0,0,0,0,0,0,0,1,0,0,0,0,0,0,1,0,0,0,0,0,0,0,0,0,0,0,0,0,0,1,0,0,0,2,0,2,0,0,0,0,0,0,0,0,2,0,0,0,0,0,0,0,1,0,0,0,0,0,1,0,0,0,0,1,1,0,1,0,0,0,0,3,0,2,0,0,0,0,0,0,0,1,0,0,0,2,0,0,0,2,0,0,1,0,0,0,0,0,0,0,0,0,0,0,0,0,0,0,0,0,0,0,0,0,0,1,0,0,0,0,0,0,0,0,0,0,2,1,0,0,0,0,0,0,0,2,0,0,0,0,0,0,0,0,0,0,0,0,0,0,0,0,1,0,3,0,0,0,0,0,1,0,0,0,0,0,0,0,0,0,0,3,0,5,0,0,0,0,0,1,0,1,2,0,0,0,0,0,0,0,0,0,0,0,0,1,0,0,2,0,0,0,0,0,1,0,0,0,0,1,0,0,0,0,0,0,0,0,0,0,0,0,0,6,0,0,0,0,0,0,0,0,0,1,1,0,0,0,0,0,0,1,0,1,0,1,0,0,2,0,0,0,2,0,0,2,0,1,0,1,0,2,0,0,0,0,0,0,0,1,1,1,1,1,0,0,0,1,0,0,0,0,0,0,0,0,0,0,0,0,0,1,0,0,1,0,0,0,0,0,1,0,0,5,1,0,0,0,0,0,1,0,2,0,0,0,0,0,2,0,0,0,2,0,0,0,1,0,0,1,0,0,0,0,0,1,1,0,0,0,0,0,1,0,0,0,0,1,1,1,0,0,1,1,0,0,0,0,0,1,0,0,1,0,0,0,0,0,0,0,0,0,0,0,0,0,0,0,0,0,2,0,0,1,1,0,0,0,1,0,0,0,0,1,0,0,0,0,0,1,0,0,0,0,0,0,0,0,0,0,0,0,0,0,0,0,0,1,2,0,1,3,0,0,0,0,0,0,0,0,3,0,1,0,0,0,4,0,0,0,0,0,0,2,0,0,0,0,0,0,1,0,0,0,1,0,0,0,0,0,1,0,0,0,0,0,2,0,1,0,0,2,0,0,0,1,0,0,0,0,1,0,0,0,0,0,2,0,0,1,0,0,0,1,1,0,0,0,0,0,0,0,0,0,1,0,1,1,1,0,0,0,0,0,0,0,0,1,2,0,1,0,0,0,0,0,0,0,0,1,1,0,0,0,0,0,0,0,0,0,0,0,1,0,0,0,0,2,0,0,0,0,0,0,0,0,0,0,0,1,0,0,0,0,0,0,0,0,0,1,4,0,0,1,0,1,0,0,0,0,0,0,0,0,0,1,0,0,0,0,0,0,0,0,0,0,0,0,0,0,0,0,0,1,0,0,1,0,0,0,0,2,0,2,0,1,2,1,0,0,0,0,1,0,0,0,1,0,0,0,0,0,0,0,0,0,0,2,1,0,1,0,0,0,0,1,0,1,0,1,0,0,0,1,0,0,0,0,0,0,0,1,0,0,0,1,0,0,0,0,0,0,0,0,0,0,1,1,0,0,0,0,0,0,1,4,0,0,0,0,0,1,0,0,0,1,0,1,0,0,0,0,0,1,1,0,0,1,1,0,0,0,0,0,1,0,1,0,0,0,0,0,0,0,0,1,0,0,0,1,0,0,0,0,0,0,0,0,0,0,0,0,0,0,0,0,1,0,0,0,0,0,0,0,0,0,0,0,0,0,0,0,0,0,0,1,1,0,0,0,1,0,0,0,2,2,0,0,1,0,0,1,0,0,0,0,0,0,0,0,1,0,0,0,1,2,0,0,1,0,0,0,0,0,0,2,0,0,0,0,0,0,0,0,0,0,0,0,0,0,0,0,0,4,0,0,0,0,0,0,0,0,0,0,0,1,1,0,0,0,0,0,0,0,0,0,0,0,0,0,0,0,0,0,0,0,0,0,0,1,1,0,0,1,0,1,0,0,0,0,0,0,0,1,0,1,0,1,0,0,1,0,0,0,0,0,0,0,0,0,0,0,0,0,0,0,0,1,0,0,1,1,0,1,2,0,2,6,0,0,0,0
ITM2B,0,1,2,1,2,1,2,4,2,0,2,2,7,3,1,12,1,2,5,5,1,1,4,4,1,1,1,1,4,2,2,0,2,2,1,3,1,3,5,0,2,3,9,1,2,1,2,3,2,2,1,1,5,3,0,3,0,3,4,3,7,3,5,2,1,5,0,14,4,1,1,3,4,0,6,2,0,3,4,10,4,2,3,6,4,3,0,1,4,3,3,4,1,1,5,7,3,0,3,1,2,3,13,2,3,4,0,2,7,1,4,3,3,2,5,3,6,8,4,0,1,3,18,0,3,6,4,2,6,3,0,2,4,2,2,2,1,2,10,2,1,3,5,2,4,2,5,3,9,0,4,0,2,2,7,3,3,3,1,2,1,2,11,2,1,6,5,4,6,12,5,1,6,2,4,0,4,0,7,3,2,3,2,3,1,4,3,0,7,6,13,1,2,3,2,2,3,2,14,2,3,3,4,3,1,4,1,3,5,1,1,6,5,4,2,2,1,3,3,5,1,3,4,0,9,1,3,4,1,2,3,5,3,7,4,6,3,0,1,0,5,2,4,0,1,1,2,5,13,2,5,3,3,1,0,3,0,5,1,2,2,0,6,5,2,6,2,0,6,3,2,6,2,0,2,2,0,4,4,5,2,3,2,4,1,1,2,1,1,0,3,2,0,4,2,1,1,3,12,0,3,1,1,4,9,0,2,7,8,1,3,1,1,6,1,0,0,6,3,1,3,2,9,2,3,2,2,4,2,0,6,10,4,0,3,0,1,7,4,5,14,1,0,1,1,1,2,4,5,12,4,0,7,2,3,1,3,4,1,3,4,0,3,7,4,8,4,1,3,5,2,4,0,2,3,8,0,10,4,2,2,1,3,4,1,7,3,4,1,1,4,18,4,8,1,6,1,2,1,10,3,5,3,5,10,3,6,3,3,1,7,4,3,3,1,7,2,0,0,2,9,3,6,1,2,5,1,4,0,2,0,4,3,4,3,5,6,8,4,5,4,4,3,1,6,9,2,1,0,1,4,1,3,3,2,2,4,13,6,2,2,2,2,0,11,7,2,1,5,1,3,5,1,2,1,5,2,3,0,3,9,3,2,2,3,4,7,4,3,9,2,3,8,1,2,3,2,2,2,3,1,6,0,1,2,1,0,8,1,3,0,3,1,3,0,7,1,6,3,1,2,2,8,5,5,2,2,0,12,3,9,8,2,6,5,12,1,1,2,1,5,6,5,2,5,3,3,1,2,2,6,5,3,1,4,8,1,6,3,2,0,3,1,3,3,3,4,6,5,2,2,2,3,2,3,8,2,5,1,1,2,3,2,3,0,1,1,1,1,2,0,2,3,8,5,1,1,1,3,2,1,3,2,2,7,5,7,4,1,2,4,1,3,2,5,3,3,2,1,6,8,4,6,1,0,3,5,3,4,4,3,3,4,4,1,1,3,4,5,1,6,0,6,5,3,0,2,4,2,2,1,5,1,1,2,6,1,1,0,4,1,3,1,5,0,8,0,1,2,2,1,1,5,4,3,4,1,4,1,6,1,8,5,3,2,5,2,4,1,2,3,2,6,2,3,2,1,4,0,1,0,1,2,3,1,2,1,6,6,1,1,4,1,4,3,1,1,6,0,6,2,1,1,2,0,6,2,4,1,4,5,1,3,2,2,1,4,1,2,0,1,2,5,3,0,4,2,1,3,1,6,3,4,8,1,2,1,4,4,3,2,4,2,2,2,1,12,2,3,8,2,5,5,0,0,3,4,5,4,2,2,1,2,2,6,7,2,1,3,5,2,2,0,0,11,4,2,2,3,2,1,2,0,2,6,0,3,2,2,2,2,0,3,2,2,2,6,3,0,2,2,1,3,0,1,2,5,0,3,2,5,0,2,3,0,3,0,4,2,3,3,8,0,1,1,1,0,2,3,0,1,0,0,2,2,1,4,2,4,0,1,1,2,3,2,4,2,4,2,1,2,3,8,2,2,4,1,1,1,4,1,1,3,4,4,3,4,2,0,5,10,1,4,0,4,5,3,1,5,0,0,2,2,4,6,0,1,2,3,7,6,2,3,1,5,2,0,3,0,0,1,3,7,0,0,4,1,5,2,7,1,2,1,0,0,0,1,12,3,2,3,0,9,2,2,5,4,4,4,4,1,3,3,3,1,5,2,3,3,3,2,2,3,4,3,9,3,3,2,8,3,8,7,2,1,0,4,2,3,3,2,0,2,5,2,5,3,2,3,2,3,3,0,4,1,6,1,6,0,3,3,4,5,0,2,3,1,4,1,2,2,4,3,2,0,3,0,0,7,1,3,1,1,2,4,1,5,5,4,2,3,4,2,3,0,8,3,9,4,3,0,0,4,4,2,8,3,3,4,4,3,0,4,4,3,2,3,2,5,5,4,3,7,7,0,4,3,3,3,7,8,7,2,5,3,2,4,4,3,6,2,4,1,3,4,7,2,7,5,2,4,6,1,7,3,2,0,1,1,2,6,0,8,5,10,2,2,4,0,3,1,4,1,11,1,2,3,7,2,5,6,7,3,3,5,1,3,3,3,3,0,0,8,4,2,4,0,2,0,1,2,2,11,2,0,2,0,1,0,3,4,1,1,4,2,1,2,0,4,0,7,1,1,0,1,2,3,4,1,4,3,0,0,2,3,2,5,4,2,6,3,2,4,2,1,3,5,0,0,3,2,2,0,0,2,4,9,3,3,2,2,6,2,3,1,1,2,10,1,3,2,1,2,10,1,5,8,0,2,3,3,2,4,4,1,3,4,2,3,3,10,8,0,1,2,1,4,3,1,5,3,1,1,2,1,3,1,1,1,4,6,2,3,2,0,5,5,4,1,2,1,5,3,4,1,1,0,4,3,2,1,5,1,1,1,0,4,3,1,5,8,0,2,2,5,3,5,2,1,10,0,1,1,3,0,1,1,4,3,1,11,1,1,3,1,2,1,3,2,1,1,1,3,3,2,2,1,1,3,3,0,3,4,2,2,3,4,5,2,3,2,3,4,1,2,3,1,4,8,0,14,0,5,2,5,2,2,5,1,1,5,9,4,8,1,3,4,4,5,2,2,2,1,12,2,7,4,5,0,3,3,2,2,1,7,10,8,3,2,7,6,6,1,3,0,2,2,3,3,3,18,5,3,0,5,4,4,2,1,4,1,1,4,2,2,5,0,3,0,1,4,4,2,1,4,1,2,3,3,6,1,1,11,7,2,0,1,3,4,6,3,5,0,1,3,4,1,3,2,2,2,6,3,4,2,2,6,5,2,2,2,2,4,3,1,3,8,0,3,6,1,1,4,4,4,2,5,3,3,2,1,2,1,3,6,3,6,3,6,4,0,2,1,3,4,5,3,3,8,7,3,3,2,1,1,1,1,3,6,2,0,11,2,2,4,2,2,1,2,4,1,6,2,0,2,3,4,4,3,5,1,3,3,2,3,4,3,6,6,6,1,13,5,1,6,2
NA..21,0,0,0,0,0,0,0,0,0,0,0,0,0,0,0,0,0,0,0,0,0,1,0,0,0,0,0,0,0,0,0,0,0,0,0,0,0,0,0,0,0,0,0,0,0,0,0,0,0,0,0,0,0,0,0,0,0,0,0,0,1,0,0,0,0,0,0,0,0,0,0,0,0,0,0,0,0,0,0,0,0,0,0,0,0,0,0,0,0,0,1,0,0,0,0,0,0,1,0,0,0,0,0,0,0,0,0,0,0,0,0,0,0,0,0,1,0,0,0,0,0,0,0,0,0,0,0,0,0,1,0,0,0,0,0,0,0,0,0,0,0,0,0,0,1,0,0,0,0,0,0,0,0,0,0,0,0,0,0,0,0,0,0,0,0,0,0,0,0,0,0,0,0,0,0,0,0,0,0,0,0,0,0,2,0,2,0,1,0,0,0,0,0,0,0,1,0,0,0,0,0,0,0,1,0,0,0,0,0,0,0,0,0,0,0,0,0,0,0,0,0,0,0,1,0,0,1,0,0,0,0,0,0,0,0,0,0,1,0,0,0,0,1,0,0,0,0,0,0,0,0,0,1,0,1,0,0,0,0,0,0,0,0,0,0,0,0,0,0,0,0,0,0,0,0,0,0,0,0,0,0,0,0,0,0,0,0,2,0,0,0,0,0,0,0,0,0,0,0,0,0,0,0,0,0,0,0,0,0,0,1,0,0,0,0,0,0,0,0,0,0,0,0,0,0,0,0,0,1,0,0,0,0,0,0,0,0,0,0,0,0,0,0,0,0,0,0,0,0,0,0,0,0,0,0,0,0,0,0,0,0,0,1,0,0,0,0,0,0,1,0,0,0,0,0,0,0,0,0,0,0,0,0,0,0,0,0,0,1,0,0,0,0,0,0,0,0,0,0,0,0,0,0,0,0,0,0,0,0,1,0,0,0,0,0,0,0,1,0,0,0,0,0,0,0,0,0,0,0,0,2,0,0,0,0,0,0,0,0,0,0,0,0,0,0,0,0,0,0,0,0,0,0,0,0,0,0,0,0,1,0,0,0,0,0,2,0,0,0,0,0,0,0,0,0,0,0,0,1,0,0,0,0,0,0,0,0,0,0,0,0,0,0,0,0,0,0,0,1,0,0,0,0,0,0,0,1,2,0,0,0,0,3,0,0,0,0,0,0,0,0,0,0,0,0,0,0,1,0,0,0,0,0,0,0,0,0,0,0,0,0,0,0,0,0,0,0,0,0,0,0,1,0,0,1,0,2,1,0,0,0,0,0,0,0,0,0,0,0,0,0,0,0,0,0,0,0,0,0,0,5,0,0,0,0,1,1,0,1,0,0,0,0,0,0,0,0,1,0,1,0,0,0,0,0,0,0,0,0,0,0,0,0,0,0,0,0,0,0,0,0,0,0,0,0,0,0,0,0,0,1,0,0,0,0,0,0,0,0,1,0,0,0,0,0,0,0,0,0,0,0,0,0,0,1,0,1,0,2,0,0,3,0,0,0,0,0,0,0,0,0,0,0,0,0,0,0,0,0,0,0,2,0,0,0,0,0,0,0,0,0,0,0,1,0,0,0,0,1,0,0,0,0,0,0,0,0,0,0,0,0,0,0,0,0,0,0,0,0,0,0,0,0,0,1,0,0,0,0,0,0,0,0,0,0,0,0,0,0,2,1,0,0,0,0,0,2,0,0,0,0,0,0,0,1,0,0,0,0,0,1,0,0,0,0,3,0,0,0,0,0,0,0,0,0,0,0,0,0,0,0,0,0,1,0,0,0,0,0,0,0,0,0,0,0,0,0,0,0,0,0,1,0,0,0,0,0,0,1,0,0,0,0,0,0,0,0,0,0,0,0,1,0,0,1,0,0,1,0,0,0,0,1,0,0,0,0,0,0,2,0,0,0,0,0,0,0,0,0,0,0,0,0,0,0,0,0,0,0,0,0,0,0,0,0,0,0,0,0,0,0,0,0,0,0,0,0,0,0,0,0,0,0,0,0,0,0,0,0,0,0,0,0,0,0,0,0,0,0,0,1,0,0,0,0,0,5,1,0,0,0,0,0,0,0,0,0,0,0,4,0,0,0,0,0,0,0,0,0,0,0,0,0,0,0,0,0,0,0,0,0,0,0,0,2,0,0,0,0,0,0,0,0,0,0,0,0,0,0,0,0,0,0,0,0,0,1,0,1,0,0,1,0,0,0,3,0,0,0,0,0,0,0,1,0,0,0,0,0,0,0,0,0,0,0,0,0,0,1,0,0,0,0,0,0,0,0,0,0,0,0,0,0,0,0,0,0,2,0,0,2,0,0,0,0,0,0,0,0,0,1,0,1,0,0,0,0,0,0,0,0,0,0,0,0,0,0,0,0,0,0,0,0,0,0,0,0,0,0,0,0,0,0,0,0,0,0,0,0,0,0,0,0,0,0,1,0,0,0,0,0,0,0,0,0,0,0,0,0,0,0,0,0,0,0,0,0,0,0,0,0,0,0,0,0,0,0,0,0,0,0,0,0,0,0,0,0,0,0,0,0,0,0,0,2,0,0,0,0,1,0,0,0,0,0,0,1,2,0,0,0,0,0,0,0,0,0,0,0,0,0,1,1,0,1,0,0,1,0,0,0,0,0,0,0,0,0,0,0,0,1,0,0,2,1,0,0,0,1,0,0,0,0,0,0,0,0,0,0,0,0,0,0,0,0,0,0,0,0,0,0,0,0,0,0,0,0,0,1,0,0,0,0,0,0,0,0,0,0,0,0,0,0,0,0,1,0,0,0,0,0,0,0,0,0,0,0,0,0,0,0,0,0,0,0,1,0,0,0,0,1,0,0,0,0,0,0,0,0,0,0,0,1,0,1,1,0,0,0,0,0,0,0,0,0,0,0,0,0,0,0,0,0,0,0,0,0,0,3,0,0,0,0,0,0,2,0,0,0,0,0,0,0,0,0,0,0,0,0,0,3,0,0,0,0,0,2,0,0,0,0,0,0,0,0,0,0,0,0,0,0,0,0,0,0,0,0,0,0,0,0,0,0,0,0,0,0,0,0,0,1,0,0,0,0,0,5,0,0,0,0,0,0,0,0,0,0,0,0,0,0,0,0,0,0,0,0,0,0,0,0,0,0,0,0,1,0,0,0,1,0,0,0,0,0,0,0,0,0,1,0,0,0,0,0,0,0,0,0,1,0,0,0,0,0,0,0,0,0,0,0,1,0,0,0,0,0,0,0,0,0,0,0,0,0,0,0,0,0,0,1,0,0,0,0,0,0,0,0,0,0,0,0,0,0,0,0,3,0,0,0,0,0,0,0,0,0,0,0,0,0,0,2,0,0,0,0,0,0,0,0,0,0,0,0,0,0,0,0,0,0,0,0,0,0,0,0,0,0,0,0,0,0,0,0,0,0,1,0,0,1,0,0,0,0,0,0,0,0,0,0,0,0,0,0,0,0,0,0,0,0,0,0,0,0,0
AP2S1,0,2,0,0,0,1,3,1,1,1,2,0,3,0,0,1,0,0,4,1,0,0,0,3,0,1,0,0,0,1,0,0,1,1,0,0,0,0,3,0,1,0,4,0,0,0,0,4,0,0,0,1,0,0,0,2,2,0,0,1,7,0,0,1,0,0,0,0,2,1,0,0,1,3,0,0,0,2,0,2,0,1,0,2,1,0,0,1,0,0,0,0,1,2,0,2,0,0,1,4,0,0,4,0,2,3,0,1,2,0,1,1,2,6,0,1,0,0,1,0,0,0,2,0,1,0,0,0,2,1,0,0,0,0,0,0,0,1,0,0,0,1,0,0,6,1,3,2,0,0,2,0,0,0,2,2,0,0,0,1,0,0,2,1,0,1,3,0,3,8,0,1,1,0,2,1,1,0,2,0,0,0,0,0,2,0,1,0,3,0,4,2,0,0,0,2,0,1,0,1,2,0,1,1,1,1,0,0,2,1,1,1,1,0,0,0,2,1,0,2,0,0,0,0,0,0,0,1,0,0,0,1,1,1,2,0,0,2,0,1,2,0,0,0,0,0,0,0,2,2,1,2,0,0,0,1,0,0,0,1,0,0,1,3,1,0,0,0,1,0,1,4,4,1,1,0,0,3,2,0,1,1,0,0,0,1,1,0,1,0,0,1,2,0,0,0,0,0,0,0,0,1,2,0,2,1,0,0,1,1,1,1,0,1,1,0,0,0,1,1,0,0,2,0,1,0,2,1,1,0,0,2,1,1,2,0,0,1,0,1,2,1,3,0,0,1,0,1,0,1,3,0,1,1,0,1,1,0,1,1,1,0,0,3,0,2,8,0,0,0,0,4,0,1,0,2,0,0,1,1,1,0,2,0,0,1,1,0,0,2,0,5,0,4,1,0,2,2,2,2,2,1,0,0,2,0,1,1,0,2,0,0,1,0,1,7,0,0,1,2,3,0,2,0,0,0,2,0,0,0,0,0,0,0,4,0,1,0,1,0,1,1,4,0,0,4,1,0,0,0,0,0,4,0,1,0,0,4,1,0,2,0,0,0,6,1,1,0,1,1,2,0,0,2,1,1,1,0,0,0,4,0,0,1,1,0,0,1,0,0,2,0,0,0,1,3,0,1,0,1,1,0,0,0,0,1,0,4,0,0,1,0,0,0,1,1,0,0,0,1,1,0,0,1,0,1,0,0,1,2,2,1,1,0,1,1,0,4,0,0,0,1,0,2,0,0,3,0,8,1,1,3,0,0,2,6,1,1,0,1,1,1,0,0,0,0,1,0,0,0,0,1,2,0,0,1,0,0,2,0,0,1,0,1,1,2,1,0,0,2,0,0,1,3,1,2,0,0,1,0,1,1,4,1,1,3,3,1,0,0,0,0,0,0,1,0,0,0,1,1,1,1,0,0,1,0,0,0,0,0,1,0,0,2,1,1,1,1,0,0,0,1,0,0,1,0,2,0,1,2,0,0,0,1,0,3,0,0,0,2,0,0,0,3,0,0,1,0,0,0,0,0,2,0,1,0,1,0,0,1,0,4,2,0,0,0,1,0,1,1,0,0,1,0,0,0,0,1,0,2,0,1,3,0,1,2,1,0,0,7,0,0,0,0,2,0,2,0,0,0,0,0,0,3,0,1,0,1,0,1,1,0,0,0,1,0,2,0,0,0,0,0,1,2,0,0,0,0,0,0,1,0,0,0,1,1,1,0,1,1,0,0,0,0,2,0,0,0,0,0,0,1,0,1,3,1,2,0,1,0,2,0,0,2,0,2,0,0,0,0,0,0,0,2,4,1,1,0,0,0,1,0,0,0,1,0,0,0,0,1,0,1,0,2,0,1,2,0,1,1,3,0,3,0,1,0,0,0,0,4,0,0,0,2,0,0,0,0,2,0,3,1,1,0,0,2,0,0,1,0,0,4,0,0,1,0,0,5,0,1,0,2,1,0,0,0,1,3,1,0,2,1,6,0,1,2,0,0,0,1,0,0,1,7,3,0,1,0,0,2,1,1,2,2,0,3,1,0,3,0,0,0,0,1,0,0,0,2,4,1,2,0,1,1,2,0,1,0,0,0,0,4,1,1,2,2,0,0,1,4,0,0,0,1,0,0,0,1,2,0,0,0,0,0,0,0,2,1,1,0,1,0,1,1,2,0,2,0,1,3,1,0,1,0,2,3,1,0,5,4,0,9,0,1,1,1,0,0,1,0,0,0,0,7,0,1,0,0,0,0,0,0,0,1,1,1,0,0,0,0,0,0,0,0,1,0,0,0,0,0,0,0,2,0,1,1,0,0,3,0,0,0,0,0,0,1,1,0,1,0,6,7,0,0,0,1,1,1,3,0,0,0,2,0,0,0,0,0,0,0,2,3,0,0,0,0,2,0,0,0,2,0,5,4,3,2,1,2,0,1,1,1,0,2,0,2,1,0,2,2,0,0,0,0,1,1,1,0,1,0,1,1,0,4,0,0,0,2,1,0,0,0,4,0,4,0,1,0,0,0,2,1,0,0,0,0,0,0,2,1,0,2,0,0,0,0,1,0,1,1,0,0,0,0,0,0,0,2,0,0,0,0,5,0,0,0,0,0,3,0,0,0,0,5,1,1,0,0,1,0,1,0,1,0,0,0,1,0,0,1,1,0,0,2,0,0,1,1,0,4,0,0,0,0,0,0,1,0,2,0,0,2,1,1,0,0,2,0,0,0,0,0,1,0,0,0,1,1,2,1,0,1,0,1,0,0,3,1,1,1,0,1,1,0,0,1,4,3,0,1,4,6,0,0,0,2,3,1,1,0,0,0,0,0,1,0,0,0,1,1,1,2,0,2,0,0,1,1,0,0,0,0,4,1,1,0,0,2,0,0,0,2,0,1,0,0,3,0,2,2,6,0,6,3,1,1,1,0,0,2,1,1,1,2,1,0,0,0,3,0,3,0,0,1,0,0,0,0,0,1,0,1,1,0,0,0,0,0,1,0,1,2,0,2,1,0,0,0,0,2,0,1,0,0,0,0,0,0,12,0,1,0,0,0,1,0,0,0,1,0,0,0,0,1,2,0,0,0,0,0,0,2,0,2,0,6,0,1,0,0,1,0,0,0,2,1,3,0,0,2,0,1,1,0,1,0,0,0,0,0,5,0,0,0,0,4,0,1,0,6,0,0,1,0,0,2,0,1,0,0,0,0,0,0,0,0,0,3,0,0,1,0,2,3,0,1,1,0,0,0,0,1,0,1,0,0,1,1,0,5,2,0,0,2,1,0,1,1,0,0,0,0,0,0,0,2,0,0,1,2,3,0,1,1,2,0,2,2,0,0,3,0,1,1,6,0,0,0,1,2,0,0,0,0,0,2,0,0,2,0,0,0,0,1,0,0,0,1,2,1,0,3,0,0,0,0,0,0,0,3,1,0,1,1,0,0,0,0,0,0,0,2,1,0,2,0,1,7,0,1,0,1,1,0,0,0
RGCC,0,0,0,0,0,2,0,1,0,1,0,0,1,0,0,0,0,0,2,0,0,0,0,0,0,2,0,0,0,1,1,0,1,0,0,0,0,1,1,0,3,0,0,3,1,1,0,1,1,0,1,0,1,0,0,0,0,0,0,0,0,0,0,1,0,1,0,0,3,0,0,0,1,0,0,0,0,0,0,0,1,0,0,0,0,1,0,0,0,3,0,1,1,1,1,0,0,0,0,2,0,2,0,1,0,0,0,0,0,1,1,1,0,0,0,4,0,0,0,0,0,0,1,0,0,1,0,0,0,0,0,2,0,0,0,0,0,1,0,1,1,0,0,0,0,0,0,0,0,0,0,0,0,1,0,0,0,0,0,0,1,0,0,0,0,0,0,1,0,0,0,0,0,1,0,0,1,0,3,1,0,0,0,0,1,0,1,0,0,0,0,0,1,0,2,0,1,0,0,1,1,0,0,0,0,0,0,0,0,2,0,0,0,0,0,0,0,0,0,0,0,0,0,0,0,0,0,1,1,0,1,0,0,2,0,0,1,0,0,0,0,0,0,0,0,0,0,0,1,0,3,0,0,0,0,0,0,0,0,0,0,0,0,0,1,0,0,0,0,0,0,0,3,0,0,0,0,1,0,0,0,0,1,0,2,0,0,0,0,0,1,0,0,2,0,1,0,0,0,0,0,2,0,1,0,1,1,0,1,0,0,0,0,0,0,0,4,0,0,1,0,0,0,0,0,0,2,0,0,1,1,0,0,0,0,0,1,0,2,0,0,0,0,0,0,0,0,0,0,0,0,1,2,1,0,0,0,0,0,0,0,0,0,0,0,0,2,1,2,3,0,0,0,2,0,1,1,0,1,1,0,0,1,0,0,0,0,1,1,0,1,0,0,0,0,0,1,1,0,0,0,1,0,0,1,0,0,0,1,0,1,0,0,1,0,1,2,0,1,0,0,0,1,0,0,0,0,0,1,0,0,1,0,0,0,0,0,0,0,0,0,0,0,0,0,0,0,0,0,0,1,1,0,0,1,0,0,0,0,0,0,0,1,0,1,0,0,0,0,0,0,0,0,0,0,0,0,1,0,3,0,1,0,2,0,1,0,1,1,0,0,1,0,0,0,0,0,0,0,0,0,0,0,0,0,1,0,0,0,1,2,0,0,1,1,0,0,0,1,0,0,0,0,0,4,0,0,0,0,0,2,0,0,1,0,0,0,2,2,0,0,2,0,0,1,0,0,0,0,0,0,0,0,0,0,0,0,0,0,0,0,1,0,0,0,0,0,0,4,0,0,0,0,1,0,1,0,0,0,1,0,0,2,0,0,0,0,0,0,0,0,0,0,0,1,0,1,0,0,0,0,0,0,0,0,0,0,0,0,0,0,0,1,1,1,0,0,1,0,0,0,2,0,0,0,0,2,0,0,0,0,0,0,0,0,0,2,1,0,0,0,1,1,0,0,0,0,0,1,1,0,0,0,1,0,2,0,2,0,0,0,0,0,0,2,0,0,0,0,0,0,2,0,0,2,4,1,0,1,1,1,0,0,1,0,1,0,0,0,0,0,0,0,0,3,1,0,0,0,0,0,1,0,0,0,0,1,0,0,3,0,0,0,1,0,0,0,2,0,0,1,0,0,1,0,0,0,1,1,0,0,0,0,0,0,0,1,0,0,0,0,0,0,0,0,0,0,1,0,0,2,0,1,1,0,2,0,0,0,0,0,0,0,0,1,0,0,0,1,0,1,2,0,1,0,0,0,0,0,0,1,1,0,0,0,0,0,1,0,0,0,1,0,0,0,1,0,2,0,0,0,0,0,0,0,2,0,0,0,1,1,0,0,0,0,0,0,0,0,0,0,0,0,0,0,1,0,2,0,0,0,0,0,0,2,0,0,0,1,0,0,0,1,1,1,0,0,0,0,1,0,0,1,0,0,0,0,0,0,0,0,0,1,0,0,0,1,0,0,0,0,0,0,0,1,0,0,0,0,0,0,0,0,0,0,1,0,0,0,0,1,1,0,1,0,2,0,0,1,0,0,1,1,0,0,0,0,0,0,0,0,0,0,0,0,0,0,0,1,0,1,0,0,0,0,0,1,1,0,0,0,0,1,0,0,0,0,0,1,0,0,2,0,0,0,0,0,0,1,0,0,3,0,0,0,1,0,2,2,0,1,0,0,0,1,0,0,1,0,0,0,2,0,0,0,0,0,0,2,0,0,0,0,1,0,1,0,1,0,1,0,0,0,1,0,0,0,0,0,0,0,0,2,0,1,0,1,1,0,1,0,0,0,0,1,2,0,0,1,0,0,0,1,4,0,0,2,2,0,0,4,1,0,0,1,0,1,0,2,0,1,0,0,0,0,0,1,1,0,0,0,0,0,0,3,0,0,0,0,1,0,1,0,0,0,0,2,1,0,0,0,0,0,0,0,0,1,0,0,0,0,0,0,0,0,0,0,0,0,0,0,0,0,0,0,0,0,0,0,1,0,0,1,2,0,0,0,0,0,0,0,1,0,1,0,1,0,0,0,0,0,0,0,0,0,3,0,1,0,1,0,0,1,0,0,0,0,0,0,1,0,2,0,0,0,0,0,0,0,1,0,0,0,0,0,0,0,0,0,2,0,0,0,0,0,0,0,1,0,0,0,0,2,0,0,0,0,0,0,1,1,1,0,1,0,1,0,0,0,0,0,0,0,0,0,1,2,0,0,1,0,1,0,0,0,0,0,1,0,0,0,0,0,0,0,0,0,1,0,0,0,0,0,1,0,0,0,0,0,1,0,0,0,0,0,0,0,0,1,0,0,2,1,0,0,0,0,0,1,0,0,1,0,1,0,0,0,0,1,0,2,1,0,0,0,0,0,0,0,1,0,0,0,2,0,0,0,0,0,0,0,0,3,1,1,0,0,2,0,0,0,1,1,2,2,0,0,1,0,0,0,0,1,2,0,1,0,2,0,0,0,0,0,0,1,0,0,1,0,0,1,0,0,0,0,0,0,0,2,0,3,0,0,0,0,2,0,0,0,0,0,0,0,1,0,0,0,1,0,0,0,0,0,2,0,2,0,0,2,1,1,0,0,0,0,0,0,0,0,0,0,0,1,0,1,1,0,1,1,0,0,0,0,1,0,0,0,1,0,0,0,0,2,0,3,0,0,0,0,0,1,0,0,1,0,0,0,0,0,0,1,1,0,0,0,0,2,0,0,0,0,0,0,0,1,0,0,1,0,1,0,0,0,0,2,0,0,0,1,0,0,2,0,1,0,0,0,1,0,0,0,0,2,0,1,0,0,0,0,0,0,0,0,1,1,0,0,0,0,0,0,1,0,0,1,1,0,2,0,0,0,3,0,0,0,0,0,0,0,0,0,1,0,0,0,0,0,0,0,1,0,0,0,0,0,0,1,0,0,0,0,0,1,1,2,0,0,0,0,0,0,0,0,0,0,0,0,1,3,0,0,3,1,1,1,0
FCRLA,0,0,0,0,0,0,0,0,1,0,0,0,0,0,0,0,0,0,0,0,0,0,0,0,0,0,0,0,0,2,0,0,2,0,0,0,0,0,0,2,0,0,0,0,0,1,0,0,0,0,0,0,0,0,0,0,0,0,0,0,0,0,0,0,0,0,0,0,0,0,0,0,0,0,0,0,0,0,0,0,0,0,0,0,0,0,0,1,0,1,0,0,1,0,0,0,0,0,0,1,0,0,1,0,0,0,0,0,0,0,0,0,0,0,0,0,0,0,0,1,0,0,0,0,0,0,0,0,0,0,0,0,0,1,0,0,1,0,0,0,0,0,0,0,0,0,0,0,0,0,0,0,0,0,0,0,0,0,0,0,0,0,0,0,0,0,0,0,0,1,0,0,0,0,0,0,0,0,0,0,0,0,0,1,0,2,0,0,0,0,0,0,0,0,0,1,0,0,0,2,0,0,0,0,0,0,0,2,0,0,0,0,0,0,0,0,0,0,0,0,0,0,0,1,0,0,1,0,0,0,0,0,0,0,0,0,0,0,0,0,0,0,0,0,0,2,0,0,0,0,0,0,0,0,1,0,0,0,1,0,0,3,0,0,0,0,0,0,0,0,0,0,0,0,0,0,0,0,0,0,0,0,0,0,0,0,0,2,0,0,0,0,0,0,0,0,0,0,0,0,0,0,0,0,0,0,0,0,0,0,0,0,0,0,0,0,0,0,0,1,0,0,0,0,0,0,0,0,0,0,0,0,0,0,0,0,0,1,0,0,0,0,0,0,2,0,0,0,0,0,0,0,0,0,0,0,0,0,0,0,0,1,1,0,0,0,0,0,0,0,0,0,0,0,0,0,0,0,0,0,0,0,0,0,0,0,0,0,0,0,0,0,0,0,0,0,5,0,0,0,0,0,0,0,0,0,0,0,0,5,0,0,0,0,0,0,0,1,0,0,0,0,0,0,0,0,0,0,0,0,0,0,0,0,0,0,0,0,0,0,0,0,0,0,0,0,0,0,2,0,0,0,0,0,0,0,0,0,0,0,0,0,0,1,0,1,0,0,0,0,0,0,0,0,0,0,0,0,1,0,0,0,0,0,0,0,0,0,0,0,0,0,0,1,0,0,0,0,0,0,0,0,0,0,0,0,2,0,0,0,0,0,2,0,0,0,0,0,0,0,0,0,0,0,0,0,0,1,0,0,1,2,0,0,0,0,0,0,0,0,0,0,0,0,0,0,0,0,0,0,0,0,0,0,0,0,0,0,0,0,0,0,1,0,0,0,0,0,0,1,0,0,0,0,0,0,0,0,0,0,0,0,0,0,0,0,7,0,0,0,0,1,0,0,0,1,0,2,0,1,0,0,0,0,0,0,0,0,0,0,0,1,0,0,0,0,0,0,0,0,0,0,0,0,0,0,0,0,0,0,0,0,0,0,0,0,0,0,0,2,0,0,0,0,0,0,0,0,0,0,0,0,0,0,0,0,1,0,0,0,0,0,0,0,0,0,0,0,0,1,0,0,0,0,0,0,0,0,1,0,0,0,0,0,0,0,0,0,0,0,0,0,0,0,0,0,0,0,2,0,0,1,1,0,0,0,0,0,0,0,0,0,0,0,0,0,0,0,0,0,0,0,0,0,0,0,3,0,0,0,0,0,0,0,1,0,0,2,0,0,0,0,0,0,0,0,1,0,0,0,0,0,0,0,0,0,0,1,0,0,3,0,3,0,0,0,0,0,0,0,0,0,0,1,0,0,0,0,0,0,0,0,0,0,0,0,0,0,0,0,0,0,0,0,0,0,0,0,0,0,0,0,4,0,0,0,0,0,0,0,0,0,0,0,0,0,0,0,0,0,0,1,0,0,0,0,0,0,0,0,0,0,1,0,0,0,0,0,0,1,0,0,0,0,0,3,0,0,0,0,0,0,0,0,0,0,0,0,0,0,0,0,0,0,1,0,0,0,0,0,0,0,0,0,0,0,0,0,0,0,0,1,0,0,0,0,0,0,0,0,0,1,0,0,0,0,0,0,0,0,1,0,0,0,0,0,0,1,0,0,0,0,0,0,0,0,0,0,0,3,0,0,0,0,0,0,0,0,0,0,0,0,0,0,0,0,0,0,0,0,0,0,1,0,0,0,0,0,0,0,0,0,0,0,0,0,0,0,0,0,0,0,0,0,0,0,0,0,1,0,0,0,0,0,0,0,0,0,0,0,0,0,0,0,0,0,0,0,1,0,0,0,0,0,0,0,0,0,0,0,0,0,0,0,0,0,0,0,0,0,0,0,0,0,0,0,0,0,0,0,1,1,0,0,0,0,0,0,0,0,0,0,1,0,0,0,0,0,0,0,0,0,0,0,0,0,0,0,0,0,0,0,0,0,0,0,0,0,0,0,0,0,0,0,0,0,0,0,0,0,0,0,0,0,0,0,0,0,0,0,0,0,0,0,0,0,0,0,1,0,0,0,0,0,0,0,0,0,0,0,0,0,0,0,0,0,0,0,0,0,0,0,5,0,0,0,0,0,0,0,0,0,0,0,0,0,0,0,0,2,0,0,0,0,0,0,0,3,0,0,0,0,0,0,0,0,0,0,0,0,0,1,0,0,0,0,0,0,0,0,0,0,0,0,0,0,1,0,0,0,0,0,0,3,0,0,0,0,0,0,0,0,0,0,0,0,0,0,0,0,0,0,0,0,0,0,1,0,1,0,0,0,0,0,0,0,2,0,0,1,1,0,0,0,0,0,0,0,0,0,0,0,0,0,1,0,0,0,0,0,0,0,0,0,0,0,0,0,0,0,0,0,0,0,0,0,1,0,0,0,0,0,0,0,1,0,0,0,0,0,0,0,0,0,0,0,0,0,0,0,0,0,0,0,0,0,0,0,0,0,0,0,0,0,0,0,0,0,0,0,0,0,0,0,0,0,0,0,1,0,0,1,0,0,1,0,0,0,0,0,2,0,0,0,0,0,0,0,0,2,0,0,0,0,1,0,0,0,0,0,0,0,0,0,0,0,0,0,1,2,0,0,0,0,0,1,0,0,0,0,0,0,0,0,0,0,0,0,0,0,0,0,0,0,0,0,0,0,0,0,0,0,0,0,0,0,1,0,0,0,0,0,0,0,0,1,0,0,0,0,0,0,0,0,0,0,0,0,1,0,0,0,0,0,0,0,0,0,0,0,0,0,0,0,0,0,0,0,0,0,0,0,0,0,0,0,0,0,0,0,0,0,0,0,0,0,0,0,0,0,0,0,0,0,0,0,0,0,0,0,0,0,0,0,0,0,0,4,0,0,0,0,0,0,0,0,0,0,0,0,0,0,0,0,0,0,0,0,0,0,0,0,0,0,0,0,0,0,0,0,0,0,0,0,0,0,0,0,0,0,1,0,0,0,0,0,0,1,0,0,1,0,0,0,0,0,0,0,0,0,0,0,0,0,0,0,0,0,0,0,0,0,0,0,0,0
NUCB2,1,2,0,0,0,0,0,0,0,0,0,0,0,2,0,1,0,0,1,0,1,0,1,0,1,0,0,0,0,0,0,0,0,2,0,1,1,1,0,0,0,0,0,0,0,0,1,0,1,0,0,0,0,0,1,0,0,1,1,0,0,0,0,0,0,0,1,0,0,1,0,2,1,1,0,0,0,0,0,0,2,0,0,0,0,1,0,0,0,0,0,0,2,0,0,0,0,0,0,0,0,0,0,0,1,1,0,0,0,0,0,0,0,0,0,0,0,1,0,0,0,0,1,0,0,0,1,0,1,0,0,1,0,0,0,0,0,0,0,0,0,0,0,0,0,0,0,0,0,0,0,0,0,0,0,1,0,0,0,0,0,0,0,0,2,0,0,0,0,0,1,0,0,1,0,0,1,1,0,2,0,0,0,0,0,0,1,1,0,0,0,1,0,0,0,0,0,0,0,0,0,2,0,0,0,0,0,0,0,0,1,1,0,0,0,3,0,0,1,0,0,0,1,0,0,0,0,0,2,3,0,0,0,0,0,0,0,0,0,0,0,0,0,0,0,1,0,0,0,0,0,0,0,0,0,0,0,3,1,0,0,0,0,0,1,0,1,0,3,0,0,1,0,0,0,1,0,0,0,0,1,0,0,1,0,0,1,0,2,1,1,0,0,0,0,0,0,2,0,0,0,1,0,1,0,2,1,0,0,1,1,0,1,0,0,0,0,0,0,2,0,1,1,1,0,1,0,1,0,0,0,0,0,0,0,0,0,0,0,0,0,2,1,0,0,1,1,1,0,0,0,0,0,1,1,0,0,1,0,1,0,0,0,0,0,0,0,0,0,0,0,1,0,0,0,0,0,1,0,0,0,0,0,1,0,0,0,1,0,0,0,0,0,1,0,0,0,1,0,0,0,2,1,0,0,0,0,0,1,0,0,0,0,2,0,0,0,0,0,1,1,0,2,2,0,0,2,0,0,3,0,0,0,0,0,0,0,1,0,1,0,0,0,0,0,0,0,0,0,0,0,0,0,2,0,0,1,0,0,0,6,0,1,0,0,0,0,0,1,0,0,0,0,1,0,0,0,0,0,0,0,2,0,0,0,1,1,0,0,0,0,0,0,1,1,0,0,0,0,0,0,0,1,0,0,0,0,0,1,1,0,1,0,0,0,0,0,0,1,0,1,0,1,0,0,0,0,0,0,1,1,0,0,0,0,0,0,0,1,0,9,1,0,1,0,0,0,0,0,0,0,0,0,0,0,0,0,0,1,0,0,0,0,1,0,0,0,0,1,0,0,0,0,0,0,0,0,0,0,3,0,0,1,1,0,0,0,0,0,0,0,0,0,0,2,0,1,0,0,0,0,1,0,3,1,0,0,0,0,1,0,0,1,0,1,0,1,0,0,0,0,3,0,0,0,1,0,0,0,2,0,0,0,0,0,0,0,0,0,0,0,0,2,0,1,0,6,1,1,0,0,0,0,0,0,0,0,1,1,0,0,0,0,0,0,1,0,0,0,0,2,0,0,0,3,1,0,1,0,0,1,0,0,0,0,2,1,0,0,4,0,0,1,0,0,1,0,1,0,0,0,2,1,0,0,0,1,0,0,0,0,0,0,0,0,1,2,1,0,1,0,0,0,0,0,1,0,1,0,0,2,0,0,0,3,1,0,0,1,0,0,1,1,0,2,0,0,0,0,0,1,0,0,2,0,0,0,0,0,1,0,0,0,0,0,1,0,0,1,0,1,1,1,0,0,0,0,0,0,0,1,0,0,1,0,0,0,1,0,0,0,0,2,0,0,0,0,0,0,0,1,0,0,0,1,0,0,0,0,0,0,0,0,0,0,1,1,1,0,0,0,0,0,0,0,0,1,0,2,0,0,1,0,0,0,1,0,1,0,0,0,0,0,0,0,0,1,0,0,1,0,0,0,0,0,0,0,0,0,0,0,0,0,2,0,3,1,1,1,0,0,0,0,0,0,0,0,1,0,0,0,0,0,0,0,0,0,1,0,0,0,0,0,0,0,0,0,0,0,0,0,0,1,0,0,0,0,0,0,0,0,1,1,0,0,0,0,0,0,0,0,0,0,2,3,0,0,0,0,0,0,0,1,0,0,1,1,0,0,0,0,0,0,0,0,1,1,0,0,0,0,0,0,1,0,1,0,0,0,0,1,0,1,1,0,0,0,0,0,0,0,0,1,0,0,0,2,1,0,0,0,1,0,0,1,0,1,0,0,0,0,1,2,1,0,2,0,0,0,1,0,1,0,0,0,0,1,0,0,0,0,0,0,1,0,2,0,0,0,0,0,0,0,0,1,0,1,0,0,0,0,0,0,1,1,0,0,0,0,0,0,0,1,0,0,0,0,0,0,1,0,1,2,1,1,0,1,0,0,0,2,2,0,0,0,1,0,0,0,0,0,1,1,1,0,2,0,0,0,0,3,0,0,0,0,0,0,0,2,0,0,0,0,1,0,0,0,1,0,0,0,0,0,0,0,2,1,0,0,0,1,2,0,0,0,1,0,0,0,0,1,0,0,0,0,1,0,0,0,0,1,0,0,1,0,0,0,1,0,0,0,1,0,1,2,0,0,0,2,0,1,0,1,0,0,0,0,0,1,0,1,0,0,0,0,0,0,0,2,0,0,1,0,1,4,1,0,0,0,0,1,1,0,1,1,2,0,1,0,0,2,0,0,0,0,0,1,0,0,0,1,3,0,0,2,0,0,0,0,0,0,0,0,1,0,5,0,0,1,1,0,1,1,1,0,0,0,0,0,3,0,0,2,0,0,2,0,0,0,0,0,0,0,1,1,0,0,5,1,0,0,1,0,0,0,1,0,2,0,1,0,0,0,0,0,0,0,0,2,1,0,0,0,1,0,2,0,2,0,0,0,0,0,0,0,0,0,0,0,0,0,0,0,0,0,0,0,0,0,1,0,1,0,0,0,0,0,0,0,2,0,0,0,0,0,1,0,0,0,0,1,0,0,0,0,1,1,0,1,2,1,0,1,0,1,0,0,2,1,0,0,0,0,0,0,0,1,2,1,0,0,0,0,0,0,1,0,0,0,1,0,0,1,0,0,0,1,1,0,0,0,0,0,1,0,0,0,0,0,0,0,0,0,0,0,0,1,0,0,0,0,0,0,2,4,0,1,0,0,0,0,0,0,1,0,0,0,2,0,1,1,0,0,0,0,0,1,0,0,0,0,0,0,0,2,0,2,1,0,0,1,2,0,0,0,0,0,0,0,0,1,0,1,4,0,0,1,0,0,0,0,1,3,0,0,0,0,0,3,2,0,0,0,2,4,0,0,0,0,1,0,1,0,0,1,0,0,0,1,0,2,1,0,0,1,0,0,0,0,1,0,0,0,1,0,1,0,0,0,0,0,0,1,0,0,0,0,0,0,0,0,0,1,1,0,0,0,0,0,0,0,0,0,0,0,1,0,1,0,1,1,0,0,0,3,0
TMEM107,0,0,0,0,0,1,3,0,0,0,0,0,0,0,1,1,0,0,1,0,0,0,0,0,0,0,1,1,1,0,0,0,0,1,0,0,0,1,0,0,0,0,0,0,0,0,0,0,0,0,0,0,0,1,0,0,0,0,0,1,1,0,0,0,0,0,1,0,4,0,0,2,0,0,0,0,0,1,4,0,0,0,0,1,0,0,0,0,0,0,1,0,0,0,0,1,0,0,0,0,0,0,0,0,0,0,0,0,0,0,0,0,0,1,0,0,0,0,0,0,0,0,3,0,0,0,0,0,2,0,0,0,1,0,0,0,0,0,0,0,0,1,0,0,0,0,0,0,0,0,0,1,0,1,0,0,0,0,0,0,0,0,0,0,0,1,1,0,1,0,0,0,0,0,2,0,0,0,0,0,0,0,0,1,0,0,0,2,1,1,0,1,1,0,0,1,0,0,0,0,1,2,0,0,0,1,0,2,0,0,0,1,0,0,0,0,0,1,0,1,0,0,0,1,0,0,0,0,0,0,1,0,1,0,0,0,0,0,0,0,0,0,1,0,0,1,0,1,0,0,1,0,0,0,0,0,0,0,0,0,0,0,0,0,0,1,0,0,0,3,0,0,0,0,0,0,1,0,0,0,0,0,0,0,0,0,1,1,0,0,0,0,0,0,0,0,0,0,0,0,0,0,0,0,0,0,0,2,0,0,0,0,0,0,1,0,0,0,0,0,0,0,0,0,0,0,0,0,0,1,0,0,0,0,0,0,0,0,0,0,0,0,0,0,0,0,1,1,0,0,0,0,1,0,0,0,0,0,0,1,0,0,0,0,0,0,0,0,0,0,0,0,0,0,0,2,0,0,0,0,0,0,0,0,1,0,0,0,1,0,0,1,0,0,0,0,0,1,0,0,0,0,0,0,0,0,0,0,1,0,0,0,0,2,0,0,0,0,0,0,1,0,0,0,1,0,0,0,0,0,0,0,0,0,1,0,0,0,0,2,0,0,2,1,0,0,0,0,0,0,0,0,0,0,0,0,0,0,2,1,0,0,1,0,1,0,0,0,0,2,0,0,0,0,0,2,1,0,0,1,1,0,0,0,0,1,0,0,1,0,0,0,0,0,0,0,0,0,0,1,1,1,0,0,0,0,0,1,2,0,1,0,0,0,0,0,1,0,1,0,0,0,0,0,2,0,0,0,0,0,0,0,0,0,0,0,0,1,0,0,1,1,0,0,0,0,1,0,1,0,0,0,0,0,2,1,0,1,0,0,0,0,0,0,0,0,0,0,0,0,0,0,0,0,0,0,0,0,0,0,0,0,0,1,0,0,0,0,0,0,0,0,0,0,0,0,0,1,0,1,1,0,0,0,0,0,0,1,0,0,0,0,0,1,0,0,0,0,3,0,0,1,1,0,0,0,0,0,0,0,0,0,1,0,0,0,1,0,0,0,0,0,1,1,0,0,1,0,0,0,0,2,0,0,0,1,0,0,0,0,0,0,1,0,0,0,0,0,0,0,0,0,0,1,0,1,0,0,0,0,0,1,0,0,0,0,0,0,1,0,0,0,0,0,0,0,0,0,0,0,0,0,0,0,0,0,0,0,0,1,0,1,1,0,0,0,0,0,0,0,0,0,1,0,0,0,0,0,0,0,1,0,1,0,0,0,2,0,0,2,0,0,0,1,0,0,0,0,0,0,0,0,0,0,0,0,0,0,1,1,0,0,0,0,0,0,0,0,1,0,0,0,0,1,0,0,2,0,0,0,0,0,0,0,3,0,1,0,1,0,0,1,0,1,1,0,0,0,0,0,0,0,1,0,0,0,0,0,0,1,1,0,0,1,0,1,0,0,1,0,0,0,0,1,0,0,0,0,0,0,0,0,0,0,1,0,0,1,0,0,0,1,0,0,0,0,0,2,0,0,1,0,0,0,0,0,0,2,0,2,0,0,0,0,0,0,0,0,0,0,3,0,0,0,0,0,0,0,1,1,0,0,1,2,0,1,0,0,0,0,1,0,0,0,4,0,0,0,0,0,0,0,0,0,0,0,1,0,2,0,4,0,0,0,1,0,1,0,0,0,0,2,0,0,1,0,0,1,3,0,0,0,0,0,0,0,0,1,0,0,0,0,0,0,1,0,0,0,0,0,1,0,1,0,0,0,3,0,0,0,0,1,0,0,0,0,0,0,0,0,0,1,0,1,0,1,0,0,0,0,0,0,0,0,1,0,0,1,0,0,0,0,0,1,0,0,0,1,0,0,0,4,2,0,1,0,0,0,0,0,0,0,0,0,0,0,1,2,0,0,1,0,0,1,0,0,0,3,0,0,0,0,0,0,0,0,0,0,0,0,0,1,0,0,0,0,0,0,1,0,0,0,0,1,0,0,0,0,0,0,2,0,0,0,0,0,0,2,0,0,0,0,0,0,0,0,0,0,0,0,0,0,0,0,0,0,0,0,0,0,0,1,0,0,0,0,0,0,2,1,2,0,1,3,0,0,0,0,1,1,0,1,0,0,0,0,2,0,0,0,0,0,0,0,0,0,1,0,1,0,0,0,0,0,0,0,0,0,0,0,3,0,1,0,0,0,0,0,0,0,4,2,0,1,0,0,0,0,1,0,0,0,2,0,0,0,0,0,0,0,0,0,1,0,1,0,0,1,0,0,0,0,1,1,0,0,1,0,1,0,0,0,0,0,1,0,0,0,0,0,0,0,0,1,0,0,2,1,0,0,0,2,1,0,1,0,0,0,0,0,0,1,0,0,0,0,2,2,0,0,0,1,0,0,0,0,0,2,0,0,0,1,0,0,0,0,0,0,3,1,1,1,2,0,0,1,1,0,0,0,0,0,0,2,0,0,0,0,0,0,0,0,0,0,0,0,0,2,1,0,1,0,0,0,0,0,0,0,0,0,0,1,0,0,1,1,0,0,0,0,0,0,0,0,0,0,0,0,0,0,0,0,0,1,0,0,0,0,0,0,0,0,0,0,0,0,0,0,0,5,0,0,0,0,0,0,0,0,0,0,0,0,0,0,0,0,0,0,0,1,0,0,2,0,1,0,0,0,0,0,0,0,0,0,0,1,0,0,0,0,0,0,0,0,0,1,0,0,0,0,0,1,0,0,1,1,0,2,1,1,1,1,0,0,1,1,0,0,1,0,1,0,0,0,0,1,1,0,0,0,0,0,0,0,2,0,0,3,0,0,0,0,1,1,0,0,0,0,1,0,0,2,0,2,0,0,0,0,0,0,0,0,0,0,0,0,0,0,1,0,0,0,0,0,0,0,0,0,0,1,0,0,0,1,0,0,0,0,0,1,0,0,0,0,0,0,1,1,0,0,0,0,0,0,1,0,1,1,0,0,0,0,0,1,0,0,0,2,0,0,0,0,0,0,4,0,0,0,0,1,0,0,0,0,0,0,1,0,1,0,0,0,0,0,0,0,1,1,0,0,0,0,0,0,0,0
SGK1,0,0,0,0,0,2,0,0,0,0,0,0,1,0,0,0,0,0,0,0,0,0,0,0,0,0,0,0,0,0,0,0,0,0,0,0,0,0,1,0,0,0,1,0,0,0,0,1,0,0,0,0,0,0,0,0,0,0,0,0,0,0,0,0,0,0,0,0,0,0,0,0,0,0,0,0,0,1,0,0,0,0,0,0,0,0,0,0,0,0,0,0,0,1,0,2,0,0,1,0,0,0,0,0,0,0,0,0,0,0,0,0,1,0,0,0,0,0,1,0,0,4,0,0,0,0,0,0,0,0,0,0,0,0,0,0,0,0,0,0,0,0,0,0,0,0,6,1,0,0,0,0,0,0,0,0,0,0,0,0,0,0,0,1,0,0,1,0,1,1,0,0,0,0,0,0,0,0,1,0,0,0,0,0,5,0,0,0,0,1,6,0,0,0,0,0,0,0,0,0,0,0,0,0,1,0,0,0,0,0,0,0,0,0,0,0,0,0,0,0,0,0,0,0,0,0,0,0,0,0,0,0,0,0,4,0,0,0,0,0,1,0,0,0,0,0,0,0,3,3,0,1,0,0,0,0,0,0,0,1,1,0,0,1,0,0,0,0,0,1,0,0,0,0,0,0,0,0,0,0,0,0,0,0,0,0,0,0,0,0,0,0,0,0,0,0,0,0,1,0,0,0,0,0,1,0,0,0,2,0,0,0,1,0,0,0,0,0,0,0,0,0,0,0,0,0,0,0,0,0,0,0,0,0,0,0,0,0,0,2,0,0,2,0,0,0,0,0,0,0,0,0,0,0,0,0,0,0,0,0,0,0,0,2,0,0,0,0,0,0,0,0,0,0,0,0,0,0,0,1,1,0,0,0,0,0,0,0,0,0,0,0,0,1,0,0,0,0,0,0,1,0,0,0,0,0,0,0,0,0,0,0,2,0,0,2,0,0,0,0,1,0,0,0,1,0,0,0,0,0,0,0,0,0,0,0,2,0,0,1,0,0,0,0,0,2,0,0,0,0,0,0,0,0,1,0,0,1,1,0,0,1,0,0,0,0,0,0,0,0,1,3,0,0,0,0,2,1,0,0,0,0,0,0,0,0,0,0,0,0,0,0,0,0,0,0,0,0,0,0,0,1,0,0,0,0,0,0,0,0,0,0,0,0,0,0,0,0,0,0,0,1,0,0,0,1,0,0,0,0,1,0,0,0,1,0,0,2,0,0,0,0,0,0,0,0,1,0,0,1,0,1,0,0,0,3,0,0,0,0,0,0,0,0,0,0,0,0,0,0,0,0,0,0,0,0,0,0,0,0,0,0,0,1,0,0,0,0,0,0,0,0,0,1,0,0,0,0,0,0,0,0,0,0,0,0,0,0,0,0,1,0,0,0,0,0,0,0,1,3,0,1,0,0,0,0,0,2,0,1,0,0,0,0,1,0,0,0,0,0,0,0,0,0,0,0,0,0,0,1,0,0,0,0,0,1,0,0,0,0,2,0,0,0,0,0,0,0,0,0,0,0,0,0,0,0,0,0,0,0,0,0,0,0,0,0,0,0,0,0,0,0,0,0,0,0,0,0,0,0,0,0,0,0,0,0,0,0,0,0,0,0,0,0,2,1,0,0,0,0,0,0,0,0,0,0,0,0,0,0,0,0,0,0,0,0,1,0,0,0,0,0,0,1,0,0,0,0,0,0,0,0,0,0,0,0,0,0,0,0,0,2,0,0,2,0,0,0,0,0,0,0,0,0,0,0,0,0,0,0,3,0,0,0,0,0,0,0,0,0,0,0,0,0,0,0,0,0,0,1,0,0,0,0,0,0,0,0,0,0,0,1,0,2,0,0,1,0,0,0,0,0,0,0,0,0,0,0,0,0,0,0,0,0,0,0,0,0,0,0,0,0,0,0,0,0,0,0,0,0,0,0,0,0,0,0,0,0,0,0,0,0,0,0,0,0,0,0,0,0,0,0,0,0,0,0,0,0,0,3,0,0,0,0,1,0,0,0,0,0,0,0,0,0,0,0,0,0,1,0,0,0,0,0,0,0,0,0,0,2,1,0,0,0,0,0,0,0,0,0,0,0,0,0,0,3,0,0,0,1,0,0,0,1,0,0,0,0,0,0,0,0,0,0,0,0,0,0,0,0,1,0,0,0,0,0,0,0,0,1,0,0,0,0,2,1,0,0,0,0,1,1,0,0,0,0,0,0,1,0,0,0,0,0,0,0,0,0,0,0,0,1,0,0,0,0,0,0,0,0,0,1,0,0,0,0,0,0,0,0,0,0,1,1,0,0,0,0,1,0,0,0,0,0,0,0,0,0,0,0,0,0,0,0,0,0,0,1,1,0,0,0,0,0,0,0,0,0,0,0,0,0,1,0,0,0,1,0,0,0,0,0,0,0,0,0,1,0,0,0,1,0,0,0,0,0,0,1,1,0,0,0,0,0,0,0,0,0,0,0,1,0,0,0,0,0,0,0,0,0,0,0,0,0,0,0,0,1,0,0,0,0,0,0,0,0,0,0,0,0,0,0,2,0,0,0,0,0,2,0,0,0,0,0,0,0,0,0,0,0,0,0,0,0,0,0,0,0,0,0,1,0,0,0,0,0,0,0,0,0,0,0,0,0,0,0,0,0,0,0,0,0,0,0,0,0,2,0,0,1,0,0,0,0,0,0,0,0,0,0,0,0,0,0,0,0,1,0,0,0,0,0,0,0,0,0,0,1,0,2,0,0,0,1,0,0,0,0,0,0,0,1,0,0,0,0,0,2,0,0,0,3,0,0,0,0,2,0,0,0,0,1,0,0,0,0,0,0,0,0,0,0,0,0,0,0,0,0,0,0,0,0,0,0,0,0,0,0,0,0,0,2,0,0,0,0,2,0,1,0,3,0,0,0,0,2,0,0,0,0,0,0,0,0,0,0,0,0,1,0,1,0,0,0,0,0,0,0,0,0,0,0,0,0,0,0,0,0,0,0,0,0,0,0,0,0,0,0,0,3,0,0,0,0,0,0,1,1,0,0,0,0,0,0,0,1,0,0,0,0,0,0,0,0,0,0,0,0,2,0,0,0,0,1,2,1,0,0,0,0,0,0,0,1,0,0,0,0,0,1,0,0,0,0,0,0,0,0,0,0,0,0,0,0,0,1,0,1,0,0,0,0,0,0,1,0,0,0,0,0,0,0,0,0,0,0,0,0,0,0,1,0,0,0,1,0,0,0,0,0,0,0,0,0,0,0,0,0,0,0,0,0,0,0,0,0,0,0,0,2,0,0,0,0,0,1,0,0,0,0,0,0,1,0,0,0,0,0,0,0,0,0,0,0,2,0,0,0,0,0,0,0,0,0,0,1,1,0,0,0,0,0,0,0,0,0,0,0,1,0,0,1,0,0,0,1,1,0,0,0,0,0,1,0,0,0,0,0,0,0,0,1,0,0,0,0,0,0,0,0,0,0,0,0,0,0
LDLRAP1,2,0,0,0,0,0,0,1,0,1,0,0,0,1,0,0,0,0,0,2,0,2,0,0,0,0,2,0,0,0,0,0,0,0,0,0,0,0,0,0,1,0,0,0,0,0,0,0,0,0,0,0,0,0,1,0,0,0,1,0,0,0,2,0,0,1,1,0,0,1,0,0,0,0,0,0,0,0,0,0,2,0,0,0,0,0,0,0,0,0,1,0,0,0,1,0,1,0,0,0,0,1,0,2,0,0,0,0,0,0,0,0,0,0,1,3,1,0,0,0,0,0,1,0,0,0,0,0,0,0,0,1,0,0,0,0,0,0,0,0,0,0,0,0,0,0,0,0,0,0,0,0,0,0,0,1,0,0,1,0,0,0,0,0,0,0,0,0,0,0,0,0,0,1,0,0,0,1,0,3,0,2,0,0,0,0,0,2,0,0,0,1,0,1,1,0,1,0,0,0,0,0,0,0,0,0,2,1,0,1,0,0,0,0,0,0,2,0,0,0,0,0,1,0,0,0,0,0,1,3,1,0,0,0,0,0,0,0,0,0,0,0,0,0,0,0,0,0,0,0,0,0,0,0,0,0,2,0,0,0,3,0,0,0,1,0,1,0,2,0,0,0,0,0,1,0,0,0,0,0,0,0,0,0,2,2,1,0,0,1,1,0,0,0,0,1,0,1,0,0,2,0,0,0,0,0,2,0,0,1,1,0,1,0,0,1,1,1,0,0,0,0,1,0,0,0,0,1,0,0,0,0,0,0,0,1,0,0,1,0,0,0,0,0,0,1,1,0,0,0,0,2,0,2,0,0,0,1,0,0,0,0,0,0,0,0,1,1,1,0,0,0,0,1,1,0,1,0,0,0,0,0,2,1,0,0,0,2,0,0,0,0,1,0,0,0,0,0,0,0,0,0,0,2,0,0,0,0,0,0,0,0,0,1,0,0,1,0,0,0,0,0,0,0,0,1,0,0,0,1,0,0,0,0,0,0,0,0,0,0,0,2,0,0,0,0,0,0,0,0,0,0,0,0,0,0,0,3,1,0,0,2,2,0,0,1,0,1,1,0,0,0,0,0,0,0,0,0,0,1,0,1,0,0,0,1,0,1,0,0,1,1,1,0,0,0,1,1,0,0,0,0,0,0,0,1,1,0,0,0,0,0,0,1,1,0,0,0,0,0,1,1,0,0,0,0,0,0,0,0,0,2,0,0,1,0,0,0,0,0,0,0,1,0,0,0,0,0,1,0,0,0,0,0,0,0,0,0,1,0,0,0,0,0,1,1,1,1,0,0,2,0,1,0,0,0,0,0,0,0,0,0,0,0,0,1,0,1,0,0,1,0,0,0,0,0,1,0,0,0,0,0,0,1,0,0,0,0,2,1,0,0,0,0,0,3,1,0,0,0,0,0,0,0,0,0,0,0,0,0,0,2,0,0,0,0,1,2,0,0,1,0,0,0,0,1,0,2,1,0,0,3,0,0,0,0,0,0,0,0,0,0,1,0,0,0,0,0,0,0,2,1,0,0,2,0,0,0,3,0,0,0,1,1,0,0,0,0,0,1,3,0,1,0,1,0,0,0,0,0,1,0,0,1,0,1,1,1,1,0,0,0,0,0,0,1,0,2,0,1,1,0,0,0,0,1,1,1,1,0,0,0,0,1,0,2,0,0,1,0,0,1,0,0,0,0,0,0,0,0,0,2,1,2,0,0,3,0,0,1,0,0,1,0,0,0,0,1,0,0,0,1,1,0,0,0,0,0,0,0,0,1,1,0,0,0,0,2,1,0,0,0,0,0,0,1,1,1,0,1,2,0,0,1,1,1,0,0,0,0,0,0,1,0,0,3,0,0,0,0,0,0,0,0,0,0,1,0,0,0,1,0,0,0,1,1,1,1,0,0,0,0,0,0,0,0,0,0,0,0,0,0,0,1,0,0,0,0,0,0,3,2,1,1,0,0,4,0,0,0,0,0,0,0,1,0,0,0,0,0,0,0,0,0,0,0,1,0,0,0,1,2,0,0,0,0,0,1,0,0,0,1,1,0,1,0,0,0,0,0,1,0,2,1,0,0,0,2,1,0,0,0,0,0,0,0,1,0,0,0,0,0,0,0,0,0,0,0,0,1,0,0,0,0,0,0,0,0,0,0,0,1,0,0,0,0,0,0,0,1,0,0,0,0,0,0,0,0,1,0,2,0,0,0,1,0,2,1,0,1,0,1,0,0,0,3,1,0,1,0,0,0,1,0,0,0,0,0,0,1,0,0,1,0,2,1,0,0,0,0,0,0,0,1,0,2,0,0,0,0,0,0,0,2,1,1,0,0,0,2,0,0,0,0,0,0,1,0,0,0,0,0,0,0,2,1,2,1,0,1,0,0,0,0,0,0,0,5,1,1,2,0,0,0,0,0,0,0,0,0,0,0,0,0,3,0,2,0,0,0,0,0,0,2,0,0,0,0,0,0,0,0,0,0,2,0,0,0,0,2,0,0,0,0,0,1,0,0,0,0,0,0,0,0,0,1,0,0,0,0,1,0,0,0,0,0,0,1,0,0,1,0,0,1,0,0,0,0,0,0,0,1,1,0,0,0,0,0,0,0,0,0,0,0,0,0,1,0,0,1,0,0,1,0,2,1,0,0,0,1,0,1,1,0,0,0,0,0,0,0,1,0,0,2,0,1,0,0,0,0,0,0,0,0,0,0,0,0,0,1,0,1,0,1,0,0,0,0,1,0,0,1,0,0,0,0,0,0,1,0,3,0,1,1,0,0,0,0,0,0,0,0,1,0,0,0,0,1,0,1,0,0,0,0,2,0,0,0,0,1,0,2,0,0,0,0,0,1,1,0,2,2,0,0,1,0,0,0,1,4,0,0,0,0,1,0,0,0,0,0,0,0,0,1,0,0,0,1,0,0,0,0,2,0,0,0,0,0,0,0,0,0,0,0,0,0,0,0,0,0,0,0,3,0,0,1,0,0,0,0,1,0,0,0,1,1,1,1,1,0,0,1,0,2,0,1,0,0,0,0,0,0,2,0,1,0,0,0,0,0,0,0,0,1,0,0,0,0,0,1,2,0,0,0,0,0,0,1,0,0,0,0,2,1,0,1,0,0,0,0,0,0,0,0,0,0,0,0,0,1,0,0,0,0,1,1,1,0,0,0,0,0,0,1,0,0,0,2,0,0,1,0,0,0,0,0,0,0,1,1,0,0,0,0,1,0,1,1,0,0,0,0,0,1,1,1,0,0,0,0,0,1,0,1,0,0,0,0,0,0,0,0,1,0,1,0,0,0,0,2,1,2,0,0,1,1,0,0,0,0,0,0,0,0,0,0,0,0,1,0,0,0,0,0,1,0,1,0,0,0,0,1,0,0,0,0,0,1,0,0,0,0,0,0,0,2,0,0,1,0,0,1,3,1,1,0,1,2,0,1,0,0,0,1,0,0,0,0,0,1,0,0,1,1,1,0
SPOCK2,1,0,1,0,0,0,0,0,0,0,0,0,0,0,2,1,1,0,0,0,0,1,0,0,0,0,0,1,2,1,1,0,1,0,0,0,0,0,0,0,2,1,0,0,0,0,1,0,0,1,1,2,0,0,0,0,0,1,1,1,0,0,0,0,0,1,0,0,0,0,1,0,0,0,0,1,0,0,0,0,0,2,0,0,0,1,2,0,2,0,0,1,1,0,1,0,1,0,0,1,1,1,0,1,1,0,0,1,0,0,2,1,0,0,0,0,0,0,0,0,0,0,0,0,0,1,0,0,0,1,0,0,0,0,0,0,0,1,0,0,0,2,0,0,0,0,0,0,3,0,0,0,0,0,0,0,0,0,0,0,0,1,0,0,0,1,1,1,0,0,3,0,1,0,0,0,0,0,0,0,1,2,0,0,0,0,1,0,0,0,0,0,0,1,1,1,0,1,0,1,0,1,0,0,0,1,0,1,0,1,0,0,0,0,0,0,1,2,0,0,0,0,0,0,3,0,1,0,0,2,1,2,0,1,0,0,0,0,0,0,0,1,0,0,0,0,0,0,0,0,0,0,0,0,0,0,0,1,0,0,1,0,0,0,0,0,0,0,0,3,1,0,1,0,0,0,0,0,0,0,0,0,1,0,0,1,0,0,0,1,0,0,0,2,0,0,0,0,0,0,0,0,1,1,0,0,1,0,0,0,0,1,0,1,0,0,1,1,0,1,0,0,0,1,0,0,0,0,1,1,0,0,0,0,0,0,1,0,0,0,0,0,0,1,0,2,1,0,0,0,0,1,2,1,1,0,1,1,0,0,1,0,1,0,1,0,0,0,1,0,1,0,0,2,0,0,1,1,1,0,0,0,0,2,1,0,0,1,0,0,0,0,0,0,0,0,0,1,0,1,0,0,0,2,0,0,0,1,0,0,4,0,0,1,2,0,0,0,1,0,0,0,0,0,0,0,0,0,0,2,0,1,4,0,0,0,0,3,0,0,0,0,0,1,0,0,0,0,0,1,0,0,0,2,0,2,0,0,0,0,0,0,0,0,2,0,0,0,0,0,0,0,1,2,1,0,0,1,0,0,0,0,0,1,0,1,0,0,1,0,0,0,0,0,1,0,2,0,2,0,0,0,3,0,1,0,1,0,0,0,0,1,0,0,0,0,0,1,1,0,0,0,0,0,0,0,0,0,0,2,0,1,0,1,2,0,0,0,1,0,0,0,1,0,0,1,0,2,1,0,1,0,0,1,0,0,0,0,0,0,0,2,0,0,1,0,0,0,0,0,2,1,0,0,0,0,0,0,0,1,1,0,1,0,1,0,0,1,0,0,0,0,0,0,0,0,0,0,1,1,1,0,0,1,3,0,0,0,0,0,0,0,0,2,1,2,0,3,0,0,0,0,0,0,0,0,2,0,0,2,0,3,1,2,0,0,1,2,1,0,0,0,2,0,0,0,0,1,0,0,0,0,0,0,0,0,0,0,0,0,0,1,1,0,0,3,0,0,0,1,0,1,0,1,2,0,0,0,0,1,0,0,2,2,0,1,0,0,0,1,0,0,1,0,0,0,1,1,1,0,1,1,0,0,1,0,0,0,1,0,1,2,0,1,0,1,0,1,0,1,1,0,1,2,0,1,2,0,0,0,0,1,0,1,0,0,0,1,0,0,0,3,3,0,0,0,0,1,1,0,1,0,0,1,0,1,1,0,0,0,0,0,2,1,0,0,1,0,0,2,1,3,0,0,0,0,0,0,0,2,1,0,1,1,0,0,3,0,1,0,1,2,0,0,0,1,0,1,0,1,0,0,0,1,0,0,1,0,0,0,2,0,2,0,0,0,0,1,2,0,0,1,0,0,0,1,0,0,1,0,0,0,1,0,1,0,0,1,0,0,0,0,1,0,0,0,0,0,1,0,0,0,0,0,0,0,0,0,0,1,0,1,0,0,1,0,1,0,1,0,1,0,0,1,1,0,0,2,0,0,0,0,0,0,0,1,0,1,0,0,0,1,2,0,0,0,0,1,0,0,0,0,0,0,0,0,0,0,0,0,0,0,2,0,0,0,0,1,1,0,0,0,0,1,1,0,0,0,0,0,0,0,0,0,0,0,0,0,0,0,0,0,4,0,0,3,2,0,0,1,0,0,0,0,5,0,1,1,0,0,1,1,1,0,0,0,1,0,0,0,0,0,0,0,0,0,0,0,0,0,1,0,0,0,0,1,0,1,1,2,1,1,0,0,0,1,0,0,0,0,0,0,1,0,1,0,0,0,0,0,2,0,0,0,1,1,0,0,0,0,0,0,0,1,1,1,0,0,0,0,0,0,0,0,0,0,1,0,0,1,1,1,2,0,1,0,0,0,0,2,1,0,2,1,0,0,0,1,0,1,0,2,0,0,0,1,0,0,0,0,0,3,0,0,0,0,2,0,0,0,0,0,0,0,0,0,0,0,1,0,0,3,1,0,0,1,0,1,0,0,0,1,0,0,0,0,3,0,0,1,0,0,1,1,0,1,0,0,0,0,1,0,0,0,0,0,0,2,0,0,0,0,1,0,0,0,0,0,1,0,2,0,0,0,0,0,0,0,0,0,0,0,0,0,1,0,0,0,2,0,3,1,0,0,0,2,0,0,0,0,0,0,1,0,0,0,0,1,0,0,0,0,0,0,0,1,0,3,0,0,0,2,0,0,3,2,0,0,0,0,0,0,0,0,0,1,0,0,0,0,0,0,0,0,2,3,0,1,0,0,1,0,1,1,0,0,0,0,0,0,0,0,0,0,0,0,0,0,2,2,1,1,2,1,0,0,1,0,0,0,0,0,0,0,0,0,0,0,3,2,0,0,0,0,1,0,0,2,0,0,0,0,1,0,0,0,0,1,0,0,0,0,0,2,0,0,2,2,0,0,1,1,0,0,0,0,0,0,0,0,0,0,0,0,0,2,0,1,0,0,0,0,0,0,1,0,0,0,0,0,0,0,0,0,0,0,1,2,0,1,1,0,1,0,1,1,2,1,5,0,0,0,0,0,0,0,0,0,0,0,0,3,1,1,0,2,0,1,0,1,0,0,0,0,0,0,0,2,0,0,0,0,1,1,0,0,0,1,0,0,2,0,1,1,0,1,1,0,0,0,0,0,1,0,0,0,2,0,0,0,1,0,0,0,2,0,0,1,0,0,1,0,1,0,0,0,0,0,1,0,0,0,0,0,1,0,1,0,0,1,0,0,1,0,1,0,0,2,2,0,1,2,1,0,0,0,1,0,3,0,1,0,0,0,0,0,2,0,0,2,0,1,0,0,0,0,0,0,1,0,0,1,0,0,0,1,1,1,1,0,1,1,0,0,0,0,0,0,1,0,1,5,0,1,0,1,2,1,0,1,0,0,1,1,0,0,0,1,0,0,1,0,1,0,2,0,0,1,1,0,0,0,0,0,0,1,0,0,1,1,0,5,1,0,0,1
CCDC50,0,0,0,0,0,0,0,0,0,0,1,0,0,0,0,0,0,0,0,0,0,0,0,0,0,0,0,0,0,1,0,0,1,4,0,0,0,0,0,1,0,0,0,0,0,0,0,0,0,0,0,0,0,0,0,2,0,0,0,0,0,0,0,0,0,0,0,0,0,0,0,0,0,0,0,0,0,0,0,0,0,0,0,0,0,0,0,0,0,0,5,0,0,1,0,0,0,0,0,5,0,0,0,0,0,0,0,0,0,0,0,0,0,0,0,0,0,0,0,0,0,0,0,0,0,0,0,0,0,0,0,0,0,0,0,0,0,0,0,0,0,0,0,0,3,0,2,0,0,1,1,0,0,0,0,0,0,0,0,0,0,0,0,0,0,0,0,0,0,1,0,0,0,0,0,0,0,0,0,0,0,0,0,0,0,0,0,0,1,0,0,1,0,0,0,1,0,0,0,1,0,0,0,0,0,0,0,0,0,0,0,0,0,0,0,0,0,0,12,0,0,0,8,0,0,0,0,1,0,0,0,0,1,0,0,0,0,1,0,0,0,0,0,0,0,0,0,0,0,0,0,0,0,0,1,0,0,0,0,0,0,0,0,1,0,0,0,0,0,0,0,1,1,0,0,0,0,1,1,0,0,0,0,0,0,0,0,0,0,0,0,0,0,0,0,0,0,0,2,0,0,0,0,0,0,0,0,0,0,0,0,0,0,0,0,1,0,0,1,0,0,0,0,0,0,0,0,0,0,0,0,0,0,0,0,0,0,0,0,0,0,0,0,0,0,0,0,0,0,0,1,0,1,0,0,0,0,0,0,0,0,0,0,0,0,0,1,0,0,0,0,0,0,0,0,2,0,0,0,0,1,0,0,0,0,0,0,3,0,0,0,1,0,0,0,0,3,0,0,0,0,0,0,0,0,0,0,0,0,2,0,0,0,0,0,0,0,1,0,0,0,0,0,0,0,0,0,0,0,0,1,0,0,0,0,0,0,0,0,0,0,0,2,0,0,0,0,0,0,0,0,0,0,0,0,0,0,0,0,0,6,0,0,0,0,1,0,0,0,0,0,0,0,0,0,0,0,0,2,0,0,0,0,0,0,0,0,0,0,0,0,0,0,1,0,0,0,0,0,0,0,0,0,0,0,0,0,1,0,0,0,0,0,0,0,0,0,0,0,0,0,0,0,0,0,0,0,1,0,0,1,0,0,0,0,0,0,0,0,0,0,0,0,0,0,0,0,0,1,0,0,0,0,0,0,0,0,0,0,0,3,0,0,0,0,0,0,0,0,0,0,0,0,0,0,0,0,0,0,0,0,0,0,0,0,0,0,0,1,0,0,0,0,0,0,0,0,0,0,0,0,1,0,0,0,1,0,0,0,0,0,0,0,0,0,0,0,0,0,0,0,0,0,0,0,0,0,0,0,0,0,0,0,0,0,0,0,0,0,0,0,0,0,0,0,1,4,0,0,0,0,0,0,0,0,0,1,0,0,0,0,0,0,0,0,0,0,0,0,1,0,0,0,0,0,0,0,0,0,0,0,1,0,0,0,0,0,0,0,0,0,0,0,0,0,0,0,0,0,0,0,0,13,0,0,0,0,0,0,0,0,0,0,0,0,0,0,0,0,1,0,0,0,0,0,0,0,0,0,0,0,0,0,0,4,0,0,0,0,0,0,0,0,0,0,0,1,0,0,0,0,0,0,0,0,0,0,0,0,0,0,0,0,0,0,0,0,0,0,0,0,0,0,0,0,0,0,0,0,0,1,0,0,0,0,0,0,0,0,0,0,0,0,0,0,0,0,0,0,0,0,0,0,0,0,0,0,0,1,0,0,0,0,0,0,0,0,0,0,0,0,0,0,0,0,0,0,0,0,0,0,0,0,0,0,0,0,0,1,0,1,0,0,0,0,4,0,0,0,0,1,0,0,0,0,0,0,0,0,0,0,0,0,0,1,0,1,0,0,0,1,0,0,0,0,0,0,0,0,0,0,0,0,0,0,0,0,0,1,0,0,0,0,0,0,0,0,0,0,0,1,0,0,0,0,0,0,0,2,2,0,0,0,0,0,0,0,0,0,0,0,2,0,0,2,0,0,0,0,0,0,0,0,0,0,0,0,0,0,0,0,0,0,0,0,0,0,0,0,0,0,0,0,0,0,0,1,0,0,0,0,0,0,1,0,0,0,0,4,0,0,3,0,0,0,0,0,0,0,0,0,0,0,0,0,0,0,0,0,0,1,0,0,0,0,0,0,0,1,0,0,0,0,0,0,0,0,0,0,0,0,0,0,0,0,0,0,0,0,0,0,1,0,0,0,0,0,0,0,0,6,0,0,0,0,0,0,0,0,0,0,0,0,0,0,0,0,0,0,0,0,0,0,0,0,0,0,0,0,0,0,0,0,0,0,0,0,0,0,0,0,0,0,0,0,5,0,0,0,0,6,0,0,0,0,0,0,0,1,0,0,0,0,0,0,0,0,0,0,0,0,0,0,0,0,0,0,0,0,0,0,0,4,0,0,0,0,0,0,0,1,0,1,0,0,0,0,0,0,0,0,0,0,0,0,0,0,0,0,0,0,0,0,0,0,0,0,0,7,0,0,2,3,0,0,0,0,0,0,0,0,0,0,0,0,0,0,0,0,0,0,0,0,0,6,0,1,0,1,1,0,0,0,0,0,0,0,0,0,0,0,0,0,0,0,0,1,0,1,0,0,0,0,0,0,0,0,0,0,0,1,0,0,0,0,0,0,0,0,0,0,0,0,0,0,0,0,0,0,0,0,0,0,0,0,7,0,0,0,0,0,0,0,0,0,0,2,0,0,0,0,0,0,0,0,0,0,0,0,0,0,0,0,0,0,1,0,0,0,0,0,0,0,0,0,0,0,0,0,0,0,0,0,0,0,0,0,0,0,0,0,0,0,0,0,0,0,0,0,0,0,0,0,0,0,0,0,0,0,0,0,0,0,0,0,0,1,0,0,1,0,0,0,0,0,0,0,0,0,0,0,0,0,0,0,0,0,0,1,0,2,1,0,0,1,2,0,0,0,0,0,0,0,0,0,0,1,0,0,0,0,1,0,0,0,0,0,1,0,0,0,0,0,0,4,0,0,0,0,1,0,0,0,0,0,0,0,0,0,5,1,0,0,0,0,0,0,0,0,3,0,0,0,0,0,0,0,0,0,3,0,0,0,0,0,0,0,1,0,0,0,0,0,1,0,0,0,0,0,0,0,0,0,0,0,0,0,0,0,0,0,0,0,0,0,0,0,0,0,0,0,0,0,0,0,0,0,0,0,0,0,0,0,0,0,0,0,0,0,0,0,0,0,0,0,0,0,0,0,0,0,0,0,0,0,0,0,1,0,0,0,0,0,0,0,0,0,0,0,0,0,0,0,0,0,0,0,0,0,0,0,0,0,0,0,0,0,0,0,0,0,0,1,0,0,0,0,2,1,0,0,1,0,0,0,0
FHIT,0,0,0,0,0,0,0,1,0,0,0,0,0,1,0,0,0,0,0,0,0,0,0,0,0,0,0,0,0,0,0,0,0,0,0,0,0,0,0,0,0,0,0,0,0,0,1,0,1,0,0,1,0,0,0,0,0,0,0,0,1,0,0,0,1,0,3,0,0,2,0,0,0,0,0,0,0,0,0,0,0,0,0,0,0,0,1,0,0,1,0,0,0,0,0,1,0,0,0,0,0,0,0,0,0,0,0,0,0,0,0,0,0,0,1,1,0,0,0,0,1,0,0,0,0,0,0,0,0,0,0,0,0,0,0,2,0,0,0,1,0,0,0,0,0,0,0,0,1,0,0,0,0,0,0,2,0,0,0,0,0,0,0,0,0,0,0,1,1,0,0,0,0,0,0,1,0,2,0,0,0,1,0,0,0,0,1,0,0,0,0,0,0,1,0,0,0,0,0,0,0,0,0,0,0,0,0,1,0,1,0,0,0,0,0,0,0,0,0,0,1,0,0,0,1,0,0,0,1,1,0,0,0,1,0,1,0,0,0,0,0,0,0,0,0,0,0,0,0,0,0,1,0,0,0,0,1,0,0,0,2,0,0,0,1,0,0,0,0,0,0,0,0,0,1,0,0,0,0,0,0,0,0,0,3,0,0,0,0,0,1,0,0,0,0,0,0,1,0,0,0,0,0,2,0,0,0,0,0,2,0,0,1,0,0,0,0,0,0,0,0,0,0,0,0,0,0,1,0,1,0,0,1,0,0,0,0,0,0,0,0,0,0,0,0,0,1,0,0,0,0,1,1,0,0,0,0,2,0,0,0,0,0,0,0,0,0,0,0,1,0,0,0,1,0,0,3,2,1,0,0,1,0,0,0,0,0,0,0,0,1,0,0,0,1,0,0,0,0,0,0,0,0,0,0,0,0,0,0,0,0,0,0,0,1,0,0,0,2,0,0,0,0,0,0,1,0,0,0,0,0,0,0,0,0,0,0,0,0,0,0,0,0,0,0,0,0,1,0,0,0,0,0,0,0,0,0,0,0,0,0,0,0,0,0,0,1,0,0,0,1,0,0,0,0,0,0,0,0,0,0,0,0,0,1,0,0,1,0,0,1,0,0,0,0,0,0,0,0,0,0,0,1,0,0,2,0,0,0,0,0,0,0,0,0,0,0,0,0,0,0,0,0,0,0,0,0,0,0,1,0,0,0,0,0,0,0,0,2,0,3,0,0,0,0,0,0,1,0,1,0,0,0,0,0,0,0,0,0,0,0,0,0,0,1,0,0,1,0,0,0,0,1,0,0,0,0,0,0,0,0,0,2,0,0,0,0,0,0,0,0,0,0,0,0,0,1,0,0,0,0,0,0,0,0,0,0,0,0,0,0,0,0,1,0,1,0,1,0,1,1,0,0,0,0,0,2,1,2,1,0,1,0,0,0,0,1,2,0,0,1,0,2,0,0,0,0,0,1,0,0,0,0,0,0,0,0,2,0,0,0,0,0,0,1,0,0,0,2,0,0,0,1,0,1,0,0,0,1,0,0,0,0,0,0,1,0,0,0,0,0,2,0,0,1,0,0,0,0,0,0,0,0,0,0,0,0,1,0,1,0,0,0,0,0,1,0,0,0,1,1,0,0,1,0,0,0,0,0,0,0,0,0,0,0,0,0,0,0,0,0,0,0,0,0,0,0,0,0,0,0,0,0,0,0,0,0,0,0,1,0,0,0,0,0,0,0,0,0,2,0,0,0,0,0,0,0,0,0,0,0,0,0,0,0,0,0,0,0,0,0,1,0,0,0,0,0,0,0,1,0,0,0,1,0,0,0,0,1,0,1,0,0,0,2,0,0,0,0,0,0,0,0,0,0,0,0,1,0,0,0,0,0,0,1,0,0,0,0,0,0,0,0,0,0,0,0,0,0,0,0,0,0,0,0,0,0,0,1,0,0,0,1,2,0,0,0,0,0,0,0,0,0,0,2,1,0,0,0,0,0,0,0,0,0,0,0,0,0,0,0,1,0,0,0,0,0,1,0,0,0,0,0,0,3,1,0,0,0,0,0,0,0,0,0,0,0,1,3,0,0,0,0,0,0,0,0,0,0,0,0,0,2,0,0,0,0,0,0,1,0,0,0,0,0,0,0,0,0,0,0,1,0,0,0,0,0,0,0,0,0,0,0,0,0,0,0,1,0,0,1,0,0,0,0,0,2,0,0,0,0,0,0,0,0,0,1,1,0,1,0,1,0,0,0,0,1,0,0,2,0,0,0,0,0,0,2,0,1,3,0,0,0,0,2,0,0,0,0,0,0,0,0,0,0,0,0,0,1,3,0,0,0,0,0,0,2,0,0,0,0,0,0,0,0,0,2,0,1,0,0,0,1,0,0,0,0,0,0,0,0,0,0,0,0,0,0,0,0,0,0,0,0,0,0,0,2,0,0,0,0,0,0,1,0,0,0,0,0,0,0,0,0,0,1,0,0,0,0,0,0,0,0,0,0,0,0,0,0,0,0,0,0,1,0,0,0,1,0,0,1,0,0,0,0,1,0,0,1,0,0,0,0,0,0,0,0,0,0,0,0,0,0,0,0,0,0,0,0,0,0,0,0,0,0,0,0,0,0,0,0,1,0,0,0,0,0,1,0,0,0,0,1,0,0,0,0,1,1,0,1,0,0,0,0,0,0,1,0,0,0,0,0,1,0,0,0,0,0,0,0,0,0,0,0,0,0,0,0,0,0,0,0,0,0,1,0,0,1,0,0,0,0,2,0,0,0,0,0,0,0,0,0,0,0,1,0,0,0,0,0,0,0,0,0,0,0,0,0,0,0,1,0,0,0,0,0,0,0,0,3,0,0,0,0,0,0,0,2,1,0,0,0,0,0,0,0,0,0,1,0,0,0,2,0,0,0,0,0,0,0,0,0,0,0,0,0,1,0,0,0,0,1,0,0,0,0,0,0,0,0,0,1,0,0,0,0,2,0,0,0,0,0,0,0,1,0,3,0,0,1,0,3,0,0,1,0,0,0,0,0,0,0,0,2,0,0,0,0,0,2,1,0,0,0,1,0,0,0,0,1,0,0,0,0,0,0,0,1,0,0,0,0,1,0,0,0,0,0,0,0,0,0,0,0,1,1,0,0,0,0,0,0,1,1,0,0,0,0,0,0,0,0,0,0,0,0,3,0,0,1,0,0,1,0,0,0,0,0,0,0,0,0,0,0,0,3,1,0,0,0,0,1,0,1,1,0,0,0,0,0,0,0,0,0,0,0,1,0,0,0,0,0,0,0,0,2,0,0,0,0,0,0,0,0,0,0,0,0,0,0,0,0,1,0,0,0,0,0,0,0,1,0,0,0,0,1,0,0,0,0,0,0,0,0,0,1,0,0,0,0,0,0,0,0,0,0,0,0,0,0,1,0,0,0,0,0,0,0,1,0,0,0,0,0,3,0,0,0,0,0,0,6,0,0,0
C16orf54,0,0,0,0,0,0,0,2,0,0,1,0,0,0,1,0,0,0,0,0,3,0,0,0,0,3,0,0,0,0,1,0,0,0,0,0,0,0,0,0,0,0,1,1,0,0,0,0,0,0,0,0,0,0,1,0,0,0,0,0,0,0,0,0,0,2,1,0,1,0,0,0,1,1,1,0,1,0,0,1,0,1,0,0,0,4,0,0,0,0,0,1,0,0,0,0,1,0,0,0,1,1,1,1,0,0,0,0,0,0,0,0,0,0,1,0,0,1,0,1,1,0,1,0,1,1,0,0,0,1,0,0,3,1,1,2,0,0,0,0,0,0,0,0,0,1,0,0,0,2,0,0,0,0,0,0,0,1,1,0,0,0,0,0,2,2,0,1,0,1,0,1,0,0,0,0,1,1,0,0,0,0,0,0,1,0,0,0,0,0,0,2,1,0,0,0,1,0,0,0,0,0,1,0,3,0,0,1,3,0,1,0,0,0,0,0,0,1,0,0,1,0,0,0,0,1,0,0,0,0,0,0,1,1,0,0,0,0,1,0,0,0,0,1,0,0,1,0,0,1,0,1,0,0,0,0,0,0,0,0,1,1,3,0,0,1,0,0,0,0,0,0,0,0,0,0,0,1,0,0,0,0,0,0,0,0,0,0,0,0,0,0,0,0,0,1,0,0,0,0,2,0,1,0,0,1,0,1,1,0,0,0,0,0,0,1,0,0,0,0,0,0,0,0,0,0,0,0,0,0,0,1,0,0,0,0,1,0,0,0,1,1,0,0,0,1,1,0,0,1,1,1,0,1,0,0,0,1,0,0,1,0,0,0,0,2,1,0,1,1,0,0,0,1,0,0,0,2,0,0,1,0,0,0,0,0,0,2,0,1,0,0,0,0,0,0,0,1,0,0,1,0,0,0,0,0,0,1,0,0,0,1,0,0,0,1,0,0,1,0,0,0,1,2,0,1,0,1,0,1,0,0,0,1,0,1,0,0,0,0,0,0,0,0,0,0,0,0,0,0,2,0,0,0,0,1,0,0,0,0,0,0,0,0,0,2,3,1,0,0,1,0,0,0,0,1,1,1,0,0,0,1,0,1,0,0,1,2,0,0,0,0,0,0,1,0,0,1,0,0,0,0,1,0,0,0,0,0,0,1,0,0,0,0,0,0,0,0,0,0,0,1,1,1,0,0,0,0,1,0,1,0,0,1,0,1,1,0,0,0,0,1,0,2,0,0,0,0,0,0,0,0,0,1,0,0,1,1,1,0,0,0,0,0,0,0,0,0,0,0,0,0,0,0,0,0,1,0,0,0,1,0,0,1,0,1,0,0,0,0,3,0,3,0,0,1,4,0,0,0,2,1,0,0,0,0,0,0,1,0,0,0,0,0,0,0,1,0,0,0,0,1,1,0,2,0,0,0,0,0,0,0,2,0,0,1,0,0,1,0,0,0,0,0,0,1,0,0,0,0,0,0,1,0,0,0,0,0,0,0,0,0,0,2,3,0,0,1,1,0,1,0,0,2,0,0,0,0,1,0,1,0,0,0,0,0,1,0,0,0,0,1,0,0,2,0,1,0,0,0,1,0,0,0,0,0,0,0,0,2,2,0,0,0,0,0,0,0,0,3,0,0,0,0,0,0,0,0,1,3,0,0,0,1,0,0,0,0,0,0,0,2,0,0,0,0,0,1,0,0,0,2,1,0,0,0,0,0,0,0,0,0,0,2,1,0,0,0,0,0,0,0,0,0,0,0,0,0,0,1,0,1,1,0,0,0,1,0,0,0,0,0,2,1,1,2,4,0,1,0,0,0,0,0,3,0,0,0,0,0,0,0,0,0,2,0,0,0,0,1,0,0,0,0,0,1,0,0,0,0,0,0,0,0,0,1,3,0,0,0,0,0,5,0,0,0,0,2,0,0,0,0,0,0,0,1,1,0,1,0,3,0,0,0,0,2,0,0,1,0,1,1,1,1,1,2,0,1,0,1,1,0,0,0,0,0,0,0,0,3,1,0,0,0,0,2,0,0,0,0,1,0,0,0,0,0,0,0,0,2,0,0,0,1,0,0,1,0,0,1,0,0,2,1,0,0,1,0,0,1,0,0,0,0,0,0,3,0,1,0,0,0,0,0,0,0,0,0,0,1,0,2,0,0,0,1,1,0,0,0,1,0,0,2,1,0,1,1,0,1,0,0,0,0,0,1,0,0,0,0,0,1,0,0,0,0,0,0,1,0,0,0,0,0,1,1,1,1,0,0,0,1,0,0,2,1,0,1,0,0,1,0,1,0,1,0,0,0,0,0,0,0,0,0,1,0,0,0,0,0,0,4,0,0,0,0,1,1,0,0,0,1,0,2,0,0,0,0,0,0,0,1,0,0,0,0,1,0,0,0,0,0,0,0,0,0,0,0,0,0,0,0,0,0,0,0,0,0,1,0,0,0,0,0,0,1,0,0,0,0,0,0,1,1,0,0,1,0,0,0,2,0,0,0,1,2,0,0,0,0,1,0,0,1,0,1,0,0,0,0,3,0,0,0,0,0,0,0,0,0,0,0,0,0,0,1,0,0,0,2,1,0,0,0,0,0,0,0,0,0,1,0,0,0,0,1,0,0,0,0,0,0,0,0,0,0,0,1,0,0,0,0,0,0,0,0,0,2,0,0,0,1,2,0,3,1,0,1,1,0,1,2,0,0,0,0,1,0,0,0,0,0,0,1,0,0,0,0,1,0,1,0,0,1,1,1,0,0,1,0,1,0,0,0,1,0,0,1,0,0,1,0,0,1,1,0,0,0,1,0,0,0,0,1,0,0,1,0,0,0,1,1,0,0,1,0,1,0,0,0,0,0,0,1,0,0,0,0,0,0,0,0,0,0,0,0,0,0,0,0,0,1,1,3,0,0,1,0,2,1,0,0,0,0,0,0,1,1,0,0,1,0,0,0,0,0,0,0,1,0,0,0,0,0,1,0,0,0,0,0,0,0,0,0,1,1,1,0,0,0,0,0,0,0,0,0,0,0,1,0,0,0,0,0,1,0,0,0,0,0,0,0,0,1,1,0,2,0,0,0,0,0,0,0,0,0,0,0,0,1,0,0,1,0,0,1,0,0,1,0,0,0,0,0,1,1,0,0,0,0,0,0,0,1,0,0,0,0,0,0,0,0,0,0,0,0,0,0,0,0,0,1,0,1,1,0,0,2,0,0,1,0,0,0,1,0,0,0,3,1,0,3,0,0,0,0,0,0,0,1,0,1,0,1,0,0,0,0,1,0,0,0,1,1,0,1,0,0,0,0,0,0,0,0,1,0,0,1,0,0,0,0,1,0,0,0,0,1,0,0,0,0,1,0,0,0,0,0,0,0,0,0,0,0,1,0,0,0,0,0,0,1,0,0,0,0,0,0,0,0,0,0,0,0,0,1,0,0,0,1,1,0,0,0,0,0,0,0,0,0,0,0,1,1,0,0
ANXA6,2,1,1,2,1,0,0,3,0,1,0,1,0,0,0,0,1,0,0,0,0,0,0,0,1,0,1,3,0,1,1,1,1,1,2,3,1,0,2,0,0,1,1,1,0,1,0,0,0,0,0,1,0,4,1,2,1,1,2,1,1,1,0,0,1,3,1,0,0,1,0,0,1,0,0,0,0,0,1,0,1,0,0,0,0,0,0,0,0,0,0,1,2,0,2,1,1,0,0,5,0,0,0,0,0,0,0,3,2,1,1,1,0,0,0,2,4,2,0,2,0,0,1,0,2,0,3,0,0,1,0,0,2,1,0,0,0,1,0,1,0,0,0,4,1,3,2,1,0,0,0,3,1,1,0,1,1,0,0,1,0,0,0,2,2,5,0,1,3,3,1,1,1,2,0,0,1,0,0,1,0,0,1,0,0,1,1,1,0,0,0,0,1,2,1,3,1,1,0,1,0,4,1,1,1,1,1,1,0,2,0,0,1,0,0,0,1,0,0,0,0,2,0,1,0,0,0,0,0,0,1,1,0,1,0,0,1,0,0,0,0,0,1,0,0,0,1,0,0,0,1,1,0,3,0,0,0,2,1,2,1,0,0,0,1,0,1,0,1,1,3,0,0,0,2,1,0,0,0,0,0,0,1,1,2,0,0,0,1,1,2,4,0,0,0,0,0,0,0,1,1,0,2,0,2,0,4,0,0,1,0,0,0,2,2,1,1,2,0,2,1,1,0,0,1,1,0,3,1,1,2,0,2,1,0,0,1,0,3,0,1,1,0,2,0,1,0,0,2,0,1,1,2,1,2,0,1,1,0,1,1,1,1,0,1,0,6,0,0,0,0,0,1,1,0,2,1,1,0,0,0,0,0,1,3,0,0,0,1,0,1,0,3,0,1,0,1,0,1,0,0,1,3,1,0,0,1,2,0,1,1,1,0,2,1,0,0,0,0,2,0,0,3,2,1,0,0,1,1,0,0,1,1,2,0,2,0,2,0,1,0,0,5,3,1,5,0,1,0,0,1,2,0,0,0,1,3,0,1,1,0,1,2,0,1,0,1,0,0,0,1,0,2,0,0,0,0,3,1,0,0,0,3,0,0,1,0,3,0,0,1,0,0,0,1,0,0,0,0,4,2,0,0,1,4,1,2,1,2,0,0,2,1,1,1,1,1,0,0,0,0,0,2,0,0,2,0,1,0,1,0,3,1,0,1,0,2,3,0,0,1,0,2,2,1,0,0,1,2,0,1,0,0,0,0,1,1,0,0,1,0,0,1,3,0,1,0,0,1,1,1,2,0,1,0,0,1,0,0,0,2,0,0,0,0,2,2,0,1,0,0,0,0,0,1,1,1,0,1,0,2,0,0,0,2,1,0,0,2,1,0,1,3,0,3,0,0,2,0,0,0,1,0,0,4,3,0,0,2,0,1,2,1,1,0,0,0,1,0,2,1,0,1,0,2,1,0,1,1,0,1,2,0,0,1,0,0,1,0,2,0,1,1,6,2,2,0,0,0,0,0,0,0,1,1,0,0,0,0,0,0,1,0,1,0,1,0,1,2,0,1,0,0,0,1,2,0,1,0,0,0,2,1,0,1,0,1,1,2,3,4,0,0,1,0,1,0,3,0,0,0,0,0,0,0,0,0,0,1,0,2,1,0,0,0,0,1,0,1,2,0,0,2,1,1,0,0,1,1,0,4,1,1,3,1,0,0,1,0,2,0,0,0,0,0,1,2,1,0,3,0,1,0,0,0,0,0,0,0,1,0,0,0,2,0,0,3,1,1,0,1,0,1,0,0,3,3,1,0,0,0,0,0,0,2,1,1,1,0,0,0,0,1,0,0,0,0,1,1,3,1,2,0,1,1,2,0,1,1,0,2,0,0,0,0,0,0,0,0,1,0,0,3,0,0,0,1,0,1,0,1,0,1,1,0,0,0,0,1,2,0,1,1,0,0,0,0,0,0,0,1,0,0,4,0,0,0,0,1,0,1,1,1,0,2,1,0,0,0,0,0,0,1,0,1,1,1,0,2,0,0,1,2,0,1,0,0,0,5,1,0,1,0,0,0,1,1,0,1,1,0,5,0,1,0,0,0,1,0,1,0,4,1,1,0,1,1,1,1,1,3,1,0,0,1,1,1,0,0,0,0,1,1,0,0,1,1,2,1,2,4,0,0,1,0,0,1,0,3,0,1,2,1,0,2,0,0,0,0,1,0,0,0,1,3,0,0,0,0,0,1,0,0,2,2,4,0,1,0,0,0,0,0,0,1,1,1,0,0,0,1,3,0,0,0,0,1,2,0,2,0,0,0,1,1,0,3,2,2,0,2,7,0,0,0,1,1,0,0,1,1,4,1,2,0,0,1,1,2,1,2,0,0,1,0,0,0,0,0,2,0,2,0,0,0,1,0,0,0,0,1,2,1,0,1,1,1,0,0,1,0,1,0,1,1,2,1,0,0,2,0,1,0,0,1,0,1,1,0,1,1,1,0,2,0,0,0,0,0,0,2,1,2,3,0,1,0,2,2,2,0,0,2,0,1,0,4,1,0,0,0,0,1,0,0,2,0,2,0,2,0,0,1,1,2,2,0,0,0,1,0,1,0,1,1,2,1,0,0,0,2,0,0,0,2,0,4,1,1,2,2,2,0,2,0,1,1,1,0,0,1,0,0,2,0,0,2,0,0,0,1,0,0,0,1,0,0,1,1,1,1,2,4,1,1,0,2,1,2,0,3,0,0,1,0,1,1,0,0,2,0,0,0,3,0,2,0,0,1,0,0,1,0,0,1,0,0,0,3,1,1,0,0,0,0,0,2,4,1,2,0,1,0,0,2,3,0,0,0,1,2,1,1,0,1,1,0,1,0,0,0,0,0,0,3,0,0,4,0,0,1,0,0,5,0,0,3,1,0,0,2,0,1,0,0,2,5,1,0,1,0,1,0,1,0,0,1,0,1,1,1,0,0,1,2,0,0,0,1,4,0,0,1,0,1,2,1,0,0,0,4,0,2,1,0,0,1,3,10,0,0,0,4,1,2,1,1,0,0,0,1,0,0,0,0,0,3,1,1,1,0,0,1,0,0,0,0,8,0,1,0,0,0,1,2,0,0,0,0,1,2,2,0,2,1,1,0,0,3,0,0,1,2,1,0,0,1,0,2,1,1,0,1,2,1,0,3,1,0,0,1,0,4,0,0,0,0,4,3,4,1,1,0,0,1,0,0,1,2,0,0,1,0,0,0,1,0,3,2,1,2,0,1,0,0,2,3,0,3,0,4,1,2,1,0,0,3,0,0,3,1,0,0,1,0,1,0,0,0,3,0,0,2,0,1,0,5,0,0,0,0,4,0,1,0,0,1,0,0,3,0,3,1,0,0,0,1,2,0,1,2,0,0,1,1,1,0,2,1,0,0,1,1,0,1,3,3,1,0,0,0,0,0,2,0,2,0,1,2,0,2,0,0,1,2,3
EEF2,7,2,9,3,3,2,5,13,6,1,2,3,7,9,8,18,7,4,4,7,4,5,5,0,2,1,3,10,1,24,3,7,24,9,3,0,9,6,16,5,13,8,6,13,9,6,12,5,5,11,5,11,2,3,3,1,2,9,5,4,14,4,3,3,4,5,3,0,6,12,2,29,4,2,0,0,0,2,0,4,3,2,0,2,5,9,9,16,3,6,7,4,6,5,6,5,3,8,3,29,2,6,5,4,4,1,6,2,5,4,5,10,1,4,8,16,2,8,2,6,3,0,1,1,11,5,2,5,3,4,5,3,5,3,2,4,3,8,3,0,3,3,9,12,22,7,5,2,14,4,5,2,3,7,2,6,4,3,1,0,7,11,5,3,2,12,4,12,3,19,8,1,26,8,4,1,4,7,6,10,4,5,8,4,1,11,10,5,2,3,7,12,3,11,8,11,3,1,0,24,0,7,5,9,6,0,4,7,11,3,4,1,0,1,4,1,5,1,6,8,3,8,9,6,14,0,0,1,11,6,8,5,12,14,2,2,0,8,8,1,0,2,4,2,5,2,4,3,11,0,4,4,9,3,5,13,1,14,2,2,8,7,1,2,7,7,5,5,17,11,2,8,2,1,6,0,6,13,5,9,4,1,7,12,13,8,4,2,6,4,11,6,7,1,4,0,2,3,3,1,3,5,6,6,2,3,6,1,12,12,3,3,7,9,9,7,6,17,6,6,4,2,5,2,4,5,3,6,4,4,9,4,7,4,1,1,7,0,10,3,12,7,7,7,11,15,1,6,9,6,3,7,10,5,3,6,6,16,3,2,9,5,6,1,2,3,24,8,6,3,1,2,2,2,0,34,6,10,2,4,1,2,6,5,10,0,13,22,6,3,8,10,5,7,1,4,17,5,2,4,5,4,3,2,6,12,1,7,8,8,7,8,1,2,11,13,6,5,5,3,6,12,8,2,9,8,3,5,3,6,1,4,3,6,2,4,3,3,6,7,5,9,11,10,6,15,3,4,3,2,7,4,1,4,4,4,2,5,5,9,9,9,4,6,5,6,3,2,1,1,4,7,1,8,10,5,4,5,2,3,1,9,2,5,2,9,2,13,6,1,2,4,6,10,0,1,4,9,3,7,1,3,10,0,6,9,3,10,6,5,3,3,1,5,1,0,3,1,3,0,7,5,8,2,2,2,4,2,6,6,7,21,7,3,7,6,4,11,3,6,48,8,4,2,3,6,3,2,17,5,26,11,3,2,1,8,4,5,8,4,6,7,7,3,5,13,3,8,9,6,9,3,9,3,5,8,4,9,0,8,3,4,3,2,6,7,10,2,4,2,2,7,2,7,4,19,6,4,6,6,3,6,4,7,15,19,3,4,6,5,2,7,6,5,10,5,8,6,6,4,19,11,7,2,2,0,6,2,2,11,9,8,8,3,1,4,3,12,6,3,8,0,11,6,2,7,6,13,7,0,2,6,2,2,2,3,6,4,4,4,2,13,7,2,9,3,3,6,5,8,4,6,3,8,6,13,0,5,4,2,1,10,8,11,3,14,5,4,1,0,12,4,10,4,4,7,3,8,9,4,1,6,7,0,2,3,7,8,5,36,6,1,3,10,4,6,3,10,3,2,5,4,4,10,4,10,3,9,3,2,5,7,6,1,16,8,2,15,1,3,3,11,3,1,1,5,4,7,4,4,3,3,9,9,1,9,5,6,4,11,5,2,3,7,2,8,7,1,6,4,5,7,5,3,1,2,4,2,3,4,3,0,1,10,3,7,1,4,9,9,9,5,6,1,9,4,4,8,3,8,11,4,5,7,6,5,3,8,1,4,5,0,3,2,4,6,4,0,2,7,2,0,21,6,5,15,5,4,5,4,9,2,8,7,4,8,2,8,0,12,1,8,8,3,8,25,3,12,2,9,5,1,0,4,3,4,2,7,9,6,13,5,7,2,7,4,7,4,2,4,11,0,11,2,5,1,2,10,4,5,4,5,6,6,4,4,10,3,3,11,9,2,3,4,0,1,23,5,16,4,8,9,8,6,10,2,3,8,11,2,5,1,9,8,0,3,4,5,6,13,1,11,5,3,2,9,0,4,3,9,2,12,4,10,4,3,3,11,3,0,7,4,24,4,5,8,3,1,5,6,0,4,6,5,4,0,11,7,6,4,3,3,2,5,1,6,4,3,19,2,6,27,5,3,6,12,9,3,2,13,5,6,2,13,5,8,2,7,6,5,13,6,3,4,8,7,1,3,6,4,9,1,10,6,10,3,4,9,1,11,4,4,5,2,5,6,13,3,7,12,4,4,7,5,5,4,7,1,5,9,16,31,6,6,5,7,5,10,3,4,10,3,3,3,10,6,7,3,7,1,10,2,11,1,1,8,5,2,2,6,5,5,5,9,1,4,2,0,1,0,6,15,2,6,12,10,12,2,5,8,12,2,4,4,1,5,0,7,8,7,0,14,11,11,4,0,7,2,1,4,6,4,9,1,5,3,7,5,0,4,7,10,16,7,6,6,4,2,6,3,2,2,4,9,5,2,7,11,4,9,4,0,14,1,2,6,3,18,5,4,4,3,6,1,3,5,2,5,8,0,1,3,4,21,4,8,3,4,5,1,15,5,4,2,9,1,6,4,6,1,20,5,4,18,9,1,2,3,1,23,8,6,2,4,4,9,0,10,1,5,3,6,8,0,3,3,7,2,7,9,5,14,6,12,6,10,12,15,7,2,3,11,2,9,8,4,11,2,5,2,7,7,6,9,5,20,1,4,8,7,5,8,3,4,4,12,5,4,3,4,3,13,7,7,11,9,6,20,8,5,5,8,4,1,6,7,5,4,3,6,13,8,14,11,1,4,1,3,2,7,6,1,2,5,2,5,5,7,1,3,8,14,15,18,6,1,13,8,8,4,9,4,11,5,3,5,1,4,0,4,6,2,2,2,3,7,1,12,3,6,1,1,16,2,15,3,3,5,0,9,10,2,2,1,7,11,5,10,3,4,7,5,6,4,2,6,6,1,23,3,5,7,12,0,5,11,0,10,7,1,9,14,5,3,8,3,9,2,3,9,6,6,3,7,3,2,5,7,2,13,1,4,8,6,16,9,5,5,7,10,1,9,3,11,4,10,12,5,8,7,10,4,7,11,11,2,1,1,3,22,6,0,1,8,5,2,2,4,2,4,9,5,6,1,1,2,3,20,2,2,2,2,7,2,7,4,8,8,5,5,6,5,2,11,6,8,1,6,11,0,10,10,0,8,2,7,2,7,1,3,6,13,15,2,4,3,4,6,5,12,6,3,2,10,8,2,7,1,6,5,4,4,6,2,26,5,11,3,10,14,5,7,3,4,11,0,8,4,4,9,2,8,7,4,4,0,2,22,8,8,3,6,2,6,0,9,3,0,3,2,8,8,5,10,8,5,4,9,4,8,8,1,0,2,2,6,2,14,5,10,2,20,8,3,14,6
ORAI2,0,1,0,0,0,0,0,0,1,2,0,0,0,0,0,1,0,0,0,0,0,0,0,0,0,0,0,0,0,1,0,0,1,2,0,0,0,0,0,1,0,0,0,0,0,0,0,0,0,1,0,1,0,0,0,0,0,0,0,0,0,0,0,0,0,0,0,0,0,0,0,0,0,0,0,0,0,0,0,0,1,0,0,1,0,0,0,0,0,0,0,0,0,0,0,0,0,1,0,6,0,0,0,0,0,0,0,0,0,0,0,0,0,0,0,0,0,0,0,0,0,0,0,0,0,0,0,0,0,0,0,0,0,1,0,0,1,0,0,0,0,0,0,2,0,0,0,0,0,0,0,0,0,0,0,0,0,0,0,0,0,1,0,0,0,0,0,0,0,0,0,0,1,0,0,0,0,0,0,0,0,0,0,0,0,2,0,0,0,0,0,0,0,1,0,3,0,0,0,1,0,0,0,2,0,0,0,0,1,0,0,0,0,0,0,1,0,0,0,0,0,1,1,1,0,0,1,0,0,0,0,0,0,0,0,0,0,4,0,0,0,0,0,0,0,0,0,0,0,0,0,0,0,0,1,0,0,0,0,0,0,0,0,0,0,0,0,0,1,0,0,0,0,0,0,0,0,0,0,0,0,0,0,0,2,0,0,0,0,0,0,0,0,0,1,0,0,0,1,0,0,0,0,0,0,0,0,0,0,0,0,0,0,1,0,0,0,0,1,0,0,0,0,0,0,0,0,2,1,0,0,0,1,0,0,0,0,0,0,1,1,0,0,1,0,0,1,0,0,0,0,0,0,0,0,0,1,0,0,0,0,0,0,0,1,0,1,0,0,0,0,0,0,0,0,0,0,0,0,0,0,1,0,0,0,0,0,1,0,0,0,0,0,0,0,0,0,0,0,0,0,0,0,0,0,0,1,0,0,1,0,0,0,0,1,1,0,1,0,0,0,0,0,0,0,0,0,0,0,0,1,0,0,0,0,1,0,0,0,0,0,1,0,0,0,1,0,0,0,0,0,0,0,0,0,0,0,0,0,0,1,0,0,0,0,0,1,0,0,0,0,0,0,0,0,0,0,0,1,0,0,1,0,0,0,0,0,0,0,0,0,0,0,0,0,0,0,0,0,1,0,0,0,0,0,0,0,0,0,0,0,0,0,0,2,0,0,0,0,0,0,0,0,0,1,0,0,0,0,0,0,0,0,0,0,0,0,0,0,0,3,0,0,0,0,0,0,0,0,0,1,1,0,0,0,0,0,0,0,0,1,0,0,0,0,0,0,0,0,0,0,0,0,0,0,0,0,0,1,0,1,0,0,0,0,1,1,0,1,0,0,1,0,0,0,2,0,0,1,0,0,0,0,0,0,0,0,0,0,0,0,0,0,0,0,0,0,0,0,0,0,0,0,0,0,0,0,0,0,0,2,0,0,1,0,0,0,0,0,1,0,0,0,0,0,0,1,0,0,0,0,0,0,0,1,0,0,0,0,0,0,1,0,0,0,0,0,0,0,1,0,0,0,0,0,0,0,0,0,0,0,0,0,0,0,0,0,0,0,0,0,1,0,0,0,0,0,0,2,0,0,0,0,0,1,0,0,0,0,0,0,0,2,0,0,0,0,0,0,0,0,0,0,0,0,0,2,0,0,1,0,0,1,0,0,0,0,0,0,1,2,0,0,0,0,0,1,0,0,0,0,0,0,0,0,0,0,1,0,1,1,0,2,0,0,1,0,0,0,0,0,0,0,0,0,0,0,0,0,0,0,0,0,0,0,0,0,0,1,0,0,0,0,0,0,0,0,0,0,0,0,0,0,0,0,0,1,0,0,0,0,0,0,0,0,0,0,0,0,0,0,0,0,1,0,0,0,0,0,0,0,0,2,0,0,0,0,0,0,2,0,0,0,0,0,0,0,0,0,0,0,0,0,0,0,0,0,0,0,1,0,0,0,0,0,0,0,0,0,0,1,0,0,0,0,0,0,0,0,0,0,1,0,0,0,0,1,0,1,1,2,0,1,0,0,0,0,0,0,0,0,0,0,0,0,0,0,0,0,0,0,0,0,0,1,0,0,0,0,0,0,0,0,0,0,0,0,0,0,0,0,2,1,3,0,0,0,0,0,0,1,0,0,0,1,0,0,0,0,0,0,0,0,0,0,0,1,0,0,0,0,0,0,0,0,0,0,1,1,0,0,0,0,0,0,0,0,0,0,0,0,0,0,0,0,0,0,0,0,0,3,0,0,0,0,0,0,0,0,0,0,0,0,0,0,0,1,0,0,0,0,0,0,0,0,0,0,1,0,0,0,0,0,0,0,0,0,0,0,0,2,2,1,0,0,0,0,0,0,0,0,0,0,0,0,0,0,0,0,0,0,0,0,0,0,0,0,0,0,0,0,0,0,0,0,0,0,0,0,0,0,0,0,0,0,0,0,0,0,0,0,0,0,0,0,1,0,0,1,1,0,1,0,0,0,0,0,0,0,0,1,0,0,0,0,0,0,0,1,0,0,0,0,0,0,0,0,0,0,0,0,0,0,0,1,1,1,0,0,2,0,0,0,0,0,0,3,2,0,1,0,0,1,0,0,0,0,0,0,0,0,1,0,0,1,0,0,0,0,0,0,0,0,0,0,0,0,0,1,0,1,0,0,2,0,0,0,0,0,1,0,0,0,0,0,0,1,0,0,0,0,0,0,0,0,0,0,1,1,0,0,0,0,0,1,0,1,1,1,0,1,0,0,1,0,0,0,0,0,0,0,0,0,0,1,1,0,0,0,0,0,0,0,0,0,1,0,0,0,0,1,0,0,0,0,0,1,1,1,0,0,0,0,0,0,0,0,0,0,0,2,0,0,0,1,1,0,1,0,0,0,0,0,0,0,0,0,0,0,0,0,1,0,0,0,0,0,0,2,0,3,0,0,0,0,2,0,0,1,0,0,0,0,0,1,0,0,0,0,0,0,0,0,0,0,0,0,0,0,0,0,0,0,0,1,0,0,0,0,0,0,0,1,0,0,0,0,0,0,0,0,0,0,0,0,1,0,0,0,0,0,0,0,0,0,0,2,1,0,1,0,0,0,0,0,0,2,0,0,0,0,0,0,0,0,2,0,0,0,0,0,0,0,0,0,0,0,0,0,0,0,0,0,0,0,0,0,0,1,0,0,0,0,0,0,0,0,0,0,0,0,0,0,0,0,0,0,0,0,0,0,0,0,0,0,0,0,0,0,0,0,0,0,0,0,0,0,0,0,0,0,1,0,0,0,0,0,0,0,0,0,0,0,0,0,0,0,2,0,1,0,0,0,0,0,0,0,0,0,0,0,0,2,0,0,0,0,0,0,0,0,0,0,0,0,0,0,0,0,0,0,0,0,0,0,0,0,0,2,0,0,0,0,0,0,0,0,0,0,0,1,0,0,0,0,0,0,0,0,0,0,0,0,0,0,1,0,0,0,0,0,0,0,0,0,0
NA..22,0,0,0,0,0,0,0,0,0,0,3,0,0,0,0,0,0,0,0,0,0,0,0,0,0,0,0,0,0,0,0,0,0,0,0,0,0,0,0,0,0,0,0,0,0,0,0,0,0,0,0,0,0,0,0,0,0,0,0,0,0,0,0,0,0,0,0,0,0,0,0,0,0,0,0,0,0,0,0,0,0,0,0,0,0,0,0,2,0,0,0,0,0,0,0,0,0,0,0,20,0,0,0,0,0,0,0,0,0,0,0,0,0,0,0,0,0,0,0,1,0,0,0,0,0,0,0,0,0,0,0,0,0,0,0,0,0,0,0,0,0,0,0,0,0,0,0,0,0,0,0,0,0,0,0,0,0,0,0,0,0,0,0,0,0,0,0,0,0,0,0,0,0,0,0,0,0,0,0,0,0,0,0,0,0,0,0,0,0,0,0,0,0,0,0,0,0,0,0,0,0,0,0,0,0,0,0,0,9,0,0,0,0,0,0,0,0,0,0,0,0,0,0,0,0,0,0,0,0,0,0,0,0,0,0,0,0,0,0,0,0,0,0,0,0,0,0,0,0,0,0,0,0,0,0,0,0,0,0,0,0,1,0,0,0,0,0,0,0,0,0,0,0,0,0,0,0,0,0,0,0,0,0,0,0,0,0,0,0,0,0,0,0,0,0,0,0,0,0,0,0,0,0,0,0,0,0,0,0,0,0,0,0,0,0,0,0,0,0,0,0,0,0,0,0,0,0,0,0,0,0,0,0,0,0,0,0,0,0,0,0,0,0,0,0,0,0,0,0,0,0,0,0,0,0,0,0,0,0,0,0,0,0,0,0,0,0,0,0,0,0,0,0,0,0,0,0,0,0,0,0,0,0,0,0,0,0,1,0,0,0,0,0,0,0,0,3,0,0,0,0,0,0,0,1,0,0,0,0,0,0,0,0,0,0,0,0,0,0,0,0,0,0,0,0,0,0,0,0,0,0,0,0,0,0,0,0,0,0,0,0,0,0,0,0,0,0,0,0,0,0,0,0,0,0,0,0,0,0,0,0,0,0,0,0,1,0,0,0,0,0,0,0,0,0,0,0,0,0,0,0,0,0,0,0,0,0,0,0,0,0,0,0,0,0,0,0,0,0,0,0,0,0,0,0,0,0,0,0,0,0,0,0,0,0,0,0,0,0,0,0,0,0,0,0,0,0,0,0,0,0,0,0,0,0,0,0,0,0,0,0,0,0,0,0,0,1,0,0,0,0,0,0,0,0,0,0,0,0,0,2,0,0,0,0,0,0,1,0,0,0,0,0,0,0,0,0,0,0,0,0,0,0,0,0,0,0,0,0,0,0,0,0,0,0,0,0,0,0,0,1,0,0,0,0,0,0,0,0,0,0,0,0,0,0,0,0,1,0,0,0,0,0,0,0,0,0,0,0,0,0,0,0,0,0,0,0,0,0,0,0,0,0,0,0,0,0,0,0,0,0,0,0,0,0,0,0,0,0,0,0,0,0,0,0,0,0,0,0,0,0,0,0,0,0,0,0,0,0,0,0,0,0,0,0,0,0,0,0,0,0,0,0,0,0,0,0,0,0,0,0,0,0,0,0,0,0,0,0,0,0,0,0,0,0,0,0,0,0,0,0,0,0,0,0,0,0,0,0,0,0,0,0,0,0,0,0,2,0,0,0,0,0,0,0,0,0,0,0,0,0,0,0,0,0,0,0,0,0,0,0,0,0,0,0,0,0,0,0,0,0,0,0,0,0,0,0,0,0,0,0,0,0,0,0,0,0,0,0,0,0,0,0,0,0,0,0,0,0,0,0,0,0,0,0,0,0,0,0,0,0,0,0,0,0,0,0,0,0,0,0,0,0,0,0,0,0,0,0,0,0,1,0,0,0,0,0,0,0,2,0,0,0,0,0,1,0,0,0,0,0,0,0,0,0,0,0,0,0,0,0,0,0,0,0,0,0,0,0,0,0,0,0,0,0,0,0,0,0,0,1,0,0,0,0,0,0,0,0,9,0,1,0,0,0,0,0,0,0,0,0,0,0,0,0,0,0,0,0,0,0,0,0,0,0,0,0,0,0,0,0,0,0,0,0,0,0,0,0,0,0,0,0,0,0,0,0,0,0,0,0,0,0,0,0,0,0,0,0,0,0,0,0,0,0,0,0,0,0,0,0,0,0,0,0,0,0,0,0,0,0,0,0,0,0,0,0,0,0,0,0,0,0,0,0,0,0,0,1,0,0,0,0,0,0,0,0,0,0,0,0,0,0,0,0,0,0,0,0,1,0,0,0,0,0,0,0,0,0,0,0,0,0,0,0,0,0,0,0,0,0,0,0,0,0,0,0,0,0,0,0,0,0,0,0,0,0,0,0,0,0,0,0,0,0,0,0,0,0,0,0,0,0,0,0,0,0,0,0,0,0,0,0,0,0,0,0,0,0,1,0,0,0,0,0,0,0,0,1,0,0,0,0,0,0,0,0,0,0,0,0,0,0,0,0,0,0,0,0,0,0,0,0,0,0,0,0,0,0,0,0,0,0,0,0,0,0,0,0,0,0,0,0,0,0,0,0,0,0,0,0,0,0,0,1,0,0,0,0,0,0,0,0,0,0,0,0,0,0,0,0,0,0,0,0,0,0,0,0,0,0,0,0,0,0,0,0,0,0,0,0,0,0,0,0,0,0,0,0,0,0,0,0,0,0,0,0,0,0,0,0,0,0,0,0,0,0,0,0,0,0,0,0,0,0,0,0,0,0,0,0,0,0,0,0,0,0,0,0,0,0,0,0,0,0,0,0,0,0,0,0,0,0,0,0,0,0,0,12,0,0,0,0,0,1,0,0,0,0,0,0,0,0,0,0,0,0,0,0,0,0,0,0,0,0,0,0,0,0,0,0,0,0,0,0,0,0,0,0,0,0,0,0,0,0,0,0,0,0,0,0,0,0,0,0,0,0,0,0,0,0,0,0,0,0,0,0,0,0,2,0,0,0,0,0,0,0,0,0,0,0,0,0,0,0,0,0,0,0,0,0,1,0,0,0,0,0,0,0,0,0,0,0,0,0,0,0,0,0,0,0,0,0,0,0,0,0,0,0,0,0,0,0,0,1,0,3,0,0,0,0,0,0,0,0,1,0,0,0,0,0,0,0,0,0,0,0,0,11,0,0,0,0,0,0,0,0,0,0,0,0,0,0,0,0,0,0,0,0,0,0,0,0,0,0,0,0,0,0,0,0,0,0,0,0,0,0,0,0,0,0,0,0,0,0,0,0,0,0,0,0,0,0,0,0,0,0,0,0,0,0,0,0,0,0,0,0,0,0,0,0,0,0,0,0,0,0,0,0,0,0,0,0,0,0,0,0,0,0,0,0,0,0,0,0,0,0,3,0,0,0,0,0,0,0,0,0,0,0,0,0,0,0,0,0,0,0,0,0,0,0,0,0,0,0,0,0,0,0,0,0,0,0,0,0,1
TIGIT,0,1,0,1,0,0,0,0,0,0,0,0,0,0,0,0,0,0,0,0,0,0,0,0,0,5,0,0,0,0,0,0,0,0,1,1,0,0,0,0,0,0,0,0,2,0,0,0,0,0,0,0,0,0,2,0,0,0,0,0,0,0,0,0,0,0,0,0,0,0,0,0,0,0,0,0,0,0,0,0,0,0,0,0,0,0,0,0,0,0,1,0,0,0,0,0,0,0,0,0,1,0,0,0,0,0,0,0,0,0,0,0,0,0,0,0,0,0,0,0,0,0,0,0,0,0,0,0,0,0,0,0,0,0,0,0,0,0,0,0,0,0,0,0,0,0,0,0,0,0,0,0,1,0,0,0,0,0,1,0,0,0,0,0,0,0,0,0,0,0,0,2,0,0,0,0,0,0,0,0,0,0,0,0,0,0,0,0,0,0,0,0,0,0,0,0,0,0,0,0,0,0,0,0,0,0,0,0,0,0,0,0,1,0,0,1,0,0,0,0,0,0,0,0,0,0,0,0,0,0,0,0,0,0,0,0,0,0,0,0,0,0,0,0,0,0,0,0,0,0,0,0,0,0,0,0,0,1,0,0,0,0,1,0,0,0,0,0,0,0,0,0,0,0,0,1,0,0,0,0,0,0,0,0,0,0,0,0,0,0,0,0,0,2,0,0,0,0,0,3,0,1,1,0,0,0,0,0,0,0,0,0,0,0,0,0,0,0,0,0,0,0,0,0,0,0,0,0,0,0,0,0,0,0,0,0,1,0,0,0,0,1,0,0,0,3,0,0,1,0,0,0,0,0,0,0,0,0,0,0,0,0,0,0,0,0,0,0,0,0,0,0,2,0,0,0,0,1,0,0,0,0,0,0,0,0,0,0,0,0,0,0,0,0,0,0,0,0,0,0,0,0,1,0,0,0,0,0,2,0,0,0,0,0,0,0,0,0,0,0,1,0,1,0,0,0,0,0,2,1,0,0,0,1,0,0,0,0,0,0,0,0,0,0,0,0,0,0,0,0,0,0,0,0,0,0,0,0,0,0,0,0,0,0,0,0,0,0,0,0,0,0,0,0,0,0,0,1,0,0,0,0,1,0,1,0,0,0,0,0,0,0,0,0,0,0,0,0,0,0,0,0,0,0,0,0,0,0,1,0,0,0,0,0,0,0,0,0,1,0,0,0,0,0,0,0,0,0,0,0,0,0,1,0,0,0,1,0,0,0,0,0,1,0,0,1,0,0,0,0,0,0,0,0,0,0,0,0,0,2,0,0,0,1,0,0,0,0,1,0,0,0,0,0,0,0,0,0,0,0,0,1,0,0,0,0,0,0,0,0,0,0,1,0,0,0,0,0,0,0,0,0,0,1,0,0,0,0,0,0,0,0,0,0,0,0,0,0,0,0,0,0,0,0,0,1,0,0,0,0,0,0,1,0,0,0,0,0,3,0,0,0,0,0,0,0,0,0,0,0,0,0,0,0,0,0,0,0,0,0,0,0,0,0,0,0,0,0,0,0,0,0,0,1,0,0,0,0,0,0,0,0,0,0,0,0,0,0,0,0,0,0,0,0,0,0,0,0,0,0,0,0,0,0,0,0,0,0,0,0,0,0,0,0,0,0,0,0,0,0,0,0,3,0,0,0,0,0,0,0,0,0,0,0,0,0,0,0,3,0,0,0,0,0,1,1,0,1,0,0,1,0,3,0,0,0,0,0,0,0,0,0,0,0,0,0,0,0,0,0,0,0,0,0,0,0,0,0,0,0,0,0,0,0,0,0,0,0,0,0,0,0,0,0,0,1,0,0,0,0,0,0,0,0,0,0,0,0,0,0,0,0,0,0,0,0,0,0,1,0,0,0,0,0,0,0,0,0,0,0,0,1,0,0,0,0,0,0,0,0,0,1,1,0,0,0,0,0,0,0,0,0,0,0,0,0,0,0,0,0,0,0,0,0,0,1,0,0,0,0,1,0,0,0,0,1,1,0,0,0,0,0,0,0,0,0,0,0,0,0,0,0,0,0,0,0,0,0,0,0,0,0,0,0,0,0,0,0,0,0,0,0,0,0,0,0,0,0,0,0,0,0,0,0,0,0,0,0,0,0,0,0,0,0,0,0,0,0,0,2,0,0,0,0,0,0,1,0,0,0,0,0,0,0,0,0,1,0,0,0,1,0,1,0,0,0,0,0,1,0,0,0,0,0,0,0,0,1,0,0,1,0,0,0,0,1,0,0,0,0,0,0,0,3,0,0,0,2,0,0,0,0,0,0,0,0,0,0,0,0,0,0,0,0,0,0,0,0,0,0,0,0,0,2,0,0,0,0,0,0,0,0,0,0,0,0,0,0,0,0,0,0,1,0,0,0,0,0,0,0,2,0,0,0,0,0,0,1,0,0,0,0,0,0,0,0,0,0,0,0,0,0,0,0,0,0,0,0,0,0,0,0,0,0,0,0,0,0,0,0,0,1,0,0,0,0,0,0,0,0,0,0,0,0,0,0,0,0,0,0,0,0,0,0,0,0,0,0,0,0,0,0,0,0,0,0,0,0,0,0,0,0,0,0,0,1,0,0,0,0,0,0,0,0,0,0,0,0,0,0,0,0,1,0,0,0,1,0,0,0,0,2,0,0,0,0,0,0,0,0,0,0,0,0,0,0,0,0,0,0,0,0,0,0,0,0,0,0,0,0,0,0,0,0,0,0,0,0,0,0,0,0,0,0,0,0,0,0,0,0,0,0,0,0,0,0,0,0,0,0,0,0,0,0,0,0,0,0,0,0,0,0,0,0,0,0,0,0,0,0,0,0,0,0,0,0,0,0,0,0,0,0,0,0,0,0,0,0,0,0,0,0,0,0,0,0,0,0,0,0,0,0,0,1,0,0,0,0,0,0,0,0,0,0,0,0,0,0,0,0,0,0,0,0,0,0,0,0,0,0,0,0,0,0,0,0,0,1,0,0,0,2,1,1,0,1,0,0,0,0,0,0,0,0,0,0,0,0,0,0,0,0,0,0,0,0,0,0,0,0,0,0,0,0,0,0,1,0,0,0,0,0,0,0,0,0,0,0,0,0,0,0,1,0,0,0,0,0,0,0,0,0,0,0,0,0,0,0,0,0,0,0,0,0,0,0,0,0,0,1,0,1,0,0,0,0,0,0,0,0,1,0,0,0,0,0,0,0,0,1,0,0,0,0,0,0,0,0,1,0,0,0,0,0,0,0,0,0,0,0,0,0,0,0,0,0,2,0,0,0,0,1,0,0,0,0,0,0,0,0,0,0,0,1,0,0,0,0,0,2,0,0,0,0,0,1,0,0,1,0,0,0,0,1,0,0,0,0,0,0,0,0,0,0,0,0,0,0,0,0,0,5,0,0,0,0,0,0,0,0,0,0,0,0,0,0,0,0,1,0,0,0,0,0,0,1,0,0,0,0,0,0,0,0,0,0,0,0,0,0,0,0,0,0,0,0
CCND3,2,1,2,0,0,0,0,3,0,1,0,1,0,4,0,1,0,0,0,0,1,0,1,1,0,3,1,1,1,0,0,0,0,1,0,1,1,1,1,0,2,3,0,5,1,0,0,0,3,1,0,0,1,1,3,0,0,0,0,0,1,0,0,0,0,1,2,2,1,0,0,0,1,0,0,1,2,0,0,0,3,1,0,0,2,0,2,0,1,0,0,1,0,0,2,1,0,0,0,0,0,0,1,2,0,0,2,3,2,2,1,1,0,1,1,2,2,1,0,0,0,0,0,0,1,0,1,0,1,0,1,1,1,0,1,0,0,0,0,1,0,1,0,0,3,0,1,0,3,2,0,4,2,0,0,1,3,0,0,0,0,1,1,1,2,1,1,4,0,3,0,2,3,0,1,0,1,0,0,0,0,0,1,1,0,0,2,1,0,1,0,2,0,1,0,1,0,4,2,0,1,1,0,0,0,1,0,2,0,0,0,2,1,0,1,1,2,0,0,1,0,0,2,1,3,1,0,0,0,1,0,1,1,1,1,0,0,0,0,1,0,2,0,0,1,0,1,0,0,0,3,0,0,3,0,0,0,0,0,1,2,0,1,0,1,2,0,1,2,0,3,1,0,0,0,2,0,1,0,0,0,0,3,1,1,3,0,0,2,2,1,0,1,3,1,0,0,1,0,0,1,0,2,0,1,1,0,0,2,0,0,1,0,0,3,0,1,0,0,0,3,1,1,0,0,1,0,2,2,0,0,0,2,0,2,0,0,0,0,0,2,1,0,0,0,0,0,1,1,0,0,1,0,1,1,0,0,0,2,0,1,0,0,1,4,0,0,0,0,0,0,2,3,0,0,3,0,2,1,0,0,0,2,0,1,0,0,0,1,5,4,3,1,3,0,0,0,2,2,3,1,0,0,3,0,1,2,0,0,0,2,2,0,0,0,0,1,0,2,0,0,1,0,2,1,1,1,0,0,0,0,1,1,0,0,0,0,0,0,0,2,1,3,1,2,4,2,0,0,0,2,1,1,1,0,3,1,0,0,1,0,1,2,0,2,0,1,0,0,0,0,2,1,0,1,1,0,1,0,0,0,0,2,1,0,1,1,3,0,0,1,0,0,0,0,0,0,1,0,2,0,1,2,1,1,0,0,6,0,0,0,1,0,1,1,1,1,0,0,0,2,1,1,0,0,1,3,0,0,0,0,0,0,0,0,0,1,0,0,1,0,0,0,3,0,1,0,1,4,2,3,3,1,0,0,1,0,1,0,2,0,0,0,0,0,1,0,0,3,0,6,4,1,2,0,0,1,0,0,0,1,3,0,0,1,2,1,1,0,0,0,1,0,1,0,0,1,0,0,0,0,1,0,2,3,4,2,3,0,0,1,0,6,0,1,1,0,0,1,0,2,0,2,1,4,1,2,0,3,2,0,0,0,2,0,0,0,2,0,0,0,0,2,0,2,0,0,0,1,0,0,0,0,0,0,1,0,2,0,0,0,0,0,0,1,0,1,0,1,0,1,0,0,0,8,2,0,1,1,1,2,6,1,0,0,2,0,1,0,1,1,0,0,0,2,0,1,3,0,0,0,0,0,3,0,0,0,0,5,1,1,1,0,3,1,3,1,2,0,0,0,0,0,2,0,0,1,1,0,2,0,0,0,1,0,1,0,0,1,0,0,1,0,0,0,2,0,0,1,0,0,1,0,1,1,1,0,2,3,0,0,0,1,2,0,0,0,0,1,0,1,0,1,1,0,0,1,0,0,3,0,0,1,4,0,0,1,0,0,0,2,0,0,1,0,0,2,0,0,0,2,0,1,0,1,0,1,0,0,0,0,0,1,0,0,1,0,0,1,0,3,0,1,0,0,1,1,0,0,0,1,3,0,0,1,0,0,1,0,1,0,1,1,1,0,0,0,2,2,1,2,0,0,0,1,1,0,1,0,0,1,2,0,2,0,0,2,0,1,2,0,0,1,2,0,2,1,0,0,0,2,0,0,0,0,0,2,0,0,0,0,1,2,0,0,3,0,3,1,0,0,0,0,2,0,1,0,1,3,0,0,0,0,0,0,1,0,0,0,0,1,3,0,0,1,1,0,1,2,0,0,0,1,0,0,0,0,2,0,2,0,0,0,3,0,0,0,0,1,0,0,2,0,2,2,0,0,2,1,0,3,1,0,0,1,0,0,0,0,1,2,6,0,1,0,0,1,2,0,1,0,1,1,3,0,1,0,0,0,2,0,1,2,1,1,3,0,0,0,1,2,1,2,2,0,3,1,0,0,2,3,0,1,3,2,0,2,0,0,2,1,0,0,1,1,0,0,0,1,1,3,0,0,2,0,2,2,1,0,1,0,7,0,3,0,0,1,2,1,0,0,0,2,0,0,0,0,0,1,2,3,1,2,1,0,1,0,0,0,0,0,3,1,1,1,0,2,1,1,1,0,0,1,0,2,2,0,1,0,0,0,1,0,5,0,1,0,1,0,1,4,4,2,0,0,0,0,0,0,1,0,1,0,0,0,0,1,1,1,4,0,0,1,0,0,0,2,0,0,0,1,0,0,2,0,0,0,0,1,0,1,1,0,1,0,1,1,0,4,0,1,0,0,1,2,1,0,0,2,1,3,0,0,0,0,0,0,0,1,3,0,0,1,0,1,1,0,1,0,2,3,2,0,2,1,0,2,2,1,0,0,1,0,0,0,2,0,1,0,0,1,0,0,4,1,1,0,0,2,0,0,1,2,0,0,1,0,1,1,2,0,0,2,1,0,0,1,0,2,1,0,1,2,1,1,2,0,0,0,1,1,0,1,0,2,0,0,1,0,0,1,1,1,0,0,1,0,2,0,0,1,1,1,1,3,0,0,2,2,1,0,0,0,0,0,0,0,1,0,0,1,2,0,1,0,0,0,3,0,0,1,0,0,0,0,0,4,0,0,0,0,0,0,0,0,0,0,1,1,2,0,0,1,1,1,2,0,1,3,0,0,0,0,1,0,1,1,0,1,2,0,1,0,0,0,1,0,1,7,0,0,0,0,1,1,0,2,1,2,0,1,3,0,0,3,0,1,4,0,1,1,1,2,0,2,0,0,4,1,1,0,0,0,3,4,0,0,0,0,1,3,3,1,0,0,0,0,0,3,0,3,0,2,1,0,0,0,0,0,3,2,1,2,0,2,0,4,0,0,0,1,0,1,0,0,0,0,3,0,2,0,1,1,0,1,1,2,3,1,0,2,2,0,1,1,2,0,3,1,0,4,0,0,1,0,2,1,2,1,2,1,1,0,1,0,1,0,0,1,3,2,1,0,1,1,0,1,0,1,0,0,0,1,0,3,0,2,1,0,0,0,0,0,3,1,0,0,0,0,0,0,0,1,0,0,0,1,1,1,0,1,0,0,0,0,1,0,0,1,0,0,0,0,0,3,1,1,1,1,1,0,0,0,2,0,0,0,2,1,0,1,2,2,0,0,1
KLF10,0,1,0,0,0,0,2,0,0,0,0,0,1,0,0,1,0,2,0,0,0,0,1,0,0,0,0,0,0,0,0,0,0,0,0,0,0,1,0,0,0,0,0,0,0,0,0,0,0,0,0,0,0,1,0,1,0,0,0,0,0,0,0,1,0,0,0,0,1,0,0,0,0,0,0,0,0,1,0,0,0,0,1,0,0,0,0,0,0,0,0,0,0,0,0,0,0,0,0,0,0,0,1,0,0,2,0,0,1,0,0,0,1,0,0,0,0,0,0,0,0,0,0,0,0,0,0,0,0,0,0,0,0,0,0,1,0,0,0,0,0,0,0,0,0,0,0,0,0,0,0,0,0,0,0,0,0,0,0,0,0,0,2,1,0,0,1,0,2,2,0,0,0,0,0,0,0,0,0,0,0,0,0,0,0,0,0,0,1,0,1,0,0,0,0,0,0,0,0,0,0,0,3,0,0,0,0,0,0,0,0,0,0,0,0,0,0,0,0,4,0,0,0,0,0,0,0,0,0,0,0,0,1,0,1,0,0,0,0,0,0,0,0,1,0,0,0,1,2,2,0,0,0,0,0,0,0,0,0,1,0,0,0,0,0,0,0,0,0,0,0,0,0,0,0,0,0,0,0,0,3,1,0,0,0,0,0,0,0,0,0,0,0,0,0,1,0,0,0,0,0,0,0,0,1,0,0,0,1,0,0,0,0,0,0,0,0,0,0,0,0,0,1,0,0,0,3,0,0,0,0,0,0,0,2,0,0,1,0,0,0,0,1,0,0,0,0,1,0,0,1,0,0,0,0,0,0,0,0,0,0,0,0,1,0,0,2,0,0,0,0,0,0,0,0,1,0,0,0,1,0,0,0,0,0,0,0,0,0,0,0,0,0,0,0,0,0,0,0,0,0,0,0,0,0,0,0,0,0,0,1,0,1,0,0,0,0,0,0,0,0,0,0,0,0,0,0,0,0,0,0,0,0,0,3,0,0,0,0,0,0,0,1,0,0,1,0,0,0,0,0,0,0,0,1,0,0,1,1,0,0,0,0,0,1,0,0,0,0,0,0,0,0,0,0,0,0,0,0,0,0,0,0,0,0,0,0,0,0,1,0,0,0,0,1,0,0,0,0,0,0,3,0,0,0,0,0,0,0,0,0,0,0,0,0,0,0,0,0,0,0,0,0,0,0,1,0,0,0,0,1,0,0,0,0,0,0,0,0,0,0,0,0,0,0,0,0,0,0,0,0,0,0,0,1,2,0,0,0,1,0,0,0,0,0,0,0,0,0,0,0,0,1,0,0,0,0,0,0,0,0,0,0,0,0,0,0,0,0,0,0,0,0,2,0,0,0,0,0,0,0,0,1,0,0,1,0,0,0,0,0,0,0,0,0,0,0,0,1,0,0,0,0,0,0,0,0,0,0,0,0,0,0,0,0,0,0,0,0,0,0,0,0,0,0,0,0,0,0,0,0,0,0,0,0,0,0,0,0,0,0,0,0,0,0,0,0,0,0,0,0,0,1,0,0,0,1,1,0,0,0,0,0,0,2,0,0,0,0,0,0,0,0,0,0,0,0,0,0,0,0,0,0,0,0,0,0,0,0,1,0,0,0,0,1,0,0,0,0,0,2,0,0,0,0,0,0,0,0,0,0,0,0,0,0,0,0,0,0,0,0,0,0,3,0,0,0,0,0,0,0,0,0,1,0,0,0,1,0,0,0,0,0,0,0,0,0,0,1,0,0,0,0,0,0,0,0,0,2,0,0,1,0,0,0,0,0,0,0,0,0,0,0,0,1,0,0,0,1,0,0,0,0,0,0,0,0,1,0,0,0,1,0,0,1,0,0,0,0,0,0,0,0,0,0,0,0,0,0,1,0,0,0,0,0,0,0,0,0,0,0,0,0,0,0,0,0,0,0,0,0,0,0,0,0,0,0,0,0,0,0,0,0,0,0,0,0,0,0,0,0,0,0,0,0,0,0,0,0,2,0,0,0,0,0,0,0,0,0,0,0,0,0,0,0,0,0,0,0,0,0,0,0,0,0,0,0,0,1,0,0,0,0,0,0,0,0,0,0,0,0,1,2,0,0,1,1,0,2,1,1,0,0,0,0,0,0,0,0,0,0,0,0,0,0,0,0,1,0,0,0,0,0,0,0,0,0,0,0,0,1,0,0,0,0,0,0,0,0,0,0,1,2,0,0,0,0,0,1,0,0,0,0,1,0,0,0,0,0,0,0,0,0,0,0,0,0,0,0,1,0,0,0,0,0,0,0,0,0,0,0,1,0,0,0,0,1,0,1,2,0,0,0,0,0,0,0,0,0,0,0,1,0,0,0,1,0,0,0,0,0,1,0,0,0,0,0,0,0,0,0,0,0,0,0,0,0,0,0,0,0,0,1,0,0,0,1,0,0,1,1,0,0,0,0,0,0,0,0,0,0,0,0,0,0,0,0,0,2,0,1,0,0,2,0,0,0,0,0,0,0,0,0,0,0,0,0,0,0,0,0,0,1,0,0,0,2,0,0,0,0,0,0,0,0,0,0,0,3,0,0,0,0,0,0,0,0,0,0,0,0,0,1,0,0,0,0,0,1,0,0,0,0,1,0,0,0,0,0,0,0,0,0,1,0,0,0,0,0,0,0,0,0,0,0,0,1,0,0,1,0,0,0,0,0,0,0,0,0,1,0,0,0,0,0,0,1,1,0,0,0,0,0,0,0,0,0,0,0,0,0,0,0,0,0,0,0,0,0,0,0,0,0,0,0,0,0,0,0,0,0,2,0,0,0,0,0,0,0,0,0,0,0,0,0,0,0,2,0,1,0,0,2,0,0,0,0,0,0,0,0,0,0,0,0,0,0,0,0,0,0,1,0,0,0,0,0,0,2,1,2,0,0,0,0,1,1,0,0,0,0,0,0,0,0,0,0,0,0,0,0,0,0,0,0,0,0,1,0,0,0,0,0,0,0,0,0,0,0,0,0,2,0,2,0,0,0,0,0,1,0,0,0,0,0,0,0,0,0,0,0,0,0,0,0,0,0,0,0,0,0,0,0,0,0,0,0,0,0,0,0,0,0,1,1,0,0,1,0,0,0,0,0,0,1,0,0,0,0,0,0,1,0,0,0,0,0,0,0,0,0,0,0,0,0,3,0,0,0,0,0,1,0,0,0,2,0,0,1,0,0,0,0,0,0,0,0,2,0,0,1,0,0,1,0,0,0,0,0,0,0,0,0,0,0,0,0,0,0,0,0,1,0,0,1,0,0,0,0,1,0,0,0,0,0,0,0,0,0,0,0,0,1,0,0,0,0,0,0,0,0,0,0,0,2,0,0,0,0,0,0,0,0,0,0,0,0,0,2,0,0,0,0,2,0,0,0,0,0,0,0,0,0,0,0,0,0,0,0,0,0,0,0,0,0,0,0,0,0,0,0,0,0,0,2,0,0,1,0,0,0,2,0,0,0,0
CALR,0,0,1,3,3,2,1,2,2,1,0,0,1,0,4,1,0,2,1,1,1,1,1,0,1,1,0,0,1,0,0,0,0,0,3,0,0,0,0,0,1,0,1,2,0,0,0,2,1,0,1,0,1,0,1,0,0,0,2,1,0,0,0,0,0,1,1,0,0,0,0,3,0,0,0,1,3,2,0,0,1,2,0,1,0,0,0,1,2,0,4,0,0,1,3,3,0,0,0,4,1,0,1,1,1,0,2,1,0,1,2,1,0,2,1,2,3,0,2,2,0,0,0,1,0,1,0,0,0,0,0,3,0,0,0,1,0,0,0,0,0,0,0,0,1,1,2,0,1,0,1,1,1,2,3,1,3,0,2,0,0,0,2,1,0,0,0,2,0,1,0,0,1,1,0,0,0,0,1,1,1,2,0,1,0,1,3,1,0,0,1,0,0,0,0,3,1,1,0,0,0,3,0,0,0,2,1,5,1,0,0,0,2,0,0,1,2,2,3,1,0,0,1,0,1,1,1,0,0,0,1,0,0,0,2,0,0,0,0,0,0,0,0,1,0,1,1,1,0,3,0,0,1,0,0,0,0,1,1,0,0,0,2,0,0,0,0,1,1,1,1,6,1,1,0,0,2,2,1,0,0,0,0,0,0,0,0,0,1,0,0,1,1,0,0,0,1,0,2,1,1,0,4,0,0,0,2,0,1,0,0,0,2,1,1,0,0,2,1,0,3,1,7,0,0,0,0,0,0,0,0,0,0,0,1,1,0,0,1,0,2,0,0,3,0,0,0,1,0,1,1,0,0,1,1,1,0,1,1,0,1,1,0,0,2,1,5,0,0,1,1,1,2,0,1,3,0,1,0,0,0,0,0,1,0,0,0,1,0,2,1,5,1,4,1,0,1,1,2,0,1,0,4,0,0,1,2,0,2,1,1,0,2,0,0,1,0,0,2,0,3,1,3,0,0,1,1,0,0,0,0,0,0,0,0,0,0,1,0,0,0,0,1,0,1,8,0,0,0,0,1,2,1,0,0,1,0,0,1,1,1,0,0,0,3,1,1,0,0,0,0,0,0,2,0,0,0,0,1,1,0,1,3,1,1,1,1,2,1,0,0,0,0,1,0,0,0,1,0,1,0,0,0,0,0,1,0,2,0,0,0,1,0,1,1,0,0,0,0,1,0,0,0,1,2,0,0,0,1,0,3,1,0,0,1,1,1,3,0,1,5,2,1,1,0,1,0,1,5,0,1,1,0,0,0,0,1,3,3,2,1,0,0,4,1,0,1,0,1,0,1,5,0,1,1,0,1,0,0,0,1,1,0,3,0,1,1,0,0,2,0,0,1,0,0,0,4,0,0,1,4,1,0,2,0,2,0,0,1,0,0,0,1,1,1,2,3,2,0,1,0,0,0,0,3,0,0,1,2,2,0,0,1,0,0,0,2,2,0,2,1,0,3,0,0,0,6,0,0,0,1,0,0,3,0,0,2,0,1,0,0,0,2,1,0,1,0,0,0,0,0,0,0,1,2,0,0,1,1,1,6,2,1,1,1,2,0,1,0,0,1,0,0,2,0,0,0,0,1,0,0,0,0,0,1,2,0,1,1,5,0,1,0,0,1,1,1,2,0,0,0,0,1,0,0,0,0,0,0,3,1,0,0,2,3,1,0,1,3,1,0,0,3,0,0,0,0,0,0,0,1,1,0,0,0,0,0,1,0,0,0,0,0,0,2,0,0,0,0,1,0,1,1,0,0,0,0,0,0,1,0,0,2,2,0,1,3,0,0,0,1,1,1,0,0,1,2,0,1,0,0,2,0,0,6,0,1,0,2,1,1,0,0,0,1,3,0,1,1,1,1,0,5,2,1,0,1,0,0,0,1,2,1,2,0,3,0,0,0,1,0,1,5,1,0,1,1,1,3,0,1,0,0,0,0,0,0,0,1,1,1,2,1,1,1,1,0,0,0,0,1,0,5,0,0,0,1,0,1,2,0,0,0,2,0,0,2,0,0,1,0,1,0,0,0,1,0,1,0,1,0,0,1,0,1,0,0,1,1,1,0,0,1,1,0,0,0,1,0,1,0,1,0,0,2,1,0,2,1,0,0,0,0,0,1,1,0,4,1,2,1,0,0,0,0,0,1,0,1,1,0,0,0,0,0,0,1,0,0,1,3,1,0,1,2,0,0,1,2,1,0,3,0,0,0,0,2,2,1,0,0,0,0,0,0,0,0,0,0,0,1,1,0,0,0,1,2,0,0,0,0,3,3,2,1,1,0,0,0,1,1,2,1,1,2,0,0,1,1,2,1,1,0,0,0,1,0,1,0,1,4,5,0,1,0,1,1,1,0,0,0,3,1,3,0,0,1,0,2,0,1,0,2,1,0,0,0,0,1,3,2,0,0,2,0,0,1,0,1,0,4,0,1,0,1,1,2,0,1,2,8,1,0,1,1,2,0,0,0,1,0,0,1,1,1,0,0,2,0,1,0,1,0,1,0,0,0,1,0,2,1,1,1,0,0,0,0,0,2,2,0,3,0,2,0,1,1,1,0,0,0,2,0,0,1,0,0,2,0,2,1,3,0,3,0,0,0,0,1,0,3,0,2,3,0,0,0,0,1,1,0,1,3,0,1,1,1,0,1,1,0,0,0,2,3,3,1,1,2,0,1,0,2,0,1,0,2,0,0,1,1,2,0,0,1,2,3,0,0,0,0,1,1,0,1,1,2,1,1,0,0,0,3,0,4,1,1,0,0,0,0,1,0,0,0,0,1,2,0,0,0,0,0,0,1,2,2,1,2,0,1,1,0,0,0,1,0,3,0,1,3,0,0,2,2,2,0,0,0,0,0,0,4,1,2,0,0,0,1,0,2,0,2,0,0,0,2,3,1,0,0,1,3,3,2,2,0,0,1,0,2,1,4,0,0,0,6,0,0,0,0,1,1,0,0,1,2,0,0,1,0,0,0,2,0,2,0,1,0,2,0,0,1,0,2,0,0,3,3,0,3,1,2,1,0,1,0,0,16,2,1,4,0,1,0,0,0,1,0,2,0,1,1,1,0,2,3,2,0,0,0,2,0,0,0,0,0,1,0,3,0,0,0,1,1,0,0,1,0,1,1,1,0,0,0,1,0,0,0,4,5,1,0,1,1,1,0,1,0,1,0,0,1,1,4,0,1,0,0,2,0,0,0,2,0,0,0,4,0,3,0,0,3,0,0,1,1,1,0,1,1,0,0,0,1,1,0,1,1,1,2,1,1,0,0,0,0,1,3,0,0,1,1,0,2,2,1,2,0,1,0,0,0,1,0,1,0,0,1,0,2,1,1,1,1,1,1,1,0,0,1,3,6,3,0,0,0,1,3,3,0,0,1,0,0,1,1,3,0,0,1,0,0,0,0,0,0,0,1,1,0,1,0,0,0,0,0,0,2,1,0,0,1,0,0,2,0,4,0,0,0,3,0,0,1,0
FLNA,0,0,0,0,2,1,1,0,0,0,1,1,1,0,0,2,0,2,1,0,0,0,1,0,0,2,0,0,1,0,0,0,0,0,0,2,1,0,1,0,1,0,1,3,0,0,0,1,0,0,0,0,0,0,0,0,1,1,0,0,4,1,1,0,0,2,0,6,1,0,0,0,0,0,0,0,0,2,0,0,0,0,1,2,0,0,0,0,4,0,0,0,0,0,0,2,0,0,2,0,1,0,2,0,0,0,0,0,0,1,0,0,0,1,2,0,0,0,0,0,0,0,7,0,0,0,0,0,1,0,0,0,0,0,0,2,0,1,1,0,0,0,0,1,1,0,2,2,0,0,2,0,0,1,0,0,1,0,0,0,0,0,4,0,1,2,1,0,2,1,2,0,0,0,1,0,0,0,1,1,0,0,0,0,1,1,0,0,1,1,2,2,0,0,0,1,0,2,6,0,0,0,0,0,0,3,0,0,1,0,0,0,2,0,1,1,0,0,0,1,0,0,3,0,0,1,0,0,0,0,0,0,2,0,0,0,1,0,0,0,0,0,0,1,0,0,1,0,0,0,0,2,0,1,0,0,0,0,0,1,0,0,1,2,0,3,0,0,0,0,0,5,1,0,0,1,0,1,2,0,2,0,0,1,1,0,0,0,0,0,0,1,1,2,1,0,0,1,0,3,0,0,2,0,0,0,1,1,1,0,0,0,0,0,1,0,0,1,1,0,1,1,0,0,1,1,0,0,1,0,0,0,0,1,0,0,0,1,0,1,2,2,1,1,0,1,0,0,1,1,4,0,3,0,4,0,0,1,0,0,0,0,0,0,0,0,6,0,0,1,1,0,2,0,0,0,0,0,0,1,0,0,0,0,0,0,0,0,0,0,1,5,1,5,0,1,1,1,0,2,0,0,0,0,2,0,1,0,1,1,0,0,0,0,0,2,0,0,0,0,1,0,3,1,2,2,1,0,1,2,0,2,1,0,2,0,0,2,0,0,0,1,2,0,1,1,1,0,0,0,0,2,2,0,1,0,0,1,4,0,0,0,0,0,3,1,0,0,0,1,2,1,1,0,0,3,0,1,0,0,1,0,0,0,2,1,1,0,1,0,0,0,2,0,0,0,0,0,0,1,1,0,1,0,0,0,1,0,1,0,0,4,1,1,0,0,1,0,0,0,0,0,0,1,1,1,0,0,1,1,1,0,0,0,2,1,0,0,1,1,1,1,0,1,1,0,2,0,1,0,0,3,0,0,0,1,0,4,0,2,0,0,0,0,0,1,1,0,0,0,1,3,0,0,0,4,1,0,1,0,0,0,1,0,0,0,0,0,0,0,1,0,2,1,0,0,0,1,0,0,0,1,0,2,0,1,0,0,0,0,1,0,0,0,0,0,0,0,0,0,1,1,3,0,4,2,0,0,0,0,0,0,0,1,1,1,0,0,1,0,0,0,1,0,1,0,1,0,0,0,2,0,0,1,1,0,1,1,0,0,2,1,0,0,1,2,1,0,0,0,0,0,0,0,2,1,0,1,0,0,1,0,0,2,0,0,0,1,1,0,0,0,0,0,0,0,3,1,0,0,0,0,0,2,0,1,0,0,2,0,1,1,0,0,0,1,1,1,0,0,0,0,0,0,0,0,0,0,0,1,1,0,0,0,0,0,1,0,1,0,0,0,1,0,0,0,0,0,1,0,1,0,0,0,1,1,0,1,0,0,0,0,0,0,0,1,0,2,0,0,0,0,0,0,1,0,1,0,1,0,3,0,0,1,3,2,0,0,0,0,0,0,1,0,0,1,1,0,1,0,0,0,0,0,1,0,0,0,0,1,0,1,0,2,2,0,2,0,0,0,2,0,2,0,0,0,0,0,0,0,0,1,0,0,0,0,1,0,1,0,0,0,4,0,1,1,0,1,0,1,2,0,0,0,0,0,0,3,0,0,0,0,1,0,0,0,0,0,3,0,1,0,1,1,0,0,0,0,0,1,0,0,1,3,0,0,0,0,0,1,2,1,1,2,0,0,0,0,1,0,0,0,0,0,0,0,0,0,2,1,5,0,0,0,0,1,0,0,0,0,0,2,0,0,0,1,0,1,1,2,2,1,0,0,0,0,0,0,0,1,1,0,0,0,0,2,2,0,0,2,0,0,1,0,0,0,1,0,1,0,2,0,1,1,2,1,0,1,2,1,0,7,4,1,0,0,0,0,1,1,0,0,0,1,0,1,0,0,0,1,1,0,0,1,1,0,0,0,0,1,0,1,0,0,0,1,0,0,0,0,0,0,0,1,0,0,0,0,1,0,0,0,0,0,0,1,1,1,0,0,1,3,0,1,0,1,0,1,0,1,0,3,2,1,0,2,0,0,0,0,2,0,0,0,1,0,0,0,0,0,0,1,2,3,1,1,1,0,0,0,1,0,1,1,0,0,0,1,0,0,0,0,1,0,3,0,0,0,0,0,0,0,0,1,0,0,0,0,1,1,0,1,4,1,4,0,0,1,0,0,1,0,0,2,0,1,3,0,0,0,0,0,1,0,0,0,1,2,2,0,0,0,1,0,1,0,0,0,0,0,0,0,0,0,0,0,0,0,0,1,1,0,0,2,1,1,0,0,0,1,0,2,0,0,0,0,0,0,0,2,0,1,0,0,0,0,3,1,0,0,0,0,0,0,0,0,2,1,0,0,0,0,1,1,0,1,1,0,1,0,1,0,1,0,0,1,0,2,0,0,0,0,0,2,0,1,1,1,0,1,0,1,0,0,0,0,0,0,1,0,4,1,0,0,1,0,0,0,0,1,0,1,0,0,0,0,0,0,0,0,4,1,3,0,0,0,1,0,0,0,1,0,1,2,2,0,1,1,0,0,2,1,0,0,0,0,0,0,0,0,1,0,0,3,1,0,1,0,0,0,2,1,0,0,0,1,2,0,0,0,1,0,0,0,0,1,0,0,0,0,1,1,0,1,0,0,0,0,2,0,0,2,0,0,0,0,0,0,0,4,0,0,0,0,0,1,1,1,8,2,0,0,2,1,0,0,1,0,1,0,0,0,1,0,0,0,0,0,1,0,0,2,1,1,1,2,0,2,0,2,0,1,0,1,2,2,0,0,1,0,1,0,0,0,0,1,0,0,1,0,5,0,0,0,1,2,0,2,0,1,2,0,3,0,1,0,0,0,0,0,0,0,0,0,0,0,0,3,1,0,0,2,1,1,0,1,0,0,0,0,1,1,0,0,1,1,1,0,0,1,1,0,0,0,0,0,0,0,0,1,0,0,0,2,0,3,0,0,0,3,0,1,2,0,0,1,1,2,0,0,0,1,0,2,2,0,0,1,0,3,0,0,0,1,0,0,0,1,0,2,0,1,1,0,0,0,0,1,0,1,0,1,0,1,0,0,0,0,0,0,0,0,1,0,0,0,1,0,0,2,0,0,1,0,2,0,1,3,1,0,0,1,0,0,0,2
ABHD17A,0,1,0,0,0,0,0,1,1,0,0,0,0,0,1,1,1,2,0,1,0,0,0,0,0,0,0,1,0,1,0,0,1,1,0,0,0,1,0,0,0,0,0,0,0,0,0,0,0,0,0,0,0,0,0,0,0,0,0,2,0,0,0,0,0,1,0,0,1,1,0,0,0,0,0,0,3,0,0,2,0,0,0,0,0,0,0,0,0,0,0,0,0,0,0,0,0,0,2,1,0,0,0,0,0,0,0,4,0,0,0,1,0,0,0,1,0,0,1,0,0,0,0,0,0,0,0,0,0,0,0,0,0,0,0,0,0,0,0,1,1,0,0,0,0,0,0,1,0,1,0,0,0,0,1,0,0,0,0,0,0,0,0,1,0,0,0,2,0,0,0,1,1,0,0,0,0,0,0,0,0,0,0,0,1,0,0,1,0,0,0,1,0,0,0,0,0,2,0,1,0,3,0,0,0,0,0,1,0,0,0,0,1,1,1,0,0,1,0,1,0,0,0,0,0,0,0,0,0,0,0,0,0,0,0,0,1,0,0,0,0,0,1,0,0,1,0,0,0,0,0,0,0,0,0,1,0,0,0,0,1,0,0,0,0,0,2,1,0,0,4,1,0,0,0,1,1,0,0,0,0,0,0,1,0,0,0,1,1,0,0,0,1,0,0,0,0,0,0,0,1,0,1,0,0,0,1,0,0,1,0,1,0,0,0,0,0,1,0,0,0,0,1,0,1,0,0,1,0,0,0,2,0,0,0,0,0,0,0,0,0,0,0,1,0,1,0,0,0,0,0,0,1,0,0,0,0,1,0,0,1,0,0,0,0,0,0,0,0,0,1,1,0,0,0,0,0,1,0,0,0,0,0,0,1,0,1,0,0,1,0,0,0,0,0,0,0,0,0,1,1,1,0,0,1,0,0,0,0,0,0,0,0,0,0,0,0,0,0,0,2,0,0,0,0,0,0,1,0,0,0,1,0,0,1,0,0,0,0,0,0,0,1,1,0,0,0,0,2,0,0,0,0,0,0,0,0,0,0,0,0,0,0,0,1,0,0,0,0,0,0,0,1,0,0,0,0,0,0,0,0,0,1,0,0,1,0,1,0,0,0,0,0,0,0,0,0,0,0,3,0,0,0,0,0,0,1,0,1,1,0,0,1,0,0,0,0,0,1,0,1,0,0,0,0,0,0,1,0,0,0,1,1,0,0,0,0,0,2,0,0,0,0,1,0,2,0,0,0,0,1,1,0,0,0,0,0,0,0,2,0,0,0,0,0,3,0,0,0,0,0,0,0,0,0,0,0,0,0,0,0,2,2,0,0,0,0,0,0,0,0,0,0,1,1,0,0,0,0,0,0,0,0,3,2,0,1,2,0,2,1,0,5,0,2,1,0,2,2,0,1,0,0,0,3,0,0,0,0,1,0,0,1,1,0,0,0,0,0,0,0,0,1,0,0,0,0,0,0,0,0,0,0,0,0,0,0,0,0,0,0,0,0,0,1,0,0,0,0,0,0,1,0,1,0,1,0,0,1,0,2,0,0,0,0,1,1,0,0,0,0,1,0,0,0,0,1,0,0,0,0,0,1,0,0,0,1,0,0,1,1,0,0,0,0,1,0,2,1,0,0,0,0,1,0,0,0,0,0,1,0,1,0,0,0,0,0,1,0,0,1,0,1,0,0,2,0,0,0,0,0,1,0,0,0,0,0,0,2,2,0,0,0,0,0,1,1,0,1,0,0,0,1,1,0,0,0,0,0,0,0,0,0,0,0,0,0,0,0,0,0,0,0,0,0,0,1,0,0,0,0,0,0,2,2,0,0,0,0,0,0,0,0,0,0,0,0,0,0,0,0,0,1,0,0,0,1,0,0,0,0,0,0,0,0,0,0,2,0,0,0,0,0,0,0,0,2,0,1,0,0,0,0,0,1,0,0,0,0,0,0,0,0,0,1,0,0,0,2,0,2,0,1,1,0,1,2,0,0,0,0,0,0,1,1,0,1,0,0,0,0,0,1,1,0,1,0,0,0,1,1,0,0,1,0,0,0,0,1,0,1,2,0,0,0,0,0,0,0,0,0,1,0,0,0,0,0,0,0,0,0,0,0,0,0,2,0,1,0,4,3,0,0,0,0,0,0,0,1,1,0,0,0,0,0,0,2,0,0,0,2,0,0,1,0,0,0,0,0,0,0,0,0,0,0,0,1,1,0,3,1,0,0,0,0,0,0,0,0,0,0,0,1,1,0,1,0,0,1,0,1,0,0,0,0,0,0,1,0,0,0,2,1,0,0,0,0,0,0,1,0,0,0,0,0,0,0,0,1,0,0,0,0,0,0,0,0,0,0,0,0,1,0,1,0,0,0,0,0,0,3,0,1,2,0,1,0,0,0,0,0,0,0,0,0,0,0,0,0,0,0,2,0,0,0,0,0,1,1,0,0,0,0,1,3,1,0,0,0,0,0,0,1,0,1,0,0,0,0,0,1,0,0,0,0,0,0,1,0,0,0,0,1,1,0,1,0,0,0,0,0,1,0,0,0,0,3,0,0,1,0,0,0,3,0,0,1,0,0,0,0,0,0,2,0,1,0,0,1,1,0,0,0,1,0,0,0,0,1,0,2,0,0,0,1,0,1,1,0,0,0,1,0,0,1,2,0,0,0,1,0,0,0,0,0,0,0,0,0,0,0,1,0,0,0,0,0,0,0,0,0,0,0,0,0,0,0,1,0,0,0,0,1,1,1,2,0,0,0,0,0,0,0,1,0,0,0,0,2,0,0,0,1,0,0,0,0,0,1,1,0,0,0,0,0,0,0,1,0,1,0,0,0,0,0,0,0,1,0,0,0,0,0,0,1,0,0,1,0,0,2,0,0,0,0,1,0,3,0,0,0,0,0,0,0,0,1,0,0,2,0,0,1,0,0,0,1,1,0,0,0,0,0,0,0,0,0,2,0,1,1,0,0,0,0,1,1,1,2,0,0,0,0,1,0,0,0,0,0,1,0,0,0,0,0,0,0,0,8,0,0,0,0,0,0,0,1,0,2,0,0,0,0,0,0,0,0,0,0,2,0,0,0,0,0,0,0,0,0,1,0,0,0,1,0,0,0,0,0,0,0,1,1,0,0,0,0,0,1,0,0,1,0,0,0,0,0,0,0,0,0,0,3,0,0,0,0,0,0,0,0,0,0,0,0,1,0,0,0,0,0,1,0,0,0,0,0,0,0,0,0,0,0,0,0,0,0,0,0,0,0,0,0,0,1,0,0,0,0,0,0,0,0,1,0,0,0,0,0,0,0,0,0,0,0,1,0,0,2,0,0,0,1,0,0,0,0,1,0,2,0,0,1,0,0,0,0,0,0,0,1,0,1,0,0,2,0,0,0,0,0,0,0,0,0,0,0,0,0,0,0,0,0,0,0,0,2,0,0,0,0,0,0,1,0,0,0,0,0,0,0,0,0,0,0,1
ARID5B,0,1,1,0,0,0,0,0,0,0,0,1,0,0,0,0,0,1,0,0,0,0,0,0,0,2,0,1,1,0,0,0,0,0,0,0,0,0,0,0,0,0,0,0,1,0,1,0,0,0,0,0,0,0,2,0,0,0,0,0,0,0,0,0,0,0,0,0,0,0,1,1,0,0,0,0,0,0,0,0,0,2,0,0,1,0,0,0,2,0,0,0,0,0,0,0,0,1,0,0,0,0,0,0,0,0,0,0,0,0,0,0,0,0,0,0,0,0,0,0,0,0,0,0,1,0,0,0,0,1,0,0,1,0,0,0,0,0,0,0,0,0,0,0,0,0,0,0,0,0,1,0,0,0,0,1,0,0,0,0,0,0,0,0,0,1,0,3,0,0,3,1,0,1,0,0,0,0,0,0,0,0,0,0,0,0,0,0,0,0,0,0,0,0,0,1,1,0,0,0,0,0,0,1,0,0,1,2,3,0,0,0,1,0,0,0,0,0,0,1,0,0,1,0,0,1,0,0,0,0,0,0,0,0,0,0,1,0,0,1,0,0,1,0,0,0,0,0,0,0,0,0,0,0,0,0,0,0,0,0,0,0,0,0,1,0,0,0,0,0,0,0,0,0,0,0,0,0,1,0,0,0,0,1,0,0,0,0,0,0,0,0,0,0,0,0,0,0,0,0,0,0,0,0,0,0,0,0,0,0,0,0,0,1,0,0,0,0,0,0,0,0,0,0,0,0,0,1,0,0,1,0,0,1,0,0,0,0,2,0,1,0,0,0,0,1,0,0,0,0,0,0,0,1,0,0,0,0,0,0,0,0,0,0,0,1,0,0,0,0,0,0,1,0,0,0,0,0,0,0,0,0,0,0,1,0,0,0,0,0,1,1,0,0,0,0,3,0,0,0,0,1,1,0,0,0,1,1,1,0,0,0,0,0,0,0,0,0,0,0,0,0,0,0,0,0,0,0,0,1,0,0,0,0,0,0,0,0,0,0,1,0,0,1,2,0,0,0,0,1,0,0,0,1,0,0,0,0,0,1,0,1,0,1,0,0,0,0,0,0,0,0,0,0,0,0,0,0,0,0,0,0,1,0,0,0,0,0,0,0,0,0,0,1,0,0,0,0,0,0,0,0,0,0,0,1,0,0,0,1,0,0,0,0,0,0,0,0,0,0,0,0,0,0,0,0,0,1,0,0,0,1,0,1,1,0,0,0,0,0,2,0,0,0,0,0,0,0,1,1,0,0,0,1,0,0,2,0,0,0,0,0,1,1,0,0,0,0,0,0,0,0,0,0,0,0,0,0,1,0,0,0,0,0,1,0,0,0,0,0,1,0,0,0,1,1,0,1,0,0,0,0,0,0,0,0,0,0,0,0,0,1,2,1,0,0,0,0,0,0,0,1,0,0,0,0,0,0,0,0,1,1,0,0,0,0,0,0,2,0,2,0,0,1,0,0,0,0,1,0,0,0,0,0,3,0,0,0,1,0,0,0,1,0,0,0,0,0,0,0,0,0,0,0,0,0,0,0,0,0,0,0,1,0,0,0,0,3,0,0,0,0,0,0,0,0,0,0,2,0,1,0,0,1,0,0,0,2,0,1,0,1,0,0,0,0,0,0,0,0,0,0,0,0,0,0,0,0,0,0,2,0,0,1,0,0,1,0,0,0,0,0,0,0,1,0,0,0,1,1,0,0,1,0,0,0,0,1,0,0,0,0,0,0,0,0,0,0,0,0,0,1,0,0,0,0,0,0,0,0,0,0,1,0,0,0,0,0,0,0,1,1,0,0,0,2,0,0,0,0,0,0,1,0,0,1,0,1,0,0,1,0,0,0,0,0,0,0,0,0,0,0,0,1,1,0,0,1,0,0,0,0,0,0,2,0,1,0,0,0,0,0,1,0,0,1,0,0,0,0,0,0,0,0,0,0,0,0,0,0,0,0,0,0,0,1,0,0,0,0,0,0,0,0,0,0,1,0,0,0,0,1,0,0,0,0,0,0,0,3,0,0,0,0,0,0,0,0,0,0,1,0,1,0,0,0,0,1,0,0,0,0,1,0,0,1,3,0,0,0,0,0,0,0,0,0,0,1,0,1,1,0,0,1,0,0,1,0,0,1,0,0,0,0,0,3,0,0,0,0,0,0,0,0,0,0,0,0,0,0,0,0,0,1,0,0,1,0,2,0,0,0,0,0,0,0,0,1,0,0,0,0,0,0,0,1,0,0,0,0,0,0,0,0,0,0,0,0,0,0,0,0,0,0,1,0,0,0,0,1,0,1,0,0,0,0,0,0,0,0,0,0,0,1,0,0,0,0,0,0,0,1,0,0,1,0,0,0,0,1,0,0,0,1,0,0,0,1,1,0,0,0,0,0,0,0,0,1,1,0,0,0,0,0,0,0,0,0,0,0,0,0,0,0,0,0,0,0,0,0,0,0,0,0,0,0,0,1,0,0,0,0,0,0,0,0,0,0,0,1,1,0,0,0,0,0,0,1,0,0,0,0,0,0,0,0,0,0,0,0,0,0,0,0,0,0,0,0,0,0,0,0,0,0,0,0,0,1,0,1,0,0,0,1,1,0,0,0,0,1,0,0,0,0,0,0,0,0,0,0,0,0,0,0,0,0,0,0,1,0,0,2,2,1,0,1,0,0,0,0,0,0,0,0,0,0,0,0,0,0,0,0,0,0,0,0,0,0,0,0,0,0,0,0,1,1,0,0,0,0,0,0,0,3,0,2,0,0,0,0,1,2,0,0,0,0,0,0,0,0,0,0,0,0,0,0,0,0,1,1,0,0,0,0,0,0,0,2,0,0,0,0,0,0,0,0,0,0,0,0,0,0,0,0,0,0,0,0,0,0,0,0,0,0,1,0,0,0,0,0,0,0,0,1,0,0,0,0,0,0,2,0,0,0,0,1,0,0,0,2,0,0,0,0,0,0,0,0,0,0,0,0,0,0,0,1,1,0,0,0,1,0,0,0,0,0,0,0,0,0,0,0,0,1,0,1,0,0,1,0,0,1,0,0,1,0,0,0,0,1,0,0,0,0,0,0,0,0,0,1,0,0,0,1,0,0,0,0,0,0,0,0,0,0,0,0,1,0,0,0,0,0,0,0,3,0,1,0,0,0,1,0,0,0,0,0,0,0,1,0,1,0,0,1,0,0,0,0,0,0,0,0,0,0,0,0,0,0,0,0,0,0,0,0,1,0,0,0,1,0,0,0,1,0,1,0,0,0,0,0,0,0,0,0,0,0,0,0,0,0,0,0,0,0,0,0,0,0,0,0,0,0,0,0,0,0,0,0,0,0,0,0,0,0,1,0,0,3,0,0,0,0,0,0,0,0,0,0,0,0,0,0,0,0,0,0,0,1,0,0,2,0,0,2,0,1,0,0,0,0,0,2,0,1,0,0,0,0,0,0,0,0,0,0,0,0,0,0,0,0,0,1,0,0,0,0
ZAP70,1,2,1,0,0,0,0,0,0,1,1,0,0,0,0,3,0,2,0,1,0,0,0,0,0,1,0,1,0,0,0,0,0,0,0,0,0,1,0,0,0,2,0,1,3,0,0,0,1,1,0,0,0,1,0,0,0,0,0,0,0,0,1,0,0,0,1,0,0,0,0,0,0,0,0,0,0,0,0,0,0,0,0,0,1,0,0,0,0,0,0,0,0,0,1,0,0,0,0,0,1,0,0,0,0,0,0,0,0,0,2,1,0,0,0,1,0,0,0,0,0,0,0,0,0,0,0,0,0,0,1,0,0,0,0,1,1,0,1,0,0,1,1,0,0,2,0,0,0,1,0,3,0,1,0,0,1,0,0,0,0,1,0,0,2,1,0,0,1,0,1,1,2,0,0,0,0,0,0,2,0,0,0,0,1,0,0,0,0,0,0,0,1,2,3,0,0,1,0,0,0,0,0,0,1,1,0,1,0,0,0,1,2,1,1,0,0,1,0,0,0,0,0,0,0,2,0,0,0,0,1,0,0,0,0,0,0,0,0,0,0,0,0,0,0,0,1,0,0,0,1,0,0,0,0,1,0,0,0,0,0,0,0,0,0,0,0,0,2,0,0,0,0,0,0,0,0,0,0,1,0,0,1,0,3,1,1,0,0,0,2,1,0,2,0,0,1,0,0,1,1,0,0,0,2,0,0,0,0,0,0,0,1,0,0,0,0,0,1,0,1,0,0,0,0,0,0,2,0,0,1,0,1,0,0,0,0,0,0,0,0,0,0,0,1,0,0,0,0,0,0,0,0,0,0,0,0,1,1,0,1,0,0,1,1,0,0,0,0,0,0,0,2,0,0,0,1,0,0,0,0,0,0,0,1,0,1,0,0,1,0,0,0,0,0,0,0,1,1,0,0,0,0,0,0,3,1,0,1,0,0,0,0,1,0,0,0,0,0,0,0,3,0,2,1,0,1,0,1,1,0,1,1,0,0,0,0,0,1,0,1,0,0,1,2,0,0,0,0,0,0,0,0,0,0,2,0,0,0,0,0,0,1,0,0,0,0,0,0,0,0,0,2,0,0,0,0,0,0,0,0,1,0,0,1,0,0,0,0,1,1,0,0,0,0,0,0,0,0,0,0,0,1,0,1,3,0,0,2,1,0,0,0,0,1,0,0,0,0,0,1,1,0,0,0,0,0,0,0,0,0,0,0,0,0,0,0,0,0,2,0,0,0,0,1,2,0,1,0,0,2,0,0,0,0,0,0,0,1,2,0,0,0,0,0,0,0,0,0,0,0,1,0,0,2,0,1,1,0,1,0,0,0,0,0,1,0,0,0,0,0,0,0,0,0,0,1,0,0,0,0,0,0,0,0,0,0,0,0,0,0,0,0,0,1,0,1,2,0,0,2,1,0,0,1,0,0,0,0,0,0,1,1,0,0,0,0,0,1,1,0,0,3,0,1,0,0,2,0,0,2,0,0,0,0,0,0,1,0,1,0,0,0,3,0,0,0,0,0,0,0,0,0,1,1,0,0,0,0,2,0,0,1,0,0,0,0,2,0,0,1,0,0,1,0,0,0,1,0,0,0,0,0,0,0,0,0,0,0,0,4,0,0,1,0,0,1,0,0,0,0,1,0,0,0,0,0,0,0,2,1,0,0,0,0,0,0,1,1,0,0,0,1,0,1,0,0,0,0,0,0,1,1,0,0,0,0,0,0,0,0,0,0,0,0,0,1,0,1,1,0,1,1,0,0,0,0,1,0,2,0,0,0,1,0,0,0,0,1,1,1,0,1,0,0,0,0,3,0,0,0,1,0,0,1,0,0,0,0,0,0,0,0,0,1,1,0,0,0,2,2,0,0,0,0,0,1,0,0,0,0,0,0,0,1,1,0,0,0,0,0,0,2,0,0,0,0,0,0,2,0,0,0,0,0,0,0,0,0,0,1,0,0,0,0,0,0,0,0,1,0,0,0,2,0,2,1,0,0,0,0,0,0,0,0,1,0,0,0,0,1,0,0,0,0,0,0,0,0,1,0,0,0,0,0,0,0,0,0,0,0,0,0,1,0,0,0,0,1,0,0,0,0,1,0,0,0,0,0,0,0,0,0,0,0,0,1,0,1,2,0,1,3,0,0,1,5,0,0,1,0,0,0,0,0,0,0,0,0,0,0,1,0,0,0,0,0,0,0,0,0,0,0,0,0,0,1,1,0,0,0,0,0,0,0,0,0,0,0,0,0,0,0,0,0,1,0,0,0,0,1,0,4,0,0,1,0,0,0,0,2,1,0,0,0,2,1,0,0,0,0,0,0,2,1,0,3,0,1,0,1,2,0,1,0,0,1,1,0,0,0,1,5,0,0,0,0,1,1,1,1,0,0,1,0,0,0,0,0,1,1,0,0,0,0,1,0,0,2,0,1,0,0,0,1,0,0,0,0,0,0,0,0,0,1,1,0,1,0,0,0,0,1,0,0,0,0,0,0,0,0,0,0,0,0,2,0,0,0,1,0,0,0,1,0,1,0,0,0,1,0,0,0,0,1,2,0,0,0,0,1,0,0,0,1,0,0,0,0,1,0,0,0,2,1,0,0,0,0,0,0,0,0,0,0,0,0,1,0,0,0,1,0,0,0,0,0,2,0,1,0,0,1,0,0,2,0,2,0,0,1,0,0,1,0,0,0,1,0,0,0,1,0,1,0,0,0,0,0,0,0,1,1,0,0,0,0,0,1,0,0,3,0,0,0,0,0,1,0,1,0,0,0,0,0,0,0,0,0,1,0,0,0,0,1,0,0,0,0,0,0,0,0,0,0,0,0,0,0,0,0,1,0,0,0,0,0,1,1,0,3,0,0,0,0,0,0,0,0,0,1,0,0,0,0,0,0,0,0,0,0,0,0,0,3,0,2,0,0,0,0,1,0,0,0,0,2,2,0,0,0,0,0,0,1,0,0,1,1,0,0,0,0,0,0,1,0,0,0,0,0,1,0,0,0,0,1,0,0,0,1,2,1,0,0,0,0,0,2,0,0,0,0,1,0,0,0,0,0,0,0,0,0,0,0,0,0,1,0,0,1,0,0,0,0,0,0,2,0,0,0,0,0,0,0,1,0,0,0,0,2,1,0,0,0,0,0,0,0,0,0,0,0,1,0,0,1,0,0,0,0,0,1,0,2,0,3,0,0,0,0,1,1,0,0,1,0,0,0,0,0,0,0,0,0,0,0,1,0,0,1,0,0,3,0,0,0,0,0,0,1,0,0,0,0,0,0,0,0,0,1,1,1,0,1,0,1,0,0,3,0,0,0,0,0,1,0,0,2,0,0,0,0,1,0,0,0,0,0,0,0,1,3,1,0,0,0,0,0,0,0,1,0,0,1,1,1,0,0,0,0,0,0,0,0,0,0,0,0,0,0,0,0,0,0,0,0,1,1,0,0,0,0,0,1,1,0,0,0,0,0,0,0,0,1,0
NDUFB1,0,0,1,2,1,2,3,1,1,0,1,1,0,0,0,4,0,0,3,0,1,2,0,3,0,1,2,1,1,3,0,0,3,1,2,1,0,0,1,1,0,0,4,3,0,0,0,4,2,0,1,0,3,1,0,0,0,0,3,1,4,1,0,1,3,0,0,0,3,0,1,2,0,1,1,0,0,7,1,0,1,0,0,3,1,2,0,0,0,2,3,1,0,1,1,2,0,0,1,6,2,2,1,0,1,1,0,0,2,0,1,3,0,4,0,1,0,4,1,1,0,1,4,0,3,0,1,1,3,2,1,2,1,0,0,3,0,1,1,2,0,1,1,1,2,3,1,3,2,0,7,2,0,1,0,0,0,0,0,0,0,0,1,4,0,8,0,0,3,5,0,1,1,0,1,1,0,0,0,0,1,2,1,1,3,2,0,0,5,3,4,3,1,0,0,1,1,0,0,3,0,0,2,0,2,0,0,0,2,1,0,0,1,1,0,2,0,0,4,4,0,2,1,0,2,0,1,5,2,2,2,1,2,2,1,1,1,0,1,2,2,0,0,1,0,0,1,0,1,4,0,5,1,1,0,2,0,1,0,1,0,0,0,3,2,1,1,2,2,0,0,5,1,1,1,0,1,1,7,1,2,0,0,0,1,0,1,1,2,0,1,1,4,1,0,1,0,1,3,1,2,4,0,1,4,0,0,4,3,0,1,0,2,0,2,0,0,1,0,0,0,0,3,1,0,1,3,2,1,0,1,0,3,0,0,0,0,2,0,2,6,0,3,1,0,2,0,1,2,3,0,1,1,1,0,3,2,1,4,1,0,0,0,1,2,1,8,0,2,1,0,1,0,1,0,6,0,3,1,5,5,0,3,0,1,0,2,0,0,0,0,6,1,1,1,3,1,1,0,2,2,2,0,1,2,1,1,1,0,2,0,1,2,0,0,6,0,0,1,0,3,1,3,0,0,0,1,0,1,0,0,1,0,0,0,0,1,3,0,4,1,3,2,1,2,2,0,3,0,1,2,0,2,0,5,1,1,3,1,1,2,1,0,0,7,0,1,0,2,0,5,2,0,2,1,2,0,0,0,0,3,1,1,0,2,1,1,1,1,1,0,0,2,1,0,1,3,1,0,2,0,4,2,0,0,0,1,4,0,1,0,0,1,1,0,0,0,1,2,1,0,0,4,1,4,1,0,0,3,1,0,2,0,1,1,3,0,2,2,0,2,1,0,0,1,2,3,1,5,2,1,10,0,1,0,2,0,2,0,1,1,3,1,0,2,1,0,1,0,0,1,3,0,0,2,2,1,1,2,0,0,2,2,2,0,3,2,0,1,1,0,0,0,2,2,0,2,0,2,1,0,4,1,2,0,5,0,0,2,1,0,1,1,0,1,0,0,5,0,2,1,0,1,0,1,1,1,1,0,4,0,0,1,0,1,0,2,1,0,2,0,0,1,1,0,0,1,1,2,2,1,0,0,3,0,4,2,0,0,5,5,0,0,2,3,3,0,0,3,3,1,2,3,1,1,0,0,0,3,1,0,4,1,0,2,2,0,0,0,0,3,0,1,0,1,0,0,0,1,0,1,0,2,2,0,3,0,0,1,7,2,1,0,0,2,1,1,0,0,0,2,1,0,0,2,1,0,0,0,2,0,0,0,0,3,1,5,0,0,3,1,1,1,3,4,1,1,0,0,2,1,2,0,2,0,2,2,1,0,0,1,3,0,1,3,1,0,0,0,1,1,1,1,1,0,1,1,0,0,1,5,1,0,2,1,1,4,0,1,1,1,0,0,1,0,1,2,0,3,0,0,0,2,2,0,1,1,0,0,0,0,1,1,3,3,4,1,0,1,3,3,0,1,1,1,0,1,0,3,1,2,3,0,3,1,0,0,3,4,1,0,1,4,0,1,1,2,0,2,0,0,0,0,1,0,0,1,3,2,0,0,0,1,0,3,0,0,6,0,0,0,4,2,1,1,2,1,3,1,2,0,0,4,2,2,0,1,0,0,2,0,0,0,2,1,3,0,2,1,0,0,0,0,1,2,1,2,5,2,0,2,0,0,2,1,1,0,0,0,0,1,2,2,1,0,4,1,1,0,3,2,1,0,0,0,2,3,2,0,0,0,2,1,0,0,0,1,3,2,0,0,1,4,0,0,2,0,0,0,4,0,0,0,1,2,3,2,0,2,2,0,6,3,0,0,1,1,0,2,1,1,0,1,6,2,1,0,1,0,0,0,0,1,2,1,0,0,0,0,0,0,1,1,0,2,3,0,0,1,2,1,0,2,2,1,1,0,3,0,2,1,1,0,0,2,0,1,1,0,0,1,10,0,1,2,3,0,3,4,0,0,2,1,0,1,2,0,0,1,2,3,1,4,1,0,0,3,0,0,1,1,1,1,2,0,2,2,1,0,0,1,0,0,0,3,3,1,0,2,8,1,0,1,0,0,0,0,2,0,0,4,1,2,5,0,1,0,0,0,1,2,0,4,1,5,0,0,0,1,0,1,1,2,2,1,2,3,2,0,1,0,0,1,0,0,0,2,0,2,0,1,1,0,0,0,0,0,3,0,0,0,2,1,2,1,1,0,1,4,1,1,0,1,5,1,1,0,1,0,3,0,1,0,0,1,0,1,0,1,1,0,2,1,3,4,2,1,0,0,4,2,3,2,0,1,2,1,2,1,0,0,0,0,0,1,0,0,2,2,0,1,2,1,2,1,2,1,6,3,2,1,0,1,1,0,1,0,1,0,0,0,3,1,0,2,0,4,0,1,1,5,2,1,0,1,3,4,1,2,0,1,0,1,0,0,1,0,4,2,0,2,1,3,1,1,0,1,1,1,2,1,0,4,2,3,1,2,0,0,1,0,0,1,4,0,1,4,0,0,3,2,4,3,5,1,2,0,0,0,0,0,0,2,1,0,0,3,0,1,2,2,0,0,2,0,0,0,0,1,2,1,1,0,1,0,0,0,1,3,3,1,2,0,1,1,0,2,0,2,3,1,3,2,0,1,0,0,2,4,1,5,1,1,0,1,2,0,2,0,0,0,2,1,1,4,1,1,2,1,0,1,0,0,1,4,2,2,2,1,2,2,1,1,1,3,0,1,1,0,3,2,2,0,0,0,0,0,2,3,3,6,0,0,1,0,2,2,3,0,2,1,3,0,0,2,4,2,0,0,1,2,1,0,0,1,0,1,7,0,0,0,1,2,5,2,1,1,2,1,0,1,1,2,0,0,2,1,2,1,2,2,0,0,0,1,0,0,2,4,4,0,4,2,2,0,0,1,0,0,1,0,1,0,1,0,0,0,0,2,2,3,0,0,2,5,1,1,2,1,5,0,1,2,0,4,2,0,3,1,0,0,2,1,3,0,0,1,0,1,1,0,2,1,1,1,1,0,0,0,2,0,0,0,1,0,3,0,0,0,0,1,1,0,1,2,2,2,8,0,1,0,1,0,0,2,0
BIN2,0,0,0,1,0,1,0,1,0,0,0,0,0,2,0,2,3,3,0,1,0,0,1,0,0,1,0,1,1,0,2,0,0,1,1,0,0,1,0,0,1,0,1,1,0,0,0,0,2,1,1,0,0,1,1,0,0,2,0,3,0,1,1,0,1,2,0,2,0,1,0,0,0,0,0,0,3,0,1,0,0,0,0,0,0,0,0,0,3,1,3,1,1,0,2,0,0,0,1,2,0,2,0,0,0,0,1,1,0,1,1,1,0,0,3,2,3,1,0,0,0,0,1,0,0,0,2,0,0,0,0,0,0,0,0,0,0,0,0,0,2,1,0,0,0,0,1,0,5,0,0,1,0,1,0,2,0,0,0,0,0,1,0,0,1,1,0,0,1,0,0,0,2,0,0,0,0,2,0,1,0,1,1,0,0,1,2,3,0,1,0,2,2,0,2,2,2,0,2,0,0,1,0,1,0,0,0,0,1,1,1,1,1,3,1,0,0,2,0,1,0,0,1,0,5,2,0,0,1,1,1,3,3,2,0,0,1,0,0,0,0,0,0,0,2,0,1,0,1,0,1,0,0,1,1,1,0,0,1,0,4,0,1,1,2,0,0,3,4,0,1,0,0,0,2,1,0,0,0,0,1,0,0,1,2,0,1,1,1,0,0,3,0,1,2,1,0,0,1,2,0,1,1,0,0,0,0,2,3,1,0,1,0,2,0,1,0,2,1,1,0,3,0,0,1,3,0,1,1,0,2,0,0,0,0,2,0,2,3,0,0,2,0,2,0,1,0,0,0,0,0,0,3,2,3,0,0,2,0,0,0,1,1,0,3,2,2,1,2,1,0,0,2,1,0,1,2,2,3,0,0,0,1,1,1,0,1,2,0,2,1,0,0,3,2,0,0,0,1,4,0,0,1,1,0,0,3,2,0,0,1,1,0,0,0,0,2,1,0,1,0,0,3,1,0,3,1,1,0,0,0,0,1,2,1,0,0,1,0,0,0,3,1,1,4,0,1,1,0,0,1,0,0,0,0,1,2,2,1,1,3,0,1,0,1,2,1,1,0,0,0,0,1,1,0,0,0,2,0,1,0,2,1,0,0,0,2,1,0,0,3,1,1,0,1,0,0,0,0,1,0,0,0,2,1,1,0,1,0,0,0,3,0,0,0,2,1,2,0,1,1,4,1,0,0,0,0,2,0,1,0,1,1,1,0,0,1,0,0,0,1,0,0,1,0,1,0,0,0,0,2,0,1,0,0,2,0,0,0,2,0,0,0,1,1,2,0,2,0,0,2,2,1,0,3,0,1,0,0,2,0,3,0,0,3,1,3,0,1,0,1,0,0,0,0,0,2,0,0,0,2,1,0,0,3,1,1,2,0,0,0,0,2,0,3,0,0,1,0,0,5,0,0,1,3,0,1,0,0,0,1,1,1,3,0,0,1,3,0,0,0,0,3,0,1,1,2,0,2,0,0,2,0,0,0,0,0,0,0,1,0,0,0,1,0,1,1,1,1,0,1,0,1,1,5,1,0,1,2,0,1,1,2,1,0,1,3,1,0,0,0,1,0,0,1,0,3,0,0,0,2,1,0,1,0,0,0,0,0,0,3,1,0,1,1,2,1,0,1,1,1,0,1,1,0,0,0,1,0,1,1,3,0,0,0,0,1,0,2,0,0,2,1,1,0,1,0,0,0,0,1,0,0,0,2,3,1,0,2,0,0,0,0,1,1,0,5,0,1,1,0,1,2,0,0,0,0,1,0,1,1,1,0,2,0,0,5,1,2,0,0,0,0,0,1,1,2,2,0,0,1,0,0,0,2,0,0,0,1,1,0,0,0,1,0,1,1,1,1,0,2,0,2,1,3,0,2,0,0,0,0,1,1,0,2,0,1,0,0,0,0,0,1,0,0,2,1,0,2,0,0,1,0,0,1,0,1,1,0,0,1,0,1,0,0,0,1,0,0,1,0,0,2,1,1,0,1,0,0,0,1,0,0,0,0,0,0,1,1,1,0,0,3,0,1,0,0,0,0,0,0,0,0,2,0,1,0,0,1,0,1,1,0,0,0,0,1,0,2,0,0,1,1,0,0,0,1,1,0,1,0,0,2,1,0,1,0,4,1,2,0,1,3,0,1,0,2,0,1,0,0,1,0,2,1,0,0,0,0,0,1,0,0,0,2,2,0,1,0,0,2,1,0,0,2,1,0,1,0,2,2,0,0,1,2,0,0,0,0,0,1,1,1,1,0,2,0,3,0,0,0,0,2,1,0,2,2,1,0,1,1,2,0,2,0,0,1,0,0,5,0,1,0,1,4,0,1,0,0,1,0,0,0,0,0,0,1,0,0,0,1,1,2,2,1,1,1,0,1,2,0,0,0,1,0,0,0,0,1,2,1,2,3,3,0,3,0,0,1,0,0,3,3,1,0,0,3,0,0,0,0,0,0,0,2,4,0,0,1,0,0,0,0,2,0,0,0,1,0,1,2,0,0,0,2,1,2,0,1,0,0,1,0,2,1,3,0,0,1,3,1,0,0,1,1,0,1,1,0,0,0,0,1,0,0,2,3,0,0,3,1,0,0,1,2,0,0,1,0,1,0,0,0,0,1,0,1,2,1,0,3,0,0,0,0,2,2,0,0,3,0,1,2,0,0,1,0,0,1,1,1,0,0,1,0,0,2,0,0,0,0,0,0,1,0,0,0,1,0,0,3,0,3,2,0,0,1,0,1,0,0,1,4,3,0,2,2,1,1,1,1,1,2,1,0,0,0,1,1,0,2,2,1,0,1,0,0,1,0,0,0,3,0,2,1,0,0,1,0,3,0,1,0,0,0,1,1,1,1,0,2,0,1,1,3,1,0,3,0,0,3,1,1,1,0,0,0,1,0,1,2,0,0,2,1,0,0,0,0,0,0,0,1,0,0,0,1,0,0,0,1,1,0,0,0,0,0,0,2,1,0,1,0,0,0,1,0,0,2,0,0,3,0,0,1,0,4,0,0,0,0,0,0,0,0,2,0,1,7,0,0,0,1,1,0,1,1,0,0,0,2,5,2,0,2,0,0,3,0,0,0,1,0,0,0,0,1,3,1,0,1,0,1,2,0,0,0,1,1,0,1,2,1,0,1,0,0,0,1,3,0,2,0,1,6,0,2,2,0,0,1,1,2,0,2,1,1,1,0,0,1,1,1,0,0,3,0,1,0,3,0,1,0,0,0,1,0,1,0,0,0,1,0,1,2,0,1,2,3,0,2,0,1,1,1,1,0,0,5,0,1,0,1,0,0,0,1,1,0,5,1,1,0,1,1,0,1,1,1,2,0,0,2,0,2,1,1,0,0,2,1,0,1,0,1,0,1,0,3,0,0,0,1,0,0,1,0,1,0,0,1,1,0,0,1,0,0,0,2,0,0,0,0,0,0,0,1,1,0,3,0,0,1,2,3,0,0,1,0,0,1,4,2,0,0,1
CAVIN2,0,0,0,0,0,0,0,0,0,0,0,0,0,0,0,0,0,0,0,0,0,0,0,0,0,0,0,0,0,0,0,0,0,0,0,0,0,0,0,0,0,0,0,0,0,0,0,0,0,0,0,0,0,0,0,0,0,0,0,0,0,0,0,0,0,0,0,17,7,0,0,0,0,0,0,0,0,0,0,0,0,0,0,0,0,0,0,0,0,0,0,0,0,0,0,0,0,0,0,0,0,0,0,0,0,0,0,0,0,0,0,0,0,0,0,0,0,0,0,0,0,0,13,0,0,0,0,0,0,0,0,0,0,0,0,0,0,0,0,0,0,0,0,0,0,0,0,0,0,0,0,0,0,0,0,0,0,1,0,0,0,0,0,0,0,0,0,0,0,0,0,0,0,0,0,0,0,0,0,0,0,0,0,0,0,0,0,0,0,0,0,0,0,0,0,0,0,0,17,0,0,0,0,0,0,0,0,0,0,0,0,0,0,0,0,0,0,0,0,1,0,0,0,0,0,0,0,0,0,0,0,0,0,0,0,0,0,0,0,0,0,0,0,0,0,0,0,0,0,0,0,0,0,0,0,0,0,0,0,0,0,0,0,0,0,0,0,0,0,0,0,0,0,0,0,0,0,0,0,0,0,0,0,0,0,0,0,0,0,0,0,0,0,0,0,0,0,0,0,0,0,0,0,0,0,0,0,0,0,0,0,0,0,0,0,0,0,0,0,0,0,0,0,0,0,0,0,0,0,0,0,0,0,0,0,0,0,0,0,0,0,0,0,0,0,0,0,0,0,0,0,0,0,0,0,0,0,0,0,0,0,0,0,0,0,0,0,0,0,0,0,0,0,0,0,0,0,0,0,0,0,0,1,0,0,0,0,0,0,0,0,0,0,0,0,0,0,0,0,0,0,0,0,0,0,0,0,0,0,0,0,0,0,0,0,0,0,0,0,0,0,0,0,0,0,0,0,0,0,0,0,1,0,0,0,0,0,0,0,0,0,1,0,0,0,0,0,0,0,0,0,0,0,0,0,0,0,0,0,0,0,0,0,0,0,0,0,0,0,0,0,0,0,0,0,0,0,0,0,0,0,0,0,0,0,0,0,0,0,0,0,0,0,0,0,1,0,0,0,0,0,0,0,0,0,0,0,1,0,0,0,0,0,0,0,0,0,0,0,0,0,0,0,0,0,0,0,0,0,0,0,0,0,0,0,0,0,3,0,0,0,0,0,0,0,0,0,0,0,0,0,0,0,0,0,0,0,0,0,0,0,0,0,0,0,0,0,0,5,0,0,0,0,0,0,0,0,0,0,0,0,0,0,0,0,0,0,0,0,0,0,0,0,0,0,0,0,0,0,0,0,1,0,0,0,0,0,0,0,0,0,0,0,0,0,0,0,0,0,0,0,0,0,0,0,0,0,0,0,0,0,0,0,0,0,0,0,0,0,0,0,0,0,0,0,0,0,0,0,0,0,0,0,0,1,0,0,0,0,0,0,0,0,0,1,0,0,0,0,0,0,0,0,0,0,0,0,0,0,0,0,1,0,0,0,0,0,0,0,0,0,0,0,0,0,0,0,0,0,0,0,0,0,0,0,0,0,0,0,0,0,0,0,0,0,0,0,0,0,0,1,0,0,0,0,0,0,0,0,0,0,0,0,0,0,0,0,0,0,0,0,0,0,0,0,0,0,0,0,0,0,0,0,0,0,0,0,0,0,0,0,0,0,0,0,0,0,0,0,0,0,0,0,0,0,0,0,0,0,0,0,0,0,0,0,0,0,0,0,0,0,0,0,0,0,0,0,0,0,0,0,0,0,0,0,0,0,0,0,0,0,0,0,0,0,0,0,0,0,0,0,0,0,0,0,0,0,0,0,0,0,0,0,0,0,0,0,0,0,0,0,0,0,0,0,0,0,0,0,0,0,0,0,0,0,0,0,0,0,0,0,0,0,0,0,0,0,0,0,0,0,0,0,0,0,0,0,0,0,0,0,0,0,0,0,0,0,0,0,0,0,0,0,0,0,0,0,0,0,0,0,0,0,0,0,0,0,0,0,0,0,0,0,0,0,0,0,0,0,0,0,0,0,0,0,0,0,0,0,0,0,0,0,0,0,0,0,0,0,0,0,0,0,0,0,0,0,0,0,0,0,0,0,0,0,0,0,0,0,0,0,0,0,0,0,0,0,0,0,1,0,0,0,0,0,0,0,0,0,0,0,0,0,0,0,0,0,0,0,0,0,0,0,0,0,0,0,0,0,0,0,0,0,0,0,0,0,0,0,0,0,0,0,0,0,0,0,0,0,0,0,0,0,0,0,0,0,0,0,0,0,0,0,0,0,0,0,0,0,0,0,0,0,0,0,0,0,0,0,0,0,0,0,0,0,0,0,0,0,0,0,0,0,0,0,0,0,0,0,0,0,0,0,0,0,0,0,0,0,0,0,0,0,0,0,0,0,0,0,0,0,0,0,0,0,0,0,0,0,0,0,0,0,0,0,0,0,0,0,0,0,0,0,0,0,0,1,0,0,0,0,0,0,0,0,0,0,0,0,0,0,0,0,0,0,0,0,0,0,0,0,0,1,0,0,0,0,0,0,0,0,0,0,0,0,0,0,0,0,0,0,0,0,0,0,0,0,0,0,0,0,0,0,0,0,0,0,0,0,0,0,0,0,0,0,0,0,0,0,0,0,0,0,0,0,0,0,0,0,0,0,0,0,0,0,0,0,0,0,0,0,0,0,0,0,0,0,0,0,0,0,0,0,0,0,0,0,0,0,0,0,0,0,0,0,0,0,0,0,0,0,0,0,0,0,0,0,0,0,0,0,0,1,0,0,0,0,0,0,0,0,0,0,0,0,0,0,0,0,0,0,0,0,0,0,0,0,0,0,0,0,0,0,0,0,0,0,0,0,0,0,0,0,0,0,0,0,0,0,0,0,0,0,0,0,0,0,0,0,0,0,0,0,0,0,0,0,0,0,0,0,0,0,0,0,0,0,0,0,0,0,0,0,0,0,0,0,0,0,0,0,0,0,0,0,0,0,0,0,0,0,0,0,0,0,0,0,0,0,0,0,1,0,0,0,0,0,0,0,0,0,0,0,0,0,0,0,0,0,0,0,0,0,0,0,0,0,0,0,0,0,0,0,0,0,0,0,0,0,0,0,0,0,0,0,0,0,0,0,0,0,0,0,0,0,0,0,0,0,0,0,0,0,0,0,0,0,0,0,0,0,0,0,0,0,0,0,0,0,0,0,0,0,0,0,0,0,0,0,0,0,0,0,0,0,0,0,0,0,0,0,0,0,0,0,0,0,0,0,0,0,0,0,0,0,0,0,0,0,0,0,0,0,0,0,0,0,0,0,0,0,0,0,0,0,0,0,0,0,0,0,0,0,0,0,0,0,0,0,0,0,0,0,0,0,0,0,0,0,0,0,0,0,0,0,0,0,0,0,0,0,0,0,0,0,0
TUBB1,0,0,0,0,0,0,0,0,0,0,0,0,0,0,0,0,0,0,0,0,0,0,0,0,0,0,0,0,0,0,0,0,0,1,0,0,0,0,0,0,0,0,0,0,0,0,0,0,0,0,0,0,0,0,0,0,0,0,0,0,1,0,0,0,0,0,0,14,7,0,0,0,0,0,0,0,0,0,0,0,0,0,0,0,0,0,0,0,0,0,1,0,0,0,0,0,0,0,0,0,0,0,0,0,0,0,0,0,0,0,0,0,0,0,0,0,0,0,0,0,0,0,23,0,0,0,0,0,0,0,0,0,0,0,0,0,0,0,0,0,0,0,0,0,0,0,0,0,0,0,0,0,0,0,0,0,0,0,0,0,0,0,0,0,0,0,0,0,0,0,0,0,0,0,0,0,0,0,0,0,0,0,0,0,0,0,0,0,0,0,0,0,0,0,0,0,0,0,14,0,0,0,0,0,0,0,0,0,0,0,0,0,0,0,0,0,0,0,0,0,0,0,0,0,0,0,0,0,0,0,0,0,0,0,0,0,0,0,0,0,0,0,0,0,0,0,0,0,0,0,0,0,0,0,0,0,0,0,0,0,0,0,0,0,0,0,0,0,0,0,0,0,0,0,0,0,0,0,0,0,0,0,0,0,0,0,0,0,0,0,0,0,0,0,0,0,0,0,0,0,0,0,0,0,0,0,0,0,0,0,0,0,0,0,0,0,0,0,0,0,0,0,0,0,0,0,0,0,0,0,0,0,0,0,0,0,0,0,0,0,0,0,0,0,0,0,0,0,0,0,0,0,0,0,0,0,0,0,0,0,0,0,0,0,0,0,0,0,0,0,0,0,0,0,0,0,0,0,0,0,0,0,1,0,0,0,0,0,0,0,0,0,0,0,0,0,0,0,0,0,0,0,0,0,0,0,0,0,0,0,0,0,0,0,0,0,0,0,0,0,0,0,0,0,0,0,0,0,0,0,0,0,0,0,0,0,0,0,0,0,0,0,0,0,0,0,0,0,0,0,0,0,0,0,0,0,0,0,0,0,0,0,0,0,0,0,0,0,0,0,0,0,0,0,0,0,0,0,0,0,0,0,0,0,0,0,0,0,0,0,0,0,0,0,0,0,0,0,0,0,0,0,0,0,0,0,0,0,0,0,0,0,0,0,0,0,0,0,0,0,0,0,0,0,0,0,0,0,0,0,0,0,0,0,0,0,0,1,0,0,0,0,0,0,0,0,0,0,0,0,0,0,0,0,1,0,0,0,0,0,0,0,0,0,0,0,0,0,1,0,0,0,0,0,0,0,0,0,0,0,0,0,0,0,0,0,0,0,0,0,0,0,0,0,0,0,0,0,0,0,0,0,0,0,0,0,0,0,0,0,0,0,0,0,0,0,0,0,0,0,0,0,0,0,0,0,0,0,0,0,0,0,0,0,0,0,0,0,0,0,0,0,0,0,0,0,1,0,0,0,0,0,0,0,0,0,0,0,0,0,0,0,0,0,0,0,0,0,0,0,0,0,0,0,0,0,0,0,0,0,0,0,0,0,0,0,0,0,0,0,0,0,0,0,0,0,0,0,0,0,0,0,0,0,0,0,0,0,0,1,0,0,0,0,0,0,0,0,1,0,0,0,0,0,0,0,0,0,0,0,0,0,0,0,0,0,0,0,0,0,0,0,0,0,0,0,0,0,0,0,0,0,0,0,0,0,0,0,0,0,0,0,0,0,0,0,0,0,0,0,0,0,0,0,0,0,0,0,0,0,0,0,0,0,0,0,0,0,0,0,0,0,0,0,0,0,0,0,0,0,0,0,0,0,0,0,0,0,0,0,0,0,0,0,0,0,0,0,0,0,0,0,0,0,0,0,0,0,0,0,0,0,0,0,0,0,0,0,0,0,0,0,0,0,0,0,0,0,0,0,0,0,0,0,0,0,0,0,0,0,0,0,0,0,0,0,0,0,0,0,0,0,0,0,0,0,0,0,0,0,0,0,0,0,0,0,0,0,0,0,0,0,0,0,0,0,0,0,0,0,0,0,0,0,0,0,0,0,0,1,0,0,0,0,0,0,0,0,0,0,0,0,0,0,0,0,0,0,0,0,0,0,0,0,0,0,0,0,0,0,0,0,0,0,0,0,0,0,0,0,0,0,0,0,0,0,0,0,0,0,0,0,0,0,0,0,0,0,0,0,0,0,0,0,0,0,0,0,0,0,0,0,0,0,0,0,0,0,0,0,0,0,0,0,0,0,0,0,0,0,0,0,0,0,0,0,0,0,0,0,0,0,0,0,0,0,0,0,0,0,0,0,0,0,0,0,0,0,0,0,0,0,0,0,0,0,0,0,0,0,0,0,0,0,0,0,0,0,0,0,0,0,0,0,0,0,0,0,0,0,0,0,0,0,0,0,0,0,0,0,0,0,0,0,0,0,0,0,0,0,0,0,0,0,0,0,0,0,0,0,0,0,0,0,0,0,0,0,0,0,0,0,0,0,0,0,0,0,0,0,0,0,0,0,0,0,0,0,0,0,0,0,0,0,0,0,0,0,0,0,0,0,0,0,0,0,0,0,0,0,0,0,0,0,0,0,0,0,0,0,0,0,0,0,0,0,0,0,0,0,0,0,0,0,0,1,0,0,0,0,0,0,0,0,0,0,0,0,0,0,0,0,0,0,0,0,0,0,0,0,0,0,0,0,0,0,0,0,0,0,0,0,0,0,0,0,0,0,0,0,0,0,0,0,0,0,0,0,0,0,0,0,0,0,0,0,0,0,0,0,0,0,0,0,0,0,0,0,0,0,0,0,0,0,0,0,0,0,0,0,0,0,0,0,0,0,0,0,0,0,0,0,0,0,0,0,0,0,0,0,0,0,0,0,0,0,0,0,0,0,0,0,0,0,0,0,0,0,0,0,0,0,0,0,0,0,0,0,0,0,0,0,0,0,0,0,0,0,0,0,0,0,0,0,0,0,0,0,0,0,0,0,0,0,0,0,0,0,0,0,0,0,0,0,0,0,0,0,0,0,0,0,0,0,0,0,0,0,0,0,0,0,0,0,0,0,0,0,0,0,0,0,0,0,0,0,0,0,0,0,0,0,0,0,0,0,0,0,0,0,0,0,0,0,0,0,0,0,0,1,0,0,0,0,0,0,0,0,0,0,0,0,0,0,0,0,0,0,0,0,0,0,0,0,0,0,0,0,0,0,0,0,0,0,0,0,0,0,0,0,0,0,0,0,0,0,0,0,0,0,0,0,0,0,0,0,0,0,0,0,0,0,0,0,0,0,0,0,0,0,0,0,0,0,0,0,0,0,0,0,0,0,0,0,0,0,1,0,0,0,0,0,0,0,0,0,1,0,0,0,0,0,0,0,0,0,0,0,0,0,0,0,0,0,0,0,0,0,0,0,0,0,0,0,0,0,0,0,0,0,0,0,0,0,0,0,0,0,0,0,0,0,0,0,0,0
PIM2,0,0,0,1,0,0,0,0,0,2,0,0,0,1,0,1,1,0,0,0,0,2,0,0,0,0,0,1,0,0,0,0,0,0,1,0,0,0,0,0,0,0,0,1,2,1,0,0,0,1,0,0,0,0,0,0,0,0,1,0,0,1,0,0,0,0,0,0,0,0,0,0,0,0,0,0,0,0,0,0,1,1,0,0,0,1,1,0,0,0,0,0,0,0,2,0,0,1,0,2,0,0,0,2,0,0,0,0,0,0,0,0,0,0,0,2,3,1,0,0,0,0,0,0,0,2,1,0,0,0,0,0,0,0,0,0,1,0,0,1,0,0,2,1,0,0,0,1,0,1,0,1,1,0,0,1,1,1,0,0,1,1,0,0,0,1,1,1,1,0,0,0,0,0,0,0,0,1,0,1,1,0,0,0,0,0,1,1,0,0,0,0,0,0,2,0,0,1,0,0,0,0,0,3,0,0,0,0,0,0,0,0,0,1,0,0,0,0,0,0,0,1,0,0,0,0,1,0,0,0,0,1,0,0,0,0,0,0,2,0,0,1,0,1,0,0,0,0,0,0,1,0,0,0,0,1,0,2,0,0,0,1,0,0,1,0,1,0,0,0,0,1,0,0,0,0,0,0,0,2,0,0,0,0,0,0,0,0,0,0,0,0,0,0,0,1,0,1,0,0,1,0,0,0,0,0,1,0,1,0,0,0,0,1,0,1,1,1,0,0,1,0,0,2,0,0,0,2,0,0,0,0,0,0,0,0,1,0,0,0,0,1,0,0,1,1,0,0,0,0,0,0,0,0,1,0,1,1,1,0,0,0,1,0,0,0,0,1,0,0,0,0,1,2,0,0,2,2,1,0,1,0,0,1,1,0,1,0,1,0,0,1,0,0,0,0,1,0,0,0,0,0,1,1,0,0,0,0,0,0,0,2,0,0,0,0,0,0,1,1,0,0,0,0,0,0,1,0,0,2,1,0,1,0,0,0,0,0,0,0,0,1,0,1,0,0,0,0,0,0,0,0,0,0,0,0,1,0,0,0,0,2,1,1,0,1,0,0,0,0,0,0,0,0,1,0,0,0,0,0,0,0,0,1,0,2,0,0,2,0,1,1,0,0,0,0,1,1,0,1,0,0,1,0,1,1,0,0,0,0,0,1,0,1,2,0,0,0,0,0,1,0,1,0,0,0,0,0,0,0,0,1,0,0,0,0,0,0,0,1,0,0,0,0,1,0,0,0,0,1,0,0,0,0,0,0,0,0,2,0,0,0,0,1,0,0,0,1,1,0,0,0,2,1,0,0,0,2,0,0,0,1,0,0,0,0,0,0,1,0,2,0,0,0,0,0,0,1,1,0,0,0,0,0,0,0,0,0,0,1,0,0,0,0,2,0,2,5,0,0,1,0,0,0,0,0,1,0,0,1,3,1,0,0,0,0,3,0,1,0,0,0,0,0,0,1,0,0,1,0,0,0,0,0,2,0,0,0,0,0,0,0,2,0,1,0,0,0,1,2,0,0,0,0,1,0,0,0,0,0,1,0,0,0,0,0,1,1,0,2,0,1,1,0,1,1,0,2,0,0,1,0,0,0,0,0,0,0,0,0,2,0,0,1,0,0,1,1,0,1,0,1,1,0,0,1,0,0,0,0,0,1,0,0,0,3,0,0,0,0,0,1,1,0,0,0,0,1,0,1,1,1,1,1,0,0,0,0,0,0,0,0,0,0,0,0,0,0,0,1,0,1,2,1,0,0,0,0,0,0,0,1,0,0,0,0,0,1,0,2,0,0,1,0,0,2,0,2,0,0,0,0,1,0,0,0,1,2,1,1,0,0,0,0,0,0,1,0,0,0,0,0,0,0,0,0,2,0,1,0,2,0,0,0,2,2,2,0,0,0,0,0,0,1,0,0,0,0,0,1,0,1,0,0,0,0,0,0,0,1,2,0,1,0,0,0,1,0,0,0,0,0,0,0,0,0,1,0,0,0,0,1,0,0,0,0,0,0,0,0,0,1,0,0,0,0,0,0,0,0,1,0,0,0,0,0,0,1,0,0,1,0,2,0,0,0,0,0,2,3,0,0,0,0,0,0,1,0,0,0,0,1,0,0,0,0,0,0,0,0,0,0,1,0,0,0,0,0,0,1,0,1,0,0,1,0,0,0,0,0,2,2,0,0,0,0,0,0,0,0,0,0,0,0,0,0,0,0,0,0,1,0,0,0,0,0,1,1,1,0,1,0,2,0,0,0,1,0,0,0,0,0,2,0,0,0,0,0,0,0,0,0,0,0,1,1,0,0,0,0,0,0,1,0,0,1,0,0,0,1,1,1,0,1,0,0,1,0,0,0,0,0,0,0,0,0,0,0,1,0,1,0,1,0,0,0,0,0,0,2,0,0,0,0,0,0,0,0,0,0,0,0,0,0,0,0,0,0,0,0,0,0,0,2,0,2,0,0,0,0,0,0,0,0,2,0,1,1,0,0,4,0,1,0,0,0,1,0,0,0,0,0,0,3,0,0,0,0,1,0,1,0,0,1,0,1,1,0,0,0,1,0,1,0,0,0,0,0,0,1,0,0,0,0,0,0,2,0,1,0,0,0,0,0,0,0,2,0,0,0,0,1,0,0,0,1,0,0,0,0,1,0,2,0,0,0,0,0,1,1,0,0,0,1,0,0,0,1,0,0,0,4,0,1,0,1,0,0,0,0,0,2,0,0,0,2,0,0,0,0,1,0,0,0,0,0,0,1,1,0,0,0,0,0,0,1,0,0,0,0,0,0,2,0,0,1,0,0,0,0,1,0,1,0,0,0,0,0,0,0,0,0,0,0,0,1,1,0,0,0,0,0,0,0,1,1,0,0,0,1,0,0,1,0,0,0,0,0,0,0,0,0,1,5,1,0,1,1,0,0,0,0,0,1,0,0,1,0,0,0,0,0,0,0,1,0,0,0,0,0,0,1,0,0,0,0,0,0,0,0,0,0,0,0,0,0,0,1,0,0,0,1,0,0,2,0,0,0,0,0,0,0,2,0,0,1,0,1,0,0,2,0,0,0,0,0,0,0,0,0,0,0,0,0,0,0,0,0,0,2,0,0,0,0,0,0,0,0,0,0,1,0,0,0,0,0,0,0,0,0,1,0,0,0,0,0,0,0,0,0,0,0,0,0,0,0,1,0,0,0,1,1,1,1,0,0,1,0,0,3,0,0,0,0,2,1,3,0,0,2,1,0,0,0,0,0,1,0,0,0,0,3,0,0,0,0,1,0,0,0,1,0,1,0,1,0,1,1,1,3,0,0,0,0,0,0,1,0,0,0,0,0,0,0,0,0,1,0,1,0,0,0,1,1,1,0,0,0,0,0,0,1,0,0,1,0,0,0,0,0,0,0,2,0,0,2,0,0,0,0,2,0,2,0,1,0,1,0,0,0,2,0,0,0,0,0,0,1,0,1,0,0,2,0,2,0
SNX2,1,0,0,1,0,0,0,0,1,0,1,1,2,1,0,1,0,0,0,0,0,1,0,2,1,1,0,0,1,1,0,0,1,0,1,0,1,0,0,1,0,0,2,0,2,0,1,0,0,0,0,0,1,0,0,0,0,0,0,0,1,0,0,0,0,0,0,0,1,0,0,2,0,1,0,0,0,0,1,1,0,0,0,1,0,0,0,1,0,0,0,0,0,1,0,1,1,1,0,1,0,0,1,0,0,0,0,0,1,1,1,1,0,0,0,1,0,0,1,0,0,0,1,0,0,0,0,1,0,0,0,0,0,2,1,0,4,0,2,0,0,0,0,1,0,0,0,1,1,1,0,0,0,0,0,0,1,0,0,1,0,0,1,1,0,1,0,0,1,2,0,0,1,0,1,0,0,0,0,0,0,0,3,1,0,1,0,0,2,0,0,0,0,0,0,3,0,0,0,1,0,1,1,1,0,0,1,0,2,0,0,0,0,0,0,0,0,0,1,0,0,2,0,1,1,0,1,0,0,0,0,0,1,0,2,0,0,1,0,1,0,0,1,0,0,3,0,0,1,0,0,1,3,0,2,0,0,0,1,1,0,0,0,1,0,1,0,0,0,1,0,1,0,0,0,0,3,0,0,0,0,1,0,0,0,1,1,1,0,0,0,0,1,0,0,0,0,0,2,0,0,0,0,0,0,0,0,0,3,0,0,0,0,1,0,2,0,0,2,0,1,1,0,0,0,1,0,3,4,0,0,1,0,1,0,0,0,0,0,1,3,0,0,0,0,0,1,1,0,1,0,0,3,0,0,0,0,0,1,0,0,3,2,0,0,0,2,0,0,0,0,0,0,0,0,3,0,1,0,0,1,2,1,0,0,1,0,1,0,0,0,1,1,3,0,0,6,0,0,0,0,0,1,0,1,0,0,0,0,1,0,0,0,1,0,0,0,2,0,0,1,0,1,0,2,0,0,0,0,0,0,0,0,0,0,1,0,0,0,0,0,0,2,0,0,2,0,0,1,0,0,0,0,0,0,0,0,1,0,1,0,0,0,0,0,1,0,0,0,0,1,0,0,0,0,1,3,0,0,0,1,0,0,1,0,0,0,0,0,0,0,0,0,1,0,0,1,0,1,0,1,1,0,0,0,0,1,2,0,0,0,0,0,0,0,1,0,0,1,0,1,0,0,0,0,1,0,0,1,0,0,4,0,0,0,1,1,1,0,0,1,0,0,1,0,0,0,0,1,0,1,4,0,0,2,1,3,1,0,0,0,0,3,1,0,0,0,0,2,0,0,0,0,0,0,1,0,0,0,0,1,0,0,0,0,0,2,0,1,0,0,2,0,0,0,1,0,0,0,1,1,0,0,0,0,1,2,0,0,0,0,3,1,0,2,0,0,1,0,0,0,0,1,0,0,0,1,0,0,0,1,0,0,0,0,0,0,0,1,1,0,1,0,0,0,2,0,0,0,0,0,0,0,1,2,0,0,1,0,1,0,0,1,0,0,0,0,0,0,1,0,0,0,0,0,0,0,0,0,1,0,2,0,1,1,0,1,0,1,1,0,0,0,0,0,0,0,1,2,0,0,0,1,0,0,0,0,0,0,2,0,1,0,1,0,0,0,0,1,0,0,0,0,0,1,0,2,0,0,0,0,0,2,0,1,0,0,1,0,0,0,0,2,1,0,0,0,0,0,0,0,0,0,0,2,0,0,2,0,1,3,0,2,0,1,1,0,0,0,0,0,0,0,0,0,0,1,0,1,0,1,0,0,0,1,2,0,0,1,0,0,0,0,0,3,0,0,0,1,0,1,0,2,1,0,1,0,1,0,0,0,0,0,1,0,0,0,0,0,0,0,0,1,1,0,0,0,0,0,0,0,0,0,0,0,0,0,0,0,2,0,2,0,0,0,2,0,0,0,0,0,0,0,0,0,0,0,0,0,2,0,0,0,0,0,0,0,2,0,0,4,0,1,0,0,0,0,0,0,0,0,1,1,2,0,0,1,0,0,2,0,0,0,0,1,1,1,0,0,0,0,0,0,0,1,0,2,2,2,0,0,0,0,0,1,1,0,0,0,1,0,2,1,0,0,1,0,0,0,1,0,1,0,1,0,0,0,3,0,0,2,0,0,0,3,0,0,0,0,1,0,0,1,0,0,0,4,0,0,1,0,0,0,0,0,0,0,0,0,1,0,3,0,0,0,1,0,1,0,0,1,1,0,3,0,0,1,0,0,0,0,0,0,0,0,0,0,0,0,0,0,0,0,0,1,0,0,1,0,0,0,0,0,0,0,0,0,0,2,1,1,0,0,0,1,0,0,1,0,0,2,4,1,0,0,1,0,0,0,0,0,0,0,0,0,0,0,0,0,0,0,1,0,0,0,1,0,1,0,0,0,0,1,1,0,1,0,0,0,0,1,0,1,1,0,0,0,0,0,0,2,0,0,0,0,0,1,0,1,0,0,0,0,1,0,0,0,0,0,0,0,1,1,1,0,0,0,0,0,0,0,0,2,0,0,0,1,1,0,0,0,0,2,0,1,0,0,1,1,0,0,0,0,1,0,0,0,0,0,1,0,0,0,0,1,1,0,0,0,0,0,2,0,0,4,0,0,1,1,0,0,1,0,1,0,1,0,1,0,0,3,0,0,0,0,0,0,0,0,1,0,0,1,0,0,1,0,0,0,0,1,0,0,0,0,0,0,0,1,0,1,0,0,0,0,2,2,1,0,3,2,1,0,4,0,0,1,1,0,0,1,0,0,0,0,3,1,0,0,0,0,1,0,0,0,2,1,0,0,0,0,0,0,0,1,3,1,1,1,0,1,0,1,0,0,1,0,1,0,0,0,0,1,0,0,1,0,0,0,0,0,0,0,0,0,0,1,1,0,0,1,0,1,1,0,0,1,0,0,1,1,0,1,0,0,0,0,1,0,0,2,1,0,0,4,0,0,0,0,0,0,0,0,0,0,1,1,0,0,0,1,1,0,0,0,0,1,2,0,1,0,1,0,1,0,0,0,0,1,1,0,2,1,0,0,1,0,0,1,0,0,1,0,0,0,0,3,0,1,0,0,1,0,3,0,0,0,0,0,0,0,0,0,0,0,0,0,0,0,0,1,0,0,0,0,2,1,0,0,0,1,0,0,0,0,0,0,1,2,0,0,0,0,0,0,1,0,0,1,0,0,0,0,0,1,0,0,2,1,0,0,0,0,2,0,0,0,0,0,0,0,0,1,1,0,2,0,1,0,0,0,0,0,0,0,0,0,1,0,0,0,0,0,0,0,0,0,1,0,0,1,0,1,0,0,1,1,0,0,0,0,0,0,0,1,0,0,2,0,3,0,0,0,1,0,0,0,0,3,0,1,0,0,0,0,0,0,1,1,0,2,2,0,0,1,0,0,0,0,0,2,0,1,1,0,0,1,0,0,0,0,0,0,0,1,0,1,1,0,0,0,0,0,0,0,0
CLEC12A,0,0,0,0,0,2,1,0,0,0,0,0,0,0,0,2,0,0,0,0,0,0,1,2,0,0,0,0,0,0,0,0,0,0,0,0,0,0,0,0,0,0,1,0,0,0,0,1,0,0,0,0,0,0,0,0,0,0,0,1,0,0,0,0,0,0,0,0,0,0,0,0,0,1,0,0,0,0,0,0,0,0,1,1,0,0,0,0,0,0,0,0,0,1,0,2,0,0,1,1,0,0,3,0,0,1,0,0,1,0,0,0,0,1,0,0,0,0,0,0,0,1,1,0,0,0,0,0,1,0,0,0,0,0,0,0,0,0,0,0,0,0,0,0,0,0,2,1,0,0,1,0,0,0,0,0,0,0,0,0,0,0,1,0,0,0,0,0,0,3,0,0,0,0,1,0,0,0,2,0,0,0,0,0,4,0,0,0,1,0,0,0,0,0,0,0,0,0,0,0,0,0,1,0,0,0,0,0,0,0,0,0,0,0,0,0,0,0,0,1,0,0,0,0,0,0,0,0,0,0,0,0,1,0,1,0,0,0,0,0,1,0,0,0,0,0,0,1,0,1,0,1,0,0,0,0,0,0,0,1,0,0,0,1,0,0,0,0,0,0,0,1,0,1,0,0,0,0,1,0,1,1,0,0,0,0,0,0,0,0,0,0,2,0,0,0,0,0,0,0,0,0,0,0,1,0,0,0,1,0,0,0,0,0,0,0,0,0,0,0,0,0,1,0,0,0,0,0,0,0,0,0,0,0,1,0,0,3,0,2,4,0,1,0,0,0,0,0,0,0,0,0,0,0,0,0,0,0,0,0,0,0,0,1,0,0,0,0,0,0,0,0,0,0,0,0,0,0,0,0,0,0,2,0,0,1,0,0,0,0,0,3,0,2,0,0,0,0,0,1,0,0,0,0,1,0,0,0,0,0,0,0,0,0,0,1,0,0,0,0,0,0,0,0,0,0,0,0,0,0,0,0,0,0,1,0,0,0,0,0,0,0,0,0,0,1,0,0,0,0,0,0,0,0,0,0,0,3,0,0,0,0,0,0,0,0,0,0,0,1,1,2,0,0,0,0,2,0,0,0,1,0,0,0,1,0,0,0,0,0,0,0,0,0,0,0,0,0,0,1,0,0,0,0,0,0,0,1,0,0,0,0,0,0,0,0,0,0,0,0,0,0,0,0,0,1,0,0,0,0,1,0,0,0,0,0,0,0,0,0,0,0,0,0,0,0,0,0,0,0,0,0,0,0,0,1,0,3,0,0,0,0,0,0,0,0,0,0,0,0,0,0,0,0,0,1,0,0,2,0,0,0,0,0,0,0,0,0,0,0,0,0,0,1,0,0,0,0,0,0,0,0,1,0,0,2,0,0,0,0,0,0,0,0,0,0,0,0,0,0,0,0,0,0,0,0,0,1,0,0,0,0,0,0,0,0,0,0,0,0,0,0,0,0,0,0,0,0,0,0,0,0,0,1,0,1,0,0,0,0,1,0,0,0,0,0,1,0,0,0,0,0,1,0,0,0,1,1,0,0,0,1,0,0,0,0,0,0,0,0,0,0,0,0,0,0,0,0,0,0,0,0,0,0,0,0,0,0,0,2,0,0,0,0,2,0,0,0,0,0,0,0,0,1,0,0,0,0,0,0,0,0,0,0,0,0,0,0,0,0,0,0,0,0,0,0,0,0,0,0,0,0,0,0,0,0,0,0,0,0,0,1,0,0,1,0,0,0,0,0,0,0,0,0,0,0,1,0,0,0,1,0,0,0,0,2,0,1,0,0,0,0,0,0,1,0,0,0,1,0,0,0,0,0,0,0,0,0,0,0,0,1,0,0,0,0,1,0,0,0,0,0,1,0,0,0,0,0,0,1,0,0,0,3,0,0,0,0,0,0,1,0,0,0,0,0,0,0,0,0,0,1,1,1,0,0,1,0,0,0,0,0,0,0,0,0,0,0,0,0,0,0,2,0,0,0,0,0,0,0,0,0,0,0,0,0,0,0,0,0,0,0,0,1,0,0,0,0,0,0,0,0,0,0,0,0,1,0,0,1,1,0,0,0,3,0,0,0,0,0,0,0,1,0,0,0,0,2,1,1,0,0,0,0,0,0,0,0,0,0,0,0,0,0,0,0,0,0,0,0,1,0,0,0,0,0,0,0,0,0,0,0,0,0,1,4,0,0,0,0,0,0,1,0,0,0,0,0,1,0,0,0,0,4,0,0,0,0,0,0,0,0,0,0,0,0,0,0,0,0,0,0,0,0,0,0,0,0,2,0,0,0,0,0,0,0,0,0,0,0,0,0,0,0,0,0,0,3,0,0,0,1,0,0,0,1,0,1,0,0,0,0,0,0,0,0,0,0,0,0,0,1,0,0,0,0,1,0,0,0,0,0,0,1,0,0,1,0,0,1,0,0,0,0,0,0,0,0,0,0,1,0,0,0,0,0,0,0,0,0,0,0,0,0,0,2,0,0,1,0,0,0,0,3,1,0,0,0,0,0,0,0,0,0,0,0,0,0,0,0,0,0,0,0,0,0,1,0,1,0,0,0,0,0,0,0,0,0,0,0,0,0,1,0,0,0,0,0,0,0,0,0,0,1,0,0,0,0,0,0,0,0,0,0,0,0,0,0,0,0,0,0,0,0,1,0,1,0,0,2,0,0,0,0,0,0,0,0,0,1,0,0,0,0,0,0,1,0,0,0,0,0,0,0,0,0,0,1,0,0,0,0,0,4,0,0,1,0,0,0,1,0,0,0,0,0,0,1,0,0,1,1,0,0,0,1,1,0,0,0,0,0,0,0,0,0,0,0,0,0,3,0,0,0,0,0,0,0,0,0,0,0,0,2,0,0,0,0,0,0,0,0,0,0,0,0,1,0,0,1,1,0,2,0,0,0,0,0,0,0,0,0,1,0,0,0,0,0,0,0,1,0,0,0,0,0,1,0,0,0,0,0,0,0,0,0,0,0,0,0,0,2,0,0,0,0,0,0,0,2,0,0,0,0,0,0,0,0,0,0,3,0,0,0,0,0,0,0,0,0,0,0,0,0,1,0,0,0,0,0,0,1,0,0,0,1,0,0,0,0,0,0,0,0,1,0,0,0,0,1,0,0,0,0,0,0,0,0,0,0,3,0,0,0,0,0,0,1,0,0,0,0,0,0,0,0,0,0,0,0,0,0,0,0,0,0,0,0,0,0,0,0,2,1,0,0,0,0,0,0,0,0,0,0,0,0,0,0,0,0,0,0,0,0,0,0,0,0,0,0,0,0,0,0,0,0,0,0,0,0,0,0,3,0,0,0,3,0,0,0,0,0,0,1,0,0,0,0,0,2,0,0,0,0,0,1,0,0,1,0,0,0,0,0,0,0,0,0,1,0,0,1,0,0,0,0,0,0,0,0,0,0,0,0,0,0,0,0,0,0,0,1,0,0,2,0,0,2,0,0,0,0,0,0,0,0
ITM2A,0,0,1,0,2,0,0,2,0,0,0,0,0,2,0,0,0,1,0,0,1,0,0,0,0,0,0,0,0,0,0,1,0,0,0,0,0,0,0,1,1,0,0,0,0,0,0,0,0,0,0,1,0,0,0,0,0,0,0,0,0,3,0,0,1,0,0,0,0,1,0,2,0,0,0,0,0,0,0,0,0,0,0,0,0,2,0,0,0,1,0,0,0,0,0,0,0,0,0,0,0,0,0,0,0,0,0,0,0,0,1,0,0,1,0,1,0,0,0,0,0,0,0,0,0,0,0,0,0,0,0,0,0,0,1,0,0,0,0,0,0,0,0,0,0,0,0,0,2,0,0,0,0,0,1,0,0,0,0,0,0,0,0,0,0,2,1,1,0,0,0,0,0,0,0,0,0,1,0,0,0,0,0,0,0,0,0,0,0,0,0,0,0,0,0,0,0,0,0,0,0,0,0,0,0,0,0,0,0,1,0,0,0,0,0,0,0,0,0,0,0,0,0,0,2,0,0,0,1,0,0,0,0,1,0,0,0,0,1,1,0,0,0,0,0,0,0,0,0,0,0,0,0,0,0,1,0,0,0,0,2,0,2,0,3,0,2,0,0,1,0,0,0,0,0,0,0,0,0,0,0,0,1,0,0,0,0,0,0,0,0,0,0,1,0,0,1,0,0,0,1,1,1,1,0,0,1,0,0,1,0,0,1,0,0,0,1,0,0,0,0,0,0,0,0,1,0,0,0,0,0,0,0,0,0,0,0,0,0,0,0,3,0,0,0,1,1,0,0,0,0,0,0,1,1,0,0,2,0,0,0,0,0,0,0,1,0,1,0,0,0,0,0,1,0,0,0,1,0,0,0,0,0,0,0,0,1,1,1,0,2,0,1,0,1,0,0,2,1,0,0,0,0,0,0,0,0,0,1,0,1,0,0,0,1,0,0,0,1,0,0,0,0,0,0,0,0,0,0,0,0,0,0,0,0,0,0,0,0,0,0,2,0,0,0,0,0,1,0,0,0,1,0,1,0,0,0,0,0,0,0,0,0,0,0,0,0,0,0,0,0,0,0,1,0,0,0,0,0,1,0,0,1,0,0,1,0,2,0,0,0,1,0,0,0,0,0,1,0,0,0,0,0,0,0,1,0,0,1,0,0,1,0,0,0,0,0,0,1,0,1,0,0,0,0,0,0,0,0,0,0,1,0,1,2,0,0,0,0,0,1,1,0,0,1,0,0,0,0,1,0,0,1,0,0,0,0,0,0,0,0,1,0,0,1,1,1,0,0,0,0,2,0,0,0,0,0,0,0,0,0,0,0,0,0,0,0,0,0,0,0,0,0,0,0,0,0,0,0,0,1,0,0,0,0,0,0,0,2,2,0,0,0,0,1,0,0,1,0,0,0,0,0,1,0,0,0,0,2,0,0,1,0,0,1,0,0,0,0,0,0,0,0,0,0,0,0,1,3,0,0,0,0,0,0,0,0,0,1,0,0,0,0,0,0,0,0,0,0,0,0,0,0,0,0,1,1,0,0,1,0,0,0,0,0,0,1,0,0,0,1,0,0,0,0,0,0,0,0,0,0,0,0,0,1,0,0,0,0,0,1,0,0,0,0,0,0,0,0,0,1,0,1,0,0,0,0,0,0,0,0,0,1,0,0,0,0,0,0,0,0,0,0,0,1,0,0,0,0,0,0,1,1,0,0,0,0,0,0,0,0,0,0,0,0,0,1,0,0,0,0,2,0,0,0,0,0,0,0,0,0,0,0,0,0,0,0,1,1,0,1,0,0,0,0,1,0,0,0,0,0,0,0,1,0,0,1,0,0,0,0,0,0,0,0,1,0,0,0,0,0,0,0,1,0,0,0,0,1,0,0,0,0,0,0,0,0,0,0,0,0,0,1,0,0,0,2,1,0,0,0,0,0,0,0,0,0,0,0,0,1,0,2,0,0,0,0,0,0,0,0,0,0,0,1,0,1,0,1,0,0,0,0,0,0,0,0,0,0,0,0,0,0,1,0,0,0,0,0,0,0,0,0,0,1,0,0,1,0,0,0,1,1,0,0,0,0,0,0,0,0,0,0,0,0,0,0,0,0,0,0,0,1,0,0,2,0,0,0,1,0,0,1,0,0,0,0,0,1,0,0,0,0,0,0,0,0,0,2,0,1,0,2,0,0,0,0,0,0,0,0,1,0,1,0,0,0,2,0,1,0,0,0,0,0,0,0,0,1,1,0,0,0,0,0,0,0,0,0,1,0,0,1,0,0,0,1,0,0,0,0,0,0,0,1,0,0,0,0,0,0,0,0,1,1,0,2,0,0,0,0,0,0,1,0,1,0,0,0,0,0,1,0,0,0,0,0,0,1,1,1,0,0,0,0,0,0,0,0,0,2,0,0,0,0,0,0,0,0,0,0,0,0,0,1,0,0,0,0,0,0,0,0,0,1,0,0,1,0,0,0,0,0,0,0,0,0,0,0,1,0,0,0,0,0,1,0,0,0,1,0,0,0,0,0,0,0,0,0,1,0,1,0,0,0,0,0,0,0,0,1,0,6,0,0,0,0,1,0,2,1,0,0,0,0,0,0,0,0,0,0,0,0,0,0,0,1,0,0,0,0,0,0,0,1,0,0,0,1,0,0,0,0,1,0,0,0,0,0,0,0,1,0,0,1,1,0,0,0,0,0,1,1,1,0,0,0,0,0,0,1,0,0,0,1,0,0,0,0,0,0,1,0,0,0,0,0,0,1,0,1,0,0,0,0,0,0,0,0,0,0,0,0,0,0,0,0,0,0,0,1,0,0,0,0,0,0,2,0,0,0,0,0,0,0,0,0,0,0,0,0,0,0,0,0,0,0,0,0,0,0,0,0,1,0,0,0,0,0,0,0,0,0,1,1,0,0,1,0,0,0,1,1,0,0,0,0,0,0,0,0,0,0,0,0,0,0,0,1,0,0,0,2,0,0,2,0,0,0,0,0,0,0,0,0,0,1,0,0,0,0,0,0,0,0,0,0,1,0,0,0,0,0,0,1,0,0,0,0,0,0,2,0,3,0,2,0,0,0,1,0,0,0,0,0,1,0,0,0,0,0,0,0,0,0,0,0,0,0,0,0,0,0,0,0,0,0,0,0,0,0,1,0,1,1,0,1,0,0,0,0,0,1,0,0,0,0,0,0,0,0,0,0,0,0,0,0,0,1,0,0,0,0,0,0,0,0,0,0,0,1,3,0,1,0,0,0,0,0,0,0,0,0,1,0,0,0,1,0,0,0,1,1,0,0,0,0,0,4,1,0,0,0,0,1,1,0,0,0,0,0,0,0,0,0,0,0,2,0,0,0,0,0,0,1,0,1,0,0,2,0,4,0,0,1,0,0,0,0,0,0,0,0,1,0,0,0,0,0,0,0,0,1,0,1,0,1,0,1,0,1,0,0,0,0,0,0,0,0,0,0,0,0,0,0,0
CAST,0,0,3,1,0,4,0,0,1,2,3,0,1,0,0,1,1,0,0,0,0,0,0,1,0,1,0,0,0,1,0,1,1,0,1,1,1,0,0,0,0,0,1,1,0,0,1,0,0,0,0,0,0,2,0,0,0,0,0,0,1,0,1,2,0,1,0,0,1,1,0,1,0,0,1,1,1,2,0,1,1,1,1,2,5,0,0,0,1,0,0,1,0,0,0,2,0,1,0,1,0,0,0,0,0,0,0,1,6,0,0,0,0,1,0,0,1,1,0,0,0,1,1,0,1,1,0,1,2,1,0,0,0,0,0,0,1,1,0,0,1,1,0,0,3,1,0,0,1,0,0,0,0,1,0,0,0,0,0,0,0,0,1,0,0,0,1,1,0,4,0,2,2,1,0,1,0,0,3,1,0,0,0,0,1,1,0,0,1,3,2,1,2,0,0,0,1,0,0,1,2,0,3,0,0,1,0,3,3,0,0,1,1,0,1,1,1,0,1,1,0,0,1,0,1,2,0,0,0,0,0,0,1,1,0,0,1,0,0,1,1,0,2,1,0,0,0,2,0,0,1,0,1,1,1,1,1,1,1,1,2,0,0,2,0,0,0,0,0,0,1,3,1,1,0,0,1,0,0,0,1,0,0,1,0,0,0,1,0,1,0,0,1,0,0,0,0,0,2,1,1,0,0,0,0,0,0,0,1,1,0,1,0,0,0,1,0,1,0,0,0,0,2,0,2,0,0,1,0,0,2,1,0,0,1,0,1,1,1,0,3,1,1,0,1,1,0,1,1,1,6,0,2,1,0,1,0,1,2,2,1,0,0,1,0,1,4,1,0,0,0,1,0,1,0,1,1,1,0,1,2,0,6,2,0,0,1,1,0,2,0,0,1,0,0,2,1,0,0,1,2,0,0,0,2,0,2,0,0,0,0,3,3,0,0,2,0,1,0,0,2,0,2,0,0,0,0,0,0,2,0,0,0,1,0,0,0,1,0,1,5,0,2,0,1,6,2,0,0,0,0,0,1,2,1,1,0,0,1,2,0,0,1,0,2,2,0,0,1,0,0,3,0,0,1,2,1,1,0,0,2,0,2,1,3,1,0,0,0,1,0,0,0,0,0,0,0,0,0,1,0,0,0,0,0,0,0,1,0,1,1,0,0,1,2,0,0,0,0,1,0,0,1,0,0,1,0,1,1,0,0,1,0,1,1,1,3,1,0,0,0,1,0,1,1,0,3,0,0,0,2,3,0,0,1,3,0,1,0,0,0,1,0,0,0,0,1,1,0,0,0,1,0,0,1,0,0,0,1,0,0,1,0,3,0,2,0,0,0,1,0,0,1,5,0,0,0,0,0,0,1,0,2,1,1,2,2,2,0,0,1,0,4,1,1,0,0,0,0,1,4,0,0,0,1,1,0,2,0,0,0,0,0,0,1,0,0,0,0,0,0,0,1,0,0,1,1,0,0,0,0,1,1,1,2,0,0,1,0,1,0,0,1,0,0,1,2,4,1,0,0,0,2,0,1,1,1,0,1,0,2,1,0,0,0,0,1,1,0,0,0,1,0,1,0,0,1,0,1,1,0,0,0,1,0,0,1,0,0,4,1,0,0,0,0,0,0,4,0,1,0,0,0,0,0,0,0,0,0,1,0,1,0,0,1,0,1,0,0,1,0,0,2,4,1,0,1,1,1,0,1,1,0,0,1,0,0,0,2,0,1,2,0,0,1,0,0,0,0,1,0,1,0,0,2,0,0,0,1,1,0,0,0,2,0,4,0,0,0,0,3,1,0,0,1,2,0,0,0,0,0,1,1,0,0,1,0,0,0,0,1,1,0,0,0,0,1,0,0,1,0,0,1,1,0,1,0,0,0,2,2,3,1,0,0,0,0,0,3,0,1,0,0,0,1,3,2,1,1,0,1,0,0,0,1,0,0,3,1,0,0,1,0,0,1,1,0,2,1,0,3,0,2,1,0,1,0,0,0,1,0,0,2,1,1,1,3,0,0,3,0,0,0,1,0,0,1,2,0,0,0,0,1,0,0,0,1,0,2,3,1,0,0,0,1,0,0,0,1,0,0,2,0,0,0,1,0,1,1,1,1,0,0,0,0,2,0,0,0,0,0,0,2,0,1,0,1,2,0,1,0,0,2,0,0,0,3,0,0,2,0,0,0,1,3,1,1,0,0,2,1,2,0,0,0,1,0,0,0,0,1,0,0,5,1,0,0,0,1,1,1,0,0,0,0,0,0,0,0,0,0,5,3,0,1,2,0,1,0,0,1,3,2,1,0,0,0,1,1,0,0,0,0,0,2,0,0,4,0,0,0,2,1,0,0,1,0,1,0,1,1,0,1,0,0,0,0,0,0,1,2,0,0,0,0,0,0,0,0,0,0,1,0,3,2,1,0,0,0,2,4,1,0,1,0,0,0,1,2,1,0,1,0,0,1,0,0,0,0,1,2,0,1,4,0,1,0,1,0,0,2,2,0,4,0,1,1,0,1,0,0,1,0,1,0,0,1,0,1,2,1,0,0,0,0,0,1,0,1,2,0,0,0,0,0,1,0,0,0,0,0,0,2,0,1,2,0,0,0,1,5,0,0,1,0,0,0,0,0,0,1,0,0,0,2,0,0,0,0,0,0,0,0,0,0,0,0,1,0,2,0,0,1,1,0,1,2,0,0,0,0,1,0,0,0,0,0,0,1,0,0,1,0,0,0,0,1,1,2,0,0,2,0,2,0,0,3,0,2,0,0,0,0,1,1,0,0,3,1,0,0,3,0,0,0,0,2,0,0,1,0,3,0,0,0,1,0,2,0,0,1,0,1,1,0,1,3,1,0,0,0,0,2,2,1,0,0,0,0,0,1,1,0,0,1,0,2,0,0,2,3,0,1,0,0,3,2,0,1,1,1,0,1,0,1,0,0,0,1,0,0,1,0,0,1,0,1,0,0,0,0,1,0,1,1,0,0,0,1,1,1,2,1,1,0,0,2,0,0,3,0,1,0,0,0,0,0,1,1,0,2,0,1,0,0,0,0,0,3,0,0,1,0,0,3,0,0,0,1,0,0,2,0,1,1,1,0,1,0,2,0,1,0,0,0,0,1,0,1,1,1,1,1,0,0,0,1,1,1,0,0,0,0,1,0,0,1,0,1,3,0,3,1,1,2,0,0,0,0,0,0,0,0,0,1,0,2,2,0,1,1,0,2,1,0,1,0,0,0,1,0,0,0,2,0,1,1,1,1,3,2,0,0,0,0,0,1,0,0,1,0,0,0,1,0,4,1,0,0,1,0,0,1,1,0,2,0,0,0,1,0,0,1,3,0,0,1,2,0,7,0,0,1,0,2,1,2,0,1,1,0,1,0,0,0,0,0,1,2,1,0,0,0,1,0,0,2,0,1,0,0,0,0,1,0,1,1,1,0,0,0,1,1,1,2,0,1,2,1,0,0,0,0,0,1,1
LAT2,0,0,0,0,0,0,0,0,3,0,3,0,0,0,0,2,0,0,0,0,0,0,1,1,0,0,0,0,0,4,0,0,4,0,0,0,0,0,1,2,0,0,0,0,0,0,1,0,0,0,0,0,0,0,0,2,1,0,0,0,2,0,0,0,0,0,0,0,0,0,0,0,0,0,0,0,1,2,0,0,0,0,0,1,0,1,1,0,0,0,0,0,0,1,0,0,0,0,1,3,0,0,0,1,0,0,0,0,0,0,0,0,0,1,0,0,0,0,0,1,0,1,0,0,0,0,0,1,1,0,0,0,0,1,0,0,0,0,0,0,0,0,0,0,1,0,0,1,0,0,0,0,0,0,0,0,0,0,0,0,1,0,0,1,0,0,0,0,0,2,0,0,0,0,1,0,0,0,0,0,0,0,2,0,1,0,0,0,0,0,0,0,0,0,0,0,0,1,0,4,0,0,0,1,0,0,1,1,0,0,0,0,0,0,1,0,0,0,0,0,0,1,0,0,0,0,0,1,0,0,0,0,0,0,0,0,0,0,0,0,0,0,0,0,0,0,0,0,1,1,1,1,0,0,0,0,0,0,1,0,0,1,0,0,0,0,0,0,2,0,0,3,0,1,0,0,0,2,0,0,0,1,0,0,0,0,0,0,0,1,0,0,1,0,0,0,0,0,0,0,0,0,0,0,0,0,0,1,1,0,0,0,0,0,0,1,0,0,0,0,0,0,1,0,0,0,2,0,2,0,0,0,0,0,0,0,0,0,0,0,1,0,1,0,1,0,0,1,0,1,0,0,0,0,0,0,0,0,1,0,0,0,4,0,1,0,0,0,0,0,0,0,1,0,0,4,0,0,0,0,1,0,0,0,0,0,0,1,0,0,0,0,0,1,0,0,0,0,0,0,0,0,0,0,0,0,0,0,0,0,0,0,0,0,0,0,0,0,0,0,0,0,4,0,0,0,0,0,0,0,0,0,0,0,0,0,0,0,0,0,0,0,0,0,0,0,0,0,0,0,0,0,1,0,0,0,0,0,0,0,0,0,0,1,1,0,0,0,0,0,1,0,0,0,0,0,0,0,0,0,0,0,1,0,1,0,0,0,0,0,0,0,0,0,0,0,0,0,0,1,0,1,0,0,0,0,2,1,0,0,0,0,2,0,0,0,0,0,0,0,0,0,0,1,0,0,0,0,1,0,1,0,0,0,1,1,1,0,0,0,2,0,0,0,0,0,1,0,0,0,0,0,0,0,0,0,0,1,0,0,0,0,0,0,0,0,0,0,0,0,0,2,0,0,0,0,0,0,1,0,0,0,0,0,0,0,1,0,1,0,0,0,1,2,0,0,0,0,0,0,0,0,0,0,0,0,0,0,0,0,0,0,1,0,0,0,0,0,0,0,0,0,0,0,1,0,0,1,0,0,1,0,0,2,0,0,0,0,0,0,0,0,0,0,0,1,0,0,0,0,1,0,0,0,1,0,0,0,2,1,0,3,0,3,0,0,1,0,0,0,0,0,0,0,0,0,0,1,0,0,0,1,0,0,0,0,0,0,0,0,0,0,0,0,0,0,0,0,1,0,0,0,0,0,1,0,0,0,0,3,0,0,0,0,0,0,0,0,0,0,0,0,0,0,0,0,0,0,0,0,0,0,0,0,1,0,0,0,0,1,2,0,0,0,0,0,1,0,0,0,0,0,0,0,0,0,0,0,0,0,0,0,0,0,0,1,0,0,0,1,0,0,0,0,0,0,1,0,0,0,0,0,0,1,2,0,0,0,1,0,0,0,0,0,1,0,0,0,0,0,0,0,0,0,0,0,0,0,1,0,0,0,0,0,0,0,0,0,0,0,1,1,1,1,0,0,0,0,0,0,0,0,1,0,0,0,0,0,2,0,1,0,0,0,0,0,0,0,2,0,0,0,0,0,0,0,0,0,0,2,0,0,0,0,1,0,0,0,0,0,1,0,0,0,0,0,0,0,0,0,0,0,0,0,0,0,0,0,0,0,0,0,2,0,0,0,2,0,1,0,0,0,0,0,0,0,0,1,0,0,0,1,0,0,0,0,0,0,0,1,0,0,0,0,0,0,0,0,1,0,0,0,0,0,1,0,0,1,0,0,0,0,0,0,0,0,0,0,0,0,0,0,0,0,0,0,1,0,0,0,0,0,0,0,0,0,0,0,0,0,0,0,0,0,0,0,0,0,0,0,0,0,0,0,0,0,0,0,0,0,3,0,0,0,0,0,0,0,0,0,0,1,0,0,0,0,0,0,0,0,0,0,0,0,0,0,2,1,0,0,0,0,1,1,0,0,0,0,0,0,0,0,1,0,0,1,0,0,0,0,0,0,0,0,0,0,0,0,0,0,0,0,0,0,0,1,0,0,0,0,0,1,1,0,0,0,0,0,0,1,1,0,0,1,0,0,0,0,0,1,0,0,0,0,0,0,0,0,0,0,2,0,0,4,0,0,0,0,0,0,0,0,2,0,0,0,0,0,0,0,0,0,0,0,1,0,0,0,0,0,0,0,0,0,1,0,1,0,0,1,1,0,0,1,0,0,1,1,0,0,0,0,1,1,0,0,0,0,0,0,1,1,0,1,2,0,0,0,0,0,0,0,0,0,0,0,0,0,0,2,2,0,0,1,0,1,1,0,1,1,0,1,0,0,0,0,0,0,0,0,0,0,0,0,0,0,1,0,2,0,0,0,0,0,0,0,1,1,0,1,2,0,0,0,0,0,0,0,0,0,0,1,0,0,1,2,0,1,0,0,0,0,0,0,0,1,2,0,0,0,0,0,1,0,0,0,3,6,0,0,1,0,0,1,1,0,1,0,0,0,0,0,2,0,1,1,0,2,0,0,0,0,0,0,0,0,2,0,0,0,0,0,1,0,0,0,0,0,1,0,1,0,0,0,0,1,2,0,1,0,0,1,0,0,0,0,0,0,0,0,2,0,0,0,0,0,0,0,0,0,0,0,0,0,2,0,0,0,0,0,0,0,0,1,0,0,0,0,0,0,0,0,0,0,0,0,0,0,1,0,0,0,0,0,0,0,0,1,1,0,0,1,0,1,0,0,1,0,0,0,0,0,0,0,1,0,0,0,0,0,0,0,0,0,0,0,1,0,0,0,0,0,0,0,0,0,0,0,0,1,0,0,0,0,0,0,0,0,0,0,0,1,0,0,1,0,0,1,0,0,1,0,1,0,0,0,0,0,0,0,0,0,0,0,0,0,0,0,0,0,1,0,0,0,0,0,0,0,0,0,0,0,0,0,0,0,1,0,0,0,0,0,0,0,0,0,1,0,0,0,0,0,0,1,1,0,0,0,0,3,0,0,0,0,0,0,0,0,0,0,0,0,0,0,0,0,0,2,1,0,0,0,0,0,0,0,0,1,0,0,1,0,0,0,0,0,0,0,0,0,0,0,0,0,0,0,0,0,0,0,0,0,0,0,0,0
CHST12,0,1,2,0,1,0,1,0,0,2,0,1,0,1,1,0,1,1,0,1,0,0,0,0,0,1,0,0,2,0,0,0,0,3,0,0,0,1,1,0,0,0,0,1,0,0,0,0,0,0,0,0,0,3,0,0,1,0,0,0,1,0,0,0,0,0,0,0,0,0,0,2,0,0,0,2,0,2,0,0,0,1,0,0,1,0,0,0,0,0,0,1,0,0,0,0,0,0,0,0,0,1,2,0,1,0,0,0,0,0,2,0,0,0,0,1,1,0,0,0,0,0,0,0,0,0,0,0,0,0,0,0,2,1,0,0,0,0,0,1,0,0,0,0,1,1,0,0,0,0,1,0,2,0,0,0,0,0,0,0,0,0,0,0,1,0,0,0,0,3,0,3,0,1,0,0,0,1,0,0,0,0,1,0,1,0,0,0,0,0,0,0,0,0,0,1,0,0,0,0,0,0,0,0,0,0,0,0,0,1,0,2,0,1,0,3,0,1,0,0,0,0,1,0,0,1,0,0,1,0,0,0,0,0,0,0,0,0,0,0,0,0,0,0,0,0,0,0,1,0,0,0,0,0,0,0,1,0,0,1,0,0,0,0,0,0,0,2,1,0,0,0,0,0,0,0,0,0,1,0,0,0,0,0,0,0,0,0,0,0,0,0,0,0,0,0,0,0,0,0,0,0,1,0,0,0,0,0,0,0,0,0,1,0,0,2,0,1,0,0,0,0,0,0,2,0,0,0,0,0,0,0,0,0,0,0,0,0,1,0,1,1,0,0,1,0,0,0,0,0,0,0,2,1,1,0,0,0,0,0,1,0,0,0,1,0,2,0,1,1,0,0,1,0,0,0,0,0,0,0,0,0,0,0,0,0,0,1,0,0,1,0,0,0,0,0,0,0,0,0,0,0,0,0,0,1,1,0,0,0,1,2,0,0,0,0,0,0,0,0,0,1,0,1,0,0,1,0,0,0,0,1,1,0,0,0,0,0,0,1,1,0,1,0,0,1,1,0,1,0,1,0,0,1,0,2,0,1,0,0,0,1,0,0,0,1,0,0,0,0,0,0,5,0,1,0,0,0,0,0,0,0,1,1,0,0,0,0,0,1,0,1,0,0,0,0,0,0,0,3,0,0,0,0,0,0,1,2,0,0,0,1,0,0,2,0,1,0,0,0,0,0,0,0,0,1,1,0,0,0,0,1,2,0,0,0,0,0,1,0,3,1,0,1,0,0,1,0,0,0,0,1,0,0,0,0,0,0,0,2,0,0,0,0,0,0,0,0,0,0,0,1,2,0,0,0,0,0,0,0,1,0,1,1,0,0,0,0,0,0,1,0,1,0,0,0,0,0,0,0,0,0,0,1,0,0,0,1,0,0,0,0,2,0,3,0,0,1,0,0,0,0,0,0,1,0,0,1,2,0,0,1,0,2,0,0,0,0,0,1,0,0,3,0,1,2,1,0,0,0,3,0,0,0,0,0,1,0,1,0,0,1,0,1,0,0,0,0,0,0,0,0,0,0,3,0,0,0,0,0,0,2,0,0,0,0,0,0,0,0,0,0,0,0,1,0,0,0,0,0,0,0,2,1,0,0,0,0,0,1,0,2,0,0,0,1,1,1,0,0,0,0,0,1,1,0,0,0,0,1,0,1,0,0,0,0,0,1,0,0,0,0,0,0,1,1,0,0,1,0,0,0,0,0,0,0,0,1,1,0,0,0,0,1,0,0,1,1,1,0,0,0,0,0,0,0,0,0,0,2,0,0,0,0,0,0,0,0,0,0,2,0,0,0,0,1,1,0,0,0,0,0,1,1,1,3,0,0,0,1,0,0,0,0,0,0,0,1,0,1,1,0,2,0,0,0,0,0,0,0,1,1,1,0,0,0,1,1,0,0,0,0,0,0,0,0,0,0,0,0,1,0,0,0,2,0,0,0,0,0,0,0,0,0,0,0,0,0,1,0,1,0,0,4,0,0,4,0,0,0,0,0,0,0,0,0,0,0,0,0,0,0,2,0,0,1,0,0,1,0,0,1,1,0,0,0,1,0,1,0,0,1,0,0,0,1,0,0,0,0,0,1,0,1,0,0,0,2,0,0,0,0,0,1,1,0,0,0,1,1,0,0,0,1,0,0,0,0,0,0,0,1,0,0,1,0,1,0,0,0,0,1,0,3,0,0,0,0,2,0,0,0,0,0,0,0,0,0,0,0,0,1,0,0,0,0,0,0,0,0,0,0,0,0,1,0,0,0,0,0,0,0,1,0,1,1,0,1,0,0,2,0,0,1,0,0,0,0,0,0,0,0,0,0,2,0,0,0,0,0,0,0,0,0,0,0,0,0,0,1,1,0,0,1,0,0,0,0,0,0,0,0,0,1,0,0,0,0,0,0,0,0,0,0,0,0,0,0,0,1,0,0,0,0,0,1,0,0,0,1,0,0,0,0,2,2,0,0,1,0,0,0,0,0,0,0,0,2,0,1,0,0,1,0,0,0,1,0,0,0,1,0,1,0,1,0,0,1,0,1,0,0,0,0,0,0,3,0,0,0,0,0,0,0,1,0,0,0,0,0,0,0,0,0,0,0,0,0,0,0,0,0,0,0,0,1,0,0,1,0,0,0,0,0,1,1,0,0,0,1,0,0,0,0,0,0,0,0,0,0,0,0,0,0,0,0,0,0,0,0,0,0,0,0,0,1,0,2,1,1,0,0,0,1,0,0,0,1,0,0,0,0,0,0,1,0,0,1,0,1,0,0,0,0,1,0,0,0,1,0,0,0,0,0,0,3,0,0,0,1,0,0,0,0,0,0,0,3,0,1,0,0,0,0,0,0,0,1,0,0,0,0,1,1,3,0,0,2,0,0,1,0,2,0,0,0,0,0,0,0,0,0,2,2,1,0,0,0,0,0,0,2,0,0,0,0,0,0,0,0,0,0,0,0,0,0,0,0,1,0,0,1,0,1,0,0,0,1,0,0,0,0,0,0,1,0,2,0,0,0,0,0,1,0,0,0,0,0,0,0,1,0,0,1,1,1,0,1,0,0,0,0,1,0,0,0,0,1,1,0,1,0,0,0,0,0,2,1,0,0,0,0,1,1,0,0,0,0,0,0,1,0,0,0,0,2,0,0,1,0,0,1,0,1,0,0,0,0,1,1,0,0,2,1,1,0,0,0,0,0,0,0,0,0,0,1,0,0,0,1,0,0,0,0,0,0,0,0,2,0,0,0,2,0,0,0,1,0,0,0,0,1,1,0,0,2,0,1,0,0,0,0,0,0,0,0,0,1,0,1,0,0,0,0,0,0,0,0,0,0,0,0,0,0,1,0,0,1,0,2,0,0,0,0,0,0,1,0,0,0,0,0,0,0,0,0,0,1,0,0,0,0,0,0,0,1,0,0,0,0,0,0,1,0,0,0,0,1,0,0,0,0,0,0,0,1,0,0,0,0,0,0,0,0,0,0
APOBEC3C,0,0,0,0,0,1,0,1,0,0,0,0,1,0,0,0,1,0,1,0,0,0,0,0,0,0,0,0,3,0,0,0,0,0,0,0,0,0,0,0,0,0,0,0,0,1,0,0,0,0,0,0,0,3,0,0,0,0,0,2,1,0,0,0,0,0,0,1,0,0,1,0,0,0,1,0,0,0,0,0,0,1,0,2,2,0,0,0,0,0,0,1,0,0,0,0,0,0,0,1,1,0,0,0,0,1,0,0,2,0,0,0,0,0,0,0,0,0,1,1,0,0,0,0,0,0,0,0,1,0,0,0,2,0,0,0,0,0,1,0,0,1,0,1,0,0,1,1,0,0,0,0,1,0,0,0,0,0,1,0,0,0,0,0,1,1,0,0,0,0,0,0,2,0,0,0,0,0,0,0,0,0,0,0,0,0,0,0,0,0,0,1,1,0,0,1,0,2,1,0,0,0,0,1,0,0,0,1,0,0,0,0,1,0,0,1,0,0,0,0,0,0,0,0,0,0,1,0,0,0,0,0,2,3,0,0,0,1,1,0,0,0,0,0,0,2,2,0,1,0,0,0,0,0,2,0,0,1,0,0,0,0,0,0,0,3,0,0,0,0,0,0,0,1,0,0,1,0,0,0,0,1,0,0,0,0,0,0,0,0,0,0,0,1,0,0,0,0,1,0,0,1,0,1,0,0,0,0,1,0,0,0,0,0,0,1,0,0,0,0,0,0,1,0,1,0,0,0,0,0,0,0,0,0,0,0,0,1,0,0,1,0,1,0,0,0,0,2,0,0,0,0,3,0,1,0,0,0,0,0,0,1,0,0,0,0,0,0,0,0,1,0,0,0,0,1,0,0,0,1,1,0,0,0,0,0,0,3,0,1,0,3,0,1,0,0,1,1,0,0,0,0,1,0,0,1,1,1,0,1,0,0,0,1,0,0,0,2,0,0,0,1,3,1,1,0,2,0,0,1,0,0,0,3,0,0,0,1,0,0,2,1,1,0,0,0,0,0,1,1,3,1,0,0,1,0,0,1,0,0,1,0,0,0,0,2,0,0,0,0,0,0,1,1,0,0,0,0,0,1,1,2,0,0,0,0,0,1,1,0,0,1,1,1,0,0,0,0,0,1,0,0,0,0,0,0,2,0,0,0,0,1,0,1,0,0,1,0,0,0,0,0,0,0,0,0,1,2,0,0,1,2,0,0,0,0,0,0,0,0,1,0,0,1,0,0,0,0,0,0,2,0,0,1,1,0,0,0,0,0,0,0,0,1,0,0,0,0,0,0,0,0,0,0,0,0,2,0,0,1,1,0,0,1,1,2,0,0,0,0,2,0,1,1,0,0,0,1,0,0,0,0,0,0,0,0,1,0,0,0,0,0,1,0,0,0,0,1,0,0,1,1,3,0,3,0,0,1,0,0,1,0,0,2,0,0,0,0,0,0,0,0,0,0,0,1,1,0,0,0,2,0,0,0,0,0,0,0,0,0,0,0,0,3,0,1,0,0,0,0,0,0,1,0,0,0,1,0,0,0,0,0,0,0,0,0,0,0,0,0,0,0,1,0,0,0,0,0,0,1,0,0,0,0,0,1,0,0,0,1,0,3,0,1,0,0,2,0,0,0,0,0,0,0,0,1,0,0,0,3,0,1,0,0,0,0,0,0,0,0,0,0,0,0,0,0,0,0,0,1,1,0,0,0,0,1,0,0,0,0,0,0,0,0,0,0,0,0,0,0,0,1,0,0,0,0,0,0,1,0,0,0,0,1,0,0,1,0,0,0,0,0,0,1,0,3,0,0,0,0,0,0,1,0,1,0,0,0,1,0,0,1,0,0,0,0,0,0,0,0,0,0,2,0,1,1,0,0,0,0,0,0,0,0,0,0,2,0,0,0,2,0,0,0,0,1,0,1,0,0,0,0,0,0,0,0,0,0,0,1,0,0,0,0,1,1,0,0,1,0,0,0,2,1,0,1,0,0,0,0,0,1,0,0,0,0,1,0,1,0,0,0,2,0,0,1,0,0,0,0,1,0,0,0,0,0,0,0,1,0,1,0,0,0,0,0,0,0,0,0,1,1,0,2,0,1,0,0,0,0,0,1,0,0,1,0,1,4,0,0,0,0,0,1,0,0,0,0,1,0,0,0,0,0,0,0,0,0,0,0,0,1,0,0,1,1,0,0,1,0,0,0,0,0,0,0,0,0,1,0,0,0,0,0,0,2,1,0,0,0,0,0,0,0,2,0,0,0,1,0,0,0,0,0,1,0,0,0,0,0,0,1,0,0,0,0,0,0,1,0,0,0,0,0,3,1,0,0,0,0,0,1,0,0,0,0,0,0,0,0,0,1,0,2,0,1,0,0,0,0,0,0,0,0,0,0,0,0,0,0,0,0,0,0,0,0,1,0,0,1,0,0,0,0,0,0,0,0,0,0,0,0,0,0,0,0,0,0,0,0,1,0,0,0,0,0,0,0,0,0,1,0,0,0,0,0,0,0,0,0,1,0,0,0,0,0,0,0,0,3,0,0,0,0,2,0,1,0,0,1,0,0,1,1,0,3,0,0,0,0,1,0,0,0,0,1,1,0,0,0,0,0,1,1,0,2,0,0,0,0,0,0,0,0,0,0,0,0,0,0,1,0,0,0,0,0,0,0,1,0,0,0,0,0,0,1,0,0,1,0,0,0,0,0,0,0,1,0,0,0,0,0,0,0,0,0,0,3,2,0,1,0,0,1,0,0,2,1,0,0,1,0,0,0,2,1,0,1,0,0,0,0,0,0,2,1,1,0,0,0,0,0,0,0,0,0,1,2,0,0,0,0,0,0,1,0,0,0,1,0,0,0,0,0,2,0,0,2,0,0,2,0,0,1,0,0,1,0,0,1,0,0,1,5,0,0,0,0,0,0,0,0,0,0,0,1,1,0,0,0,1,0,0,0,0,1,0,1,0,0,0,0,0,0,1,0,1,0,0,1,0,0,0,0,0,0,3,0,0,0,0,0,0,0,0,0,0,1,1,0,0,1,0,0,0,0,0,0,0,1,1,0,0,0,2,0,2,0,0,0,0,3,0,0,0,1,0,0,0,1,0,0,0,0,0,0,0,0,0,1,0,0,0,0,0,0,0,0,0,0,3,1,0,0,0,0,0,0,0,0,0,0,0,0,0,0,0,0,0,1,0,1,0,0,2,0,0,3,0,0,0,1,1,0,0,2,0,0,2,0,0,4,0,0,0,0,0,0,1,0,1,0,0,0,1,0,0,0,1,0,0,0,0,0,0,0,0,0,0,1,0,0,1,0,0,0,0,0,0,0,0,0,0,0,1,0,0,0,1,0,0,0,1,0,0,0,0,0,0,1,1,0,0,0,0,2,0,0,0,0,0,1,0,0,0,0,0,0,0,0,0,0,1,0,0,0,0,0,0,0,1,0,0,0,0,0,0,1,0,1,0,1,1,0,0,1
C4orf48,0,1,0,0,0,2,2,0,0,0,4,0,1,0,0,1,0,0,1,0,0,0,0,2,0,0,0,0,1,0,0,0,0,1,0,0,0,0,0,0,0,0,0,2,1,0,0,1,0,0,0,0,0,0,0,1,0,0,0,1,2,1,0,2,0,0,0,0,1,1,0,1,0,2,0,0,0,2,0,2,0,0,1,0,0,0,0,0,0,0,0,2,2,3,0,1,0,0,2,1,1,0,0,0,2,1,0,0,0,0,0,0,0,1,0,0,0,0,1,0,0,2,1,0,0,0,0,0,2,0,0,0,0,0,2,0,0,1,0,0,0,0,1,0,1,0,0,3,0,0,1,0,0,1,3,0,0,0,0,0,0,0,3,2,0,1,1,1,1,3,0,0,1,0,0,0,0,0,1,0,1,0,0,0,1,0,1,1,1,2,2,0,0,0,0,0,0,1,0,0,0,0,1,0,0,0,0,1,0,1,0,0,0,0,0,1,0,2,1,3,0,0,1,0,0,1,0,0,1,0,0,0,1,3,0,0,0,0,1,0,2,0,0,1,0,0,0,0,3,1,0,0,0,0,0,0,0,2,0,1,0,0,0,1,0,0,0,0,1,0,0,1,0,0,1,0,0,1,1,1,0,1,0,0,0,0,0,1,1,0,1,0,2,0,0,0,0,0,1,0,0,0,0,0,1,0,0,0,2,1,0,0,1,0,0,0,0,0,1,2,0,0,0,0,1,1,1,0,0,0,1,2,0,0,1,0,0,1,1,2,2,1,2,0,0,0,0,2,0,1,0,0,1,0,0,3,0,0,2,1,0,0,0,1,0,0,3,0,0,0,1,0,0,0,0,2,0,2,0,2,0,0,0,0,0,1,0,0,1,0,0,1,0,3,0,0,1,0,0,1,1,0,0,1,2,0,0,0,0,0,0,0,0,0,0,1,0,0,0,0,1,0,3,0,2,0,1,0,1,1,0,1,2,0,0,1,1,0,0,4,0,1,1,0,0,3,0,0,0,0,1,2,1,0,2,0,0,2,1,0,0,0,0,0,0,2,1,0,2,0,0,1,0,0,0,1,0,0,0,0,2,1,0,1,1,1,0,0,0,3,0,0,2,0,0,0,2,0,0,0,0,1,0,0,0,0,0,0,0,0,0,0,0,0,0,0,0,0,1,0,0,1,0,1,0,1,1,0,1,1,3,0,0,0,2,1,0,1,0,0,1,0,0,0,1,0,1,0,2,0,1,2,0,0,1,3,0,0,2,1,0,0,1,0,0,0,0,0,1,0,0,0,0,0,0,2,0,1,1,2,0,0,0,0,0,0,1,0,0,0,0,0,0,2,0,1,0,0,0,0,0,1,0,1,0,0,1,0,0,0,1,1,0,0,1,0,2,1,0,2,0,2,0,0,0,0,0,1,1,0,0,0,0,0,2,0,0,1,1,0,0,2,0,1,0,0,0,0,0,1,0,0,0,0,0,0,0,0,0,1,2,0,0,0,1,0,0,0,1,0,0,0,0,0,0,0,2,0,1,0,0,0,0,0,1,0,0,0,0,0,0,0,0,0,0,0,0,0,0,1,0,2,1,0,0,1,0,0,0,2,0,1,0,0,2,0,1,0,0,0,1,1,0,0,0,0,1,2,0,0,0,0,0,0,1,0,1,0,1,1,0,1,1,1,0,0,0,0,2,0,0,0,0,0,0,0,0,1,0,0,0,1,1,3,2,0,0,0,0,0,0,1,0,0,0,2,0,0,1,0,1,0,0,0,1,2,0,0,1,1,0,0,0,0,2,0,0,0,1,0,0,0,0,0,1,0,0,0,0,1,0,2,0,1,0,0,0,0,1,0,0,0,2,0,0,0,0,0,2,0,0,0,0,0,0,2,0,0,0,0,1,0,1,0,0,1,0,0,0,0,0,1,1,0,1,0,0,1,1,0,0,0,0,0,0,0,0,1,0,0,0,1,1,0,0,0,0,0,0,1,0,0,2,1,0,1,0,0,1,0,1,0,0,2,0,0,0,0,0,0,0,0,0,0,1,0,0,0,1,1,2,0,0,0,0,0,1,0,0,1,0,1,0,0,0,0,0,1,0,0,0,0,0,0,0,0,1,2,0,0,0,0,1,1,0,0,0,1,0,1,0,0,2,1,0,0,0,0,0,1,0,0,0,0,1,2,0,0,1,1,0,3,1,0,1,0,3,0,3,0,0,0,0,1,1,0,0,0,0,0,0,0,0,0,1,0,0,0,0,0,0,1,0,0,0,0,0,1,2,1,0,1,1,0,0,0,0,1,1,1,0,2,0,0,0,0,1,2,0,0,2,4,0,1,0,2,0,1,1,2,0,0,0,0,0,2,0,0,0,0,0,2,0,0,0,1,0,0,0,0,1,0,1,2,0,0,3,0,0,0,0,0,0,1,0,2,1,1,1,1,1,0,0,0,0,0,0,1,0,0,1,0,0,2,0,0,0,0,0,0,0,0,4,2,0,1,0,0,0,0,0,0,0,0,0,0,0,0,0,3,0,3,3,0,0,0,0,0,0,0,1,1,1,0,1,0,0,0,0,1,0,0,3,0,0,0,0,0,0,0,1,0,0,1,0,1,0,0,0,0,0,1,0,0,0,0,0,1,0,0,0,0,0,0,0,0,2,1,0,1,0,0,0,0,0,0,0,0,0,2,0,0,1,0,0,0,3,0,0,0,1,0,0,0,0,1,0,2,0,0,1,0,0,1,0,0,2,0,0,0,0,2,0,0,1,0,2,1,0,0,0,3,0,0,0,3,1,0,0,1,0,0,0,0,0,0,0,0,0,0,0,1,0,6,0,1,2,0,0,0,0,1,1,2,0,0,0,0,0,0,0,0,0,0,0,0,1,0,0,0,3,0,2,0,0,0,2,0,0,2,0,0,0,0,0,0,0,1,2,0,0,0,0,3,0,0,0,0,0,1,0,1,0,0,0,0,0,0,0,0,0,1,0,3,0,0,0,1,0,2,0,0,0,0,0,0,0,0,0,0,0,0,1,0,0,0,0,0,1,0,1,0,0,0,2,0,0,0,2,1,0,3,1,2,0,2,0,0,0,0,1,1,0,0,1,1,0,1,0,1,0,0,0,0,1,0,0,0,0,0,1,0,0,0,0,0,0,1,0,1,0,2,0,0,1,1,0,0,0,0,0,0,0,0,0,2,0,2,0,0,0,0,3,1,1,0,0,0,0,0,1,0,1,0,0,0,1,0,0,0,0,0,0,0,3,0,0,0,0,0,0,0,1,0,0,2,0,0,0,0,0,0,1,0,0,0,1,2,0,1,2,0,0,1,2,1,1,0,0,2,0,0,0,0,0,2,0,0,0,1,0,0,0,0,1,0,0,1,2,1,0,0,0,0,0,0,1,0,1,1,0,0,0,0,0,0,0,0,0,0,1,1,0,1,1,0,0,0,0,0,0,0,0,0,0,2
FKBP11,0,0,0,0,0,0,0,1,0,0,0,0,0,0,0,1,1,0,0,0,1,0,0,0,0,1,0,0,2,0,0,0,0,1,0,0,1,0,0,0,0,1,0,0,0,0,0,0,0,0,0,0,0,0,0,0,0,0,0,1,0,0,0,0,0,1,0,0,0,0,0,0,0,0,0,0,0,0,0,0,0,0,0,0,0,0,1,0,0,0,0,0,0,0,0,0,0,0,0,0,0,0,0,2,2,0,0,0,0,0,1,0,0,0,0,0,0,0,0,0,0,0,0,0,0,0,0,0,0,0,1,2,0,0,0,0,0,0,0,1,0,2,0,0,0,0,0,0,0,1,0,0,1,0,0,1,1,0,0,0,0,0,0,0,0,0,0,0,0,0,0,0,2,0,0,0,0,0,0,1,0,0,0,0,0,0,2,0,0,0,0,0,0,0,1,0,0,1,0,0,0,0,0,0,0,0,0,1,0,0,1,0,0,2,0,0,1,2,0,0,0,0,0,0,0,0,0,0,0,0,0,0,0,0,0,0,0,0,1,0,0,0,0,0,1,0,1,0,0,0,0,0,0,0,0,1,0,0,0,0,0,0,0,0,0,1,0,0,0,0,0,1,0,0,0,0,0,0,0,0,0,0,0,0,1,0,0,0,3,0,0,0,0,4,0,0,1,0,0,0,0,0,0,0,1,0,1,0,0,0,0,2,0,0,1,0,0,2,0,0,1,1,0,0,0,0,0,0,0,0,1,0,0,0,0,0,0,0,0,0,0,0,0,1,0,0,0,0,0,0,0,0,2,1,0,0,0,1,1,0,1,0,0,0,1,0,0,0,0,0,1,0,0,0,0,0,0,0,0,0,0,0,0,0,0,0,1,1,0,1,0,0,0,0,1,0,0,1,0,0,0,0,0,0,0,1,1,0,0,0,1,1,0,1,0,0,0,0,0,0,0,1,1,0,0,0,0,2,0,1,0,0,0,0,0,0,0,0,1,0,0,2,0,0,1,0,0,0,0,0,0,0,0,0,0,1,0,1,0,0,0,0,0,1,2,0,0,1,0,0,0,0,0,0,0,0,0,1,0,0,0,3,0,1,0,0,1,1,0,0,0,0,0,0,0,0,0,0,0,1,0,0,0,0,0,1,0,0,0,0,0,0,0,1,0,0,0,0,0,0,0,1,0,0,0,0,1,0,0,3,0,0,0,0,0,0,0,0,0,2,3,1,0,0,0,0,0,0,0,0,2,0,0,0,0,0,0,0,0,0,1,0,0,0,0,0,0,0,1,0,0,1,1,0,0,1,1,0,0,0,0,1,0,0,0,0,0,0,0,0,0,0,0,0,0,0,0,0,0,0,0,0,0,0,1,0,0,0,0,0,0,0,2,0,2,0,0,0,0,0,1,1,1,0,0,0,0,0,1,0,0,0,0,1,0,0,0,0,1,0,0,0,2,0,0,0,1,0,0,0,0,0,0,0,0,0,0,0,0,0,0,0,0,2,1,0,0,0,0,0,0,1,0,0,0,1,0,0,0,1,1,0,0,0,0,0,0,0,0,0,0,0,2,1,0,0,1,0,0,0,0,0,1,0,1,0,0,0,0,0,0,2,0,0,0,1,0,0,0,0,0,0,0,0,1,2,0,0,0,2,0,1,1,0,1,0,0,0,0,0,0,0,0,0,0,1,0,0,1,0,0,0,0,0,0,0,0,0,0,0,0,0,0,1,0,0,2,0,0,2,0,0,0,0,0,0,0,0,0,1,0,0,0,2,0,0,0,0,1,0,0,0,0,0,0,0,0,1,0,0,0,1,0,0,1,0,0,0,0,0,0,1,0,0,0,2,0,0,0,0,2,0,0,0,0,1,0,0,0,0,0,1,0,0,0,0,0,0,0,0,0,0,1,0,0,0,1,0,0,1,0,0,0,1,0,0,0,0,0,0,0,1,0,0,0,0,1,0,2,0,0,0,0,0,0,0,0,0,0,0,0,0,0,0,0,1,0,0,0,0,1,0,1,0,0,2,0,0,0,0,0,0,0,1,0,1,0,0,0,0,0,0,0,0,0,0,0,0,0,0,0,0,0,1,0,0,0,0,0,3,0,0,0,0,0,1,0,0,0,1,0,0,0,1,0,0,0,0,1,0,0,0,0,0,0,0,0,0,1,0,0,0,0,0,0,0,0,0,0,0,0,0,0,0,0,0,0,1,0,0,0,0,0,0,1,0,1,0,1,0,0,0,0,1,0,0,0,1,0,1,0,0,0,0,0,0,0,0,0,0,1,0,0,0,0,1,0,0,0,0,0,0,0,0,0,0,2,0,0,0,0,0,0,0,0,0,0,1,0,1,0,0,0,0,1,0,0,0,0,1,1,0,0,3,0,0,0,0,1,0,0,0,0,0,0,0,0,0,0,0,1,1,1,0,0,0,0,0,0,0,0,0,0,0,0,0,0,0,0,0,0,0,1,0,0,0,0,0,0,0,1,5,0,0,0,1,3,0,0,0,1,0,0,1,0,1,0,0,0,1,0,0,0,0,0,1,1,0,0,0,0,0,1,0,2,0,0,0,0,0,1,2,0,2,0,0,0,0,1,0,0,0,0,0,0,0,0,0,4,0,1,0,0,0,0,1,0,0,1,1,0,0,0,0,1,2,0,0,0,0,0,1,0,0,1,0,2,0,0,0,0,0,0,0,0,0,0,0,0,0,0,0,0,0,1,0,0,0,0,0,0,0,0,0,0,0,0,2,0,0,1,0,0,0,0,0,0,0,0,0,0,0,0,0,1,1,1,0,1,0,0,1,1,0,0,0,0,1,0,0,0,1,0,0,0,0,0,0,0,0,1,0,0,0,1,0,0,1,0,1,0,0,2,0,0,0,1,0,0,0,0,0,0,0,0,0,1,0,0,0,0,0,0,0,0,0,1,0,0,0,0,0,0,0,0,1,0,0,0,3,0,0,0,0,1,1,0,0,1,0,0,0,0,0,0,0,0,0,2,0,0,0,0,0,0,0,0,0,0,0,0,0,0,0,1,0,0,0,0,0,0,0,0,0,0,0,0,1,0,0,0,0,0,0,0,0,0,2,1,1,0,0,0,1,0,1,0,0,0,0,0,1,2,0,0,0,0,0,2,0,0,0,0,1,0,0,1,0,0,0,0,0,0,0,1,0,0,0,0,0,1,0,0,0,0,1,0,0,0,0,0,0,0,0,1,0,0,0,0,0,0,0,0,0,0,0,0,2,0,0,2,0,0,0,0,1,0,0,0,0,0,1,2,0,0,0,2,0,1,0,0,0,0,0,0,1,0,0,0,1,0,0,0,0,0,0,0,0,2,0,0,0,0,1,0,0,0,0,0,0,0,0,0,0,0,1,0,1,0,0,0,0,0,0,0,0,0,0,0,0,0,0,1,0,0,1,0,0,0,0,1,0,0,0,0,0,0,0,1,2,0,0,0,0,0,0
CD72,0,0,0,0,0,0,0,0,1,0,0,0,0,0,0,0,0,0,0,0,0,0,0,0,0,0,0,0,0,1,0,0,1,0,0,0,0,0,0,1,0,0,0,0,0,1,0,0,0,0,0,0,0,0,0,0,0,0,0,0,0,0,0,0,0,0,0,0,0,0,0,0,0,0,0,0,0,0,0,0,0,0,0,0,0,0,0,0,0,0,0,0,0,0,0,0,0,1,0,0,0,0,0,0,0,0,0,0,0,0,0,0,0,0,0,0,0,0,0,0,0,0,0,0,0,0,0,0,0,0,0,0,0,0,0,0,0,0,0,0,0,0,0,0,0,0,0,0,0,1,0,0,0,0,0,0,0,0,0,0,0,0,0,0,0,0,0,0,0,1,0,0,0,0,0,0,0,0,1,0,0,0,0,0,0,0,0,0,0,0,0,0,0,0,0,0,0,0,0,1,0,0,0,0,0,0,1,0,0,0,0,0,0,0,0,0,0,0,0,0,0,0,0,1,0,0,0,0,0,0,0,0,0,0,0,0,0,0,0,0,0,0,0,0,0,1,0,0,0,0,0,0,1,0,0,0,0,0,0,0,0,1,0,0,0,0,0,0,0,0,0,0,0,0,0,0,2,0,0,0,0,0,0,0,0,0,0,0,0,0,0,0,0,0,0,0,0,0,0,0,0,0,0,0,0,0,0,0,0,0,0,0,0,0,0,1,0,0,0,0,0,0,0,0,0,0,0,0,0,0,0,0,0,0,0,0,0,0,0,0,0,0,0,0,2,0,0,0,0,0,0,0,0,0,0,0,0,0,0,0,0,0,0,0,0,0,0,0,0,0,0,0,0,0,0,0,0,0,0,0,0,1,0,0,0,0,0,0,0,0,0,0,0,0,0,0,1,1,0,0,0,0,0,0,0,1,0,0,1,0,0,0,0,0,0,0,0,0,0,0,0,1,0,0,1,0,0,0,0,0,2,0,0,0,0,0,0,0,0,0,0,0,0,0,1,0,0,0,1,0,0,0,0,0,0,0,0,0,0,0,0,0,0,0,0,0,0,0,0,0,0,0,0,0,0,0,0,0,0,0,0,0,0,0,0,0,0,0,0,0,0,0,0,0,0,0,0,0,0,0,0,0,0,0,0,0,3,1,0,0,0,0,1,0,0,0,0,0,0,0,0,0,0,0,0,0,0,1,0,0,0,0,0,0,0,0,0,0,0,0,0,0,0,0,1,0,0,0,0,0,0,0,0,0,0,0,0,0,0,0,0,0,1,0,0,0,0,0,0,3,0,0,0,0,0,0,0,0,0,0,1,0,0,0,0,0,3,0,1,0,0,0,0,0,0,0,0,2,0,0,0,0,0,0,0,0,0,0,0,0,0,1,0,0,0,0,0,0,0,0,0,0,0,0,0,0,0,0,0,0,0,0,0,0,0,0,0,0,0,0,0,0,0,0,0,1,0,0,0,0,0,0,0,0,1,0,0,0,2,0,0,0,0,0,0,0,0,0,0,0,0,0,0,0,0,0,0,0,0,0,0,1,0,0,0,0,0,0,0,0,0,0,0,0,0,0,0,0,2,0,0,0,0,0,0,0,0,0,0,1,0,0,0,0,0,0,0,0,0,0,0,0,0,0,0,0,0,0,0,0,0,0,0,0,0,0,0,0,0,0,0,0,0,0,0,0,1,0,0,0,0,0,0,0,0,0,0,0,0,0,0,0,0,0,0,2,0,0,0,0,0,0,0,0,0,0,0,0,0,0,0,0,0,0,0,0,0,0,0,0,0,0,0,0,0,0,0,0,0,0,0,0,0,0,0,0,0,1,0,0,0,0,0,0,0,0,0,0,0,0,0,0,0,0,0,0,0,1,0,0,0,0,0,0,0,0,0,0,0,0,0,0,0,0,0,0,0,0,0,0,0,0,0,0,0,0,0,0,0,0,0,0,0,0,0,0,0,0,0,0,0,0,0,0,0,0,0,0,1,0,0,0,0,0,0,0,1,0,1,0,0,0,0,0,0,0,2,0,0,0,0,0,0,0,0,0,1,0,0,0,0,0,0,0,0,0,2,0,0,0,0,0,0,0,0,0,0,0,0,0,0,0,0,0,0,0,0,0,0,0,0,0,0,0,0,0,0,0,0,0,0,0,0,0,0,0,0,0,0,0,0,0,0,0,0,0,0,0,1,0,0,0,0,0,0,1,0,0,0,0,0,0,0,0,0,0,0,0,0,0,0,0,0,0,0,0,0,0,0,0,0,0,0,0,0,0,0,0,0,0,0,0,0,0,0,0,2,0,0,0,0,0,0,1,0,0,0,0,0,0,1,0,1,0,0,0,0,0,0,0,0,0,0,0,0,0,0,0,0,0,0,0,0,0,0,0,0,0,0,0,0,0,0,0,0,0,0,0,0,0,0,0,0,0,0,0,0,0,0,0,0,0,0,0,0,1,0,0,0,0,0,0,0,0,0,0,0,0,0,0,0,0,0,0,0,0,0,0,2,0,0,0,1,0,0,0,0,0,0,0,0,0,0,0,0,1,0,0,0,2,0,0,0,0,0,0,0,1,0,0,0,0,0,0,0,1,0,0,0,0,0,2,0,0,0,0,0,0,0,0,0,0,0,0,0,0,0,0,0,0,1,0,0,1,0,0,0,0,0,0,0,0,0,0,0,0,0,0,0,0,0,0,0,0,0,0,0,0,2,0,0,0,0,0,0,0,1,0,0,0,2,0,0,0,0,0,0,0,0,0,0,1,0,0,1,1,0,0,0,0,0,0,0,0,0,0,0,0,0,0,0,0,0,0,0,1,1,0,1,0,0,0,0,0,0,0,0,0,0,0,0,0,0,0,0,1,0,0,0,0,0,0,0,0,0,0,0,0,0,0,0,0,1,0,0,0,0,0,0,0,0,0,0,0,0,0,0,0,0,0,0,0,0,0,0,0,0,0,0,0,1,0,0,0,0,0,0,0,0,3,0,0,0,0,0,0,0,0,0,0,0,0,0,1,0,0,0,0,0,0,0,0,0,0,0,0,0,0,0,0,0,0,1,0,0,0,3,0,0,0,0,0,0,0,0,0,0,0,0,0,0,0,0,0,0,0,0,0,0,0,0,0,0,0,2,0,0,0,0,0,0,0,0,0,0,0,0,0,2,0,0,0,0,0,1,0,0,0,0,0,0,0,0,0,0,0,0,0,0,0,0,0,0,0,0,0,0,0,0,0,0,0,0,0,0,0,0,0,0,0,0,0,0,0,0,0,0,0,0,0,0,0,0,0,0,0,0,2,0,0,0,0,0,0,0,0,0,0,0,0,0,0,0,0,2,0,0,0,0,0,0,0,0,0,0,0,0,0,0,0,0,0,0,0,0,0,0,0,0,0,0,0,0,0,0,0,0,0,0,0,1,0,0,0,0,0,0,0,0,0,0,0,0,0,0,0,0,1,0,0,0,0,0,0,0,0
TUBA4A,2,0,0,0,1,1,0,2,0,0,0,1,0,0,1,0,0,1,0,1,0,1,0,0,0,0,0,0,0,1,1,0,1,0,0,0,0,2,0,0,0,1,0,2,0,0,0,0,0,0,0,1,0,0,2,0,1,0,0,0,0,1,1,0,1,0,0,6,3,0,0,0,0,0,0,0,0,1,0,0,1,0,0,0,1,0,0,0,0,0,0,2,0,1,1,0,0,0,0,0,1,2,0,1,0,0,1,0,0,0,0,0,0,1,0,3,1,1,0,0,0,0,8,0,0,0,2,0,1,0,1,0,0,1,2,1,0,0,0,0,0,0,1,0,0,0,0,0,0,0,0,0,2,2,0,1,0,1,0,0,0,0,0,0,0,3,0,2,0,1,1,0,1,0,2,0,0,0,0,1,0,0,1,0,0,0,2,0,0,0,0,0,0,1,0,0,1,0,6,1,0,0,0,0,0,0,0,1,1,0,0,0,2,1,0,1,2,0,0,0,0,0,0,0,0,1,0,0,0,0,0,0,2,0,0,3,1,0,0,0,0,0,0,0,0,0,0,1,1,0,1,0,0,0,1,0,1,0,1,0,0,1,1,1,1,2,0,1,0,0,0,2,0,0,0,0,0,0,0,1,0,0,0,0,1,0,0,0,0,0,0,0,0,1,0,0,0,0,0,1,1,0,1,0,1,1,0,0,0,0,1,1,0,3,0,0,0,1,1,0,0,1,1,0,0,0,0,0,0,0,1,0,1,0,0,0,0,1,1,0,0,1,0,0,0,2,0,0,1,1,0,1,2,0,0,1,0,1,0,0,0,0,0,0,1,1,0,2,2,1,0,0,0,0,1,0,0,0,0,0,0,0,1,0,0,0,0,0,0,1,1,3,1,2,1,0,0,1,0,3,0,0,1,0,1,0,2,0,1,1,0,0,0,0,1,0,0,1,0,0,0,0,1,0,0,0,0,0,0,0,1,1,0,0,0,1,0,0,0,0,1,0,0,0,3,0,3,1,0,0,0,0,0,1,0,1,2,1,0,0,0,0,0,0,1,0,0,0,0,0,0,0,0,0,0,0,0,0,0,0,0,0,0,1,0,0,1,2,0,0,1,0,1,0,1,0,1,0,0,0,0,0,0,0,0,0,1,0,0,1,1,0,0,0,0,0,0,0,0,0,0,0,1,0,0,0,0,0,1,0,0,0,0,0,0,1,1,2,1,0,0,1,0,0,1,0,0,0,0,0,1,1,0,0,0,0,0,1,1,0,0,2,0,1,0,0,0,1,3,1,1,1,2,0,0,0,0,1,1,1,1,0,1,0,0,0,0,0,0,0,0,0,0,1,0,0,0,0,0,0,0,0,0,1,0,0,0,0,0,0,0,0,1,0,1,0,1,1,1,0,0,0,2,0,1,0,0,0,0,0,0,1,1,1,0,0,0,1,0,0,0,0,0,0,1,0,0,0,1,0,0,0,0,0,0,0,0,1,0,0,0,0,0,1,1,0,0,0,0,0,0,1,0,1,2,2,0,0,1,1,0,0,1,0,1,1,1,0,0,0,1,1,1,0,0,0,0,0,0,0,0,0,1,1,0,0,0,0,0,0,1,0,0,0,0,0,0,0,0,0,0,1,0,0,0,1,0,1,1,1,0,0,0,0,1,0,0,0,0,0,0,0,1,0,0,0,0,0,0,2,0,1,0,0,0,0,1,0,0,0,0,1,0,0,0,1,1,0,2,0,0,0,1,0,0,0,2,1,0,1,0,0,0,0,0,1,0,0,0,1,0,0,0,0,0,0,0,0,0,0,0,0,0,0,0,0,1,0,0,1,0,0,0,0,1,0,0,1,0,0,0,0,0,0,0,0,1,0,0,0,0,0,1,0,0,1,0,0,1,0,0,1,3,1,0,1,1,0,0,0,0,0,0,1,0,0,0,0,0,0,3,2,1,2,0,0,1,0,1,0,0,0,0,0,0,0,0,0,0,0,0,0,0,0,0,1,2,2,0,1,1,0,1,0,0,0,0,0,0,1,1,0,0,0,0,0,0,0,0,2,0,0,0,0,0,1,1,0,0,0,0,0,0,0,0,0,0,0,0,1,0,0,0,0,0,1,1,0,0,2,0,1,0,0,0,1,1,0,1,0,0,0,0,1,0,2,0,1,0,0,4,0,1,1,1,0,0,0,0,0,1,0,0,1,0,0,1,1,0,0,0,0,0,0,0,0,0,0,0,0,2,1,2,2,1,2,0,1,0,0,0,0,0,1,0,0,0,1,0,2,1,1,0,0,0,0,0,0,0,1,0,0,0,2,1,0,1,0,0,1,1,1,0,1,0,0,1,0,0,0,1,0,1,0,0,1,0,0,0,0,0,0,0,1,0,0,0,0,0,1,0,0,0,1,0,1,0,0,0,0,1,0,1,0,1,0,1,0,0,0,0,0,0,2,0,1,0,1,0,0,1,0,0,1,2,0,0,0,0,1,0,0,0,0,0,0,0,0,0,0,0,0,0,2,0,1,0,1,0,2,0,0,0,0,0,0,0,0,0,0,0,0,0,0,0,0,0,0,0,0,0,0,0,0,0,0,0,1,0,1,0,0,0,0,0,1,1,0,1,1,0,0,3,0,0,1,1,0,0,1,0,0,0,0,0,0,0,0,0,0,0,0,0,0,0,0,1,0,0,0,0,0,0,0,0,1,0,1,0,0,0,0,0,0,0,0,1,0,0,0,0,1,1,0,1,2,1,0,0,1,0,0,0,0,1,0,0,0,0,1,0,0,2,0,0,0,1,1,0,0,1,1,0,1,0,0,1,0,1,0,1,0,0,0,0,1,0,1,1,0,1,0,1,0,2,0,0,1,2,0,0,0,0,0,0,0,1,0,0,0,0,0,3,0,0,0,2,1,0,0,0,1,2,0,1,0,0,0,0,0,0,1,0,0,0,0,0,1,0,0,0,1,0,0,0,1,1,0,0,0,0,0,0,0,0,0,1,0,0,0,0,0,0,0,0,1,0,1,4,0,0,0,0,0,0,1,0,0,0,0,0,0,0,0,0,0,0,1,0,0,0,0,1,0,2,0,0,0,0,0,0,2,1,0,0,1,1,0,0,0,0,1,1,0,1,0,0,1,0,0,3,0,1,2,1,1,0,0,2,0,0,0,0,0,1,0,0,0,0,0,1,1,0,0,1,0,0,0,3,1,0,1,0,0,0,0,1,0,0,0,1,2,0,1,1,0,1,0,0,1,0,0,1,1,0,1,0,0,0,2,0,1,1,0,1,0,0,0,0,1,0,0,0,0,1,2,1,0,0,0,0,1,0,0,0,0,0,2,1,1,0,0,0,0,0,0,0,0,0,1,0,1,0,0,0,0,0,1,0,0,0,0,0,0,0,0,0,0,0,0,0,0,2,0,1,1,1,0,0,0,0,0,0,1,0,0,0,1,0,1,0,1,0,1,0,0
PTGDR,0,0,0,0,0,0,0,0,0,0,0,0,0,0,0,1,0,3,0,0,0,0,0,0,0,0,0,0,1,0,0,0,0,0,0,0,0,0,0,0,0,0,0,0,0,0,0,0,0,0,0,0,0,3,0,0,1,0,0,0,0,0,0,0,0,0,0,1,0,0,0,0,0,0,0,0,0,0,0,0,0,0,0,0,1,0,0,0,1,0,0,0,0,0,0,0,0,0,0,0,0,0,0,0,0,0,1,1,0,0,1,0,0,0,0,0,0,0,0,0,0,0,0,0,0,0,0,0,0,0,0,0,0,0,0,0,0,0,0,0,0,0,0,0,0,0,0,0,0,1,0,0,0,0,0,0,0,0,0,0,0,0,0,0,4,0,0,0,0,0,0,1,0,0,0,0,0,0,0,0,0,0,0,0,0,0,0,0,0,0,0,0,0,0,0,0,0,1,1,0,0,0,0,0,0,0,0,0,0,0,0,0,0,1,0,0,0,0,0,0,0,0,0,0,0,0,0,0,0,0,0,0,0,0,0,0,0,0,0,0,0,0,0,0,1,0,1,0,0,0,0,0,0,0,0,0,0,0,0,0,0,0,0,0,0,0,0,0,0,0,1,0,0,0,0,1,0,0,0,0,0,0,0,0,0,0,0,0,0,0,0,0,0,0,0,0,0,0,0,0,0,0,0,0,0,0,0,0,0,0,0,0,0,0,0,0,0,0,0,0,0,2,0,0,0,0,0,0,0,0,0,0,0,0,0,0,0,0,0,0,0,0,0,0,0,0,0,0,0,0,0,0,0,0,0,0,0,0,0,0,1,0,0,0,2,0,0,0,0,0,0,0,0,0,1,0,0,1,0,0,0,0,0,0,0,0,0,0,0,1,0,0,0,0,0,0,0,0,0,0,0,0,0,0,0,0,0,0,1,0,0,0,0,0,0,0,0,0,0,0,0,0,0,4,0,0,0,0,0,1,0,0,0,0,1,0,0,0,0,0,1,0,0,0,0,0,0,0,0,0,0,0,0,1,0,0,0,0,0,0,0,0,0,0,0,0,0,0,0,0,0,0,0,0,0,0,0,1,0,0,0,0,0,0,0,0,0,0,0,0,0,0,0,0,0,0,0,0,0,2,0,0,0,0,0,0,0,0,0,0,0,0,0,0,0,0,1,0,0,0,0,0,0,0,0,0,0,0,0,0,0,0,0,0,0,0,0,0,0,0,0,0,0,0,0,0,0,0,0,0,0,0,0,0,0,0,0,0,0,0,0,0,0,0,0,0,0,0,0,0,1,1,0,0,0,0,1,0,0,1,0,1,0,0,0,0,0,0,0,0,0,0,0,0,0,0,0,0,0,0,0,0,0,0,0,0,0,0,0,0,0,0,3,0,0,0,0,0,0,0,0,0,0,0,1,0,0,0,0,0,0,0,0,0,0,0,0,0,0,0,0,0,0,0,0,0,0,0,0,0,0,0,0,0,0,0,0,0,0,0,0,0,0,0,0,0,0,0,0,0,0,0,0,0,0,0,0,0,0,0,1,0,0,0,0,0,0,0,0,0,0,0,0,0,0,0,1,0,0,0,0,0,0,2,0,0,0,0,1,0,0,1,0,0,0,0,0,0,0,0,0,0,0,0,0,0,0,0,0,0,0,0,0,0,0,0,0,0,0,0,0,0,0,0,0,1,0,0,0,0,0,0,0,0,0,0,0,0,0,0,0,0,0,0,0,0,1,0,0,0,0,0,0,0,0,0,0,0,0,0,0,0,0,0,0,0,0,0,0,0,0,0,0,0,0,0,0,0,0,0,0,0,0,0,0,0,1,0,0,1,0,0,0,0,0,0,0,0,0,0,2,0,0,0,0,0,0,0,0,0,0,0,0,0,0,0,0,0,0,0,0,0,0,0,0,0,2,1,0,0,0,0,0,0,0,0,0,0,0,0,0,0,0,0,0,2,0,0,0,0,0,0,0,0,0,0,0,0,0,0,0,0,0,0,0,0,0,0,0,0,0,0,0,0,0,3,0,0,0,0,0,0,0,0,0,0,0,0,0,0,0,3,0,0,0,0,0,0,0,0,0,0,0,1,0,0,0,0,0,0,0,0,0,0,0,2,0,0,0,0,0,0,0,0,0,0,0,0,0,0,0,0,0,0,0,0,0,0,0,0,1,0,0,0,0,0,0,0,0,0,0,0,0,0,0,0,0,0,0,0,0,1,0,0,0,0,0,0,0,0,0,0,0,0,0,2,0,0,0,0,0,0,0,1,0,0,0,0,0,0,0,0,0,0,0,0,0,0,0,0,0,0,0,0,1,0,0,0,0,0,0,0,0,0,0,0,0,0,0,0,0,0,0,0,0,0,0,0,0,0,0,0,0,0,0,0,0,1,0,0,0,0,0,0,0,0,0,0,1,0,0,0,2,0,0,0,0,0,0,0,0,0,0,0,1,1,0,0,0,0,0,0,0,0,0,0,0,0,0,0,0,2,0,0,0,0,0,1,0,0,0,0,0,0,0,0,0,0,0,0,0,0,0,0,0,0,2,0,0,0,0,0,0,2,1,0,0,0,0,0,0,0,0,2,0,0,0,0,0,0,0,0,0,0,0,0,0,0,0,0,0,0,0,0,0,0,0,0,0,0,0,0,0,0,0,2,0,0,0,0,0,0,0,0,0,0,0,0,0,0,0,0,0,0,0,0,0,0,0,0,0,0,0,0,0,0,0,0,0,0,0,0,0,0,0,0,0,0,0,0,0,0,0,0,0,0,0,0,0,0,0,0,0,0,1,0,0,0,0,0,1,0,0,0,0,0,0,0,0,1,0,0,0,0,0,0,0,1,0,0,0,0,0,0,0,0,0,0,0,0,0,0,1,0,0,0,0,0,0,0,0,0,0,0,0,0,0,0,0,0,0,0,0,0,0,0,2,0,0,0,0,0,0,0,0,0,0,0,0,0,0,0,0,1,0,0,0,0,1,0,0,0,0,0,0,0,1,0,0,0,0,0,0,0,0,0,0,0,1,0,0,0,0,0,0,0,1,0,0,1,0,0,0,0,0,0,0,2,0,0,0,0,0,0,0,0,0,1,0,0,0,0,0,0,0,0,0,0,0,0,1,0,0,0,0,0,0,0,0,0,0,0,0,0,0,0,0,0,0,0,0,0,1,0,1,0,0,0,0,0,0,0,0,0,0,0,0,0,0,0,0,0,0,0,0,0,0,0,0,0,0,0,0,0,0,0,0,1,0,0,0,0,0,0,0,0,0,0,0,0,0,0,0,1,1,0,0,0,0,0,0,0,0,0,0,2,0,0,0,0,0,0,0,0,0,0,0,0,0,0,0,0,1,0,0,0,0,0,0,1,1,0,0,0,0,0,0,0,0,0,0,0,0,0,0,0,0,0,0,0,0,0,0,0,0,0,0,0,0,0,0,0,0,0,0,0,0,0,2,0,0,0,0,0,0,0
STMN1,0,0,0,0,0,0,0,0,0,0,0,0,0,0,0,0,0,0,0,0,0,1,0,0,0,0,0,0,2,0,0,0,0,3,0,0,0,1,0,0,1,1,0,0,0,0,0,0,0,0,0,1,0,0,0,0,0,0,0,0,0,0,0,0,0,0,0,0,0,1,0,3,0,0,0,1,0,0,0,0,0,0,0,0,0,0,0,0,0,1,0,0,1,0,0,0,0,0,0,0,0,1,1,0,0,0,0,0,0,0,0,1,0,0,0,0,0,0,0,0,0,0,0,0,0,0,0,0,0,0,0,0,0,0,1,0,1,0,0,0,0,0,0,0,0,0,0,0,0,0,0,0,0,0,0,1,0,0,1,0,0,0,0,0,0,0,0,0,1,1,0,0,0,0,0,0,0,0,0,0,0,1,0,0,0,0,0,1,0,1,0,0,1,1,0,0,0,0,0,0,0,0,0,0,1,0,0,0,0,0,0,0,1,0,0,0,0,0,6,0,0,0,0,1,0,0,0,0,0,0,1,0,0,0,0,0,2,0,0,0,0,0,0,0,1,0,0,0,0,0,0,0,0,0,0,0,0,1,0,0,1,0,0,0,0,0,0,0,0,0,0,0,0,0,1,0,0,0,0,0,0,0,0,0,0,1,0,0,0,0,0,0,0,0,0,1,1,0,0,0,0,0,0,0,0,0,0,0,0,1,1,0,0,0,0,0,0,0,0,1,0,0,2,0,0,0,0,1,0,1,1,0,2,0,0,0,0,0,0,0,0,0,0,1,0,0,0,0,0,0,0,1,1,0,0,0,0,2,0,0,0,0,0,0,5,0,0,0,1,0,0,0,0,0,0,0,0,0,0,0,0,0,0,0,0,0,0,2,0,0,0,0,1,0,0,0,0,0,0,0,0,0,0,0,0,0,0,0,0,0,0,0,0,0,1,0,0,0,0,0,0,0,13,0,0,0,0,0,0,0,0,0,0,0,0,0,0,0,0,0,0,0,1,0,0,0,0,0,0,0,1,0,0,0,0,0,0,1,0,0,1,0,1,0,0,0,0,0,0,0,0,0,0,0,1,0,0,0,0,1,0,1,0,0,0,0,0,0,0,0,1,2,1,0,0,0,0,0,0,0,0,0,1,0,0,0,0,0,0,0,0,0,0,0,0,0,0,0,0,0,0,0,0,0,0,0,0,0,0,0,0,1,0,0,1,0,0,0,0,0,12,0,0,0,0,0,0,0,1,0,0,0,2,0,0,1,0,0,0,0,0,0,0,0,0,1,0,0,0,0,0,1,0,0,0,0,0,0,0,0,0,1,0,0,0,0,0,0,0,0,0,0,0,0,0,0,1,0,0,0,0,0,0,1,0,1,1,0,0,0,0,0,0,0,0,3,0,2,0,0,0,0,0,0,0,0,0,0,0,0,0,1,3,0,0,1,0,0,0,0,0,0,0,0,0,0,2,2,0,0,0,0,0,0,1,0,0,0,1,0,0,0,0,0,0,0,0,0,0,0,0,0,0,3,1,0,0,0,0,0,0,0,0,0,0,0,0,1,0,1,0,0,1,0,0,1,0,0,0,0,0,1,3,1,0,0,0,0,0,1,0,2,0,0,0,1,0,1,0,0,0,0,0,0,0,1,0,0,0,0,1,0,0,0,3,0,0,0,0,0,0,0,1,0,0,1,0,0,0,0,1,0,0,0,0,0,1,0,0,0,0,0,0,0,1,1,0,0,1,0,0,0,0,0,0,0,0,0,0,0,0,1,0,0,0,0,0,0,1,0,0,0,0,0,0,0,0,0,0,0,0,0,0,0,0,0,0,0,0,0,0,0,0,0,0,0,2,0,0,0,0,0,0,0,1,1,0,0,2,0,0,0,1,0,0,0,0,1,0,0,1,0,12,0,0,0,0,0,0,0,0,0,0,0,0,1,0,0,0,0,0,0,0,1,0,0,0,0,0,1,0,0,0,0,0,0,0,1,0,0,0,0,0,0,0,0,0,1,0,0,0,0,0,0,0,0,0,0,0,1,0,1,0,1,0,0,0,1,1,0,0,1,1,0,0,0,1,1,0,0,0,1,0,0,0,0,1,0,0,1,0,0,0,0,0,0,0,0,0,0,1,0,0,0,0,0,0,0,1,0,0,0,0,0,0,0,0,0,1,0,0,0,0,1,0,0,0,0,0,0,1,0,0,0,0,0,0,1,0,1,0,0,0,0,0,0,0,0,0,1,0,0,0,0,0,3,0,0,0,0,0,0,0,0,4,1,0,0,0,0,0,0,0,0,0,0,0,0,0,1,0,1,0,0,0,0,0,0,0,0,0,2,0,2,0,0,1,0,0,0,0,2,0,0,0,1,0,0,0,0,0,0,0,0,0,0,0,0,0,0,0,1,0,0,0,0,0,0,0,0,0,0,0,0,0,2,0,0,0,0,1,0,0,0,0,0,0,0,1,0,0,0,0,0,0,0,0,0,0,0,0,0,0,0,0,2,0,0,0,0,0,0,1,0,0,1,0,0,1,0,0,0,0,0,0,0,0,0,0,0,1,0,1,0,0,0,1,0,0,1,0,0,0,0,0,0,0,0,3,2,0,0,1,1,0,0,0,0,0,0,0,1,0,0,0,0,0,0,0,0,0,0,0,0,1,0,0,1,0,0,1,0,0,1,0,1,1,1,0,0,0,1,0,0,1,0,0,0,2,1,0,0,0,1,0,0,0,0,0,0,0,0,0,0,0,2,0,0,0,0,1,0,0,0,1,0,0,0,0,1,0,1,0,1,0,4,0,1,0,1,0,0,1,1,0,0,0,4,0,0,0,0,0,0,0,1,0,0,2,0,0,0,0,0,0,0,0,0,1,0,0,0,0,0,0,0,0,0,0,0,1,0,0,5,0,0,0,0,0,0,0,0,0,0,0,0,0,0,0,0,1,0,1,0,1,0,0,0,1,0,0,0,0,0,1,1,0,0,0,0,0,0,0,0,0,0,0,0,0,0,1,0,1,0,0,0,0,0,27,0,0,0,0,0,0,0,0,0,0,0,0,0,0,0,0,0,0,5,0,1,0,0,0,0,0,0,0,0,0,0,0,0,0,1,0,0,0,0,0,0,0,0,0,1,1,2,0,0,0,0,0,0,0,0,1,0,0,0,0,0,0,0,0,0,0,0,0,0,0,1,0,0,0,0,0,0,0,0,0,0,0,4,0,0,0,0,1,1,0,0,2,0,1,0,0,0,0,0,0,0,0,0,0,0,0,0,0,0,0,0,0,1,1,0,0,0,0,0,0,1,0,1,0,0,0,0,0,0,0,0,0,0,0,0,0,0,0,0,1,0,0,1,0,0,1,0,0,0,0,0,0,0,0,0,0,0,0,0,0,0,0,1,0,0,0,0,0,0,0,0,0,0,1,0,0,0,0,0,0,0,0,0,0,0,0,1,0,1,0,1,0,1,1,0,0,0
PLP2,1,0,0,0,0,1,2,1,1,0,0,0,2,0,0,1,0,0,1,0,0,0,2,0,0,1,1,0,1,4,1,0,4,8,0,0,1,1,1,0,1,2,0,5,0,0,2,0,0,1,0,2,0,0,0,0,0,0,1,3,3,0,2,1,0,0,1,0,1,0,0,0,1,0,0,1,1,3,1,0,2,1,1,0,0,0,0,3,0,0,6,2,0,1,1,1,1,0,3,5,0,0,0,0,1,1,0,0,2,1,0,0,0,2,0,0,0,0,0,1,0,0,2,0,2,0,1,1,2,0,0,0,0,0,0,0,0,0,0,0,3,0,0,2,4,0,4,0,2,0,0,0,1,1,0,0,0,2,0,2,0,1,1,0,0,0,0,1,1,7,2,0,1,0,0,1,1,2,0,1,0,0,0,0,0,0,0,0,0,1,0,1,0,1,1,1,0,0,0,4,0,0,0,0,0,0,2,4,2,2,0,1,0,0,1,0,0,0,5,0,0,1,6,0,2,0,0,2,0,2,0,2,0,0,1,2,1,0,2,0,1,0,0,0,0,1,0,3,0,1,0,0,0,0,1,0,0,0,1,0,2,0,0,3,0,0,0,0,0,0,0,4,3,0,0,0,0,1,0,0,2,0,0,1,1,0,0,0,1,0,0,0,0,0,0,0,0,0,0,2,0,1,0,0,0,0,1,0,1,0,1,0,0,1,0,1,0,1,1,0,0,0,1,0,0,1,0,1,1,2,0,0,0,0,0,0,0,0,2,0,2,3,1,0,0,1,0,0,0,4,2,1,1,0,0,0,0,1,7,0,0,0,0,2,0,0,6,2,0,1,0,0,0,0,0,5,0,0,1,2,2,0,1,0,0,0,0,0,0,0,0,1,2,0,0,0,0,1,1,0,1,0,0,0,2,3,0,0,0,1,0,3,2,1,2,1,0,1,0,1,0,3,3,0,0,0,0,0,0,0,0,0,0,2,0,0,0,0,0,1,0,1,3,0,0,0,1,0,0,0,0,0,0,1,2,1,1,0,1,1,6,0,0,0,2,0,1,0,0,0,0,1,1,0,0,0,0,3,0,1,0,0,0,1,2,1,0,1,1,1,1,0,0,0,1,1,0,0,1,0,1,0,0,0,0,1,0,2,0,0,1,0,0,1,0,2,1,0,0,0,0,1,0,2,1,0,0,0,4,0,1,1,1,0,1,4,1,1,0,1,0,0,2,0,1,0,2,0,2,0,1,4,0,0,0,1,0,0,1,0,2,0,0,0,1,1,0,2,1,0,0,1,0,4,2,1,0,0,0,1,0,0,0,0,0,1,0,0,0,0,0,1,0,0,0,4,0,0,0,1,0,1,0,0,1,1,2,1,0,0,0,0,0,0,5,0,1,1,0,0,1,0,0,1,0,0,0,0,1,0,0,0,0,1,0,0,1,0,0,0,0,0,0,0,0,1,6,1,0,1,0,1,1,0,1,1,0,0,1,0,1,0,0,0,0,0,1,0,0,1,0,0,0,0,1,0,0,2,0,0,0,2,1,1,1,0,1,1,1,0,0,0,2,1,0,0,0,1,0,2,0,0,5,0,0,0,1,0,1,4,1,1,0,0,0,1,0,3,0,0,1,0,1,1,0,2,0,1,0,0,1,0,1,0,7,0,0,0,0,0,1,0,0,0,0,0,0,0,1,0,2,0,1,0,1,1,0,0,1,0,1,0,0,1,2,2,0,0,1,1,1,0,1,1,0,2,0,0,0,1,2,0,0,0,0,1,0,0,1,0,0,0,0,1,2,1,0,1,0,0,1,1,0,1,0,0,1,0,0,0,0,1,0,0,0,1,0,0,0,0,0,0,3,1,0,1,1,1,0,0,1,0,0,2,1,1,0,0,0,0,0,2,2,0,1,0,0,0,0,1,0,0,0,1,0,1,0,2,0,0,0,0,0,0,0,0,0,0,1,0,3,0,2,1,1,0,0,1,0,1,0,0,0,3,0,0,1,0,0,2,0,0,1,2,1,1,0,0,1,0,0,0,0,4,1,1,0,0,3,2,1,0,3,1,0,0,1,0,0,1,0,3,3,0,5,0,0,0,0,1,0,2,0,1,0,0,0,0,1,0,0,0,0,0,1,2,0,2,0,0,0,0,0,0,0,0,3,2,0,1,2,1,0,0,0,1,0,1,1,1,1,7,1,0,0,1,0,0,4,1,1,0,0,5,1,0,1,0,2,0,2,1,0,0,0,0,0,0,0,0,0,0,6,0,0,0,0,0,0,0,1,0,1,0,0,0,0,0,2,1,0,0,0,0,1,1,2,0,1,0,11,0,0,0,0,0,2,3,0,1,1,0,0,0,1,0,0,0,0,0,0,0,0,0,1,0,0,0,0,1,0,2,0,0,0,0,4,1,0,0,1,1,0,0,0,2,0,0,1,2,3,1,0,0,0,0,2,2,0,1,1,0,0,3,0,0,2,0,0,1,0,0,1,0,0,2,2,0,0,1,0,2,0,0,3,0,0,2,3,0,0,0,2,0,0,1,0,1,0,1,0,1,6,0,0,2,0,2,0,2,0,0,1,0,1,0,0,1,3,1,0,1,1,2,1,0,1,0,0,1,1,2,0,0,3,1,5,0,0,0,0,0,1,2,8,0,1,0,0,1,0,0,0,0,0,0,0,0,1,1,0,0,0,0,0,1,1,0,0,0,1,1,0,0,0,0,1,2,1,0,0,0,1,2,0,0,1,0,0,0,1,5,0,0,3,0,0,2,0,0,0,1,0,1,0,9,1,0,1,1,1,1,0,0,1,0,1,0,0,1,0,1,0,1,1,1,1,0,0,1,1,0,2,2,0,0,1,1,0,0,0,1,1,1,2,0,1,0,0,0,1,0,0,1,0,2,2,0,2,0,0,1,0,0,1,1,0,0,2,0,0,1,1,0,0,1,1,0,0,1,0,0,0,1,1,0,0,0,1,2,0,0,1,1,0,1,1,1,0,2,0,1,0,2,0,0,0,1,0,0,0,0,1,0,0,0,0,2,1,0,1,2,0,0,0,0,6,0,0,0,1,0,1,1,0,4,0,2,1,0,2,2,0,1,4,0,1,0,0,0,0,5,0,0,1,2,2,1,3,6,1,1,2,0,0,0,0,0,0,4,0,1,0,0,1,0,0,2,0,1,0,0,0,0,1,0,2,3,1,0,0,0,0,0,0,0,0,0,0,0,0,0,0,0,0,2,0,1,0,0,0,1,0,0,2,0,0,0,0,0,0,0,0,1,0,3,1,0,0,0,1,0,0,2,0,0,0,0,0,1,0,0,0,2,2,0,1,2,2,5,1,0,0,0,1,1,0,1,1,2,0,4,0,1,0,0,0,4,5,0,1,0,0,0,1,0,0,0,0,3,1,0,0,0,0,0,0,1,1,0,2,0,1,0,0,0,0,0,1,2,0,1,1,0,1,0
SLC7A7,0,0,0,0,0,0,0,0,0,0,0,0,0,0,0,0,0,0,3,0,0,0,1,0,0,0,0,0,0,0,0,0,0,0,0,0,0,0,1,0,0,0,0,0,0,0,0,1,0,0,0,0,2,0,0,0,0,0,0,0,0,0,0,0,0,0,0,0,1,0,0,0,0,0,1,0,0,1,1,0,1,0,0,0,0,0,0,1,0,0,0,0,0,1,0,3,0,0,1,0,0,0,1,0,0,0,0,0,0,0,0,0,0,0,0,0,0,0,1,0,0,0,0,0,0,0,0,0,2,0,0,0,0,0,0,0,0,0,0,0,0,0,0,0,0,0,0,3,0,0,2,0,0,0,0,0,0,1,0,0,0,0,1,1,0,0,1,0,2,2,0,0,0,0,0,0,0,0,1,0,0,0,0,0,2,0,0,0,1,3,1,0,0,0,0,0,0,0,0,0,1,0,1,0,0,0,0,0,0,0,0,0,0,0,0,0,0,0,0,1,0,0,0,0,0,0,0,0,0,0,0,0,1,0,2,0,0,0,0,0,2,0,0,0,0,0,0,0,1,0,0,0,0,0,0,0,0,0,0,0,0,0,0,2,0,0,0,0,0,0,0,1,0,1,0,0,0,1,2,0,1,1,0,0,0,0,0,0,0,0,0,0,2,0,0,0,0,0,1,0,0,0,0,0,0,0,0,0,2,0,0,0,0,0,0,0,0,0,0,0,0,0,1,1,0,0,0,0,0,0,0,0,0,0,1,0,0,0,0,0,3,0,0,0,0,0,0,0,0,2,2,0,0,0,0,4,0,0,0,1,0,1,0,1,0,0,0,0,0,0,0,0,0,0,0,0,0,0,0,2,0,0,1,0,0,1,0,0,0,0,0,6,0,1,0,0,0,0,0,0,0,0,0,0,1,0,0,0,0,0,0,0,0,0,0,2,0,0,0,0,2,0,0,0,1,0,0,0,0,0,0,0,0,0,0,0,0,0,0,1,0,0,0,0,0,2,0,0,0,0,0,0,0,0,2,0,0,0,1,0,0,0,0,0,1,1,1,0,0,0,0,0,0,0,0,0,0,0,0,0,0,0,0,0,1,0,0,0,0,0,0,0,0,0,0,1,0,0,0,0,0,1,0,0,0,0,1,0,0,0,0,0,0,0,0,0,0,0,0,0,0,0,0,1,1,0,0,0,2,1,1,0,0,0,0,2,0,0,0,0,0,0,0,0,0,0,0,0,1,0,0,2,0,0,0,1,0,0,0,0,0,0,0,0,0,0,0,0,0,0,0,0,0,0,0,1,0,0,0,0,0,0,0,1,0,0,0,0,0,0,0,0,0,2,0,1,0,1,0,0,0,1,0,0,0,0,4,0,0,0,0,0,0,0,0,0,0,0,0,3,0,0,0,0,0,0,0,1,0,0,0,0,0,0,1,0,0,0,0,0,0,0,0,0,0,0,0,0,0,0,0,0,0,1,0,0,0,0,0,0,1,0,0,0,0,0,0,0,0,1,0,0,2,0,0,0,0,1,0,0,0,0,0,0,0,0,0,0,0,0,0,0,0,0,0,0,0,0,0,0,0,0,0,0,1,1,0,0,0,0,0,0,0,0,0,0,0,0,0,0,0,0,0,0,0,0,0,0,0,0,0,0,0,0,0,0,1,0,0,0,0,0,0,0,0,0,0,0,0,0,0,0,0,0,0,0,0,0,0,0,0,0,0,0,0,0,0,0,0,0,0,0,0,0,0,0,0,0,1,0,0,0,0,0,1,5,0,0,0,0,0,0,0,0,1,0,0,0,0,0,0,0,0,0,0,0,0,0,0,0,0,1,0,0,0,0,0,0,0,0,0,0,1,0,0,0,0,0,0,0,0,0,0,0,1,0,0,0,0,1,1,2,0,0,0,0,0,0,0,0,0,0,0,0,0,0,1,2,0,0,0,0,0,0,0,0,0,0,0,0,0,0,2,0,0,0,0,0,0,1,0,0,0,0,1,0,0,0,0,0,0,0,0,1,1,0,0,0,1,0,0,0,0,0,0,0,0,0,0,1,0,0,0,0,1,0,1,0,0,0,0,0,0,0,0,3,0,0,2,0,1,0,0,0,0,0,0,3,0,0,0,0,0,0,0,0,0,0,0,0,0,0,0,0,0,0,0,0,0,2,0,0,0,0,3,1,0,0,0,0,0,0,0,0,0,0,0,0,1,0,0,0,0,1,0,0,0,0,0,0,0,0,0,0,0,0,0,0,0,0,0,1,0,0,0,0,0,0,0,0,0,0,0,0,0,0,0,0,0,0,0,0,0,0,0,0,0,1,0,0,0,0,0,0,0,6,0,1,0,0,0,0,0,0,0,0,0,0,0,0,0,0,0,0,0,0,0,0,0,0,0,0,1,3,0,0,1,2,0,2,2,0,0,0,0,0,0,0,0,0,0,1,0,0,0,0,0,0,0,1,2,0,0,0,0,0,0,0,0,0,0,0,2,1,1,0,0,0,0,0,0,0,0,0,0,0,2,0,0,0,0,0,1,0,0,0,0,0,1,0,0,0,0,0,0,0,0,1,0,0,0,0,3,0,0,0,0,0,0,0,1,0,0,1,0,0,0,1,0,0,0,0,0,0,0,0,0,0,0,0,0,0,1,1,0,0,1,0,0,1,0,0,3,0,0,0,0,0,0,0,0,0,0,0,0,0,1,0,0,0,0,0,0,0,0,0,0,3,0,3,0,0,0,3,0,0,2,0,0,0,0,2,0,0,0,0,1,0,0,0,1,1,0,0,0,0,0,0,0,0,0,0,0,0,0,0,0,0,0,0,0,0,2,1,0,0,2,0,0,0,0,0,0,1,0,0,0,0,0,0,0,0,0,0,0,0,0,0,1,2,1,0,1,1,0,0,0,0,0,0,0,0,0,0,0,0,0,0,0,0,2,0,0,0,0,0,0,0,0,0,0,0,0,0,0,0,0,0,0,0,0,0,1,0,0,0,0,0,0,0,0,0,0,0,1,0,0,0,0,0,0,0,0,0,0,0,0,0,0,0,0,0,0,0,2,0,1,0,1,0,0,3,0,0,1,0,0,0,0,0,0,0,0,0,1,0,0,0,0,1,0,0,0,0,1,0,0,0,0,0,6,0,0,0,0,1,0,0,0,0,0,0,0,0,1,1,0,0,0,0,0,0,0,0,0,0,0,0,0,0,0,0,1,1,0,0,0,0,0,0,0,0,0,0,0,0,0,0,0,0,0,0,0,0,0,0,0,0,0,1,0,0,0,0,0,3,0,0,0,0,0,0,0,0,0,0,2,0,0,0,0,0,0,1,0,0,0,0,0,0,0,0,0,0,0,2,0,1,0,0,0,0,0,0,0,0,0,0,2,0,1,2,1,0,1,0,0,0,0,1,0,0,0,0,0,0,0,0,0,0,0,0,0,0,0,0,0,1,0,0,0,0,0,0,0,0
FAM129C,0,0,0,0,0,0,0,0,0,0,0,0,0,0,0,0,0,0,0,0,0,0,0,0,0,0,0,0,0,0,0,0,0,2,0,0,0,0,0,1,0,0,0,0,0,0,0,0,0,0,0,0,0,0,0,0,0,0,0,0,0,0,0,0,0,0,0,0,0,0,0,0,0,0,0,0,0,0,0,0,0,0,0,0,0,0,0,0,0,0,1,0,0,0,0,0,0,1,0,1,0,0,0,0,0,0,0,0,1,0,0,0,0,0,0,0,0,0,0,1,0,0,0,0,0,0,0,0,0,0,0,0,0,0,0,0,2,0,0,0,0,0,0,1,0,0,0,0,0,0,0,0,0,0,0,0,0,0,0,0,0,0,0,0,0,0,0,0,0,0,0,0,0,0,0,0,0,0,0,0,0,0,1,0,0,1,0,0,0,0,0,0,0,0,0,1,0,0,0,0,0,0,0,1,0,0,0,1,0,0,0,0,0,0,0,0,0,0,3,0,0,1,5,1,0,0,0,0,0,0,0,0,0,0,0,0,0,1,0,1,0,0,0,0,0,0,0,0,0,0,0,0,0,0,0,0,0,0,0,0,0,1,0,0,0,0,0,0,0,0,0,1,0,0,1,0,0,0,0,0,0,0,0,0,0,0,0,0,0,0,0,0,0,0,0,0,0,1,0,0,0,0,0,0,0,0,0,0,0,0,0,0,0,0,0,5,0,0,2,0,0,0,0,0,0,0,0,0,0,0,0,0,0,0,0,0,0,0,0,0,0,0,0,0,1,0,0,0,0,0,0,0,0,0,0,0,0,0,0,0,0,0,0,0,0,0,0,0,0,0,0,0,0,0,0,0,0,0,0,0,0,0,0,0,0,0,0,0,0,0,0,0,0,0,0,0,0,0,0,0,0,0,0,0,0,0,0,0,1,0,0,0,0,0,0,0,0,0,0,0,0,0,0,0,0,0,0,0,0,0,0,0,1,0,0,0,0,0,0,0,0,0,0,0,0,0,0,0,0,0,0,0,0,0,0,0,0,0,0,0,0,0,0,0,0,0,0,0,0,0,0,0,0,0,0,0,0,0,0,0,0,0,0,0,0,0,0,0,0,0,0,0,0,0,0,0,0,0,0,0,0,0,0,0,0,0,2,0,0,0,0,0,1,0,0,0,0,0,0,0,0,0,0,0,0,0,0,0,0,0,1,1,0,0,0,0,0,0,0,0,0,0,0,0,0,0,0,0,0,0,0,0,0,0,0,0,0,0,0,0,0,0,0,0,0,0,0,0,0,0,0,0,0,0,0,0,0,0,0,0,0,0,0,0,0,0,0,0,0,0,0,1,0,0,0,1,0,1,0,0,0,0,0,0,0,0,0,0,0,0,1,0,0,0,0,0,0,0,0,0,0,0,0,0,0,0,0,0,0,0,1,0,0,0,0,0,0,0,0,0,0,0,0,0,0,5,0,0,0,0,0,0,0,0,0,0,3,0,0,0,0,1,0,0,0,0,0,0,0,0,0,0,0,0,0,0,0,0,0,0,0,0,0,0,0,0,0,0,0,0,0,1,0,0,0,0,0,0,1,0,0,0,2,0,1,0,0,0,0,0,0,0,1,0,0,0,0,0,0,0,0,0,0,0,0,0,1,0,0,0,0,0,0,0,2,0,0,0,0,0,2,0,0,0,0,0,2,0,0,0,0,0,0,0,1,0,0,0,0,0,0,0,1,0,0,3,0,0,0,0,0,0,0,0,0,0,0,0,0,0,0,0,0,0,0,0,0,0,0,0,0,0,0,0,0,0,0,0,0,0,0,0,0,0,0,0,0,1,0,0,0,0,0,0,0,0,0,0,0,0,0,1,0,1,0,0,0,0,0,0,0,0,3,0,0,0,0,0,0,0,0,0,0,0,0,1,0,0,0,0,0,0,0,0,0,0,0,1,0,1,0,0,0,0,1,0,0,0,0,0,1,0,0,0,0,0,0,0,1,0,0,0,0,0,0,0,3,0,1,0,0,0,0,0,0,0,0,0,0,0,2,0,0,0,0,0,0,0,0,0,0,0,0,0,0,0,2,0,0,1,0,0,0,0,2,0,0,0,0,0,0,1,0,0,1,0,0,0,0,0,0,0,0,0,0,0,1,0,0,0,0,0,0,0,0,0,1,0,0,1,0,0,0,0,0,0,0,0,2,0,0,0,0,0,0,1,0,0,0,0,0,0,0,0,0,0,0,0,0,0,1,0,0,0,0,0,0,0,0,0,0,0,0,0,0,0,0,0,0,0,0,0,0,0,0,0,2,0,0,0,0,1,0,0,0,0,0,0,0,0,0,0,0,0,0,0,0,0,0,0,0,0,1,0,0,0,0,0,0,0,0,0,0,0,0,0,0,0,0,0,0,0,0,0,0,0,0,0,0,0,0,0,0,0,0,1,0,1,0,0,4,0,0,0,0,0,0,0,0,0,0,0,0,0,0,0,0,0,0,0,0,0,0,0,0,0,0,0,3,0,0,0,2,0,0,0,0,0,0,0,0,0,0,0,1,0,0,0,0,0,0,0,0,0,0,0,0,3,0,0,0,0,0,0,0,1,0,0,2,0,0,1,2,0,0,0,0,1,0,0,0,0,0,0,0,0,0,0,0,0,0,0,0,3,0,0,0,0,0,0,0,0,0,0,0,0,0,0,0,0,0,0,0,0,0,0,1,0,0,0,0,0,0,0,0,0,1,0,0,0,1,0,0,0,0,0,0,0,0,0,0,0,0,0,1,0,0,0,0,0,0,0,0,0,0,5,0,0,0,0,0,0,0,0,0,0,0,0,0,0,0,0,0,0,1,0,0,0,0,0,0,0,0,0,0,0,0,0,0,0,0,0,0,0,0,0,0,0,0,0,0,0,0,0,0,0,0,0,0,0,0,0,0,0,0,0,0,0,0,0,0,0,0,0,2,0,0,0,0,0,1,0,0,0,0,0,1,0,0,1,0,0,0,0,0,0,0,1,0,0,0,0,0,0,0,0,0,0,0,1,0,0,0,0,0,0,0,0,0,0,0,0,0,0,0,0,0,0,0,0,0,0,0,0,0,0,0,0,0,0,0,0,0,0,0,0,0,1,0,0,0,0,0,0,2,0,0,0,0,1,0,0,0,0,0,0,0,0,0,0,0,0,0,0,0,0,0,0,0,2,0,0,0,0,0,0,0,0,0,0,0,0,0,0,0,0,0,0,0,0,0,0,1,0,0,0,0,0,0,0,0,0,0,0,0,0,0,0,0,0,0,0,0,0,0,0,0,1,0,0,0,0,0,0,0,0,0,0,0,0,0,0,0,0,0,1,0,0,0,0,0,0,0,0,0,0,0,0,0,0,0,0,0,0,0,0,0,0,0,0,0,0,0,0,0,0,0,1,0,0,2,0,0,0,0,0,0,0,0,0,0,0,0,0,0,0,0,0,0,0,0,0,0,0,0,0
AGTRAP,0,0,0,0,1,0,3,0,0,0,0,0,1,0,0,2,1,0,3,0,1,0,0,1,0,0,0,0,0,0,0,0,0,0,0,0,0,0,0,0,1,0,1,0,0,0,0,1,0,0,0,0,0,0,1,1,1,0,0,0,2,0,0,0,0,0,0,0,1,0,0,0,0,0,0,0,0,1,0,1,0,0,1,0,0,0,0,0,0,0,0,0,0,1,0,1,0,1,0,0,0,0,1,0,0,0,0,0,0,0,0,0,2,0,0,0,0,1,0,0,0,1,1,0,0,0,0,0,0,0,0,0,0,0,0,0,0,0,0,0,0,0,0,0,0,0,1,2,0,1,2,0,0,0,0,0,0,0,0,1,0,0,1,1,0,0,0,0,0,3,0,1,0,0,1,0,0,0,1,0,0,0,0,0,0,0,0,0,1,1,0,2,0,0,0,0,0,0,0,0,0,0,0,0,0,0,0,0,0,0,0,1,0,1,0,1,0,0,0,2,0,0,0,0,0,0,0,0,0,0,0,0,2,0,2,0,0,1,0,0,0,0,0,0,0,0,0,2,0,1,0,0,0,0,0,0,0,0,0,0,0,0,0,1,0,0,0,0,1,0,0,3,0,1,1,0,0,0,2,0,0,0,0,0,1,0,0,1,0,0,0,0,0,0,0,0,0,0,1,0,0,0,0,0,0,0,0,2,0,0,0,0,0,0,0,0,0,0,0,0,0,0,0,0,0,0,0,0,0,0,0,1,0,0,0,0,0,0,1,1,3,1,0,0,0,0,0,0,0,0,0,0,1,0,0,1,0,1,1,0,0,0,0,2,2,0,0,0,0,2,1,0,0,0,0,1,0,0,0,3,0,0,0,0,0,1,0,0,0,0,0,2,0,0,0,0,0,0,1,0,0,0,0,0,3,0,0,0,0,0,0,0,0,0,0,0,0,0,0,0,0,0,1,0,1,0,0,0,0,0,0,1,0,0,0,0,0,0,1,2,0,0,0,0,0,0,0,0,0,0,0,0,0,0,3,1,0,1,1,0,0,0,0,0,1,0,0,0,2,1,0,1,0,0,0,0,2,0,0,0,3,0,1,0,2,0,0,0,0,1,0,0,0,0,0,0,0,0,0,0,0,0,0,0,0,0,0,1,2,0,1,0,0,0,0,0,0,0,0,0,0,0,1,0,1,0,1,0,0,0,0,0,0,0,0,0,0,0,0,0,0,0,0,0,0,0,0,0,0,0,0,0,0,0,1,0,0,2,2,0,0,0,0,0,0,0,0,0,0,0,0,0,0,0,0,2,0,0,0,0,0,1,0,0,0,0,0,0,0,1,0,0,1,0,0,0,0,0,0,0,0,0,0,0,0,1,2,1,0,0,3,0,1,0,1,0,2,1,2,1,0,2,0,0,1,0,0,0,0,0,0,1,1,0,0,1,0,0,0,0,0,0,0,0,0,0,0,0,0,0,0,0,0,0,0,0,1,0,0,2,2,0,0,2,0,0,1,0,0,0,0,0,3,1,2,0,1,0,0,0,0,1,0,0,0,0,0,0,0,0,1,0,0,0,0,0,0,1,0,0,0,0,0,0,0,1,0,0,0,0,0,0,0,0,0,0,0,0,0,0,0,0,0,0,0,0,0,0,0,0,0,1,0,0,0,0,0,0,0,0,0,0,0,2,0,2,0,0,0,0,0,0,0,1,0,0,0,0,1,0,0,0,0,1,2,0,0,0,0,0,0,0,0,0,0,0,1,0,2,1,0,0,0,1,0,0,1,1,0,0,0,0,0,0,1,1,0,0,0,0,0,0,0,0,0,0,0,1,0,1,0,0,0,0,0,0,0,0,1,0,1,0,0,0,0,0,0,0,0,0,0,0,0,1,0,2,0,0,1,0,0,1,0,0,0,0,0,0,1,0,0,0,0,0,0,0,1,3,0,0,0,0,0,0,0,0,0,0,2,0,0,1,0,2,0,1,0,0,0,1,0,0,2,0,0,0,0,0,0,0,0,0,0,0,0,0,0,0,0,0,0,0,0,0,0,0,0,0,0,2,2,0,0,0,0,0,0,0,0,0,0,0,0,0,0,0,0,0,0,1,0,0,0,0,0,0,0,1,0,0,0,0,0,1,0,0,0,1,0,0,0,0,2,0,1,0,0,1,0,0,0,0,0,0,1,1,0,0,0,0,0,0,0,0,0,0,1,1,0,0,0,0,0,0,0,0,0,0,0,0,0,0,0,0,0,0,0,0,0,0,0,1,0,0,0,0,0,0,1,0,1,1,0,0,0,0,0,0,1,0,0,0,0,0,0,0,0,2,1,0,0,2,0,0,0,2,0,2,0,0,0,0,0,0,1,0,0,0,0,1,0,0,0,0,0,0,0,0,0,0,0,0,0,0,0,1,0,0,0,1,0,0,0,0,1,0,0,3,0,0,0,0,0,0,1,1,1,0,0,0,0,0,0,1,0,0,0,0,1,0,0,1,2,2,2,0,0,0,0,0,0,0,0,0,0,0,0,0,0,1,0,0,0,0,0,0,0,0,0,0,0,0,0,1,1,0,0,0,0,0,0,0,0,0,0,0,0,0,0,0,1,0,0,0,0,0,0,0,0,0,0,0,0,0,0,0,0,0,0,4,0,0,0,0,0,0,1,0,0,0,0,0,3,0,1,1,0,0,0,2,0,0,0,0,0,0,0,0,0,0,0,1,0,0,0,1,0,4,0,1,0,0,1,4,0,0,0,0,0,0,0,1,0,0,0,0,2,3,0,0,2,0,0,0,0,0,3,0,0,0,0,0,0,0,0,0,0,0,0,0,2,0,0,2,0,0,1,0,0,0,1,0,0,0,0,0,0,0,0,0,0,0,0,0,0,1,3,0,0,3,0,0,0,0,0,0,1,0,1,1,0,0,0,0,1,0,1,0,0,0,3,0,0,1,0,0,0,0,0,0,0,1,0,1,0,1,0,0,1,0,0,3,0,0,0,0,0,0,0,0,0,1,0,0,0,0,0,0,1,0,0,0,0,0,0,0,0,1,2,1,0,0,0,0,0,0,0,2,1,0,0,0,0,3,0,2,0,0,0,0,1,0,0,0,2,0,0,0,0,0,1,0,0,0,0,0,0,0,1,0,2,0,1,0,0,0,1,0,0,0,0,0,1,0,1,1,0,0,0,0,0,0,0,0,0,0,0,1,0,0,1,2,0,1,0,0,0,0,0,0,0,0,0,0,0,1,1,0,0,1,1,0,0,0,0,0,0,0,1,0,0,0,0,0,0,2,0,0,0,0,0,0,0,0,0,0,1,0,0,0,2,1,0,2,2,0,0,0,0,0,0,0,0,0,0,0,0,0,0,0,0,0,0,0,0,0,0,0,1,0,0,3,0,0,0,0,0,0,0,0,0,0,0,0,0,0,0,0,0,0,0,1,0,0,3,0,0,1,0,0,0,0,0,0,1,0
JAK1,1,0,0,1,1,2,1,2,0,0,1,0,0,0,0,1,1,0,0,1,1,0,1,1,0,0,0,2,0,1,2,0,1,0,1,1,0,0,0,1,0,1,2,1,0,0,0,0,0,1,0,0,0,3,0,0,0,3,0,0,1,0,0,1,0,0,0,0,0,1,0,1,0,2,1,0,2,1,2,0,0,0,1,0,2,0,0,0,1,0,1,1,4,0,2,1,0,0,0,1,1,0,0,0,2,0,0,4,0,1,2,0,0,0,0,1,1,0,0,0,0,0,2,0,0,0,0,1,0,1,0,0,2,0,0,1,1,1,0,2,1,0,1,0,2,0,1,0,4,1,0,4,1,0,0,0,0,0,0,2,0,1,0,1,5,0,0,1,1,5,1,0,3,1,0,0,0,0,1,0,0,0,0,0,0,3,0,0,2,0,0,0,0,0,1,1,0,3,0,1,0,0,1,1,0,0,0,1,1,1,1,0,2,1,2,0,2,1,1,0,0,0,2,1,4,1,1,1,0,0,0,0,2,1,0,1,0,1,0,1,0,0,0,1,0,0,0,0,1,0,0,0,0,1,0,1,0,0,0,0,0,0,1,0,0,4,0,0,1,1,4,1,0,0,0,3,0,1,0,1,0,1,0,2,0,2,1,0,1,1,2,0,0,1,0,0,0,1,1,1,3,0,0,1,0,0,1,1,1,1,0,1,4,1,0,1,1,0,0,4,0,4,0,0,1,0,1,0,1,1,1,0,0,0,1,2,4,0,0,0,0,0,0,0,0,2,1,1,2,0,0,0,3,0,0,0,0,3,1,0,2,0,0,0,0,0,3,1,0,0,0,0,6,0,1,3,1,1,0,0,1,0,0,2,2,1,1,0,0,1,1,1,1,1,0,0,3,2,2,0,0,1,0,0,1,1,2,0,3,2,0,1,0,0,0,2,0,0,0,0,0,1,0,5,0,0,1,0,0,0,0,0,1,1,2,1,0,0,0,2,2,0,1,2,2,3,1,0,1,0,0,0,0,2,0,0,0,2,2,2,0,1,1,0,3,0,0,1,0,1,0,1,2,1,0,0,1,1,0,0,3,0,1,0,0,1,1,2,0,0,0,1,0,0,1,0,1,1,0,3,0,0,1,0,0,0,2,3,0,1,3,0,1,1,0,0,1,1,1,0,0,1,0,0,1,0,0,1,0,1,0,1,0,1,0,0,4,1,0,0,1,1,0,1,5,2,0,0,3,1,3,1,0,0,0,0,0,0,1,2,0,2,1,0,0,2,1,1,1,1,1,1,0,0,0,2,0,1,0,0,0,1,0,0,1,3,1,0,0,0,0,0,3,0,1,0,0,0,0,0,1,0,0,3,1,7,0,0,0,0,2,1,1,4,1,1,1,1,0,0,0,1,4,0,1,1,1,1,0,2,1,1,0,4,0,1,1,0,2,0,1,0,5,1,1,1,1,2,0,0,0,1,1,0,1,2,2,0,0,0,0,0,0,0,0,0,0,0,2,0,0,0,0,0,5,2,0,1,0,3,1,3,2,2,1,0,1,0,0,0,0,0,1,0,1,0,1,1,1,1,0,4,2,0,0,0,0,1,4,4,0,0,0,2,2,0,1,1,2,0,1,1,2,1,0,1,0,1,2,1,0,1,0,0,0,0,0,1,1,2,0,1,0,0,2,0,0,4,0,1,0,3,1,1,0,1,0,0,0,2,0,1,0,2,1,1,1,1,0,0,1,1,0,0,0,2,0,0,2,0,0,0,0,2,0,1,1,0,0,1,0,4,1,0,1,2,1,1,1,0,3,0,0,0,2,0,2,0,1,0,4,0,0,0,1,0,0,0,2,0,3,0,1,1,0,0,0,0,1,0,1,0,0,0,1,1,0,2,0,0,1,1,3,0,0,0,0,0,1,2,0,0,0,1,0,1,0,1,1,1,1,2,1,1,0,0,3,0,0,0,0,0,0,2,0,1,1,1,0,0,0,0,0,1,0,0,3,0,0,1,1,0,4,0,2,4,1,0,0,0,2,1,1,0,0,0,0,0,1,0,0,1,1,0,0,0,1,1,1,0,0,1,0,1,1,1,0,4,2,2,0,0,1,0,0,0,0,2,1,0,1,1,2,0,1,1,0,0,0,1,0,1,0,1,1,0,0,2,3,1,2,0,0,4,0,0,1,1,2,0,0,3,0,0,1,0,0,1,0,2,2,1,1,4,1,1,0,1,1,0,0,0,0,1,0,0,1,1,0,0,2,0,1,0,0,1,1,1,0,1,0,0,0,0,0,0,1,2,0,0,0,1,0,1,1,1,1,0,0,2,8,2,1,0,0,0,0,2,0,0,1,0,0,3,0,0,1,2,3,0,0,2,2,2,3,1,0,0,1,2,2,1,2,2,0,1,0,0,2,0,0,1,4,1,0,1,0,2,0,1,0,0,1,2,2,2,2,0,1,1,0,1,0,0,2,0,0,0,1,0,0,1,3,0,0,1,3,1,1,0,4,0,0,1,0,3,1,0,1,0,0,0,1,1,0,2,3,2,2,0,1,0,2,3,2,1,1,2,1,1,2,0,1,2,2,1,0,0,2,0,0,0,1,5,1,0,0,0,1,1,1,2,0,0,0,1,0,1,1,0,1,0,1,2,3,2,1,0,1,0,2,2,1,1,1,1,0,1,0,0,0,1,0,0,0,0,0,3,2,1,0,2,0,2,1,0,3,0,3,0,0,0,2,2,0,1,2,0,0,1,0,0,1,0,0,1,1,0,0,1,0,0,0,1,0,2,0,0,3,0,2,0,0,1,3,0,1,1,0,1,0,1,1,1,0,1,1,1,1,0,0,2,3,0,1,0,0,4,1,0,0,0,0,0,0,0,0,0,1,0,0,0,0,3,0,0,2,0,0,0,1,0,0,1,3,1,7,1,0,1,0,0,1,1,1,1,0,1,1,1,1,1,0,2,0,1,0,0,2,0,1,0,0,0,1,1,1,0,0,1,0,0,1,0,0,1,1,0,3,0,1,0,0,0,0,2,3,0,0,0,0,4,2,2,2,0,2,0,0,0,2,2,0,1,0,1,1,1,0,0,1,0,0,0,0,1,2,0,0,0,3,0,1,0,1,2,0,1,1,1,1,1,2,0,2,0,0,0,0,2,1,1,2,1,1,1,4,2,0,1,2,1,0,1,0,0,0,1,0,1,0,1,1,2,2,0,2,2,2,0,0,3,0,0,1,1,1,0,1,0,2,0,0,0,0,0,2,1,1,0,0,1,2,0,1,0,0,0,1,3,0,4,1,0,0,0,2,0,2,1,0,0,2,0,2,0,2,1,1,1,2,0,0,0,0,0,1,0,0,0,1,0,0,1,2,1,0,0,0,1,0,0,0,2,2,1,0,0,1,0,0,1,1,1,0,0,1,0,0,0,0,1,1,1,0,1,0,1,2,1,0,1,3,2,2,1
PCSK7,0,1,1,0,1,0,1,3,3,0,1,0,0,1,0,0,0,2,0,0,2,0,0,0,0,4,0,1,1,0,0,0,0,1,0,2,2,0,0,0,0,0,0,1,0,0,0,0,0,0,0,1,1,0,1,1,0,1,0,0,0,1,1,1,0,0,0,0,1,3,0,0,0,0,0,1,1,0,0,1,1,0,0,0,1,1,0,0,1,0,0,0,2,0,1,1,0,0,1,2,1,0,0,0,2,0,0,0,0,0,1,0,0,0,1,0,1,1,1,0,0,0,0,0,0,0,0,0,0,1,0,0,0,1,0,0,0,0,0,1,0,2,0,0,1,3,0,0,0,0,1,0,0,2,1,2,2,0,0,0,0,0,0,0,1,0,0,2,1,0,1,0,0,0,0,0,0,1,0,1,0,1,1,0,0,2,1,0,0,0,0,0,0,0,1,1,0,0,0,0,0,2,0,0,1,2,0,2,0,1,0,1,0,1,0,0,4,1,3,1,0,0,1,0,0,3,0,0,0,2,0,0,0,0,0,1,0,0,0,0,0,0,0,0,1,0,1,0,1,0,0,0,0,0,1,2,1,1,1,1,1,1,0,0,1,1,0,1,1,1,0,1,0,0,0,2,0,1,1,0,0,0,0,0,0,1,2,0,0,1,0,0,0,0,2,1,0,0,0,2,1,2,0,1,0,2,1,1,0,3,0,0,0,2,2,1,1,1,0,2,2,2,0,1,1,0,0,1,0,0,0,1,1,0,0,0,0,0,1,0,2,2,1,2,0,1,0,0,0,0,0,1,0,1,0,0,0,3,0,0,1,1,3,0,0,0,0,1,0,4,0,1,0,0,2,1,0,3,1,0,0,0,2,1,1,0,2,0,0,1,1,1,0,0,0,0,0,0,0,0,0,0,0,0,0,1,0,2,3,4,1,1,1,0,1,1,0,1,0,0,1,1,0,1,0,1,0,0,0,0,1,1,0,0,0,0,0,0,2,0,1,1,0,1,1,0,0,0,2,0,2,2,1,1,0,0,0,1,0,1,1,1,0,0,0,2,0,0,0,0,0,1,1,0,1,0,0,1,0,1,0,1,2,1,0,1,1,3,3,0,0,1,1,0,2,0,2,1,0,1,0,0,0,1,2,0,1,0,1,2,0,0,1,0,0,0,1,0,0,0,0,0,1,0,0,1,0,0,0,0,0,4,0,0,1,0,0,3,2,1,1,0,0,0,1,0,0,0,1,0,0,1,0,0,1,0,0,1,0,1,1,0,0,0,1,0,0,0,1,1,3,1,1,3,1,0,1,0,0,0,0,1,2,0,1,0,0,0,0,0,1,1,1,0,0,0,1,1,0,0,0,0,0,1,1,0,0,1,3,0,2,0,1,1,3,1,0,1,1,0,2,1,1,0,0,2,1,1,2,3,0,2,0,0,0,0,0,0,0,1,0,0,1,0,1,1,1,1,1,1,1,1,0,0,0,0,1,0,0,0,0,0,0,1,0,0,1,1,0,0,0,0,0,0,0,1,0,0,0,1,0,0,1,0,0,0,0,2,0,1,1,0,2,2,1,0,1,2,0,0,1,2,0,0,0,1,0,0,0,1,1,1,0,0,0,0,0,0,0,0,0,0,0,1,0,2,0,1,0,1,1,0,2,1,1,0,0,1,1,1,0,1,0,0,0,0,1,0,2,0,0,1,2,0,0,0,0,0,1,0,0,0,0,0,0,4,1,2,0,0,1,1,0,0,1,0,0,0,0,0,0,1,1,1,3,0,0,0,0,0,1,1,1,0,0,2,2,1,0,2,0,2,0,0,1,0,1,0,0,0,1,0,1,0,0,0,0,0,3,3,2,0,1,0,0,4,0,0,0,0,1,0,2,0,0,0,1,0,1,0,0,1,1,0,0,0,0,3,1,1,1,0,3,0,0,0,0,0,0,0,2,4,0,1,1,1,1,0,1,2,2,0,0,0,2,1,1,0,0,0,0,1,0,0,1,0,5,0,0,0,1,0,0,0,0,0,0,2,0,0,0,1,0,0,1,0,0,0,0,0,2,0,0,0,0,0,1,0,0,1,0,0,0,0,0,0,1,2,0,2,0,0,0,4,1,0,0,0,0,0,0,1,0,0,1,1,1,0,0,0,0,1,0,0,1,1,2,0,0,0,1,1,0,0,1,0,1,0,2,0,3,1,0,1,0,2,1,0,0,0,1,1,0,0,1,1,2,0,0,2,0,1,0,0,1,0,1,2,0,0,0,1,1,0,1,0,0,0,0,3,0,0,0,1,0,0,1,1,0,0,0,0,0,2,1,2,0,0,0,0,0,0,0,1,0,1,1,3,0,2,0,2,1,1,2,1,1,2,0,1,1,0,3,0,0,0,1,1,0,1,0,0,1,0,1,0,0,0,0,0,2,1,2,0,1,0,0,2,0,1,0,0,0,0,0,0,0,3,1,0,0,0,0,0,0,0,1,0,0,1,0,2,1,0,0,0,0,0,1,0,1,1,1,1,0,1,0,0,1,0,0,1,0,2,0,0,1,0,0,0,0,0,0,0,1,0,0,1,1,2,0,0,0,0,0,0,0,3,1,0,1,1,0,3,0,1,0,0,0,0,1,1,0,0,0,0,0,0,0,1,0,0,0,1,0,0,0,0,0,0,1,0,1,0,2,3,3,0,0,0,1,0,0,0,1,1,0,0,0,1,0,1,0,0,0,0,0,1,0,3,0,1,0,0,0,1,0,1,0,1,0,0,0,0,1,0,0,1,0,0,0,0,0,0,1,1,0,0,2,0,1,3,0,0,0,0,1,0,1,0,1,0,0,1,0,0,0,0,2,0,0,1,0,0,0,0,0,0,1,0,0,0,0,2,0,0,0,2,0,0,0,1,1,1,1,1,3,0,1,1,0,0,0,0,0,2,0,0,1,1,0,1,0,0,0,0,0,1,0,0,1,0,0,0,4,0,0,1,0,1,0,0,0,0,1,0,1,1,0,1,2,0,0,0,1,0,0,0,1,0,0,1,1,0,0,1,2,0,0,1,3,0,3,1,0,0,0,0,0,1,0,1,0,0,0,1,2,1,0,1,0,0,0,0,0,1,0,0,2,0,0,0,0,0,1,0,0,0,1,0,1,0,0,1,1,0,1,0,0,1,0,1,0,0,1,0,0,0,0,0,0,0,2,1,0,1,1,0,0,1,1,1,0,0,0,0,0,1,0,0,1,0,0,1,0,0,0,0,1,0,1,0,0,3,0,0,1,1,0,0,2,0,2,2,0,0,0,1,0,2,0,0,1,1,3,0,0,0,0,1,0,1,0,0,0,0,0,0,2,0,1,2,0,2,3,0,0,0,0,2,0,1,0,0,1,0,0,4,1,0,1,0,1,0,0,1,0,0,1,0,0,0,2,0,0,2,0,0,0,1,0,0,0,1,0,0,0,0,4,2,0,2,1,0,1,0
RPS21,19,2,8,2,4,9,7,13,16,1,6,15,11,9,14,12,5,7,5,9,5,9,6,2,2,4,12,9,12,30,16,17,30,9,2,2,11,12,13,15,15,18,7,16,12,8,12,5,15,13,5,17,3,18,8,4,4,20,20,8,18,15,12,2,12,17,7,0,5,16,2,32,11,4,4,3,5,12,2,7,9,9,5,3,3,10,12,18,8,11,11,8,13,6,10,8,4,11,4,25,7,18,4,23,9,4,3,4,8,11,6,19,1,13,7,30,12,19,3,10,5,2,14,5,23,22,7,5,5,12,6,14,5,6,3,9,7,8,1,5,11,8,9,26,22,3,8,7,35,4,8,3,11,10,9,12,5,5,4,2,5,13,4,8,1,12,13,11,4,20,13,5,16,9,6,4,11,3,3,19,9,10,18,8,4,19,22,16,6,4,12,20,10,14,16,10,7,1,0,30,3,10,7,13,15,4,5,17,18,14,10,5,3,1,7,8,15,8,13,7,5,5,9,6,35,1,8,4,24,5,13,7,10,13,8,2,6,11,10,6,7,6,9,2,11,7,10,9,14,5,9,2,4,8,11,16,12,10,9,5,9,4,9,8,13,11,9,8,21,18,4,18,5,3,8,6,5,14,8,9,4,2,17,8,17,10,20,14,10,10,10,15,6,8,10,3,6,8,6,7,20,6,6,15,7,6,13,3,6,16,7,2,11,14,14,6,10,28,18,13,5,2,6,0,12,8,5,18,8,14,10,7,19,2,6,6,8,3,21,6,11,14,10,21,8,10,11,10,14,7,10,12,17,15,2,5,7,29,16,0,8,7,4,3,6,10,50,10,18,19,6,1,4,9,4,31,11,16,9,12,2,4,13,6,9,0,16,15,5,3,22,23,10,8,11,6,13,15,4,5,8,21,4,11,4,14,6,6,16,13,16,18,5,9,17,8,4,11,10,16,12,14,16,1,12,7,7,14,8,5,2,18,12,5,10,7,3,8,11,14,3,15,25,9,13,10,8,12,9,2,4,9,4,11,12,13,7,17,11,21,6,13,20,4,12,8,8,6,3,2,2,7,4,17,13,4,3,4,10,6,5,11,6,9,4,16,10,13,26,3,12,12,9,9,11,7,21,11,4,3,5,4,12,2,12,14,9,24,4,9,0,2,11,9,1,15,4,10,6,0,9,12,19,3,6,5,15,8,7,31,5,29,7,5,12,7,10,20,13,14,51,7,11,3,11,12,12,8,27,7,16,25,2,4,6,8,14,12,12,3,5,17,11,4,10,19,4,12,8,11,9,3,17,10,17,8,10,9,4,15,4,6,13,3,13,11,14,6,7,1,4,10,4,10,21,14,12,6,7,11,9,11,2,2,22,19,12,12,10,9,6,11,5,11,24,13,12,8,5,13,16,13,11,5,12,2,11,6,9,19,13,13,7,4,2,11,8,15,11,18,5,1,11,20,4,6,12,8,13,3,1,6,3,1,1,6,9,7,5,13,5,17,6,0,12,8,2,3,14,15,7,15,2,7,14,12,2,6,12,5,2,24,13,13,3,15,14,10,5,5,8,7,9,5,17,7,7,10,7,2,3,13,6,6,8,6,13,5,4,41,5,12,5,11,5,15,7,11,6,13,19,6,13,15,9,9,6,10,1,9,11,5,9,10,18,15,7,21,6,10,4,10,14,4,11,2,4,8,12,7,6,20,7,25,8,11,11,9,12,15,7,2,6,13,8,10,9,3,12,8,13,7,16,7,4,4,6,5,1,13,5,3,10,16,6,4,4,9,19,9,8,11,5,0,16,9,10,16,1,9,13,5,7,4,14,10,5,8,10,10,11,3,10,3,9,14,12,2,9,3,3,2,15,14,9,14,16,8,2,2,13,2,6,4,10,12,4,11,11,21,2,14,12,5,19,20,11,18,7,11,5,2,2,12,8,3,7,10,15,9,16,15,15,6,15,1,15,1,6,5,22,3,8,6,8,7,2,15,6,10,9,8,9,10,7,7,10,8,9,18,14,10,4,5,2,8,28,16,13,4,12,12,9,24,12,7,9,11,25,3,6,2,10,6,5,15,6,2,11,13,1,25,9,9,10,15,3,14,6,26,4,26,9,10,9,11,7,14,9,5,8,11,13,15,9,13,7,2,18,10,1,17,9,7,10,4,22,12,9,5,10,1,5,0,3,8,12,6,27,3,15,40,4,10,13,6,17,8,5,19,4,6,9,21,16,11,12,13,9,10,18,15,6,4,9,13,4,11,6,9,7,4,19,3,11,5,9,15,1,10,13,11,8,15,10,7,11,10,11,15,8,4,5,12,9,5,8,6,11,11,15,44,13,11,9,7,7,16,5,12,15,11,7,4,9,9,5,7,11,2,8,4,19,9,11,17,5,6,21,10,12,9,7,6,4,13,5,1,8,6,10,22,2,10,8,12,15,6,8,9,9,1,10,9,4,7,2,13,14,7,3,18,9,27,9,2,8,12,2,13,16,6,11,6,5,15,2,13,11,4,6,11,9,17,4,11,4,9,10,16,13,9,7,7,10,16,3,13,5,18,5,2,6,5,2,5,3,26,6,7,11,14,6,4,7,10,1,10,13,6,4,12,9,17,8,9,7,5,11,7,22,15,3,6,6,8,13,15,2,3,20,10,10,26,11,4,2,11,10,27,13,11,11,20,5,14,12,12,0,8,17,19,4,7,13,14,5,3,6,12,8,12,15,17,2,8,6,12,11,7,2,18,3,7,14,5,11,13,10,4,9,11,14,21,11,20,5,4,10,12,5,8,6,3,10,19,10,8,9,9,5,16,8,9,13,4,4,21,12,9,12,14,4,6,10,15,6,8,18,8,17,13,8,4,7,7,7,4,6,8,9,3,4,6,12,7,10,10,5,2,8,20,19,12,15,5,15,10,3,7,12,6,11,8,0,11,4,15,4,8,10,9,6,4,7,18,4,15,14,10,11,10,14,3,14,8,9,9,2,12,6,10,1,5,12,9,9,19,14,11,7,7,8,5,0,12,14,7,35,16,3,12,18,1,8,6,6,18,11,3,7,35,4,5,1,7,17,6,5,8,7,13,7,5,1,9,7,21,7,20,2,4,9,15,20,14,8,4,6,10,4,14,2,11,6,9,12,13,13,11,23,17,12,8,25,6,2,4,8,22,15,5,4,9,9,5,3,8,6,9,9,10,12,4,2,9,8,28,10,12,4,6,6,6,8,10,9,13,5,22,11,7,10,18,12,7,10,9,14,6,16,10,2,15,2,11,6,9,4,1,12,21,22,6,6,2,8,28,7,9,10,3,7,11,15,3,9,1,12,16,12,10,7,4,20,4,16,12,9,12,16,7,5,5,16,7,8,9,2,7,3,10,14,4,6,2,8,25,10,8,9,10,0,10,2,13,6,2,10,1,12,5,8,6,10,10,14,11,4,7,10,4,6,5,10,8,2,20,8,9,7,22,16,1,12,8
TTC38,0,1,0,1,0,0,1,0,0,0,0,0,0,0,0,0,0,0,0,0,0,0,0,0,0,1,0,0,0,0,0,0,0,0,1,1,0,0,0,0,0,0,0,0,0,0,0,0,0,0,0,0,0,0,0,0,0,0,0,0,0,0,0,0,0,0,0,0,0,0,0,0,0,0,0,0,0,0,0,0,0,0,0,0,2,0,1,0,0,0,0,0,0,0,0,0,0,0,0,1,0,0,0,0,0,0,0,2,0,0,0,0,0,0,0,0,0,0,0,0,0,0,0,0,0,0,0,0,0,0,0,0,0,0,0,0,0,0,0,0,0,0,0,0,0,2,0,0,0,1,0,1,0,0,0,0,0,0,0,0,0,0,0,0,1,0,0,0,0,0,1,0,0,0,1,0,0,0,0,0,0,0,0,0,0,0,0,0,0,0,0,0,0,0,0,0,0,0,0,0,0,0,0,0,0,0,0,0,1,0,0,0,1,1,0,0,0,0,0,0,0,0,0,0,0,1,0,0,0,0,0,0,0,0,1,0,0,0,0,0,0,0,0,0,0,0,0,0,0,0,0,0,0,0,0,0,0,0,0,0,0,0,0,0,0,0,0,0,0,0,2,0,0,0,0,2,0,0,0,0,0,0,0,0,0,0,0,0,0,0,0,0,0,0,0,0,0,0,0,0,0,0,0,0,0,0,0,0,0,0,0,0,0,0,0,0,0,0,0,0,0,1,0,0,1,0,0,0,0,0,0,0,0,0,0,0,0,0,0,0,0,0,0,0,0,0,0,0,0,0,0,0,0,0,1,0,0,0,0,0,0,0,0,0,2,0,0,0,0,0,0,0,1,0,0,0,0,0,0,0,0,0,0,0,0,0,0,0,0,2,0,0,0,1,0,0,0,0,0,0,0,0,0,0,0,0,0,0,0,0,0,0,0,0,0,0,0,0,0,0,0,0,0,1,0,0,0,0,0,0,0,0,0,0,0,0,0,0,0,0,2,0,0,0,0,0,1,0,0,0,0,0,0,0,0,0,0,0,0,0,0,0,0,0,0,0,0,0,0,0,0,0,0,0,0,0,0,0,0,0,0,0,0,0,1,0,0,0,0,0,0,0,0,0,0,0,0,0,0,0,0,0,0,0,0,0,0,0,1,0,0,1,0,0,0,1,1,0,0,0,0,0,0,0,0,0,0,0,0,0,0,0,1,0,0,0,1,0,0,0,0,0,0,5,0,0,0,0,0,0,0,0,0,0,0,0,0,0,0,2,0,0,0,0,0,0,0,0,0,0,0,2,0,0,0,0,0,0,0,0,0,1,0,0,0,0,0,0,0,0,0,0,0,0,0,0,0,0,0,0,0,0,0,1,0,0,0,0,0,0,0,0,2,0,0,0,0,1,0,0,0,0,0,0,1,1,0,0,0,0,0,0,0,0,0,0,0,0,0,0,0,0,0,0,0,0,0,0,0,0,1,0,0,0,0,0,0,0,0,0,0,0,0,1,0,0,0,0,0,0,0,0,0,0,2,0,0,0,0,0,2,0,0,0,0,0,0,0,0,0,0,0,0,0,0,0,0,1,0,0,0,0,0,1,0,0,0,0,0,0,0,0,0,0,0,0,0,0,0,0,0,0,0,1,0,0,0,0,0,0,0,0,0,0,0,0,0,0,1,0,0,0,0,0,0,2,0,0,0,0,0,0,0,0,0,0,0,0,0,0,0,0,0,0,0,0,0,0,0,0,0,0,0,0,0,0,1,0,0,0,0,0,0,0,0,0,1,0,0,0,0,0,0,0,0,0,0,0,0,0,0,0,0,0,0,0,0,0,0,0,0,0,0,0,0,0,0,0,0,2,0,0,0,0,0,0,0,0,0,0,0,1,0,0,0,0,0,0,0,0,0,0,0,0,0,0,1,0,0,0,0,0,0,0,0,0,0,0,0,0,0,0,0,0,0,0,0,0,0,0,0,0,0,0,0,0,1,0,0,0,0,0,0,0,0,0,0,0,0,1,0,0,0,0,0,0,0,0,0,0,0,0,0,0,0,0,0,0,0,0,0,0,0,0,0,0,0,0,0,0,0,0,0,1,0,0,0,0,0,0,0,0,0,0,0,1,0,0,0,2,0,0,0,0,0,1,0,0,0,0,0,0,0,0,0,0,0,0,0,0,0,0,0,0,0,0,0,0,0,0,0,0,0,0,0,0,0,0,0,0,0,0,0,0,0,0,0,0,0,0,0,0,0,1,0,0,0,0,0,0,0,0,0,0,0,0,0,0,0,0,0,0,0,0,0,0,0,0,0,0,0,0,0,0,0,0,0,0,0,0,0,0,0,0,0,0,0,0,0,0,0,0,0,1,0,0,0,0,0,0,0,0,0,0,0,0,0,0,0,0,0,0,0,0,0,0,0,0,0,0,1,0,1,0,0,0,0,0,0,0,0,0,0,0,2,0,0,0,0,0,0,0,0,0,0,0,0,0,0,0,0,0,0,0,0,0,0,0,0,0,0,0,0,0,0,0,0,0,0,0,0,0,0,0,0,0,0,0,0,0,0,0,0,0,2,0,0,0,0,0,0,0,0,1,0,0,0,0,0,0,0,0,0,0,0,0,0,0,0,0,0,0,0,0,0,0,0,0,0,4,0,0,0,0,0,1,0,0,0,0,0,0,0,0,0,0,0,0,0,0,0,0,0,0,0,0,0,1,0,0,0,0,0,0,0,0,0,0,0,0,0,0,0,0,0,0,0,0,0,0,0,0,0,0,0,0,0,0,0,0,0,0,0,0,0,0,1,0,0,0,0,0,0,0,0,0,0,0,0,0,0,0,0,0,0,0,0,0,0,0,0,0,0,0,0,0,0,0,0,0,0,0,0,0,0,0,1,0,0,0,0,0,0,0,0,0,0,0,0,0,0,0,0,0,0,0,1,0,0,0,0,0,0,0,0,0,0,0,0,0,0,0,0,0,0,0,0,0,1,0,0,0,0,0,0,0,0,0,0,0,0,0,0,0,0,0,0,0,1,0,0,0,0,0,0,0,2,0,0,0,0,0,0,0,0,0,0,2,0,0,0,0,0,0,0,0,0,0,0,0,0,0,0,0,0,0,0,0,0,0,1,0,0,0,0,0,0,0,0,0,0,0,0,0,0,0,0,0,0,0,0,0,2,0,1,0,1,0,0,0,0,0,0,0,0,0,0,0,0,0,0,1,0,0,0,0,0,0,0,0,0,0,0,0,0,0,0,0,0,0,0,0,0,0,0,0,0,0,1,0,0,0,0,0,0,0,0,0,0,0,0,0,0,0,0,0,0,0,0,0,0,0,0,1,1,0,0,0,0,0,0,0,1,0,0,0,0,0,0,0,0,0,0,0,0,0,0,0,0,0,0,0,0,0,0,0,0,0,0,0,0,0,0,0,0,0,0,0,0,0,0,0,0,0,0,0,0,0,0,0,0,0,0,0,0,0
EGR1,0,0,0,0,0,0,1,0,1,0,0,0,0,0,1,0,0,0,0,0,0,0,0,0,0,0,0,0,0,0,0,0,0,0,0,0,0,0,0,0,0,0,0,0,0,0,0,0,1,0,3,0,0,0,0,0,0,0,0,0,0,0,0,0,0,0,0,0,0,1,0,2,0,0,0,0,0,0,0,0,0,0,0,0,0,0,2,0,0,0,0,0,0,0,0,0,0,0,0,0,0,0,0,0,0,0,0,0,0,0,0,0,0,0,0,0,0,0,0,0,0,1,0,0,0,0,0,0,0,0,0,0,0,0,0,0,0,0,0,0,1,0,0,0,0,0,0,0,0,0,0,0,0,1,0,0,0,0,0,0,0,0,0,0,0,0,0,0,0,1,0,0,0,0,1,0,0,0,0,0,0,0,2,0,0,0,1,0,0,0,0,0,0,0,0,0,0,0,0,0,0,0,0,0,0,0,0,0,0,0,0,0,0,0,0,0,0,0,0,0,0,0,0,0,0,0,0,0,0,0,0,0,0,0,0,0,0,0,0,0,0,0,0,0,0,0,0,1,0,0,0,0,0,1,1,1,0,0,0,0,0,2,0,0,0,0,0,0,0,0,0,0,1,0,0,0,0,0,0,0,0,0,0,0,1,0,0,0,0,0,0,0,0,0,0,0,0,0,0,0,0,0,0,0,0,0,0,0,0,1,0,0,0,0,0,0,0,0,0,0,0,1,0,0,0,0,0,0,0,0,0,0,0,0,0,0,0,1,0,0,0,0,0,0,0,0,0,0,0,0,0,0,0,0,0,0,0,0,0,0,0,0,0,0,0,0,2,0,0,0,0,0,0,0,0,0,1,0,0,0,0,0,0,0,0,0,1,0,0,0,0,0,0,0,0,0,0,0,0,0,0,2,0,0,0,0,0,0,0,4,0,0,0,0,0,0,0,1,0,0,0,0,0,0,0,0,0,0,0,0,0,0,0,0,0,0,0,0,0,0,0,0,0,0,1,0,0,0,0,0,0,0,0,0,0,0,0,0,0,0,0,0,0,0,0,0,1,1,0,0,0,0,0,0,0,0,0,0,0,0,0,0,0,0,0,0,0,0,0,0,0,0,0,0,0,1,0,0,0,0,1,0,0,0,0,0,0,0,0,0,1,0,0,0,0,0,0,0,0,0,0,0,0,0,0,0,0,0,0,0,0,0,0,0,0,0,0,0,0,0,8,0,0,0,0,0,0,0,0,0,0,0,0,0,0,0,0,0,0,0,0,0,0,0,0,0,0,0,1,0,0,0,0,0,0,0,0,0,0,0,0,0,0,0,1,0,0,0,0,0,0,0,0,0,2,0,0,0,0,0,0,0,4,0,0,2,0,0,0,0,0,0,0,1,0,0,0,0,0,0,0,0,0,0,0,0,0,0,0,0,0,0,0,0,0,0,0,0,0,0,0,2,1,0,0,0,0,0,0,0,0,0,0,0,0,0,0,0,0,0,0,6,0,0,0,0,0,0,0,0,0,0,0,0,0,0,0,0,0,0,0,0,1,0,0,0,0,0,1,0,0,0,0,0,0,0,0,0,0,0,0,0,0,0,0,0,0,0,0,1,0,0,1,0,0,0,0,1,0,0,0,0,0,0,0,0,0,0,0,0,0,0,0,0,0,4,2,0,0,0,0,0,0,0,0,0,0,0,0,0,1,0,0,0,1,0,2,1,0,0,0,0,0,0,0,0,0,0,0,0,0,0,0,0,0,0,1,0,0,0,0,0,0,0,0,0,0,0,1,0,0,1,0,0,0,0,0,0,0,0,3,0,0,0,0,0,0,0,0,0,1,0,0,0,0,0,0,0,0,0,0,0,0,0,0,0,0,0,0,4,0,0,0,0,0,0,0,0,0,0,0,0,0,0,0,0,0,0,0,0,0,0,0,0,0,0,0,0,0,0,0,0,1,0,0,0,0,0,0,0,3,0,0,0,0,0,0,0,0,0,0,0,0,0,0,0,0,0,0,0,0,0,0,0,0,0,0,2,0,0,0,0,0,0,0,0,0,0,0,0,0,0,0,0,0,0,0,0,1,0,0,0,0,0,0,0,0,0,0,0,1,0,0,0,0,0,0,0,0,0,0,0,0,0,0,0,0,0,0,0,0,0,0,0,0,0,3,0,0,2,1,0,1,0,0,0,0,0,0,1,0,1,0,0,0,0,0,0,0,0,0,0,0,0,0,0,0,0,0,0,1,0,0,0,0,0,0,0,0,0,1,0,0,0,0,0,0,0,0,0,0,0,0,0,0,0,0,0,0,0,0,0,0,0,0,0,0,0,0,0,1,0,0,0,0,0,1,0,0,0,0,1,0,0,0,0,2,1,0,0,0,0,0,0,0,0,0,0,0,0,0,0,0,0,0,0,0,0,0,0,0,0,1,0,0,0,0,0,0,0,0,0,0,0,0,0,0,0,0,0,0,0,0,0,0,0,0,0,0,0,0,0,0,0,0,0,0,0,0,0,0,0,0,0,0,0,0,0,0,0,0,0,0,0,0,0,0,0,0,1,0,0,0,0,0,0,0,0,0,0,0,0,0,0,0,0,0,0,0,0,0,0,0,0,0,0,0,0,0,1,0,0,0,0,0,0,0,0,0,0,0,0,0,0,0,0,1,0,0,0,0,0,0,0,0,0,0,0,0,0,0,0,0,0,0,1,0,0,0,0,0,0,0,1,0,2,0,0,0,1,0,0,0,0,1,0,0,0,0,0,0,0,0,0,0,0,0,0,0,1,0,0,0,0,0,0,0,0,0,0,0,0,1,0,3,0,0,1,0,0,0,0,0,0,0,0,0,0,0,0,1,0,0,0,0,0,0,0,0,0,0,0,0,0,1,0,0,0,0,0,0,0,0,0,0,0,0,0,0,0,0,0,0,0,1,0,0,0,0,0,0,0,0,0,0,0,0,0,2,0,0,0,2,0,0,0,0,1,0,0,0,0,0,0,0,0,0,0,0,4,0,0,0,0,0,0,0,0,0,0,0,0,0,0,0,0,0,0,0,0,0,0,0,0,1,0,2,0,0,0,0,0,0,0,1,0,0,0,0,3,0,0,0,0,0,0,0,0,1,0,0,1,0,0,0,0,0,0,0,0,0,0,0,0,0,0,0,0,0,0,0,0,0,0,0,0,0,0,0,0,0,0,0,0,0,2,0,0,0,0,0,0,1,0,0,0,0,0,0,0,0,0,0,0,0,0,0,0,0,1,0,0,0,0,0,0,0,0,0,1,0,0,0,0,0,0,0,0,0,0,1,0,1,0,0,0,0,0,0,0,0,0,0,0,0,0,0,0,0,0,0,0,0,0,0,0,1,0,0,0,0,0,0,0,0,1,0,0,0,0,0,0,0,0,0,0,0,0,0,0,0,0,0,0,0,0,1,0,0,0,0,1,0,0,0,0,0,0,1,0,0,1,0,0,0,0
POLR2L,3,2,1,2,2,3,6,0,1,1,1,0,4,0,2,4,0,1,4,1,1,1,0,1,0,0,0,1,0,2,0,1,2,5,2,4,1,2,4,0,1,3,6,5,0,1,0,5,1,1,1,0,2,1,1,2,0,1,1,1,3,2,1,0,0,1,1,0,1,0,0,0,0,1,3,0,1,6,2,0,1,2,1,2,2,1,0,0,0,0,4,2,0,0,1,4,0,0,0,6,1,1,1,2,1,4,0,1,1,2,0,0,1,3,1,2,0,0,9,0,0,0,2,0,0,0,1,1,0,0,0,0,1,0,2,0,0,0,3,0,0,1,0,0,2,0,3,3,5,0,2,5,1,0,0,0,0,2,0,1,1,1,4,1,3,3,0,0,4,3,1,0,1,2,2,0,0,0,1,0,1,0,0,0,4,0,3,1,6,3,4,1,2,2,1,1,2,1,0,2,2,1,1,0,1,1,1,1,0,0,0,0,1,1,2,0,1,1,1,1,0,0,2,0,5,1,0,2,0,1,0,0,5,1,1,1,2,0,4,0,3,1,0,0,1,1,1,5,7,4,0,1,0,1,1,1,0,2,1,2,1,0,1,4,2,0,0,0,1,0,1,8,1,0,1,1,0,3,2,0,3,3,0,0,2,2,0,1,3,0,2,0,4,0,1,0,0,0,2,0,1,0,2,0,5,1,1,2,3,0,0,2,0,0,2,0,0,1,0,0,0,1,2,0,2,0,2,2,0,3,2,0,3,0,1,0,0,2,6,4,1,1,1,0,0,2,1,3,1,3,2,1,3,0,0,2,0,3,1,2,0,0,0,4,1,1,2,0,1,1,0,2,2,0,0,5,0,0,0,4,0,1,1,0,1,0,1,0,0,1,1,3,1,1,0,1,2,0,0,2,4,0,3,1,3,0,1,1,0,0,4,2,3,1,0,5,0,1,0,0,2,0,3,3,2,1,1,1,1,2,0,2,1,1,3,1,1,0,3,3,2,1,3,1,1,6,3,0,0,0,3,2,1,1,4,2,1,4,1,0,4,1,1,0,4,0,0,2,3,1,1,2,0,0,2,1,3,0,0,1,1,0,0,1,0,2,1,0,2,1,1,0,1,0,0,0,0,0,0,1,3,3,0,1,1,1,0,4,1,1,0,0,3,1,1,1,0,1,1,2,0,0,0,7,2,2,2,1,3,3,3,0,1,0,1,3,3,3,0,1,4,0,1,0,0,0,1,0,6,1,1,2,1,2,1,3,1,5,2,2,0,0,0,3,1,0,0,1,1,0,2,5,1,0,2,4,1,0,2,1,0,1,0,2,2,1,0,0,1,0,0,0,1,7,0,0,0,0,0,1,4,4,1,2,3,5,1,0,1,0,3,0,1,0,4,0,2,2,1,1,2,2,0,0,2,4,0,2,1,2,0,0,2,3,3,0,0,1,0,0,2,1,1,0,0,0,6,2,2,2,2,0,1,1,0,1,0,1,0,5,1,1,1,3,0,0,1,1,2,0,1,1,1,2,2,0,0,0,1,4,1,4,1,4,1,0,3,0,3,0,0,2,1,0,0,0,1,0,0,3,0,0,5,0,0,6,1,2,0,3,2,0,0,0,1,2,1,2,0,1,1,0,1,2,0,1,0,2,1,2,1,0,0,1,5,1,1,1,1,0,0,1,2,5,0,1,1,0,2,0,0,1,0,1,1,0,1,0,0,3,0,2,0,1,2,0,2,0,2,0,1,0,1,2,0,3,2,0,0,2,1,0,1,1,3,1,1,0,2,0,1,0,0,1,0,0,1,1,2,0,2,0,1,2,1,0,0,0,0,0,0,1,0,1,0,2,1,3,1,0,2,0,6,2,0,1,1,0,1,1,0,2,1,1,1,2,0,1,3,0,1,1,1,1,1,1,1,2,3,1,1,1,3,1,2,0,1,5,1,0,1,1,0,1,1,0,0,5,1,0,1,3,6,0,0,2,3,0,0,6,0,1,4,2,1,0,0,1,0,0,1,0,3,3,2,5,1,1,4,0,0,0,2,0,2,1,1,0,3,1,1,0,0,2,2,0,0,0,0,2,0,3,2,1,5,3,0,2,1,2,0,0,0,0,0,1,1,4,3,2,1,1,1,2,1,1,3,1,1,0,1,0,4,0,2,0,1,0,1,5,1,1,0,0,1,3,0,3,1,3,1,8,2,3,0,0,0,2,1,0,0,2,0,1,0,1,0,1,1,0,2,0,0,1,1,2,0,1,0,1,1,4,0,0,2,1,0,1,2,1,2,1,4,1,0,0,2,0,4,1,0,0,1,2,0,3,4,1,0,0,4,2,0,0,0,0,1,1,0,2,2,2,3,1,0,1,1,2,0,0,2,1,2,2,1,0,2,1,2,1,1,1,2,1,0,1,1,1,0,1,1,3,1,1,0,3,1,3,4,2,2,1,0,3,2,0,1,0,2,0,2,1,0,4,3,2,1,0,1,1,1,0,1,1,3,0,1,0,0,0,0,1,1,0,1,0,1,1,2,3,1,0,0,0,0,1,1,4,3,0,1,1,1,3,4,1,0,0,0,0,1,0,3,0,1,1,0,0,4,2,4,0,0,5,0,1,0,0,2,1,3,1,0,0,0,0,0,3,1,1,0,0,1,0,3,0,3,0,0,1,2,2,8,1,1,0,1,0,1,3,0,1,0,1,2,1,3,3,1,0,0,0,0,0,1,0,0,3,1,3,1,1,2,2,2,0,6,0,1,0,0,0,0,0,0,0,2,2,1,0,3,3,0,0,1,2,5,0,3,0,0,1,0,1,2,0,0,1,1,0,5,0,1,5,0,2,1,1,1,0,2,2,2,1,2,1,0,3,1,0,0,3,0,0,1,0,5,1,1,1,3,2,1,2,0,3,1,0,0,0,0,2,1,0,0,1,5,3,0,1,7,1,0,2,0,2,0,3,2,3,3,0,0,1,1,2,0,1,4,0,0,4,1,4,1,0,0,1,0,10,0,0,1,1,0,0,1,0,15,0,2,0,1,0,0,1,1,0,1,0,3,5,0,1,0,0,1,1,4,0,0,3,1,2,3,2,1,3,1,0,3,1,1,2,5,1,1,0,2,7,2,1,2,0,0,1,0,3,0,4,3,2,0,0,0,1,0,1,1,2,1,1,2,2,2,3,5,0,0,0,0,0,1,0,1,0,0,8,1,0,0,3,1,6,2,2,0,2,1,0,0,0,0,1,0,0,0,1,1,2,1,0,3,0,1,0,0,1,1,3,1,0,3,1,0,3,0,1,0,1,0,1,1,1,0,0,1,0,0,0,6,1,0,0,3,0,1,0,1,7,2,0,0,0,2,3,0,3,3,3,0,0,2,4,0,2,0,1,4,0,1,7,0,1,2,1,1,0,1,0,1,2,2,0,0,1,0,1,0,1,4,0,1,1,4,1,2,6,0,1,0,1,2,1,0,1
CD24,0,0,0,0,0,0,0,0,0,0,1,0,0,0,0,0,0,0,0,0,0,0,0,0,0,0,0,0,0,0,0,0,0,0,0,0,0,0,0,0,0,0,0,0,0,0,0,0,0,0,0,0,0,0,0,0,0,0,0,0,0,0,0,0,0,0,0,0,0,0,0,0,0,0,0,0,0,0,0,0,0,0,0,0,0,0,0,3,0,0,0,0,0,0,0,0,0,0,0,9,0,0,0,0,0,0,0,0,0,0,0,0,0,0,0,0,0,0,0,0,0,0,0,0,0,0,0,0,0,0,0,0,0,0,0,0,0,0,0,0,0,0,0,0,0,0,0,0,0,0,0,0,0,0,0,0,0,0,0,0,0,0,0,0,0,0,0,0,0,0,0,0,0,0,0,0,0,0,0,0,0,0,0,0,0,0,0,0,0,0,0,0,0,0,0,3,0,0,0,0,0,0,0,0,0,0,0,3,0,0,0,0,0,0,0,0,0,0,0,0,0,1,0,1,0,0,0,0,0,0,0,0,0,0,0,0,1,0,0,1,0,0,1,0,0,0,0,0,0,0,0,0,0,0,0,0,0,0,0,1,0,0,0,0,0,0,0,0,0,0,0,0,0,0,0,0,0,0,0,0,0,0,0,0,0,0,0,0,0,0,0,0,0,0,0,0,0,0,0,0,0,0,0,0,0,0,0,0,0,0,0,0,0,0,0,1,0,0,0,0,0,0,0,0,0,0,0,1,3,0,0,0,0,0,0,0,0,0,0,0,0,0,0,0,1,0,0,0,0,0,0,0,0,0,0,0,2,0,0,0,0,1,1,0,0,0,0,0,0,0,0,0,0,0,0,0,0,0,0,1,0,1,0,0,0,0,0,1,0,0,0,0,0,0,0,0,0,0,0,0,0,0,0,0,0,0,0,0,0,0,0,0,0,0,0,0,0,0,0,0,0,0,0,0,0,0,0,0,0,0,0,0,0,0,0,1,0,0,0,0,0,0,0,0,0,0,0,0,0,0,0,0,0,0,1,0,0,0,0,0,0,0,0,0,0,1,0,0,0,0,0,0,0,0,0,0,0,0,1,0,0,0,0,0,0,0,0,0,0,0,0,0,0,0,0,0,0,0,0,0,0,0,0,0,0,0,1,0,0,0,0,0,2,0,0,0,0,0,0,0,0,0,0,0,0,1,0,1,0,0,0,1,0,0,0,0,0,0,0,0,0,0,0,0,0,0,0,0,0,0,0,0,0,0,0,0,0,0,0,0,1,1,0,0,0,0,0,0,0,1,0,0,0,0,0,0,0,0,0,0,0,0,0,0,0,0,0,0,1,0,0,1,0,0,0,0,0,1,2,0,0,0,0,0,0,0,0,0,0,0,0,0,0,0,0,0,0,0,0,0,0,0,0,0,0,0,0,0,0,0,0,0,0,0,0,0,0,0,0,1,0,0,0,0,0,1,0,0,0,0,0,0,0,0,0,0,0,0,2,0,0,1,3,0,0,0,1,0,0,0,0,0,0,0,0,0,0,0,0,0,0,0,0,0,0,0,0,0,0,0,0,0,0,0,0,0,0,0,0,0,0,0,0,0,0,0,0,0,0,0,0,0,0,0,0,0,0,0,0,0,0,0,0,0,0,0,0,0,0,0,0,0,0,0,0,0,0,1,0,0,1,0,0,0,0,0,0,0,0,0,0,0,0,0,0,0,0,1,0,0,0,0,0,0,0,0,0,0,0,0,0,0,0,0,0,0,0,0,0,0,0,0,0,0,0,0,0,0,0,0,0,0,0,0,0,0,0,0,0,0,0,0,1,0,0,0,0,0,0,0,0,0,0,0,0,0,0,0,0,0,0,0,0,2,0,0,0,0,0,0,0,0,0,0,0,0,0,0,0,2,0,0,0,0,0,0,0,0,0,0,0,0,0,0,0,0,0,0,0,1,0,0,0,0,1,0,0,0,0,0,0,0,0,0,0,0,0,0,1,0,0,0,0,0,0,0,2,0,0,0,0,1,0,0,0,0,2,0,0,0,0,0,0,0,0,0,0,0,0,0,0,0,0,0,0,0,2,0,0,4,0,0,0,0,0,0,0,0,0,0,0,0,0,2,0,0,0,0,0,0,0,0,0,0,1,0,0,0,0,0,0,0,0,0,0,0,0,0,0,0,0,0,0,0,0,0,0,0,0,0,0,0,0,0,0,0,0,0,0,0,0,0,0,0,0,0,0,0,0,0,1,0,0,0,0,0,0,0,0,0,0,0,0,0,0,0,0,0,0,0,0,0,0,0,0,0,0,0,0,0,0,2,0,0,0,0,0,0,0,0,0,0,0,0,0,0,0,0,0,0,0,0,0,0,0,0,0,0,0,0,0,0,0,0,0,1,0,0,0,0,0,0,0,0,0,0,0,0,0,0,0,0,0,0,0,0,0,0,0,0,0,0,0,0,0,0,0,0,0,0,0,0,0,0,0,0,0,0,0,0,0,0,0,0,0,0,0,0,1,0,0,0,2,0,0,0,0,0,0,0,0,0,0,0,0,0,0,0,0,1,0,0,0,0,0,0,1,1,0,0,0,0,0,0,0,1,0,0,0,1,0,3,0,0,3,0,0,0,0,0,0,0,0,0,0,0,0,0,0,0,2,0,0,1,0,0,0,0,0,0,0,0,0,0,0,0,0,0,0,0,0,0,0,0,0,0,0,0,0,0,0,0,0,0,0,0,1,0,0,0,0,0,0,0,0,0,0,0,0,0,0,0,0,0,0,2,0,0,0,0,0,0,0,0,0,0,0,0,0,0,0,0,0,0,0,0,0,0,0,0,0,0,0,0,0,0,0,0,0,0,0,0,0,0,0,1,0,0,0,0,0,0,0,0,0,0,0,0,0,0,0,0,0,0,0,0,0,0,0,0,0,0,0,0,0,1,0,0,0,0,0,0,0,0,0,0,0,0,0,0,2,0,0,0,0,0,2,0,0,1,0,0,0,0,0,0,0,0,0,0,0,0,0,0,0,0,0,0,0,0,0,1,0,0,0,2,0,0,0,0,0,0,0,0,0,0,2,0,0,0,0,0,0,0,0,0,0,0,0,0,0,0,0,0,0,0,0,0,0,0,0,0,0,0,2,1,0,0,0,0,0,0,0,0,0,0,0,0,1,0,0,0,0,0,0,0,0,0,0,0,0,0,0,0,0,0,0,0,0,0,0,0,0,0,0,0,0,0,0,0,0,0,0,0,0,0,0,0,0,0,0,0,0,0,0,0,0,0,0,0,0,0,0,0,0,0,0,1,0,0,0,0,0,0,0,0,0,0,0,0,0,0,2,0,0,0,0,0,0,0,0,0,0,0,0,0,0,0,0,0,0,0,0,0,0,0,0,2,0,0,0,0,0,0,0,0,0,0,0,0,0,0,0,0,0,0,0,0,0,0,0,0,0,0,0,0,0,0,0,0,0,0,0,0,0,0
FAM30A,0,0,0,0,0,0,0,0,0,0,0,0,0,0,0,0,0,0,0,0,0,0,0,1,0,0,0,0,0,0,0,0,0,1,0,0,0,0,0,0,0,0,0,0,0,0,1,0,0,0,0,0,0,0,0,0,0,0,0,0,0,0,0,0,0,0,0,0,0,0,0,0,0,0,0,0,0,0,0,0,0,0,0,0,0,0,0,0,0,0,0,0,0,0,0,0,0,0,0,0,0,0,0,0,0,0,0,0,0,0,0,0,0,0,0,0,0,0,0,0,0,0,0,0,0,0,0,1,0,0,0,0,0,0,0,0,0,0,0,0,0,0,0,1,0,0,0,0,0,0,0,0,0,0,0,0,0,0,0,0,0,0,1,0,0,0,0,0,0,0,1,0,0,0,0,0,0,0,0,0,0,0,1,0,0,0,0,0,0,0,0,0,0,0,0,0,0,0,0,0,0,0,0,0,0,0,1,0,4,0,0,0,0,0,0,0,0,0,0,0,0,0,0,0,0,0,2,0,0,0,0,0,0,0,0,0,0,0,0,1,0,0,0,0,0,0,0,0,0,0,0,0,0,0,0,0,0,0,0,0,0,0,0,0,0,0,0,0,0,0,0,0,0,0,0,0,0,0,0,0,0,0,0,0,0,0,0,0,0,0,0,0,0,0,0,0,0,0,0,0,0,0,0,0,0,0,0,0,0,0,0,0,0,0,0,0,0,0,1,0,0,0,0,0,0,0,0,0,0,0,0,0,0,0,0,0,0,0,0,0,0,0,0,0,0,0,0,0,0,0,0,0,0,0,0,0,0,0,0,0,0,0,0,0,0,0,0,0,0,0,0,0,0,0,0,0,0,0,0,0,0,0,0,0,0,0,0,0,0,0,0,0,0,0,1,0,4,0,0,0,0,0,0,0,0,0,0,0,0,1,0,0,0,0,0,0,0,0,0,0,0,0,0,0,0,0,0,0,0,0,0,0,0,0,0,1,0,0,0,0,0,0,0,0,0,0,0,0,0,0,0,0,0,0,0,0,0,0,0,0,1,0,0,0,0,0,0,0,0,0,0,0,0,0,0,0,0,0,1,0,0,0,0,0,0,0,0,0,0,0,0,0,0,0,0,0,0,0,0,0,0,0,0,0,0,0,1,0,0,0,0,0,0,0,0,0,0,0,0,0,0,0,0,0,0,0,0,0,0,0,0,2,0,0,0,0,0,0,0,0,1,0,0,0,0,0,0,0,0,0,0,1,0,0,0,0,0,0,0,0,0,0,1,0,0,0,0,0,0,1,0,0,0,0,0,0,0,0,0,0,0,0,0,0,0,0,0,0,1,0,0,0,0,0,0,3,0,0,0,0,0,0,0,0,0,0,0,0,0,0,0,1,0,0,1,0,0,0,0,0,0,0,0,0,0,0,0,0,0,0,0,0,0,0,0,0,0,0,0,0,0,0,0,0,0,0,0,0,0,0,0,0,0,0,0,0,0,0,0,0,0,1,0,0,0,0,0,0,0,0,0,0,0,0,0,0,0,0,0,0,0,0,0,0,0,0,0,0,0,0,0,0,0,0,0,0,0,0,0,0,0,0,0,0,0,0,0,0,0,1,0,0,0,0,0,0,0,0,0,1,0,1,0,0,0,0,1,0,0,0,0,0,0,0,1,0,0,0,0,0,0,0,0,0,0,1,2,0,0,0,0,0,0,0,0,0,0,0,0,0,0,0,1,0,0,0,0,0,0,0,0,0,0,0,0,0,0,0,0,0,0,0,0,0,0,0,0,0,0,0,0,0,0,0,0,0,0,0,0,0,0,0,0,0,0,0,0,0,0,0,0,0,0,0,0,0,0,0,0,0,0,0,0,1,0,0,0,0,0,0,0,0,6,0,0,0,0,0,0,0,0,0,0,0,0,2,0,0,0,0,0,0,0,0,0,0,0,0,0,0,0,0,0,0,0,0,0,0,0,0,0,0,0,0,0,0,0,0,0,0,0,0,0,0,0,0,1,0,0,4,0,0,0,0,0,0,0,0,0,0,0,0,0,0,0,0,1,0,0,0,0,0,0,0,0,0,0,0,0,0,0,0,0,0,0,0,0,0,0,0,0,1,0,0,0,0,0,0,0,0,1,0,0,0,0,1,0,0,0,0,0,0,0,0,0,0,0,0,0,0,0,0,0,0,0,0,0,0,0,0,0,0,0,0,0,0,0,0,0,0,0,0,0,0,0,0,0,0,0,0,0,0,0,0,0,0,0,0,1,0,0,0,0,0,0,0,0,0,0,0,0,0,0,0,0,0,0,0,0,0,0,2,0,0,0,0,0,0,0,0,0,1,1,0,0,0,0,0,0,0,0,0,0,0,0,0,0,0,0,0,0,0,0,0,0,0,0,0,0,0,0,0,0,0,0,0,0,0,0,0,0,0,0,0,0,0,0,0,0,0,1,0,0,0,0,0,0,0,0,0,0,0,0,0,0,0,0,0,0,0,0,0,0,0,0,0,0,0,2,1,0,0,1,0,2,0,0,0,0,0,1,0,0,0,0,0,0,0,0,0,0,0,0,0,0,0,0,3,0,0,0,0,0,0,0,1,0,0,1,0,0,0,1,0,0,0,0,4,0,0,0,0,0,0,0,0,0,0,0,0,1,0,0,3,1,0,0,0,0,0,0,0,0,0,0,0,0,0,0,0,0,0,0,0,0,0,0,0,1,0,0,0,0,0,0,0,0,0,0,0,0,0,0,0,0,0,0,0,0,0,0,0,0,0,0,1,0,0,0,0,0,0,0,0,0,0,0,0,0,0,0,0,0,1,0,0,0,16,2,0,0,0,0,0,0,0,0,0,0,0,0,0,0,0,0,1,0,0,0,0,0,0,0,0,0,0,0,0,0,0,0,0,0,0,0,0,0,0,0,0,1,0,0,0,0,0,0,0,0,0,0,0,0,0,0,0,0,0,0,0,0,0,0,0,0,0,0,0,0,2,0,0,0,0,0,0,0,0,0,0,0,0,0,1,0,0,0,0,0,0,0,0,0,0,0,0,0,0,0,0,0,0,0,0,0,0,0,0,0,0,0,0,0,0,0,0,0,0,0,0,0,0,0,0,0,0,0,0,0,0,0,0,0,0,0,0,1,0,0,0,0,0,0,0,0,0,0,0,0,0,0,0,0,0,0,0,0,0,0,1,0,1,0,0,0,0,0,0,0,0,0,0,0,0,0,0,0,0,0,0,0,0,0,0,0,0,0,0,0,0,0,0,0,0,0,0,0,0,0,0,0,0,0,0,0,0,0,0,0,0,1,0,0,0,0,0,0,0,0,0,0,0,0,0,0,0,0,0,0,0,0,0,0,0,0,0,0,0,0,0,0,0,0,0,0,0,0,0,0,0,0,0,0,0,0,0,0,0,0,0,0,0,0,0,0,0,0,0,1,0,0,0,0,0,0,0,0,0,0,0,0,0,0,0,0,0
TSPYL2,0,0,0,0,1,1,0,2,0,0,0,0,0,2,0,2,0,1,0,0,0,0,0,0,0,1,0,2,0,0,1,1,0,0,0,0,0,2,0,0,0,0,0,2,1,0,1,0,1,0,0,0,0,0,2,0,0,0,0,0,0,0,0,0,0,1,0,0,0,0,0,1,0,0,0,0,0,0,0,0,1,0,0,0,0,0,0,0,0,0,1,0,1,1,0,0,0,0,0,0,0,0,0,2,1,0,0,2,0,1,0,2,0,1,0,8,0,0,0,0,1,0,0,0,0,1,0,0,0,0,0,0,0,0,0,0,0,0,0,0,0,0,0,1,0,4,0,0,0,0,0,1,0,0,0,0,0,0,0,0,2,0,0,0,1,0,0,1,0,0,1,1,0,0,0,0,0,0,0,0,1,0,0,1,0,0,0,0,0,1,0,0,0,1,3,0,0,0,0,0,0,0,0,0,2,0,0,1,1,0,1,0,0,0,2,0,0,0,1,0,1,1,1,0,0,0,0,0,0,0,0,0,1,2,0,0,0,0,0,0,0,0,0,0,0,0,0,0,0,0,0,1,0,0,0,0,0,0,0,1,0,0,0,0,0,0,1,0,1,0,2,0,0,0,0,1,0,0,0,0,0,0,0,0,0,0,0,0,0,1,0,1,0,0,0,0,2,0,0,0,1,0,1,0,0,0,0,0,0,0,0,0,2,0,0,1,1,0,0,1,0,0,0,0,0,0,0,0,0,1,1,0,0,0,0,1,0,0,0,0,0,0,0,0,0,0,0,0,0,0,1,0,0,1,0,0,0,0,0,0,0,0,0,0,1,1,0,0,0,1,2,0,0,1,3,0,0,0,0,0,0,0,0,0,2,0,0,0,0,0,0,0,0,1,0,0,0,1,0,0,0,0,1,3,0,0,3,0,0,0,0,0,0,0,0,1,0,0,2,1,0,0,0,1,0,0,0,0,0,2,0,1,0,0,0,0,0,1,2,0,0,0,0,2,0,0,0,0,0,0,1,0,0,0,0,0,0,0,0,0,0,1,0,0,0,0,0,0,0,0,1,0,0,0,0,0,0,0,0,0,0,0,1,1,0,0,0,2,0,0,0,1,0,1,0,0,0,0,0,0,0,0,0,0,0,0,0,0,0,0,0,0,0,0,0,1,0,0,0,0,0,1,0,0,0,1,1,0,0,0,0,0,1,0,0,0,0,0,1,0,0,0,0,1,0,1,0,0,0,0,0,0,0,0,0,0,0,0,0,0,0,0,1,1,0,0,1,0,1,1,0,0,0,0,0,0,0,0,0,0,1,0,1,0,0,0,0,0,0,0,0,0,0,0,0,0,1,0,0,0,1,0,0,0,0,0,0,0,0,1,0,1,0,0,0,1,0,0,0,0,0,2,0,1,0,0,1,0,1,0,0,0,0,0,0,0,1,0,1,0,0,0,1,0,0,1,0,1,0,0,0,0,0,0,0,0,0,0,0,0,0,0,0,2,3,1,0,0,0,0,0,0,0,0,0,0,0,0,0,0,0,0,1,0,0,0,0,0,0,0,0,1,0,0,0,0,0,0,0,0,0,1,0,0,0,0,1,0,0,0,0,0,0,0,0,2,0,2,2,0,0,0,0,1,0,0,0,0,0,0,1,0,0,1,0,0,0,0,0,0,0,0,1,0,5,0,0,0,0,0,0,1,0,0,0,0,0,1,0,0,0,0,0,0,0,0,0,0,2,0,0,1,0,0,0,0,0,0,0,0,0,0,1,0,0,1,0,0,0,0,0,0,0,0,0,0,0,3,0,0,0,0,0,1,0,0,0,0,0,0,0,0,1,0,0,0,0,0,0,4,1,0,0,0,0,0,0,0,0,0,0,1,2,0,1,0,0,0,0,0,0,0,0,0,0,0,0,0,0,0,0,0,0,0,0,0,0,0,2,1,0,0,0,0,0,0,0,0,0,1,0,0,0,0,1,0,0,1,0,0,0,1,0,1,0,0,0,0,0,1,0,0,0,0,0,0,0,1,0,1,0,0,0,1,1,0,0,0,0,0,0,0,0,1,0,0,0,0,0,1,0,0,0,0,0,0,0,0,0,3,0,1,0,0,0,0,0,0,0,0,0,0,0,1,0,1,0,0,0,3,0,0,0,0,0,0,0,0,1,0,0,0,0,0,0,0,0,0,0,0,0,0,0,1,1,0,1,0,0,0,0,0,0,0,1,0,0,0,0,0,1,0,0,2,0,0,1,0,0,0,1,0,0,0,0,0,0,0,0,0,0,0,0,0,2,0,0,0,0,2,1,0,2,0,0,0,1,0,0,1,1,1,0,1,0,0,0,1,0,0,0,2,0,1,0,0,0,0,0,0,0,0,0,1,0,0,0,0,0,0,0,0,0,0,0,0,0,0,0,0,0,0,0,0,0,0,0,0,0,0,1,0,1,0,0,0,0,0,0,0,0,0,1,0,0,0,0,0,0,0,0,0,0,0,0,1,0,0,0,0,0,1,0,0,0,1,0,0,0,0,0,0,0,0,0,0,0,0,0,0,0,0,0,0,0,0,0,0,0,0,0,0,0,0,1,0,0,1,1,0,0,0,1,0,0,0,0,0,0,0,0,0,0,0,0,0,0,0,0,0,1,0,1,0,1,0,0,0,0,0,1,0,0,0,0,0,2,0,0,0,0,1,0,0,0,2,0,0,0,0,0,1,1,1,0,0,0,0,0,0,0,0,0,0,0,0,0,0,0,0,0,0,0,0,0,1,0,0,0,0,0,0,0,0,0,3,0,0,0,0,0,0,1,0,0,0,1,0,0,1,0,0,0,0,0,1,0,1,0,0,0,0,0,0,4,0,0,0,0,0,0,0,0,0,0,1,0,0,0,0,0,1,0,0,0,0,1,1,0,0,0,0,0,0,0,0,0,0,1,0,0,0,1,0,0,0,0,0,0,0,0,0,2,1,0,0,0,0,0,0,1,0,0,0,0,0,0,1,0,0,0,0,0,0,0,1,1,0,0,0,0,0,0,0,0,0,1,0,0,0,1,0,0,0,0,0,0,1,0,0,0,0,0,0,0,0,0,2,0,0,0,0,0,2,1,0,0,0,1,0,0,1,0,0,0,0,1,0,0,1,0,0,0,0,2,0,0,0,0,0,1,0,0,0,0,0,1,1,0,1,1,1,0,1,1,0,0,0,0,0,0,0,0,0,1,0,1,1,0,1,1,0,0,0,1,0,0,1,0,0,0,0,0,0,0,0,1,0,0,0,0,0,1,0,0,1,0,1,0,1,0,0,0,1,0,0,1,0,1,1,0,0,0,0,0,0,0,0,0,0,0,0,0,0,1,0,1,0,0,0,1,2,0,0,1,0,0,0,0,0,0,0,0,0,0,1,0,0,0,0,0,0,0,1,1,0,0,0,0,0,0,0,0,0,0,0,0,0,1,0,0,2,0,0,1,1
ARPC2,2,3,1,3,1,0,5,1,3,1,6,4,5,0,1,12,3,2,5,3,2,0,4,3,0,4,3,0,3,1,2,2,1,7,3,4,3,1,7,2,2,0,7,2,4,2,2,2,1,0,0,1,1,6,6,3,3,4,0,5,4,2,1,2,0,4,1,0,2,2,1,4,2,3,6,4,1,3,2,14,3,2,1,1,5,4,0,4,1,1,7,1,9,5,0,3,0,2,1,15,2,2,3,2,1,2,2,5,8,1,4,4,2,2,3,3,4,4,3,1,0,3,6,1,1,2,1,1,5,1,1,3,0,2,1,0,3,1,5,2,1,1,0,4,12,4,3,1,1,3,7,3,2,3,2,1,0,1,0,2,1,0,4,5,2,6,5,1,8,16,3,4,3,4,3,0,2,1,9,3,0,1,2,1,1,3,2,1,6,7,15,8,2,1,3,8,1,1,0,1,0,4,1,3,1,4,1,4,1,0,1,2,4,0,3,3,1,3,9,2,0,0,4,1,1,1,1,3,3,0,1,0,14,10,2,5,4,0,2,1,5,1,0,1,2,1,2,3,11,2,1,4,1,0,1,1,1,2,2,0,4,2,1,3,0,2,1,1,3,4,5,14,5,2,2,4,1,4,7,0,2,4,2,3,0,1,1,2,1,0,2,3,3,2,1,1,2,1,6,2,3,1,6,1,5,0,4,3,12,2,2,1,4,3,1,0,2,3,3,9,0,4,3,0,6,0,4,2,2,0,0,14,2,1,3,2,3,8,1,3,8,3,3,1,3,8,1,1,1,9,3,2,10,0,1,5,1,1,3,1,1,1,0,3,6,3,29,0,2,3,2,2,4,0,2,17,3,6,5,2,1,0,2,0,0,2,1,3,1,2,4,11,1,12,1,3,9,2,4,3,3,3,6,1,2,4,5,1,9,6,7,3,3,1,1,8,0,1,3,0,2,4,27,2,7,3,4,2,5,3,0,2,2,0,4,2,4,3,1,8,5,2,18,0,5,13,5,0,2,1,2,3,3,1,2,3,1,8,3,1,3,2,1,2,7,5,0,2,1,4,4,3,2,0,2,9,4,3,1,1,5,3,4,4,4,1,0,1,1,1,4,1,1,0,0,3,3,2,0,5,2,6,2,1,4,2,5,18,0,0,3,1,0,1,1,3,2,2,2,2,4,1,4,2,7,0,2,3,9,0,9,1,2,2,5,9,3,12,3,1,5,2,1,3,1,2,0,1,9,2,3,9,0,2,3,5,0,5,2,5,1,2,1,6,3,2,0,1,2,0,3,6,5,1,0,2,2,0,3,2,2,3,3,6,1,3,0,0,0,0,1,2,4,5,3,3,1,0,1,0,5,11,2,4,2,13,6,1,1,1,1,1,4,0,2,2,2,11,5,3,5,3,2,0,10,4,1,3,0,4,3,1,2,6,3,2,3,3,1,0,2,1,7,1,4,0,8,2,0,2,4,3,0,0,3,7,1,1,1,5,1,2,2,3,2,3,0,1,0,3,1,1,3,2,6,2,1,4,2,2,2,18,3,0,1,2,0,2,2,3,0,1,3,2,2,0,3,1,0,1,1,9,6,2,1,4,1,2,0,17,4,3,1,2,0,1,4,4,0,1,0,0,1,1,1,3,2,2,0,6,0,3,2,1,4,1,1,5,1,2,2,0,1,3,1,2,2,3,1,2,1,3,0,5,4,0,4,4,1,2,2,1,2,5,2,0,5,0,1,0,4,4,2,1,5,2,3,2,3,3,0,1,1,3,7,13,5,2,2,0,1,0,1,4,5,6,2,3,1,1,1,2,1,2,4,5,0,0,1,1,0,1,3,1,0,0,2,0,2,4,2,0,12,1,2,5,2,0,1,2,3,4,0,3,4,2,1,1,1,3,1,4,6,2,4,4,3,3,5,1,1,3,1,2,3,0,2,7,1,1,3,1,0,0,3,2,2,4,6,0,5,1,11,2,2,2,5,3,0,4,2,1,2,6,4,4,1,1,0,1,1,2,6,4,2,7,3,0,7,0,3,0,4,4,3,1,1,1,18,7,6,3,2,1,3,4,3,4,3,1,1,18,2,3,5,3,1,3,4,10,0,4,3,1,2,3,0,15,3,10,1,3,4,2,1,3,5,7,1,3,4,2,2,4,0,0,5,5,1,4,2,0,3,5,4,6,1,1,2,4,1,18,1,3,5,0,1,0,5,2,4,2,0,11,1,2,1,0,2,1,4,0,0,1,4,5,0,4,4,3,0,4,2,2,1,1,3,2,0,1,3,1,3,4,3,1,2,2,5,1,1,5,1,1,3,2,6,2,2,2,15,23,2,0,0,9,2,16,4,1,1,1,5,4,3,1,2,0,0,1,2,3,4,5,1,1,1,0,3,0,3,1,7,14,5,5,5,1,1,2,6,2,4,12,0,6,3,1,3,3,7,5,2,4,9,3,2,0,3,0,3,4,4,20,4,3,0,4,4,0,4,4,6,2,2,2,3,1,0,3,7,0,3,4,4,1,0,2,1,4,1,2,13,2,1,4,5,0,2,2,1,2,3,1,5,0,1,4,2,0,2,3,4,4,4,1,0,0,1,4,4,3,0,11,2,4,0,3,2,3,2,1,6,2,1,1,3,2,1,8,7,1,4,4,7,4,2,3,1,8,3,2,8,1,2,6,3,2,4,4,0,3,3,1,2,3,9,1,4,0,0,1,3,0,1,5,0,7,3,1,3,2,5,12,1,4,15,2,2,4,0,2,0,0,0,7,5,5,3,1,2,5,0,0,2,8,5,0,1,1,0,0,2,2,1,1,1,3,0,4,5,2,0,5,1,2,10,3,0,0,0,1,12,12,7,0,3,6,0,1,2,5,3,1,3,0,5,4,2,3,5,4,16,12,0,3,9,3,0,14,2,0,4,1,3,1,7,2,4,0,4,2,2,0,3,2,2,3,1,1,0,1,0,2,5,0,1,1,4,2,1,3,5,2,2,0,3,0,3,6,3,5,3,1,0,1,3,5,38,2,4,3,4,0,1,1,4,3,4,2,2,1,2,0,8,1,4,6,0,2,2,14,3,6,2,6,1,2,1,5,1,2,1,1,13,1,1,0,1,6,7,3,1,1,3,2,2,2,2,7,11,3,5,3,2,5,1,2,2,12,2,1,9,4,3,4,3,0,2,0,1,2,4,0,4,4,2,12,2,4,1,4,8,6,0,0,2,3,0,2,0,10,3,2,1,4,1,4,0,2,3,0,0,1,1,1,2,0,5,2,4,1,5,2,0,0,0,3,0,10,2,0,9,0,1,2,3,2,2,1,1,0,1,4,18,0,4,2,3,6,1,3,3,0,1,5,0,3,1,3,1,2,3,1,3,1,1,5,11,1,1,4,0,3,2,2,0,0,1,0,3,2,3,1,3,1,2,4,3,3,2,1,5,1,3,3,3,14,3,3,0,4,3,0,1,3
TNFSF10,0,0,0,1,0,0,0,0,0,0,0,1,0,0,0,0,0,1,0,1,0,0,1,0,0,0,1,0,0,0,0,0,0,0,1,0,0,0,0,1,0,1,0,0,0,0,0,0,0,0,0,0,0,0,1,0,0,1,0,0,1,2,0,0,0,0,0,0,0,0,0,0,0,1,1,0,0,1,0,1,0,1,0,3,0,0,0,0,1,0,0,2,0,0,0,0,0,0,2,0,0,0,3,0,0,0,0,0,0,0,1,0,0,0,0,0,0,0,0,0,0,0,0,0,0,0,0,0,3,0,0,0,0,0,0,1,0,0,0,0,0,0,0,0,1,0,0,1,0,0,1,0,0,0,0,0,0,0,0,1,0,0,0,3,0,2,1,0,1,0,1,0,0,0,0,0,0,1,4,0,0,0,0,0,0,0,0,0,0,1,1,1,0,0,0,0,1,0,0,0,1,0,1,0,0,0,0,0,0,0,0,0,0,0,0,0,0,0,0,2,0,0,0,0,0,0,0,0,0,0,1,0,1,0,1,1,0,0,1,0,0,0,1,1,0,0,0,0,1,0,0,0,0,0,0,4,0,0,0,1,0,0,0,0,0,0,0,0,0,2,0,1,1,0,0,0,0,0,1,0,0,0,0,0,0,0,0,0,1,0,0,0,0,0,0,0,0,0,0,0,0,0,0,0,0,0,0,2,4,0,0,0,0,0,1,0,0,0,0,0,0,0,0,0,0,0,0,0,0,0,0,1,0,0,0,0,0,2,2,0,5,0,0,0,0,0,0,0,1,5,1,0,4,0,0,0,0,1,0,0,0,0,0,0,1,0,0,0,0,0,0,2,0,0,0,3,0,1,0,1,0,0,2,0,0,1,4,1,0,0,0,4,0,6,0,0,0,1,1,3,1,0,0,0,0,1,0,0,1,0,1,0,0,0,0,2,0,0,0,0,2,1,0,0,1,0,0,0,0,0,0,0,0,0,0,0,0,0,0,0,0,0,0,0,0,1,1,0,0,0,0,1,0,0,1,2,0,1,1,0,0,0,0,0,0,2,0,0,2,1,0,0,0,0,0,3,1,0,0,0,1,0,0,0,2,0,0,0,0,0,1,0,0,0,0,1,0,0,0,0,0,0,1,0,0,0,0,3,0,0,0,0,0,0,0,0,0,1,0,0,0,1,0,3,2,1,1,1,5,0,0,0,1,0,2,5,0,0,0,0,0,0,0,0,0,0,1,0,0,0,0,0,0,0,0,0,0,0,0,0,0,1,0,0,0,2,1,0,1,0,0,0,0,0,0,0,0,0,0,0,0,0,0,1,0,0,1,0,0,0,1,0,0,0,0,0,0,0,0,0,0,2,0,0,0,0,1,0,0,0,0,0,2,0,2,1,0,0,0,1,0,1,0,0,0,0,0,1,0,0,0,0,1,0,0,0,0,1,0,0,1,0,0,0,0,0,0,0,0,0,0,0,1,0,0,0,0,1,0,0,0,0,1,0,1,0,0,0,0,1,0,0,0,1,0,0,0,1,0,0,0,3,0,1,1,0,0,0,0,0,0,1,0,0,0,0,0,0,0,1,1,0,1,0,0,0,0,1,0,1,0,0,0,0,0,0,0,0,0,0,0,0,0,2,0,0,0,0,0,0,0,0,0,0,0,0,0,0,0,0,0,0,1,1,0,0,0,0,0,0,0,0,0,0,0,0,0,1,0,2,0,0,0,0,0,0,0,0,0,0,0,0,0,0,1,1,0,0,0,2,0,0,0,2,1,6,0,2,0,0,0,0,0,1,0,0,0,0,1,0,1,0,0,0,0,0,1,0,0,0,0,0,0,2,1,0,1,0,0,0,0,0,0,0,0,0,0,0,0,0,0,1,0,1,0,0,1,0,0,0,0,0,0,0,0,0,0,0,0,0,0,0,0,0,0,0,0,0,0,0,0,0,0,0,0,0,0,1,0,0,0,0,2,1,0,0,0,0,0,1,0,0,0,3,1,0,0,0,0,0,0,0,0,1,0,1,0,0,0,0,0,0,0,0,1,0,0,0,0,1,1,0,0,0,1,1,0,0,0,0,1,0,1,0,0,1,0,0,0,1,0,0,0,0,0,0,0,9,0,0,1,0,0,1,0,1,0,2,0,0,0,0,0,0,0,0,0,0,1,1,3,0,0,0,0,1,0,0,0,0,0,0,0,0,1,0,0,0,0,2,0,0,0,0,0,0,0,0,0,0,0,0,0,0,0,0,0,0,0,0,0,0,0,0,0,0,0,0,0,1,2,0,1,0,0,0,0,0,0,0,0,0,0,0,0,0,0,0,2,0,0,1,0,2,0,0,0,0,0,0,0,0,0,0,1,0,0,0,0,0,1,1,0,0,0,0,0,0,2,0,0,0,0,1,1,0,0,0,0,0,2,0,0,1,0,0,1,0,1,2,0,0,0,0,0,0,1,1,0,0,0,2,0,0,0,0,0,1,1,0,0,0,1,0,2,0,0,0,1,1,1,0,0,0,0,0,0,0,0,1,0,0,0,0,0,0,0,1,0,0,0,0,0,0,0,0,0,0,0,0,0,0,0,1,0,0,0,0,0,0,0,0,0,0,0,0,0,0,0,0,0,0,0,0,0,0,0,0,0,0,0,0,0,0,0,1,0,0,0,0,1,0,1,0,0,0,1,1,1,0,0,0,0,0,0,0,0,0,0,0,0,0,0,0,0,0,0,1,0,0,0,0,0,3,0,0,0,0,0,0,0,0,0,0,0,0,1,1,0,0,2,0,0,0,0,0,0,0,0,0,1,0,0,1,1,0,0,0,0,0,0,0,0,0,0,0,2,0,0,0,0,1,1,0,1,0,0,0,0,0,0,1,0,0,0,0,0,0,0,0,0,0,0,1,0,0,1,0,0,1,0,0,0,0,0,0,0,0,0,0,2,0,0,1,0,0,0,0,0,1,0,0,0,0,0,0,0,0,0,0,0,3,0,0,1,0,0,1,0,1,0,1,0,0,0,0,0,0,0,0,1,0,0,0,0,0,0,0,0,0,0,0,1,1,0,0,1,1,0,0,0,1,0,0,0,1,0,0,0,1,0,0,0,0,1,0,0,0,0,1,0,1,0,0,0,0,0,0,1,0,4,1,0,0,0,0,0,0,0,1,0,1,0,0,0,0,0,0,0,0,0,0,0,0,0,0,0,1,0,0,0,0,4,0,0,0,0,1,0,0,2,0,0,0,0,0,0,0,0,0,2,0,0,0,0,0,0,0,0,0,0,0,0,0,0,1,0,0,0,0,1,0,1,0,0,0,1,0,0,0,0,1,0,2,2,0,2,0,0,0,1,0,1,0,0,0,0,2,1,0,0,0,0,0,0,0,0,0,1,0,0,2,0,0,0,0,0,0,0,0,0,1,0,0,0,0,1,0,1,0,1,1,1,0,3,0,0,0,0,0,0,0,0,0,0,0
C5AR1,0,0,0,0,0,0,0,0,0,0,3,0,1,0,0,2,0,0,1,0,0,0,0,0,0,0,0,0,0,0,0,0,0,0,0,0,0,0,0,0,0,0,0,0,0,0,0,1,0,0,0,0,0,0,0,1,0,0,0,0,0,0,0,0,0,0,0,0,0,0,0,0,0,0,0,0,0,0,1,0,0,0,0,0,0,0,0,0,0,0,0,0,0,0,0,0,0,0,1,0,0,0,0,0,0,0,0,0,1,0,0,0,0,1,0,0,0,0,0,0,0,0,0,0,0,0,0,0,2,0,0,0,0,0,0,0,0,0,2,0,0,0,0,0,0,0,1,0,0,0,0,0,0,0,0,0,0,0,0,1,0,0,0,0,0,0,0,0,0,0,0,0,0,0,0,0,0,0,0,0,0,0,0,0,0,0,0,0,0,0,2,0,0,0,0,0,0,0,0,0,0,1,2,0,0,0,0,0,0,0,0,0,0,0,0,0,0,0,0,1,0,0,0,0,0,0,0,1,0,0,0,0,0,0,0,0,0,0,0,0,2,0,0,1,0,0,0,0,0,0,0,1,0,0,0,0,0,0,0,0,0,0,0,0,0,0,0,0,0,0,0,0,0,0,0,0,0,0,0,0,0,2,0,0,0,0,0,0,0,0,0,0,0,0,0,0,0,0,0,0,0,0,0,0,1,0,0,1,2,0,0,0,0,0,0,0,0,0,0,0,0,0,0,0,0,0,0,0,0,0,0,0,0,0,1,0,0,0,0,0,0,0,1,0,0,0,0,0,0,1,1,0,3,0,0,0,0,0,0,0,0,0,0,0,0,0,0,0,0,0,0,0,0,0,0,0,0,0,0,0,1,0,2,0,0,0,0,0,0,0,0,5,0,0,0,0,0,0,0,1,1,0,0,0,0,0,0,0,0,0,0,0,0,0,0,0,0,0,0,0,0,0,0,0,0,0,0,0,0,0,0,0,0,0,1,0,1,0,0,0,0,0,0,0,0,0,0,0,0,0,0,0,1,0,0,0,0,0,0,0,0,0,0,0,0,0,0,0,0,0,1,0,0,0,0,2,1,0,0,0,0,0,0,0,2,0,0,0,0,0,0,0,0,0,0,0,0,0,0,0,0,0,0,0,0,0,0,0,0,0,1,0,1,0,0,0,0,0,0,0,0,0,0,1,0,0,0,0,1,0,1,0,0,0,0,1,0,0,0,0,0,0,0,0,0,0,0,0,0,0,0,0,0,0,3,0,0,1,0,0,0,0,0,0,0,0,0,0,0,0,0,0,0,0,0,0,0,0,0,0,0,0,0,1,0,0,0,0,0,0,0,0,0,1,0,0,0,0,0,0,0,1,0,0,0,0,0,0,0,0,0,0,0,0,0,0,0,0,0,0,0,0,0,0,0,0,0,0,0,0,0,0,0,0,0,0,0,0,0,0,0,1,0,0,0,0,0,0,0,0,0,0,0,0,0,0,0,0,0,0,0,0,0,0,1,0,1,0,0,0,0,0,0,0,0,0,0,0,0,0,0,0,0,0,0,0,0,0,0,0,0,0,0,0,0,0,0,0,0,2,0,0,0,0,0,2,0,0,0,0,0,0,0,0,0,0,0,0,0,0,0,0,0,0,0,0,0,0,0,0,0,0,0,0,0,0,0,0,0,0,0,0,0,2,0,0,0,0,0,0,0,0,0,0,0,0,0,0,0,0,0,2,0,0,0,0,0,0,0,0,0,0,0,0,0,2,0,0,1,0,3,0,0,0,1,4,0,0,0,0,0,0,0,0,0,0,0,0,0,0,0,0,0,0,0,0,0,0,0,0,0,0,0,2,0,0,1,0,0,0,0,0,0,0,0,0,0,0,0,0,0,0,0,0,0,0,0,0,0,0,0,0,0,0,0,0,0,0,0,0,0,1,0,0,0,0,0,0,0,0,0,0,0,0,0,0,0,0,0,0,0,0,1,0,0,0,0,0,0,0,0,0,0,1,1,0,0,0,0,0,0,0,0,0,1,2,0,0,0,0,0,0,0,0,0,0,0,0,0,0,1,0,0,0,1,0,0,0,0,0,0,0,2,0,0,1,0,0,0,1,0,0,0,0,0,0,0,6,0,0,0,0,0,0,0,0,0,0,0,0,1,0,0,0,0,0,0,0,0,0,0,0,0,0,2,0,0,0,0,0,0,0,0,0,0,0,0,0,0,0,0,0,0,0,0,0,0,0,0,0,0,0,0,0,0,0,0,0,0,0,0,1,0,0,0,0,0,0,0,0,0,0,1,0,0,0,0,0,1,0,0,0,0,0,0,0,0,0,0,0,0,0,0,0,0,0,0,0,2,0,0,0,0,0,0,0,0,0,0,0,0,0,0,0,0,0,0,0,0,0,0,0,1,3,0,0,0,0,0,0,0,0,0,2,0,0,0,0,1,1,0,0,0,0,0,0,1,0,0,0,0,0,0,0,0,0,0,0,0,0,0,0,2,0,0,0,0,0,0,1,0,0,0,0,0,0,0,0,0,0,0,0,0,0,0,0,0,0,2,0,0,0,0,0,0,0,0,0,0,0,0,0,0,0,0,0,0,0,0,0,1,0,0,0,0,0,0,0,0,0,0,0,0,0,0,0,0,0,0,0,0,0,0,0,0,0,2,0,0,0,0,0,0,0,0,0,0,0,0,2,0,0,0,0,0,0,1,0,0,0,0,0,0,0,0,0,0,0,0,1,0,0,0,1,0,0,3,0,0,0,0,0,0,0,0,0,1,0,0,0,0,0,0,0,0,0,0,0,0,0,0,0,0,0,0,0,0,0,0,0,1,0,0,0,0,0,1,0,0,0,0,0,0,0,0,0,0,0,0,0,0,0,0,0,0,0,0,1,0,0,0,0,0,0,0,0,0,0,0,0,0,0,0,0,1,0,0,0,1,0,2,0,0,1,0,0,0,0,0,0,1,0,0,0,0,0,0,0,0,0,0,1,0,0,0,0,0,0,0,0,0,0,0,0,0,0,0,0,0,0,0,0,0,0,0,0,0,0,0,0,0,0,0,0,0,0,0,0,2,0,0,1,0,0,0,0,0,0,0,0,0,1,0,0,0,0,1,0,0,0,0,0,0,0,0,0,0,0,0,0,5,0,0,0,0,1,0,0,0,0,0,0,0,0,0,0,0,0,0,0,0,0,0,0,1,0,0,0,0,0,0,0,0,0,0,0,0,0,0,0,0,0,0,0,0,0,0,0,0,0,0,0,0,0,0,0,0,0,0,0,0,0,0,0,0,2,0,0,0,0,0,0,0,0,0,0,1,1,0,0,0,0,0,2,1,0,0,0,0,0,0,0,0,0,0,2,0,0,1,0,0,0,0,2,0,0,0,0,0,0,0,2,0,0,1,0,0,0,0,0,0,0,0,0,0,0,0,0,1,0,0,2,0,0,1,0,0,0,0,0,0,0,0,0,0,0
PDLIM1,0,0,0,0,1,0,0,0,1,0,0,0,0,0,0,0,0,1,0,0,0,0,0,0,0,0,0,0,0,2,0,0,2,0,0,0,0,0,0,0,0,0,0,0,0,0,0,0,0,0,0,0,0,0,0,0,0,0,0,0,0,0,0,0,0,0,0,0,0,0,0,0,0,0,0,0,0,0,0,0,0,0,0,0,1,0,0,2,0,0,0,0,0,0,0,0,0,0,0,3,1,0,0,0,0,0,0,0,0,0,0,0,0,0,0,0,0,0,0,0,0,0,1,0,0,0,0,2,0,0,0,0,0,0,0,0,0,0,0,0,0,0,0,2,0,0,0,0,0,0,0,0,0,0,0,0,0,0,0,0,0,0,0,0,0,0,0,0,0,0,0,0,0,0,0,0,0,0,0,0,0,0,1,0,0,1,0,0,0,0,0,2,0,0,0,1,0,0,0,2,0,0,0,2,0,0,0,1,1,0,0,0,0,0,0,0,0,0,0,0,0,0,0,0,0,0,0,0,0,0,0,0,0,0,0,0,0,0,0,1,0,0,1,0,0,0,0,0,0,0,0,0,1,0,0,0,0,0,0,0,0,0,0,0,0,0,0,1,0,0,0,1,0,0,0,0,1,0,0,0,0,0,0,1,0,0,0,0,0,0,0,0,0,0,0,0,0,0,0,0,0,0,0,0,0,0,0,0,0,0,0,0,1,0,0,2,0,0,0,0,0,0,0,0,0,0,0,0,0,0,0,0,0,0,0,0,0,0,0,0,0,0,0,0,0,0,0,0,0,0,0,0,0,0,0,0,1,0,0,0,0,0,1,0,0,0,1,0,0,0,0,0,0,0,0,1,0,0,0,0,0,0,0,0,0,1,0,0,0,0,0,0,0,0,0,0,1,0,0,0,0,0,0,0,0,0,0,0,1,3,0,0,0,0,0,1,0,0,0,0,0,0,1,0,0,0,0,0,0,0,0,0,0,0,0,1,0,0,0,0,1,0,0,0,0,0,0,0,1,0,0,0,0,0,0,0,0,0,0,0,0,0,0,0,0,0,0,0,0,0,0,0,0,0,0,0,0,1,1,0,0,0,0,0,0,0,0,0,0,0,0,0,0,0,0,0,0,0,0,0,0,0,0,0,0,0,2,1,0,0,0,0,1,0,0,0,1,0,0,0,0,0,0,0,0,0,0,2,0,0,0,1,1,0,0,0,0,0,0,0,0,0,0,0,1,0,0,0,0,0,0,0,0,0,0,0,0,0,0,0,1,0,1,0,0,0,0,0,0,1,0,0,0,0,0,0,0,0,0,0,0,0,0,0,0,0,0,0,1,0,0,0,1,0,0,2,0,0,1,0,0,0,0,0,0,1,0,0,0,0,0,1,0,0,0,0,0,0,0,0,0,0,0,0,0,0,0,0,0,0,2,0,0,1,0,0,0,0,0,1,0,0,0,0,0,2,0,0,0,0,0,0,0,0,1,0,1,0,0,0,0,2,1,0,0,0,0,0,0,0,0,0,0,0,0,0,0,0,0,0,0,1,0,0,0,0,0,0,0,0,0,0,0,0,0,0,0,0,0,0,0,0,0,0,0,0,0,0,0,2,1,0,0,0,0,0,0,0,0,0,0,0,0,0,1,0,0,0,0,0,0,0,1,0,0,0,0,4,0,0,1,0,0,0,0,0,2,0,0,0,0,0,0,0,1,0,0,1,0,0,0,0,0,0,0,0,0,0,0,0,0,0,0,0,0,0,0,0,0,0,0,0,0,0,0,0,0,0,0,0,0,0,0,0,0,1,0,0,0,0,0,0,0,0,0,0,0,0,0,0,0,0,0,0,0,0,0,0,0,0,0,1,0,1,0,0,0,0,0,0,0,0,0,0,0,0,0,0,0,1,0,0,0,0,0,4,0,0,0,0,0,0,0,0,0,0,0,1,0,0,0,0,0,0,0,0,0,0,0,0,2,0,0,0,1,0,0,0,0,0,0,0,0,0,0,0,0,0,1,1,0,0,1,0,0,1,0,0,0,0,0,0,0,0,0,0,1,2,0,0,0,0,0,0,0,0,0,0,0,0,0,0,0,0,0,0,0,0,0,0,0,2,0,1,0,0,0,0,0,0,1,0,0,0,1,0,0,0,0,0,0,0,0,0,0,0,2,0,0,0,0,0,0,0,0,0,0,0,3,0,0,0,0,0,0,0,0,0,0,0,0,0,0,0,0,1,0,1,0,0,2,0,0,0,0,0,0,0,0,0,0,0,0,0,0,0,0,0,0,0,0,0,0,0,0,0,4,0,0,0,0,0,0,0,0,0,0,0,0,0,0,1,0,0,0,0,0,0,0,0,0,0,0,0,0,0,0,0,0,0,0,0,0,0,0,2,0,0,0,0,0,0,0,0,0,0,0,0,0,0,0,0,0,0,0,0,0,0,0,0,0,0,0,0,0,0,0,0,0,0,0,0,0,0,0,0,0,0,0,0,0,0,0,0,0,0,0,0,0,0,0,0,0,0,1,0,0,0,0,0,0,0,0,0,1,0,0,0,0,2,0,0,0,0,0,0,0,5,0,0,0,0,0,0,0,1,0,0,0,0,0,1,0,0,0,0,0,0,0,0,0,0,0,1,0,0,1,0,0,0,1,0,0,5,0,0,0,0,0,1,0,0,0,0,0,0,0,0,0,0,0,0,0,0,0,0,0,0,2,0,0,0,0,0,0,0,1,0,0,0,1,0,0,0,0,0,0,0,0,0,0,1,0,0,0,1,0,0,0,0,0,0,0,0,0,0,0,0,0,0,0,0,0,0,0,1,0,0,0,0,0,0,0,0,0,0,0,0,0,0,0,0,0,0,0,1,0,1,0,0,0,0,0,0,0,0,0,0,0,0,0,0,0,0,0,0,0,0,0,0,1,0,0,0,0,0,0,0,0,0,0,0,0,0,0,0,0,0,0,0,1,0,0,0,0,0,1,0,0,2,0,0,0,0,0,0,0,0,0,0,0,0,0,0,0,0,0,0,1,0,0,1,0,0,0,0,0,0,0,0,1,0,0,0,0,0,1,0,0,0,0,0,0,0,0,0,0,0,0,0,0,0,0,0,0,0,1,0,0,0,0,0,0,0,0,0,0,0,0,0,0,0,0,0,0,0,0,0,0,0,0,0,0,0,0,0,0,0,1,0,0,0,0,0,0,0,0,3,0,0,0,0,0,0,0,0,0,0,0,0,0,0,0,0,0,0,0,0,0,0,0,0,0,0,0,0,0,0,0,0,0,0,0,0,0,0,0,0,0,0,0,0,0,0,0,0,0,0,0,0,0,0,1,0,0,0,0,0,0,0,0,0,0,0,0,0,0,0,0,0,0,0,0,0,0,0,0,2,0,0,0,0,0,0,0,0,0,1,1,0,0,0,0,0,0,0,0,0,0,0,0,0,0,0,0,0,0,3,0,0,0,0,0,0,0,0
FYN,0,2,0,0,1,0,0,0,1,0,0,1,0,0,0,0,0,0,0,2,0,1,0,0,0,2,1,0,0,0,0,0,0,0,0,0,0,0,0,0,0,0,0,1,1,0,0,0,0,0,0,0,0,0,2,0,0,0,0,0,1,2,0,0,0,0,0,0,0,1,0,0,1,0,2,0,0,1,0,0,1,0,0,0,0,0,0,0,2,0,0,0,0,0,0,0,0,0,0,0,2,0,0,0,0,0,0,1,0,0,1,1,0,0,0,0,0,1,0,0,2,0,4,0,0,1,1,1,1,0,0,0,1,0,0,0,0,0,0,0,0,5,0,0,0,1,0,0,2,1,1,2,2,0,1,0,0,1,0,0,0,0,0,0,1,1,0,0,1,0,0,1,0,0,1,0,1,0,0,0,0,0,0,0,1,0,0,1,0,0,0,1,0,0,0,0,0,0,0,0,0,0,0,0,0,3,0,0,1,0,0,1,0,1,1,0,1,0,0,1,2,0,0,1,2,0,0,0,0,0,1,0,0,0,0,0,0,0,0,0,0,0,0,0,0,0,1,0,1,0,0,1,0,2,0,2,0,1,0,0,0,0,1,0,2,1,0,1,0,1,1,0,0,0,0,3,1,2,1,0,0,0,1,1,0,0,1,0,1,0,0,0,0,0,0,1,0,0,0,1,0,2,1,0,0,1,0,0,0,1,1,0,0,0,0,0,0,2,0,0,0,0,0,0,1,0,0,0,0,0,1,0,0,0,0,0,2,0,0,0,0,0,0,0,1,3,1,0,0,0,0,0,0,0,3,1,0,1,0,0,0,0,0,0,1,0,3,1,0,1,0,0,2,0,0,2,0,2,1,0,0,0,0,0,0,0,2,0,0,0,0,1,1,0,1,0,0,0,0,0,0,0,1,1,0,1,1,0,1,0,3,2,1,1,0,1,0,0,0,0,0,1,1,1,0,0,1,0,1,0,0,0,0,0,0,0,0,2,0,0,0,0,1,0,2,2,0,0,0,0,1,1,1,0,0,0,1,1,1,0,0,1,0,0,2,1,0,0,0,0,1,0,2,0,0,0,0,1,0,0,0,1,0,1,0,0,1,0,1,0,0,0,0,0,0,0,0,0,0,0,0,0,0,0,0,0,0,0,2,1,0,3,0,0,0,0,1,0,1,0,0,0,1,0,0,0,1,0,0,0,0,0,2,1,0,0,1,1,1,1,0,0,1,2,0,2,0,0,1,0,0,0,0,2,0,0,0,1,0,0,0,2,0,1,0,0,1,0,0,0,0,2,0,1,0,1,1,0,0,0,0,3,1,0,1,0,0,0,0,0,1,0,0,1,0,0,0,0,0,0,1,0,0,2,0,2,1,2,1,0,1,0,2,1,1,0,0,0,1,0,0,0,1,0,0,0,1,0,1,0,0,2,0,1,0,1,0,0,2,0,0,0,1,0,1,0,0,0,2,0,1,2,1,0,0,0,0,1,0,1,0,1,0,2,0,2,0,1,0,0,1,0,0,0,1,0,0,0,1,0,0,0,0,1,0,0,2,0,0,0,1,0,1,2,0,0,0,0,0,0,0,0,0,1,0,0,0,0,0,2,2,0,0,1,0,1,1,0,0,0,0,0,1,1,0,1,1,0,0,0,0,0,0,0,1,0,0,1,2,0,0,0,0,0,0,0,0,2,0,0,1,0,0,0,0,0,0,1,2,0,0,1,1,0,0,0,1,0,0,1,0,1,1,1,0,0,1,0,0,0,0,1,0,0,0,1,0,0,0,0,0,1,0,0,0,2,0,0,0,0,0,2,0,0,5,0,1,0,0,1,1,0,0,0,0,2,0,1,2,1,0,0,1,0,0,0,1,0,0,0,0,0,0,1,0,0,1,1,0,0,0,0,0,0,0,0,1,0,0,0,2,0,0,0,2,1,0,0,1,0,0,1,0,1,0,0,1,0,4,0,1,1,0,3,0,0,0,0,0,0,1,0,1,0,0,0,1,0,0,1,0,0,1,0,0,4,0,1,0,0,0,0,0,1,0,0,0,1,1,0,1,0,0,0,0,1,0,0,0,0,0,1,0,1,0,0,1,3,1,0,0,0,0,0,0,1,1,0,0,0,0,0,3,1,0,0,3,0,0,0,0,0,1,0,1,0,1,0,0,1,0,0,0,1,0,0,0,0,0,1,1,1,1,0,0,2,1,0,0,0,0,0,0,0,2,3,0,0,2,0,0,0,0,2,0,0,0,0,1,1,0,0,0,0,0,1,0,0,0,0,0,1,0,1,0,0,0,0,0,0,0,0,0,1,1,0,0,0,0,0,3,0,0,0,0,0,1,0,0,0,1,0,3,1,0,0,0,1,0,0,2,0,0,3,0,0,0,0,0,0,2,1,0,1,0,1,0,0,0,0,0,0,0,1,1,0,0,1,0,0,0,0,1,0,0,2,0,1,0,0,1,0,0,0,0,0,0,0,0,0,0,2,1,0,0,0,0,0,1,0,0,0,0,0,0,1,1,1,2,0,0,1,0,0,0,0,0,1,0,0,0,0,0,1,0,0,0,0,0,0,2,0,0,1,1,1,1,1,0,0,0,0,0,0,0,0,1,0,0,0,0,2,0,0,0,0,0,0,1,0,0,0,0,0,1,1,0,0,0,0,0,0,1,0,0,0,1,0,0,0,0,1,0,0,0,2,0,1,0,0,0,0,0,0,1,1,0,0,0,0,0,0,0,4,0,0,1,0,0,1,1,1,1,0,0,0,0,0,1,1,0,0,0,1,1,0,0,0,0,0,1,1,0,1,0,0,0,0,0,0,1,0,1,0,0,0,1,1,0,0,0,0,0,0,0,0,0,1,1,0,0,0,0,2,0,0,0,0,0,0,0,0,0,0,0,1,0,0,0,0,0,0,3,0,0,0,1,0,0,0,0,0,0,0,0,1,2,2,1,1,0,1,1,0,0,0,0,1,3,0,0,2,0,0,0,0,1,1,0,2,0,0,0,0,0,1,0,1,1,0,0,0,1,0,0,0,3,0,1,1,0,2,1,1,2,1,0,1,0,0,0,1,0,0,0,0,0,0,0,1,0,1,0,1,0,0,0,1,0,0,0,1,0,0,0,0,0,0,0,0,1,0,0,0,0,0,0,0,0,0,0,1,0,0,0,0,2,0,0,0,1,1,0,0,1,0,0,0,0,0,0,0,0,0,0,0,0,0,1,1,0,1,0,0,1,0,1,0,0,0,0,0,1,1,0,0,0,1,0,0,0,0,0,1,0,3,1,0,0,1,0,1,0,0,1,2,0,0,2,2,0,0,0,0,0,1,0,2,1,0,0,0,1,0,0,0,0,0,1,1,1,1,0,0,1,0,0,0,0,0,0,0,0,1,0,1,0,0,0,0,0,0,0,0,0,2,1,1,0,0,0,0,0,0,2,0,0,0,0,1,0,1,1,0,0,1
NA..23,0,0,0,0,0,0,0,0,1,0,0,0,0,0,0,0,0,0,0,0,0,0,0,0,0,0,0,0,0,2,0,0,2,0,0,0,0,0,0,0,0,0,1,0,0,0,6,0,0,0,0,0,0,0,0,0,0,0,0,0,0,0,0,0,0,0,0,0,0,0,0,0,0,0,0,0,0,0,0,0,0,0,0,0,0,0,0,1,0,0,0,0,0,0,0,0,0,0,0,0,0,0,0,0,0,0,0,0,0,0,0,0,0,0,0,0,0,0,0,2,0,0,0,0,0,0,0,0,0,0,0,0,0,1,0,0,0,0,0,0,0,0,0,5,0,0,0,0,0,0,0,0,0,0,0,0,0,0,0,0,0,0,0,0,0,0,0,0,0,0,0,0,0,0,0,0,0,0,0,0,0,0,0,0,0,2,0,0,0,0,0,0,0,0,0,0,0,0,0,2,0,0,0,0,0,0,2,1,0,0,0,0,0,0,0,0,0,0,0,0,0,0,0,0,0,0,0,0,0,0,0,0,0,0,0,0,0,0,0,0,0,0,0,0,0,1,0,0,0,0,0,0,0,0,0,0,0,0,0,0,0,0,0,0,0,0,0,0,0,0,0,0,0,0,0,0,0,0,0,0,0,0,0,0,0,0,0,0,0,0,0,0,0,0,0,0,0,0,0,0,0,0,0,0,0,0,0,0,0,0,0,0,0,0,0,0,0,0,0,0,0,0,0,0,0,0,0,0,0,0,0,0,0,0,0,0,0,0,0,0,0,0,0,0,0,0,0,0,0,0,0,0,0,0,0,0,0,0,0,0,0,0,0,0,1,0,0,0,0,0,0,0,0,0,0,0,0,0,0,0,0,0,0,0,0,0,0,0,0,0,0,0,0,0,0,0,1,0,0,0,0,0,0,0,0,0,0,1,0,2,0,0,0,0,0,1,0,0,0,0,0,0,0,0,0,0,0,0,0,0,0,0,0,0,0,0,0,0,0,0,0,0,0,0,0,0,0,0,0,0,0,0,0,0,0,1,0,0,0,1,0,0,0,0,0,0,0,0,0,0,0,0,0,0,0,0,0,0,0,0,0,0,0,0,0,0,1,0,0,0,0,0,0,0,0,0,0,0,0,0,0,0,0,0,0,0,0,0,0,0,0,0,0,0,0,0,0,0,0,0,0,0,0,0,0,0,0,0,0,0,0,0,0,0,0,0,0,0,0,0,0,0,0,0,0,0,0,0,0,0,0,3,0,0,0,0,0,0,0,0,0,0,0,0,0,0,0,0,0,0,0,0,0,0,0,0,0,0,0,0,0,0,0,0,0,1,1,0,0,0,0,0,0,0,0,0,0,0,0,0,0,0,0,0,0,0,0,0,0,0,0,0,0,0,0,0,0,0,0,0,0,0,0,0,0,0,0,0,0,0,0,0,0,0,0,0,0,0,0,1,0,0,0,0,0,0,0,0,0,0,0,0,0,0,0,0,0,0,0,0,0,0,0,0,0,0,0,0,0,0,0,0,0,0,0,0,0,0,0,0,0,0,0,0,0,0,0,0,0,0,0,0,0,0,0,0,0,0,0,0,0,0,0,0,0,0,0,0,0,0,0,0,0,0,0,0,0,0,0,0,0,0,0,0,0,0,0,0,0,0,0,0,0,0,0,0,0,0,0,0,0,0,0,0,0,0,0,0,0,0,0,0,0,0,0,0,0,0,0,0,0,0,0,0,0,0,0,0,0,0,0,0,0,0,0,0,0,0,0,1,0,0,0,0,0,0,0,0,0,0,0,0,0,0,0,0,0,0,0,0,0,0,0,0,0,0,0,0,0,0,0,0,0,0,0,0,0,0,0,0,0,0,0,0,0,0,0,0,0,0,0,0,0,0,0,0,0,0,0,1,0,0,0,0,0,1,0,0,0,0,0,0,0,0,0,0,0,0,0,1,0,0,0,0,0,0,0,0,0,0,0,0,0,0,0,0,0,0,0,0,0,0,0,0,0,0,0,0,0,0,0,0,0,0,0,0,0,0,0,0,0,0,0,0,0,0,0,0,0,0,0,0,0,0,0,0,0,0,0,0,0,0,0,0,0,0,0,0,0,0,0,5,0,0,1,0,0,0,0,0,1,0,0,0,0,0,0,0,0,0,0,0,0,0,0,0,0,0,0,0,0,0,0,0,0,0,0,0,0,0,0,2,0,0,0,0,0,0,0,0,0,0,0,0,0,0,0,0,0,0,0,0,0,0,0,0,0,0,0,0,0,0,0,0,0,0,0,0,0,0,1,0,0,0,0,0,0,0,0,0,0,0,0,0,0,0,0,0,0,0,0,0,0,0,0,0,0,0,0,0,0,0,0,0,0,0,0,0,0,0,0,0,0,0,0,1,0,0,0,0,0,0,0,0,0,0,0,0,0,0,0,0,0,0,0,0,0,0,0,0,0,0,0,0,0,0,0,0,0,0,0,0,0,0,0,0,0,0,0,0,0,0,0,0,0,0,0,0,0,0,0,1,0,0,0,0,0,0,0,0,0,0,0,0,0,0,0,0,0,0,0,0,0,0,0,0,0,0,0,0,0,0,0,0,0,0,0,0,0,0,0,0,0,0,0,0,0,0,0,0,0,0,0,0,0,0,1,0,0,0,0,0,0,0,0,0,0,0,0,0,0,0,0,0,0,0,0,0,0,0,0,0,0,0,0,0,0,0,0,0,0,0,0,0,0,0,0,0,1,0,0,0,0,0,0,0,0,0,0,0,0,0,0,0,0,0,0,0,0,0,0,0,0,0,0,0,0,0,0,0,0,0,0,0,0,0,0,0,0,0,0,0,0,0,2,0,0,0,0,0,0,0,0,0,0,0,0,0,0,0,0,0,0,0,0,0,0,0,0,0,0,0,0,0,0,0,0,0,0,0,0,0,0,0,0,0,0,0,0,0,0,0,0,0,0,0,0,0,0,0,0,0,0,0,0,0,0,0,0,0,0,0,0,0,0,0,0,0,0,0,0,0,0,2,0,0,0,0,0,0,0,2,0,0,0,1,0,0,0,0,0,0,0,0,0,0,0,1,0,0,0,1,0,0,0,0,0,0,0,0,0,0,0,0,0,0,0,0,0,0,0,0,0,0,0,0,6,0,0,0,0,0,0,0,0,0,0,0,0,0,0,0,0,0,0,0,0,0,0,0,0,0,0,0,0,0,0,0,0,0,0,0,0,0,0,0,0,0,0,0,0,0,0,0,0,0,0,0,0,0,0,0,0,0,0,0,0,0,0,0,0,0,0,0,0,0,0,0,0,0,0,0,0,1,0,0,0,0,0,0,0,0,0,0,0,0,0,0,0,0,0,0,0,0,0,0,0,0,0,0,0,0,0,0,0,0,0,0,0,0,0,0,0,0,0,0,0,0,0,0,0,0,0,0,0,0,0,0,0,0,0,0,0,0,0,0,0,0,0,0,0,0,0,0,0,0
PECAM1,0,1,0,0,0,0,0,0,0,0,0,0,0,0,0,2,0,0,0,0,0,0,1,0,1,0,0,0,0,0,0,0,0,1,0,0,0,0,0,0,0,0,1,0,0,0,0,0,0,0,1,0,0,0,0,0,1,0,0,0,1,0,0,0,0,0,0,0,1,0,0,0,0,0,0,0,0,1,0,1,0,0,2,1,0,0,0,0,1,0,0,0,0,0,0,0,0,0,0,0,0,0,1,0,0,1,0,1,1,0,0,0,1,1,0,0,0,0,0,0,0,1,0,0,0,0,0,0,0,0,0,1,0,0,0,0,0,0,1,0,0,0,0,0,1,0,0,1,0,0,0,0,0,0,0,0,0,0,0,0,0,0,0,0,0,0,0,0,2,1,0,0,0,0,0,0,0,0,2,0,0,0,1,0,1,0,0,0,0,0,3,0,0,0,0,1,0,0,0,0,0,0,0,0,0,0,0,0,0,0,0,0,0,0,0,0,0,0,1,1,0,0,1,0,0,0,0,1,0,0,0,2,1,2,0,0,0,0,0,0,0,0,0,0,0,0,0,2,1,0,1,1,0,0,0,0,0,0,1,1,0,0,0,2,0,0,0,1,2,0,1,0,0,2,1,1,0,0,0,0,0,0,1,0,2,0,1,0,0,0,0,0,0,0,0,0,0,0,0,0,0,0,0,0,1,0,0,0,6,0,0,0,0,0,0,0,1,0,0,0,0,2,1,0,0,0,3,0,0,0,0,1,0,1,0,0,0,0,1,0,2,0,2,0,0,0,0,0,0,0,0,0,1,0,0,0,1,0,0,0,1,0,0,0,0,0,1,0,0,0,0,0,0,0,1,1,0,0,0,2,0,0,1,0,0,0,0,0,0,0,0,3,0,3,0,1,0,0,0,4,0,0,1,0,0,0,0,0,0,1,0,0,1,1,0,1,0,0,0,0,0,0,0,0,3,0,1,0,0,1,0,0,0,0,1,0,2,0,0,1,0,2,0,0,0,0,1,0,0,0,0,0,1,0,2,0,0,2,0,0,1,0,0,0,0,0,0,0,2,0,1,1,0,0,0,2,2,0,0,0,0,0,0,0,1,0,0,0,0,1,1,0,0,0,0,1,0,0,0,0,0,1,0,0,0,0,1,0,0,1,0,0,1,0,0,0,0,0,0,0,0,0,0,0,0,1,0,0,0,0,1,0,0,0,0,0,2,0,0,0,1,0,0,0,0,0,1,0,0,0,0,0,0,0,0,1,0,3,0,0,0,0,0,1,0,0,0,0,0,0,0,0,0,0,0,0,0,0,0,0,0,0,0,0,0,0,0,0,0,0,0,0,0,0,0,0,0,0,1,0,0,2,0,1,0,0,0,0,0,0,0,0,1,0,0,0,0,0,0,0,0,0,0,0,0,0,0,0,1,1,0,0,0,0,1,0,0,0,0,0,0,0,0,0,0,0,0,0,0,0,0,1,0,0,0,0,1,0,1,0,1,0,0,0,0,0,0,0,0,0,0,0,1,0,1,0,0,1,0,0,1,0,0,0,0,0,0,0,0,0,0,0,0,1,0,0,0,0,0,0,0,0,1,0,0,1,0,0,0,0,0,0,0,0,3,0,1,0,0,0,0,0,0,0,1,0,0,0,0,0,0,0,0,0,1,1,0,0,0,0,0,0,0,0,0,0,0,0,1,0,1,0,0,0,0,0,1,0,0,0,0,0,0,0,3,0,1,0,0,0,0,0,0,0,1,0,0,0,0,0,0,0,0,0,2,1,1,0,0,0,0,0,0,1,0,0,0,0,0,0,0,1,0,0,0,0,0,0,1,0,0,0,0,1,0,0,0,0,0,0,0,0,0,0,0,0,0,0,0,0,0,0,1,0,0,0,0,1,0,0,0,0,0,1,0,0,0,0,0,1,0,0,1,0,0,0,0,3,0,0,0,0,0,1,0,0,1,0,0,0,0,1,3,0,0,0,0,0,0,0,0,0,2,2,1,0,0,0,0,0,0,1,0,0,0,2,0,0,0,0,0,0,0,0,0,0,0,0,0,1,1,0,0,0,2,0,1,0,0,0,0,0,1,1,0,0,0,0,0,2,2,0,0,0,0,0,0,0,0,0,0,0,0,0,0,0,0,0,0,0,1,0,2,0,0,0,0,0,1,1,0,0,0,0,0,0,0,0,0,0,0,2,1,0,0,1,0,0,0,0,0,0,0,2,0,0,0,0,0,0,0,0,0,0,0,0,0,0,1,0,0,1,0,0,0,0,0,0,0,0,0,0,0,0,0,0,0,0,0,1,0,0,0,0,0,0,0,0,0,1,0,1,0,0,0,0,0,1,0,1,0,0,0,0,0,0,0,0,0,0,0,0,1,0,1,1,1,0,0,0,0,0,2,2,1,0,0,2,0,0,1,0,2,1,0,0,0,0,0,0,1,1,0,0,0,0,0,0,0,0,0,0,0,0,0,2,0,0,0,0,0,0,3,0,0,0,0,0,0,2,0,0,0,0,0,0,0,0,0,1,0,0,0,0,0,0,0,0,0,0,0,0,0,0,0,0,0,0,0,0,0,1,1,0,0,0,0,0,1,0,1,1,0,0,0,0,0,0,0,0,0,0,0,0,0,0,0,0,0,0,0,0,0,0,1,0,0,0,1,1,0,0,2,0,0,0,0,0,1,0,0,0,0,0,0,0,1,0,0,0,0,0,0,0,0,0,0,3,0,0,0,1,0,2,0,1,4,0,0,0,1,0,0,1,1,0,0,0,0,0,0,1,0,0,0,0,0,0,0,0,0,1,0,0,0,0,0,0,0,0,3,0,0,0,0,0,1,1,0,0,2,0,1,0,0,0,0,0,1,0,0,1,0,0,0,0,0,0,1,1,1,0,1,0,0,1,0,0,0,1,1,1,0,0,0,0,1,0,1,0,2,1,0,1,0,0,0,0,1,0,1,0,0,0,0,0,0,0,0,0,1,0,1,1,0,0,0,0,1,0,0,0,0,0,0,0,0,1,1,0,0,0,0,0,0,0,1,1,0,0,1,0,0,0,0,0,0,0,1,0,0,3,0,1,0,1,0,0,0,0,0,0,1,0,1,0,0,0,0,0,1,1,0,1,1,0,0,1,0,0,3,0,0,0,0,1,0,0,0,1,0,0,0,0,0,0,0,2,0,0,0,1,0,0,1,0,0,0,0,0,0,0,1,0,0,0,0,0,0,0,0,0,0,1,0,0,0,0,0,0,0,0,0,0,0,0,0,0,1,0,0,0,1,0,0,0,0,0,0,0,0,0,4,0,0,0,1,0,0,0,1,0,0,1,1,0,0,0,0,0,0,0,0,0,0,0,0,3,1,0,0,0,1,2,0,0,0,0,0,0,0,2,0,0,0,0,2,0,0,0,0,0,0,1,0,0,0,0,2,0,0,0,0,0,0,0,0,2,0,0,0,0,1,0,0,0
IQGAP1,1,0,0,1,1,1,2,1,1,0,0,0,2,0,0,0,0,0,1,0,0,0,0,3,0,0,0,0,1,0,0,0,0,1,1,0,0,0,0,1,0,0,0,1,0,0,1,0,0,0,0,0,2,1,0,2,0,0,0,1,1,0,1,1,0,1,0,0,1,0,0,0,0,2,2,0,0,1,0,1,0,0,1,1,0,0,0,0,2,0,0,0,0,0,0,0,0,0,0,0,0,0,2,0,2,1,0,1,2,0,0,0,0,1,0,0,0,0,0,0,0,1,1,0,0,0,0,0,0,0,0,0,0,0,1,0,0,1,3,0,1,0,0,0,2,0,2,3,3,1,1,1,0,0,0,0,0,0,0,0,0,0,1,2,0,1,0,0,1,1,0,0,1,0,0,0,0,0,0,1,0,0,0,1,0,1,0,0,4,0,1,0,0,0,0,0,0,1,0,0,0,0,0,0,0,1,0,1,0,0,1,0,1,0,2,0,0,0,0,2,0,1,0,1,3,0,1,1,1,0,1,0,0,1,2,0,3,1,1,1,2,0,0,0,0,0,0,0,4,0,0,3,0,2,1,0,0,0,2,1,0,0,0,0,0,2,0,1,0,0,1,1,1,1,0,0,1,4,1,0,0,1,0,1,0,0,0,0,1,0,0,1,2,1,0,0,0,0,1,0,0,0,0,0,1,0,0,0,5,0,1,0,0,1,0,0,0,0,2,0,0,0,6,0,0,0,2,1,1,0,0,1,0,0,2,0,0,1,1,3,5,1,3,0,0,0,0,0,0,0,0,1,4,0,0,4,1,0,0,2,0,0,0,0,2,0,3,0,0,0,0,1,0,0,0,2,0,1,0,1,2,0,0,1,0,0,0,0,0,1,0,2,1,1,0,1,0,0,0,1,1,0,0,0,3,0,1,0,0,2,0,1,2,1,0,3,0,1,0,0,1,0,1,0,1,0,0,1,1,0,0,0,0,0,0,1,0,0,0,0,0,0,1,0,0,3,1,0,0,0,0,1,0,0,1,1,0,4,0,2,0,0,0,0,1,0,0,0,1,0,3,2,1,0,0,0,1,0,0,0,0,0,1,0,3,0,0,1,0,1,0,0,0,2,0,1,0,1,0,0,0,1,0,0,0,0,2,2,0,0,1,0,0,0,0,0,0,0,0,0,0,0,0,2,0,1,0,0,0,0,0,0,2,0,2,0,0,0,0,1,0,2,1,0,0,1,0,1,0,0,1,3,0,0,1,3,1,2,0,0,0,1,0,0,0,0,1,1,0,0,1,0,0,0,0,0,0,0,0,0,0,0,0,0,0,2,1,0,1,2,0,0,1,1,0,0,0,0,1,0,0,2,0,2,0,2,1,0,0,0,0,0,0,1,2,1,0,1,1,2,1,1,2,0,1,0,0,1,0,0,0,0,1,1,2,0,0,0,1,0,2,0,0,0,0,0,1,0,0,1,0,0,0,0,0,0,1,0,1,1,1,1,0,2,1,0,3,0,0,2,1,0,0,1,2,0,2,0,0,1,1,2,1,0,0,1,0,0,0,0,0,0,0,0,0,1,1,0,0,2,0,0,2,0,1,3,0,2,0,2,1,1,0,1,4,0,0,1,0,0,0,0,1,1,0,0,1,0,0,0,2,0,0,0,0,0,3,0,1,0,1,0,0,1,0,0,0,0,0,0,1,0,0,1,0,0,0,0,0,0,1,2,1,0,0,0,2,0,0,0,0,0,0,0,1,0,0,0,2,1,1,0,0,1,1,0,2,0,1,0,0,1,0,1,1,2,0,0,1,0,2,0,0,1,1,1,0,2,0,0,1,1,0,1,0,0,0,0,0,0,1,0,1,0,0,0,0,1,1,0,0,2,0,0,1,0,0,0,2,2,1,0,2,0,0,1,0,0,0,0,0,0,1,0,0,0,0,0,0,2,0,0,1,0,0,1,0,0,1,0,0,1,1,0,0,0,0,0,0,0,1,0,1,1,1,0,0,0,2,0,0,2,1,1,0,2,1,0,0,0,0,1,0,0,1,0,1,0,1,0,3,0,0,1,2,0,0,0,0,0,0,1,1,0,0,2,0,1,1,0,0,0,1,0,0,0,0,2,0,1,0,0,1,0,0,0,0,1,0,0,0,0,1,0,0,0,0,0,0,3,0,0,0,0,1,0,0,0,1,3,0,4,3,1,0,2,0,0,1,0,0,0,0,0,0,0,0,0,0,0,0,1,0,1,0,1,0,0,0,1,0,1,0,0,0,0,1,1,0,0,1,1,1,0,0,0,1,0,2,0,1,0,0,0,0,0,0,0,1,0,1,5,0,0,0,3,0,0,2,0,1,0,0,0,1,0,0,0,0,0,0,2,0,0,1,0,2,0,0,0,0,0,2,1,1,0,1,1,0,1,2,0,0,1,0,4,0,0,1,5,1,1,0,0,0,2,0,1,0,0,3,1,0,1,0,0,0,0,0,0,0,0,3,0,3,0,2,1,0,2,0,2,1,0,0,0,2,0,0,0,0,0,0,0,0,0,0,0,0,1,0,0,1,0,0,0,0,2,1,1,0,0,1,1,0,1,0,0,1,3,1,0,1,2,1,0,0,0,0,0,0,1,0,0,0,0,0,0,0,0,0,0,1,2,1,1,1,0,0,3,0,0,1,0,0,0,0,0,1,2,0,0,0,0,0,1,0,2,3,1,0,0,1,0,0,0,0,2,2,1,0,0,1,3,0,1,2,1,1,0,0,1,0,0,0,0,3,1,0,0,3,3,0,0,0,0,0,0,0,1,0,0,1,0,2,0,1,0,1,0,2,0,2,2,0,0,0,0,0,0,0,0,5,1,0,1,0,1,0,0,0,0,0,0,0,1,0,0,2,0,3,0,2,0,0,2,1,0,0,1,1,0,0,0,1,0,1,0,1,0,1,2,0,0,0,1,1,1,0,1,0,1,0,0,0,0,0,1,1,0,0,0,1,1,0,0,0,0,0,1,2,0,0,0,0,1,0,0,2,0,0,1,1,0,0,0,0,0,2,0,0,3,0,0,1,0,1,2,1,0,0,2,0,0,1,1,1,2,0,1,0,2,0,0,4,0,3,0,0,2,3,0,0,0,0,0,1,0,1,0,2,1,0,0,1,1,0,0,1,2,0,3,0,0,0,0,1,0,0,1,0,1,0,0,0,0,1,0,0,0,1,0,0,4,0,0,1,0,0,0,0,0,0,0,1,0,1,1,0,0,1,0,0,0,0,0,0,0,2,1,0,0,1,0,0,2,0,1,0,1,1,0,0,2,0,0,2,0,1,0,1,0,1,3,1,0,0,0,0,2,1,2,1,0,1,2,0,2,0,0,0,0,0,1,0,0,1,0,0,1,1,1,0,1,0,0,1,0,0,0,0,2,0,0,0,0,0,0,2,0,1,2,0,0,0,0,0,1,0,0,0,3,0,0,0,0
GNG11,0,0,0,0,0,0,0,0,0,0,0,0,0,0,0,0,0,0,0,0,0,0,0,0,0,0,0,0,0,0,0,0,0,0,0,0,0,0,0,0,0,0,0,0,0,0,0,0,0,0,0,0,0,0,0,0,0,0,0,0,0,0,0,0,0,0,0,12,4,0,0,0,0,0,0,0,0,0,0,0,0,0,0,0,0,0,1,0,0,0,0,0,0,0,0,0,0,0,0,0,0,0,0,0,0,0,0,0,0,0,0,0,0,0,0,0,0,0,0,0,0,0,18,0,0,0,0,0,0,0,0,0,0,0,0,0,0,0,0,0,0,0,0,0,0,0,0,0,0,0,0,0,1,0,0,0,0,0,0,0,0,0,0,0,0,0,0,0,0,0,0,0,0,0,0,0,0,0,1,0,0,0,1,0,0,0,0,0,0,0,0,0,0,0,0,0,0,0,12,0,0,0,0,0,0,0,0,0,0,0,0,0,0,0,0,0,0,0,0,0,0,0,0,0,0,0,0,0,0,1,0,0,0,0,0,0,0,0,0,0,0,0,0,0,0,0,0,1,0,0,1,0,0,0,0,0,0,0,0,0,0,0,0,0,0,0,0,0,0,0,0,0,0,0,0,0,0,0,0,0,0,0,0,0,0,0,0,0,0,0,0,0,0,0,0,0,0,0,0,0,0,0,0,0,0,0,0,0,0,0,0,0,0,0,0,0,0,0,1,0,0,0,0,0,0,0,0,0,0,0,0,0,0,0,0,1,0,0,0,0,0,0,0,0,0,0,0,0,0,0,0,0,0,0,0,0,0,0,0,0,0,0,0,0,0,0,0,0,0,0,0,0,0,0,0,1,0,0,0,0,0,0,1,0,0,0,0,0,0,0,0,0,0,0,0,0,0,0,0,0,0,0,0,0,0,0,0,0,0,0,0,0,0,0,0,0,0,0,0,0,0,0,0,0,0,0,0,0,0,0,0,0,0,0,0,0,1,0,0,0,0,0,1,0,0,0,0,0,0,0,0,0,0,0,0,0,0,0,0,1,0,0,0,0,0,0,0,0,0,0,0,0,0,0,0,0,0,0,0,0,0,0,0,0,0,0,0,0,0,0,0,0,0,0,0,0,0,0,0,0,0,0,0,0,0,0,0,0,0,0,0,0,0,0,0,0,0,0,0,0,0,0,0,0,0,0,0,0,0,0,0,0,0,0,0,0,0,1,0,0,1,0,0,0,0,0,0,0,1,0,0,0,0,0,0,0,0,0,0,0,0,0,0,0,0,0,0,0,0,0,0,0,0,0,0,0,0,0,0,0,0,0,0,0,0,0,0,0,0,0,0,0,0,0,0,0,0,0,0,0,0,0,0,0,0,0,0,0,0,0,0,0,0,0,0,0,0,0,0,0,0,0,0,0,0,0,0,0,0,0,0,0,0,0,0,0,0,0,0,1,0,0,0,0,0,0,1,0,0,0,0,0,0,0,0,0,0,0,0,0,0,0,0,0,0,0,0,0,0,0,0,0,0,0,0,0,0,0,0,0,0,0,0,0,0,0,0,0,0,0,0,0,0,0,0,0,0,0,0,0,0,0,0,0,0,0,0,0,0,0,0,0,0,0,0,0,0,0,0,0,0,0,0,0,0,0,0,0,0,0,0,0,0,0,3,0,0,0,0,0,0,0,0,0,0,0,0,0,0,0,0,0,0,1,0,0,0,0,0,0,0,0,0,0,0,0,0,0,0,0,0,0,0,0,1,0,0,0,0,0,0,0,0,0,0,0,0,0,0,0,0,0,0,0,1,0,0,0,0,0,0,0,0,0,0,0,0,0,0,0,0,0,0,0,0,0,0,0,0,0,0,0,0,0,0,0,0,0,0,0,0,0,0,0,0,0,0,0,0,0,0,0,0,0,0,0,0,0,0,0,0,0,0,0,0,0,0,0,0,0,0,0,0,0,0,0,0,0,0,0,0,0,0,0,0,0,0,0,0,0,0,0,0,0,0,0,0,0,0,0,0,0,0,1,0,0,0,0,0,0,0,0,0,0,0,0,0,0,1,0,1,0,0,0,0,0,0,0,0,0,0,1,0,0,0,0,0,0,0,0,0,0,0,0,0,0,0,0,0,0,0,0,0,0,0,0,0,0,0,0,0,0,0,0,0,0,0,0,0,0,0,0,0,0,0,0,0,0,0,0,0,0,0,0,0,1,0,0,0,0,0,0,0,0,0,0,0,0,0,0,0,0,0,0,0,0,0,0,0,0,0,0,0,0,0,0,0,0,0,0,0,0,0,0,0,0,0,0,0,0,0,0,0,0,0,0,0,0,0,0,0,0,0,0,0,0,0,0,0,0,0,0,0,0,0,0,0,0,0,0,0,0,0,0,0,0,0,0,0,0,0,0,0,0,1,0,0,0,0,0,0,0,0,0,0,1,0,0,0,0,0,0,0,0,0,0,0,0,0,0,0,0,0,0,0,0,0,0,0,0,1,0,0,0,0,0,0,0,0,0,0,0,0,0,0,0,0,0,0,0,0,0,0,0,0,0,0,0,0,0,0,0,0,0,0,0,0,0,0,0,0,0,0,0,0,0,0,0,0,0,0,0,0,1,0,0,0,0,0,0,0,0,0,0,0,0,0,0,0,0,0,0,0,0,0,0,0,0,0,0,0,0,0,0,0,0,0,0,0,0,0,0,0,0,0,0,0,0,0,0,0,0,0,0,0,0,0,0,0,0,0,0,0,0,0,0,0,0,0,0,0,0,0,0,1,0,0,0,0,0,0,0,0,0,0,0,0,0,0,0,0,0,0,0,0,0,0,2,0,0,0,0,0,0,0,0,0,0,0,0,0,0,0,0,0,0,0,0,0,0,0,0,0,0,0,0,0,0,0,0,0,0,0,0,0,0,0,0,0,0,0,0,0,0,0,0,0,0,0,0,0,0,0,0,0,0,0,0,0,0,0,0,0,0,0,0,0,0,0,0,0,0,0,0,0,0,0,0,0,0,1,0,0,0,0,0,0,0,0,0,0,0,0,0,0,1,0,0,0,0,0,0,0,0,0,0,0,0,0,0,0,0,0,0,0,0,0,0,0,0,0,0,0,0,0,0,0,0,0,0,0,0,0,0,0,0,0,0,0,0,0,0,0,0,0,0,0,0,1,0,0,0,0,0,0,0,0,0,0,0,0,0,0,0,0,0,0,0,0,0,0,0,0,0,0,0,0,0,0,0,0,0,0,0,0,0,0,0,0,0,0,0,0,0,0,0,0,0,0,0,0,0,0,0,0,0,0,0,0,0,0,0,0,0,0,0,0,0,0,0,0,0,0,0,0,0,0,0,0,0,0,1,0,0,0,0,0,0,0,0,0,0,0,0,0,0,0,0,0,0,0,0,0,0,0,0,0,0,0,0,0,0,0,0,0,0,0,0,0,0,0,0,0,0,0,0,0,0,0,0,0,0,0,0,0,0
CTSB,0,0,2,0,0,0,0,0,0,0,0,0,2,0,0,1,0,0,1,1,0,0,0,0,0,0,0,0,0,1,0,0,1,3,0,0,0,0,0,0,0,0,1,0,0,1,1,0,0,0,0,0,3,0,0,2,0,0,1,0,1,0,0,1,1,0,0,0,0,0,0,0,0,0,0,0,0,2,0,0,0,0,1,1,0,0,1,1,0,0,1,1,0,0,0,2,0,0,0,0,0,0,0,0,0,2,0,0,0,0,0,0,1,1,0,0,0,1,0,0,0,0,0,0,0,0,0,0,0,0,0,0,0,0,0,0,0,1,1,0,0,1,1,0,3,0,0,0,0,1,2,0,0,0,0,0,0,0,0,0,0,0,2,0,0,1,0,0,2,2,0,0,0,0,1,0,0,0,2,0,0,0,0,0,1,0,0,0,2,1,0,2,0,0,0,0,1,0,0,1,1,0,0,0,0,0,0,0,0,0,0,0,0,0,0,0,0,0,4,4,0,0,8,0,0,0,0,0,0,0,0,0,1,0,0,0,0,0,1,0,0,0,0,0,0,0,0,1,1,2,0,1,0,0,0,0,0,1,0,0,0,0,0,1,0,0,0,0,0,1,0,1,1,1,0,0,0,1,2,1,0,1,0,0,0,0,0,0,0,2,0,0,1,0,1,0,0,0,1,0,0,0,0,0,0,0,0,0,3,0,0,0,0,2,0,0,0,0,0,0,0,0,6,0,0,0,0,1,0,0,0,0,0,0,0,0,1,0,0,1,2,1,3,0,1,0,0,3,0,1,0,0,0,0,0,0,0,0,1,0,0,0,0,1,0,0,1,0,0,0,0,1,0,0,0,4,0,0,0,1,0,0,2,0,0,1,0,0,1,0,0,2,2,2,0,2,0,0,0,1,0,0,0,0,2,0,1,0,0,0,0,0,3,0,0,2,0,0,0,0,0,0,0,0,0,0,0,0,0,1,0,0,0,0,0,0,0,0,0,1,0,0,1,0,0,4,0,1,0,0,0,0,2,2,1,0,0,1,0,0,3,0,0,1,1,0,0,0,2,0,1,1,0,0,0,0,0,0,0,0,1,0,0,0,1,0,0,0,0,2,0,0,0,0,0,1,0,0,0,1,1,0,0,0,0,0,0,0,0,0,1,0,0,0,0,0,0,0,0,0,0,1,1,1,0,0,0,0,1,0,2,0,0,0,1,1,0,0,0,0,0,1,0,0,1,0,1,0,1,0,0,1,0,0,0,3,0,1,0,0,0,0,0,0,0,0,0,0,1,0,1,0,0,1,0,0,0,1,1,0,0,1,0,1,0,0,0,0,0,0,0,0,0,1,0,0,0,0,0,0,0,0,0,0,0,0,1,0,0,0,1,0,0,0,0,0,0,2,1,0,1,0,0,1,1,0,0,2,0,0,0,0,0,0,0,0,0,1,0,0,0,1,1,0,1,0,5,0,0,0,0,0,0,1,0,1,0,0,1,1,1,0,0,0,1,0,0,0,1,0,0,0,0,0,0,0,0,0,0,0,0,0,0,0,0,0,0,1,1,0,0,0,1,0,0,1,0,1,0,0,1,0,3,0,0,3,0,0,0,0,0,0,0,0,1,0,0,0,0,0,0,1,0,0,0,1,0,0,0,0,0,0,0,0,8,1,1,0,0,0,0,0,0,0,0,0,0,1,0,1,0,0,0,0,1,0,0,0,0,1,0,0,0,0,0,0,2,0,0,0,0,0,1,0,1,1,1,0,0,0,1,0,0,0,0,2,0,0,0,1,2,0,0,0,1,0,0,0,1,0,0,0,0,0,0,0,0,0,0,0,0,0,0,0,0,0,0,0,0,0,0,1,2,0,0,0,1,0,0,0,0,0,0,0,0,0,0,3,1,0,3,0,1,0,2,0,0,0,0,0,0,0,0,1,0,0,1,3,0,0,0,0,0,2,1,1,0,0,1,0,0,0,2,0,0,1,0,1,0,0,0,0,0,2,0,0,0,0,0,0,0,0,0,0,0,3,0,0,0,0,0,0,0,1,0,0,0,0,1,1,0,0,0,0,0,0,0,0,0,0,1,1,0,0,3,0,0,0,1,4,0,0,0,0,0,0,0,2,0,0,0,0,1,0,0,0,0,0,0,0,0,0,0,1,0,0,0,1,1,0,0,0,0,1,1,0,0,0,0,2,0,2,1,0,0,0,0,0,1,0,0,1,0,1,0,1,2,0,0,0,0,0,0,0,0,0,0,0,0,0,1,0,0,0,0,1,0,0,0,0,0,0,0,0,0,0,0,0,2,0,0,0,0,1,0,0,0,2,0,1,1,1,0,0,0,3,0,2,0,0,0,0,0,0,1,0,0,1,0,0,0,0,0,0,0,0,1,0,0,0,0,0,1,3,1,0,1,0,0,1,0,0,0,0,0,2,1,1,0,2,2,0,0,0,0,2,0,0,0,0,2,0,1,6,0,2,0,0,0,0,0,0,1,2,0,0,0,0,0,0,0,0,0,0,0,0,1,0,1,1,0,0,2,0,0,0,1,0,1,0,0,1,1,0,1,0,0,0,1,0,0,0,0,0,0,0,0,0,3,0,0,0,1,1,0,0,0,0,1,0,0,0,0,0,0,0,0,1,0,0,1,0,0,0,5,0,1,0,0,0,0,1,0,0,0,0,0,0,0,0,0,1,0,0,1,0,2,0,0,0,0,0,0,1,0,0,0,2,0,0,0,0,0,0,0,0,4,0,0,1,0,2,1,0,0,1,0,1,0,0,0,3,0,0,0,6,0,0,0,0,0,0,1,0,0,0,0,0,0,0,1,0,1,1,0,0,1,0,0,0,0,0,1,1,0,0,0,0,2,0,0,0,0,0,0,0,0,0,0,0,3,0,0,1,0,3,2,0,0,0,0,0,2,0,1,0,0,1,0,0,0,0,0,0,0,1,0,1,0,0,0,0,0,0,0,0,0,0,0,0,0,0,0,1,0,0,0,1,0,2,0,0,0,0,0,0,0,0,1,1,2,0,0,0,0,0,0,0,1,0,0,0,0,0,1,0,0,0,1,0,0,1,1,0,0,6,0,0,0,0,0,0,0,0,5,0,0,1,0,2,0,0,0,0,0,0,1,0,0,1,2,0,1,0,0,1,0,0,0,3,0,0,0,0,0,0,0,0,0,1,0,0,0,0,0,0,0,0,0,0,1,0,2,2,1,1,1,0,0,0,0,0,0,0,0,0,0,0,0,0,0,0,0,0,0,0,0,0,0,0,0,0,0,0,0,0,0,1,0,2,0,0,2,0,0,0,0,0,0,0,0,1,0,1,2,1,1,1,1,1,0,0,0,0,0,0,0,0,2,0,0,0,0,0,0,0,0,0,2,1,0,0,0,0,0,0,1,1,0,1,0,0,0,0,0,0,0,0,0,0,1,2,0,1,0,0,1,0,0,1,0,0,0,0,0,0
DENND2D,0,2,0,2,0,0,0,0,0,0,0,1,0,1,0,0,0,2,0,2,0,0,0,0,1,1,0,0,1,0,0,0,0,0,2,1,1,0,0,0,0,0,0,0,1,0,0,0,1,0,1,1,0,1,0,0,1,1,0,1,0,0,0,0,0,0,0,0,0,0,0,0,1,0,0,0,0,0,0,0,0,0,0,0,0,0,0,0,1,0,0,0,0,0,0,0,0,0,0,0,0,1,0,1,0,0,1,3,1,0,1,0,0,0,0,2,0,0,0,0,1,0,0,0,2,0,1,0,0,0,0,0,0,0,0,0,0,1,0,0,0,0,1,0,0,3,0,0,0,1,0,1,0,1,0,0,0,0,0,0,0,0,0,0,0,1,0,0,0,1,0,1,0,0,0,0,1,1,0,0,1,0,0,0,0,0,0,2,0,0,0,0,1,0,0,0,0,1,0,0,0,0,0,0,0,0,0,0,0,0,1,1,2,0,0,2,1,0,0,0,1,0,0,0,0,1,0,0,1,0,1,0,0,0,0,1,0,0,0,0,0,0,0,0,0,0,1,0,0,0,2,0,0,0,1,0,0,1,0,0,0,0,0,0,0,0,0,0,2,1,3,0,0,0,0,0,0,0,0,1,0,0,0,1,1,1,2,0,0,0,1,0,0,0,0,0,0,0,0,0,0,0,0,0,0,0,0,0,0,0,0,0,2,0,0,0,0,0,0,0,0,0,0,0,1,0,0,0,0,0,1,0,0,0,0,0,0,0,0,2,0,0,0,1,0,2,0,0,0,0,0,0,0,0,0,0,0,1,0,0,0,0,0,0,0,0,0,0,1,0,3,0,0,0,0,1,0,2,1,0,0,0,0,0,0,0,0,0,0,0,2,0,0,0,0,0,0,1,0,0,0,0,0,0,1,0,1,0,0,0,1,1,0,1,1,0,0,1,0,0,0,0,1,0,0,0,0,0,0,0,0,0,0,0,0,0,0,1,0,0,0,1,0,0,0,0,5,0,1,0,0,1,0,0,0,0,1,0,0,0,0,0,0,0,0,1,1,0,0,0,0,1,0,0,0,0,0,0,0,0,0,1,1,0,0,1,0,0,0,0,0,0,1,0,0,0,1,0,0,1,0,0,0,0,0,0,0,0,1,0,0,0,0,0,0,0,1,0,1,0,0,0,0,0,0,0,0,0,0,1,0,0,0,0,1,0,1,0,0,0,0,0,0,1,0,0,0,0,0,1,0,0,1,0,0,0,0,2,0,2,0,0,0,0,0,1,0,0,0,0,0,1,3,0,0,0,1,1,0,0,0,0,0,0,0,1,0,0,0,0,0,0,1,0,0,0,0,0,0,0,0,0,0,1,0,1,0,0,0,0,0,0,2,0,0,1,0,0,0,0,0,1,0,0,0,1,0,0,0,0,0,0,0,1,0,2,0,0,0,1,0,0,0,0,0,0,0,1,0,0,1,0,0,0,0,0,0,3,0,0,1,0,0,0,0,1,0,0,1,0,0,2,0,0,3,1,0,0,0,0,0,0,0,0,0,0,0,1,0,1,0,0,0,0,0,0,1,0,0,1,0,0,0,0,0,0,0,0,1,0,0,1,0,1,0,0,0,0,1,0,0,0,0,1,0,0,0,2,0,0,0,0,1,0,1,1,0,0,0,0,0,0,0,0,0,1,1,0,0,0,1,0,0,0,0,1,1,0,0,0,0,0,0,0,0,0,0,1,0,1,0,1,1,0,0,0,0,2,0,0,0,0,0,0,0,0,0,1,0,1,0,0,0,0,0,1,1,0,0,0,0,0,0,0,2,2,0,0,0,0,0,0,0,0,0,0,0,1,1,3,0,0,0,0,0,0,1,0,0,0,1,0,0,0,3,0,0,1,0,0,0,0,0,0,0,0,0,1,2,0,0,0,0,0,1,0,0,0,0,0,2,1,0,1,0,0,0,0,0,0,0,0,0,0,0,0,1,0,0,0,0,0,0,1,0,0,0,0,1,0,0,0,1,0,0,0,1,0,0,0,0,1,0,0,0,0,0,0,0,0,0,1,0,0,0,1,0,0,0,0,0,0,0,1,0,0,0,2,0,1,1,0,0,0,1,0,0,1,0,0,0,1,1,0,1,0,0,0,1,0,0,0,0,0,0,0,0,2,1,0,2,0,0,1,0,0,0,0,0,0,0,0,0,0,2,0,0,0,0,1,0,1,0,0,0,0,0,1,0,0,0,0,0,1,1,0,0,0,0,2,0,0,0,1,1,1,0,0,0,0,0,0,0,0,0,1,0,0,0,0,0,0,0,0,0,0,0,0,0,0,0,0,0,1,0,0,1,0,0,0,0,0,0,1,0,1,0,1,0,0,0,0,0,0,0,0,0,0,0,0,0,0,0,0,0,2,0,0,0,0,0,0,0,0,0,0,0,0,0,1,0,0,1,0,0,1,0,1,0,0,0,1,0,0,0,0,0,1,0,1,0,0,0,0,0,1,0,0,0,0,0,1,0,0,0,0,0,0,0,0,0,0,0,0,0,0,1,0,0,0,1,0,0,1,0,0,0,0,0,0,0,0,0,0,0,0,1,0,0,0,0,0,0,0,0,1,0,0,0,0,0,1,0,0,0,1,0,0,1,0,0,0,3,0,0,0,0,0,0,0,1,0,0,0,0,1,0,0,0,0,0,1,0,0,1,0,0,0,0,1,0,0,0,0,1,2,0,0,1,0,1,2,0,0,0,0,0,0,1,0,1,0,1,1,0,0,0,0,0,1,0,0,0,0,1,0,0,0,2,0,0,1,1,0,0,0,0,0,2,0,2,1,0,1,0,0,0,2,1,0,1,1,0,0,1,0,0,1,1,0,0,0,1,0,0,0,0,0,0,0,0,1,0,0,0,0,0,0,0,0,0,0,3,0,0,0,1,0,0,0,0,0,0,0,0,0,0,0,1,0,0,0,0,1,0,0,0,0,3,0,0,0,0,0,0,0,0,0,0,0,0,0,1,0,0,0,1,0,0,0,0,0,0,1,1,0,0,0,0,0,0,0,0,2,0,1,0,0,0,0,0,0,0,0,0,1,1,0,0,2,0,0,0,0,0,0,0,1,0,0,1,0,0,0,0,1,0,0,1,0,0,0,2,0,1,0,0,0,1,0,0,0,0,0,2,0,1,0,0,0,0,0,0,0,0,0,0,0,0,0,0,0,0,0,1,0,0,1,0,0,1,2,0,2,0,0,0,0,0,0,0,0,1,0,0,0,2,1,0,0,0,0,1,0,0,0,1,0,0,0,2,0,0,1,0,0,0,0,0,0,0,0,1,0,0,1,1,0,0,0,0,0,1,0,2,0,0,0,0,0,0,0,2,0,0,1,0,0,0,1,0,0,0,0,0,0,0,0,0,0,0,0,0,0,0,0,0,1,0,0,0,0,0,1,0,1,0,0,0,0,0,0,3,0,0,0
CCL4L2,0,0,0,0,0,0,0,0,0,0,0,0,0,0,0,0,0,2,0,0,0,0,0,0,0,0,0,0,1,0,0,0,0,0,0,0,0,0,0,0,0,0,7,0,0,0,0,0,0,0,0,0,0,0,0,0,0,0,0,0,0,0,0,0,0,0,0,0,0,0,0,0,0,0,1,0,1,0,0,0,0,0,0,0,0,0,0,0,0,0,0,0,0,0,0,0,0,0,0,0,0,0,0,0,0,0,0,2,0,0,1,0,0,0,0,0,0,0,0,0,0,0,6,0,0,0,0,0,0,0,0,0,0,0,0,0,0,0,0,0,0,0,0,0,0,2,0,0,0,1,4,0,0,0,0,0,0,0,0,0,0,0,0,0,0,0,0,0,0,5,0,0,0,0,0,0,0,0,0,0,0,0,0,0,0,0,0,0,0,0,0,0,0,0,0,0,0,0,0,0,0,0,0,0,0,0,0,0,0,0,0,1,0,0,0,0,0,0,0,0,0,0,0,0,0,1,0,0,0,0,0,0,0,0,0,0,0,0,0,0,0,0,0,0,0,0,0,0,0,0,0,1,0,0,0,0,0,0,0,0,0,0,0,0,0,0,0,1,0,0,2,0,0,0,0,0,0,0,4,0,0,0,0,0,0,0,0,0,0,0,0,0,0,0,0,0,0,0,0,0,0,0,0,0,0,0,0,0,0,0,0,0,0,0,0,0,0,0,0,0,0,0,2,0,2,0,0,0,0,0,0,0,0,0,0,0,0,0,0,0,0,0,0,0,0,0,0,0,0,0,0,0,0,0,0,0,0,0,0,0,0,0,0,0,0,0,0,0,0,0,0,0,2,0,0,0,0,0,0,0,0,0,0,0,0,0,0,0,0,0,0,0,0,0,0,0,0,0,0,0,1,0,0,0,0,0,0,0,4,0,0,0,0,0,0,0,0,0,0,0,0,0,0,0,1,0,1,1,0,0,0,0,0,0,0,0,0,0,0,0,0,0,0,0,0,0,0,0,1,0,0,0,0,0,0,0,0,0,0,0,0,0,0,0,0,0,0,0,0,0,1,0,0,0,0,0,1,0,0,0,0,0,0,0,0,0,0,0,0,0,0,0,0,0,0,0,0,0,0,1,0,0,0,0,0,0,0,0,1,0,0,0,0,0,0,0,0,0,0,0,0,0,0,0,0,0,0,0,0,0,1,0,0,0,0,0,2,0,0,0,0,0,0,0,0,0,0,0,0,0,0,0,0,0,0,0,0,0,0,0,0,0,0,0,0,0,0,0,0,0,0,0,0,0,0,0,0,0,0,0,0,0,0,0,0,0,0,0,0,0,0,0,0,0,0,0,0,0,0,0,0,0,1,1,0,0,0,0,0,0,0,0,1,0,0,0,0,0,0,0,0,0,0,0,2,0,0,0,0,0,0,0,0,0,0,0,0,0,0,0,0,0,1,0,0,0,0,0,0,0,0,0,0,0,0,0,0,0,0,0,0,0,0,0,0,0,0,0,0,0,0,0,0,0,0,0,0,0,0,0,0,0,0,0,0,0,0,0,0,0,0,0,0,0,0,0,0,0,0,0,0,0,0,0,0,0,0,0,0,0,0,1,0,0,0,0,1,0,0,0,0,0,0,0,0,0,0,0,0,0,0,0,0,0,0,0,0,0,0,0,0,0,1,0,0,0,0,0,0,0,0,0,0,0,0,0,0,0,0,0,0,0,0,0,0,0,0,0,0,0,0,0,0,0,0,0,0,0,0,0,0,0,0,0,0,0,1,0,0,0,0,0,0,0,0,0,0,0,0,0,0,0,0,0,0,0,0,0,0,0,0,0,0,0,0,0,0,0,0,2,0,0,0,0,0,0,0,0,0,1,0,0,0,0,0,0,0,0,0,0,0,0,0,0,0,0,0,1,0,0,0,0,0,0,0,0,0,0,0,0,0,0,0,0,0,0,0,0,3,0,0,0,0,0,0,0,0,0,0,0,0,0,0,0,0,0,0,0,0,0,0,0,0,0,0,4,0,0,0,0,0,0,0,0,0,0,0,0,0,1,0,0,0,0,1,0,0,0,0,0,0,0,1,3,0,0,0,0,0,0,0,0,0,0,0,0,0,0,0,0,0,0,0,0,0,0,0,0,0,0,0,0,0,0,0,0,0,0,0,0,0,0,0,0,0,0,0,0,0,0,0,0,0,0,0,0,0,0,0,0,0,0,0,0,0,0,0,0,0,0,0,0,0,0,2,0,0,0,0,0,0,0,0,0,0,0,0,0,0,0,0,0,1,0,0,0,0,0,0,0,0,0,0,0,0,0,0,0,0,0,0,0,0,0,0,0,0,0,0,0,0,0,0,0,0,0,0,0,0,0,0,0,0,0,0,1,0,0,0,0,0,0,0,0,0,0,0,0,1,0,0,0,0,0,0,0,0,0,1,0,0,0,0,0,0,1,0,0,0,0,0,0,0,0,0,0,0,0,0,0,0,0,0,0,0,0,0,0,0,1,0,0,0,0,0,0,1,0,0,0,0,0,0,0,0,0,1,0,0,0,0,0,0,0,1,0,0,0,0,0,0,0,0,0,0,0,0,0,0,0,0,0,0,0,0,2,0,0,0,0,0,0,0,0,0,0,0,0,0,5,1,0,0,0,0,0,0,0,0,0,0,0,0,0,0,0,0,0,0,0,0,0,0,0,0,0,1,0,0,0,0,0,0,0,0,0,0,0,0,0,0,0,0,0,0,0,0,0,0,0,0,0,0,0,0,1,0,0,0,0,0,0,0,0,0,0,0,0,0,0,0,0,0,0,0,0,0,0,0,0,0,0,1,0,0,0,0,0,0,0,0,0,0,0,0,0,0,0,0,0,0,0,0,0,0,0,0,0,0,0,0,0,0,0,0,0,0,0,0,0,0,0,0,0,0,0,1,0,0,0,1,0,0,0,0,0,0,0,0,0,0,0,0,0,0,0,0,0,0,0,0,0,0,0,0,0,0,0,0,0,0,0,0,0,0,0,0,0,0,0,0,0,0,0,0,0,0,0,0,0,0,0,0,0,0,0,0,0,0,0,0,0,0,1,0,0,0,0,0,0,0,0,0,0,0,0,0,0,0,0,0,0,0,0,0,0,0,0,0,0,0,0,0,0,0,0,0,0,0,0,0,0,0,0,0,0,0,0,0,0,0,0,0,0,0,0,0,0,0,0,0,0,0,0,0,0,0,0,0,0,0,1,0,0,0,0,0,0,0,0,0,0,0,0,0,0,0,0,1,0,0,0,0,0,0,0,0,0,0,0,0,0,0,0,0,0,0,0,0,0,0,0,0,0,0,0,0,0,0,0,0,0,0,0,0,0,0,0,0,0,0,0,0,0,0,0,0,0,0,0,0,1,0,0,0,0,0,0,1,0,0,0,0,0,0,0,0,0,1,0,0,0,0,0,0,0,0,0,0,0,0,0,0,0,0,0
C6orf48,1,0,0,0,0,1,1,2,0,0,1,0,1,2,1,1,1,2,0,0,2,4,0,0,0,1,1,0,0,0,1,1,0,1,0,0,3,3,1,1,2,0,1,2,2,0,3,2,0,2,1,4,1,0,0,0,0,1,0,0,1,1,1,3,0,0,8,0,0,3,1,5,3,0,0,1,0,1,0,0,2,2,0,1,0,0,0,0,0,0,3,1,2,0,3,2,1,1,0,2,0,0,1,2,0,1,0,0,1,2,3,1,0,1,1,2,0,0,0,0,0,0,0,0,0,1,3,1,1,1,1,1,1,0,2,1,2,2,1,2,1,1,1,2,3,0,2,1,3,0,2,0,1,1,0,3,2,1,0,0,0,2,1,0,0,2,1,1,1,2,1,0,0,0,0,0,3,3,0,1,0,2,1,0,2,5,3,1,0,0,3,2,0,2,2,1,1,0,0,0,1,2,1,0,2,0,0,3,0,1,1,0,1,0,0,0,3,1,1,2,0,0,1,2,3,0,1,1,3,2,0,1,0,0,0,1,1,0,1,1,3,2,0,0,2,1,1,1,6,0,1,0,4,1,0,3,0,2,0,0,2,3,0,4,0,0,0,1,1,0,0,2,0,0,1,0,1,3,2,1,0,0,1,1,2,2,0,1,1,0,1,1,1,0,1,0,3,2,2,0,1,3,0,3,0,3,0,0,2,3,4,0,0,2,0,0,0,2,0,2,2,0,0,0,0,2,0,4,1,5,1,0,2,2,2,1,0,1,0,0,1,0,1,1,0,1,0,2,0,1,0,3,4,5,0,0,0,4,2,1,0,1,1,0,0,1,5,2,0,1,1,0,0,0,0,2,1,3,0,0,0,0,0,3,0,0,3,1,1,0,4,2,0,2,2,0,2,0,0,2,0,0,0,1,0,2,2,0,1,0,0,2,0,1,4,1,1,0,2,3,1,2,0,0,0,1,0,0,0,1,1,5,0,2,0,1,0,1,4,1,0,2,2,0,1,0,0,0,0,1,0,0,1,1,0,1,3,1,2,1,4,1,0,3,0,2,2,0,1,0,0,0,0,1,2,1,3,0,0,0,0,2,1,1,0,1,0,2,2,0,0,2,0,2,0,0,1,4,1,0,0,0,1,0,1,0,2,6,0,1,0,0,1,2,0,1,0,0,0,0,0,0,0,0,0,0,1,1,1,2,0,2,1,1,1,1,0,3,1,2,13,2,1,0,2,3,0,1,5,1,0,2,2,1,0,0,0,0,0,0,2,1,0,0,0,1,1,2,4,0,2,0,0,2,3,0,1,1,0,0,0,0,1,0,0,2,2,0,1,0,0,0,0,1,0,0,0,0,0,1,0,0,0,0,1,0,1,2,0,0,1,0,0,3,5,1,0,0,0,1,0,0,0,1,1,0,1,0,1,3,0,1,0,0,3,0,2,3,2,1,2,1,5,0,0,0,0,0,0,0,0,1,1,0,1,0,2,2,0,1,1,3,0,0,0,1,1,0,2,1,1,1,0,0,1,0,0,0,1,3,0,6,1,0,0,7,0,0,0,0,1,3,0,0,1,2,0,0,1,1,1,2,1,1,0,0,0,2,0,6,1,0,0,1,0,4,0,2,1,2,1,0,1,2,2,0,1,2,1,0,2,1,2,0,1,4,2,0,0,1,1,3,1,2,1,1,1,0,1,0,1,1,0,3,0,0,0,0,2,0,1,0,1,6,0,2,0,1,3,2,2,0,3,1,1,0,0,2,0,1,0,0,0,0,0,0,0,1,4,1,0,3,1,0,0,0,1,2,0,1,5,0,0,1,1,3,1,1,0,1,3,0,2,1,1,1,4,0,1,0,0,0,4,2,1,2,3,0,1,0,5,0,1,2,0,0,0,2,0,1,0,1,0,1,2,0,1,7,0,4,3,1,0,4,2,1,1,0,0,0,2,3,0,0,1,0,2,1,1,1,0,0,0,1,0,0,0,3,1,2,0,0,1,2,0,0,2,0,0,0,2,0,0,1,0,1,3,0,1,0,1,3,0,5,0,0,3,1,2,1,0,3,1,2,0,0,1,1,1,1,0,2,2,0,3,0,0,2,0,2,0,2,1,2,0,1,3,0,1,0,1,4,2,1,0,1,0,1,2,1,0,1,1,0,2,1,0,0,2,0,0,0,2,0,0,1,1,1,0,1,0,5,0,1,1,0,2,2,0,1,2,1,3,1,2,0,0,2,1,0,0,2,2,1,0,2,1,0,2,2,0,0,0,0,4,0,1,2,0,3,1,0,0,3,2,1,0,1,1,0,0,1,0,4,0,0,0,1,2,3,3,4,1,2,3,0,3,2,0,1,3,0,0,0,2,0,2,0,2,1,0,0,3,1,2,2,0,1,4,3,1,1,0,1,1,1,0,0,0,0,0,1,0,0,1,2,3,1,0,1,0,0,0,0,0,0,0,2,2,0,0,0,0,2,0,0,1,0,0,0,3,1,2,1,1,2,1,1,2,0,1,2,2,1,1,1,0,1,2,0,2,0,0,2,0,1,0,0,0,1,1,0,1,0,1,2,0,4,1,0,0,1,1,1,3,0,0,0,5,1,0,3,3,0,1,0,0,1,1,1,1,2,1,3,3,0,2,6,1,3,0,1,0,4,4,1,1,2,0,4,1,2,0,0,2,1,0,1,0,0,3,3,1,0,2,1,0,0,2,3,2,0,1,2,1,1,2,2,2,0,1,2,1,3,1,2,0,1,2,0,4,2,2,1,1,0,0,1,3,0,1,0,2,1,1,0,0,0,3,0,1,2,3,1,5,4,0,6,1,0,0,4,0,0,0,2,0,1,2,1,2,0,2,0,2,1,0,0,0,2,0,0,1,3,0,3,0,2,1,0,0,1,1,1,1,0,3,1,0,0,1,0,0,0,0,2,0,6,1,0,0,0,1,0,2,1,1,1,1,1,1,1,2,1,2,2,1,1,0,2,4,0,0,1,1,2,0,3,1,1,0,1,0,0,0,2,2,0,2,2,0,1,0,0,0,0,0,1,3,0,0,3,0,2,0,0,2,0,0,4,1,1,0,0,0,1,2,4,0,3,0,0,2,4,3,2,2,3,1,1,0,3,0,3,1,5,3,1,0,3,2,2,0,2,6,0,1,1,3,3,0,0,0,0,0,0,0,1,3,3,5,1,1,1,0,0,1,3,0,0,2,0,1,0,2,0,1,1,1,1,2,0,0,2,2,3,1,1,0,1,0,2,0,2,0,2,1,1,0,0,1,3,3,2,0,1,2,0,1,2,0,0,0,2,2,0,0,1,3,2,0,4,1,0,4,3,3,0,0,0,0,0,3,2,1,3,2,0,0,1,2,6,2,0,0,0,1,3,1,2,2,0,0,2,0,1,0,0,1,1,1,2,1,4,1,0,1,1,0,1,1,1,0,2,0,0,0,10,2,0,3,4,1,1,0,0
NELL2,2,0,0,0,0,0,0,0,0,0,0,0,0,0,0,0,0,0,0,0,0,1,0,0,1,0,0,0,0,0,2,1,0,0,0,1,0,1,0,0,0,0,0,0,0,0,0,0,0,0,1,0,0,0,1,0,0,5,1,0,0,0,0,0,2,0,0,0,0,1,0,0,0,0,0,0,0,0,0,0,0,0,0,0,0,0,0,0,0,0,0,0,0,0,0,0,1,0,0,0,0,0,0,0,0,0,0,0,0,0,0,0,0,0,0,0,0,0,0,0,0,0,0,0,0,1,0,0,0,0,0,1,0,0,0,0,0,0,0,0,0,0,0,0,0,0,0,0,0,0,0,0,0,0,0,0,0,0,1,0,0,0,0,0,0,0,0,0,0,0,0,0,0,0,0,0,0,0,0,0,0,0,0,0,0,0,0,1,0,0,0,0,0,0,3,0,0,0,0,0,0,0,0,0,0,2,0,0,0,0,3,0,0,1,0,0,0,0,0,0,0,0,0,0,0,0,0,0,0,1,0,0,0,0,0,0,0,0,1,0,0,1,0,0,0,0,0,0,0,0,0,0,0,0,0,0,0,0,0,0,0,0,0,0,1,0,0,0,1,0,0,0,0,0,0,0,0,0,0,0,0,0,0,0,4,0,1,0,0,0,0,0,0,0,0,0,0,0,0,0,0,0,0,0,0,0,0,0,0,1,0,0,0,0,0,0,0,0,0,0,0,0,0,0,0,0,0,0,0,0,0,0,1,0,0,0,0,0,0,0,0,0,0,0,0,0,0,0,0,0,0,0,0,1,0,0,0,0,0,0,0,0,0,0,0,0,0,1,0,0,0,0,0,0,0,0,0,0,0,0,0,0,1,1,0,0,0,0,0,0,0,0,0,0,0,0,0,0,0,0,0,2,0,0,0,1,1,0,0,0,1,1,0,1,0,0,0,0,0,0,0,1,0,0,0,0,0,1,1,0,0,0,0,0,0,1,0,0,1,0,0,3,0,0,1,0,0,2,0,0,0,0,0,0,0,0,0,0,0,0,0,4,0,0,1,0,0,0,0,0,0,0,0,0,2,0,0,0,0,0,0,0,0,0,0,0,0,0,2,0,0,0,0,0,0,0,0,1,0,0,0,0,0,1,1,0,0,0,0,0,0,0,0,0,0,0,0,0,0,0,1,0,0,0,0,0,0,0,0,0,0,0,1,0,0,0,0,0,0,1,0,0,0,0,0,0,0,0,0,0,0,0,0,0,0,0,0,0,0,0,0,0,0,0,0,0,0,0,0,0,0,0,0,0,1,0,0,0,0,0,0,0,0,0,0,1,0,0,0,0,0,0,0,0,2,0,0,0,0,0,0,1,0,0,0,0,0,0,0,0,0,0,0,0,0,2,0,0,0,0,0,1,0,0,0,1,0,0,0,0,0,1,0,0,0,0,0,1,2,0,1,0,0,0,0,0,0,0,1,0,0,0,0,0,0,0,0,0,0,0,0,0,0,0,2,0,0,0,0,0,2,0,0,0,0,0,0,0,1,0,0,0,0,2,0,1,0,2,0,1,0,0,0,0,0,2,0,0,0,0,0,0,0,0,0,0,0,1,0,0,0,0,0,0,0,2,0,0,0,1,0,0,0,1,0,0,0,0,0,0,0,0,0,0,0,0,0,0,0,0,0,0,0,0,4,0,0,0,0,0,0,0,0,1,0,0,0,0,0,2,0,0,0,0,0,0,0,0,1,1,1,0,1,0,0,0,0,0,0,0,0,0,0,1,0,0,0,0,0,0,0,0,0,0,0,0,0,3,0,0,0,0,0,0,0,5,0,0,0,0,0,0,1,0,0,0,0,0,0,0,0,0,0,0,0,1,1,0,1,0,0,0,0,0,1,0,0,2,0,0,0,0,0,1,0,0,0,0,0,0,0,0,0,0,0,0,0,0,0,0,0,0,0,0,0,0,1,0,0,0,0,0,0,0,0,0,0,1,0,0,0,0,0,0,0,0,0,0,0,0,0,0,0,0,0,0,0,1,0,0,0,0,0,1,0,0,0,0,0,0,0,0,0,0,0,0,0,0,0,0,0,0,0,0,0,0,0,0,0,0,0,0,1,0,0,0,0,0,0,0,0,1,0,0,0,0,0,0,0,0,0,0,0,2,0,2,0,0,0,0,0,0,0,0,0,0,0,0,0,0,1,0,0,0,0,0,0,0,0,0,0,0,0,0,0,0,1,0,0,0,0,0,0,0,0,0,0,0,0,0,0,0,0,0,0,0,1,0,0,0,0,0,0,0,0,0,0,0,0,0,0,0,0,0,1,0,0,0,0,4,0,0,0,0,0,0,0,0,0,0,1,0,0,0,1,0,0,0,0,1,0,0,0,1,0,0,0,0,0,0,0,0,0,0,0,0,0,0,0,0,0,0,0,0,0,0,1,0,0,0,0,0,0,0,0,0,0,0,0,0,0,0,0,0,0,0,0,0,0,0,1,0,0,0,0,0,0,0,0,0,0,0,0,0,0,0,0,0,0,0,1,0,0,0,0,0,0,2,0,0,0,0,0,0,0,0,0,0,0,0,0,1,0,0,0,1,0,0,0,0,0,0,0,0,0,0,0,0,0,3,0,0,1,0,0,0,0,0,0,0,0,0,1,0,0,0,0,0,0,0,0,1,0,0,0,0,0,0,0,0,0,1,0,0,1,0,0,0,0,0,0,0,0,0,0,0,0,0,1,0,0,0,0,0,0,0,0,0,0,0,0,0,0,0,0,0,0,0,2,0,0,0,0,0,0,0,0,0,1,2,0,1,2,0,0,0,0,0,0,1,0,1,0,0,0,0,0,1,4,0,4,0,0,0,0,0,0,0,0,0,1,0,0,0,0,0,0,0,0,0,0,0,0,0,0,0,0,0,0,0,0,0,1,0,0,0,0,0,0,0,0,0,0,0,0,0,0,0,1,0,0,1,0,0,1,0,0,0,0,0,2,0,0,0,0,0,1,0,1,0,1,0,0,0,0,2,0,0,1,0,0,0,0,0,0,0,0,0,0,0,0,0,0,0,0,0,0,0,0,0,1,0,0,0,0,0,0,0,0,0,0,0,0,2,0,0,0,0,1,0,0,0,0,0,0,0,0,1,0,0,0,2,0,0,4,0,1,0,0,0,0,0,0,0,0,1,0,0,0,0,0,0,1,0,0,0,0,0,0,0,0,0,0,0,0,0,1,0,0,1,0,0,0,0,2,0,1,0,0,0,1,0,0,0,0,5,0,0,0,0,1,0,0,0,1,0,1,0,0,0,1,0,0,0,0,0,0,0,0,0,0,0,0,0,0,0,0,0,0,0,0,1,0,0,0,0,0,0,0,2,0,0,0,0,0,0,0,0,0,0,0,0,0,0,0,4,0,0,0,0,0,1,0,2,0,0,5,0,0,0,1,0,0,0,0,0,0,0,0,0,0,0,0,0,0,0
SNX10,0,0,0,0,0,1,0,0,0,0,0,0,1,0,0,3,0,0,2,0,0,0,0,0,0,0,0,0,2,1,0,0,1,1,0,0,0,0,0,0,0,1,3,1,0,1,1,0,0,0,0,0,1,0,0,0,0,0,0,0,0,0,0,0,0,3,1,0,0,0,0,1,0,0,0,0,0,1,1,1,0,0,1,2,0,0,0,1,0,0,0,0,0,1,0,1,0,0,0,2,0,0,0,0,0,1,0,0,0,0,0,0,1,0,0,0,1,0,0,0,0,0,1,0,0,0,0,0,0,0,0,0,0,0,0,0,1,0,0,0,1,0,0,0,6,0,0,0,0,0,2,0,0,2,1,0,0,0,0,1,0,0,2,0,1,0,0,0,0,1,0,0,0,0,1,0,0,0,0,1,0,0,0,0,0,0,0,0,1,0,1,1,0,0,0,0,0,0,0,1,0,0,0,0,0,0,1,0,2,0,0,0,0,0,0,0,0,0,0,1,0,0,0,0,0,0,0,1,0,0,0,0,0,1,0,0,0,0,0,0,1,0,0,0,0,0,0,1,0,1,0,0,1,0,0,0,0,0,0,1,0,0,0,0,0,0,0,0,0,2,0,0,1,0,0,0,0,1,2,0,0,0,0,0,0,0,0,0,0,0,0,0,0,0,0,0,0,0,1,0,0,0,0,0,1,0,0,0,2,0,0,0,0,0,0,0,0,0,0,0,0,0,0,0,0,1,0,0,0,0,0,1,0,0,0,0,0,2,1,4,4,0,0,0,1,1,0,0,0,1,0,0,0,0,0,0,0,0,1,2,0,2,2,0,0,0,0,0,0,0,0,1,0,0,0,2,1,0,0,1,0,0,2,0,0,0,0,0,0,0,0,5,0,0,0,0,0,0,0,2,1,0,0,0,1,0,0,0,0,1,0,0,1,0,0,1,0,0,0,0,1,0,2,1,0,0,1,0,0,0,0,0,0,0,0,1,0,0,0,0,0,0,0,0,0,3,1,0,0,0,0,0,0,0,1,0,0,0,1,1,1,1,0,0,0,1,0,0,2,0,0,0,0,0,0,0,0,0,0,0,1,0,0,0,1,0,0,0,0,0,0,0,0,0,0,0,0,0,0,0,0,0,0,0,0,0,0,2,0,0,0,0,2,0,0,0,0,0,0,0,0,0,0,1,0,1,0,0,1,0,1,0,0,0,0,1,0,0,0,1,1,0,0,0,0,0,0,0,1,0,0,2,0,0,1,3,0,0,0,0,0,0,1,0,0,0,0,0,1,0,0,0,0,0,0,1,0,0,1,0,0,0,0,0,0,0,0,0,0,0,0,1,0,0,0,0,0,1,0,0,0,0,0,0,0,1,0,0,0,0,0,1,0,0,0,0,0,0,0,1,0,1,0,0,0,0,0,0,0,0,0,0,0,0,1,0,0,0,0,0,0,0,0,0,0,0,0,0,0,0,0,0,0,0,1,2,0,0,0,1,0,1,0,0,0,0,0,0,0,1,0,0,0,0,0,0,0,0,0,1,0,2,0,0,3,0,0,0,0,0,0,0,0,0,0,0,0,0,0,1,0,0,0,0,0,1,0,0,0,2,0,2,0,0,1,0,1,0,0,0,0,0,0,0,0,0,0,1,0,0,0,0,0,0,0,0,0,0,0,0,1,0,0,1,0,0,0,0,0,0,0,0,0,0,0,0,0,0,0,0,1,0,0,0,0,0,0,0,0,0,0,0,0,0,0,0,1,0,0,0,1,0,0,0,0,2,0,0,0,0,0,0,0,0,1,0,0,0,1,0,0,0,1,0,0,0,0,0,0,0,0,1,0,0,0,0,1,0,0,0,0,0,1,0,2,1,0,0,0,0,1,0,0,0,0,0,0,0,0,0,0,0,0,0,0,0,0,0,0,0,0,2,0,0,0,0,1,0,0,1,0,0,0,0,0,0,0,0,0,0,1,0,1,0,0,0,0,0,0,1,0,0,0,2,2,0,0,0,0,2,0,0,0,0,1,3,1,0,0,0,0,0,0,0,0,0,0,2,0,0,0,0,0,0,0,0,0,0,1,0,0,0,2,0,0,1,0,0,2,0,0,0,0,0,0,0,0,3,0,0,0,0,1,0,0,0,0,5,0,0,0,0,0,0,0,0,1,0,0,0,0,0,0,0,0,1,0,0,0,0,0,3,1,0,0,0,0,0,2,0,0,0,0,0,1,0,0,0,0,0,1,0,0,0,0,0,0,1,0,0,0,0,0,0,0,0,0,0,0,0,0,0,1,0,0,0,0,0,1,0,0,0,0,0,0,0,0,0,0,0,1,0,0,0,0,0,0,2,0,0,0,0,0,0,0,0,0,0,0,0,0,0,0,0,0,1,0,0,0,0,0,0,2,3,0,0,2,0,0,0,4,0,0,3,0,0,0,0,1,1,1,0,0,0,1,1,1,0,0,0,3,0,0,1,0,1,0,0,0,0,0,0,3,0,0,0,1,0,0,0,1,0,2,0,0,0,0,0,0,0,0,1,2,0,0,0,0,0,0,0,0,0,2,0,0,0,0,0,0,0,0,0,0,0,0,0,0,0,0,0,0,0,0,0,0,0,0,0,0,0,0,0,0,0,0,0,0,0,0,0,0,0,0,0,0,0,4,0,0,2,0,0,0,0,0,0,0,0,0,0,0,0,0,0,0,0,1,0,0,0,1,0,0,0,0,0,1,0,0,0,0,0,0,1,0,0,0,0,0,0,0,0,0,0,1,0,0,0,0,0,0,3,0,0,0,2,1,0,0,0,0,0,0,0,0,1,1,0,0,0,0,0,0,1,0,1,0,0,0,0,0,0,1,1,1,0,0,0,0,0,0,1,0,0,0,0,1,0,1,0,3,0,1,0,0,1,0,0,0,1,0,0,0,0,0,0,0,0,1,0,2,0,0,1,1,0,1,0,0,0,2,1,0,0,1,0,1,0,0,1,0,0,0,1,0,0,0,0,0,0,0,0,1,1,0,0,0,1,1,0,0,0,0,1,0,1,0,0,0,0,0,0,0,0,1,0,2,0,1,0,0,3,0,0,0,0,0,0,0,0,0,0,0,0,2,0,2,0,0,4,0,0,0,0,0,0,1,0,0,0,5,0,0,0,0,0,0,0,2,6,0,0,1,0,1,0,0,0,0,0,0,0,0,0,1,0,0,2,0,1,0,0,1,1,0,0,0,0,0,0,0,0,1,0,0,1,1,0,0,1,0,0,0,0,1,0,0,0,0,0,0,0,1,0,0,1,0,0,0,0,0,0,0,0,0,1,1,1,0,1,0,0,0,1,0,0,0,0,0,4,0,0,1,0,0,1,0,0,1,0,0,0,0,1,0,1,0,0,2,0,2,2,0,0,1,1,0,0,0,0,0,0,0,0,0,0,0,0,0,0,0,1,1,0,0,1,1,1,0,0,0,0,0,0,0,0
KIAA1551,1,0,2,0,0,0,0,0,0,0,0,1,0,0,2,1,1,1,0,2,1,0,0,1,0,1,0,0,1,0,0,1,0,0,0,1,1,1,1,0,0,1,0,1,0,0,0,0,0,4,0,0,1,1,0,0,0,1,3,0,1,0,1,0,0,1,1,0,0,0,0,0,3,0,2,0,0,0,0,2,0,0,0,0,2,1,0,1,0,0,0,2,0,0,0,1,1,1,0,1,2,1,1,1,2,0,0,0,0,0,0,2,0,1,0,1,1,1,0,1,0,0,0,0,0,0,0,2,0,0,0,0,0,0,0,0,0,0,0,0,0,0,0,0,0,0,1,0,0,0,0,2,2,0,1,0,0,0,0,0,0,4,0,0,0,1,0,0,1,0,0,1,0,0,0,0,3,0,1,0,0,1,0,0,3,0,0,2,0,0,0,0,0,1,0,1,0,1,0,0,0,0,0,0,1,0,0,0,1,0,0,0,0,0,0,0,0,0,0,1,0,1,0,0,0,0,0,0,0,0,0,0,0,0,0,0,2,0,0,0,0,0,1,0,0,2,0,0,0,0,0,1,0,1,0,1,0,0,0,0,1,0,1,1,0,0,1,0,0,2,0,1,0,0,0,0,0,0,0,0,0,0,0,0,0,1,0,0,0,0,0,0,0,0,2,1,0,0,0,0,0,0,2,1,0,0,0,0,0,0,0,0,0,1,1,0,1,2,1,0,0,0,0,0,0,0,1,1,0,0,1,2,0,0,0,0,0,0,1,0,0,2,0,0,0,1,0,0,0,0,0,0,0,1,0,0,0,4,0,0,0,1,0,0,0,0,0,2,1,0,0,0,0,3,0,0,1,1,0,1,0,0,1,1,0,0,1,0,1,0,0,1,2,1,0,0,0,2,0,0,1,1,1,1,1,3,0,0,0,0,3,0,0,0,0,1,1,0,0,0,0,3,1,0,0,0,0,0,0,2,0,0,1,0,1,0,0,2,1,0,2,0,0,0,0,0,0,0,0,0,0,0,0,0,1,0,0,1,0,0,0,0,1,0,0,3,0,0,0,0,1,0,0,0,0,0,0,1,1,0,0,0,0,1,0,1,0,0,0,0,0,0,1,0,1,0,0,0,0,0,0,0,0,0,1,0,0,0,0,2,0,0,0,0,0,0,1,1,0,1,1,2,1,0,0,0,0,0,0,0,1,0,0,2,0,0,0,0,0,1,0,0,0,1,1,0,0,1,0,0,0,1,1,0,0,3,0,1,0,1,0,1,0,1,0,0,2,0,0,0,2,0,0,0,1,0,0,0,0,0,1,0,0,0,3,1,0,1,1,1,0,0,0,0,1,0,1,0,0,0,0,0,0,0,0,0,0,0,1,1,0,0,0,0,1,0,0,0,0,0,2,0,0,0,1,1,0,0,0,0,0,1,0,0,0,0,3,0,0,0,1,0,1,0,1,0,0,2,0,0,1,0,0,0,0,0,0,0,0,0,0,1,1,0,1,2,2,1,1,1,0,1,0,0,0,0,0,0,2,3,0,0,1,1,0,0,0,1,0,1,0,0,0,1,0,0,1,1,1,0,1,0,0,0,0,0,0,1,2,0,0,1,0,1,0,1,0,0,0,0,0,1,0,0,0,0,0,0,0,0,0,1,0,1,0,0,0,1,0,0,0,0,0,0,0,0,0,0,0,0,0,0,1,0,0,0,2,0,0,1,0,0,0,0,0,2,1,0,1,1,1,1,0,0,0,0,0,0,1,0,0,1,1,2,0,0,1,0,1,0,2,0,0,0,0,2,1,0,0,1,0,1,0,0,0,1,0,0,0,1,0,0,1,0,0,0,0,1,3,0,0,0,0,0,0,1,0,0,0,0,0,0,0,0,0,0,0,1,0,0,0,0,1,1,1,0,0,3,0,0,0,0,1,0,1,0,0,1,0,0,0,0,0,3,2,0,0,0,0,0,1,0,0,0,2,0,0,0,0,0,2,1,0,0,1,1,1,0,0,1,1,0,0,0,0,0,0,0,1,0,0,0,0,0,1,0,0,0,0,0,0,0,0,0,1,1,0,0,1,2,0,0,0,0,0,0,1,1,0,1,0,0,1,0,0,0,0,0,2,0,2,1,1,0,1,0,1,0,0,0,1,0,0,1,0,1,1,0,0,0,1,0,0,0,0,0,0,0,0,0,0,2,0,1,0,0,0,0,0,0,0,0,0,0,0,0,0,0,2,0,0,1,1,0,2,2,1,0,0,0,0,1,1,0,0,1,1,2,0,0,0,1,1,0,0,0,0,0,0,0,0,0,0,0,0,2,3,0,1,0,0,1,0,0,0,0,1,0,1,0,1,1,1,0,0,1,0,2,0,1,3,0,0,0,1,0,0,0,0,0,0,0,0,0,0,1,0,0,1,0,0,0,0,0,0,0,0,0,1,0,0,0,0,1,0,2,0,1,0,1,0,0,0,0,1,0,0,1,0,0,0,0,0,0,1,0,0,0,1,0,0,2,0,1,0,1,0,2,0,1,0,1,0,0,0,0,0,1,0,1,0,0,3,1,0,0,0,0,0,1,0,0,0,0,1,0,0,1,0,2,1,0,0,0,0,2,0,0,1,0,0,1,1,0,0,0,1,2,2,0,0,1,0,0,2,0,0,1,0,1,0,0,0,1,1,0,2,0,0,0,1,1,0,0,0,1,1,0,1,0,0,0,0,0,2,2,0,0,1,0,0,1,1,0,2,0,0,1,0,1,0,0,1,0,0,0,0,0,0,0,1,3,1,0,0,0,0,0,0,0,0,0,0,1,0,0,0,0,0,0,1,1,0,1,1,1,0,1,0,3,0,0,0,0,0,1,0,0,3,0,1,0,0,0,0,0,0,0,1,0,3,0,0,0,1,0,0,2,1,2,0,0,1,0,0,3,1,2,0,0,0,0,1,0,0,0,0,1,0,0,0,0,0,0,1,0,0,0,0,0,0,0,0,1,0,0,0,1,0,1,0,1,0,0,0,1,0,1,1,1,0,1,0,0,0,0,0,0,0,0,0,0,0,0,0,0,2,0,0,0,2,1,1,0,1,0,1,2,0,0,0,0,0,1,1,1,0,1,1,0,0,1,0,1,0,0,0,0,0,0,1,1,0,1,1,0,1,0,0,0,2,0,0,0,1,0,2,0,0,0,0,0,1,1,0,0,0,0,0,1,0,1,0,0,0,0,0,0,0,0,0,1,0,1,1,1,0,2,0,0,2,0,1,0,0,0,0,4,1,1,1,0,1,0,1,0,1,0,0,0,2,0,0,2,0,1,0,0,0,0,0,0,0,0,2,1,0,2,0,0,0,0,0,0,0,0,1,0,0,0,0,1,0,0,0,0,1,0,0,0,0,0,0,0,0,0,0,0,0,0,0,1,0,0,2,0,0,0,0,0,0,0,0,0,0,0,0,3,2,0,2,0,0,0,0,0
CNPY3,0,0,0,1,0,1,1,0,0,2,3,1,4,0,0,0,0,0,0,1,0,1,1,1,0,0,1,0,2,0,0,0,0,4,1,0,0,0,2,0,0,0,3,0,0,0,0,0,0,0,0,0,2,0,0,2,0,1,0,0,3,0,0,1,0,1,0,0,0,0,0,2,0,0,1,0,0,1,1,1,0,0,1,2,0,0,0,0,0,0,1,0,0,0,0,2,0,0,2,1,1,0,1,0,0,2,0,1,1,0,1,0,0,1,1,0,0,0,1,0,0,2,1,0,0,0,0,0,5,0,0,0,0,0,0,0,0,0,1,0,0,0,0,0,3,1,3,1,0,2,1,0,0,0,0,2,1,0,0,1,0,0,3,0,1,0,2,0,1,4,0,0,0,0,0,0,0,0,1,0,0,1,0,0,0,0,1,1,1,1,3,2,0,0,0,1,0,2,0,0,0,0,1,0,2,0,0,0,0,0,0,2,0,0,1,0,0,1,2,1,0,1,4,0,0,0,0,0,0,0,0,0,3,2,1,0,0,0,0,1,1,0,0,0,0,0,0,2,2,2,0,0,0,0,0,1,0,0,0,0,0,0,0,4,0,1,2,0,0,0,1,3,1,3,0,1,0,4,1,0,2,1,0,0,0,0,0,1,0,1,1,0,2,1,0,0,0,0,0,0,0,0,0,1,1,0,0,1,1,0,0,0,1,0,0,0,0,0,1,0,1,0,3,1,1,0,2,1,0,0,0,1,0,0,1,0,0,0,1,2,1,0,1,0,3,0,0,0,0,7,1,1,1,1,0,0,0,0,3,1,2,0,0,1,1,1,2,0,0,2,0,1,0,0,0,3,0,2,1,0,0,0,0,0,0,1,1,0,0,0,1,3,0,1,0,0,4,0,0,1,3,0,1,0,0,0,1,0,1,1,1,1,0,0,0,3,0,0,1,0,1,0,2,1,0,1,0,0,1,0,0,0,0,0,2,0,1,0,0,1,0,0,4,0,2,5,0,0,0,0,1,0,0,0,0,2,0,2,0,0,2,0,0,1,1,1,0,0,2,1,0,1,1,1,0,3,0,0,0,0,2,0,0,0,2,0,0,0,0,0,1,0,0,0,0,0,0,0,0,0,1,1,0,0,0,1,0,2,0,0,0,0,0,0,2,1,0,1,0,1,0,1,0,2,0,0,0,0,7,0,0,1,1,0,0,7,2,1,0,0,0,2,0,0,0,0,1,1,3,0,0,1,1,0,3,1,0,3,0,0,0,0,0,1,0,0,0,0,2,0,0,1,0,0,1,0,0,0,0,0,0,1,0,0,1,1,0,0,0,0,0,1,1,4,0,0,2,0,0,0,0,1,0,0,0,4,0,1,0,2,1,0,0,0,0,0,0,1,0,2,1,0,1,0,1,0,1,0,0,0,0,1,2,0,1,0,0,0,0,0,0,1,0,0,0,0,4,4,0,2,1,0,0,0,0,0,0,0,0,2,0,0,0,0,0,0,0,0,1,1,0,1,2,2,0,0,1,1,0,0,0,2,0,0,1,1,1,0,1,1,0,0,1,1,1,0,0,0,1,1,0,0,2,0,0,0,1,0,1,2,0,2,0,0,1,0,0,1,0,0,0,0,1,0,0,1,0,0,0,1,0,0,1,1,5,0,1,1,0,0,0,1,0,0,0,0,0,0,0,0,0,0,0,1,2,0,0,0,1,0,0,1,0,0,1,0,1,0,0,0,0,0,0,0,0,0,0,1,0,2,0,0,1,1,1,1,0,0,0,0,0,0,0,0,1,1,0,0,1,0,0,1,0,0,0,0,0,0,0,0,0,0,0,1,0,0,2,0,0,1,0,0,2,1,0,0,0,0,0,0,0,0,0,0,0,0,0,0,0,0,1,2,0,0,1,1,0,1,0,0,0,0,0,0,0,0,0,0,1,0,0,0,2,0,0,0,0,0,0,0,2,1,0,0,2,1,0,0,0,3,0,0,2,0,1,0,0,0,1,0,0,0,0,1,1,2,0,2,2,0,1,0,0,2,0,0,0,0,4,0,0,0,1,0,0,1,0,0,0,1,0,4,4,0,2,1,0,0,1,2,0,0,2,0,1,0,0,2,1,1,0,0,0,0,1,0,0,2,0,1,0,1,2,1,0,0,2,0,1,0,0,1,1,1,0,2,0,1,0,1,0,8,1,0,1,0,0,0,0,0,1,1,2,4,0,0,0,0,0,0,0,0,1,1,0,0,0,1,0,0,0,0,0,0,0,0,2,0,1,0,2,0,3,0,1,2,1,0,4,0,0,0,0,0,0,0,0,1,0,0,3,3,0,0,0,2,0,4,1,0,0,0,0,0,0,0,1,0,0,0,1,0,0,0,0,0,1,0,0,0,0,0,1,1,0,0,0,1,1,2,5,0,0,0,0,3,0,1,3,4,2,1,1,0,0,0,1,0,1,0,0,0,0,5,0,0,0,1,1,1,2,0,0,1,4,0,1,0,0,1,1,0,1,0,0,1,1,0,0,0,0,0,1,1,0,1,0,0,0,0,0,0,0,0,0,0,1,0,0,0,0,0,0,0,0,0,0,0,4,0,0,2,1,3,0,0,0,2,0,0,0,0,1,1,0,0,0,2,0,0,0,0,0,0,4,0,1,0,0,3,1,0,3,0,0,0,0,0,0,0,1,0,0,0,0,1,0,0,1,0,0,0,0,1,0,0,1,2,1,0,0,0,0,3,0,0,0,0,0,0,1,0,0,0,0,0,0,2,1,1,4,1,1,0,0,4,5,0,0,0,0,0,0,0,0,0,0,0,0,0,3,0,1,0,0,0,3,0,1,0,0,0,1,5,0,0,0,0,0,0,0,4,0,0,0,2,5,0,2,2,1,0,2,1,0,0,0,0,1,1,1,0,0,0,0,0,2,2,1,0,1,0,0,1,0,0,1,0,0,0,0,0,0,0,0,0,0,0,0,0,0,1,1,1,1,0,0,2,0,1,0,0,0,0,1,0,0,0,0,0,0,0,1,0,1,0,1,0,0,0,1,0,1,0,0,0,0,1,2,0,0,1,1,1,0,2,1,1,0,1,0,0,0,0,2,0,2,0,0,3,1,0,0,1,0,2,0,1,0,1,3,1,0,0,0,3,0,0,0,3,1,0,0,0,0,0,0,0,1,1,1,0,0,0,1,1,0,3,0,0,0,1,3,1,0,0,2,1,0,0,0,0,1,0,0,0,0,1,0,1,1,1,0,0,2,0,1,0,0,0,0,0,0,0,2,2,0,1,0,0,0,0,1,0,0,0,1,0,0,0,3,0,0,2,3,0,0,0,1,3,0,0,1,1,0,1,0,0,1,0,0,0,1,1,0,0,1,0,4,0,1,1,1,1,1,0,2,0,0,0,1,0,0,0,0,0,0,1,1,1,0,0,0,0,1,0,1,3,0,1,0,0,0,0,0,0
SAMHD1,0,0,0,0,0,1,1,0,0,0,0,1,2,0,0,1,0,1,0,1,0,0,1,0,0,0,0,0,0,1,2,0,1,3,0,1,1,0,2,0,0,1,1,2,0,0,0,1,1,0,1,1,0,0,0,0,0,2,0,0,5,1,0,0,2,1,1,0,0,1,0,0,1,1,1,1,0,2,0,1,1,0,1,1,0,4,0,0,1,1,3,1,1,3,1,0,0,1,2,0,0,2,3,0,0,2,0,0,5,0,0,1,0,0,0,1,0,3,3,0,0,1,0,0,1,0,0,0,0,0,0,0,0,0,0,0,0,2,2,2,0,0,0,0,6,1,0,2,1,1,1,0,0,1,0,1,0,0,0,0,1,0,4,0,0,2,0,0,2,9,0,1,2,0,2,0,1,0,3,0,0,0,0,0,1,0,0,0,0,2,3,5,2,0,0,0,0,1,0,1,0,0,3,0,0,0,0,0,0,0,1,0,0,0,0,1,0,0,2,2,0,0,1,0,1,1,0,1,0,1,0,0,1,1,2,1,0,0,0,1,1,0,0,1,0,0,1,1,3,0,0,0,0,0,0,1,1,1,0,0,1,0,1,1,0,0,0,0,0,0,0,8,3,0,0,0,1,3,1,0,2,0,0,0,0,0,0,0,0,0,0,0,3,0,0,0,0,0,0,0,0,0,1,0,0,0,1,3,0,1,0,0,0,2,0,0,0,1,0,1,0,1,1,0,1,0,0,0,0,0,0,1,1,0,2,1,1,2,0,1,5,0,0,0,0,1,1,0,0,5,2,1,4,0,0,1,0,1,8,0,1,0,0,0,1,1,10,0,2,0,0,0,0,0,0,11,1,0,0,0,0,0,1,0,0,0,1,0,0,1,2,3,0,4,1,1,0,2,0,0,2,0,1,1,3,0,1,0,1,0,0,0,2,1,1,4,0,0,0,0,1,0,0,0,2,0,0,0,0,0,0,0,1,0,0,0,1,2,0,3,0,0,3,0,0,8,3,2,0,0,2,0,1,0,0,0,0,4,1,1,1,0,0,0,0,2,0,0,2,0,0,0,0,2,0,1,0,1,0,0,2,0,2,0,2,0,0,0,0,0,0,0,0,0,0,1,0,1,0,3,0,3,0,1,0,0,0,6,0,1,0,0,0,0,0,0,1,0,0,0,0,0,3,0,1,0,0,0,5,0,2,0,0,0,1,5,2,0,1,0,0,1,0,0,0,1,1,1,15,1,2,8,0,0,0,3,0,0,1,0,0,1,0,1,0,0,1,0,0,0,1,0,0,0,4,2,1,0,2,1,0,0,1,0,0,0,0,0,0,1,1,0,0,1,0,0,0,0,0,0,0,1,1,0,0,2,1,0,0,0,2,0,0,0,1,0,1,0,0,2,0,0,0,0,1,1,0,1,1,0,0,0,1,0,2,0,1,0,0,0,0,0,4,0,0,0,1,0,0,0,1,0,1,2,0,0,0,0,0,1,1,0,0,0,1,2,3,1,1,0,0,0,1,1,0,1,1,1,0,0,0,6,1,1,1,0,0,1,0,0,1,0,1,0,3,0,0,2,0,0,0,1,3,0,0,2,1,0,2,8,0,0,0,1,2,2,0,1,0,0,2,0,0,0,0,1,0,1,0,0,0,0,0,0,4,1,1,0,3,0,1,0,0,1,0,0,0,1,0,0,2,0,0,0,0,0,0,0,0,0,0,1,0,0,0,0,0,0,0,0,1,0,1,0,1,0,2,0,1,0,0,0,0,1,0,0,1,0,0,0,0,0,0,0,5,2,2,0,0,1,1,0,2,1,0,0,0,0,0,0,0,0,0,0,0,0,0,0,0,1,1,0,2,0,0,0,1,0,0,1,1,0,0,1,0,1,1,0,1,0,0,3,4,0,4,0,1,1,0,3,1,0,2,0,0,1,1,1,2,0,1,0,0,0,0,0,0,3,0,0,0,1,4,0,1,0,0,1,0,1,1,0,2,3,0,1,0,0,0,0,0,0,0,1,0,0,1,1,2,0,0,1,0,0,0,0,0,0,3,3,0,0,1,0,0,1,0,0,1,0,0,3,0,0,2,2,0,0,0,3,0,0,0,0,0,1,0,0,1,2,1,0,0,0,0,0,2,0,0,1,0,3,2,0,0,1,0,0,0,1,1,0,0,0,0,3,0,1,0,0,0,4,2,0,0,0,0,1,1,0,0,1,1,5,0,0,0,0,0,0,0,0,0,0,0,0,0,0,0,1,1,0,0,0,2,0,0,0,0,1,0,0,2,0,0,0,0,0,2,0,0,0,1,0,0,0,0,0,0,0,13,9,1,0,0,2,0,2,1,0,2,0,2,0,1,0,0,0,1,1,1,1,0,0,1,0,3,0,1,1,0,1,1,2,1,3,1,1,0,1,1,0,1,0,1,4,0,2,2,1,1,0,0,0,0,1,0,0,0,0,0,0,1,4,0,1,0,0,0,1,0,0,1,0,1,0,0,1,0,0,0,2,0,0,0,0,0,1,0,0,0,0,2,0,0,1,3,1,2,0,0,2,2,0,0,0,0,0,0,1,0,0,1,0,0,0,0,1,1,0,0,0,1,3,0,0,1,0,1,0,0,1,1,0,0,1,0,2,0,2,0,1,0,0,1,0,1,0,0,2,2,1,4,0,0,0,0,0,0,0,0,1,0,0,2,0,2,1,1,1,0,2,0,0,0,2,0,0,0,1,0,0,0,1,0,0,1,2,0,0,0,0,0,1,0,0,2,0,0,1,1,3,0,1,1,2,4,0,0,0,0,1,0,1,1,0,0,0,0,0,0,1,0,1,0,0,1,1,1,0,0,0,2,1,1,0,1,0,0,0,0,1,1,0,0,0,4,0,1,1,3,0,1,3,1,2,0,0,0,1,0,0,0,1,0,0,0,2,2,1,1,0,0,1,0,1,0,1,0,0,0,0,0,1,0,1,0,0,0,0,0,1,0,1,1,0,0,0,0,2,0,0,0,0,0,0,0,1,5,0,1,0,0,0,0,0,0,0,3,0,0,1,0,0,2,0,0,1,1,0,1,2,0,2,0,4,0,2,0,1,0,1,1,2,5,0,1,0,0,4,2,1,0,0,0,0,0,0,0,3,3,1,0,1,0,1,1,0,0,6,1,4,0,0,1,0,0,0,0,1,0,0,0,0,1,2,1,7,1,0,2,1,0,0,1,0,0,2,0,0,0,1,0,0,0,0,0,0,0,0,1,0,0,0,1,0,1,2,1,0,0,0,1,0,0,2,0,0,0,1,1,0,3,2,0,0,1,0,1,0,0,0,0,2,5,0,1,0,1,3,1,0,0,0,0,1,1,1,2,0,0,1,0,0,0,0,1,0,1,2,0,1,0,1,0,0,1,0,0,1,0,0,0,0,0,0,0,1,0,0,0,0,1,0,1,0,2,5,0,1,0,2,1,0,2,0
ARHGAP24,0,0,0,0,0,0,0,0,2,0,0,0,0,0,0,0,0,0,0,0,0,0,0,0,0,0,0,0,0,2,0,0,2,1,0,0,0,0,0,1,0,0,1,0,0,0,1,0,0,0,0,0,0,0,0,1,0,0,0,0,0,0,0,0,0,0,0,0,0,0,0,0,0,0,0,0,0,0,0,1,0,0,0,0,0,0,0,0,0,0,0,0,0,0,0,1,0,0,0,1,0,0,0,0,0,0,0,0,0,0,0,0,0,0,0,0,0,0,0,0,0,0,0,0,0,0,0,0,0,0,0,0,0,1,0,0,0,0,0,0,0,0,0,0,0,0,0,0,0,0,0,0,0,0,0,0,0,0,0,0,0,0,0,0,0,0,0,0,0,0,0,0,0,0,0,0,0,0,0,0,0,0,0,1,0,0,0,0,0,0,0,0,0,0,0,1,0,0,0,2,1,0,1,0,0,0,0,2,0,0,0,0,0,0,0,0,0,0,1,0,0,0,0,1,0,0,0,0,0,1,0,0,0,0,0,0,0,1,0,0,0,0,0,0,0,1,0,0,4,0,0,1,0,0,0,0,0,0,0,0,0,0,0,0,0,0,0,0,0,0,0,0,1,0,0,0,1,0,0,0,0,0,0,0,0,0,0,1,0,0,0,0,0,0,0,0,0,0,0,0,0,0,0,0,0,0,0,0,0,0,0,0,0,0,0,0,0,0,1,0,0,0,0,0,0,0,0,1,0,0,0,1,0,0,0,0,0,0,0,0,0,0,0,0,0,0,0,0,0,0,0,0,0,0,0,0,0,0,0,0,0,0,1,0,0,0,0,0,0,0,0,0,0,0,0,0,0,0,0,0,0,0,0,0,0,1,0,1,0,0,0,0,0,0,0,0,1,0,0,0,1,0,0,0,0,0,0,0,0,0,0,0,0,0,0,0,0,0,0,0,0,0,0,0,0,0,0,0,0,0,0,0,0,0,0,0,0,0,0,0,0,0,0,0,0,0,0,0,0,0,0,0,0,0,0,0,0,0,1,1,0,0,0,1,2,0,0,0,0,0,1,0,0,0,0,0,1,0,0,0,0,0,0,0,0,0,0,0,0,0,0,0,0,0,0,0,0,0,0,0,0,1,0,0,0,0,0,0,0,0,0,0,1,0,0,0,0,0,1,0,0,0,0,0,0,0,0,0,0,1,0,0,0,0,0,0,0,0,0,0,0,0,0,0,0,0,0,0,0,0,0,3,0,0,0,0,1,0,0,0,0,0,0,0,0,0,0,0,0,0,0,0,0,0,0,0,0,0,0,0,0,0,0,0,0,0,1,0,0,0,0,0,0,1,0,3,0,2,0,0,0,0,0,0,0,0,0,0,0,0,1,0,0,0,0,0,0,0,0,0,0,0,0,0,0,0,0,0,0,0,0,0,0,0,0,0,0,0,0,0,0,0,0,0,0,0,1,0,0,0,0,0,0,0,0,0,0,0,0,0,0,1,0,0,0,0,0,0,0,0,0,0,0,0,0,0,0,0,0,0,0,0,0,0,0,0,0,0,0,0,0,0,0,0,0,0,0,0,0,0,0,0,1,0,1,0,0,0,0,0,0,0,0,0,0,0,0,0,0,0,0,0,0,0,0,0,1,0,0,0,0,0,0,0,0,0,0,4,0,2,0,0,0,0,0,0,0,0,0,0,0,0,0,0,0,0,0,1,0,0,0,0,1,0,0,0,0,0,0,0,0,0,0,0,0,1,0,0,0,0,0,0,0,0,0,0,0,0,0,0,0,0,0,0,1,0,0,0,0,0,0,0,0,0,0,0,0,0,0,0,0,0,0,0,0,0,0,0,0,0,0,0,0,0,0,0,0,1,0,0,0,0,0,0,0,0,0,0,0,1,0,0,0,0,0,0,0,0,0,0,0,0,0,0,0,0,0,0,0,1,0,0,0,0,2,0,0,0,0,0,0,0,0,0,0,0,0,0,0,0,0,0,0,0,0,0,2,0,1,0,0,0,0,0,0,0,0,0,0,0,1,0,0,0,0,0,0,1,0,1,0,0,0,0,0,0,0,0,0,3,0,0,0,0,0,1,0,0,0,0,0,0,0,0,0,0,0,0,0,0,4,0,0,0,0,0,0,0,0,0,0,0,0,0,0,0,0,0,0,0,0,0,0,0,0,0,0,0,0,0,0,0,0,0,0,3,0,0,0,0,0,0,0,0,0,0,0,0,0,0,1,0,0,0,0,0,0,0,0,0,0,0,0,0,0,0,0,0,0,0,0,0,1,0,0,0,0,2,0,0,1,0,0,0,0,0,0,0,0,0,0,0,0,0,0,0,0,0,0,0,0,0,0,0,0,0,0,0,0,0,0,0,0,0,0,0,0,0,0,0,0,0,0,0,0,0,0,0,0,0,1,0,0,0,0,0,0,1,1,1,0,0,0,0,0,0,0,0,2,1,0,0,0,0,0,0,0,0,0,0,0,0,0,0,0,0,0,0,1,0,0,0,1,0,1,0,0,0,0,0,0,0,0,0,2,0,0,0,0,3,0,1,0,0,0,0,0,0,0,0,0,0,0,0,0,0,0,0,0,0,0,0,1,1,0,0,0,1,0,0,0,0,0,2,0,0,0,0,0,0,0,0,0,0,0,0,0,0,0,0,0,0,0,0,0,0,0,0,0,1,0,0,0,0,0,0,0,0,0,0,0,0,0,0,0,0,1,0,0,0,1,0,0,0,0,0,0,0,0,0,0,1,0,0,2,0,0,0,0,0,0,0,0,0,0,1,0,0,0,0,0,0,0,0,0,0,1,0,2,0,0,0,0,0,0,0,0,0,0,0,0,0,0,0,0,0,0,0,0,0,0,0,0,0,0,0,0,0,0,0,0,0,0,0,0,0,0,0,0,1,0,0,0,0,0,0,0,0,0,0,0,0,0,0,0,0,0,0,0,0,1,0,0,0,0,0,3,0,0,1,0,0,0,1,0,0,0,0,0,0,0,0,0,0,0,0,0,0,0,1,0,0,0,0,0,2,0,0,0,0,0,0,0,0,0,0,0,0,0,0,0,0,0,0,0,0,0,0,0,0,0,0,0,0,0,0,1,0,0,0,0,0,0,0,0,0,1,0,0,0,0,0,0,0,0,0,0,0,1,0,0,0,0,0,0,0,0,0,2,1,0,0,0,0,0,0,0,1,0,0,0,0,0,0,0,0,0,0,0,0,0,0,1,0,0,0,0,0,0,0,0,0,0,0,0,0,0,0,0,0,0,0,0,0,0,0,0,2,0,0,0,0,0,0,0,0,0,0,0,0,0,0,1,0,0,0,0,0,0,0,0,0,0,0,0,0,0,0,0,0,0,0,0,0,0,0,0,0,0,0,1,0,0,0,0,0,0,0,0,0,0,0,0,0,0,0,0,0,0,0,0,0,0,0,0,0,0,0,0,0,0,0,0,0,0,0
RAB32,0,0,0,0,0,0,1,0,0,0,0,0,1,0,0,1,0,0,1,0,0,0,1,0,0,0,0,0,0,0,0,0,0,0,0,0,0,0,0,0,0,0,1,0,0,0,0,0,0,0,0,0,0,0,0,0,0,0,0,0,1,0,0,0,1,0,0,2,1,0,0,1,0,1,0,0,0,0,1,0,0,0,0,1,0,0,0,0,0,0,0,0,0,0,0,0,0,0,0,0,0,0,0,0,0,0,0,0,0,0,0,0,0,0,0,0,0,0,1,0,0,1,1,0,0,0,0,0,0,0,0,0,0,0,0,0,0,0,1,0,0,0,0,0,2,0,0,0,0,0,3,0,0,0,0,0,0,0,0,0,0,0,1,0,0,0,0,0,3,7,0,0,1,0,1,0,0,0,0,0,0,0,0,0,0,0,0,0,2,3,0,0,0,0,0,0,0,0,2,0,0,0,0,0,0,0,0,0,0,0,0,0,0,0,0,0,0,0,0,0,0,0,0,0,0,0,0,0,0,0,0,0,0,1,1,0,0,0,0,0,1,0,0,1,0,0,0,1,4,0,0,0,0,0,0,0,0,0,0,0,0,0,0,0,0,0,0,0,0,0,0,0,1,0,0,0,0,0,3,0,0,1,0,0,0,0,0,0,0,0,0,0,1,0,0,0,0,0,1,0,0,0,0,0,1,0,0,0,1,0,0,0,0,0,0,0,0,0,0,0,0,0,0,0,0,0,0,0,0,0,0,0,0,0,2,0,0,0,0,0,1,0,1,0,0,0,0,0,0,2,0,0,0,0,0,0,0,0,3,0,0,1,0,0,0,0,1,0,0,0,0,2,0,0,0,2,0,0,0,1,0,0,0,0,0,1,0,0,0,0,0,0,0,2,0,0,0,0,0,0,1,0,0,0,0,0,0,0,0,0,0,0,1,0,0,4,0,0,0,0,0,0,0,0,1,0,0,0,0,0,0,0,0,0,0,0,0,0,0,1,0,0,2,0,0,2,0,1,0,0,0,0,1,0,1,0,0,0,1,0,1,0,0,0,1,1,0,0,1,0,0,2,0,0,0,0,0,0,0,0,1,0,0,0,0,0,1,0,0,1,0,0,0,0,0,1,0,0,0,0,0,0,0,0,0,0,0,0,0,0,1,0,0,0,0,0,0,0,0,0,0,0,0,0,0,0,0,0,2,0,1,0,0,0,1,2,0,5,0,0,0,0,0,0,0,0,1,0,0,0,1,1,0,0,1,0,0,0,0,0,0,0,0,0,0,0,0,0,0,0,0,0,0,0,0,0,0,0,0,0,0,0,0,1,0,0,0,0,0,0,0,0,0,1,0,0,0,0,0,0,0,5,0,0,0,2,0,0,0,0,0,0,0,0,0,0,0,0,0,0,0,0,0,0,0,0,0,0,0,0,0,0,0,0,0,0,0,0,0,0,0,1,0,0,0,0,0,0,0,1,0,0,0,0,0,2,0,0,0,0,0,0,0,0,0,0,0,0,0,0,0,0,1,0,0,0,0,1,0,0,0,0,0,0,0,0,0,0,0,0,0,0,0,0,0,0,0,0,0,2,0,0,0,0,0,0,0,0,0,4,0,0,0,0,1,0,0,0,0,0,0,0,0,0,0,0,0,0,0,0,0,0,0,0,1,0,3,0,0,0,0,0,0,2,0,0,0,0,0,0,0,0,0,0,0,0,0,0,0,0,0,1,0,0,1,0,0,0,0,0,0,0,0,0,0,1,1,0,1,0,0,0,0,0,3,0,0,0,0,0,0,0,0,2,3,0,0,0,3,0,0,0,0,0,0,0,0,0,0,0,0,0,0,2,0,0,0,0,0,0,0,0,2,0,0,0,0,0,0,0,0,0,1,1,0,0,0,0,0,0,0,0,0,0,0,1,0,0,0,0,0,0,1,0,0,0,1,0,0,0,0,0,0,0,0,0,0,0,0,0,0,0,0,0,0,0,0,0,0,1,0,0,0,1,0,0,0,0,0,0,0,0,0,0,1,0,0,0,0,0,0,0,0,0,0,0,0,0,2,0,0,0,0,0,0,0,0,0,0,0,0,2,1,0,0,0,0,0,2,0,3,0,0,0,0,0,0,0,0,0,0,0,0,0,0,0,0,0,0,0,0,0,0,0,0,0,0,0,0,0,0,0,0,0,2,1,0,0,0,0,0,3,1,0,0,0,0,0,1,0,0,0,0,2,0,0,0,0,0,0,0,0,0,0,0,0,0,0,0,0,0,2,0,0,0,0,0,0,0,0,0,0,1,0,0,0,0,0,1,0,0,0,0,0,0,0,0,0,0,0,0,1,0,0,0,0,0,1,0,0,0,0,0,0,0,0,0,0,0,0,0,1,0,0,0,0,1,0,0,0,0,0,0,0,0,0,1,0,0,1,1,0,0,0,0,0,0,0,1,0,0,1,0,0,0,0,0,0,0,0,0,0,0,1,0,1,0,0,0,0,1,0,0,0,0,0,0,0,0,0,0,0,0,0,0,0,1,0,0,0,0,0,0,0,0,0,0,0,1,0,0,0,0,0,0,0,0,0,0,0,0,0,1,0,0,0,0,0,0,0,2,0,0,2,0,0,0,0,0,0,0,0,0,0,0,0,0,0,0,0,0,0,0,0,0,0,1,0,0,3,0,0,0,0,0,0,0,0,2,3,0,0,0,0,0,0,1,0,0,0,0,0,0,0,0,0,0,0,0,0,0,0,0,0,0,0,2,0,0,0,0,0,0,0,0,0,0,0,0,0,0,0,0,0,0,0,3,0,0,0,0,0,0,0,0,0,0,0,0,0,0,0,1,1,0,0,0,0,0,0,0,0,1,1,0,0,0,0,0,0,0,0,0,0,0,0,3,0,0,1,0,0,6,0,0,1,0,0,0,0,0,0,0,0,1,0,0,0,0,0,1,0,0,0,0,0,0,0,0,0,0,0,0,0,0,0,0,0,0,0,0,0,1,0,0,0,0,0,0,3,0,0,0,0,0,0,0,0,0,0,0,0,0,0,0,0,0,0,1,0,0,0,0,0,0,0,0,0,2,0,0,0,0,0,0,0,1,0,0,0,0,0,0,0,4,0,1,0,0,2,0,0,0,0,0,0,0,0,0,0,0,0,0,0,0,2,0,1,0,2,0,0,0,0,0,1,0,0,0,0,0,0,0,0,0,0,0,3,0,0,0,0,0,2,0,0,0,0,0,0,0,0,0,0,0,0,0,0,0,0,0,0,0,0,1,0,0,0,0,0,0,0,0,0,0,1,0,0,0,0,0,0,1,0,0,0,0,1,0,0,2,0,0,0,8,0,0,1,0,0,0,0,0,0,0,1,0,0,2,0,0,0,0,2,0,0,0,0,3,0,0,1,0,0,1,0,0,0,0,2,0,0,0,0,0,0,0,0,0,0,0,0,0,0,0,0,0,3,0,0,0,0,0,0,0,0
CD19,0,0,0,0,0,0,0,0,0,0,0,0,0,0,0,0,0,0,0,0,0,0,0,0,0,0,0,0,0,1,0,0,1,0,0,0,0,0,0,1,0,0,0,0,0,1,0,0,1,0,0,0,0,0,0,0,0,0,0,0,0,0,0,0,0,0,0,0,0,0,0,0,0,0,0,0,0,0,0,0,0,0,0,0,0,0,0,0,0,0,0,0,0,0,0,0,0,0,0,0,0,0,0,0,0,0,0,0,0,0,0,0,0,0,0,0,0,0,1,0,0,0,0,0,0,0,0,0,0,0,0,0,0,0,0,0,0,0,0,0,0,0,0,0,0,0,0,0,0,0,0,0,0,0,0,0,0,0,0,0,0,0,0,0,0,0,0,0,0,0,0,0,0,0,0,0,0,0,0,0,0,0,1,0,0,0,0,0,0,0,0,0,0,0,0,4,0,0,0,1,0,0,0,0,0,0,0,0,0,0,0,0,0,0,0,0,0,0,0,0,0,0,0,1,0,0,0,0,0,0,0,0,0,0,0,0,0,0,0,0,0,0,0,0,0,0,0,0,0,0,0,0,0,0,0,0,0,0,0,0,0,1,0,0,0,0,0,0,0,0,0,0,0,0,0,0,2,0,0,0,0,0,0,0,0,0,0,0,0,0,0,0,0,0,0,0,0,0,0,0,0,0,0,0,0,0,0,0,0,0,0,0,0,0,0,0,0,0,0,0,0,0,0,0,0,0,0,0,0,0,0,0,0,1,0,0,0,0,1,0,1,0,0,0,4,0,0,0,0,0,0,0,0,0,0,0,0,0,0,0,0,0,4,0,0,0,0,0,0,0,0,0,0,0,0,0,0,0,0,0,0,0,0,0,0,0,0,0,0,0,0,0,0,0,0,0,1,0,0,0,0,0,0,0,0,0,0,3,0,1,0,0,0,0,0,0,0,0,0,0,0,0,0,0,0,0,0,0,0,0,0,0,0,0,0,0,0,0,0,0,0,0,0,0,0,1,0,0,0,0,0,0,0,0,0,0,0,0,0,2,0,0,0,0,0,0,0,0,0,0,0,0,0,0,0,0,0,0,0,0,0,0,0,0,0,0,0,0,0,0,0,0,0,0,0,0,0,0,0,0,0,0,0,0,0,0,0,0,0,0,0,0,0,0,0,0,0,0,0,0,0,0,0,0,0,0,0,0,0,0,0,0,0,0,0,0,0,0,0,0,0,0,0,0,0,0,0,0,0,0,0,1,0,0,0,0,0,0,0,0,1,0,2,0,0,0,0,0,0,0,0,0,0,0,0,0,0,0,0,0,0,0,0,0,0,0,0,0,0,0,0,0,0,0,0,1,0,1,0,0,0,0,0,0,0,0,0,0,0,0,1,2,0,0,0,0,0,0,0,0,0,0,0,0,0,0,0,0,0,0,0,0,0,0,0,1,0,0,0,0,0,0,0,0,0,0,0,0,0,0,0,0,0,0,1,0,1,0,0,0,0,2,1,0,0,0,0,0,0,0,0,0,0,0,0,0,0,0,0,0,0,0,0,0,0,0,0,0,0,0,0,0,0,0,0,0,0,0,1,0,0,0,0,0,0,0,0,0,0,0,0,0,0,0,0,0,0,0,0,0,0,0,0,0,0,0,0,0,0,0,0,0,0,0,0,0,0,0,0,1,0,0,0,0,0,0,1,0,0,0,0,0,0,0,0,0,0,0,0,0,1,0,0,0,0,0,0,0,0,0,0,0,0,0,0,0,0,0,0,0,0,0,0,0,0,0,0,0,0,0,0,0,0,0,0,0,0,0,0,0,0,0,0,0,0,0,0,0,0,0,0,0,0,0,0,0,0,0,0,0,0,1,0,3,0,0,0,1,0,0,0,0,2,0,0,0,0,0,0,1,0,0,0,0,0,0,0,0,0,0,0,0,0,0,0,0,0,0,0,0,0,0,0,0,3,0,0,0,0,0,1,0,0,0,0,0,0,0,0,0,0,0,0,0,0,0,0,0,1,0,0,0,0,0,0,0,0,0,0,0,0,0,0,0,0,0,0,0,0,0,0,0,0,0,1,0,1,0,0,0,0,0,0,0,0,0,0,0,0,0,0,0,0,0,2,0,0,0,0,0,1,0,0,0,2,0,0,0,0,0,0,0,0,0,0,0,1,0,0,0,0,0,0,0,0,0,0,0,1,0,0,1,0,0,0,1,0,0,0,0,0,0,0,0,0,0,0,0,0,0,1,0,0,0,0,0,0,0,0,0,0,0,0,0,0,0,0,0,0,0,0,0,0,0,0,0,0,1,0,0,0,1,0,0,0,0,0,0,0,0,0,0,1,0,0,0,0,0,0,0,0,0,0,0,0,0,0,0,0,0,0,0,0,0,0,0,0,0,0,0,0,0,0,0,0,0,0,0,0,0,1,0,0,0,0,0,0,1,0,0,0,0,0,0,0,0,0,0,0,1,0,0,0,0,0,0,0,0,0,0,0,0,0,0,0,0,0,0,0,1,0,0,1,0,1,0,0,0,0,0,0,0,0,0,1,0,0,0,0,3,0,0,0,0,0,0,0,3,1,0,0,0,0,0,0,1,0,0,0,0,0,0,0,0,0,0,0,0,0,0,0,0,0,1,0,0,0,0,0,0,1,0,0,3,0,0,0,0,0,0,0,0,0,0,0,0,0,0,0,0,0,0,0,0,0,0,0,0,2,0,0,0,0,0,0,0,1,0,0,0,1,0,0,0,0,0,0,0,0,0,0,0,0,0,1,1,0,0,0,0,0,0,0,0,0,0,0,0,0,0,0,0,1,0,0,0,0,0,1,0,0,0,0,0,0,0,0,0,0,0,0,0,0,0,0,0,0,0,0,0,0,0,0,0,0,0,0,0,0,0,0,0,0,0,0,0,0,0,0,0,0,0,0,0,0,0,0,0,0,0,0,0,0,0,0,0,0,0,0,0,0,0,0,0,0,0,1,0,0,0,0,0,0,0,2,0,0,1,0,0,0,0,0,0,0,0,0,0,0,1,0,0,0,0,0,0,0,0,0,0,0,0,0,0,0,0,1,0,0,0,0,0,0,0,0,0,0,0,0,0,0,0,0,0,0,0,0,0,0,0,0,0,0,0,1,0,0,0,0,0,0,0,0,0,0,0,0,0,1,0,0,0,0,0,0,0,0,0,1,0,0,0,0,0,0,0,0,0,0,0,0,0,0,0,0,0,0,0,0,0,0,0,0,0,0,0,0,0,0,0,0,0,0,0,0,0,0,0,0,0,0,0,0,0,0,0,0,6,0,0,0,0,0,0,0,0,0,0,0,0,0,0,0,0,0,0,0,0,0,1,0,0,0,0,0,0,0,0,0,0,0,0,0,0,0,0,0,0,0,0,0,0,0,0,0,0,0,1,0,0,1,0,0,0,0,0,0,0,1,0,0,0,0,0,0,0,0,1,0,0,0,0,0,0,0,0
TGFB1,0,0,2,1,2,0,3,0,0,0,1,0,2,0,0,3,0,1,0,0,0,3,1,2,0,2,0,0,0,0,0,0,0,2,1,2,0,0,0,0,0,1,1,3,1,1,0,1,1,0,0,0,2,2,1,1,2,0,1,0,0,0,1,1,0,0,1,3,1,0,0,2,0,1,0,0,1,2,0,1,2,2,0,0,2,0,0,0,1,0,0,0,2,1,1,0,0,2,0,0,0,0,0,0,1,0,0,1,0,0,0,1,0,0,2,0,0,0,0,0,0,0,6,0,0,0,1,0,1,0,0,0,1,0,0,0,0,0,0,0,0,2,1,0,1,2,0,0,0,1,2,0,1,0,2,4,0,0,0,4,1,0,0,1,0,1,0,1,0,0,0,0,2,0,0,0,0,0,0,0,1,0,0,0,1,0,0,0,0,1,2,1,1,2,0,1,1,0,3,0,0,1,0,0,0,3,0,0,0,0,0,1,4,0,1,0,0,2,1,1,0,0,0,0,0,1,0,1,1,0,0,0,2,1,0,1,0,2,0,0,0,0,0,0,0,0,3,1,1,0,0,1,0,0,0,0,0,0,0,0,1,0,0,0,0,1,0,0,0,1,1,4,1,2,0,0,0,1,2,1,0,1,0,0,0,0,0,0,1,0,1,1,1,2,1,0,0,0,1,0,0,1,0,0,0,0,0,0,1,0,0,0,1,1,3,1,0,2,0,2,0,1,0,2,1,0,0,0,0,1,0,1,0,0,1,0,1,0,0,0,3,0,1,0,0,2,0,0,0,0,1,1,0,0,1,0,0,0,2,0,0,0,0,1,0,0,1,0,0,0,0,2,0,0,1,4,0,2,0,0,0,0,1,2,0,1,0,0,0,0,1,3,0,2,1,1,0,2,1,2,0,0,0,0,1,3,0,1,2,0,0,0,0,0,0,2,0,0,1,0,0,3,0,0,1,2,0,2,0,0,0,0,2,0,1,0,1,0,0,1,2,1,2,0,1,4,2,0,0,0,1,0,1,0,0,0,1,0,0,0,1,0,0,1,2,0,1,0,0,0,1,2,0,0,1,1,0,0,0,0,1,0,0,2,0,1,0,0,1,0,0,0,0,0,1,2,0,0,0,0,0,2,1,1,1,0,0,1,1,0,0,1,0,0,0,2,0,0,0,0,0,0,0,0,0,0,1,0,0,1,1,0,0,0,1,0,1,1,0,0,1,1,2,2,0,0,0,0,2,1,2,5,0,0,0,0,0,2,0,1,0,0,1,0,0,0,1,1,0,0,0,2,1,0,1,0,3,1,1,0,0,0,0,0,1,3,0,0,0,0,0,1,0,1,0,0,1,0,0,1,0,0,0,0,0,2,0,1,0,0,1,1,2,0,1,0,0,1,1,0,1,1,1,0,1,2,0,1,0,0,0,1,0,3,1,0,1,0,1,0,0,0,1,0,1,1,0,0,0,0,0,0,1,0,0,1,0,0,0,1,1,1,1,4,0,0,0,0,0,0,0,0,0,0,2,0,0,1,0,0,2,1,0,3,0,0,0,0,0,0,0,0,0,1,0,1,1,1,0,0,0,2,0,0,0,2,0,0,0,0,0,0,0,0,2,1,0,0,1,0,0,1,0,0,0,0,0,0,0,2,2,0,0,0,0,0,1,0,0,0,0,1,1,2,0,2,0,1,1,1,1,0,0,0,0,1,0,0,1,0,0,1,0,0,0,1,2,1,0,0,0,1,0,0,1,0,0,0,0,0,0,0,0,0,0,0,1,0,1,1,2,0,0,1,3,0,0,0,1,1,0,1,0,0,2,0,0,0,1,0,0,0,0,0,0,0,0,0,1,2,1,0,2,0,1,1,0,0,0,0,0,3,0,1,0,0,0,0,0,0,0,1,0,0,0,2,2,0,2,1,0,1,0,0,2,0,0,1,1,1,1,0,1,0,0,0,0,0,3,0,1,0,2,0,0,1,1,1,2,1,1,1,0,3,1,0,1,0,1,0,0,0,3,1,0,1,0,0,0,0,0,0,0,2,0,0,0,1,2,1,0,0,0,0,0,0,0,0,0,0,0,2,1,0,0,2,0,1,2,2,0,0,1,0,0,2,1,2,0,0,1,2,2,1,0,0,3,1,0,1,0,0,0,1,0,0,1,0,0,1,0,0,0,2,0,1,0,0,0,0,0,5,0,0,1,0,0,1,2,0,0,0,0,4,1,0,1,0,1,0,1,0,1,0,1,0,0,1,0,0,1,0,4,0,0,0,1,0,0,1,0,0,0,0,1,0,0,0,2,0,0,0,1,0,1,0,0,2,0,2,0,0,0,0,1,1,0,1,0,1,0,0,3,3,0,0,0,1,0,2,0,1,0,1,2,0,2,0,0,1,0,0,1,2,1,1,2,1,0,0,1,0,1,2,0,3,0,1,0,0,2,0,0,0,0,2,4,0,0,0,0,1,1,7,0,0,0,0,0,0,0,0,0,2,1,0,1,0,0,2,0,0,0,1,0,0,2,1,0,1,0,2,0,0,0,0,0,3,0,0,0,0,0,0,1,0,0,1,1,0,0,0,0,2,0,1,0,0,0,0,0,1,0,1,0,1,0,0,1,0,0,0,0,0,0,0,0,1,0,0,0,2,0,1,1,2,1,0,1,3,0,0,1,0,0,0,2,1,1,0,1,0,0,0,0,1,1,1,0,0,0,0,1,0,0,1,0,0,3,0,1,1,5,0,0,2,1,0,0,1,0,1,0,0,0,0,0,0,1,0,1,0,1,0,3,0,0,0,0,2,0,2,0,1,0,0,0,0,0,0,2,0,2,1,0,1,1,3,1,0,0,0,1,0,1,0,0,3,0,0,1,0,0,1,0,0,0,1,0,0,0,1,0,0,1,0,1,0,0,1,0,0,0,0,0,1,2,1,0,1,0,0,0,0,0,1,0,0,0,1,0,0,0,2,1,1,0,0,2,0,0,1,0,0,0,0,1,0,0,2,0,0,0,0,2,0,0,3,2,0,0,1,0,1,0,2,0,0,0,0,0,0,3,0,1,0,0,0,0,0,0,3,0,1,0,2,0,1,0,0,0,1,0,1,2,0,1,0,0,0,0,0,0,0,0,0,0,2,0,0,3,2,0,1,1,1,2,0,0,1,0,0,0,0,1,1,0,1,0,0,0,0,1,0,0,1,0,1,0,0,0,1,0,0,0,0,0,0,1,0,0,0,1,1,0,0,0,0,0,0,0,0,0,0,0,1,2,1,1,0,1,1,0,0,0,0,0,0,0,3,0,0,1,0,0,0,1,0,0,1,0,0,0,0,2,0,0,2,0,3,0,0,0,0,0,0,0,0,1,1,1,0,0,1,2,0,0,1,0,0,0,0,2,0,0,0,0,0,0,0,0,0,1,0,0,1,0,1,2,2,0,0,0,0,1,0,1,2,0,0,0,2,1,0,0,2
ID3,0,0,0,0,0,0,0,1,0,0,0,0,1,1,0,0,0,0,0,0,0,0,0,0,1,0,1,0,0,0,0,0,0,0,0,0,0,0,0,0,0,0,0,0,0,0,0,0,0,0,0,1,0,0,0,0,0,0,0,0,1,0,0,0,0,0,0,0,0,0,0,0,0,0,0,0,0,0,0,0,0,0,0,0,0,0,0,0,0,0,0,0,0,0,0,0,1,0,0,0,0,0,0,0,0,0,0,0,0,1,0,1,0,0,0,0,0,0,0,0,0,0,0,0,0,0,0,0,0,0,0,2,0,0,0,0,0,3,0,0,0,0,0,0,0,0,0,0,0,0,0,0,0,0,0,0,0,0,0,0,1,0,0,0,0,0,0,0,0,0,0,0,0,0,0,0,0,0,0,0,0,0,0,1,0,1,0,0,0,0,0,0,0,0,0,0,1,0,0,0,0,0,0,0,0,0,0,0,0,0,0,0,0,0,0,0,1,0,0,0,0,0,0,0,0,0,0,0,0,0,0,0,0,0,0,0,0,0,0,1,0,0,0,0,0,0,0,0,0,0,0,0,1,0,0,0,0,0,0,0,0,0,0,0,0,0,2,0,0,0,0,1,0,0,0,0,0,0,0,0,0,0,0,1,0,1,0,0,0,0,1,0,0,0,0,0,0,0,0,0,0,1,0,0,0,1,0,0,0,0,0,0,0,0,0,0,0,0,0,0,0,0,0,0,0,1,0,0,0,0,0,0,0,0,0,0,0,0,0,0,0,0,0,0,2,0,1,0,0,0,0,0,0,0,0,0,0,0,0,0,0,0,0,1,0,1,0,0,0,0,0,0,0,1,0,0,0,0,0,0,0,0,0,0,0,0,0,0,0,0,0,0,0,0,0,0,1,0,0,0,0,0,0,0,0,0,0,0,0,0,0,0,0,1,1,0,0,0,1,0,1,0,0,0,0,0,0,0,1,0,0,1,1,0,0,0,0,0,0,0,0,0,0,0,0,0,0,0,0,0,0,0,0,0,0,1,0,0,0,1,0,0,0,0,0,0,1,0,0,0,0,0,0,0,0,0,0,0,0,0,0,0,0,0,0,0,0,1,0,0,0,0,0,0,0,0,0,0,0,0,0,0,0,0,0,1,0,0,0,0,0,0,0,0,0,0,0,0,0,0,1,0,0,0,0,0,0,1,0,0,0,0,0,0,1,0,0,0,0,0,0,0,0,0,1,1,0,0,0,0,0,0,0,0,0,0,0,0,0,0,0,0,0,0,0,0,0,0,0,0,0,0,3,0,0,0,0,0,0,0,0,0,0,0,0,0,0,0,0,0,0,0,0,0,0,0,0,0,0,1,0,0,0,0,0,0,0,0,0,2,0,0,0,0,0,0,0,0,0,0,0,0,0,0,0,0,0,0,0,0,0,0,0,0,0,1,0,0,0,0,0,0,0,0,0,0,0,0,0,0,0,0,0,0,1,0,0,1,0,0,0,0,0,0,0,0,0,0,0,0,0,0,0,0,0,0,0,0,0,0,0,0,0,0,0,1,0,0,0,0,0,0,0,0,0,0,0,0,0,0,0,0,0,0,0,0,0,0,0,0,0,0,0,0,0,1,0,0,0,0,0,0,0,0,0,0,0,0,0,0,0,0,0,0,0,1,0,0,0,0,0,0,0,0,0,0,0,0,0,0,0,0,0,0,0,0,1,0,0,0,0,0,0,0,0,0,0,0,0,0,0,0,0,0,0,0,0,2,0,1,0,0,0,0,0,0,0,0,0,0,0,0,0,0,4,0,0,0,0,1,0,0,0,0,0,0,0,0,1,0,0,0,0,0,0,0,0,0,0,0,0,0,0,0,0,0,0,0,0,0,0,0,1,0,0,0,0,0,0,0,0,0,0,0,0,0,0,0,0,0,0,0,0,0,0,0,0,0,0,0,0,1,0,0,0,0,0,0,0,0,0,0,0,0,0,0,0,0,1,0,0,0,0,0,0,0,0,0,1,0,0,0,0,0,0,0,0,0,0,0,0,0,0,0,0,0,0,1,0,0,0,0,0,0,0,0,0,0,0,0,0,0,0,0,0,0,0,0,0,0,0,0,0,0,0,0,0,0,0,0,0,2,0,0,1,0,0,0,0,0,0,0,0,0,0,0,0,0,0,0,0,0,0,0,0,0,0,0,0,0,0,0,0,0,0,1,0,1,0,0,0,0,0,0,0,0,0,0,0,0,1,0,0,0,0,1,0,0,1,0,0,0,0,0,0,0,0,0,0,0,1,0,0,0,1,0,0,0,1,0,1,0,1,1,0,0,0,0,0,0,0,1,0,0,0,0,0,0,0,0,0,0,0,0,0,0,2,0,0,0,0,0,0,0,0,0,0,0,1,0,0,0,0,0,0,0,0,0,0,0,0,0,0,0,0,0,0,0,0,0,0,0,0,0,0,0,0,0,0,0,0,0,0,0,0,0,0,0,0,0,0,0,0,0,0,1,0,0,0,0,0,0,0,0,0,0,0,0,0,0,0,0,0,0,0,0,0,0,0,0,1,0,1,0,0,0,0,0,0,0,0,2,0,0,0,0,0,0,0,0,0,0,0,0,0,0,0,0,0,0,0,0,0,0,0,0,0,0,0,0,5,0,0,0,0,0,0,0,1,0,0,0,1,0,0,0,0,0,0,0,0,0,0,0,2,0,0,0,1,0,1,0,0,0,0,0,1,0,0,0,0,0,0,0,0,2,0,0,0,0,0,0,0,0,0,5,0,0,0,0,0,0,0,0,0,0,0,0,0,0,0,1,0,0,0,1,0,0,0,0,0,0,0,0,0,0,0,0,0,0,0,0,0,0,0,0,0,0,0,0,0,0,0,1,0,2,0,0,0,0,0,0,0,0,0,0,1,0,0,0,0,0,0,0,0,0,0,0,0,0,0,0,0,0,0,0,0,1,0,0,0,0,0,0,0,1,0,0,0,0,0,0,0,0,0,0,0,1,2,0,0,0,0,0,0,0,0,0,0,0,0,0,0,0,0,0,0,0,0,0,0,0,0,0,0,0,0,0,0,0,0,0,0,0,0,0,0,0,0,0,0,0,0,1,0,0,0,0,0,0,0,0,0,1,0,0,0,0,0,0,0,0,0,0,0,0,0,0,0,0,0,0,0,0,0,0,0,0,0,0,0,0,0,0,0,0,0,0,0,0,0,0,0,0,0,0,0,0,0,0,0,0,0,0,0,0,0,0,0,0,0,0,0,0,0,0,0,0,0,0,0,0,0,0,1,0,0,0,1,0,1,0,0,0,0,0,0,1,1,0,0,0,0,0,0,0,0,0,0,0,0,0,0,0,0,0,0,0,0,0,0,0,0,0,0,0,0,0,0,3,0,0,0,0,0,0,0,0,0,0,0,0,0,0,0,0,1,0,0,0,0,0,0,0,0,0,0,0,0,0,0,0,0,0,0,0
AAK1,1,0,5,1,0,0,0,1,0,2,0,1,0,2,0,0,1,2,0,1,0,3,0,0,0,4,3,1,0,0,0,0,0,0,1,1,1,3,0,0,0,0,0,1,0,0,0,1,1,0,1,0,1,2,0,0,0,0,0,2,1,1,1,0,0,1,0,0,0,0,0,0,2,0,0,0,0,0,0,1,1,0,0,0,2,1,0,0,0,1,0,0,1,0,0,0,0,0,0,0,1,1,1,3,1,0,1,0,0,0,1,0,0,0,2,1,1,0,0,0,2,0,0,0,3,0,1,0,0,1,0,2,0,1,1,2,0,3,0,0,0,1,2,1,1,3,0,0,1,0,1,0,1,2,0,1,1,0,2,0,2,0,2,0,0,1,1,1,0,0,2,0,1,0,0,1,2,0,0,1,0,1,0,0,1,0,1,0,0,1,0,0,1,0,1,0,4,1,0,0,0,2,0,0,0,0,0,0,0,0,0,2,3,1,0,0,0,2,0,0,2,0,0,0,1,0,0,0,0,0,0,4,0,2,0,0,1,0,0,0,0,0,0,0,0,0,0,1,1,0,0,0,0,1,0,1,1,2,0,0,0,0,0,0,1,0,1,0,1,3,0,2,1,1,1,1,0,0,1,2,0,0,3,1,1,2,0,0,0,2,0,1,0,0,0,1,1,0,1,0,0,0,1,0,0,1,1,0,0,0,2,0,0,0,2,0,0,3,0,1,1,0,0,0,1,0,0,1,0,2,3,1,1,0,0,1,2,0,0,0,0,0,0,4,0,1,0,1,0,0,1,1,1,0,0,0,0,3,0,0,1,0,0,0,1,0,1,1,1,3,0,0,3,1,1,0,0,1,1,0,1,0,2,1,1,0,1,0,0,1,4,0,0,0,0,0,0,0,1,0,0,3,0,1,0,1,0,0,0,0,2,0,0,1,0,1,0,0,0,0,0,1,2,0,0,2,1,0,1,1,0,1,0,0,1,0,0,2,1,1,2,1,0,1,3,0,0,0,0,0,2,3,1,0,0,0,1,1,0,0,0,2,1,0,2,0,1,0,0,0,0,0,0,2,0,0,0,0,0,0,0,0,1,1,0,0,0,1,0,1,2,0,0,0,0,0,3,1,0,0,0,2,1,2,0,1,0,1,0,1,0,0,0,1,2,1,1,0,2,0,2,0,0,0,0,0,1,0,0,1,1,1,2,0,2,0,1,0,1,1,1,0,0,0,1,1,0,1,0,2,1,0,1,0,0,0,0,1,1,1,0,0,0,0,1,0,0,2,2,0,0,0,0,2,0,2,0,2,0,0,0,1,1,1,2,0,0,0,0,0,0,0,0,0,3,0,0,0,0,0,1,0,0,0,0,0,0,1,3,1,1,0,0,1,1,2,1,0,0,0,1,0,0,0,0,1,1,0,0,4,0,1,1,1,0,0,2,0,0,0,0,0,1,1,2,0,0,3,1,0,0,0,0,0,0,0,0,0,0,1,0,0,0,1,0,2,0,0,1,1,0,0,0,1,2,2,0,0,1,0,0,1,1,1,0,1,2,0,0,0,1,1,0,1,5,0,1,1,0,0,2,1,0,1,0,0,1,0,0,0,0,0,0,0,0,2,1,1,0,1,0,0,2,1,0,0,0,2,0,0,0,1,0,0,0,1,0,0,0,0,0,0,1,0,0,0,0,2,0,0,0,0,1,3,0,0,1,0,1,0,0,1,0,2,0,0,1,0,3,0,2,0,0,0,0,1,0,2,0,0,1,1,0,1,0,0,1,2,0,2,5,1,1,0,0,1,2,1,1,0,0,1,0,0,1,0,0,0,0,0,1,0,0,0,2,0,0,0,0,3,1,0,1,0,0,0,0,0,1,0,0,0,0,0,2,1,0,1,0,0,0,1,0,0,2,0,1,1,2,1,0,0,0,1,0,0,1,0,0,0,0,0,1,1,0,1,0,1,1,1,0,1,2,0,0,1,0,0,0,0,1,0,0,0,0,2,0,1,0,0,0,1,1,0,0,0,0,1,0,0,0,0,0,1,0,1,0,0,0,0,1,1,1,3,1,1,0,0,0,0,0,0,1,0,0,0,1,1,0,2,0,1,1,0,0,1,0,1,0,0,0,0,1,1,0,2,0,0,1,3,0,5,0,1,0,0,0,1,3,0,0,0,1,1,0,0,1,1,0,0,0,1,1,0,1,1,1,0,1,0,0,0,1,1,0,0,0,0,1,0,0,1,0,1,1,1,1,0,0,2,0,0,0,1,0,1,1,0,0,0,0,0,0,0,0,2,0,0,0,0,0,0,2,0,1,1,1,0,1,0,0,0,0,0,2,1,1,2,0,0,0,0,0,1,1,0,0,1,0,0,0,0,4,0,1,0,0,0,0,0,1,1,0,0,0,2,1,0,0,0,0,0,0,0,1,0,0,1,0,0,0,0,0,0,1,0,0,0,0,0,0,1,2,0,0,0,1,0,0,0,0,2,1,0,0,2,1,0,0,0,1,0,0,3,0,0,0,0,0,2,1,0,1,1,0,0,0,1,0,0,0,0,1,0,0,0,0,0,0,2,0,2,0,1,1,0,1,0,0,1,0,0,0,0,0,1,0,0,0,0,0,1,1,0,0,0,0,1,0,0,1,3,2,0,0,1,0,1,0,0,4,3,0,1,0,1,0,1,0,0,1,0,0,0,0,1,1,2,0,0,0,0,1,1,0,2,0,0,0,0,0,1,2,0,0,2,1,1,2,2,1,0,0,0,0,1,0,0,1,0,0,0,0,0,0,0,0,1,0,2,0,2,2,0,0,0,0,1,0,1,1,1,0,0,0,2,0,2,0,0,1,0,2,0,0,0,1,1,1,1,0,0,1,0,0,0,0,2,0,0,0,0,0,1,2,0,1,1,0,1,0,0,2,0,0,0,0,1,0,1,1,0,0,0,0,1,0,0,0,0,0,0,2,0,0,0,0,0,0,0,2,1,0,0,0,0,1,1,2,0,1,1,0,0,0,1,2,0,2,0,0,0,0,0,1,0,1,2,0,0,0,1,2,1,0,3,0,1,0,0,0,1,2,1,1,0,2,0,1,2,0,0,0,2,1,0,0,0,0,0,0,0,0,1,0,0,0,1,0,0,0,0,1,0,4,0,0,0,0,1,0,0,1,0,0,0,0,2,0,0,1,1,0,1,1,0,1,0,1,1,0,2,0,0,2,0,0,4,0,0,0,1,0,1,1,1,0,1,1,0,1,0,0,1,0,1,0,2,1,1,0,0,5,0,0,0,0,0,1,1,0,1,0,0,1,0,0,0,1,0,0,0,1,0,0,0,1,1,0,1,0,1,1,1,0,0,1,0,0,1,0,1,0,0,0,1,1,0,0,3,0,1,0,2,0,2,0,0,1,0,0,0,0,2,1,0,0,0,0,2,0,0,0,0,1,0,0,0,1,0,0,1,4,0,0,0
PRKCB,0,0,0,1,2,1,0,0,1,0,0,0,2,0,0,0,0,0,0,0,0,0,0,1,0,0,0,0,0,2,0,1,2,1,1,0,0,0,0,1,0,0,3,0,0,0,3,0,1,0,0,0,1,1,0,0,1,0,0,2,0,0,0,1,1,1,0,1,0,0,0,0,1,2,1,0,1,4,0,1,0,0,2,0,0,0,0,1,0,2,1,0,0,0,0,0,0,0,0,7,1,0,0,1,0,2,0,1,0,0,0,0,1,0,0,0,0,0,0,0,0,0,2,0,1,0,0,0,1,0,0,1,0,2,0,0,1,1,1,0,0,0,0,0,2,0,2,0,0,0,0,0,0,0,0,0,0,1,0,1,0,0,1,0,0,1,0,1,0,2,1,0,0,0,3,0,1,0,4,1,0,0,1,0,0,0,1,0,0,1,2,1,0,0,0,2,0,0,1,2,0,2,1,0,0,0,0,1,4,0,0,0,1,0,0,0,0,0,1,1,0,1,0,0,0,0,0,0,0,0,0,0,0,0,0,0,1,2,0,1,0,0,2,0,0,1,0,0,0,0,0,0,1,0,0,0,0,0,1,2,1,0,1,1,0,0,0,0,0,0,1,0,0,0,0,1,0,0,0,0,0,1,0,1,0,0,0,0,0,1,0,0,0,0,0,0,1,0,0,1,0,0,0,0,0,0,1,0,1,0,1,0,0,0,1,1,0,0,3,0,0,2,2,0,0,0,0,2,0,0,0,1,0,0,0,0,0,0,0,0,2,0,2,1,1,0,0,1,1,0,0,1,2,0,1,0,1,1,1,0,0,0,1,1,0,0,0,0,0,0,0,0,0,0,0,1,0,0,0,1,0,0,3,0,0,0,0,4,0,0,0,1,0,0,0,0,0,0,0,1,1,0,1,0,0,0,1,0,0,0,0,0,0,0,0,4,0,0,0,0,0,0,2,0,3,0,0,0,0,0,0,1,0,1,0,2,1,0,0,1,0,0,1,0,0,1,1,1,1,0,0,0,2,0,1,0,0,1,0,1,1,0,0,0,2,1,0,0,0,1,0,1,1,0,0,1,1,0,0,0,0,0,1,0,0,0,0,0,0,0,0,0,0,1,0,1,0,0,0,3,0,0,1,0,0,0,2,1,1,1,1,1,0,0,0,0,1,0,0,0,0,1,0,0,1,2,1,0,0,0,1,1,0,0,0,0,0,0,0,0,1,1,1,0,0,0,0,0,3,0,0,4,0,0,0,1,0,1,0,1,0,0,2,1,0,0,0,0,0,1,0,0,0,0,0,0,0,0,0,0,0,0,0,0,0,0,0,0,0,0,0,2,0,0,0,3,1,0,1,1,0,0,0,0,0,0,0,2,1,0,2,2,0,0,1,0,0,0,3,1,0,1,0,0,0,0,0,0,0,1,0,0,0,0,0,1,0,0,0,0,0,0,1,0,0,1,1,2,0,0,2,0,0,0,0,0,2,0,0,0,0,1,4,2,1,0,0,0,0,0,1,0,0,0,0,1,0,0,1,0,1,1,0,0,0,1,0,0,0,0,0,1,0,0,0,0,0,0,0,0,1,0,2,0,0,0,0,0,0,4,1,0,0,0,0,1,0,0,0,1,0,2,0,1,2,0,1,0,0,0,0,0,0,1,2,0,0,0,1,0,1,0,1,2,0,0,0,0,0,0,0,0,1,0,2,0,0,0,2,0,0,1,1,0,1,0,2,0,0,0,0,0,0,0,1,0,3,0,2,0,1,0,1,0,1,0,0,0,0,0,0,0,0,0,1,0,0,0,0,1,0,0,1,0,0,0,0,1,1,0,0,0,1,0,0,0,0,0,0,0,0,0,0,0,1,0,0,0,0,0,0,1,0,1,0,0,0,0,0,3,0,0,0,2,0,3,0,0,1,0,0,0,2,0,0,0,0,0,0,0,0,0,0,0,2,0,0,0,0,0,1,1,2,0,1,0,0,0,0,1,1,0,0,0,0,0,2,0,2,4,0,0,0,0,0,1,1,0,0,0,0,0,0,0,0,0,0,0,1,0,1,0,0,0,1,0,0,0,0,3,0,1,0,1,4,1,0,1,0,3,0,0,0,0,3,0,0,3,0,0,5,1,1,1,0,1,1,0,0,1,0,0,0,0,1,0,1,0,0,1,1,0,0,0,0,2,0,0,0,0,0,1,0,0,0,0,0,0,0,0,0,0,0,1,0,0,0,0,1,0,2,0,0,1,0,1,0,0,0,2,0,0,0,0,0,0,0,0,1,2,0,0,1,0,0,0,2,0,2,0,0,1,0,1,0,0,0,0,0,0,2,1,0,0,0,1,1,2,2,0,0,0,1,0,0,0,0,0,0,0,0,2,1,0,0,1,1,0,0,0,0,0,0,1,1,2,0,0,0,1,0,0,2,1,0,2,0,2,1,0,2,0,0,0,0,2,1,0,2,1,1,0,0,1,0,0,0,1,1,0,0,0,1,0,3,2,0,0,0,0,0,0,0,0,1,0,0,0,0,2,1,0,0,0,0,1,3,0,1,1,0,0,0,0,0,1,1,0,0,1,0,1,1,1,0,3,0,0,3,1,0,0,1,0,0,0,0,4,1,0,0,1,0,0,0,0,1,0,0,0,2,0,0,0,1,1,1,0,1,1,0,0,0,0,0,0,0,1,0,0,0,0,0,0,0,0,1,0,3,0,0,0,0,0,0,1,2,0,0,1,3,1,0,0,0,0,1,0,0,0,0,2,0,0,0,2,0,0,0,0,3,1,0,0,0,3,0,0,0,0,0,0,0,0,0,1,2,0,3,0,1,0,0,0,0,0,2,1,0,0,0,0,1,1,0,0,0,0,0,1,0,0,0,0,0,0,0,2,0,0,1,1,1,0,0,0,0,0,0,1,2,0,0,0,1,2,1,0,1,1,2,1,1,1,1,0,1,0,0,0,0,0,1,1,0,0,0,0,1,2,0,1,0,1,1,0,0,0,1,0,0,0,0,0,0,0,0,0,2,0,0,0,0,0,0,1,1,0,1,0,0,0,0,0,1,1,3,0,0,0,0,0,1,0,0,2,0,0,0,0,0,0,0,1,1,0,1,0,0,0,0,1,0,1,0,0,3,0,0,1,1,0,0,1,0,0,0,1,0,2,0,0,0,0,0,0,0,0,0,1,0,0,0,0,0,1,0,2,0,0,0,0,0,0,0,0,0,0,0,0,0,0,0,1,0,0,0,1,1,0,0,0,0,0,0,0,0,0,0,0,0,0,0,0,0,2,0,2,0,0,0,0,0,0,0,0,0,0,0,0,0,0,0,0,2,0,1,0,0,2,0,0,1,0,1,0,0,1,0,0,0,0,1,1,0,0,0,3,1,1,1,2,0,0,0,0,0,0,1,0,0,0,2,0,0,0,0,1,0,0,0,0,0,0,1,0,0,1,0,0,0,0,0,0,0,0
ZFAND5,0,0,0,0,1,2,0,1,1,0,0,0,0,0,0,1,0,0,1,1,0,0,2,0,0,0,0,0,0,0,0,0,0,0,0,0,0,0,0,0,0,1,1,0,0,0,0,1,0,0,0,0,4,0,0,1,0,0,0,1,2,0,1,0,0,0,1,0,4,0,0,1,0,2,0,1,0,0,1,0,1,1,0,0,1,0,0,0,0,0,0,0,0,0,0,1,0,0,1,1,0,0,1,0,0,3,0,1,2,1,1,1,1,1,1,0,0,0,0,0,0,0,0,0,0,0,0,0,1,0,1,0,0,1,0,1,0,0,2,0,0,0,0,0,0,0,0,1,1,0,0,0,1,0,0,0,0,1,0,0,0,0,0,0,0,0,0,0,1,5,0,0,0,0,1,0,0,0,3,0,1,0,0,0,1,1,0,0,0,0,1,0,1,0,0,2,0,0,0,0,0,0,1,0,0,0,0,1,1,1,0,0,0,0,0,0,0,0,0,2,0,1,0,0,1,0,0,0,0,0,0,0,1,2,1,0,0,0,0,0,0,0,1,0,0,0,1,1,3,0,0,2,1,0,1,0,0,0,0,1,0,0,0,0,0,1,0,1,0,0,1,3,0,1,0,0,1,1,0,0,0,2,0,0,1,0,1,0,0,0,0,0,2,0,0,1,0,1,0,0,0,0,0,0,0,0,0,1,3,0,1,0,1,0,0,0,0,0,0,0,0,0,1,0,0,1,0,0,0,2,0,0,0,0,0,0,0,0,0,2,1,0,0,0,0,0,1,1,0,4,0,2,3,0,0,0,0,1,1,1,1,0,0,3,1,1,1,0,0,0,0,0,0,0,0,3,0,2,1,0,1,0,1,2,0,0,0,0,0,0,0,4,0,3,0,0,0,0,0,3,3,0,0,1,0,0,1,0,0,0,0,0,2,1,0,4,0,1,0,0,1,0,1,0,2,1,0,0,0,0,0,0,0,0,0,0,5,1,0,5,1,0,5,0,0,1,0,0,0,0,1,0,2,0,0,1,0,0,1,0,1,1,1,0,2,1,0,0,0,0,2,2,0,0,0,0,0,1,0,0,2,1,0,2,2,0,0,1,0,1,0,0,0,1,0,1,0,0,0,0,0,2,0,0,0,0,1,2,0,1,0,0,0,0,0,0,0,0,0,0,0,0,0,0,2,1,0,0,4,0,0,0,0,0,0,4,1,1,0,0,3,0,0,0,0,0,3,0,3,1,0,2,0,0,0,1,0,8,0,0,1,1,2,0,0,0,0,0,0,0,0,0,2,0,0,1,1,0,1,0,0,0,0,0,0,0,0,0,0,0,0,0,0,2,0,1,0,0,0,0,1,1,0,0,1,2,0,0,0,0,1,2,0,0,1,0,0,0,1,1,1,0,1,0,0,0,0,0,0,0,0,0,0,0,0,1,0,0,0,0,0,1,0,0,0,0,0,1,0,0,0,0,1,1,0,2,0,0,0,1,1,0,0,1,0,1,0,0,0,0,1,0,3,0,0,1,0,2,0,0,0,2,0,0,1,0,0,0,0,1,1,0,2,0,0,0,0,1,1,1,0,0,0,0,0,0,0,0,0,1,0,0,0,0,1,1,0,1,0,0,0,0,0,0,0,2,0,0,0,0,0,0,0,1,0,1,2,0,1,0,0,1,1,0,0,0,0,0,0,0,1,0,2,0,0,0,0,0,0,0,0,1,0,0,1,0,0,0,0,1,0,1,0,0,0,1,1,0,0,1,0,1,1,0,2,3,0,0,0,0,0,0,0,0,2,0,0,0,0,0,0,0,0,0,0,0,0,2,0,0,0,0,0,0,1,3,0,0,0,0,0,0,1,0,0,1,0,0,1,0,0,0,0,1,0,0,0,0,0,0,2,0,1,0,0,0,0,0,0,0,0,1,1,0,0,0,2,2,0,1,0,0,1,0,0,0,0,1,0,0,0,1,2,0,0,0,0,0,0,2,1,0,0,0,0,0,2,1,0,1,0,0,0,2,1,0,0,1,0,0,0,0,0,0,0,0,1,0,5,0,2,1,0,0,1,0,0,0,0,1,0,5,0,0,0,0,1,0,0,2,2,0,0,0,0,0,0,3,0,0,0,0,0,0,0,0,0,0,0,0,0,0,0,0,0,0,0,0,0,1,1,0,1,0,0,0,0,0,0,0,0,4,2,0,1,0,0,1,0,0,0,2,0,4,2,0,1,0,0,0,0,0,0,0,0,1,0,0,0,0,1,0,1,0,1,0,0,1,0,0,1,0,3,0,0,0,0,0,0,0,0,0,0,0,0,0,0,3,0,0,1,1,0,0,0,2,0,1,0,0,0,0,0,0,1,0,1,0,0,0,0,2,0,0,0,0,0,0,0,0,0,0,2,4,0,0,0,1,0,1,2,1,0,0,1,3,0,1,3,1,2,0,0,0,0,0,0,0,0,1,0,0,0,1,0,2,0,0,0,0,0,0,3,3,0,0,0,0,0,0,0,0,0,1,0,1,0,0,0,0,0,0,2,1,0,0,0,0,1,2,0,0,0,0,0,0,1,0,0,0,1,0,1,0,0,0,0,0,0,0,0,0,0,2,0,0,0,0,0,1,1,1,1,0,0,0,0,0,0,0,0,0,0,0,0,0,1,0,0,0,0,0,0,1,0,0,1,0,0,1,0,0,0,0,0,0,0,1,2,0,1,0,0,0,0,0,0,3,0,2,0,0,1,1,0,0,3,0,1,0,0,1,0,0,0,0,0,1,0,0,0,1,0,0,1,1,2,0,0,0,0,0,0,0,0,1,1,0,0,0,8,0,0,1,0,0,4,0,0,0,1,0,0,2,1,0,0,0,0,1,0,0,0,0,0,0,2,0,0,3,1,0,0,1,0,2,0,0,1,0,0,0,0,0,0,1,0,0,0,1,6,0,0,0,0,0,3,0,0,0,0,1,0,0,1,1,0,0,0,1,0,0,0,0,1,0,0,0,0,4,0,1,0,0,0,0,0,0,1,0,0,0,0,0,2,0,0,0,0,0,0,1,0,0,4,0,1,1,0,0,0,1,0,2,0,0,1,1,0,2,0,0,0,1,2,0,0,0,0,1,0,1,0,0,0,0,0,1,0,0,4,0,0,0,1,0,0,1,0,0,0,1,0,0,0,1,0,0,0,0,0,0,0,0,1,0,0,2,0,0,0,0,2,0,0,2,0,0,0,0,0,0,0,0,0,0,1,0,1,2,0,0,0,0,0,0,0,0,0,0,0,0,0,0,0,0,1,0,0,0,0,1,2,0,0,0,1,0,0,2,1,0,0,2,0,0,0,1,2,1,0,0,0,0,0,0,0,4,0,1,0,0,0,1,0,0,0,0,2,0,0,6,0,0,1,1,0,0,0,2,0,0,1,0,0,0,2,0,0,1,0,1,2,0,0,0,0,0,0,2,0,2,1,0,0,0
AKR1C3,0,0,0,2,0,0,0,0,0,0,0,0,0,0,0,0,0,0,0,0,0,0,0,0,0,0,0,0,0,0,0,0,0,1,2,0,0,0,0,0,0,0,0,0,0,0,0,0,0,0,0,0,0,0,0,0,1,0,0,0,0,0,0,0,0,0,0,0,0,0,0,1,0,0,0,1,1,0,0,0,0,0,0,0,0,0,0,0,0,0,0,0,0,0,0,0,0,0,0,0,0,1,0,0,0,0,0,4,0,0,0,0,0,0,0,0,0,0,0,0,0,0,0,0,0,0,0,0,0,0,0,0,0,0,0,0,0,0,0,0,0,0,0,0,0,3,0,0,0,0,0,0,0,1,0,0,0,0,0,0,0,0,0,0,2,0,0,0,0,0,0,1,0,0,0,0,0,0,0,0,0,0,0,0,0,0,0,0,0,0,0,0,0,0,0,0,0,0,0,0,0,0,0,0,0,0,0,0,0,0,0,0,0,0,1,0,0,0,0,0,0,0,0,0,0,0,0,0,0,0,0,0,0,0,0,0,0,0,0,0,0,0,0,0,0,0,0,0,0,0,0,0,0,0,0,0,0,0,0,0,0,0,0,0,0,0,0,0,0,0,4,0,0,0,0,0,0,0,0,0,0,0,0,0,0,0,0,0,0,0,0,0,0,0,0,1,1,0,0,0,0,0,0,0,0,0,0,0,0,0,0,0,0,0,0,0,0,0,0,0,0,2,0,0,0,0,0,0,0,0,0,0,0,0,0,0,0,0,0,0,0,0,0,0,0,1,0,0,0,0,0,0,0,0,0,0,0,0,0,0,0,0,0,0,0,0,0,0,1,0,0,0,0,0,0,0,0,0,0,0,0,0,0,0,0,0,0,0,0,0,0,0,0,0,0,0,0,0,0,0,0,0,0,0,0,0,0,0,0,0,0,0,0,0,0,0,0,0,0,0,0,0,0,2,0,0,0,0,0,0,0,0,0,0,0,0,0,0,0,1,0,0,0,0,0,0,0,0,0,0,0,0,0,0,0,0,0,0,0,0,0,0,0,0,0,0,0,0,0,0,0,0,0,0,0,0,0,0,0,0,0,0,4,1,0,0,0,0,0,0,0,0,0,0,0,0,0,0,0,3,0,0,0,0,0,0,0,0,0,0,0,0,0,0,0,0,0,0,0,0,0,0,0,0,1,0,0,0,0,0,0,0,0,0,0,0,0,0,0,0,5,0,0,0,0,0,0,0,0,0,0,0,0,0,0,0,0,0,0,0,0,0,0,0,0,0,0,0,0,0,0,2,0,0,0,0,0,0,0,0,0,1,0,0,0,0,0,0,0,0,0,0,0,0,0,0,0,0,0,0,0,0,0,0,0,0,0,0,0,0,0,0,1,0,0,0,0,0,0,0,0,0,0,0,0,0,0,0,0,0,0,0,0,1,0,0,0,0,0,0,0,0,3,0,0,0,0,0,0,0,0,0,0,0,0,0,0,0,0,0,0,0,0,0,0,0,0,0,1,0,0,0,0,0,4,0,0,0,0,0,0,0,0,0,0,0,0,0,0,0,0,0,0,0,0,0,0,0,0,0,0,0,0,0,0,0,0,0,0,0,0,0,0,0,0,0,0,0,0,0,0,0,0,0,0,0,0,0,0,0,0,0,0,0,0,0,0,0,0,0,0,0,0,0,0,0,0,0,0,0,0,0,0,0,0,0,0,0,0,0,0,0,0,0,0,0,0,0,0,0,0,1,0,0,0,0,0,1,0,0,0,1,0,0,0,0,0,0,0,0,0,0,0,0,0,0,0,0,0,0,0,0,0,0,0,0,1,0,0,0,0,0,0,0,0,0,0,0,0,3,4,0,0,0,0,0,0,0,0,0,0,0,0,0,0,0,0,0,0,0,0,0,0,0,0,0,0,0,1,0,0,0,0,0,0,0,0,0,0,0,0,0,0,0,0,0,0,0,1,0,0,0,0,0,0,0,0,0,0,0,0,0,0,0,0,0,0,0,0,0,0,0,1,0,0,1,0,0,0,0,0,0,0,0,0,0,0,0,0,0,0,0,0,0,0,0,0,0,0,0,0,0,0,1,0,0,1,0,0,0,0,0,0,0,0,0,0,0,0,0,0,0,0,0,0,0,2,0,0,0,0,0,0,0,0,0,0,0,0,0,0,0,0,0,0,0,0,0,0,0,0,0,0,0,0,0,0,0,0,0,0,0,0,0,0,0,0,0,0,0,0,0,0,0,0,0,0,0,0,0,0,0,0,0,0,0,0,0,0,0,0,0,0,0,0,0,0,0,0,0,0,0,0,0,1,0,0,0,0,0,0,0,0,0,0,0,0,0,0,0,0,0,2,1,0,0,0,0,0,0,0,0,0,1,0,0,0,0,0,0,0,0,0,0,0,0,0,0,0,0,0,0,2,0,0,0,0,0,0,0,0,0,0,0,0,0,0,0,0,0,0,0,0,0,0,0,0,0,0,0,0,0,0,0,0,0,0,0,0,0,0,0,0,0,0,0,0,0,0,1,0,0,0,0,0,0,3,0,0,0,0,0,0,0,0,0,0,0,0,0,0,0,0,4,0,0,0,0,0,0,0,0,0,0,0,0,0,0,0,0,0,0,0,0,0,0,0,0,0,0,0,0,0,0,0,4,0,0,0,0,0,0,0,0,0,0,0,0,0,0,0,0,0,0,0,0,0,0,0,0,0,0,0,0,0,0,0,0,0,0,0,0,0,0,0,0,0,0,0,0,0,0,0,0,0,0,0,0,0,0,0,0,0,0,0,0,0,0,0,0,1,0,0,0,0,0,0,3,0,0,0,0,0,0,0,0,0,0,0,0,0,0,0,0,0,0,0,1,0,0,0,0,0,0,0,0,0,0,0,0,0,0,0,0,0,0,0,0,0,0,0,0,0,0,0,0,2,0,0,0,0,0,0,0,0,0,0,0,0,0,0,0,0,0,0,0,0,0,1,0,0,0,0,0,0,0,1,0,0,0,0,0,0,0,0,0,0,0,0,0,0,0,0,0,0,0,0,0,0,0,0,0,0,0,0,0,0,0,0,0,0,0,0,0,0,0,1,0,0,0,0,0,0,0,0,0,0,0,0,0,2,0,0,0,0,0,0,0,0,0,0,0,0,0,0,0,0,0,0,0,0,0,0,0,1,0,0,0,0,0,0,0,0,0,0,0,0,0,0,0,0,2,0,0,0,0,0,0,0,0,0,0,0,0,0,0,0,0,0,0,0,0,0,0,0,0,0,0,0,0,0,0,0,0,0,0,0,0,0,0,0,0,0,0,0,0,0,0,0,0,0,0,0,0,0,0,0,0,0,1,0,0,0,0,0,0,0,0,0,0,0,0,0,0,0,0,0,0,0,0,0,0,0,0,0,0,0,0,0,0,0,0,0,0,0,0,0,0,0,0,0,0,0,0,0,0,0,0,0,0,0,0,0,0,0,0
BCL11B,0,0,1,0,0,0,1,0,0,0,0,0,0,0,0,1,2,0,0,1,0,0,0,0,0,1,0,0,1,0,0,0,0,0,0,0,1,3,0,0,3,0,0,0,0,0,0,0,1,1,0,0,0,0,1,0,1,0,0,0,0,0,1,0,0,0,1,0,0,0,0,0,0,0,0,0,0,0,0,0,0,0,0,0,0,0,0,0,1,0,0,1,0,0,0,0,0,0,0,0,0,0,0,0,0,0,0,1,0,2,1,0,0,1,1,2,1,0,0,0,0,0,0,0,0,0,0,0,0,0,0,0,0,0,0,0,0,3,0,0,0,0,2,0,0,1,0,0,3,0,0,0,0,2,1,1,1,2,0,0,0,1,0,0,0,0,0,0,0,0,0,0,0,0,0,1,0,1,0,1,0,0,0,0,0,0,3,1,0,0,0,0,0,0,1,0,0,0,0,0,0,0,0,0,0,0,0,0,0,0,0,0,0,0,0,0,0,0,0,0,0,0,0,0,3,0,0,0,0,0,0,0,0,2,0,0,0,0,1,0,0,0,0,0,0,0,0,0,0,0,0,0,0,0,0,1,3,0,0,0,1,0,0,0,1,1,0,0,0,0,1,0,0,0,1,2,0,0,0,2,0,0,0,0,0,1,1,0,1,0,0,0,0,0,0,0,0,0,0,0,0,0,0,0,0,0,1,0,1,0,0,0,1,2,0,0,0,0,0,0,1,0,0,0,0,1,1,0,0,0,3,0,0,0,0,0,0,0,0,0,0,0,0,2,0,0,0,0,1,0,0,1,0,0,0,0,0,0,0,0,0,0,0,0,0,2,0,0,0,0,0,0,0,0,0,0,1,1,1,0,0,0,1,0,0,0,1,2,1,0,0,0,1,0,2,0,0,0,0,0,0,1,0,1,0,2,0,0,0,0,2,1,0,1,0,0,0,0,0,0,0,2,0,0,0,1,0,0,1,1,0,0,0,0,1,0,0,0,0,0,0,0,0,0,0,0,0,0,0,0,1,0,0,0,0,1,0,0,0,0,0,0,1,0,0,0,0,0,0,0,0,0,0,1,1,0,0,1,0,1,0,0,0,0,0,0,0,0,1,0,0,1,0,0,1,0,0,1,0,0,0,0,1,0,0,1,0,0,0,0,0,0,0,2,0,0,2,2,0,0,1,0,0,0,0,0,0,0,0,2,0,2,0,0,2,0,0,0,0,0,0,0,0,0,0,0,0,0,0,0,0,0,0,0,0,0,0,0,0,2,0,1,0,0,0,0,1,1,0,0,1,0,0,0,1,0,0,2,0,1,0,0,0,0,0,0,0,0,0,0,1,0,0,0,1,0,1,0,0,0,1,0,0,0,0,0,0,0,2,0,0,0,0,0,0,1,0,0,0,0,0,0,1,0,0,0,1,0,0,0,0,2,0,0,0,0,1,1,1,0,0,0,1,1,0,0,0,1,1,0,0,0,0,0,0,0,0,0,0,0,0,0,0,0,0,0,0,2,0,0,0,0,0,0,0,0,0,0,1,2,0,0,0,0,0,0,0,0,0,1,0,1,0,0,0,1,0,0,0,0,0,0,0,2,0,0,0,0,0,0,0,1,0,1,0,1,0,0,0,0,3,1,0,0,0,0,0,0,0,1,0,2,0,0,0,0,0,0,0,0,0,0,0,1,1,0,0,0,1,0,1,0,1,0,0,0,0,0,0,0,0,0,0,0,0,0,2,0,3,1,0,0,0,2,0,0,0,0,0,1,0,0,0,0,0,0,0,0,2,2,1,0,0,0,0,0,0,1,0,1,2,0,0,0,0,1,1,0,0,0,0,0,0,0,0,0,0,0,0,1,0,0,0,0,0,0,0,0,0,0,1,0,0,0,0,0,1,0,0,0,0,0,1,1,0,0,0,0,0,0,0,0,0,0,0,0,0,0,0,0,2,0,1,0,0,1,1,0,0,0,0,0,0,0,1,0,0,0,0,0,0,0,0,0,0,1,0,1,0,0,0,0,0,0,0,0,0,0,0,0,0,0,0,0,0,1,0,0,0,0,0,0,1,0,0,0,0,0,1,0,0,0,0,0,0,0,0,0,0,1,0,0,0,0,0,0,0,0,0,1,0,1,0,0,0,0,1,0,1,0,0,0,0,0,0,0,0,0,0,0,0,0,0,0,0,0,0,0,0,0,0,0,0,0,0,0,0,0,0,0,0,0,0,0,1,0,0,1,0,0,0,1,0,0,0,0,1,0,0,0,0,0,1,0,1,0,0,1,0,0,1,0,0,0,0,0,0,0,0,0,0,0,0,1,0,0,1,0,0,1,0,0,0,0,1,0,1,0,0,1,0,0,1,0,1,0,0,0,0,0,0,0,0,0,2,0,0,0,2,0,0,1,0,0,0,0,0,0,0,0,0,0,0,0,0,0,1,0,0,0,0,0,2,0,0,0,0,1,0,0,0,0,1,0,0,0,0,0,0,0,0,1,0,0,0,0,1,0,0,0,0,1,0,0,0,0,0,0,0,1,0,1,0,2,0,0,0,0,0,0,1,0,0,0,0,0,0,0,0,1,0,0,0,0,0,0,0,0,0,0,0,0,0,0,0,0,0,0,1,0,0,1,1,0,0,0,0,1,0,0,0,1,0,0,0,0,0,2,0,0,0,0,0,1,0,2,0,1,0,0,1,4,0,1,0,0,0,0,0,0,1,2,0,0,0,1,0,0,0,0,0,1,0,0,0,1,0,0,0,0,0,0,0,0,0,0,0,0,1,0,0,0,0,0,0,0,0,0,1,2,1,0,1,2,2,0,0,0,0,1,0,2,0,0,0,0,0,1,0,0,0,0,0,0,0,0,0,0,0,2,0,0,0,0,0,0,0,0,0,0,0,2,0,0,0,0,1,1,0,0,0,1,1,0,0,0,0,1,0,0,0,0,0,0,0,1,0,1,3,1,0,0,0,1,0,0,0,0,0,0,0,0,0,0,0,0,0,0,0,0,2,0,0,0,0,0,0,0,0,0,0,0,3,0,0,0,2,1,0,0,0,3,0,0,0,0,0,0,0,1,0,0,0,0,0,0,0,0,1,1,0,0,0,1,0,0,0,1,0,0,0,0,0,0,0,0,0,1,0,0,0,0,0,0,1,0,0,0,0,0,0,0,0,0,0,0,0,0,0,0,0,0,0,1,0,1,1,0,0,1,0,0,0,0,0,0,0,0,0,0,0,0,0,1,0,0,0,1,3,0,0,1,0,1,0,1,0,0,0,0,0,1,2,0,0,0,1,0,0,1,1,0,0,1,1,0,0,0,0,1,0,2,0,0,0,1,1,0,0,0,0,2,0,1,0,0,0,0,0,0,0,0,0,0,0,0,0,0,0,3,0,0,0,1,0,0,0,0,0,0,0,0,0,0,1,0,0,0,0,1,1,0,0,0,0,0,0,0,0,0,0,1,0,0,2,0
CSTB,1,0,0,0,0,2,1,1,0,0,1,1,0,1,0,5,1,1,1,0,0,1,3,0,1,13,0,0,1,1,0,1,1,0,0,0,2,1,2,0,1,2,1,2,1,0,0,1,2,0,0,2,2,0,3,0,1,1,0,0,3,4,1,0,1,1,0,0,2,1,0,0,0,2,1,0,1,1,1,0,0,1,2,1,0,0,0,0,3,0,0,1,3,2,1,2,0,1,1,1,0,0,3,1,3,1,2,0,3,1,0,1,0,0,0,2,0,2,1,0,0,0,0,0,0,0,1,0,0,1,0,0,1,0,0,0,0,0,0,0,1,0,0,1,9,0,1,1,5,1,1,0,1,0,2,0,0,0,1,1,1,0,2,2,1,3,3,0,4,5,1,0,2,0,5,0,0,1,7,1,2,1,1,0,1,0,2,1,1,2,5,5,2,0,2,0,1,1,0,1,0,2,1,0,3,3,2,0,0,1,0,1,1,0,0,1,1,0,3,4,0,0,0,0,5,1,0,0,0,2,1,1,2,3,0,3,0,0,1,0,1,0,0,2,0,0,0,0,2,2,0,2,0,0,0,2,1,1,0,0,1,0,0,2,0,2,0,0,2,0,0,6,0,2,0,1,1,3,1,0,1,0,1,1,1,0,0,1,1,1,0,3,2,1,0,0,0,0,0,2,1,2,1,1,1,1,1,0,11,1,1,1,0,1,0,0,1,0,0,3,0,0,2,1,0,0,0,0,0,0,0,0,0,0,4,0,2,2,0,2,6,0,2,0,2,0,0,0,1,0,5,0,4,1,0,0,0,0,3,1,1,0,2,0,1,2,12,1,0,0,0,1,0,1,0,10,0,1,0,3,0,0,1,0,0,0,2,1,0,1,1,9,0,6,0,2,2,1,0,5,1,0,0,1,0,0,1,0,1,1,0,4,0,0,2,5,1,0,1,0,2,0,2,1,3,0,0,2,0,0,0,2,2,1,1,0,0,1,0,3,0,1,3,0,1,8,1,1,0,0,1,2,0,1,3,2,1,1,0,0,3,1,0,0,3,1,0,0,0,0,2,2,0,1,1,8,0,0,0,0,0,2,0,1,0,2,1,1,0,2,0,1,0,0,1,1,0,3,0,0,0,1,0,0,1,0,1,1,1,1,0,0,0,2,0,4,2,1,0,1,2,0,2,1,2,0,1,0,0,2,0,0,2,0,0,0,0,2,0,0,1,1,0,0,2,1,2,2,8,1,2,5,1,0,2,2,0,6,1,2,0,0,0,0,0,1,1,2,1,0,0,1,1,0,0,2,0,0,1,1,0,0,0,2,1,0,0,0,1,2,1,1,0,1,0,0,0,0,0,0,1,1,0,0,0,10,2,0,0,0,1,0,0,0,0,0,1,1,1,2,0,0,2,0,1,0,0,1,0,0,0,2,0,1,1,0,0,0,0,0,0,0,1,1,0,0,1,0,0,1,0,1,2,0,0,0,0,1,1,3,0,0,1,1,0,1,1,0,0,0,1,0,0,0,3,0,0,3,0,1,0,1,0,0,0,1,1,2,0,0,1,1,0,0,0,0,1,0,0,0,2,3,0,1,0,2,0,0,0,12,1,1,0,0,1,2,0,2,0,0,1,0,0,2,0,0,0,0,0,1,2,1,1,0,0,2,0,0,1,2,0,0,1,1,0,0,0,2,0,0,0,1,0,0,0,1,2,1,0,2,0,3,0,1,1,0,1,1,1,0,0,1,0,1,2,0,5,1,0,2,1,0,0,0,0,3,1,0,2,0,0,0,0,0,4,0,2,2,0,0,0,0,0,0,1,0,1,0,0,1,0,0,0,1,0,0,1,0,0,0,1,0,4,1,0,0,0,1,0,0,2,0,1,0,1,1,1,0,1,0,3,1,2,0,0,2,2,0,3,0,1,0,0,0,2,0,1,2,0,1,0,1,0,0,1,1,1,2,1,0,2,0,2,0,0,0,3,1,0,0,0,0,0,2,0,0,0,0,0,0,0,0,1,3,1,0,0,0,2,0,0,1,0,1,0,0,0,0,3,0,0,0,2,0,0,1,2,0,0,0,0,3,1,1,1,2,0,0,1,1,2,1,0,0,0,2,0,7,0,0,0,0,2,1,1,1,1,0,1,1,0,0,0,1,0,0,2,1,0,1,3,0,0,0,0,2,1,0,1,2,0,4,2,0,1,1,1,0,4,1,1,0,1,2,1,2,1,1,2,0,2,0,0,1,0,1,1,1,0,0,1,1,2,2,0,2,0,0,0,1,2,0,1,1,1,0,1,2,0,1,0,0,1,0,1,0,1,2,1,1,4,6,0,0,0,2,0,4,0,0,1,1,1,0,0,0,1,0,0,0,0,2,0,2,0,1,2,1,0,1,0,1,5,12,2,2,4,0,2,0,1,0,0,7,1,1,0,1,1,1,0,0,0,0,1,0,1,1,1,1,1,2,0,5,0,0,1,0,0,0,2,2,5,2,2,0,0,1,0,1,0,0,0,2,0,0,1,1,2,1,0,2,1,0,0,1,0,0,0,0,0,0,2,1,0,1,1,2,0,1,1,0,4,1,1,0,0,0,0,0,1,1,0,7,0,0,0,0,1,0,0,0,0,0,2,1,0,0,1,0,0,1,1,2,1,1,2,0,0,8,0,2,2,0,0,0,1,0,0,1,0,0,0,0,0,1,0,1,0,1,0,0,3,1,1,0,1,2,0,0,1,0,0,3,0,0,12,1,0,0,0,1,2,0,0,0,3,3,0,2,2,2,0,0,0,0,7,0,1,0,1,1,0,0,0,0,1,0,1,1,6,0,1,2,0,1,4,0,0,1,1,0,1,1,1,1,1,1,0,1,1,0,0,2,1,1,7,2,2,0,2,2,5,7,1,0,3,0,0,0,1,0,2,0,0,0,3,0,1,1,3,0,0,2,0,2,0,2,1,1,0,0,1,0,0,0,0,0,2,1,0,2,0,0,1,3,1,0,0,0,0,0,0,2,1,0,0,0,3,0,0,1,1,0,0,1,1,0,3,2,0,5,2,0,4,0,1,1,1,0,0,12,1,2,0,1,3,1,0,1,1,0,0,2,7,0,1,0,1,2,1,1,1,1,2,0,0,0,2,0,9,1,1,0,0,0,0,0,0,9,1,0,1,0,3,0,0,2,0,0,0,1,1,1,1,2,1,5,0,0,0,0,1,1,0,0,0,0,1,0,0,1,0,0,0,0,0,1,0,2,0,1,0,0,0,0,0,1,1,0,1,0,2,0,2,1,0,1,0,1,0,1,7,0,0,1,6,0,1,1,1,0,0,0,5,0,0,2,0,4,1,0,1,0,1,1,0,4,0,0,1,0,0,0,0,0,2,0,4,0,2,3,1,2,1,1,0,0,1,0,0,0,1,0,0,0,0,0,1,0,1,0,0,0,2,0,1,5,2,0,0,2,0,0,0,0
XCL1,0,0,0,0,0,0,0,0,0,0,0,0,0,0,0,0,0,0,0,0,0,0,0,0,0,0,0,0,0,0,0,0,0,0,0,0,0,0,0,0,0,0,0,0,0,0,0,0,0,0,0,0,0,2,3,0,0,0,0,0,0,0,0,0,0,0,0,0,0,0,0,0,0,0,0,0,0,0,0,0,0,0,0,0,0,0,0,0,0,0,0,0,0,0,0,0,0,0,0,0,0,0,0,0,0,0,0,1,0,0,0,0,0,0,0,0,1,0,0,0,0,0,0,0,0,0,0,0,0,0,0,0,0,0,0,0,0,0,0,0,0,0,0,0,0,0,0,0,0,0,0,0,0,0,0,0,0,0,0,0,0,0,0,0,0,0,0,0,0,0,0,0,0,0,0,0,0,0,0,0,0,0,0,0,0,0,0,0,0,0,0,0,0,0,0,0,0,0,0,0,0,0,0,0,0,0,0,0,0,0,0,0,2,0,3,1,0,0,0,0,0,0,0,0,0,0,0,0,0,0,0,0,0,0,0,0,0,0,0,0,0,0,0,0,0,0,0,0,0,0,0,0,0,0,0,0,0,0,0,0,0,0,0,0,0,0,0,0,0,0,1,0,0,0,0,0,0,0,0,0,0,0,0,0,0,0,0,0,0,0,0,0,0,0,0,0,0,0,0,0,0,0,1,0,0,0,0,0,0,0,0,0,0,0,0,0,0,0,0,0,0,0,0,0,0,0,0,0,0,0,0,0,0,0,0,0,0,0,0,0,0,0,0,0,0,0,0,0,0,0,0,0,0,0,0,0,0,0,0,0,0,0,0,0,1,0,0,0,0,0,0,0,0,0,1,0,0,0,0,0,0,0,0,0,0,0,0,0,0,0,0,0,0,0,0,0,0,0,1,0,0,0,0,0,0,0,0,0,0,0,0,0,0,0,0,0,0,0,0,0,0,0,1,0,0,0,1,1,0,0,0,0,0,0,0,0,0,0,0,0,0,0,0,0,0,0,1,0,0,0,2,0,0,0,0,0,0,0,0,0,0,0,0,0,0,0,0,0,0,0,0,0,0,0,0,0,0,0,0,0,0,0,0,0,0,0,0,0,0,0,0,0,0,0,0,0,0,0,0,0,0,0,0,0,0,0,0,0,0,0,0,0,0,0,0,0,0,0,0,0,0,0,0,0,0,0,0,0,0,0,0,0,0,0,0,0,0,0,0,0,0,0,0,1,0,0,0,0,0,0,0,0,0,0,0,0,0,0,0,0,0,0,0,0,0,0,0,0,0,0,0,0,0,0,0,0,0,0,0,0,0,0,0,0,0,0,0,0,0,0,0,0,0,0,0,0,0,0,0,0,0,0,0,0,0,0,0,0,0,0,0,0,1,0,0,0,0,0,0,0,0,0,0,0,0,0,0,0,0,0,0,0,0,0,0,0,0,0,0,0,0,0,0,0,0,0,0,0,0,0,0,0,0,0,0,0,0,0,0,0,0,0,0,4,0,0,0,0,0,0,0,0,0,0,0,0,0,0,0,0,0,0,0,0,0,0,0,0,0,0,0,0,0,0,0,0,0,0,0,0,0,0,0,1,0,0,0,0,0,0,0,0,0,0,0,0,1,0,0,0,0,0,0,0,0,0,0,0,0,1,0,0,0,0,0,0,0,0,0,0,0,0,0,0,0,1,0,0,0,0,0,0,0,0,0,0,0,0,0,0,0,0,0,0,0,0,0,0,0,0,0,0,0,0,0,0,0,0,0,0,0,0,0,0,0,0,0,0,0,0,0,0,0,0,0,0,0,0,0,0,0,0,0,0,0,0,0,0,0,0,0,0,0,0,0,0,0,0,0,0,0,0,0,0,0,0,0,0,0,0,0,0,0,0,0,0,0,0,0,0,0,0,0,0,0,0,0,0,1,0,0,0,0,0,0,0,0,0,0,0,0,0,0,0,0,0,0,0,0,0,0,0,0,0,0,0,0,0,0,0,0,0,0,0,0,0,0,0,0,0,0,0,0,0,0,0,0,0,0,0,0,0,0,0,0,0,0,0,0,0,0,0,0,0,0,0,0,0,0,0,0,0,0,0,0,0,0,0,0,0,0,0,0,0,0,0,0,0,0,0,0,0,0,0,0,0,0,0,0,0,0,0,0,0,0,0,0,0,0,0,0,0,0,2,0,0,0,0,0,0,0,0,0,0,0,0,0,0,0,0,0,1,0,0,0,0,0,0,0,0,0,0,0,0,0,1,0,0,0,0,0,0,0,0,0,1,0,0,0,0,0,0,0,0,0,0,0,0,0,0,0,0,0,0,0,0,0,0,0,0,0,0,0,0,0,0,0,0,0,0,0,0,0,0,0,0,0,0,0,0,0,0,0,0,0,0,0,0,0,0,0,0,0,0,0,0,0,0,0,0,0,0,0,0,0,1,0,0,0,0,0,0,0,0,0,2,0,0,0,0,0,0,0,0,0,0,0,0,0,0,0,0,0,0,0,0,0,0,0,1,1,0,0,0,0,0,0,1,2,0,0,0,0,0,0,0,0,0,0,0,0,0,0,1,0,0,0,0,0,0,0,0,0,0,0,0,0,0,0,0,0,0,0,0,0,0,0,0,0,0,0,0,1,0,0,0,0,0,0,0,0,0,0,0,0,0,0,0,0,0,0,0,0,0,0,0,0,0,0,0,0,0,0,0,0,0,0,0,0,0,0,0,0,0,0,0,0,0,0,0,0,0,0,0,0,0,0,0,0,0,0,0,0,0,0,0,0,0,0,0,0,0,0,0,0,0,0,0,0,0,0,0,0,0,0,0,0,0,0,0,0,0,0,0,0,0,0,0,0,0,0,0,0,0,1,0,0,0,0,0,0,0,0,0,0,0,0,0,0,0,0,0,0,0,0,0,0,0,0,0,0,0,0,0,0,0,0,0,0,0,0,0,0,0,0,0,0,0,0,0,0,0,0,0,0,0,0,0,0,0,0,0,0,0,0,0,0,0,0,0,0,0,0,0,0,0,0,1,0,0,0,0,0,0,0,0,0,0,0,0,0,0,0,0,0,0,0,1,0,0,0,0,0,0,0,0,0,0,0,0,0,0,0,0,0,0,0,0,0,0,0,0,0,0,0,0,0,0,0,0,0,0,0,0,0,0,0,0,0,0,0,0,0,0,0,0,0,0,0,0,0,0,0,0,0,0,0,0,0,1,0,0,0,0,0,0,0,0,0,0,0,0,0,0,0,0,0,0,0,0,0,0,0,0,0,0,0,0,0,0,0,0,0,0,0,0,0,0,0,0,0,0,0,0,0,3,0,0,0,0,0,0,0,0,0,0,0,0,0,0,0,0,0,0,0,0,0,0,0,0,0,0,0,0,0,0,0,0,0,0,0,0,0,0,0,0,0,0,0,0,0,0,0,0,0,0,0,0,1,0,0,0,0,0,0,0,0,0,0,0,0,0,0,0,0,0
TPST2,0,1,0,1,1,0,0,0,0,0,0,0,0,0,0,1,0,1,0,0,0,0,0,0,0,0,0,0,0,0,0,3,0,1,1,0,0,1,0,1,0,0,0,0,0,0,0,0,0,0,0,0,0,0,6,0,2,0,0,1,1,1,0,0,0,1,0,2,1,3,0,0,0,0,0,0,1,0,0,0,0,0,0,0,1,0,0,0,2,0,1,0,2,1,0,0,0,0,0,1,1,0,0,0,0,0,0,1,1,0,0,0,0,0,1,0,1,0,1,0,0,0,2,0,0,0,1,0,0,0,0,0,0,0,0,0,0,0,0,1,0,0,0,0,0,0,0,0,0,0,0,1,0,1,0,0,2,0,0,0,0,0,0,0,1,1,0,0,0,0,0,1,0,0,0,0,0,0,1,0,0,0,0,1,0,0,0,0,0,0,0,0,0,0,0,0,0,1,2,0,0,0,0,0,0,0,0,0,0,0,0,0,0,0,1,1,0,0,0,0,0,0,1,0,0,0,1,0,0,0,0,0,1,0,0,0,0,0,0,0,0,0,0,0,1,0,0,0,0,0,0,1,0,0,2,0,0,0,0,0,0,0,1,0,0,0,0,1,1,0,1,0,0,0,0,0,0,1,0,0,0,0,0,0,0,0,1,0,0,0,0,0,0,1,0,0,0,0,0,2,1,0,1,1,0,0,0,0,0,3,0,1,0,0,0,0,1,0,0,2,2,0,0,0,0,0,1,0,0,0,0,0,0,0,0,0,1,0,0,0,1,0,0,1,0,0,0,0,0,0,1,0,1,0,2,0,0,0,0,0,0,0,0,0,1,0,0,1,0,0,0,0,1,0,0,1,0,1,0,0,0,0,0,0,0,0,0,0,1,0,0,0,0,1,0,0,0,0,0,1,1,0,0,0,0,0,0,1,0,0,0,0,0,0,0,0,0,2,0,0,0,0,2,1,0,1,0,2,0,0,0,0,0,0,2,0,0,0,0,0,1,1,0,0,0,0,0,0,0,0,0,0,0,0,0,0,1,0,0,0,1,0,0,0,0,0,0,0,2,0,1,0,0,0,1,0,0,0,0,0,0,0,0,0,0,1,0,0,0,0,0,0,0,0,1,1,0,0,0,0,0,0,0,0,1,0,0,0,0,1,1,2,0,0,0,0,0,0,0,0,0,0,0,1,0,0,0,0,0,0,0,0,2,0,0,0,2,0,0,1,1,0,0,2,0,1,0,0,0,0,0,0,0,0,0,1,0,0,0,1,0,0,0,0,0,0,0,0,2,0,0,1,0,0,0,0,0,0,0,0,0,1,0,0,1,2,0,0,0,0,0,0,2,0,0,0,0,0,0,0,0,0,0,2,0,0,0,0,0,0,0,0,0,1,1,0,0,3,0,0,0,1,0,0,3,0,0,0,0,1,0,1,1,2,1,2,0,0,0,0,0,0,1,0,0,0,1,0,0,0,0,0,0,0,0,0,0,0,0,1,0,1,0,0,1,0,0,0,0,0,0,0,1,1,1,0,0,0,1,0,0,0,0,0,0,1,0,0,0,1,0,0,0,0,0,0,0,0,0,0,0,2,0,1,0,2,0,0,1,0,0,0,0,0,0,1,0,0,0,0,0,0,2,2,0,0,0,0,0,3,1,0,0,0,1,0,0,0,0,0,0,0,1,0,0,1,0,1,1,0,1,1,0,1,0,0,0,0,0,0,0,0,0,0,0,1,0,0,1,0,0,0,0,0,0,0,0,0,0,0,0,0,0,1,0,1,0,0,0,0,0,1,0,0,0,1,2,0,1,0,0,0,0,0,0,0,0,1,0,0,1,0,0,1,0,0,0,0,0,0,3,0,2,0,0,0,0,0,0,0,0,0,0,0,0,0,0,0,0,0,0,1,0,0,0,0,0,0,2,0,0,0,0,0,0,0,0,0,0,0,1,0,0,1,0,1,1,0,0,0,0,0,0,2,0,0,1,0,0,0,0,0,0,0,0,0,0,0,0,0,0,0,2,0,0,0,0,0,0,0,0,0,0,0,1,0,0,0,0,1,1,2,0,0,0,0,0,0,0,0,0,0,0,0,0,1,0,0,0,0,0,0,0,0,0,0,0,2,1,1,0,0,0,0,0,0,0,0,0,1,0,0,0,0,0,0,0,0,0,0,0,0,0,0,1,0,0,0,0,0,0,0,0,0,0,1,0,0,1,0,0,0,0,0,0,0,0,0,0,0,0,0,0,0,0,2,0,1,1,0,0,0,0,0,0,0,0,0,0,0,0,0,1,0,0,0,0,0,0,0,1,0,0,0,1,0,0,0,0,0,0,1,0,0,0,1,0,0,1,1,1,0,0,1,0,0,0,0,0,0,1,0,1,0,0,0,1,1,1,0,0,0,2,1,0,1,1,1,0,0,0,0,0,0,0,0,0,0,1,0,0,0,0,1,0,1,0,1,0,0,0,0,0,0,1,0,0,0,0,0,0,1,0,0,0,0,0,0,0,1,3,0,0,2,0,1,0,0,0,1,0,0,1,0,0,0,0,0,1,0,0,0,1,2,1,0,0,0,0,0,0,0,1,0,0,0,0,0,0,0,0,0,0,0,0,0,0,0,0,0,0,2,1,0,0,0,0,0,0,1,0,0,0,0,0,0,1,1,0,0,0,0,0,0,0,0,0,0,0,0,0,0,0,0,0,0,0,0,0,0,0,0,0,0,0,1,0,0,2,0,1,0,2,0,0,0,1,0,1,0,0,0,0,0,0,0,0,0,0,0,0,1,0,0,0,1,1,0,0,0,0,0,0,1,0,0,0,0,0,0,0,0,0,0,0,0,1,0,0,0,0,0,0,0,1,0,0,2,1,0,0,1,1,0,0,0,1,0,0,1,1,1,0,1,0,0,0,0,0,0,0,0,0,0,1,0,2,0,0,1,1,0,0,1,0,0,0,0,0,0,0,1,0,0,0,0,0,0,1,0,0,1,0,0,0,0,1,0,0,0,0,0,0,0,0,0,0,1,0,0,0,0,0,1,0,0,0,2,0,1,1,0,0,0,0,0,0,1,0,1,0,0,0,0,0,1,0,3,0,1,0,1,0,1,0,0,2,0,1,0,2,1,1,0,0,0,0,0,0,1,0,0,0,0,0,0,0,0,0,0,0,0,0,0,0,0,1,0,0,0,0,1,1,0,0,1,0,0,0,1,0,2,0,0,0,0,0,0,0,0,0,0,1,0,0,0,1,1,0,0,1,0,0,0,0,0,0,0,0,0,1,0,0,0,0,0,0,0,0,1,0,0,0,0,0,1,0,0,1,0,0,0,0,0,0,0,0,0,0,2,0,0,2,2,0,0,0,0,0,0,1,0,1,0,0,0,0,0,1,0,1,1,0,0,0,0,0,0,0,0,0,0,0,0,0,2,1,1,1,1,0,0,0,0,1,0,0,1,2,0,0,0,0,0,0,0
LEPROTL1,1,0,2,1,0,0,1,1,0,0,1,5,0,0,0,0,0,0,1,0,0,0,0,1,1,0,0,0,1,0,1,1,0,3,1,0,1,0,1,0,3,1,0,0,1,0,0,0,0,0,0,1,0,1,2,0,0,2,1,1,2,1,2,1,0,1,0,0,1,0,0,0,0,0,0,0,0,0,0,0,1,0,0,0,0,2,1,0,0,0,0,1,0,2,1,0,2,0,0,1,0,2,1,1,0,1,0,0,2,1,1,1,0,0,1,2,2,0,0,0,1,0,1,0,0,1,1,0,0,1,0,0,0,0,0,1,0,0,0,0,1,0,2,0,3,0,1,0,2,0,0,0,0,1,0,0,3,0,0,0,0,0,2,0,2,3,0,1,0,1,2,0,2,0,0,0,0,0,0,0,2,2,1,0,0,0,1,0,1,0,0,0,1,2,1,0,0,0,0,0,0,1,0,0,4,0,0,0,0,0,0,2,1,0,1,0,1,3,0,0,1,1,2,0,2,0,0,0,2,1,3,1,0,0,0,0,0,0,0,0,0,1,0,0,0,0,0,1,0,0,0,0,0,0,0,1,1,1,0,0,5,0,0,0,4,0,0,0,5,0,0,0,0,0,1,0,0,1,0,2,2,0,4,1,3,1,1,1,3,1,0,0,0,1,2,0,0,0,1,0,2,0,0,1,1,0,2,0,1,0,0,0,3,1,1,0,0,1,0,0,3,1,0,0,0,0,0,3,0,0,0,0,3,0,0,1,2,1,0,0,0,1,0,3,0,1,0,0,0,0,0,0,2,2,0,0,0,5,0,0,0,0,0,1,0,0,2,0,2,0,0,0,0,4,1,1,1,4,2,0,0,0,2,1,0,0,1,4,2,1,2,1,1,3,1,0,1,2,0,0,0,1,1,1,1,1,0,0,0,0,0,0,0,1,1,1,0,0,3,0,0,1,0,2,1,1,0,0,2,0,1,2,0,1,0,0,0,3,0,2,0,1,1,0,0,0,1,0,0,0,0,1,0,1,0,1,1,1,1,0,1,0,0,1,1,0,1,0,0,0,0,1,0,3,1,4,0,1,0,0,1,1,1,1,2,3,0,1,1,0,2,0,1,0,0,0,2,0,0,1,0,0,3,0,0,0,0,1,0,1,0,0,0,2,0,0,0,2,1,2,1,1,0,1,0,0,0,0,0,0,2,0,0,1,0,0,1,0,2,0,0,0,1,0,3,1,0,2,0,5,2,1,0,0,1,1,1,0,0,0,0,1,0,1,1,4,1,2,1,1,3,1,0,0,0,0,0,2,1,0,1,1,2,1,0,1,0,0,0,0,0,0,0,1,1,0,1,0,0,0,0,0,0,0,1,1,0,0,2,0,0,0,0,3,2,1,0,0,0,0,0,1,0,0,1,0,6,0,2,0,0,2,1,0,0,2,1,3,0,0,0,0,0,1,0,0,0,3,4,0,0,0,0,0,0,1,0,1,0,1,0,0,0,1,1,3,1,0,1,0,4,6,0,1,1,2,0,0,1,0,0,1,0,0,0,2,0,0,0,1,0,1,3,0,1,0,0,0,0,1,0,0,1,1,1,1,0,0,0,0,0,1,0,0,0,0,0,0,0,0,3,2,2,1,0,3,0,0,0,1,1,0,0,1,0,0,0,0,1,0,0,3,1,0,1,0,0,2,1,0,1,2,2,1,0,1,0,0,0,3,0,0,0,0,0,0,2,2,0,0,0,1,3,1,0,0,0,0,1,1,0,0,1,1,0,0,2,2,3,2,2,3,1,0,1,0,1,1,0,0,0,0,0,0,0,0,0,0,0,1,3,0,0,0,1,0,0,0,0,0,0,0,0,0,1,1,3,0,2,0,0,1,0,0,1,0,0,0,0,1,0,1,1,0,0,1,3,0,0,1,0,0,0,2,0,0,0,1,0,0,0,1,1,1,0,1,1,1,0,0,0,0,0,0,1,0,0,1,0,1,0,0,0,1,0,1,0,0,0,0,1,0,0,0,0,0,0,4,1,1,0,1,0,0,0,1,0,1,1,0,1,1,4,0,0,5,0,1,1,0,0,1,0,1,1,2,0,0,0,1,0,0,0,0,0,3,1,0,0,0,0,2,3,0,0,2,1,0,2,1,0,1,0,2,0,0,0,0,1,0,0,0,0,0,1,1,1,0,0,0,1,0,0,0,1,0,3,0,0,4,1,0,0,0,0,1,3,0,3,5,1,0,1,1,1,0,0,0,1,2,0,0,2,0,3,0,0,1,0,0,1,0,0,2,3,4,0,0,0,2,0,0,0,0,1,2,1,0,1,2,0,0,0,0,0,1,1,1,0,1,1,0,1,0,0,1,1,2,1,1,0,0,0,0,1,0,0,0,0,1,0,2,0,2,0,0,0,0,0,0,0,1,1,1,0,1,3,0,0,0,2,0,3,1,1,1,0,0,0,2,2,2,1,1,1,0,1,0,0,2,2,2,1,0,0,1,1,4,0,0,0,1,0,2,1,1,0,0,2,1,0,0,0,0,0,1,1,0,0,0,1,0,2,1,0,1,0,0,0,0,1,0,0,0,0,0,0,1,1,0,0,0,1,0,0,1,1,0,0,0,1,2,0,0,1,1,0,1,2,0,0,0,1,0,0,0,0,1,0,0,1,2,0,0,0,1,2,3,0,1,1,2,1,3,3,2,2,2,0,1,0,1,0,1,2,0,0,0,1,0,0,1,0,1,0,1,2,0,1,0,0,1,3,0,1,0,0,0,3,0,0,1,1,0,0,0,1,0,0,1,0,1,1,1,0,0,0,1,0,0,0,0,0,0,0,3,0,0,2,1,3,0,0,1,1,0,0,0,1,0,0,0,2,0,1,0,1,1,0,0,1,1,0,3,1,0,7,1,0,0,0,1,3,1,0,0,0,1,0,0,0,0,0,0,0,1,0,2,1,3,0,1,5,0,1,0,0,2,0,0,1,0,0,0,1,1,1,2,0,0,2,0,1,0,0,2,0,1,0,0,0,0,0,0,3,0,0,0,0,0,1,2,0,1,1,0,0,0,0,1,1,0,1,0,0,0,1,0,1,2,0,1,2,0,0,1,0,0,0,0,0,3,0,0,0,0,0,0,1,0,1,0,0,0,0,0,1,0,0,3,0,0,1,0,1,1,0,1,0,1,5,1,0,0,0,0,0,1,0,2,0,0,0,1,1,0,0,1,0,1,0,1,0,1,2,2,1,0,1,0,1,2,0,1,0,1,1,1,2,0,0,1,5,0,0,1,0,0,0,1,1,1,0,1,1,1,0,0,1,0,0,1,1,2,0,0,0,1,3,0,0,2,0,3,0,0,1,0,0,0,0,4,2,0,1,0,2,0,0,0,0,0,0,2,0,0,0,0,0,1,0,0,0,1,1,0,5,1,0,1,0,0,1,0,0,1,0,2,0,3,1,1,2,0,1,0
TRAF3IP3,0,0,2,0,0,1,0,1,0,0,1,0,1,0,0,2,0,1,0,0,1,0,0,0,0,2,2,1,0,0,0,0,0,2,0,1,3,2,1,2,0,1,0,1,2,0,0,1,2,1,0,1,1,2,0,1,2,1,2,1,1,0,2,1,4,1,2,0,1,2,0,0,3,1,0,0,1,1,0,0,2,0,1,1,0,1,0,0,3,1,0,1,1,0,2,0,1,2,0,3,3,0,1,0,0,1,1,0,0,3,1,4,0,0,1,2,0,2,0,1,0,0,2,1,0,1,1,0,1,2,0,2,2,2,1,2,1,2,1,1,2,2,0,1,1,1,0,0,3,0,0,1,1,0,1,0,1,1,0,0,1,1,0,0,4,4,0,0,0,4,1,0,3,1,0,0,3,2,0,0,0,1,1,2,1,1,1,1,0,2,1,1,3,1,1,0,1,1,0,0,0,2,0,2,2,1,0,3,3,1,0,0,2,0,0,2,1,1,1,0,0,0,2,0,3,2,1,0,1,3,2,0,0,2,0,1,4,2,0,1,1,2,0,0,1,0,0,0,0,1,3,1,1,1,1,1,0,1,0,1,1,2,4,0,0,4,1,0,0,2,0,0,0,0,2,2,0,1,0,0,1,0,0,0,0,2,2,0,2,4,2,2,1,0,1,0,0,2,0,4,2,1,1,3,0,1,1,0,0,2,2,0,5,2,3,1,1,1,1,1,1,0,0,0,2,0,0,2,1,2,0,0,1,0,0,1,0,0,2,1,0,2,0,1,0,3,0,1,4,2,1,1,1,2,1,0,0,2,1,1,0,0,0,0,0,2,1,0,0,1,0,0,1,2,3,6,2,1,1,1,0,1,0,1,1,0,1,1,2,1,1,3,2,2,0,0,1,3,2,2,1,0,5,0,0,1,2,0,0,1,0,1,1,2,1,2,2,1,2,3,1,1,6,4,0,1,0,1,1,1,0,1,2,1,0,1,0,0,1,0,0,2,1,1,2,3,2,4,1,0,2,1,0,2,1,2,1,1,0,0,0,2,1,0,3,2,1,1,0,0,1,0,2,3,0,0,0,1,0,2,0,1,2,1,0,3,0,1,1,1,0,1,1,2,0,0,1,1,0,1,0,0,0,2,1,3,1,0,3,2,0,1,0,0,0,1,1,0,0,1,2,2,2,0,1,1,1,2,2,1,1,3,1,1,0,2,0,0,1,0,1,1,0,1,1,2,0,0,1,1,3,1,2,0,1,2,1,0,1,1,0,1,0,5,0,1,3,4,3,0,3,2,3,0,2,0,0,0,0,1,2,3,1,0,2,1,1,1,1,0,1,2,0,2,0,1,2,1,0,1,1,0,0,1,2,1,0,0,1,1,0,0,2,0,3,3,1,0,0,0,1,2,4,1,1,1,0,2,1,1,2,2,1,3,0,0,0,2,0,2,0,0,2,3,0,1,2,1,0,1,2,5,0,0,1,0,3,2,0,0,1,1,1,2,0,0,0,0,1,1,1,0,0,1,4,2,0,0,1,3,1,0,1,1,0,1,0,2,0,0,0,1,1,2,1,3,0,1,0,0,1,1,0,2,1,0,0,0,2,1,1,0,0,1,0,1,0,3,2,2,5,0,2,4,0,1,1,0,0,0,0,0,0,3,0,2,0,1,0,1,0,3,2,0,1,1,2,0,2,0,2,2,2,3,0,0,2,1,0,2,2,0,1,1,0,0,1,1,2,3,2,1,1,1,1,0,0,2,0,2,0,0,3,3,0,1,2,0,2,0,2,0,0,0,1,0,1,1,0,0,0,2,2,0,0,4,3,0,0,0,0,0,0,0,2,1,2,1,0,1,1,0,1,1,1,0,1,2,1,0,2,0,1,0,0,1,1,1,0,1,0,2,2,3,0,1,0,1,2,2,0,0,1,1,0,1,1,2,0,2,1,1,1,1,0,3,1,0,4,0,0,0,0,3,6,3,4,0,2,0,1,1,1,2,0,1,3,1,0,3,7,1,3,0,0,1,0,1,1,0,1,2,1,2,0,1,1,1,1,0,1,3,2,1,0,0,1,1,2,1,1,1,0,1,0,0,0,3,0,1,0,1,2,1,2,0,1,0,0,0,2,2,1,1,1,1,2,0,3,1,0,1,1,2,0,1,0,2,1,0,1,0,0,0,0,4,2,0,4,1,3,0,0,0,1,0,2,2,1,1,1,0,1,4,6,2,2,2,1,1,2,1,2,1,2,3,0,0,1,1,3,0,2,1,2,3,2,4,1,3,2,2,1,2,2,0,0,1,1,0,2,0,1,1,2,4,0,0,2,0,1,0,0,2,1,0,3,1,0,2,1,2,2,0,1,1,3,1,0,1,1,1,1,3,0,1,0,0,0,2,1,2,0,1,1,2,1,1,0,0,1,2,0,1,0,1,2,0,1,0,1,0,3,1,1,4,0,1,1,0,0,1,1,2,1,0,1,0,0,3,2,1,0,0,0,0,0,0,2,0,3,3,0,2,0,0,0,0,2,1,2,1,0,3,1,4,1,1,0,1,2,0,5,3,0,1,0,1,0,3,0,2,0,1,3,0,0,1,1,4,0,1,0,1,1,2,3,2,2,0,2,0,2,1,2,0,1,1,2,2,4,3,0,1,1,1,1,2,0,0,5,1,0,1,1,0,1,0,0,0,0,0,0,1,1,2,1,1,3,2,0,0,2,2,2,3,0,0,1,0,1,1,0,2,0,2,6,0,2,0,0,3,0,1,1,4,1,2,1,3,0,2,2,1,0,0,2,3,2,4,3,2,1,1,0,1,0,2,0,2,0,2,0,0,1,3,3,0,0,2,0,1,1,1,1,1,0,3,1,0,3,0,1,1,0,1,2,2,0,0,2,0,0,2,0,1,2,1,1,0,3,0,2,1,0,1,1,1,1,0,1,0,3,0,1,0,0,1,2,2,0,1,1,0,0,2,0,0,4,0,2,2,0,2,1,2,2,1,2,0,0,0,2,0,0,2,0,4,7,1,0,0,1,0,1,0,2,2,1,0,0,3,2,2,1,0,0,0,0,0,0,3,2,0,0,1,3,1,1,2,0,1,3,1,0,7,0,1,2,0,5,2,0,0,1,0,0,2,0,0,3,0,2,1,1,0,1,1,1,1,2,1,1,1,1,2,1,1,1,0,1,1,1,0,0,1,0,2,2,0,0,0,0,0,0,3,1,5,2,1,2,1,0,1,2,0,1,4,0,0,3,1,1,1,0,1,0,2,2,0,1,2,2,2,2,0,3,1,4,3,1,0,1,3,1,3,0,0,2,6,0,1,3,0,3,1,2,0,1,0,1,0,2,1,4,1,1,0,1,2,2,1,2,1,4,0,0,0,0,2,1,1,0,3,0,2,0,0,0,0,0,0,2,2,1,0,1,0,0,1,0,0,0,1,2,2,0,2,1,1,0,3,6,0,0,0
IL2RG,0,0,0,2,4,1,0,2,3,1,2,2,1,1,1,1,2,2,0,3,1,0,0,0,1,0,0,0,1,0,1,1,0,1,2,1,3,2,0,0,0,3,0,1,1,2,1,3,0,1,1,0,0,0,0,0,0,0,1,1,0,1,0,0,0,3,1,0,0,2,0,0,1,0,0,2,2,0,0,0,1,0,1,1,2,3,0,1,1,0,1,3,2,0,2,0,0,1,0,3,1,0,0,1,0,0,0,3,0,0,0,1,0,0,1,1,4,0,0,1,0,0,1,0,0,2,1,0,0,0,0,2,0,1,1,0,0,1,0,2,0,2,1,0,0,0,1,0,3,0,0,3,2,1,0,2,2,0,0,0,1,1,3,0,1,2,0,1,0,1,0,0,2,2,0,0,1,2,2,1,0,2,1,1,1,3,0,2,0,0,0,2,0,1,0,0,1,1,0,0,0,0,1,3,3,1,0,0,0,0,0,2,1,0,2,2,1,4,0,0,0,2,1,1,3,2,0,0,0,1,0,0,0,2,0,1,0,1,1,1,0,1,1,0,1,0,1,0,0,0,0,0,1,0,0,1,0,3,0,0,0,1,0,0,1,1,1,0,3,2,3,1,1,0,1,3,2,0,0,1,0,0,1,3,1,0,1,1,0,0,1,2,0,3,0,1,1,0,0,2,4,0,3,1,0,1,2,0,1,2,0,1,1,2,1,0,1,1,0,2,2,0,0,0,1,0,0,1,0,2,1,0,1,2,1,0,0,0,3,0,0,0,0,1,0,1,2,0,2,0,0,1,1,4,4,0,0,0,0,0,3,0,1,0,5,0,0,0,0,1,0,0,0,0,1,3,1,2,1,0,0,0,0,1,0,0,1,1,0,3,2,1,2,1,2,0,0,1,1,1,0,0,2,0,0,2,2,1,3,1,1,0,0,0,0,0,1,0,3,0,0,2,3,1,1,1,0,1,1,1,0,1,1,1,0,0,0,1,1,0,2,0,1,0,1,0,4,0,0,0,0,0,0,2,0,2,1,1,0,3,2,1,1,0,1,0,1,2,2,0,0,0,0,0,1,0,0,4,1,1,0,3,2,3,1,2,1,2,1,0,0,2,0,0,1,0,0,2,0,1,0,0,0,0,0,1,0,0,0,0,0,4,0,0,1,2,3,0,0,1,0,0,0,0,0,0,1,0,0,0,0,0,1,2,3,0,0,1,1,2,0,0,0,3,0,2,0,0,2,0,2,1,0,0,0,1,1,1,0,0,0,2,5,2,0,2,4,0,2,0,0,4,2,0,0,2,1,1,0,0,0,3,1,0,1,2,1,0,1,0,1,0,2,0,0,2,1,1,0,1,2,0,0,5,1,4,0,1,0,1,0,5,2,2,5,2,0,1,0,0,0,2,1,1,3,1,0,0,0,1,3,1,0,0,0,2,0,2,3,0,0,0,3,0,1,0,3,1,1,0,2,0,0,0,1,0,1,1,1,0,2,0,0,6,2,1,0,0,1,3,4,1,0,0,2,0,0,0,1,1,0,0,0,0,0,3,1,1,0,1,1,0,1,1,3,3,1,2,0,0,0,2,2,1,1,0,0,0,0,4,4,1,0,3,0,1,0,1,1,1,0,1,3,3,0,1,1,1,0,2,2,2,0,3,3,1,0,3,2,0,1,1,1,0,0,2,0,0,1,0,0,4,4,1,3,0,1,1,1,2,1,0,1,0,0,0,1,1,2,0,1,1,1,1,0,0,0,0,0,2,0,1,3,1,0,0,3,2,1,1,0,2,1,0,0,2,2,0,0,1,0,1,1,1,2,2,1,1,1,0,2,0,1,0,0,1,0,0,0,0,4,1,1,0,0,1,1,0,0,0,0,1,0,1,1,0,1,0,0,0,0,0,2,1,0,2,2,1,1,1,0,0,0,0,0,0,0,0,1,0,1,1,0,0,1,2,4,1,2,0,1,0,1,1,0,1,2,0,1,0,0,1,0,0,0,2,0,1,0,0,2,2,0,0,0,0,0,0,0,0,1,1,2,0,0,0,0,1,1,0,1,0,1,2,0,2,2,1,1,0,0,1,0,0,1,0,1,4,0,2,0,0,0,0,0,2,0,0,2,0,1,0,1,1,0,0,5,0,0,2,0,3,0,1,0,1,1,1,1,0,3,2,1,0,0,0,0,0,2,0,0,0,0,3,1,2,0,0,1,2,0,1,1,0,3,2,1,0,0,0,0,1,0,1,1,0,0,0,0,1,1,0,5,0,2,4,0,1,0,1,2,1,0,1,3,1,0,0,1,1,1,0,1,0,2,1,4,0,1,0,3,2,0,0,0,0,1,3,0,1,1,1,5,1,1,0,1,0,2,1,1,0,1,2,2,1,0,0,1,2,2,3,0,0,0,2,1,0,2,0,1,1,0,0,1,0,2,0,0,0,0,0,1,0,1,2,0,1,0,1,0,1,0,2,0,0,0,1,0,1,2,2,1,0,0,2,3,2,0,3,0,2,2,2,0,0,0,1,0,0,1,0,0,0,0,2,1,0,0,0,1,0,2,1,0,1,0,0,0,0,0,2,0,0,0,0,0,0,0,0,0,1,2,2,0,1,1,1,0,0,1,2,2,0,1,2,1,0,1,1,1,1,1,0,1,0,0,0,1,2,1,2,1,1,1,0,1,0,0,0,2,1,0,0,2,0,0,0,2,1,0,1,2,1,1,0,1,1,2,0,0,2,1,0,1,2,0,0,1,1,0,0,0,0,0,1,0,0,0,0,0,1,0,0,1,1,0,0,1,0,1,1,0,0,0,1,1,0,0,0,1,1,0,0,1,0,0,1,1,0,1,0,2,0,4,1,1,0,0,2,0,0,0,0,0,2,0,0,0,0,1,3,0,3,1,0,1,1,0,0,0,2,2,0,0,1,4,0,0,1,1,0,1,0,0,3,0,3,0,0,0,0,0,0,1,0,0,0,0,0,0,0,0,0,1,2,2,1,2,0,2,1,1,0,0,0,0,3,8,1,0,1,2,0,1,3,3,2,0,0,1,3,0,0,0,2,1,5,0,0,2,0,2,0,0,1,0,2,0,3,0,0,1,1,3,2,1,0,2,0,1,2,1,1,2,0,1,1,0,1,1,1,1,0,1,0,1,0,0,0,0,0,1,2,5,0,3,0,0,2,0,2,0,0,0,1,0,4,1,4,0,1,0,0,0,0,3,1,0,2,0,1,0,2,0,1,0,0,1,0,1,1,0,2,0,1,1,1,3,0,0,3,2,2,2,0,0,0,2,1,1,0,1,2,2,1,1,1,2,3,0,1,0,1,5,0,3,3,1,0,0,2,1,2,1,0,0,0,0,2,1,0,1,0,0,1,0,2,0,1,3,1,0,0,0,1,0,1,1,0,0,0,0,0,1,3,1,0,3,1,1,0,0,0,0,1,0,1,5,1,0,3,1,0,1,0
LAMTOR4,1,1,1,2,2,7,7,2,0,0,2,0,7,1,1,5,0,0,4,0,0,4,2,0,1,1,0,0,2,2,1,0,2,1,2,1,0,0,2,1,3,1,3,2,0,0,1,3,1,0,0,0,0,0,0,2,1,0,1,3,5,2,0,1,1,2,4,0,2,0,1,0,0,2,7,1,1,5,0,4,1,1,2,2,1,0,0,1,1,0,2,0,1,2,1,5,0,0,1,3,2,0,1,0,0,1,1,2,1,3,3,3,1,1,1,2,0,2,3,1,0,0,0,0,2,3,1,1,3,1,0,2,0,1,0,1,0,1,3,2,1,1,2,1,2,2,0,0,2,0,2,0,0,2,1,3,0,1,0,0,0,0,3,7,0,0,2,1,1,8,1,1,1,1,3,0,0,0,3,2,0,0,1,0,3,0,4,1,3,5,4,1,2,1,1,1,1,0,0,2,2,0,0,0,0,0,1,0,1,1,0,2,2,0,0,3,0,1,4,3,0,0,2,1,2,1,0,2,1,2,2,1,1,2,4,1,0,0,0,1,1,1,1,0,1,2,2,3,2,4,1,2,0,0,2,0,0,0,0,3,3,0,1,2,1,0,0,0,1,0,2,6,2,1,2,5,0,2,2,2,5,2,0,1,2,0,1,0,0,0,1,1,1,1,1,0,0,0,3,0,0,1,1,0,3,2,0,0,4,0,0,1,2,0,1,0,0,0,2,1,0,3,2,0,3,0,3,3,1,0,1,4,1,1,4,2,2,5,0,6,4,1,3,1,0,0,1,1,0,2,3,0,5,1,0,4,1,2,1,2,2,0,1,0,0,2,8,0,0,3,0,5,0,0,0,6,0,2,0,1,1,0,1,2,0,0,0,2,3,1,2,10,2,6,3,1,6,0,0,1,1,0,1,2,4,0,1,0,0,0,1,1,5,2,0,3,0,2,3,0,6,0,4,0,3,1,0,1,0,0,1,0,1,1,3,0,1,0,0,5,1,0,2,0,0,9,1,1,0,1,0,0,1,0,1,2,1,3,3,1,1,1,0,0,4,3,0,0,1,1,2,2,1,2,1,0,3,0,2,0,6,1,2,2,0,0,1,2,1,0,1,2,0,0,0,0,1,0,1,1,2,5,0,0,3,0,1,3,0,1,2,0,1,0,0,0,2,2,0,1,2,0,2,4,4,3,1,0,2,0,0,4,0,0,3,2,0,3,0,0,3,1,1,2,1,0,1,1,2,1,1,5,1,1,3,3,1,3,0,1,0,0,2,1,0,1,0,0,0,1,2,2,0,2,3,0,2,2,0,2,0,1,0,0,0,0,0,0,1,2,3,1,2,3,0,1,2,1,1,0,1,4,1,1,3,3,3,0,0,0,4,2,0,0,1,2,0,0,2,2,1,1,0,1,0,1,1,2,0,0,0,2,0,0,3,0,1,1,3,0,0,0,1,0,1,0,5,1,1,3,3,2,0,3,2,3,3,1,2,2,2,1,2,0,1,0,3,0,0,2,1,1,0,0,2,0,3,2,0,0,2,3,0,0,1,2,1,1,2,0,1,1,0,1,1,0,2,1,0,1,1,1,2,3,0,5,1,0,0,5,2,2,0,0,1,0,0,0,0,1,1,1,0,2,1,0,2,0,0,1,0,0,0,1,1,1,4,0,0,0,2,1,3,0,1,1,0,2,1,0,2,0,0,0,0,1,0,0,0,2,0,3,2,1,5,0,0,1,0,1,2,0,0,0,0,2,3,2,2,2,1,0,1,2,2,2,0,1,1,2,1,0,2,2,3,1,1,1,3,0,0,1,1,0,0,1,1,0,1,0,0,0,0,1,1,1,3,1,1,2,1,1,3,1,0,2,0,1,0,1,0,0,0,4,0,0,3,1,1,2,0,5,0,0,1,3,1,1,0,1,0,1,2,1,1,1,1,3,0,0,0,0,0,2,1,1,0,3,0,0,2,0,4,0,0,0,0,0,0,6,0,1,4,4,2,0,1,0,0,1,0,1,0,2,0,2,0,0,2,0,2,1,1,1,1,0,0,1,2,5,2,0,4,0,3,0,1,1,0,1,0,2,1,0,2,1,0,2,1,2,1,1,0,1,0,1,0,5,0,1,0,0,1,1,0,1,1,8,0,0,3,1,4,0,1,1,2,0,1,2,1,0,0,0,5,4,1,1,2,2,1,7,4,0,1,2,1,0,3,1,1,1,0,5,0,1,1,0,2,1,1,0,0,0,0,2,1,0,0,2,1,3,0,1,2,1,0,6,1,0,2,1,1,0,3,2,3,0,7,0,0,0,0,0,2,0,2,3,2,1,4,5,0,0,0,4,1,3,2,1,0,0,1,0,1,0,0,1,1,0,2,2,0,1,1,0,4,1,0,1,1,1,7,9,0,1,3,1,0,2,2,3,3,3,1,1,1,4,1,3,0,0,0,0,2,0,0,3,0,1,2,2,0,5,0,2,1,0,1,1,1,1,6,3,3,0,1,1,1,3,2,2,0,0,0,1,3,0,1,1,1,1,6,1,0,4,1,0,4,3,2,0,4,0,0,1,0,3,1,0,0,2,4,1,0,1,0,0,4,0,3,1,0,4,1,0,1,1,1,1,3,1,0,0,0,0,1,2,1,1,1,1,0,3,1,1,0,1,1,4,1,1,3,0,0,1,0,0,2,4,1,3,0,1,2,0,0,2,3,1,0,0,1,1,1,1,0,6,0,1,1,1,1,7,1,1,1,0,0,1,0,0,1,1,0,1,3,1,0,1,3,3,0,1,2,1,2,0,1,0,1,0,2,0,0,0,0,2,2,1,3,2,3,2,1,3,4,1,0,0,2,0,3,3,0,1,0,0,2,1,0,1,1,1,1,3,2,0,1,0,3,2,0,5,1,5,3,0,0,4,0,1,1,1,2,0,1,2,1,0,8,0,0,1,0,0,0,1,2,0,1,0,1,0,2,0,1,0,1,0,0,1,0,3,2,2,2,0,2,4,1,0,1,1,0,1,0,4,9,2,1,0,1,1,1,0,5,1,3,0,1,2,0,0,3,1,1,0,4,0,1,2,0,2,2,1,3,4,0,4,1,2,0,0,3,0,3,1,1,5,1,2,1,3,1,0,1,1,4,2,10,3,0,3,0,2,0,1,2,2,3,2,2,1,1,0,0,2,0,0,2,0,3,1,4,1,0,3,1,0,0,0,2,3,0,0,1,1,0,3,0,3,0,1,1,1,0,2,0,4,2,2,1,2,1,2,0,2,0,2,3,0,2,0,0,3,1,2,0,1,0,0,6,2,2,0,1,3,0,0,2,0,0,0,4,1,2,0,0,6,0,1,1,0,0,1,1,1,5,1,0,0,2,4,0,0,1,2,1,1,1,8,0,0,0,1,2,1,1,2,0,0,1,0,0,1,0,0,3,1,0,1,0,0,1,1,0,1,1,0,0,1,1,0,0,0
SLC9A3R1,0,1,0,1,0,0,1,2,0,0,0,1,0,0,0,0,0,1,0,0,0,0,0,0,0,0,0,0,1,1,1,0,1,0,1,0,2,0,0,0,0,0,1,2,3,1,0,0,0,0,0,0,1,2,2,0,2,0,1,0,0,0,0,0,0,0,0,0,1,1,0,1,0,0,0,0,0,0,0,0,1,1,0,0,0,1,0,0,1,0,0,1,0,0,0,0,1,0,0,0,0,0,0,0,0,0,0,1,0,0,2,0,1,0,0,0,0,1,0,0,0,0,0,0,0,0,0,0,0,0,0,0,2,0,0,0,0,0,0,1,0,0,1,0,0,2,0,0,2,1,0,1,2,0,2,0,0,1,0,0,0,0,0,0,1,0,0,0,0,0,0,2,0,0,0,0,0,0,2,0,0,0,0,0,0,0,0,0,0,1,0,0,1,0,0,0,0,1,0,1,0,1,0,0,0,0,0,1,0,0,0,1,0,0,1,1,0,0,0,0,0,0,0,0,2,2,0,0,0,0,0,1,0,0,0,1,0,0,0,0,0,1,0,0,0,0,1,1,0,0,0,0,0,0,0,1,0,1,0,0,0,0,1,0,1,1,0,1,1,2,1,2,0,0,1,1,0,0,0,1,0,0,0,1,0,0,0,0,0,0,0,1,0,1,0,0,0,0,0,0,1,0,0,0,0,0,0,0,0,1,0,0,0,1,0,1,1,0,0,0,0,0,1,0,1,0,0,0,0,0,2,0,0,0,0,0,0,0,1,2,0,0,0,1,0,0,0,0,0,0,0,0,0,0,2,0,0,1,0,0,0,0,0,0,0,0,2,0,0,0,0,0,1,0,0,0,0,0,0,0,0,0,1,0,0,0,1,1,0,0,0,1,0,0,1,0,0,1,1,0,0,0,1,0,0,1,0,0,0,0,2,0,0,0,0,0,0,0,1,0,1,1,3,1,0,0,0,1,0,0,0,0,3,0,0,0,0,1,0,0,0,0,0,0,1,1,1,0,0,0,1,0,0,0,0,0,0,0,0,0,0,0,0,0,0,0,1,0,0,0,0,0,1,0,0,0,0,1,0,0,0,0,0,1,0,0,0,2,0,0,0,0,0,0,0,0,0,0,0,2,0,0,0,0,0,0,1,1,1,0,0,2,0,1,0,1,2,0,0,0,0,2,1,0,0,0,0,0,0,0,0,0,1,0,0,0,1,0,0,0,0,0,1,0,0,1,0,0,1,0,0,0,0,0,1,0,0,0,1,2,0,1,0,1,0,0,2,0,1,0,0,1,0,0,0,0,1,1,0,0,0,1,0,0,1,2,0,1,0,0,1,0,2,0,0,0,1,0,0,1,0,0,0,1,0,1,0,0,0,0,0,0,3,0,0,0,1,0,0,0,1,1,1,0,5,0,1,0,0,0,0,0,1,0,0,0,0,0,0,0,0,0,1,0,0,1,0,1,1,0,1,1,0,0,0,0,0,0,0,0,1,0,0,0,0,1,0,0,0,0,0,0,0,1,1,0,0,0,0,0,2,1,1,0,0,0,1,0,0,0,1,1,0,0,0,1,0,0,0,0,0,0,2,0,0,1,0,0,0,0,0,1,0,1,0,0,0,0,0,0,1,0,0,0,0,0,0,0,1,0,1,0,0,1,0,0,0,0,0,0,0,0,1,0,0,0,0,0,0,0,2,1,1,0,0,0,0,0,0,0,0,0,0,0,0,0,0,0,0,1,1,0,0,0,0,0,0,0,0,0,0,0,1,0,0,0,0,0,0,1,0,0,0,0,0,0,2,0,0,0,0,0,0,0,0,0,1,1,0,1,0,0,0,0,0,0,0,0,0,2,5,0,0,0,0,1,0,0,0,0,0,0,0,0,0,1,1,0,0,0,0,0,1,0,0,0,0,2,0,0,0,0,0,0,1,0,0,0,0,0,0,0,0,0,0,0,0,0,1,0,0,0,1,0,0,2,1,0,0,0,0,0,0,0,0,1,0,1,0,0,1,0,0,0,0,0,0,0,0,0,0,2,0,0,1,0,0,1,0,0,0,0,0,0,0,1,0,0,0,1,0,0,0,0,0,1,0,0,1,0,0,0,1,0,1,0,0,0,0,0,0,0,2,0,0,0,2,0,1,0,0,0,0,0,0,0,0,0,0,0,0,0,1,0,0,0,0,0,0,0,0,1,0,0,0,0,2,2,0,0,0,0,0,0,0,0,0,0,0,0,0,0,0,2,1,2,0,1,0,0,1,0,0,0,0,1,1,0,0,1,0,0,0,0,1,0,0,0,0,0,0,0,0,1,0,1,0,0,0,0,0,0,1,0,0,0,0,0,0,0,1,1,2,0,1,0,0,0,0,1,1,0,0,1,0,0,0,0,0,0,0,0,0,0,0,0,0,0,2,0,0,0,0,0,1,1,0,0,0,0,0,0,0,1,1,0,0,0,0,0,0,0,0,1,1,0,0,1,0,0,0,0,0,0,1,1,2,0,0,2,1,0,0,1,0,0,0,1,2,1,0,2,1,0,0,0,2,0,0,0,0,0,1,0,1,0,0,0,0,1,0,0,0,2,0,0,0,0,0,0,0,0,1,1,0,1,0,0,0,1,0,1,0,1,0,0,0,1,0,3,0,1,0,0,0,2,2,0,0,0,1,0,0,0,0,0,0,0,0,0,0,1,0,0,0,1,0,0,1,2,0,1,1,0,0,2,0,0,2,0,0,0,0,0,0,0,0,0,0,0,0,0,0,0,0,0,0,1,0,0,1,0,0,0,1,2,0,0,1,0,1,0,0,0,0,0,0,0,1,0,0,0,0,0,0,0,1,0,0,0,0,0,0,1,0,0,1,0,0,0,1,1,0,0,0,0,0,1,0,0,0,0,0,1,0,0,1,1,0,0,1,0,2,0,0,0,1,1,0,0,0,0,1,0,0,0,0,3,0,0,0,0,0,0,1,2,0,1,1,0,0,0,0,0,0,0,0,1,0,0,1,0,1,0,0,0,0,0,7,0,0,0,1,0,0,0,1,0,0,1,0,2,1,2,0,0,1,0,0,1,0,0,0,0,0,0,1,2,0,0,0,1,0,0,2,1,1,0,0,0,4,3,0,0,0,0,0,0,0,0,1,0,0,0,0,0,1,0,0,0,0,0,1,0,0,0,1,0,1,1,0,0,0,0,0,0,0,1,1,0,0,0,0,0,0,0,0,1,2,0,0,3,0,0,0,0,0,1,0,0,0,0,0,1,0,0,2,0,0,0,0,0,0,1,0,1,1,0,0,5,1,0,0,0,1,1,0,0,1,0,0,0,0,0,0,0,1,0,0,0,0,1,0,0,0,0,0,0,0,0,0,2,0,0,1,0,0,0,0,0,0,0,0,1,0,0,0,0,0,0,0,0,1,0,1,0,0,1,2,0,0,0,0,0,0,1,0,3,3,0,0,0,1,1,1,1
RPL9,24,4,10,3,11,9,14,34,21,8,10,13,21,21,17,31,8,12,18,26,16,26,17,13,6,7,22,19,8,34,40,15,34,18,3,3,37,30,18,6,32,29,18,29,13,19,25,8,20,23,15,29,13,10,21,9,4,31,18,10,30,28,16,5,18,22,17,0,15,36,3,56,30,9,5,6,13,28,10,16,20,9,7,15,7,43,18,24,11,16,24,12,17,6,21,19,6,20,18,43,12,27,8,17,18,8,10,5,24,12,23,33,5,21,24,44,8,24,14,10,12,5,14,4,26,23,9,9,9,11,3,27,16,10,15,13,13,12,11,11,19,20,21,39,39,4,22,17,54,8,16,4,13,34,12,17,13,16,7,8,18,23,36,10,3,13,5,27,26,32,28,4,47,12,24,7,30,14,18,28,19,11,16,12,13,25,36,26,5,16,21,22,14,33,24,25,10,7,0,34,12,17,19,17,18,2,9,28,21,27,13,5,7,2,8,6,29,21,34,15,12,16,10,14,54,4,16,14,32,22,33,15,24,35,12,13,12,15,21,15,18,6,14,2,12,16,10,11,48,19,23,9,13,8,23,25,24,39,7,16,20,11,22,21,22,11,16,4,33,25,5,40,22,8,19,5,9,35,16,21,9,9,34,25,38,29,27,16,23,16,20,27,17,8,15,13,8,13,11,4,25,15,6,28,19,9,18,5,8,36,18,7,9,14,15,11,17,43,22,17,13,6,23,7,11,10,12,48,18,37,23,16,25,5,13,11,11,6,20,16,29,14,11,26,22,31,10,12,11,23,12,25,34,17,4,7,15,44,18,2,19,23,18,4,5,28,49,27,27,18,5,15,3,15,6,38,26,26,27,28,10,7,26,19,19,3,25,37,21,4,28,37,14,21,16,9,20,17,3,7,10,23,13,29,7,25,11,11,17,37,19,29,14,23,29,40,19,23,17,24,19,25,8,3,14,24,12,17,9,10,4,39,20,11,20,18,8,11,19,35,7,38,47,19,20,51,4,18,14,3,12,20,21,14,28,31,9,28,18,17,24,31,21,14,52,10,17,20,10,11,9,13,10,28,29,14,9,9,12,5,12,15,4,14,12,21,9,34,22,11,30,20,17,13,11,3,23,23,4,8,3,10,16,1,29,28,18,36,12,16,2,4,15,13,8,15,7,12,17,5,35,25,24,10,21,16,11,11,23,33,17,32,11,7,42,23,9,35,24,31,86,23,15,6,21,29,27,11,34,15,47,57,12,10,7,22,18,23,20,18,14,28,9,13,16,31,23,28,29,9,19,6,30,14,34,30,10,21,4,13,10,9,24,11,10,19,20,9,14,2,4,21,5,21,23,25,30,13,15,19,17,24,4,16,39,40,11,14,14,16,25,9,10,22,52,23,20,8,13,14,34,32,11,5,11,3,20,12,17,28,17,15,14,8,8,10,15,24,25,22,22,3,31,24,11,11,43,23,22,4,3,15,5,5,14,5,23,16,10,28,14,24,8,2,30,11,6,7,22,28,23,35,5,14,20,18,1,17,30,12,4,36,22,32,10,34,5,26,3,14,17,19,31,10,25,16,12,19,13,12,7,17,27,11,8,13,30,22,7,67,15,8,9,24,16,36,12,35,10,23,23,24,15,34,13,31,8,17,4,10,13,8,12,16,28,27,23,30,11,19,6,17,17,8,33,8,13,11,13,8,12,25,27,35,13,18,20,9,14,26,20,10,8,25,18,7,15,8,30,23,28,17,19,15,2,7,24,15,10,31,9,13,16,24,15,17,2,26,39,21,10,22,5,4,24,12,16,24,8,11,25,10,6,15,22,16,12,14,17,6,22,10,11,13,13,20,14,7,8,4,6,8,36,29,15,33,19,10,17,4,27,14,12,10,22,20,4,20,10,31,4,19,11,12,26,34,5,42,5,29,7,8,4,24,13,10,10,14,22,17,26,29,21,13,25,10,29,6,8,9,17,5,40,7,15,5,6,31,6,23,12,12,15,38,9,31,27,12,21,21,30,12,8,5,10,14,41,26,18,10,19,14,12,31,22,5,18,20,47,13,18,4,20,22,7,13,11,11,26,15,11,47,10,12,16,18,13,26,8,35,7,39,14,9,22,5,23,25,16,7,22,18,19,11,14,28,12,9,27,17,3,25,15,16,15,16,17,19,27,17,14,7,8,6,12,12,11,18,44,3,31,58,12,6,22,21,29,12,12,31,8,15,12,42,18,9,13,22,15,15,17,22,16,5,7,16,14,10,14,19,18,14,49,10,24,13,14,36,5,23,31,5,10,30,17,20,19,19,21,34,12,13,18,15,5,14,21,8,33,27,49,47,7,26,12,25,22,33,9,13,27,6,12,10,35,17,19,8,22,10,18,9,28,8,23,22,18,11,42,21,26,25,15,33,2,15,12,4,8,7,16,39,6,8,17,33,24,25,10,16,36,2,11,26,3,7,8,30,16,10,8,25,10,27,26,3,7,12,11,17,36,13,16,8,6,34,10,21,11,11,14,18,21,25,10,10,12,13,9,20,23,12,13,16,20,26,8,32,12,29,14,2,17,6,5,11,9,43,7,12,11,27,22,5,26,15,10,24,28,12,14,7,14,39,18,7,18,13,30,8,39,23,6,6,21,21,18,29,17,7,39,23,22,43,22,5,13,12,17,48,30,31,32,21,16,27,14,16,4,8,28,28,8,22,18,27,17,9,13,14,10,22,27,23,17,19,20,28,19,19,10,34,9,14,17,18,21,16,17,11,18,14,14,28,15,39,5,15,26,23,6,22,16,10,10,26,23,7,29,23,12,26,18,17,25,13,16,27,20,15,23,27,12,3,10,28,12,12,23,13,38,16,26,10,5,14,10,8,13,27,8,6,5,15,10,8,23,17,10,5,22,27,26,16,21,14,9,19,16,16,16,15,18,6,2,19,5,29,5,22,20,7,14,11,13,27,6,24,29,23,15,17,18,8,33,12,13,22,7,23,24,13,2,10,28,21,5,27,27,20,20,25,11,9,7,26,29,8,45,19,8,15,25,3,17,20,5,31,18,11,17,54,16,13,8,17,22,5,15,13,18,25,4,8,7,15,7,23,5,39,4,7,18,36,34,30,19,17,14,11,9,24,7,29,11,26,25,25,28,24,37,20,19,22,41,15,10,12,17,39,16,12,3,12,10,10,4,31,6,14,21,19,29,14,10,6,12,52,23,8,10,7,19,5,17,16,18,30,16,23,26,14,12,34,26,30,17,12,18,10,24,27,7,19,11,17,15,28,2,7,29,28,41,7,9,11,23,22,20,14,16,15,7,18,19,7,15,4,29,18,8,13,14,12,45,17,17,12,31,25,15,20,4,13,31,18,23,15,7,10,5,20,24,11,17,8,11,26,20,12,19,20,7,20,10,31,7,8,7,9,10,22,25,24,19,15,33,26,11,24,21,7,8,15,13,11,5,57,11,31,17,66,24,4,22,12
GPR183,0,0,0,0,0,0,0,0,4,0,0,0,0,0,0,0,0,0,0,0,0,0,0,0,0,6,0,2,0,0,2,0,0,1,0,0,0,0,1,0,0,3,1,3,0,1,0,0,0,0,0,0,0,0,0,0,0,0,0,0,0,0,0,0,1,1,0,0,0,0,0,0,0,0,0,0,0,0,0,1,0,0,0,0,0,0,1,1,2,0,1,2,0,0,2,0,0,0,0,0,1,0,0,1,0,0,0,0,0,0,0,1,0,1,1,0,1,0,1,0,0,0,0,0,0,1,0,0,0,2,0,0,0,0,0,1,0,0,0,0,1,1,1,1,0,0,0,0,1,0,0,0,0,1,0,0,0,0,1,0,0,0,2,0,0,0,0,1,2,1,1,0,1,0,0,0,0,1,2,0,0,0,0,0,2,0,0,0,0,1,0,0,0,0,0,0,1,0,0,0,1,0,2,0,2,0,0,0,0,0,0,0,0,0,0,0,0,0,2,1,0,0,1,0,1,0,0,0,0,0,0,0,0,0,0,0,0,0,0,0,0,1,0,0,1,0,0,1,1,0,0,0,0,0,0,2,0,0,0,0,0,0,0,0,0,0,0,0,0,0,0,3,3,0,0,0,0,2,0,1,0,0,0,3,0,0,0,0,0,0,1,1,0,0,0,0,0,0,1,1,0,1,0,0,0,0,0,0,0,0,0,0,0,0,0,0,0,0,1,0,0,0,0,0,0,0,0,0,0,0,1,1,0,0,0,0,1,0,0,0,0,1,0,0,0,0,0,0,1,0,1,2,1,1,0,0,0,3,2,0,0,1,1,0,0,0,0,0,0,1,0,0,0,0,0,3,0,0,0,0,1,0,0,0,2,0,2,2,2,0,0,0,0,0,0,0,1,0,0,0,0,0,0,0,1,0,0,0,0,2,1,0,0,0,0,3,0,0,0,0,0,0,0,0,1,1,0,0,1,0,0,1,0,1,0,0,0,0,0,0,0,0,4,2,0,2,0,1,0,0,0,0,0,1,0,0,0,1,0,0,0,1,0,2,0,0,0,0,0,0,0,0,0,1,0,0,0,1,0,0,0,0,1,0,0,0,0,0,0,0,0,0,0,0,1,0,0,0,1,0,0,0,0,0,0,2,0,0,0,0,0,0,0,0,0,0,0,1,0,0,0,0,0,0,0,0,0,0,0,1,2,2,0,1,2,0,0,1,1,0,0,0,0,0,0,1,0,0,0,0,1,2,0,0,0,1,0,0,1,0,0,2,0,0,0,0,3,0,1,0,0,0,2,0,0,0,0,1,0,0,0,0,1,0,0,0,1,0,0,0,0,0,0,0,0,0,1,1,0,0,0,1,0,0,1,6,0,1,0,0,1,0,0,0,0,0,1,2,0,0,0,0,0,0,0,0,0,0,1,0,0,3,0,0,0,0,0,0,0,0,0,0,0,0,0,0,7,0,0,0,0,0,0,0,0,1,0,1,0,0,1,2,0,0,0,0,0,0,0,0,0,0,1,0,0,0,0,0,0,0,0,0,0,0,0,0,0,1,0,0,1,0,1,0,1,0,0,0,0,0,0,0,4,0,0,0,0,0,1,0,0,0,0,0,0,0,0,0,1,1,1,0,1,0,0,1,0,0,0,1,0,0,0,1,2,0,1,0,0,1,0,1,0,0,2,0,0,1,0,0,0,0,2,0,0,0,0,0,1,3,0,0,0,0,0,0,3,0,0,1,0,1,0,0,0,0,0,0,0,0,0,0,1,1,2,0,0,0,0,1,0,0,0,0,2,0,0,0,0,0,0,0,0,0,0,1,0,0,0,0,0,0,0,0,1,0,0,0,0,0,0,0,1,1,0,3,0,0,0,0,0,0,0,0,1,1,0,1,0,4,0,0,4,1,0,0,1,0,0,0,0,0,0,1,0,0,0,3,1,0,0,0,3,0,0,0,0,0,0,0,0,0,0,0,0,0,0,0,0,0,0,0,0,0,0,0,0,0,1,0,3,0,0,0,0,1,1,3,1,0,0,1,0,0,1,0,1,0,4,0,1,0,0,0,0,0,0,0,0,2,0,4,0,0,2,0,0,0,1,0,0,1,0,1,0,1,1,0,1,0,1,0,0,0,0,1,2,0,0,0,0,1,0,0,0,0,0,2,0,0,0,0,0,0,0,0,2,0,6,0,0,1,0,1,0,2,0,0,0,0,0,0,0,2,0,2,1,1,1,1,2,0,0,0,1,0,0,0,0,1,0,0,1,0,1,0,0,0,0,0,0,1,0,0,0,0,2,1,0,0,0,0,0,1,0,0,1,1,0,0,1,0,0,0,0,1,0,0,0,0,0,0,2,0,0,0,0,0,0,0,0,0,0,1,1,2,0,0,0,2,1,1,0,0,0,1,0,0,0,0,0,1,0,0,1,2,0,1,0,1,1,0,2,0,0,0,0,0,0,0,0,0,1,3,0,0,1,0,0,1,0,1,0,1,0,0,0,1,0,0,0,0,2,0,0,1,0,0,0,0,1,0,0,0,0,1,0,0,0,0,0,0,0,0,0,1,0,1,0,0,0,0,0,0,0,0,0,0,1,0,0,0,0,6,0,1,0,0,3,0,1,0,0,1,0,0,0,1,0,0,0,0,1,1,1,0,0,0,0,1,0,0,0,0,0,1,0,0,0,0,0,1,0,0,0,0,2,0,0,1,0,0,1,0,0,0,0,0,0,0,0,1,0,0,0,0,0,1,0,0,0,0,1,0,0,0,1,2,0,2,0,1,0,0,0,3,1,0,0,0,0,0,0,0,0,0,0,0,0,0,0,0,0,0,0,0,0,0,0,0,0,1,5,0,0,0,0,0,0,0,1,0,0,1,0,1,1,0,0,1,1,0,1,1,0,0,1,1,0,1,0,0,1,1,0,8,0,1,1,1,0,0,2,0,0,0,1,0,0,0,0,1,0,0,3,0,2,0,0,0,0,0,0,0,0,0,0,0,0,0,0,0,0,0,0,1,0,0,0,0,0,1,2,0,0,0,0,0,1,0,0,1,0,0,0,0,0,0,0,0,0,0,0,0,0,1,0,1,0,0,0,0,0,0,0,3,0,0,1,0,0,0,0,0,0,0,0,0,1,1,0,1,2,0,1,0,0,0,0,0,2,0,0,0,0,0,0,0,1,0,0,0,0,0,0,0,1,0,2,1,0,0,0,0,0,0,0,0,0,1,0,0,0,1,1,0,1,1,0,0,1,0,0,2,0,0,0,0,0,0,0,0,0,0,0,0,1,0,0,2,0,0,0,0,2,0,0,1,1,0,0,0,0,0,3,0,0,0,1,1,0,0,0,0,0,0,2,0,0,0,0,1,1,0,1,0,0,1,2,0,0,0,0,0,0,1,0,0,0,0,0,0,0,0,1,0,0,0,0,1,0,0,0,0,0,0,0,1,1,1,2,0,0,0,0,0
VSIR,2,0,0,0,2,0,2,1,0,1,1,0,5,0,2,7,2,0,2,1,0,3,1,0,0,0,2,0,2,0,0,1,0,2,0,0,1,1,0,0,0,1,1,1,0,0,0,2,0,0,0,0,1,1,0,0,0,0,1,1,2,0,0,0,0,1,0,0,0,0,0,2,0,0,5,1,2,4,1,2,0,0,1,0,1,0,0,0,0,0,3,0,0,0,1,1,1,0,0,0,1,0,7,1,2,0,0,1,3,0,1,1,1,0,0,2,1,1,2,1,0,2,0,0,0,1,2,1,2,1,0,1,0,0,0,0,0,1,3,1,0,0,1,0,4,0,0,0,1,1,1,0,0,0,1,0,0,0,0,1,0,0,2,3,3,1,1,0,4,5,0,1,1,0,2,0,0,0,3,0,0,1,1,0,2,0,0,2,0,1,1,1,1,0,0,0,0,1,0,0,4,1,1,0,1,1,0,0,0,0,0,0,0,0,1,0,1,4,2,1,0,0,0,0,1,0,0,2,1,0,1,1,1,2,3,0,1,1,0,0,1,1,0,1,2,0,0,1,1,1,0,1,0,0,0,1,0,1,0,0,2,0,1,1,0,2,0,0,2,0,1,3,0,1,0,0,0,4,1,1,4,2,0,1,1,0,1,0,0,1,0,1,1,1,0,0,0,1,1,0,2,0,0,0,1,0,1,1,3,0,1,0,3,0,0,0,0,2,0,0,0,0,4,0,0,0,1,0,0,0,0,2,0,0,0,0,0,2,2,1,6,3,3,1,0,0,0,0,1,0,2,1,1,0,0,1,0,1,5,0,1,0,1,1,0,0,2,1,0,0,0,0,2,0,0,2,0,0,0,4,0,0,2,0,0,1,1,0,0,1,1,9,0,3,2,2,3,1,0,3,0,3,0,1,2,0,0,1,2,0,1,0,2,0,0,0,0,0,0,0,0,0,4,3,1,0,0,3,0,0,0,0,1,0,1,1,2,1,1,3,1,0,5,0,3,6,0,0,0,0,1,1,1,0,4,1,2,1,3,0,1,2,1,1,4,2,0,0,3,0,1,0,0,0,0,3,2,1,0,0,5,0,0,0,0,1,2,1,1,1,2,0,0,1,0,1,0,0,0,0,2,2,0,0,0,0,0,5,1,2,1,0,0,0,1,0,0,0,1,2,0,1,1,0,0,0,0,0,0,0,2,0,0,0,1,0,2,2,0,0,1,0,0,0,0,2,2,0,8,1,1,4,0,0,1,1,0,4,1,0,0,1,0,0,0,0,0,0,1,0,0,0,1,1,1,3,0,1,0,1,0,1,0,3,0,0,0,0,0,1,0,0,0,4,3,0,0,0,0,0,0,1,0,0,0,4,1,0,0,0,1,0,1,0,0,0,1,0,1,3,1,2,2,0,1,0,0,0,0,0,0,0,0,0,0,0,0,3,1,0,1,1,0,2,0,0,1,0,0,1,0,0,0,1,1,0,0,2,0,4,0,1,0,0,1,1,2,0,1,0,0,0,1,0,1,0,0,1,1,1,1,5,1,1,1,1,0,0,2,0,1,0,0,3,0,1,1,0,0,0,0,0,1,0,0,4,0,1,1,5,0,2,0,0,0,0,0,0,0,0,0,0,1,1,1,0,0,0,0,0,1,2,0,0,1,1,1,0,0,0,1,1,1,1,0,1,0,0,0,0,0,2,1,1,0,1,0,0,0,0,0,1,0,2,1,0,1,0,1,1,0,0,0,0,2,0,2,0,0,1,0,0,0,1,4,3,1,1,0,1,0,0,1,0,3,1,1,0,1,1,2,3,0,0,5,0,0,0,0,0,0,2,1,0,0,0,0,0,1,0,0,0,1,0,0,1,0,1,2,0,0,0,0,3,2,1,0,1,0,0,0,0,3,0,0,0,0,1,2,0,1,1,0,2,0,0,2,2,0,0,0,1,0,1,0,0,0,0,2,0,0,0,0,1,0,1,0,2,0,2,1,0,1,6,3,1,0,0,0,0,1,0,0,1,1,1,0,1,0,0,2,1,0,1,3,0,0,0,5,3,0,1,0,1,0,0,1,0,0,0,1,5,4,1,0,0,0,0,0,1,1,0,0,0,0,0,0,3,1,0,0,0,2,0,0,0,0,2,0,0,1,0,1,0,0,0,0,1,0,0,0,1,1,0,1,3,1,1,0,0,1,3,1,0,1,0,0,1,0,0,0,1,1,4,0,0,0,0,0,0,0,0,1,1,0,0,0,1,0,1,0,1,1,0,1,1,0,0,0,1,1,2,0,0,0,0,0,0,5,1,0,1,0,0,1,0,2,1,0,0,1,3,0,1,0,2,1,2,2,0,1,2,0,0,1,0,1,0,0,0,2,0,0,0,1,0,0,0,1,1,0,0,4,4,2,1,0,0,0,1,5,0,0,1,1,1,3,1,0,5,0,0,0,0,0,1,1,0,0,0,2,1,0,7,0,1,0,1,0,0,2,0,4,1,2,2,0,0,0,0,0,0,0,2,1,0,1,1,2,0,0,1,4,0,0,1,0,1,3,0,1,0,1,1,0,0,0,0,0,0,1,1,2,1,1,1,0,0,1,1,1,0,0,2,0,0,1,0,0,0,0,1,1,1,0,0,0,0,1,1,0,1,2,0,0,1,1,0,0,1,1,0,1,1,0,0,0,0,0,2,0,1,0,0,1,0,2,0,3,1,0,1,1,0,1,0,0,1,0,0,0,0,0,4,2,0,8,0,0,0,0,2,0,0,1,0,2,0,1,0,2,1,1,0,0,1,2,0,1,1,0,1,0,0,2,0,0,6,0,0,4,0,1,0,1,1,1,0,0,0,1,0,0,3,0,0,1,0,1,2,0,1,0,0,0,1,2,1,1,1,1,2,3,3,0,2,3,0,0,2,0,0,1,0,1,0,3,0,2,1,2,0,0,0,0,0,0,0,1,0,0,1,1,0,1,1,1,1,1,0,0,1,0,1,0,1,1,0,1,2,0,0,2,0,0,0,1,0,5,0,0,0,2,0,0,0,0,1,1,1,1,1,0,1,3,0,3,0,1,0,1,1,0,1,1,3,0,5,0,0,0,1,0,0,4,1,0,0,2,5,0,0,0,2,1,0,0,0,1,3,9,0,1,1,1,1,0,1,0,4,1,0,0,0,2,1,0,0,1,0,0,1,0,0,0,2,0,3,0,1,0,1,1,0,0,0,2,1,0,1,1,0,0,0,0,1,1,2,2,1,1,0,0,0,2,1,0,0,1,1,0,1,0,0,0,0,1,0,0,3,1,0,3,0,0,1,2,1,2,0,1,0,0,0,4,0,1,0,0,3,1,0,0,0,0,1,0,2,2,0,0,1,1,1,0,1,0,0,4,1,0,2,0,1,1,2,1,0,0,2,0,1,1,0,0,0,2,1,0,0,0,1,1,1,1,2,0,1,1,0,1,2,0,0,1,0
HIST1H4C,1,0,0,0,0,0,0,5,0,1,0,0,0,0,1,1,0,0,0,0,0,0,1,0,0,0,0,0,1,0,1,0,0,0,0,0,0,1,1,0,1,0,0,2,0,0,0,0,2,0,0,0,1,0,3,0,0,0,0,0,2,1,0,1,1,0,0,0,0,0,0,2,0,0,0,0,0,0,0,0,0,0,0,0,0,0,0,0,0,1,0,0,1,0,0,0,0,1,0,0,0,0,0,0,0,0,0,0,0,0,0,0,0,0,0,2,0,0,0,0,0,0,1,0,1,0,0,0,0,2,0,1,0,1,0,0,0,0,0,0,0,0,0,0,2,1,0,0,1,1,0,0,0,3,0,0,1,0,0,0,1,0,0,0,0,0,0,0,0,1,0,1,0,1,0,0,0,1,0,1,0,0,0,1,0,0,0,0,0,0,0,1,0,0,1,1,0,1,0,0,0,3,0,0,0,1,0,2,0,0,0,0,0,0,0,0,0,1,1,0,0,0,3,0,1,1,0,0,1,0,0,0,0,2,0,1,0,0,3,0,0,0,0,0,0,1,0,1,1,0,0,0,1,0,0,1,1,1,0,0,0,0,0,0,0,0,0,0,1,0,0,1,0,0,0,1,0,1,0,0,0,0,1,0,0,2,0,1,2,0,0,0,0,2,0,0,0,1,0,0,1,0,1,1,1,2,0,0,0,0,0,0,1,0,0,0,0,2,0,1,1,0,0,0,0,1,1,4,2,3,0,0,1,0,0,0,0,0,0,0,1,4,0,1,0,0,0,0,1,0,0,3,1,0,0,0,2,2,1,0,0,0,1,0,0,1,3,0,0,1,2,0,0,0,0,0,0,0,0,0,0,0,2,0,0,0,1,2,0,0,0,0,0,0,0,0,0,1,0,0,0,1,1,0,0,1,1,1,0,1,0,0,0,1,0,1,1,0,1,1,0,1,0,0,0,0,0,1,0,0,0,1,0,0,0,0,1,1,0,0,0,3,1,0,0,0,0,1,0,0,1,0,0,0,0,0,0,0,0,0,3,0,0,0,1,0,1,2,0,0,0,1,0,0,0,0,0,1,0,0,0,1,1,0,0,0,0,5,0,0,0,0,0,0,0,0,1,1,0,0,0,0,0,0,0,0,0,2,0,1,0,0,0,0,1,1,0,0,0,0,0,1,0,0,0,0,1,0,0,0,0,1,0,0,1,0,0,2,0,0,1,2,0,0,0,0,0,0,1,0,0,0,0,1,0,1,0,0,0,0,0,0,1,1,1,1,0,0,3,0,2,0,1,0,2,0,0,0,0,0,0,0,0,0,0,0,0,1,0,1,1,0,0,0,1,0,3,2,2,0,0,0,0,0,0,3,0,0,0,0,1,1,1,1,0,0,0,2,0,0,0,0,0,0,0,0,0,0,0,0,0,0,0,2,0,0,0,0,0,0,0,0,1,0,0,0,0,0,0,0,0,0,0,0,0,0,0,0,0,0,0,0,0,0,1,1,0,0,0,0,1,1,0,0,1,1,0,1,1,0,0,2,1,0,0,0,0,2,0,2,2,0,1,0,0,1,0,4,0,0,0,1,2,1,0,0,0,0,1,3,0,1,1,0,0,2,0,1,0,0,0,0,0,2,0,1,0,0,0,1,0,0,0,1,1,3,1,1,0,0,1,3,0,0,1,1,0,0,0,0,2,1,0,1,0,0,2,0,0,3,0,0,0,0,0,0,0,0,1,1,0,0,0,0,0,0,0,0,0,0,0,0,1,0,0,0,0,0,0,0,0,1,1,0,1,0,0,1,0,0,2,0,0,1,0,2,2,0,0,0,1,0,1,0,0,2,0,0,0,1,0,0,6,1,0,0,0,0,0,0,0,0,1,0,1,0,1,2,0,1,0,0,1,1,1,0,0,2,1,0,0,0,0,0,4,0,0,0,1,1,0,0,1,0,1,0,0,0,0,0,2,0,0,0,0,0,0,0,1,0,0,0,0,1,0,1,2,0,0,0,1,0,2,0,0,1,0,1,1,0,0,0,1,1,0,1,1,2,1,0,0,1,1,0,0,0,1,1,0,2,0,1,0,0,0,0,0,0,0,1,0,0,0,0,0,0,0,0,0,1,0,0,0,1,0,0,0,0,1,1,0,0,0,1,0,1,2,0,0,0,1,0,0,0,0,0,2,0,0,0,0,2,0,0,1,0,0,0,0,1,0,3,0,0,1,1,1,0,0,0,0,0,1,0,0,0,1,0,0,0,0,0,0,0,1,0,0,1,0,3,0,0,0,1,1,0,1,0,0,1,1,0,1,1,1,0,2,0,0,1,1,4,0,0,0,1,0,1,0,0,0,0,0,0,0,0,0,0,0,0,0,0,0,1,0,0,0,0,0,0,0,1,0,0,0,1,0,0,0,0,0,0,0,0,2,0,0,1,0,1,6,0,1,2,0,0,0,2,0,0,0,2,2,1,2,0,1,1,0,0,1,2,0,0,0,0,0,0,1,0,0,0,0,3,0,2,0,1,2,1,0,0,0,0,0,0,0,0,0,1,0,0,2,4,0,0,0,3,2,1,0,1,0,1,1,1,1,0,0,0,0,0,0,0,2,0,0,0,2,0,0,0,0,1,0,0,0,0,0,2,3,0,1,3,1,1,0,0,0,1,1,1,0,0,0,1,0,0,0,0,0,1,0,0,0,1,0,0,0,0,1,1,0,0,0,1,0,0,0,0,1,0,1,0,1,0,0,0,0,0,1,0,1,0,0,3,0,0,1,0,0,1,1,0,0,0,0,1,0,1,2,0,0,1,2,1,1,2,0,0,0,0,0,0,0,2,0,0,0,0,0,0,0,0,0,0,0,2,0,0,0,0,0,0,0,0,0,3,0,0,1,1,0,4,0,0,0,0,0,0,0,0,1,1,0,3,0,0,0,1,0,0,0,0,0,0,0,0,0,2,0,2,2,0,0,0,1,0,0,1,2,0,0,0,0,2,1,2,1,1,1,1,0,0,0,0,0,1,4,2,0,2,1,0,0,1,1,0,0,3,1,1,0,0,0,0,2,0,0,1,0,0,0,1,0,1,1,1,1,1,0,0,2,2,1,1,0,0,0,0,0,1,0,2,1,0,0,1,0,0,0,0,0,0,0,0,0,0,0,2,0,0,0,1,1,0,0,1,1,0,0,0,0,1,0,2,0,1,1,0,0,0,0,0,0,0,0,1,0,0,0,1,0,0,0,1,2,1,0,0,0,0,0,1,1,0,1,0,0,0,0,0,0,0,0,0,1,0,0,0,0,0,0,0,1,0,0,0,0,1,0,0,0,0,3,0,0,0,1,0,0,1,0,1,0,0,0,1,0,0,0,0,0,0,0,0,0,1,0,0,0,0,0,0,0,0,0,0,0,0,1,0,1,2,0,0,0,0,0,0,3,0,0,0,0,0,0,0,0,1,1,1,0,0,1,0
LITAF,0,0,1,2,1,2,0,1,0,1,2,0,0,1,0,2,0,0,0,0,1,0,0,0,1,1,3,0,0,0,3,2,0,1,2,1,1,2,2,0,4,2,0,0,0,1,1,1,0,2,0,1,1,0,2,0,1,1,0,0,0,0,0,0,0,0,1,0,0,2,0,1,0,0,1,2,2,1,0,0,1,0,0,0,1,0,1,2,3,0,0,0,0,3,1,0,0,0,0,2,1,1,1,0,0,0,0,1,2,0,2,0,1,3,1,0,2,2,0,0,0,1,1,0,3,2,0,0,0,0,0,1,1,2,0,1,0,1,1,0,2,2,0,0,1,1,1,0,2,5,0,1,0,0,1,0,0,1,0,1,0,2,1,0,2,2,1,2,1,0,0,1,1,0,0,0,0,0,0,0,2,0,0,0,0,1,0,0,1,4,1,1,0,0,2,2,0,1,0,0,1,0,0,0,0,1,0,2,1,1,0,0,4,2,1,2,2,1,0,0,0,1,4,0,2,1,0,0,1,0,3,2,0,2,0,0,0,1,0,0,1,2,0,0,2,0,0,0,1,1,0,0,1,1,0,0,1,0,0,0,0,1,0,0,2,2,0,1,2,2,1,0,0,0,0,3,0,0,0,0,0,0,5,0,0,1,2,1,1,0,2,1,0,0,1,0,0,2,1,2,0,1,2,0,0,0,0,0,0,2,0,0,1,0,0,0,1,1,0,0,0,1,1,1,2,1,1,2,0,0,0,0,0,1,0,0,0,1,1,0,0,2,0,1,2,0,0,2,0,1,1,0,2,2,1,1,0,2,1,1,1,0,1,1,1,0,8,1,1,2,0,1,4,1,0,5,3,0,1,0,0,0,1,0,0,0,0,0,0,0,0,2,1,0,0,0,3,0,1,2,1,0,3,0,1,1,1,1,5,1,0,3,0,0,1,1,1,0,0,1,0,1,3,2,1,1,0,2,1,0,0,2,0,0,1,1,0,1,1,0,1,2,5,0,1,0,5,0,0,0,2,0,1,0,0,1,0,0,1,3,0,3,2,0,2,0,1,0,0,0,0,0,2,0,1,2,0,0,0,0,2,1,1,0,2,0,0,1,0,1,0,0,1,2,0,0,0,1,0,2,0,1,0,1,0,2,1,2,3,0,0,1,0,1,1,0,0,0,2,0,0,0,2,1,0,0,0,1,1,0,2,1,2,1,1,1,3,0,1,3,0,1,3,3,2,1,3,0,2,1,1,3,0,0,0,1,0,0,2,7,0,3,0,3,1,0,1,0,3,0,1,2,1,1,0,0,0,0,0,2,0,1,1,0,0,0,0,1,0,0,0,0,2,1,0,0,0,1,0,0,0,1,1,2,4,5,0,0,0,0,1,0,2,0,3,2,2,0,1,0,2,0,2,0,2,1,0,1,0,3,0,1,0,4,0,0,1,0,2,1,0,0,2,0,1,0,4,2,2,0,0,0,0,0,0,0,0,0,0,0,0,0,0,4,2,1,0,0,0,1,1,1,0,0,5,1,0,0,0,1,0,2,0,0,1,2,0,0,0,0,1,1,2,1,0,2,0,2,0,1,0,0,1,1,0,1,1,0,0,2,0,0,1,3,2,2,0,1,0,1,0,0,1,1,0,2,1,1,1,0,0,0,2,0,1,0,0,0,3,1,1,0,2,0,1,2,0,0,2,0,0,0,1,1,1,0,0,0,0,2,1,0,1,2,0,0,0,0,2,0,1,0,1,1,0,1,0,0,0,1,0,0,0,0,0,0,3,1,0,0,1,0,0,0,1,2,0,2,1,1,0,1,0,0,2,2,0,0,1,2,0,0,1,0,1,0,1,0,1,1,2,0,0,0,0,1,1,1,0,1,1,1,0,0,1,2,0,1,0,0,0,0,1,0,0,0,0,1,2,0,1,0,0,0,0,0,0,0,0,0,1,2,0,0,0,1,0,0,0,0,1,1,0,3,0,3,1,0,0,0,0,2,1,0,0,0,0,0,0,1,1,1,4,1,0,2,0,0,2,0,0,1,0,1,0,0,1,0,5,2,0,1,1,0,0,0,0,1,3,2,0,5,0,1,2,0,0,0,0,0,1,0,0,0,0,0,0,0,1,2,2,1,1,0,0,0,1,1,2,3,0,0,1,1,1,0,1,0,2,0,2,0,0,2,1,0,0,0,1,0,2,3,1,1,2,0,1,0,1,0,1,1,2,2,2,1,0,0,0,0,0,1,2,1,0,0,0,2,2,0,0,0,1,0,0,2,0,0,0,1,1,1,1,0,0,1,0,1,0,1,0,0,0,1,0,1,0,0,1,0,1,1,0,1,1,3,2,0,0,2,1,0,1,1,0,1,1,0,1,0,0,0,3,1,1,0,0,1,2,1,1,1,1,1,0,4,1,0,2,1,0,4,1,0,1,2,0,1,1,0,0,1,0,2,1,2,1,1,0,0,0,3,1,0,2,0,0,0,0,0,0,1,0,0,1,1,1,0,1,0,1,0,1,0,0,1,0,0,3,1,1,1,0,0,0,1,2,0,0,0,0,0,4,2,1,0,0,2,0,0,0,1,0,6,1,1,0,0,1,0,0,1,0,1,0,0,0,0,1,1,4,0,1,0,0,0,0,0,0,2,1,1,1,2,1,6,1,0,1,1,0,0,1,2,1,1,3,0,0,0,0,0,1,0,0,1,2,1,2,1,1,0,1,0,0,0,0,0,0,0,0,0,2,3,0,0,0,0,0,1,0,0,1,2,0,1,0,0,0,1,1,1,2,0,0,2,0,0,1,3,0,0,3,0,0,1,0,0,3,1,0,1,0,1,0,1,0,2,0,2,0,1,0,1,2,0,0,4,0,3,3,1,1,1,0,0,0,0,0,0,1,1,2,4,4,0,1,1,0,0,0,2,0,0,0,0,1,0,0,1,0,0,0,3,0,0,0,0,2,1,0,2,0,0,1,0,0,0,5,0,0,0,1,3,1,0,0,0,1,2,1,1,0,0,1,2,1,2,4,0,0,0,0,0,1,0,3,2,0,1,2,2,0,0,0,0,2,1,1,0,0,0,1,1,0,2,0,3,0,1,0,0,1,2,1,1,0,0,1,2,2,0,0,1,0,1,1,0,1,0,2,1,0,0,3,0,0,0,0,1,0,1,1,0,1,0,1,1,0,0,1,0,0,0,0,2,0,0,0,2,0,2,0,1,0,0,0,0,1,2,1,1,1,0,2,0,2,1,2,0,0,1,0,0,0,2,0,0,3,0,0,0,2,0,0,0,0,0,0,4,0,0,0,0,0,4,0,0,1,2,0,1,1,2,1,0,0,1,2,1,0,1,0,0,0,1,2,1,0,2,0,0,1,0,1,0,0,1,0,1,2,0,1,0,0,3,0,0,1,0,0,0,1,0,1,1,0,0,0,1,0,0,2,0,0,0,1,4,1,2,0,0,2,1,0,0
BCL11A,0,0,0,0,0,0,0,0,1,0,0,0,0,0,0,0,0,0,0,0,0,0,0,2,0,0,0,0,0,0,0,0,0,1,0,0,0,0,1,1,0,0,0,0,0,0,0,1,0,0,0,0,0,0,0,0,0,0,0,0,0,0,0,0,0,0,0,0,0,0,0,0,0,0,0,0,0,0,0,1,0,0,0,0,0,0,0,0,0,0,3,0,0,0,0,1,0,0,0,0,0,0,0,0,0,0,0,0,1,0,0,0,0,0,0,0,0,0,0,0,0,0,0,0,1,0,0,0,0,0,0,0,0,1,0,0,1,0,0,0,0,0,0,1,1,0,0,0,0,0,0,0,0,0,0,0,0,0,0,0,0,0,1,0,0,0,0,0,0,0,0,0,0,0,0,0,0,0,1,0,0,0,0,0,0,0,0,0,0,0,0,0,0,0,0,0,0,0,0,0,0,0,0,2,0,0,2,0,1,0,0,0,0,0,0,0,0,0,2,0,0,2,3,1,0,0,0,0,0,0,0,0,1,1,0,0,0,0,0,0,0,0,0,0,0,1,0,0,0,0,0,0,0,0,0,0,0,0,1,0,0,1,0,0,0,0,0,0,0,0,0,2,0,0,0,0,0,0,0,0,0,0,0,0,0,0,0,0,0,0,0,0,0,0,0,0,0,0,1,0,0,0,0,0,0,0,0,0,0,0,0,0,0,0,0,0,0,0,0,0,0,0,0,0,0,0,1,2,0,0,0,1,0,1,0,0,0,0,0,0,0,0,0,0,0,0,1,0,0,1,0,0,0,0,0,0,0,0,1,0,0,0,2,0,0,0,2,0,0,0,0,0,0,0,0,0,0,0,0,0,0,1,0,0,0,0,0,1,0,0,0,1,0,0,0,0,0,0,0,0,0,0,0,0,0,0,0,0,1,0,0,0,0,0,0,0,0,0,0,0,1,0,0,0,0,0,0,0,0,0,0,0,0,0,0,0,0,0,0,0,0,0,1,0,0,0,0,0,0,0,0,0,0,0,0,0,0,0,0,2,3,0,0,2,0,1,0,0,0,0,0,0,0,0,0,0,0,0,2,0,0,0,0,0,0,0,0,0,0,0,0,0,0,0,0,0,0,0,0,0,0,0,0,0,0,0,0,0,0,0,0,0,0,0,0,0,0,0,0,0,0,0,0,0,0,0,0,0,1,0,0,0,0,0,0,1,0,1,0,0,0,0,0,0,0,0,0,0,1,0,0,0,0,0,1,0,0,1,0,0,1,0,1,0,0,0,0,0,0,1,0,0,0,0,0,0,0,0,0,0,2,0,0,0,0,0,1,0,0,0,0,0,0,0,0,0,0,0,0,0,0,0,0,0,0,0,0,0,0,0,0,1,0,0,0,0,0,0,0,0,0,0,0,0,0,0,0,0,0,0,2,1,0,0,0,0,0,0,0,1,0,0,0,0,0,0,1,0,0,0,0,0,0,0,0,0,0,0,0,0,0,0,0,0,0,0,0,0,0,0,0,0,0,0,0,0,0,0,0,0,0,0,0,1,0,0,0,0,0,0,0,0,0,0,0,0,0,0,0,0,0,0,4,0,0,0,0,0,0,3,0,0,0,0,0,0,0,0,0,0,1,0,0,0,0,0,1,0,0,0,0,0,0,0,3,0,0,0,0,0,0,0,0,0,0,0,1,0,0,0,0,0,0,0,0,0,0,0,0,0,0,0,1,0,0,1,0,0,0,0,0,0,0,0,0,0,0,0,0,0,0,0,0,0,0,0,0,0,0,0,0,0,0,0,0,0,0,0,1,0,0,0,0,0,0,0,0,0,0,0,0,0,0,0,0,1,0,0,0,0,0,0,1,0,1,0,0,0,0,0,0,0,0,0,0,0,0,0,0,1,0,0,0,0,0,1,0,0,0,0,0,0,0,0,0,0,0,0,0,0,0,0,0,0,0,0,0,0,0,0,1,0,0,0,0,0,0,0,0,1,0,0,0,0,0,0,0,0,0,1,0,0,0,0,0,0,2,0,1,0,1,0,0,0,0,0,0,0,1,0,0,0,0,0,0,0,0,0,0,1,0,1,0,0,1,0,0,0,0,0,1,1,0,0,0,0,0,0,0,0,0,0,0,0,0,0,0,0,0,0,0,0,0,0,0,0,1,0,0,0,0,0,0,0,0,0,0,0,0,0,0,0,0,0,0,3,0,0,0,0,0,0,0,1,0,0,0,0,0,0,0,0,0,0,0,0,0,0,0,0,0,0,0,0,0,0,0,0,0,0,0,0,0,0,0,0,1,0,0,0,0,0,0,0,0,0,0,0,0,0,5,0,2,0,0,0,0,0,0,0,0,0,0,0,0,0,0,0,0,0,0,0,0,0,0,1,0,0,0,0,0,0,0,0,0,0,0,0,0,0,0,0,0,0,0,3,0,0,0,0,7,0,0,0,0,0,0,0,0,0,0,0,0,1,0,0,0,0,0,0,0,0,0,0,0,0,0,0,0,0,0,0,2,0,2,0,0,0,0,0,0,0,0,0,0,0,0,1,0,0,0,0,0,0,0,0,0,1,0,0,0,0,0,0,0,0,0,0,2,0,0,0,4,0,0,0,0,0,0,0,0,0,0,1,0,0,1,0,0,0,2,0,0,1,1,0,0,0,0,1,0,0,1,0,0,0,0,0,0,0,0,0,0,0,0,0,0,0,0,0,0,0,0,0,0,0,0,0,0,0,1,0,0,1,0,0,0,0,0,0,0,0,0,0,1,2,0,0,0,0,0,0,0,0,0,3,1,0,0,0,0,0,0,0,0,0,1,2,1,0,1,0,0,0,0,0,0,0,0,0,0,0,0,0,0,0,0,0,0,0,0,0,0,0,0,0,1,0,0,0,0,0,0,0,0,0,0,0,0,1,1,0,0,0,0,1,0,0,0,0,0,1,1,0,1,0,0,0,0,0,0,0,0,0,0,0,0,0,0,1,0,1,0,0,0,0,0,0,0,0,0,0,0,2,0,0,0,0,0,0,0,0,0,0,0,1,0,0,0,0,0,0,0,0,0,0,2,0,0,0,0,0,0,0,0,0,0,0,0,0,0,0,0,0,2,0,2,0,0,0,0,1,0,0,0,0,0,0,0,3,1,0,0,0,0,0,0,0,0,1,0,0,0,0,0,0,0,0,1,4,0,0,0,0,0,0,0,2,0,0,0,0,0,0,0,0,0,0,0,0,0,0,0,0,0,0,0,0,0,0,0,0,0,0,0,0,0,0,0,0,0,0,0,0,0,0,0,0,0,0,0,0,1,0,0,0,1,0,0,0,1,0,0,0,2,0,0,0,0,0,0,0,0,0,0,0,0,0,0,0,0,0,0,0,0,0,0,1,1,0,0,0,0,0,0,0,0,0,0,0,1,0,0,0,0,0,0,0,0,0,0,0,0,0,1,0,0,2,0,0,0,0,0,0,0,0
PTPN6,0,2,1,3,1,1,3,0,0,0,0,0,2,1,0,3,0,2,1,0,0,0,1,1,0,1,1,0,1,0,0,0,0,1,3,0,0,0,0,1,0,0,0,0,1,0,1,0,0,0,0,0,0,1,0,1,0,0,0,0,1,2,0,0,0,0,0,0,0,0,1,0,0,0,0,0,0,1,2,0,1,0,1,0,0,0,0,1,0,0,0,0,1,0,0,2,1,0,2,2,0,0,1,0,1,0,0,2,0,0,1,1,1,2,0,0,1,1,3,0,0,1,0,1,0,0,2,1,1,0,0,1,0,2,1,0,0,0,1,1,0,0,0,0,3,3,1,1,1,1,1,0,2,1,0,0,0,1,0,2,0,0,1,0,1,1,0,0,0,6,0,2,1,1,2,0,0,0,0,0,0,0,0,0,0,2,0,1,0,2,4,1,4,0,0,4,0,0,0,0,2,0,1,0,0,0,5,1,0,0,0,0,3,1,2,0,0,0,1,3,0,1,0,0,1,0,1,0,0,0,1,2,2,0,1,0,0,0,0,3,1,1,1,0,0,0,1,0,3,1,0,0,0,0,1,0,1,0,0,2,0,1,1,0,0,3,0,0,0,0,2,0,0,0,1,0,1,1,1,0,0,0,0,0,0,0,0,0,1,0,0,2,1,0,0,2,0,0,1,0,1,1,1,1,2,0,0,0,3,0,1,0,0,0,0,1,1,0,0,1,0,0,1,0,0,1,0,0,1,1,0,0,0,0,0,0,1,0,0,0,1,0,2,1,2,0,0,0,2,1,0,0,4,1,1,0,0,0,2,1,0,0,0,2,1,0,5,0,0,0,2,0,1,0,1,6,0,1,0,0,0,0,2,0,0,0,0,3,1,0,1,7,0,9,0,0,6,0,0,2,0,0,0,0,2,0,1,0,2,1,0,1,0,1,0,1,0,1,0,0,1,0,4,1,1,0,0,0,1,0,0,1,0,0,2,0,0,0,1,2,0,0,1,0,0,3,2,0,2,1,1,0,0,1,0,0,2,1,0,3,1,0,1,0,0,3,3,0,1,1,0,2,0,0,2,5,1,1,1,0,0,1,1,2,0,1,1,0,0,0,0,1,2,1,0,1,0,0,0,3,1,0,0,1,0,0,2,4,0,1,0,1,0,0,0,0,0,0,0,0,1,0,1,2,1,2,0,1,1,0,0,2,0,1,0,1,3,0,0,1,1,0,0,0,0,0,2,2,1,0,1,2,0,0,1,5,1,4,0,1,0,1,0,0,1,0,0,0,0,1,0,0,0,0,0,0,1,0,0,0,1,0,0,1,0,0,0,0,0,0,2,0,0,0,0,0,1,0,0,3,0,2,0,0,0,4,1,1,0,0,1,0,0,0,0,0,0,2,0,0,1,1,3,0,0,0,1,0,0,1,0,0,1,3,0,0,1,1,1,0,1,0,0,0,1,1,1,1,0,0,0,1,0,0,0,0,0,1,1,0,1,4,1,1,1,0,1,1,0,0,0,0,0,1,3,1,0,1,0,0,0,4,0,0,0,0,1,0,1,0,1,0,0,0,1,0,0,0,0,0,0,1,0,0,0,1,0,1,1,3,2,1,0,0,2,1,0,0,0,0,0,0,0,0,1,0,0,0,0,2,3,0,0,0,0,0,0,1,0,1,0,2,0,0,1,0,1,1,0,1,2,1,0,0,1,0,0,1,1,1,1,0,0,0,1,1,0,0,0,0,0,0,0,0,0,0,2,0,0,0,1,2,0,0,0,1,0,1,1,0,1,0,1,0,2,1,1,0,1,0,0,0,0,2,0,0,0,0,0,1,0,0,0,1,0,0,1,0,1,3,0,0,3,3,1,0,0,1,0,0,0,0,2,1,1,0,2,0,0,2,0,0,0,0,0,5,0,1,1,2,0,0,0,2,1,0,0,0,1,0,1,0,0,0,0,0,0,0,0,0,5,0,3,0,0,0,1,1,2,0,1,1,1,1,1,0,1,0,0,0,0,0,3,1,2,1,1,0,0,1,1,0,1,1,0,0,2,2,1,2,0,1,1,0,1,0,2,1,0,0,0,1,1,0,1,0,2,1,0,1,0,0,0,1,1,0,0,10,0,1,2,1,0,0,2,0,1,0,0,0,0,1,1,1,1,0,5,0,3,0,2,0,0,0,0,2,0,0,1,0,1,2,0,0,1,1,0,3,1,0,0,2,0,1,3,0,1,0,0,0,2,0,1,1,0,0,1,0,0,0,2,2,0,0,0,0,0,0,0,0,0,1,0,2,0,1,1,1,2,1,0,0,0,0,0,0,0,1,0,0,1,6,0,0,0,2,1,3,0,0,0,0,1,0,1,2,1,0,1,1,0,0,1,0,0,2,0,0,0,0,0,0,1,3,0,3,1,0,0,1,0,0,0,3,1,0,1,1,0,0,0,0,0,1,0,0,2,0,0,1,1,0,0,1,1,0,0,0,1,0,1,0,5,1,1,0,0,0,1,1,4,0,0,0,1,0,0,1,1,2,0,0,2,1,0,0,3,0,0,1,0,0,1,2,1,0,0,2,0,0,1,1,2,2,0,0,0,0,1,0,2,0,0,2,1,0,0,0,0,2,0,0,0,0,0,0,0,0,0,2,2,2,1,2,0,2,1,0,0,2,2,0,1,1,0,0,4,0,0,0,0,0,0,0,0,0,0,0,4,0,1,0,2,1,0,0,0,2,0,0,2,0,1,4,0,0,2,0,0,1,1,3,1,0,1,2,2,0,0,0,1,5,1,0,1,1,0,0,0,0,0,1,1,0,0,0,1,0,1,0,4,0,0,0,0,0,1,3,0,1,0,0,2,1,2,0,0,3,0,1,1,0,0,1,2,0,0,0,0,0,5,0,2,0,0,0,1,0,0,0,0,0,3,1,0,2,1,0,1,1,4,0,0,0,0,1,0,0,0,1,0,0,1,1,0,3,0,0,1,0,1,0,0,1,3,0,0,0,1,2,1,0,0,5,0,0,1,0,0,0,0,3,0,0,0,0,0,0,1,0,0,1,0,0,0,0,4,1,1,0,0,2,0,1,1,1,0,2,0,1,0,0,0,1,0,0,2,0,0,1,1,0,0,0,2,1,1,0,1,0,7,0,0,0,3,1,1,0,1,3,0,3,0,1,0,0,0,1,0,0,0,0,0,1,0,1,0,2,0,1,0,1,2,0,0,0,1,2,0,0,0,0,1,0,0,0,0,1,0,1,0,0,0,0,0,0,0,0,0,1,0,0,1,0,0,0,0,0,0,0,1,0,2,0,0,1,3,0,0,3,0,1,1,0,2,0,0,1,0,1,0,1,1,0,1,1,0,1,3,2,0,0,0,0,0,0,2,3,0,0,2,4,0,0,2,0,0,0,0,1,1,1,1,1,0,1,0,0,1,0,0,0,1,0,0,0,0,2,0,0,0,2,0,0,0,0
CD6,2,0,0,0,0,0,0,2,0,0,0,0,0,1,0,2,2,0,0,1,1,0,0,0,0,1,0,0,0,0,3,1,0,1,0,0,1,2,0,0,1,2,0,0,1,0,0,0,1,0,0,0,0,0,0,0,0,0,1,0,0,0,1,0,1,0,1,0,0,0,0,0,0,0,0,0,0,0,0,0,0,1,0,1,0,1,0,0,2,0,0,0,1,0,2,0,0,0,0,0,0,1,0,0,0,0,0,0,0,0,2,1,0,0,0,0,0,0,0,0,0,0,0,0,0,0,0,0,0,1,0,0,2,0,0,0,1,0,0,0,0,0,0,0,0,0,0,1,2,0,0,0,0,0,0,0,1,0,0,0,0,0,0,1,1,1,0,1,0,0,2,0,2,0,0,0,0,0,0,1,0,0,0,0,0,1,1,0,0,0,1,0,0,1,0,0,1,0,0,0,0,0,0,0,1,1,0,0,0,0,0,2,0,0,0,0,0,0,0,0,0,0,0,0,2,0,0,0,0,0,1,0,0,0,0,0,0,0,0,0,0,1,0,0,1,0,0,0,0,0,0,0,0,0,0,1,0,2,0,0,1,0,1,0,2,2,0,0,0,2,0,0,0,0,0,0,0,0,0,0,0,0,1,1,0,0,0,0,0,0,1,0,0,0,0,0,1,0,0,1,1,2,1,0,0,1,0,0,0,0,0,0,1,0,0,0,0,1,0,1,1,0,0,0,0,0,0,2,0,0,0,0,0,0,0,0,0,0,1,0,0,0,0,1,0,0,0,0,1,0,0,1,0,1,0,0,0,1,0,0,0,0,0,0,1,0,0,0,1,0,1,0,0,0,0,0,0,0,0,0,0,0,1,1,0,0,1,0,0,0,2,0,0,0,0,0,0,1,1,0,0,1,0,1,0,0,0,0,1,0,1,1,0,0,0,0,0,0,0,0,0,0,0,1,0,0,1,0,0,1,0,1,1,0,0,0,0,0,1,0,0,0,1,0,2,0,0,1,0,0,1,0,0,0,0,1,0,1,0,0,0,0,0,0,0,0,0,0,0,0,0,1,0,0,0,0,0,0,0,0,0,0,0,3,0,1,2,2,0,0,0,1,0,0,1,0,1,0,0,0,0,0,0,1,0,0,0,0,0,0,0,0,0,0,0,0,0,0,0,0,0,0,0,0,0,0,0,0,0,1,0,1,2,0,1,0,0,0,1,1,0,0,1,0,1,0,0,1,0,0,2,0,0,0,0,0,0,0,0,0,0,0,0,0,1,0,0,1,0,0,0,0,0,0,2,0,0,0,0,0,0,0,1,0,0,0,0,0,0,0,0,0,0,0,1,0,0,0,0,0,1,0,0,1,0,0,0,1,2,0,0,0,0,2,1,2,0,3,0,0,2,1,2,1,0,0,1,0,2,0,0,0,1,1,0,1,0,2,0,0,1,0,1,0,1,0,0,0,2,0,1,0,0,0,0,0,0,0,0,0,0,0,0,0,1,0,0,0,2,0,0,0,0,1,1,5,0,0,0,1,0,0,1,0,0,0,0,0,0,1,1,0,0,0,0,0,0,0,0,0,0,1,0,0,0,0,1,1,1,0,0,0,0,0,0,1,1,0,0,0,0,0,1,1,0,0,0,0,0,1,0,2,0,0,0,0,0,0,2,0,0,0,1,0,2,0,0,0,0,0,0,1,3,2,0,0,1,0,1,2,0,0,0,0,0,0,2,1,2,0,0,2,0,0,0,0,0,1,0,1,0,0,0,1,0,0,1,0,1,0,0,2,0,0,0,2,1,0,0,0,0,0,0,0,1,0,0,0,0,1,2,0,0,0,0,0,0,0,0,0,0,0,1,0,0,2,0,0,3,0,1,0,0,0,0,0,0,0,0,0,0,2,1,1,0,0,0,0,0,1,3,0,0,1,1,0,0,0,0,0,0,0,1,1,0,0,1,0,0,0,0,0,0,2,1,0,0,1,0,0,0,0,0,0,0,2,0,0,0,0,2,3,1,0,0,0,0,2,0,0,0,0,0,0,0,0,0,0,1,0,0,0,0,3,0,0,0,0,0,0,0,1,0,0,0,0,0,0,0,1,0,0,1,0,0,0,1,0,0,0,0,1,3,0,0,2,0,0,0,0,0,0,0,0,1,1,0,2,0,1,0,0,0,0,0,0,1,0,0,0,0,1,0,0,0,0,1,1,0,0,0,1,0,0,1,1,1,0,2,0,0,0,1,0,0,0,0,0,0,0,2,0,1,0,1,0,1,0,0,1,1,0,0,0,0,0,0,0,0,1,0,0,0,0,4,0,2,0,1,2,0,1,0,0,0,0,3,1,0,0,0,0,0,0,0,0,0,0,0,0,0,0,0,0,0,0,0,0,0,2,0,1,0,0,0,1,0,0,0,0,0,0,0,0,1,0,2,0,0,0,0,0,0,0,0,0,0,1,0,0,0,1,0,0,0,0,0,1,0,1,0,0,0,0,0,1,2,1,0,0,0,0,0,2,0,0,0,0,0,0,0,0,0,0,0,1,0,0,0,0,0,0,0,0,0,0,0,0,0,0,0,0,0,0,0,0,0,0,0,0,0,0,0,0,0,0,1,0,0,0,0,0,1,0,1,0,0,0,0,1,0,0,0,0,0,0,0,0,0,0,1,0,1,0,1,0,0,0,0,0,0,0,0,0,0,1,0,0,0,0,0,0,0,0,0,1,0,0,0,0,0,1,0,0,0,0,0,2,0,1,0,0,2,0,0,0,0,0,0,0,0,0,1,0,0,0,0,0,0,0,0,0,0,0,0,0,0,0,0,0,0,0,0,0,0,1,0,0,0,0,0,0,0,0,1,0,0,1,1,1,1,0,0,2,0,0,0,0,0,0,0,0,0,2,0,0,1,1,0,0,0,1,1,0,0,0,0,0,0,0,0,0,0,0,1,1,0,1,0,0,0,0,1,0,2,1,0,1,0,0,2,0,0,0,0,1,4,0,0,0,1,2,0,0,0,1,1,0,1,0,0,0,1,1,0,0,0,2,0,0,0,2,0,0,0,0,0,1,0,0,0,0,0,0,0,0,0,1,0,0,0,0,0,1,0,2,0,1,0,0,0,1,0,0,0,0,0,1,2,0,0,1,2,0,1,0,0,0,0,0,4,0,0,0,1,0,0,1,0,0,1,0,0,0,0,0,0,0,0,0,0,0,0,0,2,0,0,1,2,0,0,0,0,1,1,2,0,0,0,0,1,0,0,0,0,0,0,0,1,0,0,1,2,0,0,0,0,0,0,3,0,0,0,0,0,0,0,0,0,1,0,0,0,0,0,1,0,3,0,0,1,1,0,1,1,0,1,0,0,1,1,0,0,0,1,0,1,0,0,0,0,0,0,2,0,0,0,0,0,0,0,1,4,2,1,0,0,0,0,0,0,0,0,1,0,0,0,0,0,0,2,0,1,0,0,0
CD40,0,0,0,0,0,0,0,0,0,0,1,0,0,0,0,1,0,0,0,0,0,0,0,0,0,0,0,0,0,0,0,0,0,0,0,0,0,0,1,1,0,0,0,0,0,0,1,0,0,0,0,0,0,0,0,0,0,0,0,0,0,0,0,0,0,0,0,0,0,0,0,0,0,0,0,0,0,0,0,0,0,0,0,0,0,0,0,0,0,0,0,0,0,0,0,0,0,0,0,3,0,0,0,0,0,0,0,0,0,0,0,0,0,0,0,0,0,0,0,1,0,0,0,0,0,0,0,0,0,0,0,0,0,2,0,0,0,0,0,0,0,0,0,0,0,0,0,0,0,0,0,0,0,0,0,0,0,0,0,0,0,0,0,0,0,0,0,0,0,0,0,0,0,0,0,0,0,0,0,0,0,0,0,0,0,0,0,0,0,0,0,0,0,0,0,1,0,0,0,0,0,0,0,2,0,0,1,2,1,0,0,0,0,0,0,0,0,0,0,0,0,1,0,0,0,0,2,0,0,0,0,0,0,0,0,0,0,0,0,0,0,0,0,0,0,2,0,0,0,0,0,0,1,0,0,0,0,0,0,0,0,1,0,0,0,0,0,0,0,0,0,0,0,0,0,0,0,0,0,0,0,0,0,0,0,0,0,0,0,0,0,0,0,0,0,0,0,0,0,0,0,0,0,0,0,0,0,0,0,0,0,0,0,0,0,1,0,0,0,0,0,0,0,0,0,0,0,0,1,0,0,0,0,0,0,0,0,0,0,0,0,0,0,0,1,0,0,0,0,0,0,1,0,0,0,0,0,0,0,0,0,0,1,0,0,0,1,0,0,0,0,0,0,0,0,0,0,0,0,0,0,0,0,0,0,0,0,1,0,0,0,0,0,1,0,0,0,0,0,0,0,0,0,0,1,0,1,0,0,0,0,0,0,1,0,0,0,0,0,0,0,0,0,0,0,0,0,0,0,0,1,0,0,0,0,0,0,0,0,0,0,0,0,0,0,0,0,0,1,0,0,0,0,0,0,0,0,0,0,0,0,0,0,1,0,0,0,0,0,0,0,0,0,0,0,0,0,0,1,0,0,0,0,0,0,0,0,0,0,1,0,0,0,0,0,0,0,0,1,0,0,0,0,0,0,0,0,0,0,0,0,0,2,0,0,0,0,0,0,0,0,0,0,0,0,0,0,0,0,0,0,0,0,0,0,0,0,0,0,0,0,0,0,0,0,0,0,0,0,0,0,0,0,0,0,0,3,0,0,0,0,0,0,0,0,0,0,0,0,1,0,1,0,0,0,0,0,0,0,0,0,0,0,0,0,0,0,0,1,0,0,1,0,0,0,1,0,0,0,0,0,0,0,0,0,0,0,0,0,0,0,0,0,0,0,0,0,0,0,0,0,0,0,0,0,0,0,1,0,0,2,0,0,0,0,0,0,0,0,0,0,0,0,0,0,1,0,0,0,0,0,0,0,0,0,0,1,0,0,0,0,1,0,0,0,0,0,0,0,2,0,0,0,0,0,0,0,0,0,0,0,0,0,0,0,0,0,0,0,0,1,0,0,0,0,0,0,0,1,0,0,0,0,0,0,0,0,0,0,1,0,0,0,0,0,0,0,0,0,0,0,0,0,0,4,0,0,0,0,0,0,0,0,0,0,0,0,0,0,1,0,0,0,0,0,0,3,0,0,0,0,0,0,0,1,0,0,0,0,0,1,0,0,0,0,2,0,0,0,0,0,0,0,0,0,0,0,0,0,0,0,0,0,0,0,0,0,0,0,0,0,0,0,0,0,0,0,0,0,0,0,0,1,0,0,0,0,0,0,0,0,0,0,0,0,0,0,0,0,0,0,0,0,0,1,0,0,0,0,0,0,0,0,0,0,0,0,0,0,1,0,0,0,0,0,0,0,0,0,0,0,0,0,0,0,0,0,0,0,0,0,0,0,0,2,0,0,0,0,0,0,0,0,0,0,0,0,0,0,0,0,0,0,0,0,0,3,0,1,1,0,0,0,0,0,0,0,0,1,0,1,0,0,0,0,0,1,1,0,0,0,0,0,0,0,0,3,0,0,0,0,0,0,0,0,0,0,0,0,0,0,0,0,0,0,0,0,0,0,0,0,0,1,0,1,0,0,0,0,0,0,0,0,0,0,0,0,0,0,0,0,0,0,0,0,0,0,0,0,0,0,1,0,0,0,0,0,0,0,0,0,0,0,0,0,0,0,0,0,0,0,0,0,0,0,0,0,0,0,0,0,0,0,0,0,0,0,0,0,0,0,0,0,0,0,0,0,1,0,0,0,0,0,0,0,0,0,0,0,0,1,1,1,0,0,0,0,0,0,0,0,0,0,0,0,0,0,0,0,0,0,0,0,0,0,0,0,0,0,0,0,0,0,0,0,0,0,0,0,0,0,0,0,0,1,0,0,0,0,0,0,0,0,0,0,0,0,0,0,0,0,0,0,0,0,0,0,0,0,0,0,0,0,0,0,0,0,0,1,0,0,0,0,0,1,0,0,0,0,0,0,0,0,0,0,0,0,0,0,0,0,0,0,0,1,0,0,1,0,0,0,0,0,0,0,0,0,0,0,0,0,0,0,0,1,0,0,2,0,0,0,0,0,0,0,0,3,0,0,0,0,0,0,1,0,0,0,0,0,1,0,0,0,0,0,0,0,0,0,0,0,0,0,0,0,0,0,0,0,0,0,0,0,0,0,0,1,0,0,0,0,0,0,0,0,0,0,0,0,0,0,0,0,0,1,0,0,0,0,0,0,0,0,0,0,0,0,0,0,0,0,0,0,0,0,1,1,0,0,0,0,0,0,0,1,0,0,1,0,0,0,0,0,1,0,1,0,0,0,0,0,0,0,0,0,0,0,0,0,0,0,0,1,0,0,0,0,0,0,0,0,0,0,0,0,0,0,0,0,0,0,0,0,0,0,0,0,0,0,0,2,0,0,0,0,0,0,0,0,1,0,0,0,0,2,0,0,1,0,0,0,0,0,1,0,0,0,0,0,1,0,0,0,0,0,0,0,0,0,0,0,0,0,0,0,0,0,0,0,0,0,1,0,0,0,1,0,0,0,0,0,0,0,0,0,0,0,0,0,0,0,0,0,0,3,0,1,0,0,0,0,0,0,0,0,0,0,0,0,0,0,0,0,0,0,0,0,0,0,0,0,0,0,0,0,0,0,0,0,0,0,0,0,0,0,0,0,0,0,0,0,0,0,0,0,0,0,0,0,0,0,0,0,1,0,0,0,0,0,0,0,0,0,0,0,0,0,3,0,0,0,0,0,0,1,0,0,0,0,0,0,0,1,0,0,0,0,0,0,0,0,0,0,0,0,0,0,0,0,0,0,0,0,0,0,0,0,0,0,0,1,0,0,0,0,0,0,0,0,0,0,0,0,0,0,0,0,0,0,0,0,0,0,0,0,0,0,0,0,0,0,0,0,0,0,0
SEC61B,0,0,2,2,0,1,1,2,2,0,1,5,2,2,2,3,3,1,2,0,0,2,2,1,0,0,0,0,0,2,0,0,2,19,2,1,0,0,2,0,0,2,0,1,0,0,2,0,0,0,0,0,3,0,1,0,0,1,0,2,2,0,0,0,0,0,1,0,2,1,0,3,1,0,1,1,3,4,0,2,0,2,2,0,1,0,0,0,3,0,13,1,1,1,1,2,0,0,0,4,0,0,0,0,3,1,0,1,2,0,4,0,2,2,1,1,0,0,1,0,0,1,3,1,0,0,1,1,3,0,0,0,2,0,0,0,1,0,0,1,1,3,0,0,3,2,2,3,1,1,7,0,1,2,1,0,1,1,1,1,0,0,2,3,1,1,4,0,2,3,0,2,4,1,2,0,1,0,2,0,0,2,0,0,1,0,0,0,1,0,2,6,1,1,1,0,0,1,0,2,0,1,4,0,0,1,0,0,0,1,0,4,0,1,0,1,0,1,16,1,0,0,9,0,1,0,0,0,1,0,0,0,2,1,0,2,1,0,3,0,0,0,0,0,1,0,0,3,1,3,0,1,1,1,0,1,0,1,0,3,3,0,2,1,0,1,1,0,0,0,1,2,2,0,1,1,1,1,7,0,0,0,0,0,3,1,0,0,0,1,0,2,1,1,2,0,0,0,3,0,0,0,1,0,1,0,1,0,0,1,1,1,2,1,0,0,1,4,2,1,1,0,5,0,2,1,0,3,0,0,0,2,0,0,1,0,1,0,0,1,1,0,1,0,1,2,0,2,0,2,1,0,4,1,0,4,1,0,1,0,5,0,0,0,2,0,4,1,0,1,1,0,0,0,1,6,0,3,0,4,1,1,1,0,0,0,1,0,0,1,0,6,0,1,1,1,3,3,1,2,0,0,1,2,1,1,5,0,0,3,0,0,1,0,0,3,0,0,0,0,2,1,3,1,0,1,0,4,0,0,0,1,3,0,1,0,2,1,0,2,1,1,3,0,1,2,1,0,0,0,2,1,2,1,4,1,1,3,5,0,5,1,0,1,5,2,1,1,2,1,1,0,0,0,1,3,1,1,0,0,2,2,0,2,1,1,3,2,1,0,1,1,0,1,0,1,1,0,1,1,0,0,0,0,0,0,1,11,1,0,0,0,0,1,0,1,1,1,1,0,0,0,0,1,2,3,0,1,2,1,4,1,0,1,2,2,0,2,0,1,4,4,0,1,0,0,3,1,3,0,4,7,0,0,1,2,1,4,0,2,1,1,0,1,1,0,1,1,2,1,0,1,3,1,0,2,0,0,1,1,0,1,0,1,4,1,0,0,1,1,0,1,0,3,0,3,1,2,1,0,0,1,2,0,0,3,1,1,1,1,4,0,0,0,1,0,0,2,0,1,2,2,1,0,1,1,0,0,0,1,0,3,0,0,3,1,1,0,0,2,0,1,1,0,2,0,14,1,0,0,1,0,1,0,1,1,1,0,0,4,3,1,0,0,0,1,0,1,1,0,0,1,1,0,3,0,0,2,0,0,1,11,1,0,0,0,0,0,0,0,1,0,3,2,0,0,2,0,0,1,1,1,14,1,0,3,0,0,1,5,1,0,1,0,2,3,0,0,0,0,0,0,0,2,0,3,0,1,0,4,0,3,0,0,24,0,1,1,0,1,1,1,2,1,2,0,0,1,3,1,2,0,0,1,1,3,0,0,1,1,0,0,0,0,0,1,1,1,0,0,0,1,2,1,0,0,2,0,1,1,0,0,0,1,2,0,0,0,1,0,2,0,1,0,2,0,0,1,3,1,1,2,0,1,5,0,0,0,1,0,0,2,0,0,0,0,0,0,0,2,1,0,5,0,1,0,2,0,0,2,0,0,0,2,1,0,0,2,3,2,0,1,3,2,0,2,0,1,3,0,0,0,0,0,1,0,0,1,0,1,0,0,0,0,0,1,2,0,2,0,2,1,0,0,1,2,0,0,0,4,1,1,0,3,2,2,2,0,1,0,0,0,0,0,0,5,0,0,2,1,2,1,1,2,0,0,2,1,3,3,2,2,1,1,0,5,0,1,0,0,0,3,1,0,12,3,0,0,1,2,1,0,0,1,1,0,0,0,1,2,0,0,1,0,0,0,4,3,0,1,1,0,0,0,3,0,2,1,1,0,3,0,3,1,2,3,0,0,0,0,1,4,4,0,1,1,0,2,2,0,1,0,1,2,2,0,0,0,0,0,0,1,0,0,0,0,0,1,0,1,0,0,1,0,0,2,0,1,0,1,1,2,0,1,0,0,0,1,2,1,0,2,0,0,1,2,2,0,0,2,4,4,0,0,0,2,0,2,0,3,0,1,4,2,0,0,0,2,1,2,1,0,1,0,0,0,2,1,3,1,0,0,1,2,0,1,2,0,1,1,3,0,0,1,1,10,0,4,0,0,14,1,0,0,0,1,1,0,1,0,3,0,1,3,0,0,0,0,1,0,2,4,3,0,1,0,0,0,0,1,1,1,0,1,0,3,0,1,0,2,0,1,2,2,0,4,1,0,2,1,0,1,1,0,0,0,1,2,0,1,1,0,2,2,0,0,0,0,14,1,0,0,7,2,0,0,0,0,2,2,0,0,1,0,0,1,1,1,0,2,1,0,1,2,14,2,1,0,1,6,2,0,2,0,0,0,0,0,0,0,0,1,0,1,0,2,4,2,0,1,1,0,2,0,0,1,0,3,1,2,0,0,2,3,2,1,0,0,1,2,0,0,0,0,0,1,2,2,2,0,1,2,0,0,0,14,5,1,1,0,0,0,0,0,1,1,1,2,0,1,4,2,0,1,0,2,1,0,1,0,3,1,3,3,2,1,0,0,0,0,1,0,0,0,0,0,5,1,0,1,2,0,5,4,0,1,1,0,0,2,0,1,2,0,0,0,0,1,1,1,1,0,0,0,1,2,1,0,0,0,0,0,0,0,0,2,1,1,1,3,0,3,1,1,0,0,1,0,0,3,1,1,0,0,0,0,0,1,9,0,2,0,2,1,0,0,1,0,1,2,0,1,0,1,0,1,2,2,0,0,0,6,1,7,1,2,0,3,0,2,0,1,0,3,3,0,3,2,2,3,0,3,1,0,0,0,2,2,3,13,6,0,1,1,1,0,2,1,1,3,0,2,0,1,3,0,0,0,0,7,0,0,0,0,2,2,0,3,0,0,0,1,1,1,0,1,0,2,2,0,0,1,0,0,0,2,0,2,0,0,1,1,0,0,0,1,2,0,0,1,0,0,3,1,0,1,0,2,2,0,1,0,2,1,0,0,1,1,0,2,2,0,0,1,4,2,0,0,3,4,0,1,0,1,0,0,0,2,0,1,0,0,0,0,1,0,1,1,5,0,0,1,0,1,0,1,0,0,1,0,0,0,0,0,0,0,2,0,1,1,3,1,2,0,3,0,1,3,1,3,1,2,3,0,0,0
G0S2,0,0,0,0,0,0,0,0,0,0,2,0,0,0,0,0,0,0,0,0,0,0,0,0,0,0,0,0,0,0,0,0,0,0,0,0,0,0,0,0,0,0,0,0,0,0,0,0,0,0,0,0,0,0,0,0,0,0,0,0,0,0,0,0,0,0,0,0,1,0,0,0,0,1,0,0,0,0,0,0,0,0,0,2,0,0,0,0,0,0,0,0,0,0,0,0,0,0,0,0,0,0,0,0,0,0,0,0,0,0,0,0,0,1,0,0,0,0,0,0,0,0,0,0,0,0,0,0,0,0,0,0,0,0,0,0,0,0,1,0,0,0,0,0,0,0,1,0,0,0,0,0,0,0,0,0,0,0,0,0,0,0,0,0,0,0,0,0,0,0,0,0,0,0,0,0,0,0,0,0,0,0,0,0,1,0,0,0,0,0,0,0,0,0,1,0,0,0,0,0,1,0,0,0,0,0,0,0,0,0,0,0,0,0,0,0,0,0,0,0,0,0,0,0,0,0,0,0,0,0,0,0,0,0,0,0,0,0,0,0,0,0,0,1,0,0,0,0,0,0,0,0,0,0,0,0,0,0,0,0,0,0,0,0,0,0,0,0,0,0,0,0,1,0,0,0,0,0,0,0,1,0,0,0,0,0,0,0,0,0,0,0,0,0,0,0,0,0,0,0,0,0,0,0,0,0,0,0,0,0,0,0,0,1,0,0,0,1,0,0,0,0,0,0,0,0,0,0,0,0,0,0,0,0,0,0,0,0,0,0,0,0,0,0,0,0,0,0,0,1,0,0,0,0,0,0,0,0,0,0,0,0,0,0,0,0,0,0,0,0,0,0,0,0,0,0,0,0,0,2,1,0,0,0,0,0,0,0,0,0,0,0,0,0,0,0,0,0,0,0,0,0,0,0,0,0,0,0,0,0,0,0,0,0,0,0,0,0,0,0,0,0,0,0,0,0,0,0,0,0,0,0,0,0,2,0,0,0,0,1,0,0,0,0,0,0,0,0,0,0,0,0,0,0,2,0,0,0,0,0,0,0,0,0,0,0,0,0,1,0,0,0,0,0,0,0,0,0,0,0,0,0,0,0,0,0,0,0,0,0,0,0,0,0,0,0,0,0,0,0,0,0,0,0,0,0,0,0,0,0,0,0,0,0,0,0,0,0,0,0,0,0,0,0,0,0,0,0,1,0,0,0,0,0,0,1,0,0,0,0,0,0,0,0,0,0,0,0,0,0,0,0,0,0,0,1,0,2,0,0,0,0,0,0,0,0,0,0,0,0,0,0,0,0,0,0,0,0,2,0,0,0,0,0,0,0,0,0,0,0,0,0,0,0,0,0,0,0,0,0,0,0,2,0,0,0,0,0,0,0,0,0,0,0,0,0,0,0,0,0,0,0,0,0,0,0,0,0,0,0,0,0,0,0,0,0,0,0,0,0,0,0,0,0,0,0,0,0,0,0,0,0,0,0,0,0,0,0,0,0,0,0,0,0,0,0,0,0,0,0,0,0,0,0,0,0,0,0,0,0,0,0,0,0,0,1,0,0,0,0,0,0,0,0,0,0,0,0,0,1,0,0,0,0,0,0,0,0,0,0,0,0,0,0,0,0,0,0,0,0,0,0,0,0,0,0,0,1,0,0,0,0,0,0,0,0,0,0,0,0,0,0,0,0,0,0,0,0,0,0,0,0,0,0,0,0,0,0,0,0,0,0,0,0,0,0,0,0,0,0,0,0,0,0,0,0,0,0,0,0,0,0,0,0,0,0,0,0,0,0,0,0,0,1,0,0,0,1,0,0,0,0,0,0,0,0,0,0,0,0,0,0,0,1,0,0,0,0,0,0,0,0,0,0,0,0,0,0,0,2,0,0,0,0,0,0,0,0,0,0,0,0,0,0,0,0,0,0,0,0,0,0,1,0,0,0,0,0,0,0,0,0,1,0,0,0,0,0,0,0,0,0,0,0,0,0,0,0,0,0,0,0,0,0,0,0,0,0,0,0,0,0,0,3,0,2,0,0,0,0,0,0,0,0,0,0,0,0,0,0,0,0,0,0,0,0,0,0,0,0,0,0,0,0,0,0,0,0,1,0,0,0,0,0,0,0,0,0,0,0,0,0,0,0,0,0,0,0,0,0,0,0,0,0,0,0,0,0,0,0,0,0,0,0,0,0,0,0,0,0,0,0,0,0,0,0,0,0,0,0,0,0,0,0,0,0,0,0,0,0,0,0,0,0,0,0,0,0,0,0,0,0,0,0,0,0,0,0,0,0,0,0,0,0,0,0,0,0,0,0,0,0,0,0,0,0,0,0,0,0,0,0,0,0,0,0,0,0,0,0,0,0,0,0,0,0,0,0,0,0,0,1,0,0,0,0,0,0,0,0,0,0,1,1,0,0,0,0,0,0,0,0,0,0,0,0,0,0,0,0,0,0,0,1,0,0,0,0,0,0,0,0,0,0,1,0,0,0,0,0,0,0,0,0,0,0,0,0,0,0,0,0,0,0,0,0,0,1,0,0,0,0,0,0,0,0,0,0,0,0,0,0,0,0,0,0,0,0,0,0,0,0,0,0,0,0,0,0,0,0,0,0,0,0,0,0,0,0,0,0,0,0,0,0,0,0,0,0,0,0,0,0,0,0,0,0,1,0,0,0,0,0,0,0,0,0,0,0,1,0,0,0,0,0,0,0,0,0,0,0,0,0,0,0,0,0,0,3,0,1,0,0,0,0,0,0,0,0,0,0,0,0,0,0,0,0,0,0,0,0,0,1,0,0,0,0,0,0,0,0,0,0,0,0,0,0,0,0,0,0,2,0,0,0,0,0,0,0,0,0,0,0,0,0,0,0,0,0,0,0,0,0,0,0,0,0,0,0,5,0,1,0,0,0,0,0,0,0,0,0,0,0,0,0,0,0,0,0,4,0,0,0,0,0,0,0,0,0,0,0,0,0,0,0,0,0,0,0,0,0,0,0,0,0,0,0,0,0,0,1,0,0,0,0,0,0,0,0,0,0,0,0,0,0,0,0,0,0,0,0,0,0,0,0,0,0,0,0,0,0,0,0,0,0,0,0,0,0,0,0,0,0,0,0,0,0,0,0,0,0,0,0,0,0,0,0,0,0,0,0,0,0,0,0,0,0,0,0,0,0,0,2,0,0,0,2,0,0,0,0,0,0,0,0,0,0,0,0,0,0,0,0,0,0,0,0,1,0,0,0,0,0,0,0,0,0,0,0,0,2,0,0,0,0,0,0,0,0,0,0,0,0,0,0,0,1,0,0,0,0,0,0,4,0,0,0,0,0,0,0,0,0,0,0,0,0,0,0,0,0,0,0,0,0,0,0,0,0,0,0,0,0,0,0,0,0,0,0,0,0,0,0,0,0,0,0,0,0,0,0,0,0,0,0,0,0,0,0,0,0,0,0,0,0,0,0,0,0,0,0,0,0,0,0,0,0
REL,0,0,0,0,0,0,3,0,1,0,2,0,0,1,2,1,0,1,0,0,0,0,0,3,0,1,3,0,0,3,0,0,3,0,0,0,0,0,0,0,0,0,0,0,0,1,1,1,0,0,0,0,1,0,1,0,0,0,0,0,0,0,0,0,0,1,0,0,0,0,0,0,0,0,0,0,0,1,0,1,0,1,0,1,0,0,0,1,0,0,1,0,1,0,0,0,0,0,1,4,2,0,2,0,0,0,0,0,0,0,0,0,0,0,0,0,0,1,0,0,0,0,0,0,0,0,0,1,0,0,0,0,0,1,0,0,0,0,0,0,0,0,0,0,2,0,0,0,0,0,0,1,0,0,0,0,1,1,1,0,0,0,1,0,1,0,1,0,1,0,0,0,0,0,0,0,0,0,1,1,0,0,0,0,1,0,0,0,0,0,1,0,0,0,0,1,0,0,0,3,0,0,1,1,1,0,0,0,3,0,0,0,1,0,0,0,1,1,0,0,0,1,0,0,0,0,0,0,0,0,0,0,0,1,0,0,0,1,0,0,0,0,1,1,0,1,0,0,0,2,0,0,0,1,1,0,0,0,4,0,0,0,0,0,1,0,0,0,0,0,0,1,0,1,0,0,0,1,0,0,0,1,0,0,0,0,0,0,0,0,0,0,1,0,0,0,0,0,2,0,1,0,0,0,0,0,0,0,1,0,0,0,0,0,1,2,0,0,1,1,1,0,1,1,0,0,0,1,0,0,0,1,0,0,0,0,0,0,0,0,0,0,0,0,1,0,0,0,0,1,0,0,2,0,0,0,1,0,0,0,0,3,1,0,0,0,2,0,0,0,0,0,0,0,0,2,2,0,0,1,0,0,0,0,0,0,0,1,0,0,0,2,1,0,0,0,0,0,0,2,0,0,0,0,0,1,0,1,1,1,0,0,1,1,0,1,0,1,0,1,0,1,0,1,0,0,0,1,0,0,0,0,0,0,0,0,0,0,0,0,0,0,3,0,0,1,0,0,1,0,0,1,1,0,1,0,0,0,0,1,0,0,0,0,0,0,0,0,0,0,0,0,0,0,0,0,3,0,0,0,0,0,0,0,1,0,0,0,0,1,0,0,0,1,0,0,1,0,0,0,0,0,0,0,0,1,0,1,0,0,0,0,0,1,0,1,0,0,1,2,0,0,1,1,0,0,0,2,1,0,1,2,1,1,0,1,0,0,1,0,0,0,0,0,0,1,0,0,2,0,0,0,0,0,0,0,1,1,0,0,2,0,0,0,0,0,0,0,0,0,0,0,0,0,0,1,0,0,0,0,1,0,1,1,0,0,0,0,3,0,1,3,0,0,0,1,1,1,1,2,0,0,0,0,0,2,0,0,0,0,0,0,0,0,0,0,0,1,0,0,0,1,0,0,0,0,0,0,0,1,1,0,1,0,0,0,0,0,0,0,0,0,0,0,0,2,0,0,1,0,0,0,0,0,1,0,0,0,2,1,2,0,0,1,0,0,0,0,0,0,0,0,1,1,0,0,0,0,0,0,1,1,1,0,2,1,0,0,0,0,0,0,0,0,0,0,0,0,0,1,0,1,0,1,1,1,0,0,0,3,1,0,0,0,0,0,0,0,0,0,0,0,0,0,1,0,2,0,1,0,0,0,1,0,0,0,1,0,0,2,0,0,1,0,0,1,0,0,1,0,0,1,0,0,1,0,0,2,0,0,0,0,2,0,0,2,0,0,0,0,0,0,0,0,1,0,0,0,0,0,1,0,0,0,0,0,0,0,0,0,0,0,0,1,0,0,0,0,0,0,0,0,0,0,0,0,0,1,0,0,0,0,0,1,0,0,0,0,0,0,2,0,2,1,0,0,0,0,0,0,0,1,0,0,0,0,1,0,0,1,1,0,1,0,0,0,0,0,0,0,0,0,0,1,0,1,0,0,0,3,0,1,0,0,0,0,0,0,0,1,1,0,0,0,0,0,0,0,0,1,0,0,1,2,3,0,0,1,1,3,0,0,0,0,0,0,1,0,0,0,2,0,0,0,0,0,1,0,3,0,0,0,0,2,0,0,0,0,2,0,0,3,0,1,1,0,0,0,1,1,0,0,0,0,0,0,0,0,0,0,0,0,0,0,0,0,0,0,2,0,0,0,1,0,0,0,1,0,0,0,0,0,0,0,1,0,0,0,1,0,0,1,1,0,0,1,0,0,0,0,0,1,0,0,0,0,0,0,0,0,1,0,0,0,0,1,0,0,1,0,1,0,0,0,0,0,0,0,0,0,0,0,0,0,0,0,0,2,0,0,0,0,0,1,0,1,0,0,0,0,2,0,0,0,0,2,1,0,0,1,0,0,0,0,0,0,1,0,0,0,0,0,1,0,0,0,0,0,1,0,0,0,0,0,1,1,0,0,0,1,0,0,0,1,0,0,0,0,0,0,2,0,0,0,0,0,0,0,2,1,0,1,0,0,0,0,0,0,0,0,0,0,2,0,0,0,0,0,5,1,0,0,0,0,0,0,0,0,0,0,0,0,1,0,2,0,0,0,0,0,0,0,0,1,1,0,0,2,0,0,0,0,1,0,0,0,0,0,0,0,0,1,0,3,0,0,1,3,0,0,0,0,0,1,0,0,0,0,0,0,1,0,0,2,0,0,0,0,0,0,0,0,1,0,0,0,0,0,1,0,0,0,0,0,0,0,1,0,1,0,0,0,0,0,0,0,0,0,0,1,1,0,2,0,2,0,0,0,0,0,0,0,0,0,1,1,0,0,0,1,0,0,0,1,0,0,0,0,0,0,0,1,0,0,0,0,1,0,0,0,1,0,0,0,0,0,2,0,0,0,0,0,0,0,0,3,0,0,0,0,0,0,0,0,0,0,0,0,0,1,0,0,1,0,0,1,1,0,0,1,1,1,0,0,0,1,0,0,0,0,0,4,0,0,0,0,0,0,0,0,0,0,0,0,0,0,0,1,1,0,0,0,0,0,0,0,0,0,0,0,0,0,0,0,1,0,0,1,0,0,0,1,0,0,0,0,0,0,0,1,0,0,0,0,0,0,1,0,0,0,0,2,0,0,0,0,0,1,0,2,0,0,0,0,2,0,0,0,0,1,1,0,0,0,0,0,1,0,0,1,2,0,0,0,0,0,0,1,2,2,0,0,0,0,0,1,1,0,1,0,0,0,0,0,0,0,0,2,1,0,0,0,0,0,0,0,0,0,0,0,0,0,0,0,0,0,0,0,0,1,0,0,0,0,0,0,0,0,0,0,0,0,0,0,0,0,0,0,0,0,0,0,0,0,0,1,0,0,1,0,0,0,0,1,1,0,0,0,0,0,0,0,0,1,0,0,0,0,0,0,0,0,0,1,0,0,0,0,2,0,1,0,1,0,0,0,0,0,0,0,0,0,0,0,0,3,0,0,1,0,0,1,0,0,0,0,0,0,1,0,0,0,1,1,0,0
TCF4,0,0,0,0,0,0,0,0,1,0,1,0,0,0,0,0,0,0,0,0,0,0,0,0,0,0,0,0,0,0,0,0,0,3,0,0,0,0,0,0,1,0,0,0,0,1,0,0,0,0,0,0,0,0,0,0,0,0,0,0,0,0,0,1,0,0,0,0,0,1,0,0,0,0,0,0,0,0,0,1,0,0,0,0,0,0,0,1,0,0,2,0,0,0,0,0,0,1,0,0,0,0,0,0,0,0,0,0,0,0,0,0,0,0,0,0,0,0,0,1,0,0,0,0,0,0,0,0,0,0,0,0,0,0,0,0,1,0,0,0,0,0,0,0,1,0,0,0,0,0,0,0,0,0,0,0,0,0,0,0,0,0,0,0,0,0,0,0,0,0,0,0,0,0,0,0,0,0,0,1,0,0,1,0,0,0,0,0,0,0,0,0,0,0,0,0,0,0,0,0,0,0,1,0,0,0,0,0,1,0,0,0,0,0,0,0,0,0,3,0,0,0,3,1,0,0,0,0,0,0,0,0,0,0,0,0,0,0,0,0,0,0,1,0,0,0,0,0,0,0,0,0,0,0,2,0,0,0,0,0,0,0,0,0,0,0,0,0,0,0,0,0,0,1,0,0,0,0,0,0,0,0,0,0,0,0,0,0,0,0,0,0,0,0,0,0,0,0,0,0,0,0,0,0,0,0,0,0,0,1,0,0,0,0,0,0,0,0,1,0,0,0,0,0,0,0,0,0,0,0,0,1,0,0,0,0,0,0,0,0,2,0,0,0,0,0,0,0,0,1,0,0,0,0,0,0,0,0,0,0,0,0,0,0,0,0,0,0,0,0,0,0,0,0,0,0,0,0,0,0,0,0,0,0,0,0,0,0,0,0,0,0,0,0,0,0,1,0,0,0,0,0,0,0,0,0,0,0,0,0,0,0,0,0,0,0,0,2,0,0,0,0,0,0,0,0,0,0,0,0,0,0,0,0,0,0,0,0,0,1,0,0,0,0,0,0,0,0,0,0,0,0,0,0,0,0,0,0,0,0,1,0,0,0,1,1,0,0,0,0,0,0,0,0,0,0,0,1,0,0,0,0,0,0,0,0,0,0,0,1,0,0,1,0,0,0,0,0,0,0,0,0,0,0,0,0,0,0,0,0,0,0,0,0,0,0,0,0,0,0,0,0,0,0,0,0,0,0,1,0,0,1,0,0,0,1,0,0,0,0,2,0,0,0,0,0,0,0,1,0,0,2,0,0,0,0,0,0,0,0,0,0,0,0,0,0,0,0,0,0,0,0,0,0,0,0,0,0,0,0,0,0,0,0,0,0,0,0,0,0,0,0,0,0,0,1,0,0,0,0,0,0,0,0,0,1,0,0,0,0,1,0,0,0,0,0,0,0,0,0,0,0,0,0,0,0,0,0,0,0,0,0,0,0,0,0,0,0,0,0,0,0,0,0,0,0,4,0,0,1,0,0,0,0,0,0,0,0,0,0,1,0,2,0,0,0,0,0,0,0,0,0,0,0,0,0,0,0,0,0,0,0,0,0,0,0,0,0,0,0,0,0,0,0,0,0,0,0,1,0,0,0,2,0,0,0,0,0,0,0,0,0,1,0,0,0,0,0,0,0,0,0,0,0,0,0,0,0,0,0,0,0,0,0,5,0,0,1,0,0,0,0,0,0,0,0,0,0,0,0,0,0,0,0,0,0,0,0,0,0,0,0,0,0,0,0,0,0,0,0,0,0,0,1,0,0,0,0,0,0,0,0,0,0,0,0,0,0,0,0,0,0,0,0,0,0,0,0,0,0,0,0,0,0,0,0,0,0,0,0,0,0,0,0,0,0,0,0,0,0,0,0,0,0,0,0,0,1,0,0,0,0,0,0,0,0,0,0,0,1,0,1,0,0,0,1,0,0,0,0,0,0,0,0,0,0,0,0,0,0,0,0,0,0,0,0,0,0,0,0,1,0,0,0,0,0,0,0,0,0,0,0,0,0,0,0,1,0,0,1,0,0,0,0,0,0,0,0,0,0,0,0,0,0,0,0,1,0,0,0,0,0,0,0,0,0,0,0,0,0,0,0,0,0,3,0,0,0,0,0,0,0,0,0,0,0,0,0,0,0,0,0,0,0,2,0,0,0,0,0,0,0,0,0,0,0,1,0,0,0,0,0,0,0,0,0,0,0,2,0,0,0,0,0,0,0,0,0,0,0,0,0,0,0,0,0,0,0,0,0,0,0,0,0,0,0,0,0,0,0,0,0,0,0,0,0,0,0,0,0,0,0,0,0,0,0,1,0,0,0,0,0,0,0,0,0,0,0,0,0,1,0,1,0,0,0,0,0,0,0,0,0,0,0,0,1,0,0,0,0,0,0,0,0,0,1,0,0,0,0,0,0,0,1,0,0,0,0,0,0,0,0,0,0,0,5,0,1,0,0,15,0,0,0,0,0,0,0,2,1,0,0,0,0,0,0,0,0,0,0,0,0,0,0,0,0,0,0,1,0,0,0,0,0,0,0,0,1,0,0,0,0,0,0,0,0,0,0,0,1,0,0,0,0,0,0,0,1,0,0,0,0,0,1,0,0,0,0,5,0,0,0,2,0,0,0,0,0,0,0,0,0,0,1,0,0,0,0,0,0,1,0,0,1,3,1,0,0,0,0,0,0,0,0,0,0,0,0,0,0,0,0,0,0,0,0,0,0,0,0,0,0,0,0,0,0,0,0,0,0,1,0,0,0,0,0,0,0,0,0,0,0,0,0,0,1,0,0,0,0,0,0,0,0,0,9,0,0,0,0,0,0,0,0,0,0,0,1,0,0,0,0,0,0,1,0,0,0,0,0,0,0,0,0,0,0,0,0,0,0,0,1,0,0,0,0,0,0,0,0,0,0,0,0,0,0,0,0,1,1,0,0,0,0,0,2,0,0,0,0,0,0,0,0,1,0,0,0,0,0,0,0,0,0,0,0,0,0,0,0,0,0,0,0,0,0,0,0,0,0,0,0,0,0,0,0,0,0,0,1,0,0,0,0,0,0,0,0,0,0,0,0,0,0,0,0,2,0,0,0,0,0,0,0,0,0,0,0,0,0,0,0,0,0,0,0,2,0,0,0,0,1,0,0,0,1,0,1,0,2,0,0,0,0,0,0,0,0,1,1,0,0,0,0,0,0,0,0,1,2,0,0,0,0,0,0,0,1,0,0,0,0,0,0,0,0,0,0,0,0,0,0,0,0,0,0,0,0,0,0,0,0,0,0,0,0,0,0,0,0,0,0,0,0,0,0,0,1,0,0,0,0,0,0,0,0,0,0,0,0,1,0,0,0,0,0,0,0,0,0,0,0,0,0,0,0,0,0,0,0,0,0,0,0,0,0,0,3,0,0,0,0,0,0,0,0,0,0,0,0,0,0,0,0,0,0,0,0,0,0,0,0,0,0,0,0,0,0,0,0,0,0,0,0,0,0
ARPC5L,0,2,1,1,0,0,0,0,0,0,1,0,0,0,0,0,0,0,0,1,0,1,0,0,0,0,0,0,1,0,0,0,0,0,1,2,0,1,1,0,0,0,0,0,0,0,0,0,1,0,3,0,0,1,0,1,0,0,0,0,0,0,0,0,0,1,0,0,0,1,0,2,0,0,0,0,0,1,0,0,0,0,0,0,1,0,0,2,0,0,1,2,0,1,0,0,0,0,0,1,0,0,0,0,1,0,1,1,0,0,1,1,0,0,0,0,0,0,1,0,0,0,1,0,2,0,0,1,0,0,0,0,0,0,0,0,0,0,0,0,1,1,0,2,2,0,0,0,3,1,1,0,0,0,0,0,0,1,0,0,0,0,0,0,0,0,0,0,0,1,0,2,1,0,0,0,0,0,0,1,0,0,0,0,0,2,0,0,0,0,1,0,0,0,0,0,0,0,0,0,0,1,0,0,0,1,0,0,1,1,0,1,1,1,2,0,0,0,2,0,0,1,0,0,3,0,0,0,0,0,0,0,0,0,0,1,2,0,1,0,0,0,0,0,1,0,1,0,0,0,0,0,0,1,0,0,0,0,0,0,0,0,0,0,0,0,0,0,0,1,1,0,0,0,0,0,1,0,1,0,0,0,2,0,0,0,0,0,1,0,0,0,0,1,0,0,0,0,0,1,0,0,0,0,0,0,0,0,0,1,0,0,0,1,0,0,0,0,0,0,0,2,0,0,1,0,0,0,0,0,1,0,0,0,0,0,0,0,0,0,0,0,1,0,1,1,0,0,1,1,0,1,1,0,0,0,0,1,0,0,2,0,0,1,3,0,0,0,0,0,1,0,1,0,0,0,0,0,0,2,0,0,0,0,0,0,0,0,0,0,0,0,0,1,0,0,1,0,1,0,0,0,1,0,0,1,2,0,1,2,0,0,0,1,0,1,0,0,0,3,0,1,2,0,0,0,2,0,1,1,0,0,0,1,0,0,0,0,0,0,1,1,0,0,0,1,0,0,0,0,0,0,0,0,2,0,0,1,0,0,1,0,0,0,0,0,0,0,0,0,0,0,1,0,2,0,0,1,0,0,0,1,0,2,0,0,2,0,0,0,0,0,0,0,0,0,0,0,0,3,0,0,0,0,0,0,1,2,0,0,0,0,0,0,0,1,0,0,1,0,0,1,0,0,0,0,2,0,1,0,0,0,0,0,1,1,2,0,0,0,1,0,0,1,0,0,0,0,0,0,1,1,0,0,0,0,0,0,0,0,0,0,0,1,0,0,0,0,0,0,0,1,1,1,0,1,1,0,0,0,0,0,0,0,0,0,0,0,0,0,0,0,1,0,0,0,0,0,0,0,0,0,0,1,1,0,0,1,0,0,0,0,0,0,0,0,0,0,1,0,1,0,0,0,2,2,0,1,0,0,0,1,0,2,0,0,1,0,0,0,0,0,0,0,1,0,0,0,0,0,1,3,0,0,0,0,0,0,0,0,0,0,0,2,0,0,0,0,1,0,0,0,0,0,3,0,0,0,0,0,0,2,0,0,0,0,0,0,0,0,0,0,0,0,0,0,0,0,0,1,0,0,0,2,0,0,0,0,0,2,2,1,1,0,0,0,2,0,0,0,0,0,2,1,0,0,2,0,0,2,0,0,0,0,1,0,0,2,0,0,0,0,0,0,0,0,0,0,0,0,1,0,0,1,0,0,0,0,1,0,0,0,2,1,0,0,1,0,1,1,0,1,1,0,0,0,0,0,0,0,0,0,0,1,0,0,0,0,0,0,1,0,0,0,0,1,0,0,0,0,0,0,0,0,0,0,0,0,0,0,0,0,0,1,0,0,0,0,1,0,1,0,0,0,0,1,1,0,0,0,0,2,0,0,0,0,0,0,0,2,1,0,2,0,0,2,1,1,2,0,0,1,0,0,0,0,0,0,1,0,0,0,0,0,0,2,0,0,1,0,1,0,0,0,0,0,0,0,0,0,0,0,0,0,0,0,1,0,1,1,0,0,2,0,0,0,1,0,1,0,0,0,0,1,0,0,0,0,0,0,0,2,0,2,0,0,0,0,0,0,0,0,0,1,1,0,0,0,0,0,0,2,0,1,1,1,0,1,0,1,0,0,2,2,0,0,2,0,0,2,0,0,0,0,1,0,1,0,0,0,0,0,0,2,2,1,0,0,1,0,0,0,0,1,0,0,0,0,0,0,1,1,0,0,2,0,0,0,0,0,0,0,0,1,0,0,0,1,1,0,0,0,0,1,0,0,0,0,0,0,0,3,0,0,0,0,0,0,0,1,0,0,0,0,1,1,0,0,0,0,1,2,0,0,1,0,0,0,0,0,0,3,2,1,0,0,0,2,0,1,1,0,0,1,0,0,0,0,0,0,3,0,0,0,0,1,0,0,0,0,0,1,2,0,0,0,0,0,0,0,1,0,0,0,0,0,0,0,0,0,0,0,0,0,0,0,0,0,0,0,1,0,0,0,0,0,1,0,0,0,1,0,1,0,0,0,0,0,1,1,0,0,0,0,0,1,3,0,0,1,0,0,1,1,1,1,0,0,0,0,1,0,0,2,0,0,0,0,0,2,0,2,0,0,0,0,0,1,0,0,1,0,0,0,1,0,0,0,0,1,2,0,0,0,0,2,0,0,0,1,0,0,0,0,0,1,1,0,0,0,0,1,0,0,0,0,0,3,0,0,0,0,0,0,0,1,0,1,0,0,0,0,0,0,0,2,0,0,0,1,0,1,0,0,0,2,0,0,0,0,0,0,0,0,1,0,0,0,0,0,0,1,0,0,0,0,0,0,2,0,0,1,0,0,0,0,0,0,0,2,0,0,0,0,4,0,0,2,0,1,2,0,0,0,2,0,0,1,1,0,0,0,0,3,1,0,0,0,0,0,0,0,0,0,0,1,0,0,0,0,0,0,0,0,0,1,0,1,0,1,0,1,0,0,1,0,0,0,3,0,0,0,0,1,0,0,1,1,0,0,0,0,0,0,0,0,0,1,1,0,0,1,0,0,0,0,0,0,0,0,1,3,0,0,0,0,1,3,0,0,0,1,1,0,0,0,0,0,0,2,0,0,0,0,0,0,1,0,1,0,1,0,0,0,0,0,0,1,0,1,0,0,0,0,0,0,1,0,1,2,0,0,0,0,1,0,0,0,0,0,0,0,0,0,0,0,0,0,0,0,0,0,1,0,1,0,0,0,0,0,0,0,1,0,0,0,1,0,0,0,1,0,0,0,0,0,0,0,0,0,0,0,0,2,1,0,1,0,0,0,0,0,0,0,0,0,0,0,0,2,0,0,0,0,1,0,0,1,0,0,0,0,1,0,0,0,1,0,0,1,1,0,0,2,0,1,0,0,0,0,0,0,0,2,0,0,0,0,0,0,0,0,0,0,0,0,1,0,0,0,1,0,0,0,0,0,0,0,1,0,0,0,0,0,0,0
BLK,0,0,0,0,0,1,0,0,0,0,0,0,0,0,0,0,0,0,0,0,0,0,0,0,0,0,0,0,0,2,0,0,2,0,0,0,0,0,0,0,0,0,0,0,0,0,2,0,0,0,0,0,0,0,0,0,0,0,0,0,0,0,0,0,0,0,0,0,0,0,0,0,0,0,0,0,0,0,0,0,0,0,0,0,0,0,0,0,0,0,0,0,0,0,0,0,0,1,0,6,0,0,0,0,0,0,0,0,0,0,0,0,0,0,0,0,0,0,0,0,0,0,0,0,0,0,0,1,0,0,0,0,0,3,0,0,0,0,0,0,0,1,0,0,0,0,0,0,0,0,0,0,0,0,0,0,0,0,0,0,0,0,0,0,0,0,0,0,0,0,0,0,0,0,0,0,0,0,0,0,0,0,0,0,0,0,0,0,0,0,0,0,0,0,0,2,0,0,0,2,0,0,0,0,0,0,3,0,2,0,1,0,0,0,0,0,0,0,0,0,0,0,1,0,0,1,0,0,0,0,0,0,0,0,0,0,0,1,0,0,0,0,0,0,2,1,0,0,0,0,0,0,0,0,1,0,0,0,0,0,0,0,0,0,0,0,0,0,0,0,0,0,0,0,0,0,0,0,0,0,0,0,0,0,0,0,0,1,0,0,0,0,0,0,0,0,1,0,0,0,0,0,0,0,0,0,0,0,0,0,0,0,0,0,0,1,0,0,0,0,0,0,0,0,0,0,0,1,2,0,0,0,0,1,0,0,0,0,0,0,0,0,0,0,0,0,0,0,0,0,0,0,0,0,0,0,0,0,0,0,0,2,2,0,0,0,0,0,0,0,0,0,0,0,0,0,0,0,0,0,0,0,0,0,0,0,0,1,0,0,0,0,0,0,0,0,2,0,0,0,0,0,0,0,0,0,0,0,0,1,0,0,0,0,0,0,0,1,0,0,0,0,0,0,0,0,0,0,0,0,1,0,2,0,0,0,0,0,0,0,0,0,0,0,0,0,0,0,0,0,0,0,0,0,0,0,0,0,0,4,0,0,0,0,0,1,0,0,0,0,0,0,0,0,0,0,0,0,1,0,0,0,0,0,0,0,0,0,0,0,0,0,0,1,0,0,0,0,1,0,0,0,0,0,0,0,0,0,0,0,0,0,0,0,0,0,0,0,0,0,0,1,0,0,0,0,0,3,0,0,0,1,0,0,0,0,0,0,0,0,0,0,0,0,0,0,0,0,0,0,0,0,0,0,0,0,0,0,0,0,4,0,1,0,0,0,0,1,0,0,0,0,0,0,0,0,0,0,0,0,0,0,0,0,0,0,1,0,0,0,0,0,0,0,0,0,0,1,0,0,0,0,0,0,0,0,0,0,0,0,1,1,1,0,0,0,0,1,0,0,0,0,0,0,0,0,0,0,0,0,0,0,0,0,0,0,0,0,0,0,0,0,0,0,0,1,0,0,0,0,0,0,0,0,0,0,0,0,2,0,0,0,0,0,0,0,0,0,0,0,0,0,0,0,0,0,0,0,0,0,0,0,0,0,0,0,0,0,0,0,0,0,0,0,0,0,0,0,1,0,0,0,0,0,0,0,0,0,0,0,0,0,0,0,0,0,0,0,0,0,0,0,0,0,0,0,0,0,0,0,0,0,0,0,0,1,0,0,0,0,0,0,0,0,0,0,0,0,0,0,0,0,0,0,1,0,0,0,0,0,0,0,0,0,0,0,0,0,0,0,0,0,0,0,0,0,0,0,0,0,0,0,0,0,0,0,0,0,0,0,0,0,0,0,0,0,0,0,0,0,0,0,0,0,0,0,0,1,0,0,0,0,0,0,0,0,0,0,0,0,0,1,0,1,0,0,0,1,0,0,0,0,0,0,0,0,0,0,0,0,0,0,0,0,0,1,0,0,0,0,0,0,0,0,0,0,0,0,0,0,0,0,0,0,0,0,0,0,0,0,1,0,0,0,0,0,0,0,0,0,0,0,0,0,0,0,1,0,0,2,0,0,0,0,0,0,0,0,0,0,1,0,0,0,0,0,0,2,0,0,0,0,0,0,0,0,0,0,0,1,0,0,0,0,0,0,0,0,0,0,0,0,0,0,0,0,0,0,0,0,2,0,0,0,0,0,0,0,0,0,0,0,0,0,1,0,1,0,0,0,0,0,0,0,0,0,0,0,1,0,0,0,0,0,0,1,0,0,0,0,0,0,0,0,0,0,0,0,0,0,1,0,0,0,0,0,0,0,0,0,0,0,0,0,0,0,0,0,0,0,0,0,0,0,0,0,0,0,0,0,0,0,0,0,0,0,0,0,0,0,0,0,0,0,0,0,0,0,0,0,0,0,0,0,0,0,0,0,0,0,0,0,0,0,0,0,0,0,0,0,0,0,0,0,0,0,0,0,0,0,0,0,0,0,0,0,0,1,0,0,1,0,0,0,0,0,0,1,3,0,0,0,0,0,0,0,0,0,0,0,0,0,0,0,0,0,0,0,0,0,0,0,0,0,0,0,0,0,0,0,0,0,0,0,1,0,0,0,0,0,0,0,0,0,0,0,0,0,0,0,0,0,0,0,0,0,0,0,0,0,0,0,0,0,2,0,0,1,0,0,0,0,0,0,0,0,0,0,0,0,0,0,0,0,0,0,0,0,0,0,0,0,0,0,0,0,0,0,0,0,0,0,0,0,0,0,0,0,0,0,0,0,0,0,0,0,1,0,0,0,0,0,0,0,0,0,0,0,0,0,0,0,0,0,1,0,0,0,0,0,0,0,0,0,0,0,0,0,0,0,0,0,0,0,0,0,0,0,0,0,0,0,0,0,0,0,0,0,0,0,0,0,0,0,0,0,0,0,0,0,0,0,0,0,0,0,0,0,0,0,0,0,0,0,0,0,0,0,0,0,0,0,0,0,0,1,0,0,0,0,0,0,0,0,0,1,0,0,0,0,0,0,0,0,0,0,0,0,0,0,0,0,0,0,1,0,0,0,0,0,0,0,0,3,0,0,0,0,0,1,0,0,0,0,0,0,0,0,0,0,0,0,0,0,0,0,0,0,0,0,0,0,0,0,0,0,0,0,0,0,0,0,0,0,0,0,0,0,0,0,0,0,0,0,0,1,2,0,0,0,0,0,0,0,0,0,0,0,0,0,0,0,0,0,0,0,0,0,0,0,0,0,0,0,0,0,0,0,0,0,0,0,0,0,0,0,0,0,0,0,0,0,2,0,0,0,0,0,0,0,0,0,0,0,0,0,0,0,0,0,0,0,0,0,0,0,0,1,0,0,0,0,0,0,0,0,0,0,0,0,0,0,1,0,0,0,0,0,0,0,0,0,0,0,0,0,0,0,0,0,0,0,0,0,0,0,0,1,0,0,0,0,0,0,0,0,0,1,0,0,0,0,0,0,0,0,0,0,0,0,0,0,0,0,0,0,0,0,0,0,0,0,0,0,0,0
RCAN3,0,0,0,0,0,0,0,2,0,0,0,2,0,0,1,1,0,0,0,0,1,1,0,0,1,0,1,1,1,1,1,1,1,0,0,0,1,1,0,0,0,0,0,2,0,0,0,0,1,0,1,2,0,0,0,0,0,1,1,0,1,0,0,0,0,1,0,0,0,0,0,0,0,0,0,0,0,0,0,2,0,0,0,0,0,0,1,0,0,1,0,0,1,0,1,0,0,0,0,0,0,1,0,1,0,0,0,0,0,2,1,1,0,0,1,1,0,2,0,0,0,0,1,0,2,0,0,0,0,0,2,1,1,0,0,0,0,3,0,0,0,0,0,0,1,0,1,0,2,0,0,0,0,2,0,1,0,1,0,0,1,0,0,0,1,1,0,1,0,0,2,0,0,1,0,0,0,1,0,0,2,0,0,0,0,0,1,0,0,0,0,0,1,0,0,0,1,0,0,1,0,0,0,0,1,0,0,0,0,3,0,0,0,0,0,0,1,0,0,0,0,0,0,0,2,0,0,0,0,0,0,0,0,0,0,1,0,0,0,0,0,0,0,0,0,0,1,0,0,0,2,0,0,0,0,0,0,0,0,0,0,0,0,0,0,2,0,0,2,0,0,0,0,0,0,0,0,1,0,0,0,0,2,1,2,0,0,0,0,0,1,1,0,0,0,1,0,0,0,0,0,0,0,0,0,0,0,0,0,0,0,0,1,0,1,0,0,0,0,1,0,0,0,0,0,0,1,2,0,0,0,2,1,0,0,1,0,0,2,0,0,1,0,0,0,0,1,0,1,0,0,0,0,2,0,0,0,3,1,0,0,0,0,0,0,0,0,0,1,0,0,0,0,0,0,1,0,1,0,0,0,0,1,0,1,0,0,0,2,0,0,0,1,0,0,0,0,2,0,0,0,3,1,1,0,0,0,0,0,0,0,0,0,0,2,1,1,0,0,3,0,0,1,1,0,1,0,0,0,0,0,0,1,0,0,0,0,0,0,0,0,1,0,1,1,0,0,0,0,0,0,0,0,0,0,1,0,0,0,0,0,0,0,0,0,0,0,0,0,0,0,0,0,0,0,0,0,0,0,0,0,3,0,1,0,0,0,2,0,0,1,0,0,0,0,0,2,1,0,0,0,0,1,0,0,0,0,0,0,1,0,0,0,0,0,1,0,0,0,0,1,0,2,1,0,0,0,0,0,0,0,2,0,1,1,0,0,0,0,1,0,0,0,0,0,2,0,0,0,0,0,0,0,0,0,0,1,0,1,0,0,0,0,1,1,0,0,2,0,0,2,0,1,0,1,1,1,0,0,0,0,0,0,0,1,0,0,0,0,0,0,0,0,0,3,0,1,0,0,1,0,0,0,0,2,1,0,0,0,0,0,0,0,1,1,2,1,0,0,0,0,1,2,0,0,0,0,0,0,0,0,0,0,0,0,0,0,2,1,0,0,0,2,0,0,0,0,1,0,0,1,0,0,0,0,0,0,0,0,0,0,0,0,0,0,0,0,1,1,1,0,1,0,0,0,0,0,0,0,0,0,0,1,0,0,0,0,2,0,1,0,0,0,0,0,0,0,0,0,0,0,1,0,0,0,0,2,0,0,0,0,1,0,0,0,0,0,0,1,0,0,0,0,1,0,0,0,0,0,0,0,0,0,0,1,0,0,0,0,0,0,1,0,0,0,0,0,0,1,0,0,0,0,0,0,1,0,0,0,1,0,0,0,1,1,0,3,0,1,0,0,0,1,0,0,0,0,1,0,1,0,1,0,0,0,0,0,0,0,0,0,1,1,0,0,0,0,0,0,1,0,0,0,1,0,0,1,0,1,1,1,0,0,0,0,0,0,0,0,0,0,0,0,0,0,1,1,0,1,0,0,0,0,0,0,1,0,0,0,0,0,0,2,0,0,0,0,0,0,0,1,0,0,0,0,0,0,0,1,0,0,1,1,1,0,0,0,0,0,0,0,0,0,0,2,0,0,0,0,0,0,0,0,1,0,0,0,1,1,0,2,0,0,0,0,0,0,1,0,0,0,0,1,0,1,0,0,0,0,0,0,0,3,1,0,2,2,1,0,0,0,0,0,0,0,0,1,0,0,1,0,0,1,0,0,0,0,0,0,0,0,1,0,0,0,2,0,0,0,0,0,0,0,0,0,0,0,0,0,0,2,0,0,0,0,0,0,0,0,0,1,0,1,0,0,0,1,1,0,0,0,0,2,1,2,0,0,1,0,1,0,0,0,0,0,0,1,0,0,0,0,1,1,0,4,0,1,0,0,2,1,0,0,1,0,1,0,0,0,0,0,0,1,0,0,0,2,0,0,1,1,0,0,1,2,0,0,0,0,1,0,0,0,0,0,0,1,2,0,0,1,0,0,0,1,0,0,2,1,1,1,0,0,0,0,0,0,1,0,0,0,2,0,0,0,0,2,0,0,0,0,0,0,1,0,0,0,0,0,0,0,0,0,1,1,1,0,0,0,0,1,0,0,0,0,0,0,0,0,1,1,2,0,1,0,0,0,0,0,0,0,0,0,0,0,2,0,0,0,0,0,0,0,0,0,0,0,0,0,1,0,1,0,0,2,0,0,0,0,0,1,0,0,0,0,0,1,0,0,0,2,0,0,0,0,1,0,0,0,0,0,1,0,0,0,0,0,2,1,0,1,0,0,0,1,0,1,1,0,0,0,1,0,1,0,0,0,0,0,0,0,1,1,0,0,0,0,0,0,0,0,2,0,0,1,1,0,0,0,0,0,0,1,2,0,0,0,0,0,0,0,0,0,0,1,0,0,0,1,1,1,1,0,1,0,0,0,0,0,0,0,3,0,0,0,0,0,0,0,0,2,1,1,0,0,0,0,0,1,0,0,0,0,0,0,1,0,0,0,0,0,0,0,0,1,0,0,1,0,2,0,1,0,0,0,0,0,0,0,1,0,0,0,0,0,1,0,0,0,0,0,0,0,0,1,1,0,0,0,0,0,0,0,0,1,1,0,0,1,0,0,0,0,0,0,1,0,0,0,0,0,0,0,0,1,0,0,0,0,0,0,2,0,2,0,1,0,0,0,0,0,0,0,0,0,0,0,0,0,1,0,0,0,0,0,2,0,1,1,0,0,3,0,1,2,0,0,0,2,0,0,0,0,0,1,0,0,0,0,1,0,0,0,1,0,0,0,1,0,0,1,0,0,1,0,0,0,1,1,0,0,0,0,0,1,0,2,1,1,0,1,1,0,2,1,0,0,0,1,0,0,1,0,0,0,0,1,0,0,0,0,0,1,0,0,0,0,0,0,0,0,0,0,2,0,0,0,0,2,2,0,2,0,0,1,1,1,1,0,1,1,0,0,0,0,0,0,0,0,0,0,0,0,0,0,0,0,1,0,3,0,0,0,0,0,0,0,0,0,0,1,0,0,0,1,0,2,1,1,1,0,0,0,0,0,0,0,0,0,0,0,1,0,0,1,0
TPI1,1,0,1,2,2,8,1,1,0,2,3,0,1,2,3,4,0,1,2,0,0,1,0,1,0,1,0,0,0,2,0,1,2,1,2,1,1,0,1,0,0,2,2,1,0,0,0,0,0,1,0,1,0,1,2,1,1,0,1,0,4,0,1,0,2,0,0,2,2,0,0,1,1,2,0,0,1,2,2,1,1,1,0,3,1,0,0,1,1,1,0,1,2,1,0,2,0,0,1,4,0,2,1,0,1,0,0,1,2,0,4,2,1,3,0,1,2,0,2,1,0,2,3,0,0,2,0,1,4,0,0,1,0,0,0,0,1,0,2,1,2,0,0,4,4,1,1,3,0,1,1,0,0,2,1,1,2,1,1,2,0,1,6,2,1,0,2,1,2,7,0,1,3,0,3,0,1,1,2,0,0,0,1,0,1,1,0,2,4,3,4,4,1,2,2,2,2,1,2,2,1,1,0,0,0,1,0,1,1,1,0,0,2,1,0,0,0,2,2,3,0,1,2,0,0,0,0,1,0,0,0,0,3,3,1,0,0,0,1,0,1,0,1,0,2,1,0,1,1,1,0,3,1,0,2,1,0,1,0,1,0,0,0,3,0,1,0,1,0,0,1,8,1,1,1,1,0,2,1,0,1,0,2,0,1,0,2,0,0,1,0,1,1,3,0,1,0,0,1,0,0,2,0,1,3,0,1,0,5,0,0,1,0,1,1,0,1,2,1,2,2,2,1,0,0,0,2,0,0,0,1,1,1,0,2,0,0,3,0,2,4,3,2,1,0,1,0,0,0,2,0,0,6,0,1,1,1,1,3,2,2,0,1,4,3,0,14,0,2,0,3,3,2,0,2,6,2,2,2,4,0,0,3,0,0,0,1,0,2,1,2,9,2,5,0,1,1,2,0,4,3,1,1,0,2,0,1,1,2,0,0,0,1,0,1,2,0,2,0,0,1,0,9,1,2,0,0,1,0,0,0,1,1,1,0,1,0,1,1,10,1,1,6,0,1,7,6,2,1,0,0,0,1,0,4,2,0,2,2,1,1,1,0,1,3,1,0,1,3,3,3,1,0,0,1,2,1,1,0,1,2,2,1,1,4,0,0,1,1,2,0,2,0,0,1,1,1,1,0,0,1,2,0,0,0,0,0,9,1,0,4,1,0,0,2,1,3,0,0,1,0,1,0,3,2,1,1,1,2,1,0,0,0,0,3,2,1,5,0,2,5,2,0,3,1,0,2,0,5,0,3,3,1,0,1,3,0,5,0,2,1,3,1,1,0,0,1,1,0,1,1,2,0,0,2,1,0,0,1,0,0,0,0,1,1,0,3,0,0,1,2,0,1,3,1,1,0,0,1,2,1,7,0,2,0,10,0,1,1,0,0,1,1,0,2,0,0,1,0,1,3,0,1,0,2,1,0,0,1,1,0,0,1,1,0,1,0,1,1,0,4,2,1,1,1,0,0,1,0,2,1,0,0,0,0,2,2,0,0,0,2,1,0,2,0,1,2,0,0,0,0,0,1,1,3,0,3,0,0,0,0,9,1,0,2,1,0,2,1,0,0,0,0,1,0,0,1,2,0,2,0,2,1,2,1,0,0,4,2,4,1,0,1,1,1,4,0,2,0,2,0,1,0,0,0,0,1,1,0,1,1,0,0,1,0,0,2,0,1,0,0,1,0,1,2,0,1,0,0,0,1,0,0,1,1,0,2,0,1,0,1,2,1,0,1,0,1,0,0,0,1,0,2,1,1,0,3,0,0,2,2,1,1,2,1,2,1,0,1,0,1,0,0,0,6,0,1,2,4,0,2,1,0,0,4,0,0,0,0,1,0,1,0,1,0,0,1,0,0,1,1,0,5,1,1,1,2,2,1,0,0,2,1,1,1,0,2,0,2,0,1,3,4,1,0,3,0,1,0,1,2,1,0,0,1,0,2,3,0,2,0,0,1,0,0,2,0,0,0,0,0,1,3,0,0,0,0,0,0,1,0,1,0,2,2,1,1,0,0,1,0,0,1,2,2,1,0,0,1,2,1,0,0,1,1,0,2,0,6,7,4,1,0,1,4,0,1,0,2,1,0,6,2,1,1,2,1,2,4,6,0,4,0,1,1,0,0,10,1,1,1,0,1,1,0,0,2,0,0,0,2,0,0,0,2,0,0,1,2,0,0,0,0,3,2,1,0,1,3,1,1,6,1,0,0,0,0,2,0,0,0,1,1,10,4,1,1,0,0,0,1,2,2,1,0,3,1,0,0,0,0,3,1,0,2,0,0,0,1,1,2,1,3,1,0,0,0,0,1,1,0,0,0,1,0,0,0,2,0,0,4,5,0,0,0,3,1,4,1,0,0,1,2,1,1,0,0,1,0,0,0,2,1,0,2,0,1,0,1,0,2,0,3,3,1,2,0,0,0,0,1,0,2,4,0,0,1,0,3,8,2,1,0,2,2,0,2,4,0,0,0,2,1,9,2,1,0,1,3,0,2,3,9,2,5,0,3,0,0,1,1,1,1,2,0,1,1,1,1,2,2,1,5,1,1,1,0,0,0,3,0,0,0,1,6,1,0,1,0,0,2,1,2,2,0,1,1,1,0,0,3,0,0,5,0,0,1,0,1,1,0,1,2,0,1,2,1,0,0,2,1,1,1,1,1,2,3,0,0,3,1,0,1,0,0,1,3,0,0,0,1,1,0,0,2,1,0,1,0,0,0,0,1,2,0,1,1,8,0,3,0,0,2,6,3,0,6,0,1,1,0,0,0,0,1,1,1,1,0,1,5,3,2,0,0,3,3,1,0,0,0,1,0,0,2,1,0,2,2,2,5,1,1,0,1,0,5,0,1,1,1,1,3,1,4,0,1,1,0,1,1,3,2,2,1,1,3,1,0,1,3,0,3,2,0,1,3,0,1,1,1,0,0,0,4,0,1,0,5,1,6,0,0,1,1,2,0,1,2,0,0,1,1,0,1,2,0,0,1,1,0,2,1,0,2,0,0,0,1,5,0,0,0,0,0,0,1,2,28,3,1,0,2,0,1,0,1,0,0,0,1,0,2,0,4,0,2,3,1,0,1,3,1,0,3,3,0,1,0,2,0,2,0,4,4,0,3,1,0,1,0,2,1,1,1,1,0,3,1,0,9,2,1,0,2,0,0,0,0,4,0,1,2,0,0,2,0,1,0,0,2,2,0,1,0,1,0,11,1,2,0,1,3,4,0,0,0,1,0,2,0,3,1,0,0,1,1,0,1,1,2,0,0,1,0,1,1,1,1,3,0,0,2,0,0,0,0,0,0,0,0,0,4,1,1,0,1,1,0,4,1,1,0,4,10,1,0,0,0,9,0,0,0,2,0,1,0,3,1,3,0,3,0,1,2,1,0,1,2,0,0,6,0,0,2,1,0,0,1,0,0,4,1,0,0,0,1,0,1,0,1,0,3,0,2,0,2,6,1,0,0,1,1,0,0,0
TXK,1,0,0,0,0,0,0,0,0,0,0,0,0,1,0,0,0,0,0,0,0,0,0,0,0,0,0,0,0,0,0,0,0,0,0,0,0,0,0,0,0,0,0,0,0,1,0,0,0,0,1,2,0,2,1,0,0,0,1,0,0,0,0,0,0,0,0,0,0,0,0,0,0,0,0,1,1,0,0,0,1,0,0,0,0,1,1,0,0,1,0,0,0,0,0,0,0,0,0,0,0,0,0,0,0,0,0,1,0,1,0,1,0,1,0,0,0,3,0,0,1,0,0,0,0,0,0,0,0,0,0,0,0,0,1,0,0,0,0,0,0,0,0,0,0,2,0,0,0,1,0,0,0,0,0,0,0,0,0,0,0,0,0,0,0,1,0,0,0,0,0,0,0,0,0,0,0,0,0,1,1,1,0,0,0,0,0,1,0,0,0,0,0,0,2,0,0,2,0,0,0,0,0,0,0,0,0,0,0,0,0,0,0,0,0,0,1,0,0,0,1,0,0,0,0,0,0,0,1,3,2,0,0,0,0,0,0,0,0,0,0,0,0,0,0,0,0,0,0,0,1,0,0,0,0,0,0,1,0,0,0,0,0,0,0,0,0,0,1,1,1,0,0,0,0,0,0,0,0,0,0,0,1,1,0,0,0,0,0,0,1,0,0,0,0,0,0,0,0,0,0,0,0,0,0,0,0,0,0,0,0,0,1,0,0,0,1,1,0,0,0,1,0,0,0,0,0,0,0,0,0,0,0,0,0,0,0,0,0,0,0,0,0,0,0,0,0,0,1,0,0,0,0,0,0,0,0,1,0,0,0,0,0,0,2,0,0,0,0,0,0,0,2,0,0,0,0,0,0,0,0,0,0,1,0,0,0,0,0,0,1,0,0,0,1,0,0,1,1,0,0,1,0,0,0,0,0,0,1,0,0,1,0,0,2,0,0,0,0,0,0,0,1,0,0,0,0,0,0,0,0,0,0,0,0,0,0,0,0,0,0,0,0,0,0,0,0,0,0,0,0,0,0,0,0,0,0,0,0,0,0,1,0,0,0,0,0,0,0,0,0,0,0,0,1,0,0,0,0,0,0,0,0,0,0,1,0,0,0,0,1,1,1,0,0,0,0,1,0,1,0,0,0,0,1,0,0,0,0,0,0,0,0,2,0,0,0,0,1,0,0,0,3,0,1,0,0,0,0,0,0,2,0,1,0,0,0,0,0,0,0,1,0,0,1,0,0,0,0,0,0,0,0,1,0,0,0,0,0,0,0,0,0,0,0,0,0,0,0,0,2,1,0,1,0,0,0,0,0,1,0,0,0,0,0,0,0,0,0,0,0,0,0,0,1,0,0,0,0,0,0,0,0,0,0,0,0,0,0,0,0,0,0,0,0,0,0,0,0,0,0,1,0,0,0,0,1,0,0,0,0,0,0,0,0,0,0,0,0,0,0,0,0,0,0,0,0,0,0,1,1,0,0,0,0,0,0,0,1,0,0,0,0,0,0,0,0,0,0,0,0,3,0,0,1,1,0,0,1,0,2,0,0,0,0,1,0,0,0,0,0,1,0,0,0,0,0,0,0,0,0,0,0,0,0,0,0,0,0,0,0,0,0,2,0,2,0,0,1,1,0,0,0,0,0,0,0,0,0,0,0,0,0,0,0,1,0,0,0,0,0,0,0,0,1,1,0,0,0,0,0,0,0,0,0,0,1,0,0,2,0,0,0,1,0,0,0,1,0,0,2,0,0,0,0,0,0,0,0,0,0,0,0,0,0,0,0,0,0,0,0,0,0,0,0,0,0,2,0,1,0,0,0,0,0,0,0,0,0,0,0,0,1,0,0,0,0,0,0,2,0,0,0,0,0,1,0,0,0,0,0,0,0,0,0,0,0,2,0,0,0,0,0,0,0,0,0,1,1,2,0,0,0,0,0,0,0,0,0,0,0,1,2,3,0,0,1,0,0,0,0,0,1,0,0,0,1,1,0,0,0,0,0,0,0,0,0,0,0,0,2,0,0,0,0,1,0,1,0,0,0,0,0,2,0,0,0,0,0,0,0,2,0,0,0,0,0,1,0,0,0,0,0,0,0,0,0,0,0,0,0,0,0,0,0,0,1,0,0,0,0,0,2,0,0,0,0,0,0,0,0,0,0,1,0,0,0,0,0,0,0,0,0,0,0,0,0,0,0,0,0,0,0,0,0,0,0,0,0,0,0,0,1,0,0,0,0,1,0,0,0,0,1,0,0,0,0,0,0,2,0,0,0,0,0,0,0,1,0,0,0,0,0,0,0,0,0,0,0,0,0,0,0,0,0,0,0,0,0,0,0,0,0,1,1,0,2,0,0,0,2,0,0,2,0,1,0,0,0,0,0,0,0,0,0,0,0,0,0,0,0,1,0,0,0,0,0,0,0,0,0,0,1,0,0,0,0,0,0,0,0,0,1,1,0,2,0,0,0,0,0,1,0,0,1,0,0,0,0,0,1,0,0,0,0,0,0,0,0,0,0,0,0,1,0,1,0,0,0,0,1,0,0,1,0,0,1,0,0,0,0,0,0,1,1,0,0,0,0,0,0,0,0,1,0,0,0,1,0,0,0,0,0,0,0,0,0,0,0,1,0,0,0,0,0,1,0,0,0,0,0,1,0,0,0,1,0,0,0,0,1,0,0,0,0,0,2,0,0,0,0,0,0,0,0,0,0,0,0,0,0,1,0,0,0,0,0,0,0,0,0,0,1,0,0,0,0,0,0,0,1,0,0,0,0,0,0,0,1,0,0,0,1,0,0,0,0,0,1,0,0,2,0,0,0,0,0,0,0,0,0,1,0,0,0,0,0,0,0,0,0,1,0,0,1,0,0,0,3,0,0,0,0,0,0,0,0,0,0,0,0,0,0,1,1,0,0,1,0,0,0,1,0,0,0,0,1,0,0,0,0,0,0,0,0,0,0,0,2,0,0,2,1,2,1,0,0,0,2,0,1,0,0,0,0,0,0,0,0,0,0,0,1,0,0,0,0,1,0,0,0,0,0,1,0,0,0,0,0,0,0,0,0,0,0,0,0,2,0,0,0,0,0,0,0,0,0,0,0,0,0,0,0,2,0,2,0,0,0,0,1,0,0,0,0,0,0,0,0,0,0,1,0,0,0,0,0,0,0,0,1,0,0,0,0,0,0,0,0,0,1,0,1,0,0,0,0,0,0,0,0,1,0,0,1,0,1,1,0,0,1,0,0,0,0,1,2,0,1,0,0,0,0,1,0,0,0,2,0,0,1,0,1,0,0,0,0,0,0,0,0,0,0,0,1,0,0,0,0,0,0,0,0,0,0,0,0,0,0,0,0,0,0,0,0,0,0,0,0,0,0,0,0,0,1,0,0,0,0,0,0,0,0,0,0,1,0,0,0,0,0,0,1,1,1,0,0,1,0,0,0,0,0,2,0,1,0,0,0,0,0,2,1,0,1,0
FCRL1,0,0,0,0,0,0,0,0,0,0,1,0,0,0,0,0,0,0,0,0,0,0,0,0,0,0,0,1,0,0,0,0,0,0,0,0,0,0,0,0,0,0,0,0,0,0,1,0,0,0,0,0,0,0,0,0,0,0,0,0,0,0,0,0,0,0,0,0,0,0,0,0,0,0,0,0,0,0,0,0,0,0,0,0,0,0,0,0,0,0,0,0,0,0,0,0,0,0,0,1,0,0,1,0,0,0,0,0,0,0,0,0,0,0,0,0,0,0,0,1,0,0,0,0,0,0,0,0,0,0,0,0,0,0,0,0,0,0,0,0,0,0,1,0,0,0,0,0,0,0,0,0,0,0,0,0,0,0,0,0,0,0,0,0,0,0,0,0,0,0,0,0,0,0,0,0,0,0,0,0,0,0,0,2,0,0,0,0,0,0,0,0,0,0,0,0,0,0,0,0,0,0,0,1,0,0,1,0,0,0,0,0,0,0,0,0,0,0,0,0,0,1,0,0,0,0,0,0,0,0,0,0,0,0,0,0,0,0,0,1,0,0,0,0,0,0,0,0,0,0,0,0,1,0,1,0,0,0,0,0,0,0,0,0,0,0,0,0,0,0,0,0,0,0,0,0,0,0,0,1,0,0,0,0,0,0,0,1,0,0,0,0,0,0,0,0,0,0,0,0,0,0,0,0,0,0,0,0,0,0,0,0,0,0,0,1,0,0,0,0,0,0,0,0,0,0,0,0,1,0,0,0,0,1,0,0,0,0,0,0,0,0,0,0,0,0,0,0,0,0,0,0,0,0,0,0,0,0,0,0,0,0,0,0,0,0,0,0,0,0,0,0,0,0,0,0,0,0,0,0,0,1,0,0,1,0,0,0,0,0,0,0,0,0,0,0,0,0,0,0,0,0,0,0,0,0,0,1,1,0,0,0,0,0,0,0,0,1,0,0,0,0,0,0,0,0,0,0,0,0,0,1,0,0,0,0,0,0,0,0,0,0,0,1,0,0,0,0,1,0,0,0,0,0,0,0,0,0,0,0,0,0,0,0,0,0,0,0,0,0,0,0,0,0,0,0,0,0,0,0,0,1,0,0,0,0,0,0,0,0,0,0,0,2,0,0,0,0,2,0,0,0,0,0,1,0,0,0,0,0,0,0,0,0,0,0,0,0,0,0,0,0,0,0,0,0,0,1,0,0,0,0,0,0,0,0,0,0,0,0,0,0,0,0,0,0,0,0,0,0,0,2,0,0,0,0,1,0,0,0,0,0,0,0,0,0,0,0,0,0,0,0,0,0,0,0,0,1,0,0,2,0,0,0,0,0,1,0,1,0,0,0,0,0,0,1,0,0,0,0,0,0,0,0,1,0,0,0,0,0,0,0,0,0,0,0,0,0,0,0,0,0,0,0,0,0,0,0,0,0,1,0,0,0,0,0,0,0,0,0,0,0,0,0,0,1,0,1,0,0,0,0,0,0,0,0,0,0,0,0,0,1,0,0,0,0,0,0,0,1,0,0,0,0,0,0,0,0,0,0,0,0,0,0,0,0,0,0,0,0,0,0,0,0,0,0,0,0,2,0,0,0,0,0,0,0,0,0,0,0,0,0,0,0,0,0,0,0,0,0,0,0,0,0,0,0,0,0,0,0,0,0,0,0,0,0,0,0,0,1,0,0,0,0,0,0,0,0,0,0,0,0,0,0,0,0,0,0,0,0,1,0,0,0,0,0,0,0,0,0,0,0,0,0,0,0,0,0,0,0,0,0,0,0,0,0,0,0,0,1,0,0,0,0,0,0,0,0,0,0,0,0,0,0,0,0,0,1,0,0,0,0,0,0,0,0,0,0,0,0,0,1,0,3,1,0,0,0,0,0,0,0,1,0,0,0,0,0,0,0,0,0,0,0,0,0,0,1,0,0,0,0,0,0,0,0,0,0,0,0,0,0,0,0,0,0,0,0,0,0,0,0,0,0,0,0,0,0,1,0,0,0,0,0,0,0,3,0,1,0,0,0,0,0,0,0,0,0,0,0,0,0,0,0,0,0,0,0,0,0,0,0,0,0,0,0,0,0,0,1,0,0,0,0,0,0,0,0,0,0,0,0,0,2,0,0,0,0,0,0,0,0,0,0,2,0,0,0,0,0,0,0,0,0,0,0,0,0,0,0,0,0,0,0,0,0,0,0,0,0,0,0,0,0,0,0,0,0,0,0,0,0,0,0,0,0,0,0,0,0,0,0,0,0,0,0,0,0,0,0,0,0,0,0,0,0,0,0,0,0,0,0,0,0,0,0,0,1,0,0,2,1,0,0,0,0,0,0,0,0,0,0,0,0,0,0,0,0,0,0,0,0,0,0,0,0,0,0,0,0,0,0,0,0,0,0,0,0,0,0,0,0,0,0,0,0,0,0,0,0,0,1,0,0,0,0,0,0,0,0,0,0,0,0,0,0,0,0,1,0,0,0,0,0,0,0,0,0,0,0,0,0,1,0,0,0,0,0,0,0,0,0,1,0,0,0,0,0,0,0,0,0,0,0,0,0,0,0,0,0,0,0,0,0,0,0,1,2,0,0,0,0,0,0,0,1,0,0,0,0,0,0,0,0,1,0,0,0,0,0,1,0,0,0,0,0,0,0,0,0,0,0,0,2,0,0,0,0,0,0,0,0,0,0,0,0,0,0,0,0,0,0,0,0,0,0,0,0,1,0,0,0,0,0,0,0,0,0,0,0,0,0,0,0,0,0,0,0,0,0,0,0,0,0,1,0,0,0,0,0,0,0,0,0,0,0,0,0,0,0,0,0,0,0,0,1,0,0,2,0,0,0,0,0,1,0,0,0,0,0,0,0,0,0,0,1,0,0,0,0,0,0,0,0,0,0,0,0,0,0,0,0,0,0,0,0,1,0,0,0,2,0,0,0,0,0,0,0,0,0,0,0,0,0,0,0,0,0,0,0,0,0,0,0,0,0,0,0,0,1,0,0,0,0,0,0,0,0,0,0,0,0,0,1,0,0,0,0,0,0,0,0,0,0,0,0,0,0,0,0,0,0,0,0,0,0,0,0,0,0,0,0,0,0,0,0,0,0,0,0,0,0,0,0,0,0,0,0,0,0,0,0,0,0,0,0,1,0,0,0,0,0,0,0,0,0,0,0,0,0,0,0,0,0,0,0,0,0,0,0,0,0,1,0,0,0,0,0,0,0,0,0,0,0,0,0,0,0,0,0,0,0,0,0,0,0,0,0,0,0,0,0,0,0,0,0,0,0,0,0,1,0,0,0,0,0,0,0,0,0,0,0,0,0,0,0,0,0,0,0,0,0,0,0,0,0,0,0,0,0,0,0,0,0,0,0,0,0,0,0,0,0,0,0,0,0,0,0,0,0,2,0,0,0,0,0,0,1,0,0,1,0,0,0,0,0,0,0,0,0,0,0,0,0,0,0,0,0,0,0,0,0,0,0,0,0
HERPUD1,0,1,0,0,0,0,1,0,1,0,0,0,0,0,0,3,1,1,0,0,0,0,3,2,0,0,0,1,0,3,0,0,3,7,0,1,0,0,0,0,0,0,0,8,0,1,0,4,0,0,0,1,1,0,2,0,0,1,0,0,0,0,0,0,0,0,0,0,0,0,0,0,0,0,1,0,1,1,0,1,0,0,0,0,0,0,0,0,0,0,4,0,0,1,0,2,0,0,0,0,1,0,1,0,0,0,0,0,2,0,1,0,1,0,0,0,1,0,0,0,0,0,2,1,0,0,0,0,0,1,0,0,0,0,0,0,0,1,2,1,1,0,0,2,1,0,1,0,0,1,3,0,1,0,0,0,0,0,0,0,0,0,0,0,0,1,1,0,0,0,0,1,0,0,2,0,0,0,0,0,0,0,0,0,2,1,0,1,0,1,1,2,0,1,1,0,1,0,0,3,0,0,3,1,0,0,1,2,1,0,0,0,0,0,0,0,0,0,4,0,0,0,3,0,0,0,2,1,0,0,0,0,1,0,0,0,0,1,1,0,0,0,1,0,0,1,0,2,1,0,0,1,0,0,0,1,0,0,0,0,0,0,0,0,0,0,0,0,0,0,0,0,0,0,0,0,2,1,3,0,0,0,2,0,0,0,0,0,2,0,0,0,0,0,1,0,0,0,1,0,0,0,0,0,0,0,0,0,2,0,0,0,0,0,0,0,0,0,0,0,0,0,2,0,0,0,0,3,0,1,1,1,0,0,0,0,0,0,0,0,1,1,0,0,0,0,0,1,0,1,0,0,1,0,0,1,1,0,0,1,0,0,0,2,1,0,1,0,0,0,0,0,0,0,1,0,0,0,0,0,0,0,0,0,1,0,1,0,0,1,0,2,0,0,0,1,0,2,1,5,0,0,0,0,0,1,0,0,0,1,1,1,2,0,1,2,0,0,0,0,0,1,2,0,0,0,0,0,0,0,0,1,0,1,0,1,2,1,0,2,0,1,4,1,0,2,0,0,0,0,0,0,2,0,0,1,0,3,0,1,3,0,0,0,0,0,0,0,0,0,1,2,0,0,0,2,1,1,0,1,0,1,1,0,0,0,0,0,0,2,1,0,0,2,0,0,0,0,0,2,0,2,0,0,0,0,1,2,0,0,0,0,1,0,0,0,0,0,0,0,0,2,0,1,1,0,0,0,1,0,0,4,0,0,1,1,2,0,0,0,0,0,0,1,0,1,1,0,6,0,0,2,0,0,0,6,0,1,0,0,1,0,0,0,0,1,0,0,0,0,0,0,0,0,0,1,0,0,1,0,0,0,0,0,0,0,1,0,0,0,1,0,0,2,0,0,1,2,1,1,0,2,0,0,0,5,0,0,1,0,1,0,0,0,0,1,0,0,0,1,3,0,0,0,0,1,0,0,0,0,1,0,2,0,0,0,1,1,1,1,0,1,0,0,0,0,5,0,0,2,0,2,0,0,2,0,0,0,0,2,1,1,1,1,0,1,0,0,1,0,1,0,0,2,0,1,0,3,1,1,0,2,0,0,0,2,0,0,0,1,0,0,0,0,1,0,0,0,1,0,0,0,3,0,0,1,0,0,0,7,0,0,0,0,1,1,0,0,0,0,0,0,0,0,0,0,1,0,0,0,1,1,0,0,5,0,1,2,1,0,0,0,0,0,1,0,1,0,0,0,0,0,2,0,1,1,1,0,0,0,0,1,1,1,0,2,1,0,0,0,0,1,0,1,0,2,2,0,0,1,1,0,0,0,0,0,0,0,0,0,0,0,0,0,0,0,0,1,1,0,1,0,1,0,2,0,1,0,0,0,0,0,1,0,0,0,1,2,0,0,0,0,0,1,0,0,0,0,0,0,0,0,4,1,1,0,1,1,0,0,0,1,2,0,0,1,1,0,0,2,1,0,0,0,1,1,1,1,0,1,1,0,0,0,0,0,0,0,0,0,0,0,0,1,0,0,0,0,1,0,1,0,0,2,1,3,2,0,0,1,0,0,0,0,0,0,0,0,0,0,0,0,0,0,0,2,0,0,4,1,2,0,0,0,0,0,0,0,0,0,0,4,0,0,0,0,0,0,0,3,0,2,1,0,2,1,0,1,0,0,1,0,0,0,1,0,0,0,0,1,0,1,0,0,0,0,0,0,1,1,1,0,0,0,2,0,1,0,0,0,0,2,0,0,1,0,0,0,0,1,1,0,0,2,0,0,0,0,1,1,1,1,0,0,0,0,0,0,0,0,0,0,3,0,2,0,1,0,0,0,1,0,0,0,0,0,0,0,0,0,0,0,0,0,0,0,2,0,1,0,0,2,0,0,0,0,0,0,0,0,0,0,0,1,0,0,1,0,0,0,0,0,0,0,0,1,1,0,0,0,0,0,1,0,0,1,0,1,1,1,2,0,0,3,0,7,1,1,0,1,2,0,0,0,1,1,0,1,0,0,0,0,1,1,0,0,0,0,0,0,0,1,1,0,1,1,0,0,0,0,0,0,0,0,1,2,0,0,1,0,0,0,2,0,1,0,2,0,1,0,0,0,2,0,0,1,0,5,0,0,0,0,0,0,0,1,0,0,4,0,0,1,4,6,0,0,1,0,0,1,0,0,2,0,1,1,0,1,1,1,0,0,1,5,10,0,1,0,0,1,0,0,0,0,0,1,0,0,0,0,0,0,1,0,0,0,0,1,0,0,0,1,0,0,1,0,0,0,0,2,1,0,0,2,0,0,1,0,1,0,0,0,0,0,0,0,0,2,0,0,1,6,0,1,0,2,1,0,1,0,1,0,0,0,1,0,0,0,2,0,1,0,0,0,0,2,0,0,0,1,0,0,1,2,0,0,0,0,0,0,0,0,0,0,0,0,1,0,0,0,6,0,0,1,0,2,1,0,0,1,0,0,0,0,0,0,0,1,1,0,0,0,0,0,0,0,0,0,0,2,1,0,0,0,0,0,0,0,0,0,0,0,0,0,0,0,0,2,0,1,0,0,0,1,0,2,0,0,3,1,0,1,0,0,0,2,0,0,1,0,0,0,0,0,4,0,1,1,0,0,1,1,0,0,0,0,0,0,2,1,0,1,0,1,0,0,0,0,0,1,0,1,0,1,0,0,0,0,1,4,2,0,0,0,2,0,0,2,0,1,0,0,1,0,0,0,0,0,0,4,0,0,0,0,0,0,0,1,0,1,0,0,0,0,0,0,2,0,0,0,0,0,0,0,2,0,0,0,0,1,0,0,2,1,0,0,0,0,0,0,0,0,0,0,0,1,0,0,1,0,0,0,0,0,1,0,0,0,1,0,1,0,0,0,3,0,0,0,0,0,0,0,0,0,1,0,0,0,1,1,0,0,0,0,0,1,0,0,2,1,1,0,0,1,0,0,1,0,0,0,0,0,1,0,0,0,0,1,0,0,1,0,0,1,0,0,1,5,0,0,0,0,1,0,1,0
IDS,1,0,0,0,1,0,0,2,5,0,0,2,1,0,0,2,0,0,0,0,0,1,2,0,0,1,1,1,0,0,0,0,0,2,0,0,0,1,1,0,0,2,0,1,1,0,2,0,0,2,0,0,0,2,1,0,1,0,1,0,2,0,1,0,1,0,0,0,0,3,0,4,0,1,0,0,0,1,1,0,0,0,0,0,1,1,2,0,0,0,0,0,0,1,0,1,0,0,0,2,0,0,0,1,1,1,2,0,0,0,0,3,0,0,0,1,0,5,0,0,1,0,0,0,0,0,0,0,0,1,0,0,0,2,0,1,0,1,0,0,2,0,0,0,0,0,0,0,2,1,0,0,0,1,0,0,0,1,0,0,0,2,0,1,0,0,1,2,0,0,0,0,2,0,0,0,0,1,0,0,1,0,0,0,0,0,0,0,0,0,0,0,0,0,1,2,1,0,0,0,0,0,0,0,0,0,0,1,0,0,0,0,2,1,0,0,0,1,5,3,1,0,0,0,2,1,0,0,0,0,1,0,2,1,1,0,0,0,0,0,0,0,4,0,1,0,0,1,1,1,0,0,0,0,0,1,0,1,0,0,0,0,2,0,0,2,0,2,1,2,0,0,0,0,1,2,0,2,0,0,0,1,1,1,1,1,0,1,0,2,0,0,0,1,0,0,0,0,1,0,1,0,2,0,0,0,0,0,1,3,0,0,1,2,0,0,1,0,0,0,0,0,1,0,0,0,0,0,0,1,0,0,0,2,0,0,0,0,0,0,0,4,0,0,0,1,0,0,0,0,0,0,0,0,0,0,0,3,0,1,1,0,0,0,0,0,3,0,0,1,0,0,1,0,2,0,0,2,0,1,1,0,0,0,1,0,1,2,0,0,2,5,0,1,0,0,1,0,0,0,0,1,0,0,2,0,0,0,0,1,1,2,4,0,0,2,0,0,1,0,1,0,0,0,2,0,0,1,1,0,1,0,1,0,2,0,0,2,2,1,1,1,2,1,0,1,1,1,0,0,1,1,0,0,1,2,0,2,0,0,1,3,0,1,1,3,2,2,0,1,0,0,1,0,2,2,0,0,0,0,0,1,1,0,2,2,0,2,0,1,0,1,1,0,1,0,1,0,1,2,0,2,1,0,0,0,0,0,0,0,0,0,0,0,0,3,0,0,0,0,0,0,5,1,1,0,0,0,0,1,0,0,0,0,1,0,0,1,2,0,2,2,0,0,0,0,0,0,1,0,2,1,0,1,1,1,0,0,3,2,0,1,0,0,0,1,2,0,2,0,0,1,0,0,0,0,0,0,0,1,0,0,2,0,0,0,0,1,0,0,0,0,0,2,1,1,0,0,0,0,0,1,0,1,0,0,0,0,0,0,0,0,0,1,6,0,3,1,0,0,0,1,2,0,1,0,1,0,1,0,0,2,1,1,0,1,0,1,1,1,1,0,1,0,1,0,0,0,0,0,0,1,0,0,0,2,0,0,0,0,2,1,1,0,0,2,0,0,0,1,0,1,1,1,2,0,0,2,0,0,0,0,0,0,0,1,1,1,0,1,0,0,1,0,3,0,2,1,0,0,0,0,1,0,1,0,0,1,2,3,1,0,0,0,0,0,0,0,0,1,0,1,0,0,0,1,0,0,0,0,0,0,0,2,0,0,0,1,0,0,2,0,0,0,0,0,0,0,0,0,1,1,0,0,1,0,3,0,0,0,1,0,0,0,1,0,0,1,1,0,0,3,1,0,0,0,0,0,0,2,1,0,2,0,0,2,0,0,2,0,0,1,0,0,4,1,0,1,0,2,0,0,0,0,0,0,2,0,0,1,1,0,2,1,1,0,0,1,0,0,0,0,0,0,1,3,1,0,1,0,0,1,0,0,0,3,0,0,0,2,0,1,0,0,0,0,0,1,0,0,0,0,0,0,1,0,2,0,0,2,1,0,2,0,0,0,0,0,2,0,2,0,0,0,0,0,0,0,0,2,2,0,0,0,0,1,2,1,0,0,0,0,1,0,1,3,0,0,1,0,1,1,0,0,0,0,0,0,2,0,0,0,0,1,0,2,0,1,0,2,0,2,2,0,0,1,0,0,1,1,3,0,0,1,0,0,1,2,1,0,1,1,0,0,1,0,0,0,0,4,0,3,0,0,0,0,2,0,1,0,1,0,2,0,1,1,1,0,1,0,1,0,0,0,0,0,0,0,1,1,1,0,0,0,0,1,0,0,1,0,2,0,1,0,0,1,1,0,0,1,1,2,1,2,1,0,0,0,0,2,2,0,0,0,1,0,1,0,1,0,0,0,0,0,0,0,0,0,0,1,2,4,0,0,0,1,1,3,0,0,0,0,0,1,2,1,1,1,1,0,5,1,0,0,1,0,0,0,1,0,0,0,0,1,0,1,1,0,1,0,0,0,0,1,0,0,1,0,0,1,1,0,0,1,1,0,0,0,0,0,2,0,0,1,1,0,0,1,1,0,0,0,0,0,1,0,0,0,0,1,0,0,2,0,3,0,0,1,0,2,1,0,0,0,1,1,2,0,1,0,0,0,0,0,0,0,0,0,0,0,0,0,0,0,2,0,0,0,1,0,2,1,2,2,0,0,0,1,0,0,0,0,0,0,1,0,0,0,0,1,0,0,0,0,2,0,0,0,0,3,2,0,1,0,0,0,3,1,0,0,0,0,0,0,0,2,0,1,0,1,0,0,0,0,0,1,0,1,0,1,0,0,1,1,0,0,3,0,0,1,0,0,0,0,1,0,1,0,0,0,1,1,1,0,0,2,0,0,0,0,2,0,0,1,0,0,0,1,0,2,0,1,0,1,0,0,2,1,1,0,1,0,0,0,1,0,0,1,0,0,0,0,0,0,0,0,0,0,0,1,1,1,3,0,0,4,3,1,0,0,0,1,0,0,0,0,2,0,1,0,3,0,0,1,0,2,0,0,0,0,0,0,2,0,3,0,1,1,0,0,1,0,0,0,0,0,0,0,0,0,0,0,0,0,0,0,0,0,1,0,0,1,1,0,0,0,2,0,0,0,0,2,1,0,3,0,0,0,0,0,0,0,0,0,1,1,0,1,0,1,0,0,0,0,2,0,0,0,2,0,1,3,0,0,0,1,2,0,1,0,5,0,0,0,0,1,0,0,0,0,1,1,1,0,0,0,0,1,0,2,0,0,0,1,0,0,0,4,1,0,0,1,0,0,0,0,0,2,0,0,0,0,0,0,0,0,0,1,2,0,0,0,1,0,0,0,0,1,0,1,0,0,1,0,1,2,0,0,0,0,0,0,0,0,0,1,1,0,0,0,0,0,0,2,0,0,2,1,1,1,0,0,1,0,2,0,2,0,1,1,0,0,0,0,0,1,0,0,0,1,0,3,0,2,1,3,0,0,1,2,0,1,4,1,1,0,0,1,1,0,0,0,0,0,0,0,0,2,3,1,0,2,0,0,0,1
GIMAP1,1,2,0,1,2,0,0,0,0,0,0,1,0,1,0,3,0,0,1,0,0,1,0,0,0,3,1,0,0,0,1,0,0,0,1,0,0,0,0,0,1,2,0,0,0,0,0,0,1,0,0,0,0,0,0,0,0,0,0,0,0,1,0,1,0,0,4,0,0,2,0,0,1,0,0,1,0,1,0,0,1,0,1,0,0,0,1,0,2,1,0,1,1,1,1,1,0,0,0,0,1,0,0,0,1,2,0,3,1,0,0,2,0,0,0,0,1,1,0,0,0,0,1,0,0,1,0,0,0,1,0,0,0,0,0,0,0,1,2,0,0,0,0,0,0,0,0,0,1,0,0,0,0,1,0,1,1,1,0,2,0,0,0,0,0,3,0,2,1,0,0,0,0,1,1,0,1,0,0,0,1,0,0,0,0,0,1,0,0,1,0,0,0,0,5,0,1,0,0,0,0,0,0,0,0,1,0,0,0,1,0,0,2,0,1,0,1,0,1,1,0,0,0,0,1,0,0,0,1,0,0,0,0,0,1,1,0,0,0,0,0,0,0,0,1,0,0,0,0,0,0,0,0,0,0,0,1,1,0,0,0,0,0,1,0,0,0,0,0,2,3,0,0,0,1,0,0,0,0,0,0,1,1,2,0,0,1,0,0,0,0,1,1,0,0,1,0,0,2,0,0,1,0,1,0,1,0,0,0,2,0,0,0,0,0,0,0,1,0,1,1,0,3,1,0,0,0,1,0,1,0,0,1,0,0,0,0,0,3,0,1,0,0,0,0,2,1,0,0,0,0,0,0,1,1,0,0,2,0,0,0,0,0,0,0,0,0,1,0,0,0,0,0,3,0,0,0,1,1,0,0,0,1,0,0,0,0,1,0,0,0,1,0,0,0,0,0,0,1,1,0,2,1,1,0,1,0,0,1,0,1,2,0,0,0,0,0,0,0,1,0,1,1,0,0,0,1,0,1,0,0,0,0,0,2,0,0,1,0,0,0,0,0,0,3,2,0,0,0,0,0,2,0,1,0,1,0,0,0,0,0,1,1,0,2,0,1,0,0,1,0,0,0,2,0,0,0,0,0,0,0,0,0,0,1,1,0,0,1,1,0,1,1,0,1,0,0,0,0,0,1,0,0,0,0,0,0,0,1,0,0,1,0,2,0,1,0,1,0,0,0,1,1,0,0,0,1,0,0,0,0,3,0,0,0,0,0,0,0,1,0,0,0,0,0,1,0,0,0,0,0,0,0,1,0,0,0,0,0,1,0,1,0,1,3,0,1,2,3,0,2,0,1,0,1,0,0,0,0,1,0,0,0,0,0,0,0,0,0,0,0,0,1,1,2,0,0,0,0,0,0,0,0,1,0,0,1,3,1,0,0,0,0,1,0,0,0,0,0,0,0,0,0,0,0,0,0,0,1,0,0,1,2,0,0,0,1,1,0,0,0,0,2,3,0,0,0,0,0,0,0,0,0,0,0,1,0,0,0,0,1,0,0,3,1,1,0,0,1,0,1,1,1,2,0,2,0,0,0,1,0,0,0,0,0,0,0,1,1,0,1,1,0,1,0,0,0,1,0,0,1,1,0,1,0,0,1,0,1,0,0,0,0,0,1,1,1,0,0,2,0,0,0,0,0,0,0,1,0,1,0,0,0,0,0,0,0,0,0,0,0,0,0,0,2,1,0,0,0,0,1,0,0,2,0,0,0,0,3,0,0,1,0,1,0,0,1,1,0,1,0,1,0,0,0,0,1,1,0,1,0,1,0,3,0,0,1,0,0,0,0,1,1,0,1,0,0,5,0,0,0,1,0,1,2,1,2,0,0,2,1,1,0,1,0,1,0,0,0,0,0,0,0,0,0,2,0,0,0,0,0,1,0,0,0,0,0,2,0,0,0,0,2,0,2,0,1,0,0,2,0,0,1,0,1,0,0,1,0,0,1,1,0,1,0,0,0,0,0,1,0,0,0,1,2,0,0,1,0,0,1,0,0,0,0,0,0,0,0,0,0,1,0,1,0,1,0,3,0,0,0,0,1,1,1,0,0,0,0,0,0,1,1,1,0,1,0,2,0,0,2,0,1,0,0,0,1,3,0,1,0,0,0,0,0,1,0,0,1,1,0,0,0,1,0,0,0,1,0,2,0,0,0,0,0,0,0,0,1,1,3,0,0,0,0,0,1,2,0,0,0,0,0,0,1,0,0,1,1,0,0,0,0,0,0,0,0,0,0,2,0,0,2,1,0,0,0,0,0,1,0,0,0,0,0,0,0,0,0,0,1,1,0,0,0,0,0,0,0,1,0,0,0,0,2,0,1,0,1,2,0,0,0,0,0,1,0,0,1,0,1,2,0,1,1,1,1,1,0,1,0,0,0,0,1,0,0,1,0,1,0,0,0,0,0,0,1,0,0,0,0,0,0,0,1,0,1,0,0,0,0,0,0,1,1,0,2,1,0,0,0,1,0,0,1,0,0,0,1,0,0,1,3,0,1,0,0,0,0,0,1,0,0,0,0,0,0,1,0,0,2,0,1,2,0,0,0,0,0,0,0,0,3,1,2,0,0,0,1,0,0,0,0,0,0,0,0,2,0,0,0,0,0,0,0,0,1,0,0,0,0,1,0,0,1,0,0,0,0,2,0,0,0,0,0,0,2,0,0,0,0,0,0,1,0,0,0,0,0,0,1,1,0,0,2,1,0,0,0,0,0,0,1,0,0,0,0,0,0,0,0,0,0,0,0,1,2,1,0,0,1,0,1,3,0,0,1,0,0,0,1,0,2,0,0,0,0,0,1,1,2,1,1,2,0,0,0,0,1,1,0,0,0,0,0,0,0,0,1,0,0,1,0,0,1,0,0,0,1,0,1,1,2,1,0,1,0,0,1,1,0,1,0,1,0,0,1,1,0,0,0,0,2,0,0,0,2,0,0,0,0,0,2,0,0,2,0,0,0,0,0,0,0,0,2,1,0,0,0,0,0,0,0,0,0,0,2,0,0,1,3,0,0,0,1,0,1,1,1,0,0,0,0,0,0,0,0,1,0,0,0,1,0,0,0,0,0,0,0,0,0,1,0,2,0,0,0,1,0,1,0,1,1,1,0,0,0,0,0,0,0,0,0,0,0,0,0,0,0,0,1,1,0,0,0,0,1,0,0,0,0,0,1,1,0,1,0,1,0,0,1,0,0,0,0,0,0,0,0,1,0,0,1,0,0,0,1,0,0,1,0,0,0,0,0,1,0,0,0,2,3,0,0,0,0,1,0,0,1,0,0,1,1,0,0,0,1,0,1,1,0,1,0,0,0,0,0,0,1,0,0,0,0,1,0,0,0,0,0,1,0,3,1,1,0,0,0,0,1,1,0,0,3,0,1,0,0,0,0,1,0,0,1,0,0,1,0,0,1,0,0,0,0,0,1,4,6,2,0,0,0,0,0,0,0,0,1,0,0,0,0,3,1,0,0,0
P2RX5,0,0,0,0,0,0,0,0,0,0,1,0,0,0,0,0,0,0,0,1,0,0,0,0,0,0,0,0,0,0,0,0,0,1,0,0,0,0,0,0,1,0,0,0,0,1,0,0,0,0,0,0,0,0,1,0,0,0,0,0,0,1,1,0,0,0,0,0,0,0,0,0,0,0,0,0,0,0,0,0,0,0,0,0,0,0,0,1,0,0,0,0,0,0,0,0,0,0,0,0,0,0,0,0,0,0,0,0,0,0,0,0,0,0,0,0,0,0,0,0,0,0,1,0,0,0,0,2,0,0,0,0,0,1,0,0,0,0,0,0,0,0,0,0,0,0,0,0,0,0,0,0,0,0,0,0,0,0,0,0,0,0,0,0,0,0,0,0,0,0,0,0,0,0,0,0,0,0,0,0,0,0,0,1,0,1,0,0,0,0,0,0,0,0,0,0,0,0,0,0,0,0,0,0,0,0,0,2,2,0,0,0,0,0,0,0,0,0,0,0,0,1,0,0,0,0,1,0,0,0,0,0,0,0,0,0,0,0,0,0,0,0,1,0,0,0,1,0,0,0,0,0,0,0,0,0,0,0,1,0,0,0,0,0,0,0,0,0,0,0,0,0,0,0,0,0,0,0,0,0,0,0,0,0,0,0,0,0,0,0,0,0,0,0,0,0,0,0,0,0,0,0,0,0,0,0,0,0,0,0,0,0,0,0,0,0,0,0,0,0,0,0,0,0,0,0,0,0,1,0,0,0,0,2,0,0,0,0,0,0,0,0,0,0,0,0,0,0,0,0,0,0,0,0,0,0,1,0,0,0,0,0,0,0,0,0,0,0,0,0,0,0,0,0,0,0,0,0,0,0,0,0,0,0,0,0,0,0,0,0,0,0,0,0,0,0,0,0,0,0,0,0,0,0,0,0,0,0,1,2,0,0,0,0,0,0,0,0,0,0,0,0,0,0,0,0,0,0,0,0,0,0,0,1,0,2,0,0,0,0,0,0,0,0,0,0,0,0,1,0,0,0,0,0,0,0,0,0,0,0,0,0,0,0,0,1,0,0,0,0,0,0,0,0,0,0,0,0,0,0,0,0,0,0,0,0,0,0,0,0,0,0,0,0,1,0,0,0,0,0,0,0,0,0,0,0,0,0,0,0,0,0,0,0,0,0,0,0,0,0,0,0,0,0,0,0,0,0,0,1,0,0,0,0,0,0,0,0,0,0,0,0,0,0,0,0,0,0,1,0,0,2,0,0,0,0,0,0,0,0,3,0,0,0,0,0,0,0,0,0,0,0,0,0,0,0,1,0,0,0,1,0,0,0,0,0,1,0,0,0,0,0,0,0,0,4,0,0,1,2,0,0,0,0,0,0,0,0,0,0,0,0,0,0,0,0,0,0,0,0,0,1,0,0,0,0,0,0,0,0,0,0,0,0,0,0,0,0,0,1,0,0,0,0,1,0,0,0,0,0,0,0,0,0,0,0,1,0,1,0,0,1,0,0,0,0,0,0,0,0,0,0,0,0,0,0,0,0,0,0,0,0,0,0,0,0,0,0,0,0,0,0,0,0,0,0,0,0,0,0,0,0,0,0,0,0,0,0,0,0,0,0,0,0,0,0,0,0,0,0,0,0,0,0,0,0,0,0,0,0,0,0,0,0,0,0,0,0,0,1,0,0,0,0,0,0,1,0,0,0,0,0,0,0,0,0,0,0,0,0,0,0,0,0,0,1,0,0,0,0,0,0,0,0,0,0,0,0,0,0,0,0,0,0,0,0,0,0,0,0,0,0,0,0,0,0,0,0,0,0,0,0,0,0,0,0,0,0,1,0,0,0,0,0,0,0,0,0,0,0,0,0,0,0,1,0,0,0,0,0,0,0,0,0,1,0,0,1,0,0,0,0,0,0,0,0,0,0,0,0,0,0,0,0,0,0,0,0,0,1,0,0,0,0,2,0,0,0,0,0,2,0,0,0,0,0,0,0,0,0,0,0,0,0,0,0,1,0,1,2,0,0,0,0,0,0,0,0,0,0,0,1,0,0,1,0,0,0,0,0,0,0,0,0,0,0,0,0,0,3,0,0,0,0,0,0,0,0,0,0,0,0,0,1,0,0,0,0,0,0,1,0,0,0,0,0,0,0,0,0,0,0,0,0,0,0,2,0,0,0,1,0,0,0,0,0,0,0,2,0,0,0,0,0,0,1,0,0,0,0,0,0,0,0,0,0,0,0,0,0,0,0,0,0,0,0,0,0,1,0,0,0,0,0,1,0,0,0,0,0,0,0,0,0,0,0,1,1,0,0,1,0,0,0,0,0,0,0,0,0,0,0,1,0,0,0,0,0,0,0,0,0,0,0,0,0,0,0,0,0,0,0,0,0,0,1,0,0,0,0,0,0,0,0,0,0,0,0,0,0,0,0,0,0,0,0,0,0,0,0,0,0,0,0,0,0,0,0,0,0,0,0,0,0,0,0,0,0,0,0,0,0,0,0,0,0,0,0,1,0,0,0,0,0,1,0,0,0,0,0,0,0,0,0,0,0,0,0,0,1,0,0,0,0,0,1,0,1,0,0,0,0,0,0,0,2,0,0,0,0,0,0,0,0,1,0,0,0,0,0,0,0,0,1,0,0,0,0,0,0,0,0,1,1,0,0,0,0,1,0,0,0,0,0,0,0,0,0,0,0,0,0,0,0,0,0,0,0,1,1,0,0,0,0,0,0,0,0,0,0,1,0,0,0,0,1,0,0,0,1,0,0,0,0,1,0,0,0,0,0,0,0,0,0,1,0,0,1,0,0,0,0,0,0,0,0,0,0,3,0,0,0,0,0,0,0,0,0,0,0,0,0,0,0,0,0,0,0,0,0,0,0,0,0,0,0,0,0,0,0,0,0,0,0,0,0,0,0,0,0,0,0,0,0,0,0,0,0,0,0,0,1,0,0,0,0,0,0,0,0,0,0,1,0,0,0,0,0,0,0,0,0,0,0,1,0,0,0,0,0,0,0,0,0,0,0,0,0,0,0,0,0,0,0,0,0,0,0,0,0,0,0,0,0,0,0,2,0,0,0,0,0,0,0,0,0,0,0,0,0,0,0,0,0,0,0,0,0,0,0,0,0,0,0,0,1,0,0,0,0,0,0,0,0,0,0,0,0,0,0,0,0,0,0,0,0,0,0,1,0,0,0,0,0,0,0,0,0,0,0,0,0,0,0,0,0,0,0,0,0,0,0,0,0,0,0,0,0,0,0,0,0,0,0,0,0,0,0,0,0,0,0,0,0,0,0,0,0,0,0,0,0,0,0,0,0,0,0,0,0,0,0,3,0,0,0,0,0,0,0,0,0,0,0,0,0,1,0,0,0,0,0,0,0,0,0,0,1,0,0,0,0,0,0,0,0,0,0,0,0,0,0,0,0,0,0,0,0,0,0,0,0,0,0,0,0,0,0,1,0,0,0,0,0,0,0
CHP1,0,0,0,0,0,0,2,0,0,0,2,0,0,0,0,3,0,1,0,0,0,0,2,1,0,1,0,1,0,0,0,0,0,1,0,0,0,0,1,0,0,0,0,1,0,0,0,0,0,0,0,0,0,0,0,1,0,0,0,0,0,1,0,0,0,0,0,0,0,0,0,0,0,1,2,0,0,0,0,3,0,0,1,0,0,1,0,0,0,0,2,0,0,2,0,0,0,0,0,0,0,0,0,0,0,1,0,1,3,0,0,0,0,0,0,0,0,0,0,0,0,0,1,0,0,0,1,0,1,1,0,0,1,0,0,1,0,0,0,0,0,0,0,0,1,0,1,0,0,0,0,0,0,0,0,0,0,0,0,0,0,0,0,1,0,0,3,0,0,0,1,0,0,0,2,0,0,0,4,0,0,0,0,0,4,0,0,0,0,1,0,0,0,0,0,0,0,0,0,0,0,0,0,0,0,1,0,0,0,0,0,0,0,0,0,0,0,0,0,0,0,2,0,0,0,0,0,0,0,1,0,0,1,1,1,0,0,0,0,0,2,0,0,0,0,1,1,2,3,0,0,1,0,0,0,1,0,0,0,0,0,1,0,1,0,0,0,1,0,1,1,0,0,0,0,0,0,2,0,0,1,0,0,0,0,0,0,0,0,1,0,0,3,0,0,0,0,0,2,0,1,0,0,0,1,0,0,0,0,0,0,1,0,1,0,1,0,0,0,0,0,0,2,0,1,0,1,0,0,0,0,3,0,0,2,0,0,0,0,0,2,0,0,0,0,0,1,0,0,5,1,0,0,0,0,0,0,0,1,0,0,0,0,0,0,0,0,0,0,0,0,2,0,1,0,1,0,0,0,3,0,0,0,0,1,0,1,0,0,1,1,0,0,0,0,0,0,0,0,1,0,0,0,0,0,0,1,0,0,0,0,0,0,0,0,3,0,0,0,0,0,0,0,0,2,0,0,1,0,2,0,0,0,1,0,0,1,0,0,1,0,0,1,1,0,0,0,0,0,0,0,1,0,1,3,0,1,0,1,1,0,0,0,0,0,0,0,0,0,2,1,3,0,0,0,0,0,0,0,0,4,0,0,0,0,0,0,0,0,0,0,0,0,0,0,0,0,1,0,0,0,1,0,0,1,0,1,0,1,0,2,0,1,0,0,0,0,0,0,1,0,0,0,3,0,0,1,0,5,0,4,0,0,0,1,5,1,0,0,0,0,0,0,0,0,0,1,0,0,0,0,0,0,0,1,0,0,1,0,0,0,0,1,0,0,0,1,0,0,0,0,0,0,0,0,0,1,0,0,0,0,0,0,0,0,0,0,0,0,0,0,0,1,2,0,0,0,0,0,0,0,0,0,0,1,1,1,0,0,0,0,1,0,0,0,0,0,0,0,1,0,1,0,0,0,0,0,0,0,0,0,0,0,0,0,0,0,1,0,0,0,0,1,0,0,1,0,0,0,0,0,0,0,0,0,0,0,0,0,1,1,0,0,0,0,0,1,0,0,0,0,1,0,0,0,0,1,2,0,0,0,0,0,0,0,0,0,0,0,0,0,0,0,0,0,0,0,1,0,0,0,0,0,0,0,0,0,0,0,4,0,0,0,0,0,0,0,0,0,0,0,0,0,0,0,0,0,0,0,0,0,0,0,0,0,0,3,0,0,0,0,0,0,0,0,1,0,0,0,0,0,1,0,0,0,0,0,0,0,0,0,2,0,0,0,0,0,0,0,0,0,0,0,1,0,0,2,0,2,0,0,0,0,0,0,0,0,0,0,0,0,0,0,0,1,0,0,0,0,0,0,0,0,0,0,0,0,0,0,0,0,0,0,0,1,0,1,0,0,0,0,0,1,0,0,0,0,0,0,0,0,1,0,0,0,0,0,1,2,0,1,2,0,0,0,1,0,0,0,0,0,2,1,0,0,0,0,1,0,0,0,0,0,0,2,0,0,0,0,0,1,0,3,0,0,0,0,0,0,1,1,0,0,1,3,0,0,0,0,0,0,0,0,0,0,2,0,0,1,0,0,0,0,0,0,0,0,1,1,1,2,0,1,0,1,0,0,0,0,0,0,1,0,0,0,0,0,0,2,0,0,0,0,0,0,0,0,0,1,0,0,0,0,1,0,1,0,1,0,1,0,0,0,0,0,0,1,0,1,0,1,0,0,2,0,2,1,0,0,0,0,3,0,0,0,0,0,0,0,0,0,0,0,2,0,0,0,0,0,0,1,1,0,0,0,1,0,0,0,0,0,1,0,0,0,0,0,0,0,0,0,1,0,0,0,0,1,0,0,0,0,0,0,0,0,0,0,2,0,0,0,2,0,0,0,3,0,0,1,0,0,0,0,0,0,0,0,0,0,0,0,1,0,0,0,0,2,0,0,0,0,0,0,0,0,0,0,1,0,0,3,1,0,1,0,0,1,0,0,1,0,1,0,0,0,0,0,0,0,0,0,0,0,0,0,0,0,0,2,0,0,0,2,2,1,0,0,0,1,0,1,0,1,1,0,0,0,0,0,0,0,0,2,0,0,1,0,0,0,0,0,0,0,0,0,1,0,1,0,1,0,0,3,1,0,0,0,0,0,0,1,0,1,0,0,0,0,0,0,1,1,0,0,0,0,0,0,0,0,0,0,1,0,1,0,1,1,0,0,2,0,0,1,0,0,1,0,0,0,0,0,0,0,0,0,1,4,0,0,0,0,0,0,0,0,0,0,1,0,1,0,0,0,2,0,2,0,0,0,0,0,1,0,0,0,0,0,1,0,0,1,0,0,0,1,1,1,0,0,0,0,0,0,0,0,0,0,0,1,0,1,0,0,1,0,0,1,0,0,0,0,0,1,5,0,0,0,0,0,0,0,0,0,0,0,0,1,0,0,0,0,0,1,2,0,0,0,0,0,3,0,0,0,0,2,0,0,0,1,0,0,0,0,2,0,0,1,0,0,0,1,0,0,0,0,0,0,0,0,0,0,1,1,0,1,0,0,0,0,1,0,0,0,0,0,0,0,0,2,0,0,0,0,0,0,1,0,0,1,0,0,0,1,0,0,0,3,0,0,0,0,2,0,3,0,0,1,0,0,0,0,2,0,0,1,0,0,0,0,0,0,1,1,0,0,0,0,0,0,2,0,0,0,0,0,0,0,0,0,1,0,0,0,0,0,1,0,0,0,1,0,0,1,0,0,1,0,4,1,0,4,1,0,0,0,0,0,0,1,0,0,0,0,0,0,0,0,1,0,0,0,0,0,0,1,0,0,0,0,0,1,0,0,0,0,1,0,0,0,2,0,0,1,0,0,0,1,0,0,0,0,0,0,0,1,0,1,0,0,3,0,0,0,0,0,2,0,1,0,0,0,0,0,0,0,0,0,0,0,0,0,0,0,0,0,0,0,0,0,2,0,0,0,0,0,0,0,0,0,0,0,0,0,0,1,0,0,0,0,0,0,1,0,0,0,1
S1PR5,0,1,0,1,0,0,0,0,0,0,0,0,0,0,0,0,0,1,0,0,0,0,0,0,0,0,0,0,0,0,0,0,0,0,1,0,0,0,0,0,0,0,0,0,0,0,0,0,0,0,0,0,0,0,0,0,0,0,0,0,0,1,0,0,0,0,0,0,0,0,0,0,0,0,0,0,0,0,0,0,0,0,0,0,0,0,0,0,0,0,0,0,0,0,0,0,0,0,0,0,0,0,0,0,0,0,0,0,0,0,0,0,0,0,0,0,0,0,0,0,0,0,0,0,0,0,0,0,0,0,0,0,1,0,0,0,0,0,0,1,0,0,0,0,0,0,0,0,0,1,0,4,1,0,0,0,0,0,0,0,0,0,0,0,1,0,0,0,0,0,0,1,0,0,0,0,0,0,0,0,0,0,0,0,0,0,0,0,0,0,0,0,0,0,0,0,0,0,0,0,0,1,0,0,0,0,0,1,0,0,0,0,0,0,0,0,0,0,0,0,0,0,0,0,0,1,0,0,0,0,0,0,0,0,0,0,0,0,0,0,0,0,0,0,0,0,0,0,0,0,0,0,0,1,0,0,0,0,0,0,0,0,0,0,0,1,0,0,0,1,0,0,0,0,0,0,0,0,0,0,0,0,0,0,0,0,0,0,0,0,0,0,0,0,0,0,0,0,0,0,0,0,1,0,0,0,0,0,0,0,0,0,0,0,0,0,0,0,0,0,0,0,0,0,0,0,0,0,0,0,0,0,0,0,0,0,0,0,0,0,0,0,0,0,0,0,0,0,0,0,0,0,0,0,0,0,0,0,0,0,0,0,0,0,1,0,0,0,0,0,0,0,0,0,0,0,0,0,0,0,0,0,0,0,0,0,0,0,0,0,0,0,0,0,0,0,0,0,0,0,0,0,0,0,0,0,0,0,0,0,0,0,0,0,0,0,0,0,0,0,0,0,0,1,0,0,1,0,0,0,0,0,0,0,0,0,0,0,0,0,0,0,0,0,0,0,1,0,0,0,0,0,0,0,0,0,0,0,0,0,0,0,0,0,0,0,0,0,0,0,0,0,1,0,0,0,0,0,0,0,0,0,0,0,0,0,0,0,0,0,0,0,0,0,0,0,0,0,0,1,0,0,0,0,0,0,0,0,0,0,0,0,0,0,0,0,1,0,0,0,0,0,0,0,0,0,0,0,0,0,0,0,0,0,0,0,0,0,0,0,0,0,0,1,0,0,0,0,0,0,0,0,0,0,0,0,0,0,0,0,0,0,0,0,0,0,0,0,0,0,0,0,0,0,0,0,0,0,0,0,0,1,0,0,0,0,0,0,0,0,0,0,1,0,0,0,0,0,0,0,0,0,0,1,0,0,0,0,0,0,0,0,1,0,0,0,0,0,0,0,0,0,1,0,1,0,0,0,0,0,0,0,0,3,0,0,0,0,0,0,0,0,2,0,0,0,0,0,0,0,0,0,0,0,0,0,0,0,0,0,0,0,0,1,0,0,0,0,0,0,0,0,0,0,0,0,0,0,0,0,2,0,0,0,0,0,0,0,0,0,0,0,0,0,0,0,1,0,0,0,0,0,0,0,0,0,0,0,0,0,2,0,0,0,0,0,1,0,0,0,0,0,0,1,0,0,0,0,0,0,0,0,0,0,0,0,0,0,1,0,0,0,2,0,0,0,0,0,0,0,0,0,0,0,0,0,0,0,0,0,0,0,0,0,0,0,0,0,0,0,0,0,0,0,0,0,0,0,0,0,0,0,0,0,0,0,1,0,0,0,0,0,0,0,0,0,0,0,0,0,0,0,0,0,0,0,0,0,0,0,0,0,0,0,0,0,0,0,0,0,1,0,0,0,0,0,0,0,0,0,0,0,0,0,0,0,0,0,0,0,0,0,0,0,0,0,0,0,1,0,0,0,0,0,0,0,0,0,0,0,0,0,0,0,0,0,0,0,1,0,0,0,0,0,0,1,1,0,0,0,0,0,0,0,0,0,0,0,0,0,0,0,3,0,0,0,0,0,0,0,0,0,0,0,0,0,0,0,0,0,0,1,0,0,0,0,0,0,0,0,0,0,0,0,0,0,0,0,0,0,0,0,0,0,0,0,0,0,0,1,0,0,0,0,0,0,1,0,0,0,0,0,0,0,0,0,0,0,0,0,0,0,0,1,0,0,0,0,0,0,0,0,0,0,0,0,0,0,0,0,0,0,0,0,1,0,0,0,0,0,0,0,0,0,0,0,0,0,0,0,0,0,0,0,0,1,0,0,0,0,0,0,0,1,0,0,0,0,0,0,0,0,0,0,0,0,0,0,0,0,0,0,0,0,0,0,0,0,0,0,0,0,1,1,0,0,0,0,0,1,0,0,0,0,0,0,0,0,0,0,0,0,0,0,0,1,0,0,0,0,0,0,0,0,0,0,0,0,0,0,0,0,0,0,1,0,0,0,0,0,0,0,0,0,0,0,0,1,0,0,0,1,0,0,0,0,0,0,0,0,0,0,0,0,0,0,0,0,1,1,0,0,0,0,0,0,1,0,0,0,0,0,0,1,0,0,0,0,0,0,1,0,0,0,0,0,0,0,0,0,0,0,0,0,0,0,0,0,0,0,0,0,0,0,0,0,0,0,0,1,0,0,0,0,0,0,0,0,0,0,0,0,0,0,0,0,0,0,0,0,0,0,0,0,0,0,0,0,0,0,0,0,0,0,0,0,0,0,0,0,0,0,0,0,0,0,0,0,0,0,0,0,0,0,0,0,0,0,0,0,0,0,0,0,0,0,0,0,0,0,0,0,0,0,0,0,0,0,0,1,0,0,0,0,0,0,0,0,0,0,0,0,0,0,1,0,0,3,0,0,0,0,0,0,0,0,0,1,0,0,0,0,0,0,0,0,0,0,0,0,0,0,0,0,0,0,0,0,0,0,0,0,0,0,0,0,0,0,0,0,0,0,0,0,0,0,0,0,0,0,0,0,0,0,0,0,0,0,0,0,0,0,0,0,0,0,0,1,1,0,0,0,0,0,0,0,0,0,0,0,0,0,0,0,0,0,0,1,0,1,0,0,0,0,0,0,0,0,0,0,0,0,1,0,0,0,0,0,0,0,0,0,0,0,0,0,0,0,0,0,0,0,0,0,0,0,1,0,0,0,0,0,1,0,0,0,4,0,0,0,0,0,0,0,0,0,0,0,0,0,0,0,0,0,0,0,0,0,1,0,0,1,0,0,0,0,0,1,0,0,0,0,0,0,0,0,0,0,1,0,0,0,0,0,0,0,0,0,0,0,0,0,0,0,0,2,0,0,0,1,0,0,0,0,0,0,0,0,0,0,0,0,0,0,0,0,0,0,0,0,0,0,0,0,0,0,0,0,0,0,0,0,0,0,0,0,0,0,0,0,0,0,0,0,0,0,0,0,0,0,0,0,0,0,0,0,0,1,0,0,0,0,0,0,0,0
SVIP,1,1,0,0,0,0,0,2,1,0,0,1,0,0,1,0,0,0,0,0,0,0,0,0,0,3,1,0,0,0,0,0,0,0,0,0,1,0,1,0,0,1,0,1,0,0,1,0,0,0,0,0,0,0,1,0,0,0,0,0,0,0,0,0,0,0,1,0,0,0,0,0,0,0,0,0,0,1,0,0,1,0,0,0,1,0,0,0,0,0,0,0,0,0,1,0,0,0,0,0,2,0,0,1,1,0,0,0,0,1,1,0,0,1,0,0,1,1,0,0,0,0,2,0,0,1,0,0,0,0,0,0,0,0,0,0,0,0,0,0,0,0,1,0,0,1,0,0,2,0,0,0,1,0,0,1,1,0,0,0,1,0,4,0,1,0,0,1,1,0,1,0,3,3,0,0,0,0,0,0,1,1,1,1,0,0,1,0,0,0,0,0,0,1,2,1,0,0,0,0,0,0,0,0,0,0,0,0,0,0,2,0,0,1,0,0,0,0,2,1,0,0,3,0,2,1,0,0,0,0,0,0,0,1,0,0,1,2,1,0,0,0,0,0,0,0,0,0,0,0,1,0,0,0,1,1,1,0,0,0,0,0,0,0,0,2,0,0,2,0,0,0,0,0,0,0,0,0,0,1,0,0,0,2,2,0,0,0,0,0,0,1,0,1,0,0,1,0,0,0,0,1,0,1,0,0,1,0,0,0,0,0,0,3,0,0,0,0,0,0,1,1,0,1,0,3,0,1,1,1,0,0,0,0,0,1,1,0,0,0,0,0,0,1,1,1,2,0,1,0,0,0,0,1,0,0,0,1,0,1,0,0,1,0,1,0,0,0,0,0,1,0,1,0,1,0,0,0,0,0,0,0,0,2,0,0,1,0,1,0,0,0,0,0,0,0,0,2,0,0,0,1,1,0,0,1,0,0,1,0,1,0,0,0,0,0,0,1,1,0,1,1,0,1,0,0,2,1,0,0,0,0,1,1,0,0,0,0,0,1,1,1,0,0,0,0,0,0,0,0,2,2,0,0,0,0,0,0,0,0,0,1,0,2,0,0,0,0,0,0,0,0,0,1,0,0,0,2,0,0,0,1,0,0,0,0,4,2,0,2,1,3,0,0,0,0,0,0,0,0,0,0,0,0,0,0,1,0,0,0,1,0,0,1,0,0,0,0,0,0,1,0,1,0,0,0,0,0,0,0,0,0,1,0,1,0,0,2,1,0,0,1,0,0,1,1,1,0,0,0,3,0,0,0,0,1,0,0,0,0,0,0,0,1,1,0,0,0,0,0,0,0,0,0,1,0,0,1,0,1,0,0,1,0,0,0,0,0,0,0,1,1,0,0,1,1,1,1,0,0,2,0,0,0,1,0,0,1,0,0,0,0,0,0,1,2,0,0,0,0,0,0,2,0,0,0,2,0,0,1,0,2,1,0,0,0,0,0,0,0,1,0,1,0,0,0,0,1,0,0,0,0,0,0,0,0,0,0,0,0,0,0,0,0,1,0,0,0,0,1,0,0,2,1,1,1,0,0,0,1,0,0,0,0,0,1,0,1,0,1,2,0,0,0,1,0,1,0,2,0,0,0,2,1,1,0,0,1,0,0,0,0,0,0,0,0,2,2,0,0,0,0,1,1,0,0,2,0,0,1,0,0,0,1,1,0,0,0,0,1,0,1,0,1,3,0,0,1,0,1,0,0,0,0,0,0,0,0,1,0,0,0,2,1,0,0,2,0,0,1,0,2,1,0,0,0,0,0,0,0,0,0,1,0,0,0,0,0,1,1,0,0,0,0,0,0,1,2,0,3,1,0,0,0,0,1,0,0,0,0,0,0,0,0,0,0,0,0,0,1,1,0,0,1,0,0,1,0,0,0,0,0,0,0,0,0,1,0,0,0,0,1,0,1,1,0,0,0,0,1,0,0,0,0,1,0,1,0,1,0,0,0,1,1,0,0,0,0,1,1,0,0,0,0,0,0,1,0,1,0,0,0,0,0,0,1,0,0,1,0,0,0,0,0,0,0,0,2,1,0,1,2,3,0,0,0,0,0,0,0,0,0,1,0,0,1,0,0,0,0,0,0,0,0,2,0,0,0,0,2,0,0,0,0,0,0,3,0,0,0,0,0,1,0,1,1,1,0,0,0,0,1,0,2,0,0,0,0,1,0,0,0,0,0,0,0,0,0,0,0,0,0,0,0,0,1,0,0,0,0,0,0,0,0,0,0,0,1,0,1,1,0,0,0,0,0,0,0,0,1,0,0,0,0,0,1,0,0,0,1,0,0,0,0,1,0,0,1,0,1,1,0,1,0,0,0,0,0,0,0,2,1,0,0,1,0,0,0,0,0,0,1,1,0,1,0,1,1,0,0,0,0,1,1,1,0,0,0,2,1,0,0,0,2,0,0,0,0,0,0,0,1,1,0,2,1,0,0,0,0,2,0,1,0,0,0,0,0,0,0,0,0,0,0,0,0,0,0,0,2,0,1,0,0,0,2,2,1,1,0,0,1,0,0,0,1,0,0,2,0,0,0,0,0,0,1,0,0,1,0,0,0,1,1,1,1,0,1,1,0,0,0,0,1,0,2,0,1,0,1,0,0,0,0,1,0,0,1,0,0,1,0,0,0,0,0,0,0,0,0,0,0,0,1,2,1,0,0,0,0,1,2,0,0,0,0,0,0,0,0,2,0,0,1,0,1,0,0,0,2,3,0,1,0,0,1,1,0,0,0,0,0,0,0,1,0,2,0,1,0,0,1,0,0,0,0,0,0,0,0,0,1,0,0,0,1,0,0,0,0,0,0,0,1,1,0,0,0,0,0,0,0,0,0,0,1,0,0,0,1,2,0,0,0,0,0,0,0,1,0,0,0,0,1,2,0,0,0,0,2,1,0,0,0,0,0,0,2,1,0,0,0,0,1,1,0,1,0,0,0,1,0,2,0,0,2,0,0,0,0,0,0,0,0,0,0,0,2,0,0,0,1,0,3,0,0,0,0,0,0,2,0,0,0,1,0,0,0,0,0,0,0,2,1,1,2,0,0,0,0,0,2,0,0,0,0,0,1,0,0,0,0,0,0,0,0,1,0,0,0,0,0,0,0,1,0,0,0,0,0,0,1,0,0,0,0,1,1,0,0,0,0,0,0,1,0,0,0,0,0,1,0,0,3,0,0,0,0,0,0,1,0,0,0,0,0,0,1,0,1,0,0,0,0,1,2,0,1,0,1,0,0,0,0,0,0,0,0,1,0,0,0,0,1,0,0,0,1,0,0,0,2,1,0,1,0,1,1,0,1,0,0,1,1,1,0,0,0,1,0,0,0,1,0,1,0,0,0,0,0,0,2,0,1,1,0,0,0,0,0,0,4,0,0,0,0,0,0,0,0,0,1,1,0,0,1,0,0,0,0,0,1,1,0,2,0,1,2,0,0,1,0,0,1,1,0,0,0,0,0,0,1,0,0,0,0
PHACTR1,0,0,0,0,0,0,0,0,0,0,0,0,0,0,0,0,0,0,0,0,0,0,1,1,0,0,0,0,0,0,0,0,0,0,0,0,0,0,1,0,0,0,0,0,0,0,0,1,0,0,0,0,0,0,0,0,0,0,0,0,3,0,0,0,0,0,0,0,0,0,0,0,0,0,1,0,0,0,0,0,0,0,0,0,0,0,0,1,0,0,0,0,0,0,0,0,0,0,1,1,0,0,0,0,0,1,0,0,1,0,0,0,0,0,0,0,0,0,1,0,0,0,0,0,0,0,0,2,0,0,0,0,0,0,0,0,0,0,0,0,0,0,0,0,5,0,0,0,0,0,0,0,0,0,0,0,0,0,0,0,0,0,0,0,0,0,0,0,0,1,0,0,0,0,0,0,0,0,0,0,0,0,0,0,2,1,0,0,2,0,0,3,0,0,1,0,0,0,0,0,0,0,2,0,0,0,1,0,0,0,0,0,0,0,0,0,0,0,1,1,0,0,1,0,0,0,0,0,0,0,0,0,2,0,0,0,0,0,0,0,0,0,0,0,0,0,0,0,0,0,0,1,0,0,0,0,0,0,0,0,0,0,0,0,0,0,0,0,0,0,0,2,1,0,0,0,0,2,0,0,0,0,0,0,0,0,0,0,0,0,0,0,0,0,0,0,0,0,0,0,0,0,0,0,0,0,0,0,1,0,0,0,0,0,0,1,0,0,2,0,0,0,1,0,0,0,0,2,0,0,0,0,0,0,0,0,0,0,0,0,2,0,0,0,0,0,0,0,0,0,0,0,0,0,0,0,2,0,0,0,0,0,0,0,0,0,2,0,0,0,0,0,0,0,0,3,0,0,0,1,0,0,0,0,0,0,0,0,0,0,0,3,0,0,0,0,5,0,0,0,1,0,0,0,0,0,0,0,0,0,0,0,0,0,0,2,0,0,0,0,0,0,0,0,0,0,0,0,0,0,2,0,0,0,0,1,0,0,0,2,0,0,0,0,0,2,0,0,0,0,1,0,0,0,1,0,0,0,0,0,4,0,0,0,1,0,0,0,0,0,1,0,0,0,0,0,0,0,0,0,0,0,0,0,2,0,0,0,0,1,0,0,0,0,0,1,0,0,0,0,0,0,0,0,0,0,0,1,0,0,0,0,1,0,0,0,0,0,0,0,0,0,0,0,1,0,0,0,0,0,0,0,0,0,0,0,0,1,0,0,0,0,0,0,0,0,0,0,1,0,0,1,0,0,0,1,0,0,0,0,0,0,0,0,0,0,0,0,0,0,0,0,0,1,0,0,0,0,0,0,1,0,0,0,0,0,0,0,0,0,0,0,0,0,0,0,0,0,2,0,0,2,0,0,1,3,1,0,0,0,1,0,0,0,0,0,0,0,0,1,0,0,0,0,0,0,0,0,0,0,0,0,0,0,1,0,0,0,0,0,0,0,0,0,0,1,1,0,0,0,0,0,0,0,0,0,0,0,1,0,2,0,0,0,0,0,0,0,0,0,0,0,0,0,0,0,0,1,0,0,0,1,0,0,0,0,1,0,0,0,0,0,0,0,0,0,0,0,0,4,0,0,3,0,0,0,0,0,0,0,0,0,0,0,0,0,0,0,0,0,0,0,0,0,0,0,0,0,0,0,0,0,0,0,0,0,1,1,0,0,0,0,0,1,0,0,0,0,0,0,0,0,0,0,0,0,0,1,0,0,0,3,0,0,0,0,0,0,0,0,0,0,0,0,0,0,0,0,0,0,0,0,0,0,0,0,0,0,0,0,0,0,0,1,1,0,0,1,0,0,0,0,0,0,0,0,0,0,0,0,0,1,0,0,0,0,1,0,0,0,0,0,4,0,0,0,0,0,0,0,0,0,2,0,0,0,0,0,1,0,0,0,0,0,0,1,0,0,0,0,0,0,0,0,0,0,0,1,0,0,0,0,0,0,0,0,0,0,0,0,0,0,0,0,0,0,0,0,0,0,0,0,1,1,0,0,0,0,0,0,0,0,0,0,0,0,1,0,1,0,0,0,0,0,0,0,1,0,0,1,0,0,0,0,0,0,2,0,0,0,0,0,0,0,0,2,0,0,2,0,0,0,0,0,1,0,0,0,0,0,1,0,0,0,0,0,0,0,0,0,0,0,1,0,0,0,0,0,0,0,0,0,0,0,0,0,0,0,0,1,0,6,1,0,0,0,0,0,0,0,0,0,0,0,0,0,0,0,0,0,0,0,0,0,0,0,0,0,1,0,0,0,0,0,0,0,0,0,0,0,0,0,1,0,0,0,0,0,0,0,0,0,0,0,0,0,0,1,0,0,1,5,0,0,0,0,0,0,0,0,0,0,0,0,0,0,0,0,0,0,0,0,0,0,0,0,0,0,0,0,0,0,0,1,0,0,0,1,0,0,1,1,0,0,0,1,0,1,1,1,1,0,0,0,0,0,0,0,1,1,0,0,0,1,0,0,0,0,0,0,0,0,0,1,0,0,0,0,0,0,0,0,0,0,0,0,0,0,0,0,0,0,0,0,1,0,0,0,0,2,0,1,0,0,0,0,0,0,0,0,0,0,0,0,0,1,0,0,0,0,0,0,1,3,0,0,0,1,0,0,1,0,0,0,0,0,1,0,0,0,0,0,0,0,1,0,0,0,0,2,0,0,0,0,0,0,0,0,1,0,0,0,0,0,0,0,0,0,0,0,0,0,0,0,0,0,0,1,0,0,0,0,0,0,0,0,0,0,0,0,0,0,0,0,0,0,0,1,0,0,0,1,0,0,0,0,1,0,0,0,0,0,0,0,0,0,0,0,0,0,0,0,0,0,0,0,0,0,0,0,0,0,1,0,0,0,0,0,0,0,0,0,0,0,0,0,1,0,0,0,1,0,1,0,0,0,0,0,0,0,0,0,0,0,0,0,1,0,0,0,1,0,0,0,0,0,0,0,0,0,1,0,0,0,0,0,0,0,0,3,0,0,0,1,0,0,0,0,0,1,0,0,0,1,0,0,0,0,0,0,1,0,0,0,0,0,0,0,1,0,0,0,0,0,0,0,0,0,0,0,0,0,0,0,0,1,0,0,0,0,0,1,0,0,0,0,0,0,0,2,0,0,0,0,2,0,0,0,0,0,3,0,0,0,0,0,0,0,0,5,0,0,0,0,0,0,0,0,0,1,0,0,0,0,1,0,0,2,0,0,0,0,1,2,0,0,0,0,0,0,0,0,0,0,0,0,0,0,0,0,0,0,0,0,0,0,0,0,0,0,0,0,0,0,0,0,0,1,0,0,0,0,1,0,0,0,0,0,0,0,0,0,0,2,0,0,0,0,0,1,0,0,0,0,0,0,0,0,0,0,0,0,1,1,0,0,0,0,1,0,1,1,0,0,0,0,0,0,0,0,0,0,0,0,0,0,0,0,0,0,0,0,0,0,0,0,1,2,0,0,0,0,0,0,0,0
GBP2,0,0,0,0,0,1,0,0,0,0,0,0,0,0,0,0,0,0,1,0,0,0,0,0,0,1,0,0,0,0,0,0,0,0,0,0,0,1,0,0,0,0,0,0,0,0,0,0,0,0,0,0,0,0,0,0,1,0,0,1,0,0,0,0,0,2,1,0,0,2,0,0,0,0,0,0,1,0,0,0,0,0,0,0,0,3,2,0,1,0,0,0,0,0,0,0,3,0,0,0,0,0,0,0,2,1,0,2,1,0,0,0,0,0,0,1,1,0,1,0,0,0,0,0,0,2,0,0,0,2,0,0,0,1,0,0,0,0,0,3,0,0,1,0,0,0,1,0,1,1,1,0,0,0,0,2,2,0,0,0,0,0,0,1,0,3,1,1,0,2,0,1,1,0,0,0,0,0,0,0,0,0,0,0,1,0,0,0,0,1,0,0,0,0,2,2,0,0,0,0,0,0,0,0,0,0,0,0,0,0,0,0,0,0,0,0,1,0,0,0,0,0,0,0,1,0,0,0,0,0,1,0,1,0,0,0,0,2,0,0,0,0,0,0,0,0,0,1,0,0,0,0,0,0,0,0,0,0,0,0,0,0,0,0,0,0,0,0,0,0,2,0,0,2,0,0,0,0,1,1,0,0,1,0,0,0,0,0,2,1,0,0,1,1,0,0,0,0,0,2,1,0,0,1,0,0,2,0,1,2,0,0,0,0,0,0,0,0,1,0,2,0,0,0,0,0,0,0,1,0,0,0,0,0,0,0,1,0,2,0,1,1,0,0,0,0,0,0,0,0,0,0,1,0,0,0,0,2,0,0,0,0,0,0,0,0,0,0,0,0,0,0,1,0,0,0,1,0,0,0,0,0,0,0,0,0,0,0,0,0,1,1,0,1,0,0,0,2,0,0,0,1,0,1,0,0,0,0,0,0,0,1,0,0,0,0,0,0,0,0,0,0,0,0,0,0,0,0,1,0,0,1,0,1,0,0,1,1,0,0,0,0,0,0,0,2,0,0,0,0,0,1,0,0,0,0,0,0,0,0,0,1,0,0,0,0,0,0,0,0,0,0,0,0,0,0,0,0,0,1,0,0,0,1,0,0,0,0,0,0,1,0,1,1,0,0,0,0,0,0,0,0,1,1,0,0,0,0,0,0,0,0,0,0,0,0,0,0,0,0,0,0,0,0,0,0,0,0,0,0,0,1,0,1,0,0,1,0,0,1,3,0,0,1,0,2,0,0,1,0,1,0,0,0,0,1,0,0,0,0,0,0,0,0,1,0,1,0,1,0,1,1,1,0,0,0,0,1,0,0,0,1,0,0,0,1,0,0,0,0,2,0,1,0,1,0,0,0,0,0,0,1,1,0,0,0,0,0,0,0,0,0,0,2,1,1,0,1,0,0,0,0,0,0,0,0,0,0,1,0,0,0,0,1,0,0,0,0,3,0,0,0,0,0,1,0,0,0,0,0,1,0,0,0,0,0,0,0,0,0,2,0,0,2,1,1,0,0,0,0,1,0,0,0,0,1,0,0,0,0,0,0,0,0,0,0,1,0,0,0,0,1,1,1,0,0,0,0,0,0,1,0,0,0,0,0,0,0,0,1,0,0,0,0,0,0,0,2,0,1,0,0,0,0,0,1,0,1,0,2,0,0,0,0,0,0,0,0,0,0,0,0,0,0,2,0,0,1,0,0,0,1,0,0,0,0,0,0,0,1,1,0,0,0,0,0,1,0,1,0,0,0,0,0,0,0,0,1,0,0,0,0,0,1,0,1,1,0,0,1,0,2,0,0,0,1,0,2,0,0,0,1,0,0,2,1,2,0,0,1,2,0,0,0,0,0,0,0,0,0,0,0,0,0,0,1,0,0,0,1,0,0,0,0,0,0,2,1,0,0,0,0,2,0,0,0,0,3,0,1,0,0,0,0,0,0,0,0,0,0,0,1,0,0,0,0,1,0,0,0,0,0,3,0,0,0,0,0,0,0,0,0,0,0,0,1,0,0,0,0,2,0,1,1,0,0,0,0,0,2,0,0,0,2,0,0,0,0,0,0,0,0,0,0,0,0,0,0,1,0,0,0,0,0,1,0,0,1,0,0,0,0,0,0,0,0,0,2,1,0,0,0,0,0,0,0,3,1,0,1,0,0,0,2,2,0,0,0,1,0,1,0,0,0,0,1,2,0,0,0,0,0,0,1,0,0,0,0,1,0,1,0,0,1,0,1,0,0,0,0,1,0,1,0,1,0,0,0,0,0,0,1,0,0,0,0,0,0,0,1,0,0,0,0,0,0,0,0,0,0,0,0,0,1,0,0,0,0,1,0,0,0,0,0,1,0,0,0,0,0,0,0,3,1,0,1,0,2,0,0,1,0,0,2,0,0,0,0,1,0,0,1,0,3,0,1,1,0,0,1,1,0,0,0,0,0,0,0,0,0,0,0,0,0,0,1,0,1,1,0,0,1,0,1,0,0,0,0,0,0,0,1,0,0,0,0,2,0,1,0,1,0,0,1,0,1,1,1,2,1,1,0,0,0,0,0,0,0,0,0,0,0,5,0,0,1,0,0,0,0,0,0,0,0,0,0,0,1,0,0,1,0,0,0,1,1,1,0,0,0,0,0,0,0,0,0,0,1,0,0,1,0,0,0,0,0,0,0,0,0,0,0,0,0,0,0,0,1,0,1,0,0,0,0,1,2,0,1,0,0,0,1,0,1,0,0,0,0,1,0,0,1,0,0,0,0,1,0,0,1,0,0,0,0,0,1,0,0,1,0,0,1,1,0,0,0,0,1,0,0,2,0,0,1,0,0,0,0,0,0,0,1,1,0,0,0,1,0,0,0,0,0,0,0,0,0,0,1,0,0,0,0,2,0,0,0,0,0,0,0,1,1,0,1,1,0,3,0,0,0,0,0,0,0,0,0,2,1,0,1,0,0,1,0,0,1,0,2,2,2,0,2,1,0,1,0,0,0,1,0,0,0,0,0,0,0,0,1,0,1,0,0,0,0,0,1,0,0,1,0,3,0,0,0,1,0,0,0,0,0,0,1,0,1,1,0,0,0,1,0,0,0,1,0,0,1,0,0,0,0,0,0,0,0,0,2,0,0,0,0,1,1,0,0,0,0,0,0,1,0,1,0,0,0,0,0,0,0,0,0,0,0,0,0,1,0,0,0,0,0,0,0,0,0,1,2,0,0,0,1,0,0,1,0,1,0,1,0,0,2,0,0,0,1,1,1,2,0,0,0,1,0,0,0,0,0,0,0,1,0,0,1,2,0,0,1,0,0,0,1,0,0,0,0,0,0,0,0,2,0,0,0,0,0,0,0,2,0,1,1,0,0,0,2,0,0,1,0,0,1,1,0,0,0,0,1,0,0,0,0,0,0,0,1,0,1,0,0,0,0,0,0,0,0,0,1,0,0,0,0,0,0,0,0,0,0,0,2,1,1,0,4,0,0,1,1
CPPED1,0,0,0,0,0,0,1,0,0,0,0,0,2,0,0,3,0,0,0,0,0,0,0,1,0,0,0,0,0,0,0,0,0,0,0,0,0,0,0,0,0,0,0,0,0,0,0,0,0,0,0,0,3,0,0,0,0,0,0,0,1,0,0,2,0,0,0,0,1,1,0,0,0,1,1,0,1,1,0,1,0,0,1,2,0,0,0,0,0,0,1,0,0,1,0,0,0,0,0,0,0,0,0,0,0,0,0,0,1,0,0,0,0,0,0,0,0,0,1,0,0,0,1,0,0,0,0,0,0,0,0,0,0,0,0,0,0,0,2,0,0,1,0,0,1,0,1,1,0,0,2,0,0,0,0,0,0,0,0,1,0,0,3,0,0,0,1,0,1,2,0,0,0,0,0,0,0,0,2,0,0,0,0,0,0,0,0,0,0,1,3,0,0,0,0,0,0,0,0,0,1,0,2,0,0,0,0,0,0,0,0,0,0,0,0,0,0,0,0,1,0,0,0,0,0,0,0,0,0,0,0,0,2,1,1,0,0,0,0,0,1,0,0,0,0,0,0,3,0,0,0,0,0,0,0,0,0,0,0,0,0,0,0,0,0,0,0,0,0,0,0,4,1,1,0,0,0,0,2,0,2,0,0,0,0,0,0,0,0,0,0,0,0,0,0,0,0,0,2,0,0,0,0,0,0,0,0,1,1,1,0,0,0,0,0,0,0,0,0,0,0,0,2,0,0,0,0,0,0,0,0,1,0,0,1,0,0,2,0,0,1,0,1,0,0,0,0,1,0,1,0,0,1,0,0,0,0,0,1,0,0,0,0,0,0,0,2,0,0,0,0,0,0,0,0,1,0,0,0,2,0,0,0,0,0,0,0,0,0,0,0,1,0,2,0,1,1,0,0,0,1,0,0,0,2,0,0,1,1,0,0,0,0,0,0,0,0,0,0,0,0,0,0,0,0,0,0,0,0,0,0,0,0,0,0,0,0,0,0,1,0,0,4,0,0,2,0,0,0,0,0,0,0,0,2,0,0,0,2,0,0,1,0,0,0,0,0,0,0,1,0,0,0,0,0,1,0,0,0,0,1,0,0,0,1,0,1,0,0,0,0,0,0,0,0,0,0,0,0,0,0,1,0,0,0,0,0,2,0,0,0,0,0,0,0,0,0,0,0,1,0,0,0,3,0,0,0,0,1,0,0,0,0,0,0,1,0,0,0,0,1,1,0,0,0,0,0,0,0,0,0,1,0,0,1,2,0,0,0,1,0,0,0,0,0,0,0,0,0,0,0,0,0,0,0,1,0,0,0,0,0,0,0,0,0,0,0,0,0,0,0,0,0,1,0,0,0,0,0,0,0,0,0,0,0,2,0,0,0,0,0,0,0,0,0,0,0,0,0,1,0,0,0,0,0,0,0,1,0,1,0,0,0,0,1,0,0,0,0,0,0,0,0,0,0,0,0,0,0,0,0,0,0,1,0,0,0,0,0,0,3,0,0,0,0,0,0,0,0,0,0,0,1,0,0,0,2,0,0,0,0,2,0,0,1,0,0,0,0,0,0,0,0,0,0,0,0,0,1,0,0,0,0,0,0,1,0,0,0,1,0,0,0,0,1,0,0,0,0,0,0,0,0,0,0,0,0,0,0,0,0,0,0,0,1,0,1,0,0,0,0,0,0,0,0,0,0,0,0,0,0,0,0,0,0,0,0,0,0,0,0,0,0,0,1,0,0,0,0,0,0,0,0,0,1,1,0,0,0,0,0,0,0,0,1,2,0,0,0,0,0,0,0,1,1,0,0,0,3,0,0,0,0,0,0,0,0,0,0,0,0,0,0,0,0,0,1,0,0,0,0,0,1,0,0,0,0,0,0,0,0,0,0,2,0,0,0,0,0,0,0,1,0,0,0,0,0,0,0,0,0,0,0,0,0,0,1,0,1,1,0,0,0,0,0,0,0,0,0,0,0,0,4,0,0,0,0,0,0,0,0,0,1,1,0,0,0,0,0,0,0,0,0,0,0,2,0,1,0,0,0,0,0,0,0,0,0,0,4,1,0,0,0,0,2,0,1,0,0,0,0,4,3,0,1,1,0,0,1,2,1,0,0,0,0,0,0,3,0,0,0,0,0,0,0,0,0,2,0,0,0,0,1,0,0,0,0,0,0,0,0,0,0,0,0,0,0,0,0,0,0,3,1,0,0,0,0,0,0,0,0,0,0,2,0,0,0,0,0,0,0,0,0,0,0,1,0,0,0,0,0,2,0,0,0,0,0,0,0,0,0,0,1,0,0,0,0,0,2,0,0,0,0,0,0,0,0,0,0,0,0,0,0,0,0,2,0,0,0,0,0,0,0,0,0,0,0,0,0,0,0,1,1,0,0,0,1,0,0,0,0,0,0,2,1,0,0,0,0,0,1,0,0,1,0,0,0,0,1,1,0,0,0,0,0,1,1,0,0,0,1,0,0,2,0,0,0,0,1,0,0,0,1,0,0,0,0,0,0,0,0,0,0,0,0,0,0,0,0,0,0,0,0,0,0,0,0,0,2,0,0,0,0,0,0,0,0,1,0,0,0,0,1,0,0,0,0,0,0,0,2,0,0,0,0,0,0,0,0,0,0,0,1,0,0,0,0,0,0,0,0,0,0,1,0,0,0,0,0,1,1,0,1,0,0,0,0,0,1,0,0,0,0,0,0,0,0,0,0,0,0,0,0,0,0,0,0,1,0,1,0,0,0,3,0,0,1,0,0,0,0,0,0,0,0,0,1,1,0,0,0,2,0,0,0,0,1,0,0,0,0,0,0,0,0,0,0,0,0,0,0,0,0,1,0,0,1,0,0,0,0,0,2,0,0,0,0,0,0,0,0,0,0,0,0,0,1,0,0,1,2,0,0,0,0,0,0,0,0,1,0,0,0,0,0,0,0,0,0,1,1,0,0,0,0,0,0,0,0,0,0,0,1,0,0,0,0,0,0,0,0,0,0,0,0,0,0,0,0,1,0,0,0,0,0,0,0,1,2,0,2,0,0,0,0,0,0,0,1,0,0,0,0,0,0,0,0,0,0,0,0,0,0,0,0,3,0,0,0,0,0,0,0,0,1,0,0,0,0,2,0,0,0,0,1,0,0,0,0,1,1,0,0,1,0,2,0,1,0,1,0,1,0,0,0,0,0,0,0,0,0,0,0,0,1,0,0,3,0,0,0,0,3,0,0,0,0,1,0,0,0,1,0,0,0,0,0,1,0,0,0,0,0,0,1,0,0,0,0,0,0,0,0,0,0,3,0,0,0,0,0,0,0,0,0,0,1,0,0,0,0,0,0,1,2,0,0,0,0,3,0,0,0,0,0,1,0,0,0,0,0,0,0,0,0,0,0,0,1,0,0,1,0,1,0,1,0,0,0,1,0,0,0,0,0,0,0,0,0,0,0,0,0,0,0,0,1,2,0,0,0,0,0,0,0,0
ABI3,0,1,1,0,1,1,0,0,0,0,0,0,1,0,0,1,1,0,0,0,0,0,1,0,0,0,0,0,0,0,0,0,0,0,0,1,0,0,1,0,0,1,0,0,0,0,0,0,0,0,0,0,0,0,0,0,0,0,0,0,1,0,0,1,0,0,0,0,0,0,0,0,0,0,0,1,1,0,0,0,0,0,0,0,0,0,0,0,0,1,0,0,0,0,0,0,0,0,0,0,0,0,0,0,0,0,0,2,1,0,2,0,0,0,0,0,0,0,0,0,0,0,0,0,0,0,0,0,0,0,0,0,1,0,0,0,1,0,0,0,0,0,0,0,1,1,0,0,0,0,0,1,2,0,0,0,0,0,0,1,0,0,1,0,0,0,0,0,2,2,0,0,1,0,0,0,0,0,1,0,0,0,1,0,0,0,0,0,0,0,2,2,0,2,0,0,0,3,0,0,0,0,0,0,0,1,0,1,0,0,0,0,1,1,2,1,0,1,0,0,0,0,0,0,0,0,0,1,0,0,0,1,0,0,0,0,0,0,0,0,0,0,0,0,0,0,0,0,1,0,0,0,0,1,0,0,0,0,0,0,0,0,0,0,1,0,0,0,1,1,2,0,0,1,0,0,0,0,0,0,0,0,0,0,0,0,0,0,0,0,0,0,0,0,0,0,0,0,0,1,0,0,3,0,1,0,0,1,6,0,0,0,0,0,0,1,0,1,0,0,0,0,1,0,0,0,0,0,0,0,0,0,0,0,0,0,0,1,0,1,1,0,0,0,0,0,0,0,0,0,0,0,0,0,1,0,0,0,0,0,0,0,0,0,0,0,2,0,0,2,0,0,1,0,0,1,0,0,0,0,0,0,1,0,0,0,0,1,0,1,0,1,0,8,0,0,1,0,1,1,0,0,1,0,0,0,1,0,0,0,0,1,0,0,0,0,0,0,0,0,0,0,0,0,0,0,0,1,0,0,0,0,0,0,0,0,1,0,0,0,0,0,4,0,0,1,3,0,0,0,0,0,0,0,0,0,0,0,0,0,0,0,0,0,0,1,0,0,0,1,0,0,0,0,0,2,0,1,0,0,1,0,1,0,1,0,0,0,0,0,0,1,0,0,0,0,0,0,0,1,0,1,0,1,0,0,0,0,0,0,0,1,0,0,0,0,3,0,0,0,0,0,0,1,0,0,1,0,0,0,1,0,0,0,0,0,1,1,0,0,0,0,0,1,0,0,0,1,4,0,1,1,0,0,0,0,0,2,0,1,0,0,0,1,0,0,0,0,0,0,1,0,0,0,1,0,0,0,1,0,0,0,0,0,0,0,0,0,0,0,0,0,0,3,0,0,0,0,0,0,0,0,1,2,0,2,0,1,0,0,0,0,0,0,0,0,0,0,0,0,0,0,0,0,1,1,0,1,0,0,0,0,0,0,0,0,1,0,0,0,0,0,1,1,0,1,0,0,1,0,0,0,0,0,0,0,0,0,0,1,0,0,0,0,0,0,0,0,0,0,0,1,0,0,2,0,0,1,0,0,0,0,0,0,0,0,0,0,0,0,0,0,0,0,0,0,0,1,0,0,0,0,0,1,0,1,0,0,1,0,0,0,0,0,0,0,0,1,1,0,0,0,0,0,0,0,0,0,0,1,0,1,0,0,0,0,0,0,2,0,0,0,1,1,0,0,0,0,0,0,0,0,0,1,0,0,0,0,1,0,0,0,0,0,0,0,0,0,0,0,0,0,0,0,1,0,0,0,0,0,0,0,0,0,0,1,1,0,0,0,1,0,0,0,1,0,0,0,0,0,0,0,0,0,2,0,0,0,0,0,0,0,0,0,0,0,1,0,0,1,3,0,2,0,0,0,0,0,1,1,0,0,0,0,0,0,0,1,0,1,0,1,0,0,1,0,1,0,1,0,0,0,0,0,0,0,0,0,0,0,1,0,0,1,0,1,0,0,1,0,0,2,1,0,0,0,0,0,0,0,0,0,0,1,0,0,0,0,0,0,0,0,0,0,0,1,1,0,1,0,0,0,0,0,0,0,0,0,4,0,0,0,0,0,0,0,0,0,0,0,0,4,1,0,0,0,0,0,0,1,0,0,0,0,0,1,0,2,1,2,2,0,0,1,0,0,0,0,0,1,0,0,0,0,0,0,0,0,0,1,0,0,1,1,0,1,0,0,0,0,0,2,0,0,0,0,0,0,1,0,0,0,0,1,0,0,0,0,0,0,0,0,0,0,1,0,0,0,0,0,0,0,0,0,0,0,0,0,0,0,0,1,0,0,0,1,0,0,1,0,0,0,0,0,0,1,0,0,0,0,2,0,0,0,0,0,0,0,0,0,0,1,0,0,0,0,0,0,0,0,0,0,0,0,0,0,0,0,0,0,0,0,2,7,1,1,1,0,1,0,1,0,0,2,0,0,0,0,0,1,0,0,0,0,1,2,1,0,0,0,0,0,0,0,0,0,0,0,1,0,0,1,3,0,0,0,0,0,0,0,0,0,0,0,0,0,0,0,0,0,0,0,0,0,0,0,1,0,0,0,0,0,0,0,1,0,0,0,0,0,1,0,1,2,0,0,0,0,0,0,0,0,0,0,0,1,0,0,0,0,0,0,0,0,0,0,0,1,0,0,2,1,0,0,0,2,0,0,0,1,0,0,0,0,0,0,0,0,0,0,0,0,0,0,0,0,1,0,0,0,0,0,0,0,0,0,0,0,0,0,0,0,1,7,0,0,2,0,0,0,0,0,0,0,0,2,2,1,0,0,0,0,0,0,0,0,0,0,0,0,0,1,0,0,0,0,0,0,0,0,2,0,0,0,0,0,4,0,0,0,0,0,0,0,1,0,0,0,1,0,0,0,0,0,0,0,0,0,1,0,0,0,1,0,0,0,0,0,0,0,0,0,0,0,0,0,2,1,0,0,2,0,0,0,1,0,0,0,0,0,0,0,0,0,0,0,0,0,0,0,0,0,0,1,0,0,0,0,0,0,0,0,0,0,0,0,0,0,5,0,0,0,0,1,0,1,0,1,0,0,0,0,1,0,0,0,0,0,0,0,0,2,0,0,2,1,0,0,0,0,0,0,0,0,1,0,0,0,0,0,1,0,0,0,0,0,0,0,1,0,1,0,0,0,0,1,0,0,1,1,0,1,1,0,1,0,1,0,0,0,0,0,0,0,0,0,0,2,0,0,0,1,1,0,0,0,0,0,1,0,0,2,0,0,0,0,0,0,0,0,0,0,0,0,0,0,1,0,1,2,0,0,0,1,0,0,0,0,0,0,0,0,1,0,0,0,3,0,0,0,0,0,0,1,1,0,0,0,0,1,0,0,0,0,0,0,0,0,0,0,0,0,0,0,0,0,1,0,0,0,0,2,0,0,0,0,1,0,0,0,1,0,0,0,0,0,0,0,0,0,0,0,0,0,0,0,0,0,0,0,0,0,0,0,0,0
LINC01781,0,0,0,0,0,0,0,0,0,0,0,0,0,0,0,0,0,0,0,0,0,0,0,0,0,0,0,0,0,0,0,0,0,0,0,0,0,0,0,0,0,0,0,0,0,0,0,0,0,0,0,0,0,0,0,0,0,0,0,0,0,0,0,0,0,0,0,0,0,0,0,0,0,0,0,0,0,0,0,0,0,0,0,0,0,0,0,1,0,0,0,0,0,0,0,0,0,0,0,0,0,0,0,0,0,0,0,0,0,0,0,0,0,0,0,0,0,0,0,4,0,0,0,0,0,0,0,0,0,0,0,0,0,0,0,0,0,0,0,0,0,0,0,4,0,0,0,0,0,0,0,0,0,0,0,0,0,0,0,0,0,0,0,0,0,0,0,0,0,0,0,0,0,0,0,0,0,0,0,0,0,0,0,0,0,4,0,0,0,0,0,0,0,0,0,0,0,0,0,0,0,0,0,0,0,0,0,0,5,0,0,0,0,0,0,0,0,0,0,0,0,0,0,1,0,0,0,0,0,0,0,1,0,0,0,0,0,0,0,0,0,0,0,0,0,0,0,0,0,0,0,0,0,0,0,0,0,0,0,0,0,0,0,0,0,0,0,0,0,0,0,0,0,0,0,0,0,0,0,0,0,0,0,0,0,0,0,0,0,0,0,0,0,0,0,0,0,0,0,0,0,0,0,0,0,0,0,0,0,0,0,0,0,0,0,0,0,0,0,0,0,0,0,0,0,0,0,0,0,0,0,0,0,1,0,0,0,0,0,0,0,0,0,0,0,0,0,0,0,0,0,0,0,0,0,0,0,0,0,0,0,0,0,0,0,0,0,0,0,0,0,0,0,0,0,0,0,0,0,0,0,0,0,0,0,0,0,0,0,0,0,0,0,0,0,0,0,0,0,0,0,0,0,0,0,0,0,0,0,0,0,0,0,0,0,0,0,0,0,0,0,0,0,0,0,0,0,0,0,0,0,0,0,0,0,0,0,0,0,0,0,0,0,0,0,0,0,0,0,0,0,0,0,0,0,0,0,0,0,0,0,0,0,0,0,0,0,0,0,0,0,0,0,0,0,0,0,0,1,0,0,0,0,0,0,0,0,0,0,0,0,0,0,0,0,0,0,0,0,0,0,0,0,0,0,0,0,0,0,0,0,0,0,0,0,0,0,0,0,0,0,0,0,0,0,0,0,0,0,0,0,0,0,0,0,0,0,0,0,0,0,0,0,0,0,0,0,0,0,0,0,0,0,0,0,0,0,0,0,0,0,0,0,0,0,0,0,0,0,0,0,0,0,0,0,0,0,0,0,0,0,0,0,0,0,0,0,0,0,0,0,0,0,0,0,0,0,0,0,0,0,0,0,0,0,0,0,0,0,0,0,0,0,0,0,0,0,0,0,0,0,0,0,0,0,0,0,0,0,0,0,0,0,0,0,0,0,0,0,0,0,0,0,0,0,0,0,0,0,0,0,0,0,0,0,0,1,0,0,0,0,0,1,0,0,0,0,0,0,5,0,0,0,0,0,0,0,0,0,0,0,0,0,0,0,0,0,0,0,0,0,0,0,0,0,0,0,0,0,0,0,0,0,0,0,0,0,0,0,0,0,0,0,0,0,0,0,0,0,0,0,0,0,0,0,0,0,0,0,0,0,0,0,0,0,0,0,0,0,0,0,0,0,0,0,0,0,0,0,0,0,0,0,0,0,0,0,0,0,0,0,0,0,0,0,0,0,0,0,0,0,0,0,0,0,0,0,0,0,0,0,0,0,0,0,0,0,0,0,0,0,0,0,0,1,0,0,0,0,0,0,0,0,0,0,0,0,2,0,0,0,0,0,0,0,0,0,0,0,0,0,0,0,6,1,0,0,0,0,0,0,0,0,0,0,0,0,0,0,0,0,0,0,0,0,6,0,0,0,0,0,0,0,0,0,0,0,0,0,0,0,0,0,0,0,0,0,0,0,0,0,0,0,0,0,0,0,0,1,0,0,0,0,0,0,0,0,0,0,5,0,0,0,0,0,0,0,0,0,0,0,0,0,0,0,0,0,0,0,0,0,0,0,0,0,0,0,0,0,0,0,0,0,0,0,0,0,0,0,0,0,4,0,0,0,0,0,0,0,0,0,0,0,0,0,0,0,0,0,0,0,0,0,0,0,0,0,0,0,0,0,0,0,0,0,0,0,0,3,0,0,0,0,0,0,0,0,0,0,0,0,0,0,0,0,0,0,0,0,0,0,0,0,0,0,0,0,0,0,0,0,0,0,0,0,0,0,0,0,0,0,0,0,0,0,0,0,0,0,0,0,0,0,0,0,0,0,0,0,0,1,0,0,0,0,0,0,0,0,0,0,0,0,0,0,0,0,0,0,0,0,0,0,0,0,0,0,0,0,0,0,0,0,0,0,0,0,0,0,0,0,0,0,0,0,0,0,0,0,0,0,0,0,0,0,0,0,0,2,0,0,0,0,0,0,0,0,0,0,0,0,0,0,0,0,0,0,0,0,0,0,0,0,0,0,0,0,0,0,0,0,0,0,0,0,0,0,0,0,0,0,0,0,0,0,0,0,0,0,0,0,0,0,0,0,0,0,0,0,0,0,0,0,0,0,0,0,0,0,0,0,0,0,0,0,0,1,0,0,0,0,0,0,0,0,0,0,0,0,0,0,0,0,0,0,0,0,0,0,0,0,0,0,0,0,0,0,0,0,0,0,0,0,0,0,0,0,0,0,0,0,0,0,0,0,0,0,0,0,0,0,0,0,0,0,0,0,0,0,0,0,0,0,0,0,0,0,0,0,0,0,0,0,0,0,0,0,0,7,0,0,0,0,0,4,0,0,0,0,0,0,0,0,0,0,0,0,0,0,0,0,0,0,0,0,0,0,0,0,0,0,0,0,0,0,0,0,0,0,0,0,0,0,0,0,0,0,0,0,0,0,0,0,0,0,0,0,0,0,0,0,0,0,0,0,0,0,0,0,4,0,0,0,0,0,0,0,0,0,0,0,0,0,0,0,0,0,0,0,0,0,0,0,0,0,0,0,0,0,0,0,0,0,0,0,0,0,0,0,0,0,0,0,0,0,0,0,0,0,0,0,0,0,0,0,0,1,0,0,0,0,0,0,0,0,0,0,0,0,0,0,0,0,0,0,0,0,0,1,0,0,0,0,0,0,0,0,0,0,0,0,0,0,0,0,0,0,0,0,0,0,0,0,0,0,0,0,0,0,0,0,0,0,0,0,0,0,0,0,0,0,0,0,0,0,0,0,0,0,0,0,0,0,0,0,0,0,0,0,0,0,0,0,0,0,0,0,0,0,0,0,0,0,0,0,0,0,0,0,0,0,0,0,0,0,0,0,0,0,0,0,0,0,0,0,0,0,1,0,0,0,0,0,0,0,0,0,0,0,0,0,0,0,0,0,0,0,0,0,0,0,0,0,0,0,0,0,0,0,0,0,0,0,0,0,0
MAFB,1,0,0,0,0,0,0,0,0,0,0,0,0,0,0,3,0,0,1,0,0,0,1,0,0,0,0,0,0,0,0,0,0,0,0,0,0,0,0,0,0,0,0,0,0,0,0,1,0,0,0,0,2,0,0,0,0,0,0,0,0,0,0,0,0,0,0,0,0,0,0,0,0,0,0,0,0,2,0,0,0,0,1,0,0,0,0,0,0,0,0,0,0,4,0,2,0,0,0,0,0,0,0,0,0,0,0,0,0,0,0,0,0,0,0,0,0,0,0,0,0,0,0,0,0,0,0,0,0,0,0,0,0,0,0,0,0,0,0,0,0,0,0,0,0,0,0,0,0,0,2,0,0,0,0,0,0,0,0,0,0,0,3,2,0,0,0,0,0,2,0,0,0,0,0,0,0,0,0,0,0,0,0,0,1,0,0,0,0,1,4,0,0,0,0,0,0,0,0,0,0,0,1,0,0,0,0,0,0,0,0,0,0,0,0,0,0,0,0,0,0,0,0,0,0,0,0,0,0,0,1,0,3,0,0,0,0,0,0,0,0,0,0,0,0,0,0,0,0,0,0,0,0,0,0,0,0,0,0,0,0,0,0,1,0,0,0,0,0,0,0,0,0,1,0,0,0,0,2,0,0,0,0,0,0,0,0,0,0,0,0,0,0,0,0,0,0,0,3,0,0,0,0,0,0,0,0,0,4,0,0,0,0,0,0,0,0,0,0,0,0,0,1,0,0,0,3,0,0,0,0,0,0,0,0,0,0,0,0,1,0,0,0,0,0,0,0,1,0,0,1,0,7,0,0,0,0,0,0,0,0,0,0,0,0,0,0,0,0,0,0,0,1,0,0,0,0,0,0,0,0,0,0,0,0,0,0,0,0,0,0,5,0,4,0,0,0,0,0,5,0,0,0,1,0,0,0,0,0,0,0,0,0,0,0,0,0,0,0,0,1,0,0,0,0,0,0,0,0,0,0,0,0,0,0,0,0,0,0,0,0,0,0,0,0,0,0,0,0,0,0,0,0,0,0,0,0,0,0,0,0,0,0,0,0,0,0,0,0,0,0,0,0,0,0,3,1,0,0,0,0,0,0,0,0,0,0,0,0,0,0,0,0,0,0,0,0,0,0,0,0,1,0,0,0,0,0,0,0,0,1,0,0,0,0,0,0,0,0,0,0,0,0,0,0,0,0,0,0,0,0,0,0,0,0,0,0,0,0,0,0,0,0,0,0,0,0,0,0,0,0,1,0,0,0,1,0,1,0,0,0,0,0,0,0,0,0,0,0,0,0,0,0,0,0,2,0,0,0,0,0,0,0,0,0,0,0,0,0,0,0,0,0,3,0,0,0,0,0,0,0,0,0,0,0,0,3,0,0,0,0,0,0,0,0,0,0,0,0,0,0,0,0,0,0,0,0,0,0,0,0,0,0,0,0,0,0,0,0,0,0,0,0,0,0,0,0,0,0,0,1,0,0,0,0,2,0,0,0,0,0,0,0,0,0,0,0,0,0,0,0,0,0,0,0,0,0,1,0,0,0,0,0,0,0,0,0,0,0,0,0,0,0,0,0,0,0,0,0,0,0,0,0,0,0,1,0,0,0,0,0,0,0,0,0,0,0,0,0,0,0,0,0,0,0,0,0,0,0,0,0,0,0,0,0,0,0,0,0,0,0,0,0,0,0,0,0,0,0,0,0,0,0,0,0,0,0,0,0,0,0,0,0,0,0,0,0,0,0,0,0,0,0,0,1,0,0,0,0,0,0,0,0,0,0,1,0,0,0,0,0,0,0,2,1,0,0,0,0,0,0,0,0,0,0,0,0,0,0,0,0,0,0,0,0,0,0,1,0,0,0,0,1,0,0,0,0,0,0,0,0,0,0,0,0,0,0,0,0,0,1,1,0,0,0,0,0,0,0,0,0,0,0,0,0,0,0,1,0,0,0,0,0,0,0,0,0,0,0,0,0,2,2,0,0,0,0,0,0,0,0,0,0,1,2,0,0,0,0,0,0,0,0,1,0,0,0,0,0,0,0,0,0,0,0,0,0,0,0,0,0,0,0,0,0,0,0,0,0,0,0,0,0,0,0,1,0,0,0,1,0,0,0,0,0,0,0,1,0,0,0,0,0,0,0,0,0,0,0,0,0,0,0,0,0,0,0,0,0,0,0,0,0,0,0,0,0,0,0,1,0,0,0,0,0,0,0,0,0,0,0,0,0,0,0,0,0,0,0,0,0,0,0,0,0,0,0,0,0,0,0,0,0,0,0,0,0,0,0,0,0,0,0,0,0,0,0,0,0,0,0,0,0,0,0,0,0,0,0,0,0,0,0,0,0,0,0,0,0,0,0,0,0,0,0,0,0,0,0,0,0,0,0,0,0,0,0,0,0,0,0,0,4,1,1,0,0,0,0,0,1,0,0,1,0,0,0,0,0,0,0,0,0,0,0,0,0,0,0,0,1,0,0,0,0,0,0,0,0,0,0,0,1,0,0,0,0,0,0,0,0,0,0,0,0,0,0,0,0,0,0,0,0,0,0,0,0,0,1,0,0,1,0,0,0,0,0,0,0,0,0,0,1,0,0,0,0,0,0,0,0,0,0,0,0,0,0,0,0,0,0,0,0,0,0,0,0,0,0,0,0,0,0,0,0,0,0,0,0,0,0,0,0,0,0,0,0,0,2,2,0,0,0,0,0,0,0,0,0,0,0,0,0,0,0,0,0,1,0,0,0,0,0,3,0,0,1,0,0,0,0,1,0,0,0,0,0,2,0,0,0,1,0,0,0,0,1,0,0,0,0,0,0,0,0,0,0,0,0,0,1,0,0,0,0,0,0,1,0,0,0,0,0,0,0,0,0,0,0,0,0,1,0,0,0,0,1,0,0,0,1,0,0,0,0,0,0,0,0,0,0,0,0,0,1,0,0,0,0,0,0,0,0,2,0,0,0,0,0,0,0,0,0,0,0,0,0,0,0,0,0,0,0,0,0,0,0,1,0,2,0,0,0,0,0,0,0,0,0,0,0,0,0,0,0,0,0,0,0,0,0,0,0,0,3,0,0,0,1,0,0,1,0,0,0,0,0,0,0,0,0,0,0,0,0,0,1,0,0,0,0,0,0,0,0,0,0,0,0,0,5,0,0,0,0,0,0,0,0,0,0,2,0,0,0,0,0,0,0,0,0,0,0,0,1,0,0,0,0,0,0,0,0,0,0,0,0,0,0,0,0,0,0,0,0,0,0,0,0,0,0,0,1,0,1,0,0,0,0,0,0,0,0,0,0,2,0,0,0,0,0,0,0,0,0,0,0,0,0,0,0,0,0,0,0,0,0,0,0,3,0,0,0,0,0,0,0,0,0,0,0,0,0,0,0,0,0,0,2,0,0,0,0,0,0,0,0,0,0,0,0,0,0,0,0,0,0,0,0,0,0,0,0,0,0,0,0,0,0,0,0,0,0,0,0,0
ZNF331,0,0,0,0,1,0,0,1,0,0,0,0,1,0,0,0,0,1,0,0,0,0,0,0,0,0,0,0,1,0,0,0,0,0,0,0,1,1,0,0,0,0,0,0,0,0,0,0,0,0,0,0,0,0,1,0,0,0,0,0,1,0,1,0,0,0,2,0,1,1,0,0,0,0,0,0,0,0,0,0,0,0,0,0,0,0,0,0,0,2,0,0,0,0,0,0,0,0,0,0,0,0,0,1,0,0,0,1,0,0,0,0,0,1,0,0,0,2,0,0,0,0,0,0,0,0,0,0,0,0,0,0,0,0,0,0,0,0,0,1,0,0,0,0,2,0,0,0,0,0,0,0,0,1,0,0,1,0,0,0,1,0,0,0,1,0,0,0,0,0,2,0,0,0,0,0,0,0,0,0,1,0,0,1,0,0,0,0,0,0,1,0,0,0,0,0,0,0,0,0,0,0,0,0,2,0,0,0,0,1,0,0,1,0,0,0,2,2,2,0,0,0,0,0,0,0,1,0,1,0,0,0,0,0,0,0,0,0,0,0,0,0,0,0,1,0,0,0,0,0,0,0,0,0,0,0,0,0,0,0,0,0,0,0,0,2,0,1,0,1,1,0,0,0,0,0,0,0,0,0,0,0,0,0,0,1,1,0,0,1,1,0,0,0,0,1,1,1,0,0,0,0,1,0,1,1,0,0,0,1,0,0,0,2,0,0,0,0,0,0,1,0,0,0,0,0,0,1,0,0,1,0,0,0,0,0,0,0,1,0,0,0,0,0,0,0,0,0,0,2,0,0,1,0,1,0,0,2,2,1,4,0,0,0,1,1,2,0,0,0,0,0,1,0,0,1,0,0,0,0,0,0,0,1,0,0,0,2,0,0,3,0,1,0,0,0,0,0,0,0,0,0,1,0,0,0,0,0,0,1,0,0,0,0,0,0,0,0,0,0,0,0,0,1,0,0,1,0,0,0,1,0,0,0,0,0,0,0,1,0,0,0,0,0,0,0,0,0,0,0,0,0,0,0,0,0,0,1,0,1,0,0,1,0,1,0,1,0,0,0,0,0,0,0,2,0,0,0,1,1,0,1,0,1,0,1,0,1,0,0,0,0,0,1,1,0,0,0,0,0,0,0,0,1,0,1,0,1,0,0,0,1,0,0,0,0,0,0,1,0,1,1,2,0,0,0,0,0,2,0,0,0,0,0,0,2,0,0,2,0,1,0,0,1,0,2,0,0,0,0,0,0,0,1,0,0,0,0,0,0,0,0,0,1,0,0,0,0,0,0,2,0,0,1,0,0,0,0,0,0,0,0,2,0,0,0,0,0,1,0,0,0,0,0,0,0,1,0,0,0,1,0,0,0,0,1,0,0,0,0,0,0,0,0,0,1,0,0,0,0,0,1,2,0,0,0,2,0,1,1,0,0,0,0,0,0,0,0,0,0,0,0,3,0,0,0,1,1,0,0,0,0,1,0,0,0,0,0,0,0,0,0,1,0,0,0,1,0,0,1,1,1,0,0,0,0,0,0,1,0,0,1,1,1,0,1,0,0,0,0,0,0,1,0,1,2,0,0,0,0,0,0,0,0,0,0,0,0,1,0,0,1,1,0,0,1,1,0,0,1,0,0,0,0,0,1,0,1,0,0,1,0,0,0,3,0,0,0,0,1,0,1,0,0,0,0,0,0,0,1,0,0,0,0,1,1,1,0,0,0,2,0,0,0,0,0,0,1,1,0,0,0,1,0,0,0,0,1,0,0,0,1,0,0,0,0,0,1,0,0,0,0,0,0,0,0,0,0,0,0,0,0,0,0,0,0,1,0,0,1,0,0,0,0,0,0,0,0,0,0,0,0,0,0,0,2,1,0,0,0,0,0,0,0,1,0,0,0,0,0,0,0,0,0,0,0,1,2,0,1,0,0,0,2,2,0,0,0,0,0,0,2,0,0,1,1,3,0,0,0,0,0,0,0,0,0,0,1,0,0,0,0,0,0,0,2,1,0,0,0,0,0,0,0,0,0,0,0,0,1,0,1,0,0,1,0,0,0,0,0,0,0,0,1,0,0,0,0,0,0,1,0,0,0,0,0,1,0,0,0,0,0,0,0,0,1,0,0,0,0,0,0,0,0,0,2,0,0,0,1,0,1,0,0,0,0,0,0,0,0,0,0,0,0,0,0,0,0,0,0,0,1,0,0,1,0,0,1,0,0,0,0,0,0,0,0,0,0,1,0,0,0,0,1,0,0,1,0,0,2,0,0,0,0,3,0,0,0,0,1,0,0,0,0,0,2,0,1,1,1,1,0,1,0,0,0,0,0,0,0,0,0,0,0,0,1,0,0,0,0,0,0,0,0,0,0,0,3,0,0,4,0,1,1,0,0,1,1,0,0,0,1,0,0,0,0,0,1,0,0,0,0,0,0,0,0,0,0,0,0,1,0,1,0,0,3,0,0,0,0,0,1,0,1,0,0,0,0,0,1,0,0,0,0,1,0,1,1,0,3,0,0,0,1,1,0,0,0,0,1,1,0,0,0,0,3,0,1,0,1,0,1,2,0,0,0,0,0,2,0,0,0,0,0,1,0,0,0,0,0,0,0,0,0,0,0,0,1,0,1,0,0,0,0,2,0,0,0,0,0,0,0,1,0,0,0,0,0,0,1,1,1,0,1,0,1,0,0,0,0,0,2,0,0,0,1,0,0,0,1,0,0,0,0,0,0,0,0,0,0,0,1,0,0,0,0,0,0,0,0,0,0,2,0,0,0,0,0,2,0,1,0,0,0,0,0,0,0,0,0,1,4,0,0,0,0,0,0,1,1,0,0,0,0,0,1,0,0,2,0,0,0,1,0,0,1,0,0,0,0,0,0,0,0,0,0,0,0,0,0,0,2,0,2,2,0,0,1,0,0,0,1,0,0,0,0,2,0,0,0,0,0,1,0,0,0,0,0,0,0,0,0,0,1,2,1,0,1,0,0,2,0,0,0,0,0,0,0,0,0,0,0,0,0,0,1,1,0,0,0,0,0,0,0,2,1,0,0,0,0,2,0,0,0,0,0,0,1,0,0,1,0,0,0,0,0,0,0,0,0,0,0,0,1,0,0,0,0,0,0,0,0,0,0,0,0,0,0,0,0,0,0,0,0,1,0,0,1,0,2,0,0,0,0,0,0,0,1,0,0,1,0,0,1,0,0,0,0,1,0,0,1,0,0,1,0,0,1,0,0,0,1,0,1,1,0,0,0,0,0,0,1,0,0,0,0,0,0,0,0,0,1,2,0,1,0,0,0,0,0,0,0,0,0,0,0,1,0,2,0,0,0,0,0,4,0,0,0,1,0,1,0,0,1,0,0,1,0,0,0,0,0,0,0,0,0,0,0,0,0,0,0,0,0,0,0,0,0,0,0,0,0,0,2,1,0,1,1,3,0,0,0,1,0,0,0,0,0,0,1,0,0,2,0,0,0
CD93,0,0,0,0,0,0,0,0,0,0,0,0,1,0,0,0,0,0,1,0,0,0,0,0,0,0,0,0,0,0,1,0,0,0,0,0,0,0,0,0,0,1,0,0,0,0,0,1,0,0,0,0,0,0,0,0,0,0,0,0,1,0,0,0,0,0,0,0,3,0,0,0,0,0,0,0,0,1,0,1,0,0,0,0,0,0,0,0,0,0,0,0,0,2,0,0,0,0,2,0,0,0,1,0,1,0,0,0,0,0,0,0,0,0,0,0,0,0,0,0,0,0,0,0,0,0,0,0,0,0,0,0,0,0,0,0,0,0,0,0,0,0,0,0,0,0,1,2,0,0,0,0,0,0,0,0,0,0,0,1,0,0,0,0,0,0,0,0,1,0,0,0,0,0,1,0,0,0,1,0,0,0,0,0,1,0,0,0,0,1,0,0,0,0,0,0,0,0,0,0,0,0,1,0,0,0,0,0,0,0,0,0,0,0,0,0,0,0,0,0,0,0,0,0,0,0,0,0,0,0,0,0,0,0,0,0,0,0,0,0,0,0,0,1,0,0,0,0,0,0,0,0,0,0,0,0,0,0,0,0,0,0,0,1,0,0,0,0,0,0,0,0,0,0,0,0,0,0,0,0,0,2,0,0,0,0,0,0,0,0,0,0,0,0,0,0,0,0,0,0,0,0,0,0,0,0,0,1,0,0,0,0,0,0,0,0,0,0,0,0,0,0,0,0,0,1,0,0,0,0,0,1,0,0,1,0,0,0,0,0,0,0,0,0,0,0,0,0,0,0,0,0,0,0,0,1,0,0,0,1,0,0,0,0,0,0,0,0,0,0,0,0,0,0,0,0,0,0,0,0,0,0,0,0,0,0,0,0,0,0,1,0,0,0,0,1,0,0,0,0,0,0,0,0,4,0,0,0,0,0,0,0,0,0,0,0,0,0,0,0,0,0,0,0,0,0,0,0,0,0,0,0,0,0,1,0,0,0,0,2,0,0,0,0,0,1,0,0,0,0,0,0,1,0,0,0,0,1,0,0,0,0,0,0,1,0,0,0,0,0,0,2,0,0,0,0,2,0,0,0,0,0,0,0,0,0,0,0,0,0,0,0,0,0,0,0,0,0,0,0,1,0,0,0,0,0,0,0,0,0,0,0,0,0,0,0,0,0,0,0,0,1,0,1,1,0,0,0,0,0,1,0,0,0,0,0,0,1,0,0,0,0,0,0,0,0,1,0,0,0,0,0,0,0,1,0,0,1,0,0,0,0,0,0,0,0,0,0,0,0,0,0,0,0,0,1,0,0,1,0,0,0,0,1,0,0,0,0,0,0,0,0,0,0,0,0,0,0,0,0,0,0,0,0,0,0,0,0,0,0,1,0,0,0,0,0,0,0,1,1,0,0,0,0,0,0,0,0,0,0,0,0,0,0,0,0,0,0,0,0,0,0,0,0,0,0,0,0,0,0,0,0,0,0,0,1,0,0,0,2,0,0,0,0,0,0,1,0,0,0,0,0,0,0,0,0,2,0,0,0,0,0,0,0,0,0,0,0,1,0,0,0,0,0,0,0,0,0,0,1,0,0,0,0,0,0,0,0,0,0,0,0,0,0,0,0,0,0,0,0,0,0,0,0,0,0,0,0,0,0,0,0,0,0,0,0,1,0,0,0,0,0,0,0,0,1,0,0,0,0,0,0,0,0,0,0,0,0,0,0,0,1,0,0,0,0,0,0,0,0,0,0,0,0,1,0,1,0,2,0,0,0,0,0,1,1,0,0,0,0,0,0,0,1,0,0,0,0,0,0,0,0,0,0,0,0,0,0,0,0,0,3,0,1,0,0,0,0,0,0,0,0,0,0,0,0,0,0,0,0,0,0,0,0,0,0,0,0,0,0,0,1,0,0,0,0,0,0,0,0,0,0,0,0,0,0,1,0,0,0,0,0,0,0,0,0,0,0,0,0,0,1,0,0,0,0,0,0,0,0,0,0,0,0,1,0,0,0,0,0,0,0,0,0,0,0,0,0,0,0,0,0,0,0,0,0,0,0,0,1,1,0,0,0,1,0,0,0,0,0,0,0,0,0,0,0,0,0,0,1,0,0,0,0,0,0,0,1,0,0,0,0,0,0,0,0,0,1,0,0,0,0,0,0,0,0,0,0,0,0,0,0,0,0,0,0,0,0,0,0,0,0,0,0,0,0,0,0,0,0,0,0,0,1,0,0,0,0,0,0,0,0,0,0,0,0,0,0,0,0,0,0,0,0,0,0,0,0,1,0,0,0,0,0,0,0,0,0,1,0,0,0,0,0,0,0,0,0,0,0,0,0,0,0,0,1,0,1,0,0,0,0,0,0,0,0,0,0,0,0,0,0,0,0,0,0,0,0,0,0,0,0,0,0,1,0,0,0,0,1,0,0,0,0,0,0,0,1,0,0,1,0,0,0,0,0,1,0,0,0,0,0,0,0,0,1,0,0,0,0,0,0,0,0,0,0,0,0,0,0,0,0,0,0,0,0,1,0,0,0,0,0,0,0,0,0,0,0,0,0,0,0,0,0,0,0,1,0,0,0,0,0,0,0,0,0,0,0,0,0,0,0,0,0,0,0,0,0,0,0,0,0,0,0,0,0,0,0,0,0,0,0,0,0,1,0,1,0,0,1,0,0,0,0,0,0,0,0,1,0,0,0,0,0,0,0,1,0,0,0,1,0,0,0,0,0,0,0,0,1,0,0,0,0,0,0,0,0,0,0,0,2,0,0,0,0,0,2,0,0,0,0,0,0,0,0,1,0,0,0,0,0,0,0,0,0,0,1,0,0,1,0,1,2,0,0,0,0,0,0,0,0,0,1,0,0,0,0,0,0,0,2,0,0,0,0,1,0,0,0,0,0,0,0,0,0,0,0,0,1,0,0,0,0,0,0,0,0,1,0,0,0,0,0,0,0,1,0,0,0,0,0,0,0,0,0,0,0,0,0,0,1,0,1,0,0,0,0,0,0,0,0,0,0,0,0,0,0,0,0,0,0,0,0,0,0,0,0,1,0,0,0,0,0,0,0,0,0,0,0,0,0,1,1,0,0,0,0,0,0,0,0,0,0,0,0,0,0,1,0,0,0,0,0,0,0,0,0,0,0,0,0,0,0,0,0,0,1,0,0,0,1,0,0,0,0,0,0,0,0,0,0,0,0,0,0,0,0,0,0,0,0,0,0,0,0,0,0,0,0,0,0,0,0,0,0,0,0,0,0,0,0,0,0,0,0,0,0,0,0,0,0,0,0,0,0,0,0,0,1,0,0,0,0,0,0,0,0,0,0,0,0,0,0,1,0,0,0,0,2,0,0,0,0,0,0,0,0,0,0,0,0,0,1,0,0,0,0,1,0,0,0,0,0,0,0,1,0,0,4,0,0,0,0,0,0,0,0,0,0,0,0,0,0,1,0,0,2,0,0,0,0,0,0,0,0
HSPA5,0,0,0,1,2,0,1,0,0,0,1,1,0,0,1,1,0,0,0,1,1,0,2,0,0,1,0,0,2,0,1,0,0,2,1,0,0,1,1,0,0,0,0,3,0,1,0,0,0,0,0,1,1,0,0,0,2,0,0,0,3,0,0,0,0,1,1,0,1,0,0,3,0,2,0,0,0,3,0,0,0,0,2,0,1,0,0,0,1,0,2,0,0,2,1,0,1,0,0,1,0,0,0,1,0,1,0,1,0,0,4,0,1,5,0,1,0,0,1,0,1,0,0,0,1,1,0,0,0,0,1,0,0,1,0,0,0,0,0,0,0,1,0,0,1,2,0,1,1,1,4,3,1,0,0,0,2,0,0,1,0,0,0,0,0,0,0,0,0,0,0,4,1,0,0,0,0,0,0,0,0,0,0,0,1,0,0,0,0,0,0,0,0,0,0,1,2,1,0,0,0,1,0,0,0,0,0,0,2,0,0,0,0,0,0,0,0,2,2,0,1,0,1,2,1,0,0,1,0,2,1,1,2,0,1,0,1,0,0,0,1,0,0,0,1,0,0,1,2,0,1,0,0,1,0,1,0,0,0,0,1,0,0,1,0,0,0,0,0,1,1,1,2,0,0,0,0,1,4,0,1,1,0,0,3,0,0,0,0,0,1,0,0,1,0,0,1,0,1,0,1,0,2,0,1,0,0,0,1,0,0,0,1,1,0,0,0,0,0,0,2,2,4,0,0,1,1,0,0,0,0,0,0,0,1,0,1,0,0,0,0,1,2,2,0,0,0,0,0,1,0,0,0,0,0,0,0,0,1,0,0,0,1,0,1,1,5,0,0,2,0,1,1,0,1,1,0,0,0,1,0,0,4,1,0,0,1,0,0,0,0,2,2,1,0,0,1,5,1,1,1,0,1,0,0,1,1,0,0,0,2,0,0,0,1,1,0,0,0,0,0,1,2,0,0,0,0,0,0,1,0,0,0,0,0,0,0,0,0,2,1,0,0,0,1,4,0,0,0,0,0,0,0,0,1,0,0,1,1,1,2,0,0,0,3,0,1,0,2,1,0,1,0,1,1,0,1,0,0,0,0,1,1,3,0,0,0,0,0,1,0,0,1,0,3,0,0,0,0,0,0,2,0,0,1,0,0,1,0,0,0,0,1,1,0,0,2,0,0,0,0,0,0,0,0,0,0,0,1,0,0,0,0,1,0,1,2,0,3,0,3,2,0,0,0,1,0,0,1,0,1,1,0,0,0,1,0,1,0,0,0,0,0,1,0,2,0,0,0,0,0,0,2,0,0,0,0,0,0,1,0,0,3,0,0,2,0,0,0,0,0,1,1,1,0,0,0,0,0,0,1,0,0,3,1,3,0,2,2,0,0,0,1,0,1,0,0,1,0,2,0,1,0,0,1,0,1,0,1,2,0,0,1,0,0,1,0,1,0,0,0,0,2,1,0,0,4,0,0,1,2,1,0,2,1,1,1,1,0,0,1,0,0,2,0,0,0,0,0,0,0,1,1,1,2,1,0,2,0,0,0,1,2,1,1,0,0,0,0,1,1,0,0,0,0,0,0,0,0,2,2,0,3,1,0,0,0,0,1,7,4,2,0,0,0,0,0,1,0,1,0,1,0,1,1,0,1,0,0,0,1,0,0,0,3,0,1,0,0,0,0,0,1,0,0,0,0,1,2,0,1,1,0,1,0,0,0,0,2,0,0,0,1,1,2,0,0,0,1,0,1,0,3,2,0,0,0,0,1,0,0,0,0,1,0,1,0,0,3,0,0,0,0,1,0,1,0,0,1,0,0,0,0,0,2,0,0,0,0,0,0,0,0,0,0,0,0,0,0,2,0,0,0,0,0,0,3,2,1,0,0,0,0,0,0,0,0,0,0,0,1,0,2,1,0,0,1,1,2,0,0,1,0,0,1,0,0,3,0,2,1,0,0,1,0,0,0,1,0,1,0,1,0,0,0,0,0,0,0,0,0,0,1,0,0,1,0,0,0,2,0,0,0,0,0,0,0,0,1,0,0,1,0,1,0,1,0,1,0,0,1,1,1,1,0,1,1,0,0,1,0,0,1,0,0,0,0,3,0,1,0,0,0,0,1,1,0,0,0,1,0,0,1,0,2,0,0,1,1,0,0,0,1,0,1,0,0,1,0,0,4,0,0,0,0,0,0,0,1,0,0,4,1,1,1,1,0,0,1,2,0,2,1,2,0,0,0,0,0,0,2,0,0,2,0,0,0,1,0,0,0,1,0,0,1,1,0,0,1,1,0,1,1,1,0,0,2,0,0,0,0,0,0,0,2,0,0,1,0,0,2,3,0,0,1,0,0,1,0,2,0,2,0,1,0,1,1,1,0,0,0,2,2,1,0,0,0,0,0,1,0,0,1,4,0,1,1,0,0,2,2,1,2,0,1,1,1,0,1,0,1,1,0,0,0,0,1,0,1,0,0,0,0,1,0,0,0,1,1,0,7,0,1,1,0,2,0,0,0,0,2,0,0,0,0,0,0,0,0,0,1,0,3,1,0,2,0,1,0,1,0,0,3,1,0,0,0,0,0,0,0,0,0,2,2,0,0,0,2,1,1,0,0,2,0,0,0,0,0,1,1,2,1,0,0,0,0,1,1,2,0,0,0,0,4,2,1,0,0,1,0,0,1,0,1,1,0,0,1,1,0,1,0,0,0,0,0,0,0,1,1,0,0,1,1,1,0,2,2,0,1,1,0,0,1,1,1,1,0,0,0,5,0,0,0,0,2,0,0,0,0,1,0,0,0,0,0,0,2,1,0,0,0,0,0,0,0,1,1,0,1,1,0,0,0,1,0,0,0,0,3,0,0,0,0,0,0,0,1,0,1,1,2,0,0,0,0,1,1,1,1,0,0,1,1,0,0,0,0,0,0,0,3,1,0,0,0,1,0,0,1,0,2,0,0,4,0,0,1,0,1,1,0,0,0,0,1,1,1,0,0,0,1,0,1,1,2,2,0,4,1,1,0,0,0,0,0,1,3,0,0,0,0,0,0,1,0,0,0,0,1,1,0,0,0,0,0,1,0,0,0,1,1,0,0,0,1,1,1,1,0,0,0,0,3,0,1,0,0,1,1,1,0,1,1,0,0,0,0,2,2,1,1,1,2,0,0,1,0,1,1,1,0,0,1,0,3,0,0,0,2,0,1,0,0,0,1,2,0,0,0,1,2,0,0,0,0,0,0,1,0,0,0,1,0,0,1,0,1,0,1,0,0,0,0,0,1,0,0,0,1,0,0,0,2,0,0,0,0,0,0,1,1,0,0,1,0,1,1,0,0,1,0,0,1,0,0,1,0,1,0,1,4,2,1,1,1,0,1,2,1,0,3,0,0,0,0,0,0,0,0,1,0,0,0,0,0,0,1,0,3,0,1,0,0,0,1,0,0,0,0,0,0,0,0,0,3,2,1,0,1,3,1,0,0,0
PILRA,0,0,0,0,0,1,0,0,0,0,0,0,3,0,0,3,0,0,1,0,0,0,2,0,0,0,0,0,0,0,0,0,0,0,0,0,0,0,0,0,0,0,0,0,0,0,0,1,0,0,0,0,2,0,0,1,0,0,0,0,0,0,0,0,0,0,0,0,0,0,0,0,0,1,0,0,0,2,0,0,0,0,0,1,0,0,0,0,0,0,0,0,0,0,0,3,0,0,0,0,0,0,3,0,0,0,0,0,0,0,0,0,1,1,0,0,0,0,0,0,0,0,0,0,0,0,0,0,1,0,0,0,0,0,0,0,0,0,0,0,0,0,0,0,0,0,0,0,0,0,0,0,0,1,0,0,0,0,0,0,0,0,1,0,0,0,1,0,1,1,0,0,0,0,0,0,0,0,0,0,0,0,0,0,0,0,0,0,1,1,1,0,0,0,0,0,0,0,0,0,0,0,0,0,0,0,0,0,0,0,0,0,0,0,0,0,0,0,0,1,0,0,0,0,0,0,0,1,0,0,0,0,3,2,1,0,0,0,0,0,0,0,0,0,0,0,0,0,1,2,0,0,0,0,0,0,0,0,0,0,0,0,0,0,0,0,0,0,0,0,0,4,0,1,1,0,0,0,0,0,1,0,0,0,0,0,0,0,0,0,0,0,2,0,0,0,0,0,2,0,0,0,0,0,0,0,0,0,2,0,0,0,0,0,0,0,0,0,0,0,0,0,0,0,0,0,0,0,0,0,0,0,0,0,1,0,0,0,0,2,1,0,0,0,0,0,0,0,0,1,2,0,2,0,0,0,0,0,1,0,0,0,0,0,0,0,0,0,0,0,0,2,0,0,0,0,0,0,0,0,0,0,0,0,0,1,0,0,0,0,0,5,0,4,0,1,0,0,0,0,0,0,0,0,1,0,0,0,0,0,0,0,0,0,0,2,0,0,0,0,1,0,0,0,2,0,0,0,0,0,0,0,0,0,0,0,1,0,0,2,0,0,1,0,0,1,0,0,0,0,0,0,0,0,0,0,0,1,4,0,0,0,0,0,1,1,0,0,0,2,0,0,0,0,0,0,0,0,0,0,1,0,0,0,0,0,1,0,0,0,0,0,0,0,0,2,0,0,0,0,0,0,1,0,0,0,0,1,0,0,0,0,0,0,0,0,0,0,0,0,0,0,0,2,1,0,0,0,1,0,0,0,0,0,0,1,0,0,0,0,0,0,0,0,0,0,0,0,0,0,0,1,0,0,0,1,0,4,0,0,0,0,0,0,0,0,0,0,1,0,0,0,0,0,0,0,0,0,1,0,0,0,0,0,0,0,0,0,0,0,0,0,0,0,0,0,0,0,0,0,0,1,1,0,0,0,0,0,0,0,0,0,0,0,0,0,0,0,1,0,0,0,0,0,0,0,0,0,0,0,0,0,0,0,0,0,0,0,0,0,0,0,0,0,0,0,0,0,0,0,0,0,0,0,0,0,0,0,0,0,0,0,0,0,0,0,0,0,0,0,0,0,1,0,0,0,0,2,0,0,0,1,0,0,1,0,0,0,0,0,0,0,0,0,0,0,0,0,0,0,0,0,0,0,0,0,0,0,0,0,0,0,0,0,0,0,0,0,0,0,0,0,0,0,0,0,0,0,0,0,0,0,0,0,0,0,0,0,0,0,0,0,0,1,0,0,0,0,0,0,0,0,0,0,0,0,0,0,0,0,0,0,0,0,0,0,0,0,0,0,0,0,0,0,0,1,0,1,1,0,0,0,0,0,0,3,0,0,0,0,0,0,0,0,3,0,0,0,2,0,0,0,0,0,0,0,0,0,0,0,0,0,0,1,0,0,0,0,0,0,0,0,1,0,0,0,0,0,0,1,0,0,0,1,0,0,0,0,1,0,0,0,0,0,0,0,0,0,0,0,0,0,0,0,0,0,0,1,0,0,0,0,0,0,0,0,0,0,0,0,0,1,1,0,0,0,0,0,0,0,0,0,0,0,3,0,0,0,0,0,0,0,0,0,0,0,0,0,0,0,0,0,0,0,0,0,0,0,1,2,1,0,0,0,2,0,0,0,0,0,0,1,1,0,0,1,0,0,0,0,0,0,0,0,0,0,0,2,0,0,0,0,0,0,0,0,0,1,0,0,0,0,0,0,0,0,0,0,0,1,0,0,0,0,1,0,0,0,0,0,0,1,0,0,0,0,0,0,0,0,0,0,0,1,0,0,0,0,0,0,0,0,0,0,0,0,0,0,0,0,0,1,0,0,0,1,0,0,0,0,0,0,0,0,0,0,0,0,3,0,0,0,0,0,0,0,0,0,0,0,0,0,0,1,0,1,0,0,1,0,0,0,0,0,0,0,0,0,0,0,0,1,0,0,0,0,0,0,0,0,0,0,4,3,0,0,0,0,0,0,2,0,0,0,0,0,0,0,0,5,0,0,0,0,0,0,0,0,0,0,0,0,0,1,0,0,0,0,2,0,0,0,5,0,0,0,0,0,0,0,0,0,1,0,0,0,0,0,0,0,0,0,2,0,0,0,0,0,1,0,0,0,0,0,0,0,0,0,0,0,0,0,0,0,0,0,0,0,0,0,1,0,0,0,0,0,0,0,0,0,0,0,0,0,0,0,0,0,0,0,0,0,0,0,0,0,0,0,0,1,0,0,0,0,0,0,0,1,0,0,0,0,0,0,0,0,0,0,0,0,0,0,0,0,0,0,0,3,0,0,0,0,0,3,0,0,6,0,0,0,0,0,0,0,0,0,1,1,0,0,0,1,0,0,0,0,1,0,0,0,0,0,0,0,0,0,0,0,0,0,4,0,0,1,0,0,0,0,0,0,0,0,3,2,0,0,0,0,0,0,0,0,0,0,0,0,1,0,1,1,1,0,0,0,0,0,0,0,0,0,0,0,0,0,0,0,0,0,1,0,1,0,0,0,0,0,0,0,0,0,0,0,0,0,0,0,0,0,0,0,0,1,0,0,0,0,0,0,0,0,0,0,0,0,0,0,0,0,1,0,0,0,0,0,0,0,0,0,0,0,0,0,0,0,0,0,0,0,0,0,0,4,0,0,0,2,0,0,0,0,1,0,0,0,1,0,1,0,0,0,0,0,0,0,0,0,0,0,0,0,5,0,0,0,0,0,0,1,0,0,0,0,0,0,0,1,0,0,0,0,0,0,0,0,0,0,0,0,0,0,0,0,2,1,0,0,0,0,0,0,1,0,0,0,0,0,0,0,0,0,0,0,0,0,0,0,0,0,0,0,0,0,0,0,0,0,0,0,0,0,0,0,1,0,0,0,2,0,0,0,0,0,0,0,1,0,0,0,0,0,0,0,0,0,0,0,0,0,0,0,0,0,0,0,0,0,0,0,2,0,0,1,0,0,0,0,0,0,0,2,0,0,0,0,0,0,0,0,0,0,0,0,1,0,1,0,0,0,0,0,0,0,0,0,0,0
NAIP,0,0,0,0,0,0,2,0,0,0,1,0,1,0,0,0,0,0,0,0,0,0,0,0,0,1,0,0,0,0,0,0,0,0,0,1,0,0,0,0,0,0,1,0,0,0,0,0,0,0,0,1,0,0,0,1,0,0,0,0,2,0,0,1,0,0,0,0,0,0,0,0,0,1,1,0,0,1,0,1,0,0,0,0,0,0,0,0,0,0,0,1,0,1,0,2,0,0,2,0,0,0,0,0,0,0,0,0,1,0,0,0,0,1,0,0,0,1,0,0,0,0,0,0,0,0,0,0,2,0,0,0,0,0,0,0,0,0,0,0,0,0,0,0,0,0,0,0,0,0,1,0,0,0,0,0,0,0,0,0,0,0,0,1,0,0,1,0,1,0,0,0,0,0,0,0,0,0,0,0,1,0,0,0,0,0,0,0,0,0,0,0,0,0,0,0,0,0,0,0,0,0,1,0,0,0,0,0,0,0,0,0,0,0,0,0,1,0,1,0,0,0,0,0,0,0,0,1,0,0,1,0,0,1,1,0,0,0,0,0,1,0,0,0,0,0,0,2,3,1,0,1,0,0,0,0,0,0,0,1,0,0,0,0,0,0,0,0,0,0,0,4,2,0,0,0,0,2,1,0,1,0,0,0,0,0,0,0,0,0,0,0,0,0,0,0,0,0,0,0,0,0,1,0,0,0,1,0,0,0,0,0,0,0,0,0,0,0,0,0,0,0,0,0,0,0,0,0,0,0,0,1,0,0,0,0,0,1,0,1,1,0,0,1,0,0,1,0,0,2,2,0,0,0,0,0,0,1,1,1,0,0,0,0,0,0,0,0,0,0,0,0,0,0,0,3,0,0,0,0,0,0,0,0,0,0,0,0,0,0,1,0,0,0,0,1,0,0,0,0,4,0,0,0,2,0,0,0,0,0,0,0,0,0,1,0,0,0,0,0,0,0,0,0,1,0,0,1,0,0,0,0,0,0,0,0,0,0,0,0,0,0,1,0,0,1,0,0,0,0,0,0,1,0,0,0,0,0,3,0,0,0,0,0,2,0,0,0,1,0,1,0,0,0,0,0,0,0,0,0,3,0,0,0,0,0,0,0,0,0,0,0,0,1,0,0,0,0,1,1,0,3,0,0,0,0,0,1,0,0,0,0,0,0,0,0,1,0,0,1,0,0,1,1,0,1,0,0,2,1,1,0,0,0,0,2,0,0,0,0,0,0,0,0,0,0,0,0,1,0,0,0,0,0,0,0,0,0,0,0,0,0,0,0,0,0,0,0,0,0,0,0,1,0,0,0,0,0,0,0,0,0,0,2,0,0,0,0,0,1,0,0,0,0,0,0,0,0,0,1,0,2,0,0,0,0,1,0,0,0,0,0,0,0,0,0,0,0,0,1,0,1,0,0,0,1,0,0,0,0,0,0,0,0,0,0,0,0,0,0,0,0,0,0,0,0,0,0,0,1,0,0,0,0,0,0,0,0,0,2,2,0,0,0,0,0,2,0,0,0,0,0,0,0,0,0,0,0,0,0,0,1,0,0,1,0,0,0,0,0,0,0,0,0,0,0,0,0,0,0,0,0,0,0,0,0,0,0,0,0,0,0,0,0,0,0,0,0,0,0,0,0,0,0,0,0,0,0,0,0,0,0,0,0,0,0,0,0,0,0,0,0,0,2,0,0,0,0,0,0,0,0,0,0,0,0,0,0,0,0,0,2,0,0,0,0,0,0,0,0,0,1,0,0,0,0,0,0,1,0,0,0,0,1,0,0,0,0,0,0,0,0,0,2,3,0,0,0,0,0,0,0,0,0,0,0,0,0,0,0,0,1,0,0,0,0,0,0,0,0,0,0,2,0,0,0,0,0,0,0,0,0,0,1,0,0,0,0,2,0,0,1,0,0,0,0,0,0,0,1,0,1,0,0,0,0,0,2,0,0,0,1,0,0,0,0,0,0,0,0,1,0,0,0,0,0,0,0,0,0,0,0,0,0,1,0,0,0,0,0,0,0,0,0,0,2,0,0,0,0,0,0,0,0,0,0,0,0,1,1,1,0,0,0,0,0,0,0,0,0,0,1,1,0,0,1,0,0,0,0,2,0,0,0,0,0,1,0,0,0,0,0,0,0,0,0,0,0,0,0,2,0,0,0,0,0,1,0,0,0,0,0,0,0,0,0,0,0,0,1,0,3,1,0,0,0,0,0,0,0,0,0,0,1,0,0,0,0,0,0,0,0,0,1,0,0,0,0,0,0,0,1,0,0,0,0,0,1,0,0,0,0,4,0,0,1,0,0,1,0,0,0,0,0,0,0,0,0,0,0,3,0,1,0,0,0,0,1,0,0,0,0,0,0,0,0,0,0,0,0,0,1,0,0,0,0,0,1,0,0,0,0,0,0,0,0,0,0,1,0,0,0,0,0,0,0,0,0,4,0,0,0,0,0,0,0,0,0,0,0,1,0,0,1,0,0,0,0,0,0,0,0,0,0,0,0,0,0,0,0,0,0,0,0,0,0,0,0,0,0,0,0,2,0,0,0,1,0,0,0,0,0,0,0,0,0,0,0,0,0,0,0,0,0,0,0,0,0,0,0,1,0,0,1,0,0,0,0,0,0,0,0,0,0,0,0,0,0,0,1,0,0,0,0,0,0,1,0,0,1,0,0,1,0,0,0,0,0,2,1,0,0,0,0,0,0,1,0,0,0,0,0,0,1,0,0,0,0,0,0,0,0,0,0,0,0,0,0,0,0,0,1,0,0,0,0,1,0,0,0,0,0,0,0,0,0,0,0,0,0,0,0,0,0,0,0,0,0,0,0,0,0,0,0,0,0,0,0,0,0,0,0,0,0,1,0,0,0,0,0,0,0,0,0,0,0,0,0,0,0,0,0,0,0,0,0,0,0,0,1,0,0,0,0,0,0,0,0,3,1,0,0,0,3,0,0,0,0,0,0,0,0,0,0,0,0,0,0,0,0,0,2,0,0,0,0,0,0,0,2,0,0,0,0,0,0,0,0,0,0,1,0,0,0,0,1,0,0,0,0,0,0,0,0,0,0,0,0,1,0,0,1,0,2,0,2,0,0,0,0,2,0,0,0,0,0,1,0,0,0,0,0,0,1,0,0,0,0,0,0,0,0,0,0,0,0,0,0,0,0,0,0,0,0,0,0,0,0,0,0,0,0,0,0,1,0,0,1,0,0,0,0,0,0,0,0,0,0,0,0,0,0,0,0,0,0,0,0,0,0,1,0,0,0,0,0,0,0,0,0,0,0,0,0,0,2,0,0,0,0,0,0,0,0,0,0,0,1,0,0,1,0,0,0,1,0,0,0,0,1,0,0,0,0,0,1,0,0,2,0,0,0,0,2,0,0,0,0,2,0,0,0,0,1,0,0,2,0,0,1,0,0,0,0,0,0,0,0,0,0,0,0,0,0,2,0,0,1,1,0,0,0,0,0,0,0
FCRL6,0,0,1,0,0,0,0,0,0,0,0,0,0,0,0,0,0,0,0,0,0,0,0,0,0,0,0,0,0,0,0,0,0,0,0,1,0,0,0,0,0,0,0,0,0,0,0,0,0,0,0,0,0,0,0,0,1,0,0,0,0,0,0,0,0,0,0,0,0,0,0,0,0,0,0,0,0,0,0,0,0,0,0,0,2,0,0,0,1,0,0,0,0,0,0,0,0,0,0,0,0,0,0,0,0,0,0,1,1,0,0,0,0,0,0,0,0,0,0,0,0,0,0,0,0,0,0,0,0,0,0,0,0,0,0,0,0,0,0,1,0,0,0,0,0,0,0,0,0,0,0,0,2,0,0,0,0,0,0,0,0,0,0,0,0,0,0,0,0,0,0,2,0,0,0,0,0,0,0,0,0,0,0,0,1,0,0,0,0,0,0,0,0,0,0,0,0,0,0,0,0,1,0,0,0,0,0,0,0,0,0,0,0,0,0,2,0,0,0,0,0,0,0,0,0,0,0,0,0,0,0,0,0,0,0,0,0,0,0,0,0,0,0,0,0,0,1,0,0,0,0,0,0,0,0,0,0,0,0,0,0,0,0,0,0,0,0,0,0,0,1,0,0,0,0,1,0,0,0,0,0,0,0,0,0,0,0,0,0,0,0,0,0,0,0,0,0,0,0,0,0,0,0,0,0,0,0,0,0,0,0,0,0,0,0,0,0,0,0,0,0,2,0,0,0,0,0,0,0,0,0,0,0,0,0,0,0,0,0,0,0,0,0,0,0,0,0,0,0,0,0,0,0,0,0,0,0,0,0,0,0,0,0,0,1,0,1,0,0,0,0,0,0,0,0,0,0,0,0,0,0,0,0,0,0,0,0,0,0,1,1,0,0,0,0,0,0,0,0,0,0,0,0,0,0,0,0,0,0,0,0,0,0,0,0,0,0,0,0,0,0,0,0,0,0,0,0,0,0,0,0,0,0,0,0,0,0,0,0,0,2,0,0,0,0,0,0,0,0,0,0,0,0,0,0,0,0,0,0,0,0,0,0,0,0,0,0,0,0,0,0,0,0,0,0,0,0,1,0,0,0,0,2,0,0,0,0,0,0,0,0,0,0,0,0,0,0,0,0,2,0,0,0,0,0,0,0,0,0,0,0,0,0,0,0,0,0,0,0,0,0,0,0,0,0,0,0,0,0,0,0,0,1,0,1,0,0,1,0,0,0,0,0,2,0,0,0,0,1,0,0,0,0,0,0,0,0,0,0,1,0,0,0,0,0,0,0,0,0,0,0,1,0,0,0,0,1,0,0,0,0,0,0,0,0,0,0,0,0,0,0,0,1,0,0,0,0,0,0,0,0,0,0,1,0,0,0,1,0,0,0,0,2,0,0,0,0,0,0,0,0,0,0,0,0,1,0,0,0,0,0,0,0,0,0,0,0,0,0,0,0,0,1,0,2,0,0,0,0,0,0,0,0,0,0,0,0,0,0,0,0,0,0,1,0,0,0,0,0,0,0,0,0,0,0,0,0,0,0,0,1,0,0,0,0,0,0,0,0,0,0,0,0,0,0,0,0,0,0,0,0,0,0,2,0,0,0,0,0,0,2,0,0,0,0,0,0,0,0,0,0,0,0,0,0,0,0,0,0,0,1,0,0,0,0,0,0,0,2,0,0,0,0,0,0,0,0,0,0,0,0,0,0,0,0,0,0,0,1,0,0,0,0,0,0,0,0,0,0,0,0,0,0,0,0,0,0,0,0,0,0,0,0,0,0,0,1,0,0,0,1,0,0,0,0,0,0,0,0,0,0,0,0,0,0,1,0,0,0,0,0,0,0,0,0,0,0,0,0,0,0,0,0,0,0,0,0,0,0,0,0,0,0,0,0,0,0,0,0,0,0,0,0,0,0,0,0,1,1,0,0,0,0,0,0,0,0,0,0,0,0,0,0,0,0,0,0,0,2,0,0,0,0,0,0,0,0,0,0,0,0,0,0,0,0,0,0,0,0,0,0,0,0,0,0,0,0,0,0,0,0,0,0,0,0,0,0,0,0,0,0,0,0,0,0,0,0,0,0,0,0,0,0,0,0,0,0,0,0,0,0,0,0,0,0,0,0,0,0,1,0,0,0,0,0,0,0,0,0,0,0,0,0,0,0,0,0,0,0,0,0,0,0,0,0,0,0,0,0,0,0,0,0,1,0,0,0,0,0,0,0,1,0,0,0,0,0,0,0,0,0,0,0,0,0,2,0,0,0,0,0,0,0,0,0,2,0,0,0,0,0,0,0,0,0,0,0,0,0,0,0,0,0,0,0,0,0,0,0,0,1,0,0,0,0,0,0,0,0,0,0,0,0,0,0,0,0,0,0,0,0,0,0,0,0,0,0,0,0,0,0,0,0,0,0,0,0,0,0,0,0,0,2,0,0,0,0,0,0,0,0,0,0,0,0,0,0,0,0,0,0,0,0,0,0,0,0,0,0,0,0,0,0,0,0,0,0,0,0,0,1,0,0,0,0,0,0,0,0,1,0,0,0,0,0,0,2,0,0,0,0,0,0,0,1,0,0,0,0,0,0,0,0,1,0,0,0,0,0,0,0,0,0,0,0,0,0,0,0,0,0,0,0,0,0,0,0,0,0,1,0,0,0,0,0,1,0,0,0,0,1,0,0,0,0,0,0,0,0,0,1,0,0,0,0,0,0,0,0,0,0,0,0,0,0,0,0,0,0,0,0,0,0,0,0,0,0,0,0,2,0,0,0,0,0,0,0,0,0,0,0,0,0,0,1,0,0,0,0,0,0,0,0,0,0,0,0,0,0,0,0,0,0,0,0,0,0,2,0,0,0,0,0,0,1,0,0,0,0,0,0,0,0,0,0,0,0,1,0,0,0,0,0,0,0,0,0,0,0,0,0,0,0,0,0,0,1,0,0,0,0,0,0,0,0,0,0,0,0,0,0,0,0,0,0,0,0,0,2,0,0,0,0,0,0,0,0,0,0,0,0,0,0,0,0,0,0,0,0,0,0,0,0,0,0,0,1,0,0,0,0,0,0,0,0,0,0,1,0,0,0,0,0,0,0,0,0,0,0,0,0,0,0,0,0,0,0,0,0,0,0,0,0,0,0,0,0,0,0,0,0,0,0,0,0,0,0,0,0,0,0,0,0,0,0,0,0,0,0,0,0,0,0,0,0,0,0,0,0,0,0,0,0,0,0,0,0,1,0,0,0,0,0,0,0,0,0,0,0,0,0,0,0,0,0,0,0,0,1,0,0,0,0,0,0,0,0,0,0,0,0,0,0,0,0,0,0,0,0,0,0,0,0,0,0,0,0,0,0,0,0,0,0,0,0,0,0,0,0,0,0,0,0,0,0,0,0,0,0,0,0,0,0,0,0,0,0,0,0,0,0,0,0,0,0,0,0,0,0,0,0,0,0,0,0,0,0,0,0,0,0,0,0,0,0,0
TPM4,0,1,1,0,2,0,0,0,0,0,1,1,1,0,0,1,0,0,0,0,1,0,0,0,0,0,0,0,0,1,0,0,1,2,0,0,0,0,0,0,0,0,0,0,0,0,0,0,0,1,1,0,0,2,1,0,2,0,2,0,2,0,0,0,0,0,1,6,0,0,0,2,0,0,0,0,0,1,0,0,0,2,0,1,0,0,0,1,0,0,0,0,0,0,0,0,0,1,0,1,0,0,0,0,0,0,0,1,2,0,0,0,0,1,0,0,0,0,0,0,0,0,0,0,0,0,0,0,0,0,1,0,0,0,0,1,0,0,0,0,0,1,0,0,2,1,0,1,0,0,2,0,0,0,2,0,0,0,0,0,0,1,1,1,0,3,1,0,1,2,0,0,1,0,1,0,0,0,3,0,0,0,0,0,0,0,0,0,0,1,0,0,0,0,0,0,0,0,6,1,0,1,1,0,0,0,1,0,1,0,0,0,0,0,0,2,0,0,1,0,0,0,0,0,0,0,1,0,0,0,0,0,1,0,0,0,0,1,0,0,0,1,0,0,0,0,0,0,0,1,0,2,0,0,0,0,0,1,1,1,0,0,0,3,0,1,0,0,0,1,1,0,0,0,1,1,0,0,2,0,0,0,0,0,0,0,0,0,0,0,0,0,1,0,1,0,0,0,0,0,0,0,1,0,0,1,0,0,1,0,0,0,1,2,0,0,0,1,0,0,0,1,0,0,1,0,0,0,1,0,1,0,0,0,0,0,0,1,0,1,2,0,0,0,0,0,0,1,0,1,1,0,0,0,0,0,0,1,1,1,1,0,0,0,0,0,5,1,0,1,0,0,2,0,0,1,0,0,0,1,0,0,2,0,0,0,0,0,0,0,0,0,0,0,0,0,0,0,0,0,1,0,2,0,0,0,0,0,2,0,0,0,0,0,0,3,0,0,0,0,1,0,6,0,0,0,1,0,1,1,0,0,0,0,0,0,0,0,0,1,0,0,2,0,0,2,0,0,0,0,1,0,0,0,1,1,0,0,1,0,1,0,0,0,1,0,0,0,0,0,2,0,0,0,0,0,1,0,0,0,0,0,0,1,1,1,0,0,0,0,0,1,0,0,0,1,0,0,2,2,0,1,0,0,0,0,2,0,1,0,0,0,0,0,0,0,1,0,0,0,0,0,0,0,0,1,0,0,1,0,0,0,0,0,0,1,0,2,0,0,7,0,0,1,0,0,0,0,1,0,1,3,0,0,0,4,0,3,1,0,0,0,0,2,0,0,0,0,0,0,0,0,0,0,0,0,0,0,0,0,0,0,0,0,0,0,0,0,0,0,1,0,0,0,0,0,0,0,0,0,1,2,0,0,0,2,1,0,0,0,0,0,0,0,0,0,1,1,0,0,3,0,1,0,2,0,0,0,0,0,0,0,0,2,0,1,0,0,0,0,0,0,0,0,0,0,1,0,0,0,0,0,0,0,0,0,0,0,0,0,1,1,0,0,1,0,1,0,0,1,0,0,1,0,1,0,0,0,0,0,0,0,1,0,0,0,0,0,0,0,0,0,0,0,0,0,1,1,0,1,0,0,0,0,0,0,0,0,0,1,0,0,0,0,1,0,1,0,0,1,0,0,0,0,0,0,0,1,0,1,0,0,0,0,2,0,0,0,0,0,0,0,0,0,0,1,0,0,0,0,2,0,0,0,0,0,0,0,0,0,0,0,0,0,0,0,0,0,0,0,0,0,0,0,1,0,1,0,0,1,0,0,0,1,0,0,0,0,0,0,1,0,0,0,2,0,0,0,0,0,0,0,0,0,1,1,0,1,0,0,0,0,0,0,1,0,0,0,0,1,0,1,2,1,1,0,0,0,0,0,0,0,0,2,0,1,1,1,0,1,0,0,5,0,1,2,0,0,1,0,0,0,0,0,1,0,0,0,0,0,1,0,0,0,0,0,0,1,0,0,0,0,0,0,0,1,0,1,0,1,0,1,1,1,0,0,0,0,0,1,0,0,2,0,0,2,0,0,0,0,1,0,0,0,0,0,0,0,2,1,1,0,0,0,0,1,0,0,0,0,0,2,1,0,0,0,0,0,0,1,1,0,0,0,1,0,0,1,0,1,0,0,2,0,0,0,2,0,0,0,0,0,1,0,1,0,0,0,0,0,0,1,0,0,0,0,0,0,0,1,0,3,1,0,0,0,0,0,0,0,0,0,0,3,0,0,0,0,0,0,1,0,0,0,0,1,0,0,0,0,1,0,1,0,0,0,0,0,0,0,1,0,1,0,0,0,0,0,1,0,0,1,0,0,0,0,1,0,0,0,4,3,0,0,0,0,0,1,0,0,0,1,2,0,0,0,0,0,0,0,0,0,0,0,0,0,0,0,0,0,0,0,0,0,1,0,0,1,0,0,2,0,1,0,0,3,0,0,1,0,1,0,0,0,1,0,0,0,0,0,0,0,0,0,0,0,0,0,0,0,0,0,0,0,1,0,0,0,0,0,2,1,1,2,0,0,0,0,0,1,1,2,1,0,0,0,2,0,1,1,0,1,2,1,0,0,0,2,0,2,0,0,2,0,0,0,0,0,1,0,0,1,1,2,1,0,0,0,0,0,0,0,0,0,0,0,0,0,0,0,0,0,0,2,3,0,1,0,0,3,0,0,0,0,1,0,1,0,0,2,0,0,0,0,0,1,0,2,1,0,0,0,0,0,0,0,1,3,0,0,0,0,0,0,0,0,1,0,0,0,0,0,1,1,0,0,2,2,0,0,1,4,0,0,0,0,1,0,1,0,0,0,0,0,0,0,1,0,0,0,3,0,0,0,0,0,1,2,0,0,0,0,2,1,0,0,0,2,0,0,0,0,0,0,0,1,1,1,0,1,4,0,1,10,0,0,1,0,0,0,1,0,0,0,0,0,3,0,0,1,1,1,1,0,0,0,0,0,0,0,0,0,0,0,0,0,0,0,0,0,1,0,0,0,1,0,0,0,0,0,0,0,1,1,0,0,0,0,5,0,1,0,0,0,0,0,1,0,0,0,0,0,0,0,1,0,1,0,0,0,0,1,0,2,0,0,0,0,0,0,0,0,0,0,1,0,0,0,0,0,1,0,0,0,0,0,0,0,1,0,0,0,0,1,0,2,0,0,0,2,0,0,1,0,0,0,0,0,0,1,0,0,0,0,0,0,0,4,0,0,1,0,0,0,0,0,1,0,0,0,0,0,0,0,0,0,0,1,0,0,1,0,0,0,1,0,0,0,0,0,0,0,0,0,1,1,0,0,0,2,0,0,0,1,0,0,0,0,0,0,1,0,0,1,2,0,0,0,0,0,1,0,1,0,0,0,0,0,0,2,1,1,1,0,0,0,0,0,0,0,0,1,0,1,0,0,0,1,0,2,0,0,0,1,0,0,0,0,0,0,0,0,0,0,0,1,0,3,2,0,0,2,0,0,0,1
CYTOR,0,0,1,1,0,0,0,0,0,0,0,0,0,0,0,0,0,0,1,0,0,0,0,0,0,1,0,0,0,0,0,0,0,0,1,0,0,0,1,0,0,0,0,0,0,0,0,0,0,0,0,0,0,0,0,1,0,0,0,0,1,0,3,0,0,2,0,0,0,0,0,0,0,0,1,0,0,1,0,0,0,1,0,0,0,0,0,0,0,0,0,0,0,0,1,1,0,0,0,0,0,0,1,0,0,0,0,0,0,0,0,0,1,0,0,0,0,0,0,0,0,0,1,0,0,0,0,0,1,0,0,0,0,0,0,0,0,0,1,0,2,0,0,0,1,1,0,0,0,0,0,0,5,0,0,0,1,0,0,0,0,0,1,0,0,2,0,0,0,0,0,0,1,0,1,0,0,0,0,0,0,0,0,0,1,0,0,0,0,1,0,2,0,0,0,0,0,0,0,0,0,0,0,0,0,0,0,0,0,0,0,1,0,0,0,0,0,0,1,1,0,0,1,0,0,0,0,0,0,0,0,0,0,0,1,0,0,0,0,0,0,0,0,0,0,1,1,1,2,0,0,0,0,0,0,0,0,0,0,0,0,0,1,0,0,1,0,0,0,0,0,0,0,0,0,0,0,1,0,0,0,0,0,0,0,0,0,0,0,0,0,0,2,0,0,0,0,0,0,0,0,0,1,0,0,0,0,0,0,0,0,0,0,1,0,0,0,0,0,0,1,0,0,0,0,0,1,0,0,0,0,0,0,0,0,0,0,0,0,1,0,3,0,0,0,1,0,0,0,0,1,0,1,0,0,0,0,0,0,0,1,0,0,0,0,0,1,0,0,0,1,0,0,0,0,1,0,0,0,0,0,0,0,0,0,0,0,0,0,0,0,0,0,2,0,0,1,0,0,0,0,0,0,0,0,0,0,0,0,0,0,0,0,0,0,0,0,0,0,0,0,0,2,0,1,0,0,1,0,0,0,0,0,0,0,0,0,0,0,0,0,0,2,0,0,1,0,0,0,0,1,0,0,0,0,0,0,0,1,0,1,0,0,0,0,0,0,0,0,1,0,0,1,0,0,0,0,0,0,0,1,0,0,1,1,0,0,0,0,0,0,0,0,0,0,0,1,0,0,2,0,0,0,0,0,0,0,1,1,0,0,0,0,0,0,0,0,0,1,0,0,0,0,1,0,0,0,0,0,0,0,0,0,0,0,0,1,1,0,1,2,0,0,1,0,1,0,0,0,0,1,1,0,0,0,0,0,0,0,0,0,0,0,0,0,0,1,0,0,0,0,1,0,0,1,1,1,0,0,0,0,0,0,0,0,0,0,0,0,0,0,0,0,2,0,0,0,0,0,0,0,0,0,1,0,0,0,1,0,0,0,0,1,2,1,0,0,0,0,1,1,0,1,0,1,0,0,0,0,0,0,0,0,0,0,0,0,0,0,0,0,0,0,0,0,0,0,0,0,1,2,0,0,0,0,0,0,0,0,0,0,0,0,1,0,0,0,0,0,0,0,0,0,0,1,0,0,0,0,0,0,1,0,0,1,0,0,0,0,0,0,0,0,0,0,0,0,0,0,1,0,0,0,0,0,0,0,0,0,1,0,0,0,0,1,0,0,0,0,0,0,0,1,1,0,0,0,0,0,0,0,0,0,0,0,0,0,0,0,0,0,0,0,0,3,0,0,0,0,0,0,0,0,0,0,0,0,0,1,0,0,0,0,0,0,0,0,0,0,0,0,1,0,1,1,0,1,0,0,0,0,0,0,0,0,0,2,0,0,0,1,2,0,0,0,0,1,0,0,0,0,0,0,0,0,2,0,0,0,0,2,1,0,0,0,0,0,0,0,1,0,0,0,0,0,1,0,0,0,0,1,1,0,0,0,0,0,0,1,0,1,0,3,0,0,0,0,0,0,0,0,0,0,0,1,0,0,0,0,0,0,0,1,0,0,0,0,0,0,0,0,0,0,0,0,2,0,0,0,0,0,0,0,0,0,0,0,0,0,0,0,0,0,0,0,1,0,0,1,0,0,0,0,0,0,0,0,0,2,0,0,0,0,0,0,0,0,0,0,0,0,2,0,2,0,0,0,0,0,1,0,0,0,0,0,0,0,1,0,1,0,0,6,0,0,0,0,0,0,0,0,0,0,0,0,0,0,0,0,0,0,0,1,1,0,0,0,0,1,0,0,0,0,0,0,0,0,0,0,0,1,0,0,0,0,0,0,0,0,0,0,0,0,0,1,0,0,0,0,0,0,0,0,0,0,1,0,0,1,0,0,0,0,0,0,0,0,0,0,0,0,0,0,0,0,1,0,2,0,0,0,6,0,0,0,0,0,0,0,0,0,0,0,0,0,0,0,1,0,0,0,0,0,0,0,0,2,0,0,1,0,0,0,1,1,0,0,0,3,0,2,0,0,0,0,0,0,0,0,0,0,0,0,0,0,0,0,0,0,0,1,0,0,1,0,0,0,0,1,0,0,0,0,2,2,0,0,0,0,0,0,0,0,0,0,0,0,0,0,1,0,0,1,0,0,0,2,0,0,0,0,0,2,0,0,0,0,0,0,1,0,0,1,1,0,0,0,0,0,0,0,0,1,0,0,1,0,0,0,0,0,1,0,0,0,0,0,0,0,0,0,0,0,0,0,1,1,0,0,1,0,0,0,0,0,0,0,0,0,1,0,0,0,0,0,0,0,0,0,0,0,0,0,0,0,2,0,0,0,1,0,0,0,0,0,0,0,0,0,0,1,0,0,1,0,0,0,0,0,0,2,0,0,0,1,0,0,0,0,0,0,0,0,0,0,0,0,0,0,0,0,0,0,0,0,0,0,0,0,0,0,0,0,1,0,0,0,0,0,0,0,0,1,0,0,0,0,0,0,0,0,0,2,1,0,0,0,0,0,0,0,0,0,0,0,1,2,0,0,0,0,0,0,2,0,0,0,0,0,0,0,0,0,1,1,0,0,0,0,0,0,0,0,0,0,0,0,1,0,0,0,0,0,0,0,0,0,1,4,0,0,0,1,1,0,0,0,0,0,0,0,0,0,0,0,0,0,0,0,0,0,0,0,1,1,0,0,1,0,0,0,0,0,0,1,0,0,0,0,1,0,0,0,0,0,0,0,0,0,0,0,0,0,0,0,0,0,0,0,1,0,0,0,0,0,1,0,0,0,1,0,0,0,0,0,0,0,0,0,0,0,1,0,0,0,0,0,0,0,0,0,0,0,0,0,0,0,0,0,0,0,0,0,0,0,3,0,0,2,1,0,0,1,0,0,1,0,0,0,5,0,0,1,0,0,0,0,1,1,0,1,0,0,1,1,0,1,0,0,0,0,0,1,1,0,0,0,0,0,0,0,0,0,0,0,0,0,1,1,0,0,0,0,1,0,0,0,0,0,1,0,0,0,0,0,0,0,1,0,0,0,0,1,0,0,0,1,0,1,0,0,1,0,0,0,3
PBXIP1,0,0,0,0,0,0,0,2,0,0,0,1,0,0,0,2,0,0,0,0,0,0,0,0,1,0,2,0,0,1,0,0,1,0,0,0,0,0,0,0,1,2,0,1,1,0,1,0,1,0,0,3,0,0,1,0,0,1,0,3,0,1,2,1,0,0,2,0,0,1,0,0,0,0,0,0,0,0,0,0,1,0,0,0,0,0,1,0,0,0,0,1,0,0,3,0,2,0,0,0,0,0,0,1,1,0,0,0,0,0,0,1,0,0,1,0,1,2,0,0,1,0,0,0,0,1,1,0,0,0,0,1,0,0,0,0,1,0,0,1,0,0,0,0,0,0,0,0,1,1,0,0,0,0,0,2,0,1,0,0,0,0,0,0,0,0,0,3,0,0,0,1,0,0,0,1,0,1,0,1,0,0,0,0,0,0,0,0,0,0,0,0,0,0,1,0,0,0,0,1,0,1,0,0,1,0,0,1,0,0,0,0,0,0,0,0,2,1,1,0,1,0,2,0,1,0,0,0,0,0,0,0,0,0,0,0,1,0,0,0,0,1,0,0,0,0,0,0,0,0,0,0,0,0,0,0,0,2,0,0,1,0,1,0,0,0,0,0,1,0,0,0,0,0,0,1,0,0,0,0,0,0,0,0,2,1,0,0,0,0,0,2,0,1,0,0,0,0,0,0,0,0,0,0,0,0,0,0,1,1,1,0,0,1,0,0,0,0,0,0,0,0,0,0,0,0,0,0,0,0,0,0,1,0,0,0,2,0,0,1,0,1,0,0,0,0,0,0,1,0,0,0,0,0,0,0,0,2,0,0,0,0,0,0,0,0,0,0,0,0,0,0,0,0,0,0,0,1,0,0,0,0,1,0,0,0,0,0,0,0,0,0,0,0,0,0,3,2,0,0,0,1,0,1,0,2,0,0,0,0,3,0,0,0,3,0,0,0,0,0,0,2,1,0,0,1,1,0,0,3,0,0,0,1,0,0,0,1,0,0,0,1,0,0,1,1,0,0,0,0,0,2,0,1,0,0,1,0,0,0,1,0,0,0,2,0,0,1,0,1,0,0,0,0,0,0,0,0,0,0,0,0,0,0,0,0,0,2,0,0,1,0,0,0,1,0,1,0,0,0,0,0,0,1,0,2,0,0,0,1,0,0,1,0,0,1,0,0,1,0,0,1,2,0,0,0,0,0,0,0,0,2,0,0,0,0,0,0,0,1,1,2,1,0,0,2,0,0,0,0,0,0,0,0,0,0,0,0,1,0,0,2,0,0,1,1,0,0,0,0,0,0,0,0,0,0,0,0,0,2,2,0,0,0,2,3,1,0,0,1,0,0,0,0,1,0,2,0,0,0,1,0,0,0,0,0,0,0,0,0,1,0,1,1,3,0,1,1,0,0,5,0,0,1,0,0,0,0,0,0,0,0,1,0,0,0,2,0,0,0,0,0,1,0,1,0,0,4,0,1,0,1,1,0,0,1,1,1,0,0,0,0,0,0,1,1,0,0,0,1,0,0,0,1,0,1,0,0,0,1,1,0,0,1,0,0,2,0,0,0,0,0,0,0,0,1,0,1,2,0,0,0,0,0,0,0,0,0,1,0,2,0,0,1,0,0,1,0,0,1,0,0,0,3,0,0,0,2,0,0,1,0,0,0,1,0,0,0,0,0,0,0,1,0,3,0,0,2,0,0,0,0,1,1,0,0,0,0,0,0,0,0,0,1,0,0,3,0,0,0,0,1,0,0,0,0,0,0,0,0,0,0,0,0,0,0,1,0,0,0,0,1,1,0,1,0,0,1,0,0,0,0,0,0,1,0,0,0,1,1,1,0,0,0,0,0,0,0,0,0,0,0,0,0,1,0,0,0,2,0,1,1,0,0,0,1,0,0,0,0,0,0,3,1,1,0,0,0,0,0,0,0,1,0,0,0,0,0,1,0,0,2,0,1,1,0,0,0,1,0,0,0,1,1,0,2,1,0,0,0,0,0,0,1,0,1,0,1,0,0,0,0,0,0,0,1,0,1,0,0,0,0,0,1,0,0,0,1,0,0,1,0,0,0,0,1,0,1,0,1,0,0,0,0,0,0,0,0,0,1,0,0,0,0,0,0,2,0,0,1,1,0,6,0,0,0,1,0,0,0,0,0,0,1,0,0,0,0,0,0,0,0,1,0,0,0,0,0,0,0,1,1,0,0,0,0,0,0,0,1,2,1,0,0,1,4,0,0,0,0,0,1,1,0,1,0,0,1,0,1,0,0,0,0,0,0,0,1,0,0,0,0,0,0,0,0,1,0,0,0,0,0,0,0,1,1,2,0,0,0,1,1,0,0,0,0,1,0,0,0,0,0,1,0,1,0,0,1,0,0,2,0,0,3,1,0,0,1,1,3,0,0,0,0,0,1,0,0,0,0,0,0,0,1,0,0,0,1,0,0,0,0,0,0,0,1,0,0,0,0,0,1,0,0,0,0,0,2,1,0,0,1,1,0,0,1,0,1,0,0,2,0,0,0,0,0,0,1,1,1,1,0,0,0,0,1,0,1,0,0,0,0,0,0,1,1,0,2,0,0,0,1,0,0,0,0,0,0,0,1,0,0,0,0,0,1,0,0,0,0,0,0,1,0,0,0,0,1,0,0,1,0,0,2,0,0,0,0,1,0,2,0,0,0,0,0,0,0,0,0,1,1,0,0,2,2,0,0,0,0,0,1,2,2,0,1,0,0,3,0,0,0,0,0,0,0,0,4,1,1,0,0,0,0,0,1,0,0,1,1,0,0,1,0,0,1,0,2,0,0,0,0,1,1,0,0,0,0,0,1,0,0,0,0,0,0,0,0,2,1,2,0,0,0,0,0,0,0,1,0,0,0,0,0,0,0,0,1,0,0,0,0,0,3,0,0,6,0,0,0,0,0,2,0,0,0,0,1,0,0,0,0,2,0,1,2,0,0,0,0,1,0,1,0,0,0,0,0,0,0,1,0,0,0,0,0,1,1,1,0,0,0,1,0,0,0,1,0,0,0,0,0,1,0,0,0,1,0,0,0,0,1,2,1,1,0,0,0,0,0,0,0,1,0,0,0,1,2,0,0,0,0,0,0,0,0,0,0,2,0,2,0,0,0,0,1,1,1,0,0,0,2,0,0,2,0,0,0,0,0,1,0,0,0,1,0,0,0,0,0,0,1,0,0,0,0,0,0,0,1,0,1,3,0,1,1,0,2,0,1,0,0,0,0,0,3,0,0,0,0,0,1,0,1,0,1,0,0,1,0,0,0,1,1,0,0,0,0,1,1,0,1,0,0,1,0,0,0,2,1,0,1,0,0,0,0,1,1,0,0,1,0,0,0,0,0,0,0,0,0,0,1,0,0,0,0,0,1,0,0,0,0,0,2,0,0,0,0,1,0,0,0,4,1,0,0,1,0,0,1,0,1,0,0,0,1,0,1,1,0,0,1,1,0,1,0
LY96,0,0,0,0,0,0,2,0,0,0,2,0,1,0,0,0,0,0,0,0,0,0,0,0,0,0,0,0,0,0,0,0,0,0,0,0,0,0,1,0,0,0,0,0,0,0,0,2,0,0,0,0,0,0,0,0,0,0,0,0,1,0,0,1,0,0,1,0,0,0,0,0,0,1,0,0,0,0,0,1,0,0,1,0,0,0,0,0,0,0,1,0,0,1,0,0,0,0,1,2,0,0,0,0,0,1,0,0,0,0,0,0,0,0,0,0,0,1,2,0,0,0,2,0,0,0,0,0,0,0,0,0,0,0,0,0,0,0,0,0,0,0,0,0,0,0,0,2,0,0,1,0,0,0,0,0,0,0,0,1,0,0,0,0,0,0,0,0,3,1,0,0,0,0,0,0,0,0,1,0,0,0,0,0,1,0,0,0,2,2,2,1,0,0,0,0,0,0,0,0,0,0,3,1,0,0,1,1,0,0,0,0,0,0,1,0,0,0,1,1,0,0,0,0,0,0,0,0,0,0,0,0,1,1,1,0,0,0,0,0,0,0,1,0,0,0,0,2,3,1,0,3,0,0,0,0,0,0,0,0,0,0,0,0,0,0,0,0,0,0,0,1,0,0,0,0,0,0,1,0,0,0,0,0,0,0,0,0,0,0,0,0,3,0,0,0,0,0,0,0,0,0,0,0,0,0,1,1,0,0,0,0,0,0,0,0,0,0,0,0,0,0,1,0,0,0,0,0,0,0,0,1,0,0,0,0,0,0,0,1,0,0,0,0,0,0,0,2,1,3,0,0,0,1,0,0,0,1,0,2,0,0,0,0,0,0,0,0,0,0,0,0,0,0,0,0,0,0,0,0,0,0,2,0,0,1,0,0,0,0,0,2,0,0,0,0,0,0,0,1,2,0,0,0,1,0,0,0,0,0,0,0,0,0,0,1,0,0,0,0,0,0,0,0,0,0,0,0,0,0,0,0,0,0,0,0,0,0,0,0,0,0,2,0,0,0,0,0,0,0,0,0,1,0,0,0,0,1,1,0,0,0,0,0,0,1,0,0,1,0,3,1,0,0,0,2,0,0,0,0,1,0,0,0,0,0,0,0,0,3,0,0,0,0,0,0,0,0,0,0,0,1,0,0,0,0,0,1,0,0,0,0,0,0,0,0,0,0,0,1,0,0,1,2,0,0,0,0,3,0,3,0,0,1,1,3,0,0,0,0,0,0,0,0,0,0,1,0,0,0,0,0,0,0,0,4,0,1,0,1,0,0,0,0,0,0,0,0,1,0,0,0,0,0,0,2,0,0,2,0,0,0,0,3,0,0,0,0,0,0,0,0,0,1,0,0,0,0,0,0,0,0,1,0,0,0,0,0,0,0,1,0,0,1,0,0,0,0,1,2,0,0,0,0,0,0,0,1,0,1,1,0,0,0,0,0,0,1,0,0,0,0,0,0,0,0,0,0,0,2,0,0,0,0,0,0,0,0,0,1,0,0,0,0,0,0,0,0,1,0,0,0,1,0,0,0,1,0,0,1,0,1,0,0,0,0,0,0,0,0,0,0,0,0,0,0,0,0,0,0,0,0,0,0,0,0,0,0,0,0,0,0,0,0,1,0,0,0,0,0,0,0,0,0,0,0,0,0,0,0,1,0,0,0,2,1,0,0,0,0,0,0,0,2,0,0,0,0,0,0,0,0,0,0,0,0,0,0,0,0,0,0,0,1,2,0,0,0,0,0,0,0,0,0,0,1,0,0,1,0,0,0,0,0,1,1,0,0,0,0,0,1,0,1,1,0,0,0,1,0,0,0,1,0,0,0,0,0,0,0,1,0,0,2,0,0,2,0,0,0,0,0,2,0,0,0,0,0,0,1,0,0,0,1,0,0,0,0,0,0,0,0,0,0,0,0,0,0,0,0,0,1,1,0,0,0,0,3,0,0,0,0,0,1,0,0,0,0,1,0,0,0,2,0,0,0,0,0,0,2,0,0,1,1,3,0,0,0,0,0,0,0,0,1,0,0,0,0,1,0,0,1,0,0,0,0,0,0,2,1,0,0,0,0,0,0,0,0,0,0,0,2,0,0,1,1,0,0,0,1,0,0,0,0,0,0,0,2,0,0,0,0,0,0,0,0,0,1,0,0,0,0,1,0,0,0,0,0,0,2,1,0,0,0,3,0,0,0,1,3,0,3,0,0,0,0,0,0,0,0,0,0,0,0,0,0,1,0,0,0,0,0,0,0,0,0,0,0,0,0,0,1,0,0,0,0,0,0,0,0,0,0,2,0,0,0,0,0,1,0,0,0,0,0,0,1,0,1,0,0,1,0,0,0,0,0,0,0,2,0,0,0,0,0,0,0,0,0,0,0,0,1,1,0,0,0,0,0,0,0,0,0,0,2,0,0,0,0,0,1,0,0,0,0,0,0,1,1,2,3,0,0,0,0,0,0,1,0,0,0,0,0,0,3,0,0,0,0,0,0,0,0,0,1,0,0,0,0,0,1,0,0,0,0,0,0,0,0,0,0,0,0,0,0,0,0,0,0,0,0,0,0,1,0,0,0,0,0,0,0,0,0,4,0,0,0,0,0,0,0,1,0,0,0,0,0,0,0,0,0,0,0,0,0,0,0,0,0,0,0,0,0,0,0,1,0,0,0,0,0,0,0,0,0,0,0,0,0,1,2,0,0,0,0,0,0,3,0,0,1,0,0,0,0,0,0,0,0,0,0,0,0,0,1,0,0,0,0,0,0,0,0,0,0,0,0,0,0,0,0,0,4,0,0,0,0,3,0,0,0,0,0,0,0,0,0,0,0,0,0,1,0,0,0,0,0,2,0,0,0,0,0,2,1,0,0,0,0,1,0,0,0,0,0,0,0,3,0,1,1,4,0,0,0,0,0,0,0,0,1,0,0,0,0,0,0,0,0,1,0,0,0,0,0,0,0,0,0,0,0,0,0,0,0,0,0,0,0,0,0,0,0,0,0,2,0,0,0,0,1,0,0,0,1,0,0,1,0,0,0,0,0,0,0,0,0,0,0,1,0,0,0,0,0,0,0,0,0,2,0,0,0,0,1,1,0,0,0,0,0,0,1,0,0,2,0,1,0,0,1,0,0,0,0,0,0,0,0,0,1,2,0,0,0,0,1,0,0,0,0,0,0,0,0,0,0,0,0,0,0,0,0,0,0,0,0,0,0,0,0,0,0,1,2,0,0,1,0,0,0,0,0,0,0,0,0,0,0,0,1,0,0,0,0,0,0,0,0,0,1,0,0,0,0,0,2,0,0,0,0,0,1,1,0,0,0,0,0,0,0,1,0,0,0,1,0,2,0,0,1,0,0,0,0,0,0,0,0,1,0,0,0,1,1,0,0,0,0,0,0,0,0,0,0,0,0,1,0,0,0,0,0,0,0,0,0,0,0,1,0,0,0,0,0,0,0,0,0,0,0,0,0,0,0,0,0
SMIM14,0,0,0,0,0,0,0,0,0,0,0,0,2,0,0,0,0,0,1,0,0,0,0,0,0,0,0,0,0,6,0,0,6,1,0,0,0,0,2,0,0,0,0,0,0,0,0,0,0,0,0,0,0,0,0,0,0,0,0,0,1,0,0,0,0,0,0,0,0,0,0,1,0,1,0,0,1,0,0,0,0,0,1,0,0,0,0,0,0,0,2,0,1,1,0,0,0,0,0,0,1,0,1,0,1,0,0,0,0,0,0,0,0,0,0,1,0,1,0,1,0,0,1,0,0,0,1,0,0,0,0,0,0,1,0,0,2,0,0,0,0,0,0,4,1,0,0,1,0,0,0,0,0,0,0,1,0,0,0,0,0,0,1,0,0,0,0,0,0,0,0,0,0,0,0,0,0,0,0,0,0,0,0,0,0,1,0,0,0,1,0,1,0,0,0,1,0,0,0,6,0,0,0,0,0,0,0,0,0,0,0,0,0,1,0,0,0,1,0,0,0,1,1,1,0,0,0,0,0,0,0,0,0,0,0,0,0,1,0,0,1,0,0,0,0,1,0,0,0,0,0,0,1,0,0,0,0,0,0,0,0,0,0,0,0,0,0,0,0,0,0,0,0,0,0,0,0,0,0,0,1,0,0,0,0,0,0,0,0,0,0,0,0,0,0,0,0,0,0,0,0,0,0,0,0,0,0,0,0,0,0,0,0,0,0,1,0,0,1,1,0,0,0,0,0,0,0,0,0,0,0,0,0,0,1,1,0,0,0,0,0,0,0,0,0,0,0,0,0,0,1,0,0,0,0,0,0,0,0,1,1,1,1,0,0,0,1,0,0,0,0,0,0,1,0,1,0,1,0,1,0,0,0,0,0,0,0,0,0,0,0,1,0,0,0,0,8,0,0,1,1,0,0,0,0,0,0,1,0,0,0,1,0,0,0,0,0,0,0,0,0,0,0,0,1,0,0,0,0,0,1,0,0,0,0,0,0,0,0,0,0,0,0,0,0,0,1,0,0,0,0,0,0,0,1,0,1,1,0,0,3,0,0,0,2,1,0,0,1,0,0,0,0,0,0,0,0,0,0,0,1,0,0,0,0,0,0,0,0,0,0,0,0,0,0,0,0,0,0,0,0,0,0,0,0,0,2,1,0,1,0,0,0,0,0,0,0,0,0,1,0,0,1,0,0,0,0,1,0,0,1,0,0,0,0,0,0,0,0,0,1,0,0,0,0,0,0,0,2,0,0,1,0,0,1,0,0,0,0,0,0,0,0,0,0,0,0,0,0,1,0,1,0,0,0,0,0,0,0,0,0,0,0,1,1,0,0,0,1,0,0,0,0,0,0,2,0,1,0,0,0,0,0,0,1,0,0,0,0,0,0,0,0,0,0,0,0,0,1,0,0,0,0,0,0,0,0,0,0,0,0,0,0,0,0,0,0,0,0,0,0,0,1,1,0,1,5,0,0,0,0,0,0,0,0,0,0,0,0,0,0,1,1,0,0,0,0,0,1,1,0,0,0,0,0,0,0,0,0,0,0,1,0,0,0,0,0,0,0,0,0,0,0,1,0,0,0,0,1,0,0,1,0,0,0,0,0,0,1,2,1,0,0,0,0,0,0,0,0,0,0,0,0,0,1,0,0,0,0,0,0,0,0,0,3,1,0,2,0,1,4,0,1,0,0,0,0,0,0,0,0,0,0,0,1,0,0,0,0,0,0,0,0,0,0,2,1,0,0,0,0,0,1,0,0,0,0,0,0,0,0,0,0,0,0,0,0,0,0,0,0,0,0,0,0,1,0,0,1,0,0,1,0,0,0,0,0,1,0,0,0,1,0,1,0,0,1,0,0,0,0,0,0,2,2,0,1,0,0,0,0,0,0,0,0,0,0,0,0,0,0,1,0,0,0,0,1,0,0,0,0,0,0,0,0,0,1,0,0,0,0,0,0,0,0,0,0,0,0,0,1,0,0,0,1,1,0,0,0,1,0,0,0,1,1,0,1,0,0,0,0,0,0,0,0,0,0,0,2,0,2,0,0,0,0,0,0,1,0,0,0,0,0,0,0,0,0,0,0,1,0,0,0,0,2,0,0,0,0,0,0,4,0,1,1,1,0,0,0,0,0,0,0,0,0,0,1,0,0,0,1,0,0,0,0,0,1,0,0,0,1,0,0,0,0,1,0,0,2,0,0,1,0,0,0,2,0,0,0,0,0,0,0,0,0,0,1,0,0,0,1,0,0,0,0,0,0,1,1,0,0,0,0,0,0,0,0,0,0,0,0,0,1,0,0,0,1,1,2,0,0,1,0,2,0,0,0,0,0,0,1,4,0,0,0,0,1,0,0,0,0,0,1,0,1,0,1,0,0,0,0,1,0,0,0,0,0,0,0,0,0,0,0,0,0,1,0,0,0,0,0,1,0,0,0,0,0,0,1,0,0,0,0,0,1,2,0,0,0,1,0,0,1,0,0,0,0,0,0,0,0,0,0,0,0,0,0,1,1,0,0,0,1,0,0,0,0,0,0,0,0,0,2,0,1,0,0,0,0,0,0,0,0,0,0,0,0,2,0,0,0,0,0,0,0,2,0,0,0,0,0,1,2,0,0,0,0,0,0,0,1,0,1,0,1,0,0,0,0,0,1,0,0,2,2,0,0,0,0,3,0,0,0,0,0,0,0,0,0,0,0,0,0,0,0,0,1,1,4,0,0,0,0,0,0,0,0,0,0,1,0,0,0,0,0,0,0,0,0,0,0,1,0,0,0,1,1,0,0,0,0,0,0,0,0,0,0,0,0,0,0,0,0,0,0,1,1,1,0,0,0,0,0,0,1,0,0,0,0,0,0,0,1,1,0,1,0,0,0,0,0,0,1,0,0,0,0,0,0,0,0,0,0,0,0,0,0,0,1,0,0,0,0,0,0,2,0,0,0,0,3,0,0,0,2,0,0,0,0,0,0,1,0,1,0,0,1,0,0,1,0,1,0,0,1,0,0,0,0,0,0,0,0,0,0,0,0,0,0,1,2,0,0,0,0,2,0,0,0,0,1,0,0,0,0,1,4,0,0,0,0,1,0,0,0,0,0,0,0,0,0,0,0,0,1,0,0,0,0,2,1,0,0,0,0,0,0,0,0,2,1,0,0,0,0,0,0,0,0,1,0,0,1,0,0,0,0,0,0,2,0,0,0,0,1,0,0,0,0,0,0,0,0,0,1,0,0,0,0,0,0,1,0,0,0,0,1,0,0,1,0,1,0,0,0,0,0,0,0,0,0,0,0,0,0,0,0,3,0,0,0,0,0,0,0,0,3,0,0,0,0,0,1,0,1,0,0,0,0,1,0,0,0,0,0,1,0,0,0,0,0,0,0,0,0,0,0,1,0,0,0,3,0,0,0,0,0,0,0,0,0,0,0,0,0,0,0,1,0,0,0,0,0,0,1,0,1,1,0,0,0,0,0,0,0,0
IER5,0,0,0,0,0,0,0,1,0,0,2,0,0,0,0,1,0,2,0,0,0,0,0,0,0,0,0,0,0,0,0,1,0,0,0,0,0,0,1,0,1,0,1,0,0,0,0,0,0,0,0,0,1,1,0,0,0,0,0,0,3,0,0,0,0,0,0,0,0,0,0,0,0,1,0,0,0,0,0,2,0,0,0,0,0,0,0,1,0,0,1,0,0,1,0,0,0,0,1,1,0,1,1,1,0,0,0,1,0,0,0,0,0,0,0,0,1,1,0,0,0,0,0,0,0,0,0,0,0,0,0,0,0,0,0,0,0,0,0,1,0,0,0,0,1,0,0,1,0,1,0,0,0,0,0,0,0,0,0,0,0,0,2,0,1,0,0,0,0,1,0,0,0,0,0,0,0,0,1,0,0,0,0,0,0,0,0,0,0,0,3,0,0,0,0,0,0,0,0,0,3,1,1,2,0,0,0,0,0,0,0,0,0,0,0,0,0,0,0,0,0,0,0,0,0,0,0,1,0,0,0,0,1,1,1,0,0,0,1,0,2,0,0,0,0,0,0,0,0,2,0,0,0,0,0,1,0,0,0,1,0,0,0,0,0,0,0,1,0,0,1,1,1,1,1,0,0,0,0,0,0,0,0,0,0,0,0,0,0,0,0,0,0,0,0,0,0,0,0,0,0,1,0,0,0,0,0,1,0,0,1,0,0,0,0,0,0,0,0,0,0,0,0,0,0,0,1,0,0,0,0,2,0,0,0,0,0,0,0,0,0,0,3,0,0,1,0,0,0,0,0,0,3,0,0,0,0,0,1,0,0,0,0,0,0,0,1,0,1,0,0,1,0,0,0,0,0,0,0,0,0,0,0,0,0,0,1,1,0,0,0,3,0,0,0,0,0,1,0,1,0,0,2,0,0,0,1,0,0,0,0,0,0,0,0,0,0,0,0,0,0,0,0,1,1,0,0,0,0,0,0,0,1,0,1,0,1,0,0,1,0,0,0,0,0,1,0,0,0,0,0,0,1,0,0,0,0,0,0,0,0,0,0,0,1,1,1,0,1,0,0,0,1,0,0,2,0,0,0,0,0,0,0,1,0,0,0,1,0,0,1,0,0,0,0,1,0,0,0,0,0,1,0,0,0,0,0,0,0,0,0,0,0,0,0,0,0,0,0,0,0,0,1,2,1,1,0,0,0,0,2,0,0,0,0,0,0,0,0,0,1,0,0,0,0,1,0,1,0,0,0,0,0,0,0,4,0,1,0,0,0,0,0,2,0,0,0,0,0,0,0,0,0,1,0,1,0,0,0,0,0,0,0,0,0,0,0,0,0,0,0,0,0,0,0,1,1,0,0,0,0,0,1,0,1,0,1,0,0,0,0,0,0,0,1,0,0,0,0,0,0,1,0,0,0,0,0,0,0,0,2,0,1,0,0,0,1,0,0,0,0,0,0,0,0,0,0,0,0,1,0,0,0,2,1,0,0,0,0,1,0,1,0,0,0,0,0,0,0,0,0,0,1,1,0,3,0,0,0,0,0,0,0,0,0,0,0,0,0,0,0,0,0,0,0,0,0,0,0,0,0,0,0,0,0,2,0,0,0,3,2,0,0,0,1,1,0,1,0,0,0,0,1,0,0,0,1,0,0,0,0,0,0,0,0,0,1,0,0,0,0,0,0,0,0,0,0,0,0,0,0,0,0,1,0,0,0,0,0,0,0,0,1,0,0,0,0,0,0,0,0,0,0,0,1,0,0,0,1,0,0,0,0,0,0,1,2,0,0,0,0,0,0,0,0,0,0,0,0,1,0,0,0,0,0,0,0,0,0,2,0,1,0,0,0,0,2,0,0,0,0,0,2,0,0,0,0,0,0,1,0,0,0,1,0,0,0,0,0,0,0,1,0,0,0,0,0,0,0,0,0,0,0,1,0,0,0,0,0,0,2,0,0,0,0,0,0,1,0,0,0,2,1,0,0,0,0,0,0,0,1,0,2,0,0,0,0,0,0,0,0,0,0,0,0,0,0,0,1,0,0,0,0,0,0,0,0,0,0,0,0,0,0,0,0,0,2,0,0,0,0,0,0,0,0,3,0,0,0,1,0,0,0,0,0,0,0,2,0,0,1,0,0,0,0,0,1,1,0,0,1,0,2,0,0,1,0,0,0,2,0,1,0,1,1,0,0,0,1,0,0,1,0,0,0,0,0,0,0,0,0,0,0,0,0,0,0,0,0,0,0,0,0,0,0,0,0,0,0,1,0,0,0,0,0,1,0,0,0,0,0,0,0,0,0,0,0,0,0,0,0,0,0,0,0,0,1,1,0,0,2,0,0,0,0,5,0,0,0,0,0,1,1,0,0,0,0,0,0,0,0,1,0,1,0,0,0,0,0,0,0,0,0,2,1,0,0,0,0,0,1,1,0,1,0,0,0,0,0,1,0,1,0,0,0,0,0,0,0,0,0,0,0,1,0,0,0,0,0,0,1,0,0,1,0,0,0,0,0,0,1,0,0,0,2,0,0,0,0,0,0,0,0,0,0,1,0,0,0,0,0,0,0,1,1,0,0,0,0,0,0,0,0,0,0,0,0,0,0,0,0,0,0,1,0,0,0,0,1,2,1,0,0,0,0,0,0,0,0,0,0,0,0,0,0,0,1,0,0,0,0,0,1,0,0,0,1,0,0,0,0,0,0,0,0,0,2,0,1,0,0,0,0,0,0,0,0,0,0,0,0,0,0,1,0,0,0,0,0,0,1,0,0,0,2,0,0,0,0,0,0,4,0,0,0,0,1,0,0,0,0,0,1,0,0,0,0,0,0,0,1,0,0,0,0,0,0,0,0,0,0,0,3,0,0,0,0,0,0,0,0,2,0,1,0,0,1,1,0,1,4,0,1,0,0,0,0,0,1,2,0,0,0,0,0,1,1,0,1,0,1,0,0,0,0,0,0,1,0,0,0,0,0,0,0,0,0,0,0,0,0,0,1,2,1,0,0,0,0,1,0,0,0,0,0,0,0,0,1,1,0,0,1,0,0,0,0,0,0,0,0,0,0,0,0,0,1,0,2,0,0,1,0,0,0,1,0,0,0,0,0,0,0,1,1,0,0,0,0,1,0,0,0,1,2,0,0,0,0,1,3,0,0,0,0,0,0,0,0,1,0,0,0,0,0,2,0,0,0,0,0,0,0,0,1,0,0,0,0,1,1,0,0,0,0,0,0,0,0,0,0,0,0,0,0,0,0,0,0,0,0,1,0,0,0,0,0,0,2,0,0,0,0,0,0,2,0,0,0,0,0,0,0,0,0,0,0,0,1,0,2,0,0,0,1,0,0,0,0,1,0,0,0,0,0,2,1,0,0,1,0,0,0,0,0,0,1,1,0,0,0,1,0,1,0,0,0,0,0,1,0,0,2,0,0,0,0,0,0,0,1,0,1,0,0,0,0,0,0,0,0,0,0,0,0,0
CHMP1B,0,0,0,0,0,0,0,1,0,0,1,0,0,1,0,2,0,2,1,0,0,0,1,1,1,0,0,0,0,1,0,2,1,0,0,0,1,0,3,0,4,1,1,0,0,0,1,4,0,0,0,0,0,0,1,0,0,0,1,1,4,0,0,0,0,3,0,0,0,1,0,1,0,1,0,0,1,1,0,2,0,0,2,0,0,1,0,0,1,0,1,0,1,0,0,3,0,0,1,0,0,2,0,0,1,1,0,2,0,1,0,0,1,0,0,3,1,1,2,0,0,0,1,0,0,2,0,0,2,0,0,0,0,1,0,1,4,1,0,0,0,0,1,0,2,0,0,0,0,0,2,0,0,1,0,0,1,1,0,0,2,0,0,0,0,0,2,1,1,1,1,0,0,0,2,0,0,1,2,0,0,0,0,1,1,1,0,0,0,3,1,0,1,2,0,0,0,0,0,1,1,0,1,0,1,0,0,0,0,0,2,0,0,0,0,1,1,0,1,0,0,0,0,0,0,0,0,1,0,0,0,1,1,0,0,0,0,0,1,0,0,0,0,0,0,0,0,4,1,2,0,1,0,0,0,1,0,0,1,1,0,0,2,0,1,0,0,0,1,0,2,2,1,1,1,1,0,7,2,1,0,2,2,0,1,0,0,1,1,0,0,0,0,1,1,0,0,0,3,0,4,0,0,0,0,0,0,0,0,1,0,0,2,0,1,0,0,0,2,1,1,0,3,0,0,3,1,1,0,1,1,2,0,0,1,0,0,0,0,0,2,1,2,0,0,0,0,1,2,1,1,1,1,0,0,0,0,0,0,1,0,1,1,0,0,0,2,1,2,1,0,1,0,0,1,7,1,1,2,1,1,0,2,2,0,1,1,0,0,0,0,0,1,1,0,1,0,0,0,5,2,1,0,0,2,1,0,0,2,0,0,0,0,0,0,4,1,0,0,0,0,1,1,0,2,0,0,0,0,0,0,1,0,2,0,0,0,0,1,3,0,0,1,0,0,2,0,0,0,0,1,0,0,0,1,1,0,2,1,2,3,0,0,0,3,2,0,0,2,0,1,0,0,0,0,0,0,0,0,0,1,0,0,0,1,1,0,1,2,2,0,0,0,1,0,1,0,1,1,0,0,0,1,0,0,0,2,2,2,0,0,0,1,0,0,1,0,0,0,2,0,0,1,2,0,1,1,1,1,0,0,0,0,0,3,1,0,1,1,0,2,1,0,1,0,0,1,0,4,0,0,0,0,1,0,4,0,0,0,0,0,0,0,0,0,0,2,0,0,1,0,0,0,0,0,1,0,1,0,1,0,0,1,1,0,0,0,0,0,2,0,0,0,0,1,0,0,1,0,0,0,0,0,0,0,2,2,0,1,0,1,0,0,1,0,0,0,1,0,1,0,1,0,0,0,0,0,1,0,0,0,0,0,0,1,0,0,0,0,0,1,0,0,0,0,0,0,1,1,0,0,1,0,0,1,0,0,0,0,0,1,0,0,0,1,0,0,0,0,0,0,0,0,0,3,0,0,1,0,0,0,2,0,0,0,1,0,0,0,0,0,0,1,0,0,0,0,0,1,2,0,1,0,2,0,0,1,1,1,2,0,0,0,0,1,0,0,2,0,0,0,4,0,0,0,1,0,0,0,1,0,0,0,0,0,0,1,1,0,2,1,0,0,0,0,1,0,0,1,0,0,4,0,0,1,1,0,0,0,1,1,2,0,0,0,1,0,0,0,0,1,1,0,0,0,1,2,0,1,1,1,0,0,0,4,0,0,0,1,1,0,1,0,1,1,0,0,0,1,0,1,0,0,0,1,0,0,1,1,1,1,0,0,1,1,0,1,1,0,0,0,0,1,0,1,0,0,1,1,0,0,1,0,1,0,0,0,0,0,1,0,1,0,0,0,0,0,0,0,1,0,0,0,1,0,0,0,1,0,1,0,1,0,0,2,0,2,0,0,0,2,0,1,1,1,0,0,1,0,0,0,0,0,3,0,0,0,0,0,0,0,0,0,0,0,1,0,0,3,1,0,0,0,1,0,0,1,1,1,2,1,0,4,0,0,0,0,0,1,0,0,1,1,0,0,0,0,0,0,0,0,0,1,0,1,0,2,1,0,0,0,0,0,1,0,1,1,1,0,2,0,0,0,0,0,0,2,0,1,0,0,0,0,1,1,0,0,0,1,0,0,3,0,1,0,0,1,1,0,0,0,2,0,0,1,0,0,0,0,1,0,2,1,1,0,2,0,1,0,2,0,1,0,0,0,0,1,1,0,0,1,0,2,2,0,1,0,2,0,1,1,0,2,1,1,0,0,0,0,1,0,2,0,0,0,3,2,1,2,1,0,0,1,1,1,0,0,0,0,0,0,1,0,0,0,0,0,0,0,0,0,2,3,1,0,0,0,0,0,0,1,0,0,0,0,1,0,1,2,1,1,0,1,0,1,1,0,0,0,0,1,0,0,1,0,0,0,0,0,0,0,0,0,0,0,1,0,3,0,0,0,1,0,0,0,0,0,1,0,0,0,0,0,0,1,1,0,0,1,1,0,0,0,2,0,2,0,0,0,0,0,0,0,0,1,0,0,0,1,0,1,0,1,5,0,0,1,0,1,0,0,1,0,0,0,1,0,0,0,1,0,0,0,0,2,0,5,0,1,0,0,0,2,0,0,2,2,1,1,0,0,0,0,1,0,2,0,1,0,0,3,0,0,0,0,1,0,1,0,0,0,0,0,0,0,0,0,0,0,0,1,0,0,0,0,0,0,0,0,0,0,4,1,0,0,0,1,0,0,1,0,1,0,0,1,0,0,0,1,0,0,0,0,0,0,0,0,1,0,1,1,0,0,0,0,0,0,0,0,1,0,0,0,0,1,0,1,0,1,0,4,0,1,1,0,0,0,0,0,2,0,2,2,0,0,0,1,0,0,0,1,1,0,0,4,0,0,0,1,1,1,0,0,0,0,1,0,0,0,1,0,0,0,3,1,0,1,0,0,0,0,0,0,0,0,0,0,0,1,0,0,0,0,0,0,2,1,0,1,0,0,0,0,0,0,1,1,0,0,1,0,3,0,1,0,1,0,0,0,1,0,0,0,0,4,0,0,0,0,0,0,0,0,0,0,1,1,0,2,1,0,0,0,1,1,0,0,0,0,2,1,0,1,0,2,0,0,0,0,1,2,1,0,0,3,0,0,2,0,1,1,0,2,0,0,0,0,0,0,2,0,0,0,0,0,1,0,0,1,0,0,0,1,0,0,0,1,0,0,0,0,1,1,0,1,0,0,0,2,1,1,0,1,1,0,0,0,0,0,1,0,0,0,1,1,0,0,0,1,1,0,0,2,1,2,0,0,1,0,1,0,1,1,1,1,0,0,0,0,1,2,1,0,1,0,0,0,0,0,1,1,1,0,0,0,0,0,0,0,0,1,0,0,0,0,0,0,4,0,1,0,2,2,0,0,0
MYLIP,1,0,0,0,0,0,0,2,0,0,1,0,0,1,1,0,2,0,0,0,0,1,0,0,0,1,0,0,0,1,0,1,1,0,0,0,0,0,3,0,0,0,0,1,0,2,1,0,3,0,0,0,0,0,1,0,0,1,0,1,0,1,1,0,2,1,1,0,0,0,0,0,0,1,0,0,0,2,0,0,0,1,0,0,0,0,1,1,1,0,0,0,1,0,0,0,0,0,0,2,0,0,1,0,1,0,2,0,0,0,1,3,0,0,0,0,0,1,0,0,1,0,1,0,0,0,0,0,0,0,0,1,0,0,0,0,1,0,0,0,1,0,0,1,0,0,0,0,2,0,0,4,0,1,0,0,1,1,1,0,1,0,0,0,1,2,0,0,0,0,0,2,0,0,0,0,0,0,1,0,0,0,0,0,0,0,0,1,0,2,0,1,0,0,0,0,0,2,0,1,0,0,1,1,1,0,0,1,1,1,0,0,0,1,1,0,1,1,0,1,1,0,0,0,2,1,1,0,1,1,0,0,0,0,0,0,0,0,1,0,0,0,0,0,0,0,1,1,0,0,0,0,1,0,0,0,0,0,0,0,0,0,0,0,0,0,0,0,1,0,0,0,0,0,0,0,0,1,0,0,0,0,1,1,0,0,0,0,1,0,0,0,0,1,0,0,1,0,0,0,1,0,0,2,0,1,3,0,0,0,0,0,1,1,0,0,0,0,0,1,1,0,0,0,0,0,0,0,0,0,2,0,0,0,0,0,0,0,0,0,0,0,0,2,3,2,0,1,0,0,0,1,2,0,0,0,0,0,0,0,0,0,0,0,1,0,2,0,0,2,0,0,1,0,0,1,0,2,0,0,0,0,2,0,0,0,0,1,0,1,0,0,0,0,0,0,0,1,1,0,0,0,0,0,0,2,1,1,0,0,0,0,0,0,0,1,0,0,1,0,0,2,0,1,0,0,1,0,0,0,3,0,0,0,0,0,0,0,0,0,0,0,1,0,1,0,2,2,0,0,1,1,0,1,0,0,0,2,0,1,1,2,0,0,0,0,0,0,1,0,0,0,0,0,0,0,0,0,0,0,0,0,0,1,2,0,0,2,1,0,1,0,0,1,0,1,0,0,1,1,0,0,0,0,0,0,3,0,1,0,0,0,1,0,0,1,0,0,0,1,0,1,1,0,1,0,0,0,0,0,1,1,0,0,1,0,1,1,0,1,2,0,0,0,0,3,0,0,1,0,0,1,1,0,0,0,0,0,0,0,0,0,1,0,0,1,2,1,1,0,0,1,0,0,0,0,1,0,0,0,1,0,0,0,0,1,1,0,0,0,1,0,0,0,0,1,0,0,0,0,0,0,0,0,0,0,0,1,0,0,0,1,1,0,5,0,0,0,0,0,0,1,0,1,0,0,0,0,0,2,1,0,1,0,0,0,1,2,0,0,2,0,3,0,1,0,0,0,0,1,0,0,0,0,0,0,0,0,0,1,0,1,0,0,0,0,0,0,0,0,0,0,0,1,1,0,0,0,0,0,0,0,1,0,0,1,1,0,0,0,0,0,2,0,1,1,1,1,0,0,0,1,1,0,1,0,0,2,0,1,0,0,0,0,0,0,1,0,0,0,0,0,1,0,0,2,0,0,0,1,1,2,1,0,1,0,0,0,0,2,2,0,0,0,1,0,0,0,0,0,1,1,1,1,0,2,0,0,1,0,0,0,0,0,0,0,0,0,0,0,0,0,0,0,1,0,0,1,0,0,0,0,0,1,0,0,1,3,1,0,0,0,1,1,0,1,0,0,0,0,1,0,0,1,0,0,0,1,0,1,0,0,0,0,0,0,0,0,0,0,0,0,2,0,0,2,0,1,0,0,0,0,2,0,1,0,1,1,0,0,0,2,0,0,2,1,0,2,0,0,0,0,0,0,2,0,0,0,0,0,1,1,0,0,0,0,2,0,0,0,0,0,1,0,1,0,1,1,0,0,0,0,0,0,0,0,0,0,0,1,0,1,0,0,0,1,0,0,3,0,1,1,0,0,0,0,0,0,1,0,2,1,1,1,0,0,3,0,0,1,0,1,0,0,0,2,0,1,0,1,0,1,0,1,1,0,1,1,0,0,0,0,0,0,0,0,1,0,0,2,1,1,0,0,0,0,0,0,0,2,0,0,0,1,0,0,0,0,1,0,0,1,1,0,1,0,1,0,0,1,0,0,1,1,1,1,0,1,1,0,0,0,0,0,1,1,1,0,0,1,1,1,0,2,0,0,0,0,0,0,0,0,0,0,1,0,1,2,0,0,0,0,1,0,0,0,4,0,0,0,0,1,0,1,0,0,0,3,1,0,0,0,1,0,0,0,0,0,0,1,0,1,2,0,0,2,0,0,1,0,0,1,0,0,1,1,0,0,0,0,0,0,0,0,0,0,2,0,0,0,1,0,0,0,0,1,0,0,1,0,0,0,0,0,0,0,0,0,0,0,0,2,2,0,1,0,0,0,0,0,1,2,1,1,3,0,2,0,0,1,0,0,0,1,0,1,1,0,0,0,1,0,0,0,0,0,1,0,0,0,0,1,1,2,0,0,0,0,0,0,1,0,0,0,0,1,2,0,0,0,0,1,0,0,0,0,0,0,0,2,0,0,1,0,0,2,0,0,0,4,2,0,0,0,0,0,0,0,1,0,1,1,0,0,0,0,1,0,0,1,0,0,0,0,0,1,1,0,1,0,0,1,0,0,1,0,0,0,1,1,0,0,0,0,0,0,0,0,1,1,1,0,0,0,1,3,0,0,0,1,0,0,0,0,1,1,0,1,0,0,0,0,2,0,0,0,0,0,0,0,0,0,0,0,0,0,0,0,0,0,0,0,0,0,0,0,0,0,0,0,0,1,1,0,0,0,0,0,0,0,0,1,0,0,0,0,1,0,0,1,0,0,0,0,1,0,0,0,3,1,1,0,0,0,2,0,1,0,0,0,0,0,0,0,0,0,0,1,1,1,0,1,1,0,0,1,2,2,0,1,0,0,2,0,0,0,0,0,0,0,0,2,0,0,0,0,0,1,0,0,0,0,0,0,0,0,0,2,0,2,0,0,2,0,0,0,0,0,1,0,0,0,0,1,3,0,1,0,0,0,0,2,0,0,0,0,1,0,0,0,0,0,0,0,2,0,4,0,0,0,2,0,0,1,0,0,0,0,0,0,0,1,0,0,0,0,0,2,0,0,1,0,1,1,1,0,0,3,0,0,1,0,0,0,0,2,2,0,1,0,0,0,1,1,0,0,0,0,0,0,0,0,1,2,0,0,0,0,3,1,0,0,0,2,0,0,0,0,2,1,0,0,0,1,0,0,0,0,0,4,1,0,1,1,0,1,0,0,0,0,0,0,0,0,0,2,0,0,0,1,1,2,1,0,0,0,0,1,0,0,1,0,0,0,0,1,0,0,0,2,0,0,0,0,0,0
ASGR1,0,0,0,0,0,1,1,0,0,0,0,0,1,0,0,0,0,0,0,0,0,0,1,0,0,0,0,0,0,0,0,0,0,1,0,0,0,0,0,0,0,0,1,0,0,0,0,2,0,0,0,0,1,0,0,1,0,0,0,0,1,0,0,0,0,0,0,0,0,0,0,0,0,0,1,0,0,2,1,1,0,0,1,0,0,0,0,0,0,0,0,0,0,1,0,1,0,0,0,0,0,0,0,0,0,0,0,0,1,0,0,0,1,1,0,0,0,0,0,0,0,1,0,0,0,0,0,0,0,0,0,0,0,0,0,0,0,0,0,0,0,0,0,0,0,0,1,1,0,0,1,0,0,0,0,0,0,0,0,0,0,0,2,0,0,0,0,0,2,1,0,0,0,0,0,0,0,0,0,0,0,0,0,0,1,0,0,0,2,0,1,0,0,0,0,0,0,0,0,0,0,0,0,0,0,0,0,0,1,0,0,0,0,0,0,0,0,0,0,0,0,0,0,0,0,0,0,2,0,0,0,0,0,2,0,0,0,0,0,0,0,0,0,0,0,0,0,0,4,0,0,0,0,0,0,0,0,0,0,0,0,0,0,2,0,0,0,0,0,0,0,1,1,0,0,0,0,2,1,0,2,1,0,0,0,0,0,0,0,0,0,0,0,0,0,0,0,0,0,1,0,0,0,0,0,0,0,1,0,0,0,0,0,0,0,0,0,0,0,0,0,0,1,0,0,0,2,0,0,0,0,1,0,0,1,0,0,0,0,1,1,0,0,0,1,0,0,0,0,2,0,0,0,0,0,0,0,0,0,0,0,0,0,1,0,0,0,0,0,0,0,0,1,0,0,0,0,0,0,1,2,0,0,0,0,0,0,0,0,0,0,0,0,0,0,0,0,0,0,1,1,0,0,0,1,0,0,0,0,0,0,0,0,0,0,0,0,0,0,0,1,0,0,0,0,0,0,0,0,0,0,0,0,0,0,0,0,0,0,2,0,0,0,0,0,0,0,0,0,0,0,0,1,0,1,0,0,3,3,0,0,0,0,0,1,0,0,0,2,0,0,0,0,0,0,0,0,0,0,0,0,0,0,0,0,0,0,0,0,0,0,0,0,0,0,0,0,0,0,0,0,0,0,0,0,0,0,0,0,0,0,0,0,0,0,0,0,0,0,1,0,0,0,1,0,0,0,0,2,0,1,0,0,0,0,2,0,0,0,0,0,0,0,0,0,0,0,0,0,0,0,0,0,0,0,0,0,0,0,0,0,0,0,0,0,0,0,0,0,0,0,0,0,0,0,1,0,0,0,0,0,0,0,0,0,0,0,0,0,1,0,0,0,0,0,0,0,0,0,0,0,1,0,0,0,0,1,0,0,0,0,0,0,0,0,0,0,0,1,0,0,0,0,0,0,0,0,0,1,0,0,0,0,0,1,0,0,0,0,0,0,0,0,0,0,0,0,0,0,1,0,0,0,0,0,1,0,0,0,0,0,0,0,0,0,0,0,0,0,0,0,0,0,0,0,0,0,1,0,0,0,0,0,0,1,0,0,0,0,0,0,0,0,0,0,0,0,0,0,1,0,0,0,0,0,1,0,0,0,0,0,0,0,0,2,0,0,0,0,0,0,0,0,0,0,0,0,0,0,0,0,0,0,0,0,0,0,0,0,1,0,0,0,0,0,0,0,0,0,0,0,0,0,0,0,0,0,0,0,0,0,0,0,0,2,0,0,0,0,0,0,0,0,0,0,1,0,0,1,0,1,0,0,0,1,0,0,0,0,0,0,0,0,0,2,0,0,0,0,0,0,0,0,0,0,0,0,0,0,0,0,0,0,0,0,0,0,0,0,0,0,0,0,0,0,0,0,0,0,0,0,0,0,2,0,0,0,0,0,0,0,1,0,0,0,0,0,0,0,0,0,0,1,0,0,0,2,0,0,0,0,0,0,0,0,0,0,0,0,0,0,1,1,0,0,0,0,0,0,2,0,0,0,0,0,0,0,0,0,1,0,0,0,0,1,0,0,0,0,0,0,0,0,0,0,0,0,0,0,2,0,0,0,0,3,0,0,0,0,0,0,0,0,0,0,1,0,0,4,0,0,0,0,0,0,0,0,1,0,0,0,0,0,0,0,0,0,1,0,0,0,0,0,0,1,0,0,0,0,0,0,0,0,0,0,1,0,0,0,0,0,1,0,0,0,0,0,0,1,0,0,0,0,0,0,0,0,0,0,0,0,0,0,0,0,0,0,0,0,0,0,2,0,0,0,0,0,0,1,0,0,0,1,0,0,0,0,1,1,0,0,0,0,0,0,0,0,0,0,0,1,0,0,0,0,4,0,4,0,0,0,0,0,0,0,0,0,0,0,0,0,0,0,0,0,0,1,0,0,0,0,0,0,0,0,0,1,1,0,1,1,0,0,0,0,0,0,0,1,1,0,0,0,0,0,0,0,0,0,0,0,0,0,0,0,0,0,0,0,0,0,0,0,0,0,0,0,0,0,0,0,0,0,0,0,0,0,0,0,0,0,0,2,0,0,0,0,0,0,0,0,1,0,0,0,0,0,0,0,0,0,0,1,0,0,0,0,0,0,0,2,0,0,0,0,0,0,0,0,0,0,0,0,0,1,0,0,0,0,0,0,0,0,0,0,0,0,0,0,0,0,0,2,0,0,0,0,0,0,2,0,0,0,0,0,0,1,0,0,0,0,0,0,0,0,0,0,0,0,1,0,0,0,0,0,0,0,0,0,0,0,0,0,0,0,0,2,1,0,0,0,0,0,0,0,0,1,0,0,0,0,0,0,0,0,0,0,0,0,0,0,0,0,0,0,0,0,0,0,0,0,0,0,2,0,0,1,0,0,0,0,0,0,0,0,0,1,0,0,0,0,0,0,0,0,0,0,0,0,1,0,0,0,0,0,0,0,0,1,0,1,0,0,0,0,0,0,0,0,0,0,0,0,0,0,0,0,0,0,0,0,1,0,0,0,0,0,0,0,2,0,0,0,0,0,0,0,0,0,0,0,0,0,0,0,0,0,0,0,0,0,0,0,0,0,0,0,0,1,0,0,0,0,0,3,2,0,0,0,0,0,1,0,0,0,0,1,0,0,2,1,0,0,0,0,0,0,0,0,0,0,0,0,0,0,0,0,0,0,0,0,0,0,0,0,0,0,0,0,0,0,0,0,0,0,0,0,1,0,0,0,0,1,2,0,0,0,0,0,0,0,0,0,0,0,0,0,0,0,0,0,0,0,0,0,0,0,0,0,3,0,0,0,0,0,2,0,0,0,0,0,0,0,0,0,0,0,0,0,0,1,0,0,0,1,0,0,0,0,0,0,0,0,0,0,0,0,0,0,0,0,0,0,1,0,0,0,1,0,0,0,1,0,0,1,0,0,0,0,0,0,0,0,0,0,0,0,0,0,0,0,0,1,0,1,0,0,0,0,0,0,0,0,0,0,0
TPD52,0,0,0,0,0,0,1,1,2,0,0,0,0,0,0,0,0,0,0,0,0,0,0,0,0,0,0,0,0,2,0,0,2,0,0,0,0,0,0,1,0,0,0,0,0,2,1,0,0,0,0,0,0,0,1,0,0,0,0,0,0,0,0,0,1,0,0,0,0,0,0,0,0,0,0,0,0,0,0,0,0,0,0,0,0,0,2,1,0,0,1,0,0,0,0,0,0,0,0,1,0,0,0,0,1,0,0,0,0,1,0,0,0,0,0,0,0,0,0,0,0,0,0,0,0,0,0,0,0,0,0,0,0,1,0,0,1,1,0,0,0,1,0,1,0,1,0,0,0,1,0,0,0,0,0,1,1,0,0,0,0,0,0,0,0,0,0,0,0,0,0,0,1,0,0,0,0,0,0,0,0,0,0,1,0,0,0,0,0,0,0,0,0,0,0,0,0,0,0,2,0,0,0,1,1,0,0,0,0,0,0,0,0,0,0,0,0,1,1,0,0,0,1,0,0,0,0,0,0,0,0,0,0,0,0,0,1,1,0,3,0,0,0,0,0,0,0,0,0,0,0,0,1,0,0,0,0,0,2,0,0,0,0,0,0,0,0,0,0,0,0,0,1,0,0,0,0,0,0,0,0,0,0,0,0,0,0,3,0,0,0,1,0,0,0,0,0,0,1,0,0,0,1,0,0,0,1,0,0,0,0,0,0,0,0,1,0,0,0,0,1,0,0,0,0,0,0,1,1,0,0,0,1,1,0,0,0,0,0,0,0,0,0,3,1,0,0,0,0,0,0,0,0,0,0,0,0,0,0,0,0,1,0,0,0,0,0,0,0,1,0,0,0,0,0,0,0,1,0,0,0,0,0,0,0,0,0,0,0,1,0,0,0,0,0,0,1,1,0,0,0,0,0,0,0,1,2,0,0,0,0,0,0,0,0,0,0,0,0,0,0,1,0,0,0,0,0,0,1,0,0,0,0,0,0,0,0,0,0,0,0,0,2,0,0,0,1,1,0,0,0,0,0,1,0,1,0,0,0,2,0,0,0,1,0,0,0,0,0,0,0,0,0,0,0,0,0,0,2,0,0,0,0,0,0,0,0,1,0,0,0,0,0,1,0,0,0,0,1,0,0,0,0,0,0,0,0,0,0,0,0,0,0,0,0,0,0,1,0,0,0,0,0,0,0,0,0,0,0,0,0,0,0,0,1,0,0,0,0,0,0,1,0,0,0,0,0,0,0,0,1,0,0,0,0,0,0,0,0,0,0,1,1,0,0,0,0,0,0,1,0,0,0,0,0,0,0,0,0,0,1,0,0,0,0,0,1,0,0,0,0,0,0,0,0,0,1,0,0,0,1,0,0,0,0,0,0,0,0,0,0,1,0,0,1,0,0,0,0,0,0,0,0,0,1,0,0,0,0,0,1,0,0,0,0,0,0,0,0,1,0,0,1,0,0,1,0,0,0,0,1,0,0,0,1,0,1,0,0,0,0,0,0,0,0,0,0,0,0,1,0,0,0,0,0,0,0,0,0,1,0,0,0,0,0,0,0,0,0,0,0,0,0,2,0,0,0,0,2,0,0,0,0,1,0,0,0,0,0,2,0,0,0,1,0,0,0,1,0,0,0,0,0,0,1,0,1,0,0,0,0,0,0,2,1,0,0,0,0,0,1,0,0,0,0,1,1,0,0,0,0,0,0,0,0,0,0,1,0,0,2,0,1,0,0,1,0,0,0,0,0,0,0,0,0,0,0,0,0,1,0,0,2,1,0,0,0,0,0,0,0,0,0,0,0,0,1,0,0,1,0,2,0,0,0,0,0,0,1,0,0,0,2,0,0,0,0,0,0,1,0,0,0,3,0,2,0,0,0,0,0,0,0,0,0,0,0,0,0,0,0,0,0,0,0,0,1,0,0,0,0,0,0,1,0,0,0,0,0,2,0,0,1,0,1,0,0,0,0,0,1,0,0,0,0,1,2,0,1,0,0,1,0,0,0,0,0,0,1,0,0,0,0,0,0,0,0,0,0,0,0,0,0,0,0,0,0,1,2,0,0,0,0,0,0,0,0,0,0,0,0,2,0,0,2,2,0,1,0,0,0,1,0,1,0,1,0,0,0,0,1,0,1,0,1,0,0,0,0,1,0,0,0,0,0,0,1,0,0,0,0,1,0,0,0,0,0,0,1,0,1,1,0,0,0,1,0,1,0,0,1,0,0,1,0,0,0,0,0,0,0,0,0,0,0,0,0,0,1,0,0,0,0,0,0,1,0,0,0,0,1,1,0,0,0,0,2,0,0,0,1,0,0,0,0,0,1,0,0,0,0,1,0,0,0,0,0,0,0,0,0,0,0,0,0,0,0,0,0,1,0,0,0,0,0,0,0,0,0,0,0,0,0,0,0,0,0,0,0,0,1,0,0,0,0,0,0,0,0,0,0,0,0,0,1,0,0,0,0,1,0,0,0,0,0,0,0,0,0,0,0,0,0,0,0,0,0,0,0,0,0,0,2,1,0,0,0,2,0,0,0,0,0,0,0,0,0,0,0,0,1,0,0,1,0,0,1,2,0,0,1,0,0,0,0,1,0,0,0,1,0,1,0,0,1,0,0,0,0,0,0,0,0,0,0,0,0,0,0,0,0,0,0,2,0,0,0,0,1,0,0,0,1,0,0,0,0,0,0,0,0,0,0,0,0,1,0,0,1,0,0,0,1,0,0,0,0,0,0,0,0,0,0,0,0,0,0,0,0,0,0,1,0,0,3,0,0,0,0,0,0,0,0,0,0,0,0,0,0,0,0,0,0,0,0,1,0,0,2,0,0,0,0,0,0,0,0,0,0,0,0,0,0,0,0,0,0,0,0,0,0,0,0,0,0,0,0,0,0,0,0,0,1,0,0,0,0,0,0,0,3,0,0,0,0,0,0,0,0,0,0,2,0,0,1,1,0,0,0,0,0,1,1,0,2,1,0,0,0,1,0,0,0,0,0,0,0,1,0,0,0,0,0,0,0,0,0,0,0,1,0,0,0,0,0,0,0,0,0,0,0,0,0,0,0,0,1,0,0,0,0,0,0,0,0,0,0,0,0,0,0,0,0,0,0,0,1,0,0,0,1,1,0,0,0,0,1,0,0,1,0,1,0,0,1,0,1,0,1,0,0,0,1,0,1,0,0,0,0,0,0,0,0,0,0,0,0,0,0,0,0,1,0,0,0,1,0,0,0,0,0,0,0,0,0,0,1,2,0,0,1,0,0,0,0,0,1,0,0,0,0,0,0,0,0,0,0,0,0,0,0,0,0,0,0,0,0,0,0,0,0,0,0,0,0,0,0,0,0,0,0,0,0,1,0,0,0,0,0,0,0,0,0,0,0,0,0,2,0,1,1,0,0,1,0,0,0,0,0,0,1,0,0,0,0,0,1,0,0,0,0,0,0,0,0,0,0,0,0,0,0,0,0,0,0,0
EMP3,4,0,1,0,3,3,7,2,1,1,2,2,4,2,4,8,0,3,2,3,3,1,3,1,1,7,1,1,1,3,1,1,3,2,0,3,1,1,0,1,1,3,5,3,1,2,0,0,1,0,1,1,3,2,0,2,2,1,1,3,3,1,3,0,0,2,2,0,0,2,2,2,0,1,4,4,4,3,3,1,3,7,3,6,0,1,1,3,4,2,1,1,2,2,4,3,0,0,4,5,0,2,3,0,1,3,1,1,2,3,1,3,1,1,0,3,5,2,2,3,0,2,5,1,1,2,4,0,4,2,0,1,2,2,1,1,3,2,2,2,4,1,2,3,3,2,3,3,4,2,7,1,1,1,3,1,1,0,2,3,3,0,11,1,2,3,2,3,9,9,0,3,6,0,1,1,0,5,2,1,0,3,3,1,1,3,2,1,2,3,19,5,5,1,1,3,2,0,0,3,1,1,2,0,2,2,3,1,3,1,0,4,3,0,2,7,0,5,1,4,0,0,3,1,4,1,3,6,2,0,3,0,2,8,5,1,1,2,4,0,1,0,1,2,1,0,2,0,6,1,1,2,1,2,0,3,0,0,1,0,4,1,4,4,3,3,2,3,2,2,1,6,2,5,3,4,1,9,7,2,4,1,1,5,1,3,4,0,1,0,4,3,2,0,3,2,1,2,2,3,1,1,4,0,5,0,2,4,6,2,2,2,2,2,2,2,1,10,1,2,1,3,2,0,2,1,1,5,3,2,2,1,2,1,2,0,3,5,1,7,4,4,4,6,0,2,0,0,3,2,5,0,7,2,1,1,0,1,1,4,5,1,2,2,2,3,14,2,2,2,1,1,5,0,3,9,5,5,1,2,1,0,4,1,1,2,3,1,2,2,2,10,4,8,1,1,5,1,3,3,5,2,2,3,5,2,2,4,2,5,6,3,0,1,1,1,1,0,0,0,2,2,9,2,10,0,3,1,1,3,1,1,2,3,2,2,2,4,3,7,0,2,5,1,3,15,2,0,0,2,4,1,1,0,2,5,4,1,2,3,2,0,1,5,4,5,4,1,2,0,2,2,3,1,2,7,0,3,2,0,2,2,2,4,4,1,6,2,0,1,2,2,0,0,0,4,1,4,0,5,1,3,1,0,1,1,0,7,2,3,4,1,1,1,1,6,5,1,2,3,1,1,2,3,2,0,0,0,2,3,2,3,3,0,6,2,7,4,2,3,1,3,1,0,0,2,3,3,1,2,6,16,0,1,2,7,0,6,5,4,1,6,3,2,1,1,2,0,4,2,1,6,3,1,5,1,2,2,0,5,2,5,2,3,3,3,0,1,1,1,3,0,0,7,2,4,2,0,0,1,7,9,1,4,4,7,2,3,0,2,2,3,2,1,3,1,5,0,1,0,2,2,3,1,2,3,1,6,3,0,0,1,3,4,1,2,0,1,0,1,1,1,1,2,3,2,1,3,3,1,1,6,1,5,1,0,2,0,0,2,1,2,1,2,2,4,1,0,0,2,0,2,1,3,7,2,1,3,1,5,2,7,5,0,1,0,1,0,1,0,2,1,3,1,1,1,1,1,0,0,0,2,2,4,0,6,1,1,2,5,2,1,0,2,1,1,3,5,0,0,3,1,3,3,0,3,1,1,0,5,2,0,3,0,0,1,1,1,1,7,1,4,2,4,4,0,1,3,3,1,4,1,1,2,1,0,1,0,3,1,2,4,1,4,0,0,5,3,1,1,0,1,1,3,1,2,1,1,3,5,2,2,0,6,5,14,7,0,3,2,1,1,1,1,11,3,1,1,1,0,1,1,0,0,5,4,4,2,0,0,1,2,1,0,1,2,5,2,1,2,5,1,9,1,0,5,1,2,3,1,4,2,2,3,2,5,3,2,4,2,0,2,4,8,1,6,4,4,5,1,0,0,1,2,1,0,2,4,1,0,4,0,0,1,1,1,2,1,5,0,6,4,6,1,1,3,2,3,1,1,1,1,0,6,1,4,1,1,1,3,1,2,4,1,3,4,1,2,0,0,0,1,0,2,5,3,0,2,5,2,3,4,3,0,1,2,1,2,5,1,0,5,2,3,1,3,2,2,0,3,1,3,0,0,2,4,1,6,1,1,3,0,7,0,2,0,4,1,0,2,0,1,0,0,6,1,6,2,2,4,1,0,1,1,2,3,2,1,5,3,1,9,0,4,1,0,2,1,3,1,1,0,1,7,3,4,1,0,1,0,1,1,0,2,1,1,0,1,1,0,3,5,5,1,4,3,0,0,0,4,5,2,5,0,0,1,2,7,4,0,1,0,3,3,2,0,3,2,0,1,4,7,0,2,0,2,0,5,1,3,0,2,4,3,0,0,3,1,0,4,4,1,0,2,1,0,2,3,1,4,2,1,23,8,1,6,3,3,0,6,0,4,3,3,2,3,1,2,5,3,0,0,3,2,3,0,3,3,0,0,1,3,5,4,2,1,1,4,0,1,5,2,7,2,4,5,1,3,2,6,3,1,2,4,0,0,1,3,0,2,0,3,4,2,1,4,5,0,2,2,2,0,2,3,1,3,1,3,0,2,4,1,4,5,0,3,0,0,3,1,5,1,1,9,3,1,1,1,6,2,4,3,0,0,0,2,1,2,0,0,0,1,2,3,2,5,3,3,0,1,1,1,2,1,3,0,1,1,1,0,0,2,0,3,0,2,2,0,1,1,1,3,3,0,0,3,1,0,3,0,0,3,4,12,4,1,13,2,0,3,3,4,0,0,0,0,3,1,2,1,4,7,0,0,2,6,2,1,1,2,4,0,4,0,1,1,0,0,0,1,6,0,1,5,3,4,3,3,3,0,1,3,3,2,3,1,2,4,1,3,1,3,2,1,3,0,2,1,2,1,7,1,0,2,1,0,7,2,1,1,4,0,2,0,4,1,2,2,3,1,9,1,3,3,3,1,0,1,1,1,1,2,2,2,5,1,0,1,4,2,3,3,0,2,2,0,2,1,1,10,1,6,1,3,0,1,2,6,6,0,7,1,4,1,1,0,4,0,2,3,3,4,0,0,2,2,2,2,2,1,1,24,1,1,0,4,1,3,3,3,2,2,0,1,4,1,3,2,3,2,2,4,2,1,1,0,0,3,2,1,10,2,2,2,5,1,4,1,0,3,2,0,3,0,3,2,1,0,0,1,0,0,1,0,3,2,0,0,5,5,0,5,8,2,1,1,0,1,2,2,2,7,1,3,1,3,2,3,1,1,6,2,2,0,0,0,5,1,7,0,1,4,4,3,1,0,1,0,0,4,0,2,1,1,0,2,11,4,2,3,4,4,0,4,7,2,4,5,3,14,1,1,2,1,3,1,1,1,1,2,1,5,3,6,4,1,3,2,1,2,2,9,0,1,3,0,2,1,5,1,3,1,1,3,2,1,1,2,6,0,4,2,3,2,3,1,2,8,5,3,1,2,2,0,3,3
ADGRG1,0,0,0,0,0,0,0,0,0,0,0,0,0,0,0,0,0,0,0,0,0,0,0,0,0,0,0,0,0,0,0,0,0,0,0,0,0,0,0,0,0,0,0,0,0,0,0,0,0,0,0,0,0,0,0,0,0,0,0,0,0,0,0,0,0,0,0,0,0,0,0,0,0,0,0,0,0,0,0,0,0,0,0,0,3,0,0,0,0,0,0,0,0,0,0,0,0,0,0,0,0,0,0,0,0,0,0,1,0,0,0,0,0,0,0,0,0,0,0,0,0,0,0,0,0,0,0,0,0,0,0,0,0,0,0,0,0,0,0,0,0,0,0,0,0,0,0,0,0,0,0,0,0,0,0,0,0,0,0,0,0,0,0,0,1,0,0,0,0,0,0,1,0,0,0,0,0,0,0,0,0,0,0,0,0,0,0,0,0,0,0,0,0,0,0,0,0,0,0,0,0,0,0,0,0,0,0,0,0,0,0,0,1,0,0,0,0,0,0,0,0,0,0,0,0,1,0,0,0,0,0,0,0,0,0,0,0,0,0,0,0,0,0,0,0,0,0,0,0,0,0,0,0,1,0,0,0,0,0,0,0,0,0,0,0,0,0,0,0,0,1,0,0,0,0,1,0,0,0,0,0,0,0,0,0,0,0,0,0,0,0,0,0,0,0,0,0,0,0,0,0,0,0,0,0,0,0,0,0,0,0,0,0,0,0,0,0,0,0,0,0,0,0,0,0,0,0,0,0,0,0,0,0,0,0,0,0,0,0,0,0,0,0,0,0,0,0,0,0,0,0,0,0,0,0,0,0,0,0,0,0,0,0,0,0,0,0,0,0,0,0,0,1,0,0,0,0,0,0,0,0,0,0,0,0,0,0,0,0,0,0,0,0,0,0,0,0,0,0,0,0,0,1,0,0,0,0,0,0,0,0,0,0,0,0,0,0,0,0,0,0,0,1,1,0,0,0,0,0,0,0,0,0,0,0,0,0,0,0,0,3,0,0,0,0,0,0,0,0,0,0,0,0,0,0,0,0,0,0,0,0,0,0,0,0,0,0,0,0,0,0,0,1,0,0,0,0,0,0,0,0,0,0,0,0,0,0,0,0,0,0,0,0,0,0,0,0,0,0,1,0,0,0,0,0,0,0,0,0,0,0,0,0,0,0,0,1,0,0,0,0,0,0,0,0,0,0,0,0,0,0,0,0,0,0,0,0,0,0,0,2,0,0,0,0,0,0,0,0,0,0,0,0,0,0,0,0,0,0,1,0,0,0,1,0,0,0,0,0,0,0,0,0,0,0,0,0,0,0,0,0,1,0,0,0,0,0,0,0,0,0,0,0,0,0,0,0,0,0,0,0,0,0,1,0,0,0,0,0,0,0,0,1,0,0,0,0,0,0,0,0,0,0,0,1,0,0,0,0,0,0,0,0,0,0,0,0,0,0,0,0,0,0,0,0,0,1,0,0,0,1,0,0,0,0,0,0,0,0,0,0,0,0,2,0,0,0,0,0,0,0,0,0,0,0,0,0,0,0,0,0,0,0,0,0,0,0,0,0,1,0,0,0,0,0,0,0,0,0,0,0,0,0,0,0,0,0,0,0,0,2,0,0,0,0,0,0,0,0,0,0,0,0,0,0,0,0,0,0,1,0,0,0,0,0,0,0,0,0,0,0,0,0,0,0,0,0,0,0,0,0,0,0,0,0,0,0,0,0,0,0,0,0,0,0,0,0,0,0,0,0,0,0,0,0,0,0,0,0,0,0,0,0,0,0,0,3,0,0,0,0,0,0,0,0,0,0,0,0,0,0,0,0,0,0,0,0,0,0,0,0,0,0,0,0,0,0,0,0,0,2,0,0,0,0,0,0,0,0,0,0,0,0,0,0,0,0,0,0,0,0,0,0,0,0,0,0,0,1,0,0,0,0,0,0,0,0,0,0,0,0,0,0,0,0,0,0,0,1,0,0,0,0,0,0,0,1,0,0,0,0,0,0,0,0,1,0,0,0,0,0,0,0,0,0,1,0,0,0,0,0,0,0,0,0,0,0,0,0,0,0,0,0,0,0,0,0,0,0,0,0,0,0,0,0,0,0,0,0,0,0,0,0,0,0,0,0,0,0,1,0,0,0,0,0,0,1,0,0,0,0,0,0,0,0,0,0,0,0,0,0,0,0,2,0,0,0,0,0,0,0,0,0,0,0,0,0,0,0,0,0,0,0,0,0,0,0,0,0,0,0,0,0,0,0,0,0,0,0,0,0,0,0,0,0,0,0,0,0,0,0,0,0,0,0,0,0,0,0,0,0,0,0,0,0,0,0,0,0,0,0,0,0,0,0,0,0,1,0,0,0,0,1,0,0,0,0,0,0,0,0,0,0,0,0,0,0,0,0,0,0,0,0,0,0,0,0,0,1,0,0,0,0,0,0,0,0,0,0,0,0,0,0,0,0,0,0,0,0,0,0,0,0,0,0,0,0,0,0,0,0,0,0,0,0,0,0,0,0,0,0,0,0,1,0,0,0,0,0,0,0,0,0,0,0,0,1,0,0,0,0,0,0,0,1,0,0,0,0,0,0,0,0,0,0,0,0,0,0,0,0,0,0,0,0,0,0,0,1,0,0,0,0,0,0,0,0,0,0,2,0,0,0,0,0,0,0,0,0,0,0,0,0,0,0,0,0,0,0,0,0,0,0,0,0,0,0,0,0,0,0,0,0,0,0,0,0,0,0,0,0,0,0,0,0,0,0,0,0,0,0,0,0,0,0,0,0,0,0,0,0,0,0,0,0,0,0,0,0,0,0,0,0,0,0,0,0,1,0,0,0,0,0,0,0,0,0,1,0,0,0,0,0,0,1,0,0,0,0,0,0,0,0,0,0,0,0,0,0,0,0,0,0,0,0,0,0,0,0,0,0,0,0,0,0,0,1,0,0,0,0,0,0,0,0,0,0,0,0,0,0,0,0,0,0,0,0,0,0,0,0,0,0,0,0,0,0,0,0,0,0,0,0,0,0,0,0,0,0,0,0,0,0,0,0,0,1,0,0,0,0,0,0,0,0,0,0,0,0,0,0,0,0,0,0,0,0,0,0,0,0,0,0,0,0,0,0,0,0,0,0,0,0,0,0,0,0,0,0,0,0,0,0,0,0,0,0,0,0,0,0,0,0,0,0,0,0,0,0,0,0,0,0,0,0,0,0,0,0,0,0,0,0,0,0,0,0,0,0,0,0,0,0,0,0,0,0,0,0,0,0,0,0,0,0,0,0,0,3,0,0,0,1,0,0,0,0,0,0,0,0,0,0,0,0,0,0,0,0,0,0,0,0,0,0,0,0,0,0,0,0,0,0,0,0,0,0,0,0,0,0,0,0,0,0,0,0,0,0,0,0,0,0,0,0,0,0,0,1,0,0,0,0,0,0,0,0,0,0,0,0,0,0,0,0,0,0,0,0,0,0,0,0,0,0,0
NRGN,0,0,0,0,0,1,0,0,0,0,1,0,1,0,0,0,0,0,0,0,0,0,0,0,0,0,0,0,0,0,0,0,0,0,0,0,0,0,0,0,0,0,0,0,0,0,0,0,0,0,0,0,0,0,0,0,0,0,0,0,1,0,0,1,0,0,0,5,5,0,0,0,0,0,0,0,1,0,0,0,0,0,0,0,0,0,0,0,0,0,0,0,0,0,0,1,0,0,0,0,0,0,0,0,0,2,0,0,0,0,0,0,0,0,0,0,0,0,2,0,0,0,9,0,0,0,0,0,0,0,0,0,0,0,0,0,0,0,0,0,0,0,0,0,2,0,0,0,0,0,0,0,0,0,0,0,0,0,0,0,0,0,0,0,0,0,0,0,1,1,0,0,0,0,0,0,0,0,0,0,0,0,0,0,0,0,0,0,0,0,0,0,0,0,0,0,0,0,5,0,0,0,1,0,0,0,0,0,0,0,0,0,0,0,0,0,0,0,0,1,0,0,0,0,0,0,0,0,0,0,0,0,1,1,0,0,0,0,0,0,0,0,0,0,0,0,0,0,1,0,0,0,0,0,0,0,0,0,0,0,0,0,0,2,0,0,0,0,0,0,0,0,0,0,0,0,0,1,0,0,0,0,0,0,0,0,0,0,0,0,0,0,1,0,0,0,0,0,0,0,0,0,0,0,0,0,0,0,0,0,0,0,0,0,0,0,0,0,0,0,0,0,0,0,0,0,0,0,0,0,0,0,0,0,0,0,0,0,0,0,1,0,1,0,0,0,0,1,0,3,0,0,0,0,0,0,0,0,1,0,0,0,0,1,0,0,0,0,0,0,0,0,0,0,0,0,0,1,0,1,0,0,0,0,0,0,0,0,0,0,0,1,0,0,0,0,0,0,0,0,0,0,0,0,0,0,0,0,0,0,0,0,0,0,0,0,0,0,1,0,1,0,0,0,1,0,0,0,0,0,0,0,0,0,0,0,0,0,0,0,0,2,0,0,0,1,0,0,0,0,0,0,0,0,1,0,0,1,1,0,0,0,0,0,0,0,0,0,0,1,0,0,0,0,0,0,0,0,0,0,3,0,0,0,0,0,0,0,0,1,0,0,0,0,0,0,0,0,0,0,0,0,0,0,0,0,0,3,0,0,0,0,0,0,0,0,0,0,0,0,0,0,0,0,0,0,0,0,3,0,0,0,0,0,0,3,0,2,0,0,0,0,0,0,0,0,1,0,0,0,0,0,0,0,0,1,0,1,0,0,0,0,0,0,0,0,0,0,2,0,0,0,0,0,0,0,0,0,0,0,0,0,0,0,0,0,0,0,0,0,0,0,0,0,0,0,0,0,0,0,0,1,0,0,0,1,0,0,0,0,0,0,0,0,0,0,0,0,0,1,0,0,0,0,0,0,0,0,0,0,0,0,0,0,0,0,0,0,0,0,0,0,0,0,0,0,0,1,0,0,0,0,0,0,0,0,0,0,0,1,0,0,0,0,0,0,0,0,0,0,0,0,0,0,0,0,0,0,0,0,0,3,0,0,0,0,0,0,0,0,0,0,0,0,0,0,0,0,0,0,0,0,0,0,0,1,0,0,0,1,0,0,0,0,0,0,0,0,1,0,0,0,0,0,0,0,0,0,0,0,0,0,0,0,0,0,0,0,0,0,0,0,0,0,0,0,0,0,0,0,0,0,0,0,0,0,0,0,0,1,0,0,0,0,2,0,0,0,0,0,0,0,0,0,0,0,0,0,0,0,0,0,0,0,0,1,0,0,0,0,0,0,0,0,1,0,0,0,0,0,0,0,0,0,0,0,0,0,0,0,0,0,0,0,0,0,0,0,0,0,0,0,0,0,0,0,0,0,0,0,0,0,0,0,0,0,0,0,0,0,0,0,0,0,0,0,0,0,0,0,0,0,0,0,0,0,0,0,0,0,0,0,0,0,0,0,0,0,0,0,0,0,0,0,0,0,0,0,0,0,0,0,0,2,1,0,0,0,0,0,0,0,0,1,0,0,0,0,0,0,0,0,0,0,0,0,0,0,0,0,0,0,0,0,0,0,0,0,0,0,0,0,0,0,0,0,0,0,0,0,0,0,0,0,0,0,0,1,0,0,0,0,0,0,0,0,0,0,0,0,0,0,0,0,0,0,0,0,0,1,0,0,0,0,0,1,0,0,0,0,0,0,0,0,0,0,0,0,1,0,0,0,0,3,0,0,0,0,0,0,0,0,0,0,0,0,0,0,0,0,0,1,0,0,0,0,0,0,1,0,0,0,0,0,1,0,0,0,1,0,0,0,0,0,0,0,0,0,0,0,0,0,0,0,0,0,0,0,0,0,0,0,0,0,0,0,0,0,0,0,0,0,0,0,0,0,0,0,0,0,0,0,0,2,0,0,1,0,0,0,0,0,0,0,0,0,0,0,0,0,0,0,0,0,0,0,0,0,0,0,0,0,0,1,0,0,0,0,1,0,0,0,0,0,0,0,0,0,0,0,0,0,0,0,0,0,1,0,0,0,0,0,0,0,0,0,0,0,0,0,0,0,0,0,0,0,0,1,0,0,0,0,1,0,0,0,0,0,1,0,1,0,0,1,0,0,0,0,0,0,0,0,0,0,0,0,0,0,0,0,0,0,0,1,0,0,0,0,0,0,0,0,0,0,0,0,0,0,0,0,0,0,0,0,0,0,0,0,0,0,0,0,0,0,0,0,0,0,0,0,0,0,0,1,0,0,1,0,0,0,0,1,0,0,0,0,0,0,0,0,0,1,0,0,0,0,1,0,0,0,0,0,0,0,0,0,0,0,0,0,1,0,1,0,0,0,0,0,0,0,0,0,0,0,0,0,0,0,0,0,0,0,0,0,0,0,1,0,0,0,1,0,0,0,0,0,0,0,0,0,0,0,0,0,0,0,0,0,0,0,0,0,0,0,0,0,1,0,1,0,0,0,0,0,0,0,0,0,0,0,0,0,0,0,0,0,0,0,0,0,0,0,0,0,0,0,0,1,0,0,0,0,0,0,0,0,0,0,0,0,0,0,0,0,0,0,0,0,0,0,0,1,0,0,0,1,0,0,0,0,0,0,0,0,0,0,0,0,0,1,0,0,0,0,0,0,0,0,0,0,1,0,0,0,0,0,0,0,0,2,0,0,0,0,0,0,0,0,0,0,0,0,0,0,1,0,0,0,0,0,0,0,0,0,0,0,0,0,0,0,0,0,0,0,0,0,0,0,0,0,0,0,0,0,1,0,0,0,0,0,0,0,0,0,0,0,0,0,0,0,0,0,0,0,0,0,0,0,0,0,0,0,0,0,0,0,0,0,0,2,0,0,0,0,0,0,0,0,0,0,0,0,0,1,0,0,0,0,1,0,0,0,0,0,0,0,0,0,0,0,0,0,0,0,0,0,0,0,0,0,0,1,0,0,0,0,0,0,0,0,0,0,0,0,0,0
DDX6,0,1,0,0,0,0,0,0,1,0,0,1,0,0,0,2,0,1,0,2,2,0,0,0,0,1,0,0,1,0,0,0,0,0,0,0,0,0,0,0,0,0,0,0,1,0,1,0,1,1,0,0,0,0,0,0,1,1,4,0,0,0,0,1,0,1,0,1,0,0,0,1,0,0,0,0,1,0,0,1,0,0,0,0,3,2,0,0,2,0,0,0,0,0,0,0,0,0,0,0,0,1,0,0,1,0,0,1,0,1,0,0,0,0,0,1,0,0,0,0,0,0,0,0,0,1,0,0,0,0,0,1,1,0,1,0,3,4,2,0,0,0,0,0,0,1,0,0,1,1,0,0,0,0,0,0,0,2,0,0,0,1,1,0,0,1,0,0,0,0,0,1,0,0,0,1,0,2,0,1,1,1,0,0,0,0,0,0,0,0,0,0,0,1,0,3,0,1,1,0,0,1,0,1,0,0,1,2,1,1,0,0,0,0,0,2,0,0,0,0,0,1,0,0,1,1,1,0,1,1,0,1,0,3,0,0,1,1,1,0,0,1,0,0,0,0,1,0,1,1,0,0,1,0,0,0,1,1,1,0,1,0,0,0,0,0,1,0,0,0,1,0,0,1,0,0,0,0,0,0,0,0,0,0,2,0,1,0,0,0,0,0,0,0,0,0,0,0,0,0,1,0,0,0,0,0,0,0,3,0,1,0,0,0,1,0,0,0,1,0,0,0,0,1,1,2,1,1,0,0,1,1,0,0,0,1,0,0,1,1,1,1,0,0,0,0,0,0,2,0,0,1,1,0,1,0,0,2,0,0,0,1,0,0,0,3,1,1,1,0,0,0,0,0,0,0,3,0,0,0,0,0,1,0,0,0,0,1,0,0,0,1,0,0,0,0,0,0,0,0,0,0,1,0,0,1,3,0,2,1,0,0,1,1,0,2,0,0,1,0,1,1,0,0,0,0,0,0,0,1,0,0,0,4,1,1,0,0,0,1,3,0,0,0,0,0,0,0,1,0,1,2,0,1,0,0,0,1,1,0,0,1,1,1,0,0,2,0,0,0,0,0,0,1,0,0,0,0,0,1,0,0,1,0,0,0,1,0,1,0,0,0,0,2,0,1,0,0,1,2,0,0,0,0,0,0,0,1,0,0,0,1,0,1,0,1,0,1,0,0,0,0,0,0,0,0,0,0,0,0,0,1,1,0,0,0,1,1,3,0,2,0,0,0,0,3,0,1,0,0,0,0,0,0,0,0,1,0,1,0,0,0,0,1,0,0,0,0,0,0,0,0,0,1,1,0,1,0,0,1,0,0,3,0,0,2,0,0,0,0,0,0,1,0,0,0,1,1,0,0,0,1,0,1,0,0,1,1,0,1,0,0,3,0,2,1,1,1,0,0,1,0,0,0,3,0,0,0,1,1,1,2,1,0,0,0,0,1,1,0,1,0,1,0,1,0,0,0,0,0,0,0,0,0,0,0,0,0,0,0,0,0,0,3,0,0,0,1,3,2,0,1,0,1,0,1,0,0,0,1,1,1,0,1,0,1,1,1,0,1,0,0,0,0,0,1,0,1,1,0,0,0,1,0,0,2,0,1,1,1,0,1,1,0,0,1,0,0,0,1,0,2,0,0,0,0,0,0,2,0,0,0,0,0,1,0,0,0,1,0,0,1,0,0,0,2,0,0,1,0,0,1,1,0,0,2,1,1,1,0,0,1,0,1,0,0,0,0,0,2,0,0,0,1,0,0,0,0,0,0,0,0,0,0,0,0,0,0,0,0,0,0,1,0,0,0,2,0,0,0,0,0,0,1,1,2,0,0,1,0,0,1,0,0,0,1,0,0,0,1,0,1,0,1,0,1,0,0,0,0,0,0,0,0,0,1,0,1,0,1,0,1,0,0,1,0,2,2,0,0,0,0,0,0,1,0,0,0,1,0,1,0,0,1,0,0,2,0,0,2,1,0,3,0,1,1,4,0,0,0,1,0,0,1,0,0,0,0,2,1,0,0,0,0,0,1,0,0,0,0,1,0,0,0,1,0,0,0,0,0,1,0,0,2,0,1,0,0,3,0,1,0,1,0,0,0,0,0,1,2,0,0,1,1,0,2,0,3,0,1,0,1,1,0,0,0,0,0,0,2,0,0,0,0,0,1,1,0,0,1,2,0,0,0,0,2,0,0,0,0,0,0,1,3,2,2,0,0,0,0,1,2,0,0,0,0,2,0,1,0,0,1,1,1,1,0,0,1,1,0,0,2,0,0,3,0,1,1,0,0,0,0,0,0,1,0,0,0,0,0,0,0,0,1,0,0,0,0,1,2,0,0,1,1,1,0,0,0,0,1,2,0,0,0,0,0,0,0,2,1,0,0,1,4,0,1,0,0,0,0,1,0,1,0,0,1,0,0,1,0,0,0,0,0,0,0,1,0,0,1,1,1,0,0,0,1,0,0,0,0,0,1,0,0,0,0,0,0,0,0,0,0,0,0,0,1,2,0,1,0,1,0,1,0,1,1,0,0,1,1,1,0,0,0,2,1,2,1,0,0,0,0,1,1,0,4,0,0,1,0,0,1,0,0,2,0,0,0,0,1,2,0,0,0,0,1,0,1,0,2,0,0,1,0,0,0,1,1,0,1,0,2,0,0,0,0,0,0,1,0,0,3,1,1,2,1,0,0,0,0,0,1,1,0,0,0,0,0,0,0,2,1,0,1,0,0,0,0,2,0,2,0,1,0,0,2,0,0,0,1,2,0,0,0,0,0,0,0,2,0,0,0,1,0,1,1,0,0,0,0,0,0,1,1,0,1,0,0,2,1,0,1,0,0,0,2,0,1,0,1,2,0,0,0,0,0,0,0,1,0,0,1,1,0,0,0,0,1,1,0,0,0,0,1,0,1,1,0,0,1,1,0,1,1,0,2,0,1,0,1,0,1,3,0,3,0,0,0,0,0,0,0,0,0,1,0,2,0,1,0,1,0,1,0,0,0,0,0,1,1,0,1,1,1,1,1,0,1,0,0,0,0,0,0,0,1,0,0,1,1,2,1,0,0,1,0,1,0,1,0,0,0,1,0,0,1,0,0,0,2,0,1,0,1,1,0,1,1,1,0,0,0,0,0,0,0,1,0,0,0,1,0,0,0,0,1,1,0,1,0,1,0,0,0,0,0,0,1,0,0,1,0,0,0,0,0,0,0,2,0,0,1,0,0,0,1,2,0,1,1,1,1,0,0,1,0,0,0,1,0,0,0,0,0,0,0,0,1,0,0,0,1,0,0,0,1,2,0,0,2,1,1,0,0,0,0,2,0,3,0,0,0,0,0,0,1,0,1,0,0,0,0,0,0,2,0,2,0,0,0,0,0,2,0,0,0,1,1,1,4,1,0,1,0,0,1,0,1,2,0,1,1,0,1,0,3,4,2,0,0,1,0,0,0,0,1,0,0,0,0,0,1,1,2,1,0
TNFRSF1B,0,0,1,0,0,2,0,0,1,0,1,0,2,0,0,2,0,0,0,0,0,0,1,0,0,1,1,0,0,0,0,0,0,1,0,0,0,0,1,1,0,2,0,0,0,0,0,1,0,0,0,0,0,1,0,0,1,0,0,0,1,0,0,0,0,1,0,0,0,0,0,0,0,0,0,0,0,1,0,0,0,0,0,0,0,0,0,0,0,0,0,0,0,1,2,0,0,0,0,2,0,0,0,0,0,0,0,1,0,0,0,0,2,2,1,1,0,0,0,0,0,0,0,0,0,0,0,0,0,0,0,0,0,0,1,0,0,0,0,0,0,0,0,0,0,0,0,1,1,1,2,2,1,0,0,0,0,0,0,0,1,0,1,0,1,0,0,0,0,1,0,1,0,0,0,0,0,1,0,0,0,0,0,0,0,0,0,0,0,1,3,1,0,0,0,0,0,0,0,0,2,0,3,0,0,2,0,0,0,0,0,0,0,0,0,0,0,0,0,2,0,0,0,1,1,0,0,0,0,0,0,0,0,0,1,0,0,0,0,0,1,0,0,0,1,0,0,0,1,1,0,0,0,0,0,0,0,0,0,0,0,0,0,0,0,1,0,0,0,0,1,1,1,1,0,0,0,1,2,0,0,5,0,1,0,0,0,0,0,0,0,0,1,0,0,0,0,0,0,0,0,0,0,0,0,0,0,0,3,0,0,0,0,0,0,0,0,0,0,0,0,0,1,0,0,0,0,0,0,1,0,0,0,0,0,0,1,0,0,1,0,1,0,0,0,0,0,1,0,0,3,0,0,0,0,0,0,0,0,0,0,0,0,0,1,0,0,0,0,0,0,0,0,0,0,5,0,0,0,1,0,0,1,0,0,0,0,1,0,0,0,6,0,1,0,0,1,0,0,1,0,0,0,0,2,0,2,0,0,2,1,0,1,0,0,0,0,0,0,0,0,0,0,1,2,1,0,0,0,0,1,0,0,0,0,0,1,0,0,1,0,0,0,0,0,3,0,0,0,0,1,1,0,0,1,3,0,0,0,0,1,0,0,0,1,1,0,0,0,0,0,0,0,0,1,1,0,0,0,0,1,0,0,0,0,0,0,0,0,1,0,0,0,0,0,0,0,0,0,0,0,0,0,0,0,0,0,0,0,0,0,0,0,0,0,0,1,0,0,1,0,0,0,0,0,0,0,0,0,0,0,0,0,0,0,0,0,1,0,0,0,0,0,0,0,1,0,0,0,0,0,3,0,0,0,2,0,0,0,1,0,0,0,0,0,0,1,0,0,0,0,0,0,1,1,0,0,0,0,0,0,0,0,4,0,0,1,0,0,0,0,0,2,1,0,0,0,0,0,0,0,0,1,0,1,1,1,0,0,0,2,0,0,0,1,0,0,1,1,1,0,0,1,0,0,0,0,0,0,0,0,0,0,0,0,0,0,0,0,0,0,0,0,1,0,0,0,0,0,2,0,0,0,1,0,0,0,0,0,1,0,0,0,1,0,0,0,0,0,1,0,0,0,0,1,0,0,1,0,0,0,0,0,0,0,0,1,0,0,1,0,0,2,0,1,0,1,0,0,0,0,0,1,1,0,0,0,0,0,0,2,0,0,0,2,0,0,0,0,0,0,0,0,0,0,2,0,0,1,0,0,0,0,0,0,0,3,1,0,0,0,0,0,0,0,0,0,1,0,0,1,0,0,0,0,0,0,1,0,0,1,0,0,0,0,0,1,0,0,0,0,0,0,0,0,0,0,0,0,3,0,0,0,0,1,4,1,0,0,0,1,0,0,0,1,0,1,0,0,0,0,0,1,0,0,0,0,0,0,0,0,1,0,0,0,0,3,0,0,0,0,0,0,0,0,0,0,0,0,1,0,0,1,0,0,0,0,1,1,0,1,0,1,0,0,1,0,0,0,0,0,1,1,0,0,0,0,0,0,0,0,0,1,0,0,0,0,0,1,0,3,1,4,0,0,0,0,0,1,0,0,0,1,1,2,0,0,0,0,0,1,0,0,1,0,1,0,0,1,0,0,0,0,0,0,1,1,0,0,0,0,0,0,0,0,0,1,0,0,0,0,0,0,0,0,1,0,0,0,1,0,0,0,0,0,0,0,4,0,1,0,1,1,0,0,0,0,0,0,0,0,1,1,0,0,0,3,0,0,1,1,0,0,0,1,0,0,0,1,0,0,1,1,1,0,0,0,0,1,0,0,0,1,1,0,0,0,0,0,0,0,0,0,1,0,0,0,0,0,0,0,0,0,0,0,0,0,0,0,1,3,0,0,1,0,0,0,0,2,0,0,0,1,0,0,1,1,0,1,0,0,1,0,0,0,1,0,1,0,0,0,0,0,0,0,0,0,0,0,1,0,0,0,0,0,0,0,0,0,2,0,0,0,2,0,0,1,0,1,0,2,1,0,1,0,0,0,2,0,2,0,1,0,0,0,1,0,0,0,0,0,0,0,0,0,0,0,1,0,0,2,1,3,0,0,0,0,0,0,0,0,0,0,0,0,0,0,1,0,1,0,0,1,0,1,0,0,0,0,0,0,0,1,0,0,0,0,0,0,0,0,0,2,3,0,0,0,0,0,0,0,0,1,2,0,0,0,0,1,0,1,0,0,0,0,0,0,0,0,2,0,0,0,0,0,3,2,0,0,0,0,0,4,0,0,0,0,0,0,1,0,0,0,0,0,1,0,0,0,0,0,0,0,1,0,1,0,2,0,0,1,1,0,5,0,0,8,0,0,0,0,0,0,0,0,0,0,1,0,0,0,2,0,0,0,0,0,1,0,0,0,0,0,0,0,0,0,0,0,0,0,0,0,0,0,0,5,0,0,0,0,0,2,0,0,0,0,0,0,0,0,3,0,0,0,0,0,0,2,0,2,0,1,4,0,1,5,0,0,0,0,0,0,0,0,0,0,0,1,0,3,0,0,1,0,0,0,1,0,0,0,0,1,0,0,0,0,0,2,0,0,0,1,1,0,0,0,0,0,1,0,0,0,0,0,0,0,0,2,0,0,0,0,0,0,0,0,0,0,0,0,1,0,0,1,0,0,1,1,0,0,1,0,1,1,2,0,0,1,0,2,0,0,0,2,1,0,0,1,1,0,0,0,0,1,0,0,0,0,0,6,0,0,0,0,1,1,1,1,0,2,0,0,0,2,1,2,0,0,1,0,0,0,0,0,1,0,1,0,0,0,1,0,0,0,0,0,0,0,0,0,0,0,1,0,0,0,0,0,0,0,0,0,0,1,1,2,0,1,1,0,0,2,0,0,0,0,0,0,2,0,0,3,0,0,0,1,0,1,0,0,0,0,0,2,0,0,0,2,1,0,0,1,0,0,1,0,1,1,1,0,0,0,0,1,0,0,0,1,0,0,3,0,0,0,0,0,0,0,0,0,0,0,0,0,0,0,0,0,1,0,0,0,0,0,0,1,1,2,2,0,0,0,1,0,1
GAPT,0,0,0,0,0,0,0,0,1,0,0,0,2,0,0,2,0,0,0,0,0,0,0,0,0,0,0,0,0,1,0,0,1,1,0,0,0,0,0,1,0,0,1,0,0,0,0,1,0,0,0,0,0,0,0,0,0,0,0,0,0,0,0,0,0,0,0,0,0,0,0,2,0,1,0,0,0,0,0,0,0,0,0,0,0,0,0,1,0,0,3,0,0,0,0,0,0,1,0,7,0,0,1,0,0,0,0,0,0,0,0,0,1,1,0,0,0,0,0,1,0,0,0,0,0,0,0,2,1,0,0,0,0,0,0,0,0,0,0,0,0,0,0,2,0,0,0,0,0,0,0,0,0,0,0,0,0,0,0,0,0,0,0,0,0,0,0,0,1,3,0,0,0,1,0,0,0,0,0,0,0,1,0,0,0,0,0,0,2,1,0,0,0,0,0,0,0,0,0,1,0,0,0,0,0,0,2,0,2,0,0,0,0,0,0,0,0,0,3,0,0,1,4,0,0,0,0,1,0,0,0,0,0,0,0,0,0,0,0,1,1,0,1,0,0,0,0,0,0,1,0,0,0,0,0,0,0,0,1,0,0,0,0,0,0,0,0,0,0,0,0,1,0,1,0,0,0,1,0,0,0,1,0,0,0,0,0,0,0,0,0,0,0,0,0,0,0,0,0,0,0,0,0,0,1,0,0,1,1,0,0,0,0,0,0,0,0,0,0,0,0,0,2,0,0,0,0,1,0,0,0,0,0,0,0,0,0,0,0,0,1,0,0,0,0,0,0,0,0,0,0,0,0,0,0,0,1,0,0,0,0,0,0,0,0,0,0,0,0,0,0,0,0,0,0,3,0,0,0,0,0,0,0,0,0,0,0,0,0,0,0,1,0,1,0,0,0,0,0,1,0,0,0,0,0,0,0,0,0,2,0,0,0,0,0,1,0,0,0,0,0,0,0,0,0,0,0,0,0,0,0,0,0,0,1,0,0,0,0,0,0,0,2,0,0,0,0,0,0,0,0,0,0,0,0,0,0,0,1,1,1,0,0,0,0,0,0,0,0,0,0,0,0,0,0,0,0,0,2,0,0,0,0,0,0,0,0,0,0,0,0,0,0,1,0,0,0,0,0,0,0,0,0,0,0,0,0,0,0,0,0,0,1,0,0,0,0,0,0,0,0,0,0,0,1,0,0,1,0,0,1,0,0,0,0,0,0,0,0,0,1,0,0,0,0,0,1,0,0,0,0,1,0,0,0,2,0,2,0,0,0,0,0,0,0,0,0,0,0,1,0,0,0,0,0,0,0,0,0,0,0,0,0,0,0,0,0,0,1,0,0,2,0,1,0,2,0,1,1,0,0,1,0,0,0,0,0,0,0,0,2,0,0,0,0,0,0,0,1,0,0,0,0,0,0,0,0,0,0,0,0,0,0,0,0,0,0,0,0,0,0,0,0,0,0,0,2,0,0,0,0,0,0,0,0,1,1,0,1,2,0,0,0,0,0,0,1,0,1,0,0,0,1,0,0,0,0,0,0,0,0,0,0,0,0,0,0,0,0,0,0,0,0,0,0,0,0,0,1,0,0,0,1,0,1,0,0,0,0,0,0,0,0,0,0,0,0,0,0,0,0,0,0,0,0,0,0,0,0,0,0,0,0,0,1,0,0,0,0,0,0,0,0,0,0,0,1,0,0,0,0,0,0,0,1,0,0,0,0,0,0,0,0,0,0,1,0,0,0,0,0,1,0,0,0,0,0,0,0,0,0,0,0,0,1,1,0,0,0,0,0,0,0,0,0,0,0,0,0,0,0,0,0,0,0,0,0,1,1,0,0,1,0,0,0,0,1,0,0,0,0,2,0,2,0,0,0,2,0,0,0,0,0,0,0,0,0,0,0,2,0,1,0,0,0,0,0,0,0,0,0,1,0,0,0,0,0,2,0,0,0,0,0,0,0,0,0,1,0,0,1,0,0,0,0,0,0,0,1,0,0,1,0,0,1,0,0,0,0,2,0,0,0,0,0,0,1,0,0,0,0,0,1,0,0,0,1,0,2,0,1,0,0,0,1,0,1,0,0,0,0,2,0,0,1,0,0,0,1,0,0,2,0,0,0,0,0,0,0,0,1,0,0,0,0,0,0,1,0,0,0,0,0,0,0,0,1,0,0,0,0,0,0,0,1,1,0,0,2,0,0,0,1,0,0,1,0,0,0,0,0,0,0,0,0,0,0,0,0,0,0,0,0,0,0,0,0,0,0,0,0,0,0,0,0,0,0,0,0,0,0,0,0,0,0,0,1,0,2,0,0,0,0,0,0,0,0,0,0,0,0,0,0,0,0,0,0,0,0,0,0,0,0,0,0,0,0,0,0,0,0,1,0,0,0,0,0,0,0,0,0,0,1,1,0,0,0,1,0,1,1,0,0,0,0,0,0,2,0,1,1,0,0,0,0,0,0,0,0,0,0,0,0,1,0,1,0,0,0,0,0,0,1,0,1,0,0,0,0,0,1,0,1,0,0,0,0,0,0,0,0,0,0,0,0,0,0,0,0,0,0,0,0,0,0,0,0,3,0,0,0,0,0,0,0,1,0,0,2,0,0,0,0,2,0,0,0,1,0,0,0,0,0,0,0,0,0,0,0,0,2,0,0,3,4,0,1,0,1,1,0,0,0,0,0,0,0,0,0,0,0,0,0,0,0,0,1,0,0,0,0,0,0,0,0,0,1,0,0,0,0,0,0,0,0,0,0,0,0,0,0,0,0,0,1,2,1,0,0,0,1,2,0,0,0,1,1,0,0,0,0,0,0,0,0,0,0,2,2,0,2,0,0,0,1,0,0,0,0,0,0,0,1,0,0,1,0,0,0,0,0,1,0,0,0,0,1,0,0,1,2,0,0,0,0,0,0,0,0,0,0,0,0,0,0,0,0,0,0,0,1,1,0,0,0,0,0,0,0,0,1,0,0,0,0,0,0,0,0,0,0,0,0,0,0,0,0,0,0,0,0,0,0,2,0,0,0,0,0,0,0,1,0,0,0,0,0,0,0,0,0,0,0,0,0,0,1,0,0,0,0,0,0,1,1,0,0,0,0,0,0,0,0,0,3,0,0,0,0,0,0,0,0,0,1,0,0,0,0,3,1,0,0,0,0,0,0,0,0,0,0,0,0,1,0,0,0,0,0,0,0,0,0,0,0,0,0,0,0,0,0,0,0,2,0,0,0,0,0,0,0,0,0,0,0,0,0,0,0,1,0,0,0,0,1,0,0,0,0,1,0,0,0,0,0,0,0,0,0,0,0,0,0,0,0,0,0,0,0,0,0,0,1,0,1,0,0,0,0,0,0,0,0,0,0,1,0,0,0,0,0,0,0,1,0,0,0,1,1,0,2,1,0,0,0,0,1,2,0,0,0,0,0,0,0,0,0,0,0,0,0,0,0,0,0,0,0,1,0,0,0,0,0,0,0,0
MIDN,0,0,0,0,0,0,0,0,0,0,0,0,0,0,1,0,0,0,1,0,0,0,0,0,0,0,0,0,0,0,0,0,0,0,0,0,0,2,0,0,0,0,0,0,0,0,0,0,0,0,0,0,0,1,0,0,0,0,0,0,1,0,0,0,0,0,0,0,0,1,0,0,0,0,1,0,1,0,1,1,0,0,1,1,0,0,0,0,1,0,0,1,1,0,0,0,0,0,1,0,0,0,0,1,0,2,1,0,0,1,0,0,0,0,0,0,0,0,0,0,0,0,0,0,0,0,0,0,2,0,0,0,0,0,1,0,0,0,0,0,0,0,0,0,1,0,2,3,1,0,1,0,4,0,0,0,1,0,0,2,1,0,0,1,2,1,4,1,1,0,0,0,0,0,2,0,0,0,0,1,0,0,0,0,0,0,0,0,1,1,0,0,0,0,0,0,0,1,0,0,0,0,0,0,0,0,1,0,0,1,2,0,1,1,1,0,0,1,1,1,0,0,0,0,1,0,0,0,0,1,0,0,0,1,0,0,0,0,0,0,0,0,0,0,0,0,1,0,1,0,0,1,0,0,0,0,0,0,0,1,0,0,0,0,0,0,0,0,0,0,0,1,2,0,0,0,0,1,1,0,0,0,0,0,0,0,0,0,0,0,0,0,0,0,0,0,0,0,0,0,0,0,1,0,1,0,0,0,1,1,0,0,0,0,0,0,0,0,0,1,1,0,0,0,0,0,0,0,0,0,0,1,1,0,0,0,0,0,0,0,0,0,1,0,0,0,0,0,0,1,0,0,1,0,0,0,0,1,2,1,0,0,0,0,1,0,0,0,0,0,1,0,1,0,0,0,0,0,0,1,1,0,1,0,0,0,0,0,0,0,1,7,1,1,0,0,0,0,1,0,0,0,0,1,1,0,0,0,1,1,0,0,0,0,0,3,1,0,0,0,0,0,0,2,1,0,0,0,0,1,0,0,0,1,1,0,0,0,0,2,0,0,0,0,0,0,0,0,0,0,0,0,1,0,1,0,0,0,0,0,0,0,0,0,1,2,0,0,0,0,1,2,0,0,0,1,0,0,0,0,0,0,1,1,2,0,0,0,0,0,0,0,0,0,0,0,0,0,0,0,0,1,0,0,0,0,0,2,0,0,0,0,0,0,0,0,0,0,0,1,0,0,0,1,1,1,0,0,1,0,0,0,0,0,2,1,0,1,0,0,0,0,0,1,0,0,0,0,1,1,0,1,0,0,0,1,0,0,0,0,0,0,0,0,0,2,1,0,0,0,0,0,0,0,0,1,1,0,1,0,0,0,0,0,0,0,0,0,0,0,0,0,0,1,0,0,0,0,0,0,0,0,0,0,0,1,0,0,0,0,2,0,1,0,0,0,0,0,0,0,0,0,0,0,0,0,0,0,0,0,0,0,0,0,0,0,0,0,0,0,0,0,1,0,0,0,0,0,0,0,0,0,0,0,0,0,0,0,0,1,0,0,0,2,0,0,0,0,0,0,0,0,2,0,1,0,0,0,0,0,1,2,0,1,1,0,0,0,0,0,0,0,1,0,0,1,0,0,0,1,0,1,1,1,0,0,0,0,0,0,0,0,1,0,2,0,0,0,0,0,1,0,0,0,0,1,0,0,1,0,1,0,0,0,0,0,1,0,1,0,0,0,0,1,0,0,0,0,0,0,0,0,0,0,0,1,0,0,0,0,0,0,0,0,0,0,0,0,2,0,0,0,0,0,0,0,2,0,1,0,0,0,0,0,1,1,0,0,0,0,0,0,0,0,1,0,0,0,0,0,0,0,0,0,0,0,0,0,0,0,0,0,0,2,0,0,1,0,0,0,0,0,2,0,0,0,0,0,0,0,0,0,0,0,0,0,0,0,1,0,0,2,0,0,0,1,0,1,1,0,0,0,0,0,1,0,0,2,0,0,2,0,0,0,0,0,0,0,0,0,1,0,0,0,0,0,1,0,0,0,0,0,2,1,1,0,0,0,0,0,0,0,0,1,1,0,0,0,0,0,0,0,0,0,0,0,0,1,0,0,1,0,0,0,0,0,0,0,0,0,0,0,0,0,0,0,0,0,1,0,0,0,0,0,0,0,0,0,0,0,0,0,0,0,0,0,0,1,0,0,0,0,2,0,0,0,1,0,0,1,0,0,0,0,0,3,0,0,0,0,0,1,0,1,0,0,1,0,2,2,0,0,0,4,0,0,1,0,0,0,0,1,0,0,0,2,0,0,0,0,0,0,0,1,0,0,0,0,0,1,0,0,0,0,0,0,0,0,0,0,0,0,1,0,1,0,0,2,0,0,2,1,0,0,0,1,0,0,2,0,0,2,0,0,0,0,3,0,0,0,0,0,0,1,0,0,1,0,0,0,0,0,1,1,0,3,2,0,0,0,2,0,0,1,0,1,0,2,0,1,0,0,1,0,0,0,2,0,0,0,0,0,0,2,0,0,0,0,0,0,0,0,0,2,1,0,0,0,0,1,0,0,0,0,0,1,1,0,0,0,0,0,0,0,1,0,0,1,0,1,0,0,0,0,0,1,0,0,0,1,0,0,1,0,0,0,1,0,0,0,0,0,0,1,0,0,0,0,3,0,0,0,0,0,0,0,0,0,0,0,0,0,0,0,0,0,1,0,0,1,0,1,0,0,0,0,0,0,0,0,0,0,0,0,0,0,0,0,0,0,0,0,0,0,0,0,0,0,0,1,0,0,0,0,1,0,4,0,1,0,0,0,0,0,0,0,0,1,0,0,1,1,0,0,1,0,1,0,1,0,0,1,0,1,0,0,0,0,0,0,0,0,1,0,0,1,2,0,0,0,0,0,0,0,0,0,0,0,0,0,0,0,0,0,0,0,1,0,1,2,1,0,1,0,0,0,0,0,1,1,0,0,0,0,0,0,0,0,0,0,2,0,0,4,0,0,1,0,0,0,0,0,1,0,0,0,1,0,1,0,0,0,0,1,0,0,1,0,0,1,0,0,0,1,0,0,0,0,0,0,0,0,0,0,0,0,0,0,0,1,1,1,0,0,0,0,0,1,1,0,0,0,0,5,0,0,0,1,0,0,0,0,0,0,1,0,0,0,0,0,2,0,0,0,0,0,0,0,0,0,7,0,0,0,0,0,0,0,0,1,0,0,0,0,1,1,0,1,0,0,0,0,0,0,0,0,0,1,0,0,0,0,0,1,0,0,0,0,0,0,0,1,0,0,0,0,0,1,0,1,0,0,0,0,0,0,0,0,0,0,0,1,1,0,0,3,0,1,0,0,0,0,0,0,0,1,0,0,0,0,0,0,0,2,0,0,0,0,1,0,0,0,0,1,0,0,0,1,0,0,0,0,0,0,0,0,0,1,1,0,0,2,0,0,1,0,0,0,0,1,0,0,0,0,0,0,1,0,1,0,0,2,1,0,0,0,0,0,0,1,0,1,0,1,0,0
PTGER2,0,0,0,0,0,0,0,0,0,0,0,0,0,0,1,0,0,0,0,0,0,0,0,0,0,0,0,0,1,0,0,0,0,0,0,0,0,0,0,0,0,0,0,1,0,0,0,1,0,0,0,0,0,0,1,1,0,0,0,1,1,0,0,0,0,0,0,0,1,0,0,0,0,0,1,0,1,0,0,0,0,1,0,1,1,0,0,0,0,0,0,3,0,0,0,0,0,0,0,0,0,0,0,1,0,0,0,0,1,0,1,0,0,0,0,0,0,0,0,0,0,0,0,0,0,0,0,0,0,0,0,0,0,0,0,0,0,0,0,0,0,0,0,0,0,0,0,0,0,0,2,0,0,0,1,3,0,1,1,1,0,0,0,0,2,0,0,0,0,0,0,0,1,0,0,0,0,0,0,0,0,0,0,0,1,0,0,0,0,0,2,0,0,0,1,0,0,1,0,0,0,0,0,0,0,0,0,0,0,0,1,0,1,0,0,0,0,1,0,0,0,0,0,0,0,0,0,0,0,0,0,0,0,1,1,0,0,0,0,0,0,0,0,0,1,0,2,0,0,0,0,0,0,0,0,0,0,0,0,0,0,0,0,1,0,0,0,0,1,2,0,0,0,1,0,1,0,0,2,0,1,0,0,0,0,0,0,0,0,0,0,0,0,0,0,0,0,0,1,0,0,1,0,0,0,0,0,0,0,0,0,0,0,2,0,0,0,0,0,0,0,0,0,0,0,0,0,0,0,0,0,0,0,0,0,0,1,0,1,2,3,0,0,0,0,0,0,0,0,0,0,0,2,0,0,0,1,0,0,0,0,0,0,0,1,0,0,0,0,0,0,0,1,0,0,0,0,1,0,0,0,0,0,0,0,0,0,0,0,0,0,2,0,0,0,1,0,0,0,2,0,0,0,0,0,0,3,0,0,0,0,0,0,0,0,0,0,0,0,0,1,0,0,2,0,0,0,0,0,0,0,0,3,0,0,0,0,0,0,0,1,1,0,0,2,1,0,0,0,0,0,0,0,0,0,0,0,0,0,0,0,0,0,0,0,0,0,0,0,0,0,0,0,0,0,1,0,1,0,0,1,0,1,0,0,0,0,0,0,0,0,0,0,0,0,0,0,0,0,0,0,0,0,0,0,0,0,0,0,0,0,0,0,0,0,0,0,0,0,1,0,0,0,0,0,0,1,0,0,0,0,0,0,0,0,0,0,0,0,0,1,0,0,1,0,0,0,0,0,0,1,0,0,0,0,0,0,0,0,1,0,2,0,0,0,0,1,0,0,0,0,2,0,1,0,0,2,0,0,0,0,1,0,0,0,0,0,0,0,0,0,0,0,1,0,0,0,0,1,1,0,0,0,0,4,0,0,1,1,0,0,0,1,0,2,0,0,0,0,0,0,0,0,1,0,0,0,0,0,1,0,0,1,0,0,0,0,1,0,0,0,0,0,0,0,0,0,1,0,0,0,0,0,0,0,0,0,0,0,0,0,0,0,0,0,0,0,0,0,0,0,0,0,1,0,0,0,0,0,0,0,0,0,0,0,0,0,0,0,0,0,0,0,0,0,0,1,0,0,0,0,0,0,0,0,0,0,0,0,0,0,1,0,0,0,0,0,0,0,0,0,0,1,1,0,0,0,0,0,0,0,0,0,0,0,0,1,0,0,0,0,0,0,0,1,0,0,1,0,0,0,0,0,0,0,0,0,0,1,0,0,0,0,0,1,0,1,0,0,0,0,0,0,1,0,0,0,0,0,0,0,0,0,0,1,0,0,0,0,0,0,0,0,0,0,1,0,1,1,0,2,0,0,0,1,2,3,0,0,1,0,0,0,0,0,0,0,0,0,0,1,0,0,0,0,3,0,0,0,0,0,0,0,0,0,0,0,0,0,0,0,0,0,0,0,0,0,0,1,0,0,0,0,0,0,0,1,0,0,0,0,0,0,0,0,0,0,0,0,0,0,0,0,0,0,0,0,0,0,0,0,0,0,0,0,0,0,0,0,0,0,0,0,0,0,0,0,0,0,0,0,0,0,0,0,0,0,0,0,0,0,1,0,0,0,0,0,0,0,0,0,0,0,0,0,1,0,0,0,3,0,0,0,0,0,0,0,0,3,1,0,0,0,1,0,0,0,1,0,0,0,0,0,0,0,0,0,0,0,0,0,0,0,0,0,0,0,0,0,0,0,1,0,0,0,0,0,0,0,0,0,0,0,1,0,0,0,0,0,0,0,0,0,0,0,1,0,0,0,0,0,0,1,0,0,0,0,0,0,0,0,0,0,0,0,1,0,0,0,0,0,0,0,0,0,0,1,0,0,0,0,2,0,0,0,1,0,0,0,0,0,0,0,0,0,0,0,1,0,0,0,0,1,0,0,0,0,0,1,0,1,0,2,0,0,0,0,1,1,0,0,4,0,0,0,0,1,0,0,1,0,0,0,0,0,0,1,0,0,0,0,0,0,0,0,0,0,0,0,0,1,2,0,0,0,0,0,0,0,0,0,1,0,0,0,0,0,0,0,1,0,1,0,0,0,0,0,0,0,0,0,0,0,0,0,0,0,0,1,0,0,0,1,2,0,0,0,0,0,0,0,0,0,0,0,0,0,0,0,0,4,0,0,0,0,0,0,0,0,0,0,1,0,0,0,2,1,0,0,0,1,0,0,0,0,0,0,0,0,0,0,0,0,0,0,1,0,0,0,0,0,0,0,0,0,0,0,0,0,0,0,0,0,0,1,0,0,1,0,0,1,0,0,0,0,0,1,0,0,0,0,0,0,0,2,0,0,0,0,0,3,0,0,0,2,0,0,0,0,0,0,1,0,0,0,0,1,1,0,0,0,0,0,0,1,0,0,0,0,0,0,1,0,1,1,0,0,0,0,0,0,0,1,0,0,0,0,0,0,0,0,0,0,0,0,0,1,0,0,0,0,0,0,0,0,1,0,0,0,0,0,0,0,1,3,0,0,0,1,0,0,0,0,0,0,0,0,0,0,0,0,0,0,0,0,0,0,0,0,0,0,0,2,0,0,0,1,0,0,0,0,0,0,0,0,0,0,1,0,0,0,0,0,0,0,1,0,0,0,0,0,0,0,0,0,0,0,0,2,0,0,0,0,0,0,0,0,0,1,0,2,0,0,0,0,0,0,0,0,0,0,0,0,0,1,0,0,0,0,0,0,0,0,0,0,0,0,0,0,0,1,1,1,0,0,1,0,1,0,0,0,2,0,0,0,0,0,0,0,0,0,0,0,0,1,1,0,0,0,0,0,0,0,0,0,0,0,0,0,0,0,0,1,1,0,0,2,0,0,0,0,0,0,0,0,0,0,2,0,0,0,0,1,0,0,0,0,0,0,0,1,0,0,1,0,0,0,0,0,0,0,0,0,0,0,0,0,0,0,0,0,0,0,0,0,2,0,0,0,0,0,0,0,0,0,0,0,0,1,0,0,0,0,0,0,1
RAB31,0,0,0,0,0,1,0,0,0,0,0,0,1,0,0,0,0,0,0,0,0,0,1,0,0,0,0,0,0,0,0,0,0,0,0,0,0,0,0,0,0,0,1,0,0,0,0,0,0,0,0,0,1,0,0,0,0,0,0,0,2,0,0,0,0,0,0,0,0,0,0,0,0,0,0,0,0,1,1,1,0,0,0,0,0,0,0,0,0,0,0,0,0,0,0,0,0,0,1,0,0,0,0,0,0,1,0,0,0,0,0,0,0,1,0,0,0,0,0,0,0,0,3,0,0,0,0,0,1,0,0,0,0,0,0,0,0,0,0,0,0,0,0,0,2,0,1,0,0,0,1,0,0,0,0,0,0,0,0,0,0,0,0,1,0,0,1,0,0,1,0,0,0,0,0,0,0,0,0,0,0,0,0,0,2,0,0,0,0,1,1,0,0,0,0,0,0,0,0,0,0,0,1,0,0,0,1,0,0,0,0,0,0,0,0,0,0,0,0,0,0,0,0,0,0,0,0,0,0,0,0,0,0,1,1,0,0,0,0,0,1,0,0,0,0,0,0,0,6,0,0,1,0,0,0,0,0,0,0,1,0,0,0,0,0,0,0,0,0,0,0,0,0,0,0,0,0,3,1,0,0,0,0,0,0,0,0,0,0,0,0,0,1,0,0,0,0,0,0,0,0,0,0,0,1,0,0,1,0,0,0,0,0,0,0,0,0,0,0,0,0,0,1,0,0,0,1,1,0,0,0,1,0,0,0,0,0,0,0,3,1,0,1,0,0,0,0,1,0,0,1,0,0,0,0,1,0,0,2,0,0,0,0,0,0,0,1,0,0,0,0,1,0,0,0,2,0,0,0,1,0,0,0,0,0,0,0,0,0,0,0,1,0,0,0,0,0,0,0,0,0,0,0,0,0,0,0,0,0,0,0,0,0,0,0,4,0,0,0,0,2,0,1,0,2,0,0,1,0,0,0,0,0,0,1,0,0,0,0,5,0,0,0,0,0,2,0,0,0,0,0,0,1,0,1,0,0,1,1,0,0,0,0,0,0,3,0,0,0,4,1,0,0,0,0,0,0,0,0,0,1,0,0,0,0,0,0,0,0,1,0,0,0,0,0,0,0,0,0,0,0,2,0,0,0,1,0,0,0,0,1,0,0,0,0,0,0,0,0,0,0,0,0,0,0,1,0,0,0,0,1,0,0,0,2,0,0,1,0,0,0,0,0,0,0,0,2,0,0,0,0,2,0,0,0,2,0,2,0,0,0,0,0,0,0,0,0,0,0,0,0,0,0,0,0,5,0,0,1,0,0,0,0,1,0,0,0,0,0,0,0,0,0,0,0,0,0,0,0,1,0,2,1,0,0,1,0,0,0,0,1,0,0,0,0,0,0,0,1,0,0,0,0,0,0,0,0,0,0,0,0,0,0,0,2,0,0,0,0,0,0,0,0,0,0,0,0,0,0,0,0,0,0,1,0,0,0,0,0,0,0,0,0,0,0,0,1,0,0,0,0,0,0,0,0,0,1,1,0,0,0,0,0,0,1,0,0,0,0,0,0,0,0,0,0,0,0,0,0,2,0,0,0,0,0,1,0,0,0,3,0,0,0,0,1,0,0,0,0,0,0,0,0,0,0,0,0,0,0,0,0,0,0,0,0,0,0,0,0,0,0,0,0,0,0,0,0,0,0,0,0,0,0,0,0,0,0,0,0,0,0,0,0,0,0,0,0,0,0,0,0,0,0,0,0,1,0,0,0,0,0,0,0,0,0,2,0,0,0,0,0,0,0,0,2,0,0,0,0,0,0,0,0,0,0,0,0,0,0,0,0,1,0,0,0,0,1,0,0,0,0,0,2,0,0,0,0,0,0,1,0,0,0,0,0,0,0,0,0,0,1,0,0,0,0,0,0,0,0,0,0,1,1,0,0,0,0,1,0,0,0,0,0,0,0,0,0,0,0,1,0,0,1,0,0,0,0,0,0,0,0,0,0,1,0,0,0,0,0,0,0,0,0,0,1,0,0,0,0,0,0,0,0,0,0,0,0,2,0,1,0,0,0,0,0,0,0,0,0,0,0,0,1,0,0,0,0,0,4,0,0,0,0,0,0,0,0,2,0,0,0,0,0,0,0,0,0,0,0,0,0,0,0,0,0,0,0,0,0,0,0,0,0,0,1,0,0,0,0,0,0,2,2,0,0,0,0,0,1,0,0,0,0,0,0,0,0,0,0,0,1,0,0,0,0,0,0,0,0,0,0,1,0,0,0,0,0,0,0,0,0,0,0,0,0,0,0,0,1,0,0,0,0,0,0,0,0,0,0,0,0,4,0,0,0,1,0,0,0,0,0,0,0,0,0,0,0,0,0,0,0,0,0,0,0,0,0,0,0,0,0,0,3,0,0,0,1,0,0,0,0,0,0,0,0,1,0,1,0,1,0,0,0,0,0,0,0,0,0,0,2,0,0,2,0,0,0,0,4,0,0,0,1,0,0,0,0,0,0,0,0,0,0,0,0,0,1,0,0,0,0,0,0,0,0,0,0,0,0,0,0,1,0,0,0,0,0,0,0,0,0,0,0,0,0,0,0,0,0,0,1,0,0,0,0,0,0,0,0,0,0,0,0,0,0,0,0,0,0,0,0,0,0,0,0,0,0,0,0,1,0,0,1,0,0,0,0,0,0,0,0,0,0,0,0,0,1,0,0,0,0,0,0,0,0,0,0,0,0,0,0,0,0,0,0,0,0,0,0,0,0,0,0,0,0,0,1,1,0,0,0,2,0,0,0,0,1,0,1,0,0,0,0,0,0,0,0,0,0,0,2,0,1,2,0,0,6,0,0,0,0,0,1,0,0,0,0,0,0,0,0,0,0,0,0,0,1,0,2,0,2,0,0,0,0,0,0,0,0,1,0,0,0,0,1,0,0,0,1,0,2,0,0,0,0,0,2,0,0,0,0,0,0,0,0,0,0,0,0,0,0,1,0,0,0,0,0,0,0,0,0,0,0,1,0,0,0,0,0,0,0,0,0,0,0,0,0,0,1,0,0,0,0,0,1,0,0,0,0,0,0,0,0,0,0,2,0,0,0,0,0,1,0,0,0,0,1,0,0,1,0,0,0,0,0,0,0,0,0,0,1,0,0,0,0,1,0,1,0,2,0,0,0,0,0,0,0,0,0,0,0,0,0,0,1,0,0,3,0,0,0,0,1,0,0,0,0,0,0,0,0,0,0,0,0,0,0,0,0,0,0,0,0,0,0,0,0,0,0,0,0,0,0,0,0,0,0,0,0,0,0,0,1,0,0,0,0,0,0,0,1,0,0,0,2,0,0,0,0,1,0,0,0,0,0,1,0,2,1,0,0,0,0,0,0,0,0,1,0,0,0,2,0,0,1,0,1,0,0,1,0,0,0,0,0,0,0,0,0,0,0,0,0,0,1,0,3,2,0,0,0,0,0,0,0,0
BCL7A,0,0,0,0,0,0,0,1,0,1,0,0,0,0,0,0,0,0,0,0,0,0,0,0,0,0,0,0,0,1,0,0,1,0,0,0,0,0,0,1,0,0,0,0,0,0,0,0,0,0,1,0,0,0,0,0,0,0,0,0,1,0,0,0,0,0,0,0,0,0,0,0,0,0,0,0,0,0,0,0,0,0,0,0,0,0,0,0,0,1,1,0,1,0,0,0,0,0,0,0,0,0,0,0,0,0,0,0,0,0,0,0,0,0,0,0,0,0,0,0,0,0,0,0,0,0,0,1,0,0,0,0,0,0,0,0,1,0,0,0,0,0,0,0,0,0,0,0,0,0,0,0,0,0,0,0,1,0,0,0,0,0,0,0,0,0,0,0,0,0,0,0,0,2,0,0,0,0,0,0,0,0,1,1,0,0,0,0,0,0,0,0,0,0,0,0,0,0,0,1,0,0,0,0,0,0,1,0,0,1,0,0,0,0,0,0,0,0,2,0,0,1,1,1,0,0,0,0,0,0,0,0,0,0,0,0,0,1,0,0,0,0,2,0,0,1,0,0,0,0,0,0,2,0,0,0,0,0,1,0,0,0,0,0,0,0,0,0,0,0,0,0,0,0,0,0,0,0,0,0,0,0,0,0,0,0,0,1,0,0,0,0,0,0,0,0,0,0,0,0,0,0,0,0,0,0,0,0,0,0,0,0,0,0,0,0,0,0,0,1,1,0,0,0,0,0,0,2,1,0,0,0,0,0,0,0,0,0,1,0,0,0,0,1,1,0,0,0,0,0,0,1,0,0,0,0,1,0,0,0,0,0,0,0,0,0,0,0,0,0,0,0,0,0,0,0,0,0,0,0,0,0,0,0,0,0,0,0,0,0,0,0,0,0,0,0,1,0,0,0,0,0,0,0,0,0,0,3,0,0,0,0,0,0,0,0,0,0,0,0,0,0,0,0,0,0,0,0,0,0,0,0,0,0,0,2,0,0,0,0,0,0,0,0,0,0,0,0,0,0,0,0,0,0,0,0,0,0,0,0,1,0,0,0,0,1,0,0,0,0,0,0,0,0,0,0,0,0,0,0,0,0,0,0,0,0,0,1,0,0,0,1,0,0,0,0,0,0,0,0,0,0,0,0,0,0,2,0,0,0,0,0,0,0,1,0,0,0,0,0,0,0,0,0,0,0,0,0,0,0,0,2,0,0,0,0,0,0,0,0,0,0,0,0,0,0,0,0,1,0,0,2,0,0,0,0,1,0,0,0,0,0,2,0,0,0,0,0,0,1,0,0,0,0,0,0,0,0,0,0,2,0,0,0,0,0,1,0,0,0,0,0,0,0,0,0,0,2,1,2,0,0,0,0,0,0,0,0,0,0,1,2,0,0,0,0,0,0,0,0,0,0,0,0,0,0,0,0,0,0,0,0,0,0,0,0,0,0,0,0,0,0,0,0,0,0,0,0,0,0,0,0,0,0,2,0,1,0,0,0,0,0,0,0,0,0,0,0,0,0,0,1,0,0,0,0,0,0,0,0,0,0,0,0,0,0,0,0,0,0,0,0,0,0,0,0,0,0,0,0,0,1,1,0,0,0,0,0,0,0,0,0,1,0,0,0,0,0,0,0,0,0,0,0,0,0,0,0,0,0,0,0,0,0,0,0,0,0,0,0,1,0,0,0,0,0,4,0,0,0,0,0,0,0,2,0,0,3,0,0,0,0,0,0,0,1,0,0,0,1,0,0,0,0,0,0,0,0,0,0,0,0,0,0,0,0,0,0,0,0,0,0,0,0,0,0,0,0,0,0,0,0,1,0,0,0,0,0,0,0,0,0,0,0,0,0,0,0,0,0,0,2,0,0,0,0,0,0,0,0,0,0,0,0,0,0,0,0,0,0,0,0,0,0,0,0,0,0,0,0,0,0,0,0,0,0,0,0,0,1,0,0,0,0,0,0,0,0,0,0,2,0,0,0,0,0,0,1,0,0,0,0,0,0,0,0,0,0,0,0,0,0,0,0,0,0,0,0,0,0,3,0,2,0,0,0,0,0,0,0,0,0,0,0,0,0,0,0,0,0,0,0,0,0,1,0,0,0,0,0,0,0,0,1,0,0,0,0,0,0,0,0,0,0,1,0,0,0,0,0,0,0,0,0,0,0,2,0,0,0,0,0,0,0,0,0,0,0,0,0,0,0,0,0,0,0,0,0,0,0,0,0,0,0,0,0,0,0,0,0,1,0,0,0,0,1,0,0,0,0,0,0,0,0,0,0,0,0,0,0,0,0,0,0,0,0,0,0,0,0,1,3,0,0,0,0,2,0,0,0,1,0,0,0,0,0,0,0,0,0,0,0,0,0,0,0,0,0,0,0,0,0,0,0,0,0,0,0,0,0,0,0,0,0,0,0,0,0,0,0,0,0,0,0,0,0,0,1,0,0,1,0,0,0,0,0,0,0,0,0,0,0,0,0,0,0,0,0,0,0,0,0,0,0,0,0,0,0,1,0,0,0,0,0,0,0,0,0,0,0,0,0,0,0,1,0,0,0,0,0,0,0,0,0,0,0,1,3,0,0,0,0,0,0,0,0,0,0,2,0,0,0,1,0,1,0,0,0,0,0,0,0,0,0,0,0,0,0,0,0,1,0,0,3,3,0,0,0,0,0,0,0,0,0,0,0,0,0,0,0,0,0,0,0,0,0,0,0,0,0,0,0,0,0,0,0,0,0,0,0,1,0,0,0,0,0,0,0,0,0,0,1,0,0,0,1,0,0,0,0,0,0,0,0,0,0,0,1,0,0,0,0,0,0,0,2,1,1,1,0,0,0,0,0,0,0,0,0,0,0,0,0,0,0,0,0,0,0,0,0,0,0,0,0,0,0,0,0,0,0,0,0,0,0,0,0,0,0,2,0,3,0,1,0,0,0,0,0,0,0,0,1,0,0,1,0,0,0,0,0,0,0,0,0,0,0,0,0,0,0,0,0,0,0,0,0,0,0,0,0,0,0,1,1,0,0,0,0,0,0,0,1,0,0,0,0,0,0,0,0,0,0,0,0,1,0,1,0,0,0,0,0,1,0,0,0,0,0,0,0,0,0,0,0,0,0,0,0,0,0,0,0,0,0,0,0,0,0,0,1,0,0,0,0,0,0,0,0,0,0,0,0,0,2,0,0,0,0,0,1,0,0,0,0,0,0,0,0,0,0,0,0,0,0,0,0,0,0,0,0,0,0,2,0,0,0,0,0,0,0,0,0,0,0,0,0,0,0,0,0,0,0,0,0,0,0,1,0,0,0,0,0,0,0,0,0,0,0,0,0,0,0,1,0,0,0,0,0,0,0,0,0,0,1,0,0,0,0,0,0,0,0,0,0,0,0,0,0,0,0,0,0,0,0,0,0,0,2,0,0,0,0,0,0,0,0,0,0,0,0,0,0,0,0,0,1,0,0,0,0,0,0,0,0,0,0
ARL4A,1,0,0,0,0,0,0,0,1,0,0,0,1,1,0,1,0,0,1,0,0,0,0,0,0,0,0,0,0,0,0,0,0,0,0,1,2,0,2,0,0,0,0,0,0,0,0,0,0,0,3,0,1,0,1,0,0,0,0,0,1,0,0,0,0,0,0,0,2,0,1,1,0,0,0,0,0,0,0,0,0,0,0,1,0,1,0,1,0,0,1,0,0,0,0,1,0,0,0,0,0,0,0,1,0,1,0,0,0,0,0,0,0,0,0,0,0,0,1,0,0,0,0,0,0,0,0,0,0,0,0,0,0,0,1,0,0,0,0,0,0,0,0,1,2,0,2,2,2,0,3,0,0,0,0,0,0,0,0,0,0,0,0,0,0,0,1,0,1,0,0,0,0,0,0,0,0,1,0,0,0,0,0,0,0,0,0,0,2,5,1,1,0,0,0,0,0,2,0,0,0,1,2,0,0,0,0,0,0,0,0,0,0,1,0,0,0,1,0,0,0,1,0,1,2,0,0,0,0,2,0,0,0,0,1,2,0,0,1,0,0,1,3,0,0,0,0,0,0,0,0,0,1,1,0,0,0,0,0,0,0,0,0,0,0,0,0,0,0,0,0,2,0,0,0,1,1,0,3,0,0,0,1,0,0,0,0,0,0,1,0,0,1,0,0,0,0,2,0,0,0,0,0,1,0,0,1,0,2,0,0,0,0,0,0,1,0,2,1,0,0,0,0,0,0,0,1,1,0,0,0,0,0,1,0,0,0,1,0,0,0,2,1,0,0,1,0,2,0,0,3,1,1,0,0,0,0,0,0,0,0,0,2,0,0,0,1,0,0,0,0,1,0,0,0,0,0,1,1,0,0,0,2,0,0,0,0,0,0,0,0,1,0,0,0,3,0,1,0,0,0,0,0,0,0,2,0,0,0,1,1,0,0,0,0,0,0,0,0,0,2,2,0,0,0,0,0,0,0,0,1,1,0,0,0,1,1,0,0,0,0,2,1,0,1,1,0,0,0,1,1,0,2,0,0,1,0,3,0,0,0,0,0,1,0,1,2,0,1,0,0,0,0,2,0,0,0,0,0,0,1,1,0,0,1,0,0,0,1,0,0,0,0,0,0,0,0,0,0,0,0,0,2,0,0,0,0,0,0,0,1,0,1,0,0,0,0,0,0,1,0,0,0,1,1,0,1,0,0,1,0,0,1,0,1,0,0,0,0,0,0,0,0,1,0,0,0,0,0,0,0,0,0,0,0,0,0,3,0,0,0,0,0,0,0,1,0,0,0,1,0,0,0,0,0,1,0,0,0,0,1,0,0,0,0,0,2,0,1,0,0,0,0,0,0,0,0,1,0,0,0,0,0,0,0,0,1,0,0,0,3,0,0,2,0,0,0,0,1,0,0,0,0,0,0,1,0,1,0,1,0,0,1,0,1,0,1,0,0,0,0,1,1,0,0,1,0,0,0,1,0,0,1,0,0,0,0,0,0,1,1,0,0,1,0,0,0,0,0,0,0,0,1,1,2,1,1,0,0,0,0,0,0,0,2,2,0,0,0,0,0,0,0,1,0,0,0,0,0,0,0,0,0,0,0,1,0,0,0,0,1,0,0,0,0,0,0,1,0,0,0,1,0,0,0,0,0,0,0,0,3,0,0,0,0,0,2,0,0,0,3,0,1,0,3,0,0,0,0,0,0,0,0,0,0,0,2,1,0,0,0,1,0,0,0,0,0,0,0,1,0,2,0,0,0,0,0,2,0,1,0,0,0,0,0,0,0,0,0,0,0,2,0,0,2,0,0,0,0,0,1,1,0,0,2,0,0,1,0,1,2,1,0,0,0,0,0,0,0,0,0,0,0,0,1,1,0,0,0,0,0,0,0,1,0,0,0,0,1,0,0,0,0,0,0,0,0,0,1,0,0,0,0,0,1,1,0,0,3,2,1,0,0,0,0,0,0,1,0,0,2,0,0,0,0,0,0,0,0,0,0,0,0,0,0,1,1,0,0,0,0,0,0,1,0,0,0,2,2,0,2,0,0,0,0,0,0,0,1,3,1,0,0,0,0,0,0,0,0,0,0,1,0,0,0,0,0,1,1,6,0,1,1,0,0,0,0,1,0,1,2,1,0,1,1,0,0,0,0,0,0,0,0,0,0,0,2,0,0,0,1,0,0,0,0,0,0,0,0,0,0,1,0,0,0,1,0,0,0,1,0,0,0,1,1,0,0,0,0,0,0,0,0,0,0,0,0,0,1,0,0,0,0,0,0,0,1,0,0,0,1,0,0,0,0,0,0,0,1,0,0,0,0,1,0,0,0,0,0,0,0,0,0,0,0,1,1,0,0,0,0,1,0,0,0,0,0,0,0,0,0,0,1,1,1,0,0,0,0,0,0,1,1,1,0,0,0,1,0,0,0,0,0,1,0,2,0,3,0,0,0,0,0,1,0,1,0,0,1,0,0,0,1,2,1,0,0,0,0,1,0,0,2,0,0,1,0,0,0,0,0,0,3,1,1,0,0,0,0,1,0,0,0,1,0,1,0,0,1,0,0,0,0,0,0,0,0,2,0,0,0,0,0,0,0,0,0,0,0,0,0,0,0,1,0,0,0,0,0,2,0,0,0,0,0,0,0,1,0,0,0,0,0,2,0,0,0,0,0,2,1,1,0,0,0,0,1,2,0,0,0,1,1,1,0,0,0,0,0,0,0,0,0,1,0,0,0,0,0,1,0,0,0,0,0,0,1,0,1,0,0,0,0,0,0,0,0,0,0,0,0,0,0,1,0,1,0,0,0,1,0,0,0,0,1,1,0,1,0,0,3,0,0,0,0,0,0,1,1,0,0,1,0,0,0,1,0,0,0,0,0,0,0,0,1,0,0,1,0,1,0,2,2,0,1,0,0,0,0,0,1,0,0,1,1,0,0,1,0,0,0,0,0,1,0,1,2,0,0,0,1,0,0,0,1,0,1,0,0,0,0,0,0,0,0,0,0,0,0,0,0,0,0,0,0,0,0,0,1,0,0,0,0,0,2,2,1,0,0,0,0,2,0,0,2,0,0,0,0,1,0,0,0,0,0,0,0,1,0,0,0,0,0,0,0,0,2,0,1,2,1,0,0,0,0,0,0,0,0,1,1,0,0,1,0,0,0,0,0,2,0,0,0,0,0,0,0,0,0,0,0,0,0,0,0,0,1,0,0,0,0,1,2,2,0,0,1,1,0,0,0,0,0,0,0,0,0,0,1,1,0,0,0,0,0,0,0,0,0,0,0,1,2,0,1,2,1,0,0,0,0,1,1,0,0,0,1,0,0,1,1,0,1,1,0,0,0,0,0,2,0,0,0,0,0,0,1,0,0,0,0,1,0,0,0,0,0,2,0,0,0,0,0,0,0,0,0,0,0,0,0,0,0,0,0,2,2,0,0,0,1,0,1,0,0,0,0,3,0,0,0,1,1,0,0,0
OPTN,0,0,0,1,2,0,0,1,0,0,0,1,0,1,0,0,0,1,0,0,0,0,0,0,0,0,0,0,0,0,0,0,0,0,1,0,0,0,0,0,0,0,0,0,0,0,0,0,0,0,0,0,0,0,2,0,0,0,0,0,0,1,0,0,0,1,0,0,0,0,1,0,0,0,0,1,0,0,0,0,0,0,0,0,0,0,0,0,0,0,0,1,0,0,0,0,0,0,0,3,2,0,0,0,0,0,0,0,0,0,0,0,0,0,0,0,1,0,0,1,0,0,0,0,0,0,1,0,0,0,0,0,0,0,0,0,0,0,0,0,1,0,0,0,0,0,0,0,2,0,0,0,0,0,0,1,0,0,0,0,0,0,0,0,0,1,0,0,0,0,0,0,3,0,0,0,0,0,0,0,0,0,0,0,0,0,0,0,0,0,0,0,1,0,0,0,0,0,0,0,0,1,0,0,0,1,0,0,0,0,0,0,1,0,0,1,0,1,0,0,0,0,0,0,2,0,0,0,0,1,2,1,0,0,0,1,0,0,0,0,0,0,0,0,0,0,0,0,0,0,0,0,0,0,0,0,1,0,0,0,0,0,0,0,0,0,1,0,0,0,0,0,0,0,1,1,0,0,0,0,0,0,1,1,0,0,0,0,0,0,0,1,0,0,0,0,0,0,0,0,0,0,0,0,0,1,0,0,0,0,0,0,0,0,0,0,0,1,0,0,0,1,0,1,0,0,0,0,0,0,0,0,0,0,0,0,0,0,0,0,0,0,0,0,0,1,0,0,1,0,0,0,1,0,0,0,0,0,0,0,0,0,0,0,0,0,0,1,0,3,0,0,0,0,0,0,0,0,0,0,0,0,0,0,0,0,0,0,3,1,0,0,0,0,0,0,0,0,0,0,0,0,0,0,0,0,0,0,1,0,0,2,0,0,0,0,0,0,0,0,0,0,1,0,0,0,1,0,0,0,0,0,0,1,0,0,0,0,1,0,0,0,0,0,1,0,1,0,0,1,0,1,0,1,0,0,1,0,0,0,0,0,0,0,0,0,0,0,0,0,0,0,0,0,0,0,0,0,0,0,0,0,0,0,0,0,0,1,0,0,1,0,0,0,0,0,0,0,0,0,0,0,0,0,0,0,0,0,2,0,0,0,0,0,0,3,0,1,0,0,0,0,0,0,0,0,0,0,0,0,0,0,1,0,1,0,1,0,0,0,0,1,0,0,0,3,0,0,0,1,3,0,0,0,0,0,0,0,0,0,0,0,0,0,0,0,0,0,1,0,0,0,1,0,0,0,0,0,0,1,0,0,0,0,0,0,0,0,0,0,1,0,0,0,0,0,0,0,0,0,0,0,0,1,1,0,0,1,0,1,0,0,0,2,3,0,0,0,0,0,0,1,0,0,0,0,0,0,0,0,0,0,0,0,0,1,0,0,0,0,0,0,1,0,0,0,0,0,0,0,0,0,0,0,0,0,0,0,0,0,0,0,1,2,0,0,0,0,0,0,0,0,0,0,0,1,0,0,0,0,0,0,1,0,0,0,0,1,0,0,0,0,0,0,0,1,0,0,0,0,0,0,0,0,0,0,0,0,0,0,1,0,0,0,0,0,1,0,0,0,0,0,1,0,0,0,0,0,0,0,1,0,0,0,0,0,0,0,0,0,0,0,3,0,0,0,0,0,0,0,1,0,1,0,0,0,0,1,1,0,1,0,0,0,0,0,0,0,0,0,0,1,0,2,0,0,0,0,0,0,0,0,0,2,0,0,1,0,1,0,0,2,0,0,0,2,0,0,0,0,0,0,0,0,2,0,0,0,0,0,2,0,0,0,0,0,0,0,0,0,0,0,0,0,0,1,0,0,0,0,0,0,0,0,0,0,1,0,0,0,0,0,1,0,0,0,0,0,1,0,0,0,0,0,0,0,0,0,0,0,0,0,0,0,0,0,0,0,1,0,0,0,0,0,0,0,0,1,0,0,0,0,0,0,0,0,0,0,0,0,0,0,0,0,0,0,0,0,0,0,0,0,0,0,0,0,0,0,0,0,0,0,2,0,0,1,0,1,0,0,0,0,0,0,0,0,0,1,0,0,0,0,0,0,0,0,0,0,1,1,0,0,3,0,0,0,1,0,1,2,0,0,0,0,0,0,0,0,0,0,0,0,1,1,0,0,0,0,0,0,0,0,1,0,0,0,0,0,0,0,1,0,0,0,0,1,0,0,0,0,0,0,2,0,0,1,0,1,0,0,0,0,0,0,0,2,0,0,0,0,0,0,0,0,0,0,0,0,0,0,0,0,0,0,1,1,0,0,1,1,0,0,0,0,0,0,0,1,0,0,0,0,1,0,0,0,0,1,0,0,3,0,0,0,0,1,0,1,0,0,2,2,0,0,0,2,0,0,0,0,0,1,1,0,0,0,0,0,0,0,0,0,0,0,0,0,0,0,0,0,0,1,1,0,0,0,0,0,0,0,0,0,0,0,0,0,0,0,0,0,0,1,0,1,0,0,0,1,1,0,0,0,0,0,0,0,0,0,0,0,0,0,0,0,0,1,0,1,0,0,0,0,0,0,0,0,0,0,0,0,0,0,0,0,0,0,1,0,0,0,1,0,1,0,0,0,0,0,2,0,0,0,0,1,0,0,0,0,0,0,0,0,0,0,0,0,0,0,0,0,0,0,0,0,1,0,0,0,0,0,0,0,1,0,2,2,0,0,0,0,0,0,0,0,0,0,0,1,0,0,0,0,0,1,0,0,0,0,0,0,0,0,2,0,0,0,0,0,0,0,0,0,0,0,0,0,0,1,0,0,0,0,0,0,1,1,0,2,0,0,0,1,0,0,0,0,0,0,0,0,0,0,1,0,1,0,0,1,0,0,0,0,0,0,0,0,1,0,0,0,0,0,2,0,0,0,1,0,0,0,0,0,0,0,0,0,0,0,0,0,0,0,0,0,1,0,0,1,0,1,0,0,0,0,0,0,1,0,0,0,0,0,0,0,1,0,1,2,2,0,0,0,0,0,0,0,1,0,0,0,1,2,1,0,0,0,0,0,0,0,0,0,0,0,0,0,0,0,0,0,0,0,0,0,0,0,0,0,0,0,0,2,0,0,0,0,0,0,2,0,0,0,0,0,0,0,0,0,0,0,0,0,0,0,0,0,0,0,0,0,0,1,0,0,0,0,1,0,1,1,0,0,0,0,0,1,0,0,0,0,0,0,0,0,0,0,0,1,0,0,2,0,0,0,0,0,1,0,1,0,0,0,0,0,0,0,0,0,0,1,0,0,0,1,0,0,0,0,3,0,0,0,0,0,0,0,3,0,0,0,0,0,1,0,0,0,0,0,0,0,0,0,0,0,0,0,0,0,0,0,0,0,1,0,0,0,0,0,0,0,0,0,0,0,0,0,0,1,0,0,0,0,0,0,0,0,0,0,0,0,0,0,0,0,0,0
SCPEP1,0,1,0,0,1,0,0,0,0,1,2,0,2,1,0,0,0,0,2,0,0,0,1,1,0,0,0,1,0,0,0,0,0,0,0,0,0,0,0,0,0,0,0,0,0,1,2,1,0,0,0,0,0,0,0,0,0,0,0,0,2,0,0,1,0,0,0,0,0,0,0,0,0,2,0,0,0,0,0,0,0,0,0,0,0,0,0,0,0,0,0,0,0,0,0,0,0,1,2,0,0,0,2,0,0,0,0,1,0,0,0,1,0,0,0,0,0,0,0,0,0,0,0,0,0,0,1,0,0,0,0,0,0,1,0,0,1,0,0,0,0,1,1,1,0,0,0,0,0,0,1,0,0,0,0,0,0,0,0,0,0,0,0,4,0,0,0,0,1,1,0,0,0,0,1,0,0,0,0,0,0,0,0,0,0,0,0,1,0,1,0,0,0,0,0,0,0,0,0,0,0,0,1,0,0,0,0,1,0,0,0,1,0,0,0,0,0,0,0,0,0,0,0,0,0,0,0,1,0,0,0,0,0,1,0,0,0,0,0,1,0,0,0,1,0,0,0,0,4,0,0,0,0,0,0,0,0,0,0,0,0,0,0,0,0,0,0,1,0,0,1,0,2,0,0,0,0,1,1,1,1,0,0,0,0,0,0,0,0,1,0,0,4,0,0,0,0,1,2,0,0,0,0,0,1,0,0,0,0,0,0,0,0,0,0,1,0,0,0,0,0,0,0,0,0,0,0,0,0,0,0,0,0,0,0,0,0,0,0,0,3,0,1,0,0,0,0,1,0,0,1,0,0,0,0,1,0,0,2,1,0,0,0,2,0,0,0,1,0,1,0,0,0,0,0,0,0,1,0,1,0,2,1,0,1,0,0,0,0,0,1,0,0,1,0,2,0,0,0,0,0,1,0,0,1,1,0,0,0,1,0,0,0,0,0,1,0,0,0,0,0,1,0,0,1,0,0,0,1,0,0,0,0,0,1,1,0,0,0,3,0,1,1,1,0,1,0,0,1,0,0,0,0,0,1,0,1,0,0,3,0,0,1,0,1,0,0,0,0,0,0,1,0,0,0,1,0,0,1,0,1,0,0,0,0,0,0,0,0,1,0,0,0,1,0,0,0,0,2,0,0,0,0,0,0,0,0,2,0,0,0,0,0,0,1,0,0,0,0,0,0,0,0,0,1,0,0,0,0,0,0,0,0,0,1,0,0,0,0,0,0,0,0,0,0,0,1,0,1,0,0,1,0,0,0,1,0,0,0,0,0,0,1,0,0,0,0,0,1,0,0,0,0,0,0,1,0,1,0,0,1,0,0,1,0,0,1,0,0,0,0,0,0,3,1,1,0,0,0,0,0,1,1,0,0,0,1,0,0,0,0,1,0,0,0,0,0,0,0,0,0,0,0,0,1,0,0,0,0,0,0,0,0,0,0,0,0,0,0,0,0,0,0,0,0,1,0,0,0,0,0,0,0,0,0,1,0,0,0,1,0,0,1,0,0,0,0,0,0,1,0,0,0,0,1,0,0,1,1,0,0,2,0,0,0,0,0,0,0,0,0,0,0,0,0,0,0,0,0,1,0,0,0,0,0,1,0,0,0,1,1,0,0,0,0,0,0,0,0,0,0,0,0,0,0,0,0,0,0,0,0,0,1,0,0,1,0,0,0,0,0,0,0,0,0,0,0,0,0,0,0,0,0,0,0,0,0,1,0,0,0,1,0,0,0,0,0,0,0,0,0,0,0,0,0,1,1,0,0,0,0,0,0,0,1,0,0,0,0,1,0,0,0,2,3,0,0,0,0,0,0,0,0,0,0,0,0,1,0,0,0,0,1,1,0,0,0,1,1,0,0,0,4,0,0,0,0,0,0,1,0,0,0,2,0,0,0,0,1,0,0,0,0,0,0,1,1,0,0,0,1,0,0,0,0,0,2,1,0,0,0,0,0,0,0,0,0,0,0,0,1,0,2,0,0,0,0,0,1,0,0,0,0,2,1,0,0,0,0,0,0,0,0,2,0,0,1,0,0,0,1,0,0,0,0,0,0,1,1,0,2,0,0,0,0,0,0,0,0,0,0,1,0,0,0,0,0,0,0,0,0,1,0,0,0,1,0,1,0,0,0,0,1,0,0,0,0,2,0,0,1,0,0,0,0,0,1,0,0,1,0,0,0,0,2,1,0,0,1,2,0,1,0,0,0,0,0,1,2,0,0,0,0,3,0,0,0,0,0,0,0,0,0,0,0,0,0,0,0,0,0,1,0,0,0,0,0,0,0,0,0,0,0,0,0,0,0,0,2,0,0,0,0,0,0,1,1,0,0,0,0,0,0,0,0,0,0,1,1,0,0,0,0,1,0,0,0,0,0,0,1,2,0,0,0,1,0,0,0,0,0,0,2,1,0,0,2,0,0,1,0,0,0,0,0,0,0,0,0,2,0,0,0,0,0,0,0,0,0,0,1,0,0,1,0,0,0,0,0,1,0,0,0,0,1,0,0,0,0,1,0,0,0,0,0,0,0,0,0,0,0,0,1,0,0,0,0,0,0,0,0,1,0,0,0,0,0,1,0,0,0,0,2,0,1,0,0,0,1,0,1,0,0,0,0,0,1,0,0,0,0,0,0,0,0,0,1,0,1,0,0,0,0,1,0,0,1,0,0,2,0,0,0,1,0,0,0,0,2,1,0,0,0,0,0,0,0,1,0,0,0,0,0,0,1,0,0,0,0,1,0,0,0,0,0,0,1,0,1,0,0,0,1,0,0,0,0,0,0,0,1,1,0,0,0,1,0,0,0,0,0,0,0,0,0,0,0,0,0,0,0,0,0,0,0,0,0,0,0,0,0,0,2,0,0,0,0,0,0,1,0,0,0,0,0,0,0,0,2,0,1,0,0,0,0,0,0,0,0,0,0,1,0,0,0,0,0,0,0,0,1,0,0,1,1,0,0,0,0,0,0,0,0,1,0,1,0,0,0,0,0,0,0,0,0,0,0,0,0,0,0,0,0,0,0,0,1,1,0,0,0,0,0,0,0,0,0,0,0,0,0,0,0,0,0,0,0,0,2,0,0,1,0,0,0,1,0,1,0,0,1,0,0,0,1,0,0,0,0,3,0,0,0,0,0,1,2,0,0,0,0,0,0,1,0,1,0,0,0,0,0,0,0,0,0,1,0,0,0,0,0,0,0,0,0,1,0,1,0,0,0,0,1,0,0,0,0,0,0,0,0,1,0,0,0,0,0,0,0,0,0,0,1,0,0,0,0,0,0,0,0,0,1,0,0,0,0,0,0,1,0,0,0,0,0,0,0,0,0,0,1,0,0,0,0,0,0,0,0,1,0,0,0,0,0,0,0,0,0,0,0,0,0,1,0,0,0,0,0,0,2,1,0,0,0,0,0,0,0,0,0,0,0,0,0,0,0,0,1,0,0,0,0,0,0,0,0,0,0,0,0,0,0,0,0,0
CX3CR1,0,0,0,0,0,0,0,0,0,0,0,0,0,0,0,2,0,0,2,0,0,0,0,0,0,0,0,0,0,0,0,0,0,0,0,0,0,0,0,0,0,0,0,0,0,0,0,0,0,0,0,0,0,0,0,0,0,0,0,0,1,0,0,0,0,0,0,0,1,0,0,0,0,0,0,0,0,0,0,0,0,0,0,0,1,0,0,0,1,0,0,0,0,0,0,0,0,0,1,0,0,0,1,0,0,0,0,1,0,0,0,0,1,1,0,0,0,0,1,0,0,0,0,0,0,0,0,0,0,0,0,0,0,0,0,0,0,0,0,0,0,0,0,0,3,0,0,1,0,0,0,0,0,0,0,0,0,0,0,0,0,0,0,0,0,0,2,0,0,0,0,0,0,0,0,0,0,0,1,0,0,0,0,0,1,0,0,0,0,0,0,0,0,0,0,0,0,0,0,0,0,0,0,0,0,0,0,0,0,0,0,0,1,0,1,0,0,0,0,0,0,0,0,0,0,1,0,0,0,0,0,0,0,1,0,0,0,0,0,0,0,0,0,0,0,0,0,0,2,1,0,1,0,0,0,0,0,0,0,0,0,0,1,0,0,0,0,0,0,0,1,1,0,0,0,2,0,0,0,0,0,0,0,0,0,0,0,0,0,0,0,0,0,0,0,0,0,0,0,0,0,0,1,0,1,0,0,0,2,0,0,0,0,0,0,0,0,0,0,0,0,0,0,0,0,0,0,0,0,0,0,0,0,0,1,0,0,0,0,1,0,0,0,0,0,0,0,0,0,1,0,0,0,0,0,0,0,0,0,0,0,0,0,0,0,0,1,0,0,0,0,0,1,0,0,2,0,0,0,1,1,0,0,0,0,0,0,0,0,1,0,2,0,2,0,0,0,0,0,1,0,0,0,0,2,0,0,0,0,0,0,0,0,0,0,2,0,0,0,0,0,0,0,0,0,0,0,0,0,0,0,0,0,0,0,0,0,0,0,0,1,0,1,0,0,0,1,0,0,0,0,0,2,0,1,0,0,3,0,0,0,0,0,0,0,0,0,0,1,0,1,0,1,0,0,1,0,0,0,0,2,0,0,0,1,0,0,0,0,0,0,0,0,0,0,0,0,0,0,1,0,0,0,0,0,0,0,0,1,0,0,0,0,0,0,0,0,0,0,2,0,0,0,0,0,0,0,0,1,1,1,0,0,0,2,1,0,0,0,0,0,0,0,0,0,0,0,0,1,0,0,1,0,0,0,0,0,2,0,0,0,0,0,0,0,0,0,0,0,0,0,0,0,0,0,0,0,0,0,0,0,0,0,0,0,0,0,0,0,0,0,0,0,0,0,0,0,0,0,0,0,0,1,0,0,0,0,0,0,0,0,0,1,0,0,0,0,0,4,0,0,0,0,0,2,0,0,1,0,0,0,0,0,1,0,0,0,0,0,0,0,0,1,0,0,0,0,0,0,0,1,0,0,1,0,0,0,0,0,0,0,0,0,0,0,0,0,0,0,0,0,0,0,0,1,0,0,0,0,0,0,0,0,0,0,0,0,0,0,0,0,0,0,0,0,0,0,0,0,0,0,0,0,1,0,0,0,0,0,0,0,0,0,0,0,0,0,0,0,0,0,0,0,0,0,0,0,0,0,0,0,0,0,0,0,0,0,0,0,0,0,0,1,2,0,1,0,0,0,0,0,0,0,0,0,0,0,0,0,0,0,0,0,0,0,0,0,0,0,0,0,0,0,0,0,0,0,0,1,0,0,0,0,0,0,0,0,0,0,0,0,0,0,0,0,0,0,0,2,0,0,0,0,0,0,0,0,0,0,0,0,2,0,0,0,0,0,0,0,0,0,0,0,0,0,0,0,0,0,1,0,2,0,0,0,0,0,0,0,0,0,0,0,0,0,0,0,0,1,0,0,0,0,0,0,0,0,0,0,0,0,0,0,0,0,0,0,0,0,0,0,0,0,1,0,0,1,0,1,0,0,0,0,0,1,0,0,0,0,0,0,0,1,0,0,1,0,0,0,0,0,0,0,0,0,0,0,0,1,1,1,0,0,0,0,0,0,0,0,0,0,1,1,0,0,0,0,0,1,0,0,0,0,0,0,0,0,1,0,0,0,0,0,0,0,0,0,0,0,0,1,0,0,0,0,0,0,0,0,0,0,0,0,1,0,0,0,0,0,1,0,0,0,0,0,0,0,0,1,0,0,0,0,0,0,0,0,0,0,0,0,0,0,1,0,0,0,0,0,0,0,0,0,0,0,0,0,0,0,0,0,0,0,0,0,0,0,0,0,0,0,0,0,0,0,0,0,0,0,0,3,0,0,0,0,0,0,0,0,0,0,0,0,0,0,0,0,0,0,0,0,0,0,0,0,0,0,0,0,0,0,0,0,2,0,0,1,0,0,1,0,0,0,1,0,0,0,0,0,0,0,0,0,0,0,0,0,0,0,0,0,0,0,1,0,0,0,0,0,0,0,0,0,0,0,0,0,0,0,0,0,0,0,0,0,0,2,0,0,0,0,0,0,0,0,0,1,0,0,0,0,0,0,0,0,0,0,0,0,0,0,0,0,0,0,0,0,0,0,0,0,0,0,0,0,0,0,0,0,0,0,0,0,0,0,0,0,0,0,3,0,0,0,0,0,0,0,0,0,0,0,0,0,0,0,0,0,0,0,0,0,0,0,0,0,0,1,0,0,0,0,0,0,0,0,0,0,1,0,1,0,0,0,1,0,0,1,0,0,0,0,0,0,0,0,0,1,0,0,1,0,0,0,0,0,0,0,0,0,0,0,0,0,0,0,0,0,0,0,0,2,0,2,0,0,0,1,0,0,0,0,0,1,0,0,0,0,1,0,0,1,1,0,0,0,0,0,0,1,0,0,0,0,0,0,0,0,0,0,0,0,0,0,0,0,0,2,0,1,0,0,0,0,0,0,0,0,0,0,0,0,0,0,0,0,0,0,0,1,0,0,0,0,0,0,0,0,0,0,0,0,0,0,0,0,0,0,0,0,0,0,0,0,0,0,0,2,0,1,0,0,0,0,0,0,0,0,0,0,0,0,0,0,1,1,0,1,0,0,0,2,0,0,0,0,0,0,0,0,0,1,0,0,0,0,0,0,0,0,0,2,0,0,0,0,0,0,0,0,3,0,2,0,0,0,0,0,0,0,0,0,0,0,0,0,0,0,0,0,0,0,0,1,0,0,0,0,0,0,0,0,0,0,0,0,0,0,0,0,0,0,0,0,0,0,0,0,0,0,1,0,0,0,0,0,1,0,0,0,0,0,0,1,0,0,0,1,0,0,0,0,0,0,1,1,0,0,0,0,0,0,0,1,0,0,0,0,0,0,0,0,0,1,0,0,0,0,0,0,0,0,0,0,0,0,0,0,0,0,0,0,0,0,0,0,0,0,0,0,0,0,0,1,0,0,0,0,0,0,0,0,0,0,0,0,0
DDIT4,0,0,0,0,1,0,1,1,0,0,0,1,0,0,0,0,0,0,0,1,0,0,0,0,0,0,0,0,0,0,1,1,0,1,0,0,1,0,1,0,0,0,0,0,0,0,0,0,0,1,0,0,0,0,0,0,0,0,0,0,1,1,0,0,0,0,1,0,0,0,0,1,0,0,0,0,0,0,0,0,0,0,0,0,0,1,0,0,0,0,1,0,1,0,0,0,0,0,0,0,0,1,1,1,0,0,0,0,0,0,0,0,0,0,0,2,1,3,0,0,1,0,1,0,0,1,0,0,0,0,0,0,1,0,0,0,0,0,0,0,0,0,0,1,1,0,0,0,0,1,0,0,0,1,0,0,0,0,1,0,0,1,0,0,0,0,0,0,0,0,0,0,2,0,0,0,0,0,1,0,0,0,0,0,0,0,0,0,0,0,1,0,1,0,0,2,0,3,0,0,0,0,0,0,1,0,0,0,0,0,0,0,0,0,2,0,0,0,1,0,1,0,0,0,0,0,0,0,0,0,0,0,0,0,0,0,0,0,0,0,0,0,1,0,0,0,0,0,0,0,0,0,0,0,0,1,0,0,0,0,0,0,0,0,0,1,0,0,0,1,0,0,1,0,0,0,0,0,0,0,0,0,0,0,0,1,0,0,1,0,0,0,0,1,0,0,0,0,0,0,0,0,1,0,0,0,1,0,0,0,0,0,0,0,0,0,0,0,0,1,0,0,0,0,0,0,0,0,0,0,3,0,0,0,0,0,0,0,1,0,0,0,0,1,0,1,0,0,0,0,0,0,0,0,0,0,0,0,0,0,0,0,0,0,0,0,0,0,1,1,0,0,0,0,1,0,0,0,0,0,0,0,0,0,0,0,1,1,0,0,1,0,2,0,0,0,0,2,0,0,0,1,0,2,0,0,1,0,0,0,3,0,0,0,0,2,0,0,0,1,0,0,0,0,0,0,0,0,0,0,0,1,0,0,1,0,0,1,0,0,0,0,0,0,0,0,0,0,0,0,1,0,0,0,0,0,0,0,0,0,0,0,0,0,0,0,1,1,0,0,0,0,0,0,0,0,0,0,0,0,0,0,0,0,0,1,0,1,0,0,0,0,0,1,1,0,0,0,0,0,0,0,0,0,0,0,0,0,0,0,0,0,0,0,0,2,0,0,0,0,0,0,3,0,0,0,0,0,0,0,0,0,0,0,0,0,0,2,0,1,0,0,0,0,0,0,0,0,1,1,2,0,0,0,0,0,0,0,0,0,0,0,0,0,0,0,2,2,0,0,0,0,1,0,0,1,0,0,0,0,0,0,0,0,0,0,2,0,0,0,0,0,0,0,1,0,0,0,0,0,0,0,0,0,0,0,0,1,2,0,0,0,0,0,1,0,0,1,0,0,1,1,1,1,2,0,0,0,1,1,0,0,0,0,0,0,0,0,0,0,0,0,0,0,0,0,0,0,0,0,1,0,1,0,0,0,0,0,0,0,0,0,0,0,0,1,0,0,1,0,1,1,0,0,2,0,0,0,0,0,0,0,0,0,0,0,1,0,0,0,0,0,0,0,0,1,0,0,0,0,0,1,1,0,1,0,0,0,0,0,0,0,1,0,0,0,0,1,0,1,0,0,0,0,0,0,0,0,0,1,0,0,0,0,0,0,0,0,0,0,1,0,0,0,0,0,0,0,0,0,0,0,0,0,0,0,1,0,1,1,0,0,0,0,0,0,0,0,0,0,0,0,0,0,0,0,0,0,0,0,0,0,0,0,0,0,0,2,2,0,0,0,0,0,0,0,0,0,0,1,0,0,0,0,0,0,0,0,0,1,0,0,1,0,0,0,0,0,2,0,0,0,2,0,0,0,0,0,0,0,0,0,0,0,0,0,0,0,0,0,0,0,0,0,0,1,0,0,1,0,1,0,0,0,1,1,0,0,0,0,0,0,0,0,0,0,1,0,0,0,0,0,0,0,0,0,0,0,0,0,0,0,0,1,0,0,0,0,0,0,0,0,0,0,0,0,0,0,1,0,0,0,0,1,0,0,0,0,0,1,0,0,0,0,0,1,0,0,0,0,0,0,0,0,1,0,0,0,0,0,0,1,0,0,0,0,0,0,1,0,0,0,0,0,0,0,2,0,1,0,0,0,0,0,0,1,0,0,0,0,0,0,0,1,0,0,0,0,0,0,0,0,1,0,0,0,0,0,0,0,0,0,0,0,0,0,0,0,0,0,0,0,0,0,1,0,0,0,0,0,0,0,0,0,3,0,0,0,0,0,0,0,0,0,0,0,0,0,0,0,0,0,0,0,0,0,0,0,0,0,0,0,0,0,0,0,0,0,2,0,0,0,2,1,1,0,0,0,0,1,1,0,1,1,1,0,0,0,0,0,0,0,0,0,0,0,0,0,0,0,0,0,0,0,0,0,0,0,0,0,0,0,0,0,0,1,0,0,0,0,0,0,0,0,0,0,0,0,0,1,1,1,0,0,0,0,0,0,0,2,0,0,0,0,1,0,0,0,1,0,1,0,0,0,0,0,0,0,0,0,0,0,0,1,0,0,0,1,0,1,1,0,1,0,0,0,0,0,1,0,0,0,0,1,0,1,0,0,2,0,0,1,1,0,0,0,0,0,0,1,0,0,0,1,0,0,0,0,0,4,0,0,0,0,0,0,0,0,0,0,0,1,0,0,0,0,0,1,0,0,0,1,0,0,0,0,0,0,0,0,0,0,0,0,0,0,0,0,0,0,0,0,0,0,0,0,0,0,0,1,0,0,0,1,0,0,0,0,1,0,0,1,1,0,0,0,0,0,0,0,0,0,0,0,0,0,0,1,0,2,0,0,0,0,0,0,0,0,0,0,0,0,0,0,0,0,0,0,0,0,0,0,1,0,0,0,1,1,0,0,0,0,3,0,0,0,0,0,0,0,1,0,0,0,0,0,0,0,0,1,0,0,0,0,0,0,0,2,0,0,0,0,0,0,0,0,0,1,0,0,0,0,0,0,0,0,0,0,0,0,0,0,0,0,1,0,0,0,0,0,0,0,0,0,0,0,0,0,0,0,0,0,0,0,0,0,0,0,0,0,0,0,0,0,0,0,0,0,0,0,0,1,0,0,0,0,0,0,0,1,0,0,0,0,0,1,1,0,0,1,0,0,0,0,0,0,0,1,0,0,0,0,0,0,0,0,0,1,0,1,0,0,1,0,0,0,0,0,1,1,0,0,0,0,0,0,0,0,0,0,0,0,0,0,0,0,0,0,0,0,0,0,0,0,0,0,0,0,1,0,0,0,0,0,0,0,0,0,0,0,1,1,0,0,1,0,0,0,0,0,0,0,0,0,0,0,1,0,0,1,0,0,2,0,0,1,0,0,0,0,0,1,0,0,0,0,0,0,0,0,0,0,0,0,1,0,0,0,2,0,0,0,0,0,0,0,0,2,0,0,0,1,0,0,1,0
IKZF3,0,0,0,0,0,0,0,0,1,0,1,1,0,0,0,0,1,0,0,0,0,0,0,0,0,0,0,0,0,2,0,0,2,0,0,1,0,0,0,0,0,2,0,0,0,1,0,0,0,0,0,0,0,1,1,0,0,0,2,0,0,0,0,0,0,0,0,0,0,1,1,0,0,0,0,0,0,0,0,0,1,0,0,0,0,0,0,0,0,0,0,0,0,0,0,0,0,1,0,1,0,0,0,0,2,0,0,2,0,0,0,0,0,0,0,0,1,0,0,0,0,0,0,0,0,0,0,0,0,0,1,0,2,0,0,0,0,0,0,0,0,0,0,2,0,1,0,0,0,0,0,0,0,1,0,0,0,0,0,0,0,0,0,0,0,0,0,0,0,0,0,0,0,0,0,0,0,0,0,0,0,1,0,0,0,0,0,2,1,0,0,0,0,0,0,0,1,0,0,2,0,1,0,0,0,0,0,0,0,0,0,0,0,0,0,1,0,0,0,0,0,0,0,0,0,1,0,0,0,0,0,1,0,0,0,0,0,1,0,0,0,0,0,0,0,0,0,0,0,0,0,0,0,0,0,0,0,0,0,0,0,0,0,0,1,0,0,0,1,0,2,0,0,0,1,1,0,0,0,0,0,0,0,0,2,0,0,0,0,0,0,0,0,1,1,0,0,0,0,0,0,0,0,1,0,0,0,0,0,1,0,0,0,1,1,0,0,0,0,0,0,1,0,0,0,0,0,0,0,0,0,0,0,0,0,0,0,0,0,0,0,0,0,1,0,0,0,0,0,0,1,0,0,0,0,0,0,0,0,0,1,0,0,0,0,0,0,0,0,0,2,0,0,0,0,0,0,1,0,0,0,0,0,0,0,0,0,0,0,0,0,0,1,0,0,0,0,0,0,0,0,0,1,0,0,0,1,1,0,1,1,0,0,1,0,0,0,0,0,0,0,0,0,0,0,0,0,0,0,0,0,0,1,0,1,1,0,0,0,0,0,0,0,0,0,0,1,0,0,1,1,0,0,0,0,1,0,2,0,1,0,0,0,0,2,1,0,1,0,0,0,0,1,1,0,0,0,0,0,0,0,0,0,1,0,0,0,0,0,0,0,1,0,0,0,0,0,0,0,0,0,0,0,1,0,0,0,0,1,0,0,0,0,0,0,0,0,0,0,0,0,0,0,0,0,0,0,1,0,0,0,2,0,0,0,0,0,0,0,0,0,0,0,0,0,2,0,0,0,0,0,0,0,0,0,0,0,0,0,0,1,0,0,1,0,0,1,0,0,1,0,1,0,0,0,0,0,0,0,0,0,1,0,0,0,0,0,0,0,0,0,0,0,0,0,0,0,0,0,1,0,0,0,1,0,0,0,1,0,0,0,0,0,0,0,0,0,1,0,0,0,0,0,0,0,1,0,0,0,0,0,2,1,0,0,0,0,0,0,0,0,0,0,0,1,0,0,0,1,0,0,0,0,0,0,0,0,0,0,0,0,0,1,0,0,0,0,0,0,1,0,0,0,1,0,0,0,0,0,0,0,0,0,0,0,0,0,0,0,0,0,0,1,0,0,0,1,0,0,0,0,0,0,0,0,0,0,0,0,0,1,0,1,0,0,1,0,0,0,0,0,1,1,0,1,1,1,0,0,0,1,1,0,0,0,1,0,0,0,0,0,1,0,0,0,0,0,0,1,0,1,0,1,0,1,0,0,0,1,0,0,0,1,0,0,0,0,1,0,0,1,0,0,0,0,0,0,1,0,1,0,0,0,1,0,0,0,0,0,0,0,0,0,0,0,1,0,0,0,0,0,0,0,0,0,0,0,0,1,2,0,0,1,0,0,0,0,0,0,1,0,1,0,2,0,0,0,1,0,0,0,0,0,0,0,0,0,0,0,0,0,0,1,0,1,2,0,0,0,0,1,0,0,0,0,0,0,0,0,0,0,0,0,0,1,0,0,0,0,0,2,0,0,1,0,0,0,0,0,0,0,1,0,0,0,0,0,0,0,0,0,0,0,0,0,0,2,0,0,0,1,0,0,0,0,0,1,0,0,0,0,0,0,0,0,1,0,0,0,0,1,0,0,0,0,0,0,0,0,0,0,2,0,0,1,0,0,0,1,0,0,0,0,0,0,0,2,0,0,1,0,0,0,0,0,0,2,1,1,1,1,0,1,0,0,0,0,0,0,0,2,0,0,1,1,1,0,0,0,0,1,0,0,0,0,0,0,0,0,0,0,0,0,0,0,0,0,0,0,0,0,0,0,0,0,0,0,0,0,0,1,0,0,0,0,0,1,0,0,1,0,0,0,1,1,0,0,0,0,0,0,0,0,0,0,0,0,1,0,1,0,0,2,0,0,0,0,1,0,0,0,0,0,0,0,0,0,0,0,0,2,0,0,0,0,0,0,0,0,0,0,0,1,0,0,0,0,0,0,0,0,0,0,0,0,1,0,0,0,1,0,0,0,0,0,0,0,0,0,0,1,0,0,0,0,0,0,0,1,0,2,0,0,1,0,0,0,0,0,0,0,0,0,0,0,0,0,0,0,0,0,0,0,0,1,0,0,1,0,1,0,0,0,0,0,1,0,0,0,0,0,0,0,0,0,0,1,0,0,0,0,0,1,0,1,0,0,1,1,0,0,0,0,1,0,0,0,0,1,0,0,0,0,0,0,1,0,0,0,0,0,0,0,0,0,0,0,0,0,0,0,0,0,0,1,0,0,0,0,0,0,1,1,0,0,0,0,2,0,1,0,0,0,0,2,0,0,0,0,0,0,0,0,0,0,0,0,0,0,0,0,0,0,0,0,0,0,0,0,0,0,1,0,0,0,0,0,0,0,0,2,0,0,1,1,0,1,0,0,0,2,0,0,0,0,0,0,1,0,0,0,0,0,3,0,0,0,0,0,0,0,1,0,0,0,1,0,1,0,1,0,0,0,0,0,0,0,1,1,0,0,0,1,0,0,0,0,1,0,0,0,0,0,0,0,0,1,3,0,0,0,0,0,0,0,0,0,1,2,0,0,0,1,0,0,0,1,1,0,0,0,0,0,1,0,0,0,0,0,0,0,0,0,0,0,0,0,0,0,1,0,0,1,1,0,0,1,0,0,0,0,0,0,0,0,0,0,0,1,0,0,0,1,0,0,0,0,0,0,0,0,0,0,0,0,0,0,0,0,0,0,0,0,0,0,0,0,0,0,1,0,0,0,1,0,0,0,0,2,0,0,0,1,1,0,0,0,0,1,0,1,0,0,0,0,1,0,0,0,0,0,0,1,0,0,0,0,0,0,0,0,0,0,0,0,0,0,0,2,0,0,0,0,0,0,0,1,1,1,0,0,0,0,0,0,0,0,0,0,2,0,0,0,0,0,0,0,1,0,0,0,0,0,0,0,0,0,1,0,0,1,0,0,0,0,1,2,0,0,0,0,1,0,0,0,0,0,0,1,1,0,0,0,0,0,0
FGD2,0,0,0,0,0,0,0,0,0,0,0,0,0,0,0,0,0,0,0,0,0,0,0,0,0,0,0,0,0,0,0,0,0,0,0,0,0,0,2,0,0,0,0,0,0,0,0,0,0,1,0,0,0,0,0,0,0,0,0,0,0,0,0,0,0,0,0,0,1,0,0,0,0,0,0,0,0,0,0,0,0,0,0,1,0,0,0,0,1,0,0,0,0,0,0,0,0,0,0,0,1,0,1,0,0,0,0,0,2,0,0,0,0,0,0,0,0,0,0,1,0,0,0,0,0,0,0,0,0,0,0,0,0,1,0,0,0,0,1,0,0,0,0,0,1,0,0,1,0,0,0,0,0,0,0,0,0,0,0,0,0,1,0,0,0,0,0,0,0,3,0,0,0,0,1,0,0,0,0,0,0,0,0,0,0,0,0,0,0,0,0,0,0,0,0,0,0,0,0,0,0,0,0,0,0,0,2,0,1,0,0,0,0,0,0,0,0,0,0,0,0,0,0,0,0,0,0,0,0,0,0,0,1,2,0,0,0,0,0,0,0,0,0,0,0,0,0,0,1,0,0,0,0,0,0,0,0,0,0,0,0,0,0,0,0,0,0,0,0,0,0,1,0,0,0,0,0,1,0,0,0,1,0,0,0,0,0,0,0,0,1,0,0,0,0,0,0,0,0,0,0,0,0,0,0,0,0,0,0,0,0,0,0,0,0,0,0,0,0,0,0,1,0,0,0,0,1,0,1,0,0,0,0,0,0,0,0,0,0,1,1,0,0,0,0,0,0,0,0,0,0,0,0,0,0,1,1,0,0,0,0,0,0,0,0,0,1,0,0,0,0,0,0,0,0,1,0,0,0,0,0,0,0,0,0,1,0,0,0,0,0,1,0,0,1,0,1,0,0,0,0,0,0,0,0,0,0,1,0,0,0,0,0,0,0,0,0,0,0,0,1,0,1,0,2,0,0,0,0,0,0,0,0,0,0,0,0,0,0,0,0,0,0,0,0,0,0,0,0,0,0,0,0,0,0,0,0,0,0,1,0,0,0,0,0,2,0,0,0,0,0,0,0,0,0,0,0,0,0,1,0,0,0,0,0,0,0,0,0,0,0,0,0,0,0,0,0,0,0,0,0,1,0,0,0,0,1,0,0,0,0,0,0,0,0,0,0,0,0,1,0,0,0,5,0,0,0,0,0,0,1,0,0,0,0,0,0,0,1,0,0,0,0,0,0,0,0,0,0,0,0,2,0,0,0,0,0,0,0,0,1,0,0,0,0,0,0,0,0,0,0,0,0,0,0,0,0,0,0,0,0,0,1,0,0,0,1,0,0,2,0,0,0,4,0,0,0,2,1,1,0,2,0,0,0,0,0,0,0,0,0,0,0,0,0,0,0,0,0,0,0,0,0,0,0,0,0,6,0,0,0,0,0,0,0,0,0,0,0,0,0,0,0,0,0,0,0,1,0,0,0,0,0,0,1,0,1,0,0,0,0,0,1,0,1,0,0,0,0,0,0,0,1,0,0,0,0,0,0,0,0,0,0,0,0,0,0,0,0,0,0,0,0,0,0,0,0,0,1,0,0,0,1,0,0,2,0,0,0,0,1,0,0,0,0,0,0,1,0,0,0,0,0,0,0,0,0,0,0,0,0,0,0,0,0,0,1,0,0,0,0,0,0,0,0,0,0,0,0,0,0,0,0,0,1,0,0,0,0,0,0,0,0,0,0,0,0,0,0,0,0,0,0,0,2,0,1,0,0,0,0,0,0,0,0,0,0,0,0,0,0,0,0,1,1,0,0,0,2,0,0,0,0,0,0,0,0,0,0,0,0,0,0,0,0,0,0,0,0,0,0,0,1,0,0,0,0,0,0,0,0,0,0,0,0,0,0,0,0,0,0,0,0,0,0,0,0,0,0,0,0,1,0,0,0,0,0,0,0,0,0,0,0,0,0,0,0,0,0,0,0,0,1,0,0,0,0,0,0,0,0,0,0,5,0,0,0,0,0,1,0,0,0,0,0,0,0,0,2,0,0,0,0,0,0,0,0,0,0,1,0,0,0,0,0,0,0,0,0,0,0,0,0,0,0,0,0,0,0,0,0,0,0,0,0,0,0,7,0,0,0,0,0,0,0,0,0,0,0,0,0,0,0,0,0,0,0,0,0,0,0,0,0,0,0,0,0,0,0,0,0,1,0,0,0,1,0,0,0,0,0,0,0,1,0,0,0,0,0,0,1,0,0,0,0,0,0,0,1,0,0,0,0,0,0,0,0,0,0,0,0,0,0,0,0,0,0,0,0,0,0,0,0,0,0,0,0,0,0,0,0,3,0,0,0,0,0,0,0,0,0,0,0,0,0,0,0,0,0,0,0,0,0,0,0,0,0,0,0,0,0,0,1,0,2,0,0,0,0,0,0,0,1,0,0,1,0,0,0,0,0,0,0,0,0,0,0,0,0,0,0,0,0,0,0,0,0,0,0,0,0,0,0,0,3,0,0,0,0,0,0,0,0,0,0,0,1,0,0,0,0,0,0,0,1,0,0,0,0,0,0,0,0,0,0,0,0,0,0,0,0,0,0,0,0,0,0,0,0,0,0,0,1,0,1,0,0,0,0,0,0,0,0,1,0,0,0,0,0,0,0,0,0,0,3,0,0,0,0,0,0,0,0,0,0,1,0,0,1,0,0,0,0,0,0,0,1,0,1,0,0,0,0,0,0,0,0,2,0,1,0,0,0,0,0,0,0,0,0,0,0,0,0,0,1,0,0,0,0,0,3,0,0,0,0,0,0,0,0,0,0,0,0,0,0,0,1,0,0,0,0,0,1,0,1,0,0,0,0,0,0,0,1,1,0,0,0,0,0,0,0,1,0,0,0,0,0,0,0,1,0,0,1,0,0,0,0,0,1,0,0,0,0,0,0,0,0,0,0,0,1,0,0,0,0,0,0,0,0,0,0,0,0,0,0,0,0,0,0,0,0,1,0,2,0,0,0,0,0,0,0,0,0,2,0,0,0,0,0,0,0,1,0,0,0,0,0,0,0,0,0,0,0,0,3,0,2,0,0,0,0,4,0,0,0,0,0,0,0,0,1,0,0,0,0,0,0,0,0,0,0,0,0,0,0,0,0,0,0,0,1,0,0,0,0,0,0,0,0,1,0,0,0,0,0,0,0,0,1,1,0,0,0,0,0,0,0,3,0,0,1,0,2,0,0,0,1,0,0,0,0,0,1,0,0,0,0,0,0,1,0,0,0,0,0,0,0,0,0,0,0,0,0,0,0,0,0,1,0,0,0,0,2,0,0,0,0,0,0,0,1,0,0,0,1,0,0,0,0,0,0,0,0,0,0,0,0,0,0,0,0,0,0,0,0,0,0,1,6,0,0,1,0,0,0,0,0,0,1,0,0,0,0,0,0,0,0,0,0,0,0,0,1,0,1,0,0,0,0,0,0,0,0,0,0,0
VMP1,0,0,0,0,0,2,1,1,0,0,1,0,0,1,0,2,0,1,2,0,0,0,0,0,0,2,2,0,1,0,0,0,0,0,0,0,0,2,0,1,1,0,0,0,0,0,0,1,0,1,0,1,1,0,0,1,0,0,0,0,3,0,0,0,0,0,0,0,0,0,1,1,0,1,0,0,0,1,0,0,0,2,0,0,0,0,0,0,1,1,0,1,0,0,2,2,0,0,2,0,1,0,2,0,0,0,0,0,0,1,0,0,1,0,0,0,0,0,0,0,0,0,1,0,1,0,1,0,0,0,0,0,0,0,1,0,0,0,1,0,1,0,0,0,1,1,2,1,2,0,2,0,0,0,0,0,0,0,0,1,0,1,3,0,0,0,1,0,1,1,0,0,0,0,3,0,0,0,1,0,0,1,0,0,0,0,1,0,0,0,2,0,0,0,0,0,0,0,0,0,0,0,1,0,0,0,0,0,0,1,0,0,0,0,0,0,0,0,0,0,0,0,1,0,2,0,0,0,0,0,0,0,5,4,0,1,1,0,0,0,0,0,1,0,0,0,0,0,0,0,0,1,0,0,0,0,0,0,1,1,0,0,1,0,0,0,0,1,0,0,0,4,1,1,0,0,0,2,2,0,2,1,1,0,0,0,0,0,0,0,0,2,3,0,0,0,0,1,1,0,0,1,0,1,1,1,1,0,1,0,0,0,0,1,0,0,0,0,0,0,0,0,2,0,2,0,0,1,0,0,0,0,0,0,0,0,0,1,0,3,3,0,1,1,0,0,0,0,1,0,0,0,2,1,1,1,0,0,0,2,0,0,0,1,1,0,1,1,0,1,0,0,0,0,1,1,0,0,0,2,0,0,0,0,0,0,0,0,0,0,1,1,0,3,0,0,0,0,0,2,0,0,1,0,0,1,0,0,1,0,1,0,0,0,1,1,0,0,0,1,0,1,0,0,0,0,1,1,0,0,0,1,0,0,0,0,2,1,0,1,0,1,1,0,0,1,1,0,0,1,0,3,2,0,2,1,1,0,2,0,0,0,0,0,0,0,1,0,1,4,1,0,0,0,0,1,3,0,0,1,1,0,0,1,1,0,0,1,0,1,1,0,0,0,0,0,0,0,0,0,0,1,0,0,0,1,0,3,0,1,1,1,0,1,0,0,0,0,0,1,0,0,0,1,1,1,0,0,0,0,0,0,1,1,0,0,0,0,0,0,4,0,2,0,0,1,1,0,0,0,0,0,0,0,0,1,1,0,0,0,0,1,0,1,1,0,2,0,1,1,0,0,0,0,0,2,0,0,1,0,0,0,0,1,0,0,0,1,0,0,0,0,0,1,0,0,0,0,0,1,0,1,0,1,1,0,2,0,0,0,0,0,0,0,0,0,0,2,1,1,0,0,0,0,1,0,0,4,0,0,0,1,0,0,0,1,0,0,0,1,0,1,1,0,0,0,0,0,0,0,0,0,0,0,0,0,0,0,1,1,1,0,1,0,0,1,0,0,1,0,0,0,2,0,0,0,0,0,0,0,0,3,0,0,3,0,1,0,0,1,0,0,2,0,0,0,0,0,0,1,0,0,1,0,0,0,0,0,0,1,0,1,0,0,0,0,1,0,1,0,0,1,1,0,0,2,0,0,0,0,0,0,1,0,1,0,0,0,0,0,0,2,0,1,1,1,0,0,0,0,1,0,1,1,1,0,0,0,0,0,0,1,0,0,2,0,1,1,2,0,0,0,0,0,0,0,3,0,1,1,0,0,0,0,0,2,0,0,1,0,0,0,0,0,0,0,0,0,1,0,0,0,0,0,1,1,0,0,0,1,0,0,0,1,0,0,0,0,0,1,0,0,0,0,1,0,0,0,0,0,1,1,0,1,1,0,0,0,0,0,0,1,2,0,0,0,0,1,0,0,0,1,2,0,1,0,2,0,1,0,0,0,0,0,1,0,0,0,0,0,0,4,1,1,0,1,0,0,0,0,1,0,1,1,1,1,0,0,0,0,0,0,0,0,0,0,0,0,0,1,0,0,0,0,0,0,0,0,1,1,0,0,0,0,2,0,0,0,0,0,0,1,1,1,0,0,0,0,0,3,0,0,0,0,0,0,0,2,0,0,0,0,0,0,0,0,0,1,0,0,0,0,1,0,0,0,0,0,0,2,0,0,1,0,1,1,0,2,0,1,0,0,1,0,2,0,1,0,0,0,0,0,0,1,0,1,0,0,0,0,0,0,0,0,0,0,0,2,0,0,0,0,0,0,0,0,0,1,1,0,1,0,0,0,0,0,0,0,0,0,0,0,0,0,0,0,0,1,1,0,1,0,0,0,0,1,0,1,1,0,0,0,0,1,2,0,0,0,0,0,1,1,0,0,0,0,0,0,1,2,1,1,2,1,0,0,0,0,0,0,1,1,0,1,0,0,0,0,0,4,1,0,0,1,0,0,1,0,1,0,0,0,0,3,1,0,0,0,4,0,0,0,1,1,1,0,1,0,0,0,0,0,0,0,0,0,2,1,0,0,0,0,0,0,0,0,0,0,2,0,0,0,1,0,1,0,1,0,0,0,0,0,0,0,1,0,0,0,1,1,0,0,0,0,0,0,0,0,0,0,1,1,0,0,0,0,1,0,0,0,0,0,1,0,0,0,3,0,0,2,1,0,1,0,0,0,1,0,0,0,0,2,0,1,0,0,0,0,0,0,0,0,2,1,0,3,0,0,0,0,0,1,0,1,0,0,0,1,1,0,0,1,0,0,0,0,0,3,1,0,1,1,0,0,0,1,1,0,1,0,0,0,0,0,0,0,0,2,0,0,0,0,2,2,0,0,0,1,0,0,0,0,0,3,1,0,0,0,0,0,0,0,1,1,0,1,1,0,1,2,1,0,1,1,0,0,1,0,0,0,0,0,0,1,1,0,0,0,0,1,3,1,0,0,0,1,0,0,0,0,0,0,0,0,0,0,1,0,0,1,0,2,0,1,0,0,0,1,0,0,0,0,0,0,0,1,0,0,0,0,1,0,0,0,0,0,0,1,0,0,0,2,0,0,1,0,0,1,0,0,0,1,0,2,1,1,0,1,0,0,1,1,0,0,1,0,1,0,1,1,0,0,0,2,0,0,0,1,0,0,1,0,0,0,0,0,0,2,0,1,0,1,0,0,0,0,0,0,0,0,0,0,0,0,1,0,0,5,1,0,0,0,2,0,0,0,0,1,0,0,0,2,0,1,1,0,0,0,0,0,0,1,0,0,0,0,0,0,0,1,0,0,0,0,0,0,0,0,0,3,0,0,0,0,0,0,0,2,1,0,1,0,0,1,0,0,1,1,2,4,0,0,0,0,0,0,1,1,1,1,0,1,0,0,0,1,0,0,1,0,0,3,0,0,0,0,0,0,0,1,1,0,0,0,0,0,1,0,0,0,0,0,0,0,2,0,0,1,1,2,0,1,0,0,0,0
FAM107B,1,0,0,0,0,0,1,1,0,0,1,1,0,0,1,2,1,0,1,1,1,1,0,1,0,4,2,0,2,0,0,1,0,0,0,0,0,1,0,0,1,1,0,0,0,0,0,0,1,1,1,0,0,1,2,1,1,1,0,0,1,1,0,0,0,1,1,0,0,0,0,0,0,0,0,1,0,1,0,0,1,0,0,0,0,0,1,0,0,1,0,2,0,0,0,0,0,2,0,2,0,0,0,1,0,0,0,0,0,0,0,0,0,0,0,0,0,1,0,1,0,0,1,0,1,0,0,0,0,0,0,2,0,0,0,0,0,1,0,0,0,1,0,1,0,0,2,0,2,0,0,1,0,0,0,0,0,0,1,0,0,1,0,0,1,3,0,0,0,1,2,0,1,0,0,0,0,0,1,1,0,0,0,0,0,0,1,1,0,0,0,0,1,0,1,0,1,0,0,0,0,0,0,0,0,0,0,1,1,0,0,0,1,0,0,0,1,3,0,0,0,0,1,0,2,0,0,0,2,1,0,1,2,0,0,0,1,0,0,2,0,0,1,0,1,0,1,0,0,0,1,1,0,2,0,1,0,0,0,0,0,0,2,1,0,0,2,0,1,0,0,0,0,1,0,0,0,0,0,0,0,0,1,0,0,0,2,0,1,0,0,1,0,1,0,0,0,0,0,1,0,1,1,3,0,1,0,0,0,0,1,0,0,0,1,0,1,2,0,0,0,2,0,0,0,1,0,2,0,0,0,0,1,0,0,0,0,0,1,0,0,1,0,1,0,1,0,0,0,0,0,0,4,1,0,0,0,0,1,0,0,0,0,0,0,1,0,1,0,0,0,2,0,0,0,0,1,1,1,1,0,0,0,1,0,0,1,0,2,0,1,1,0,1,1,0,1,1,3,0,0,0,1,1,0,2,1,0,0,0,0,1,0,1,0,1,0,0,0,1,0,2,4,1,0,0,1,1,0,0,0,1,0,0,2,0,0,1,1,0,0,1,0,0,0,0,1,0,1,0,0,0,0,0,1,0,0,2,2,0,2,0,0,1,1,0,1,0,0,0,1,0,0,0,0,0,0,1,1,0,0,0,0,0,0,0,0,1,0,0,0,0,1,0,0,0,2,0,0,0,0,0,0,0,1,1,0,0,0,1,0,0,0,0,0,1,0,1,0,0,0,0,1,0,0,0,0,0,0,1,0,1,1,0,1,0,0,0,2,0,1,0,0,1,1,2,0,0,1,0,1,2,0,1,0,1,2,0,2,0,0,0,0,1,1,2,0,0,2,0,1,1,1,1,0,1,1,0,1,1,2,0,2,1,0,0,0,0,0,0,0,0,1,0,0,0,0,0,0,1,0,1,0,1,3,0,0,0,0,2,0,0,1,0,1,0,2,0,1,1,0,0,0,0,0,0,0,0,2,0,0,1,1,0,0,0,0,1,1,3,0,0,1,0,0,0,0,0,0,0,1,0,0,0,0,0,0,0,0,0,0,0,3,0,1,1,0,0,0,1,1,0,0,1,0,2,0,0,1,1,0,0,0,0,1,2,2,1,0,0,0,0,1,0,0,1,0,0,1,0,1,0,1,0,0,0,0,0,0,0,2,2,1,2,0,0,1,1,0,0,1,1,0,1,0,1,0,0,2,1,1,1,2,0,0,0,0,1,0,0,1,1,0,0,2,0,0,0,0,0,0,0,2,0,2,1,1,0,0,0,0,0,0,0,1,0,0,0,1,0,0,1,0,0,0,0,0,1,0,0,0,0,0,1,0,1,0,1,0,0,0,0,0,1,2,2,3,1,0,1,2,0,0,0,3,0,0,0,0,0,0,0,0,0,0,0,0,1,0,0,1,1,0,0,0,1,0,0,0,0,0,0,1,0,1,2,0,1,0,2,0,1,1,0,0,0,0,1,0,0,0,0,0,0,1,1,0,0,0,0,1,1,0,1,0,0,0,0,1,1,0,0,0,1,0,0,0,0,0,0,0,0,0,0,0,0,1,1,0,1,0,1,0,0,0,0,0,0,0,0,1,0,0,1,0,0,1,0,0,1,0,0,1,0,0,1,0,1,1,0,0,0,0,1,0,0,0,2,0,0,0,1,0,1,0,0,1,0,0,0,0,0,0,0,0,2,0,0,2,2,0,0,0,1,1,0,0,1,1,0,0,0,1,0,0,0,0,0,0,0,0,0,0,0,0,1,0,0,0,2,1,1,2,1,2,1,1,0,2,0,0,0,1,0,1,0,0,0,0,1,1,0,1,0,0,2,0,0,0,0,0,0,0,0,0,1,2,0,0,1,0,0,0,0,0,0,0,0,1,0,0,1,0,0,0,0,1,1,0,0,0,1,0,0,0,1,0,0,0,2,0,0,0,0,0,0,0,0,2,0,1,1,0,0,0,0,0,0,0,1,1,3,2,0,0,0,1,0,0,0,0,0,0,1,0,1,0,1,0,0,0,1,0,1,1,0,0,3,0,0,0,0,0,0,0,0,1,1,1,0,0,1,0,0,0,0,0,0,1,2,0,0,0,0,0,0,0,0,0,1,1,0,3,0,1,0,1,1,0,0,0,2,0,1,0,2,1,1,0,1,0,0,0,2,0,1,0,1,1,0,3,0,1,0,0,0,0,0,0,2,1,0,1,1,0,1,0,1,0,1,1,0,1,0,1,1,1,0,1,0,0,1,0,0,2,1,0,1,0,0,1,2,1,0,0,0,0,0,0,0,0,1,1,0,1,3,1,0,0,0,1,0,0,0,1,1,0,0,0,0,0,1,1,1,1,0,0,0,0,0,0,1,0,0,2,0,1,0,2,0,0,0,0,0,1,1,0,0,0,0,0,0,0,0,1,0,2,0,1,0,0,0,1,1,0,0,0,0,0,0,1,1,0,0,0,0,0,1,4,0,0,0,1,0,0,0,0,0,0,0,0,0,0,0,0,1,0,1,0,1,0,0,0,0,1,0,0,2,1,2,0,1,0,0,1,0,0,0,2,0,0,0,1,0,0,0,0,1,3,0,0,0,4,0,1,0,0,2,0,1,0,2,4,0,2,0,4,0,0,1,1,0,1,0,0,0,0,1,0,2,0,0,1,0,0,0,0,0,0,0,0,1,0,0,0,1,0,1,1,0,1,0,1,1,1,1,2,0,0,0,1,0,0,0,0,1,1,0,0,0,0,1,1,0,0,0,0,1,1,0,1,0,2,0,1,0,0,1,0,0,0,0,0,1,0,1,0,0,1,0,1,0,1,0,1,0,2,0,0,0,1,1,2,0,0,1,0,0,0,1,1,0,0,1,0,1,0,0,2,2,0,0,0,0,0,0,0,0,1,0,0,0,0,0,1,0,1,0,0,1,0,0,0,0,1,2,0,3,0,1,0,0,0,0,0,0,1,1,1,0,0,0,2,0,1,0,1,0,0,0,0,0,0,0,1,1,0,0,1,1,0,1,3,2,2,2
C12orf57,0,1,0,1,0,0,1,1,0,0,0,0,0,0,1,0,1,4,2,1,1,0,2,0,0,0,0,2,2,0,2,0,0,7,1,0,1,0,0,0,0,4,2,0,4,0,0,0,2,1,0,2,0,0,0,1,0,0,0,1,1,1,1,0,0,1,1,0,0,3,0,0,1,1,1,0,0,0,1,0,1,0,0,0,0,3,0,2,0,1,1,0,0,0,1,0,0,1,1,2,2,1,0,2,0,0,0,0,0,1,2,3,0,1,2,1,2,2,1,0,1,0,1,1,3,2,0,1,1,1,1,0,0,0,0,2,1,0,1,0,2,1,0,0,1,0,1,1,1,0,1,1,1,0,2,1,1,1,0,0,0,1,0,0,0,1,5,1,0,0,2,0,1,1,0,1,1,2,0,1,1,0,0,0,0,2,1,0,1,1,0,0,1,1,0,0,0,1,0,0,0,1,1,0,1,1,0,0,1,0,0,0,0,0,0,0,0,0,0,0,1,1,1,0,1,0,0,0,0,0,3,0,2,0,0,0,0,1,1,1,0,0,0,3,0,2,0,3,1,0,1,1,0,1,0,0,1,0,2,0,2,0,1,0,1,1,0,0,2,1,0,1,1,0,1,1,0,1,1,0,1,0,3,1,2,3,2,1,1,0,1,0,1,1,1,0,2,1,1,0,0,0,1,0,0,0,2,0,1,3,1,1,0,1,0,0,0,0,1,0,1,3,1,0,0,0,0,1,1,2,1,0,1,0,0,1,1,0,2,0,0,1,0,1,2,1,0,0,1,6,0,0,0,2,0,0,0,5,0,1,0,1,0,0,1,0,1,1,1,0,0,0,0,0,1,0,0,2,0,0,0,1,1,0,2,0,0,0,1,1,1,2,0,2,0,0,0,2,0,1,0,3,0,3,0,0,0,1,1,1,1,1,0,0,2,2,2,0,0,2,0,0,1,0,1,2,2,1,2,1,1,1,1,0,0,1,1,0,0,3,0,3,4,2,0,0,0,0,0,0,1,1,0,1,0,0,0,1,0,1,0,2,0,0,0,0,1,1,1,0,1,0,0,1,0,1,0,1,0,0,1,1,0,0,0,1,1,1,2,0,0,1,1,0,2,1,1,1,0,1,2,0,0,0,2,1,1,0,0,0,0,0,0,1,0,0,0,0,2,1,1,3,2,4,0,0,1,0,6,2,1,0,1,2,1,6,2,0,3,0,4,0,4,0,1,1,0,1,0,0,1,3,0,0,0,0,2,1,1,1,0,3,1,0,0,2,2,2,0,0,2,0,0,0,1,1,0,0,0,1,0,0,3,3,0,0,3,0,0,0,1,0,0,1,3,0,2,0,0,0,1,3,2,0,2,1,2,0,0,0,0,1,1,1,3,0,1,0,1,0,1,3,1,0,2,0,3,0,2,2,0,2,0,0,0,0,2,1,3,0,0,1,2,1,2,0,6,0,1,0,0,2,0,1,1,0,0,0,1,1,0,1,0,1,1,0,0,0,2,0,0,0,1,0,2,0,0,2,0,0,1,0,0,0,0,0,0,0,2,0,2,0,1,0,0,0,0,3,1,0,0,0,0,1,1,0,3,0,1,1,0,2,0,0,0,1,2,0,0,1,0,0,0,3,1,1,1,0,0,2,3,1,0,0,3,3,3,0,0,0,0,0,1,0,0,0,1,1,1,0,1,0,1,1,1,1,1,1,0,2,1,1,1,0,0,0,0,1,0,1,1,0,0,1,0,0,0,1,2,0,0,0,0,1,0,0,2,1,3,0,0,1,3,0,0,1,2,0,0,0,0,0,2,1,0,0,0,1,0,0,1,0,1,0,2,0,0,0,1,0,0,0,0,0,0,2,0,0,1,2,1,1,0,0,0,1,1,1,0,1,0,0,0,1,1,0,1,3,0,0,1,0,0,1,1,0,0,1,0,0,5,0,0,0,2,0,2,1,0,0,1,0,0,3,1,0,0,0,0,1,1,1,0,0,0,1,1,0,0,1,1,1,0,0,1,0,0,0,0,0,0,2,1,0,2,0,2,2,4,2,0,0,2,2,3,0,0,0,0,0,0,4,0,0,1,1,0,2,0,1,6,0,1,0,2,1,0,4,1,1,1,0,1,1,1,2,2,1,1,0,1,0,0,0,1,0,1,1,0,0,2,0,1,0,0,0,1,0,1,0,0,0,0,0,0,0,1,2,3,2,2,0,0,0,1,3,0,2,2,1,0,2,1,1,0,0,0,1,0,0,1,1,0,0,0,1,1,0,0,1,0,1,0,2,0,0,2,0,0,0,0,0,0,2,1,0,0,2,3,1,0,0,2,1,1,0,0,0,0,1,1,0,2,0,1,1,0,2,1,0,2,1,2,0,0,0,0,1,2,1,3,2,0,2,0,1,3,1,0,0,1,2,3,0,2,0,1,0,0,1,5,0,2,4,0,0,0,1,1,0,0,1,0,4,4,0,1,0,0,0,0,0,1,2,0,2,0,3,0,1,1,0,2,2,2,1,2,0,0,1,1,2,0,0,1,3,1,0,0,4,1,0,0,0,0,0,0,1,2,1,0,0,2,0,1,0,0,1,2,0,1,0,4,4,1,0,1,1,0,0,2,2,0,0,0,0,0,2,0,0,0,2,0,1,1,0,1,1,0,0,2,0,1,0,1,2,0,0,0,0,0,0,0,2,1,1,1,1,0,2,0,1,0,1,0,0,0,0,0,0,0,0,0,3,1,1,0,0,4,2,0,0,0,0,0,0,1,2,0,1,0,0,1,0,0,3,0,4,2,1,0,1,1,0,0,0,0,2,1,0,1,2,2,0,0,2,1,1,3,1,2,3,1,0,0,0,0,0,0,2,1,1,1,0,2,0,0,1,0,1,0,0,1,0,3,0,0,0,0,0,0,2,2,0,0,1,0,2,0,0,1,2,2,0,1,0,0,0,2,1,0,2,1,1,2,2,0,1,1,1,1,0,0,0,2,0,1,0,0,3,0,0,2,0,0,1,1,0,0,0,0,1,2,0,1,0,1,1,0,0,0,1,2,0,1,3,0,1,0,1,0,0,1,0,0,2,1,0,0,2,0,0,2,1,0,1,0,1,0,0,1,1,1,0,0,0,0,0,3,1,2,0,1,0,2,0,0,0,1,1,0,0,0,1,1,2,1,2,0,4,1,3,2,0,0,1,0,0,1,2,0,0,2,1,0,0,1,2,0,2,1,1,0,0,1,1,2,0,1,1,1,1,0,1,0,2,0,0,2,0,2,1,3,0,0,0,1,1,0,0,2,3,0,0,1,2,0,0,1,1,0,1,1,0,0,1,0,1,1,1,1,0,0,1,2,0,1,0,0,1,0,1,1,3,0,0,1,0,0,0,0,1,0,2,1,2,0,0,2,2,1,0,0,1,0,1,1,1,1,2,1,0,0,2,0,2,2,1,1,1,1,4,0,0,1,0
CAMK4,0,0,0,0,0,0,0,2,0,0,1,0,0,1,0,1,0,0,0,1,0,0,0,0,1,0,0,0,0,0,0,1,0,0,0,0,0,0,0,0,0,0,0,0,1,0,0,0,1,2,0,0,0,0,0,0,0,0,1,1,0,0,1,0,0,1,0,0,0,0,0,0,0,0,0,0,0,0,0,0,1,0,0,0,0,0,0,0,0,0,0,0,0,0,0,0,0,0,0,0,0,0,0,0,0,0,0,0,0,0,0,0,0,0,2,3,1,0,0,0,0,0,2,0,0,0,0,0,0,0,0,1,0,0,2,0,0,0,0,0,0,0,4,0,0,0,0,0,0,0,0,0,0,0,0,2,0,0,0,0,0,2,0,0,0,0,0,0,0,0,2,0,3,0,0,0,0,0,0,0,0,1,0,0,0,0,0,0,0,0,0,0,0,2,2,0,2,0,0,0,0,0,0,0,2,0,0,0,0,0,0,0,0,0,0,0,0,0,0,0,0,0,0,0,0,0,0,0,0,1,4,0,0,0,0,0,0,0,0,0,0,0,0,0,0,0,0,0,0,0,1,0,0,0,0,0,0,0,0,0,0,0,0,0,0,0,0,0,1,0,0,0,0,0,0,0,0,0,0,4,0,0,0,2,1,1,0,0,0,0,1,0,0,0,0,0,0,0,0,0,0,0,0,0,0,1,0,0,0,0,0,0,0,0,1,0,1,0,0,0,0,0,0,0,0,1,0,1,0,0,0,0,0,0,0,0,0,0,0,0,0,1,0,0,0,0,2,0,0,0,0,0,0,1,0,0,0,1,0,0,0,0,0,0,0,0,0,1,0,0,1,0,0,0,0,0,0,0,0,0,0,0,0,0,0,0,0,3,1,0,0,0,0,0,0,0,0,0,0,0,0,0,0,1,0,1,0,0,0,1,2,1,0,0,0,0,0,0,1,2,0,1,2,0,0,2,0,0,0,0,0,0,0,0,0,0,0,0,0,1,0,0,0,0,1,0,0,0,0,0,0,0,0,0,0,0,0,0,0,0,0,0,1,0,0,0,0,0,0,0,0,0,0,2,0,0,0,0,0,0,0,0,0,0,0,0,0,2,0,0,1,0,0,0,0,0,0,0,0,0,0,0,0,0,0,0,0,0,0,0,0,0,0,0,0,0,0,0,1,0,0,1,0,0,0,0,0,0,0,0,0,0,0,0,0,0,0,0,1,0,0,0,1,0,1,0,0,0,0,2,3,0,0,0,0,0,0,0,0,1,0,0,0,0,0,2,0,3,1,0,0,0,0,0,0,0,0,4,0,0,0,0,1,0,1,0,0,0,0,0,0,0,0,0,0,0,0,0,0,0,0,0,0,1,0,0,0,0,2,0,0,0,0,0,0,0,0,0,0,0,1,1,0,1,0,0,0,0,1,0,0,2,0,0,0,0,0,1,0,0,0,0,1,0,0,0,0,0,0,0,0,0,0,0,0,0,0,0,0,0,0,0,0,0,0,0,0,1,1,0,1,0,0,0,1,0,0,0,0,0,0,0,0,0,0,1,1,0,0,0,0,0,0,1,0,0,0,0,0,0,0,0,0,0,0,0,0,0,2,0,0,0,0,0,0,0,0,1,0,1,0,0,0,0,0,0,0,0,0,0,0,0,0,2,0,1,0,0,0,0,0,1,0,0,0,0,0,0,0,0,0,0,1,1,0,0,0,0,0,0,0,0,0,1,0,0,2,0,0,0,0,1,1,0,0,0,0,0,0,0,0,0,2,0,0,0,0,0,0,4,0,0,0,0,0,1,0,2,0,1,0,1,0,0,0,0,0,0,0,0,0,0,0,0,0,0,0,1,0,0,0,0,0,0,0,0,1,0,2,0,0,0,0,0,0,0,0,0,0,0,0,0,0,0,0,0,0,0,0,0,0,0,0,0,0,0,0,0,0,0,1,0,0,1,0,0,0,0,0,0,0,0,0,0,0,0,0,0,0,0,0,0,0,0,0,1,0,0,0,0,2,0,0,0,0,0,0,0,0,1,0,0,0,0,1,0,0,0,0,0,0,0,1,0,0,0,0,0,0,0,0,0,0,0,0,0,0,0,0,0,0,0,1,0,0,0,0,0,0,1,0,0,0,0,0,2,0,0,0,0,0,0,0,1,0,1,0,0,0,0,0,0,0,0,0,0,0,1,0,0,1,0,0,0,0,0,1,0,0,2,0,0,0,0,0,0,1,0,0,1,0,1,0,0,0,0,1,0,0,1,0,0,0,0,0,0,1,1,0,2,0,0,0,0,1,0,0,0,0,0,0,0,0,0,0,0,0,0,1,1,0,0,0,0,0,0,0,0,0,0,1,0,0,0,0,0,0,0,0,0,0,0,0,2,0,0,0,0,0,0,0,0,0,0,0,1,0,0,0,0,0,0,0,0,0,0,1,0,0,0,0,0,0,0,0,0,0,0,0,0,0,1,0,0,0,0,0,0,0,1,0,0,0,0,0,0,0,0,0,0,0,0,0,1,0,0,0,0,0,0,1,0,0,1,0,2,0,0,0,0,0,0,0,0,0,0,0,0,0,1,0,1,0,0,0,0,0,0,0,0,0,0,0,0,0,0,0,0,0,0,0,0,1,0,0,0,0,0,1,0,0,0,0,0,0,0,0,0,0,0,0,1,0,1,0,1,0,0,0,0,0,1,0,0,0,0,0,0,0,0,1,2,0,0,1,0,0,0,0,0,0,1,0,0,0,1,0,0,0,0,0,0,1,0,0,0,0,0,0,1,0,0,0,0,0,0,0,0,1,1,0,1,1,0,0,0,0,1,0,0,0,0,0,0,0,0,0,0,0,1,1,0,0,0,0,0,0,0,1,0,0,0,0,0,0,0,0,0,0,0,0,1,0,0,0,0,3,1,0,0,0,0,0,1,0,0,0,0,0,0,0,0,2,0,0,1,0,2,0,0,0,0,0,0,0,0,0,0,0,0,0,0,0,0,0,0,0,1,1,0,0,0,1,0,0,0,0,0,2,0,0,0,1,0,0,0,0,0,0,1,2,0,0,0,0,0,0,0,0,0,0,0,0,0,0,0,0,0,0,0,0,0,0,0,0,2,0,1,0,0,0,0,0,0,0,0,0,0,3,0,0,0,0,0,2,0,0,0,0,0,0,0,0,0,0,0,0,1,0,0,0,1,0,1,0,0,0,0,0,1,0,0,0,0,0,0,1,0,0,0,0,0,0,1,0,2,0,0,0,0,0,1,1,1,0,0,0,0,0,0,0,0,1,0,0,0,0,0,0,0,0,0,0,0,1,0,0,0,0,0,0,0,0,0,0,1,1,0,0,0,2,0,0,0,0,0,0,0,0,0,0,0,0,0,0,0,0,0,0,0,0,0,0,0,0,0,0,0,0,0,0,0,0,0,1,1,1,0,0,2,0,0,0,0,0,1,0,0,1,0,1,0,0,0,2,0
TRABD2A,1,0,0,0,0,0,0,1,0,0,0,0,0,1,0,0,0,0,0,0,0,1,0,0,1,0,0,0,0,0,1,0,0,0,0,0,1,0,0,0,0,0,0,1,0,0,0,0,0,0,0,0,0,0,0,0,0,0,2,1,0,0,1,0,0,0,1,0,0,0,0,0,0,0,0,0,0,0,0,0,0,0,0,0,0,0,0,0,0,1,0,3,0,0,0,0,0,0,0,1,0,0,0,2,0,0,1,0,0,0,0,0,0,0,1,1,0,0,0,0,1,1,0,0,0,3,0,0,0,2,0,0,0,0,1,1,0,3,0,0,0,0,0,0,1,0,0,0,1,0,0,0,0,0,2,0,0,0,0,0,0,0,0,0,0,0,0,0,0,0,0,0,0,0,0,0,0,0,0,0,0,1,0,0,0,0,0,0,0,0,0,0,1,0,0,0,0,0,0,0,0,0,0,0,0,0,0,0,0,2,0,0,0,0,0,0,0,0,0,0,1,0,0,0,1,0,0,0,1,0,0,1,0,0,0,0,0,0,0,0,0,0,0,0,0,0,0,0,0,0,0,1,0,0,0,0,0,1,0,0,0,0,0,0,0,0,1,0,1,0,0,0,0,0,1,0,0,0,0,0,0,0,2,0,1,1,0,0,0,0,0,0,0,0,1,0,0,0,0,0,0,0,1,1,0,0,2,0,0,0,0,0,0,0,0,0,1,1,0,0,0,0,0,0,0,1,0,1,0,3,0,0,0,0,0,0,1,0,0,0,0,0,0,0,0,0,0,0,0,0,0,0,0,0,1,0,0,3,0,0,0,0,0,0,0,0,0,1,0,1,1,0,0,0,0,0,0,0,0,0,0,0,0,0,0,0,0,2,0,0,1,0,0,0,1,0,0,0,0,0,0,0,0,0,0,0,0,0,0,0,0,0,0,0,0,0,0,0,1,1,0,0,0,0,0,1,0,0,2,0,0,1,0,0,0,0,0,0,1,0,0,1,0,0,0,0,0,0,1,0,0,0,0,0,0,0,0,0,0,0,0,0,0,0,0,0,0,1,0,0,1,0,0,0,1,0,0,1,0,0,0,0,0,0,0,0,0,1,0,0,0,2,0,0,0,0,0,0,0,0,0,0,0,0,1,0,0,0,0,0,0,1,0,1,0,0,0,1,1,0,1,1,0,0,0,0,0,0,0,0,0,0,0,0,0,0,0,0,1,0,0,0,0,0,0,0,0,0,0,0,0,0,1,0,0,0,0,0,0,0,0,1,0,0,2,0,0,0,0,0,1,0,1,0,0,0,0,0,0,0,0,0,1,0,0,0,0,1,0,0,0,0,0,0,0,0,2,0,0,0,0,0,0,0,0,1,0,0,0,1,0,0,0,1,1,0,0,0,0,0,0,0,0,0,0,0,0,0,0,1,0,0,1,0,0,0,0,1,0,0,0,0,0,0,0,0,0,1,0,0,0,1,0,0,0,0,0,1,0,0,0,0,0,0,0,0,0,0,0,0,0,0,0,1,0,0,0,0,0,0,0,0,0,0,0,0,0,0,0,0,1,0,0,0,1,2,0,1,0,0,1,0,0,0,0,0,2,0,0,0,0,0,0,1,0,0,0,2,0,1,0,0,0,0,0,0,0,1,1,0,0,0,0,0,0,0,0,0,0,0,0,0,0,0,0,0,0,1,0,0,0,0,0,0,0,0,1,0,0,0,0,0,0,0,0,0,0,0,0,0,0,0,1,0,0,0,0,0,0,0,0,0,0,0,0,0,0,1,1,0,0,1,1,0,0,0,0,0,0,0,0,0,0,1,0,0,0,0,0,0,1,0,0,0,1,0,0,0,0,0,0,0,0,0,0,0,1,0,0,0,0,0,0,0,2,0,0,1,0,0,0,0,0,0,0,0,0,0,0,2,0,1,0,0,0,1,0,0,0,0,0,0,0,0,0,0,0,0,0,1,0,0,0,0,0,0,0,0,0,0,0,0,0,0,0,1,0,0,1,0,0,0,0,0,0,0,0,2,0,2,0,0,0,0,1,1,0,0,0,0,0,0,1,0,0,0,0,0,0,0,1,0,0,0,1,0,0,0,0,1,0,0,0,0,0,0,0,0,0,0,0,0,0,0,0,0,0,0,0,0,0,1,0,0,0,1,0,0,0,0,0,0,0,0,0,0,2,0,0,0,2,0,0,0,0,0,2,0,0,0,0,1,0,0,0,0,0,1,0,1,0,0,1,0,1,0,0,0,0,0,0,0,1,1,0,0,0,0,0,0,0,0,0,2,1,0,0,0,0,0,0,0,0,0,0,0,0,0,1,0,0,0,0,1,1,0,1,0,0,0,2,0,0,0,0,0,1,0,1,0,1,0,1,0,1,0,0,0,0,0,0,1,0,0,0,0,0,0,0,0,0,0,0,0,1,0,1,0,0,0,0,0,1,3,0,0,0,0,0,1,0,0,0,1,3,0,1,0,0,0,0,0,0,0,0,0,1,0,0,0,0,1,0,0,0,0,0,0,0,0,1,2,0,1,0,0,0,0,0,0,0,0,0,0,0,0,0,0,0,0,0,0,0,0,0,0,0,0,0,0,0,0,0,0,0,1,0,0,0,0,0,0,0,0,1,1,0,0,0,0,0,2,2,0,0,0,0,1,0,0,1,0,0,0,0,0,1,0,0,0,0,0,0,0,0,0,0,0,0,0,1,0,0,0,0,0,0,0,0,0,0,0,0,0,0,0,1,0,0,0,0,1,0,1,0,0,0,0,1,0,0,0,1,1,0,0,0,0,1,0,0,1,1,0,0,0,0,0,0,0,0,4,0,0,0,0,0,0,0,0,1,1,1,1,0,0,0,0,0,1,0,0,0,0,0,0,0,0,0,0,0,0,0,2,0,0,0,1,0,0,0,1,1,0,0,0,0,0,0,0,0,0,0,0,0,0,0,0,1,0,0,0,0,0,0,0,0,0,0,1,0,0,0,0,0,0,0,1,0,0,1,1,2,0,0,0,2,0,1,0,0,0,0,0,1,0,0,0,0,0,0,1,0,0,0,0,0,0,0,0,1,0,0,0,0,0,0,0,1,0,0,0,0,0,0,0,0,0,0,0,0,0,0,1,0,0,0,0,1,0,0,0,0,1,3,0,0,0,0,1,0,0,0,0,0,0,0,1,0,0,0,0,1,0,0,0,0,0,1,0,0,0,0,0,0,0,1,1,0,3,1,0,0,0,0,0,0,1,1,0,0,0,0,0,0,0,0,0,0,0,1,1,1,0,0,0,0,0,0,0,0,0,0,1,0,0,0,0,0,0,0,0,1,0,0,0,0,0,0,0,0,1,0,0,1,0,1,0,0,0,0,0,0,0,1,0,0,0,0,3,0,0,0,0,0,0,0,0,0,0,0,0,0,0,1,0,2,1,0,1,0,0,0,0,0,2,0,0,0,0,0,3,1,1,0,0
BCL2A1,1,0,0,0,0,0,1,0,0,0,1,1,0,0,0,3,0,1,0,1,0,0,0,1,1,0,0,0,0,2,0,0,2,0,0,0,0,0,0,0,1,0,0,0,0,0,1,0,0,0,1,0,1,0,0,1,0,0,0,0,0,1,0,0,0,0,0,0,0,0,0,0,0,0,0,0,0,0,0,0,0,0,0,1,0,0,0,0,0,0,0,0,0,1,0,1,0,0,3,0,0,0,0,0,0,0,1,0,0,1,0,1,1,0,0,0,0,0,0,1,0,0,0,0,0,0,0,0,1,0,0,0,1,0,0,1,0,0,0,0,0,0,0,0,0,0,0,0,0,0,4,0,0,0,0,0,0,0,0,4,0,0,2,0,0,0,0,0,1,0,0,0,1,0,0,0,0,0,1,0,0,0,0,0,0,0,0,0,0,1,4,0,0,0,0,0,0,0,0,2,0,0,1,0,0,0,0,0,0,0,0,0,0,0,0,0,1,0,0,0,0,0,0,0,0,0,0,0,0,0,0,0,2,2,0,0,0,1,0,0,0,0,0,0,0,1,0,0,0,0,0,0,0,0,0,0,0,1,0,0,0,1,0,0,0,0,0,0,0,0,0,0,0,0,1,0,1,0,4,0,0,2,1,0,1,0,0,0,0,0,0,0,0,0,0,0,0,0,1,0,0,0,0,0,0,0,0,0,0,0,0,0,0,0,0,0,0,0,1,0,0,0,0,0,0,0,2,0,0,0,0,0,0,0,1,0,0,1,0,0,0,0,2,0,0,0,0,0,0,1,0,0,1,0,0,0,0,0,0,0,0,1,0,0,0,0,1,0,0,2,0,0,0,0,0,0,0,0,0,0,1,0,0,0,0,0,0,0,0,0,0,5,0,7,0,0,0,0,0,1,1,0,0,0,4,0,0,0,1,0,0,0,1,0,0,0,0,0,0,0,1,0,0,0,3,0,0,1,1,0,0,0,0,0,1,0,0,0,0,0,0,0,0,0,0,1,0,0,0,0,0,1,0,0,0,0,0,0,1,3,0,0,0,0,0,1,0,0,0,0,0,0,0,0,0,5,0,0,0,0,0,0,0,0,0,0,0,0,0,0,1,0,0,0,0,1,0,0,0,0,0,4,0,0,0,0,0,0,0,0,0,0,0,0,0,0,0,0,0,1,0,0,0,1,0,0,0,0,1,0,1,0,0,0,0,1,2,0,0,0,0,0,0,0,0,0,0,1,0,0,1,0,0,0,0,0,0,5,0,0,0,0,0,0,1,0,0,0,0,0,0,0,0,1,0,0,0,0,0,0,0,0,0,0,0,0,0,0,0,0,0,1,0,0,0,1,0,0,0,0,0,0,1,0,0,0,0,0,0,0,1,0,0,0,1,0,0,0,1,0,1,0,0,0,0,0,0,0,0,0,0,0,0,0,0,0,0,0,0,0,0,0,0,1,0,0,0,0,0,0,0,0,0,0,0,1,0,0,0,0,0,0,0,0,1,0,0,0,0,0,0,0,0,0,0,0,1,0,1,0,0,0,0,0,0,0,0,0,0,0,0,0,1,0,0,0,0,0,0,0,0,0,0,0,0,0,0,0,0,0,0,0,0,0,0,0,0,0,0,0,0,0,0,0,1,1,0,0,0,0,0,0,0,0,0,0,0,0,0,0,0,0,1,3,0,1,0,0,0,0,0,0,0,1,0,0,0,0,0,0,1,0,0,0,0,0,0,0,0,0,0,0,0,0,1,0,0,2,0,0,1,0,0,0,0,0,0,0,1,0,0,0,0,0,0,0,1,0,1,0,0,0,0,0,0,1,0,0,0,0,0,0,0,1,1,0,0,0,0,0,0,0,0,0,0,0,0,0,0,1,1,0,0,0,0,0,0,0,1,0,1,0,0,0,0,0,0,0,0,0,0,0,0,0,0,0,0,1,0,0,0,1,0,0,1,0,1,1,0,0,0,0,0,0,0,0,0,0,2,0,0,0,0,0,0,0,0,0,0,0,1,0,0,0,0,0,0,0,0,0,0,0,0,0,0,0,0,0,0,0,0,0,0,0,0,1,0,0,0,0,0,0,0,0,0,0,0,0,2,0,0,0,0,0,0,0,0,3,0,0,2,0,0,0,1,0,0,1,1,0,0,0,0,0,0,1,0,0,0,0,1,0,0,0,0,0,0,0,1,0,0,0,1,0,0,0,0,0,0,0,0,0,0,0,0,0,0,0,0,0,0,1,0,0,0,0,0,0,0,0,0,0,0,1,1,0,0,1,0,0,0,1,1,0,0,0,1,0,0,0,0,0,0,0,0,0,0,0,1,0,0,0,1,0,0,0,0,1,0,0,2,0,0,0,0,0,0,0,1,0,0,0,0,0,0,1,0,0,0,0,0,0,2,4,1,0,0,0,0,0,0,0,0,1,0,0,0,1,1,0,0,0,0,0,1,0,4,0,0,0,0,1,0,0,0,0,0,0,0,0,0,0,5,0,2,0,0,1,0,0,0,0,0,0,0,0,0,0,0,0,0,0,0,0,1,0,0,0,1,0,0,0,0,0,0,0,1,0,0,0,0,0,0,0,0,0,0,0,0,0,0,0,0,0,0,0,0,0,0,1,0,0,0,0,0,0,0,0,0,0,0,0,0,0,0,0,2,0,0,0,0,0,1,0,0,0,0,0,0,2,0,1,0,0,1,0,1,0,0,0,0,0,0,0,0,0,0,0,0,0,0,0,0,5,0,0,1,0,0,0,0,0,0,0,0,0,0,0,0,0,2,0,0,0,0,0,0,0,0,0,0,0,0,0,0,0,0,0,0,0,5,0,0,2,1,0,0,0,0,0,1,0,0,0,0,0,1,0,0,0,0,0,0,0,0,0,0,0,0,0,0,0,0,0,0,1,0,0,0,0,0,0,2,0,0,0,0,0,0,0,1,0,0,0,0,0,0,0,0,0,0,1,1,0,0,0,0,0,0,1,0,3,0,0,1,0,0,0,0,0,0,0,0,0,0,0,0,0,1,0,0,1,0,0,0,1,0,1,0,0,0,0,0,0,0,0,1,0,0,0,0,3,0,1,0,0,0,0,0,0,1,0,0,0,0,1,0,0,0,0,0,1,0,0,0,0,1,0,0,0,5,2,0,0,0,0,0,0,0,0,0,0,1,0,0,0,0,0,0,0,0,0,0,0,0,0,0,0,1,0,0,0,4,0,1,0,0,0,1,0,0,0,0,0,0,0,1,0,1,0,0,0,0,0,1,0,0,0,0,0,0,0,0,0,0,1,0,1,0,0,0,0,0,0,0,0,2,1,0,0,0,0,0,0,0,0,0,0,1,0,0,0,0,0,0,0,0,0,0,0,0,0,0,0,0,0,1,1,0,0,0,1,0,0,0,0,0,0,1,1,1,0,0,0,0,0,0,0,0,0,0,0,0,1,3,0,0,0,0,1,0,0,0,0,0,0
PRKCH,1,0,0,1,0,0,0,1,0,0,0,0,0,0,0,0,0,0,0,0,0,0,0,0,0,0,0,0,0,0,1,1,0,1,1,0,1,0,0,0,0,0,0,0,1,0,0,0,2,0,0,0,0,1,0,0,0,3,2,2,0,0,0,0,0,0,0,0,0,0,0,0,0,0,0,2,0,0,0,0,1,0,0,0,1,1,0,0,2,0,0,1,2,0,0,0,0,0,0,0,1,0,0,0,1,0,0,0,0,0,2,0,0,1,0,2,0,1,0,0,1,0,0,0,0,1,0,0,0,0,0,0,0,0,0,0,0,0,0,0,0,0,0,0,1,1,0,0,0,1,0,0,1,0,0,0,0,0,0,0,2,0,0,1,1,1,1,1,0,0,0,1,0,0,0,0,0,0,0,0,0,2,0,0,0,0,0,0,0,0,0,0,0,1,1,0,0,0,0,0,0,2,0,0,0,2,0,1,0,1,1,1,1,1,1,0,0,0,0,0,1,0,1,0,0,0,0,0,1,0,0,1,0,0,0,0,1,0,0,0,0,1,0,0,1,0,1,0,0,0,0,0,0,0,0,3,0,0,0,0,1,0,0,0,0,0,0,0,0,0,0,0,0,0,0,0,0,0,0,0,0,0,0,0,2,1,1,0,0,0,1,0,0,0,1,1,1,0,1,1,1,0,0,0,0,0,1,0,0,0,1,0,0,0,1,0,1,0,0,2,0,0,0,0,1,0,0,0,0,1,0,0,0,0,0,0,0,0,0,1,0,0,0,1,0,2,0,0,1,0,1,0,0,0,2,0,0,2,0,0,0,0,0,0,0,1,0,0,0,1,0,0,0,0,1,0,2,2,0,0,0,0,1,2,0,0,3,1,1,0,0,0,0,0,0,0,0,1,1,0,0,0,1,1,0,0,0,0,0,0,0,1,0,0,0,0,0,0,1,3,0,0,1,1,0,0,1,1,0,0,0,0,1,1,0,0,0,1,1,0,1,1,1,0,0,0,2,0,0,0,0,1,0,0,0,0,0,0,0,0,0,0,2,0,0,0,0,1,0,0,0,0,0,0,2,0,0,1,0,1,0,1,1,0,1,1,0,1,4,0,0,0,1,0,0,0,1,0,0,0,0,0,0,0,0,0,0,0,0,2,0,2,0,0,0,1,1,0,0,0,1,0,1,1,0,0,0,0,0,1,0,0,0,0,0,0,0,0,0,1,0,1,0,0,1,0,0,0,0,0,0,0,0,0,0,0,0,0,1,0,0,0,0,1,0,0,0,0,0,0,1,0,0,0,0,0,1,0,0,2,0,1,0,0,1,1,0,1,0,0,0,0,0,0,0,0,0,0,0,0,0,0,0,0,2,2,0,0,0,0,0,0,2,0,1,1,1,0,0,0,0,2,0,0,1,0,1,0,0,0,0,0,2,1,0,0,0,0,1,0,1,0,2,0,0,0,1,1,0,0,1,0,0,0,0,0,0,0,1,0,0,0,0,1,0,1,0,0,0,0,0,0,0,2,1,1,0,0,0,1,1,0,0,1,0,0,0,0,0,0,0,0,2,0,1,1,2,0,0,0,0,2,0,0,0,0,2,1,0,0,0,0,0,1,0,0,1,0,0,0,0,0,0,1,0,2,0,0,0,1,0,0,0,2,0,0,0,0,0,0,0,1,1,0,0,1,0,0,1,0,0,1,0,0,0,0,0,0,0,1,0,0,0,0,0,1,0,0,0,1,0,1,0,0,0,1,0,1,0,0,1,1,2,1,0,0,0,0,0,0,0,0,0,0,0,1,1,1,0,1,0,0,0,0,1,1,0,0,0,0,0,0,1,0,0,0,0,0,1,1,0,0,1,0,0,0,0,0,1,0,0,0,0,0,0,1,0,1,0,0,0,0,1,0,1,0,0,0,0,1,1,0,0,0,1,0,0,0,0,0,0,0,0,1,0,1,1,0,0,0,0,0,0,0,0,0,1,1,0,0,0,0,0,0,0,0,0,0,0,0,0,1,1,0,0,0,0,0,0,1,0,0,0,0,0,0,0,0,1,0,0,1,0,0,0,0,0,0,2,0,0,1,0,0,0,0,1,1,0,0,0,0,0,0,0,0,1,0,0,1,0,0,1,0,0,0,1,0,0,1,1,1,0,1,0,0,0,0,0,0,0,0,0,0,0,0,0,1,0,0,1,0,0,0,1,0,1,1,0,0,0,1,0,0,1,2,0,0,0,0,0,0,0,0,0,2,0,1,0,0,0,0,0,0,1,0,0,0,0,0,0,0,0,3,1,0,0,0,0,0,0,0,2,0,1,0,0,0,0,1,0,0,0,0,0,0,0,0,0,1,0,0,1,1,0,1,0,1,0,0,0,0,0,0,0,0,0,0,0,0,0,0,0,0,0,1,0,0,1,0,0,2,0,0,0,0,0,0,0,0,0,0,0,1,0,2,0,0,0,0,0,0,2,0,1,0,0,0,0,0,1,2,1,0,0,0,3,0,0,0,1,0,0,1,0,0,0,1,1,0,0,0,0,0,0,0,0,1,0,0,0,0,0,0,0,1,1,0,0,1,0,0,0,2,2,0,0,0,0,1,0,0,1,1,0,0,0,0,2,1,2,2,0,0,1,0,0,0,1,2,0,0,0,0,0,2,0,0,0,0,1,1,0,2,0,0,1,0,0,0,0,0,0,0,1,1,0,0,0,0,0,0,0,2,1,1,0,0,1,0,0,0,1,0,0,0,0,1,1,0,0,0,0,0,0,0,0,0,0,0,0,0,0,0,1,0,0,0,0,0,0,1,1,0,0,0,0,0,0,1,0,0,0,0,0,0,0,0,0,0,2,0,0,0,0,0,0,1,1,0,0,0,1,0,0,0,0,2,0,0,0,0,0,1,0,0,1,0,0,0,0,0,0,0,0,0,0,0,0,2,0,0,0,0,0,0,0,0,0,0,0,0,0,1,0,1,0,1,0,0,1,0,0,0,0,0,1,0,0,0,0,0,1,0,0,2,0,1,4,0,0,0,0,2,0,0,0,0,0,0,0,0,1,0,0,0,0,0,0,1,0,0,0,0,0,0,1,2,0,2,0,0,0,0,0,0,0,0,0,1,1,0,0,0,0,0,0,0,0,0,0,0,0,0,1,0,0,0,0,1,0,0,0,0,0,0,0,0,0,1,0,2,0,0,0,0,1,0,0,0,0,0,0,0,0,0,0,1,0,1,0,1,0,0,2,0,0,1,0,0,1,0,0,0,0,0,0,0,0,0,0,0,2,1,0,0,1,0,0,0,0,1,0,0,0,1,0,0,0,1,0,0,0,1,0,0,0,0,2,0,0,0,0,0,0,0,1,0,0,0,0,0,0,0,0,0,0,0,0,0,0,0,0,0,0,0,0,0,1,0,0,1,1,1,0,1,2,0,0,0,0,0,0,0,0,1,0,0,0,2,0,2,0,0,0,0
RPLP2,46,9,30,9,26,29,19,60,38,23,25,27,29,51,20,63,18,19,20,43,34,29,20,19,25,21,22,25,19,53,46,30,53,26,9,10,57,52,28,15,52,28,20,57,31,31,76,26,54,25,16,49,13,17,46,13,10,53,34,16,43,42,28,8,19,22,22,0,13,50,12,49,51,5,7,15,13,35,6,26,29,32,11,27,9,64,29,40,23,16,36,20,33,13,38,24,10,18,17,60,21,41,18,29,10,17,7,11,22,42,29,43,6,36,40,66,22,48,18,25,14,4,31,12,54,35,34,15,20,22,15,32,25,23,19,43,35,24,25,19,27,22,43,54,44,14,29,21,115,14,24,6,24,58,11,37,28,25,13,10,32,25,25,21,6,42,12,44,38,67,36,14,57,31,25,17,51,22,29,53,20,25,40,18,21,56,63,42,13,25,36,36,22,50,50,40,28,7,0,53,15,39,19,32,40,16,34,63,41,36,26,10,12,5,14,14,43,27,38,30,14,26,20,37,115,12,24,9,55,29,54,19,31,43,12,11,26,35,29,28,16,13,26,9,19,25,23,18,51,15,32,11,17,15,22,42,40,58,23,13,33,10,41,38,46,36,21,13,70,37,11,43,23,13,32,11,27,39,24,43,16,6,70,48,51,48,47,20,32,26,40,52,29,20,30,13,12,28,22,24,39,30,36,30,13,25,42,8,19,50,38,11,20,31,42,28,21,63,36,33,28,9,24,12,17,16,18,87,28,44,31,26,50,17,17,21,33,20,55,21,53,31,16,47,33,30,22,25,29,24,19,28,54,30,7,22,26,85,39,10,30,40,34,4,8,43,76,25,41,36,18,20,12,20,15,80,44,52,32,38,14,8,54,25,25,6,42,49,26,12,63,50,20,26,46,7,54,28,9,20,18,50,17,40,11,36,19,24,41,62,40,52,14,52,49,41,28,22,34,32,29,36,41,6,22,40,25,24,26,22,7,55,33,14,25,21,19,13,44,41,9,53,57,25,34,50,15,19,25,12,16,29,28,29,38,48,34,46,33,41,20,48,34,18,55,34,28,32,13,11,11,16,17,31,52,22,16,28,30,11,20,42,8,32,11,55,21,60,40,21,47,35,32,29,23,20,55,33,14,15,5,20,34,17,36,28,29,46,19,24,4,7,23,19,23,36,16,26,33,11,28,49,48,15,16,13,23,19,24,50,24,66,29,23,64,24,18,39,29,37,94,45,28,12,31,45,27,31,52,22,57,78,14,18,7,32,21,25,47,22,23,40,39,17,44,47,18,54,43,13,65,8,48,28,44,29,23,43,16,24,24,10,29,18,22,32,39,22,19,13,17,23,11,25,50,70,49,23,26,19,44,21,9,28,54,38,16,31,14,21,43,39,16,39,81,39,47,26,25,35,49,50,36,12,8,10,42,14,31,45,32,30,23,11,6,28,27,36,38,25,32,2,54,40,17,28,37,38,46,13,7,17,9,7,18,14,18,13,28,18,15,48,37,6,53,13,14,16,46,34,32,54,12,23,55,39,6,20,46,25,1,46,42,46,16,60,16,37,5,28,31,25,28,15,27,43,26,48,26,24,17,33,29,20,18,23,37,32,20,75,20,19,16,55,16,56,25,33,30,24,45,29,27,57,20,28,18,38,19,26,30,18,24,33,49,51,27,59,29,28,17,47,26,15,50,11,18,33,21,8,19,39,41,44,25,24,40,25,31,43,28,19,18,50,18,22,40,16,52,31,36,27,29,23,6,6,25,30,14,48,17,13,33,31,15,24,9,45,71,43,30,39,16,8,27,21,22,50,5,31,44,15,24,30,36,38,23,30,24,29,39,18,25,16,43,38,26,8,21,14,11,12,54,40,24,49,29,22,23,9,59,23,23,14,36,47,17,48,22,78,12,33,24,21,43,72,9,80,12,56,19,6,9,38,24,7,10,22,28,31,46,43,30,17,57,36,49,14,28,29,49,14,42,17,42,19,9,38,22,31,30,15,22,27,32,45,53,26,26,41,31,21,11,9,6,21,58,52,28,18,22,59,31,55,43,8,28,34,57,11,32,7,30,37,17,27,20,24,44,46,16,57,15,26,24,17,13,58,22,65,4,54,21,25,30,9,37,40,32,18,37,47,26,23,29,36,35,10,42,36,7,27,22,27,19,20,49,35,36,23,45,25,21,7,15,24,22,32,67,7,47,84,9,32,31,33,52,31,22,47,14,16,36,55,33,30,29,44,30,26,36,41,18,16,21,17,14,32,16,41,32,21,50,7,44,19,21,32,6,40,48,18,18,42,34,34,38,28,29,48,18,12,32,30,22,19,46,17,57,40,74,77,28,37,16,34,26,54,20,21,34,17,35,13,63,32,27,30,24,15,18,5,45,28,19,38,22,32,51,38,46,43,17,33,6,24,22,9,15,10,22,54,9,15,31,31,36,43,18,29,25,4,22,37,8,17,10,46,29,21,12,68,14,59,37,11,15,18,11,21,60,23,29,17,15,43,23,53,32,24,22,27,30,56,24,21,11,27,30,41,24,11,34,31,26,38,15,46,18,33,30,6,28,29,16,14,12,62,20,18,34,32,20,2,58,24,15,20,37,26,21,26,12,57,28,21,31,27,38,20,54,41,19,15,23,25,36,30,28,9,45,36,36,62,34,2,17,26,24,71,54,33,26,34,34,47,27,34,8,14,50,48,14,34,37,71,24,17,25,59,16,30,52,45,28,21,24,41,32,29,20,50,15,30,20,26,32,24,32,17,21,37,39,43,20,45,17,29,31,54,15,32,18,7,23,31,38,23,33,40,23,45,42,25,44,17,28,41,40,33,25,59,11,16,25,52,21,25,43,26,51,33,50,17,17,19,19,11,17,29,30,10,14,30,33,35,38,39,21,12,32,57,28,36,20,14,31,38,15,26,30,47,38,21,4,42,14,30,22,37,37,23,32,16,35,28,19,32,42,32,23,20,32,18,49,31,29,35,5,51,34,19,4,11,45,35,22,49,32,35,34,23,22,34,12,36,50,22,85,26,11,37,40,5,31,32,11,56,33,8,32,115,25,18,8,19,52,8,12,29,23,20,22,18,14,27,22,49,8,64,8,14,34,56,47,31,28,23,30,28,9,28,11,26,20,38,76,36,48,36,50,40,35,30,76,24,15,22,37,44,28,15,8,31,28,12,6,30,15,12,38,34,36,14,13,14,18,57,27,22,26,10,21,13,29,20,37,54,25,35,37,35,37,50,36,43,20,31,37,21,31,55,8,36,10,35,24,54,9,14,36,45,71,13,22,19,31,54,25,30,47,19,14,27,36,16,29,11,45,33,25,22,28,11,60,23,37,42,28,21,29,34,10,28,49,16,39,27,16,32,9,43,43,18,23,7,31,54,24,24,28,37,12,41,6,48,21,12,24,8,26,32,35,34,38,38,44,41,24,40,29,4,18,11,19,22,14,62,21,28,39,92,39,19,30,31
CLEC2B,0,1,0,0,0,1,0,1,0,0,0,2,1,0,0,0,0,0,0,0,0,0,2,0,0,2,0,1,2,1,0,1,1,0,0,0,2,1,0,0,0,4,0,0,0,1,0,0,0,1,0,0,0,1,1,0,0,2,0,0,0,0,0,0,0,1,0,0,0,1,0,1,0,0,2,0,3,2,0,1,0,1,1,0,1,1,0,0,3,1,1,1,0,2,1,1,2,0,2,0,1,1,2,1,0,0,0,2,0,0,4,1,1,1,1,0,2,0,0,0,0,2,0,0,0,1,0,0,0,1,0,1,0,0,0,1,1,2,0,0,1,1,1,0,0,0,0,1,0,1,1,1,1,0,0,0,0,0,0,1,0,1,1,0,1,1,2,0,1,1,0,2,0,1,0,0,0,0,1,0,0,0,0,0,1,0,2,0,0,2,0,1,0,0,0,0,0,1,0,1,0,0,1,0,1,0,0,0,0,0,0,0,2,1,1,1,0,0,0,0,0,0,0,0,0,1,0,0,0,0,0,0,0,2,0,0,1,0,0,0,0,0,0,0,0,0,0,1,0,0,0,1,0,2,0,1,0,2,0,0,1,0,1,0,0,2,1,0,1,1,2,0,0,0,0,0,0,1,1,1,0,1,1,0,1,0,0,1,1,0,1,0,1,1,1,0,0,0,0,0,2,0,0,0,0,0,0,0,2,1,0,0,2,0,0,0,0,1,0,0,0,0,0,1,0,0,1,0,0,0,0,1,0,1,0,0,0,1,2,1,0,1,0,1,0,0,1,0,0,3,1,2,1,0,0,0,0,1,0,0,1,1,1,0,0,0,1,0,1,1,2,0,2,0,0,2,1,0,0,0,0,0,0,0,1,0,1,0,1,1,0,3,0,1,0,2,1,3,0,2,0,0,3,0,2,1,0,0,0,1,0,1,0,0,0,1,0,0,0,0,1,1,1,1,0,1,0,1,0,1,1,0,1,2,1,0,1,2,0,3,1,1,1,1,1,0,0,0,0,0,0,1,0,0,0,1,0,2,1,0,1,1,0,0,2,0,0,0,0,0,1,1,2,0,0,2,0,2,1,0,1,0,2,0,0,0,0,1,1,0,0,1,1,0,0,1,0,0,0,3,0,0,0,0,0,1,0,0,1,0,0,0,0,0,0,2,0,0,0,0,0,1,0,0,1,0,0,0,3,0,0,0,0,1,2,3,1,2,1,0,0,2,1,1,0,0,0,1,0,0,0,0,0,2,0,3,0,2,0,2,0,0,1,3,1,0,5,0,1,0,0,1,0,0,0,0,0,1,1,1,0,1,1,0,0,2,1,0,0,0,0,0,0,0,0,0,0,0,0,0,2,1,1,3,2,0,3,0,0,1,1,1,2,3,0,0,0,0,0,2,0,0,2,0,0,0,0,3,1,1,0,0,0,0,0,0,0,0,0,0,0,0,2,0,0,0,0,0,0,0,0,0,0,0,0,0,0,1,1,4,1,0,0,1,1,2,0,0,0,0,0,0,2,0,1,2,0,2,0,2,0,0,1,0,0,0,1,0,0,2,2,0,0,0,1,1,0,0,0,0,0,0,0,2,0,0,0,0,1,0,0,2,0,0,0,0,0,3,0,0,1,0,0,2,0,0,0,0,0,2,1,0,0,0,0,0,0,0,0,0,0,0,1,1,0,2,0,0,1,0,0,2,0,0,0,0,1,0,0,0,0,0,0,0,0,0,2,0,1,0,0,0,1,1,3,0,0,0,2,1,1,0,0,0,0,2,1,0,1,1,0,3,0,0,1,0,0,0,0,0,1,0,0,0,0,0,2,0,0,2,3,0,1,1,1,0,0,0,0,0,1,0,0,1,0,1,1,0,0,1,0,0,0,0,0,0,0,5,0,0,0,1,0,1,0,0,0,0,1,0,0,0,0,0,0,0,0,1,0,1,0,0,1,0,0,3,0,0,1,0,0,0,3,0,0,1,2,0,1,0,0,0,0,0,0,0,0,1,0,0,0,2,0,0,0,1,1,0,0,2,1,0,1,0,1,1,0,0,1,1,0,1,1,0,0,2,0,0,1,0,0,1,1,1,1,0,0,1,1,0,0,0,0,0,0,0,1,2,1,0,3,1,0,0,0,0,2,0,1,1,0,1,0,0,2,0,0,2,1,0,0,0,0,1,0,1,1,0,0,0,0,2,0,2,1,1,1,1,0,0,0,0,0,2,1,1,0,0,0,0,0,0,2,1,3,0,0,0,0,0,0,0,1,0,0,0,0,0,0,0,1,1,0,0,0,0,0,0,1,0,0,0,0,0,1,1,0,0,0,1,0,3,0,2,0,0,1,0,0,1,0,1,2,1,0,1,0,1,0,0,1,0,1,1,1,0,0,0,0,1,1,1,1,3,3,1,0,0,0,0,1,2,0,1,2,0,0,1,0,0,1,2,0,0,1,0,1,0,0,0,0,0,1,4,0,0,0,0,0,1,0,1,5,0,1,0,1,0,1,1,1,1,0,0,1,1,0,2,1,1,0,0,1,0,1,0,3,0,0,0,0,0,3,0,0,2,0,1,0,0,0,1,0,0,3,1,0,1,0,1,0,0,0,1,0,3,0,0,0,0,2,0,2,0,0,0,0,0,0,1,1,0,0,1,0,0,0,0,0,2,2,0,0,0,0,0,0,0,0,0,0,1,0,1,0,0,0,0,0,0,0,1,0,0,0,1,0,0,2,1,0,0,1,1,0,0,1,0,0,0,0,2,0,1,2,1,0,0,0,0,1,3,2,0,0,1,0,0,0,0,2,0,0,0,1,0,1,1,0,1,2,0,0,0,0,1,2,1,0,0,1,0,3,1,3,0,0,0,0,0,0,2,0,0,0,0,0,0,1,2,3,0,0,1,0,0,2,0,1,1,1,1,0,0,0,0,1,0,0,0,3,0,1,0,1,0,0,0,0,1,0,0,0,0,1,1,0,0,3,0,0,1,2,1,1,0,1,0,1,2,1,1,1,0,1,0,0,0,0,0,2,0,1,1,0,0,0,0,0,1,2,0,0,1,1,0,1,0,0,0,0,1,0,0,0,2,1,0,1,1,1,0,3,0,1,0,1,1,0,2,2,0,0,0,0,0,0,0,1,1,3,2,2,0,1,0,0,0,0,0,0,1,1,1,0,1,1,0,0,0,0,1,0,0,0,0,0,1,0,2,0,1,1,0,0,0,1,2,0,1,2,1,0,0,0,1,0,2,1,0,0,0,0,0,1,1,0,1,1,0,0,0,1,0,0,0,0,1,0,0,0,0,1,1,0,2,1,1,0,1,1,0,0,0,4,1,0,0,0,2,0,1,0,0,0,0,1,1,2,0,0,2,0,1,0,1,1,0,1,2,0,3,1,1,0,1,2,0,2,1,0,0,1,0,0,1,0,1,1,1,0,0,0,0,1,1,0,0,2,0,0,1,0,0,1,2
SLFN5,0,1,1,0,0,0,0,0,0,1,0,0,0,0,0,1,0,0,0,0,0,1,0,0,0,1,1,1,2,0,0,0,0,0,0,1,0,1,0,0,0,0,0,2,0,0,0,0,0,0,0,1,0,0,0,0,0,2,0,1,0,0,0,0,0,0,0,0,0,0,0,1,0,0,0,0,1,0,0,0,0,1,0,0,0,0,0,0,1,0,0,0,0,0,0,0,1,0,0,0,2,0,0,0,0,0,0,0,0,0,0,1,0,1,0,1,0,0,0,0,1,0,1,0,0,0,0,0,0,0,1,2,0,0,0,0,0,0,0,0,1,0,0,0,0,0,0,0,2,1,0,0,0,0,0,0,0,0,0,0,0,0,0,0,2,2,0,1,0,0,0,0,0,0,0,0,0,0,1,0,0,0,0,0,0,0,0,0,0,0,0,0,2,3,0,0,1,0,0,0,0,0,0,0,0,1,0,0,0,0,0,0,0,0,0,0,0,0,0,0,1,0,1,0,2,1,0,0,0,0,1,0,0,0,0,0,0,0,0,0,0,0,0,0,0,0,0,0,0,0,0,0,0,0,0,1,1,1,0,0,0,0,1,0,0,0,0,0,0,2,0,1,0,0,1,0,0,0,0,0,0,0,0,0,0,1,0,0,1,0,0,1,0,1,0,0,1,0,0,0,0,1,2,0,1,0,1,0,0,0,0,0,1,0,0,1,0,0,0,0,0,1,1,0,0,0,0,0,0,0,1,0,1,0,0,0,0,0,0,0,1,1,0,0,0,0,1,0,1,0,0,0,1,0,0,0,0,2,0,0,2,0,0,0,0,0,0,2,0,0,0,0,0,0,0,0,1,0,0,0,0,0,0,0,1,0,1,2,0,3,0,0,0,0,0,0,0,1,0,0,0,1,0,0,0,1,0,0,0,0,0,2,0,3,1,0,2,0,0,0,0,1,1,2,0,0,0,1,0,2,0,0,0,0,0,0,0,1,0,0,0,1,0,1,1,0,0,0,0,0,0,0,0,0,0,1,0,0,0,0,0,1,0,0,0,0,0,0,0,0,0,0,0,0,1,0,0,0,0,0,0,0,0,1,0,1,0,0,0,0,1,0,0,0,0,0,0,1,0,2,0,0,1,0,1,0,0,0,0,0,0,0,0,1,1,0,1,0,0,0,1,0,0,0,0,0,1,0,0,0,0,0,1,0,0,0,0,0,1,1,0,0,0,0,0,4,0,0,0,1,0,0,1,0,1,0,0,0,0,1,0,0,0,0,0,1,0,0,1,0,0,1,0,0,1,0,0,0,0,0,0,0,1,0,0,0,0,1,0,0,0,0,1,0,1,0,0,0,0,0,1,0,0,1,0,0,0,0,0,0,1,0,0,0,0,0,0,0,0,1,0,0,0,0,1,1,0,0,0,0,0,0,0,1,0,0,1,1,0,0,1,0,1,0,1,1,0,2,0,0,0,0,0,0,0,0,0,1,0,0,0,0,0,0,1,1,0,1,0,0,0,0,0,0,0,0,0,0,0,0,0,0,0,0,0,1,0,0,0,0,0,0,0,0,0,2,0,2,0,0,1,0,0,0,0,0,0,1,0,0,0,2,0,0,0,0,0,2,0,1,0,0,0,2,0,0,0,1,1,0,0,0,0,0,1,0,0,0,0,0,0,1,0,0,0,0,0,0,1,0,0,0,0,2,0,0,1,0,0,0,0,1,0,0,0,0,0,0,1,0,3,1,0,1,0,0,0,0,0,1,0,0,0,0,0,0,0,1,1,0,1,0,0,0,0,1,0,0,0,0,0,0,0,0,1,0,0,0,0,0,0,0,1,0,0,0,0,0,1,0,0,0,0,0,0,0,0,0,0,0,1,1,0,0,0,0,0,1,0,0,0,0,0,0,0,0,0,1,0,0,0,0,0,1,0,0,0,0,0,0,1,0,1,0,0,0,0,0,0,0,0,0,0,2,0,1,0,0,0,0,1,0,0,1,1,1,1,0,0,0,0,0,1,1,0,0,0,0,0,0,0,0,0,0,0,0,0,0,0,0,1,0,0,0,0,0,0,1,1,0,0,0,0,1,0,0,0,1,0,0,0,0,0,0,0,0,0,0,0,2,0,2,4,1,0,0,0,0,0,0,0,0,0,0,0,0,0,1,0,0,0,0,0,0,0,0,0,0,0,1,0,0,0,0,0,0,0,0,0,1,1,0,0,0,0,2,0,0,0,0,0,2,1,0,1,0,0,0,0,0,0,0,0,0,1,0,0,0,0,0,1,0,0,0,0,1,0,0,0,0,0,0,0,0,0,0,2,0,0,0,0,1,0,0,0,0,0,0,0,1,0,0,0,1,3,0,1,1,1,1,0,0,0,0,2,0,0,0,1,0,0,0,0,0,0,1,0,0,0,0,0,0,1,0,0,0,1,1,0,0,0,0,0,0,0,0,0,1,0,0,0,0,0,0,0,0,0,0,0,1,0,0,0,0,0,0,0,0,0,1,1,0,0,0,0,0,0,1,0,1,1,0,0,1,0,0,2,0,0,0,0,0,1,1,0,0,0,0,1,1,0,2,0,2,0,0,0,0,0,0,0,0,0,0,0,1,0,0,0,0,0,0,0,0,0,0,0,0,0,1,1,0,0,0,0,2,0,0,0,0,0,1,0,0,0,0,1,1,0,0,0,0,0,0,0,0,0,1,0,0,0,0,1,0,0,2,0,0,0,0,0,0,1,0,0,1,0,1,0,1,1,0,0,0,0,1,0,0,1,1,0,0,1,0,0,0,0,0,1,1,0,0,0,0,0,0,0,0,0,0,0,0,0,0,0,2,0,1,0,0,0,2,0,0,0,0,0,1,0,0,0,0,0,1,0,1,0,0,0,0,0,2,0,2,0,0,2,0,0,0,0,0,0,0,0,0,0,0,0,0,0,0,1,0,0,0,0,1,0,1,0,0,0,0,0,0,0,0,1,0,0,0,0,0,0,0,0,0,2,0,0,0,0,0,0,1,0,0,2,0,0,0,2,0,0,0,0,0,0,1,0,2,0,0,0,0,0,0,0,0,0,1,0,0,0,0,3,1,0,0,0,0,2,0,0,0,0,0,0,0,1,0,0,0,0,0,0,0,1,0,0,0,1,0,0,0,1,0,0,0,0,0,0,0,0,0,0,1,0,0,0,0,1,0,0,1,0,0,0,0,0,0,0,0,0,0,1,0,0,0,0,1,0,0,1,1,0,2,0,0,0,1,0,0,0,1,0,1,0,0,1,0,0,0,0,0,0,0,1,1,1,0,0,0,0,0,0,0,4,0,0,1,0,0,0,0,0,0,0,0,0,0,0,0,0,0,2,0,0,0,0,0,0,0,0,0,0,0,0,0,0,0,0,0,0,1,0,0,0,0,0,1,0,0,0,0,0,1,1,0,0,0,0,0,0,0,0,0,0,0,1,0,2,1,0,0
SEPT1,0,1,0,0,1,0,0,0,0,0,0,0,0,1,0,0,0,0,0,0,0,0,0,0,0,1,0,0,0,0,0,0,0,1,0,0,0,1,0,0,1,0,0,0,0,0,0,0,1,1,0,0,0,1,1,0,1,0,2,2,0,0,1,0,1,0,0,0,1,1,0,0,0,0,0,0,0,1,1,0,0,1,1,0,1,1,0,0,0,1,1,0,1,0,2,0,0,1,0,2,0,1,0,2,0,0,0,0,1,0,1,0,0,0,1,1,0,1,0,0,0,0,0,0,0,0,0,0,0,1,0,0,1,0,2,0,0,0,0,0,0,1,0,1,0,0,0,0,2,0,0,1,0,0,0,0,0,1,0,0,0,1,0,0,0,1,0,1,0,1,0,1,1,3,0,0,0,1,0,0,0,0,0,0,0,1,2,0,0,0,0,0,0,0,0,0,0,0,0,0,0,0,0,2,1,0,0,1,1,1,0,1,0,0,0,1,0,2,0,0,0,1,0,0,2,0,0,1,0,0,0,2,0,0,0,0,0,0,0,0,0,0,0,0,0,2,1,0,0,0,0,0,0,0,0,3,0,1,0,0,1,0,1,0,0,3,0,0,1,0,0,1,0,0,2,0,1,0,0,0,0,1,1,0,0,0,1,0,0,0,0,0,0,0,1,1,0,0,0,1,1,0,1,1,0,1,1,0,2,1,0,0,0,1,1,0,0,2,2,1,0,0,0,1,1,1,0,3,1,0,0,0,1,0,0,0,0,0,1,0,0,1,0,1,0,0,2,0,1,0,0,1,1,0,0,0,0,1,0,0,0,1,1,1,1,0,0,0,1,0,1,0,1,1,0,0,1,1,0,0,0,0,0,0,0,0,3,1,1,0,2,1,1,0,1,0,0,0,1,0,0,0,0,0,0,0,0,1,1,0,0,1,0,0,0,0,1,0,0,0,0,0,3,0,0,1,0,0,1,1,0,0,2,0,0,3,0,0,0,0,1,1,0,0,0,0,0,1,0,0,0,0,0,0,0,1,0,0,0,2,0,1,0,0,0,0,1,0,0,0,0,0,0,0,1,0,1,1,0,0,0,1,2,1,1,1,0,0,0,0,0,0,0,0,0,0,1,0,0,0,0,0,0,1,0,1,0,0,0,0,0,0,2,2,0,0,1,0,0,0,0,1,1,0,0,0,0,0,0,0,0,0,2,0,0,0,0,0,0,2,0,1,1,0,1,2,1,0,1,2,1,0,0,0,0,1,0,0,1,0,0,0,0,0,1,1,0,2,2,1,1,0,0,0,0,1,1,0,0,1,1,1,0,0,0,0,2,0,1,0,0,0,0,0,0,2,1,0,0,0,2,0,0,0,0,0,1,0,0,0,0,0,1,2,1,1,1,1,0,0,0,0,3,0,0,0,0,0,1,2,2,0,1,0,0,0,1,0,0,0,0,0,0,2,0,0,2,2,0,0,1,2,0,0,0,1,0,1,1,0,1,0,0,1,1,0,0,0,0,0,0,0,0,1,1,1,0,0,0,0,0,0,1,1,1,0,0,0,0,0,1,2,1,0,1,0,0,0,0,0,0,1,3,1,1,0,0,0,1,1,0,0,0,1,0,2,0,0,0,0,1,2,1,2,0,1,0,0,0,0,0,0,1,0,3,0,0,0,0,1,0,2,2,0,0,0,1,0,0,0,1,1,0,1,0,1,0,0,0,1,1,0,0,0,0,1,2,1,1,1,1,1,1,0,0,0,0,1,0,1,0,1,0,1,0,0,1,0,2,0,0,2,0,0,0,1,1,0,0,3,1,0,0,0,0,0,0,0,2,2,2,0,1,0,0,0,0,0,0,0,1,0,1,0,0,0,1,0,2,0,1,0,0,0,0,1,0,2,0,3,0,3,3,0,1,1,0,0,1,2,0,0,0,0,0,0,0,0,1,0,0,0,1,1,0,1,0,0,1,1,1,0,0,2,1,0,0,2,0,0,0,1,0,0,0,0,0,1,0,1,0,0,0,0,1,2,1,0,0,1,0,2,3,2,1,1,0,0,0,0,0,1,0,0,0,0,2,0,1,0,0,0,0,0,0,0,1,0,0,1,0,1,0,1,1,0,0,1,1,3,0,0,0,0,0,0,0,0,1,0,0,1,0,0,0,0,1,1,0,0,0,0,0,0,0,0,1,0,1,0,0,1,0,2,0,0,1,2,0,1,0,1,1,0,0,0,1,2,2,1,0,0,0,0,0,0,0,0,0,1,0,1,0,0,0,0,0,0,0,1,1,1,0,0,0,0,0,1,0,0,0,1,0,0,0,0,1,0,0,1,1,0,0,1,1,0,0,1,0,0,0,1,0,0,0,0,2,0,1,1,2,0,2,1,1,1,1,0,1,2,0,0,0,0,0,1,0,0,0,0,0,0,0,0,1,2,0,0,0,0,3,0,1,2,0,2,0,0,0,1,0,2,1,0,2,2,0,0,0,1,1,1,0,0,0,0,3,0,1,1,3,0,0,3,0,1,0,1,1,0,0,0,0,0,0,0,0,1,0,0,0,0,3,0,1,0,0,4,1,1,0,0,0,0,0,1,1,0,3,0,1,0,1,0,1,0,1,0,0,0,0,0,2,0,2,0,3,0,0,1,1,2,0,4,1,0,0,0,2,0,0,0,0,0,0,0,2,0,0,0,1,0,0,2,1,1,0,0,0,2,1,0,0,1,0,1,1,0,0,0,0,2,1,0,0,2,0,2,0,0,0,1,0,1,0,1,0,0,0,0,0,1,0,0,1,2,0,0,0,1,0,0,0,0,1,0,0,0,0,0,0,0,0,0,0,1,0,2,1,0,0,0,1,0,1,1,0,0,1,2,0,0,0,0,0,1,0,0,0,0,1,0,0,3,0,0,1,0,0,0,0,0,1,0,0,0,2,0,0,0,0,0,0,0,0,1,0,1,0,0,2,0,0,0,0,2,0,0,2,1,0,0,0,0,0,2,0,2,0,0,0,1,3,0,1,0,0,2,7,0,0,0,1,2,1,0,0,0,0,0,0,2,0,1,0,0,0,1,0,2,1,0,0,0,0,0,0,2,1,0,0,0,0,2,0,0,1,0,1,0,0,0,0,1,2,0,0,1,0,1,1,2,1,0,0,0,1,0,0,0,1,0,0,3,1,0,1,0,0,1,1,1,0,0,0,2,1,0,0,0,0,3,0,0,2,0,0,0,1,0,1,2,0,2,0,0,0,0,1,1,1,1,0,0,0,1,1,0,1,0,0,1,0,1,0,0,1,2,0,2,2,1,0,0,0,2,0,0,2,0,0,3,0,1,0,0,4,0,1,0,0,0,1,0,0,0,1,0,0,1,0,2,1,0,1,0,0,1,0,0,0,0,1,0,1,1,0,0,0,0,0,0,1,0,0,2,1,1,1,1,0,0,0,0,0,3,0,0,1,1,0,1,0,0,0,1
PTGS2,0,0,0,0,0,1,0,0,0,0,0,0,0,0,0,0,0,0,1,0,0,0,0,0,0,0,0,0,0,0,0,0,0,0,0,0,0,0,1,0,0,0,0,0,0,0,0,1,0,0,0,0,0,0,0,0,0,0,0,0,0,0,0,1,0,0,0,1,2,0,0,0,0,0,0,0,0,0,0,0,0,0,0,0,0,0,0,0,0,0,0,0,0,1,0,0,0,0,0,0,0,0,0,0,0,0,0,0,0,0,0,0,0,0,0,0,0,0,0,0,0,0,0,0,0,0,0,0,0,0,0,0,0,0,0,0,0,0,1,0,0,0,0,0,0,0,1,1,0,0,0,0,0,0,0,0,0,0,0,1,0,0,0,0,0,0,0,0,0,0,0,0,0,0,1,0,0,0,0,0,0,0,0,0,0,0,0,0,0,0,1,0,0,0,0,0,0,0,1,0,0,0,1,0,0,0,0,0,0,0,0,0,0,0,0,0,0,0,0,0,0,0,0,0,0,0,0,0,0,0,0,0,0,0,0,0,0,0,0,0,0,0,0,0,0,0,0,0,0,0,0,0,0,0,0,0,0,0,0,0,0,0,0,0,0,0,0,0,0,0,0,0,0,0,0,0,0,1,0,0,0,0,0,0,0,0,0,0,0,0,0,0,0,0,0,0,0,0,1,0,0,0,0,0,1,0,0,0,0,0,0,0,0,0,0,0,0,0,0,0,0,0,1,0,0,0,1,0,0,0,0,0,0,0,0,0,0,2,0,0,0,0,3,0,0,0,0,0,0,0,0,0,0,0,0,1,0,0,1,1,0,0,0,0,0,0,0,0,0,0,0,1,0,0,0,3,0,0,0,0,0,0,0,0,0,0,0,0,0,0,0,1,0,0,0,0,0,0,0,0,0,0,0,0,1,0,0,0,0,0,0,0,0,0,0,1,0,0,0,0,0,0,0,0,0,0,0,0,0,0,0,0,0,0,0,0,0,0,0,0,0,0,0,0,0,0,0,0,0,0,0,0,2,0,0,0,0,0,0,0,0,0,0,0,0,0,0,0,0,0,0,0,0,0,0,0,0,0,0,0,1,0,0,0,0,0,0,0,0,0,0,0,0,0,0,0,0,0,0,0,0,0,0,0,0,0,0,0,0,0,0,0,0,0,0,0,0,0,0,0,0,0,0,0,0,0,0,0,0,0,2,0,0,0,0,0,0,0,0,0,0,0,0,0,0,0,0,0,0,0,0,0,0,0,1,5,0,0,0,0,0,0,0,0,0,0,0,0,0,0,0,0,0,0,0,0,0,0,1,0,0,0,0,0,0,0,0,0,0,0,0,0,0,0,0,0,0,0,0,0,0,1,0,0,0,1,0,0,0,0,1,0,0,0,0,0,0,0,0,0,0,0,0,0,0,0,0,0,0,0,0,0,0,0,0,0,0,0,0,0,0,0,0,0,0,0,0,0,0,0,0,0,0,0,0,0,0,0,0,0,0,0,0,0,0,0,0,0,0,0,0,0,0,0,0,0,1,0,0,0,0,0,0,0,1,0,0,0,0,0,0,0,0,0,0,0,0,0,0,2,0,0,0,0,0,0,0,0,0,0,0,0,0,0,0,0,0,0,0,0,0,0,0,0,0,0,0,0,0,0,0,0,0,0,0,0,0,0,0,0,0,0,0,0,0,0,1,0,0,0,0,0,0,0,0,0,0,0,0,0,0,0,0,0,1,0,0,0,0,0,0,0,0,0,0,0,1,0,0,0,0,0,0,0,0,0,0,0,0,0,0,0,0,0,0,0,0,0,0,0,0,0,0,0,0,0,0,0,0,0,0,1,0,0,0,0,0,0,0,0,0,0,0,0,0,0,0,0,0,0,0,0,0,0,0,0,0,0,0,0,1,0,0,0,0,0,0,0,0,0,0,0,0,0,0,0,0,0,0,0,0,0,0,0,0,0,0,0,0,0,0,1,0,0,0,0,0,0,0,0,0,0,0,0,0,0,0,0,0,0,0,0,0,0,0,3,0,0,1,0,0,0,0,0,0,0,0,0,0,0,1,0,0,0,1,0,0,0,0,0,0,0,1,0,0,0,0,0,1,0,0,0,0,0,0,0,0,0,0,0,0,0,0,0,0,0,0,1,0,0,0,0,0,0,0,0,0,0,0,0,0,0,0,0,0,0,0,0,0,0,0,0,0,0,0,0,0,0,1,0,0,0,0,0,0,0,0,0,0,0,0,0,0,0,0,0,0,0,0,0,0,0,0,0,0,0,0,0,0,0,0,0,0,0,0,0,0,0,0,0,0,0,0,0,0,0,0,0,0,0,0,0,0,0,0,1,0,1,0,0,0,0,0,0,0,0,0,0,0,0,1,0,0,0,0,0,0,0,0,0,0,0,1,0,0,0,1,0,0,0,0,0,0,0,0,0,0,1,0,0,0,0,0,0,0,0,1,0,0,0,1,0,0,1,0,2,0,0,0,0,0,0,1,0,3,0,0,0,0,0,0,0,0,0,0,0,0,0,0,0,0,0,0,0,0,0,0,0,0,0,0,0,0,0,0,0,0,0,0,0,0,0,0,0,0,0,0,0,0,0,0,0,0,0,0,0,0,0,0,0,0,0,0,0,0,0,0,0,0,0,0,0,0,0,0,0,0,0,0,0,0,0,3,0,0,0,0,0,0,0,0,0,0,0,0,0,2,0,0,0,0,0,0,0,0,0,0,0,0,0,0,0,0,0,0,0,0,0,0,0,0,0,0,0,0,0,0,0,0,0,3,5,0,0,0,0,0,0,0,0,0,0,0,0,0,0,0,0,0,0,0,0,0,0,0,0,0,0,0,0,0,0,0,0,0,0,0,0,0,0,0,0,0,0,0,0,0,0,1,0,5,0,0,0,0,0,0,0,0,0,0,0,0,0,0,0,1,0,1,0,0,0,0,1,0,0,1,0,0,0,0,0,0,0,0,0,0,0,0,0,0,0,0,1,0,0,0,0,0,1,0,0,0,0,0,0,0,0,0,0,1,0,0,0,0,0,0,0,0,0,0,0,0,0,0,0,0,0,2,0,0,0,0,0,0,0,0,0,0,0,0,0,0,0,0,0,0,0,0,0,0,0,0,0,0,0,0,0,0,0,1,0,0,0,0,0,0,0,0,0,0,0,0,0,0,1,0,0,0,0,0,0,0,0,1,0,0,0,0,0,0,0,0,0,0,0,0,0,0,0,0,0,0,0,0,0,0,0,0,0,0,0,0,0,0,0,0,0,0,0,0,0,0,0,0,0,0,0,0,0,0,0,2,0,0,0,0,1,0,0,0,0,0,0,0,0,0,0,0,0,0,0,0,0,0,0,0,0,0,0,0,0,0,0,0,0,0,0,0,0,0,0,0,0,0,0,0,0,0,0,0,0,0,0,0,0,0,0,0,0,0,1,0,0,0,0,0,0,0,0,0,0,0,0,0,0
RAB11FIP1,0,0,0,0,0,0,1,0,0,0,1,0,0,0,0,1,0,0,1,0,0,0,0,0,0,0,0,0,0,1,0,0,1,2,0,0,0,0,1,0,0,0,1,1,0,0,1,1,0,0,0,0,1,0,0,0,0,0,0,0,2,0,1,1,0,0,0,0,0,0,0,0,0,1,0,0,0,0,0,1,0,0,0,0,0,0,0,0,0,0,2,0,0,1,0,0,0,0,0,0,0,0,0,0,0,0,0,0,1,0,0,0,0,0,0,1,0,0,0,1,0,0,1,0,0,0,0,1,1,0,0,0,0,0,0,0,0,0,0,1,0,0,0,0,2,0,2,1,0,0,0,0,0,0,0,0,0,0,0,3,1,0,1,2,0,0,3,0,1,1,0,0,0,0,1,0,0,0,2,0,0,0,1,0,0,0,0,0,1,0,0,2,0,0,0,0,0,1,0,1,0,0,0,0,0,0,0,0,0,0,0,0,0,0,0,0,0,0,2,1,0,0,0,0,0,0,0,0,0,0,0,0,3,0,0,0,0,0,0,0,2,0,0,0,0,0,0,0,1,2,0,0,0,0,0,0,0,0,0,2,0,0,0,0,0,1,0,0,0,0,0,5,1,1,0,0,0,0,0,0,2,0,0,0,0,0,0,0,0,0,0,0,1,1,0,0,0,0,1,0,0,0,0,0,1,0,0,0,1,0,0,1,0,1,0,0,0,0,0,0,0,1,0,0,0,0,0,1,0,0,0,1,0,0,0,0,1,1,0,0,1,0,0,0,0,0,0,1,0,0,1,0,1,0,0,2,0,0,0,0,0,0,0,0,0,0,1,0,0,0,0,0,1,0,0,0,0,0,0,2,0,0,1,0,0,0,0,0,0,0,0,0,0,0,0,0,0,0,0,0,1,0,0,0,0,0,0,0,0,0,0,0,0,0,0,1,0,0,0,0,0,0,0,0,1,0,0,1,0,0,0,0,0,0,1,0,0,0,0,2,0,0,0,0,0,0,1,0,0,0,0,0,0,0,2,0,0,0,0,0,0,0,0,0,3,0,0,0,1,0,0,0,0,0,0,0,0,0,0,0,1,0,1,0,2,0,0,0,0,0,0,0,0,0,0,1,0,0,1,1,0,0,0,0,0,0,0,3,1,0,0,0,1,0,0,0,1,0,0,0,0,0,0,0,0,2,0,0,0,1,2,0,0,0,2,0,1,3,0,0,1,0,0,0,0,0,1,1,3,0,0,4,0,0,2,0,0,0,0,0,0,0,0,0,0,0,0,0,0,0,0,0,1,0,0,0,0,0,0,0,0,0,0,0,0,0,0,0,0,1,0,0,0,1,0,0,0,0,0,0,0,1,1,0,0,1,2,0,0,0,2,0,0,0,1,0,0,0,0,1,0,0,1,0,0,0,0,0,0,0,0,0,0,0,0,1,0,0,0,0,0,0,0,0,1,0,2,0,0,0,0,1,0,0,0,0,0,0,0,3,0,0,1,1,0,0,0,0,0,0,0,0,1,0,0,1,0,0,0,0,0,3,0,0,1,0,0,0,0,0,0,0,0,0,0,0,0,0,0,0,0,0,1,0,0,3,0,0,0,3,0,0,0,1,2,0,0,0,0,0,0,0,0,0,0,0,0,0,0,1,0,0,1,0,1,0,0,1,0,0,0,0,0,1,0,2,0,1,0,0,0,0,0,0,0,0,0,0,0,0,0,0,0,0,0,0,0,0,0,0,0,0,0,0,0,1,1,0,0,0,0,0,0,0,0,0,0,0,0,0,0,0,0,2,1,0,0,0,0,0,0,0,1,0,0,0,0,0,0,0,0,0,0,0,0,0,0,0,0,0,0,0,3,1,1,1,0,0,0,1,0,0,0,0,0,0,0,0,0,0,1,0,0,0,0,0,0,0,0,0,0,0,0,0,0,0,0,2,1,0,0,0,0,0,1,0,0,0,0,0,0,0,1,0,0,0,0,0,0,0,0,0,2,2,1,0,0,0,1,0,0,0,0,1,0,0,0,0,1,0,0,0,0,0,0,0,0,0,0,2,0,0,0,0,1,0,0,0,0,0,0,0,1,0,2,1,0,0,2,2,0,0,0,0,0,0,1,0,0,0,1,0,1,0,0,0,0,1,0,0,1,0,2,0,0,0,0,0,0,0,0,0,0,0,1,1,0,0,1,1,0,2,0,0,0,0,0,0,1,0,0,0,0,2,0,0,0,1,0,0,0,0,0,0,0,1,0,0,0,0,0,0,0,0,1,0,0,0,0,0,0,0,1,0,0,0,0,0,0,1,0,0,1,0,0,0,0,0,0,1,4,0,2,1,0,0,0,1,0,0,0,0,0,0,0,0,0,1,0,0,0,1,0,0,0,0,0,0,0,0,0,0,0,1,0,0,1,1,0,1,0,0,1,0,0,1,0,2,1,1,2,0,0,0,0,0,3,0,0,0,0,0,0,4,0,1,0,1,0,0,0,0,2,0,0,0,0,0,0,0,1,0,1,1,2,0,0,0,0,0,0,0,0,0,0,0,1,0,1,2,0,1,0,1,0,0,0,2,0,0,0,0,1,0,0,0,0,0,1,0,0,0,4,2,0,0,0,0,0,0,0,0,0,0,0,0,0,0,0,0,0,0,0,2,1,0,0,0,0,3,0,0,1,0,0,1,0,0,2,0,0,0,0,0,0,0,2,0,0,0,0,0,0,0,0,0,0,0,0,0,0,0,0,0,0,0,1,0,0,1,0,1,0,0,0,0,0,1,0,0,0,0,0,0,0,1,3,0,0,0,0,0,0,0,0,0,1,0,0,0,0,0,0,0,1,0,0,0,0,0,0,0,1,0,0,0,0,0,0,0,0,0,0,0,0,0,3,0,0,1,0,0,0,0,0,0,0,0,0,1,0,0,1,0,0,0,0,0,0,0,2,0,0,2,0,0,0,0,0,0,1,0,0,0,1,0,0,0,0,0,0,1,0,0,0,0,0,0,0,1,0,0,0,0,0,0,0,0,2,2,0,1,0,0,0,0,0,0,1,1,0,0,0,0,1,0,0,0,0,0,0,1,0,1,0,1,0,0,0,0,0,1,0,0,0,0,0,0,1,0,1,0,1,0,0,0,1,0,2,2,0,0,0,0,0,0,0,1,0,2,0,1,0,0,0,0,0,0,0,4,0,0,0,0,0,0,0,3,0,0,0,0,0,1,0,0,0,0,0,0,1,0,1,0,0,0,0,0,0,0,0,0,0,0,0,0,1,0,0,0,0,0,2,0,0,1,0,2,0,0,0,0,0,0,0,0,0,1,0,0,1,0,0,2,5,0,1,0,0,2,0,0,0,0,0,2,0,2,0,0,0,0,0,1,1,0,1,2,1,0,0,2,0,0,0,0,0,0,0,1,0,0,1,0,0,0,0,0,0,0,0,1,1,0,1,0,1,1,1,0,0,0,0,0,0,0
PTCRA,0,0,0,0,0,0,0,0,0,0,0,0,0,0,0,0,0,0,0,0,0,0,0,0,0,0,0,0,0,0,0,0,0,2,0,0,0,0,0,0,0,0,0,0,0,0,0,0,0,0,0,0,0,0,0,0,0,0,0,0,0,0,0,0,0,0,0,7,1,0,0,0,0,0,0,0,0,0,0,0,0,0,0,0,0,0,0,0,0,0,1,0,0,0,0,0,0,0,0,0,0,0,0,0,0,0,0,0,0,0,0,0,0,0,0,0,0,0,0,0,0,0,6,0,1,0,0,0,0,0,0,0,0,0,0,0,0,0,0,0,0,0,0,0,0,0,0,0,0,0,0,0,0,0,0,0,0,0,0,0,0,0,0,0,0,0,0,0,0,0,0,0,0,0,0,0,0,0,0,0,0,0,0,0,0,0,0,0,0,0,0,0,0,0,0,0,0,0,7,0,0,0,0,0,0,0,0,0,0,0,0,0,0,0,0,0,0,0,4,0,0,0,9,0,0,0,0,0,0,0,0,0,0,0,0,0,0,0,0,0,0,0,0,0,0,0,0,0,0,0,0,0,0,0,0,0,0,0,0,0,0,0,0,0,0,0,0,0,0,0,0,0,0,0,0,0,0,0,0,0,0,0,0,0,0,0,0,0,0,0,0,0,0,0,0,0,0,0,0,0,0,0,0,0,0,0,0,0,0,0,0,0,0,0,0,0,0,0,0,0,0,0,0,0,0,0,0,0,0,0,0,0,0,0,0,0,0,0,0,0,0,0,0,0,0,0,0,0,0,0,0,0,0,0,0,0,0,0,0,0,0,0,0,0,0,0,0,0,0,0,0,0,0,0,0,0,0,0,1,0,0,0,0,0,0,0,0,0,0,0,0,0,0,0,0,0,0,0,0,0,0,0,0,0,0,0,0,0,0,0,0,0,0,0,0,0,0,0,0,0,0,0,0,0,0,0,0,0,0,0,0,0,0,0,0,0,0,0,0,0,0,0,0,0,0,0,0,0,0,0,0,0,0,0,0,0,0,0,0,0,4,0,0,0,0,0,0,0,0,0,0,0,0,0,0,0,0,0,0,0,0,0,0,0,0,0,0,0,0,0,0,0,0,1,0,0,0,0,0,0,0,0,0,0,0,0,0,0,0,0,0,0,0,0,0,0,0,0,0,0,0,0,0,0,0,0,0,0,0,0,0,0,0,0,0,0,0,0,0,0,0,0,0,0,0,0,0,0,0,0,0,0,0,0,0,0,0,0,0,0,0,0,0,0,0,0,0,0,1,0,0,0,0,0,0,0,0,0,0,0,0,0,0,0,0,0,0,0,0,0,0,0,0,0,0,0,0,0,0,0,0,0,0,0,0,0,0,0,0,0,0,0,0,0,0,0,0,0,0,0,0,0,0,0,0,0,0,0,0,0,0,0,0,0,0,0,0,0,0,0,0,0,0,0,0,0,5,0,0,0,0,0,0,0,0,0,0,0,0,0,0,0,0,0,0,0,0,0,0,0,0,0,0,0,0,0,0,0,0,0,0,0,0,0,0,0,0,0,0,0,0,0,0,0,0,0,0,0,0,0,0,0,2,0,0,0,0,0,0,0,0,0,0,0,0,0,0,0,0,0,0,0,0,0,0,0,0,0,0,0,0,0,0,0,4,0,0,0,0,0,0,0,0,0,0,0,0,0,0,0,0,0,0,0,0,0,0,0,0,0,0,0,0,0,0,0,0,0,0,0,0,0,0,0,0,0,0,0,0,0,0,0,0,0,0,0,0,0,0,0,0,0,0,0,0,0,0,0,0,0,0,0,0,0,0,0,0,0,0,0,0,0,0,0,0,0,0,0,0,0,0,0,0,0,0,0,0,0,0,0,0,0,0,0,0,0,0,0,0,0,0,0,0,0,0,0,0,0,0,0,0,0,0,0,0,0,0,0,0,0,0,0,0,0,0,0,0,0,0,0,0,0,0,0,0,0,0,0,0,0,0,0,0,0,0,0,0,0,0,0,0,0,0,0,0,0,0,0,0,0,0,0,0,0,0,0,0,0,0,0,0,0,0,0,0,0,0,0,0,0,0,0,0,0,2,0,0,0,0,0,0,0,0,0,0,0,0,1,0,0,0,0,0,0,0,0,0,0,0,0,0,0,0,0,0,0,0,0,0,0,0,0,0,0,0,0,0,0,0,0,0,0,0,0,0,0,0,0,0,0,0,0,0,0,0,0,0,0,0,0,0,0,0,0,0,0,0,0,0,0,0,0,0,0,0,0,0,0,0,0,0,0,0,0,0,0,0,0,0,0,0,0,0,0,0,0,0,0,0,0,0,0,0,0,0,0,0,0,0,0,0,0,0,0,0,0,0,0,0,0,0,0,0,0,0,0,0,0,0,0,0,0,0,0,0,0,0,0,0,0,0,0,0,0,0,3,0,0,0,0,2,0,0,0,0,0,0,0,0,0,0,0,0,0,0,0,0,0,0,0,0,0,0,0,0,0,0,0,0,0,0,0,0,0,0,0,0,0,0,0,0,0,0,0,0,0,0,0,0,0,0,0,0,0,0,0,0,0,0,0,0,0,0,0,0,0,0,0,3,0,0,0,0,0,0,0,0,0,0,0,0,0,0,0,0,0,0,0,0,0,0,0,0,0,2,0,0,0,0,0,0,0,0,0,0,0,0,0,0,0,0,0,0,0,0,0,0,0,0,0,0,0,0,0,0,0,0,0,0,0,0,0,0,0,0,0,0,0,0,0,0,0,0,0,0,0,0,0,0,0,0,0,0,0,0,3,0,0,0,0,0,0,0,0,0,0,0,0,0,0,0,0,0,0,0,0,0,0,0,0,0,0,0,0,0,0,0,0,0,0,0,0,0,0,0,0,0,0,0,0,0,0,0,0,0,0,0,0,0,0,0,0,0,0,0,0,0,0,0,0,0,0,0,0,0,0,0,0,0,0,0,0,0,0,0,0,1,0,0,0,0,0,0,0,0,0,0,0,0,0,0,0,0,0,0,0,0,0,0,0,0,0,0,0,0,0,0,0,0,0,0,0,0,0,0,0,0,0,0,0,0,0,0,0,0,0,0,0,0,0,0,0,0,0,0,0,0,0,0,0,0,1,0,0,0,0,0,0,0,1,0,0,0,0,0,0,0,0,0,0,0,0,0,0,0,0,0,0,0,0,0,0,0,0,0,0,0,0,0,0,0,0,0,0,0,0,0,0,0,0,0,0,0,0,0,0,0,0,0,0,0,0,0,0,0,0,0,0,0,0,0,0,0,0,0,0,0,0,0,0,0,0,0,0,0,0,0,0,0,0,0,0,0,0,0,0,0,0,0,0,0,0,0,0,0,0,0,0,0,0,0,0,0,0,0,0,0,0,0,0,0,0,0,0,0,0,0,0,0,0,0,0,0,0,0,0,0,0,0,0,0,0,0,0,0,0,0,0,0,0,0,0,0,0,0,1
GLUL,0,1,0,0,0,1,1,0,0,0,0,1,0,0,0,1,0,0,5,0,0,0,0,0,0,0,0,0,0,0,0,0,0,1,0,0,0,0,0,0,1,0,1,0,0,0,0,1,0,0,0,0,0,0,0,1,0,0,0,1,0,0,0,0,0,0,0,2,3,0,1,5,0,1,0,0,0,2,0,0,1,0,1,0,0,0,0,0,0,1,0,3,0,1,0,3,0,0,3,4,0,0,1,0,0,1,0,0,1,0,1,0,0,0,0,0,0,0,0,0,0,0,0,0,0,0,0,0,1,0,0,0,1,0,0,0,0,0,0,0,0,0,0,0,0,1,1,0,0,1,0,1,0,0,0,0,0,0,0,0,0,0,3,1,0,0,0,0,0,2,0,0,0,1,0,0,0,1,0,0,0,0,0,0,1,0,0,0,1,4,0,3,0,0,0,0,0,0,2,0,0,0,1,0,0,0,0,0,0,0,0,0,0,1,1,0,0,0,0,0,0,0,0,0,0,0,0,0,0,0,0,0,0,1,2,0,0,0,0,0,0,0,0,0,1,0,0,1,2,0,0,0,0,0,0,0,0,0,0,0,0,0,0,1,0,0,0,0,0,0,0,1,1,0,0,1,0,0,0,0,1,0,0,0,0,0,0,0,0,0,0,0,0,0,0,0,0,0,1,0,0,0,0,0,1,0,0,0,0,0,0,0,0,0,0,0,0,0,0,0,0,0,0,0,0,0,0,0,0,0,0,0,0,1,0,0,0,0,0,1,3,0,0,0,0,0,0,0,0,0,0,0,3,0,0,0,0,0,1,0,0,0,0,0,1,0,0,0,0,0,0,1,0,0,0,1,0,0,0,1,1,0,0,0,0,0,0,0,0,0,0,4,0,2,0,0,2,1,0,0,2,0,0,0,1,0,0,0,0,1,0,1,1,0,0,0,0,0,0,0,0,0,7,0,0,0,0,0,0,0,0,0,0,0,0,0,0,0,0,0,0,0,0,0,0,0,1,0,0,1,1,0,0,0,1,0,0,1,0,0,0,0,0,0,1,0,0,0,0,0,0,1,0,1,0,1,1,0,0,0,0,0,1,1,1,0,0,0,0,0,0,0,0,0,0,0,0,0,0,0,1,0,0,0,0,0,0,0,0,1,0,0,0,0,0,0,0,0,0,0,0,0,0,3,3,0,0,0,0,0,0,0,1,0,1,0,0,0,0,0,2,0,0,0,0,0,0,0,1,0,0,3,0,0,0,3,0,0,1,0,0,0,1,0,1,0,0,0,0,1,0,0,0,0,0,0,0,0,0,0,0,0,0,0,0,0,0,0,0,0,0,0,0,1,0,0,0,0,0,0,0,2,2,1,1,1,0,0,0,0,1,1,0,0,0,0,1,0,0,0,0,0,0,0,0,0,0,0,0,0,0,0,0,0,1,0,0,0,1,0,0,0,0,0,0,0,2,0,0,1,0,0,0,1,0,1,0,0,0,1,2,0,0,0,0,0,0,0,0,0,0,0,1,0,0,0,1,0,0,0,0,0,0,0,0,0,0,0,1,0,0,0,0,0,1,0,0,0,0,0,1,0,0,0,0,0,0,0,0,1,1,0,0,0,1,0,0,0,0,0,0,0,0,0,0,0,1,0,0,1,0,0,0,0,0,0,0,0,0,0,0,0,1,1,0,0,0,0,0,0,1,0,0,0,0,0,0,0,0,0,0,0,1,1,0,0,0,0,0,0,0,0,0,0,1,0,0,0,1,0,0,0,0,1,1,0,0,0,0,0,0,0,0,0,2,0,0,0,0,0,1,0,0,0,1,0,0,0,0,0,0,0,0,0,0,0,4,0,0,1,0,0,1,0,0,0,0,0,0,2,0,0,0,0,0,1,0,0,0,0,2,1,0,1,0,1,0,0,0,0,0,0,1,0,0,0,0,0,0,0,0,0,0,0,0,0,0,1,0,0,0,0,0,0,0,0,0,0,1,0,0,0,1,0,0,0,0,0,0,0,0,0,0,0,0,1,0,0,0,0,0,1,1,0,0,0,0,0,0,2,0,0,1,0,0,1,0,0,0,0,0,0,2,0,1,0,0,0,1,1,1,0,1,0,0,0,0,0,0,1,0,0,0,0,0,0,0,1,0,0,0,1,1,0,0,0,0,0,0,1,1,0,0,0,2,1,0,0,0,0,0,3,0,0,0,0,0,0,0,0,0,0,0,0,0,0,0,0,0,0,0,0,0,0,0,0,0,0,1,0,0,0,0,0,0,1,1,0,0,0,0,1,2,0,0,0,0,0,0,0,0,0,0,0,0,0,1,1,0,0,1,0,0,0,0,0,0,1,2,0,0,1,0,0,0,0,0,0,0,0,0,1,0,0,0,0,1,0,0,0,0,0,1,1,1,1,0,0,0,1,0,1,0,1,0,0,0,1,2,1,0,0,0,0,0,0,0,0,0,0,0,0,0,1,0,0,0,0,0,0,0,0,0,1,1,0,0,0,0,0,0,0,0,0,0,0,0,0,0,1,0,0,0,0,0,0,0,0,0,0,0,0,0,0,0,0,0,0,0,0,1,0,0,0,1,0,0,0,0,0,0,0,0,1,0,0,0,1,1,0,1,0,0,0,0,1,0,0,0,0,0,0,0,0,1,0,0,0,0,0,0,2,1,0,0,0,1,0,0,2,0,0,0,0,0,0,0,1,0,1,0,0,0,0,0,0,0,0,0,1,0,0,0,1,0,0,2,0,0,0,0,0,0,0,0,0,0,0,0,0,1,3,0,0,0,0,2,0,0,0,0,1,0,0,1,0,0,3,0,0,0,0,0,0,0,0,0,0,0,1,0,0,1,0,0,0,0,0,0,0,0,0,0,0,0,0,2,0,0,1,3,0,0,0,0,1,0,0,0,0,0,0,0,0,0,0,0,0,1,0,0,0,0,0,0,0,0,0,0,0,0,0,0,0,0,0,0,0,0,0,0,1,0,1,0,0,0,0,0,0,1,0,0,0,0,0,0,0,0,0,1,0,0,0,0,0,1,0,0,0,0,0,0,0,1,0,0,1,2,0,0,0,0,0,0,0,0,0,0,0,0,2,0,0,0,0,0,0,0,2,0,0,0,0,0,0,0,0,0,0,4,0,0,0,0,0,0,0,0,0,0,1,0,1,0,0,1,0,0,0,0,0,0,0,0,0,0,0,0,0,0,0,1,1,0,1,0,0,1,0,0,1,0,0,0,1,0,0,0,0,1,0,0,0,0,0,0,0,0,0,0,0,0,0,0,1,0,0,0,0,0,0,0,0,0,0,1,1,0,0,0,0,0,1,0,0,1,1,0,1,0,1,0,0,0,0,0,0,1,0,0,0,1,1,0,0,0,1,1,0,0,0,0,0,0,0,0,0,0,1,0,0,2,0,0,0,0,0,0,0,0,0,0,0,1,0,3,0,0,0,0,0,0,0,0,1
QPCT,0,0,0,0,0,0,1,0,0,0,1,0,0,0,0,0,0,0,0,0,0,0,0,1,0,0,0,0,0,0,0,0,0,0,0,0,0,0,0,0,0,0,2,0,0,0,0,0,0,0,0,0,0,0,0,0,0,0,0,0,1,0,0,1,0,0,0,0,0,0,0,0,0,1,1,0,0,3,0,0,0,0,0,0,0,0,0,0,0,0,0,0,0,0,0,0,0,0,1,0,0,0,0,0,0,0,0,0,0,0,0,0,0,0,0,0,0,0,0,0,0,0,1,0,0,0,0,0,2,0,0,0,0,0,0,0,0,0,0,0,0,0,0,0,0,0,1,1,0,0,1,0,0,0,0,0,0,0,0,2,0,0,1,0,0,0,0,0,1,0,0,0,0,0,0,0,0,0,0,0,0,0,0,0,0,0,0,0,1,0,2,0,0,0,0,0,0,0,0,0,0,0,1,0,0,0,0,0,0,0,0,0,0,0,0,0,0,0,0,0,0,0,0,0,0,0,0,0,0,0,0,0,0,0,0,0,0,0,0,0,1,0,0,0,0,0,0,0,0,0,0,0,0,0,0,0,0,0,0,0,0,0,0,1,0,0,0,0,0,0,0,4,0,0,0,0,0,0,1,0,1,0,0,0,0,0,0,0,0,0,0,0,2,0,0,0,0,0,1,0,0,0,1,0,1,0,0,0,0,0,0,0,0,0,0,0,0,0,0,0,0,0,0,0,0,0,0,0,0,0,0,0,0,0,0,0,0,0,0,0,1,0,0,0,0,0,0,0,0,1,1,0,0,0,0,0,0,0,1,1,0,0,0,1,0,0,0,0,0,0,0,2,0,0,0,0,0,0,0,0,0,0,0,0,0,0,0,0,0,0,0,0,0,0,0,0,0,0,0,0,1,0,0,0,2,0,0,0,0,0,0,0,0,0,0,0,0,0,0,0,0,0,0,0,0,0,0,0,0,0,0,0,0,0,1,0,0,0,0,1,0,0,0,0,0,1,0,0,0,0,0,0,0,0,0,0,0,0,2,0,0,1,0,0,0,0,0,0,0,1,0,3,0,0,0,0,2,0,0,0,1,0,0,0,1,0,0,0,0,0,0,0,0,0,0,0,0,0,0,0,1,2,0,0,0,0,0,0,0,0,1,0,0,0,0,0,0,0,0,0,0,0,0,0,0,0,0,0,1,0,0,0,0,0,0,1,0,0,0,0,0,0,0,0,0,0,0,0,0,0,0,1,0,0,0,0,0,0,0,0,0,0,0,0,0,0,0,0,0,0,0,0,0,0,0,0,0,0,0,0,0,0,0,0,0,0,0,0,0,0,0,0,0,0,0,0,0,0,0,0,0,0,0,0,0,0,1,0,0,0,1,0,0,0,0,0,0,0,0,0,0,0,0,0,0,0,0,0,0,0,0,0,0,0,0,0,0,0,0,0,0,2,0,0,0,0,0,0,0,0,0,0,0,0,0,0,0,0,0,0,0,0,0,0,0,0,0,0,0,0,0,0,1,0,0,0,0,0,0,0,0,0,0,0,0,0,0,0,1,0,0,0,0,0,0,0,0,0,0,0,0,0,0,0,0,0,0,0,0,0,0,0,0,0,1,0,0,0,0,0,0,0,0,0,0,0,0,0,0,0,0,0,0,0,0,0,0,0,0,0,0,0,0,1,0,0,0,0,0,0,0,0,0,0,0,0,0,0,0,0,0,0,0,0,1,0,0,0,0,0,0,0,0,0,0,1,0,0,0,0,0,0,0,0,3,0,0,0,0,0,0,0,0,0,2,0,0,0,1,0,0,0,0,0,0,0,0,0,0,0,0,0,0,0,0,0,0,0,0,0,0,0,0,0,0,0,0,0,0,0,0,0,0,0,0,0,0,0,0,0,0,0,0,0,0,0,0,0,0,0,0,1,1,0,0,0,0,2,0,0,0,0,0,0,0,0,0,1,0,0,0,1,0,0,0,0,0,0,0,0,0,1,0,0,1,0,0,0,0,0,0,0,0,0,0,0,0,0,0,0,0,0,0,0,0,0,0,0,0,1,2,0,0,0,0,0,0,0,0,0,0,0,0,0,0,0,0,0,0,0,0,0,0,0,0,0,0,0,0,0,0,0,0,0,0,0,0,0,0,0,0,0,0,0,0,0,0,0,0,1,0,0,0,0,1,0,0,0,0,0,0,0,0,0,0,0,0,0,1,0,0,0,0,0,0,0,0,0,0,0,0,0,0,0,0,0,0,0,0,0,0,1,0,0,0,0,0,0,0,0,0,0,1,0,0,0,0,0,0,0,0,0,0,0,0,0,0,2,0,0,0,0,0,0,0,1,0,0,0,0,0,0,0,0,0,0,0,0,1,0,0,1,0,0,0,0,0,0,0,0,0,0,0,0,0,0,1,0,0,0,0,0,0,0,0,1,0,1,1,3,0,0,0,1,0,0,2,0,0,0,0,0,0,0,1,0,0,0,1,0,0,0,0,2,0,0,0,0,0,0,0,0,0,0,0,0,0,0,0,0,0,0,0,0,0,0,0,0,1,0,0,0,0,0,0,0,0,0,0,0,0,0,0,0,0,0,0,0,0,0,1,0,0,0,0,0,0,0,0,0,0,0,0,0,0,0,0,0,0,0,0,0,0,0,0,0,0,0,0,1,0,0,0,0,0,0,0,0,0,2,0,0,0,0,0,0,0,0,0,0,0,0,0,0,0,0,0,0,0,0,0,0,0,0,0,0,0,0,0,0,0,0,0,0,0,0,0,1,0,0,0,0,0,0,0,0,0,0,0,0,0,0,0,0,0,0,0,0,0,0,0,0,0,0,0,0,0,0,0,0,0,0,0,0,0,0,0,0,0,0,0,0,0,0,0,0,0,0,0,1,0,0,1,0,0,0,0,0,0,0,0,0,0,0,1,0,0,0,0,0,0,0,0,1,0,0,1,0,0,0,0,0,0,0,0,0,0,0,0,0,0,1,0,1,0,0,0,0,0,0,0,0,0,0,0,0,0,0,0,0,1,0,0,0,0,0,0,0,1,0,0,0,0,0,0,0,0,0,0,0,0,0,0,0,0,0,0,0,0,0,1,0,0,0,1,0,1,0,0,0,0,0,0,0,0,0,0,0,0,0,0,0,0,0,0,0,0,1,0,0,0,0,0,0,0,0,0,0,0,0,0,0,0,0,0,0,0,0,0,0,0,0,0,1,0,0,0,0,0,0,0,0,0,0,0,0,0,0,0,0,0,0,0,0,1,0,0,0,0,0,0,0,0,0,0,1,0,0,0,0,0,0,0,0,0,0,0,2,0,0,1,0,0,1,0,0,0,0,0,0,0,0,0,0,0,1,0,1,0,0,0,0,0,2,0,0,0,0,1,0,0,0,0,0,0,1,0,0,0,0,0,0,0,0,0,0,0,0,0,0,0,1,2,0,1,0,0,0,0,0,0,0,0,0,0,0
CMTM6,1,0,0,0,0,1,0,0,0,0,3,0,1,0,0,1,0,0,0,0,0,0,0,0,0,0,0,0,1,0,0,0,0,0,0,0,0,0,3,1,0,0,1,0,1,0,1,0,0,1,1,1,0,0,0,0,1,1,1,0,2,0,0,1,0,1,0,1,2,0,0,0,0,0,2,0,1,0,0,3,0,0,0,0,0,0,0,2,0,1,0,0,1,1,1,2,0,0,1,3,0,0,0,0,0,0,1,0,0,0,1,0,1,0,0,0,0,0,0,0,0,0,1,0,0,0,0,0,0,1,0,0,1,0,0,0,0,1,0,0,0,0,1,0,3,0,2,0,1,1,0,0,1,0,0,2,0,0,0,0,0,1,0,2,0,1,0,0,0,0,0,0,0,0,1,0,0,0,1,0,0,0,0,0,1,2,0,0,1,3,3,1,0,0,2,1,1,0,1,0,1,0,1,0,0,0,0,1,1,0,0,1,0,2,0,0,0,0,0,0,0,0,0,0,1,0,0,1,0,0,0,0,1,0,2,0,0,0,0,0,0,0,0,2,1,0,0,2,3,2,0,2,0,0,1,0,0,0,1,2,0,0,0,1,0,0,0,0,0,0,0,3,0,0,1,0,0,1,0,1,0,0,0,0,0,1,0,0,0,0,0,0,0,0,0,0,0,0,0,0,0,0,0,0,1,0,0,1,2,0,1,1,0,1,0,0,0,0,0,1,0,1,1,0,0,0,2,0,0,0,0,3,0,2,1,0,0,1,0,0,1,1,2,0,0,0,0,0,0,0,2,0,1,0,0,0,0,0,0,0,0,0,0,1,0,1,0,0,0,0,0,1,0,0,0,3,0,0,0,2,1,0,0,0,0,0,0,0,0,0,2,3,0,3,0,1,0,1,0,0,3,0,0,0,3,0,0,0,0,2,1,2,1,0,1,2,0,1,0,0,2,0,3,0,1,0,0,0,0,0,1,0,0,1,1,0,1,0,0,0,0,0,2,0,0,2,0,0,0,0,0,0,2,0,2,0,0,0,0,0,0,0,0,1,5,1,0,0,0,0,2,3,2,0,0,0,0,1,0,0,0,1,1,0,1,1,0,0,0,0,0,0,0,0,0,0,0,0,0,1,0,3,0,0,0,0,0,0,2,0,2,0,0,1,0,0,1,0,1,0,0,0,0,0,0,2,1,0,0,0,1,0,0,0,0,0,1,2,0,1,1,0,0,0,0,0,0,0,1,1,0,2,0,1,0,0,0,1,0,0,0,2,0,0,0,0,0,1,0,0,0,0,0,0,0,2,0,1,1,0,0,0,0,0,0,0,0,0,0,3,1,0,0,0,0,0,0,0,0,0,0,3,0,0,2,4,0,0,0,0,3,0,0,0,0,0,0,0,0,1,0,0,0,0,0,0,0,0,0,0,0,0,0,0,1,0,0,0,0,1,0,1,0,0,0,0,1,1,0,0,0,0,1,0,0,0,0,0,0,0,0,0,1,0,1,0,0,0,0,0,0,0,1,0,1,3,0,0,0,0,1,0,1,0,1,0,0,0,0,0,0,0,0,0,0,0,0,0,0,1,0,1,1,0,1,1,0,0,0,1,0,1,0,0,1,0,0,0,0,0,0,0,0,1,0,0,0,0,0,0,0,0,0,0,1,1,0,0,0,0,0,0,1,0,0,0,0,0,1,0,1,0,0,1,2,0,0,1,0,0,0,0,0,0,0,0,1,0,0,0,0,1,0,0,2,1,1,0,0,0,2,0,0,0,1,0,0,0,0,1,0,0,1,2,2,0,0,2,0,0,1,0,0,0,0,1,2,0,1,0,0,0,1,0,0,0,0,0,0,0,0,0,3,1,0,1,0,1,0,0,2,1,0,2,0,0,1,0,1,1,0,2,0,0,0,0,0,1,1,0,0,1,0,0,0,0,1,1,0,1,0,0,0,0,0,0,0,0,0,0,1,0,3,1,0,1,0,0,0,1,0,0,0,2,1,0,0,0,0,1,0,0,0,0,0,1,0,0,3,0,1,0,0,0,0,0,0,1,2,0,0,1,0,1,1,0,1,1,0,1,0,2,0,0,0,1,0,0,2,3,1,0,0,0,0,0,0,2,0,2,0,0,1,1,0,0,2,2,0,0,1,0,0,1,0,0,1,0,0,1,0,0,1,0,1,1,1,0,1,0,0,3,0,0,0,1,0,0,0,0,1,0,0,1,0,0,0,0,0,0,0,0,0,0,0,2,0,0,0,1,1,0,2,1,0,0,0,0,1,0,0,1,3,0,0,0,0,0,1,1,0,0,0,0,0,0,0,1,1,0,1,2,0,0,0,1,0,0,2,1,0,0,2,0,0,0,0,1,0,0,0,0,0,1,0,1,1,0,0,1,0,0,0,0,2,0,0,3,0,1,1,2,1,0,0,0,0,3,3,0,1,2,0,0,0,0,0,0,1,0,0,1,0,0,0,0,0,1,0,0,0,0,2,1,1,0,0,0,0,0,0,1,0,0,2,0,2,0,1,0,0,0,1,0,1,1,1,0,1,0,0,0,0,0,0,1,0,0,0,0,1,0,0,0,0,0,0,0,2,0,0,0,0,0,0,0,0,1,0,0,2,0,0,0,0,0,0,1,0,0,0,0,0,0,0,0,0,1,1,2,0,0,0,0,0,0,1,0,2,1,0,0,0,0,0,0,1,0,1,0,0,0,0,0,0,0,1,1,0,0,0,0,0,0,0,0,3,2,0,0,0,0,0,0,0,0,2,1,1,1,1,0,0,0,0,0,1,0,0,0,2,0,0,0,1,0,0,1,0,0,1,1,2,0,0,0,2,1,0,0,0,0,0,2,0,0,0,0,0,0,0,2,0,0,0,0,1,0,0,1,0,1,0,1,0,1,2,1,0,3,0,0,1,0,2,0,1,1,0,0,1,1,0,2,0,0,1,0,0,0,0,0,0,2,1,0,0,0,0,0,0,1,2,1,0,1,0,0,0,0,0,0,0,0,0,1,0,1,2,0,0,0,1,0,0,0,0,0,0,0,0,1,0,0,2,1,0,0,1,0,1,2,0,0,0,0,0,1,0,0,0,1,1,0,3,0,1,0,0,2,0,1,1,0,1,0,1,1,0,0,3,0,0,0,1,1,0,0,1,3,0,1,0,0,0,0,0,0,0,0,0,0,0,0,1,1,1,3,0,0,2,1,0,1,0,0,0,0,1,0,0,1,0,0,1,0,0,0,0,1,0,0,0,0,3,0,0,1,0,0,0,0,0,0,0,1,0,0,1,0,0,0,2,1,0,0,1,0,0,0,1,0,0,1,1,0,0,0,0,0,0,0,0,0,0,0,0,0,0,0,0,0,1,3,0,0,0,1,0,1,1,1,0,1,0,0,0,0,0,2,0,0,0,0,1,0,1,0,0,0,0,0,2,0,1,0,0,1,0,0,0,0,0,0,0,0
RGS10,2,0,1,0,0,0,0,1,0,0,0,0,1,1,0,2,0,0,1,1,0,1,0,1,0,1,0,1,0,0,0,1,0,3,0,0,4,3,2,0,2,0,0,0,0,0,0,0,2,0,0,1,0,0,1,0,0,3,2,2,2,0,1,0,3,1,2,5,1,1,0,0,0,0,2,0,0,2,0,0,0,1,1,0,0,0,1,0,1,3,0,0,1,1,0,0,0,1,1,2,0,2,1,2,0,0,1,0,1,4,0,1,1,0,0,4,0,1,1,0,0,0,5,0,1,2,1,0,1,1,0,2,0,0,2,1,0,1,1,0,0,1,4,0,7,0,2,0,0,0,1,1,0,0,0,0,0,0,0,0,0,0,2,0,0,3,0,1,2,5,1,0,1,0,1,0,0,2,2,0,1,1,0,0,1,0,2,1,1,1,1,1,2,1,1,1,0,1,5,0,2,0,2,0,1,0,0,0,0,0,0,1,0,0,0,0,0,0,0,2,0,0,1,0,0,0,0,0,0,0,0,4,1,3,0,0,2,0,0,0,0,2,0,1,0,0,0,1,1,0,1,0,0,1,0,3,0,0,0,0,2,0,1,0,1,0,4,0,2,1,0,1,0,0,0,1,0,2,1,4,1,1,2,0,1,1,2,0,1,2,3,0,0,0,0,1,2,0,0,0,1,1,0,0,0,1,1,0,0,1,0,0,0,2,0,0,0,1,0,1,0,0,0,1,0,0,1,1,0,1,2,0,2,0,1,0,1,0,1,1,1,0,1,2,1,1,1,1,1,3,2,1,1,1,0,2,0,1,1,1,0,0,0,1,2,2,13,2,2,0,2,1,0,0,0,4,1,0,3,2,2,0,2,0,1,1,3,0,0,0,1,5,1,2,3,0,1,0,0,0,0,2,0,1,1,0,0,0,0,0,1,2,0,0,1,2,0,0,1,0,2,0,0,0,0,0,1,0,2,1,0,1,0,0,0,0,1,0,1,0,0,0,1,1,0,1,0,3,0,0,1,0,0,1,2,0,1,0,1,0,0,1,1,0,2,2,3,1,0,0,0,0,0,1,1,1,0,1,0,0,0,2,0,1,1,4,1,1,2,1,1,2,0,0,0,0,1,3,0,0,0,1,1,1,0,0,0,4,0,1,0,0,1,3,0,1,0,0,0,0,2,2,1,1,0,0,1,0,3,0,0,0,0,0,0,3,0,5,0,0,0,0,0,0,0,2,2,0,4,1,1,3,1,0,0,0,0,0,3,0,0,0,0,0,0,2,1,0,4,0,1,0,3,1,1,1,0,4,0,0,0,0,0,0,0,0,0,3,0,0,0,0,0,0,2,1,1,0,0,0,2,1,0,1,0,1,0,1,1,4,2,0,1,2,1,3,3,2,2,0,1,2,0,0,0,0,1,0,0,2,0,1,1,0,0,0,1,2,0,0,1,0,3,2,0,0,0,0,1,0,1,1,1,0,0,1,0,1,0,0,1,0,0,1,1,0,0,0,1,1,2,2,1,1,3,0,0,0,0,0,0,4,0,2,0,0,1,1,0,0,0,1,0,0,0,1,0,1,0,3,0,1,1,0,0,0,0,1,0,13,3,0,0,1,0,2,1,0,0,0,0,1,0,2,0,0,0,0,0,0,0,0,0,0,1,0,0,1,0,0,0,1,1,0,1,0,0,1,0,0,0,1,0,1,0,1,1,0,1,0,0,0,0,2,1,0,3,0,3,1,0,1,1,0,0,1,1,3,0,0,0,1,0,0,0,0,0,0,0,4,1,2,0,0,1,0,0,1,0,3,1,0,0,0,0,1,1,0,0,1,2,1,0,0,1,0,1,0,1,0,0,0,2,0,0,2,1,0,1,0,1,0,0,0,2,3,0,4,0,0,1,0,1,0,1,0,0,1,0,1,0,1,0,2,0,1,0,0,1,0,2,0,1,2,1,0,0,0,1,0,0,0,1,0,2,1,1,2,0,0,1,0,0,2,0,2,0,1,0,0,2,0,0,0,0,2,1,1,2,0,0,1,0,1,1,0,0,1,1,1,1,0,1,1,0,0,0,1,1,0,0,1,1,0,0,0,1,1,1,2,0,0,0,0,0,0,0,3,1,0,1,3,1,1,0,1,1,1,1,1,0,0,0,1,1,0,0,2,2,1,3,0,1,0,0,0,1,1,0,1,3,1,1,0,2,0,2,0,0,2,0,0,0,3,0,0,0,1,0,0,0,1,0,0,0,0,0,2,0,0,0,1,0,1,2,0,0,3,0,0,0,1,0,2,1,0,1,0,1,2,0,0,0,1,0,1,0,1,0,1,2,13,0,2,0,0,1,1,0,0,0,1,1,0,3,0,0,0,2,0,3,0,2,1,0,0,0,0,1,0,2,3,1,1,0,1,0,1,0,1,0,0,0,0,0,3,2,2,0,0,1,0,1,0,0,0,0,0,1,0,2,1,0,1,0,0,0,0,0,0,2,0,2,1,2,3,0,1,0,0,1,1,0,0,0,1,0,0,0,0,0,0,2,0,0,2,0,2,1,0,2,0,0,0,1,0,0,0,0,2,1,2,4,0,0,0,2,2,0,2,1,0,0,4,0,0,0,1,0,0,0,1,1,0,0,0,0,0,0,1,1,2,2,0,1,0,0,0,0,2,2,1,0,1,0,2,0,1,0,0,2,2,0,0,2,0,0,0,0,1,0,0,0,1,0,0,0,1,0,1,0,0,0,3,0,1,1,0,1,0,0,1,3,1,0,1,0,0,1,3,2,0,0,1,0,0,1,1,3,1,1,2,1,0,1,0,0,2,0,5,0,3,0,1,0,1,0,0,0,0,1,1,0,1,0,0,0,0,2,2,0,0,0,1,0,0,1,0,0,1,0,1,11,2,0,0,4,1,0,0,0,2,1,1,0,0,1,0,0,2,0,0,1,1,0,1,1,1,1,1,1,1,0,0,2,0,0,0,0,0,0,0,0,1,1,2,0,2,2,0,0,0,0,0,1,3,1,0,5,0,0,0,0,1,1,0,1,1,0,0,0,0,0,0,3,0,0,2,0,0,1,1,0,0,0,3,1,2,0,1,1,0,2,2,0,2,1,1,0,1,0,1,0,1,0,1,0,0,2,0,5,0,2,1,4,0,0,1,0,7,2,0,0,0,2,0,1,1,0,0,0,1,0,0,0,0,0,3,1,0,0,0,2,1,1,0,0,2,0,2,2,1,1,0,3,1,1,0,0,0,0,1,0,2,1,0,1,2,0,0,0,1,5,0,1,1,1,0,0,1,2,1,1,1,2,0,0,0,2,0,0,2,0,1,4,1,1,1,0,0,1,0,0,0,6,0,2,2,1,2,0,1,0,1,1,0,0,2,1,1,0,0,1,2,0,1,0,0,0,0,0,1,0,0,1,0,1,3,0,0,0,1,0,1,0,0,0,4,2,0,1,1,1,0,0,1
SKAP1,0,1,0,0,1,0,0,1,0,0,0,0,0,0,0,0,0,0,0,2,0,0,0,0,0,0,1,0,1,0,0,0,0,0,0,1,1,0,0,1,0,1,0,0,0,0,0,0,0,0,0,1,0,0,0,0,0,0,1,0,0,0,2,0,1,2,0,0,0,2,0,0,0,0,0,0,0,0,0,0,0,1,0,0,0,1,1,0,1,0,0,0,0,0,0,0,0,0,0,0,0,0,0,0,0,0,0,1,0,0,2,1,0,0,0,0,0,1,0,0,1,0,0,0,1,0,1,0,0,1,0,0,1,0,0,0,2,0,0,0,0,0,0,0,0,0,0,0,1,0,0,0,0,1,1,0,0,0,0,0,0,0,0,0,0,2,0,0,0,0,0,0,0,0,0,0,0,0,0,0,0,0,0,0,0,0,1,1,0,0,0,0,1,1,0,0,0,0,0,0,0,1,0,0,0,0,1,0,0,0,0,0,1,0,1,1,0,1,0,0,1,0,0,0,1,0,0,0,0,0,1,0,0,0,0,1,1,0,0,1,0,1,1,0,0,0,0,0,0,0,0,0,0,1,0,1,0,0,0,0,0,0,0,0,2,2,0,2,0,2,1,0,0,0,0,0,0,0,0,0,0,0,1,0,0,0,0,1,0,1,1,0,0,0,0,0,0,0,0,1,0,0,0,2,0,0,1,0,0,2,0,1,0,0,1,0,0,1,1,0,0,1,0,0,0,0,0,0,0,0,0,0,0,0,0,0,1,0,0,0,1,1,0,1,0,0,0,0,0,0,0,0,0,0,0,0,0,1,0,0,0,0,0,0,2,0,0,2,0,0,0,0,1,0,0,0,1,0,0,0,0,0,0,0,0,0,1,1,0,0,0,0,0,0,0,0,0,0,0,0,0,0,1,1,0,0,0,0,1,0,3,1,0,0,1,0,0,0,0,1,0,0,0,0,0,0,0,0,0,0,0,0,0,0,0,0,1,0,0,0,0,0,0,0,1,0,1,1,0,0,0,0,0,0,0,0,1,0,0,0,0,1,0,1,0,0,0,0,0,0,0,0,0,0,0,0,0,0,0,1,0,1,0,1,0,0,0,1,1,0,1,0,2,0,0,0,0,3,0,0,0,0,0,1,0,0,0,0,0,0,0,0,2,0,0,1,0,0,0,0,0,1,1,0,0,0,0,0,0,0,0,0,0,1,0,0,0,0,1,0,0,2,0,3,0,0,0,0,0,0,0,1,0,0,0,0,0,0,3,0,0,0,0,1,0,0,0,1,1,0,1,0,0,0,0,0,0,0,0,2,1,0,1,0,0,1,1,0,0,0,1,1,0,0,0,0,0,0,0,0,1,0,0,0,1,0,0,0,0,0,0,0,1,0,3,1,3,1,0,1,0,2,2,2,1,1,1,0,0,0,0,0,0,0,0,1,0,1,0,0,0,0,2,0,0,0,0,1,2,0,0,0,0,0,1,0,0,0,0,0,0,0,0,1,0,0,0,0,1,0,0,0,0,0,0,0,0,0,1,0,0,0,0,0,0,0,1,0,0,1,0,0,0,1,0,0,1,0,3,0,0,0,0,1,0,0,2,0,1,0,0,1,0,0,0,0,0,0,0,0,1,0,0,0,0,0,0,0,2,1,1,0,0,0,0,0,0,0,1,0,0,0,0,0,1,1,0,1,1,2,0,0,0,0,0,0,1,0,0,1,0,0,0,0,0,1,1,0,0,0,1,0,0,0,0,0,0,0,0,0,0,0,0,0,0,0,1,1,0,0,0,0,0,0,0,0,0,0,0,0,1,1,0,0,1,0,1,0,0,1,0,0,0,0,0,1,0,0,0,0,1,0,0,0,1,0,0,0,1,0,0,0,0,0,0,3,1,0,0,0,0,0,2,0,0,0,0,1,1,1,0,0,0,0,1,0,0,0,0,1,0,0,1,0,0,0,0,0,1,0,0,0,0,0,0,0,0,0,0,0,0,0,0,0,0,1,1,0,0,0,0,0,0,0,0,1,0,0,0,0,0,0,0,1,0,0,0,2,0,0,0,0,0,0,0,0,0,0,1,0,0,0,0,0,0,0,0,0,0,0,0,0,0,0,1,0,2,0,0,1,0,2,1,0,0,0,1,0,0,0,0,0,0,0,0,0,0,0,0,0,0,0,0,0,0,0,1,0,0,0,0,0,0,0,0,0,1,0,0,0,1,0,0,0,0,0,0,0,0,0,0,1,0,1,0,2,1,1,0,0,1,1,0,0,0,0,0,0,0,0,0,0,0,0,0,0,0,0,0,0,0,0,0,0,0,0,0,0,0,1,0,0,0,0,0,0,0,1,0,1,0,0,1,0,1,2,0,0,0,1,0,0,0,2,0,0,0,0,0,0,0,0,0,0,0,1,0,0,0,0,0,1,1,0,0,0,1,0,0,0,0,0,0,0,1,1,0,1,0,0,0,0,0,0,0,0,0,0,0,1,0,0,0,0,0,0,1,0,0,0,0,0,1,0,0,0,0,0,0,1,0,1,0,0,0,1,0,0,0,0,0,0,0,1,0,0,0,0,0,0,1,0,0,1,0,0,0,0,0,1,1,0,0,0,0,0,0,1,0,0,1,0,0,0,1,0,0,1,1,3,0,0,0,0,0,1,0,1,0,0,0,0,0,0,0,0,1,0,0,0,0,0,0,0,0,0,0,0,0,0,0,0,0,0,1,0,0,0,1,0,0,0,0,0,0,1,0,1,0,0,0,0,1,0,0,0,0,0,0,0,0,0,0,0,0,0,0,0,0,1,1,0,0,0,1,0,0,0,0,0,0,0,0,0,0,1,0,0,0,0,0,2,0,0,1,0,0,0,0,0,0,0,0,0,0,1,0,1,1,0,0,0,0,1,0,0,4,0,0,0,1,0,2,1,0,1,2,1,0,0,0,0,0,0,2,1,0,0,0,0,2,0,1,0,0,0,1,1,1,0,0,0,0,0,0,1,0,2,0,0,1,0,2,1,0,0,1,0,1,0,0,0,1,0,0,0,0,0,0,1,0,1,1,0,0,0,0,2,0,0,0,0,0,0,0,0,0,0,0,0,0,0,0,0,0,0,0,0,0,0,2,2,1,0,0,0,0,0,0,0,0,0,0,0,0,0,1,0,0,0,1,0,1,0,1,0,0,0,0,0,0,0,0,1,0,1,0,0,1,0,0,0,0,0,0,0,0,0,1,0,0,1,0,0,0,1,0,1,0,0,0,0,0,0,0,0,1,1,1,0,0,0,2,0,2,0,0,0,0,2,1,0,0,0,0,0,0,0,0,0,0,0,1,0,0,0,0,0,0,0,0,1,0,0,1,0,0,0,0,0,2,1,0,0,0,1,0,0,0,0,0,0,0,0,0,1,0,0,0,0,0,0,1,0,0,0,0,0,0,0,0,0,0,0,0,2,0,0,0,0,0,1,0,2,0,0
AREG,0,0,0,0,0,0,1,0,1,0,0,0,0,0,0,0,0,0,0,0,0,0,0,0,0,0,0,0,0,0,0,1,0,0,0,0,0,0,0,0,0,0,0,0,0,0,0,0,0,2,0,0,1,0,1,0,0,0,0,0,0,0,0,0,0,0,0,0,0,0,0,0,0,0,0,0,1,0,0,0,0,0,0,0,0,0,0,0,0,0,0,0,2,0,0,0,0,0,0,0,0,0,0,0,0,0,0,0,0,0,0,0,0,0,0,0,0,0,0,0,0,0,0,0,0,0,0,0,0,0,0,0,0,0,0,1,0,0,0,0,0,0,0,0,1,0,0,0,0,0,0,0,0,0,0,0,0,0,0,0,0,2,0,0,0,0,0,0,0,0,0,0,0,0,0,0,0,0,0,0,0,0,0,1,0,0,1,0,0,0,0,1,0,0,0,1,0,3,0,0,0,0,0,1,2,0,0,1,0,0,0,0,0,0,0,0,0,0,0,0,0,0,0,0,0,0,1,0,0,0,0,0,0,0,0,0,0,0,0,0,0,0,0,0,0,1,0,0,0,0,0,0,2,0,1,0,0,0,1,2,0,0,0,0,0,0,0,0,0,0,0,2,0,0,0,0,0,0,0,0,0,0,0,0,2,0,0,0,0,0,0,0,0,0,0,0,0,0,0,0,0,0,0,0,0,0,0,0,0,0,0,0,0,0,0,0,1,1,1,2,0,0,0,0,0,2,0,5,0,0,0,0,1,1,0,0,0,0,0,0,0,0,0,0,0,0,0,0,0,0,0,0,2,0,0,0,0,1,0,0,0,0,0,1,0,0,2,0,0,0,0,0,0,0,0,0,0,0,0,0,0,0,0,1,0,0,0,0,0,0,1,0,0,0,0,0,0,0,0,0,0,1,0,0,0,0,0,0,0,0,0,0,0,0,0,2,0,1,0,0,0,0,0,0,0,0,0,0,0,0,0,0,0,0,0,0,0,0,0,0,0,0,0,0,0,0,0,0,0,0,4,3,0,0,0,0,0,1,0,0,0,0,0,0,0,0,0,0,0,0,0,0,0,0,0,0,0,0,0,0,0,0,0,0,0,0,0,0,0,0,0,1,0,1,2,0,0,0,0,0,0,0,0,0,0,0,0,0,0,0,0,0,0,0,0,0,0,0,0,0,0,2,0,0,0,2,0,0,0,0,0,0,0,0,0,0,0,0,0,0,0,0,0,0,0,0,0,0,0,0,0,0,0,0,0,0,0,0,0,0,0,0,0,0,0,0,0,0,0,0,0,0,0,0,0,0,0,0,0,0,0,0,0,0,0,0,0,0,0,0,0,0,0,0,1,0,0,0,0,0,0,0,0,0,0,1,0,0,0,0,0,0,0,0,0,0,0,0,0,1,0,0,0,0,0,0,1,0,0,0,1,0,2,0,0,0,1,0,0,0,0,0,1,0,0,0,0,0,0,0,0,0,0,0,0,0,0,0,0,0,0,0,0,0,0,0,0,1,1,0,1,0,0,2,0,0,0,0,0,0,0,0,0,0,0,0,0,0,0,0,1,0,0,0,0,0,0,1,0,0,0,2,0,0,0,0,0,0,0,0,1,0,0,0,0,0,0,0,0,0,0,1,0,0,0,0,0,0,0,0,2,0,2,0,0,0,0,0,0,1,0,0,0,0,0,0,0,0,0,0,0,0,0,0,0,0,0,0,0,0,0,0,0,0,0,0,0,0,0,1,0,0,1,0,0,0,0,1,0,0,0,0,0,1,0,0,0,0,0,0,0,0,0,0,0,1,0,0,0,0,0,0,0,0,0,0,0,0,0,0,0,0,0,0,1,0,0,0,0,0,0,0,1,0,0,0,1,0,0,0,0,0,0,0,0,0,0,0,0,0,0,0,0,0,0,0,0,0,0,0,0,0,0,0,0,0,0,0,0,0,2,0,0,0,1,0,0,0,0,0,0,0,0,0,0,0,0,0,0,0,0,0,0,0,0,0,0,0,0,0,0,1,0,0,0,1,2,0,0,0,0,0,0,0,0,0,0,0,0,0,0,0,0,0,0,0,0,0,0,0,0,0,0,0,0,0,0,0,0,0,0,0,0,0,0,0,0,0,0,0,1,0,0,0,0,0,0,0,0,1,0,0,0,0,0,0,0,1,1,0,1,0,0,1,0,0,0,0,0,0,0,0,0,0,0,0,0,2,0,0,0,0,0,0,0,0,0,2,0,0,0,1,0,0,0,0,0,1,0,1,0,0,0,0,0,0,0,1,0,0,0,0,0,0,0,0,0,1,0,0,1,0,0,0,0,0,0,0,1,0,0,0,0,0,1,0,0,0,0,0,1,0,0,0,0,0,0,0,0,0,0,0,0,0,0,0,0,0,0,0,0,0,0,0,0,0,0,0,0,0,0,0,0,0,1,0,0,0,0,0,3,0,0,0,0,0,0,0,1,0,0,1,0,0,0,0,0,0,0,0,0,0,0,0,0,0,0,0,0,0,0,0,0,0,0,0,0,0,0,0,0,0,0,0,0,0,0,0,0,0,1,0,0,0,0,0,0,1,0,0,0,0,0,2,0,0,0,0,0,0,0,0,1,1,0,0,0,0,0,0,0,0,0,0,0,0,0,0,0,1,0,0,0,1,0,2,0,0,0,2,0,0,0,0,0,2,0,0,0,0,0,1,2,1,0,1,0,0,0,0,2,0,0,1,0,0,0,0,0,0,0,0,0,0,0,0,0,0,0,0,0,1,0,0,0,0,1,1,1,0,0,0,0,0,0,0,0,0,0,0,0,1,0,0,0,2,0,0,0,0,0,1,0,0,0,0,0,0,0,0,2,0,0,0,0,0,0,0,0,0,0,0,0,0,0,0,0,0,0,0,0,1,0,0,0,0,0,0,0,0,0,1,0,0,0,0,0,0,0,0,0,1,0,0,0,0,0,0,0,0,0,0,0,0,0,2,0,1,0,0,0,0,0,0,0,0,0,2,0,0,0,0,1,0,0,0,1,0,0,0,0,1,0,0,1,0,0,0,0,0,0,0,0,0,0,0,0,0,0,0,0,0,0,0,0,0,0,0,0,1,0,0,0,0,0,0,0,0,0,0,0,0,0,0,0,0,0,0,0,0,0,0,1,0,0,0,0,0,1,1,2,0,0,0,0,0,0,0,0,1,0,0,0,0,0,0,0,0,0,0,0,1,0,0,0,0,0,0,0,0,0,0,0,0,0,1,0,0,1,0,1,0,0,0,0,0,0,0,0,0,0,0,0,0,0,0,1,2,0,0,0,0,0,0,0,0,0,0,0,0,0,0,1,0,0,0,0,0,0,0,0,0,0,0,0,0,0,0,0,1,0,0,0,0,0,0,0,0,0,0,0,0,0,0,0,0,0,0,0,0,0,0,0,0,0,0,0,0,0,0,0,0,0,0,0,1,0,1,0,0,0,0,2,0,0,0
CYP1B1,0,0,0,0,0,1,0,0,0,0,0,0,0,0,0,0,0,0,0,0,0,0,0,1,0,0,0,0,0,0,0,0,0,0,0,0,0,0,0,0,0,0,0,0,0,0,0,1,0,0,0,0,0,0,0,0,0,0,0,0,0,0,0,0,0,0,0,0,0,0,0,0,0,0,0,0,0,0,0,0,0,0,0,0,0,0,0,0,0,0,0,0,0,1,0,1,0,0,0,0,0,0,0,0,0,0,0,0,1,0,0,0,2,0,0,0,0,0,0,0,0,0,1,0,0,0,0,0,0,0,0,0,0,0,0,0,0,0,0,0,0,0,0,0,0,0,2,0,0,0,0,0,0,0,0,0,0,0,0,1,0,0,1,1,0,0,0,0,0,0,0,0,0,0,0,0,0,0,0,0,0,0,0,0,0,0,0,0,0,0,0,0,0,0,0,0,0,0,0,0,0,0,0,0,0,0,0,0,0,0,0,0,0,0,0,0,0,0,0,0,0,0,0,0,0,0,0,0,0,0,0,0,0,0,0,0,0,0,0,0,0,0,0,0,0,0,0,0,0,0,0,0,0,0,0,0,0,0,0,0,0,0,0,1,0,0,0,0,0,0,0,0,1,0,0,0,0,0,0,0,2,0,0,0,0,0,0,0,0,0,0,0,0,0,0,0,0,0,0,0,0,0,0,0,3,0,0,0,0,0,0,0,0,0,0,0,0,0,0,0,0,0,0,0,0,0,0,0,0,0,0,0,0,0,0,0,0,0,0,0,0,0,0,0,0,0,0,0,0,0,1,0,0,0,0,1,0,0,0,0,0,0,0,0,0,0,0,0,0,0,0,0,0,0,0,0,0,0,0,1,0,0,0,0,0,0,0,0,0,0,0,0,0,0,0,0,0,0,0,0,0,0,0,0,0,0,0,0,0,0,0,0,0,0,0,0,0,0,0,0,0,0,0,0,0,0,0,0,0,0,0,0,0,0,0,0,0,0,0,0,0,0,0,0,0,0,0,0,0,0,0,0,0,0,1,0,0,0,3,0,0,0,0,0,0,0,0,0,1,1,0,3,0,0,0,0,0,0,0,0,1,0,0,0,0,0,0,0,0,0,0,0,0,0,0,1,0,0,0,0,1,0,0,0,0,0,0,0,0,0,0,0,0,0,0,0,0,0,0,0,0,0,0,0,0,0,0,0,0,0,0,0,0,0,0,0,0,0,0,0,0,0,0,0,0,0,0,0,0,0,0,0,0,0,0,0,0,0,0,0,0,0,0,0,0,0,0,0,0,0,0,0,0,0,0,0,0,0,0,0,0,0,0,0,0,0,0,0,0,0,0,0,0,0,0,0,0,0,0,0,0,0,0,0,0,0,0,0,0,0,1,0,0,0,0,0,0,0,0,0,0,0,0,0,0,0,0,0,0,0,0,0,0,0,0,0,0,0,0,0,0,0,0,0,0,0,0,0,0,0,0,0,0,0,0,0,0,0,0,0,1,0,0,0,0,0,0,0,0,0,0,0,0,0,0,0,0,0,0,0,0,0,0,0,0,0,0,0,1,0,0,0,0,0,0,0,0,0,0,0,0,0,0,0,0,0,0,0,0,0,0,0,0,0,0,0,0,0,0,0,0,0,0,0,0,0,0,0,0,0,0,0,0,0,0,0,0,0,0,0,0,0,0,0,0,0,0,0,0,0,0,0,0,0,0,0,0,0,0,0,0,1,0,0,0,0,0,0,0,0,0,0,0,0,1,0,0,0,0,0,0,0,0,0,1,0,0,0,0,0,0,0,0,0,0,0,0,0,0,0,0,0,0,0,0,0,0,0,0,0,0,0,0,1,0,0,0,0,0,0,0,0,0,0,0,0,0,0,0,0,0,0,0,0,0,0,0,0,1,0,0,0,0,0,0,0,0,0,0,0,0,1,1,0,0,0,0,2,0,0,0,0,0,0,0,0,0,0,0,0,0,0,0,0,0,0,0,0,0,0,0,0,0,0,0,0,0,0,0,0,0,0,0,0,0,0,0,0,0,0,0,0,0,0,0,0,0,0,0,0,0,0,0,0,0,0,0,0,0,0,0,0,0,0,0,0,0,0,0,0,1,0,0,0,0,0,0,0,0,0,0,0,0,0,0,0,0,0,0,0,0,0,0,0,0,0,0,0,0,0,0,0,0,0,0,0,0,0,0,0,0,0,0,0,0,0,0,0,0,0,0,0,0,0,0,0,0,0,0,0,0,0,0,0,0,0,0,0,0,0,0,3,0,0,0,0,0,0,1,0,0,0,0,0,0,0,0,0,0,0,0,0,0,0,0,0,0,0,0,0,0,0,0,0,0,0,0,0,0,0,0,0,0,0,0,0,0,0,0,0,0,0,0,0,0,0,0,0,0,0,0,0,0,1,1,0,0,0,0,0,0,0,0,2,0,0,0,1,0,0,0,0,0,0,0,0,1,0,0,0,0,0,0,0,0,1,0,0,1,0,0,0,1,0,0,0,0,0,0,0,0,0,0,0,0,0,1,0,0,0,0,0,0,0,0,0,0,0,0,0,0,0,0,0,0,0,0,0,0,0,0,0,0,0,0,0,0,0,0,0,3,0,0,0,0,0,0,0,0,0,0,0,0,0,0,0,0,0,0,0,0,0,0,0,0,0,3,0,0,0,0,0,0,0,0,0,0,0,0,1,0,0,0,0,0,0,0,0,0,0,0,0,0,0,0,0,0,0,0,0,0,0,0,0,0,0,0,0,0,0,0,0,0,0,0,0,0,1,0,0,0,0,0,0,0,0,0,0,0,0,0,0,0,0,0,0,0,0,0,0,0,0,1,0,0,0,0,0,0,0,0,0,0,0,0,0,2,0,0,0,0,0,0,0,0,0,0,0,0,0,0,0,0,0,0,0,0,0,0,0,0,0,0,0,0,0,0,0,0,0,0,0,0,0,0,0,1,0,0,0,0,0,0,0,0,0,0,0,0,0,0,4,0,0,0,0,0,0,0,2,0,0,0,0,0,0,0,0,0,0,0,0,0,0,0,0,0,0,0,0,0,0,0,0,0,0,0,0,0,0,0,0,0,0,0,0,0,0,0,0,0,2,0,0,0,0,0,0,0,2,0,0,0,0,0,0,0,0,0,0,0,0,0,0,0,0,0,2,0,0,0,0,0,0,0,0,0,0,0,0,0,0,0,0,0,0,0,0,0,0,0,0,0,0,0,0,0,0,0,0,0,0,0,0,0,0,0,0,0,1,0,0,0,0,0,0,0,0,0,0,0,0,0,0,0,0,0,0,0,0,0,0,0,0,0,0,0,2,0,0,0,0,0,0,0,0,0,0,0,0,0,0,0,0,0,0,0,0,0,0,0,0,0,0,0,0,0,0,0,0,0,0,0,0,0,0,0,0,0,0,0,0,0,0,0,0,0,0,0,0,0,0,0,0,4,0,0,0,0,0,0,0,0,0,0,0
GNG7,0,1,0,0,0,0,0,0,0,1,0,0,0,0,0,0,0,0,0,0,0,0,0,0,0,0,0,0,0,0,0,0,0,2,0,0,0,0,1,0,0,0,0,0,0,0,0,0,0,0,0,0,0,0,0,0,0,0,0,0,0,0,0,0,0,0,0,0,0,0,1,0,0,0,0,0,0,0,0,0,0,0,0,0,0,0,0,1,0,0,0,0,0,0,0,0,0,1,0,2,0,0,0,0,0,0,0,0,0,0,0,0,0,0,0,0,0,0,0,0,0,0,0,0,0,0,0,1,0,0,0,0,0,1,0,0,1,0,0,0,0,0,0,4,0,0,0,0,0,0,0,0,0,0,0,0,0,0,0,0,0,0,0,1,0,0,0,0,0,1,0,0,0,0,0,0,0,0,0,0,0,0,0,0,0,0,0,0,0,0,0,0,0,0,0,0,0,0,0,0,0,0,0,0,0,0,0,2,1,0,0,0,0,0,0,0,0,0,1,0,0,0,0,0,0,0,2,0,0,0,0,0,0,0,0,0,0,1,0,0,0,0,0,0,0,0,1,0,0,0,0,0,0,0,0,0,0,0,0,0,0,2,0,0,0,0,0,0,0,0,0,0,0,0,0,0,0,0,0,0,0,0,0,0,0,0,0,0,0,0,0,0,1,0,0,0,0,0,0,0,0,0,0,0,0,0,0,0,0,0,0,0,0,0,0,0,0,0,1,0,0,0,0,1,0,0,0,0,0,0,0,0,0,0,0,0,0,0,0,0,0,0,0,0,0,0,0,0,0,0,0,0,0,0,0,0,1,0,0,0,0,1,0,0,0,0,2,0,0,0,0,0,0,0,0,2,0,0,0,0,0,0,0,0,0,0,0,1,0,0,0,0,0,0,0,0,0,0,0,0,1,0,0,0,0,0,0,0,1,2,0,0,0,0,0,1,0,0,0,0,0,0,0,0,0,0,0,0,0,0,0,0,0,0,0,0,0,0,0,0,0,0,2,0,0,0,0,0,1,1,0,0,0,0,0,0,0,0,0,1,2,0,0,0,0,1,0,0,0,0,0,0,0,0,0,0,0,0,1,0,0,0,0,0,0,0,0,0,0,0,0,0,0,0,0,0,1,0,0,0,0,0,0,0,0,0,1,0,0,0,0,0,1,0,1,0,0,0,0,0,0,0,0,0,0,0,0,0,0,0,0,1,0,0,0,0,0,0,0,0,0,0,0,0,0,0,0,0,0,0,0,0,0,0,0,0,0,0,0,0,0,0,2,0,0,0,0,0,0,2,0,0,0,0,0,0,1,0,0,0,0,0,0,0,0,0,0,0,0,0,0,0,0,0,0,0,0,1,1,1,0,0,0,0,0,1,0,0,0,0,0,2,0,0,0,0,0,0,0,0,0,0,0,0,0,0,1,0,0,0,0,0,0,0,0,0,0,0,0,0,0,0,0,0,0,0,1,0,0,0,0,0,0,0,0,0,0,0,0,0,0,0,1,0,0,0,1,0,0,0,0,0,0,0,0,0,0,0,0,0,0,0,0,0,0,0,0,0,0,0,0,0,0,0,0,0,0,0,2,0,0,0,1,0,0,0,0,0,0,1,0,0,0,0,0,0,0,0,0,0,0,0,0,0,0,0,0,0,0,0,0,0,0,0,2,0,0,0,0,0,0,0,0,0,0,0,0,0,0,0,0,0,0,0,2,0,0,0,0,1,1,0,0,0,0,0,0,0,0,0,0,0,0,0,0,0,0,0,0,0,0,0,0,0,0,0,0,0,0,0,0,0,0,0,1,0,0,0,0,0,0,0,0,0,0,0,0,0,1,0,0,0,0,0,0,0,0,0,0,0,0,1,0,1,3,0,0,0,0,0,0,0,0,0,0,0,0,0,0,0,0,0,0,0,0,1,0,0,0,0,0,0,0,0,0,0,0,0,0,0,0,0,0,0,0,0,0,0,0,0,1,0,0,0,0,0,0,0,0,0,0,0,0,0,0,0,1,0,1,1,0,0,0,0,0,0,0,0,1,0,1,0,0,0,0,0,1,0,2,0,0,0,0,0,0,0,0,0,0,0,0,2,0,0,0,0,0,0,0,0,0,4,0,1,0,0,0,0,0,0,0,0,0,0,2,0,0,0,0,0,0,0,0,0,0,0,1,0,0,0,0,0,0,0,0,0,0,0,0,0,0,0,0,0,0,0,0,0,0,0,0,0,0,1,0,0,0,0,0,0,0,0,0,0,0,0,0,0,0,0,0,0,0,0,0,0,0,0,0,0,0,0,1,0,0,0,0,0,0,0,0,0,0,0,0,0,0,0,0,0,1,2,1,1,0,1,0,0,0,0,0,0,0,0,0,0,0,0,0,0,0,0,0,0,0,2,0,0,0,0,0,0,0,0,0,0,0,0,0,0,0,0,0,0,0,2,0,0,1,0,0,0,0,0,0,0,0,0,2,1,0,0,0,0,0,0,0,0,0,0,0,0,0,0,1,0,0,0,1,0,0,0,2,0,0,0,0,0,0,0,0,0,0,0,0,0,0,0,0,1,0,0,0,0,0,0,0,0,0,0,0,0,0,0,0,0,0,0,0,0,0,1,0,0,0,0,0,1,0,0,0,0,0,0,0,0,1,0,0,0,0,0,0,0,0,0,0,0,1,0,0,0,0,0,0,0,0,0,0,0,0,0,0,0,0,0,0,0,0,0,0,0,0,0,0,0,0,0,0,0,1,0,0,0,0,0,0,0,0,0,0,0,0,0,2,0,0,0,0,0,1,0,0,0,1,4,0,0,0,0,0,0,0,0,0,0,0,0,0,0,0,0,0,0,0,0,0,0,0,0,0,0,0,0,0,0,0,0,0,0,0,0,0,0,0,0,0,0,0,0,0,0,0,0,0,0,0,0,1,0,0,0,0,0,0,1,0,0,0,0,0,0,0,0,1,0,0,0,0,0,1,0,0,0,0,0,0,0,0,0,0,0,0,0,2,0,0,1,0,0,0,0,0,0,1,0,0,0,0,0,1,0,0,0,0,0,0,0,0,0,0,0,0,0,0,0,0,0,0,0,0,0,0,0,0,0,0,0,0,0,0,0,0,0,0,0,1,0,0,0,0,0,0,0,0,0,0,0,0,0,0,0,0,0,0,0,0,0,2,0,0,0,0,0,0,0,0,0,0,0,0,0,0,0,0,0,0,0,0,0,0,0,0,0,0,0,0,0,0,0,1,0,0,0,0,0,0,0,0,0,0,0,0,0,0,0,0,0,0,0,0,0,0,0,0,0,0,1,0,0,0,0,0,0,0,0,0,0,0,0,1,0,0,0,1,0,0,0,0,0,0,0,0,0,0,0,0,0,0,0,0,0,0,0,0,0,0,1,0,0,0,0,1,0,0,0,0,1,0,0,0,0,0,0,0,0,0,0,0,0,0,1,0,0,0,0,0,0,0,0,1,0,0,0,0,0
VASP,0,0,0,1,0,0,0,0,0,0,1,0,0,0,0,4,0,2,2,1,0,0,0,1,0,0,0,0,0,1,0,0,1,0,1,2,0,0,2,0,1,0,2,2,1,0,0,0,0,1,2,0,2,1,0,0,0,1,0,0,3,0,4,1,0,0,1,2,2,0,0,1,2,2,0,2,0,1,0,2,0,0,1,1,0,0,0,0,0,0,0,1,0,0,1,0,0,0,2,4,2,0,0,0,0,0,0,3,0,1,1,0,0,1,0,0,0,0,1,0,0,0,2,0,0,0,0,0,1,0,0,0,1,0,1,1,0,0,0,1,0,1,0,2,3,1,1,1,1,3,1,0,0,2,1,0,2,0,0,0,0,1,1,0,0,0,0,1,0,3,0,0,1,1,1,0,2,0,1,0,0,0,0,0,1,0,0,1,0,2,10,1,0,0,0,1,0,0,2,1,0,1,1,1,1,2,2,1,0,0,0,0,1,1,1,2,0,0,0,3,0,0,0,0,1,0,0,0,0,0,0,1,5,1,1,0,0,0,1,0,0,0,0,1,0,0,0,1,0,0,0,0,0,0,0,0,0,2,0,0,1,1,1,1,1,1,0,0,0,0,3,0,2,1,1,1,0,1,1,0,0,0,0,0,1,0,0,0,0,1,1,0,1,0,1,1,1,0,0,0,1,0,0,2,1,0,1,0,7,0,0,0,0,0,0,1,0,1,1,0,2,3,2,0,0,0,1,2,1,0,0,2,0,0,0,0,1,1,0,0,1,0,0,2,0,1,0,0,1,3,2,0,3,0,1,1,0,0,1,1,0,1,1,1,2,0,3,0,0,0,0,0,0,0,0,10,0,0,0,1,0,0,1,0,0,0,0,1,1,1,0,6,1,5,0,1,3,0,2,2,0,0,0,1,0,0,0,1,1,2,2,1,2,0,0,1,0,0,0,0,0,0,2,0,1,0,0,1,0,0,0,0,1,1,2,1,0,0,0,2,0,1,2,0,0,5,1,0,0,0,0,1,0,0,1,1,0,0,0,0,0,0,0,0,0,0,0,0,1,1,0,1,0,0,0,1,1,0,1,1,0,1,0,0,1,0,1,0,0,0,0,1,0,1,0,0,0,0,0,1,0,1,0,0,1,1,3,2,0,0,0,1,0,1,0,1,1,0,1,0,1,1,0,0,2,0,1,0,3,0,1,1,1,1,1,3,1,1,0,0,0,1,1,1,1,1,0,0,3,0,1,8,0,0,0,0,0,1,0,1,0,0,0,0,0,0,0,0,0,0,0,2,2,1,1,2,0,0,0,0,0,1,0,2,0,0,0,0,0,0,0,1,0,3,0,1,4,1,0,0,1,3,0,0,0,2,0,0,1,0,1,0,1,2,1,0,0,2,0,0,2,1,1,0,3,2,0,0,0,1,1,2,0,0,1,0,0,1,0,1,0,0,3,0,0,1,0,0,1,0,0,0,0,1,0,0,0,0,0,1,1,2,0,0,0,0,1,0,0,1,0,0,1,0,1,0,1,0,0,2,0,2,0,1,0,0,0,1,0,0,0,0,1,0,0,0,1,0,0,1,0,0,0,2,0,0,1,0,0,2,1,0,0,0,1,2,0,1,1,0,0,0,0,0,0,1,0,0,0,0,1,0,1,0,0,1,1,0,3,1,0,1,0,1,2,3,0,1,1,1,1,1,1,0,2,0,0,0,0,1,0,2,0,0,0,0,0,0,0,1,1,0,0,0,3,0,1,0,1,1,0,1,0,0,1,3,3,1,0,0,0,2,0,1,5,0,1,0,0,0,0,0,0,1,2,0,0,0,0,0,2,0,0,1,1,0,1,0,0,1,1,0,4,0,0,0,0,0,0,0,0,0,0,1,0,0,0,0,0,0,0,0,0,0,0,0,1,1,3,0,0,0,0,1,0,0,1,1,0,0,0,0,0,0,1,0,0,1,0,0,0,1,2,1,0,0,2,1,0,0,0,0,2,0,0,0,0,0,0,0,1,0,0,1,0,1,0,0,2,0,1,0,1,0,2,2,1,0,2,1,1,0,0,0,1,0,0,1,0,0,0,2,1,0,0,0,1,0,0,2,0,2,0,0,0,1,0,4,0,0,1,0,0,1,0,0,0,1,1,1,0,0,2,0,1,0,0,0,1,0,1,0,1,2,1,2,0,0,1,0,0,9,1,1,0,0,1,0,0,0,1,1,0,4,0,0,0,0,0,0,0,1,0,0,0,1,1,1,0,0,0,2,0,0,0,1,0,0,0,0,1,1,0,0,0,0,1,1,0,1,0,1,0,2,0,0,0,1,1,1,1,2,0,1,0,2,0,3,0,1,0,3,0,1,1,0,1,0,0,0,0,2,1,1,0,0,0,0,0,1,0,0,5,1,3,1,0,0,0,1,6,0,3,2,0,1,1,1,0,2,0,0,0,1,0,0,0,0,0,0,1,0,0,2,1,0,1,1,1,0,0,0,4,1,0,0,0,1,0,1,1,0,1,1,0,0,0,1,0,0,0,1,1,1,0,0,1,1,0,1,0,0,1,1,3,1,0,1,0,1,0,0,2,0,0,1,1,0,0,0,2,0,0,5,1,0,0,1,2,1,0,1,1,0,5,0,1,0,0,0,0,0,0,1,0,0,0,0,0,2,1,0,6,0,0,1,0,0,1,0,0,1,0,0,2,1,1,0,1,0,0,0,0,0,0,1,1,3,0,0,0,0,1,4,0,2,5,0,0,0,1,3,0,0,0,0,0,0,0,0,0,0,0,0,0,0,0,0,2,0,0,0,0,0,0,0,2,0,0,1,1,2,0,0,0,0,0,1,1,0,1,0,0,1,0,0,1,0,0,0,0,2,1,0,0,0,0,1,0,1,0,2,1,4,0,2,2,1,0,2,0,1,0,0,0,0,3,0,1,0,2,0,0,0,0,3,0,0,0,0,0,0,0,1,0,0,0,0,0,1,0,1,0,0,0,1,0,0,0,0,0,1,0,2,0,0,1,0,2,0,1,0,0,0,0,3,1,0,2,0,0,1,0,0,0,0,2,2,2,1,0,4,1,4,1,0,0,1,2,1,1,3,1,2,3,1,0,0,0,2,1,2,0,0,0,0,0,1,0,0,6,0,0,2,0,0,0,0,1,3,1,0,0,1,0,0,0,0,0,0,0,1,1,1,1,1,0,6,0,0,0,0,0,0,0,0,0,1,1,0,1,1,1,0,0,0,0,2,0,1,0,0,0,0,0,1,1,0,3,1,1,0,1,1,0,0,1,0,0,0,1,0,3,0,0,0,7,1,1,0,3,1,1,1,6,0,1,1,1,2,0,0,0,2,0,0,1,1,0,0,0,0,1,0,0,0,0,4,2,0,0,2,0,0,0,0,0,0,0,0,1,0,1,0,1,1,0,0,1,0,1,1,0,1,1,0,1,2,2,1,1,0,1,0,0,2
CKLF,0,0,0,0,0,1,2,0,1,0,1,1,1,0,0,3,0,0,0,0,0,0,1,2,0,2,0,1,1,0,0,1,0,1,0,1,0,1,0,1,0,0,0,1,1,1,0,1,0,0,0,0,0,1,0,0,2,0,0,0,0,0,1,0,0,0,2,1,3,0,0,0,0,1,1,0,0,1,0,0,0,1,1,1,1,0,1,0,2,0,0,0,0,1,0,2,0,0,0,3,1,0,0,1,1,1,0,3,5,0,0,1,1,4,0,0,2,0,0,0,0,2,1,0,0,0,1,0,3,0,1,0,0,0,0,1,0,0,2,1,0,0,0,0,1,0,0,0,1,0,0,0,0,0,0,0,0,0,0,2,0,0,3,1,0,0,0,0,0,3,1,1,1,0,2,0,0,0,1,0,0,0,0,0,0,0,1,0,0,3,1,1,2,1,0,0,0,2,1,0,1,0,0,0,0,0,0,1,1,0,1,1,2,1,1,0,0,1,4,0,0,1,0,0,1,0,1,2,0,0,0,0,0,1,1,1,1,0,1,0,2,0,0,1,0,0,1,2,1,3,0,2,0,1,0,0,0,0,0,0,1,0,0,4,0,1,1,0,0,0,3,1,0,0,0,0,1,1,0,0,1,0,0,1,0,0,0,0,1,0,1,1,3,1,0,0,0,0,0,0,0,0,1,0,0,1,0,0,1,0,1,0,0,1,0,1,0,2,0,0,0,0,0,0,0,0,1,1,0,0,0,0,0,0,1,1,0,3,1,2,0,1,2,0,0,1,0,1,0,6,2,0,0,1,1,0,0,0,0,1,0,0,0,1,0,0,6,0,0,0,1,0,0,0,0,0,0,0,0,0,1,0,3,0,1,1,0,0,1,1,0,2,0,1,1,1,0,0,0,1,1,1,0,2,2,0,0,0,0,1,1,1,0,0,0,1,1,0,0,0,0,0,0,0,1,0,0,0,0,2,1,0,2,0,2,0,0,1,0,2,1,0,2,1,1,5,1,0,0,0,2,1,0,0,0,0,1,3,0,0,0,0,0,0,1,2,0,0,0,2,2,2,0,0,1,0,1,1,0,0,2,0,1,1,2,1,1,0,0,0,0,0,0,0,0,0,0,0,1,0,0,0,1,0,0,0,0,2,0,0,1,1,0,0,0,1,0,0,0,1,0,1,0,2,0,0,0,0,6,0,1,1,0,1,2,6,1,0,1,0,0,0,0,0,0,0,1,0,0,0,1,2,0,0,0,3,0,0,0,0,0,0,0,0,0,0,0,0,0,1,0,4,0,0,0,0,1,0,0,1,0,0,1,0,0,2,0,0,0,0,0,0,1,1,1,0,1,1,0,0,0,3,0,0,0,6,1,3,0,1,0,0,1,0,1,0,0,1,0,1,0,0,1,1,3,1,0,0,2,0,0,1,1,1,0,0,2,0,1,1,0,0,1,0,0,1,0,2,0,0,0,1,0,0,0,1,0,0,0,1,2,1,1,0,0,1,0,0,0,0,0,0,0,1,0,0,0,1,0,0,0,2,1,0,0,0,1,1,0,0,0,0,1,0,1,0,0,0,0,2,0,0,0,0,0,0,0,0,0,1,0,1,0,0,2,0,0,0,0,0,1,0,0,2,0,1,0,0,0,0,0,0,0,0,0,0,0,0,1,0,0,0,1,1,1,3,0,0,0,0,0,0,0,1,1,1,1,1,3,0,0,0,0,0,1,1,2,0,1,0,1,0,0,1,0,0,2,0,1,0,0,0,0,2,1,0,1,0,0,0,0,0,0,0,4,0,0,0,3,1,0,0,0,0,0,0,0,0,0,0,0,1,0,2,1,0,0,2,0,0,1,0,1,0,1,2,0,0,0,0,0,1,0,1,0,0,0,0,0,0,1,1,2,0,0,0,0,0,0,0,1,0,0,0,1,0,0,1,0,0,0,0,0,0,0,0,0,1,2,0,0,1,0,0,1,1,0,2,0,1,0,0,0,1,1,0,0,0,0,1,0,0,1,2,0,2,0,0,0,0,0,1,0,0,0,0,0,0,2,2,1,1,0,1,1,1,0,0,0,0,0,2,0,1,0,1,0,0,1,0,0,0,0,0,0,0,0,2,0,0,0,0,0,0,0,1,1,0,0,0,1,1,0,0,2,0,0,0,0,0,0,0,0,0,1,0,0,0,0,1,0,1,0,0,0,0,0,0,0,0,0,0,0,4,2,0,0,1,0,0,0,0,0,1,1,0,0,2,0,0,0,0,0,0,0,2,0,0,0,0,0,2,1,0,0,0,1,0,1,0,0,0,0,1,1,0,1,1,0,1,1,3,0,0,0,0,0,5,0,0,0,2,1,0,0,0,0,1,0,0,1,1,0,2,0,0,1,0,2,0,0,1,3,0,0,1,0,0,0,0,0,0,0,1,0,1,0,0,1,2,2,0,0,0,1,0,2,1,0,0,0,0,2,5,0,0,0,0,2,0,0,3,1,1,0,0,0,0,0,3,0,0,0,0,0,0,2,0,2,0,0,0,5,0,0,0,0,0,0,1,0,0,0,0,0,0,0,0,0,0,1,0,3,0,1,0,0,0,0,1,0,1,0,4,0,1,1,0,1,0,0,2,0,0,0,0,0,0,1,1,0,0,0,0,1,0,0,1,0,2,1,0,1,0,0,0,0,1,0,1,0,0,0,0,0,0,1,1,1,1,0,0,1,0,1,2,0,3,2,0,0,1,0,0,0,0,0,0,1,0,0,2,0,1,0,0,1,1,0,0,0,3,0,0,1,2,0,0,0,0,0,0,0,0,0,0,1,2,0,1,0,0,2,1,0,0,0,5,0,0,0,0,1,1,1,0,2,1,0,0,0,1,1,0,0,1,0,0,0,0,3,0,0,2,2,0,2,0,0,0,0,0,0,0,1,0,0,0,1,0,0,0,0,1,0,0,0,0,1,1,0,1,0,0,2,0,0,0,0,1,0,1,0,2,0,0,1,1,0,5,2,0,0,0,0,0,0,5,0,0,2,0,1,1,0,1,0,0,1,0,0,1,0,0,1,0,0,0,1,1,1,1,0,2,0,3,0,1,0,0,1,0,0,0,5,0,2,0,0,0,0,1,0,1,0,0,0,0,0,0,2,1,0,0,1,1,0,5,0,1,0,0,1,0,3,0,0,1,0,0,1,0,0,0,0,2,0,5,1,2,1,1,1,0,0,1,0,1,0,0,0,0,0,1,0,0,1,0,0,1,2,0,2,0,0,0,0,0,1,0,0,0,2,0,1,1,0,0,0,0,1,0,1,0,0,0,1,0,0,2,0,0,1,2,3,0,1,0,1,2,1,2,1,0,0,2,0,1,0,3,0,0,0,2,1,0,0,0,2,0,0,0,0,1,0,0,1,0,1,1,0,0,0,0,0,0,2,1,3,0,1,1,1,0,1,0,0,4,2,1,0,0,0,0,0,1
BCL2,1,0,0,0,0,0,0,2,0,0,0,2,0,0,0,0,1,0,0,0,0,2,1,0,0,0,0,0,0,0,0,0,0,0,0,0,0,0,0,1,0,1,0,0,0,0,0,0,0,1,0,0,0,0,1,0,0,0,1,0,0,2,0,0,0,0,0,0,0,1,0,1,0,0,0,0,0,0,0,1,0,0,0,0,0,1,1,0,0,1,0,1,0,0,0,0,0,0,0,0,0,0,0,0,1,0,0,1,0,0,0,0,0,2,0,2,0,2,0,0,0,0,0,0,0,1,0,0,0,0,0,1,1,0,0,1,0,0,0,0,0,0,0,0,0,0,0,0,2,0,0,0,0,0,0,2,0,0,0,0,3,1,0,0,0,0,0,0,1,0,0,0,0,1,1,0,0,0,0,0,0,2,0,0,0,0,0,0,0,0,0,0,0,0,1,1,0,0,0,0,0,0,0,0,0,0,0,0,0,3,0,0,0,0,0,1,2,0,0,0,0,0,1,0,2,0,0,0,0,2,0,0,0,0,0,0,1,1,0,0,0,0,1,0,0,0,0,0,0,0,1,0,0,1,0,0,0,1,0,0,2,0,1,0,0,0,0,0,0,0,1,1,0,0,0,0,0,0,0,0,1,0,0,0,0,0,0,0,1,1,0,0,0,0,0,0,0,0,0,0,0,2,0,0,0,0,0,1,0,1,1,1,1,0,0,0,1,0,0,0,0,1,0,0,0,0,0,1,0,0,0,1,0,0,0,0,0,0,0,0,0,0,0,0,0,0,0,0,1,0,1,0,1,1,0,0,0,1,0,0,1,0,0,0,1,1,0,0,0,1,0,0,0,0,0,0,0,0,1,0,0,0,1,0,0,0,0,0,1,0,0,0,0,0,0,0,0,1,0,0,0,1,1,3,0,0,0,0,0,0,2,1,0,1,0,0,0,0,0,1,0,0,0,0,0,0,0,0,0,0,0,0,0,0,0,0,0,0,1,0,0,0,0,0,0,0,0,0,0,0,0,1,0,1,0,0,0,0,0,0,0,0,0,0,0,0,0,0,0,0,0,0,0,0,0,0,0,1,0,0,0,0,0,1,0,1,0,2,0,0,1,0,1,1,0,0,1,0,0,0,0,0,1,0,0,0,0,0,0,1,0,0,1,0,0,0,1,0,1,0,0,0,2,0,0,0,0,0,0,0,0,0,0,0,0,0,0,0,1,0,1,0,0,0,1,0,0,0,1,1,0,0,2,1,0,2,0,0,0,0,0,0,0,1,0,0,0,1,0,0,1,0,1,1,4,1,0,0,0,0,1,0,1,0,0,0,0,0,0,0,0,0,0,0,1,0,0,0,0,1,0,0,0,0,1,0,0,0,0,0,0,0,0,1,2,1,0,0,0,0,0,0,0,0,0,0,1,0,0,1,0,0,0,0,0,0,1,2,1,0,0,0,0,0,0,0,0,0,0,0,0,0,0,0,0,0,0,0,0,0,0,0,0,0,0,0,0,0,1,1,0,0,0,0,2,0,0,1,0,0,0,0,0,0,0,0,0,1,0,0,1,0,0,0,0,0,4,0,0,0,1,0,0,0,0,0,0,0,0,0,0,0,0,0,0,0,0,0,0,0,0,1,0,0,0,0,1,1,0,1,0,1,1,0,0,0,0,0,0,1,0,0,0,0,0,0,0,0,0,0,0,0,0,0,0,0,0,1,0,0,1,0,1,4,0,0,1,0,0,0,0,1,0,2,0,0,1,1,0,0,0,0,0,1,0,0,0,1,0,0,0,1,0,0,0,0,1,1,0,0,0,0,0,0,2,0,1,0,0,0,1,0,0,0,1,0,0,0,0,0,0,0,0,1,0,1,0,1,0,0,0,0,1,0,0,0,0,0,0,0,0,0,0,0,0,0,0,0,0,2,0,0,0,1,0,0,0,0,0,0,0,2,2,0,0,0,2,0,1,0,0,0,0,0,0,0,0,1,0,0,0,1,0,0,0,0,0,0,0,0,0,0,0,0,0,0,1,0,0,0,1,0,1,2,0,0,0,0,0,0,0,0,0,0,0,2,1,0,0,3,0,0,0,0,0,0,0,0,0,0,0,0,0,0,0,0,0,0,0,0,0,0,0,0,0,0,0,0,0,0,0,0,0,1,0,0,0,0,0,0,0,0,0,0,0,0,0,0,0,0,0,0,0,0,1,0,1,0,0,0,0,0,0,0,2,0,1,0,0,0,1,0,0,0,1,0,0,1,0,0,0,0,1,0,0,0,0,0,0,2,0,0,0,0,0,0,0,1,0,0,0,0,3,0,0,0,0,0,1,2,0,0,0,0,0,0,0,1,0,0,0,0,0,0,0,1,0,0,0,0,0,0,1,0,0,0,1,1,1,0,1,0,0,0,0,0,0,0,0,0,0,1,1,0,1,0,2,0,0,0,0,0,0,0,0,0,0,2,0,1,0,1,0,0,0,0,0,0,0,0,1,1,0,0,0,0,0,0,0,1,0,0,0,1,0,1,0,0,0,2,0,0,0,1,0,1,0,0,0,0,0,0,0,0,1,0,0,0,0,0,1,1,0,0,0,0,1,0,0,1,0,0,0,2,0,1,0,0,0,0,1,1,0,0,0,1,1,0,1,1,0,0,0,0,0,0,0,0,0,0,0,0,0,0,0,0,0,1,0,0,0,0,0,0,0,1,0,0,2,0,0,0,0,0,1,0,0,0,0,0,0,0,0,0,0,0,0,1,0,0,1,0,0,0,0,0,0,0,0,1,0,2,0,0,0,0,0,0,0,1,1,3,0,0,0,0,0,2,0,0,0,2,0,0,0,0,0,0,0,0,0,0,0,0,0,0,0,0,0,0,0,0,1,2,0,0,0,0,0,0,2,0,0,0,0,0,0,0,0,1,0,0,0,1,0,0,0,0,0,0,0,0,0,0,0,0,0,0,1,1,1,1,1,0,1,0,1,2,0,0,0,0,0,0,1,1,0,1,1,0,0,2,0,0,0,0,5,0,0,0,0,1,0,0,0,1,0,0,0,0,0,2,0,0,1,0,0,1,0,0,0,0,1,0,0,0,0,0,0,0,0,0,0,0,0,0,0,0,0,0,0,1,1,0,1,0,0,1,1,0,0,0,0,0,0,0,0,0,0,0,0,0,0,1,0,0,0,0,0,0,1,0,0,0,0,0,0,0,0,0,0,0,0,0,0,0,0,0,1,1,0,1,0,0,0,0,1,0,0,0,1,0,0,0,0,0,1,0,0,0,0,0,1,0,0,0,0,0,0,1,0,0,0,0,0,0,0,0,0,2,0,1,0,0,0,0,0,0,0,0,0,0,0,0,1,0,2,0,0,0,0,2,0,0,0,0,0,0,0,0,0,0,0,0,0,0,0,0,0,0,0,0,0,0,0,0,1,0,1,0,0,0,0,1,0,0,0,0,1,0,0,0,1,0,0,0
HNMT,0,0,0,0,0,1,0,0,0,0,0,0,0,0,0,0,0,0,0,0,0,0,1,0,0,0,0,0,0,0,0,0,0,0,0,0,0,0,0,0,0,0,2,0,0,0,0,0,0,0,0,0,0,0,0,1,0,0,0,0,1,0,0,0,0,0,0,0,0,0,0,0,0,0,0,0,0,1,1,0,0,0,1,0,0,0,0,0,0,0,0,0,0,1,0,1,0,0,1,0,0,0,0,0,0,0,0,0,1,0,0,0,0,0,0,0,0,0,0,0,0,0,0,0,0,0,0,0,2,0,0,0,0,0,0,0,0,0,2,0,0,0,0,0,1,0,0,0,0,0,2,0,0,0,0,0,0,0,0,0,0,0,1,1,0,0,3,0,1,2,0,0,0,0,1,0,0,0,0,0,0,0,1,0,0,0,0,0,2,1,1,0,0,0,0,0,0,0,0,0,0,0,0,0,0,0,0,0,0,0,0,0,0,0,0,0,0,0,0,0,0,0,0,0,0,0,0,0,0,0,0,0,1,0,0,0,0,0,0,0,0,0,0,0,0,0,0,1,2,2,0,1,0,0,0,0,0,0,0,0,0,0,0,0,0,0,0,0,0,0,0,1,0,1,0,0,0,0,2,0,0,1,0,0,0,0,0,0,0,0,0,0,1,0,0,0,0,0,0,0,0,0,0,0,2,0,0,0,0,0,0,0,0,0,0,0,0,0,0,0,0,0,1,0,0,0,2,0,0,0,0,0,0,0,0,0,0,0,0,0,2,0,0,0,0,0,0,1,0,1,0,0,0,0,0,0,0,0,0,0,0,0,0,0,0,0,0,0,0,0,0,1,0,0,0,0,0,0,0,1,3,0,1,0,0,0,0,0,0,0,0,0,0,1,0,0,0,0,0,0,0,0,0,0,0,0,0,0,0,0,0,0,0,0,0,1,0,0,0,0,1,0,0,0,0,0,0,0,0,0,0,0,0,0,1,0,0,0,0,0,0,0,0,0,0,2,0,0,0,0,0,0,1,0,1,0,0,2,0,0,0,0,0,0,0,0,0,0,1,1,1,1,0,0,0,0,1,0,0,0,0,0,0,0,2,0,0,0,0,0,0,0,0,0,0,1,0,0,0,0,0,0,0,0,0,0,0,3,0,0,1,0,0,0,0,0,0,0,0,1,0,0,0,0,1,0,0,0,1,0,0,0,0,0,0,1,0,0,0,0,0,0,0,0,0,0,0,0,0,0,0,0,0,0,1,4,0,0,0,0,0,0,0,0,0,0,0,0,0,0,0,0,0,0,0,0,0,0,1,0,0,0,0,0,0,0,0,0,0,0,0,0,0,1,0,0,0,0,0,0,0,1,0,0,0,0,1,0,0,0,1,0,0,0,0,0,0,0,0,1,0,0,0,0,0,0,0,0,0,0,0,0,0,0,0,0,0,0,0,0,0,0,0,0,0,0,0,0,0,0,0,0,0,0,0,1,0,0,0,0,1,0,0,0,0,0,0,0,0,0,0,0,0,0,0,0,0,1,0,0,0,3,0,0,0,0,0,0,0,0,0,0,0,0,0,0,0,0,0,0,0,0,0,0,0,0,0,0,0,0,0,0,0,0,0,0,0,0,0,0,0,0,0,0,0,0,0,0,0,0,0,0,0,0,0,0,0,1,0,0,0,0,0,0,0,0,0,0,0,0,0,0,0,0,0,0,0,0,0,0,0,1,0,1,0,0,0,0,0,0,0,0,0,0,0,0,1,0,0,0,1,0,0,0,2,1,0,0,0,0,0,0,0,1,0,0,0,0,1,0,0,0,0,0,0,0,0,0,0,0,0,0,0,0,0,0,1,0,0,0,0,0,0,0,0,0,0,0,0,0,0,0,0,2,0,0,0,0,0,0,1,1,0,0,0,0,0,0,0,0,0,0,0,0,0,0,0,0,0,0,0,0,0,0,0,0,0,1,0,0,0,0,0,0,0,0,0,0,0,1,0,0,2,1,0,0,0,0,0,0,0,0,0,0,1,1,0,0,0,0,0,0,0,0,0,0,0,0,0,2,0,0,0,0,0,0,0,0,0,0,0,0,0,0,0,1,0,0,1,0,1,0,0,0,0,0,0,0,0,0,0,0,0,0,0,0,0,1,0,0,0,0,2,0,0,0,0,0,0,0,0,0,0,0,0,0,0,0,0,1,0,2,2,0,0,0,0,0,1,0,0,0,0,1,0,0,0,0,0,0,0,0,0,0,0,0,0,0,0,0,0,0,0,0,0,0,0,0,0,0,0,0,0,0,0,0,0,0,0,0,0,0,0,0,0,0,0,0,0,0,0,0,0,0,0,0,0,0,0,0,0,0,0,0,0,0,0,0,0,0,0,0,0,0,0,0,2,0,0,0,0,0,2,0,0,0,1,0,0,0,3,0,0,0,0,0,0,1,0,0,0,0,0,0,0,0,0,0,0,0,0,0,0,0,0,0,0,0,1,0,0,0,0,0,2,0,0,0,0,0,0,0,0,0,0,0,0,0,0,0,0,0,2,0,0,0,0,0,1,0,0,0,0,0,0,0,0,0,0,0,0,0,0,0,0,0,0,0,0,0,0,0,0,1,0,0,0,0,0,0,0,0,0,0,0,0,0,0,0,0,0,0,0,0,0,0,0,0,0,0,0,0,0,0,0,0,0,0,1,3,0,0,0,0,0,0,0,0,0,0,0,0,0,0,0,0,0,1,0,1,0,0,0,0,0,0,0,0,0,0,0,0,0,0,0,0,1,1,0,0,2,4,0,0,0,0,1,0,0,0,0,0,0,0,0,0,0,0,0,0,0,0,0,1,0,0,0,0,0,0,0,0,0,0,0,0,0,0,0,0,0,0,0,0,0,0,1,0,1,0,4,0,0,0,0,0,0,0,0,0,0,0,0,0,1,0,0,0,1,0,0,0,0,0,0,0,0,0,0,0,0,0,0,0,0,0,0,0,0,0,0,0,0,0,0,0,0,0,0,0,0,0,0,0,0,0,0,0,0,0,0,0,0,0,0,0,0,0,0,0,0,0,0,0,1,0,0,0,1,0,0,0,0,1,0,1,0,0,0,0,0,1,0,0,0,0,0,0,0,3,0,0,0,0,0,0,0,0,0,0,0,0,0,0,0,2,0,1,0,1,0,2,0,0,0,0,0,0,0,0,0,0,0,0,0,0,0,0,0,0,0,0,0,2,0,0,0,0,0,0,0,0,0,0,0,0,0,0,0,0,0,0,0,0,1,0,0,0,0,0,0,0,0,0,0,0,0,0,0,0,0,0,0,0,0,0,0,0,0,0,1,0,0,2,0,0,0,0,0,0,0,0,0,0,0,0,0,0,1,0,0,0,0,0,0,0,0,0,1,0,0,0,0,0,1,0,0,0,0,1,0,0,0,0,0,0,0,0,0,0,0,0,1,0,0,0,0,0,0,0,0,0,0,0,0,0
SH3BGRL,3,0,1,0,1,2,1,1,1,0,3,0,4,1,0,6,0,2,2,2,0,1,1,0,1,0,0,0,1,4,0,1,4,5,0,0,1,2,3,0,0,0,4,0,0,0,1,6,0,0,1,0,1,0,0,0,0,1,0,1,4,2,0,0,1,0,1,0,1,0,0,4,0,1,4,1,2,2,0,0,0,0,0,1,1,1,0,2,2,0,0,1,1,1,0,4,0,1,2,3,0,0,6,1,0,0,1,0,5,0,0,0,0,0,1,1,0,1,1,1,0,1,4,0,0,0,0,0,3,0,0,0,2,2,0,1,0,0,3,0,0,1,1,0,2,3,1,0,2,1,3,2,0,1,0,0,1,0,1,1,0,0,3,1,1,2,0,0,0,6,1,1,0,1,0,0,0,0,2,2,0,1,1,0,1,3,0,1,1,2,3,1,2,1,1,2,0,1,0,4,3,0,4,1,1,0,1,1,2,1,0,0,0,0,0,0,0,1,1,6,0,3,1,0,2,0,1,1,0,1,1,0,6,1,4,1,0,1,0,1,3,0,1,0,0,2,0,1,7,2,0,1,0,1,0,1,1,0,1,0,0,3,1,0,1,0,1,0,1,0,0,3,2,2,0,0,3,3,3,1,1,0,2,1,1,2,0,1,0,0,0,0,1,1,0,0,0,0,3,0,0,1,1,0,0,1,1,0,5,0,0,0,1,1,0,1,1,1,3,1,1,1,1,0,0,0,1,0,0,1,1,0,1,0,1,0,1,1,1,7,3,0,3,0,1,1,0,1,0,7,2,0,3,1,0,0,0,1,1,0,0,1,0,0,0,0,6,1,0,1,0,1,0,0,0,2,1,1,1,4,0,0,1,1,0,1,1,2,2,0,0,7,0,5,3,2,2,0,1,2,4,2,0,1,0,1,2,0,3,3,0,1,3,1,0,4,0,0,0,0,4,1,2,1,4,1,0,0,1,1,2,0,0,0,0,2,2,1,0,4,1,0,6,0,0,10,1,1,1,0,0,0,0,2,4,2,0,7,1,0,0,3,1,0,1,6,1,0,1,1,1,0,0,2,2,3,2,2,1,0,3,1,0,0,2,1,0,1,0,3,0,1,0,0,1,1,2,0,0,1,0,0,1,0,0,0,3,9,0,0,0,0,0,0,0,1,0,1,0,1,0,1,1,3,1,0,1,0,7,0,1,1,0,1,0,7,0,1,0,0,10,0,0,1,0,1,1,0,3,0,0,4,0,0,0,1,1,2,1,1,1,1,1,0,0,0,1,0,1,0,0,0,1,1,1,0,0,1,0,0,0,2,0,2,0,3,1,0,0,0,0,2,0,1,2,0,0,1,0,0,1,2,1,1,1,1,2,1,0,1,0,1,0,0,0,0,1,0,1,4,0,3,0,1,0,0,0,2,0,1,1,2,0,0,1,1,2,2,1,2,0,0,3,0,0,1,3,1,1,1,1,1,0,0,1,1,0,1,2,0,3,0,0,1,1,1,0,0,3,2,0,2,0,0,0,1,0,1,0,0,0,9,0,1,1,3,1,1,0,0,0,2,0,0,0,0,0,2,0,0,0,1,0,1,2,3,1,0,0,4,0,1,1,2,2,0,0,0,1,0,0,0,1,2,1,0,0,0,0,2,0,0,1,1,0,1,0,2,0,1,0,0,1,1,0,0,0,1,0,1,0,0,1,0,1,0,0,1,1,1,1,2,0,2,2,2,1,0,2,1,0,2,0,0,2,0,0,2,3,2,0,0,1,0,1,2,1,0,1,1,1,0,1,0,1,0,1,1,1,0,1,0,1,0,1,0,0,1,0,2,0,0,0,1,1,1,3,1,0,3,1,0,0,0,3,3,0,0,1,1,1,0,0,1,2,1,0,3,0,1,0,1,2,1,1,2,1,0,0,0,0,1,0,1,0,0,2,0,0,0,0,0,1,0,0,1,1,1,0,0,1,1,4,1,0,2,0,1,0,2,0,2,2,3,2,1,2,1,1,2,2,1,0,1,0,1,0,1,3,0,0,0,1,1,0,0,2,0,6,3,1,0,1,0,0,0,1,1,1,1,0,6,1,0,2,6,0,1,1,3,0,0,0,0,0,1,0,4,1,0,0,0,3,1,2,1,0,3,0,2,2,0,2,1,3,0,1,1,0,1,3,0,0,0,2,1,0,0,2,2,1,1,2,1,0,1,0,1,1,0,2,1,0,7,1,1,0,0,2,0,1,1,0,1,0,0,0,1,1,2,0,3,1,1,0,1,0,0,2,0,2,0,4,0,0,1,0,1,4,0,0,2,0,2,1,0,0,3,1,0,4,7,0,0,0,1,2,1,1,0,1,0,0,0,0,0,0,1,1,0,0,1,1,1,0,1,2,0,0,0,2,0,9,11,2,2,1,0,2,2,3,1,1,4,0,1,2,0,4,8,1,1,1,1,1,3,1,0,1,0,1,1,1,12,1,0,0,3,1,0,3,0,5,3,4,0,2,0,1,0,1,2,2,1,0,0,0,0,3,1,0,0,5,1,0,0,1,1,6,0,0,3,0,1,0,0,1,2,0,0,0,0,0,0,0,0,0,0,0,0,3,0,1,3,0,0,1,0,1,1,1,1,1,0,0,0,0,1,0,0,4,0,2,2,2,0,1,0,0,3,0,0,0,1,0,1,0,1,0,3,0,1,0,0,1,0,1,0,2,0,0,0,0,0,0,1,0,5,3,0,1,2,0,13,0,1,4,0,0,0,0,2,0,0,1,4,1,1,0,1,4,1,0,0,0,2,6,2,0,0,0,0,0,0,1,0,1,2,0,1,2,0,0,0,1,0,4,1,1,0,1,2,6,3,0,0,0,0,0,0,1,0,1,1,0,1,6,0,2,0,1,0,2,1,0,3,0,0,0,0,0,1,2,0,0,1,1,1,1,0,5,1,1,1,0,0,0,0,1,0,0,1,0,0,3,1,1,0,0,2,1,3,1,1,0,0,1,0,0,0,0,0,1,1,0,0,0,0,1,1,0,1,0,0,2,1,0,1,6,0,0,2,1,1,4,0,0,0,1,0,2,2,0,1,0,2,0,2,0,1,0,3,0,0,4,2,0,0,0,2,2,0,0,1,1,2,1,0,0,0,7,2,1,0,3,2,0,1,2,2,0,0,1,1,1,0,2,1,0,1,1,0,0,0,1,0,0,2,0,0,0,1,3,1,1,0,1,0,2,0,0,0,3,2,0,0,1,0,1,2,0,0,1,0,5,0,0,2,1,0,0,0,0,0,0,1,1,1,1,4,1,1,3,2,0,0,4,0,1,1,1,0,1,2,3,0,2,1,0,3,1,0,0,1,0,3,0,2,5,1,0,1,3,1,0,0,0,0,2,0,0,5,0,0,0,3,1,0,0,1,1,0,3,1,0,0,1,0,0,1,0,3,2,2,3,1,1,5,0,0,1,1,2,0,0,0
CDC42EP3,0,1,0,0,0,0,0,0,1,0,0,0,0,0,0,1,0,0,1,0,0,0,1,1,0,1,0,0,0,1,0,0,1,0,0,0,0,0,0,0,0,0,1,0,0,0,0,1,0,0,0,0,0,0,0,1,0,0,0,0,0,0,0,0,0,0,1,0,1,0,1,0,1,1,1,0,0,1,0,0,0,1,1,0,0,0,0,1,2,0,0,0,0,0,0,1,0,0,1,0,1,0,0,0,0,0,0,1,0,0,1,0,0,0,1,0,0,0,0,0,0,0,1,0,0,0,0,0,1,0,0,0,0,0,0,0,0,0,0,2,1,0,0,0,0,0,0,0,0,0,3,1,2,0,0,1,1,0,0,0,0,0,0,0,0,0,0,0,1,2,0,0,1,0,1,0,1,0,0,0,0,0,0,0,1,0,0,0,0,0,1,0,0,0,0,0,0,0,0,1,0,0,0,1,0,0,0,1,0,0,0,2,0,0,0,0,0,0,0,0,0,0,0,0,0,0,0,0,0,0,0,0,0,1,0,0,0,0,0,0,1,0,0,0,2,0,0,0,1,0,0,2,0,0,0,1,0,0,0,0,0,0,0,0,0,0,0,0,0,1,1,0,0,0,0,1,0,0,3,0,1,0,1,1,0,0,0,0,1,1,0,0,0,0,0,0,0,0,3,1,0,0,1,0,0,0,0,0,1,0,0,2,1,1,0,1,1,0,0,0,1,0,0,0,0,0,0,0,0,0,0,0,0,0,2,0,0,0,1,1,2,0,0,0,1,1,0,0,0,0,1,0,2,0,0,0,0,0,0,0,0,0,0,3,0,0,0,0,0,0,1,0,0,0,0,0,0,0,0,2,1,0,0,0,0,1,1,0,0,1,0,5,0,4,0,1,0,1,1,1,1,1,0,0,0,0,0,0,1,0,2,0,0,0,0,2,0,0,0,0,0,0,0,0,1,1,0,1,0,1,0,0,0,0,0,0,1,1,0,1,0,0,0,0,0,0,0,0,0,1,0,1,1,0,2,1,0,1,3,0,0,0,0,0,1,0,0,0,0,1,2,1,0,0,0,0,1,1,0,0,0,0,0,0,0,0,1,0,0,1,0,0,0,0,0,0,1,0,0,1,0,0,0,0,0,1,0,0,0,0,0,0,1,0,0,2,0,0,0,0,0,0,0,1,0,0,1,0,0,0,0,0,0,0,0,0,0,0,0,0,0,0,0,0,0,0,0,0,0,0,1,3,0,0,0,0,1,1,0,1,1,0,0,0,0,0,0,0,1,0,0,1,0,1,0,1,0,0,2,1,0,1,0,0,0,0,0,0,0,0,1,0,1,0,1,0,0,0,0,0,0,0,0,2,1,0,2,1,1,0,0,0,0,0,0,0,0,0,0,0,0,1,0,0,1,0,0,1,0,0,1,1,0,0,0,0,0,0,2,0,1,0,1,0,0,1,0,0,0,0,0,2,0,1,0,1,0,0,0,1,0,0,0,0,0,1,3,0,0,0,0,1,0,0,0,0,0,1,0,0,0,0,1,1,1,0,0,0,0,0,0,0,0,1,1,0,0,0,0,2,0,0,0,0,0,0,0,1,0,4,0,0,0,2,0,0,0,0,0,0,0,0,0,1,0,0,0,1,0,2,1,0,0,2,0,0,0,0,0,0,0,0,1,2,0,1,0,0,0,0,2,0,0,0,0,1,0,0,1,0,0,0,0,0,0,0,1,0,0,0,0,0,0,1,0,0,1,0,0,1,0,0,2,0,0,2,0,0,0,0,0,0,0,0,0,0,0,0,0,0,0,1,0,0,2,1,0,0,0,0,0,1,0,0,0,0,0,1,0,0,0,0,0,0,1,0,0,0,0,0,0,0,0,0,0,0,1,0,0,0,0,0,0,0,0,1,0,1,0,0,0,0,1,0,0,0,1,1,0,0,0,0,0,0,1,0,0,1,0,0,0,0,0,0,0,0,0,0,0,0,1,0,0,0,3,1,0,0,0,0,0,0,0,0,0,4,0,0,0,0,0,2,0,2,0,0,0,0,0,0,1,0,0,0,0,0,0,0,0,0,0,0,0,0,0,1,0,0,0,0,0,0,0,0,0,0,0,2,0,0,0,0,0,1,0,0,0,2,0,0,0,1,0,1,0,0,0,0,0,1,3,0,1,3,0,0,0,0,1,0,0,0,0,0,0,0,0,1,1,0,0,0,0,1,0,0,0,0,0,0,0,0,0,0,0,0,0,1,0,0,0,1,0,0,0,2,0,0,1,0,1,0,1,0,0,0,0,0,0,0,0,0,0,0,0,0,1,2,0,0,0,1,1,1,0,1,0,2,0,0,0,1,0,0,0,0,0,0,0,2,0,1,0,0,0,0,1,0,1,0,0,0,2,0,0,0,1,0,0,0,0,1,0,0,0,0,0,0,1,1,0,1,0,0,0,1,0,2,1,0,1,0,0,1,0,0,0,1,1,0,1,0,2,2,1,0,0,0,1,0,0,0,1,0,0,0,0,0,2,1,0,0,4,0,0,0,1,1,1,0,0,0,0,0,1,0,0,0,0,0,1,0,1,1,0,0,0,0,0,0,1,0,0,0,0,0,0,0,0,0,1,0,1,0,0,0,1,0,0,1,0,0,0,0,0,1,0,0,0,1,0,1,0,0,0,0,0,0,0,1,0,1,0,0,0,2,0,1,0,2,0,1,0,0,0,0,0,1,0,1,0,0,0,3,0,0,1,2,0,0,0,1,0,0,0,0,0,0,0,0,1,0,0,0,0,0,0,0,0,0,0,0,0,0,0,0,0,3,0,4,1,0,0,0,0,0,1,0,0,0,0,0,1,2,0,0,0,0,0,1,0,1,0,0,0,0,0,0,0,0,0,0,0,0,0,0,0,0,0,0,0,0,0,0,0,0,0,0,1,0,1,0,0,2,0,1,1,1,0,1,1,2,0,1,0,1,0,0,0,1,0,1,1,1,0,0,0,0,0,3,0,0,0,0,0,0,0,1,2,0,0,1,0,0,1,1,1,0,1,2,0,0,1,0,2,0,0,0,0,0,0,1,0,0,1,1,0,2,0,0,0,0,0,0,0,0,1,0,0,2,0,0,2,0,0,0,0,0,0,0,5,0,0,0,0,1,2,0,0,0,0,0,0,0,0,0,1,1,0,0,0,0,0,0,1,0,0,0,0,0,1,0,1,0,0,0,0,0,0,0,1,3,1,0,0,1,2,1,0,0,0,0,1,0,0,0,0,0,0,1,0,0,0,0,2,0,0,0,0,0,0,0,0,0,0,0,1,0,0,0,1,0,0,0,1,0,0,1,0,0,0,0,0,1,0,1,0,0,1,2,2,0,0,0,0,0,0,0,0,0,0,1,0,0,0,0,0,0,0,0,0,1,2,0,0,0,1,0,0,1,0,0,2,0,1,0,1,0,0,0,0,1,0,0,1,0
NA..24,0,0,0,0,0,0,0,0,0,0,0,0,0,0,0,0,0,0,0,0,0,0,0,0,0,0,0,0,0,0,0,0,0,0,0,0,0,0,0,0,0,0,0,0,0,0,0,0,0,0,0,0,0,0,0,0,0,0,0,0,0,0,0,0,0,0,0,0,0,0,0,0,0,0,0,0,0,0,0,0,0,0,0,0,0,0,0,0,0,0,0,0,0,0,0,0,0,0,0,0,0,0,0,0,0,0,0,0,0,0,0,0,0,0,0,0,0,0,0,0,0,0,0,0,0,0,0,0,0,0,0,0,0,0,0,0,9,0,0,0,0,0,0,0,0,0,0,0,0,0,0,0,0,0,0,0,0,0,0,0,0,0,0,0,0,0,0,0,0,0,0,0,0,0,0,0,0,0,0,0,0,0,0,0,0,0,0,0,0,0,0,0,0,0,0,0,0,0,0,0,0,0,0,0,0,0,0,0,0,0,0,0,0,0,0,0,0,0,0,0,0,0,0,0,0,0,0,0,0,0,0,0,0,0,0,0,0,0,0,0,0,0,0,0,0,0,0,0,0,0,0,0,0,0,0,0,0,0,0,0,0,0,0,0,0,0,0,0,0,0,0,0,0,0,0,0,0,0,0,0,0,0,0,0,0,0,0,0,0,0,0,0,0,0,0,0,0,0,0,0,0,0,0,0,0,0,0,0,0,0,0,0,0,0,0,0,0,0,0,0,0,0,0,0,0,0,0,0,0,0,0,0,0,0,0,0,0,0,0,0,0,0,0,0,0,0,0,0,0,0,0,0,0,0,0,0,0,0,0,0,0,0,0,0,0,0,0,0,0,0,0,0,0,0,0,0,0,0,0,0,0,0,0,0,0,0,0,0,0,0,0,0,0,0,0,0,0,0,0,0,0,0,0,0,0,0,0,0,0,0,0,0,0,0,0,0,0,0,0,0,0,0,0,0,0,0,0,0,0,0,0,0,0,0,0,4,0,0,0,0,0,0,0,0,0,0,0,0,0,0,0,0,0,0,0,0,0,0,0,0,0,0,0,0,0,0,0,0,0,0,0,0,0,0,0,0,0,0,0,0,0,0,0,0,0,0,0,0,0,0,0,0,0,0,0,0,0,0,0,0,0,0,0,0,0,0,0,0,0,0,0,0,0,0,0,0,0,0,0,0,0,0,0,0,0,0,0,0,0,0,0,0,0,0,0,0,0,0,0,0,0,0,0,0,0,0,0,0,0,0,0,0,0,0,0,0,0,0,0,0,0,0,0,0,0,0,0,0,0,0,0,0,0,0,0,0,0,0,0,0,0,0,0,0,0,0,0,0,0,0,0,0,0,0,0,0,0,0,0,0,0,0,0,0,0,0,0,0,0,0,0,0,0,0,0,0,0,0,0,0,0,0,0,0,0,0,0,0,0,0,0,0,0,0,0,0,0,0,0,0,0,0,0,0,0,0,0,0,0,0,0,0,0,0,0,0,0,0,0,0,0,0,0,0,0,0,0,0,0,0,0,0,0,0,0,0,0,0,0,0,0,0,0,0,0,0,0,0,0,0,0,0,0,0,0,0,0,0,0,0,0,0,0,0,0,0,0,0,0,0,0,0,0,0,0,0,0,0,0,0,0,0,0,0,0,0,0,0,0,0,0,0,0,0,0,0,0,0,0,0,0,0,0,0,0,0,0,0,0,0,0,0,0,0,0,0,0,0,0,0,0,0,0,0,0,0,0,0,0,0,0,0,0,0,0,0,0,0,0,0,0,0,0,0,0,0,0,0,0,0,0,0,0,0,0,0,0,0,0,0,0,0,0,0,0,0,0,0,0,0,0,0,0,0,0,0,0,0,0,0,0,0,0,0,0,0,0,0,0,0,0,0,0,0,0,0,0,0,0,0,0,0,0,0,0,0,0,0,0,0,0,0,0,0,0,0,0,0,0,0,0,0,0,0,0,0,0,0,0,0,0,0,0,0,0,0,0,0,0,0,0,0,0,0,0,0,0,0,0,0,0,0,0,0,0,0,0,0,0,0,0,0,0,0,0,0,0,0,0,0,0,0,0,0,0,0,0,0,0,0,0,0,0,0,0,0,0,0,0,0,0,0,0,0,0,0,0,0,0,0,0,0,0,0,0,0,0,0,0,0,0,0,0,0,0,0,0,0,0,0,0,0,0,0,0,0,0,0,0,0,0,0,0,0,0,0,0,0,0,0,0,0,0,0,0,0,0,0,0,0,1,0,0,0,0,0,0,0,0,0,0,0,0,0,0,0,0,0,0,0,0,0,0,0,0,0,0,0,0,0,0,0,0,0,0,0,0,0,0,0,0,0,0,0,0,0,0,0,0,0,0,0,0,0,0,0,0,0,0,0,0,0,0,0,0,0,0,0,0,0,0,0,0,0,0,0,0,0,0,0,0,0,0,0,0,0,0,0,0,0,0,0,0,0,0,0,0,0,0,0,0,0,0,0,0,0,0,0,0,0,0,0,0,0,0,0,0,0,0,0,0,0,0,0,0,0,0,0,0,0,0,0,0,0,0,0,0,0,0,0,0,0,0,0,0,0,0,0,0,0,0,0,0,0,0,0,0,0,0,0,0,0,0,0,0,0,0,0,0,0,0,0,0,0,0,0,0,0,0,0,0,0,0,0,0,0,0,0,0,0,0,0,0,0,0,0,0,0,0,0,0,0,0,0,0,0,0,0,0,0,0,0,0,0,0,0,0,0,0,0,0,0,0,0,0,0,0,0,0,0,0,0,0,0,0,0,0,0,0,0,0,0,0,0,0,0,0,0,0,0,0,0,0,0,0,0,0,0,0,0,0,0,0,0,0,0,0,0,0,0,0,0,0,0,0,0,0,0,0,0,0,0,0,0,0,0,0,0,0,0,0,0,0,0,0,0,0,0,0,0,0,0,0,0,0,0,0,0,0,0,0,0,0,0,9,0,0,0,0,0,0,0,0,0,0,0,0,0,0,0,0,0,0,0,0,0,0,0,0,0,0,0,0,0,0,0,0,0,0,0,0,0,0,0,0,0,0,0,0,0,0,0,0,0,0,0,0,0,0,0,0,0,0,0,0,0,0,0,0,0,0,0,0,0,0,0,0,0,0,0,0,0,0,0,0,0,0,0,0,0,0,0,0,0,0,0,0,0,0,0,0,0,0,0,0,0,0,0,0,0,0,0,0,0,0,0,0,0,0,0,0,0,0,0,0,0,0,0,0,0,0,0,0,0,0,0,0,0,0,0,0,0,0,0,0,0,0,0,0,0,0,0,0,0,0,0,0,0,0,0,0,0,0,0,0,0,0,0,0,0,0,0,0,0,1,0,0,0,0,0,0,0,0,0,0,0,0,0,0,0,0,0,0,0,0,0,0,0,0,0,0,0,0,0,0,0,0,0,0,0,0,0,0,0,0,0,0,0,0,0,0,0,0,0,0,0,0,0,0,0,0,0,0,0,0,0
IL10RA,0,0,1,0,1,0,0,0,3,1,0,0,2,1,0,0,0,0,0,0,0,1,1,1,0,0,0,0,1,0,1,0,0,0,0,1,0,0,1,1,0,2,0,2,0,0,0,0,1,0,0,0,0,0,0,0,0,0,0,1,0,0,0,0,0,2,1,0,1,0,0,1,0,0,1,0,0,0,0,0,0,0,0,0,1,0,0,1,0,1,1,2,1,0,2,0,1,0,0,2,0,0,0,0,0,0,0,0,0,0,2,1,0,0,0,0,0,0,2,0,0,0,0,0,2,0,1,0,0,0,0,0,1,0,1,0,1,0,1,0,2,0,0,0,1,1,0,0,3,1,0,0,0,0,1,0,0,0,0,0,0,0,1,0,0,2,0,1,2,2,0,0,2,1,1,0,0,0,1,0,0,0,0,0,0,0,0,0,0,0,2,1,1,0,1,0,1,0,0,0,0,0,1,0,0,0,0,0,0,0,0,0,2,0,0,0,0,0,2,0,0,0,0,0,3,1,0,0,1,1,0,0,1,1,0,2,1,1,0,0,0,0,0,0,0,0,0,0,0,0,1,0,0,2,0,0,0,0,0,0,0,0,2,1,0,0,0,0,1,0,0,0,0,0,0,0,0,0,0,0,0,0,0,2,0,1,0,0,0,0,0,1,0,0,2,1,0,0,1,1,0,0,1,1,0,0,0,0,2,0,0,0,0,4,0,0,0,1,1,1,0,0,0,0,0,0,0,0,0,0,0,0,0,0,0,0,1,1,1,0,0,0,0,1,0,1,0,1,0,0,0,0,0,1,2,0,0,0,1,1,1,1,0,0,0,0,2,1,0,0,1,0,0,0,1,2,0,1,0,1,0,0,1,1,0,0,0,0,1,0,0,5,0,0,0,0,0,1,2,1,1,1,0,0,0,1,1,0,3,0,1,1,0,2,0,1,0,0,0,0,0,1,2,0,0,0,0,0,1,1,0,1,1,1,0,0,0,0,0,1,1,0,2,0,2,1,0,0,0,0,1,0,1,0,1,1,1,0,0,0,1,1,0,0,0,0,1,0,0,1,0,0,0,1,0,1,2,2,0,0,0,0,0,1,0,0,0,0,0,2,0,2,0,0,2,1,0,0,1,1,0,0,0,0,0,1,0,1,0,0,1,2,1,0,1,0,2,2,0,0,0,0,0,0,0,0,0,0,0,0,0,0,1,0,0,0,0,0,1,1,0,0,0,0,0,4,1,0,4,0,2,1,0,1,0,1,0,2,0,0,0,4,0,0,0,1,3,0,0,0,1,0,1,0,0,2,0,0,0,1,0,1,1,0,1,3,0,0,0,0,0,0,0,1,1,0,1,0,0,0,0,2,0,0,2,0,0,0,0,0,0,0,0,0,0,1,0,1,0,0,2,0,0,0,0,1,0,2,2,0,0,0,0,1,0,0,0,0,0,0,2,0,1,0,0,0,2,0,0,0,0,1,0,0,0,0,0,0,0,2,1,1,1,0,0,0,0,0,0,0,0,1,0,0,2,1,0,1,0,0,0,1,0,0,0,0,0,0,0,1,0,0,0,0,0,0,0,1,0,1,0,1,1,2,0,2,0,2,2,0,0,1,0,0,0,0,0,2,0,0,0,0,2,3,0,0,1,0,0,0,0,0,0,0,0,0,2,0,1,1,0,0,0,0,0,0,0,1,0,1,1,0,1,3,0,1,1,0,0,0,0,0,1,0,0,0,0,0,0,1,0,2,0,2,0,0,1,0,0,1,1,1,0,3,0,0,0,0,0,0,1,0,0,0,0,1,0,1,0,0,0,0,0,1,0,2,4,0,0,1,0,0,1,1,0,0,0,0,0,1,0,0,0,0,1,0,0,1,0,0,1,0,0,0,0,0,0,0,0,1,0,0,0,2,0,0,0,1,0,0,0,0,0,0,0,0,0,0,0,0,0,0,0,0,0,0,0,0,1,1,0,1,0,2,0,0,0,0,1,0,0,1,1,0,1,1,0,0,0,0,0,0,1,0,0,0,0,0,1,0,0,0,1,0,1,0,0,1,2,0,0,1,0,0,1,0,0,0,0,0,0,2,1,0,0,1,1,0,1,2,0,0,0,0,0,0,0,1,0,2,0,0,3,0,0,0,1,0,0,4,0,0,1,1,1,0,0,0,0,0,2,0,1,1,0,0,0,0,1,0,1,0,1,0,1,0,0,0,0,1,1,0,0,1,1,3,0,1,2,0,2,0,0,1,0,1,0,0,0,0,0,0,0,0,0,0,0,0,0,0,1,0,1,0,0,0,1,1,2,0,0,0,0,0,2,2,0,2,1,0,0,0,0,0,0,0,0,2,0,0,0,1,1,2,0,0,0,1,0,0,0,0,0,0,1,0,0,1,0,2,0,0,2,0,0,0,0,0,0,0,0,2,0,0,0,2,0,0,1,0,0,0,0,0,0,0,0,0,0,0,0,3,1,4,0,1,0,0,1,0,0,0,0,2,2,0,0,0,0,0,1,0,0,0,0,0,0,3,1,1,0,1,0,0,0,1,1,0,0,0,0,0,0,0,2,1,1,0,0,0,0,0,0,1,1,0,0,0,1,1,0,0,0,0,0,0,0,0,0,1,2,1,0,0,0,0,0,0,1,0,0,1,0,0,0,1,0,0,0,0,0,0,2,0,0,0,1,0,0,0,1,0,0,1,0,1,0,0,0,0,0,0,1,0,1,1,0,0,3,1,0,0,1,2,0,0,0,0,1,0,0,0,0,0,0,0,0,0,0,0,2,1,0,0,0,0,2,0,0,3,4,1,0,1,0,0,1,0,0,1,2,0,0,0,0,0,0,1,0,2,0,0,0,2,1,0,0,1,0,1,0,0,1,0,1,0,2,0,1,0,1,0,0,3,1,0,3,0,0,0,0,1,1,0,1,0,1,0,0,0,0,0,0,1,1,0,0,0,0,0,1,0,0,0,0,0,0,0,0,3,0,0,0,0,0,0,2,0,0,0,0,0,0,0,0,0,0,0,2,0,0,1,1,2,0,0,0,0,0,0,0,3,0,1,0,0,0,0,0,1,0,0,2,0,0,0,1,2,0,2,0,0,1,0,1,0,0,0,0,0,1,0,0,0,0,0,0,1,0,1,5,0,0,0,0,0,0,0,0,1,2,0,0,1,1,0,0,0,0,0,1,1,0,0,0,1,0,0,0,0,0,0,1,0,1,0,0,0,1,0,0,0,0,0,0,0,0,1,0,0,3,0,0,0,0,1,3,1,0,0,0,1,2,1,0,1,1,0,0,1,0,0,0,0,0,1,0,0,4,1,0,0,0,0,1,0,0,2,0,1,0,0,1,0,0,0,1,0,0,1,1,0,0,0,0,0,0,1,2,0,0,0,0,2,0,1,1,0,0,0,0,2,1,0,0,0,2,1,0,0,0,0,0,0,0,0,0,1,1,0,0,2,0,0,0,0
SWAP70,0,0,0,0,0,0,0,0,0,0,2,0,0,0,0,0,0,0,0,0,0,0,0,0,0,0,0,0,0,0,0,0,0,0,0,0,0,0,1,1,0,0,0,0,0,1,1,0,0,0,0,0,0,0,0,0,1,0,0,0,0,0,0,0,0,0,0,0,0,1,0,0,0,0,0,0,0,0,0,0,0,0,0,0,0,0,0,0,0,0,0,0,0,0,0,2,0,0,0,1,0,1,0,0,0,0,0,0,0,0,0,0,0,0,0,0,0,0,0,0,0,0,0,0,0,0,0,1,0,0,0,0,0,0,0,0,0,0,0,0,0,0,0,0,0,0,0,0,0,1,0,0,0,0,0,0,0,0,0,0,0,0,0,0,0,0,0,0,0,0,0,0,0,0,0,0,0,0,0,0,0,0,1,0,0,2,0,0,0,0,0,0,0,0,0,1,0,0,0,0,0,0,0,0,0,0,0,0,1,0,0,0,0,0,0,0,0,0,0,0,0,0,0,0,0,0,1,0,0,0,0,0,1,1,0,0,0,1,0,1,0,0,0,0,0,0,0,0,0,0,0,0,0,0,2,0,0,0,0,1,0,0,0,0,0,0,0,0,0,0,0,0,0,0,0,0,0,0,0,0,1,0,0,0,0,0,0,1,0,0,0,0,0,0,0,0,0,0,0,0,0,0,0,0,0,0,0,0,0,1,0,0,0,0,0,0,0,0,1,0,0,0,0,0,0,0,1,0,1,0,0,0,0,0,0,0,0,0,0,0,0,0,0,0,0,0,0,0,1,1,0,0,1,0,0,0,0,0,0,0,0,1,0,0,0,0,0,0,1,0,0,0,0,0,0,1,0,0,0,0,0,0,0,0,0,0,0,0,0,0,0,2,0,1,0,0,1,0,0,0,0,0,0,0,0,0,0,1,0,0,0,0,0,0,0,0,0,2,0,0,0,0,0,0,0,0,0,0,0,0,0,0,0,0,0,2,0,0,0,0,0,0,0,0,0,0,0,0,0,0,0,0,0,0,0,0,0,0,0,0,0,0,0,1,0,0,0,0,0,0,0,0,0,0,0,0,0,0,1,0,0,0,0,0,0,0,0,0,0,0,0,0,0,0,0,0,0,0,1,0,0,0,0,0,0,0,0,0,0,0,0,0,0,0,0,0,0,0,0,0,0,0,0,0,0,1,0,0,1,0,0,1,0,0,0,1,0,1,0,0,1,0,0,0,0,1,0,0,0,0,0,0,0,0,0,0,2,0,0,0,0,0,4,0,0,0,0,0,0,0,0,0,0,0,0,0,0,0,0,0,0,0,0,1,0,0,1,0,1,0,0,0,0,0,0,1,0,0,0,1,0,0,0,0,0,1,0,0,0,0,0,4,0,0,0,0,0,0,0,0,1,0,0,0,0,0,0,0,0,0,0,0,0,0,0,0,0,0,0,1,0,0,0,0,0,0,0,0,0,0,0,0,0,0,0,0,0,0,0,0,0,1,1,0,0,0,0,0,0,0,0,0,0,0,0,0,0,0,0,0,0,0,0,0,0,0,0,0,0,0,0,0,0,0,0,0,0,0,1,0,0,0,0,0,1,1,0,0,0,0,0,0,0,0,0,0,0,0,0,0,0,0,0,0,0,0,1,0,0,0,0,0,3,0,0,0,1,1,0,1,0,0,0,0,0,0,0,0,0,0,0,0,0,0,2,0,0,0,0,0,1,0,1,0,0,0,0,0,0,0,0,0,0,0,0,0,0,0,0,0,0,0,0,0,0,1,0,0,0,0,0,0,0,0,0,0,0,0,0,0,0,0,0,0,0,0,0,2,1,0,0,0,0,0,0,0,0,0,0,0,0,0,0,3,0,0,0,0,0,0,0,1,0,0,0,0,0,0,0,1,0,0,0,0,0,0,0,0,0,0,0,0,0,0,0,0,0,0,0,0,0,0,0,0,1,0,0,1,0,0,2,0,0,0,0,0,0,0,0,0,0,1,0,0,0,0,1,0,0,1,0,0,0,0,0,0,2,0,1,0,1,0,0,0,0,0,0,1,0,0,0,0,0,0,0,0,0,0,0,1,0,0,0,0,0,0,0,0,0,0,0,0,0,0,0,0,0,0,0,0,0,0,0,0,0,0,0,0,0,0,0,0,0,0,0,0,2,0,0,0,0,0,0,0,0,0,0,0,0,0,0,0,0,0,0,0,0,0,0,0,0,0,0,0,0,0,0,0,0,0,1,0,0,0,0,0,0,0,0,0,0,0,1,0,0,0,0,0,0,0,0,0,0,0,0,0,3,1,0,0,0,1,0,0,0,0,0,0,0,0,0,0,2,0,0,0,0,0,0,0,0,0,0,0,0,0,0,0,0,0,0,0,0,0,0,1,0,0,0,0,1,1,0,0,0,0,0,1,0,0,1,0,0,0,0,0,0,0,0,0,0,0,0,0,0,0,0,0,0,1,0,0,0,1,0,0,0,0,0,0,0,0,0,0,0,0,0,0,0,0,0,0,0,0,1,0,0,0,0,0,0,0,1,0,0,0,0,0,1,0,0,0,0,0,0,0,0,0,0,0,0,0,0,0,0,0,0,0,0,0,0,0,1,0,1,0,0,0,0,0,0,0,0,0,0,0,0,0,0,0,0,0,0,0,0,0,0,0,1,0,0,0,0,0,0,0,0,0,0,0,0,0,0,0,0,0,0,0,2,0,0,0,0,0,0,0,0,0,0,0,0,0,0,0,0,0,1,0,0,0,0,0,0,0,1,0,0,1,0,0,0,0,0,0,0,0,0,0,0,0,0,0,0,0,0,0,0,2,1,0,0,0,0,0,0,0,0,0,0,0,0,0,0,0,0,1,0,0,0,0,0,1,0,0,0,0,0,0,0,0,0,0,0,0,0,0,0,0,0,0,1,0,0,0,0,2,0,0,0,0,0,0,0,1,0,0,0,0,0,0,0,0,0,0,0,0,0,0,0,0,0,0,0,1,0,0,0,0,0,0,0,0,0,0,0,0,0,0,0,2,0,2,0,0,0,0,0,0,0,0,0,0,0,0,0,0,0,0,0,0,0,2,0,0,0,1,0,0,0,0,0,0,0,0,1,0,2,0,0,0,0,1,0,0,0,1,1,0,0,0,2,0,0,0,0,0,0,0,1,0,0,0,0,0,1,0,0,0,0,1,0,0,0,0,0,0,0,0,0,0,0,0,0,0,0,0,0,0,0,0,0,0,1,0,0,0,0,0,0,0,0,0,0,0,0,0,0,0,0,0,0,0,0,0,0,1,0,0,0,0,0,0,0,0,0,0,0,0,1,0,0,0,0,0,0,0,0,0,0,1,0,0,0,0,0,0,0,0,0,0,0,0,0,0,0,0,0,0,0,0,0,0,0,0,0,0,0,0,0,0,1,0,0,0,0,0,0,0,0,0,0,0,0,0,0,0,0,0,0,0,0,0,0,0,0,0
TOB1,2,0,0,0,0,1,0,2,0,0,0,0,0,0,1,0,0,1,0,1,1,0,0,0,0,0,0,0,0,0,0,0,0,0,0,0,0,1,0,0,0,0,0,1,0,0,0,0,0,0,0,0,1,0,0,0,0,0,0,0,0,1,1,0,0,0,0,0,0,0,0,0,0,0,0,0,0,0,0,0,0,0,0,1,0,3,0,0,1,0,1,2,0,0,0,0,0,0,0,0,0,1,0,1,1,0,0,1,1,0,0,2,0,0,0,0,0,0,0,0,0,0,0,0,0,1,0,0,0,0,0,0,1,0,0,0,1,0,0,0,0,2,0,0,1,0,0,1,0,0,0,0,0,0,0,0,0,0,1,1,0,0,0,0,0,0,0,0,1,0,0,0,0,0,0,0,0,1,0,0,0,0,0,0,0,0,0,1,1,0,1,2,0,0,0,0,0,0,0,0,0,1,0,0,0,1,0,0,0,1,1,0,0,0,0,0,1,0,0,0,0,0,0,0,0,0,0,1,1,1,0,0,0,0,1,1,0,0,0,0,0,0,0,0,1,0,0,0,0,0,0,0,0,0,0,0,0,0,0,0,0,0,0,0,0,2,1,0,0,0,1,2,1,1,0,0,0,0,0,0,0,0,1,0,0,0,0,0,0,0,2,1,0,0,0,0,0,0,0,0,1,0,0,0,2,0,0,0,0,0,0,0,0,0,0,0,0,3,1,0,0,0,0,0,3,2,0,2,0,0,0,0,1,0,0,0,2,0,0,0,1,0,0,0,0,1,2,0,0,0,1,0,2,0,0,0,0,0,0,0,0,0,0,0,0,0,0,0,1,0,0,1,0,0,0,1,0,1,0,0,0,0,1,0,0,0,0,0,0,0,0,0,0,1,1,0,0,1,0,0,1,0,0,0,0,3,1,0,1,1,0,0,0,1,0,0,0,0,0,0,0,3,2,0,0,0,0,0,0,1,0,0,0,0,1,0,0,1,0,3,0,0,0,0,2,1,0,0,0,0,1,0,0,0,0,2,0,1,0,0,0,1,1,0,0,0,0,0,0,0,0,0,0,0,0,1,2,0,0,0,0,0,2,0,1,0,0,2,0,0,0,1,0,0,0,0,1,0,0,0,0,0,0,0,0,0,0,0,0,1,0,0,0,0,0,1,0,0,0,0,0,0,0,0,0,0,0,0,0,0,0,0,0,0,1,0,0,0,0,0,0,0,0,0,0,0,0,0,0,0,0,4,0,0,0,0,0,0,3,0,0,4,0,0,1,0,1,0,1,0,1,0,0,0,0,0,0,0,0,0,0,0,0,0,0,1,0,0,0,0,0,0,0,1,0,0,0,0,0,0,0,0,0,0,0,1,2,0,0,1,0,0,0,0,0,0,3,2,0,0,0,0,2,2,0,0,1,0,1,1,0,0,0,0,0,0,0,0,0,0,0,0,0,0,0,0,1,0,0,0,0,0,0,0,0,0,0,1,0,0,1,0,1,0,0,1,0,0,1,0,1,1,0,0,1,1,1,0,1,0,0,0,4,0,0,1,0,0,0,0,0,0,1,0,0,4,0,1,0,0,0,0,0,0,0,0,0,0,0,1,1,0,0,1,0,0,0,0,0,0,0,0,0,1,0,1,0,0,0,0,0,0,0,0,0,0,0,0,2,0,0,0,0,1,0,0,0,2,1,0,0,1,0,0,0,2,0,0,0,0,0,1,0,0,2,0,0,0,1,0,0,1,0,0,0,0,0,0,1,2,1,0,0,0,0,0,2,0,2,0,0,0,0,0,2,0,0,0,0,0,0,0,0,0,1,0,1,1,0,1,0,0,0,0,0,0,0,0,1,0,0,0,1,0,0,1,0,0,2,0,0,0,0,0,0,3,0,0,1,0,0,0,2,0,0,0,0,1,0,1,0,0,0,1,0,0,0,1,0,0,0,1,0,0,0,0,1,0,0,0,0,0,0,0,0,0,0,0,0,0,1,0,0,0,0,0,0,0,0,0,0,0,0,0,0,0,0,0,0,0,0,1,0,1,0,0,0,0,0,0,0,0,2,0,1,0,0,0,0,0,0,0,0,0,1,0,0,0,1,0,1,0,0,0,0,0,0,3,0,0,0,0,0,0,0,0,1,0,0,2,0,0,0,0,0,0,0,0,0,0,0,1,0,0,0,0,0,2,0,0,0,1,0,0,1,1,0,1,0,0,1,1,0,1,0,1,2,0,0,0,0,2,0,0,0,3,0,0,0,1,0,1,0,0,1,0,0,0,0,1,2,0,1,1,0,0,0,0,0,0,0,0,0,0,2,0,0,0,0,1,1,0,0,1,0,1,1,1,0,1,1,0,1,0,0,0,0,0,0,0,1,0,1,0,0,0,0,0,1,0,1,0,1,0,0,1,0,0,0,1,1,0,0,1,0,0,0,0,1,0,0,1,0,0,0,0,1,0,0,0,1,0,0,1,0,0,0,0,0,1,1,1,2,0,1,0,0,1,0,1,1,0,0,2,1,0,0,0,0,0,0,0,0,0,0,0,0,0,0,0,0,0,0,0,0,0,0,0,0,1,0,0,2,0,0,0,0,0,0,0,1,0,1,4,0,0,2,0,0,0,0,0,0,0,0,0,0,1,0,0,0,0,0,0,1,0,0,0,0,0,1,1,0,1,1,1,0,0,0,0,0,1,0,0,1,0,0,0,0,1,2,0,1,0,0,0,0,0,1,1,0,0,0,0,1,0,0,0,0,0,0,0,0,0,0,0,0,0,1,0,1,0,0,0,0,0,1,0,1,0,1,1,0,0,0,0,0,0,0,0,0,0,0,0,0,1,0,0,1,0,0,0,2,0,0,0,0,0,0,0,2,0,0,0,0,0,1,1,2,0,0,0,1,2,0,0,0,0,1,0,0,0,0,0,0,0,0,1,0,0,0,0,0,0,1,2,0,0,3,0,0,0,0,0,1,1,1,1,1,0,0,0,1,0,1,0,2,0,0,0,0,1,0,0,0,1,0,1,0,0,0,0,0,0,0,0,0,0,0,0,0,0,0,0,0,0,0,0,0,0,1,0,0,0,0,0,0,0,0,1,0,0,0,0,5,0,0,0,0,1,0,0,0,0,0,0,0,0,3,1,0,0,0,0,2,0,0,0,0,1,0,0,0,0,0,0,0,0,0,1,1,0,0,0,0,0,0,5,0,0,0,0,0,1,1,1,0,1,1,1,1,2,0,0,1,0,0,0,3,0,0,0,0,1,0,0,0,0,2,0,0,0,0,0,0,1,0,0,1,0,0,0,1,0,1,0,1,0,0,0,0,0,0,1,1,0,0,0,1,0,1,0,1,0,0,0,0,0,0,1,0,0,0,0,1,0,0,0,0,0,0,0,0,0,0,1,0,0,0,0,0,0,0,0,0,1,0,0,1,0,0,0,1,0,0,0,0,0,0,1,0,0,2,0,0,0
PAXX,0,0,0,0,3,1,0,1,0,0,1,0,1,0,1,1,1,0,1,1,1,0,0,0,0,0,0,0,0,2,0,0,2,0,0,2,0,1,0,0,0,1,1,1,0,0,1,0,0,0,1,0,0,3,1,0,1,0,0,0,1,0,2,0,0,1,1,0,0,0,0,0,0,0,0,1,1,0,0,0,1,0,0,0,1,1,0,0,0,0,1,0,3,0,1,0,0,0,1,0,0,1,0,1,0,1,0,1,0,0,3,1,0,0,0,1,1,0,0,0,0,0,1,1,0,0,0,0,2,0,0,1,0,1,0,0,0,0,2,0,2,0,0,1,0,0,0,1,1,0,0,1,2,0,0,1,0,0,0,0,0,0,0,0,0,0,0,0,1,2,0,1,0,0,0,0,0,0,1,0,1,0,0,0,0,3,0,0,0,0,2,0,0,0,2,0,1,1,0,2,0,0,0,1,0,1,0,0,1,0,0,0,1,1,0,0,0,0,1,0,0,0,6,0,1,1,1,0,1,0,2,1,0,0,0,2,0,0,0,0,0,0,1,0,0,0,1,0,0,0,0,0,0,0,0,0,1,0,0,0,2,0,0,0,0,0,0,1,0,2,1,0,0,0,1,0,0,1,0,0,1,1,0,0,0,1,1,0,0,0,0,1,1,2,0,0,1,0,0,1,0,0,0,0,0,0,1,0,0,0,0,0,0,0,1,0,0,0,0,3,0,1,0,0,0,0,0,0,0,1,0,0,0,0,0,0,0,0,0,0,1,1,0,1,0,0,0,0,0,1,2,1,2,0,0,0,0,1,0,1,1,0,1,0,2,0,3,0,1,0,0,1,2,0,2,0,0,2,0,2,0,0,0,0,0,0,0,0,1,0,0,1,0,0,0,0,3,0,0,1,0,0,0,0,0,1,0,0,1,0,0,0,0,0,0,0,0,0,0,0,0,1,0,0,1,0,0,0,0,1,0,0,0,1,1,0,0,0,1,2,1,1,1,0,0,1,0,0,0,0,0,0,0,0,2,1,0,0,0,0,1,1,0,1,0,0,0,1,0,0,0,0,1,0,0,0,1,1,0,1,0,0,2,1,1,1,1,1,1,0,0,1,0,0,0,0,1,0,0,0,1,0,1,1,0,0,0,2,0,0,0,0,0,1,0,0,1,1,1,0,1,3,0,0,0,0,0,0,1,0,1,1,0,0,2,1,1,1,0,0,1,1,0,0,0,0,0,1,0,0,0,0,0,0,0,1,0,0,0,2,1,0,0,0,0,0,1,0,0,0,1,0,0,1,0,0,1,0,0,1,0,0,0,0,1,1,0,1,1,0,1,0,0,1,0,2,1,0,0,0,1,0,0,1,1,0,0,0,0,0,1,0,2,1,1,0,0,0,0,0,2,0,0,0,2,2,0,0,0,0,1,1,3,0,0,0,0,0,0,1,0,0,1,0,1,0,2,0,0,0,1,0,0,0,1,0,0,0,0,1,1,1,0,1,1,0,0,0,0,0,2,0,0,3,3,0,0,0,0,0,0,2,0,0,0,0,0,0,1,0,0,1,3,1,0,0,1,0,0,1,1,3,3,0,0,0,0,0,1,0,0,0,0,1,1,0,0,1,0,0,0,0,3,0,0,3,1,0,1,3,1,1,0,0,2,0,0,0,0,0,0,1,1,1,0,3,0,0,0,0,0,0,0,1,0,0,1,0,0,0,0,0,1,0,0,0,1,1,1,1,0,0,0,1,0,1,0,0,0,1,0,0,0,0,0,0,1,0,2,0,0,1,1,0,0,1,3,2,0,0,0,1,0,0,1,1,0,0,0,1,1,0,0,0,0,0,1,0,0,0,1,0,0,0,0,0,0,0,0,0,0,1,0,0,2,0,1,0,1,1,0,0,1,2,1,0,0,0,2,0,0,0,0,0,0,0,0,0,0,0,1,0,0,0,0,0,1,0,1,0,0,1,0,1,0,2,2,1,2,0,1,0,0,1,1,0,0,0,0,1,0,0,0,0,0,2,0,1,0,0,1,0,0,1,0,0,0,0,1,1,0,1,0,0,0,0,0,0,0,0,0,1,1,0,1,1,0,1,0,0,1,1,1,1,0,0,0,1,0,0,0,0,0,0,0,0,1,0,0,1,0,0,0,0,0,0,0,0,0,1,0,2,0,1,1,1,0,0,0,1,0,1,0,0,0,0,0,0,1,0,1,0,0,0,0,0,0,0,0,1,1,1,1,1,1,0,0,1,0,0,0,0,1,0,0,0,1,0,0,0,1,3,0,0,0,0,0,0,1,2,0,0,0,0,0,1,2,0,1,0,0,1,0,0,0,1,0,4,1,0,0,0,1,2,0,0,0,1,0,0,0,0,0,0,0,0,2,0,0,1,1,0,0,1,0,0,1,0,1,0,2,1,1,0,0,5,0,1,0,0,2,0,0,0,2,1,0,0,0,1,0,2,0,2,0,0,1,1,0,0,1,1,2,0,0,1,0,0,0,1,0,1,1,0,0,0,0,0,1,0,0,0,0,0,0,0,0,0,0,0,0,1,0,0,1,1,2,0,0,0,1,1,1,2,0,0,0,0,3,0,0,1,1,0,0,1,1,0,1,1,1,0,0,0,0,1,0,0,1,0,0,0,2,0,3,2,0,0,0,1,0,1,3,0,1,1,1,1,0,0,1,0,0,0,2,0,1,0,0,0,0,0,1,0,1,1,0,1,1,0,0,0,1,2,1,1,0,1,0,1,0,0,0,0,1,0,0,0,1,0,0,1,1,0,1,5,0,0,1,0,0,1,0,0,0,0,0,0,0,1,0,1,0,0,0,0,0,1,0,0,0,0,0,0,0,1,1,0,0,1,3,0,1,0,0,1,0,0,0,0,1,0,0,1,0,0,0,0,0,0,0,1,0,0,0,0,1,0,0,3,0,0,0,1,0,2,0,0,0,0,0,0,1,0,0,0,0,0,0,0,0,0,0,0,0,0,0,0,1,2,0,1,0,0,0,0,0,2,2,0,0,0,0,2,0,0,0,1,0,1,0,1,0,0,0,0,0,2,0,1,0,0,0,0,0,2,0,2,0,0,0,1,2,0,0,0,1,0,2,0,0,1,0,2,0,0,1,0,2,1,1,2,0,2,0,0,0,1,1,0,0,0,2,0,3,0,1,0,0,1,0,0,0,0,0,0,0,0,0,1,0,1,0,0,0,0,1,0,0,0,0,3,1,0,0,0,0,1,0,0,0,0,0,0,0,0,0,0,1,0,0,2,2,2,0,1,1,0,0,0,0,0,2,1,0,1,0,1,0,0,0,0,0,1,1,0,0,2,3,1,0,0,1,0,0,0,0,0,0,2,1,0,0,0,0,0,1,1,1,0,0,0,0,1,0,1,0,0,0,0,0,0,2,0,0,0,1,3,1,0,0,0,0,0,0,0,0,2,2,3,1,0,0,1,0,3
TMEM154,0,0,0,0,0,0,2,1,0,0,0,0,0,0,0,0,0,0,0,0,0,1,0,0,0,0,0,0,0,1,0,0,1,0,0,0,1,0,0,0,0,0,0,0,0,0,1,0,0,0,0,0,0,0,0,0,0,0,0,0,1,1,0,0,1,0,0,0,1,0,0,0,0,1,0,0,0,1,1,1,0,0,0,2,0,0,0,0,0,1,0,0,1,1,0,3,0,0,0,1,0,0,1,2,0,0,0,0,2,0,0,0,0,1,0,0,0,0,0,0,0,1,1,0,0,0,0,0,0,1,0,0,0,0,0,0,0,0,0,0,0,0,0,0,1,0,0,1,1,0,1,0,0,0,0,0,0,0,0,1,0,0,1,0,0,0,1,0,2,0,2,0,0,0,0,1,0,0,1,1,0,0,2,0,0,2,0,0,0,0,0,0,0,0,0,2,0,0,0,1,0,0,1,1,0,0,0,1,1,0,0,0,0,0,0,0,0,0,0,0,0,1,0,1,1,0,1,1,1,0,0,0,0,1,0,0,0,0,0,0,1,0,2,0,0,0,0,0,1,0,0,1,1,0,0,0,0,0,0,0,0,1,0,2,0,0,0,0,0,0,0,0,0,0,1,0,0,0,1,0,1,0,0,0,1,0,0,1,0,0,0,1,1,1,0,0,0,0,0,0,1,0,0,0,0,0,0,0,0,0,0,0,2,0,0,0,1,0,1,1,0,0,0,0,0,0,0,2,1,0,0,1,0,0,0,0,0,1,0,0,2,0,0,0,2,0,1,0,3,0,0,0,0,0,0,0,1,0,0,0,0,0,2,0,0,0,0,0,0,0,0,1,0,0,0,2,0,0,0,0,1,0,0,0,0,0,0,0,0,0,0,1,0,0,1,0,3,0,0,2,0,0,0,0,1,0,0,1,0,0,0,0,0,0,0,0,0,0,0,0,0,0,0,0,1,0,0,0,0,0,0,0,0,0,1,0,0,0,1,0,0,0,0,0,0,0,0,1,1,0,0,0,0,0,0,0,0,0,0,2,0,0,0,0,0,1,0,0,0,1,1,1,0,0,0,0,0,0,0,0,0,0,0,0,0,0,0,1,0,0,0,0,0,1,0,0,0,0,0,0,0,0,0,0,0,0,0,1,0,0,0,0,0,0,0,0,0,0,0,0,1,0,0,0,0,0,0,0,0,1,1,1,0,0,0,0,0,0,0,0,0,0,0,0,0,2,0,0,0,0,0,0,0,0,0,0,1,0,0,0,0,1,0,0,0,0,0,0,0,0,0,0,0,0,0,0,0,0,1,0,1,0,0,1,0,0,0,0,1,0,0,1,0,2,0,1,0,0,1,1,0,1,0,0,0,0,0,0,0,0,0,0,0,0,0,0,0,0,0,0,0,0,0,0,0,0,0,0,0,0,1,0,0,0,0,0,0,0,2,0,1,0,1,0,0,0,0,0,0,0,0,0,0,0,0,1,1,0,0,2,0,0,1,0,0,0,0,0,0,3,0,1,0,0,0,0,0,0,0,0,1,1,0,0,0,0,0,0,0,0,0,0,0,0,0,0,0,0,1,0,0,1,0,0,0,0,0,1,0,0,0,0,0,0,0,0,0,1,0,0,0,0,0,0,0,0,0,0,0,0,0,0,1,0,0,0,0,0,0,1,0,0,0,1,0,0,4,0,0,0,1,1,0,0,1,0,0,0,0,0,1,0,0,0,0,0,0,0,0,0,0,0,0,0,0,0,0,0,0,0,0,0,0,0,1,0,0,0,0,0,0,0,1,2,1,0,0,0,1,0,0,0,0,0,0,0,0,2,1,0,0,0,0,0,0,0,0,0,0,0,0,1,0,0,2,0,0,0,0,0,0,0,0,0,0,0,0,0,0,2,0,0,0,0,0,0,0,0,0,1,0,0,0,0,0,0,0,0,0,0,0,0,0,0,0,0,0,0,0,0,1,0,3,0,0,0,0,0,0,1,1,2,0,0,1,0,1,0,0,1,0,0,0,0,1,0,0,0,0,0,1,0,0,0,0,1,0,2,0,0,0,0,0,0,0,0,1,0,0,1,0,0,1,0,0,1,0,0,0,1,1,0,0,0,1,0,0,0,0,0,0,0,0,0,1,2,0,1,0,0,0,0,0,0,0,0,1,0,0,0,0,0,0,0,0,1,1,0,0,0,0,1,0,0,0,1,0,0,0,0,0,0,0,0,0,1,0,0,1,1,0,0,0,0,1,0,0,1,0,0,0,1,0,0,0,0,0,0,0,0,0,0,0,0,0,1,0,1,0,0,0,0,0,0,0,0,1,0,0,0,1,0,0,0,1,0,0,0,0,0,0,0,0,0,0,0,0,0,0,0,0,1,0,0,0,0,0,0,0,0,1,0,0,0,0,0,0,0,0,1,0,0,0,2,0,0,0,0,0,2,0,0,1,0,0,0,1,0,0,0,0,0,0,2,0,0,0,0,1,1,0,0,0,0,3,0,0,0,0,0,0,0,0,0,0,0,1,0,0,0,0,0,0,0,0,0,0,0,0,1,1,0,0,0,1,0,1,0,0,0,0,0,0,0,0,0,0,0,0,0,1,0,0,0,1,1,1,2,0,0,0,0,0,0,0,0,0,0,0,0,0,0,0,0,0,0,0,0,1,0,0,0,0,0,0,0,0,0,2,0,0,0,0,1,0,0,1,0,0,0,0,0,1,0,0,0,0,0,0,0,0,0,0,1,0,0,0,0,1,0,0,0,0,0,0,0,0,0,0,0,3,0,0,0,0,1,0,0,0,0,0,0,0,0,0,1,0,0,1,0,0,0,1,1,0,0,0,0,0,0,1,0,0,0,0,1,0,0,0,0,0,0,0,0,0,0,0,0,1,0,0,0,0,0,0,0,0,0,0,1,0,0,0,0,0,1,0,0,1,0,0,0,0,0,0,0,0,0,0,0,0,0,0,0,0,0,0,0,0,2,0,0,0,0,0,0,0,0,0,0,0,0,0,0,0,0,0,0,0,0,0,2,0,0,0,0,0,0,0,0,2,1,0,0,0,0,0,0,0,0,0,0,0,1,0,0,0,0,1,0,0,2,0,0,0,0,1,0,0,0,0,0,0,0,1,0,1,0,0,0,1,0,0,0,1,0,0,1,0,1,0,0,0,0,0,0,0,0,0,0,0,0,0,0,0,0,0,2,0,0,0,0,0,0,0,0,0,0,0,0,0,0,0,0,0,0,0,0,0,0,0,0,0,1,0,0,1,0,0,0,0,0,0,0,0,0,0,1,0,0,0,0,0,0,1,0,2,0,2,0,0,0,1,0,2,0,1,0,0,0,0,0,0,0,0,1,1,1,0,1,0,0,0,3,0,0,0,0,0,0,2,0,0,0,1,0,0,1,0,0,0,1,0,0,0,0,0,0,0,0,0,0,0,0,0,0,0,1,0,0,0,0,0,0,0,0
LGALS9,0,0,0,1,0,0,1,0,0,0,0,0,3,0,1,1,0,0,0,0,0,0,1,0,0,0,0,0,1,0,0,0,0,1,1,0,0,0,2,1,0,0,0,0,0,0,0,2,0,0,0,0,1,0,0,0,0,0,0,0,1,0,0,0,0,0,0,0,1,0,0,0,0,1,2,0,0,0,0,1,0,0,1,0,0,0,0,0,1,0,1,0,0,0,1,0,0,1,0,0,0,0,2,1,0,1,0,0,1,0,0,0,0,0,0,0,0,0,0,0,0,0,1,0,0,0,0,0,0,0,0,0,0,0,1,0,0,0,1,0,0,0,0,0,6,0,0,0,0,0,0,0,0,1,0,0,0,0,0,1,0,0,4,0,0,0,0,0,0,8,0,0,0,1,1,0,0,0,1,0,0,0,0,1,1,0,0,0,1,1,1,1,0,0,0,1,0,1,0,0,1,0,0,0,0,0,0,0,1,0,0,0,0,0,0,0,0,0,1,0,0,0,0,0,0,0,0,0,0,0,1,0,2,3,0,0,0,0,0,0,1,0,0,0,0,1,0,0,1,0,0,0,0,0,1,0,0,0,1,1,0,0,0,0,0,0,0,1,0,0,0,3,0,0,0,0,0,0,0,0,0,0,1,0,0,0,0,2,0,0,0,0,1,0,0,0,0,0,0,0,0,0,0,0,2,0,0,0,4,0,0,0,0,0,0,0,0,0,0,0,0,0,3,0,0,0,0,0,1,0,0,1,0,0,0,0,0,1,0,1,0,0,2,0,0,0,0,0,0,0,1,0,1,0,0,0,0,0,2,0,0,0,1,0,0,0,5,0,0,0,0,0,0,0,0,5,0,0,0,0,0,0,1,0,0,0,0,0,0,0,0,4,0,3,0,1,0,0,1,1,1,0,0,0,0,0,0,1,0,0,0,0,1,0,0,1,0,1,0,2,0,0,0,0,2,0,0,0,0,0,0,0,0,0,1,0,0,0,0,1,0,0,5,0,1,3,0,0,0,0,0,0,0,0,0,2,0,1,3,0,0,0,0,0,0,2,0,0,2,1,0,1,0,0,0,0,1,0,0,0,0,0,0,0,0,0,0,0,0,1,0,0,0,1,0,0,0,0,0,0,0,0,0,0,0,0,0,4,0,0,0,0,0,0,0,0,0,1,0,0,0,0,0,1,0,1,0,0,0,0,1,1,0,0,0,0,0,2,0,0,3,0,0,0,0,0,0,0,5,0,0,4,0,0,3,0,1,2,0,0,0,0,0,0,0,0,0,0,0,1,0,0,1,0,0,3,0,0,0,0,0,0,0,0,0,0,0,0,1,0,0,0,0,1,0,0,0,0,0,0,0,2,0,0,0,3,2,0,0,0,0,0,0,0,0,0,0,1,0,1,0,0,0,0,0,0,0,0,0,0,0,0,0,0,0,0,1,0,0,2,0,1,0,0,0,0,0,0,0,0,0,0,0,1,0,1,1,0,1,2,0,0,0,0,0,0,0,0,0,0,1,0,2,0,0,0,0,1,0,0,0,4,1,0,0,0,0,0,0,0,0,0,0,0,0,0,0,0,0,1,0,0,0,0,0,1,0,0,0,7,0,1,0,0,1,0,0,0,0,0,0,0,0,0,1,0,0,0,0,0,0,0,0,0,0,0,0,0,0,0,1,0,0,0,0,0,0,0,0,0,0,0,0,0,0,0,0,0,0,0,0,0,0,1,0,0,0,0,0,0,0,0,0,0,3,0,1,0,0,2,0,0,0,1,0,2,0,0,0,0,0,0,0,0,2,0,0,0,0,0,0,0,0,0,0,0,0,0,0,0,0,0,0,0,0,0,0,0,0,0,0,0,1,0,1,0,0,1,0,0,0,0,0,0,0,0,0,0,1,1,0,3,0,0,0,0,0,0,0,0,0,0,0,0,0,0,0,2,0,0,0,0,0,0,1,0,0,2,0,0,0,0,2,0,0,0,0,0,0,1,0,0,0,2,1,0,1,0,0,1,0,0,0,0,0,2,1,0,2,0,0,0,1,0,0,0,1,0,5,1,0,0,0,0,1,0,0,0,0,1,0,5,2,0,0,0,0,0,2,2,0,0,0,1,0,0,0,5,0,0,0,0,0,0,0,0,1,0,0,0,0,0,0,0,0,0,0,0,0,1,0,0,0,0,0,2,0,1,0,0,0,2,0,0,0,0,0,0,1,0,0,0,0,1,0,0,0,0,0,1,1,0,0,0,0,0,0,0,0,1,0,0,0,0,0,0,0,0,0,0,2,0,1,0,0,0,1,0,3,0,1,1,0,0,0,0,0,0,0,1,1,6,1,0,0,4,0,0,0,0,0,1,1,0,0,0,0,0,0,0,1,1,0,0,0,0,1,0,0,1,0,0,2,5,3,0,1,0,0,1,1,0,0,0,0,0,0,0,1,0,0,0,0,0,1,0,1,0,0,0,1,0,0,3,0,0,0,0,1,0,0,0,2,0,0,0,0,0,1,1,0,0,0,0,0,0,0,0,0,0,0,0,0,1,0,0,0,0,1,0,0,0,0,0,0,0,0,1,0,0,0,0,1,0,0,1,0,0,0,0,0,1,0,4,1,0,0,2,0,0,0,1,0,0,0,0,0,1,0,0,1,0,0,1,0,0,0,0,0,4,0,0,0,0,0,0,0,0,0,0,1,0,0,0,0,0,1,0,3,0,0,0,0,0,0,1,0,0,0,1,0,0,0,2,1,0,0,0,0,0,0,0,0,0,1,1,1,0,0,0,0,0,0,0,0,0,0,0,0,0,0,0,0,0,0,0,0,1,0,0,2,0,0,0,0,0,2,0,0,0,0,0,1,0,0,1,0,0,0,0,0,1,0,0,0,0,0,0,1,2,0,0,3,0,0,1,1,0,0,1,1,0,0,0,0,0,0,1,1,0,4,1,0,0,0,0,0,0,0,0,0,0,0,0,0,0,0,0,0,0,0,1,0,0,0,0,0,0,0,1,0,0,0,0,0,0,0,0,0,1,4,0,0,0,0,0,0,0,0,0,0,0,0,0,3,0,2,0,0,0,0,4,0,1,0,0,0,0,0,0,0,0,0,0,0,0,0,0,0,0,1,0,0,0,0,0,0,0,0,1,4,0,0,0,0,1,0,2,0,6,0,0,1,1,0,1,0,0,0,0,0,0,0,0,1,0,0,6,1,0,0,0,1,1,0,0,0,0,0,0,0,0,0,0,0,0,0,0,0,0,1,0,0,0,0,0,0,0,0,0,0,0,0,0,0,0,0,0,0,2,0,0,1,0,0,0,5,0,0,0,0,0,0,0,5,0,0,0,0,2,0,0,0,0,0,1,0,0,0,0,0,0,0,0,0,0,0,1,1,0,0,4,0,1,0,0,0,0,0,0,3,0,0,0,0,0,0,0,1,0,0,0,1,0,1,0,0,2,0,0,0,1,0,0,0,0
FCRL5,0,0,0,0,0,0,0,0,0,0,0,0,0,0,0,0,0,0,0,0,0,0,0,0,0,0,0,0,0,0,0,0,0,0,0,0,0,0,0,0,0,0,0,0,0,0,0,0,0,0,0,0,0,0,0,0,0,0,0,0,0,0,0,0,0,0,0,0,0,0,0,0,0,0,0,0,0,0,0,0,0,0,0,0,0,0,0,0,0,0,0,0,0,0,0,0,0,0,0,0,0,0,0,0,0,0,0,0,0,0,0,0,0,0,0,0,0,0,0,0,0,0,0,0,0,0,0,0,0,0,0,0,0,0,0,0,1,0,0,0,0,0,0,0,0,0,0,0,0,0,0,0,0,0,0,0,0,0,0,0,0,0,0,0,0,0,0,0,0,0,0,0,0,0,0,0,0,0,0,0,0,0,0,0,0,0,0,0,0,0,0,0,0,0,0,0,0,0,0,0,0,0,0,0,0,0,0,0,0,0,0,0,0,0,0,0,0,0,0,0,0,1,0,0,0,0,2,0,0,0,0,0,0,0,0,0,0,0,0,0,0,0,0,0,0,0,0,0,0,0,0,0,0,0,1,0,0,0,0,0,0,0,0,0,0,0,0,0,0,0,0,0,0,0,0,0,0,0,0,0,0,0,0,0,0,0,0,1,0,0,0,0,0,0,0,0,0,0,0,0,0,0,0,0,0,0,0,0,0,0,0,0,0,0,0,0,0,0,2,0,0,0,0,0,0,0,0,0,0,0,0,0,0,0,0,0,0,0,0,0,0,0,0,0,1,0,0,0,0,0,0,0,0,0,0,0,0,0,0,0,0,0,0,0,0,0,0,0,0,0,0,0,0,0,0,0,0,0,0,0,0,0,0,0,0,0,0,1,0,0,0,0,0,0,0,0,1,0,0,0,0,0,0,0,0,0,0,0,0,0,0,0,0,0,0,0,0,1,0,0,0,0,0,0,0,0,0,0,0,0,1,0,0,0,0,1,0,0,0,0,0,0,0,0,0,0,0,0,0,0,0,0,0,0,0,0,0,0,0,0,1,0,0,0,0,0,0,0,0,0,0,0,0,0,0,0,0,0,1,0,0,0,0,0,0,0,0,0,0,0,0,0,0,2,0,0,0,0,0,0,0,0,0,0,0,0,0,0,0,0,0,0,0,0,0,0,0,0,0,0,0,0,0,0,0,0,0,0,0,0,0,0,0,0,0,0,0,0,0,0,0,0,0,0,0,0,0,0,0,0,0,4,0,0,0,0,0,0,0,0,1,0,0,0,0,0,0,0,0,5,0,0,0,0,0,0,0,0,0,0,0,0,0,0,0,0,1,0,0,0,0,0,0,0,0,0,0,0,0,0,0,0,0,0,0,0,0,0,0,0,0,0,0,0,0,0,0,0,0,0,0,0,0,0,0,0,0,0,0,0,0,0,0,0,0,0,0,0,0,0,0,0,0,0,0,0,0,0,0,0,0,0,0,0,1,0,0,0,0,0,0,2,0,0,0,0,0,0,0,0,0,0,0,0,0,0,0,0,0,0,0,0,0,0,0,0,0,0,0,0,0,0,0,0,0,0,0,0,0,0,0,0,0,0,0,0,0,0,0,0,0,0,0,0,0,0,0,0,0,0,0,0,0,0,0,0,0,0,0,0,0,0,0,0,1,0,0,1,0,0,0,0,0,0,0,0,0,0,0,0,0,0,0,0,1,0,0,0,0,0,0,0,0,0,0,0,0,0,0,0,0,0,0,0,0,0,0,0,0,0,0,0,0,0,0,0,0,0,0,0,0,0,0,0,0,0,0,0,0,1,0,0,1,0,0,1,0,0,1,0,0,0,0,0,0,0,0,0,0,0,0,0,0,0,2,0,0,0,0,0,0,0,0,0,0,0,0,0,0,0,0,0,0,0,0,0,0,0,0,0,0,0,0,0,0,0,0,0,0,0,0,0,0,0,0,0,0,0,0,0,0,0,0,0,0,0,0,0,0,0,0,0,0,0,0,0,1,0,0,0,0,0,0,0,0,0,0,0,0,0,2,0,0,0,0,0,0,0,0,0,0,0,0,0,0,0,0,0,0,0,0,0,0,0,1,0,0,0,0,0,0,0,0,2,0,0,0,0,0,0,0,0,0,0,0,0,0,0,0,0,0,0,0,0,0,0,0,0,0,0,0,0,0,0,0,0,0,0,2,0,0,0,0,0,0,0,0,0,0,0,0,0,0,0,0,0,0,0,0,0,0,0,0,0,0,0,0,0,0,0,0,0,0,0,0,0,0,0,0,0,0,0,0,0,0,0,0,0,0,0,0,0,0,0,0,0,0,0,0,0,0,0,0,0,0,0,0,0,0,0,0,0,0,0,0,0,0,0,0,0,0,0,0,0,0,0,0,0,0,0,0,0,0,0,0,0,0,0,0,0,0,0,0,0,0,0,0,0,0,0,0,0,0,0,0,0,0,0,0,0,0,0,0,0,0,0,0,0,0,0,0,0,0,0,0,0,0,0,1,0,0,0,0,0,0,0,0,0,0,0,0,0,0,0,2,0,0,0,0,0,0,0,0,0,0,0,1,1,0,0,0,0,0,0,0,0,0,0,0,0,0,0,0,0,0,0,0,0,0,0,0,0,0,0,0,0,0,1,0,0,0,0,0,1,0,0,0,0,1,0,0,0,0,0,0,0,0,0,0,0,0,0,0,0,0,0,0,0,1,0,0,0,0,0,0,0,1,0,0,0,0,0,0,0,0,0,0,0,0,0,0,0,0,0,0,0,0,0,0,0,0,0,0,0,0,0,0,0,0,0,0,0,0,0,0,0,1,0,0,0,0,0,0,0,0,0,0,0,0,0,0,0,0,0,0,0,0,0,0,0,0,0,0,0,0,0,0,0,0,0,0,0,0,0,0,0,0,0,0,0,0,0,0,0,0,1,0,1,0,0,0,0,0,0,1,0,0,0,0,0,0,0,0,0,0,0,1,0,0,0,0,0,0,0,0,0,0,1,0,0,0,0,0,0,0,0,0,0,0,0,0,0,0,0,0,0,0,0,0,0,0,0,0,0,0,0,0,0,0,0,0,0,0,0,0,0,0,0,0,0,0,0,0,0,0,0,1,0,0,0,0,0,0,0,0,1,0,0,0,0,0,0,0,0,0,0,0,0,0,0,0,0,0,0,0,0,0,0,0,0,0,0,0,0,0,0,0,0,0,0,0,0,0,0,0,0,0,0,0,0,0,0,0,0,0,0,0,0,0,0,0,0,0,0,0,0,0,0,0,0,0,0,0,0,0,0,0,0,0,0,0,0,0,0,0,0,0,0,0,0,0,0,0,0,0,0,0,0,0,0,0,0,0,0,0,0,0,0,0,0,0,0,0,0,0,0,0,0,0,0,0,0,0,0,0,0,0,0,0,0,0,0,0,0,0,0,0,0,0,0,0,0,0,0,0,0,0,0,0,0,0,0,0,0,0,0
RPS10,17,3,14,2,7,7,14,10,6,2,5,8,6,12,10,18,8,6,6,9,11,13,13,1,9,4,7,6,12,22,12,22,22,5,2,6,10,17,15,11,14,10,4,19,15,12,9,5,16,12,8,13,5,6,12,5,2,16,17,6,11,14,9,3,11,15,7,0,3,18,2,18,12,3,1,6,1,6,2,11,13,7,5,0,6,20,11,19,8,16,9,13,10,8,10,7,4,13,9,28,4,16,6,12,6,4,3,4,6,7,9,11,2,6,10,24,11,14,2,7,1,4,8,8,17,17,4,3,13,8,3,19,4,8,5,11,8,10,4,8,8,9,19,19,20,2,11,7,32,0,10,2,6,14,8,13,6,4,1,4,6,12,12,1,2,5,1,12,9,20,15,2,17,14,5,2,12,7,6,9,8,4,19,8,1,16,24,9,5,9,10,9,15,12,11,16,3,3,0,22,6,14,5,7,8,4,13,16,10,13,6,2,6,5,9,6,10,13,21,5,1,5,15,13,32,4,6,6,13,9,16,5,13,24,3,7,10,8,9,6,3,5,10,1,10,8,3,6,4,6,12,5,13,4,4,18,13,22,6,1,17,7,10,5,8,6,6,7,25,11,4,16,8,3,10,3,4,18,10,19,4,3,16,11,18,6,13,10,12,14,8,10,13,5,8,4,5,4,7,6,10,11,6,11,2,9,8,3,8,18,14,3,6,12,6,9,15,20,7,10,6,4,8,3,4,8,14,10,9,13,11,11,17,5,3,9,8,5,19,1,14,7,4,17,18,9,7,7,9,11,5,13,16,10,6,4,7,20,13,3,6,8,8,3,2,8,39,11,16,14,3,8,2,10,2,26,14,15,17,13,4,2,14,7,6,1,18,16,5,2,16,21,4,8,11,7,12,6,1,4,4,10,5,12,3,17,12,8,5,17,9,19,7,20,13,13,5,4,6,10,10,17,11,2,9,10,8,7,8,5,2,13,13,8,16,2,4,7,5,15,6,16,21,6,13,24,5,11,10,2,9,8,4,12,13,12,4,11,6,11,6,11,12,10,21,11,11,10,4,3,5,8,6,7,12,9,7,5,7,8,5,12,2,11,3,22,9,10,14,6,9,10,4,9,9,3,18,13,6,6,0,2,8,0,15,10,12,17,1,8,1,6,8,6,2,13,2,7,7,2,8,12,14,3,8,1,11,11,11,23,8,26,5,6,12,11,7,12,8,16,39,12,8,4,8,15,9,13,28,13,17,23,5,12,5,5,4,8,14,3,11,13,8,5,13,15,11,10,13,6,13,6,16,3,16,9,3,19,4,7,6,5,8,8,3,13,11,6,8,1,3,10,1,15,10,23,10,7,7,3,13,6,2,8,28,22,8,8,6,6,9,8,6,10,26,10,14,10,4,7,20,15,6,6,7,6,16,9,4,19,7,15,11,4,2,6,7,14,12,12,10,1,26,10,6,9,16,18,8,1,3,7,5,2,8,3,6,8,3,11,6,17,7,3,14,7,6,5,10,10,18,12,4,11,13,14,2,13,13,7,1,17,13,14,2,14,3,9,0,6,5,11,14,2,7,10,3,17,6,7,4,10,14,9,2,8,9,10,9,28,6,12,3,13,5,13,8,12,6,3,18,6,9,18,6,14,5,9,0,11,8,8,3,8,25,19,9,10,7,6,9,12,9,5,13,4,14,8,6,7,7,10,15,14,6,8,10,3,8,22,4,3,5,10,4,11,10,4,17,9,11,9,9,10,2,6,5,6,6,12,6,4,8,14,3,4,5,19,20,19,14,10,7,1,22,5,6,11,3,14,7,2,9,6,8,9,5,7,10,3,10,2,12,2,11,9,7,0,3,2,6,3,15,18,8,16,9,5,9,2,7,11,4,5,16,14,3,17,8,21,1,10,13,4,9,11,4,30,5,17,7,2,4,3,10,3,2,3,9,2,22,10,4,6,14,7,26,3,11,7,14,0,9,5,14,7,4,10,8,5,7,7,8,6,5,11,19,10,15,10,11,3,4,10,2,6,22,5,15,4,4,13,14,23,13,4,9,11,21,4,10,3,10,10,2,8,7,13,14,11,5,21,5,5,7,9,4,12,5,15,4,19,7,5,4,4,15,17,9,2,11,22,8,11,10,15,13,1,18,9,4,7,8,6,5,4,14,7,9,3,8,12,2,4,6,16,8,4,21,5,19,33,7,6,10,16,16,4,7,15,5,8,7,25,6,9,6,9,9,7,8,8,8,9,8,6,8,3,5,5,11,5,23,3,9,5,7,11,1,16,12,7,4,8,6,7,13,6,6,21,8,13,6,9,4,3,15,8,10,22,21,27,8,17,7,9,3,17,8,6,12,7,13,3,12,4,11,8,12,5,15,3,19,11,12,18,5,5,25,10,11,12,7,16,2,12,7,6,5,5,9,28,4,2,5,12,14,9,4,12,18,2,5,16,1,5,4,17,7,8,5,21,3,21,16,1,5,7,3,14,15,7,6,8,3,18,7,7,10,8,7,7,15,18,6,4,4,6,3,11,3,8,8,7,7,11,6,14,5,14,4,0,14,7,6,8,6,29,2,3,8,19,8,0,13,7,5,10,13,10,5,11,18,28,9,8,7,8,4,4,28,15,8,0,10,6,6,9,15,6,23,6,16,29,15,0,5,11,10,12,14,12,9,12,11,15,6,8,1,11,10,21,5,10,9,17,8,7,6,13,8,6,10,14,15,9,8,17,13,8,7,13,6,11,10,7,9,6,8,6,11,5,8,13,12,23,1,8,17,11,3,5,8,3,3,19,5,5,13,10,5,16,7,3,7,13,4,12,11,9,8,17,4,2,7,17,13,12,15,9,18,16,10,2,5,8,4,4,6,3,9,2,2,11,2,11,5,14,7,4,5,19,9,9,7,7,12,9,3,11,4,12,12,2,1,14,3,9,2,8,12,6,9,0,8,10,8,12,15,12,8,3,11,3,16,4,15,8,2,15,12,5,2,5,17,14,4,20,19,8,16,9,5,13,3,10,12,6,44,9,10,8,18,3,8,11,3,14,9,6,4,32,14,4,3,9,10,2,3,12,12,15,13,7,5,9,5,19,4,23,4,4,15,13,28,11,9,6,5,5,3,9,3,9,7,12,9,10,15,9,21,17,7,8,32,5,5,4,11,20,8,6,1,14,3,4,2,9,0,18,8,8,15,8,1,6,1,21,9,11,3,4,11,5,13,3,11,14,4,17,17,11,8,13,10,10,3,12,18,6,14,13,0,16,6,12,8,14,5,5,15,24,34,0,7,7,9,11,8,9,14,7,4,7,16,4,7,2,15,6,9,10,6,3,19,6,17,9,14,15,7,16,8,6,13,3,6,5,7,10,4,4,13,6,7,4,13,22,7,10,8,12,3,7,2,11,4,3,1,0,3,10,11,12,9,8,14,15,8,10,9,1,2,6,5,5,0,30,8,14,4,44,19,0,6,7
CLEC4E,0,0,0,0,0,0,0,0,0,0,0,0,0,0,0,0,0,0,1,0,0,0,0,1,0,0,0,0,0,0,0,0,0,0,0,0,0,0,0,0,0,0,0,0,0,0,0,0,0,0,0,0,0,0,0,0,0,0,0,0,0,0,0,0,0,0,0,0,0,0,0,0,0,1,0,0,0,0,2,0,0,0,0,0,0,0,0,0,0,0,0,0,0,1,0,1,0,0,1,0,0,0,1,0,0,0,0,0,1,0,0,0,0,0,0,0,0,0,1,0,0,0,2,0,0,0,0,0,0,0,0,0,0,0,0,0,0,0,0,0,0,0,0,0,0,0,3,1,0,0,1,0,0,0,0,0,0,0,0,0,0,0,0,0,0,0,0,0,0,1,0,0,0,0,0,0,0,0,1,0,0,0,0,0,0,0,0,0,1,0,1,0,0,0,0,0,0,0,0,0,1,0,0,0,0,0,0,0,0,0,0,0,0,0,0,0,0,0,0,0,0,0,0,0,0,0,0,0,0,0,0,0,0,0,0,0,0,0,0,0,1,0,0,0,0,0,0,2,3,0,0,0,0,0,0,0,0,0,0,0,0,0,0,0,0,0,0,0,0,0,0,0,0,0,0,0,0,0,1,0,1,1,0,0,0,0,0,0,0,0,0,0,0,0,0,0,0,0,0,0,0,0,0,0,1,0,0,0,0,0,0,0,0,0,0,0,0,0,0,0,0,0,0,0,0,0,2,0,0,0,0,0,0,0,0,0,0,1,0,1,1,0,0,0,0,0,0,0,0,1,0,0,0,0,0,0,0,0,0,1,0,0,0,0,0,0,0,0,0,0,0,0,0,0,0,0,0,0,0,0,0,0,1,0,0,0,0,0,0,0,0,0,0,0,0,0,0,0,0,0,0,0,0,0,1,0,0,0,0,0,0,0,0,0,0,0,0,0,0,0,0,0,0,0,0,0,0,0,0,0,0,0,0,0,0,0,0,0,0,0,0,0,0,0,0,0,0,0,0,0,0,0,0,0,0,0,0,0,0,0,0,0,0,0,0,0,0,0,0,0,0,0,0,0,0,0,0,0,0,0,1,0,0,0,0,0,0,0,0,0,0,0,0,0,0,0,0,0,0,0,0,0,0,0,0,0,0,1,0,0,0,0,0,0,0,0,0,0,0,0,0,0,0,0,0,0,0,0,1,0,1,0,0,0,0,1,0,0,0,0,0,0,0,0,0,0,0,0,0,0,0,0,0,0,0,0,0,0,0,0,0,0,0,0,0,0,0,0,0,0,0,0,0,0,0,1,0,0,0,0,0,0,0,1,0,0,0,0,0,0,0,0,0,0,0,0,0,0,0,0,0,0,2,0,0,0,0,0,0,0,1,0,0,0,0,0,0,0,0,0,0,0,0,0,0,0,0,0,0,0,0,0,0,0,1,0,0,0,0,1,0,1,0,0,0,0,0,0,0,0,0,0,0,0,0,0,0,0,0,4,2,0,0,0,0,0,1,0,0,0,0,0,0,0,0,0,1,0,0,0,0,1,0,0,0,0,0,0,0,0,0,0,0,0,0,0,0,0,0,2,0,0,0,0,0,0,0,0,0,0,0,0,0,0,0,0,0,0,0,0,0,0,0,0,0,0,0,0,0,0,0,0,0,0,0,0,0,0,0,0,0,0,0,0,0,0,0,0,0,0,0,0,0,0,0,0,0,0,0,0,0,0,0,0,0,0,0,0,0,0,0,0,0,0,0,0,0,0,0,0,0,0,0,0,0,0,0,0,0,0,0,0,0,0,0,0,0,0,1,0,0,0,0,0,0,0,0,0,0,0,0,0,0,0,0,0,0,0,0,0,0,0,0,0,0,0,0,0,0,2,0,0,0,0,0,0,0,0,0,0,0,0,0,0,0,0,0,0,0,0,0,0,0,0,0,0,1,0,0,0,0,0,0,0,0,0,0,0,0,0,0,1,0,0,0,0,0,0,0,0,0,0,0,0,0,0,0,0,0,0,0,0,0,0,2,0,0,0,0,0,0,0,0,0,0,0,0,0,0,0,0,0,0,0,0,0,0,0,0,0,0,0,2,0,0,1,0,0,0,0,0,0,0,0,0,0,0,0,0,0,0,0,0,0,0,0,0,0,0,0,0,0,0,0,0,0,0,0,0,1,0,0,0,0,0,0,0,0,0,0,0,0,0,0,0,0,0,0,1,0,0,0,0,0,0,0,0,0,0,0,0,0,0,0,0,0,0,0,0,0,0,0,0,0,0,0,0,0,0,0,0,0,0,0,0,0,0,0,0,0,0,0,0,0,0,0,0,0,0,0,0,0,0,0,0,1,0,1,0,0,0,0,0,0,0,0,0,0,0,0,0,1,0,0,0,0,0,0,0,0,0,0,0,0,0,0,1,0,0,1,2,0,0,0,0,0,0,1,0,0,0,0,0,0,0,0,0,0,0,0,1,0,0,0,0,0,0,0,0,0,0,0,0,0,0,0,0,0,0,0,0,0,0,0,0,0,0,0,0,0,0,0,0,0,0,0,0,0,0,0,0,0,0,0,0,0,0,0,0,0,0,0,0,0,0,0,0,0,0,0,0,0,0,0,0,0,0,0,0,0,0,0,0,0,0,0,0,0,0,0,0,0,0,0,0,0,0,0,0,0,0,0,0,0,0,0,0,0,0,0,0,0,0,0,0,0,1,0,0,0,0,0,0,0,0,0,0,1,0,0,0,0,0,0,0,0,0,0,0,0,0,0,0,0,0,0,0,0,0,0,0,0,0,0,0,0,1,0,0,0,0,0,0,0,0,0,0,0,0,0,0,0,0,0,0,0,0,0,0,0,0,0,0,0,0,0,0,0,0,0,0,0,0,0,0,0,1,0,0,0,0,0,0,0,0,0,0,0,0,0,0,0,0,0,0,0,0,0,0,0,0,0,0,0,0,0,0,0,0,0,0,0,0,0,0,0,0,0,0,0,0,0,0,0,0,0,0,0,0,2,0,0,0,0,0,0,0,0,0,0,1,0,0,0,0,0,0,0,0,0,0,0,0,0,0,0,0,0,0,0,0,0,0,0,0,1,0,0,0,0,1,0,0,0,0,0,1,0,0,1,0,0,0,0,0,0,0,0,0,0,0,0,0,0,0,0,0,1,0,0,0,0,0,0,0,0,0,0,0,0,0,0,0,0,0,0,0,0,0,0,1,0,0,1,0,0,0,0,0,0,0,0,0,0,0,0,0,0,0,0,0,0,0,0,0,0,0,0,0,0,0,0,0,0,0,0,0,0,0,0,0,0,0,0,0,0,0,0,0,0,1,0,0,0,0,0,0,0,0,0,0,0,0,0,0,1,0,0,0,0,0,0,0,1,0,0,0,0,1,0,0,0,0,0,2,0,0,0,0,2,0,0,0,0,0,0,0,0,0,0,0,0,2,0,0,0,1,0,0,0,0,0,0,0,0,0
SPN,0,4,0,0,0,0,2,1,0,0,0,1,1,0,1,3,1,1,0,0,0,0,1,0,0,0,0,1,0,0,0,0,0,0,0,1,0,1,1,0,0,0,1,1,0,0,0,0,0,0,0,0,0,3,1,0,0,1,0,0,2,1,0,0,0,1,0,0,0,0,0,1,0,0,0,0,1,1,0,0,0,0,0,0,2,2,0,1,0,0,2,0,0,0,0,1,0,0,1,0,1,0,0,0,0,1,0,3,0,1,0,0,0,0,0,0,0,0,0,0,0,1,0,0,0,0,0,0,1,0,0,0,0,0,1,0,0,0,0,0,0,0,1,0,1,2,1,0,1,0,0,0,0,0,0,0,0,0,0,0,0,0,2,0,1,1,0,1,0,0,1,0,0,0,1,0,0,1,0,0,0,0,0,0,0,0,0,1,0,2,3,0,0,0,0,0,0,0,0,0,0,3,0,0,0,1,0,0,0,1,0,2,2,0,2,0,0,0,1,0,0,0,0,0,1,1,0,0,0,0,0,0,1,0,0,0,1,0,0,0,2,0,0,0,0,0,0,0,0,0,0,0,0,0,0,0,2,1,0,0,0,0,1,0,0,0,0,0,0,1,3,0,0,1,1,1,0,0,0,1,0,0,0,0,0,0,0,0,0,0,0,0,0,0,1,0,0,2,0,0,0,0,1,0,0,0,1,0,2,0,0,0,0,0,0,0,0,0,0,0,0,2,0,0,4,0,0,0,0,0,0,0,0,0,0,0,0,0,0,0,0,0,1,1,0,2,0,0,0,1,0,1,1,0,0,0,0,0,1,1,2,0,1,0,1,1,3,1,0,1,1,0,1,0,0,1,0,0,0,0,0,0,0,0,1,0,0,0,0,1,0,7,1,1,2,0,0,0,1,3,0,0,1,0,0,0,3,0,1,0,0,0,0,0,0,2,0,0,0,0,1,0,5,1,1,0,0,0,0,0,0,0,0,0,0,0,0,0,0,1,2,0,0,1,0,1,0,0,0,0,0,0,0,0,0,1,0,1,0,0,1,3,0,0,0,0,0,0,0,0,0,0,0,1,0,1,1,0,0,0,0,1,0,0,1,1,0,1,1,0,0,1,0,1,0,1,0,0,0,3,0,0,0,0,0,0,0,2,0,0,0,0,0,0,0,0,0,0,0,0,0,0,0,0,1,0,0,0,1,2,0,0,0,1,2,1,1,0,0,0,2,0,0,0,0,1,1,0,2,1,0,0,0,1,1,0,0,2,0,1,0,2,0,1,0,0,0,0,1,0,0,1,0,0,1,0,0,1,0,2,0,2,0,0,1,1,0,0,0,0,0,0,1,2,0,0,0,0,0,0,0,1,1,2,1,2,0,0,0,0,1,0,1,0,0,0,0,0,0,0,1,0,0,0,3,1,1,0,0,0,0,0,0,2,0,0,0,0,0,0,0,0,0,0,0,0,1,0,0,0,0,1,0,0,0,0,0,0,0,0,0,0,0,0,0,0,0,0,0,0,0,0,0,0,5,0,0,1,0,0,1,2,0,0,2,1,0,0,0,0,0,0,0,0,0,1,1,1,0,1,0,0,1,1,0,1,1,0,1,1,0,0,0,1,0,0,0,2,0,0,0,0,1,0,0,0,0,0,0,1,1,1,0,0,1,0,0,0,0,0,0,0,1,1,1,1,0,0,0,0,1,0,0,0,0,0,0,0,0,0,0,0,0,0,0,0,0,0,1,0,0,1,0,1,0,1,1,0,1,1,0,0,0,1,0,2,1,0,1,1,0,0,0,0,0,0,1,0,0,0,0,0,0,0,0,0,1,0,0,0,0,0,0,0,0,1,1,0,1,2,1,0,0,0,0,1,0,0,1,1,0,1,0,0,0,0,0,0,1,0,0,0,1,0,0,0,0,0,2,0,0,0,0,0,0,0,0,1,0,0,1,0,0,0,0,0,0,0,1,0,0,0,0,0,0,1,1,1,0,0,0,0,0,1,1,1,0,1,0,0,0,1,2,1,0,1,0,0,1,0,0,0,0,0,1,0,0,0,0,0,2,1,0,0,0,1,0,0,0,0,0,0,0,0,1,0,0,0,0,1,0,0,0,0,0,0,0,0,0,1,0,0,0,0,0,1,0,0,0,2,0,0,0,0,1,1,0,0,0,0,1,0,0,0,1,0,0,0,0,1,1,0,1,2,0,0,0,0,0,0,0,1,1,0,1,1,0,0,0,0,0,0,0,1,0,2,0,0,0,0,2,0,0,0,0,0,0,1,0,0,1,2,0,0,0,0,0,0,1,0,0,0,0,0,1,0,0,0,0,0,1,0,0,0,0,1,0,0,0,0,0,2,0,2,0,0,1,0,0,0,0,0,0,0,0,0,0,0,1,0,0,0,0,1,0,2,0,0,0,0,0,1,2,1,0,1,0,1,0,0,0,0,0,0,1,0,0,0,0,0,0,0,0,0,0,0,0,0,0,0,0,1,2,0,2,0,0,0,0,1,0,0,0,1,0,0,0,0,0,1,0,0,0,0,0,1,3,0,1,0,0,0,0,1,0,0,0,0,0,0,0,0,0,1,0,0,0,0,2,1,0,1,1,0,0,0,0,0,0,0,1,0,0,0,0,1,0,0,0,1,0,0,0,0,0,1,1,0,0,0,0,0,0,0,0,0,0,0,0,0,1,1,0,1,0,0,0,0,0,0,0,0,0,0,0,2,0,0,1,1,0,0,0,2,1,2,1,0,1,0,0,1,0,0,0,0,1,0,0,0,2,0,0,0,0,0,0,0,0,0,1,0,0,1,0,0,0,1,0,0,2,0,0,0,0,0,1,0,1,0,0,0,0,0,1,0,1,2,0,0,0,1,0,0,0,0,0,3,0,0,0,0,0,0,0,0,1,0,0,0,0,0,1,0,0,0,3,0,0,1,2,0,0,0,0,0,0,0,0,0,0,0,0,0,1,0,0,0,0,0,0,0,0,0,0,0,1,1,0,2,0,0,1,0,0,0,1,2,1,0,1,0,0,1,1,0,1,0,0,0,0,1,0,1,2,0,0,1,0,0,0,3,0,1,0,0,1,0,0,3,0,0,3,0,0,0,1,0,0,1,0,0,0,0,0,0,0,0,0,2,7,0,0,0,0,0,0,1,0,1,0,0,1,0,0,0,0,1,0,1,0,0,0,0,0,1,0,1,0,0,0,1,0,0,0,0,1,0,0,0,0,1,0,0,0,0,0,1,3,0,1,0,0,1,0,1,0,0,1,0,0,0,0,0,0,0,0,0,0,2,0,0,0,0,1,0,3,0,1,1,0,0,0,1,0,0,0,0,0,0,0,0,1,0,0,2,0,1,0,1,0,0,0,0,0,0,0,1,0,0,0,2,0,0,0,3,0,0,0,0,0,0,1,0,0,1,1,1,1,0,0,0,0,0,0,1,0,2,1,0,0,0,1,0,0,1
RPS13,23,4,9,3,10,5,15,26,18,11,15,8,18,32,8,37,8,8,31,29,22,25,11,15,21,8,15,23,9,25,21,23,25,27,3,1,27,31,30,6,31,22,26,26,17,13,20,10,23,29,10,36,16,11,11,12,4,27,20,9,42,14,12,13,20,15,19,0,14,34,5,39,21,11,10,5,5,35,5,15,18,14,5,11,6,26,28,18,13,11,23,12,20,16,16,12,7,20,9,46,4,21,7,22,6,20,4,8,19,28,7,39,6,19,20,62,8,35,17,12,8,1,20,6,32,25,6,9,24,19,6,35,8,12,12,9,13,18,13,12,13,24,24,35,52,6,16,21,39,3,26,6,11,21,6,28,7,17,6,7,15,29,26,15,4,21,9,15,31,54,27,6,27,24,29,5,21,18,27,32,17,11,8,15,17,32,41,21,12,22,25,31,16,25,31,23,12,5,0,25,12,10,13,16,24,2,13,26,21,32,6,7,6,4,7,2,19,12,20,35,8,19,23,21,39,1,12,9,28,21,25,8,18,31,8,7,9,17,14,9,23,11,12,5,11,11,11,11,36,9,17,17,19,11,12,17,14,33,9,19,28,8,13,34,23,17,11,7,45,17,8,57,15,13,18,7,10,41,26,24,14,5,43,20,35,33,24,13,35,27,19,20,26,10,13,10,4,18,25,7,23,26,10,24,8,11,18,12,13,34,10,9,17,13,15,13,15,30,11,20,7,1,21,14,11,19,15,37,18,24,16,15,28,5,8,11,18,8,33,15,36,18,11,29,14,24,15,23,14,30,23,24,30,29,3,17,14,44,25,9,18,17,9,6,3,18,69,18,21,20,6,7,13,14,4,75,33,28,22,31,15,10,36,26,23,3,17,31,14,2,33,26,9,20,16,16,34,20,4,17,12,21,12,17,12,39,11,9,17,21,8,21,13,23,36,45,13,12,24,24,20,39,26,4,24,20,16,12,9,12,1,34,18,7,16,11,10,5,25,41,6,33,60,23,19,62,2,20,5,5,7,12,16,11,31,37,6,28,25,25,24,33,21,15,32,21,22,21,15,5,17,22,7,40,34,19,8,10,11,5,21,19,7,15,13,33,13,26,35,10,28,25,14,11,21,11,22,30,8,2,7,13,20,0,35,13,17,44,6,20,7,3,14,16,11,12,4,14,20,8,22,24,35,13,18,19,17,15,30,25,26,40,10,4,38,30,4,37,16,23,76,21,23,3,20,12,28,16,56,33,27,53,15,10,12,31,9,12,28,9,18,31,9,12,15,29,10,16,27,7,21,7,19,11,34,15,11,24,8,12,18,3,16,19,9,19,13,9,6,9,8,16,6,25,21,22,30,9,14,10,17,30,2,7,34,61,17,10,10,11,11,9,3,16,42,23,28,11,22,17,36,24,17,8,6,1,26,15,20,30,16,14,8,5,9,14,27,29,21,26,21,3,31,33,10,13,31,16,23,5,1,13,13,10,7,9,7,10,8,24,19,25,15,8,26,5,6,13,24,15,18,35,12,8,22,17,7,11,36,9,3,44,31,21,6,23,18,19,7,18,17,27,15,7,28,27,14,24,15,19,8,20,24,6,5,15,26,21,11,78,10,9,8,28,21,26,16,8,15,31,23,17,9,24,8,15,7,19,9,12,18,8,10,9,33,31,24,32,4,17,8,16,18,8,24,6,13,18,7,8,7,23,20,35,11,18,29,11,10,29,14,13,7,29,16,19,17,5,31,15,27,11,27,6,9,8,29,15,19,37,13,10,9,16,19,18,6,19,42,24,9,16,11,2,33,5,9,31,12,18,26,7,12,16,19,11,9,8,14,8,16,13,15,6,9,21,16,6,7,6,11,3,30,40,23,23,27,12,19,2,27,10,11,18,20,28,8,24,12,24,18,25,20,11,16,32,8,45,11,24,8,6,6,29,10,11,10,20,22,21,38,19,34,21,26,6,38,15,6,14,29,11,28,9,19,7,7,28,11,18,18,18,19,26,34,16,31,13,27,21,22,13,5,9,5,13,27,28,30,12,17,24,24,39,33,12,13,10,60,18,24,2,30,26,6,8,14,16,33,25,7,60,18,7,21,20,10,18,15,33,5,35,9,7,11,8,25,19,13,4,18,20,17,17,12,27,17,10,19,14,4,28,19,22,12,6,29,13,24,20,8,8,8,4,22,21,19,6,35,6,28,60,15,7,17,20,28,9,18,29,14,20,21,45,22,19,19,22,17,17,16,26,21,2,9,11,8,14,7,17,29,16,31,4,32,5,9,24,1,25,37,12,12,18,24,15,25,17,18,28,15,15,15,25,10,7,17,7,25,46,56,62,17,26,8,21,23,34,13,7,29,6,17,7,30,14,20,6,17,6,16,11,30,10,27,22,13,15,33,16,31,29,13,17,9,14,18,9,5,7,18,34,1,5,17,21,29,11,12,33,24,6,18,23,6,7,7,28,14,9,7,35,11,51,23,6,9,20,5,15,21,11,24,7,8,20,3,26,20,5,9,22,18,24,14,11,14,11,8,17,31,6,20,13,16,23,2,21,19,23,17,9,9,11,7,7,10,41,16,14,16,35,17,4,25,15,12,18,25,9,16,15,19,27,18,9,12,5,18,6,34,25,7,17,13,16,17,20,11,4,28,12,20,41,26,4,15,16,14,63,38,29,18,21,22,22,12,20,2,13,28,20,16,10,19,20,26,5,16,24,19,20,20,25,11,12,19,32,19,13,8,35,5,28,8,19,21,7,19,10,16,20,17,27,7,28,9,15,22,34,8,31,21,11,11,34,28,12,23,16,9,26,24,13,26,19,12,43,19,5,12,27,14,11,12,30,20,6,29,18,35,17,24,19,10,6,12,5,21,17,6,10,6,26,19,18,28,10,11,12,31,27,29,28,15,13,10,34,5,15,12,19,23,14,7,19,6,20,13,14,23,9,22,17,13,15,7,20,31,35,14,10,15,1,23,9,18,20,5,20,14,12,6,21,25,21,10,27,35,30,14,15,14,13,14,23,27,7,55,18,11,20,25,4,13,17,7,24,29,3,16,39,14,12,6,12,30,3,20,12,25,21,14,15,9,29,20,15,12,45,13,8,26,26,54,22,20,23,13,19,7,21,9,12,14,14,20,30,22,23,26,26,13,28,61,20,6,12,18,52,21,14,6,24,6,16,6,22,17,19,19,19,35,8,9,6,7,61,15,8,15,5,14,12,17,10,29,38,8,25,26,14,16,35,23,29,10,16,33,6,16,19,6,26,8,15,9,27,6,9,35,26,45,7,10,19,15,32,16,14,27,15,11,22,26,10,16,9,12,22,10,13,13,13,46,23,28,15,15,25,13,14,6,7,36,23,20,20,9,10,3,22,21,7,13,5,16,30,30,18,14,23,14,23,5,33,11,3,13,7,8,21,20,14,34,15,41,32,5,20,14,12,9,10,12,14,6,54,9,15,21,51,30,9,20,11
EREG,0,0,0,0,0,0,0,0,0,0,0,0,0,0,0,0,0,0,0,0,0,0,0,1,0,0,0,0,0,0,0,0,0,0,0,0,0,0,0,0,0,0,0,0,0,0,0,1,0,0,0,0,0,0,0,0,0,0,0,0,4,0,0,2,0,0,0,0,0,0,0,2,0,0,0,0,0,0,0,0,0,0,0,0,0,0,0,0,0,0,0,0,0,0,0,0,0,0,0,0,0,0,0,0,0,0,0,0,0,0,0,0,0,0,0,0,0,0,0,0,0,0,0,0,0,0,0,0,0,0,0,0,0,0,0,0,0,0,0,0,0,0,0,0,0,0,0,0,0,0,0,0,0,0,0,0,0,0,0,0,0,0,0,0,0,0,0,0,0,0,0,0,0,0,3,0,0,0,0,0,0,0,0,0,0,0,0,0,0,0,0,0,0,0,0,0,0,0,0,0,0,0,0,0,0,0,0,0,0,0,0,0,0,0,0,0,0,0,0,2,0,0,0,0,0,0,0,0,0,0,0,0,0,0,0,0,0,0,0,0,0,0,0,0,0,0,0,0,0,0,0,0,0,0,0,0,0,0,0,0,0,0,0,0,0,0,0,0,0,0,0,0,0,0,0,0,0,0,0,0,0,0,0,0,0,0,0,0,0,0,0,0,0,0,0,0,0,0,0,0,0,0,0,0,0,0,0,0,0,0,0,0,0,0,0,0,0,0,0,0,0,0,0,0,0,0,0,0,0,0,0,0,0,0,0,0,0,0,0,0,0,0,0,0,0,0,0,0,0,0,0,0,0,0,0,0,0,0,2,0,0,0,0,0,0,0,0,0,0,0,0,0,0,0,0,0,0,0,0,0,0,0,0,0,0,0,0,0,0,0,0,0,0,0,0,0,0,0,0,0,0,0,0,0,0,0,0,0,0,0,0,0,0,0,0,2,0,0,0,0,0,0,0,0,0,0,0,0,0,0,0,0,0,0,1,0,0,0,0,0,0,0,0,0,0,0,0,0,0,0,0,0,0,0,0,0,0,0,0,0,0,0,0,0,18,0,0,0,1,0,0,0,0,0,0,0,0,0,0,0,0,0,0,0,0,0,0,0,0,0,0,0,0,0,0,0,0,0,0,0,0,0,0,0,0,0,0,0,0,0,0,0,0,0,0,0,0,0,0,0,0,0,0,0,0,0,0,0,0,0,0,0,0,0,0,0,0,0,0,0,1,0,0,0,0,0,0,0,0,0,0,0,0,0,0,2,0,0,0,0,0,0,0,0,0,0,0,0,0,0,0,0,0,0,0,0,0,0,0,0,0,0,0,0,0,0,0,0,0,0,0,0,0,0,0,0,0,0,0,0,0,0,3,0,0,0,0,0,0,0,2,0,0,0,0,0,0,0,0,0,0,0,0,0,0,0,0,0,0,0,0,0,0,0,0,0,0,0,0,0,0,0,0,0,0,0,0,0,0,0,0,0,0,0,0,0,0,0,0,0,0,0,0,0,0,0,0,0,0,0,0,0,0,0,0,0,0,0,0,0,0,0,0,0,0,0,0,0,0,0,0,0,0,0,0,0,0,0,0,0,0,0,0,0,0,0,0,0,0,0,0,0,0,0,0,0,0,0,0,0,0,0,0,0,0,0,0,0,0,0,0,0,0,0,0,0,0,0,0,0,0,0,0,0,0,0,0,0,0,0,0,0,0,0,0,0,0,0,0,0,0,0,0,0,0,0,0,0,0,0,0,0,0,0,0,0,3,0,0,0,0,0,0,0,0,0,0,0,0,0,0,0,0,0,6,0,0,0,1,0,0,0,0,0,0,0,0,0,0,0,0,0,0,0,0,0,3,0,0,0,0,0,0,0,0,0,0,0,0,3,0,0,0,0,0,0,0,0,0,0,0,0,0,0,0,0,0,0,0,0,0,0,0,0,0,0,0,0,0,0,0,0,0,0,0,0,0,0,0,0,0,0,0,0,0,0,0,0,0,0,0,0,0,0,1,0,0,0,0,0,0,0,0,0,0,1,0,0,0,0,0,0,0,0,0,0,0,0,0,0,0,0,0,0,0,0,0,0,0,0,0,0,0,0,0,0,0,0,1,0,0,0,0,0,0,0,0,0,0,0,0,0,0,0,0,0,0,1,0,0,0,0,0,0,0,0,0,0,0,0,0,0,0,0,0,0,0,0,0,0,0,0,0,0,0,0,0,0,1,0,0,0,0,0,0,0,0,0,0,0,0,0,0,0,0,0,0,0,0,0,0,0,0,0,0,0,0,0,0,0,0,0,0,0,0,0,0,0,0,0,0,0,0,0,0,0,0,0,0,0,0,0,0,0,0,0,0,0,0,0,0,0,0,0,0,0,0,0,0,0,0,0,0,0,0,0,0,0,0,0,0,0,0,0,0,0,1,0,0,0,0,0,0,0,0,0,0,2,0,0,0,0,0,0,0,0,0,0,0,0,0,0,0,0,0,0,0,0,0,0,0,0,0,0,0,0,0,0,0,0,0,0,0,0,0,0,1,0,0,0,0,0,0,0,0,0,0,0,0,0,0,0,0,0,0,0,0,0,0,0,0,0,0,0,0,0,0,0,0,0,0,0,0,0,0,0,0,0,0,0,0,0,0,0,0,0,0,0,0,0,0,0,0,0,0,0,0,0,0,3,0,0,0,0,0,0,0,0,0,1,0,0,0,0,0,0,0,0,0,0,0,0,0,0,0,0,0,0,0,0,0,0,0,0,0,0,0,0,0,0,0,0,0,0,0,0,0,0,0,0,0,2,0,0,0,0,0,0,0,0,0,0,0,0,0,0,0,0,0,0,0,0,1,0,0,0,0,0,0,0,0,0,5,0,0,0,0,0,0,0,0,0,0,0,0,0,0,0,2,0,2,0,0,0,0,0,0,0,0,0,0,0,0,0,0,0,0,0,0,0,0,0,0,0,0,0,0,0,0,0,0,0,0,0,0,0,0,0,0,0,0,0,0,0,0,0,0,0,0,3,0,0,0,0,0,0,0,0,0,0,0,0,0,0,0,0,0,0,0,0,0,0,0,0,0,0,0,0,0,0,0,0,0,0,0,0,0,0,0,0,0,0,0,0,0,0,0,0,0,0,0,0,0,0,0,0,0,1,0,0,0,0,0,0,0,0,0,0,0,0,0,0,0,0,0,1,0,0,0,0,0,0,0,0,0,0,0,0,0,0,0,0,0,0,0,0,0,0,0,0,0,0,0,0,0,0,0,0,0,0,0,0,0,0,0,0,0,0,0,0,0,0,0,0,0,1,0,0,0,0,0,0,0,0,0,0,0,0,0,0,0,0,0,0,0,0,0,0,0,0,0,0,0,0,0,0,0,0,0,0,0,0,0,0,0,0,0,0,0,0,0,0,0,0,0,0,0,0,0,0,0,0,0,0,0,0,0,0,0,0,0,1,0,0,0,0,0,0,0,0,0,0,0,0,0,0
CXCL2,0,0,0,0,0,1,0,0,0,0,0,0,0,0,0,0,0,0,0,0,0,0,1,0,0,0,0,0,0,0,0,0,0,0,0,0,0,0,0,0,0,0,0,0,0,0,0,0,0,0,0,0,0,0,0,0,0,0,0,0,0,0,0,0,0,0,0,0,0,0,0,0,0,0,0,0,0,1,0,0,0,0,3,0,0,0,0,0,0,0,0,0,0,0,0,1,0,0,0,0,0,0,0,0,0,0,0,0,0,0,0,0,0,0,1,0,0,0,0,0,0,0,2,0,0,0,0,0,0,0,0,0,0,0,0,0,0,0,0,0,0,0,0,0,0,0,0,0,0,0,0,0,0,0,0,0,0,0,0,0,0,0,0,0,0,0,0,0,0,0,0,0,0,0,0,0,0,0,0,0,0,0,0,0,0,0,0,0,0,0,1,0,0,0,0,0,0,0,0,0,0,0,5,0,0,0,0,0,0,0,0,0,0,0,0,0,0,0,0,0,0,0,0,0,0,0,0,3,0,0,0,0,0,0,0,0,0,0,0,0,3,0,0,0,0,0,0,0,0,0,0,1,0,0,0,0,0,0,0,0,0,0,0,0,0,0,0,0,1,0,0,0,0,0,0,0,0,0,0,0,0,0,0,0,0,0,0,0,0,0,0,0,0,0,0,0,0,0,0,0,0,0,0,0,0,0,0,0,0,0,0,0,0,0,0,0,0,0,0,0,0,0,0,0,0,0,0,0,0,0,0,0,0,0,0,0,0,0,0,0,0,0,0,0,0,0,0,0,0,0,0,0,0,0,0,0,0,0,0,0,0,0,0,0,0,0,0,0,0,0,0,0,0,0,0,0,0,0,0,0,1,0,0,0,0,0,0,0,0,0,0,0,0,0,0,2,0,0,0,0,2,0,0,0,3,0,0,0,0,0,0,0,0,0,0,0,0,0,0,0,0,0,0,0,0,1,0,0,0,0,0,0,0,0,0,0,0,0,0,0,0,0,0,0,0,0,0,0,0,0,0,0,1,0,0,0,0,0,0,0,0,0,0,0,0,0,0,0,0,0,1,0,0,0,0,0,0,0,0,0,0,0,0,0,0,0,0,0,0,0,0,0,0,0,0,0,0,0,0,0,0,0,0,0,0,0,0,0,0,0,0,0,0,0,0,0,0,0,0,0,0,0,0,0,3,0,0,0,0,0,1,0,0,0,0,0,0,0,0,0,3,1,0,0,0,0,0,0,0,0,0,0,0,0,0,0,0,0,0,0,0,0,0,0,0,0,0,0,0,0,0,0,0,0,0,0,0,0,0,0,0,0,0,0,0,0,0,0,0,0,0,0,0,0,0,0,0,0,0,0,0,0,0,0,0,0,0,0,0,0,0,0,0,0,0,0,0,0,0,0,0,0,0,0,0,0,0,0,0,0,0,0,0,0,0,0,0,0,0,0,0,0,0,0,0,0,0,0,0,0,0,0,0,0,0,0,0,0,0,0,0,0,0,0,0,0,0,0,0,0,0,0,0,0,0,0,0,1,0,0,0,0,0,0,0,0,0,0,0,0,0,0,0,0,0,0,0,0,0,2,0,0,0,0,0,0,0,0,0,0,0,0,0,0,0,0,0,0,0,0,0,0,0,0,0,0,0,0,0,0,0,0,0,0,0,0,0,0,0,0,0,0,0,0,0,0,0,0,0,0,0,0,0,0,1,0,0,0,0,0,0,0,0,0,0,0,0,0,0,0,0,0,0,0,0,0,0,0,0,0,0,0,0,0,0,0,0,0,0,0,0,0,0,0,0,0,0,0,0,0,0,0,0,0,0,0,0,0,0,0,0,0,0,0,0,0,0,0,0,0,0,0,0,0,0,0,0,0,0,0,0,0,0,0,0,0,0,0,0,0,0,0,0,0,0,0,0,0,0,0,0,0,0,0,0,0,0,0,0,0,0,0,0,0,0,0,0,0,0,0,0,0,0,0,0,0,0,0,0,0,0,0,0,0,0,0,0,0,0,0,0,0,0,0,0,0,0,0,0,0,0,0,0,0,0,0,0,0,0,0,0,0,0,0,1,0,0,0,0,0,0,0,0,0,0,0,0,0,0,0,0,0,0,0,0,0,0,0,0,0,0,0,0,0,0,0,0,0,0,0,0,0,0,0,0,0,0,0,0,0,0,0,0,0,0,0,0,0,0,0,0,0,0,0,0,0,0,0,0,0,0,0,0,0,0,0,0,0,0,0,0,0,0,0,0,0,0,0,0,0,0,0,0,0,0,0,0,0,0,0,0,0,2,0,0,0,0,0,0,0,0,0,0,0,0,0,0,0,0,0,0,0,0,0,0,0,0,0,0,0,0,0,0,0,0,0,0,0,0,0,0,0,0,0,0,0,0,0,0,0,0,0,0,0,0,0,0,0,0,0,0,0,0,0,0,0,0,0,2,0,0,0,0,0,0,0,0,0,0,0,0,0,0,0,0,0,0,0,0,0,0,0,0,0,0,0,0,0,0,0,0,0,0,0,0,0,0,0,0,0,0,0,0,0,0,0,0,0,2,0,0,0,0,0,0,0,0,0,0,0,0,0,0,0,0,0,0,0,0,0,0,0,0,0,0,0,0,0,0,0,0,0,0,0,0,0,0,0,0,0,0,0,0,0,0,0,4,0,0,0,0,0,2,0,0,0,0,0,0,0,0,0,0,0,0,0,1,0,0,0,0,0,0,0,0,0,0,0,0,0,0,0,0,1,0,0,0,0,0,0,0,1,0,0,0,0,0,0,0,0,0,0,0,0,0,0,0,0,0,0,0,0,0,0,0,0,0,0,0,0,0,0,0,0,0,0,0,0,0,0,0,0,0,0,0,0,0,0,0,0,0,0,0,0,0,0,0,0,0,0,0,0,0,0,0,0,0,0,0,0,0,0,0,0,0,0,0,0,0,0,0,0,0,0,0,0,0,0,0,0,0,0,0,0,0,0,0,0,0,1,0,0,0,0,0,0,0,0,0,4,0,0,0,0,0,0,0,0,0,0,0,0,0,0,0,0,0,0,0,0,0,0,0,0,1,0,0,0,1,0,0,0,0,0,1,0,0,0,0,0,0,0,0,0,0,0,1,0,0,0,0,0,0,0,0,0,0,0,0,0,0,0,0,0,0,0,0,0,0,0,0,0,0,0,0,0,0,0,0,0,0,0,0,0,0,0,0,0,0,0,0,0,0,0,0,0,0,0,0,0,0,0,0,0,0,0,0,0,0,0,0,0,0,0,0,0,0,0,0,1,0,0,0,0,0,0,0,0,0,0,0,0,3,0,0,0,0,0,0,0,0,0,0,0,0,0,0,0,0,0,0,0,0,0,0,3,0,0,0,0,0,0,0,0,0,0,0,0,0,0,0,0,0,0,0,0,0,0,0,0,0,0,0,0,0,0,0,0,0,1,0,0,0,0,0,0,0,0,0,0,0,0,0,0,0,0
MYO1G,1,1,1,1,0,0,0,0,0,0,0,0,0,0,1,0,1,0,0,0,1,0,0,0,0,3,1,0,0,0,0,1,0,0,1,1,0,0,2,0,1,1,1,0,1,0,1,0,0,0,0,0,0,0,0,1,0,0,0,1,1,0,0,0,1,2,0,0,0,0,0,2,0,1,0,0,0,0,0,1,2,0,1,2,1,0,0,0,1,0,0,1,0,1,1,1,0,0,0,7,1,0,1,0,1,0,0,0,0,0,1,0,0,0,0,0,0,0,0,0,0,0,2,0,0,0,0,0,0,0,0,0,0,0,0,0,1,1,0,1,1,0,0,0,0,1,0,1,0,0,0,0,1,0,0,0,0,0,1,0,0,0,2,1,0,1,0,1,0,4,0,0,2,0,0,0,0,0,0,0,0,0,0,1,0,1,0,0,2,2,2,1,0,0,0,1,3,0,0,0,0,0,0,0,0,0,0,1,2,0,0,2,1,1,1,0,1,0,1,1,0,2,0,1,0,0,0,0,0,1,0,0,1,0,1,0,0,2,0,0,1,0,0,1,1,0,1,0,1,0,0,0,0,3,0,1,0,0,1,0,2,0,0,1,0,0,0,0,0,0,0,0,0,0,0,1,1,3,0,0,0,1,1,0,0,0,0,0,0,2,0,1,0,1,0,0,0,0,0,1,0,0,1,0,0,0,0,0,4,0,0,1,0,3,0,0,0,6,0,0,0,1,0,0,0,0,1,0,1,0,0,1,0,0,1,0,0,0,1,2,5,3,0,0,1,0,0,0,1,1,2,0,1,0,0,0,1,2,0,1,0,1,0,0,0,1,3,0,0,0,0,0,0,0,0,1,1,1,0,0,0,0,1,1,0,0,1,1,0,2,0,4,0,3,0,0,0,1,1,1,0,1,1,0,2,4,0,1,2,1,0,0,0,0,0,2,0,0,0,0,1,4,1,0,1,0,0,1,0,0,0,0,0,0,0,0,0,1,0,1,1,0,1,0,0,1,1,1,1,0,1,2,0,0,0,1,0,1,2,0,0,0,1,0,1,0,0,0,0,0,0,2,1,0,0,1,0,1,1,0,0,1,2,2,4,0,0,0,0,1,0,0,0,0,0,0,0,0,0,0,0,1,0,0,0,0,2,1,0,0,0,0,3,0,0,1,0,0,0,0,0,0,0,1,1,0,1,1,1,0,1,2,2,1,0,1,2,0,0,0,4,1,0,2,0,0,0,0,0,0,2,1,0,0,0,2,1,1,1,0,0,0,1,1,1,0,0,0,1,1,1,0,0,1,0,3,1,0,1,0,0,0,0,0,1,0,0,0,0,2,1,0,1,1,1,1,0,0,1,1,0,0,1,0,0,2,0,1,1,0,2,1,0,0,1,0,1,1,0,1,2,2,0,1,1,1,0,4,0,0,0,0,1,0,1,0,0,0,0,1,0,0,1,0,2,0,0,0,0,0,1,1,0,1,1,1,0,0,1,0,2,0,0,3,0,1,0,1,0,1,0,1,1,1,3,0,0,0,0,0,0,1,1,0,0,0,0,1,0,0,1,0,2,0,1,0,1,0,0,0,0,0,0,1,0,0,1,0,1,3,1,0,1,0,1,0,0,1,0,0,0,0,0,1,0,2,0,0,0,0,0,1,1,0,0,1,0,0,1,0,0,0,1,0,0,0,0,0,0,0,2,0,1,0,1,2,0,0,1,0,1,0,0,0,0,1,0,0,0,0,1,1,0,0,3,0,0,0,0,1,0,0,0,0,0,1,1,0,0,0,1,0,0,0,1,2,2,0,0,0,0,0,0,0,0,1,0,0,0,1,0,1,1,0,0,0,1,0,1,1,1,0,0,2,1,1,0,1,0,1,0,1,0,0,0,1,1,0,0,2,0,0,2,1,0,1,0,0,2,0,0,0,0,0,0,0,0,0,0,1,0,1,0,0,0,1,0,0,0,1,2,0,1,1,1,1,0,0,0,0,0,0,1,1,2,2,3,0,0,2,0,0,0,0,0,2,0,0,2,0,0,0,0,0,0,1,0,2,1,0,1,0,0,0,0,0,0,0,1,0,0,1,3,0,0,0,0,1,1,1,0,0,0,0,2,0,0,2,0,1,0,0,3,1,1,0,1,0,0,2,0,1,1,1,0,0,2,0,1,2,1,1,0,2,0,2,0,0,0,0,0,0,0,0,1,0,0,0,2,0,1,0,1,3,0,1,0,0,0,0,0,0,1,2,0,0,0,2,0,0,0,1,0,0,0,3,0,0,0,1,1,1,0,2,0,0,0,0,0,2,1,0,0,0,0,2,0,1,0,0,3,4,0,0,0,0,0,0,0,0,1,1,1,1,0,0,0,2,0,1,0,1,0,0,0,0,0,1,0,1,0,0,6,5,3,2,2,0,0,2,0,0,1,3,1,0,0,2,0,2,0,0,0,0,0,1,0,0,0,0,0,0,0,1,0,0,0,0,0,0,0,1,1,1,0,0,0,3,0,1,0,0,2,1,0,0,1,2,0,1,0,0,2,0,0,0,0,0,0,0,0,0,0,1,0,0,0,0,0,1,0,0,1,1,0,1,0,0,0,0,1,0,0,0,1,0,0,1,2,0,0,0,1,0,0,1,0,0,0,0,0,0,0,0,0,1,0,0,0,0,0,0,1,1,1,0,2,0,0,1,1,1,1,1,1,0,1,0,0,0,0,0,1,1,0,1,0,0,0,2,0,0,1,4,1,0,2,2,0,2,2,1,0,0,0,0,0,0,0,0,0,2,1,0,1,0,0,1,1,0,0,0,0,0,0,0,1,1,1,2,1,3,1,0,0,0,3,0,0,1,0,0,2,0,0,0,1,0,0,1,1,0,0,0,0,0,0,0,1,1,2,0,0,1,0,0,1,0,0,1,0,1,1,0,0,1,1,0,0,0,1,1,0,0,1,1,1,1,0,0,3,0,0,1,1,0,0,0,2,1,1,0,0,0,2,0,0,0,0,1,0,0,1,0,0,1,0,0,5,0,1,0,1,1,0,0,1,1,0,0,0,0,1,0,2,0,0,0,1,0,0,2,2,0,0,0,0,1,1,1,0,0,0,0,2,0,0,0,0,0,1,0,1,0,0,0,1,0,0,0,4,0,0,1,1,1,1,2,1,0,0,0,0,0,0,0,0,0,0,0,0,0,0,0,1,1,0,1,0,0,0,3,1,2,0,0,0,0,0,0,0,2,0,0,1,0,0,1,0,0,0,0,0,0,0,0,2,0,1,0,0,1,0,1,0,0,0,0,0,6,0,0,1,0,0,0,1,0,0,0,1,0,0,4,1,0,0,0,2,4,1,0,1,0,0,1,0,0,1,0,0,0,0,0,2,1,0,0,2,1,0,1,0,1,0,0,0,0,0,0,0,0,0,1,0,0,0,0,1,0,0,0,3,0,0,1,0,0,2,2,1,1,0,0,0,1
PTPRC,2,4,8,2,4,1,2,1,3,2,1,5,1,0,3,14,1,4,0,2,1,3,3,1,0,5,4,1,9,2,1,0,2,2,2,3,0,4,3,0,2,3,8,7,2,3,0,1,1,0,1,2,2,0,3,0,1,0,1,8,3,4,5,0,1,1,1,0,0,2,1,2,2,2,1,2,1,2,0,1,1,3,2,0,4,6,1,2,5,0,0,2,7,2,2,4,1,0,1,6,1,2,3,0,3,4,0,3,4,0,7,2,1,5,1,5,0,3,1,0,1,1,2,0,4,1,6,0,1,0,1,0,3,2,0,3,2,1,6,3,0,3,2,2,9,3,1,4,5,1,1,1,1,1,2,0,6,2,0,2,1,0,3,1,0,3,0,4,5,9,3,2,8,2,2,1,2,0,5,3,1,0,0,1,0,0,4,3,3,1,10,2,1,0,2,3,3,2,0,2,0,7,3,0,4,8,3,3,2,2,0,3,6,1,1,3,2,3,2,11,1,0,1,0,5,0,0,3,2,1,3,0,5,2,1,1,2,1,0,0,5,1,5,3,0,0,1,4,3,0,1,2,0,6,2,1,0,4,0,3,2,1,5,1,2,3,2,6,2,4,3,3,0,0,2,7,2,2,1,2,4,3,3,3,6,1,2,1,4,0,5,4,3,1,4,0,0,0,4,5,3,0,6,4,2,1,2,1,6,2,2,2,1,4,2,3,2,4,1,7,6,4,2,2,1,0,4,5,0,0,2,1,2,1,2,0,3,1,3,3,10,0,6,6,0,3,3,4,2,4,0,1,3,3,4,0,0,5,3,1,2,0,1,1,3,2,6,2,2,2,2,5,1,2,2,3,2,4,1,2,1,1,3,4,1,1,1,5,1,4,4,18,2,17,1,3,0,4,3,2,1,2,4,3,1,5,4,0,7,0,1,3,2,2,2,9,2,2,2,3,0,5,9,0,2,1,3,2,4,3,0,2,1,6,6,1,3,5,1,2,4,4,4,1,4,5,4,1,1,1,2,2,1,2,2,3,6,8,2,0,2,3,3,0,2,5,1,0,3,1,2,2,5,1,2,5,0,3,1,1,2,4,3,3,5,2,3,1,0,5,3,2,1,0,3,2,0,1,0,5,1,6,1,3,2,2,2,4,1,3,1,4,4,2,2,1,2,1,2,2,3,2,3,3,8,3,4,2,4,4,3,3,5,2,2,4,6,1,5,6,2,0,4,4,1,6,2,2,3,0,8,2,2,1,4,3,1,7,0,4,1,6,0,4,4,4,3,3,3,2,2,3,4,2,4,4,1,2,1,3,1,2,5,2,2,3,1,1,0,0,1,0,4,7,2,0,0,3,0,0,3,1,2,6,2,4,1,3,1,2,1,0,5,0,4,2,0,4,1,2,2,2,3,3,1,3,1,3,2,4,0,3,2,2,0,2,1,1,5,1,4,0,5,2,3,3,0,1,2,2,2,1,2,3,1,1,2,2,2,5,0,2,0,2,2,5,1,0,4,2,0,0,3,2,4,2,0,3,4,6,2,4,3,0,2,1,0,3,1,0,1,2,5,2,0,2,1,4,2,0,4,7,1,3,1,0,1,4,4,8,4,9,0,6,1,2,3,5,1,5,4,2,2,5,1,5,1,1,0,6,5,1,1,2,2,2,1,1,3,2,0,3,4,1,1,2,1,3,2,0,5,3,5,4,0,0,2,0,3,2,0,0,1,0,2,1,3,1,4,3,0,4,1,5,4,1,2,2,0,3,1,0,2,3,4,3,6,3,3,2,8,0,2,2,2,3,3,2,2,2,2,2,0,0,8,7,4,0,0,1,0,4,2,6,3,3,1,1,3,3,0,0,6,0,1,3,1,2,2,2,0,1,0,3,1,0,1,7,0,1,1,7,7,4,2,1,0,3,3,2,3,0,0,2,7,1,0,1,4,7,1,2,3,2,0,4,1,0,6,0,1,3,5,2,2,2,0,3,1,3,2,0,3,3,1,3,3,0,2,2,3,1,2,1,0,2,3,3,3,0,3,3,2,3,1,0,1,1,4,0,4,3,2,1,3,5,0,1,2,2,1,4,1,3,0,1,0,2,2,4,2,2,1,1,2,0,0,8,2,2,0,4,5,4,1,3,7,7,1,3,1,0,3,2,3,0,1,3,4,2,2,0,0,2,0,5,0,2,1,3,2,9,2,3,1,3,2,6,3,4,2,2,1,2,0,2,1,0,1,3,1,1,3,6,0,3,2,0,0,3,1,1,5,0,2,6,1,5,0,2,3,3,1,5,2,3,2,2,1,1,1,0,1,1,3,0,3,2,2,1,2,7,1,0,0,2,0,6,4,2,2,4,7,7,3,1,2,4,3,2,2,2,4,7,1,1,1,2,2,2,5,2,10,6,4,6,3,2,4,3,1,2,4,3,1,5,1,1,1,4,3,3,1,4,2,1,2,3,3,1,0,4,1,7,4,2,0,3,1,2,3,3,10,2,3,2,7,2,3,2,5,2,2,1,2,1,2,3,5,2,5,2,3,3,2,1,5,0,0,0,0,0,9,1,4,6,0,4,0,3,2,0,3,1,0,1,4,1,1,2,1,4,1,3,0,0,3,0,2,1,2,3,0,3,1,2,2,2,2,0,2,2,1,4,0,1,1,2,0,3,3,1,4,3,1,3,6,1,2,4,3,1,0,0,0,4,3,0,3,3,0,0,4,2,2,3,0,3,3,1,2,5,0,10,3,3,5,0,4,3,3,1,1,0,2,2,3,4,2,2,3,3,3,1,1,1,0,0,2,4,4,5,1,1,2,0,2,2,2,2,7,2,2,0,0,2,1,4,0,0,6,3,1,3,3,0,1,2,2,0,2,0,3,0,0,1,0,7,2,3,3,1,4,4,2,2,5,0,2,1,1,0,6,0,1,2,3,2,4,2,6,0,1,2,2,2,0,4,1,4,4,1,2,3,3,6,0,0,2,2,2,2,3,3,1,0,3,2,0,1,5,2,0,3,2,2,2,4,14,0,2,0,1,2,2,1,7,1,2,2,4,5,6,0,4,1,7,3,2,0,1,1,2,3,1,7,3,7,0,2,2,1,3,2,4,3,2,3,3,3,4,1,2,2,0,2,0,0,4,0,18,4,3,4,1,4,2,2,2,9,9,0,2,2,5,2,1,2,3,1,4,2,2,2,3,0,1,5,2,0,1,2,7,3,5,1,2,3,3,1,0,5,1,5,2,3,1,3,0,1,3,3,1,0,0,3,7,0,6,1,2,1,2,4,1,5,3,0,0,8,5,0,1,2,0,10,4,1,6,0,0,3,1,5,5,3,4,5,5,5,3,5,1,6,3,5,2,1,1,2,0,9,2,1,6,1,2,3,1,1,1,6,2,3,0,3,1,0,5,1,0,4,2,2,0,7,3,3,2,1,0,1,1,1,2,0,4,5,0,5,0,6,4,0,0,3
TSPYL1,0,0,0,0,0,0,0,0,0,1,0,0,0,0,1,0,0,0,0,1,1,1,1,0,1,0,0,1,1,0,0,0,0,1,0,0,0,0,0,0,0,0,1,1,0,0,0,0,0,0,0,0,0,0,0,0,0,0,0,0,0,0,0,0,0,0,0,0,0,0,0,0,0,0,1,1,0,0,0,1,0,0,0,0,0,1,0,0,1,0,2,0,0,0,0,0,0,0,0,0,0,1,0,1,0,0,0,0,1,1,1,0,0,0,0,0,0,1,0,0,3,0,1,0,0,0,1,1,0,0,0,0,1,0,0,0,0,0,1,0,0,0,0,1,0,0,0,0,0,1,0,0,0,0,0,0,0,0,0,0,0,0,0,0,0,1,0,0,0,0,0,0,0,0,0,0,0,0,0,0,0,0,0,0,0,0,0,0,0,1,1,0,1,0,0,0,1,3,0,0,0,0,0,0,1,0,0,2,0,1,0,0,0,0,1,0,1,0,0,1,3,0,0,0,0,0,0,0,0,0,0,0,0,0,0,0,0,0,1,0,0,0,0,0,0,0,0,0,2,0,0,0,0,0,0,0,0,0,0,0,0,0,0,0,0,0,1,0,0,0,0,0,0,0,0,2,0,0,0,0,0,1,0,0,1,1,0,0,3,0,1,0,0,1,0,1,0,0,5,0,0,0,1,0,0,0,0,0,0,0,0,1,1,0,0,0,0,1,1,0,0,0,0,0,0,0,0,2,0,1,1,1,0,0,0,0,0,0,0,0,1,1,0,1,0,0,0,0,0,0,1,0,2,1,1,0,0,1,1,0,0,0,0,0,0,3,1,0,1,0,0,0,2,0,0,0,0,0,0,0,0,1,0,1,1,0,0,2,0,2,0,1,0,0,0,1,1,0,0,0,0,0,0,0,0,0,0,0,0,1,1,0,0,0,0,0,0,0,0,1,0,0,0,0,2,0,2,0,1,0,0,0,0,0,0,0,0,0,0,0,0,0,0,1,0,0,0,0,0,0,1,0,0,0,0,1,1,0,0,1,0,2,0,0,0,1,2,0,0,0,0,0,0,0,0,0,0,1,0,0,1,0,0,0,1,0,0,0,0,1,0,0,0,1,1,0,0,0,1,0,0,0,0,0,0,0,0,0,0,0,0,1,0,0,1,0,0,0,0,0,0,1,1,0,0,0,0,0,0,0,0,1,0,2,0,0,0,1,1,0,0,0,1,0,0,0,0,0,0,1,0,0,0,1,0,0,0,0,1,0,0,0,1,0,0,0,0,1,1,1,0,0,0,0,0,0,0,0,0,0,1,0,1,1,0,0,0,0,0,0,0,1,0,0,0,0,0,1,0,0,1,0,0,0,0,0,0,0,0,1,0,1,0,0,0,0,1,2,0,0,0,0,0,0,1,0,1,0,0,1,0,0,0,0,0,0,2,0,0,1,0,0,1,0,0,0,0,0,0,1,0,0,0,1,2,0,0,0,0,0,0,0,0,0,0,0,0,0,0,0,1,0,0,0,0,0,0,1,2,1,0,0,1,0,0,0,1,0,0,0,0,0,0,0,2,0,0,2,0,1,0,0,1,0,1,0,0,0,0,3,0,1,2,1,0,0,2,0,0,0,0,0,0,0,0,0,0,0,0,0,0,0,0,0,0,0,1,1,0,0,0,3,0,1,0,1,0,0,1,0,0,0,0,1,0,1,3,0,0,3,0,0,0,0,0,1,0,0,0,0,0,0,0,0,0,0,0,1,0,1,1,1,0,0,0,0,1,0,1,0,0,0,0,0,0,1,0,0,0,0,0,0,0,0,1,1,0,1,0,2,0,2,0,0,0,0,1,0,0,0,0,0,1,0,0,1,0,1,0,0,0,0,0,0,0,1,0,0,0,2,0,2,0,0,0,0,0,1,0,0,0,0,0,0,1,0,0,0,0,0,0,1,1,0,1,0,0,1,0,2,0,0,1,1,0,0,2,1,0,0,0,0,0,0,0,0,1,1,1,0,0,1,0,0,0,0,0,0,0,0,0,2,0,0,0,0,0,0,0,0,0,0,0,2,0,0,0,0,0,0,0,0,0,0,0,0,1,0,1,0,0,1,0,0,0,0,0,1,0,0,0,0,1,0,0,0,2,0,0,0,1,2,0,0,0,0,0,0,0,1,1,1,0,0,0,0,0,0,0,0,0,0,0,0,0,1,2,0,1,0,0,0,0,1,1,0,0,0,0,0,0,0,1,1,0,3,0,0,0,0,0,1,0,0,1,0,0,0,0,0,1,0,0,1,0,2,1,0,0,1,0,0,0,0,0,0,0,0,1,0,1,2,0,0,0,0,2,0,0,1,0,1,2,2,1,0,0,0,1,0,0,0,1,0,0,0,0,0,0,0,0,0,0,0,0,0,1,0,0,0,0,0,0,1,0,1,0,0,0,0,0,0,2,0,0,0,0,1,0,0,0,1,0,0,0,0,0,0,0,0,1,0,1,0,1,0,0,0,0,1,1,1,0,0,0,0,0,0,1,1,0,0,0,0,1,1,0,0,0,0,0,0,0,0,0,0,0,3,0,0,1,0,0,0,0,1,1,1,0,0,1,0,1,2,0,0,1,0,0,0,0,0,0,0,1,0,0,1,0,0,0,1,0,3,0,0,0,0,0,2,0,0,0,0,1,1,0,0,0,0,0,1,1,0,0,1,0,0,0,2,0,0,0,0,0,0,0,0,0,0,1,0,0,0,1,1,0,0,0,0,0,1,0,0,2,0,1,0,0,0,1,0,1,0,0,0,0,0,0,0,0,0,0,0,0,0,1,1,1,0,0,1,0,0,0,1,0,0,0,0,1,0,0,0,1,0,0,0,0,0,1,1,0,0,0,0,0,0,0,0,0,0,2,2,0,0,0,1,0,1,1,1,0,0,0,0,3,1,0,0,0,0,0,1,0,0,0,0,1,3,0,0,0,0,1,0,0,0,0,0,0,0,0,0,0,0,0,2,0,0,0,0,0,0,0,1,0,0,2,0,0,0,0,0,2,1,2,0,0,1,0,0,0,0,0,0,1,0,1,0,2,0,0,0,0,0,0,0,0,1,0,0,1,0,1,0,1,0,0,0,0,0,1,1,0,0,0,0,0,2,1,0,0,0,1,0,0,0,0,0,0,0,0,0,0,0,0,0,0,1,0,0,0,0,0,0,0,1,0,0,0,0,0,0,0,1,0,0,1,0,0,0,0,0,1,0,0,0,0,0,0,0,0,1,0,0,0,0,1,0,0,0,1,0,0,0,0,0,0,1,1,1,3,1,1,0,0,0,0,1,0,1,1,1,0,0,1,0,0,0,0,0,0,0,1,0,1,0,0,0,0,1,0,0,0,0,0,0,0,0,0,0,0,0,0,2,0,0,0,1,0,0,0,0,1,1,0,1,1,0,1,0,0,0,0,0,0,0,0,0,0,0,0,0,0,0
LRRC25,0,0,0,0,0,1,1,0,0,0,0,0,2,0,0,0,0,0,0,0,0,0,0,0,0,0,0,0,0,0,0,0,0,0,0,0,0,0,1,0,0,0,0,0,0,0,0,0,0,0,0,0,0,0,0,1,0,0,0,0,0,0,0,0,0,0,0,0,0,0,0,0,0,0,0,0,0,1,0,0,0,0,0,0,0,0,0,0,0,0,0,0,0,0,0,1,0,0,0,0,0,0,0,0,0,0,0,0,0,0,0,0,0,0,0,0,0,0,0,0,0,0,0,0,0,0,0,0,1,0,0,0,0,0,0,0,0,0,0,0,0,0,0,0,1,0,0,0,0,0,0,0,0,0,0,0,0,0,0,1,0,0,1,0,0,0,1,0,1,2,0,0,0,0,1,0,0,0,0,0,0,0,0,0,1,0,0,0,0,0,2,3,0,0,0,0,0,0,0,0,3,0,0,0,0,0,0,0,0,0,0,0,0,0,0,0,0,0,0,0,0,0,0,0,0,0,0,0,0,0,0,0,6,1,0,0,0,0,0,0,0,0,0,0,0,0,0,0,1,0,0,0,0,0,0,0,0,0,0,0,0,0,0,1,0,0,0,0,0,0,0,2,0,0,0,0,0,0,0,0,0,0,0,0,0,0,0,0,0,0,0,0,0,0,0,0,0,0,1,0,0,0,0,0,1,0,0,1,3,0,0,0,0,0,0,0,0,0,0,0,0,0,1,0,0,0,0,0,0,0,0,0,0,0,0,0,0,0,0,1,3,0,1,0,0,0,0,0,0,1,0,0,1,0,0,1,0,0,0,0,0,0,0,0,0,0,3,0,0,0,0,0,0,0,0,1,0,0,0,0,0,0,0,0,0,1,0,0,0,0,0,7,0,6,0,0,0,0,0,2,0,0,0,0,1,0,0,0,0,0,0,0,0,0,0,1,0,0,0,0,0,0,0,0,1,0,0,0,0,0,0,0,0,0,0,0,0,0,0,0,0,0,1,0,0,1,0,0,0,0,0,0,1,0,0,0,0,0,1,0,0,0,0,0,2,1,0,0,1,0,0,0,0,0,0,1,0,0,0,0,0,0,0,0,0,0,0,0,0,1,0,0,0,0,0,0,0,0,0,0,2,0,0,0,0,0,0,1,0,1,1,0,0,0,0,0,0,0,1,2,0,0,0,0,0,0,0,0,1,0,0,0,0,0,0,1,0,0,0,0,0,0,0,0,0,0,0,0,1,0,0,1,0,0,0,1,0,1,0,0,1,0,0,0,0,0,0,0,0,0,0,0,0,0,0,0,0,0,0,0,0,0,0,0,0,0,0,0,0,0,0,0,0,1,0,0,0,0,0,0,0,0,2,0,0,0,0,0,0,0,0,0,0,0,0,0,0,0,0,0,0,0,0,0,0,0,0,0,0,0,0,0,0,0,0,0,0,0,0,0,0,0,0,0,0,0,0,0,0,0,0,0,0,0,0,0,0,0,0,0,0,0,0,0,0,0,0,0,0,0,0,0,1,0,0,0,0,0,0,0,0,1,0,0,0,0,0,0,2,0,0,0,0,0,0,0,0,0,0,1,0,0,0,0,0,0,0,0,0,1,0,0,0,0,0,0,0,0,0,0,0,0,0,0,0,0,0,0,0,0,0,0,0,0,0,0,0,0,0,0,0,0,0,0,0,0,0,0,0,0,0,0,0,0,0,0,0,0,0,0,0,1,0,0,0,0,0,0,0,0,0,0,0,0,1,0,1,0,0,0,0,0,0,0,0,1,0,0,0,0,0,0,0,0,0,0,0,0,0,0,0,0,0,0,0,0,0,0,0,0,0,0,0,0,0,0,1,0,0,0,0,0,0,0,0,0,0,0,0,2,0,0,0,0,0,0,0,0,2,0,0,2,0,0,0,0,0,0,0,0,0,0,0,0,0,0,0,2,0,0,0,0,0,0,0,0,0,1,0,0,0,0,2,0,0,0,0,0,0,0,0,0,1,2,0,0,0,1,0,0,0,0,0,0,0,0,0,0,1,0,0,0,0,0,0,0,0,0,1,1,1,0,0,0,1,0,0,0,0,0,0,1,1,0,0,0,0,0,0,0,0,0,0,0,0,0,0,5,0,0,1,0,0,0,0,0,0,1,0,0,0,0,1,0,0,0,0,0,0,1,0,0,0,0,1,1,0,0,0,2,0,0,1,0,0,0,0,0,1,0,0,0,0,1,0,0,0,0,0,0,0,0,0,0,0,0,0,0,0,0,0,1,0,0,0,0,0,0,0,0,0,0,0,0,0,0,0,0,2,0,0,0,0,0,0,0,0,0,0,0,1,0,0,0,0,0,0,0,0,0,0,0,0,0,0,0,0,0,0,0,0,0,0,0,0,0,1,0,0,0,0,0,5,5,1,0,1,1,0,0,1,0,0,2,0,0,0,0,0,0,0,0,0,0,0,0,1,0,0,0,0,0,0,1,0,1,0,0,0,0,0,0,2,0,0,0,0,1,0,0,0,0,0,0,0,0,0,0,0,0,0,0,1,0,0,0,0,0,0,0,0,0,0,0,0,0,0,0,0,0,0,0,2,0,0,0,0,0,0,0,1,0,0,1,0,0,0,0,0,0,0,0,0,0,0,0,0,0,0,0,0,0,0,0,0,0,0,0,0,2,0,0,0,0,0,0,0,0,0,0,0,0,0,0,0,0,0,0,0,0,0,0,0,0,0,0,0,0,0,0,0,0,0,1,0,0,5,0,0,0,0,0,0,0,0,0,1,3,0,0,0,1,0,0,0,2,1,0,0,0,0,0,0,0,0,0,0,0,0,0,1,0,0,0,0,0,1,0,0,0,0,0,1,1,0,0,0,0,0,0,0,1,0,0,0,0,1,0,1,1,1,0,0,0,0,0,0,0,0,0,0,0,0,0,1,0,0,0,0,0,4,0,0,0,0,0,0,0,0,0,0,0,0,0,0,0,0,0,0,0,0,0,0,1,0,0,0,0,0,0,0,0,0,0,0,0,0,0,0,0,0,0,0,0,0,0,0,0,0,0,0,0,0,0,1,0,0,0,1,0,0,3,0,2,0,0,0,0,0,0,0,1,0,0,2,0,0,0,0,2,0,0,0,0,0,0,0,0,0,0,7,0,0,0,0,0,0,0,0,1,0,0,0,0,0,1,0,0,0,0,0,0,0,0,1,0,0,1,0,0,1,0,1,0,0,0,1,0,0,0,0,0,0,0,0,0,0,0,0,0,0,0,0,1,0,0,0,0,0,0,0,0,0,0,0,1,0,0,0,0,0,0,1,0,1,0,2,0,0,0,1,0,0,0,2,0,0,0,0,0,1,0,0,0,0,0,0,0,1,0,0,0,0,0,0,0,0,0,0,0,0,4,0,0,0,0,1,0,0,0,0,0,0,0,0,0,0,0,0,0,0,1,1,0,0,0,0,2,0,0,0,0,0,0,0,0
ACRBP,0,0,0,0,0,0,0,0,0,0,0,0,0,0,0,0,0,0,0,0,0,0,0,0,0,0,0,0,0,0,0,0,0,1,0,0,0,0,0,0,0,0,0,0,0,0,0,0,0,0,0,0,0,0,0,0,0,0,0,0,0,0,0,0,0,0,0,11,2,0,0,0,0,0,0,0,0,0,0,0,0,0,0,0,0,0,0,0,0,0,0,0,0,0,0,0,0,0,0,0,0,0,0,0,0,0,0,0,0,0,0,0,0,0,0,0,0,1,0,0,0,0,12,0,0,0,0,0,0,0,0,0,0,0,0,0,0,0,0,0,0,0,0,0,0,0,0,0,0,0,0,0,0,0,0,0,0,0,0,0,0,0,0,0,0,0,0,0,0,0,0,0,0,0,0,0,0,0,0,0,0,0,0,0,0,0,0,0,0,0,0,0,0,0,0,0,0,0,11,0,0,0,0,0,0,0,0,0,0,0,0,0,0,0,0,0,0,0,0,0,0,1,0,0,0,0,0,0,0,0,0,0,0,0,0,0,0,0,0,0,0,0,0,0,0,0,0,0,0,0,0,0,0,0,0,0,0,0,0,0,0,0,0,0,0,0,0,0,0,0,0,0,0,0,0,0,0,0,0,0,0,0,0,0,0,0,0,0,0,0,0,0,0,0,0,0,0,0,0,0,1,0,0,0,0,0,0,0,0,0,0,0,0,0,0,0,0,0,0,0,0,0,0,0,0,0,0,0,1,0,0,0,0,0,0,0,0,0,0,0,1,0,0,0,0,0,0,0,0,0,0,0,0,0,0,0,0,0,0,0,0,0,0,0,0,0,0,0,0,0,0,0,0,0,0,0,0,0,0,0,0,0,0,0,0,0,0,0,0,0,0,0,0,0,0,0,0,0,0,0,0,0,0,0,0,0,0,0,0,0,0,0,0,0,0,0,0,0,0,0,0,0,0,0,0,0,0,0,0,0,0,0,0,0,0,0,0,0,0,0,0,0,0,0,0,0,0,0,0,0,0,0,0,0,0,0,0,0,0,0,0,0,0,0,0,0,0,0,0,0,0,0,0,0,0,0,0,0,0,0,0,0,0,0,0,0,0,0,0,0,0,0,0,0,0,0,0,0,0,0,0,0,0,0,0,0,0,0,0,0,0,0,0,0,0,0,0,0,0,0,0,0,1,0,0,0,0,0,0,0,0,0,0,0,0,0,0,0,0,0,0,0,0,0,0,0,0,0,0,0,0,0,0,0,0,0,0,0,0,0,0,0,0,0,0,0,0,0,0,0,0,0,0,0,0,0,0,0,0,0,0,0,0,0,0,0,0,0,0,0,0,0,0,0,0,0,0,0,0,0,0,0,0,0,0,0,0,0,0,0,0,0,0,0,0,0,0,0,0,0,0,0,0,0,0,0,0,0,0,0,0,0,0,0,0,0,0,0,0,1,0,0,0,0,0,0,0,0,0,0,0,0,0,0,0,0,0,0,0,0,0,0,0,0,0,0,0,0,0,0,0,0,0,0,0,0,0,0,0,0,0,0,0,0,0,0,0,0,0,0,0,0,0,0,0,0,0,0,0,0,0,0,0,0,0,0,0,0,0,0,0,0,0,0,0,0,0,0,0,0,0,0,0,0,0,0,0,0,0,0,0,0,0,0,0,0,0,0,0,0,0,0,0,0,0,0,0,0,0,0,0,1,0,0,0,0,0,0,0,0,0,0,0,0,0,0,0,0,0,0,0,0,0,0,0,0,0,0,0,0,0,0,0,0,0,0,0,0,0,0,0,0,0,0,0,0,0,0,0,0,0,0,0,0,0,0,0,0,0,0,0,0,0,0,0,0,0,0,0,0,0,0,0,0,0,0,0,0,0,0,0,0,0,0,0,0,0,0,0,0,0,0,0,0,0,0,0,0,0,0,0,0,0,0,0,0,0,0,0,0,0,0,0,0,0,0,0,0,0,0,0,0,0,0,0,0,0,0,0,0,0,0,0,0,0,0,0,0,0,0,0,0,0,0,0,0,0,0,0,0,0,0,0,0,0,0,0,0,0,0,1,0,0,0,0,0,0,0,0,0,0,0,0,0,0,0,0,0,0,0,0,0,0,0,0,0,0,0,0,0,0,0,0,0,0,0,0,0,0,0,0,0,0,0,0,0,0,0,0,0,0,0,0,0,0,0,0,0,0,0,0,0,0,0,0,0,0,0,0,0,0,0,0,0,0,0,0,0,0,0,0,0,0,0,0,0,0,0,0,0,0,0,0,0,0,0,0,0,0,0,0,0,0,0,0,0,0,0,0,0,0,0,0,0,0,0,0,0,0,0,0,1,0,0,0,0,0,0,0,0,0,0,0,0,0,0,0,0,0,0,0,0,0,0,0,0,0,0,0,0,0,0,0,0,0,0,0,1,0,0,0,0,0,0,0,0,0,0,0,0,1,0,0,0,0,0,0,0,0,0,0,0,0,0,0,0,0,0,0,0,0,0,0,0,0,0,0,0,0,0,0,0,0,0,0,0,0,0,0,0,0,0,0,0,0,0,0,0,0,0,0,0,0,0,0,0,0,0,0,0,1,0,1,0,0,0,0,0,0,0,0,0,0,0,1,0,0,0,0,0,0,0,0,0,0,0,0,0,0,0,0,0,0,0,0,0,0,0,0,0,0,0,0,0,0,0,0,0,0,0,0,0,0,0,0,0,0,0,0,0,0,0,0,0,0,0,0,0,0,0,0,0,0,0,0,0,0,0,0,0,0,0,0,0,0,0,0,0,0,0,0,0,0,0,0,0,0,0,0,0,0,0,0,0,0,0,0,0,0,0,0,0,0,0,0,0,0,0,0,0,0,0,0,0,0,0,0,0,0,0,0,0,0,0,0,0,0,0,0,0,0,0,0,0,0,0,0,0,0,0,0,0,0,0,0,0,0,0,0,0,0,0,0,0,0,0,0,0,0,0,0,0,0,0,0,0,0,0,0,0,0,0,0,0,0,0,0,0,0,0,0,0,0,0,0,0,0,0,0,0,0,0,0,0,0,0,0,0,0,0,0,0,0,0,0,0,0,0,0,0,0,0,0,0,0,0,0,0,0,0,0,0,0,0,1,0,0,0,0,0,0,0,0,0,0,0,0,0,0,0,0,0,0,0,0,0,0,0,0,0,0,0,0,0,0,0,0,0,0,0,0,0,0,0,0,0,0,0,0,0,0,0,0,0,0,0,0,0,0,0,0,0,0,0,0,0,0,0,0,0,0,0,0,0,0,0,0,0,0,0,0,0,0,0,0,0,0,0,0,0,0,0,0,0,0,0,0,0,0,0,0,0,0,0,0,0,0,0,0,0,0,0,0,0,0,0,0,0,0,0,0,0,0,0,0,0,0,0,0,0,0,0,0,0,0,0,0,0,0,0,0,0,0,0,0,0,0,0,0,0,0,0,0,0,0,0,0,1,0,0,0,0,0,0,0,0
FCRL3,0,0,0,0,0,0,0,0,0,0,2,0,0,0,0,0,0,1,1,0,0,0,0,1,0,0,0,0,0,0,0,0,0,0,0,0,0,0,0,0,0,0,0,0,0,0,0,0,0,0,0,0,0,0,0,0,0,0,0,0,0,0,0,0,0,0,0,0,0,0,0,0,0,0,0,0,0,0,0,0,1,0,0,0,0,0,0,0,0,0,0,0,0,0,0,0,0,0,0,0,0,0,0,0,0,0,0,0,0,0,0,0,0,0,0,0,0,0,0,0,0,0,0,1,0,0,0,0,0,0,0,0,0,0,0,0,0,0,0,0,0,0,0,0,0,0,0,0,0,0,0,0,0,0,0,0,0,0,0,0,0,0,0,0,0,0,0,0,0,0,0,0,0,0,0,0,0,0,0,0,0,0,1,1,0,0,0,0,0,0,0,0,0,0,0,0,0,0,0,0,0,0,0,1,0,0,0,0,0,0,0,0,0,0,0,0,0,0,0,0,0,2,0,0,0,0,0,0,0,0,0,0,0,0,0,0,0,0,0,0,0,0,0,0,0,0,0,0,0,0,0,0,0,0,1,0,0,1,1,0,0,0,0,0,0,1,0,0,0,0,0,0,0,0,0,0,1,0,0,0,0,0,0,0,0,0,0,1,0,0,0,0,0,0,0,0,0,0,0,0,0,0,0,0,0,0,0,0,0,0,0,0,0,0,0,0,0,1,0,0,0,0,0,0,0,0,0,0,1,0,0,0,0,0,0,0,0,0,0,0,0,0,0,0,0,0,0,0,0,0,0,0,0,0,0,0,0,0,0,0,0,0,0,0,0,1,0,0,0,0,1,0,0,0,0,0,0,0,0,0,0,0,0,0,0,0,0,0,0,0,0,0,0,1,0,0,2,0,0,1,0,0,0,0,0,0,0,0,0,1,0,0,0,0,0,0,0,1,0,0,0,0,0,0,0,0,1,0,0,0,0,0,0,0,0,1,0,0,0,0,0,0,0,0,0,0,2,0,0,0,0,0,0,0,0,0,0,0,0,0,0,0,0,0,0,0,0,0,0,0,0,0,0,0,0,0,0,0,1,0,0,0,1,0,0,0,1,0,0,0,0,0,0,2,0,0,0,0,0,0,0,0,0,0,0,0,0,0,0,0,0,0,0,0,0,0,2,0,0,0,0,0,0,0,0,0,0,0,0,0,0,0,0,0,0,0,0,0,0,0,0,1,0,0,0,0,0,0,0,0,0,2,0,0,0,0,1,0,0,0,0,0,1,0,0,0,0,0,0,0,0,1,0,0,0,0,0,0,0,0,0,1,0,0,0,0,0,0,0,0,0,0,0,0,0,0,0,1,0,0,0,0,0,0,0,0,0,0,0,0,0,1,0,0,0,0,0,0,0,0,0,0,1,0,0,0,0,0,0,0,1,0,0,1,0,0,0,0,0,0,0,0,0,0,0,0,0,0,0,0,0,0,0,0,0,1,0,0,1,0,0,1,0,1,0,0,0,0,0,1,0,0,0,0,0,0,0,0,0,1,0,0,0,0,0,0,0,0,0,0,0,1,0,0,0,0,0,0,0,0,0,0,0,0,0,0,0,0,0,0,0,0,1,0,0,0,1,0,0,0,0,0,0,2,0,0,0,0,0,0,0,0,0,0,0,0,0,0,0,0,0,0,0,0,0,0,2,0,0,0,0,0,0,0,1,0,0,2,0,0,0,0,0,0,0,0,0,0,0,0,0,0,0,0,0,0,0,0,0,0,0,0,0,0,0,0,0,0,0,0,0,0,0,0,0,0,0,0,0,0,0,0,0,0,0,0,0,2,0,0,0,0,0,0,0,0,0,1,0,0,0,0,0,0,0,0,0,0,0,0,0,0,1,0,0,0,0,0,0,0,0,0,0,0,0,0,0,0,0,0,0,0,0,0,0,0,0,0,0,2,0,0,1,0,0,0,0,0,0,0,2,0,0,0,0,0,0,0,0,0,0,1,0,0,0,0,1,0,0,0,0,0,1,0,0,0,0,0,0,0,0,0,0,0,0,0,2,1,0,0,0,0,0,0,0,0,2,0,0,0,0,0,0,0,0,0,0,0,0,0,0,0,0,0,0,0,0,0,0,0,1,0,0,0,1,0,0,0,0,0,0,0,0,0,0,0,2,0,0,0,0,0,0,1,0,0,0,0,1,0,0,0,0,0,0,0,1,1,0,0,0,1,0,0,0,0,0,0,0,0,1,0,0,0,0,0,0,0,0,0,0,0,0,0,0,0,0,0,0,0,0,0,0,0,0,0,0,0,0,0,1,0,0,0,0,0,0,1,1,0,0,0,1,0,0,0,0,0,0,0,0,1,0,0,0,0,0,0,0,0,0,0,0,0,0,0,0,0,0,0,0,0,0,0,0,0,0,0,0,0,0,0,0,0,0,0,0,0,0,0,0,0,0,0,0,0,0,0,0,0,0,0,0,0,0,0,0,0,0,0,1,0,0,1,0,0,0,0,0,0,0,0,0,0,0,0,0,0,0,0,0,0,0,0,1,0,0,0,0,0,0,0,0,0,0,0,1,0,0,0,0,0,0,0,0,0,0,0,0,0,0,0,0,0,1,0,0,0,0,0,0,0,2,0,0,0,0,0,0,0,1,0,0,0,0,0,0,0,0,0,0,0,0,0,0,0,0,0,0,0,0,0,0,0,0,0,0,0,0,0,0,0,0,0,0,0,0,0,0,0,1,0,0,0,0,0,0,0,0,0,0,0,0,0,0,1,0,0,0,0,0,0,0,0,0,0,0,0,0,0,0,0,0,0,0,0,0,0,0,0,0,0,0,0,0,0,0,1,0,0,0,0,0,0,0,0,0,1,0,0,0,0,0,0,0,0,0,0,0,0,0,0,0,0,0,0,0,0,0,0,0,0,0,0,0,1,0,0,0,0,0,1,0,0,0,0,0,0,1,0,0,0,0,0,0,1,0,0,0,1,0,0,0,0,1,0,0,0,0,0,0,0,0,0,0,0,0,0,0,0,0,0,0,0,0,0,0,0,0,0,0,0,0,0,0,0,0,0,0,0,0,0,0,0,0,0,0,1,0,0,0,0,0,0,0,0,1,0,0,0,1,0,0,0,2,0,0,0,0,0,0,0,0,0,0,0,0,0,1,0,0,0,0,0,0,0,0,1,0,0,0,0,0,0,0,0,0,0,0,0,0,1,0,0,0,0,0,0,0,0,0,0,0,0,0,0,0,0,0,0,0,0,1,0,0,1,0,0,0,0,0,0,1,0,0,0,0,0,0,0,0,0,0,0,0,0,0,0,0,0,0,0,2,0,0,0,0,0,0,0,0,0,0,0,0,0,0,0,0,0,0,0,0,0,0,0,0,2,0,0,0,0,0,0,0,0,0,0,1,0,0,0,0,0,0,1,0,0,0,0,0,0,0,0,0,0,0,0,0,0,0,0,0,0,0,0
HIST1H1C,0,0,0,0,0,0,0,1,0,0,0,1,0,0,0,0,0,0,0,0,0,0,0,0,0,0,0,0,0,0,0,0,0,0,0,1,0,0,0,0,0,0,1,0,0,0,0,0,0,0,0,1,0,0,5,0,0,0,0,0,1,0,2,0,0,0,0,1,0,0,0,0,0,0,0,0,0,0,0,0,0,0,0,0,0,0,0,0,0,0,2,1,0,0,0,0,0,0,0,3,0,0,0,0,0,0,0,1,1,0,0,0,0,0,1,0,0,0,0,0,0,0,0,1,1,0,0,0,0,0,0,0,0,0,0,0,1,0,0,0,0,1,0,0,0,0,0,0,0,0,0,0,0,0,0,0,0,0,0,0,0,0,0,0,0,3,0,0,0,1,0,0,0,0,0,0,0,0,0,0,0,0,0,0,0,0,2,0,0,0,0,0,0,1,0,0,0,0,1,0,0,0,0,0,0,0,0,1,0,0,0,0,0,0,0,0,0,0,1,1,0,0,1,0,0,0,0,0,1,0,0,0,0,1,2,0,0,0,0,1,0,0,0,0,0,0,1,0,0,1,0,0,1,1,0,1,0,0,0,0,0,0,0,0,0,0,0,0,0,0,1,0,0,0,0,0,0,0,0,0,0,0,0,1,0,0,0,0,0,0,0,0,0,0,0,0,0,0,0,0,1,0,2,0,1,0,0,0,0,0,0,0,0,0,0,0,0,0,0,0,0,0,0,1,0,0,0,1,0,0,0,0,0,2,0,0,0,0,0,1,1,0,0,0,0,0,0,0,0,0,0,0,0,0,0,0,1,1,0,0,0,0,0,0,0,0,1,0,0,1,0,1,1,0,0,0,0,0,0,0,0,0,1,0,0,0,1,0,0,0,0,0,0,0,0,0,0,0,0,0,0,0,2,0,0,0,0,0,0,1,2,2,0,0,1,0,0,0,0,0,0,0,0,0,0,1,0,0,1,2,1,0,0,0,0,0,0,1,0,1,0,0,0,0,0,0,0,0,0,0,0,0,0,1,0,0,0,0,0,0,0,0,0,0,0,0,0,0,0,0,0,0,0,2,0,0,0,0,0,1,0,0,0,0,4,0,0,1,1,0,0,0,0,0,0,0,0,0,0,0,1,0,0,0,0,1,0,0,0,0,0,0,0,0,0,0,0,0,0,0,0,0,0,0,0,0,0,0,0,0,0,0,1,0,0,0,1,1,0,0,0,0,0,0,0,2,0,0,0,1,0,0,0,0,0,1,0,0,0,0,0,0,0,2,0,1,0,0,4,0,0,0,0,0,0,0,1,0,0,0,0,0,0,1,0,0,1,0,0,0,0,0,0,0,0,0,0,0,1,0,1,0,0,0,2,1,0,0,1,0,0,0,0,0,0,0,0,1,0,0,0,0,0,0,0,1,0,0,0,0,0,0,1,0,0,0,0,0,0,0,0,0,0,0,0,0,1,0,0,0,0,0,0,0,1,0,2,0,0,0,0,1,0,0,0,1,0,0,0,0,0,0,0,1,1,1,0,0,0,0,0,0,0,0,0,0,0,0,1,0,0,0,0,0,0,1,4,0,1,0,0,0,0,0,0,0,0,0,0,1,1,0,0,0,1,1,0,0,0,1,0,1,1,1,0,0,0,0,1,0,0,0,0,0,0,0,0,0,0,1,0,0,0,0,0,0,1,0,0,0,0,1,0,0,1,0,0,0,0,0,1,0,0,0,0,0,0,0,0,0,0,1,1,0,1,0,0,1,1,0,0,0,0,0,1,1,0,0,0,0,0,0,0,1,0,1,0,0,0,0,0,0,0,0,0,0,0,0,0,0,0,0,0,0,0,0,0,0,0,0,2,0,1,0,1,0,1,0,0,0,0,0,0,0,0,0,0,1,0,0,0,0,1,2,0,1,1,0,0,0,0,0,0,0,0,0,0,1,0,3,0,0,1,0,0,0,0,0,1,0,0,0,0,0,0,0,1,0,0,0,0,0,0,0,0,0,0,0,1,0,2,0,0,0,0,0,0,0,0,0,0,0,0,1,0,0,0,0,0,0,0,0,0,0,0,1,0,0,0,1,0,0,0,0,1,0,0,0,0,0,0,0,0,3,0,1,0,0,0,0,0,0,0,0,0,0,0,0,0,0,0,0,0,0,0,0,0,0,0,0,0,0,0,0,0,0,0,0,2,0,0,0,0,0,0,0,0,0,0,1,0,0,0,0,0,0,0,0,0,0,0,0,0,0,0,0,1,0,0,0,0,2,0,0,0,0,0,0,0,0,0,0,0,0,0,0,0,1,0,0,0,1,0,1,0,0,1,0,0,0,0,1,0,0,0,0,0,1,0,0,0,0,0,0,0,0,1,0,1,0,1,0,0,0,1,0,0,0,0,0,0,0,0,0,1,0,0,0,0,0,0,2,0,0,0,0,0,0,0,0,1,0,0,0,0,0,0,0,0,0,0,0,0,1,0,0,0,1,0,0,0,0,0,0,0,0,1,0,0,0,0,1,1,1,1,1,0,0,1,0,1,0,0,0,0,0,0,0,0,0,0,1,1,0,0,0,0,1,1,0,0,0,0,0,0,1,0,0,0,0,2,0,0,0,0,0,0,0,0,0,2,0,0,0,0,0,0,1,0,0,1,0,0,1,3,0,1,0,0,0,0,0,0,0,0,0,0,0,1,2,0,0,0,0,0,1,0,0,0,0,0,0,0,0,0,0,0,0,0,0,0,2,0,1,0,0,0,0,0,0,0,2,0,0,0,1,0,0,0,0,0,1,0,0,1,0,0,0,0,0,0,1,0,2,0,1,1,1,0,0,0,0,0,0,0,1,0,1,0,1,0,0,0,0,0,0,0,0,0,0,0,0,0,0,0,0,0,0,0,0,1,0,1,1,0,0,0,0,1,0,0,0,0,0,0,0,0,1,0,0,2,0,0,0,1,0,0,0,1,0,0,0,0,0,0,0,1,0,0,0,0,0,0,0,0,1,0,0,0,0,0,0,0,0,1,0,0,1,2,0,0,0,0,0,0,1,0,0,0,0,0,0,0,0,0,0,0,0,0,0,0,0,0,0,0,0,0,1,0,0,0,0,1,1,0,2,0,0,0,0,0,1,0,0,0,0,0,0,1,2,0,1,0,0,1,0,0,0,0,0,0,0,0,0,0,0,0,0,0,0,0,1,0,1,0,1,0,0,0,0,0,0,0,0,0,0,0,0,0,0,0,0,0,2,0,0,0,0,0,0,0,0,0,0,0,1,2,1,0,0,0,0,0,0,0,0,0,0,0,0,0,0,0,1,0,0,1,0,2,0,0,0,0,4,0,0,0,0,0,0,0,0,0,0,0,0,0,0,0,0,0,0,0,0,0,0,0,0,1,0,0,2,1,0,0,0,0,0,0,1,0,0,0,0,0,0,0,0,0,1,0,0,0,0,0,0,0,0,0,0,0,0,0,1,0,0
ID1,0,0,0,0,0,0,1,0,0,0,0,0,2,0,0,0,0,0,0,0,0,0,0,0,0,0,0,0,0,0,0,0,0,0,0,0,0,0,0,0,0,0,0,0,1,0,0,0,1,0,0,1,0,0,0,0,0,0,0,0,1,0,0,0,0,0,0,0,1,0,0,0,0,0,0,0,0,3,0,0,0,0,0,0,0,0,0,0,0,0,0,0,0,0,0,0,0,0,0,0,0,0,0,0,0,0,0,0,0,0,0,0,0,0,0,0,0,0,0,0,0,0,0,0,0,0,0,0,0,0,0,0,0,0,0,0,0,0,0,0,0,0,0,0,0,1,0,0,0,0,0,0,0,0,0,0,0,0,0,0,0,0,0,1,0,0,0,0,0,0,0,0,0,0,0,0,0,0,0,0,0,0,0,0,0,0,0,0,0,0,0,0,0,0,0,0,0,2,0,0,0,0,0,0,0,0,0,0,0,0,0,0,0,0,0,0,0,0,0,1,0,0,0,0,0,0,0,0,0,0,0,0,0,0,0,0,0,0,0,0,0,0,0,0,0,0,0,0,2,0,0,0,0,0,0,1,0,0,0,0,0,0,0,0,0,0,0,0,0,0,0,0,1,0,0,0,0,3,0,0,0,0,0,0,0,0,0,0,0,0,0,0,0,0,0,0,0,0,0,0,0,0,0,0,0,0,0,0,0,0,0,0,0,0,0,0,0,0,0,0,0,0,0,0,0,0,0,0,0,0,0,0,0,0,0,0,0,0,0,0,0,0,1,0,0,1,0,0,0,0,0,0,0,0,0,0,0,0,4,0,0,0,0,0,0,0,0,0,0,0,0,0,0,0,0,0,0,0,0,2,0,0,0,0,0,0,1,0,0,0,0,0,0,0,0,0,0,0,0,0,0,0,0,0,0,0,0,0,0,0,0,0,0,0,1,3,0,0,0,0,0,0,0,0,0,0,0,0,0,0,0,0,0,0,0,0,0,0,0,7,0,0,0,0,0,0,0,0,0,0,0,0,0,0,2,0,0,1,0,0,2,0,0,0,1,0,0,0,0,1,0,0,0,0,0,0,0,0,0,0,0,0,0,0,0,0,0,0,0,0,0,0,0,0,0,1,0,0,0,0,0,0,0,0,0,0,0,0,0,0,0,0,0,0,0,0,0,0,0,1,0,0,0,0,0,0,0,0,0,0,0,0,0,0,0,0,0,0,0,0,0,0,0,0,0,0,1,0,0,0,0,1,0,0,0,0,0,0,0,0,0,0,0,0,0,0,0,0,0,0,0,0,0,0,0,0,0,0,0,0,0,0,0,0,0,0,0,0,0,0,0,0,0,0,0,0,0,0,0,0,0,0,0,0,0,0,0,0,0,0,0,0,0,0,0,0,0,0,0,3,0,0,0,0,0,0,0,0,0,0,0,0,0,0,0,0,0,0,0,0,0,0,0,0,0,0,0,0,0,0,0,0,0,0,0,0,0,0,0,1,0,0,0,0,0,0,0,0,0,0,0,0,0,0,0,0,0,0,0,0,0,0,0,0,0,0,0,0,0,0,0,0,0,0,0,0,0,0,0,0,0,0,0,0,0,0,0,0,0,2,0,0,0,0,0,0,0,0,0,0,0,0,0,0,0,0,0,0,0,0,0,0,0,0,0,0,0,0,0,0,0,0,0,0,0,0,0,0,0,0,0,0,0,0,0,0,0,0,0,0,0,1,0,0,0,0,0,0,0,0,0,0,0,0,0,0,0,0,0,0,0,0,0,0,0,0,0,0,0,0,0,0,0,2,1,0,0,0,0,0,0,0,0,0,0,0,0,0,0,0,0,0,0,0,0,0,0,0,0,1,0,0,2,0,0,0,0,0,0,0,0,0,0,0,0,0,0,0,0,0,0,0,0,0,0,0,0,1,0,0,0,0,0,0,0,0,0,0,0,0,0,0,0,1,0,0,0,0,0,0,0,0,0,0,0,0,0,0,0,0,0,0,1,0,0,0,0,0,0,0,0,0,0,1,0,0,0,0,0,0,0,1,0,0,0,0,0,0,0,1,0,0,0,0,0,0,0,0,0,0,0,0,0,0,0,0,0,0,1,0,0,0,0,0,0,0,0,0,0,0,0,0,0,0,0,0,0,0,0,0,0,0,1,0,0,0,0,0,0,0,0,0,0,0,3,0,0,0,0,0,0,3,0,0,0,0,0,0,0,0,0,0,0,0,0,0,0,0,0,0,0,0,0,0,0,0,0,0,0,0,0,1,0,0,0,0,0,0,0,0,0,0,0,0,0,0,0,0,2,0,0,0,0,0,0,0,0,0,0,0,0,0,0,0,0,0,0,0,0,0,0,0,0,0,0,0,0,0,0,0,0,0,0,0,0,0,0,0,0,0,0,0,0,0,0,0,0,1,0,0,0,0,0,0,0,0,0,0,0,0,0,0,0,0,0,2,0,0,0,0,0,0,0,0,0,0,0,0,1,0,0,0,0,0,1,0,0,0,0,0,0,0,0,0,0,0,0,0,0,0,0,0,0,0,0,0,0,0,1,0,0,0,0,0,0,0,0,0,0,0,1,0,1,0,0,0,0,0,0,0,1,0,0,3,0,0,0,0,0,0,0,0,0,0,0,0,0,0,0,0,0,0,0,0,0,0,4,0,0,1,0,0,0,0,0,0,0,0,2,0,0,0,0,0,0,0,0,1,0,1,0,0,0,0,0,0,0,0,0,0,0,0,0,0,0,0,0,0,0,0,0,1,0,0,0,0,0,1,0,0,1,0,0,0,0,0,1,0,0,0,0,0,0,0,0,0,0,0,0,0,0,0,0,0,0,0,0,0,0,0,0,0,1,0,0,0,0,0,1,0,0,0,0,0,0,0,1,0,0,0,0,0,2,0,0,0,0,0,0,0,0,0,0,0,0,0,0,0,0,0,0,0,0,0,0,0,0,0,0,0,0,0,0,0,0,0,0,0,0,0,0,0,0,0,0,0,0,0,0,0,0,0,0,0,0,0,0,0,0,0,0,0,0,0,0,0,0,0,0,0,0,0,0,0,0,0,0,0,0,0,0,0,0,0,0,0,0,4,0,0,0,0,0,0,0,0,0,0,0,0,0,0,0,0,0,0,0,0,0,0,0,0,0,0,0,0,0,0,0,0,0,1,0,0,0,0,0,0,0,0,0,0,0,0,0,0,0,0,0,0,0,0,0,0,0,0,0,0,0,0,0,0,0,0,0,0,0,0,0,0,0,0,0,0,0,0,0,0,0,0,0,0,0,0,0,0,0,0,0,0,0,0,0,0,0,0,0,0,0,0,0,0,0,0,0,0,0,0,0,0,0,0,0,0,0,0,0,2,0,0,0,0,0,0,0,0,0,0,0,0,0,0,0,0,0,0,0,0,0,0,0,0,0,0,0,0,0,0,0,0,0,0,1,0,0,0,0,0,1,0,0,0,1,0,0,0
TNFAIP2,0,0,0,0,0,1,2,0,0,0,0,0,1,0,0,0,0,0,0,0,0,0,0,0,0,0,0,0,0,0,0,0,0,0,0,0,0,0,0,0,0,0,0,0,0,0,0,0,0,0,0,0,0,0,0,0,0,0,0,0,1,0,0,1,0,0,0,0,0,0,0,0,0,0,0,0,0,0,0,1,0,0,0,0,0,0,0,0,0,0,0,0,0,0,0,0,0,0,0,0,0,0,1,0,0,0,0,0,1,0,0,0,0,0,0,0,0,0,1,0,0,0,0,0,0,0,0,0,0,0,0,0,0,0,0,0,0,0,0,0,0,0,0,0,0,0,0,0,0,0,1,1,0,0,0,0,0,0,0,1,0,0,1,0,0,0,0,0,0,1,0,0,0,0,0,0,0,0,1,0,0,0,0,0,1,0,0,0,1,1,1,0,0,0,0,0,0,0,0,0,0,0,0,0,0,0,0,0,0,0,0,0,0,0,0,0,0,0,0,0,0,0,0,0,0,0,0,0,0,0,0,0,0,1,1,0,0,0,0,0,0,0,0,1,0,0,0,1,2,0,0,1,0,0,0,0,0,0,0,0,0,0,0,1,0,0,0,0,0,0,0,0,0,0,0,0,0,1,1,0,0,0,0,0,0,0,0,0,0,0,0,0,0,0,0,0,0,0,0,0,0,0,0,0,1,0,0,1,4,0,0,0,0,0,0,0,0,1,0,0,0,0,3,0,0,0,1,0,0,0,0,1,0,0,0,0,0,0,0,1,0,0,3,0,0,0,0,0,0,1,1,0,0,0,0,1,0,0,1,0,0,0,0,0,0,0,1,0,0,0,0,0,0,0,0,2,0,0,0,0,0,0,0,0,0,0,0,0,0,0,0,1,0,1,0,2,0,0,0,1,1,0,0,0,2,0,0,0,0,0,0,0,1,0,0,2,0,0,0,0,0,0,0,0,1,0,0,0,0,0,0,0,0,0,0,0,0,0,0,1,0,0,0,0,0,3,0,0,0,0,0,0,1,0,0,0,0,0,0,0,0,0,0,0,0,0,0,0,0,0,1,2,0,0,0,1,2,0,0,0,0,0,0,0,2,0,0,0,0,0,0,0,0,0,0,1,0,0,0,0,0,1,0,0,0,0,0,1,0,0,0,0,0,0,0,0,0,0,0,0,0,0,0,1,2,0,0,0,1,0,0,0,0,0,0,1,0,0,0,0,0,0,0,0,0,0,1,0,0,0,0,6,0,0,1,1,0,0,0,0,0,0,0,0,0,0,0,0,0,0,0,0,0,0,0,1,0,0,0,0,0,0,0,0,0,0,0,0,0,0,0,0,0,1,0,0,0,0,0,0,0,0,0,0,0,0,0,0,0,0,0,0,0,0,0,0,0,0,0,0,0,0,0,0,0,0,0,0,0,0,0,0,0,0,1,0,0,0,0,0,0,0,0,0,0,0,0,0,0,0,0,0,0,0,0,0,0,0,0,1,0,0,0,0,0,0,0,0,0,0,0,0,0,0,0,0,0,0,0,0,0,1,0,0,0,0,0,0,0,0,0,0,0,0,0,0,0,0,0,1,0,0,0,1,0,1,0,0,0,1,0,0,0,0,1,0,0,0,0,0,0,0,0,0,0,0,0,0,0,0,0,0,0,0,0,0,4,0,0,0,0,0,0,1,0,0,0,0,0,0,0,0,0,0,0,0,0,0,0,0,0,2,0,0,1,0,0,0,0,0,0,0,0,0,0,1,0,0,1,0,0,0,0,0,1,0,0,0,0,0,0,0,0,0,2,0,0,0,0,0,0,0,0,0,0,0,0,0,0,0,0,0,0,0,0,0,0,0,0,0,0,0,0,0,0,0,0,0,0,0,0,0,0,0,0,0,0,0,0,0,0,0,0,0,0,0,0,0,0,0,0,1,0,0,0,0,2,0,0,0,0,0,0,0,0,0,0,0,0,0,0,0,1,0,0,0,0,0,0,2,0,0,0,1,0,0,0,0,0,0,0,0,0,0,0,0,0,0,0,0,0,0,0,0,0,0,0,0,0,1,3,0,0,0,0,0,0,0,0,0,0,0,1,0,0,0,0,0,2,0,0,0,0,0,0,0,0,0,0,0,0,0,0,0,0,0,0,1,0,0,0,0,0,0,0,0,0,0,0,1,0,0,0,0,2,0,0,0,0,0,0,0,0,0,0,0,0,0,2,0,0,0,0,1,0,0,0,0,0,0,0,0,0,0,0,0,0,0,0,0,0,0,0,0,0,0,0,0,0,0,0,0,1,0,0,0,0,0,1,0,0,0,0,0,0,0,0,0,0,0,2,1,0,0,0,0,0,1,1,0,0,0,0,0,0,0,0,0,0,0,0,0,0,0,0,0,0,0,0,0,0,0,0,3,0,0,2,0,0,0,1,0,0,0,0,0,0,0,1,0,0,1,0,0,0,0,1,0,0,0,0,0,0,2,0,0,0,0,0,0,0,0,0,0,0,0,0,0,0,0,0,0,0,0,0,0,1,0,0,1,0,0,0,0,0,0,0,0,0,0,0,0,0,0,0,0,0,0,0,0,0,0,0,0,0,0,0,0,0,0,0,0,0,0,0,0,0,0,0,0,0,0,0,0,0,0,0,0,0,0,0,0,0,0,0,0,0,0,0,0,0,0,0,0,0,0,0,0,0,0,0,0,0,0,0,0,0,0,1,0,0,0,0,0,0,0,0,1,0,1,0,0,0,2,0,0,0,0,0,0,0,0,0,0,0,0,0,0,0,0,0,1,0,0,0,0,0,0,0,0,0,0,0,0,0,0,0,1,0,0,0,0,1,1,0,0,1,0,0,0,0,0,1,2,0,0,0,0,0,0,0,0,0,0,0,0,0,0,0,0,1,0,1,0,0,1,0,0,0,1,0,0,0,0,0,0,0,0,2,0,1,0,0,0,0,0,1,0,0,0,0,0,0,0,0,0,0,0,0,0,0,1,1,1,0,0,0,0,0,0,0,0,0,0,0,0,0,0,0,0,0,0,0,0,0,0,0,1,0,0,0,0,0,0,0,0,0,0,2,0,0,0,0,0,0,0,0,0,0,0,0,1,0,0,2,0,0,0,0,2,0,0,0,0,0,0,0,0,0,0,1,0,0,0,0,0,0,1,0,0,0,0,0,0,0,1,1,0,0,0,0,0,0,0,0,0,0,7,0,0,0,0,1,1,0,0,0,0,0,0,0,0,0,0,0,0,0,0,0,0,0,0,0,0,0,0,0,0,0,0,0,0,0,0,0,1,0,0,0,0,0,0,1,0,0,0,0,0,0,0,0,0,0,2,0,0,0,0,0,1,0,0,0,0,0,0,0,0,1,0,0,0,0,1,0,0,0,0,0,0,0,1,0,0,0,0,0,0,0,0,0,0,0,0,0,0,0,0,0,0,0,1,0,0,1,0,0,0,0,0,0,1,0,0,0,0
IFI16,0,3,1,1,0,1,0,0,0,0,1,0,1,0,0,1,0,1,2,0,0,0,0,3,2,1,0,1,0,0,0,0,0,0,1,0,0,1,1,1,0,2,1,0,0,1,1,0,0,0,1,0,0,0,1,0,1,0,1,0,2,0,0,0,1,2,0,0,0,0,0,1,0,1,1,0,0,1,0,2,1,0,0,1,0,0,0,3,1,0,0,0,0,2,1,1,2,1,0,1,0,0,1,1,0,0,0,2,0,0,1,0,0,1,0,0,0,0,0,1,0,0,0,0,1,2,0,1,0,0,0,0,1,0,1,0,0,0,0,0,0,0,1,1,1,4,0,0,0,0,0,1,0,1,0,0,1,0,0,1,0,0,1,0,1,0,1,0,3,7,0,1,2,0,2,0,0,0,0,1,0,0,0,1,1,0,0,0,1,2,0,0,3,1,1,1,1,0,0,0,0,1,0,0,0,0,0,1,2,1,0,1,0,0,0,0,0,1,0,0,0,0,0,0,0,0,0,2,0,2,1,0,1,0,0,0,0,0,1,1,1,0,0,0,0,0,0,1,1,1,0,0,0,0,0,0,0,0,0,0,0,0,1,0,0,0,0,0,0,0,2,2,1,0,0,0,2,1,0,1,1,1,0,2,0,0,0,4,1,0,0,1,0,0,0,1,1,0,0,0,0,0,1,0,0,1,0,0,1,0,0,0,0,0,0,1,1,1,0,0,1,1,2,0,0,0,0,1,0,0,0,2,0,0,0,0,0,0,1,1,1,0,2,0,2,0,0,0,0,1,3,0,3,0,2,0,0,0,2,1,1,1,5,1,1,3,2,0,0,1,1,0,0,0,0,0,0,3,1,1,0,0,1,0,1,0,0,1,0,1,0,2,0,0,0,0,0,0,1,5,0,0,1,2,2,1,0,0,1,0,1,2,1,0,0,2,0,0,0,0,1,1,1,1,0,0,1,0,1,0,0,1,0,0,1,1,0,0,0,2,0,0,0,1,0,3,1,1,0,0,2,0,0,0,1,1,0,2,2,1,5,0,0,0,1,0,0,0,1,1,0,1,1,0,0,2,0,0,2,0,1,0,1,0,0,0,0,0,0,1,0,0,0,0,0,1,2,0,0,0,0,0,0,1,0,0,2,2,0,0,1,2,0,0,0,0,1,0,0,1,0,0,0,1,2,0,1,2,1,0,0,0,0,0,1,1,2,5,0,1,2,3,0,1,0,2,2,0,1,0,2,1,0,0,1,0,0,1,0,0,0,1,1,1,0,0,0,0,1,1,0,1,1,1,1,1,0,1,1,0,0,0,0,1,1,0,0,0,0,0,0,2,0,1,0,1,1,0,0,0,0,6,0,0,0,0,2,0,0,0,0,1,3,0,0,0,0,1,1,1,0,0,0,0,2,0,1,1,0,0,0,0,0,1,2,0,0,0,1,1,0,0,1,0,0,1,2,0,0,0,0,1,0,1,1,0,0,0,0,1,0,1,1,1,0,0,0,0,1,4,1,1,0,0,1,0,0,0,0,2,1,2,1,1,1,1,0,0,0,1,0,2,1,0,0,1,0,0,1,0,1,0,0,0,0,0,1,0,0,7,0,0,0,0,2,0,1,1,0,0,0,0,2,0,0,1,0,1,0,1,1,0,0,0,0,0,0,0,0,1,0,0,0,0,1,0,0,0,0,0,0,0,0,1,3,1,0,0,0,0,1,1,0,0,0,1,0,0,1,0,0,0,1,0,0,1,2,0,0,1,0,1,0,0,2,0,0,0,0,1,1,0,1,0,0,1,0,1,2,0,0,0,0,0,2,1,0,0,3,0,0,0,0,2,0,0,1,2,0,4,0,0,2,1,0,1,1,0,2,0,0,0,0,0,0,0,0,0,0,0,0,2,0,1,0,1,1,0,0,0,0,0,0,0,0,0,0,1,0,0,0,0,0,0,1,0,3,0,0,0,1,0,0,1,0,0,0,0,1,0,0,1,0,3,0,0,2,0,2,2,0,0,1,1,0,1,0,1,1,0,0,2,0,0,0,0,1,1,0,0,1,0,1,0,0,0,0,0,0,1,1,0,0,0,0,0,1,1,0,0,0,1,0,0,0,1,0,0,0,0,1,0,4,1,1,0,2,3,0,1,0,0,0,0,0,0,1,0,0,0,1,0,1,1,0,0,0,0,0,0,0,1,1,1,0,1,0,0,1,0,0,0,0,2,1,1,1,0,0,1,2,1,0,0,0,0,0,0,0,1,0,0,0,0,0,0,0,1,1,0,1,1,0,0,0,0,0,1,1,0,1,1,0,0,1,1,1,1,1,0,1,5,1,0,0,0,0,0,1,0,1,2,2,0,2,0,0,0,2,1,2,1,0,1,0,1,2,2,0,1,1,2,1,0,0,0,1,0,0,0,0,0,1,0,0,2,0,0,0,0,1,0,0,0,1,1,1,0,2,0,0,0,1,3,0,0,0,0,1,0,1,1,0,1,1,0,0,1,2,0,0,0,1,1,0,0,1,0,0,0,0,0,0,1,1,0,0,1,1,0,1,1,2,0,0,0,0,0,0,0,1,0,1,1,0,0,0,0,0,0,0,0,0,2,0,0,0,1,0,0,0,1,0,0,0,0,0,0,0,2,0,2,0,0,0,1,1,0,3,1,0,0,2,0,0,0,1,0,0,1,0,2,1,1,0,1,0,1,1,2,0,0,1,1,0,0,1,2,0,2,0,1,2,2,0,0,2,0,0,0,0,1,0,0,0,0,0,0,1,0,1,0,0,0,0,2,0,0,0,0,0,0,0,0,0,0,0,0,0,0,1,0,1,3,1,0,1,0,2,0,0,0,0,0,1,0,0,1,0,0,0,2,2,0,0,0,0,1,1,0,0,0,0,3,0,1,0,0,0,2,1,0,1,0,1,0,1,0,0,0,1,0,0,1,0,0,0,1,0,1,0,0,0,1,1,0,0,0,0,3,0,1,0,0,0,0,1,0,0,0,0,0,0,0,0,0,1,0,11,0,1,0,0,0,0,0,0,0,0,0,0,0,0,0,0,0,0,1,0,0,0,1,0,1,0,2,0,1,0,0,0,0,0,0,4,0,1,2,0,0,1,0,0,0,0,0,1,0,0,0,2,0,0,0,0,0,1,0,0,1,0,1,1,0,0,1,1,0,0,0,0,0,0,0,2,0,1,4,1,0,0,1,1,1,0,0,0,0,1,2,0,0,3,1,0,0,0,0,0,0,0,1,2,1,0,1,0,0,0,0,0,0,0,1,0,1,0,1,1,1,1,0,0,0,1,0,1,0,2,1,2,0,0,0,2,2,0,0,1,1,1,0,1,1,1,1,0,0,1,2,1,1,1,0,0,1,0,0,0,0,0,1,0,0,0,0,0,0,0,1,1,0,1,0,0,0,1,1,0,0,1,0,1,0,1,0,1,2,0,1,0,3,2,0,0,1
ITGAM,0,0,0,0,1,0,1,0,0,0,2,0,0,0,0,0,0,0,0,0,0,0,0,0,0,0,0,0,0,1,0,1,1,0,0,0,0,0,0,0,0,0,0,0,0,0,0,0,0,0,0,0,0,0,0,1,1,0,0,0,0,0,0,1,0,0,0,0,1,0,0,0,0,0,0,0,0,2,0,2,0,0,1,0,2,0,0,0,0,0,0,0,0,0,0,0,0,0,0,2,0,0,1,0,0,0,0,1,0,0,0,0,0,0,0,0,0,0,0,0,0,0,0,0,0,0,0,0,0,0,0,0,0,0,0,0,0,0,0,0,0,0,0,0,0,2,0,0,0,1,1,0,0,0,0,0,0,0,0,0,0,0,0,0,0,0,1,0,0,0,0,0,0,0,1,0,0,0,1,0,0,0,0,0,0,0,0,0,1,0,1,0,0,0,0,2,0,1,0,1,0,1,0,0,0,0,0,0,0,0,0,0,0,0,0,0,0,0,0,1,0,0,0,0,0,0,0,0,0,0,0,0,0,0,0,0,0,0,0,0,0,0,0,0,0,0,0,0,0,0,0,1,0,0,0,0,0,0,0,0,0,0,1,2,0,0,0,0,0,0,1,0,0,0,0,0,0,1,1,0,1,0,0,0,0,0,0,0,0,0,0,0,1,0,0,0,0,0,1,0,0,0,0,0,1,0,0,0,1,0,0,0,0,0,0,0,0,0,0,0,0,0,0,0,1,0,1,0,0,0,0,2,0,0,0,0,0,0,0,0,0,0,0,0,0,0,0,1,0,1,0,0,0,0,0,1,0,0,0,0,0,0,0,0,1,0,0,0,0,0,0,0,0,0,0,0,0,0,0,1,0,0,1,0,0,0,0,0,0,0,0,0,0,0,0,0,0,1,0,0,0,0,1,0,0,0,0,0,0,0,0,0,1,0,0,0,0,0,0,0,1,0,0,0,1,0,0,0,0,0,0,0,0,0,0,0,0,0,0,0,2,0,0,0,0,1,1,0,0,0,0,0,0,0,1,0,0,0,0,0,0,0,0,0,0,0,0,0,1,0,1,0,0,0,0,0,0,0,0,0,1,0,0,0,1,0,0,0,0,0,0,0,0,0,0,0,0,0,0,1,0,1,0,0,0,0,0,0,0,0,0,0,0,0,0,0,0,0,0,0,0,0,0,0,1,0,0,0,1,0,0,0,0,0,0,1,0,0,0,0,0,0,0,0,0,0,1,0,0,0,0,0,0,0,0,0,0,0,1,0,0,0,0,1,0,0,0,0,0,0,0,0,0,0,0,0,0,0,0,0,0,0,0,0,0,1,0,0,0,1,0,0,1,0,0,0,0,0,0,0,0,0,0,0,0,0,1,0,0,0,0,0,0,0,0,0,1,0,2,0,1,0,0,0,1,0,0,0,0,0,0,0,0,0,1,0,0,1,0,0,0,0,1,0,0,0,0,0,0,0,1,0,0,0,0,0,0,0,0,0,0,0,0,0,0,0,0,0,0,1,0,0,0,0,0,0,0,0,0,0,0,0,0,0,1,0,0,0,0,0,0,0,0,0,0,0,0,0,0,0,0,0,0,0,0,0,0,0,0,0,0,0,0,0,1,0,0,0,0,0,0,0,0,0,0,0,0,0,0,0,0,0,0,0,0,0,1,0,0,0,0,0,2,0,0,0,0,0,0,0,0,0,0,0,0,0,0,0,0,0,0,1,0,0,0,0,0,0,0,0,0,0,0,0,0,0,1,0,0,0,0,0,0,0,0,0,0,0,0,0,0,0,0,0,1,0,0,0,0,0,0,0,0,0,0,0,0,0,0,0,0,0,0,0,0,0,0,0,1,2,2,0,0,0,0,0,0,0,0,0,0,1,0,0,0,1,0,0,0,0,0,1,0,0,0,0,0,0,0,0,0,1,0,0,0,0,0,1,0,0,0,0,0,0,0,0,0,0,1,0,0,0,0,0,0,1,1,0,0,0,0,0,0,0,0,0,0,0,1,0,0,0,0,0,0,1,0,0,0,0,0,0,0,0,0,0,0,0,0,0,0,0,0,0,0,0,0,0,0,1,0,0,0,0,0,0,0,0,0,0,0,0,0,0,0,0,0,0,0,0,0,0,0,0,0,0,0,0,0,0,0,0,0,0,0,0,0,0,0,1,0,0,0,0,0,0,0,0,0,0,0,0,1,0,0,0,0,0,1,0,0,0,0,0,0,0,0,0,0,0,0,0,0,0,0,0,0,0,0,0,0,0,0,0,0,0,0,0,0,0,0,0,0,0,0,0,0,0,0,0,0,0,0,0,0,0,0,1,0,0,0,0,0,0,0,0,0,2,0,0,0,0,0,0,0,0,0,0,0,0,0,0,0,0,0,0,0,0,0,0,0,0,0,0,0,0,1,0,0,1,0,0,0,0,0,0,1,0,0,2,0,0,0,0,1,1,0,0,0,0,1,0,0,0,0,0,0,0,0,0,0,0,0,1,1,0,0,0,0,0,0,0,0,0,0,0,0,0,0,0,0,0,6,0,0,0,1,0,1,0,0,0,0,0,0,0,0,0,0,0,0,0,0,1,0,0,0,0,0,0,0,0,0,0,0,0,0,0,0,0,0,0,0,0,0,0,1,0,0,0,0,0,0,0,0,1,0,0,0,0,0,0,0,0,0,0,1,0,0,0,0,0,0,0,0,0,0,3,0,0,0,0,0,0,0,0,0,0,1,1,0,0,0,0,0,0,0,0,0,0,0,0,0,0,0,0,0,1,0,0,1,0,0,0,0,0,0,0,0,0,0,0,0,0,0,0,0,0,0,0,0,0,0,0,0,0,0,1,0,0,0,0,0,0,0,0,0,0,0,0,0,0,0,0,0,0,0,1,2,0,0,0,0,0,0,1,0,0,0,2,0,0,0,0,0,0,1,0,0,0,0,0,0,0,0,0,0,0,0,0,0,0,0,0,0,0,0,0,0,0,0,0,0,0,0,0,0,0,0,0,0,0,0,0,0,0,0,0,0,0,1,0,0,0,0,0,0,0,0,0,0,0,0,0,0,0,0,1,1,0,0,0,0,0,0,1,0,0,0,0,1,0,0,0,1,0,0,0,0,0,0,0,0,0,0,0,0,0,0,0,0,1,0,0,0,0,0,0,0,0,0,0,1,0,0,0,0,0,0,0,0,0,0,0,0,0,0,0,0,0,0,1,1,1,0,0,0,0,0,0,0,0,0,0,0,0,0,0,0,0,0,0,0,0,1,0,0,0,0,0,0,0,0,0,0,0,0,0,0,0,0,0,0,0,0,0,0,0,0,0,1,0,0,1,0,0,0,0,0,1,0,0,1,0,0,0,0,1,0,0,0,0,0,0,0,0,0,0,0,0,0,0,0,0,0,0,0,0,0,0,0,0,0,0,0,0,0,0,0,0,0,1,0,0,0,0,0,0,0,0,0,0,0,0,0,0
PPP1R14B,0,0,0,0,0,0,0,0,0,0,0,0,1,0,0,0,0,0,0,0,0,0,0,0,0,0,0,0,0,0,0,0,0,4,0,0,2,0,0,1,0,0,1,0,0,0,0,0,0,0,0,0,0,0,1,0,0,2,0,0,0,0,0,0,0,0,0,0,1,1,0,0,0,0,0,0,0,0,0,0,0,0,0,0,0,0,0,0,0,0,6,0,0,0,0,0,0,0,0,1,0,0,0,0,0,1,0,0,0,0,0,0,0,0,0,0,0,1,0,0,0,0,0,0,0,0,0,0,0,0,0,0,0,0,0,0,0,0,1,0,0,0,0,0,0,0,0,0,1,0,0,1,0,1,0,0,0,0,0,0,0,0,1,0,0,0,0,0,0,0,0,0,0,0,0,0,0,0,0,0,0,0,0,0,0,1,0,0,0,0,1,0,0,1,0,0,0,0,0,0,0,0,0,0,0,0,0,0,0,0,0,0,0,0,0,0,0,0,8,0,0,0,6,0,1,0,0,0,0,0,0,0,0,0,0,0,0,0,0,0,0,0,0,0,0,0,0,0,0,0,0,0,0,0,0,1,0,0,0,0,0,0,0,1,0,0,0,0,0,0,0,0,0,0,0,0,0,0,0,0,0,0,0,0,0,0,0,0,0,0,0,1,0,0,0,0,0,0,0,0,0,0,0,0,0,0,0,0,0,1,0,0,0,0,0,0,0,0,1,0,0,0,0,0,0,0,0,0,0,0,0,0,0,0,0,0,0,0,0,0,0,0,0,0,0,0,0,0,0,1,0,0,0,0,0,0,0,0,0,0,0,0,0,0,0,1,3,0,0,0,0,0,0,0,0,2,0,0,0,0,1,0,0,0,0,0,1,0,1,0,0,0,0,0,0,0,0,0,0,0,0,0,0,0,0,0,0,0,0,0,0,0,0,0,0,2,0,0,0,0,0,0,0,0,0,0,0,0,0,0,0,0,0,0,0,0,0,0,0,2,0,0,1,0,0,0,0,0,0,0,0,0,0,0,0,0,0,0,0,0,5,0,0,0,0,0,0,0,0,0,0,1,0,0,0,0,0,0,0,0,0,0,0,1,0,0,0,0,0,0,0,0,0,0,0,0,0,1,0,0,0,0,0,0,0,0,0,0,0,0,0,0,0,0,0,1,0,0,0,0,0,0,1,0,0,0,1,0,1,0,0,0,0,0,1,1,0,1,0,1,1,1,0,0,0,0,0,0,0,0,0,0,0,0,1,0,0,0,0,0,0,0,0,0,0,0,0,0,0,0,1,0,0,0,0,0,0,0,0,0,0,0,0,0,0,0,0,0,0,0,0,0,0,0,0,0,0,0,0,0,0,1,0,0,1,0,0,0,0,0,0,0,1,0,1,0,0,0,0,0,0,0,0,0,0,0,0,1,0,0,0,0,0,0,0,0,0,0,0,0,0,0,0,0,0,0,11,1,0,0,0,0,0,0,0,0,0,0,0,0,0,0,0,0,0,0,1,0,0,0,0,0,0,0,2,0,0,0,0,0,0,0,0,0,0,0,0,0,0,0,0,0,0,0,0,0,0,0,0,1,0,0,4,0,0,0,0,0,0,0,0,0,0,0,0,0,0,1,0,0,0,0,0,0,0,0,2,0,0,0,0,0,0,0,5,0,0,1,0,0,0,0,0,0,0,0,0,0,0,0,0,0,0,1,1,0,0,0,0,0,0,0,2,0,0,0,0,0,0,0,0,0,0,0,0,0,0,0,0,0,0,0,0,0,0,0,0,0,0,0,0,0,0,0,0,0,0,0,0,0,1,0,0,0,0,0,0,0,0,0,0,0,0,0,0,0,0,0,0,0,0,0,1,0,0,0,0,0,0,0,0,0,0,0,0,0,0,0,0,1,0,0,0,0,0,0,0,0,0,0,0,0,0,0,0,0,0,1,0,0,0,0,0,0,0,0,0,0,0,0,0,0,0,0,0,0,0,0,0,0,0,0,0,0,0,0,0,0,0,0,0,0,0,0,0,0,0,0,0,0,0,0,0,0,0,0,0,0,1,0,0,0,0,0,0,0,0,0,0,0,0,1,0,0,6,1,0,0,0,0,0,0,0,0,0,0,0,2,0,0,0,0,0,1,0,0,0,0,0,0,0,0,0,0,0,0,0,0,0,0,0,0,0,0,0,0,0,0,0,0,0,3,0,0,0,0,0,0,0,0,0,0,0,1,0,0,0,0,0,0,0,0,0,1,0,0,0,0,0,0,0,0,0,0,0,0,0,0,0,0,0,0,0,0,0,0,1,0,1,0,0,0,0,0,1,0,1,0,0,0,1,0,0,0,0,0,0,0,0,0,0,1,0,0,0,0,0,0,0,0,0,0,0,0,0,0,0,0,0,0,0,0,0,0,0,0,0,0,0,0,0,1,0,1,0,5,0,0,0,0,8,0,0,0,0,0,0,0,0,0,0,0,0,1,0,0,0,1,0,0,0,1,0,0,0,0,0,0,0,0,0,0,1,0,0,0,0,0,0,0,0,0,0,0,1,0,0,0,0,0,0,0,0,0,0,0,0,0,0,0,0,0,0,0,0,0,0,0,14,0,0,0,5,0,0,0,0,0,0,0,1,0,0,1,0,0,0,0,0,0,0,0,0,0,4,0,0,0,0,1,0,0,0,0,0,0,0,0,0,0,0,0,0,0,0,0,0,0,0,0,0,0,1,0,0,0,0,0,0,0,0,0,0,0,0,0,0,0,0,0,0,0,0,0,0,0,0,0,0,0,0,0,0,0,0,15,0,0,0,0,0,0,0,0,1,0,0,0,0,1,0,0,0,0,0,0,0,0,0,0,0,0,0,0,0,0,0,0,0,0,0,0,0,0,0,0,0,0,0,0,0,0,0,0,0,0,0,0,0,0,0,0,0,0,0,0,0,0,1,1,0,0,0,0,0,0,0,0,0,0,0,0,0,0,0,0,0,0,0,0,0,0,0,1,0,0,1,1,0,0,0,0,0,0,0,0,0,0,3,0,0,0,1,0,0,0,0,0,0,0,0,1,0,0,0,0,0,0,0,0,0,0,0,0,0,0,0,0,0,0,0,0,0,0,0,0,0,0,0,0,0,0,0,0,0,0,0,0,0,6,0,0,0,0,0,0,0,1,1,0,1,0,0,0,0,0,1,0,1,5,0,0,0,0,0,0,1,1,0,0,0,0,0,0,0,0,0,0,0,0,0,0,0,0,0,1,0,0,0,0,0,0,0,0,0,0,0,0,0,0,0,0,0,0,0,0,0,0,0,0,0,0,0,0,0,0,0,0,0,0,0,0,0,0,2,0,0,0,0,0,0,0,0,0,0,0,0,0,0,0,0,0,0,0,0,0,0,0,0,0,0,0,0,0,0,0,0,0,0,0,1,0,1,0,0,0,0,0,0,0,0,0,0,0,0,0,0,0,0,0,0,0,0,0,0,0
PTPN7,0,0,0,0,1,0,0,0,0,0,0,0,0,0,0,1,1,0,0,0,0,1,0,0,1,1,0,0,0,0,0,0,0,0,0,1,0,0,0,0,0,0,0,0,0,0,0,0,0,0,1,0,0,1,1,0,0,1,0,1,0,0,0,0,0,1,1,0,0,0,0,0,0,0,0,0,2,0,0,0,0,0,0,0,1,0,1,0,1,1,2,0,2,0,0,0,0,0,0,0,0,0,0,0,0,0,0,3,0,0,0,0,0,0,0,0,0,0,0,0,0,0,0,0,0,1,0,0,0,1,0,0,0,0,0,0,0,0,0,0,2,0,1,0,0,0,0,0,0,2,0,0,1,0,0,0,0,0,0,0,1,0,0,0,2,1,0,0,0,0,0,2,1,0,0,0,0,0,0,0,0,0,0,0,0,0,0,0,0,0,1,0,0,0,1,0,0,0,0,0,0,0,0,0,0,0,0,0,0,0,0,0,0,0,0,0,0,0,0,0,0,0,0,0,0,0,0,0,0,0,0,0,0,0,0,1,0,0,2,0,0,0,0,0,0,0,2,1,0,1,0,0,0,0,0,0,0,0,0,0,1,0,1,0,0,0,0,1,1,0,3,1,0,0,0,0,0,0,0,1,0,0,0,0,0,0,0,1,0,0,1,0,0,0,0,0,0,0,0,1,1,0,1,0,0,0,1,0,0,0,1,0,0,0,0,0,0,0,0,2,0,0,0,0,0,0,0,0,0,2,0,0,1,0,0,0,0,0,1,0,0,0,0,2,0,0,0,0,0,0,0,0,0,0,1,0,0,1,1,1,0,0,0,0,0,0,0,0,0,0,0,0,0,0,0,2,1,0,0,0,0,0,0,0,0,0,0,1,0,0,0,0,1,0,0,0,0,1,0,0,0,0,2,0,0,0,1,0,0,0,1,2,0,0,0,1,0,0,0,0,0,0,0,2,0,0,1,0,0,0,1,0,0,0,1,0,0,0,0,1,1,0,0,0,0,1,0,0,0,0,0,0,0,0,0,1,0,2,0,0,0,0,0,1,0,0,0,0,0,0,0,0,0,0,0,0,0,0,2,1,0,1,0,1,0,0,0,0,0,0,0,0,0,0,0,0,0,0,0,1,0,0,0,0,0,1,0,0,0,0,0,1,0,0,0,1,0,0,0,0,0,0,0,0,0,0,0,0,0,1,0,0,0,0,0,0,1,0,0,0,0,3,0,0,0,0,0,0,0,1,1,0,0,0,0,0,0,0,0,1,0,0,0,2,0,0,1,0,1,0,0,0,0,0,1,0,2,1,0,0,0,1,0,0,1,1,1,0,0,0,0,0,0,0,0,0,2,0,0,0,0,0,0,1,1,2,0,0,0,0,0,0,0,0,3,0,0,2,0,0,1,0,0,0,1,1,0,0,0,1,0,0,0,0,0,0,0,1,0,0,0,0,0,0,0,0,0,0,0,0,0,0,0,0,0,0,0,0,0,0,0,0,0,0,2,0,0,0,0,0,0,0,0,0,1,0,0,0,0,0,0,0,0,0,0,0,0,0,0,0,0,0,0,1,1,0,0,0,0,0,0,2,0,0,0,0,0,0,0,2,0,0,0,0,0,1,1,1,0,1,0,0,0,0,0,0,0,0,0,0,0,1,0,0,0,1,0,0,1,1,1,0,1,0,0,1,0,0,0,0,0,1,0,0,0,1,0,0,0,0,0,0,0,2,0,0,0,1,0,0,0,0,0,0,0,0,0,0,0,1,0,0,0,2,0,0,1,0,0,1,0,0,2,0,0,2,0,1,0,1,0,1,0,0,1,0,0,0,0,0,0,0,0,0,0,0,0,0,1,0,0,1,0,0,0,1,0,0,0,0,0,0,1,0,0,0,0,0,0,0,0,0,0,0,0,0,0,0,1,0,0,0,0,0,1,0,0,0,1,0,0,0,0,0,0,0,2,0,1,0,0,0,0,0,0,0,0,0,0,0,1,0,0,0,0,0,1,0,1,0,0,1,0,0,0,0,0,2,0,0,0,0,0,0,0,0,0,0,0,0,0,0,0,2,0,0,2,0,1,0,0,0,0,1,0,1,0,0,0,0,0,0,1,0,0,0,0,0,0,0,1,0,0,0,0,0,2,0,0,1,0,1,0,1,1,1,0,0,0,0,1,0,0,0,0,0,1,1,0,0,2,1,0,0,0,0,1,1,0,0,0,1,0,0,1,0,0,0,0,0,0,0,0,0,0,1,0,1,0,0,0,0,0,0,1,1,1,0,0,0,1,0,0,0,0,1,1,1,0,0,0,0,1,0,1,0,3,0,0,0,0,0,0,0,0,0,0,1,0,0,0,0,2,0,1,0,0,0,0,1,1,0,1,2,0,0,0,0,3,0,0,1,0,0,0,1,0,0,1,0,0,1,0,0,0,0,1,0,0,0,1,0,0,0,0,0,0,0,0,0,0,0,1,0,0,0,0,0,0,0,1,1,0,0,0,0,0,1,0,2,1,0,0,0,0,0,0,0,2,0,1,0,1,0,0,1,1,0,0,0,0,0,0,1,0,0,0,2,1,0,0,0,0,0,0,0,0,0,0,0,0,0,0,0,0,0,0,0,0,0,1,0,1,0,0,0,0,0,1,0,0,1,0,2,0,0,0,0,0,0,0,0,0,0,0,0,1,0,0,0,0,0,0,0,1,0,0,0,0,0,0,1,0,0,1,1,0,0,1,0,0,0,0,0,0,1,0,0,1,0,0,0,2,0,0,0,0,0,0,0,0,0,0,0,2,3,0,1,0,0,0,0,0,0,0,0,0,0,2,1,0,1,0,0,0,0,0,1,0,0,0,0,0,0,1,0,0,0,0,1,1,0,0,0,0,0,0,0,0,0,0,1,0,3,0,0,0,0,0,0,0,1,0,0,0,0,1,0,0,0,0,0,1,0,0,0,0,1,1,0,0,1,0,1,1,1,0,0,1,0,0,0,0,0,0,0,1,1,0,0,1,1,0,0,0,0,0,0,3,0,0,0,0,1,0,0,0,0,0,0,0,0,0,1,0,0,0,0,0,0,1,0,0,0,1,0,0,0,0,1,0,0,0,1,0,0,0,0,0,0,2,0,0,0,2,0,0,0,1,2,0,0,0,2,0,0,1,0,0,0,0,0,0,0,0,0,0,0,0,0,0,1,0,0,0,0,0,0,0,0,0,3,0,0,0,0,0,0,0,1,0,1,0,0,0,0,1,0,0,0,2,0,0,0,0,0,1,0,1,1,0,1,0,1,0,0,0,2,0,2,0,0,0,0,0,1,0,0,0,1,0,0,0,0,3,0,0,0,0,0,1,1,0,0,0,0,0,0,0,1,0,0,0,0,2,0,0,0,0,0,1,0,0,1,0,0,2,1,1,0,2,0,1,0,0,1,1,0,2,0,2,0,0,0,0,0,0,0,0,0,0,0,0,0,1,0
PRSS23,0,0,1,0,0,0,0,0,0,0,0,0,0,0,0,0,0,0,0,0,0,0,0,0,0,0,0,0,0,0,0,0,0,0,0,0,0,0,0,0,0,0,0,0,0,0,0,0,0,0,0,0,0,0,0,0,0,0,0,0,0,0,0,0,0,0,0,0,1,0,0,0,0,0,0,0,0,0,0,0,0,0,0,0,1,0,0,0,0,0,0,1,0,0,0,0,0,0,0,0,0,0,0,0,0,0,0,1,0,0,0,0,0,0,0,0,0,0,0,0,0,0,0,0,0,0,0,0,0,0,0,0,0,0,0,0,0,0,0,0,0,0,0,0,0,1,0,0,0,0,0,0,0,0,0,0,0,0,0,0,0,0,0,0,2,0,0,0,0,0,0,1,0,0,0,0,0,0,0,0,0,0,0,0,0,0,0,0,0,0,0,0,0,0,0,0,0,1,0,0,0,0,0,0,0,0,0,0,0,0,0,0,1,0,0,0,0,0,0,0,0,0,0,0,0,0,0,0,0,0,0,0,0,0,0,0,0,0,0,0,0,0,0,0,0,0,0,0,0,0,0,0,0,0,0,0,0,0,0,0,0,0,0,0,0,0,0,0,0,0,1,0,0,0,0,1,0,0,0,0,0,0,0,0,0,0,0,0,0,0,0,0,0,0,0,0,0,0,0,2,0,0,0,0,0,0,0,0,0,0,0,0,0,0,0,0,0,0,0,0,0,0,0,0,0,0,0,0,0,0,0,0,0,0,0,0,0,0,0,0,0,0,0,0,0,0,0,0,0,0,0,0,0,0,0,0,0,0,0,0,0,0,0,0,0,0,0,0,0,0,0,0,0,0,0,0,0,0,0,0,0,0,0,0,0,0,0,0,0,0,0,0,0,0,0,0,0,0,2,0,0,0,0,0,0,0,0,0,0,0,0,0,0,0,0,0,0,0,0,0,0,0,0,2,0,0,0,0,0,0,0,0,0,0,0,0,0,0,0,0,1,0,0,0,0,0,0,0,0,0,0,0,0,0,0,0,0,0,0,0,0,0,0,0,0,0,0,0,0,0,0,0,0,0,0,0,0,0,0,0,0,0,2,0,0,0,0,0,0,0,0,0,0,0,0,0,0,0,0,0,0,0,0,0,0,0,0,0,0,0,0,0,0,0,0,0,0,0,0,0,0,0,0,0,0,0,0,0,0,0,0,0,0,0,0,0,0,0,0,0,0,0,0,0,0,0,0,0,0,0,0,0,0,0,0,0,0,0,0,1,0,0,0,0,0,0,0,0,0,0,0,1,0,0,0,0,0,0,0,0,0,1,0,0,0,0,0,0,0,0,0,0,0,0,0,0,0,0,0,0,0,0,0,2,0,0,0,0,0,0,0,0,0,0,0,0,0,0,0,0,0,0,0,0,1,0,0,0,0,0,0,0,0,0,0,0,0,0,0,0,0,0,0,0,0,0,0,0,0,0,1,0,0,0,0,0,0,0,0,0,0,0,0,0,0,0,0,0,0,0,0,0,0,0,2,0,0,0,0,0,2,0,0,0,0,0,0,0,0,0,0,0,0,0,0,0,0,0,0,0,0,0,0,1,0,0,0,0,0,0,0,0,0,0,0,0,0,0,0,0,0,0,0,0,0,0,0,0,0,1,0,0,0,0,0,0,0,0,0,0,0,0,0,0,0,0,0,0,0,0,0,0,0,0,0,0,0,0,0,0,0,0,0,0,0,0,0,0,0,0,0,0,1,0,0,0,0,0,0,0,0,0,0,0,0,0,1,0,0,0,1,0,0,0,0,1,0,0,0,0,0,0,0,0,0,0,0,0,0,0,0,0,0,0,0,0,0,0,0,1,0,0,0,0,0,0,1,0,0,0,0,0,0,0,0,0,0,0,0,0,0,0,0,0,0,0,0,0,2,0,0,0,0,0,0,0,0,0,0,0,0,0,0,0,0,0,0,0,1,0,0,0,0,1,0,0,1,0,0,0,0,0,0,0,0,0,0,0,0,0,0,0,0,0,0,1,0,0,0,0,0,0,0,0,0,0,0,0,0,1,0,0,0,0,0,0,0,0,0,0,0,0,0,0,0,0,0,0,0,0,0,0,0,0,0,0,0,0,0,1,0,0,0,0,0,0,0,0,0,0,0,0,0,0,0,0,0,0,0,0,0,0,0,0,0,0,0,0,0,0,0,0,0,0,0,0,0,0,0,0,0,0,0,0,0,0,0,0,0,0,0,0,0,0,0,0,0,0,0,0,0,0,0,0,0,1,0,0,0,0,0,0,0,0,0,0,0,0,0,0,0,0,0,0,1,0,0,0,0,0,0,0,0,0,0,0,0,0,0,0,0,2,0,2,0,0,0,0,0,0,0,0,0,0,0,0,0,0,0,0,0,0,0,0,0,0,0,0,1,0,0,0,0,0,0,0,0,0,0,0,0,0,0,0,2,0,0,0,0,0,0,0,0,0,0,0,0,0,0,0,0,0,0,0,0,0,0,0,0,0,0,0,0,0,0,0,0,0,0,0,0,0,0,0,0,0,0,0,0,0,0,0,0,0,0,0,0,0,0,0,0,0,0,0,0,0,0,0,0,0,0,0,0,0,0,0,0,0,0,0,0,0,0,0,0,0,0,0,0,1,0,0,0,0,0,0,0,0,0,0,0,0,0,0,0,0,0,0,0,0,0,0,0,0,0,0,0,0,0,0,0,0,0,0,0,0,0,0,0,0,0,0,1,0,0,0,0,0,0,0,0,0,0,0,0,0,0,0,0,0,0,0,0,0,0,0,0,0,0,0,0,0,0,0,0,0,0,0,0,0,0,0,0,0,0,0,0,2,0,0,0,0,0,0,0,0,0,0,0,0,0,0,0,0,0,0,0,0,0,0,0,0,0,0,0,0,0,0,0,0,0,0,0,0,0,0,2,0,0,0,0,0,0,0,0,0,0,0,0,0,0,0,0,0,0,0,0,0,0,0,0,0,0,0,0,0,1,0,0,0,0,0,0,0,0,0,0,0,0,0,0,0,0,0,0,0,1,0,0,0,0,0,0,0,0,0,0,0,0,0,0,0,0,0,0,0,0,0,0,0,0,0,0,0,0,0,0,0,0,0,1,0,0,0,0,0,0,0,0,0,0,0,0,0,0,0,0,0,0,0,0,0,2,0,0,0,0,0,0,0,0,0,0,0,0,0,0,0,0,0,0,0,0,0,0,0,0,0,0,0,0,0,0,0,0,0,0,0,0,0,0,0,0,0,0,0,0,0,1,0,0,0,0,0,0,0,0,0,0,0,0,0,0,0,0,0,0,0,0,0,0,0,0,0,0,0,0,0,0,0,0,0,1,0,0,0,0,0,0,0,0,0,0,0,0,0,0,0,0,0,0,0,0,0,0,0,0,0,0,0,0,0,0,0,0,0,0,0,0,0,0,0,0,0,0,0,0,0,0,0,0,0,0,0,0,0
OXNAD1,0,0,0,0,0,0,0,0,0,0,0,0,0,0,0,0,0,0,0,2,0,1,0,0,0,0,0,0,0,0,0,1,0,0,0,0,1,0,0,0,1,0,0,0,0,0,0,0,2,0,0,0,0,0,1,0,0,0,0,0,0,0,0,0,0,0,0,0,0,2,0,0,0,0,0,0,0,0,1,1,0,0,0,0,0,1,1,0,0,1,0,0,0,0,0,0,1,0,0,0,0,1,0,1,0,0,1,0,0,0,0,1,0,1,0,2,0,1,0,0,0,0,0,0,1,2,0,0,0,0,1,0,0,0,2,0,0,0,0,0,0,1,0,0,0,0,0,0,0,0,0,0,0,0,0,2,0,0,0,0,1,0,0,0,0,0,0,2,0,0,0,0,1,0,0,0,0,0,0,0,1,2,0,0,0,0,0,1,0,0,0,0,0,2,1,0,0,0,0,0,0,0,0,0,0,0,0,0,0,0,0,0,1,0,0,0,1,0,0,0,0,0,0,0,0,0,0,0,1,0,1,1,0,0,0,0,0,0,0,0,0,0,0,0,0,0,0,0,0,0,0,0,0,0,0,2,1,0,0,0,1,0,0,0,0,0,0,1,1,0,0,0,0,0,0,0,0,0,0,0,0,0,2,1,0,0,1,0,2,1,0,0,0,0,0,0,0,0,0,0,0,0,0,0,0,1,0,0,0,2,0,0,0,0,0,0,0,0,0,0,0,0,0,2,0,0,0,1,0,0,0,1,0,0,0,0,0,0,0,0,0,0,0,0,0,1,0,0,0,0,0,0,0,1,0,0,0,1,0,0,0,0,0,0,0,1,0,0,1,2,0,0,0,0,0,0,0,0,1,0,0,0,0,1,0,0,2,0,0,0,0,0,0,0,0,0,0,0,0,0,0,0,0,1,0,1,0,0,0,0,0,0,0,0,0,0,0,0,2,0,0,1,0,0,0,0,0,0,0,0,0,1,0,0,0,0,0,0,1,0,0,0,0,0,1,0,0,0,0,0,0,1,0,0,0,0,0,0,0,0,0,1,0,0,0,0,0,0,0,0,0,0,0,1,1,0,0,0,0,0,0,2,0,0,0,0,0,0,1,0,2,0,0,0,0,0,1,0,0,0,0,0,0,0,0,0,0,0,0,0,0,0,0,1,0,0,0,0,0,0,0,0,1,0,0,0,0,0,0,0,0,1,0,0,0,0,0,0,1,0,0,0,0,0,0,0,0,1,0,1,1,0,0,0,0,1,0,0,0,0,0,0,0,0,1,2,0,0,0,0,1,1,3,0,1,0,0,0,0,0,0,0,1,0,0,0,0,0,0,0,0,0,0,0,0,0,0,0,0,0,1,0,0,0,0,0,0,0,0,0,0,0,0,1,0,0,0,0,0,0,0,1,0,0,0,0,0,0,0,0,0,0,0,0,0,0,0,0,0,0,1,0,0,0,0,0,0,0,0,0,0,1,1,0,0,0,0,0,0,0,0,0,0,0,0,0,0,0,0,0,1,0,0,0,2,1,0,0,0,0,0,0,0,0,0,0,0,0,0,1,0,1,0,0,0,0,0,0,0,0,0,0,0,0,0,0,0,1,0,0,0,0,0,1,0,0,0,0,1,1,0,0,0,0,0,0,0,1,0,1,0,0,0,0,0,1,0,0,0,0,0,1,0,0,1,0,0,0,0,0,1,0,0,1,0,0,0,0,0,0,0,0,0,0,0,0,0,0,0,0,1,1,2,1,0,0,0,0,0,0,0,0,0,0,0,0,0,0,1,0,0,1,0,0,0,1,0,1,0,0,1,0,0,0,1,0,1,0,0,0,1,0,0,0,0,0,0,0,1,0,0,0,0,0,0,0,2,0,0,0,0,0,0,0,0,0,0,0,0,0,0,1,1,0,0,0,0,0,0,0,0,0,0,0,0,0,0,0,1,0,0,1,0,1,0,0,1,0,0,0,0,0,0,0,1,0,0,1,0,0,0,0,0,0,0,0,0,0,0,0,1,0,0,0,1,0,0,1,0,0,0,0,0,0,0,0,0,0,0,0,0,1,0,0,0,0,0,0,0,0,2,0,0,0,0,0,0,0,0,0,0,0,0,0,0,0,0,1,0,0,0,2,0,0,0,0,0,0,0,0,0,0,0,0,0,0,0,0,0,0,0,0,0,0,0,1,0,0,0,0,1,0,0,0,1,0,1,0,0,2,0,0,1,0,1,0,0,0,0,1,0,0,1,0,0,2,0,0,0,0,2,0,1,1,0,0,0,0,0,1,0,0,0,1,2,0,0,0,0,1,0,0,1,0,0,0,1,0,0,0,0,0,0,1,0,0,0,0,0,0,0,0,0,0,0,0,0,0,0,0,0,0,0,0,0,0,0,0,1,0,1,1,0,0,0,0,0,0,0,0,0,0,0,0,0,0,0,0,0,0,0,0,0,1,0,0,0,0,0,0,0,0,0,0,1,0,0,0,0,0,0,1,0,0,0,0,0,1,0,0,0,0,0,1,0,0,0,0,0,0,1,0,0,0,0,0,0,0,0,0,0,0,0,1,0,0,0,0,0,0,1,0,0,0,0,0,1,1,1,0,0,0,0,0,0,0,0,0,0,0,0,0,0,0,1,1,0,4,0,0,0,0,0,0,0,0,0,1,0,0,0,0,0,0,0,0,1,0,0,0,0,0,0,1,1,0,0,0,0,0,0,0,0,0,0,0,0,0,0,0,0,1,0,0,0,0,0,1,0,0,1,0,0,1,0,0,0,0,0,0,0,1,1,0,0,0,0,0,0,0,1,0,2,0,1,0,0,0,0,0,0,0,0,0,0,0,0,0,0,0,0,1,0,0,1,0,0,0,1,0,0,0,0,0,0,0,0,0,0,0,1,1,0,3,0,0,0,0,0,1,0,1,0,0,0,0,0,4,0,0,0,0,0,0,0,0,0,0,0,2,0,0,0,0,0,0,1,0,0,0,0,0,0,0,0,1,0,1,0,0,0,0,0,0,2,0,0,0,2,0,0,0,1,0,0,0,0,1,0,0,0,0,0,0,0,0,0,0,0,1,2,0,0,0,0,0,1,0,0,0,0,0,1,0,0,1,0,0,1,0,0,1,0,1,0,0,0,0,0,0,0,0,0,0,1,0,0,0,0,0,1,0,0,0,0,0,0,0,0,0,0,0,0,0,0,0,0,0,2,0,0,0,0,0,1,0,2,0,0,2,1,0,0,1,0,2,0,0,0,0,0,0,0,0,0,0,0,2,0,0,0,1,0,1,0,0,0,0,0,0,0,0,0,0,0,0,0,0,0,1,0,1,0,0,0,0,1,0,0,0,0,0,0,0,1,0,0,0,0,0,0,1,0,0,0,0,1,0,0,0,0,0,2,0,1,1,0,0,0,0,0,1,2,0,0,0,1,0,0,0,0,0,0,0,0,0,0,0,0,0,0,0,2,0,0,0
DNASE1L3,0,0,0,0,0,0,0,0,0,0,0,0,0,0,0,0,0,0,0,0,0,0,0,0,0,0,0,0,0,0,0,0,0,2,0,0,0,0,1,0,0,0,0,0,0,1,0,0,0,0,0,0,0,0,0,0,0,0,0,0,0,0,0,0,0,0,0,0,0,0,0,0,0,0,0,0,0,0,0,0,0,0,0,0,0,0,0,0,0,0,4,0,0,0,0,0,0,0,0,0,0,0,0,0,0,0,0,0,0,0,0,0,0,0,0,0,0,0,0,0,0,0,0,0,0,0,0,0,0,0,0,0,0,0,0,0,0,0,0,0,0,0,0,0,0,0,0,0,0,0,0,0,0,0,0,0,0,0,0,0,0,0,0,0,0,0,0,0,0,0,0,0,0,0,0,0,0,0,0,0,0,0,0,0,0,0,0,0,0,0,0,0,0,0,0,0,0,0,0,0,0,0,0,0,0,0,0,0,0,0,0,0,0,0,0,0,0,0,4,0,0,0,0,0,0,0,0,0,0,0,0,0,0,0,0,0,0,0,0,0,0,0,0,0,0,0,0,1,0,0,0,0,0,0,0,0,0,0,0,0,0,0,0,0,0,0,0,0,0,0,0,0,0,0,0,0,0,0,0,0,0,0,0,0,0,0,0,0,0,0,0,0,0,0,0,0,0,0,0,0,0,0,0,0,0,0,0,0,0,0,0,0,0,0,0,0,0,0,0,0,0,0,0,0,0,0,0,0,0,0,0,0,0,0,0,0,0,0,0,0,0,0,0,0,0,0,0,0,0,0,0,0,0,0,0,0,0,0,0,0,0,0,0,0,0,0,1,0,0,0,0,0,0,0,0,0,0,0,0,0,0,0,0,0,0,0,0,0,0,0,0,0,0,0,0,0,0,0,0,0,0,0,0,0,0,0,0,0,0,0,0,0,0,0,0,0,0,0,0,0,0,0,0,0,0,0,0,0,0,0,0,0,0,0,0,0,0,0,0,0,0,1,0,0,0,0,0,0,0,0,0,0,0,0,0,0,0,0,0,0,7,0,0,0,0,0,0,0,0,0,0,0,0,0,0,0,0,0,0,0,0,0,0,0,0,0,0,0,0,0,0,0,0,0,0,0,0,0,0,0,0,0,0,0,0,0,0,0,0,0,0,0,0,0,0,0,0,0,0,0,0,0,0,0,0,0,0,1,0,0,0,0,0,0,0,0,0,1,0,0,0,0,0,0,0,0,0,0,2,0,0,0,0,0,0,0,0,0,0,0,0,0,0,0,0,0,0,0,0,0,0,0,0,0,0,0,0,0,0,0,0,0,0,0,0,0,0,0,0,0,0,0,0,0,0,0,0,0,0,0,0,0,0,0,0,1,0,0,0,0,0,0,0,0,0,0,0,0,0,0,0,0,0,0,0,0,0,0,0,0,0,0,0,0,0,0,0,0,0,0,0,0,0,0,0,0,5,0,0,0,0,0,0,0,1,0,0,0,0,0,0,0,0,0,0,0,0,0,0,0,0,0,0,0,0,0,1,0,0,0,0,0,0,0,0,0,0,0,0,0,0,0,0,0,0,0,0,0,0,0,0,0,2,0,1,0,0,0,0,4,0,0,0,0,0,0,0,0,0,0,0,0,0,0,0,0,0,0,0,0,0,0,1,0,3,0,0,0,0,0,0,0,0,0,0,0,0,0,0,0,0,0,0,0,0,0,0,0,0,0,0,0,0,0,0,0,0,0,0,0,0,0,0,0,0,0,0,0,0,0,0,0,0,0,0,0,0,0,0,0,0,0,0,0,0,0,0,0,0,0,0,0,0,0,0,0,0,0,0,0,0,0,0,0,0,0,0,0,0,0,0,0,0,0,0,0,0,0,0,0,0,0,0,0,0,0,0,0,0,0,0,0,0,0,0,0,0,0,0,0,0,0,0,0,0,0,0,0,0,0,0,0,0,0,0,0,0,0,0,0,0,0,0,0,0,0,0,0,0,0,0,0,0,0,0,0,0,0,0,0,0,0,0,0,0,0,0,0,1,1,0,0,0,0,0,0,0,0,0,0,0,0,0,0,0,0,0,0,0,0,0,0,0,0,4,0,0,0,0,0,0,0,0,0,0,0,0,0,0,0,0,0,0,0,1,0,0,0,0,0,0,0,0,0,0,0,0,0,0,0,0,0,0,0,0,0,0,0,0,0,0,0,0,0,0,0,0,0,0,0,0,0,0,0,0,0,0,0,0,0,0,0,0,0,0,0,0,0,0,0,0,0,0,0,0,0,0,0,0,0,0,0,0,0,0,0,0,0,0,0,0,0,0,0,0,0,0,0,0,0,0,2,0,0,0,0,0,0,0,0,0,0,0,0,0,0,0,0,0,0,0,0,0,0,0,0,0,0,0,0,0,0,0,0,0,0,0,0,0,0,0,0,0,0,0,7,0,0,0,0,3,0,0,0,0,0,0,0,0,0,0,0,0,0,0,0,0,0,0,0,0,0,0,0,0,0,0,0,0,0,0,0,0,0,0,0,0,0,0,0,0,0,0,0,0,0,0,0,0,0,0,0,0,0,0,0,0,2,0,0,0,0,0,0,0,0,0,0,6,0,0,0,0,0,0,0,0,0,0,0,0,0,0,0,0,0,0,0,0,0,0,0,0,2,3,0,0,0,0,1,0,0,0,0,0,0,0,0,0,0,0,0,0,0,0,0,0,0,0,0,0,0,0,0,0,0,0,0,0,0,0,0,0,0,0,0,0,0,0,0,0,0,0,0,0,0,0,0,0,0,0,0,0,0,0,5,0,0,0,0,0,0,0,0,0,0,0,0,0,0,0,0,0,0,0,0,0,0,0,0,0,0,0,0,0,0,0,0,0,0,0,0,0,0,0,0,0,0,0,0,0,0,1,0,0,0,0,0,0,0,0,0,0,0,0,0,0,0,0,0,0,0,0,0,0,0,0,0,0,0,0,0,0,0,0,0,0,0,0,0,0,0,0,0,0,0,0,0,0,0,0,0,0,0,0,0,0,0,0,0,0,0,0,0,0,0,0,0,0,0,0,0,0,0,0,0,1,0,0,0,0,0,0,0,0,0,0,0,0,0,0,0,0,0,0,0,0,0,0,0,0,0,0,0,0,0,0,0,0,4,0,0,0,0,0,0,0,0,0,0,0,0,0,0,0,0,0,0,0,0,0,0,0,0,0,0,0,0,0,0,0,0,0,0,0,0,0,0,0,0,0,0,0,0,0,0,0,0,0,0,0,0,0,0,0,0,0,0,0,0,0,0,0,0,0,0,0,0,0,0,0,0,0,0,0,0,0,0,0,0,0,0,0,0,1,0,0,0,0,0,0,0,0,0,0,0,0,0,0,0,0,0,0,0,0,0,0,0,0,0,0,0,0,0,0,0,0,0,0,0,0,0,0,0,0,0,0,0,0,0,0,0,0,0,0,0,0,0,0,0,0,0,0,0,0,0
LMNA,0,0,0,0,0,0,0,0,0,0,0,0,0,0,0,0,0,0,0,0,0,0,0,0,0,0,0,0,0,0,0,0,0,0,0,0,0,0,0,0,0,0,0,1,0,0,0,0,0,0,0,0,0,0,0,0,0,0,0,0,0,0,2,0,0,1,0,0,0,0,0,0,0,0,0,0,0,0,0,0,0,0,0,0,1,0,0,0,0,0,0,0,0,0,0,0,0,0,0,0,0,0,0,0,0,1,0,0,0,0,0,0,0,0,0,0,0,0,0,0,0,0,0,0,0,0,0,0,0,0,0,0,0,0,0,0,0,0,0,0,0,0,0,0,0,0,0,0,0,0,0,0,0,0,0,0,0,0,1,0,0,0,0,0,0,0,0,0,0,0,0,0,0,0,0,0,0,1,0,0,0,0,0,0,1,0,0,0,0,0,0,0,0,0,1,0,0,0,0,0,0,0,0,0,0,0,0,0,0,0,0,0,0,0,0,2,0,0,0,0,0,0,0,0,0,0,0,0,0,0,0,0,0,0,0,0,0,0,0,0,0,0,0,0,0,0,0,0,0,0,0,0,0,0,0,0,0,0,0,0,0,0,0,0,0,0,0,0,1,0,0,1,0,0,0,0,0,0,0,0,0,0,0,0,0,0,0,0,0,0,0,0,0,0,0,0,0,0,0,0,0,0,0,0,0,0,0,0,0,0,0,0,0,0,0,0,0,0,0,0,0,0,0,0,0,0,0,0,0,0,0,0,0,0,0,0,0,1,0,0,0,3,0,0,0,0,0,0,0,0,0,0,4,0,0,0,0,0,0,1,0,0,0,0,0,0,6,0,0,0,0,0,0,0,0,0,0,0,0,0,1,0,0,0,0,0,0,0,0,0,0,0,0,0,0,0,0,0,0,0,0,0,1,0,0,0,0,0,0,0,0,0,0,0,0,8,0,0,0,0,0,0,0,0,0,0,0,0,0,0,0,0,0,0,0,0,0,0,0,0,1,0,0,0,0,2,0,0,0,0,0,0,0,0,0,1,0,0,0,0,0,0,0,0,0,0,0,0,0,0,0,0,0,0,0,0,0,0,0,4,0,0,0,0,0,0,0,0,0,0,0,0,0,0,0,0,0,0,0,0,0,0,0,0,0,0,0,0,0,0,0,0,0,0,0,1,0,0,0,0,0,0,0,0,0,0,0,0,0,0,0,0,0,0,1,0,0,0,0,0,0,2,0,0,0,0,0,0,0,0,0,1,0,0,0,0,0,0,0,0,0,2,0,1,0,0,1,0,1,0,0,0,0,0,0,0,0,0,0,0,0,0,0,0,1,0,0,0,0,0,0,0,0,0,0,0,0,0,0,0,0,0,0,0,0,0,0,0,0,0,0,0,0,0,0,0,0,0,0,0,1,0,0,0,0,0,0,0,0,0,0,0,0,0,0,0,0,0,0,0,0,0,0,0,0,0,0,0,0,0,0,0,0,0,0,0,0,0,0,0,0,0,0,0,0,0,0,0,0,0,0,0,0,0,0,0,0,0,0,0,0,0,0,0,0,0,0,0,0,0,0,0,0,0,0,0,0,0,0,1,0,0,0,0,0,0,0,0,0,0,0,0,0,0,0,0,0,1,0,0,0,0,0,0,0,0,0,0,0,0,0,0,0,0,0,0,0,0,0,0,0,0,0,0,0,0,0,0,0,0,0,0,0,0,0,0,0,1,0,0,0,0,0,0,0,0,0,0,0,0,0,0,0,1,0,0,0,0,0,1,0,0,0,0,0,0,0,0,0,0,0,0,0,0,0,0,0,1,0,0,0,0,0,0,0,0,0,0,0,0,0,0,0,0,0,0,0,0,0,0,0,0,0,0,0,0,0,0,0,0,0,0,0,0,0,0,0,0,0,0,0,0,2,0,0,0,0,0,0,0,0,0,0,0,0,0,0,0,0,0,0,0,0,0,0,0,0,0,0,0,0,0,0,0,0,0,0,0,0,0,0,0,0,0,0,0,0,0,0,0,0,0,0,0,0,0,0,0,0,0,0,0,0,0,0,0,0,0,0,0,0,0,0,0,0,0,0,0,0,0,0,0,0,0,0,0,0,0,0,0,0,0,0,0,0,0,0,0,0,0,0,0,0,0,0,0,0,0,0,0,0,0,0,0,0,0,0,0,0,0,0,0,1,0,0,0,0,1,0,0,0,0,0,0,0,0,0,1,0,0,0,0,0,2,0,0,0,0,0,0,0,0,0,0,0,0,0,0,0,0,0,0,2,0,0,0,0,0,0,0,1,0,0,0,0,0,0,0,0,0,0,0,0,0,0,0,3,0,0,0,0,11,0,0,0,0,0,0,0,0,0,0,0,0,0,0,0,0,0,0,0,0,0,1,0,0,1,1,0,0,0,0,0,0,0,0,0,0,0,0,0,0,0,0,0,0,0,0,0,0,0,0,0,0,0,0,0,0,0,0,0,0,0,0,0,0,0,0,0,0,1,0,0,0,0,0,0,0,0,3,0,0,0,0,0,0,0,0,0,0,0,0,0,0,0,0,0,0,0,0,0,0,1,0,0,0,0,0,0,0,0,0,0,0,0,0,0,0,0,0,0,0,0,0,0,0,0,0,0,0,0,0,0,0,0,0,0,0,0,1,0,0,0,0,0,0,1,0,0,0,0,0,0,0,0,0,0,0,0,0,0,0,0,0,0,0,0,0,0,0,0,0,0,0,0,0,0,0,0,0,0,0,0,0,0,0,0,0,0,0,0,0,0,0,0,0,0,0,0,0,0,0,0,0,0,0,0,0,0,0,0,0,0,0,0,0,0,0,0,0,0,1,0,0,0,0,0,0,0,0,0,0,0,0,0,0,0,0,0,0,0,0,0,0,0,0,0,0,0,0,0,0,0,0,0,0,2,0,0,0,0,0,1,0,0,0,0,0,0,0,0,0,0,0,0,0,0,0,0,0,0,0,0,0,0,1,0,0,0,0,0,0,0,0,0,0,0,0,0,1,0,0,0,0,0,0,0,0,0,0,0,0,1,0,0,0,0,0,1,0,1,0,0,0,0,0,0,0,0,0,0,0,0,0,0,0,0,0,0,1,0,0,0,0,0,0,0,0,1,0,0,0,0,0,0,0,0,0,2,0,0,0,0,0,0,0,0,0,0,0,0,0,0,0,0,0,0,0,0,0,0,0,0,0,0,0,0,0,0,0,0,0,0,0,0,0,0,0,0,0,0,0,0,0,0,0,0,0,0,0,0,0,0,0,0,0,0,0,0,0,0,0,0,0,0,0,0,0,0,0,0,0,0,0,0,0,0,0,0,0,0,0,0,0,0,0,1,0,0,0,0,0,0,0,0,0,0,0,0,0,0,0,0,0,0,0,0,0,0,0,0,0,0,0,0,0,0,0,0,0,0,0,0,0,0,2,0,0,3,0,0,0,0,0,0,0,0,0,0,0,0,0,0,0,0,0
SH3BP5,0,0,0,0,0,0,0,0,0,0,0,0,0,0,1,2,0,0,0,0,0,0,0,0,0,0,0,0,0,0,0,0,0,0,0,1,0,0,0,2,1,0,0,0,0,0,2,0,0,0,0,0,1,1,0,0,0,0,0,1,0,0,0,0,0,1,0,0,0,0,0,0,1,0,0,2,0,0,0,0,0,0,1,0,1,0,0,0,0,0,0,0,0,0,1,0,0,0,0,4,2,0,0,0,1,1,0,1,0,0,0,0,1,0,0,2,0,0,0,1,0,0,0,0,0,0,1,2,0,0,0,0,0,0,0,0,0,0,1,0,0,0,0,0,1,0,0,0,2,1,3,0,0,0,1,0,0,0,1,0,0,0,0,0,2,1,1,0,1,2,0,0,1,0,0,0,1,0,0,1,0,0,0,0,0,0,0,0,0,0,0,1,0,0,0,3,1,1,0,0,0,1,0,3,0,0,0,0,2,0,0,0,2,0,0,1,0,1,0,0,0,1,2,0,2,1,0,0,0,0,0,0,0,0,0,0,0,0,0,0,0,0,0,0,0,1,0,0,1,0,0,0,0,2,0,0,1,0,0,0,0,0,1,0,2,0,1,2,0,0,1,1,0,0,0,0,0,0,3,0,0,0,0,0,0,0,0,0,0,0,0,0,1,1,0,0,0,0,0,1,0,1,0,0,0,0,0,0,0,0,0,0,0,0,0,2,0,2,1,0,0,0,1,0,0,0,0,2,0,0,0,0,0,0,0,1,0,0,1,0,0,0,0,0,0,0,0,0,0,0,0,0,0,0,0,0,0,0,0,0,0,0,0,0,0,0,0,0,0,0,1,0,2,0,0,1,0,0,0,0,0,0,0,0,0,0,0,0,0,0,0,0,1,0,0,0,2,1,0,0,0,0,0,1,0,0,1,0,0,1,0,1,0,0,0,0,0,0,1,0,0,0,1,2,0,0,0,1,0,0,0,0,0,0,0,0,0,0,0,0,1,0,1,0,1,0,2,0,0,0,1,0,1,1,0,1,1,0,0,0,0,0,0,1,0,0,1,0,0,0,0,0,0,0,0,0,0,0,1,0,0,0,2,0,0,0,0,0,0,0,1,0,0,0,0,0,0,0,0,1,0,0,0,0,0,0,2,0,0,0,0,0,1,0,0,0,0,0,0,0,0,0,0,0,1,0,0,0,0,1,0,0,0,0,0,0,0,0,0,0,0,1,0,0,0,0,0,0,0,0,1,2,0,0,0,0,0,0,0,0,0,0,0,0,0,1,1,1,0,0,0,2,0,0,0,0,0,0,0,0,0,0,0,0,2,0,1,0,0,0,0,0,0,1,0,2,0,0,0,0,0,0,0,0,0,3,0,1,0,1,2,0,0,0,1,0,0,1,0,0,0,0,0,0,1,1,0,0,0,0,3,0,1,0,1,0,0,0,0,0,0,0,0,0,0,2,0,1,2,0,0,0,0,0,0,0,0,0,0,1,2,1,1,1,0,0,0,0,0,0,0,0,0,1,0,0,0,0,0,0,0,0,0,0,0,0,0,0,0,0,0,0,1,0,0,0,0,0,0,0,0,0,0,1,1,0,0,0,0,1,0,0,2,0,0,0,0,0,0,0,0,0,0,2,0,1,2,0,0,0,0,0,0,0,0,0,0,0,0,0,1,0,0,1,0,0,1,0,0,0,0,0,0,0,0,0,0,1,1,0,1,0,2,0,0,0,0,0,0,0,0,0,0,0,0,0,0,0,0,1,0,0,0,0,0,0,2,1,0,0,0,0,0,1,0,0,0,0,0,0,1,0,0,0,0,0,0,1,0,0,0,0,0,0,0,0,0,0,0,0,0,0,1,1,1,0,0,0,0,0,1,0,0,0,0,0,0,1,0,2,0,0,0,0,1,1,1,0,0,0,0,0,0,0,1,0,0,0,0,1,0,0,0,0,1,0,0,0,0,1,1,0,0,0,0,0,1,0,0,0,0,0,0,1,0,0,1,0,0,2,0,0,0,0,0,0,1,0,0,0,0,0,0,0,0,0,0,0,1,1,0,0,0,0,2,0,0,0,0,3,0,1,0,1,1,1,0,0,0,0,0,0,0,0,1,1,0,0,1,1,1,0,0,0,0,0,0,0,0,1,0,0,0,0,0,0,1,1,0,1,1,0,0,1,0,1,0,0,0,0,0,0,0,0,0,0,1,0,0,1,0,1,0,0,0,0,0,0,0,0,1,0,0,2,0,0,0,0,0,0,0,1,0,0,1,1,0,0,0,0,1,0,0,0,1,0,0,0,0,0,0,0,0,0,1,0,0,0,0,1,0,0,0,0,0,0,0,0,0,0,0,1,0,2,0,0,0,1,0,0,1,0,0,0,0,0,0,1,0,1,2,0,0,0,0,0,0,2,1,0,0,0,0,0,0,0,0,2,0,0,0,0,0,0,0,0,0,0,1,0,0,0,0,2,0,0,0,0,0,0,1,0,0,0,0,0,0,0,0,1,0,0,0,1,0,0,0,1,0,0,0,1,0,0,1,0,1,0,0,0,0,0,0,0,0,0,1,2,0,0,0,0,1,0,0,1,0,0,0,0,1,0,0,0,0,0,0,1,0,0,0,0,0,1,0,0,0,0,0,2,0,1,0,2,0,0,0,0,0,0,0,0,0,0,0,0,0,0,1,0,0,0,0,0,0,0,0,0,0,0,0,0,0,0,0,0,1,0,0,0,0,0,0,0,1,0,2,1,0,0,1,0,0,0,0,0,0,0,0,0,0,0,0,0,0,1,0,1,0,0,0,0,0,0,1,0,0,0,3,1,0,0,0,0,1,0,0,1,0,0,0,0,3,0,0,0,1,0,0,0,0,0,0,1,0,0,0,1,0,0,0,1,1,1,0,0,0,0,0,0,1,0,3,0,0,0,2,0,1,0,0,0,0,0,0,1,0,0,0,0,1,0,0,1,0,0,1,0,0,2,0,0,0,0,0,0,1,1,0,0,0,1,0,0,0,0,0,2,0,1,0,1,0,0,1,1,0,0,0,0,0,2,0,0,0,0,1,0,0,0,0,0,0,0,1,0,1,0,0,1,0,0,0,0,0,0,0,0,0,1,0,2,0,0,0,1,2,0,0,0,0,0,1,0,0,0,0,0,0,1,0,0,0,0,1,0,0,0,1,0,0,0,0,0,0,0,0,1,0,0,0,0,0,0,1,0,0,0,0,0,0,1,1,0,0,0,0,0,0,0,0,0,0,0,0,0,0,0,2,1,0,0,0,0,0,0,0,0,0,0,0,0,1,0,0,0,0,0,0,0,0,0,0,0,0,0,0,0,1,0,0,0,2,0,0,0,0,0,0,0,0,0,0,1,0,0,0,1,0,0,0,0,0,0,0,0,0,0,1,0,1,0,2,0,0,0,0,0,1,0,0,0,0,0,0,0,0,0,0,1,0,0,0,0,0,1
GABARAP,0,0,0,0,0,1,1,0,0,0,0,0,1,0,0,3,0,0,0,0,0,0,1,0,0,0,0,0,0,0,0,1,0,1,0,0,0,1,0,0,0,0,2,0,0,0,0,1,0,0,0,0,0,0,0,1,0,0,0,0,0,0,0,1,0,0,0,0,0,0,0,1,0,0,3,0,1,1,1,1,0,1,0,0,0,0,0,0,0,1,0,0,0,1,1,1,0,0,0,0,0,0,4,0,1,0,0,0,3,0,0,0,0,0,1,1,0,0,0,1,0,1,1,0,1,0,1,0,1,0,0,0,0,0,0,0,0,1,0,0,0,1,0,0,4,0,3,0,0,0,2,0,0,0,0,0,1,0,0,0,0,0,2,2,0,0,0,0,4,3,0,1,0,0,0,0,0,1,3,0,1,0,2,0,1,0,0,0,2,2,3,0,0,0,0,0,0,0,0,0,0,0,1,0,0,0,0,0,0,0,0,0,0,0,0,0,0,1,0,1,0,0,0,0,0,0,0,1,0,0,0,0,0,0,2,0,0,0,0,1,0,0,0,0,0,0,0,1,0,0,1,2,0,0,0,1,0,0,0,2,0,0,0,0,0,0,0,0,1,0,0,0,1,2,0,0,1,1,2,0,2,2,2,1,0,0,0,0,0,0,0,2,0,0,0,0,0,0,0,0,0,0,0,0,2,0,0,0,1,0,1,0,0,0,1,0,0,0,0,0,1,1,1,0,0,0,2,0,0,0,0,1,0,0,0,0,0,1,1,0,5,0,1,0,0,1,0,1,0,0,0,0,3,1,0,3,0,0,2,1,0,0,0,1,0,1,3,0,0,0,1,1,1,0,0,2,2,2,0,2,0,0,1,0,0,0,1,0,0,0,0,0,0,2,1,0,0,0,1,0,0,0,0,0,4,0,0,0,0,1,0,0,2,1,0,2,0,0,0,0,0,0,0,0,0,1,0,0,0,1,0,1,0,1,0,0,1,0,0,1,0,0,1,0,0,0,1,0,1,0,2,0,3,0,2,0,1,1,2,0,0,0,0,0,1,0,0,0,0,2,2,1,0,1,1,1,2,0,1,0,1,0,0,1,0,1,0,0,0,0,0,0,0,0,0,2,0,1,0,2,0,0,0,0,0,0,1,3,0,0,1,0,0,0,0,0,0,1,0,0,0,0,0,1,0,2,0,1,0,0,0,1,0,0,0,0,0,1,0,0,0,0,0,0,0,0,0,0,2,0,0,0,0,0,0,0,0,2,0,0,0,0,0,0,0,0,0,0,0,0,0,0,0,0,0,0,0,0,1,0,0,0,0,0,1,1,1,0,0,0,0,0,0,1,0,0,1,0,0,0,0,2,0,0,0,0,0,0,0,0,0,0,0,0,1,0,0,0,0,0,0,1,0,0,0,0,0,0,0,0,0,1,0,0,0,0,0,0,0,0,0,1,2,0,0,0,1,0,0,0,0,0,0,0,2,1,0,0,0,0,0,0,0,0,0,0,1,0,0,0,0,0,0,0,0,0,1,1,0,0,0,3,0,1,1,0,0,0,0,0,0,0,0,0,0,1,0,0,0,0,1,0,0,0,0,5,0,0,0,2,1,0,0,0,0,0,0,0,0,0,0,0,0,0,0,0,0,0,1,0,0,0,0,0,1,0,2,0,0,1,0,0,0,1,0,0,0,0,0,0,0,0,1,0,0,0,0,0,0,0,0,0,0,0,0,0,0,0,1,0,0,0,0,0,1,0,0,0,1,0,0,0,0,0,1,1,0,1,0,0,0,0,0,0,0,0,0,0,0,0,0,0,0,0,0,1,0,0,0,1,0,0,0,0,0,0,0,0,1,0,0,0,0,0,0,0,0,0,1,0,0,1,0,0,0,0,0,0,0,1,0,1,0,0,0,0,0,0,0,1,0,1,0,0,0,0,0,3,0,0,2,0,0,0,0,0,0,0,1,0,0,1,2,1,0,0,0,1,0,1,0,0,2,0,1,1,0,1,0,0,0,0,0,1,1,0,0,1,0,0,0,0,0,0,0,0,0,0,1,0,2,1,0,0,1,0,0,0,2,0,0,1,2,0,1,2,0,0,0,0,2,0,0,0,0,0,1,1,0,0,0,0,0,0,0,0,0,1,0,0,0,0,2,0,0,0,0,0,0,1,0,0,0,1,1,0,0,0,0,0,0,4,0,0,0,1,0,0,1,0,0,0,0,2,0,0,0,0,0,0,0,0,0,0,0,0,0,0,0,0,0,1,0,0,1,0,0,0,0,0,0,0,0,0,0,0,0,1,1,0,0,0,0,0,1,0,1,0,1,0,3,2,0,0,0,1,0,1,0,0,0,1,0,0,1,0,0,0,0,0,0,0,0,0,0,1,0,0,0,1,1,0,2,2,1,0,1,0,0,0,0,0,1,0,0,2,0,0,0,2,1,0,0,0,0,0,0,0,1,0,0,1,0,2,0,0,0,0,2,0,0,0,3,0,1,0,0,0,0,1,1,0,1,0,0,0,1,1,1,0,0,0,0,0,0,0,2,1,2,0,0,0,0,0,1,1,0,2,0,0,0,0,1,0,1,0,0,0,0,0,1,0,1,2,0,0,0,0,0,0,0,1,0,0,0,0,0,0,0,0,0,0,0,2,1,0,0,0,0,1,0,0,4,0,0,0,0,0,0,0,1,0,0,0,0,0,0,0,0,0,0,1,2,0,0,0,0,2,1,0,0,0,1,0,0,1,1,1,0,0,0,1,0,0,0,0,2,1,0,0,1,0,0,0,0,0,4,0,0,0,0,0,0,1,0,0,0,0,1,0,2,0,1,0,1,0,0,0,0,0,0,0,1,0,0,0,0,0,0,0,0,0,0,0,0,0,4,0,0,0,0,1,1,0,0,2,0,0,0,1,0,1,0,0,1,1,0,0,0,0,2,0,0,0,0,0,0,0,0,0,0,0,0,0,0,0,0,0,0,1,0,0,0,1,0,0,1,0,0,0,0,0,0,0,0,1,0,0,0,0,1,0,0,0,0,0,0,0,1,0,0,0,0,0,0,1,1,0,1,0,0,2,0,3,0,1,0,0,0,1,0,0,0,0,2,0,0,0,0,2,0,0,0,0,0,0,0,1,0,0,0,1,0,0,0,1,0,4,0,4,0,0,0,0,0,0,0,0,0,1,0,1,0,0,1,0,0,6,0,0,1,0,1,2,0,0,0,0,0,0,0,0,0,0,1,0,0,0,0,3,0,0,0,0,2,0,0,0,0,0,0,0,0,0,1,1,0,0,0,0,0,0,1,0,0,0,1,0,0,0,0,0,0,0,0,0,0,0,0,1,0,0,0,1,1,0,2,0,0,0,0,0,0,0,0,0,0,1,1,1,0,2,0,1,1,0,0,0,0,0,0,0,0,0,0,0,0,0,1,1,0,0,1,0,0,0,0,2,0,0,1,0,0,1,1,1
NA..25,0,0,0,0,0,0,0,0,0,0,0,0,0,0,0,0,0,0,0,0,0,0,0,1,0,0,0,0,0,0,0,0,0,0,0,0,0,0,0,0,0,0,0,0,0,1,0,0,0,0,0,0,0,0,0,0,0,0,0,0,0,0,0,0,0,0,0,0,0,0,0,0,0,0,0,0,0,0,0,0,0,0,0,0,0,0,0,1,0,0,0,0,0,0,0,0,0,1,0,2,0,0,0,0,0,0,0,0,0,0,0,0,0,0,0,0,0,0,0,0,0,0,0,0,0,0,0,0,0,0,0,0,0,1,0,0,0,0,0,0,0,0,0,0,0,0,0,0,0,0,0,0,0,0,0,0,0,0,0,0,0,0,0,0,0,0,0,0,0,0,0,0,0,0,0,0,0,0,0,0,0,0,0,0,0,1,0,0,0,0,0,0,0,0,0,0,0,0,0,0,0,0,0,0,0,0,0,0,1,0,0,0,0,0,0,0,0,0,0,0,0,1,1,0,0,0,0,0,0,0,0,0,0,0,0,0,0,1,0,2,0,0,1,0,0,0,0,0,0,0,0,0,1,0,0,0,0,0,0,0,0,0,0,0,0,0,0,0,0,0,0,0,0,0,0,0,1,0,0,0,0,0,0,0,0,0,0,1,0,0,0,0,0,0,0,0,0,0,0,0,0,0,0,0,0,0,0,0,0,0,0,0,0,0,0,0,0,0,0,0,0,0,0,0,0,0,0,0,0,0,0,0,0,1,0,0,0,0,0,0,0,0,0,0,1,0,0,0,0,0,0,0,0,0,0,0,0,0,0,0,0,0,0,0,0,0,0,0,0,0,0,0,0,0,0,0,0,0,0,0,0,1,0,0,0,0,0,0,0,0,0,0,0,0,0,0,0,0,0,0,0,0,0,0,0,0,0,0,1,0,0,0,0,0,0,0,0,0,0,0,0,0,0,0,0,0,0,0,0,0,0,0,0,0,0,0,0,0,0,0,0,0,0,0,0,0,0,0,1,0,0,0,0,0,0,0,0,0,0,0,0,0,0,1,0,0,0,0,0,0,0,0,0,0,0,0,0,0,2,0,0,0,0,0,0,0,0,0,0,0,0,0,0,0,0,0,0,0,1,0,0,0,0,0,0,0,0,0,0,0,0,0,3,0,0,0,0,0,0,0,0,0,0,0,0,0,0,0,0,0,0,1,0,0,0,0,0,0,0,0,0,0,0,0,0,0,0,0,0,0,0,0,0,0,0,0,0,0,0,0,0,0,0,0,0,0,0,0,0,0,0,0,0,0,0,0,0,0,0,0,1,0,0,0,0,0,0,0,0,0,0,0,0,0,0,0,0,2,0,1,0,0,0,0,0,0,0,0,0,0,0,0,0,0,0,0,0,0,0,0,0,0,0,0,0,0,0,0,0,0,0,0,0,0,0,0,0,0,0,2,0,0,0,0,0,0,0,0,0,0,0,0,0,0,0,0,1,0,2,0,0,0,0,0,0,0,0,0,0,0,0,0,0,0,0,0,0,0,0,0,0,0,0,0,0,0,0,0,0,0,0,0,0,0,0,0,0,0,0,0,0,0,0,0,2,0,0,0,0,0,0,0,0,0,0,0,0,0,0,0,0,0,0,0,0,0,0,0,0,0,0,0,1,0,0,0,0,1,0,0,0,0,0,0,0,0,0,0,0,0,0,0,0,0,0,0,0,0,0,0,0,0,0,0,0,0,0,0,0,0,0,0,0,0,0,0,0,0,0,0,0,0,0,0,0,0,0,0,1,0,0,0,0,0,0,0,0,0,0,0,0,0,0,0,0,0,0,0,1,0,0,0,0,0,0,0,0,0,0,0,0,0,0,0,0,0,0,1,0,0,0,0,0,0,0,0,0,0,0,0,0,0,1,0,0,0,0,0,0,0,0,0,0,0,0,0,0,0,0,1,0,0,0,0,1,0,0,0,0,0,0,0,0,0,0,0,0,0,1,0,0,1,0,0,0,0,0,0,1,1,0,0,0,0,0,0,0,0,0,0,0,0,0,0,0,0,0,0,0,0,0,0,0,0,0,0,0,0,0,1,0,0,0,0,0,0,0,0,0,0,0,0,0,0,1,0,0,0,0,0,0,0,0,0,0,0,0,0,0,0,0,0,0,0,0,0,0,0,0,0,0,0,0,0,0,0,0,0,0,0,0,0,0,0,0,1,0,0,0,0,0,0,0,0,0,0,0,0,0,0,0,0,0,0,0,0,0,0,0,0,0,0,0,0,0,0,0,0,0,0,0,0,0,0,0,0,0,0,0,0,0,0,0,0,0,0,0,0,0,0,0,0,0,0,0,0,0,0,0,0,0,0,0,0,0,0,0,0,0,0,0,0,0,0,0,0,0,0,0,0,0,0,0,0,0,0,0,0,0,0,0,0,0,0,0,0,0,0,0,0,0,0,0,0,0,0,0,0,0,0,0,0,0,0,0,0,0,0,0,0,0,0,0,0,0,0,0,0,0,0,0,0,0,0,0,0,0,0,0,0,0,0,0,0,0,0,0,0,0,0,0,0,0,0,0,0,1,3,0,0,0,0,0,0,0,0,0,0,0,0,0,0,0,0,0,0,0,0,0,0,0,0,0,0,0,0,0,0,0,0,0,0,0,3,0,0,0,0,1,0,0,0,0,0,0,0,0,0,0,0,0,0,0,0,0,0,0,0,0,0,0,0,0,0,0,0,0,0,0,0,0,0,0,0,0,0,0,0,0,0,0,0,0,0,1,0,0,0,0,0,0,0,0,0,0,0,0,0,0,0,0,0,0,0,0,1,1,0,2,0,0,0,0,0,0,0,0,0,0,0,0,0,0,0,0,0,0,0,0,0,0,0,0,0,0,0,0,0,0,0,0,0,0,0,0,0,0,0,0,0,0,0,0,0,0,0,0,0,0,0,0,0,0,0,0,0,0,0,0,0,3,0,0,0,0,0,1,0,0,0,0,0,0,0,0,0,0,0,0,0,0,0,0,0,0,0,0,0,0,0,0,0,0,0,0,1,0,0,0,0,0,0,0,0,0,0,0,0,0,0,0,0,0,0,0,0,0,0,0,0,0,0,0,0,0,0,0,0,0,0,0,0,0,0,0,1,0,0,0,0,0,0,0,0,0,0,0,0,0,0,0,0,0,0,0,0,0,0,0,0,0,0,0,0,0,0,0,0,0,0,0,0,0,0,0,0,0,0,0,0,0,0,0,0,0,0,0,0,0,0,0,0,0,0,0,0,0,0,0,0,0,0,0,0,0,0,0,0,0,0,0,0,0,0,0,0,0,0,0,0,0,0,0,0,0,0,0,0,0,0,0,0,0,0,0,0,0,0,0,0,0,0,0,0,0,0,0,0,0,0,0,0,0,0,0,0,0,0,0,0,0,0,0,0,0,0,0,0,0,0,0,0,0,0,0,0,0,0,0,0,0,0,0,0,0,0
CD40LG,0,0,0,0,0,0,0,1,0,0,0,0,0,0,0,0,1,0,0,0,0,0,0,0,0,0,1,0,0,0,0,0,0,0,0,0,0,0,0,0,0,1,0,0,0,0,0,0,1,0,1,1,1,0,0,0,0,0,0,0,0,0,0,0,1,0,1,0,0,0,0,0,0,0,0,0,0,0,0,0,0,0,0,0,0,2,0,0,0,0,0,1,0,0,1,0,0,0,0,0,0,0,0,0,0,0,0,0,0,0,0,0,0,0,0,0,0,0,0,0,0,0,0,0,0,0,0,0,0,0,0,0,0,0,0,0,0,0,0,0,0,0,0,0,0,0,0,0,2,0,0,0,0,0,1,0,0,0,0,0,0,0,0,0,0,3,0,0,0,0,1,0,0,1,0,0,0,0,0,0,0,0,0,0,0,0,0,0,0,0,0,0,0,0,0,0,0,0,0,0,0,0,0,0,1,0,0,0,0,0,0,1,0,0,0,0,0,0,0,0,0,0,0,0,2,0,0,0,1,1,0,0,0,0,0,0,0,0,0,0,0,1,0,0,0,0,0,0,0,0,0,0,0,0,0,2,0,1,0,0,0,1,0,0,1,0,1,0,0,1,0,0,0,0,0,0,0,0,0,0,0,0,0,0,0,0,0,0,0,0,0,0,0,0,0,0,0,0,0,0,0,2,0,1,0,0,0,0,0,0,0,0,0,1,0,0,0,1,0,0,0,0,0,0,0,0,0,1,0,0,0,0,0,0,0,0,0,0,0,0,0,0,0,0,0,1,0,0,0,0,0,0,0,0,0,0,0,1,0,0,1,0,0,0,0,0,0,0,0,0,0,0,0,0,1,0,0,1,3,0,0,0,0,3,0,0,2,0,0,0,0,0,1,0,2,0,0,1,0,0,0,0,0,1,0,1,0,0,0,0,0,0,0,0,1,0,0,0,0,2,0,1,0,0,0,0,0,0,0,0,0,0,0,0,0,0,0,0,0,0,0,0,0,0,1,0,0,1,0,0,0,0,0,0,0,1,0,0,0,0,0,0,0,0,0,0,1,0,0,0,0,0,0,0,0,0,0,0,0,0,0,0,0,0,0,0,3,1,0,0,0,0,0,0,0,0,0,0,0,0,0,0,0,0,0,0,0,0,0,0,0,0,0,0,0,2,0,1,0,0,0,0,0,0,0,0,0,0,0,0,0,0,0,0,0,0,0,0,0,1,0,0,0,0,0,0,0,0,0,0,0,0,0,0,0,0,0,0,1,0,0,1,0,0,0,0,0,0,0,0,0,0,1,0,0,0,0,0,0,0,0,0,0,0,0,0,0,0,0,0,2,0,0,0,0,0,0,0,0,0,0,0,0,0,0,0,0,0,0,1,0,0,0,0,2,0,1,0,0,0,1,0,0,0,0,0,0,0,0,0,0,0,0,0,0,0,3,0,0,0,0,0,0,0,0,0,0,0,1,0,0,0,0,0,0,0,0,2,0,0,0,0,0,0,0,0,0,0,0,0,0,0,0,0,0,1,0,0,0,0,0,0,0,0,0,0,0,0,0,0,0,0,0,0,1,0,0,0,0,0,0,0,0,0,0,0,0,0,0,0,1,0,0,0,0,0,0,0,0,0,0,0,0,0,0,0,0,0,0,0,0,1,0,0,0,0,0,0,0,0,0,3,0,0,0,0,0,0,0,0,0,0,0,0,0,0,0,0,0,0,0,0,0,0,0,0,6,0,0,0,0,2,0,0,0,0,0,0,0,1,0,0,0,1,0,0,0,1,0,0,0,0,0,0,0,1,0,0,0,0,0,0,0,0,1,0,0,0,0,0,0,0,0,0,0,0,0,0,0,0,0,0,0,0,0,1,0,0,2,0,0,0,0,0,0,1,2,0,0,0,0,0,1,0,0,0,0,0,0,2,0,0,0,0,0,0,0,0,0,0,0,0,0,0,0,0,0,0,0,1,0,0,0,0,0,0,0,0,0,0,1,0,0,0,0,0,0,0,0,0,0,0,0,0,0,0,0,1,0,0,0,0,1,0,1,1,0,0,0,0,0,0,1,0,0,0,0,0,0,0,0,0,0,0,0,0,0,0,0,0,0,0,0,0,0,0,0,0,0,0,0,0,1,0,0,1,1,0,0,0,0,1,0,0,0,0,0,0,0,0,0,0,0,0,0,0,0,0,0,0,0,0,0,0,0,0,1,0,0,0,0,0,0,0,1,2,0,0,0,1,0,0,0,0,0,0,0,0,0,0,0,0,0,0,1,0,0,0,0,0,1,0,0,0,0,0,0,0,0,0,0,0,0,0,0,0,1,0,1,1,0,0,0,0,0,0,0,0,0,0,0,0,1,0,0,0,1,0,1,0,1,0,0,0,0,0,0,0,0,1,0,0,0,0,0,0,0,0,0,0,0,0,0,0,0,0,0,0,0,0,0,0,0,0,0,0,0,1,0,0,0,0,0,0,0,0,0,0,0,1,1,0,0,0,0,0,1,0,0,0,0,0,0,0,0,0,0,0,0,0,0,1,0,0,0,0,0,0,0,0,0,0,0,0,0,0,0,0,0,0,1,0,0,0,0,0,0,0,0,0,0,0,0,0,0,0,0,0,0,0,0,0,0,0,0,0,0,0,0,0,0,0,0,0,0,0,0,0,0,0,0,0,0,0,0,0,0,0,0,0,0,1,0,1,0,1,0,0,0,0,0,0,0,1,0,0,0,0,0,0,0,0,0,0,0,0,0,0,1,0,0,0,0,1,0,0,0,0,0,0,0,0,0,0,0,0,0,0,0,0,0,0,0,0,0,0,0,0,0,0,0,0,0,0,0,0,0,0,0,0,0,0,0,0,0,0,0,0,0,0,0,0,0,2,0,0,0,0,0,0,0,0,0,0,0,0,0,2,0,0,0,0,3,0,0,0,0,0,0,0,0,0,0,0,0,0,0,0,0,0,0,0,0,0,1,0,0,1,0,0,0,0,0,0,0,1,0,0,0,0,0,0,0,0,0,0,0,0,1,0,0,0,1,0,0,0,0,0,0,0,0,2,0,0,0,1,0,0,0,0,0,0,0,0,0,0,0,0,1,1,0,0,0,0,0,0,0,0,0,0,0,0,0,0,0,0,0,0,1,0,0,0,0,1,0,0,0,0,0,0,0,0,0,1,2,0,0,1,0,0,0,0,0,0,0,0,0,0,0,0,0,0,0,0,2,0,0,0,0,0,0,1,0,0,0,0,0,1,1,1,1,0,0,0,0,0,0,0,0,0,0,0,0,0,0,0,0,0,0,1,0,0,0,0,0,0,0,0,0,1,0,0,0,0,0,0,0,0,0,0,0,0,0,0,1,0,0,0,0,0,0,1,1,0,0,0,0,0,0,0,0,0,0,0,0,0,0,0,0,0,0,0,0,0,2,0,0,0,0,0,0,0,0,0,0,0,0,0,1,0,0,0,1,0,0,0
TBC1D10C,0,0,0,1,0,0,0,0,1,0,3,2,1,0,0,4,0,0,0,0,1,0,0,0,0,2,0,1,1,1,0,0,1,1,1,2,0,2,2,1,0,0,0,0,0,1,0,0,1,0,1,1,0,1,1,0,0,2,0,1,1,0,1,0,0,2,0,0,0,2,1,0,1,0,0,3,3,0,0,0,1,1,1,0,0,1,1,0,2,1,0,0,1,0,1,0,0,0,0,3,0,0,0,0,3,0,0,1,0,1,1,0,0,0,1,1,1,0,0,0,0,0,1,0,1,3,0,0,0,1,0,1,0,2,0,0,0,0,0,0,0,1,0,0,1,1,0,0,2,1,0,1,1,1,1,1,1,0,0,0,0,0,0,1,3,2,0,0,0,1,1,1,0,1,0,0,1,0,1,0,0,1,2,2,0,2,0,1,1,0,1,0,1,0,0,0,2,2,0,1,0,0,0,1,1,2,1,2,0,0,0,4,1,0,1,1,1,1,0,0,0,0,1,0,2,1,0,0,0,0,4,0,0,1,0,1,1,0,1,0,0,1,0,0,0,0,0,0,1,0,0,1,0,0,1,0,0,0,2,0,2,1,2,0,1,0,1,0,1,0,1,0,1,0,1,0,0,0,0,0,0,0,1,0,3,0,1,1,3,3,1,2,0,1,2,2,1,1,0,1,0,0,1,4,0,1,0,0,3,2,1,0,1,1,3,1,1,0,0,1,1,0,0,0,2,0,0,1,1,1,1,0,0,2,0,1,0,0,1,0,1,3,0,0,0,0,0,0,0,0,0,0,0,0,1,1,1,0,0,0,1,0,3,0,4,0,2,0,0,1,2,0,0,0,0,2,0,1,0,0,1,1,1,1,1,0,0,0,0,1,1,3,1,1,1,0,0,0,0,0,1,0,3,0,1,2,2,2,1,0,0,2,0,2,1,1,0,1,0,0,0,2,0,3,1,1,0,0,1,1,1,1,1,0,0,0,0,2,0,0,0,2,1,1,1,1,0,0,1,1,1,0,0,0,0,0,0,1,0,1,1,2,1,0,1,0,1,2,0,0,1,0,1,1,2,0,0,0,0,2,0,1,1,0,0,1,1,0,0,2,0,1,0,0,1,0,0,1,0,1,0,0,0,0,0,0,1,0,1,1,1,1,0,1,0,2,2,1,0,0,1,1,0,0,0,0,2,0,0,0,0,3,1,0,1,0,0,0,1,1,3,0,1,0,0,1,0,0,0,2,0,4,1,0,0,0,1,1,0,0,0,0,2,3,0,0,1,2,0,0,4,1,2,1,0,0,0,0,0,1,0,0,1,0,0,0,1,0,0,0,0,0,0,0,0,4,2,1,1,0,0,2,0,0,1,1,0,1,1,1,0,2,1,0,3,0,0,1,0,0,1,0,0,0,1,2,2,0,0,0,1,2,1,5,1,1,1,0,0,3,1,0,2,1,0,1,1,3,1,0,1,3,0,0,1,1,0,1,1,0,0,1,0,1,1,2,0,0,1,1,0,0,0,1,2,1,0,0,3,0,0,0,2,0,0,1,0,2,0,0,2,0,3,1,0,0,0,2,2,0,0,1,0,1,0,0,0,1,2,0,1,1,0,1,0,0,0,1,1,0,1,1,0,1,0,3,0,1,0,1,1,0,1,2,1,0,0,1,3,0,1,0,0,0,0,1,0,0,3,0,0,0,1,1,2,1,0,0,1,2,0,0,0,1,0,0,1,0,2,0,0,3,0,0,2,0,0,0,0,0,0,2,2,0,0,1,2,0,1,0,0,0,2,0,0,2,1,0,0,3,1,1,1,1,0,0,0,0,0,0,0,0,0,2,0,2,0,1,1,1,2,2,2,2,1,0,0,1,0,0,0,0,1,0,2,0,0,1,0,2,0,0,1,0,1,5,1,2,0,0,0,0,0,0,2,1,0,1,2,0,3,1,1,1,0,1,0,0,1,0,2,2,0,0,0,1,2,1,0,0,0,1,0,0,0,1,2,0,1,0,2,0,5,0,0,0,2,0,2,1,0,1,1,2,2,1,0,0,1,0,0,0,0,0,0,2,0,2,0,0,2,1,1,2,0,0,2,1,0,0,0,0,1,0,0,1,1,1,1,0,1,1,1,2,2,1,0,0,0,0,0,0,0,1,0,4,2,2,1,0,3,0,3,2,0,1,1,0,1,0,2,1,0,3,0,2,1,1,1,0,2,0,0,2,1,0,0,0,1,0,3,1,1,1,0,0,0,1,2,0,0,0,0,0,0,0,1,1,0,0,0,0,1,1,0,0,4,0,1,0,2,1,0,0,1,2,1,1,0,0,1,1,1,2,1,0,1,1,1,3,1,1,0,3,1,0,0,0,3,0,0,0,0,0,1,1,0,1,0,1,2,1,0,0,2,3,1,0,0,0,1,1,0,1,2,0,0,0,1,1,0,0,1,1,2,1,0,0,0,1,0,2,1,2,1,0,0,0,0,0,0,1,2,1,0,0,1,0,1,0,1,0,1,3,0,1,0,0,0,0,0,1,0,1,0,0,1,0,2,0,2,0,2,1,1,0,0,1,0,1,1,1,0,3,1,0,0,1,0,1,0,0,1,1,1,0,2,0,0,0,1,1,1,2,0,1,2,1,1,3,0,0,2,1,0,3,1,1,0,1,1,0,0,1,1,2,1,0,0,0,1,1,0,1,2,2,0,0,2,1,0,0,2,0,1,0,0,0,0,0,0,2,1,1,0,1,2,2,0,0,2,0,1,1,1,0,0,0,3,2,0,0,1,1,0,1,1,1,1,0,0,1,0,0,1,0,1,0,0,1,1,1,0,0,0,0,0,1,0,0,3,1,0,1,1,0,0,5,1,1,1,0,1,0,0,2,1,0,0,0,0,0,0,6,1,0,3,0,1,0,0,1,1,1,1,0,2,1,0,3,1,2,0,0,0,3,0,1,1,3,0,0,1,1,0,1,0,1,1,1,0,0,0,0,0,0,1,0,1,0,0,1,0,1,0,0,0,2,6,0,0,4,1,0,0,2,0,2,1,0,0,2,2,0,1,0,0,4,0,0,0,0,0,0,0,0,0,2,1,0,0,1,1,0,1,2,0,0,0,1,0,3,0,1,0,0,0,0,1,0,3,2,2,1,0,1,0,0,1,1,1,0,2,1,1,0,1,0,2,1,0,0,0,0,0,1,1,1,0,1,1,1,0,1,0,0,0,1,0,3,2,1,1,2,0,0,0,2,1,1,0,0,1,0,0,1,1,0,2,0,0,1,2,0,1,0,0,0,0,5,0,1,2,0,0,0,0,0,1,1,0,0,0,0,1,0,1,0,3,1,0,0,4,1,0,0,2,0,0,1,0,0,1,0,0,0,0,0,1,0,0,1,0,1,0,2,0,2,0,0,0,1,0,0,0,0,1,1,0,1,1,0,0,0,0,0,0,1,1,3,2,1,2,0,0,1
TCOF1,0,0,0,0,0,0,0,0,0,0,0,1,0,0,0,0,0,0,0,0,0,0,1,0,0,0,0,0,0,0,0,0,0,0,0,0,0,0,0,0,0,0,0,0,0,1,1,1,0,0,0,0,1,0,0,0,0,0,0,0,0,1,0,0,0,0,0,0,0,0,1,0,0,0,2,0,1,0,0,0,0,0,1,0,0,0,0,1,0,0,1,0,0,0,0,0,1,0,0,0,0,0,0,0,1,0,0,0,0,1,0,0,0,1,0,0,0,0,0,0,0,0,1,0,0,0,0,1,0,0,0,0,0,1,0,0,1,1,0,0,0,0,0,1,0,2,0,0,0,0,0,0,0,0,0,0,0,0,0,0,0,0,0,1,0,0,0,0,0,5,0,0,0,0,0,0,0,0,2,0,0,0,0,0,2,0,0,0,0,0,0,0,0,0,0,0,0,1,0,0,0,0,0,1,0,0,0,0,1,0,0,0,0,0,0,0,0,1,0,1,0,0,1,0,0,0,1,0,0,0,0,0,0,0,0,0,1,0,0,3,0,0,0,0,0,1,0,0,2,0,0,2,1,0,0,0,1,0,0,0,0,0,0,0,1,0,0,0,0,1,0,0,0,0,0,0,0,0,0,0,0,0,1,1,0,0,0,0,0,0,0,0,0,1,1,0,0,0,2,1,0,0,0,0,0,0,0,0,1,0,0,0,0,0,0,4,0,0,0,0,0,0,0,0,0,0,0,0,0,0,0,0,0,0,0,0,1,0,0,1,0,0,0,0,1,1,0,0,0,0,0,1,1,0,0,0,0,0,1,0,0,1,0,0,0,0,2,0,0,1,0,0,0,0,0,1,0,0,0,0,1,0,0,0,0,0,0,0,0,0,0,0,0,1,0,0,0,0,0,0,0,0,0,0,0,0,0,1,1,0,0,0,0,0,0,0,0,0,2,1,0,0,0,0,0,0,0,0,0,0,1,0,0,0,1,0,0,1,0,0,0,0,4,0,0,2,0,0,0,1,0,0,0,0,0,2,0,1,0,0,0,0,0,1,0,0,0,0,0,0,2,0,0,0,0,0,0,0,0,0,2,1,0,0,0,0,0,0,0,1,0,0,0,0,0,0,0,0,0,0,0,0,0,0,1,0,0,0,1,0,0,0,0,0,0,0,0,0,0,0,0,0,0,0,0,0,0,0,0,0,0,1,0,0,0,0,0,1,0,0,1,0,0,0,0,0,0,0,0,0,0,1,0,0,0,0,0,0,1,0,0,0,0,0,0,0,0,0,1,0,0,0,0,0,0,0,0,0,0,1,1,0,0,0,1,0,0,0,0,1,0,0,0,1,0,0,1,0,0,0,0,0,0,0,1,5,0,1,0,0,0,0,1,0,0,0,1,0,0,0,0,0,0,0,0,0,0,0,0,0,1,0,1,0,1,1,0,0,0,0,0,0,0,0,0,4,0,0,1,0,1,0,0,0,0,0,0,0,0,0,0,0,0,0,0,1,1,0,0,1,0,0,0,1,0,0,0,1,0,0,1,0,1,0,0,0,0,0,0,0,0,0,0,0,0,0,1,0,0,0,0,0,0,0,0,0,0,0,0,2,0,0,0,0,0,0,0,0,0,0,0,0,0,0,0,0,0,0,0,0,0,0,1,0,1,0,0,0,0,0,0,0,0,0,0,1,1,1,0,0,1,0,0,0,0,0,1,2,1,0,0,0,0,0,1,0,1,0,0,0,0,0,0,0,0,1,0,0,0,2,0,0,0,0,0,1,0,0,0,0,0,0,0,0,0,0,0,0,0,0,0,0,0,0,1,0,0,0,0,1,0,0,0,0,0,1,0,0,0,2,0,0,0,0,1,1,0,1,0,0,0,0,0,0,0,1,0,0,0,0,0,0,0,0,0,0,0,1,0,0,0,0,0,0,0,0,0,0,0,0,0,0,0,0,1,0,0,0,0,0,1,1,1,0,0,0,0,1,0,1,0,0,2,1,0,0,1,0,1,1,0,0,0,1,0,0,0,0,0,0,1,0,0,0,0,0,0,2,4,0,1,0,0,0,0,1,0,0,0,0,0,4,0,0,1,0,0,0,0,0,0,1,1,1,0,0,0,0,0,0,0,0,0,0,0,0,0,2,1,0,0,0,2,0,0,0,1,0,0,0,1,0,1,1,1,0,0,0,1,0,0,2,0,0,0,0,0,0,1,0,1,0,0,0,0,0,1,0,0,0,1,0,0,1,0,0,0,0,0,0,0,0,0,0,0,0,1,0,0,0,2,0,0,0,2,0,2,0,0,1,0,0,0,0,0,0,0,1,0,0,1,0,1,1,0,0,1,1,0,0,0,0,0,0,0,0,0,0,0,0,2,0,0,0,0,0,0,0,0,0,0,1,1,0,0,1,1,0,0,1,1,1,0,1,0,2,0,0,0,0,0,1,0,1,1,0,0,0,0,0,0,0,0,4,1,0,0,0,0,0,0,0,1,1,0,0,0,0,0,0,1,0,1,0,3,0,0,0,0,1,0,0,0,0,0,0,0,0,0,1,0,0,0,0,0,0,1,1,0,0,2,0,0,0,0,1,0,0,0,1,0,0,1,0,0,0,0,0,0,1,1,0,0,0,0,0,0,0,0,0,0,0,0,1,4,0,1,0,0,0,0,0,0,0,0,0,0,0,0,0,0,0,0,1,0,0,0,0,2,0,0,0,0,0,0,0,1,0,0,2,0,0,0,1,0,0,1,0,0,0,0,1,0,0,0,0,1,0,1,0,0,0,0,0,0,0,0,0,0,0,0,0,0,0,0,1,1,0,0,0,0,0,0,0,0,0,0,0,0,0,0,0,0,1,0,0,0,0,0,0,0,0,0,0,1,0,0,0,0,0,0,0,4,2,0,0,0,0,0,0,0,0,0,0,0,2,0,0,0,0,0,0,0,0,1,0,0,0,1,0,0,1,0,0,1,0,0,0,0,0,0,0,1,0,0,0,0,0,0,0,0,0,0,0,0,0,0,0,2,0,0,1,0,0,0,1,0,0,0,0,1,0,1,0,0,1,0,0,0,0,0,1,1,0,0,2,0,0,0,0,2,1,0,0,0,0,1,0,0,0,0,0,0,0,0,1,1,0,0,1,0,0,0,1,0,0,0,0,0,0,1,0,1,0,1,1,0,0,0,1,0,0,1,0,0,0,0,5,0,0,0,0,2,0,0,0,1,0,0,0,1,0,0,0,0,0,1,0,0,0,0,0,0,0,0,0,0,0,0,0,1,0,0,0,0,0,0,0,0,1,0,0,0,0,0,0,0,0,0,0,0,0,0,0,1,0,0,0,0,4,0,0,0,0,0,0,0,0,0,0,0,0,0,0,0,1,0,5,0,1,0,0,0,0,0,0,0,0,1,1,0,0,0,0,0,0,0,0,0,0,0,0,0,0,0,0,0,0,0,0,0,0,0,0,0,0
CHMP7,1,0,0,1,0,0,0,0,0,0,1,0,0,0,0,0,0,0,0,0,0,0,1,0,0,0,0,0,0,0,0,0,0,0,1,0,0,0,0,0,0,0,0,0,0,1,0,0,0,1,0,0,0,0,0,0,0,0,0,0,0,1,0,0,0,0,0,0,0,0,0,1,1,0,0,0,0,0,0,0,0,0,0,0,0,0,0,0,0,2,0,0,1,0,1,0,3,0,0,0,0,0,0,0,0,0,0,0,1,1,0,2,0,0,0,0,0,0,1,0,0,0,0,0,0,0,0,0,0,1,0,1,0,0,1,1,0,0,0,0,0,0,0,0,0,0,0,0,0,0,0,0,0,0,0,1,0,0,0,0,0,1,0,0,0,0,1,0,0,1,1,0,0,0,0,0,1,0,0,0,1,0,0,0,0,0,0,1,0,0,0,0,2,1,0,0,0,0,0,0,0,0,0,0,2,0,0,1,1,0,0,0,0,0,0,0,0,0,0,0,0,0,0,1,0,0,1,0,0,0,0,1,0,0,0,0,0,0,0,0,1,0,2,0,0,0,0,0,1,0,0,0,0,0,0,1,1,0,2,0,2,0,0,0,0,1,1,0,1,0,0,0,0,0,0,1,2,0,0,0,0,0,0,0,0,1,0,0,0,0,0,0,0,0,0,0,0,0,1,0,0,1,0,0,0,0,0,0,0,0,0,0,0,0,0,0,1,0,0,1,0,0,0,0,0,2,0,1,0,0,1,0,1,0,0,0,2,0,0,0,0,0,0,0,0,0,0,0,0,0,0,1,0,0,1,0,0,0,1,0,0,0,0,0,0,0,0,0,0,0,0,0,0,1,0,0,0,0,0,0,1,0,0,0,0,0,1,3,0,0,0,0,0,0,0,0,0,0,0,0,0,0,0,0,1,1,0,0,2,1,0,0,0,1,0,0,2,0,0,0,0,1,0,0,0,0,0,0,0,0,0,0,0,0,0,0,0,0,0,0,0,0,0,0,0,0,0,0,0,0,0,0,0,0,0,0,0,1,0,0,1,0,0,0,0,0,0,2,1,0,0,0,0,0,1,0,0,0,1,1,0,0,0,0,0,1,0,0,0,0,0,1,0,0,0,0,1,0,0,0,0,0,0,0,0,0,0,0,0,0,0,1,0,0,0,0,0,0,0,0,0,0,0,0,1,0,1,0,0,0,0,2,0,0,0,0,0,0,0,1,1,0,0,0,0,0,0,0,1,1,0,0,0,0,0,0,0,0,0,0,0,0,0,0,0,0,0,0,0,1,0,0,2,1,0,1,0,0,0,0,0,1,0,0,0,0,0,0,2,0,0,0,1,0,0,0,1,0,0,1,0,0,0,0,0,1,0,0,0,1,0,0,0,0,0,0,0,0,0,0,0,1,1,0,1,0,2,0,0,1,0,0,0,0,0,1,0,0,0,0,0,0,1,0,0,0,0,0,0,0,0,1,0,0,1,0,0,1,0,0,0,1,1,1,0,0,0,0,0,2,0,0,0,0,0,0,0,1,0,0,0,0,2,0,0,1,0,0,0,0,0,2,0,0,1,0,0,0,0,0,0,1,0,0,0,0,0,0,0,0,1,0,0,0,0,0,0,0,0,0,0,0,0,0,0,0,0,0,0,0,0,0,0,0,0,0,0,2,0,1,0,0,0,0,0,0,0,2,0,0,0,0,1,2,0,0,0,0,0,0,0,0,0,0,0,0,0,0,0,1,0,1,0,1,0,0,0,0,0,0,0,0,0,1,0,0,0,1,0,0,0,0,0,0,0,0,1,0,0,0,0,0,0,0,0,0,0,1,0,0,0,0,0,0,1,0,0,0,0,0,0,0,0,0,0,0,0,0,0,0,0,0,0,0,0,0,0,0,0,1,0,0,1,0,0,0,0,0,0,1,0,0,0,0,0,0,0,0,1,0,1,0,0,0,0,0,0,0,0,0,1,0,0,0,0,0,0,2,0,0,2,1,0,1,0,0,1,0,0,1,0,2,0,0,0,0,0,0,0,1,1,1,0,0,0,0,0,0,0,0,0,0,0,0,0,0,0,0,0,0,0,0,0,0,0,0,0,0,0,0,0,0,0,0,0,0,0,0,0,0,0,0,0,1,0,1,0,0,2,0,1,1,0,0,0,0,1,0,0,0,0,0,0,0,0,0,1,0,0,1,0,0,0,0,0,0,0,0,0,0,1,0,0,0,0,1,0,0,1,0,0,0,1,0,0,1,1,0,0,1,1,1,1,0,1,0,0,0,0,0,0,0,0,0,0,3,0,1,0,1,0,0,0,0,0,0,0,0,0,0,0,0,0,0,0,0,0,0,0,0,0,0,0,0,0,0,0,0,0,1,1,0,1,0,1,1,0,0,0,1,2,0,1,0,0,1,0,0,0,0,0,0,0,0,0,0,0,0,0,0,0,0,0,0,0,0,0,0,2,0,0,0,1,0,0,0,0,0,0,0,0,0,0,0,0,0,0,0,0,0,0,0,0,0,0,0,0,0,0,1,0,0,0,0,0,1,0,0,1,0,0,0,0,0,0,0,0,0,0,0,0,1,1,0,0,0,0,0,0,0,1,0,0,0,0,0,0,0,0,0,0,0,0,0,0,0,0,0,1,0,0,1,0,0,0,0,0,0,0,0,0,2,0,0,0,0,0,0,0,0,0,2,0,0,0,0,0,0,0,1,2,1,0,0,1,0,1,0,0,0,0,0,0,0,0,1,0,0,0,0,1,0,0,0,0,0,0,1,0,0,0,0,1,0,0,0,0,1,0,1,0,0,0,0,0,0,0,0,2,0,0,0,0,0,0,0,0,0,0,0,0,0,0,0,0,2,0,0,0,0,0,0,0,1,0,2,0,0,0,0,0,0,0,0,1,0,0,0,0,0,1,1,0,0,0,0,0,0,0,0,0,2,0,0,0,0,0,1,0,0,0,0,0,0,0,0,0,0,0,1,0,0,0,0,0,0,0,1,1,0,0,1,1,0,0,0,0,0,0,0,0,0,0,0,1,0,1,0,0,0,0,0,0,0,1,0,1,0,0,0,1,0,0,0,0,1,1,0,0,0,0,0,0,0,0,0,0,1,0,0,0,0,0,0,0,0,0,1,1,0,0,0,0,1,0,0,1,0,0,0,0,0,0,0,0,0,0,0,0,0,1,0,0,1,0,1,0,1,0,0,0,0,0,0,0,0,0,0,0,0,0,0,0,0,0,1,0,1,0,0,1,0,0,0,0,2,0,0,0,0,0,0,0,1,0,0,1,1,0,0,0,0,0,0,0,0,0,0,0,0,0,0,1,0,0,1,0,0,0,0,0,0,0,0,2,1,0,0,0,0,0,0,0,0,1,0,0,0,0,0,0,0,0,1,0,0,0,0,0,0,0,0,0,0,0,0,0,0,0,0,0,0,0,0,0,1,0,1,0,0,0,1,0,0,1,0
IGFBP7,0,0,0,1,0,0,0,0,0,0,0,0,0,0,0,0,0,0,0,0,0,0,0,0,0,0,0,0,0,0,0,0,0,0,1,0,0,0,0,0,0,0,0,0,0,0,0,0,0,0,0,0,0,0,0,0,0,0,0,0,1,0,0,0,0,0,0,1,0,0,0,4,0,0,0,0,0,0,0,0,0,0,0,0,0,0,0,0,0,0,0,0,0,0,0,0,0,0,0,0,0,0,0,0,0,0,0,0,0,0,0,0,0,0,0,0,0,0,0,0,0,0,0,0,0,0,0,0,0,0,0,0,0,0,0,0,0,0,0,0,0,0,0,0,1,1,0,0,0,1,0,1,0,0,0,0,0,0,0,0,0,0,0,0,0,0,0,0,0,2,0,0,0,0,0,0,0,0,0,0,0,0,0,0,1,0,0,0,0,0,0,0,0,0,0,0,0,0,1,0,1,0,0,0,0,0,0,0,0,0,0,0,0,0,1,0,0,0,0,0,0,0,0,0,0,0,0,0,0,0,0,0,0,0,0,0,0,0,0,0,1,0,0,0,0,0,0,0,2,0,0,0,0,0,0,0,0,0,0,0,0,0,0,0,0,0,0,0,0,0,0,1,0,0,0,0,0,0,0,0,0,0,0,0,0,0,0,0,0,0,0,0,0,0,0,0,0,0,0,0,0,0,0,0,0,0,0,0,0,0,0,0,0,0,0,0,0,0,0,0,0,3,0,0,0,0,0,0,0,0,0,0,0,0,0,0,0,1,0,1,1,0,0,0,0,0,0,1,0,1,2,0,0,0,0,0,0,0,0,0,0,0,0,1,2,0,5,0,0,0,0,0,2,0,0,0,0,0,0,0,0,0,0,0,0,0,0,0,0,2,0,0,0,0,0,0,0,0,2,0,0,0,0,0,2,0,0,0,0,0,1,0,0,0,0,0,0,0,0,0,0,0,0,0,0,0,0,0,0,0,0,0,0,0,0,0,0,0,0,2,0,0,1,0,0,2,1,0,0,0,0,0,0,0,0,0,0,0,0,0,0,0,0,0,0,0,0,0,0,0,0,0,0,0,0,0,0,0,0,0,0,0,3,0,0,0,0,0,0,0,0,0,0,0,0,0,0,0,0,2,0,0,0,0,0,0,0,3,0,0,0,0,0,0,0,0,0,0,0,0,0,0,0,0,0,0,0,0,1,0,0,0,0,0,0,1,0,0,0,0,4,0,0,1,0,0,0,0,0,0,0,2,0,0,0,0,0,0,0,0,0,0,0,0,0,0,0,0,0,0,0,0,0,0,0,0,0,0,0,0,0,0,0,0,0,0,0,0,0,0,0,0,0,2,0,1,0,0,0,1,0,0,0,0,0,2,0,0,0,0,0,0,3,0,0,1,0,0,0,0,0,0,0,0,1,0,0,0,0,0,0,0,0,3,0,0,0,0,0,0,0,0,0,0,0,0,0,0,0,0,0,0,0,0,0,0,0,0,0,0,0,0,0,1,0,0,0,0,0,0,0,0,0,0,0,0,0,0,0,0,2,3,0,0,1,0,0,0,0,0,0,0,0,0,0,0,0,0,0,0,0,0,0,0,0,0,0,0,0,4,0,0,0,0,0,0,0,0,0,0,0,0,0,0,0,0,0,0,0,0,0,0,0,0,0,0,0,0,0,0,0,0,0,2,0,0,0,0,0,0,0,0,0,0,0,0,0,0,0,0,0,0,0,0,0,0,0,0,0,0,0,0,0,0,0,0,0,0,0,0,0,0,0,0,0,0,0,0,0,0,0,0,0,0,0,0,0,0,0,0,0,0,0,0,0,0,0,0,0,0,0,0,0,0,0,0,0,0,0,1,5,0,1,0,0,0,0,0,0,0,0,0,0,0,0,0,0,0,0,0,0,0,0,0,0,0,0,0,1,0,0,0,0,0,0,0,0,0,0,0,0,0,0,0,0,0,0,0,0,0,0,0,2,0,0,0,0,0,0,0,0,0,0,0,0,0,0,0,0,0,0,0,3,0,0,1,0,0,0,0,0,0,0,0,0,0,0,0,1,0,0,1,0,0,0,0,0,0,0,0,0,1,0,0,0,1,0,0,0,0,0,0,0,0,0,0,0,0,0,0,0,0,0,0,0,0,0,0,0,0,0,0,0,0,0,0,0,0,0,0,0,0,0,0,0,0,0,0,1,0,0,0,0,0,0,0,0,0,0,0,0,0,0,1,0,0,0,0,1,0,0,0,0,0,0,0,0,0,0,0,0,1,0,0,0,0,0,0,0,0,0,0,0,0,0,0,0,0,0,0,0,0,0,0,0,0,0,0,0,0,2,5,0,0,0,0,0,1,0,0,0,0,0,1,0,0,0,0,0,0,0,0,0,0,0,0,0,0,0,0,0,0,0,0,0,0,0,0,0,0,0,0,3,0,0,0,0,0,0,1,0,0,0,0,1,0,0,0,0,0,0,0,0,0,0,0,0,0,0,0,0,0,0,0,0,0,0,0,0,0,0,0,0,0,0,0,0,0,0,1,0,0,0,0,0,0,2,0,0,0,0,0,0,0,0,0,0,0,0,0,0,0,1,0,0,0,0,0,0,0,1,0,0,0,0,0,0,0,0,0,0,0,0,0,0,0,0,0,0,2,0,0,0,0,0,0,0,0,0,1,0,0,0,0,0,0,0,0,0,0,0,0,0,0,0,0,0,0,0,0,0,0,0,0,0,0,0,1,0,0,0,0,1,0,0,0,0,0,0,0,0,0,0,0,0,0,0,0,0,0,0,0,0,0,0,0,0,0,0,0,0,0,0,0,0,0,0,1,0,0,0,0,0,0,0,0,1,0,0,0,0,0,2,0,0,0,0,3,0,0,0,0,0,0,0,0,0,0,0,0,0,0,0,0,0,0,0,0,0,0,0,0,0,0,0,0,2,0,0,0,0,0,0,0,0,0,0,0,0,0,0,0,1,0,0,0,0,0,3,0,0,0,0,0,0,0,0,0,0,1,0,0,0,0,0,0,0,0,0,0,0,0,0,0,0,0,0,0,0,0,0,0,0,0,0,0,0,2,0,0,0,0,0,0,0,0,0,0,0,0,0,0,0,0,0,0,0,0,0,0,2,0,0,0,0,0,0,0,0,0,0,0,0,0,0,0,0,0,0,1,0,0,1,0,0,0,1,0,0,0,0,0,0,0,0,0,0,0,0,0,0,2,0,0,0,0,0,0,0,0,0,0,0,0,0,0,0,0,0,0,0,0,0,0,0,0,0,0,0,0,0,1,0,0,0,1,0,0,0,0,0,0,0,0,0,0,0,0,0,0,0,0,0,0,0,0,0,0,0,0,0,0,0,0,0,1,0,0,0,0,0,0,0,0,0,0,0,0,1,0,0,0,0,0,0,0,0,0,0,0,0,0,0,0,0,0,0,0,0,0,0,0,1,0,0,0,0,1,0,0,0,0,0,0,0,0
RTN3,0,0,0,1,0,0,1,0,0,0,1,0,0,0,1,0,0,0,0,0,0,1,0,1,0,0,0,0,0,0,0,0,0,1,1,0,0,0,0,0,0,0,0,0,0,0,1,0,0,0,0,0,3,0,0,0,1,0,0,0,0,0,0,0,0,0,0,1,1,0,1,0,0,3,2,1,1,3,1,1,0,0,0,0,0,0,0,1,1,0,0,0,0,2,0,2,0,0,1,0,0,0,0,0,0,1,0,0,1,0,0,0,0,4,0,0,0,0,1,0,0,0,1,0,0,0,0,0,2,0,0,1,0,0,0,0,0,0,1,0,0,1,0,0,1,0,0,0,0,0,0,0,0,0,0,0,0,1,0,0,0,0,2,0,1,0,0,0,0,3,0,0,0,0,1,0,0,0,0,0,0,0,0,0,0,0,0,2,0,0,0,0,1,1,0,1,0,0,1,0,0,0,0,0,0,0,0,0,0,0,0,0,0,0,0,0,0,0,0,2,0,0,0,0,0,0,0,1,0,0,0,0,1,1,0,2,0,0,0,0,0,0,0,0,0,0,0,0,1,0,0,0,0,1,0,0,0,1,0,1,0,0,0,3,0,0,0,1,0,0,0,0,2,0,0,0,0,0,0,0,0,0,0,0,1,0,0,0,0,0,0,0,0,0,0,0,0,0,1,0,0,0,1,0,1,0,1,1,0,0,0,0,0,0,0,0,1,0,0,0,0,0,0,0,0,0,2,1,0,0,1,1,0,0,0,0,0,0,0,0,2,0,0,1,0,0,0,1,0,2,0,0,0,1,0,0,1,0,0,0,0,0,0,0,1,1,1,1,0,0,0,0,1,0,0,1,0,0,1,2,0,0,0,0,0,0,0,0,0,0,0,3,0,2,0,0,0,0,0,0,0,0,0,0,3,0,0,0,0,0,0,0,4,0,0,0,0,0,0,0,0,0,0,1,1,0,0,0,0,0,0,0,0,0,0,0,0,0,1,2,0,0,0,0,1,0,0,0,0,1,0,0,2,0,2,0,0,0,1,0,0,0,0,0,1,0,0,0,2,0,0,1,0,0,0,1,1,0,0,0,1,1,1,0,0,0,1,0,0,1,2,1,0,0,0,0,0,1,0,0,0,1,0,0,0,0,0,2,0,0,0,0,0,1,0,0,0,0,1,0,0,0,0,0,2,1,0,0,2,0,0,0,0,0,1,2,0,1,0,0,5,0,0,1,0,0,1,0,0,1,0,0,0,0,0,0,0,0,0,0,1,0,0,0,0,1,0,0,1,0,0,0,0,0,0,1,0,0,2,0,0,0,0,2,0,0,0,0,0,0,0,0,0,0,0,0,0,0,1,0,0,2,0,0,0,0,1,0,1,0,0,0,0,0,0,0,0,1,1,0,1,0,0,0,1,0,0,0,0,0,0,1,0,0,0,0,0,0,0,0,0,1,0,0,0,0,0,0,0,0,0,0,0,1,0,2,0,0,0,1,1,0,0,0,0,0,1,1,0,0,0,0,0,0,0,0,0,0,0,0,0,2,1,0,0,0,1,0,0,0,0,0,0,0,0,0,0,0,0,0,0,0,1,1,0,0,0,0,0,1,0,0,0,0,1,0,0,0,0,0,0,0,0,1,1,0,0,0,0,0,0,0,0,0,0,0,0,0,1,0,0,0,0,2,0,0,0,0,0,0,0,0,0,0,0,0,0,0,0,0,0,0,0,0,0,0,1,0,0,0,0,0,0,0,0,1,1,0,0,0,1,0,0,0,1,0,0,0,0,0,0,0,0,0,0,0,1,0,0,0,0,0,0,0,0,0,0,1,0,0,0,0,0,0,0,0,1,0,0,0,1,0,1,0,0,0,0,0,0,0,0,0,0,1,0,0,0,1,0,0,0,1,1,0,0,0,1,0,0,0,0,1,1,0,0,0,0,2,0,0,0,0,0,0,1,0,0,1,0,0,0,1,0,0,0,0,1,0,0,1,0,0,0,0,0,0,0,0,0,0,0,0,0,0,1,1,0,0,0,0,0,0,0,0,0,0,0,0,0,0,0,0,2,0,0,0,1,0,0,0,0,0,0,0,0,1,0,0,0,1,2,0,0,0,0,1,0,0,0,0,0,0,0,0,0,0,0,0,0,0,0,0,0,0,1,0,0,0,0,2,1,0,0,0,0,1,0,0,0,1,0,1,1,0,1,0,1,0,0,1,0,0,0,0,1,0,0,0,0,0,0,0,0,0,0,0,0,0,0,0,0,0,0,0,0,1,0,0,1,0,0,1,0,0,0,0,0,0,0,0,0,0,0,0,0,1,0,2,0,0,2,1,0,0,0,1,0,2,0,0,1,0,0,0,0,0,0,0,0,0,0,3,0,0,0,1,0,0,0,0,0,0,0,0,0,0,0,0,0,0,2,0,0,1,0,0,0,0,0,1,0,0,0,0,0,0,0,0,0,0,1,0,0,0,0,1,0,0,0,0,2,1,0,2,2,0,0,0,0,0,1,0,0,0,0,0,1,0,0,1,0,0,1,1,1,0,0,0,1,0,0,0,1,1,0,0,1,0,0,0,0,1,0,0,0,0,0,0,0,0,0,0,1,0,0,0,0,0,0,0,0,0,0,0,0,0,0,0,0,0,0,0,0,0,0,0,0,0,0,1,0,0,0,0,0,0,0,0,0,0,0,1,0,0,0,0,0,0,0,0,0,0,0,1,0,0,0,0,0,0,0,0,1,0,1,0,1,0,0,0,1,0,0,0,0,0,0,2,0,1,2,0,0,0,0,0,0,0,1,0,0,0,0,0,0,0,0,1,0,0,0,0,1,1,0,1,0,0,0,0,1,0,0,1,0,0,0,0,0,1,0,0,0,0,0,0,0,0,0,0,0,0,0,1,0,4,1,0,0,1,0,1,1,1,0,0,0,0,0,1,0,0,0,3,0,0,0,0,0,0,0,0,0,0,0,0,1,0,0,0,0,3,0,1,0,0,0,0,1,2,0,0,0,0,0,0,2,0,2,0,0,1,0,0,0,0,0,0,0,0,0,0,0,0,1,0,0,1,0,1,0,0,0,2,1,1,0,0,0,0,1,4,0,0,0,0,1,0,0,0,0,0,0,0,1,0,1,0,0,0,3,0,0,0,0,2,0,1,0,1,0,0,0,0,0,0,0,0,0,1,0,0,0,0,1,0,0,2,0,0,0,0,4,0,0,0,0,0,0,0,0,1,0,0,0,1,0,0,0,1,0,0,0,0,0,0,0,0,0,1,0,0,0,0,0,0,0,0,0,0,0,0,1,0,0,0,0,1,0,1,0,0,0,0,2,0,0,1,0,2,0,0,0,0,0,0,0,1,0,0,0,0,0,1,0,0,0,0,0,0,0,0,0,0,1,0,0,0,0,0,0,0,0,0,0,0,0,1,0,0,0,1,1,1,3,0,0,0,0,0,0,3,0,0,0,0
ANXA2R,3,1,1,0,2,0,0,0,1,0,0,1,0,0,0,0,0,0,1,1,1,0,0,0,0,3,0,0,0,0,0,0,0,0,0,1,1,0,0,0,0,0,0,0,2,0,0,0,0,1,0,0,0,0,0,0,1,1,0,1,0,1,1,0,0,1,2,1,0,2,1,0,0,0,1,0,0,0,0,0,2,1,0,0,2,1,0,0,0,0,0,0,0,0,2,0,1,1,0,2,0,0,0,0,1,0,0,0,0,1,0,0,0,1,0,0,0,0,0,0,0,0,0,0,0,1,0,0,0,0,0,0,1,0,1,0,0,0,0,0,0,0,1,0,0,0,0,0,2,0,0,0,1,0,0,1,0,0,0,0,1,1,0,0,1,1,0,0,0,0,0,0,1,0,0,0,0,0,0,0,0,0,0,0,0,1,1,1,0,0,0,0,0,0,0,0,0,0,1,0,0,0,0,0,2,1,0,0,0,0,0,0,2,0,0,0,1,0,1,1,0,0,0,0,2,0,1,0,1,0,0,1,0,0,0,0,0,0,0,0,0,0,0,0,0,1,0,0,0,0,0,0,0,0,0,0,2,0,0,0,0,0,1,0,0,2,0,0,2,0,0,0,0,0,0,1,0,0,0,1,0,0,0,2,0,0,1,0,1,1,1,0,0,0,0,0,0,0,0,0,1,0,1,1,0,0,0,0,2,2,0,0,1,0,2,0,2,0,0,0,0,0,0,0,0,0,0,1,0,1,0,0,0,0,0,0,2,0,0,0,0,0,0,3,0,1,0,0,1,1,0,0,1,1,1,0,0,3,0,0,0,0,0,0,1,0,0,0,0,0,0,0,0,0,0,0,1,0,0,0,0,0,1,1,0,0,0,1,1,0,2,0,1,0,1,0,0,1,0,0,0,0,2,0,0,0,0,0,0,0,3,2,0,1,0,1,0,0,1,0,0,0,3,1,0,0,0,0,0,1,0,1,0,0,1,0,0,0,0,0,2,1,0,0,0,0,0,0,1,1,3,1,0,0,0,0,0,1,0,0,0,1,1,0,2,0,3,0,0,0,0,2,1,0,0,0,0,2,2,0,0,1,0,1,0,1,0,0,0,0,0,0,0,0,0,0,1,0,0,0,0,0,2,1,0,1,0,0,0,1,0,1,0,1,0,1,0,0,0,0,0,0,0,0,0,0,0,0,1,1,0,1,0,0,0,1,1,0,0,0,1,0,1,0,0,0,0,0,0,1,1,0,0,0,0,1,0,0,0,0,1,0,0,2,0,3,0,0,1,0,0,1,0,0,1,0,0,1,0,0,0,0,0,0,0,0,0,0,0,0,0,0,1,0,0,0,0,0,0,2,0,0,0,0,1,0,0,0,1,0,0,0,0,0,0,0,0,0,0,0,0,1,2,0,0,1,0,0,0,0,0,0,1,0,0,0,0,0,0,0,1,0,0,0,0,0,0,1,0,0,0,0,0,0,1,0,0,1,0,0,0,0,1,0,0,0,0,1,0,0,0,2,0,1,0,1,0,0,0,0,0,0,0,1,1,0,0,0,0,0,0,2,0,0,1,0,1,1,0,0,0,0,0,3,1,0,1,1,0,1,0,0,0,0,0,0,0,0,0,0,0,0,1,0,1,0,0,0,0,0,2,0,0,0,0,0,0,0,0,0,0,0,1,0,0,0,0,2,0,0,1,1,0,1,0,1,0,1,0,0,0,0,0,0,0,0,1,0,0,1,0,0,0,0,0,0,0,0,0,0,0,0,0,0,0,0,0,0,1,1,1,0,0,0,0,0,0,0,0,0,0,0,0,0,1,0,1,0,0,0,0,0,0,0,0,0,0,0,0,0,0,0,1,1,0,0,0,0,2,0,1,0,0,0,1,0,0,1,0,1,0,0,0,1,1,0,1,1,0,1,0,0,0,1,0,3,0,0,1,0,1,1,0,0,0,1,0,0,0,0,1,0,0,0,1,1,0,0,0,0,0,1,0,0,0,0,0,0,0,0,1,0,0,0,0,1,1,2,0,0,0,0,0,3,0,0,0,0,0,0,0,0,0,0,0,1,0,0,1,0,0,0,0,0,0,0,0,1,0,0,0,0,0,0,0,1,0,0,0,0,0,0,0,0,0,0,1,0,0,1,0,1,0,0,0,0,1,0,0,0,0,0,0,1,0,0,0,0,0,0,1,0,0,0,0,0,1,1,0,3,0,0,2,0,0,0,0,0,0,0,0,1,1,0,0,1,0,0,0,0,0,0,1,0,1,0,0,0,0,0,0,0,0,1,1,1,0,0,0,0,0,0,1,0,0,1,0,0,0,1,0,1,0,0,0,0,0,1,0,0,0,0,1,1,0,0,1,0,0,1,0,0,0,0,0,0,0,0,1,2,0,1,0,0,0,0,0,0,0,0,0,1,0,0,0,0,0,0,0,0,1,0,1,0,0,0,0,0,0,0,0,0,0,1,0,0,0,0,0,1,0,0,1,0,0,2,0,0,1,0,0,0,0,0,0,0,0,0,0,2,0,0,0,0,0,0,0,1,0,0,0,0,1,0,1,0,0,0,0,0,1,0,0,0,0,0,0,0,0,0,0,0,0,0,0,0,0,0,0,0,1,0,0,0,2,1,0,2,0,1,1,0,1,0,0,0,0,1,0,0,0,0,0,1,1,0,1,2,0,0,0,0,0,1,1,0,0,1,0,0,0,0,0,0,0,0,0,0,0,0,0,0,0,0,0,0,0,0,0,0,0,0,0,0,0,1,0,0,2,0,0,1,1,3,0,0,0,1,0,2,1,0,0,0,0,0,1,2,0,0,0,1,0,0,0,1,0,1,1,0,0,0,0,0,0,0,1,0,0,1,0,0,0,0,0,0,0,0,0,0,1,0,1,0,0,0,0,0,0,0,0,0,0,0,0,0,2,2,0,1,0,0,0,0,0,0,0,0,0,1,0,2,0,0,0,1,0,1,0,0,0,0,0,0,0,1,0,1,0,0,1,1,0,0,0,0,0,0,0,1,0,0,0,0,0,0,1,2,0,0,0,2,0,3,0,0,0,1,0,0,0,0,0,0,0,0,0,2,0,2,0,0,0,0,0,1,0,1,1,0,0,0,0,0,0,1,0,0,0,0,0,1,0,1,2,0,1,0,0,0,0,0,0,0,3,0,0,0,0,0,2,1,0,0,0,4,0,1,0,0,0,0,0,0,2,0,0,0,1,1,0,3,0,0,0,0,2,1,1,1,0,1,0,4,1,1,0,1,0,0,0,0,1,0,0,0,1,1,0,0,0,0,0,0,4,0,0,1,0,0,0,2,1,0,0,1,0,0,0,0,0,1,0,0,0,0,0,0,0,1,0,0,1,0,0,0,0,0,0,0,0,0,0,1,0,1,0,0,0,0,0,1,0,0,0,0,1,0,0,0,0,0,0,2,0,0,0,0,1,0,0,0,1,0,0,0
TSTD1,1,0,0,1,1,0,0,1,0,0,1,2,0,0,0,0,2,1,0,0,0,1,0,0,1,6,0,0,2,1,0,0,1,2,1,0,1,1,1,1,0,1,0,1,1,0,1,0,1,0,1,2,0,2,0,0,0,0,0,1,0,0,0,0,0,1,1,0,0,0,0,1,1,0,0,0,0,0,0,0,1,0,0,0,3,0,0,2,0,0,1,0,0,0,1,0,1,1,0,2,0,1,0,0,1,0,0,0,0,1,0,0,0,1,1,1,0,1,0,0,1,0,0,0,3,0,0,0,0,1,0,0,0,1,0,0,1,0,0,0,1,0,0,0,1,0,0,0,1,3,0,0,1,0,0,1,0,0,0,0,0,0,0,0,1,2,0,0,0,2,1,0,0,0,0,0,1,0,0,0,0,1,1,0,0,0,0,0,1,0,1,0,0,0,2,1,0,0,0,1,0,0,0,0,2,0,0,1,1,1,1,1,1,0,2,0,1,1,1,0,1,1,2,0,1,1,0,0,1,1,1,1,1,1,0,0,0,0,0,1,0,0,0,0,1,0,0,1,0,0,0,0,2,1,0,0,0,0,0,1,2,0,1,0,0,0,1,0,3,1,0,0,0,0,2,1,0,0,0,0,0,0,1,0,0,1,1,0,3,0,0,1,0,1,1,0,0,0,0,1,3,1,1,1,0,0,1,0,0,0,1,1,1,1,0,0,0,0,0,0,0,2,0,0,0,0,0,2,1,0,0,0,1,0,0,0,0,0,1,0,0,0,0,0,2,0,1,0,2,0,0,0,1,0,0,0,0,0,0,0,1,0,0,0,0,1,5,2,1,2,1,0,1,0,0,2,1,1,1,0,0,0,0,0,0,0,0,2,0,2,2,1,0,1,1,0,1,0,0,0,0,0,0,0,0,3,0,1,0,0,2,0,0,1,2,0,0,0,0,2,0,3,1,1,1,1,1,2,1,0,1,0,0,0,0,1,1,0,0,1,3,2,1,0,1,0,0,0,1,0,0,1,0,1,0,0,0,0,0,1,0,2,1,0,1,2,0,0,0,0,0,0,1,0,0,1,0,1,0,0,0,1,0,0,0,0,0,1,0,0,1,0,0,0,0,0,1,0,1,1,0,0,1,0,3,2,2,0,0,1,1,0,1,0,0,1,2,1,0,0,0,0,1,0,0,1,2,0,0,2,1,2,1,1,1,0,0,1,0,4,2,0,1,0,1,0,0,0,3,0,0,0,1,1,0,0,1,0,0,0,0,1,0,0,0,0,0,1,1,0,1,1,3,2,1,0,0,0,0,1,0,0,0,0,0,0,0,1,2,0,1,0,3,0,0,0,1,0,0,3,0,1,0,0,4,0,0,0,0,1,0,0,0,0,1,2,0,1,0,0,1,2,0,0,1,0,0,0,0,2,0,1,1,0,0,1,0,2,0,1,0,1,1,0,2,0,2,1,0,0,0,1,0,0,2,0,1,1,0,0,0,0,1,2,0,0,0,1,0,0,0,2,0,1,1,0,0,0,0,0,0,0,1,3,0,1,0,1,0,2,1,0,0,0,1,1,0,2,2,1,0,0,0,0,1,0,1,0,1,2,1,2,2,3,0,2,1,0,0,0,0,2,0,1,1,0,0,0,0,0,1,2,0,0,0,1,0,1,1,0,1,0,0,0,0,0,1,0,0,0,1,3,0,1,0,0,0,0,0,1,3,0,0,1,0,0,1,0,1,1,1,0,1,0,0,0,0,0,0,0,0,0,0,0,0,1,1,1,1,0,0,0,2,0,0,0,1,2,0,0,1,0,1,2,2,1,0,0,0,0,0,0,0,0,0,0,0,0,0,0,0,1,0,1,1,1,1,0,0,0,0,2,1,0,1,0,1,1,0,2,0,0,3,0,0,2,0,0,0,0,0,0,0,0,0,1,0,0,0,0,0,1,1,0,1,0,1,0,0,0,4,0,0,2,1,1,0,0,1,0,0,0,0,0,0,0,0,0,1,1,1,0,0,0,0,0,1,1,1,0,3,0,0,1,0,1,0,1,1,0,0,0,1,0,0,2,0,2,1,1,1,1,0,0,0,0,0,1,0,1,0,0,1,2,0,0,2,0,0,1,1,1,2,2,1,1,0,0,1,0,0,1,0,1,0,0,4,1,0,0,2,2,0,1,0,0,1,1,2,0,1,1,0,0,0,0,0,1,0,0,0,0,1,0,2,1,0,0,0,2,3,0,0,1,1,1,0,1,1,0,0,1,0,0,0,0,1,2,0,0,0,1,0,0,0,0,0,0,0,0,0,1,0,0,2,0,1,0,1,0,1,5,2,2,1,0,1,0,1,0,0,1,0,0,2,0,0,1,0,1,0,0,2,1,2,1,0,1,0,1,0,1,1,2,0,0,0,0,0,0,0,4,2,0,1,1,2,0,0,0,2,0,1,0,0,2,0,2,0,0,0,2,0,1,0,0,0,2,0,0,0,0,0,0,0,0,0,1,0,0,1,0,1,0,0,0,0,0,1,1,0,0,0,0,0,2,1,3,0,1,0,1,0,1,0,0,1,0,0,1,0,0,0,1,0,0,0,1,1,0,1,1,2,2,1,1,2,0,0,1,4,0,1,0,1,0,1,0,1,1,0,1,1,0,0,1,0,0,0,0,1,2,0,1,0,1,0,1,0,0,0,1,0,1,2,2,1,1,1,0,0,2,1,1,1,1,1,0,0,0,0,0,1,0,0,0,4,0,0,2,1,0,0,0,0,0,0,0,1,2,0,0,0,1,0,0,1,1,0,1,0,2,1,0,1,2,0,1,0,0,0,1,0,0,0,1,0,0,2,1,0,0,0,0,1,2,0,0,0,1,0,0,0,1,0,1,1,0,0,0,0,0,1,0,0,0,0,0,1,0,1,1,1,0,1,1,0,0,0,0,1,0,2,0,1,0,0,4,0,3,1,0,0,1,1,1,0,0,0,1,1,0,0,1,2,0,2,1,0,0,0,1,1,0,0,0,0,1,2,0,0,0,3,0,1,0,1,1,0,0,1,1,1,0,0,1,7,0,0,0,0,0,0,0,0,0,1,3,1,1,0,0,0,2,0,1,0,0,0,0,1,0,1,2,0,1,1,0,0,1,1,0,1,2,2,0,1,1,0,1,0,0,0,0,0,0,0,1,0,2,1,0,3,0,0,0,0,0,1,0,0,0,0,1,0,0,1,1,0,0,2,1,1,0,0,0,0,1,1,0,0,1,0,1,0,0,0,1,1,0,3,0,1,1,0,0,1,0,0,0,0,0,1,0,1,0,0,0,0,2,0,0,3,0,0,0,1,3,0,0,0,0,0,0,0,0,1,0,0,1,0,0,1,0,1,0,0,1,1,0,1,1,0,1,0,2,0,1,1,0,1,0,1,1,0,0,0,0,0,1,0,0,0,0,0,1,0,0,0,0,0,0,1,0,2,0
NA..26,0,0,0,0,0,0,0,0,0,0,0,0,0,0,0,0,1,0,0,0,0,0,0,0,0,0,0,0,0,0,0,0,0,0,0,0,0,0,0,0,1,0,0,0,0,0,0,0,1,0,0,0,0,0,1,0,0,0,0,0,1,0,0,0,0,0,0,0,0,0,0,0,0,0,0,0,2,0,0,0,0,0,0,0,1,0,0,0,1,1,0,0,0,0,0,0,0,0,0,0,0,0,0,0,0,0,1,0,0,0,1,0,0,0,0,0,0,0,0,0,0,0,0,0,0,0,1,0,0,0,0,0,2,0,0,0,0,0,0,0,0,0,0,0,0,0,0,0,0,1,1,0,0,0,0,0,0,0,0,0,0,0,0,0,0,2,0,0,0,0,1,0,0,0,1,0,0,0,0,0,0,0,0,0,0,0,0,0,0,0,0,0,1,0,0,1,0,0,0,0,0,0,0,0,0,0,0,0,0,0,0,0,0,0,0,0,0,0,0,0,0,0,0,0,0,0,0,0,0,0,0,0,0,0,0,0,0,0,0,0,0,0,1,0,0,1,0,0,0,0,0,0,0,0,0,1,1,0,0,0,0,0,1,0,0,0,0,1,0,0,0,1,0,0,0,0,0,0,1,0,0,0,0,0,0,0,0,0,0,0,0,0,0,0,0,0,0,0,0,0,0,0,0,0,0,0,0,0,0,0,0,1,0,1,0,0,0,3,0,0,0,0,1,0,0,0,0,0,0,0,0,0,0,0,0,0,0,0,0,0,0,0,0,0,0,0,0,0,0,0,0,0,2,0,0,0,0,0,0,0,0,0,0,0,0,0,0,0,0,0,0,0,0,0,0,0,0,0,0,0,0,1,0,0,0,0,1,0,0,0,0,0,1,0,0,0,0,0,0,0,0,0,0,0,0,0,0,0,0,0,0,0,0,0,0,0,0,0,0,0,0,0,1,0,0,0,0,1,1,0,0,0,0,1,0,0,0,0,0,0,1,0,0,0,0,0,0,0,0,0,1,0,0,0,0,0,1,0,0,1,0,0,1,0,0,0,0,0,0,0,0,0,0,0,0,0,0,0,1,0,0,1,0,0,0,0,0,0,0,0,0,1,0,1,0,0,0,0,1,0,0,0,1,0,1,0,1,0,0,0,0,0,0,0,0,0,0,0,0,0,0,0,0,0,0,0,0,0,0,0,0,0,0,0,1,0,0,0,0,0,0,0,1,0,0,0,0,0,0,0,0,0,0,2,0,0,0,0,0,0,0,0,0,0,1,0,0,1,0,1,1,0,0,0,0,0,0,0,0,0,2,0,0,0,0,0,0,0,1,0,0,0,0,0,0,0,0,0,0,0,1,2,0,0,0,0,0,0,0,0,0,0,0,0,0,0,0,1,0,0,0,0,0,0,0,0,1,0,0,0,0,0,0,0,0,1,0,0,1,0,0,0,0,0,0,0,0,1,0,0,1,0,0,0,0,0,0,0,0,0,0,0,0,0,0,0,0,0,0,0,0,0,0,0,0,0,0,0,0,0,0,0,1,0,0,0,0,1,0,0,1,0,0,0,0,0,0,0,0,0,1,0,0,2,0,0,0,0,0,0,0,0,0,1,0,0,0,0,0,0,0,0,0,0,0,0,0,0,0,0,0,1,0,0,0,0,0,0,0,0,0,1,0,0,0,0,0,0,0,0,0,0,0,0,0,0,0,0,0,0,0,0,0,1,0,1,0,0,0,0,0,0,0,1,0,0,1,0,0,0,0,0,0,1,0,0,1,0,0,0,0,0,0,0,0,0,0,0,0,0,0,0,0,0,1,0,1,1,0,0,0,0,0,0,0,0,0,0,0,0,0,0,0,0,0,3,0,0,0,0,0,0,0,0,0,0,0,0,0,0,0,0,0,0,0,0,0,1,0,0,0,0,0,0,0,0,0,0,0,0,1,0,0,0,0,0,0,0,0,0,0,0,0,0,0,0,0,0,0,0,0,0,0,1,0,0,1,0,0,0,0,0,0,0,0,0,0,0,0,0,0,0,0,0,0,0,0,0,0,0,0,0,0,0,0,0,0,0,0,0,0,0,1,0,0,0,0,0,0,0,0,0,1,0,0,0,1,1,0,0,0,0,0,0,0,1,0,0,0,0,0,0,0,0,0,0,0,0,0,0,0,1,0,0,0,0,0,1,0,0,0,0,1,0,0,1,0,0,0,0,0,1,0,0,0,0,1,1,0,0,0,0,0,0,0,0,0,0,0,0,0,0,0,1,0,0,1,0,0,0,0,0,0,0,0,1,0,0,0,0,0,0,0,0,0,0,1,0,0,1,0,0,0,1,0,0,0,0,0,0,0,0,0,0,0,0,0,0,0,1,0,0,0,0,0,0,0,0,0,0,0,0,0,0,0,0,0,0,0,0,0,0,0,0,1,0,0,0,0,0,0,0,1,0,0,0,0,1,0,0,0,0,0,0,0,0,0,0,0,0,0,1,1,0,0,0,0,0,0,1,0,0,0,0,0,0,0,0,0,0,0,0,0,0,0,0,0,0,0,0,0,0,0,0,0,1,0,0,0,0,0,0,0,0,1,0,0,0,0,0,0,1,0,0,0,0,0,0,1,0,0,0,0,0,0,1,0,0,0,0,0,0,0,0,1,0,0,0,0,0,0,0,0,1,0,0,0,1,0,0,0,1,0,0,0,0,0,0,0,0,0,1,0,0,0,0,0,0,0,0,0,0,0,0,0,0,0,0,0,0,1,0,0,0,0,0,0,0,0,0,0,0,0,0,0,0,0,0,0,0,1,0,0,0,0,0,0,0,1,2,0,0,0,0,0,0,1,0,0,1,0,0,0,1,0,1,0,0,0,0,0,1,0,0,0,0,0,0,0,0,0,0,0,2,0,0,1,0,0,0,0,0,0,1,0,0,0,0,0,0,0,0,1,0,0,0,0,0,0,0,0,0,0,0,3,0,0,0,0,0,0,0,0,0,0,0,0,0,0,0,0,1,0,0,0,1,0,0,1,0,0,1,1,0,0,0,0,0,0,0,1,0,0,0,0,0,0,0,0,0,0,0,0,0,0,0,0,1,0,1,0,0,0,0,0,0,1,0,0,0,0,0,1,0,0,1,0,0,0,0,0,0,0,1,0,0,1,0,0,0,0,0,0,0,0,0,0,0,0,0,0,0,1,0,0,0,0,0,0,0,0,0,0,0,0,0,0,0,2,0,1,0,0,0,1,0,0,0,1,0,1,0,0,0,0,0,1,0,1,0,1,0,0,0,0,0,0,0,0,0,0,1,0,0,0,0,0,0,0,0,0,0,0,0,0,0,0,0,0,0,0,0,1,0,0,0,0,0,0,0,0,0,0,0,0,0,0,0,0,0,0,0,0,0,0,0,0,0,0,0,0,0,0,0,0,0,1,0,1,0,0,0,0,0,0,0,0,0,0,0,0,0,0,0,1,0
NA..27,0,0,0,0,0,0,1,0,1,0,0,0,0,0,0,0,0,0,1,0,0,0,0,0,0,0,0,0,0,1,0,0,1,0,0,0,0,0,0,1,0,0,0,0,0,0,0,0,0,0,0,0,0,0,1,0,0,0,0,0,0,0,0,0,0,0,2,0,0,1,0,1,1,0,0,0,0,0,0,0,0,0,0,0,0,3,0,0,1,1,0,0,0,0,0,0,0,0,2,0,1,0,0,0,0,0,0,0,0,0,0,0,0,1,1,0,0,1,0,0,0,0,0,0,0,0,0,0,0,0,0,0,0,0,0,0,0,0,0,0,0,0,0,0,1,0,1,0,1,0,0,0,0,0,0,1,0,0,0,0,0,0,0,0,0,0,0,0,0,1,0,0,0,0,0,0,1,0,0,0,0,0,1,0,0,0,0,0,0,0,0,0,0,0,0,0,0,0,0,1,0,0,0,1,0,0,0,0,0,0,0,0,0,0,0,0,0,0,0,0,0,0,0,0,1,1,0,0,1,0,0,0,1,0,0,0,0,0,1,0,0,1,0,0,0,0,0,0,0,0,0,0,1,0,0,0,1,0,0,0,0,0,1,0,0,0,0,0,1,0,0,1,0,0,0,0,0,0,0,0,0,0,0,0,1,0,0,0,0,0,0,0,0,1,0,0,1,0,0,0,2,1,0,3,0,0,1,0,0,1,0,0,0,0,0,0,1,0,0,0,0,0,0,1,0,0,1,0,0,0,1,0,0,0,0,1,1,0,0,0,0,0,0,0,0,0,0,0,0,0,0,0,0,1,0,0,0,0,0,0,0,0,0,0,0,1,0,0,0,0,0,0,0,0,0,0,0,2,0,0,0,0,2,0,0,0,0,0,0,1,0,0,0,0,0,0,0,0,0,0,1,1,0,0,0,1,0,0,0,0,0,0,0,0,0,1,1,0,0,0,0,1,0,0,0,1,0,0,0,0,0,0,0,1,0,0,0,0,0,0,0,0,1,0,0,0,0,0,0,0,0,0,0,0,0,0,0,0,0,0,1,1,1,0,2,0,0,2,0,0,0,0,0,0,0,0,0,0,0,1,0,0,0,1,0,0,0,0,1,0,1,0,0,0,0,0,0,0,0,0,0,0,0,0,1,0,0,0,1,0,0,0,0,0,0,1,1,1,0,0,0,0,1,0,0,0,0,0,0,2,1,0,0,0,2,0,1,0,0,1,0,0,0,2,0,1,0,0,0,0,0,2,0,0,0,1,0,0,0,2,0,0,0,0,0,1,2,0,2,0,0,0,0,0,0,0,0,0,0,0,0,0,0,0,0,1,0,0,0,0,1,0,1,1,1,0,0,0,0,0,1,1,0,1,1,1,0,0,0,0,0,0,1,0,0,0,0,0,0,0,0,1,0,0,0,0,1,1,0,2,1,0,0,0,0,0,0,1,0,0,0,0,0,0,0,0,2,0,0,0,0,1,0,0,0,0,0,1,0,0,0,0,0,0,0,0,0,0,0,0,0,0,0,0,2,1,0,0,3,1,0,0,0,0,0,0,0,0,0,0,0,0,0,0,1,0,0,0,0,0,0,0,0,0,0,0,0,0,0,0,0,0,0,2,0,2,0,1,0,0,0,0,1,1,0,0,0,0,0,0,0,0,0,0,0,0,0,0,0,0,0,2,1,1,0,0,0,1,0,0,0,2,0,0,0,0,0,0,0,0,0,0,0,0,1,0,0,0,0,0,0,0,1,0,0,0,0,0,0,0,0,0,0,0,0,0,0,0,0,0,0,0,0,0,0,0,1,0,0,0,0,0,0,0,0,1,0,0,0,0,0,0,1,0,0,1,0,0,0,0,0,0,1,0,0,0,1,0,0,0,0,0,0,0,4,0,1,3,0,0,0,0,0,0,0,0,0,3,0,0,0,0,0,0,0,0,0,0,1,0,0,0,0,1,0,0,0,0,0,0,0,0,0,0,1,0,0,0,0,0,0,0,0,0,0,0,0,0,0,0,0,0,0,0,0,0,0,0,0,0,0,0,0,1,0,0,0,0,1,0,0,0,0,0,0,0,0,0,0,0,0,1,0,0,0,0,0,1,0,0,0,0,1,0,0,0,1,1,0,0,1,0,1,0,0,0,1,0,0,1,0,1,0,1,0,0,0,1,0,0,0,0,0,0,0,0,0,0,0,0,2,0,1,0,0,0,0,0,0,1,0,0,0,0,0,0,0,0,0,0,0,1,0,1,0,0,0,0,0,0,0,0,0,0,0,0,1,1,0,0,0,0,1,1,0,0,0,0,0,0,0,0,0,0,1,0,0,0,0,0,0,0,0,1,0,0,1,0,0,0,1,0,1,0,0,0,1,2,1,1,1,0,2,0,0,0,0,1,0,0,0,0,0,2,0,1,0,0,0,0,0,1,0,0,0,0,1,0,1,0,0,1,0,1,0,0,0,0,0,0,0,0,0,1,1,0,0,0,0,0,1,0,0,0,0,0,0,1,0,0,0,0,0,2,0,0,0,0,0,0,0,0,0,0,0,1,0,0,0,0,0,0,1,0,0,1,0,0,0,0,0,0,0,0,0,0,0,0,0,0,0,0,0,0,0,0,0,0,0,0,1,0,0,0,0,0,0,0,0,0,0,0,4,0,0,0,0,0,0,0,0,0,0,1,0,0,0,0,0,0,0,0,0,0,0,2,1,0,1,0,0,2,0,0,0,0,0,0,1,0,0,0,0,0,0,0,0,0,1,0,0,1,1,0,0,0,0,0,0,0,0,1,0,0,0,0,0,0,2,0,0,0,0,0,0,1,0,0,0,1,0,0,0,0,0,0,0,0,0,1,1,1,0,0,1,0,0,0,1,0,1,0,0,1,0,0,0,0,0,0,1,0,0,0,0,0,1,1,1,0,0,0,1,0,0,0,0,0,2,0,1,0,0,0,0,0,0,0,1,0,0,0,3,0,0,0,1,0,0,0,0,0,1,1,0,1,1,0,0,0,0,0,0,0,1,0,2,0,0,0,0,0,0,0,0,0,0,1,0,0,1,1,0,0,0,0,0,0,0,1,1,1,0,0,0,0,0,0,0,0,2,0,0,2,2,0,0,0,0,0,0,0,0,0,0,0,0,1,0,0,0,0,1,0,1,0,1,1,0,1,0,0,0,0,0,0,0,0,0,0,0,0,1,0,0,0,0,0,0,0,0,0,0,0,0,0,0,0,0,0,1,0,0,0,0,0,0,0,0,0,0,0,0,0,0,1,1,1,0,0,1,0,1,1,0,0,0,0,0,0,1,1,0,0,0,0,0,0,1,0,0,1,0,0,1,0,0,0,0,0,2,0,0,0,1,0,0,0,0,0,0,2,0,0,0,0,0,0,0,0,0,1,1,1,0,1,0,0,0,0,0,0,0,0,1,0,0,0,0,1,1,0,0,0,0,0,0,0,1,0,0,1,0,0,2,0
SKAP2,0,1,1,0,0,1,0,0,0,0,2,0,1,0,0,1,0,0,1,0,0,0,0,1,0,0,0,0,0,1,0,0,1,1,0,1,0,0,0,0,0,0,0,0,0,0,1,1,0,0,0,0,3,0,1,1,1,0,0,1,2,0,0,0,0,0,0,1,1,0,0,0,0,0,0,1,0,0,0,4,0,0,1,0,0,0,0,0,0,0,0,0,0,2,0,1,0,0,0,4,0,0,0,0,1,1,0,0,0,0,2,0,0,0,0,0,0,0,2,0,0,0,0,0,0,0,0,0,0,0,0,0,0,1,0,0,1,1,0,0,0,0,0,0,0,0,1,1,0,0,0,0,0,0,1,0,0,0,0,1,0,0,3,1,0,1,1,0,0,2,0,0,0,0,1,0,0,1,0,0,0,0,1,0,0,0,0,0,1,1,0,0,1,0,0,0,0,0,1,1,0,0,0,1,0,0,0,1,0,0,0,0,0,0,0,0,0,0,3,1,0,0,0,0,0,0,0,0,0,0,0,0,3,0,0,0,0,0,0,0,1,0,0,0,0,0,0,0,1,2,0,1,1,1,1,0,0,0,0,0,0,1,0,1,0,0,0,0,0,0,0,1,0,2,0,0,0,1,0,0,0,1,0,0,0,0,0,1,0,0,0,0,0,0,0,0,0,0,3,0,0,0,0,0,2,0,0,0,0,0,0,0,0,0,0,0,0,1,0,0,0,0,2,0,0,0,0,0,1,0,0,4,0,0,0,0,0,0,0,0,0,1,0,0,0,0,0,0,0,0,0,0,0,0,0,0,0,1,0,0,2,0,0,0,0,0,3,0,0,0,0,1,0,1,0,0,0,0,0,1,0,0,0,0,0,1,0,3,0,0,0,3,0,1,0,0,0,0,0,2,0,0,0,0,1,0,0,0,0,1,0,0,0,0,0,0,0,1,0,0,0,0,0,0,0,0,0,0,0,0,0,0,0,0,1,0,2,0,0,2,0,0,0,0,1,2,0,0,0,0,0,0,0,0,1,0,0,0,0,0,0,0,0,0,1,2,1,0,0,0,1,0,0,0,0,0,0,1,0,0,0,0,0,0,0,0,0,0,0,0,0,0,0,0,0,1,0,0,0,1,0,0,0,0,0,0,0,1,2,0,0,0,0,0,0,1,0,0,1,0,0,0,0,0,0,0,0,0,0,0,2,0,1,0,3,0,1,0,0,0,1,0,0,2,0,0,0,0,1,0,0,1,0,1,0,1,0,1,0,0,0,0,0,0,0,0,0,0,0,1,0,1,0,0,0,0,0,0,1,0,1,0,0,0,0,0,1,0,0,0,0,1,2,2,0,0,0,0,0,0,0,2,0,0,0,0,1,0,0,0,0,0,0,0,0,0,0,0,1,1,0,0,0,0,0,1,0,1,0,0,1,0,1,0,0,1,0,0,0,0,0,0,0,0,0,0,0,0,0,0,0,0,0,0,1,0,0,0,0,1,1,0,0,0,0,0,1,0,0,0,0,0,0,1,0,0,0,0,0,0,0,1,0,0,1,0,0,0,0,0,0,0,0,0,0,0,0,0,0,0,0,0,1,1,0,0,0,0,0,0,0,0,0,0,0,0,0,0,0,0,1,0,0,0,0,0,1,0,0,0,0,0,1,0,2,0,0,0,0,0,0,0,0,0,0,1,0,0,1,0,0,0,0,0,0,0,0,0,0,0,0,1,1,0,0,0,0,0,0,0,0,0,0,0,0,0,1,0,0,0,1,0,0,0,0,2,0,0,0,0,1,0,0,0,3,1,1,0,0,0,0,0,0,0,0,0,0,0,0,0,0,2,0,0,0,1,0,0,0,0,0,0,0,0,0,0,0,0,0,0,0,0,1,0,0,0,0,0,0,0,0,0,0,0,0,0,0,0,1,0,0,0,0,0,0,0,1,1,0,0,0,0,0,0,0,0,0,0,0,0,0,0,2,0,0,0,0,0,0,0,0,0,1,0,0,0,0,0,0,0,0,0,0,0,0,1,1,0,0,0,0,0,0,0,0,0,0,0,0,1,2,0,0,0,0,0,0,0,0,0,0,0,0,0,0,1,0,1,0,0,1,0,0,0,0,0,0,1,0,0,0,0,0,0,0,0,0,0,0,0,0,0,1,0,0,0,0,0,0,0,0,0,0,1,0,0,0,0,1,0,0,0,0,0,0,0,0,0,1,0,0,0,0,2,0,0,0,0,0,0,0,0,0,0,0,0,0,0,0,0,0,0,0,0,0,0,0,0,0,0,0,0,0,0,0,0,0,0,1,0,0,0,0,1,0,0,0,0,0,0,3,1,0,0,0,1,0,0,1,1,0,0,0,0,0,0,0,0,0,0,0,0,0,0,0,0,1,0,0,0,0,0,1,1,0,1,1,0,0,1,0,0,0,0,0,2,0,0,0,1,1,0,0,0,0,1,1,0,0,0,0,0,0,1,0,0,0,0,0,0,0,0,0,0,0,0,1,0,0,0,0,0,4,0,0,0,1,0,0,1,0,1,0,0,0,0,1,0,1,0,0,0,1,0,1,0,0,0,0,0,0,0,0,0,0,0,0,0,0,0,0,0,0,1,1,0,0,0,0,0,0,0,0,0,0,0,0,0,0,0,0,1,0,0,4,0,0,0,0,0,0,0,0,0,0,0,0,0,0,2,0,0,0,0,0,0,2,0,0,0,0,0,0,0,0,0,0,2,0,1,3,0,0,2,0,0,2,0,0,0,0,1,0,0,0,0,0,1,0,0,0,1,0,0,0,1,0,0,0,0,0,0,0,0,0,1,0,1,0,2,1,0,1,1,0,0,2,0,0,0,0,0,0,0,0,0,0,0,0,0,0,0,0,0,0,0,0,0,0,0,1,0,1,0,0,0,0,0,0,4,0,0,0,0,0,0,0,0,0,0,0,0,0,0,1,0,0,0,0,0,0,0,0,0,0,0,0,0,0,2,0,0,0,0,0,0,0,0,0,3,0,0,0,0,0,0,0,0,0,0,2,0,0,0,0,0,0,0,1,0,0,0,0,0,0,0,0,0,0,0,0,0,0,2,0,1,0,1,0,0,1,1,0,0,0,0,0,0,0,1,0,0,0,0,0,0,1,0,0,0,3,0,0,0,0,0,0,1,0,0,0,2,0,0,0,1,0,0,0,0,0,0,0,0,0,0,0,1,0,0,1,0,1,1,0,0,0,0,0,0,0,0,0,0,0,0,0,1,0,0,0,0,0,0,2,0,0,0,0,0,0,0,0,0,0,1,0,0,0,0,0,0,1,0,0,0,2,1,0,0,0,0,0,0,1,0,0,0,0,1,0,0,0,0,0,1,0,0,1,0,0,0,0,0,0,0,0,0,1,1,1,0,0,0,0,0,0,0,0,0,0,0,0,0,0,0,0,0,0,0,0,0,0,0,0,0,0,1,0,0,0,1,1,0,0,0
PKIG,0,0,0,0,0,0,0,0,0,0,0,0,0,0,0,0,0,0,0,0,0,0,0,0,0,0,0,0,0,0,0,0,0,0,0,0,0,0,0,0,0,0,0,0,0,0,0,0,0,0,0,0,0,0,0,0,0,0,0,0,0,0,0,0,0,0,0,1,0,0,0,0,0,0,0,0,0,0,0,0,0,0,0,0,0,0,0,1,0,0,0,0,0,0,0,0,0,0,0,0,0,0,0,0,0,0,0,0,0,0,0,0,0,0,0,0,0,0,0,0,0,0,0,0,0,0,0,0,0,0,0,0,0,0,0,0,0,0,0,0,0,0,0,1,0,0,0,0,0,0,0,0,0,0,0,1,0,0,0,0,0,0,0,0,0,0,0,0,0,1,0,0,0,0,0,0,0,0,0,0,0,0,0,0,0,0,0,0,0,0,0,0,0,0,0,2,0,0,1,0,0,0,0,0,0,0,0,0,0,0,0,0,0,0,0,0,0,0,0,0,0,1,0,1,0,0,0,0,0,0,0,0,0,0,0,0,0,0,0,0,0,0,2,0,0,1,0,0,0,0,0,0,1,0,0,0,0,0,0,0,0,0,0,0,0,0,0,0,0,0,0,0,0,0,0,0,1,0,0,0,0,0,0,0,0,0,0,0,0,0,0,0,0,0,0,0,0,0,0,0,0,0,0,0,0,0,0,0,0,0,0,0,0,0,0,0,0,0,0,0,0,0,0,0,0,0,0,0,1,0,0,0,0,0,0,0,0,0,0,0,0,0,0,0,1,0,0,0,0,0,0,0,0,0,0,0,1,0,0,0,0,0,0,0,0,0,0,0,0,0,0,0,0,0,0,0,0,0,0,0,0,0,0,0,0,0,0,3,0,0,0,0,0,0,0,0,1,0,0,0,0,0,0,0,0,0,0,0,0,0,0,0,0,0,0,0,0,0,0,0,0,0,0,0,0,0,0,0,0,0,1,0,0,0,0,1,0,0,0,0,0,0,0,0,0,0,0,0,0,0,0,0,0,0,0,0,0,0,0,0,0,0,0,0,0,1,0,0,0,0,0,0,0,0,0,0,0,0,0,0,0,0,0,0,0,0,0,0,0,0,0,0,0,0,0,0,0,0,0,0,0,0,0,0,0,0,0,0,0,0,0,0,1,0,0,0,0,0,0,0,0,0,0,0,0,0,0,0,0,0,0,3,0,0,0,0,0,0,0,0,0,0,0,0,0,0,0,0,0,0,0,0,0,0,0,0,0,0,0,1,1,0,0,0,0,0,0,0,0,0,0,0,0,0,0,0,0,0,0,0,1,0,0,0,0,0,1,0,2,0,0,1,0,0,0,0,0,1,1,0,0,0,0,0,0,0,0,0,0,0,0,0,0,0,0,0,0,0,0,0,0,0,0,0,0,0,0,0,0,0,0,0,0,0,0,0,0,0,0,0,0,0,0,0,0,0,0,0,0,0,0,0,0,0,2,0,0,0,0,0,0,2,0,0,0,0,0,0,0,0,0,0,0,0,0,0,0,0,0,0,0,0,0,0,0,0,0,0,0,0,0,0,0,0,0,0,0,0,0,0,0,0,0,0,0,0,0,0,0,0,0,0,0,0,0,0,0,0,0,0,0,0,0,0,0,0,0,1,0,0,0,0,0,0,0,0,0,0,0,1,0,0,0,0,1,0,0,0,0,0,0,0,0,0,0,0,0,1,0,0,0,0,0,0,0,0,0,0,0,0,0,0,0,0,0,0,0,0,0,0,0,0,0,0,0,0,0,0,0,0,0,0,0,0,0,0,0,0,0,0,0,0,0,0,0,0,0,0,1,0,0,0,0,0,0,0,0,0,0,0,0,0,0,0,1,0,0,1,1,0,0,0,0,1,0,0,0,1,0,3,0,0,0,0,0,2,0,0,0,0,0,0,0,0,0,0,0,0,0,0,0,0,0,0,0,0,0,0,0,0,0,0,0,0,0,0,0,0,0,0,0,0,0,0,0,0,0,0,1,0,0,0,0,0,0,0,1,0,0,0,2,0,0,0,0,0,0,0,0,0,0,0,0,0,0,0,3,0,0,0,0,0,0,0,0,0,0,0,0,0,0,1,0,1,1,0,0,0,0,0,1,0,0,0,0,0,0,0,0,0,0,0,0,0,0,0,0,0,0,0,0,0,0,0,0,0,0,0,1,0,0,0,0,0,0,0,0,0,0,0,0,0,0,0,0,0,0,0,0,0,1,0,0,0,0,0,0,0,0,0,0,0,0,0,0,0,0,0,0,0,0,0,0,0,0,0,0,1,0,0,0,0,0,0,0,0,0,0,0,0,0,0,0,0,0,0,0,0,0,0,0,0,0,0,0,0,0,0,0,0,0,0,0,0,0,1,0,0,0,0,0,0,0,0,0,0,0,0,0,0,0,0,0,0,0,0,0,0,0,0,0,0,0,0,0,0,0,0,2,1,0,0,0,0,0,0,0,0,0,0,0,0,0,0,0,0,0,0,0,0,0,0,0,0,0,0,0,0,0,0,0,0,0,0,0,0,0,0,0,0,0,0,0,0,0,0,0,0,0,0,0,0,0,0,0,0,0,0,0,0,0,0,0,0,1,0,0,0,0,0,0,0,0,0,0,0,0,0,0,0,3,0,0,0,0,0,0,0,1,0,0,0,0,0,0,0,0,0,0,0,0,0,0,0,0,0,0,0,0,0,0,0,0,0,0,0,1,0,0,0,1,0,0,0,0,0,0,0,0,0,0,0,0,0,0,3,0,0,0,0,0,0,0,0,0,1,0,0,0,0,0,0,0,0,0,1,0,0,1,0,0,0,0,0,0,0,0,0,0,0,0,0,0,0,0,2,0,0,0,0,0,0,0,0,0,0,0,0,0,0,0,0,1,0,0,0,0,0,1,0,0,0,0,0,0,0,0,0,0,0,0,0,0,0,0,0,0,0,0,0,1,0,0,0,0,0,0,0,0,0,0,0,0,0,1,0,0,0,0,0,0,0,0,0,0,0,0,0,0,0,0,1,0,0,0,0,0,0,0,0,0,0,0,0,0,0,0,0,0,0,0,0,0,0,0,0,0,0,0,0,0,0,0,0,0,0,0,0,0,0,0,0,0,0,3,0,0,0,0,0,0,0,0,0,0,0,0,0,0,0,0,0,0,0,1,0,0,0,0,0,0,0,0,0,0,0,0,0,0,0,0,0,0,0,0,0,0,0,0,0,0,0,0,0,0,0,0,0,0,0,0,0,0,0,0,0,0,0,0,0,0,0,0,0,0,0,0,1,0,0,0,0,0,0,0,0,0,0,0,0,0,0,0,0,0,0,0,0,0,0,0,0,0,0,0,0,0,0,0,0,0,0,0,0,0,0,0,1,0,0,0,0,0,0,0,0,0,0,0,0,0,0,0,0,0,0,0,2,0,0,0,0,0,0,0,0,0,0,0,0,0,0,0,0,0,0
IRS2,0,0,0,0,0,0,1,1,0,1,3,0,0,0,0,1,1,0,0,0,0,0,0,1,1,0,0,0,0,0,3,0,0,2,0,0,0,0,0,0,0,0,0,0,0,0,1,0,0,0,0,1,1,0,0,1,1,0,0,0,0,0,0,0,0,0,0,0,0,0,0,1,0,1,0,0,0,1,0,2,0,0,0,0,0,0,0,1,0,0,0,0,0,1,0,0,0,0,0,0,0,0,0,0,0,0,0,0,1,1,0,0,0,0,0,0,0,0,0,0,0,0,0,0,0,0,0,0,0,0,0,0,0,0,0,0,0,0,0,0,0,0,0,0,0,0,1,0,0,0,0,0,0,0,0,0,0,1,0,0,0,0,0,0,1,1,0,0,0,0,0,0,0,0,1,0,0,0,0,1,0,1,0,0,0,0,0,0,0,0,0,0,0,0,0,0,0,1,0,0,0,0,0,0,0,0,0,0,0,0,0,0,0,0,0,0,0,0,0,0,0,0,0,1,0,0,0,1,0,0,0,0,0,0,0,0,0,0,0,0,0,0,0,0,0,0,0,0,0,0,0,4,0,0,0,1,0,0,0,0,0,0,0,0,0,0,0,0,0,0,0,0,1,1,0,0,0,0,0,0,1,0,1,0,0,0,0,0,0,0,0,1,1,0,0,0,0,0,0,0,0,0,0,0,0,0,0,0,0,0,0,0,0,0,0,0,1,0,0,0,0,0,0,0,0,0,0,1,0,0,0,2,0,0,0,0,0,0,0,1,1,2,0,0,0,0,0,0,0,1,0,0,0,0,0,0,0,0,0,1,0,0,0,0,0,0,0,1,0,1,0,0,0,0,0,0,0,0,0,0,0,0,0,0,0,0,1,0,0,0,0,1,1,0,0,1,1,0,0,0,1,0,0,0,0,0,0,0,0,0,0,0,1,0,1,0,0,0,0,0,1,0,0,1,0,0,0,0,0,0,1,0,0,0,0,0,0,0,0,0,0,0,0,0,0,0,1,0,0,0,0,0,0,0,0,0,0,0,1,0,0,0,0,0,0,0,0,0,0,0,4,1,0,0,0,0,1,0,0,0,1,0,0,0,0,0,0,1,0,0,1,1,0,0,0,0,0,0,0,0,1,0,0,0,0,0,1,0,0,0,0,0,0,0,1,0,0,0,0,0,0,0,0,0,0,0,0,0,1,0,0,0,0,0,0,1,0,0,0,0,0,0,1,1,0,0,0,0,0,0,0,0,1,0,0,0,0,0,0,0,0,0,0,0,2,0,0,0,0,0,0,0,0,0,2,1,0,0,0,0,0,0,0,0,0,0,0,0,0,0,0,0,1,1,0,0,0,0,0,0,0,0,0,0,2,0,0,0,0,0,0,0,0,0,0,0,0,0,0,0,0,0,0,0,0,0,0,0,0,0,0,0,0,2,0,0,0,0,0,0,1,1,0,0,0,0,1,0,0,0,0,0,0,0,1,1,0,0,0,0,2,1,0,0,0,0,0,0,0,0,0,0,0,0,2,0,1,0,0,0,0,0,0,0,1,1,0,0,1,1,0,0,0,0,0,0,0,0,0,2,0,0,0,0,0,0,0,1,0,0,0,0,0,0,0,0,0,0,0,1,0,0,0,0,0,0,0,0,0,0,0,1,0,0,0,0,0,0,0,0,0,0,0,1,0,0,0,0,0,0,0,0,0,0,0,0,0,0,0,0,0,1,0,0,0,1,0,0,0,0,0,0,0,0,0,0,1,0,0,0,0,0,0,0,0,0,0,0,0,0,0,0,0,0,0,0,0,0,2,0,2,0,0,0,0,0,0,1,0,0,0,1,0,0,0,0,1,0,0,0,0,0,0,0,0,0,0,0,0,0,0,0,1,0,0,0,0,0,1,0,1,2,0,0,0,0,0,1,0,0,0,0,1,0,1,0,1,0,0,0,0,0,0,0,0,0,0,0,0,1,0,0,0,0,0,0,0,0,1,0,0,0,0,0,0,0,0,0,0,0,0,1,2,0,0,1,0,0,0,0,0,0,0,0,0,0,0,1,0,1,0,0,0,0,0,0,0,0,0,0,0,0,0,1,0,0,0,0,0,3,0,0,0,0,0,0,0,0,0,0,0,0,0,0,0,0,0,0,0,0,1,0,0,0,0,0,0,0,0,0,0,0,1,0,0,0,0,0,0,0,1,0,0,0,0,0,0,0,0,0,0,1,0,0,0,0,0,0,0,0,0,0,0,0,0,0,0,0,0,0,0,0,0,0,0,0,0,0,0,0,0,0,1,1,0,0,0,0,0,1,0,0,0,0,0,0,0,0,0,1,0,0,0,0,0,0,0,1,1,0,0,0,0,0,0,0,0,0,0,0,0,1,0,1,0,1,0,0,0,0,0,0,1,0,0,0,0,1,0,0,0,2,0,0,0,0,0,0,1,2,0,0,0,1,1,0,0,0,0,0,1,0,0,0,1,0,0,0,0,0,0,0,0,0,0,0,0,0,0,0,0,0,0,0,0,0,0,0,0,0,1,0,0,0,0,0,0,0,0,0,0,1,1,0,0,0,0,0,1,0,0,0,0,0,0,1,0,0,0,0,0,0,0,0,0,0,0,1,2,1,2,0,0,0,0,0,0,0,0,0,0,0,0,0,0,0,2,0,0,0,0,0,1,0,0,0,0,0,0,0,0,0,0,0,0,0,0,0,0,0,0,0,1,0,0,1,0,1,0,0,0,0,0,1,0,0,1,0,0,0,0,0,0,0,0,0,0,0,0,0,0,0,0,0,0,0,0,1,0,0,0,0,0,0,2,0,1,2,0,0,0,1,0,0,0,0,0,0,1,0,0,0,0,0,0,0,0,2,0,0,0,0,0,0,0,0,0,0,0,0,0,0,0,0,0,1,0,0,0,2,0,0,0,0,0,0,0,0,0,0,0,0,0,0,0,0,1,0,0,0,0,0,0,0,0,0,0,0,0,2,1,1,0,0,0,0,0,0,0,0,0,0,0,0,0,0,0,0,0,0,0,0,1,0,0,0,0,0,0,0,0,0,0,0,0,0,0,0,2,0,0,0,0,0,0,0,0,0,0,1,0,1,0,0,0,0,2,0,0,0,0,0,0,0,0,0,1,0,1,0,1,0,0,0,0,0,0,0,0,0,0,0,1,0,0,0,0,1,0,0,0,0,0,0,1,0,0,0,0,0,0,0,0,0,0,0,0,0,0,0,0,0,0,0,0,0,0,0,0,1,0,0,0,0,0,0,0,1,0,0,0,0,0,0,0,0,0,0,0,0,0,0,0,0,0,0,0,0,0,0,0,0,0,0,0,0,1,0,0,0,0,0,0,0,0,0,1,0,0,0,0,0,1,5,0,0,0,0,1,0,0,0,0,0,0,0,0,0,0,1,0,1,0,1,0,0,0,0,0,0,0,0,0,0,1,0,0,0,0,0,0,0,1,0,0,1
ALDH2,0,0,0,0,0,1,0,0,0,0,0,0,0,0,0,0,0,0,0,0,0,0,1,0,0,0,0,0,0,0,0,0,0,1,0,0,0,0,0,0,0,0,3,0,0,0,0,0,0,0,0,0,0,0,0,0,0,0,0,0,3,0,0,0,0,0,0,0,1,0,0,0,0,0,0,1,0,2,0,1,0,0,2,0,0,0,0,0,0,0,0,0,0,0,0,1,0,0,0,0,0,0,2,0,0,2,0,0,0,0,0,0,2,0,0,0,0,0,1,0,0,1,1,0,0,0,0,0,0,0,0,0,1,0,0,0,0,0,0,0,0,0,0,0,5,0,0,0,0,0,1,0,0,0,0,0,0,0,0,1,0,0,1,0,0,0,1,0,1,4,0,0,0,0,0,0,0,0,1,0,0,0,0,0,0,0,0,0,0,1,1,0,0,0,0,0,0,0,0,0,0,0,0,0,0,0,0,0,0,0,0,0,0,0,0,0,0,0,0,1,0,0,0,0,0,0,0,0,0,0,0,0,1,0,1,0,0,0,0,0,3,0,0,0,0,0,0,1,1,0,0,0,0,0,0,0,0,0,0,1,0,0,0,2,0,0,0,0,0,0,0,2,0,0,0,0,0,0,1,0,0,0,0,0,0,1,0,0,0,0,0,0,1,0,0,0,0,0,1,0,0,0,0,0,1,0,0,0,0,0,0,0,0,0,0,0,0,0,0,0,0,0,1,0,0,0,0,0,0,0,0,1,0,0,0,0,0,0,0,0,2,0,1,0,0,0,0,1,0,3,1,0,0,0,0,0,0,0,0,0,0,0,0,0,0,0,8,0,0,0,0,0,0,0,0,6,0,0,0,1,0,0,0,0,0,0,0,0,0,0,0,0,0,1,1,0,0,0,0,0,0,0,0,0,1,0,0,0,0,0,0,0,1,0,0,2,0,0,0,0,1,0,0,0,0,0,0,0,0,0,0,0,0,0,0,0,0,0,0,1,0,0,3,0,0,3,0,0,0,0,0,0,0,0,1,0,0,0,1,0,1,0,0,1,0,0,0,0,1,0,0,1,0,0,0,0,1,0,0,0,1,0,0,0,1,0,0,0,0,0,0,0,0,0,0,1,0,0,0,0,0,0,0,0,0,0,0,4,0,0,0,0,0,0,0,0,0,0,0,0,0,0,0,0,1,1,0,0,3,0,1,0,0,0,0,3,0,2,0,0,1,0,0,0,0,0,0,0,1,0,0,2,0,0,0,1,2,0,0,0,0,0,0,0,0,0,0,0,0,0,0,0,0,0,0,1,0,0,0,0,0,0,0,1,0,0,0,0,1,0,0,0,0,1,0,0,0,0,0,0,0,0,0,0,0,4,1,0,0,0,1,0,0,0,0,0,0,0,0,1,0,0,0,0,0,0,0,1,0,0,0,0,0,0,0,0,0,0,0,0,0,1,0,0,0,0,0,0,0,0,0,0,0,0,0,1,0,0,0,1,0,0,0,0,0,0,0,1,0,0,0,0,0,0,0,0,0,1,0,0,0,4,0,0,0,0,0,0,0,0,0,0,0,0,0,0,0,0,0,1,0,0,0,0,0,0,0,0,0,7,0,0,0,0,1,0,0,0,0,0,0,0,0,0,0,0,0,0,0,0,0,0,0,0,0,0,0,0,0,0,0,0,0,0,0,0,0,0,0,0,0,0,0,0,0,0,0,0,0,0,0,0,0,0,0,0,0,0,0,0,0,0,0,0,0,0,0,0,0,0,0,0,0,0,0,0,0,0,0,0,0,0,0,0,2,0,0,0,0,0,0,0,0,0,0,0,0,0,0,0,0,0,0,0,0,0,1,0,0,0,0,0,2,0,0,0,0,0,0,0,0,0,0,0,0,0,0,0,1,0,0,0,0,0,0,0,0,0,0,0,0,0,0,0,0,0,1,0,0,0,0,0,0,0,0,0,0,1,0,0,0,0,1,0,0,0,0,0,0,0,0,0,2,0,1,0,0,0,0,0,0,0,0,0,0,1,0,0,0,0,0,0,0,0,0,0,0,1,3,1,1,0,0,0,1,0,0,0,0,0,0,3,0,0,0,2,0,0,2,0,0,0,0,0,0,0,0,0,0,0,0,0,0,0,0,0,0,0,0,0,0,0,2,0,0,0,0,0,0,0,0,0,0,0,1,1,0,0,0,1,0,9,1,0,0,0,0,0,0,0,0,0,0,3,0,0,0,0,0,0,0,0,0,0,0,0,0,0,0,0,0,2,0,0,0,0,0,0,0,0,0,0,0,0,0,0,0,0,0,0,0,0,0,0,0,0,0,0,1,0,10,9,0,0,0,2,0,2,0,0,0,0,0,0,0,0,0,0,0,0,0,0,0,0,0,0,2,0,0,0,0,0,0,0,0,0,0,1,0,0,3,0,0,0,0,0,0,1,0,1,2,0,0,0,0,0,1,0,0,0,1,0,0,3,0,1,0,0,0,0,0,0,1,0,1,0,0,0,0,0,0,0,1,0,0,0,1,0,0,0,0,0,0,0,0,0,0,0,1,0,0,0,0,0,0,0,0,0,0,0,0,0,1,0,0,0,0,0,3,0,2,0,1,3,0,0,0,0,0,0,0,0,0,0,0,0,0,0,0,0,0,0,0,0,0,0,0,0,0,2,0,0,0,0,0,0,0,0,0,1,0,1,0,0,0,0,1,0,0,0,0,0,0,0,0,0,0,2,0,0,0,0,0,0,0,0,0,0,0,0,0,0,0,0,0,0,0,1,0,0,1,1,0,0,0,2,2,0,0,0,0,0,0,0,0,0,0,2,0,0,0,0,1,0,0,0,0,0,0,0,0,0,0,1,0,1,0,0,0,0,0,0,0,0,0,0,2,0,0,0,1,0,1,0,0,1,0,0,0,1,0,0,0,0,0,0,0,0,2,0,0,0,0,2,0,0,0,0,0,0,0,0,0,0,0,0,0,0,0,0,0,0,0,0,0,0,0,0,0,0,0,0,0,0,0,0,0,0,0,0,1,0,0,0,0,0,0,0,1,0,0,0,0,0,1,0,0,0,0,0,0,0,0,4,0,1,0,0,0,0,0,2,0,0,1,0,3,0,0,1,0,0,0,0,0,0,0,0,0,0,0,0,0,1,0,0,0,0,0,5,0,0,0,0,0,0,0,0,0,1,0,0,0,0,0,0,0,5,0,0,0,0,0,0,0,0,0,0,1,0,0,0,0,0,0,0,0,0,0,0,0,0,0,0,0,0,0,0,0,0,0,0,0,0,0,0,0,0,0,0,0,0,0,0,0,1,0,0,0,0,1,0,0,1,3,0,0,0,0,0,0,0,0,0,0,3,0,0,0,0,0,0,0,0,0,0,0,0,1,0,0,0,0,0,0,0,0,0,0,0,0,0,0,0,0,0,0,0,0,0,0,0,0,0,0,0,0,4,0,0,0,0,1,0,0,1
ARRDC3,1,0,0,1,0,0,0,1,0,0,1,1,0,0,0,0,0,0,0,0,1,0,1,2,0,0,0,0,0,0,0,1,0,0,1,2,1,0,0,0,1,0,0,0,0,0,0,0,0,0,0,1,0,3,2,0,0,0,0,0,0,0,0,0,0,0,0,0,0,0,0,0,0,0,0,0,0,0,0,0,0,0,1,0,0,0,0,0,0,0,0,0,0,1,0,1,0,0,1,0,1,0,0,0,0,0,0,0,0,0,0,0,0,1,0,0,0,0,0,0,2,0,0,1,0,1,0,0,1,0,0,1,0,0,0,1,0,0,0,0,0,1,1,0,0,0,0,1,0,0,0,0,0,0,1,0,0,0,0,0,1,0,0,0,0,0,0,0,0,0,0,0,0,0,1,0,0,0,0,1,1,0,0,0,0,0,0,1,0,0,0,0,0,0,0,0,0,0,0,0,0,0,0,1,0,0,0,1,0,0,0,0,0,0,0,0,0,0,0,0,2,0,0,0,0,0,0,0,0,0,0,0,0,0,0,0,0,0,0,0,0,0,0,0,0,0,0,0,1,1,0,1,0,0,0,0,0,0,0,0,0,2,0,0,0,0,0,0,0,0,0,0,0,0,0,0,1,0,0,1,1,0,0,0,2,0,0,0,0,1,0,0,0,0,0,0,0,0,0,0,0,0,0,0,2,0,0,0,0,0,0,0,1,0,0,0,0,0,0,0,0,0,0,0,0,0,0,2,1,0,0,0,0,0,0,0,0,0,0,0,1,0,0,1,1,0,0,0,0,0,0,0,1,1,0,0,0,2,0,0,0,0,0,0,0,0,0,0,0,0,0,0,1,0,0,0,0,0,0,0,0,0,0,0,0,1,0,1,0,0,0,1,1,0,0,0,0,0,0,0,0,0,0,0,0,0,0,0,1,1,0,1,0,1,1,0,0,0,0,0,0,0,0,0,0,0,0,0,0,0,1,0,0,0,0,0,0,0,0,0,0,0,1,0,0,1,0,0,0,0,0,0,0,0,0,0,0,0,0,1,0,1,0,1,1,0,0,0,1,0,1,0,0,0,0,1,0,0,0,0,0,1,0,0,0,0,0,1,0,0,0,0,0,0,0,0,0,1,0,0,0,0,0,0,0,0,0,2,0,1,0,0,0,0,0,1,0,0,0,0,0,0,0,0,0,0,0,0,0,1,0,0,0,0,0,0,0,0,0,0,1,0,1,1,0,0,0,0,0,0,0,0,1,0,0,1,0,0,1,0,0,0,1,0,0,0,1,0,2,0,0,0,1,0,0,0,0,1,0,0,0,1,0,0,1,1,0,1,1,0,0,0,0,0,0,1,0,0,0,0,0,0,0,0,0,0,0,0,0,0,1,1,0,1,1,0,1,0,0,0,0,1,0,0,0,2,0,0,0,0,1,0,0,0,0,1,1,0,0,0,0,0,0,0,0,0,0,0,0,0,0,1,0,0,0,0,0,0,1,0,0,0,0,0,1,0,0,0,0,0,1,0,0,0,2,0,0,1,0,0,0,2,1,0,0,0,0,0,0,1,2,0,0,0,0,1,0,0,0,0,0,0,0,0,0,0,0,0,0,0,0,0,0,0,0,0,0,0,0,1,0,1,0,0,0,0,0,0,0,1,0,0,0,0,0,0,0,0,2,0,0,0,3,0,0,0,0,0,0,0,0,0,0,0,0,0,0,1,0,0,0,1,0,0,0,0,0,0,0,0,0,0,1,0,0,1,1,0,0,0,1,0,0,0,0,1,1,0,0,1,0,1,0,0,0,0,0,0,0,1,0,0,0,0,1,0,0,1,0,0,1,0,1,0,1,0,1,0,1,0,0,0,0,1,1,3,1,0,0,0,0,0,0,0,0,1,0,0,0,0,0,0,0,0,0,0,0,0,0,1,0,0,0,0,0,0,0,0,1,0,0,0,0,1,0,1,0,1,2,1,0,0,0,2,1,0,0,1,0,0,0,0,0,0,0,0,0,0,0,0,0,0,0,0,0,0,1,0,0,0,0,0,0,0,0,0,0,1,1,0,0,0,0,0,2,1,0,0,0,0,0,1,1,0,0,0,0,0,0,0,0,0,0,0,0,0,0,0,0,0,0,0,1,0,0,0,0,0,0,1,0,0,0,0,0,0,0,0,1,0,0,0,1,0,0,0,0,1,0,0,0,0,0,0,1,3,0,0,1,0,1,0,0,0,0,1,0,0,0,0,0,0,0,0,0,0,0,0,0,1,0,0,0,0,0,0,0,0,1,0,0,0,0,0,0,0,0,0,0,1,0,0,1,0,0,0,0,0,0,0,1,0,0,0,0,0,1,0,0,0,0,1,0,0,0,0,0,0,0,0,1,0,0,0,0,0,0,1,0,0,0,0,0,0,0,0,1,0,1,0,0,0,0,0,2,0,0,1,0,0,0,0,0,0,0,0,0,1,0,1,0,0,0,0,0,0,0,0,0,0,0,0,1,0,0,0,0,0,0,0,1,1,0,0,0,0,1,0,0,0,1,1,1,0,0,0,0,0,0,0,0,0,0,0,0,0,0,2,1,0,0,1,0,0,1,0,1,0,0,0,0,0,1,0,1,0,3,0,0,0,0,0,0,0,0,0,0,0,0,0,0,0,0,2,0,0,0,0,0,0,0,0,0,0,1,0,0,0,0,0,0,0,0,1,0,1,0,0,0,0,0,0,0,0,0,0,0,1,1,1,0,0,0,0,0,0,2,0,0,0,0,0,1,0,0,0,0,0,0,0,0,1,0,0,0,1,0,0,1,1,0,1,0,0,0,0,0,0,0,0,0,0,1,0,0,0,0,0,0,0,2,0,0,0,0,1,1,0,1,1,0,0,0,0,2,0,0,0,0,0,1,2,0,0,0,0,1,0,0,0,2,0,0,0,0,0,0,0,0,0,0,0,0,0,0,0,0,1,0,0,0,0,0,1,3,0,2,0,1,0,0,0,0,0,1,0,0,1,1,0,0,0,1,0,0,0,1,0,1,1,0,1,0,0,0,0,0,0,0,1,1,0,0,0,3,0,0,0,0,0,0,0,0,0,1,1,0,1,0,0,0,0,0,0,0,0,1,0,0,0,0,0,0,0,0,0,0,0,1,0,1,1,0,0,0,0,0,0,0,0,1,0,0,0,1,0,0,0,0,1,0,0,0,0,0,0,0,0,0,0,0,0,1,0,0,1,0,0,0,1,0,0,0,0,0,0,0,0,1,0,0,0,0,1,0,0,0,0,1,1,0,2,2,0,0,0,0,2,0,0,1,1,0,1,1,1,0,0,0,0,0,0,0,0,1,0,0,0,0,0,0,0,1,0,0,0,1,0,0,0,0,0,0,0,0,1,0,0,0,0,0,0,0,1,0,1,0,0,1,1,1,0,0,0,0,0,0,0,0,0,0,0,0,1,0,1,0,1,1,0,0,0,0,0,0,0
VAMP8,0,0,0,0,1,2,4,1,1,0,2,0,4,2,0,3,1,0,3,1,0,1,2,0,0,2,0,3,0,0,0,1,0,5,0,0,2,1,3,1,1,0,8,6,0,2,1,2,0,1,0,1,3,1,3,0,1,0,2,2,5,1,1,1,1,3,0,1,1,0,0,4,0,2,2,0,0,1,3,3,1,2,5,4,1,2,0,1,0,0,11,0,1,2,2,2,0,0,2,3,0,0,1,2,0,0,0,0,2,2,3,1,0,3,1,1,1,1,2,0,0,1,1,0,1,2,0,1,3,2,0,0,0,0,0,0,0,0,1,1,0,1,0,1,5,0,0,1,1,2,2,0,0,0,1,1,0,1,0,0,0,1,5,0,0,0,2,2,5,7,1,0,7,0,2,0,0,0,2,1,0,0,2,0,2,1,1,0,1,3,2,3,0,0,1,1,1,0,1,0,1,1,1,0,1,0,0,1,0,1,2,2,3,0,2,0,1,0,10,3,0,0,4,0,1,0,1,0,2,0,2,2,2,8,2,1,2,1,0,0,0,0,0,1,0,0,0,3,1,2,0,2,0,0,0,0,0,1,0,2,0,0,1,0,0,2,1,0,3,0,0,8,1,1,0,0,0,5,2,0,1,1,1,1,0,1,1,0,0,0,0,0,1,0,0,0,1,0,1,1,0,0,1,1,1,0,0,0,1,0,0,2,1,0,0,0,0,0,0,1,0,0,7,0,0,0,1,0,0,0,0,3,0,0,1,0,0,2,0,3,6,2,0,2,0,0,0,1,1,1,2,3,6,1,1,1,0,2,5,1,1,1,0,0,1,1,10,1,0,2,1,1,1,0,0,6,1,1,0,5,0,0,3,1,3,0,0,1,0,1,2,2,2,5,1,1,2,0,1,1,2,0,1,0,2,0,3,2,1,0,1,1,0,1,1,2,1,0,1,2,3,0,2,0,1,1,0,1,1,2,0,0,1,0,2,0,1,0,1,3,1,1,2,3,0,7,1,1,0,0,2,1,0,2,5,1,0,3,3,0,6,1,0,0,0,2,1,0,4,2,2,2,1,0,1,1,0,0,0,0,2,1,0,1,2,2,0,1,0,2,1,0,1,1,0,3,1,2,0,2,0,0,0,0,0,1,1,6,0,0,0,1,1,1,0,2,0,1,0,1,0,1,1,4,2,2,1,0,1,1,1,1,0,1,0,1,0,3,0,2,11,2,3,1,0,0,3,0,9,0,7,1,0,0,0,7,1,0,1,0,0,2,0,1,0,1,0,0,2,0,0,1,0,0,0,1,0,0,1,0,0,1,0,1,1,0,1,0,1,0,0,2,1,3,0,0,0,0,0,1,0,4,1,0,0,8,0,0,1,1,1,0,3,0,2,0,1,2,1,3,1,2,2,0,4,0,3,0,0,2,0,0,0,1,0,1,0,0,0,1,2,1,3,0,0,0,10,2,0,1,2,0,0,0,0,2,0,1,0,3,1,1,0,0,0,0,2,0,1,0,0,1,0,0,2,3,0,2,0,1,1,6,0,1,0,0,1,1,0,0,0,0,1,0,0,1,0,0,0,2,1,1,14,0,0,0,0,2,1,5,0,0,0,1,1,0,0,4,0,1,1,2,1,2,1,1,0,0,0,0,4,1,1,0,4,0,2,0,0,0,0,0,3,2,2,0,1,0,1,0,1,0,1,0,0,2,1,0,0,1,0,0,0,1,3,1,1,0,1,2,0,1,0,1,1,2,2,0,1,1,0,0,0,1,1,2,1,1,1,0,0,0,0,0,1,0,1,1,2,1,1,0,1,1,0,1,0,0,0,0,0,0,0,3,0,2,2,0,0,0,2,0,3,1,0,0,0,1,0,1,2,1,0,3,0,1,0,1,0,0,0,2,2,1,1,0,0,2,3,0,1,0,1,2,2,0,1,0,1,0,1,1,1,0,1,1,1,2,1,0,1,0,2,3,1,2,0,1,0,2,0,0,2,4,2,1,1,0,1,0,0,0,1,0,3,1,0,1,3,0,0,0,0,2,1,0,0,0,2,0,7,1,3,0,1,0,0,1,1,0,0,2,6,1,4,0,0,0,1,5,0,1,2,1,1,0,1,5,1,1,2,0,1,1,1,1,0,2,1,1,0,0,2,1,1,0,1,0,3,3,0,1,0,2,0,3,2,0,1,3,0,8,2,1,1,2,0,0,2,1,0,0,1,4,1,2,1,0,0,0,0,1,0,0,0,1,0,0,0,0,1,2,1,0,1,2,2,0,1,1,1,0,2,0,1,0,0,0,4,0,0,0,0,1,3,0,0,1,1,0,6,6,0,0,1,1,0,7,0,1,0,2,0,2,1,1,1,0,1,1,0,2,2,0,0,0,0,2,2,2,1,1,2,4,1,2,2,0,0,3,4,0,0,0,0,8,0,1,2,5,8,1,0,1,2,1,0,1,1,0,0,0,1,2,1,0,0,0,2,2,3,1,3,1,2,1,2,0,0,1,1,1,0,0,0,0,2,0,1,3,1,1,6,1,0,1,2,1,1,1,0,0,0,3,0,0,1,0,0,0,0,0,1,1,0,0,2,0,9,2,2,1,3,5,0,0,1,1,1,0,0,2,2,1,0,0,0,1,1,2,2,0,0,0,4,1,2,1,0,6,0,0,0,0,0,0,0,0,0,1,0,0,0,4,2,0,1,0,1,0,0,0,0,0,1,1,0,2,0,4,0,2,3,4,0,0,1,1,1,0,0,4,0,0,0,2,3,3,1,1,2,7,0,0,0,14,3,1,1,0,0,1,0,0,1,0,0,7,0,0,0,2,2,0,0,2,4,1,2,0,0,0,2,3,3,1,1,1,0,1,0,2,0,0,0,0,3,1,0,0,7,2,5,3,0,0,2,1,1,3,0,2,0,0,0,0,1,1,1,1,4,0,0,1,0,0,0,1,1,0,1,2,1,0,0,0,0,0,3,1,1,4,1,2,1,0,3,0,0,4,2,3,1,0,0,0,1,2,4,2,2,0,1,0,0,2,0,1,2,0,0,1,0,1,2,1,0,1,1,0,1,0,0,2,0,3,1,4,0,1,1,0,2,0,4,0,1,1,0,2,2,2,2,1,0,3,1,0,4,11,2,1,0,0,2,1,1,1,0,5,0,2,2,0,0,3,0,0,1,3,1,3,0,0,1,0,1,5,3,1,0,0,2,1,0,0,0,0,0,2,0,3,2,2,0,0,2,0,0,0,1,0,0,0,0,1,0,1,1,0,0,1,1,2,0,0,2,1,0,2,0,0,2,1,0,1,3,0,0,1,3,0,1,2,3,1,1,1,1,5,0,2,1,0,0,0,0,4,1,2,0,2,0,4,0,0,0,1,2,0,0,4,0,1,3,1,4,0,1,3,1,2,0,1,1,2,2,1,1,1,0,2,2,1,4,1,2,6,0,1,0,2,2,0,0,0
UGCG,0,0,0,0,0,0,0,0,1,0,0,0,0,0,0,0,0,0,0,0,0,0,0,0,0,1,1,0,0,0,0,0,0,5,0,0,0,0,0,0,0,0,0,0,0,0,0,0,0,0,0,0,0,0,0,0,0,0,0,1,0,0,0,0,0,0,0,0,0,0,0,0,0,0,0,0,0,0,0,0,0,0,0,0,0,0,0,0,0,0,2,0,0,0,0,0,0,0,0,1,0,0,0,0,0,0,0,0,0,0,0,0,0,0,0,0,0,0,0,0,0,0,0,0,0,0,0,0,0,0,0,0,0,0,0,0,0,0,0,0,0,0,0,0,0,0,0,0,0,0,0,0,0,0,0,0,0,0,0,1,0,0,0,0,0,1,0,0,0,0,0,0,0,0,0,0,0,0,0,0,0,1,0,0,0,0,0,0,0,0,0,0,0,0,0,0,0,0,0,0,0,0,0,0,0,0,0,0,0,0,0,0,0,0,0,0,0,0,10,0,0,0,6,0,0,0,0,0,0,1,0,0,0,1,0,0,0,0,0,0,0,0,0,0,0,0,0,0,0,0,0,0,0,0,0,0,0,0,0,0,0,0,0,0,0,0,0,0,0,0,0,0,0,0,0,0,2,0,0,0,1,0,0,0,0,0,0,0,0,0,0,0,0,0,0,0,0,0,0,0,0,0,0,0,0,0,0,0,0,0,0,0,0,0,0,0,0,0,0,0,0,0,0,0,0,1,1,0,0,0,0,0,0,0,0,0,0,0,1,0,0,0,0,0,0,0,0,0,0,1,0,0,2,0,0,0,0,0,0,0,0,0,0,0,0,0,0,0,0,0,0,0,0,0,0,0,0,0,0,0,0,0,0,0,0,0,0,0,0,0,0,1,0,0,0,0,0,0,0,0,0,0,0,0,0,1,0,0,0,0,0,0,1,0,0,0,0,0,0,0,0,1,0,0,0,0,0,0,0,0,0,0,0,1,0,0,1,0,0,0,0,0,1,0,0,0,0,0,0,0,0,0,0,0,0,0,0,0,0,0,6,0,0,0,0,0,0,0,0,0,0,0,0,0,0,0,0,0,0,0,0,0,0,0,0,0,0,0,0,0,0,0,0,0,0,0,0,0,0,0,0,0,0,0,0,0,0,1,0,0,0,0,0,0,0,0,0,0,0,0,0,1,0,0,0,0,0,0,1,0,0,1,0,0,0,1,0,0,0,0,0,0,0,0,0,0,0,0,1,0,0,0,0,0,0,0,0,0,0,0,0,0,0,0,0,0,0,0,1,0,0,0,0,0,0,0,0,0,0,0,0,0,0,0,0,0,0,0,1,0,0,0,0,0,0,0,0,0,0,0,0,0,0,1,0,0,0,0,0,0,0,0,0,0,1,0,0,0,0,0,0,0,0,0,0,0,0,0,0,0,0,0,0,0,0,0,0,0,0,0,0,0,0,1,1,0,6,0,0,0,0,0,0,0,0,0,0,0,0,0,0,0,0,0,0,0,0,0,0,0,0,0,0,0,0,0,0,0,0,0,1,1,0,0,0,0,0,0,0,0,0,0,0,0,0,0,0,0,0,0,0,0,0,0,0,0,0,0,0,0,0,0,1,0,0,0,0,0,0,0,0,0,0,0,0,0,0,0,0,0,0,0,0,0,4,0,0,0,0,0,0,0,0,0,0,0,0,0,0,0,0,0,0,0,0,0,0,0,0,0,0,1,0,0,0,0,0,0,0,0,0,0,0,0,0,0,0,0,0,0,0,0,0,0,0,0,0,0,0,0,0,0,0,0,0,0,0,0,0,0,0,0,0,0,0,0,0,0,0,0,0,0,0,0,0,0,0,0,0,0,0,0,0,0,0,0,0,0,0,0,0,0,0,0,1,0,0,0,0,0,0,0,0,0,0,0,0,0,0,1,0,0,0,0,0,0,0,0,0,0,0,0,0,0,0,0,0,0,0,0,0,0,0,0,0,0,0,0,0,0,0,0,0,0,0,0,0,0,0,0,0,0,0,0,0,0,1,0,0,0,0,0,0,0,0,0,0,0,1,0,0,0,0,0,0,0,1,0,0,0,0,1,0,0,2,0,0,0,0,0,0,0,0,0,0,0,0,0,0,0,0,0,0,0,0,0,0,0,0,0,0,0,0,0,0,0,0,0,0,0,1,0,0,0,0,0,0,0,0,0,0,0,0,1,0,0,0,0,0,0,0,0,0,0,0,0,0,0,0,0,0,0,0,0,0,0,0,0,0,0,0,0,0,0,0,0,0,0,0,0,0,0,0,0,0,0,0,0,0,1,0,0,0,0,0,0,0,0,0,0,0,0,0,0,0,0,0,0,0,0,0,0,0,0,0,0,0,0,0,0,0,0,0,0,1,1,0,0,0,0,0,0,0,0,0,0,0,0,0,0,0,0,0,0,0,6,0,0,0,1,7,0,0,0,0,0,1,0,0,0,0,0,0,1,0,0,0,0,0,0,1,0,0,0,0,0,0,0,0,0,0,0,0,0,0,0,0,0,0,0,0,0,0,0,0,0,0,0,0,0,0,0,0,0,0,1,1,0,0,0,0,0,0,0,0,1,0,0,8,0,0,1,2,0,0,0,0,0,0,0,0,0,0,0,0,0,0,0,0,0,1,0,1,0,4,0,0,0,0,0,0,0,0,0,0,0,0,0,0,0,0,0,0,0,0,0,0,0,0,0,1,0,0,0,0,0,0,0,0,0,0,0,0,0,0,0,0,0,0,1,0,0,0,0,0,1,0,0,0,0,0,0,0,0,0,6,0,0,0,0,0,1,0,0,0,0,0,0,0,0,0,0,0,0,0,0,0,0,0,0,0,1,0,0,0,1,0,0,0,0,0,0,1,0,0,0,0,0,0,0,0,0,0,0,0,1,0,0,0,0,0,0,0,0,0,0,0,0,0,0,0,0,0,1,0,0,0,0,0,0,0,0,0,0,0,0,0,0,0,0,0,0,0,0,0,0,0,0,0,0,0,0,0,0,0,0,0,0,0,0,1,0,0,0,0,0,0,0,0,0,1,0,0,0,0,0,0,0,0,0,0,0,0,0,0,0,0,0,0,0,0,0,0,0,0,0,0,1,0,0,0,0,0,0,1,0,0,0,0,2,1,0,0,0,0,0,0,0,0,0,0,0,0,0,0,0,0,0,0,2,0,0,0,0,0,0,0,0,0,0,0,0,0,0,0,0,0,0,0,0,0,0,0,0,0,0,0,0,0,0,0,0,0,0,0,0,0,0,0,0,0,0,0,0,0,0,0,0,0,0,0,0,0,0,0,0,0,0,0,0,0,0,0,0,0,1,0,0,0,0,0,0,0,0,0,0,0,0,0,0,0,0,0,0,0,0,0,0,0,0,1,0,0,0,0,0,0,0,1,0,0,0,0,0,0,0,1,0,0,0,0,0,0,0,0,0,0,0,0,0,0,0,0,0,0,0
GNB5,0,1,0,0,0,0,0,0,0,0,0,0,0,0,0,0,0,0,0,0,0,0,0,0,0,0,0,0,0,0,0,0,0,0,0,1,0,0,0,0,4,1,0,0,0,0,0,0,0,0,0,0,0,0,0,0,0,0,0,1,0,0,0,0,1,0,0,0,0,0,0,0,0,0,0,0,0,0,0,0,0,0,0,0,0,0,0,0,1,0,1,0,0,0,0,0,0,0,0,0,0,0,0,0,0,0,0,0,0,0,0,1,0,0,0,0,0,0,0,0,0,0,0,0,0,0,0,0,0,0,0,0,0,0,0,0,1,0,0,1,0,0,0,1,0,0,0,0,0,0,0,0,0,0,0,0,0,0,0,0,0,0,0,0,0,0,0,0,0,0,0,0,0,0,0,0,0,0,0,0,0,0,0,0,0,0,0,0,0,0,0,0,0,0,0,0,0,0,0,0,0,0,0,2,0,0,1,1,1,0,0,0,0,1,0,0,0,0,0,0,0,0,0,0,0,0,0,0,0,0,0,0,0,0,0,0,1,0,0,0,0,0,0,0,0,0,1,0,0,0,2,0,1,0,0,0,0,0,0,0,0,0,0,0,0,0,0,1,0,0,0,1,0,0,0,0,0,0,0,0,0,0,0,0,0,0,0,0,0,0,0,0,0,0,0,0,0,1,0,0,0,0,0,0,0,0,0,0,0,0,0,0,0,0,0,0,0,0,1,0,0,0,0,0,0,0,0,1,0,1,0,0,0,0,0,0,1,0,1,0,0,0,0,1,2,1,0,0,0,1,0,0,1,3,1,0,0,1,0,0,0,0,0,0,0,0,0,1,0,1,0,0,0,0,0,0,0,1,0,0,0,0,0,0,0,0,0,1,0,0,1,0,0,0,0,0,0,0,0,0,0,0,0,1,0,0,0,1,1,0,0,0,0,0,0,0,2,0,0,0,1,0,1,0,0,0,0,0,0,0,0,0,1,0,0,1,0,1,0,0,0,0,0,0,0,0,0,1,0,0,0,0,0,0,0,1,0,0,0,0,0,0,0,0,0,0,0,0,0,0,0,0,0,0,0,0,0,0,0,0,0,1,0,0,0,0,0,0,0,0,0,0,0,0,0,0,0,0,0,0,0,0,0,0,0,0,2,0,0,0,0,1,0,1,0,2,0,1,0,0,0,0,0,0,0,0,0,0,1,0,1,0,0,0,0,1,1,0,0,0,0,0,0,0,0,0,0,0,0,0,0,0,0,0,0,0,0,0,0,0,0,0,0,0,0,0,0,0,0,0,0,0,0,0,0,0,1,0,0,0,0,0,0,0,0,0,0,0,0,0,0,0,0,0,0,0,0,0,0,0,0,0,0,0,0,0,0,0,0,0,0,0,0,0,2,1,0,0,0,0,1,0,0,0,0,1,0,0,0,0,2,1,0,0,0,0,0,0,0,0,0,0,0,0,0,0,0,0,0,1,0,0,0,0,0,0,0,0,0,0,0,0,0,0,0,1,0,0,0,0,0,0,0,0,0,0,0,0,0,0,0,0,0,0,0,0,1,0,0,0,0,0,0,0,0,0,0,0,0,0,0,0,0,0,0,0,0,0,1,0,0,0,0,0,0,0,0,0,0,0,0,0,0,0,1,0,0,2,0,0,1,0,0,0,0,0,0,0,0,1,0,0,0,0,0,0,0,1,1,0,0,0,0,0,1,0,0,0,0,1,0,0,0,0,0,0,1,0,0,0,0,1,0,0,0,0,0,0,0,1,0,0,0,0,0,0,0,0,1,0,0,0,0,0,0,0,0,0,0,0,1,0,0,0,0,0,1,0,0,0,0,0,0,0,0,0,0,0,0,0,0,0,1,0,0,0,0,0,0,0,0,0,0,0,0,0,0,0,0,1,0,0,1,0,0,0,0,1,0,0,0,0,0,0,0,0,0,1,0,0,0,0,2,0,0,0,0,0,0,0,0,0,0,0,0,0,0,0,0,0,0,0,0,0,0,0,0,0,0,1,0,0,0,0,0,0,5,0,0,0,0,0,0,0,0,0,0,0,0,0,0,0,0,0,0,0,0,0,0,1,0,0,0,0,0,0,0,1,0,0,0,1,0,0,0,0,0,0,0,1,0,0,1,0,1,0,0,0,0,1,0,0,0,0,0,0,0,1,0,0,0,0,1,0,0,0,0,0,0,0,0,0,0,0,0,0,0,0,0,0,0,0,0,0,0,0,0,0,0,0,1,0,0,0,0,0,0,0,1,0,0,0,0,0,0,0,0,0,0,0,1,0,0,0,0,0,0,1,0,0,0,2,0,0,0,1,0,0,0,0,1,0,0,0,0,0,0,0,0,1,0,0,0,0,0,0,0,1,0,0,2,0,0,0,0,0,0,0,0,0,0,0,0,0,0,0,0,0,0,0,0,0,0,0,0,1,0,0,0,0,0,0,0,1,0,0,0,0,0,1,0,0,1,0,1,0,0,0,0,0,0,0,0,0,0,0,0,0,0,0,0,0,1,0,0,0,0,0,0,1,0,0,0,0,0,0,0,0,0,1,0,0,0,0,0,0,0,0,0,0,0,0,0,0,0,0,0,0,0,1,0,0,0,0,0,0,0,1,0,0,0,0,0,0,0,3,0,0,0,0,0,1,0,0,0,0,0,0,0,0,1,0,0,0,0,0,0,0,0,0,1,0,0,0,1,0,1,0,0,0,0,0,0,0,0,1,0,0,0,0,1,0,0,0,0,0,0,0,0,0,0,0,0,0,0,0,0,0,0,0,0,0,0,0,1,0,0,0,1,0,1,0,0,0,1,1,5,1,0,0,0,0,0,0,0,0,0,0,0,0,0,0,0,0,0,0,0,0,0,1,0,0,0,0,0,0,0,0,0,0,0,1,0,0,0,0,1,1,0,0,0,0,0,0,0,0,0,0,0,0,0,0,0,0,1,1,0,0,0,0,0,0,0,0,0,0,0,0,0,0,0,0,0,0,0,0,0,0,0,0,0,0,0,1,0,0,1,0,0,0,0,0,0,0,0,0,0,0,0,0,0,0,0,0,0,0,0,0,0,0,0,0,0,0,0,0,0,1,0,0,0,0,0,0,0,0,0,0,0,0,0,0,0,0,0,0,0,0,1,1,0,0,1,0,0,0,0,0,1,0,0,0,0,0,0,0,0,1,0,0,0,0,0,0,0,0,0,0,0,0,0,0,0,0,0,0,0,1,0,0,0,0,0,0,0,0,0,0,0,0,0,0,0,1,0,0,0,0,0,0,0,0,0,0,0,0,0,0,0,0,0,0,0,0,1,0,0,0,0,0,0,0,1,0,1,0,0,1,0,0,0,0,0,0,0,0,0,0,0,0,0,0,0,0,0,0,0,1,0,0,0,0,0,0,0,0,0,0,0,0,0,0,0,0,1,0,0,0,0,0,0,0,0,0,0,0,0,0,0,0,1,1,0,0,0,0
LINC00869,0,0,0,0,0,0,0,0,0,0,0,1,0,0,1,0,0,0,0,0,0,0,0,0,0,1,0,0,2,0,0,0,0,0,0,1,1,1,0,0,0,4,1,0,0,0,0,0,0,0,0,0,0,1,1,0,0,0,1,1,0,0,0,0,1,0,0,0,0,0,1,0,0,0,0,2,0,0,0,0,0,0,0,0,1,0,0,0,0,1,0,0,0,0,0,0,0,0,0,1,1,1,0,1,0,0,0,0,0,1,1,1,0,0,1,3,2,1,0,0,0,0,1,0,0,0,0,0,0,0,1,2,0,0,0,0,0,2,0,0,0,0,1,1,0,1,0,0,0,0,0,0,0,0,0,1,1,0,0,0,0,0,0,0,0,0,0,1,0,1,0,1,0,0,1,0,0,0,0,0,0,2,0,0,0,0,0,0,0,0,0,0,0,0,0,1,1,0,0,0,0,0,0,0,0,1,0,0,0,0,0,1,0,0,0,0,0,0,0,1,0,1,0,0,0,0,0,0,0,1,0,1,0,0,0,1,1,0,0,0,0,1,0,0,0,0,0,0,0,0,0,0,0,0,2,0,1,1,0,0,0,0,0,0,0,1,0,0,1,1,0,0,0,0,0,0,0,0,0,1,0,0,0,0,2,0,1,0,0,0,0,0,0,1,0,0,1,0,0,1,0,0,0,0,0,0,1,0,0,0,0,0,0,0,0,0,1,0,0,0,1,0,1,0,3,0,0,0,0,1,0,0,0,0,0,0,1,0,0,0,0,0,0,1,0,0,0,0,1,0,0,0,0,0,0,0,0,0,0,0,1,0,0,0,0,0,0,0,1,1,0,0,1,0,0,0,1,1,0,0,0,0,1,0,0,0,0,0,0,0,0,1,0,0,1,0,0,1,0,0,0,1,0,0,0,0,1,0,0,0,1,1,0,0,0,0,0,2,0,0,0,0,0,0,0,1,3,0,0,0,0,0,0,0,0,1,0,1,0,0,1,0,0,0,1,0,0,1,0,1,0,0,0,0,0,0,0,0,0,0,0,0,0,0,0,0,0,0,0,0,0,0,0,0,2,0,0,0,0,0,0,0,2,0,0,0,0,0,1,0,1,1,0,0,0,0,1,0,0,2,0,0,0,0,0,0,0,0,1,0,0,0,0,0,0,1,0,1,0,0,0,0,1,0,1,0,0,0,0,0,0,0,0,0,0,0,0,0,0,0,0,1,0,0,0,0,0,2,0,0,0,0,0,0,0,0,0,0,0,0,0,0,0,0,0,2,0,0,0,0,0,0,1,0,1,0,0,1,0,0,0,0,0,0,0,0,0,0,0,0,0,0,1,0,1,1,1,0,0,0,0,0,0,0,0,1,0,0,1,0,0,0,0,0,1,0,0,0,0,0,0,0,1,0,1,1,1,0,0,1,0,0,3,1,0,0,0,1,0,0,0,0,2,0,1,0,0,1,0,0,1,0,0,0,0,0,0,0,0,0,0,1,0,0,0,1,0,0,0,0,1,1,0,3,1,1,0,0,0,2,0,0,0,0,0,0,0,0,0,0,0,0,0,1,0,0,0,1,0,0,0,0,0,0,1,0,1,0,0,0,3,2,0,0,0,2,3,0,0,0,0,1,0,1,0,0,1,0,0,1,0,0,0,1,0,0,1,0,1,0,0,1,1,0,0,0,0,1,1,0,0,0,0,0,0,0,0,0,0,1,0,0,1,0,0,2,1,0,1,0,1,0,0,0,0,0,1,0,0,0,0,0,1,1,0,0,0,0,0,1,0,0,0,0,0,0,0,0,0,1,0,1,0,0,0,0,0,0,0,0,0,0,0,0,0,0,0,2,1,1,0,0,0,1,0,0,0,0,0,0,2,0,0,0,0,0,0,0,0,0,0,0,0,0,0,2,0,0,0,0,0,0,0,0,1,0,0,0,1,0,0,0,1,0,0,1,0,0,1,1,0,0,0,0,0,1,0,0,1,0,1,0,0,0,0,0,0,0,0,0,0,2,1,0,0,0,1,0,0,0,1,0,0,0,0,0,0,0,0,0,0,2,0,0,0,1,0,1,1,0,0,0,0,0,0,0,0,1,0,0,0,1,0,0,0,0,0,0,0,1,1,0,1,0,0,0,0,0,0,0,0,0,0,2,0,0,0,0,1,0,0,0,0,1,0,0,0,0,0,0,0,0,0,0,0,0,2,0,0,2,1,0,0,0,0,0,0,0,0,0,0,1,1,1,1,0,0,1,0,0,0,0,0,0,0,0,0,0,0,1,0,0,0,1,0,0,0,0,0,1,0,0,0,2,0,0,1,0,0,0,0,0,0,1,0,0,0,0,0,1,0,1,0,0,1,0,0,1,0,0,0,0,1,0,1,0,0,1,2,0,0,1,0,0,0,0,0,0,0,0,0,0,0,0,0,0,1,0,0,0,0,0,0,2,0,0,0,1,0,0,0,0,0,0,2,0,0,0,0,0,1,0,0,0,1,0,2,1,0,0,0,1,0,1,0,0,0,0,0,1,0,0,0,2,0,1,2,0,0,1,1,0,0,1,1,0,0,0,0,1,1,2,0,0,0,0,0,0,0,1,0,0,0,0,0,1,1,0,0,1,0,0,0,1,0,0,0,0,0,1,0,1,0,0,0,0,0,1,0,0,0,1,0,0,0,0,0,0,0,0,0,0,0,0,0,0,0,0,0,0,0,1,0,0,0,0,1,1,0,0,1,0,1,0,1,0,0,0,0,1,0,0,0,0,0,0,0,1,0,0,1,0,1,0,0,0,1,0,2,1,0,0,1,0,0,0,1,0,0,0,0,1,0,0,0,0,0,2,0,0,2,1,0,0,2,0,0,1,0,1,0,0,1,0,0,0,1,0,0,0,0,0,0,2,0,0,1,0,0,0,0,0,0,1,0,0,0,0,0,0,0,0,0,0,0,0,0,1,0,0,0,0,0,1,0,0,1,0,0,1,0,0,0,0,0,0,0,0,2,0,0,0,0,0,0,0,0,1,0,0,0,0,0,0,0,0,0,1,0,0,0,0,0,0,0,0,0,0,0,2,0,0,0,0,0,0,0,1,0,1,0,0,1,2,0,0,0,1,0,0,0,0,0,0,0,0,0,0,0,0,1,0,0,0,0,1,0,0,0,0,0,0,0,0,1,0,0,0,1,0,0,1,0,0,0,0,0,0,0,2,0,0,0,0,0,0,0,0,0,0,1,1,0,0,0,1,0,2,0,0,1,0,2,0,0,1,0,1,0,0,0,1,0,0,1,1,0,0,0,0,0,0,0,1,0,0,0,0,0,0,0,1,0,0,0,1,0,1,0,1,0,0,0,1,0,0,0,0,0,0,2,0,0,0,0,0,2,0,0,2,0,0,0,0,0,0,0,0,0,0,0,0,0,0,0,3,0,0,0,1,0,1,0,0,0,0,0,0,0,0,0,1,1,0,1,0
PSME2,1,3,0,0,1,1,0,0,0,0,0,0,2,1,2,1,1,1,1,1,0,2,0,0,0,2,0,0,1,0,0,0,0,1,0,2,0,2,0,0,0,4,0,4,0,0,0,2,0,1,1,0,0,1,1,0,2,0,1,1,2,0,0,1,0,1,3,0,0,0,0,0,0,0,1,2,0,0,0,2,1,1,0,3,2,0,0,1,2,1,3,1,0,1,4,3,0,0,2,3,2,0,2,1,1,1,0,0,0,1,3,1,0,1,1,2,1,3,2,1,0,0,0,0,2,4,1,1,3,1,0,0,0,0,0,0,0,0,0,3,0,0,2,0,1,1,1,0,0,0,1,0,0,0,0,1,2,1,0,4,0,1,4,0,1,4,0,0,2,2,0,3,3,1,2,0,0,1,1,1,0,0,0,0,1,0,1,0,0,2,7,3,0,1,0,2,0,0,0,0,0,1,1,1,0,2,0,0,0,0,0,0,1,1,0,0,1,0,0,1,0,0,0,0,0,1,0,3,1,0,1,0,0,0,3,1,0,0,1,0,0,0,0,0,0,0,0,1,0,2,1,1,0,2,0,1,1,0,1,0,2,0,2,2,0,1,0,0,2,1,0,0,0,0,0,1,0,1,1,2,0,1,0,0,2,1,0,0,2,0,0,0,1,1,0,1,0,0,1,0,0,0,2,0,2,0,0,1,4,0,0,2,1,0,0,0,0,3,0,0,2,1,2,1,0,0,2,0,1,0,0,2,2,0,1,2,0,0,0,2,1,0,0,3,0,1,1,2,2,1,1,0,2,1,1,0,0,2,0,0,1,3,0,0,4,0,4,2,0,0,1,0,1,0,3,3,3,1,0,0,0,0,8,0,0,2,1,0,0,1,0,2,0,4,0,0,2,1,1,0,1,1,2,2,1,1,2,1,0,0,1,3,2,0,0,4,0,0,0,0,3,1,3,1,0,1,2,1,0,1,0,1,0,1,2,0,1,1,0,1,2,1,3,0,0,8,1,0,1,0,3,0,0,0,0,3,1,0,2,0,0,0,0,0,0,0,0,0,3,0,1,3,1,0,2,1,1,2,1,0,1,1,3,3,0,0,1,0,1,0,0,0,0,0,1,0,1,0,1,0,4,0,0,1,0,0,1,1,1,0,0,1,0,1,0,2,1,2,0,0,0,2,3,7,0,0,2,0,1,0,3,1,0,0,0,1,1,2,0,2,0,6,0,0,0,2,0,0,3,0,3,5,1,1,0,2,0,4,1,1,0,4,1,2,1,0,0,2,0,1,1,3,0,0,1,1,0,2,0,2,0,0,0,0,0,1,1,0,1,1,0,0,0,6,1,1,0,0,0,2,1,3,0,1,1,2,1,2,0,0,0,1,4,0,3,0,1,5,0,0,0,1,1,0,1,2,3,1,1,1,1,0,0,1,0,0,0,0,1,1,0,0,4,3,0,0,6,1,0,2,1,1,0,0,0,0,0,0,0,3,1,2,1,1,3,1,0,0,0,1,2,0,0,0,0,1,0,0,1,0,1,1,0,1,0,3,0,1,4,0,1,0,1,2,1,1,0,0,0,0,0,0,2,1,0,2,0,0,1,12,4,1,0,1,0,1,2,2,0,0,2,0,0,2,0,1,0,1,0,1,1,1,0,0,4,0,2,0,2,0,0,0,4,0,1,0,0,0,0,1,1,0,1,0,0,1,1,1,2,3,1,0,0,1,0,0,2,0,2,0,1,0,0,0,1,0,2,0,0,3,0,1,0,4,0,3,0,0,1,2,0,0,0,0,3,4,1,0,3,0,1,2,0,0,4,0,3,0,1,0,0,0,0,2,0,0,0,0,1,1,2,0,0,0,0,0,0,0,0,0,0,1,0,4,0,1,0,2,0,1,0,1,4,1,2,1,0,1,3,0,1,0,0,3,0,0,0,4,0,0,2,1,0,1,1,0,0,1,1,0,0,0,4,1,0,0,2,2,2,1,1,1,0,2,1,1,0,0,0,0,0,1,1,0,0,1,1,0,0,0,0,2,1,0,0,0,0,0,3,0,0,0,0,0,0,0,0,0,3,0,0,3,0,0,5,0,1,2,0,1,0,0,2,0,0,0,0,2,1,0,0,0,1,2,0,0,0,0,3,4,0,1,0,2,1,0,0,1,1,0,3,0,1,4,0,1,1,0,2,1,1,4,1,0,0,1,1,1,2,0,1,2,0,3,0,1,0,0,0,0,1,1,0,0,1,0,1,1,0,1,1,0,1,0,2,2,2,3,0,1,3,0,1,1,0,0,0,0,2,0,0,0,0,0,2,1,0,0,3,0,4,2,0,1,1,3,0,0,1,0,1,2,0,2,0,0,1,2,0,0,1,0,1,0,1,0,0,0,3,4,2,3,2,11,1,1,2,1,0,2,1,1,1,7,1,0,0,0,1,0,0,2,1,1,1,1,4,1,0,0,0,1,0,10,1,2,0,3,0,1,0,1,5,0,2,0,0,0,1,1,3,1,0,1,0,1,0,0,0,0,0,0,1,1,0,0,0,1,0,1,0,0,4,1,0,1,0,4,0,0,0,0,1,0,1,0,0,0,3,0,0,0,0,2,1,1,0,0,1,1,1,1,1,2,1,1,0,0,1,2,0,0,0,4,2,0,1,0,1,1,0,2,2,0,0,0,0,0,0,1,1,1,1,1,1,1,3,1,0,2,0,0,0,1,1,1,1,1,1,0,0,1,1,6,2,0,1,2,0,0,1,0,0,0,0,0,4,0,0,0,2,2,0,0,0,2,0,1,1,0,3,1,0,1,1,0,1,4,0,1,4,2,0,1,1,0,1,1,0,0,2,1,2,2,2,1,0,1,1,0,1,0,0,0,0,0,0,1,2,0,2,0,0,7,0,2,0,1,0,2,1,0,1,0,0,2,0,0,1,2,3,1,0,0,0,1,0,1,0,2,0,2,0,1,0,1,0,0,0,0,1,0,2,1,1,0,2,0,0,0,0,2,0,0,1,0,0,2,26,0,3,0,0,0,1,0,1,1,1,0,1,0,0,3,0,1,0,4,1,1,0,0,2,2,0,1,0,0,0,0,0,0,1,1,1,0,0,0,1,1,0,0,2,0,0,0,0,2,1,3,2,1,1,0,2,0,0,1,1,1,0,0,1,1,0,1,0,0,2,0,3,1,0,1,0,0,0,4,2,1,1,2,6,0,1,0,2,0,0,4,1,2,0,1,0,1,2,2,0,0,4,0,0,0,0,0,0,0,0,0,0,1,2,1,0,0,0,0,0,0,0,0,1,1,0,0,0,1,2,0,0,0,1,0,2,0,1,0,1,4,1,0,1,2,0,0,0,0,0,1,0,2,1,1,0,1,0,3,0,0,2,3,1,1,0,0,0,0,0,2,0,0,1,1,1,0,4,0,1,1,1,0,0,0,0,0,0,5,2,1,1,2,1,0,0,0
CDK12,1,1,0,0,0,1,0,0,0,0,0,0,0,0,0,0,0,0,0,0,0,0,0,1,0,1,0,0,0,0,0,0,0,0,0,0,0,0,1,1,0,0,0,0,0,3,0,0,0,0,0,0,0,0,1,0,0,1,0,0,0,0,0,0,0,0,1,0,0,0,0,0,0,0,0,0,1,0,0,0,0,0,0,0,0,1,0,0,0,0,0,0,0,0,0,0,0,1,0,0,0,0,0,0,1,0,0,0,0,0,0,0,0,0,0,1,0,0,0,0,0,0,1,0,0,0,0,0,1,0,0,0,0,0,0,0,0,0,0,1,0,0,0,0,1,0,0,0,2,0,0,1,0,0,0,1,0,1,0,0,0,0,0,0,0,1,1,1,0,0,1,0,0,0,0,1,0,2,0,0,0,0,0,0,0,0,0,0,0,1,1,1,0,0,0,0,0,0,0,0,0,0,1,0,0,0,0,0,0,0,0,0,0,0,0,1,2,0,0,1,0,0,1,2,2,0,0,0,0,0,0,0,0,0,0,0,0,0,0,0,1,0,0,0,0,0,0,0,1,0,0,0,0,0,0,0,0,0,0,0,0,0,0,0,0,0,1,0,0,0,0,2,0,0,0,0,0,0,0,0,1,1,0,0,0,0,0,0,0,0,0,0,0,0,0,0,0,0,0,0,0,0,0,0,0,0,0,0,1,0,1,0,0,0,0,1,0,0,0,0,0,0,0,0,0,0,0,0,0,0,1,0,0,0,0,0,0,0,0,0,0,0,0,1,0,0,0,0,0,0,0,0,0,0,0,0,0,0,0,0,0,0,0,0,2,0,1,0,0,0,0,0,0,0,0,0,0,1,0,1,0,0,0,0,0,1,0,0,1,0,0,1,0,0,0,0,0,1,0,0,0,0,1,0,0,1,0,0,0,0,1,1,0,1,0,0,0,0,1,0,0,1,0,0,0,0,0,0,0,0,0,0,0,0,0,0,0,0,0,0,0,0,1,0,0,1,0,0,0,0,0,0,1,2,1,1,0,0,0,0,0,0,0,0,0,0,0,0,0,0,0,1,0,0,0,0,0,0,0,0,0,0,0,0,0,0,0,0,0,0,0,0,0,0,0,0,0,0,0,0,0,0,0,0,1,0,0,0,0,0,0,0,0,0,0,0,0,0,0,0,0,0,0,0,0,0,0,0,0,0,0,0,0,0,0,0,0,0,0,0,0,1,0,1,0,0,0,0,1,0,0,0,1,0,0,0,0,0,0,0,0,0,1,1,0,0,0,0,0,0,0,0,0,0,0,0,0,0,0,0,0,0,0,0,0,0,0,0,1,0,0,0,0,0,0,0,0,0,0,0,1,0,0,0,0,0,0,0,0,1,0,1,0,0,0,0,0,1,0,0,0,0,0,0,0,0,0,0,0,0,0,0,0,0,0,0,0,0,0,0,0,0,0,0,0,1,1,0,0,0,0,0,0,0,0,0,0,0,0,0,0,0,0,0,1,0,0,0,0,1,0,0,0,0,0,0,0,0,0,2,0,0,0,1,0,0,0,0,0,0,0,0,0,0,0,0,0,0,1,0,0,0,0,0,0,1,0,0,0,1,0,0,0,0,0,0,0,0,0,0,0,0,0,1,0,0,0,0,0,0,0,0,0,0,0,0,0,1,1,0,0,0,1,1,0,0,0,0,1,0,0,0,0,1,0,0,0,0,0,0,1,0,0,0,0,1,1,0,0,0,0,0,0,0,0,0,0,0,0,1,0,0,0,0,0,0,1,0,0,0,0,0,0,0,1,0,0,0,0,0,0,0,0,0,1,0,0,0,0,0,0,0,1,0,0,0,0,0,0,0,0,0,0,0,17,0,0,0,0,0,0,0,0,0,0,0,0,0,0,0,0,0,0,0,0,0,0,0,0,0,1,0,0,0,0,0,0,0,0,0,0,2,0,0,0,0,1,0,0,0,0,0,0,0,0,0,0,0,0,0,0,0,0,0,0,0,0,0,0,0,0,0,0,0,0,0,1,0,1,0,0,0,0,0,0,0,0,0,1,0,0,0,1,0,0,0,0,0,0,0,0,1,0,0,0,0,0,0,0,0,0,0,0,2,0,0,0,0,0,0,0,0,0,0,0,1,0,0,0,0,0,0,0,0,0,0,0,0,0,0,0,0,0,0,0,1,0,0,0,0,0,0,0,0,0,0,0,1,0,0,1,0,0,0,0,0,0,0,0,0,0,0,0,1,0,0,0,0,0,0,0,0,0,0,0,0,0,0,0,0,1,0,0,0,1,0,0,0,0,0,0,0,0,0,0,0,1,0,0,1,1,0,0,0,0,0,0,0,0,1,0,0,0,0,1,0,0,1,0,0,0,0,0,0,0,0,0,0,0,0,0,0,0,1,0,1,0,0,0,0,0,0,0,0,0,0,0,0,0,0,2,0,0,0,0,0,0,0,0,0,0,1,0,1,0,0,0,0,0,0,0,0,0,0,0,0,0,0,0,0,0,0,0,0,1,0,0,0,0,1,0,0,0,0,0,0,0,1,0,0,0,0,0,0,0,0,0,0,0,0,0,0,0,1,0,4,0,1,0,0,0,0,0,1,0,0,0,0,0,0,0,1,0,0,0,0,0,0,0,0,0,0,0,0,0,1,0,0,0,0,0,0,1,0,0,0,0,0,0,0,0,0,0,0,1,0,0,0,1,0,0,0,0,0,0,0,0,0,0,0,0,0,0,2,0,0,0,0,0,0,1,0,0,0,0,0,0,0,0,0,0,0,0,0,0,0,0,2,0,0,0,0,0,0,0,0,1,0,0,1,0,0,0,0,0,0,0,0,0,0,0,0,1,0,0,1,0,0,0,0,0,0,0,0,0,0,0,0,0,0,0,1,0,1,0,0,1,0,0,0,0,0,0,0,0,0,0,0,0,0,1,0,0,1,0,0,1,0,0,0,0,1,1,0,0,1,0,0,0,0,0,0,0,0,0,0,0,0,0,1,1,0,0,0,0,0,1,0,0,0,0,0,0,0,0,9,0,0,0,0,0,2,0,0,0,0,0,2,0,0,0,0,0,0,0,0,2,0,0,0,0,1,0,0,1,0,0,0,0,0,0,0,0,0,0,1,0,2,0,0,1,0,0,0,0,0,0,1,0,1,0,0,0,0,0,0,1,0,0,0,0,0,1,0,0,0,0,0,0,0,0,0,0,0,0,0,0,0,0,0,0,1,0,0,0,0,1,0,0,0,0,0,0,0,0,0,0,0,1,0,1,0,0,0,0,0,0,25,0,0,0,0,0,0,0,0,1,0,0,0,1,0,0,0,0,0,1,0,0,0,0,1,0,0,0,1,0,0,0,1,0,1,0,0,0,0,0,1,0,0,1,1,0,0,0,0,0,0,0,0,0,0,0,0,0,0,0,0,0,0,0,0,0,0,0,0,0,0,0,0,1,0,0,0,0,1
BTN3A2,0,1,1,0,0,0,0,0,1,1,0,1,0,0,0,0,0,2,0,0,0,0,1,0,0,0,0,0,2,0,1,0,0,0,0,0,0,0,0,1,0,0,0,0,2,0,0,0,0,0,0,0,0,1,3,0,0,1,1,0,0,0,0,0,1,2,0,0,0,0,0,0,0,0,0,0,0,0,0,0,0,0,0,0,1,0,1,0,0,0,0,1,0,0,0,0,0,0,0,0,2,0,0,1,2,0,1,2,1,1,0,0,0,1,0,0,1,0,0,0,1,0,0,0,0,0,0,0,0,0,0,0,0,1,2,0,1,0,0,0,0,0,0,0,0,0,0,1,1,1,0,0,1,0,0,0,0,0,0,0,1,0,1,0,1,2,0,0,1,0,0,1,0,0,1,0,0,0,0,1,0,1,0,0,0,0,0,0,0,0,0,0,0,0,0,0,1,2,0,0,0,1,0,0,0,2,0,1,1,0,0,3,1,0,2,0,1,0,0,1,1,0,0,1,1,1,0,0,0,0,0,1,1,0,0,1,0,0,0,0,0,0,0,0,0,0,0,0,0,0,1,0,1,1,0,2,0,0,0,0,0,0,1,0,0,0,0,1,2,0,2,0,0,0,0,3,0,1,0,0,0,0,0,1,0,0,0,0,0,0,0,0,0,0,1,0,1,1,0,0,0,0,0,1,0,0,1,0,0,0,0,0,1,1,1,0,0,1,0,0,0,1,0,0,0,0,0,0,1,0,1,0,0,0,0,0,2,0,0,1,0,1,0,0,0,0,0,0,1,0,0,0,0,0,0,0,0,0,0,0,0,0,0,0,0,0,2,0,0,0,2,0,0,0,0,0,1,0,0,0,0,0,0,0,0,0,2,1,0,1,0,0,0,0,0,0,1,1,0,0,0,0,0,0,0,3,1,0,1,0,0,0,0,0,0,0,0,0,1,0,0,3,1,1,0,0,1,0,0,0,1,0,0,0,0,1,1,0,0,0,1,1,0,0,0,0,0,1,1,0,0,1,0,1,0,2,0,0,0,0,0,0,0,0,0,1,0,0,0,0,0,0,0,0,1,0,0,1,0,0,0,0,0,0,0,0,0,0,0,0,0,0,0,0,0,1,0,0,0,1,0,0,0,0,0,1,0,1,0,1,0,0,0,0,1,0,0,0,0,0,0,0,0,0,0,0,2,1,0,0,0,3,1,0,0,0,0,0,0,0,0,1,2,3,2,0,0,0,1,0,0,0,0,0,0,0,0,0,0,1,0,0,0,0,0,2,1,0,0,0,1,0,0,2,0,0,0,0,0,0,0,1,0,1,0,0,0,0,0,0,0,0,0,0,0,1,0,0,0,0,1,0,0,1,1,1,1,1,1,0,0,0,1,1,1,1,0,1,0,1,0,1,0,0,0,0,0,1,0,2,0,0,0,0,0,0,0,0,1,0,0,0,0,0,0,0,1,1,0,0,0,0,0,0,0,0,0,2,0,1,0,0,0,0,0,0,0,0,1,0,2,0,0,0,1,1,0,1,1,0,0,1,0,0,0,1,0,1,0,0,0,0,0,2,0,0,0,0,0,1,1,0,0,0,0,0,0,0,0,0,2,2,0,1,0,0,1,0,0,1,1,0,0,1,0,0,0,0,0,1,0,0,0,0,1,0,0,0,1,0,0,0,1,0,0,0,0,2,0,1,1,0,3,1,0,0,0,0,1,0,2,0,0,0,0,0,0,0,0,1,0,0,0,1,0,0,1,0,0,2,0,0,0,1,0,0,0,0,0,0,1,1,0,0,0,1,0,0,0,1,0,2,0,0,1,0,0,0,0,1,1,0,1,0,0,1,1,0,1,0,0,0,0,0,0,1,0,0,0,0,0,0,0,0,0,0,0,0,0,1,0,0,1,0,1,1,0,2,0,0,0,0,0,0,1,0,0,0,0,0,0,1,0,0,0,1,1,0,0,0,0,0,0,0,0,1,1,1,0,0,1,0,0,0,0,0,0,0,0,1,0,0,0,0,0,1,1,0,0,0,0,0,0,1,0,0,0,1,0,0,0,1,0,1,0,1,0,0,1,0,0,0,1,2,0,0,0,2,0,1,0,0,0,0,1,0,0,0,0,0,0,1,0,2,0,0,0,0,0,0,0,0,0,0,0,0,0,0,1,0,0,0,1,0,0,0,0,0,1,0,0,0,0,1,1,0,0,2,0,2,1,1,0,0,0,0,0,0,0,0,0,0,0,1,2,1,0,0,0,0,0,0,1,1,0,0,0,0,0,1,2,0,0,0,1,0,0,0,0,1,0,0,1,0,1,0,0,0,0,1,0,0,0,0,0,0,0,1,0,0,0,0,0,1,1,0,1,0,2,3,0,0,2,0,0,0,0,0,0,0,1,1,1,0,0,0,0,0,1,0,0,1,1,0,0,0,0,0,0,0,0,0,0,1,0,0,0,2,1,0,0,2,0,0,1,0,0,0,0,1,1,0,0,0,0,0,0,0,0,0,0,0,0,0,0,0,0,0,0,0,1,0,0,0,0,1,1,0,0,0,0,0,1,1,1,0,0,0,0,0,0,0,0,0,1,0,1,0,0,0,0,0,0,0,1,2,0,0,0,1,1,1,0,0,0,0,0,0,0,0,0,1,0,0,0,0,0,0,0,0,0,0,1,0,0,1,1,0,0,0,0,0,1,1,0,0,0,0,0,0,0,0,0,0,0,0,0,0,0,0,0,0,0,1,0,1,0,0,0,0,0,0,0,0,0,0,0,0,2,0,0,0,0,0,0,0,0,0,0,0,0,0,0,0,0,1,0,2,0,0,0,0,0,0,0,0,1,1,0,1,0,0,0,0,1,0,0,0,0,0,1,0,1,0,0,0,0,1,0,0,0,3,0,0,0,0,1,0,0,0,0,0,0,0,0,0,0,0,0,0,0,0,0,0,1,0,0,0,0,0,0,0,0,1,1,2,0,0,0,0,1,1,0,0,0,0,1,0,0,0,0,0,0,0,0,0,0,0,1,0,0,0,1,0,1,1,3,0,0,0,0,1,1,1,0,0,1,0,0,0,0,0,1,0,0,1,1,1,0,1,0,0,1,0,0,0,0,0,0,0,1,0,0,0,0,0,0,0,1,0,0,0,0,0,0,0,3,0,0,0,0,1,0,0,1,0,0,1,0,0,0,0,0,0,1,0,0,0,2,1,0,1,0,0,1,0,0,0,0,0,0,0,0,0,0,0,0,0,0,0,1,0,0,1,0,0,1,2,0,0,0,1,2,0,1,0,1,0,0,1,1,0,0,0,1,0,1,0,0,0,1,0,0,0,0,0,0,0,0,1,0,0,0,0,0,0,0,0,0,2,1,0,0,0,0,1,0,0,0,0,0,0,0,0,0,0,1,0,0,0,0,0,0,1,0,0,2,0,0,0,0,0,0,0,1,0,0,1,1,0,0,1,1,0,0,0
RPL19,28,6,16,3,11,18,13,35,27,10,17,16,13,25,23,38,9,17,14,24,16,34,18,9,13,7,26,17,17,42,30,35,42,24,3,4,31,32,30,19,45,33,14,34,20,14,31,16,30,25,19,25,9,21,26,9,7,45,26,14,43,25,15,8,28,24,22,0,5,45,14,50,32,6,9,13,10,21,4,18,28,11,11,10,11,50,26,28,16,30,22,22,40,10,22,18,10,16,15,49,15,26,7,27,21,6,9,8,27,20,22,37,2,20,30,65,15,33,12,17,16,4,18,10,38,35,22,14,20,14,9,20,10,19,13,24,20,26,14,14,31,24,22,37,72,10,23,14,44,10,29,6,15,27,16,35,18,12,6,6,25,25,22,13,10,29,15,31,19,54,30,8,39,29,14,7,32,22,19,40,13,29,30,12,23,39,42,37,10,12,32,29,24,30,44,23,18,9,0,42,6,19,15,14,25,7,21,34,27,24,19,7,8,4,12,11,30,19,26,18,16,26,22,15,44,5,14,9,33,21,29,15,27,25,19,12,17,21,18,10,10,9,22,6,20,17,18,15,26,14,18,18,17,14,16,28,15,30,18,16,28,12,22,22,33,16,19,16,49,39,8,50,9,7,21,14,16,38,29,22,7,9,55,33,38,30,21,22,38,14,26,24,15,10,17,12,13,17,14,13,42,21,15,40,10,14,34,4,13,45,25,8,22,24,17,17,14,53,21,40,18,7,18,7,14,14,13,56,26,24,10,18,42,10,12,12,25,10,46,10,41,30,16,42,23,35,23,14,25,19,26,23,31,23,2,11,24,57,24,7,22,20,11,2,4,20,89,21,26,28,15,14,10,20,6,79,21,40,19,26,8,9,28,16,17,7,28,37,13,8,50,34,21,24,27,10,50,25,5,7,11,24,15,25,10,27,18,23,28,38,33,28,15,40,25,33,21,16,27,21,23,27,30,10,15,30,8,17,23,16,4,42,36,8,18,22,5,6,38,29,11,40,67,17,23,60,9,28,13,14,16,32,15,7,26,33,22,26,18,20,20,29,23,19,30,19,29,33,11,2,18,15,8,36,32,21,6,11,15,17,12,35,5,26,7,56,13,35,41,14,27,27,24,23,18,16,28,33,11,3,5,9,30,7,31,26,25,66,13,26,3,2,12,17,10,22,10,15,21,8,20,27,33,11,15,16,18,14,19,33,13,51,14,17,25,19,17,47,22,34,103,31,28,7,20,32,18,19,52,26,39,68,14,12,11,23,14,19,31,18,20,27,11,15,21,34,4,34,41,13,40,4,34,22,41,23,18,22,3,13,19,8,22,14,12,23,26,12,16,2,10,14,8,19,24,31,26,20,24,24,20,25,2,13,44,67,17,20,16,19,10,11,5,28,71,39,31,13,14,23,38,41,16,6,5,4,39,20,19,39,14,34,16,8,6,11,28,27,27,22,24,0,40,25,6,17,25,25,33,5,11,17,11,11,14,4,18,9,11,32,15,35,28,4,38,6,9,11,26,16,30,24,9,16,31,40,2,18,45,18,4,66,28,26,10,35,15,20,5,14,18,28,16,16,19,29,13,20,14,6,7,40,30,11,14,25,28,24,20,84,21,17,7,32,11,33,8,18,20,21,48,30,21,37,20,16,15,17,15,27,32,9,23,14,27,35,11,28,12,19,8,30,20,4,29,12,23,25,15,10,13,42,27,22,19,27,27,9,20,43,22,14,15,30,13,33,17,10,32,33,26,24,26,10,7,5,14,8,10,33,10,12,14,28,11,21,7,26,54,22,16,28,15,2,37,14,10,44,5,15,33,16,20,32,24,17,13,20,16,15,28,12,18,12,24,30,17,5,13,10,9,12,47,18,14,41,26,12,25,2,46,7,18,10,27,31,10,36,10,53,12,18,20,14,22,49,19,56,15,32,12,1,5,26,12,17,6,15,22,20,40,30,28,19,19,15,36,11,16,10,29,12,28,11,15,17,10,21,16,5,16,22,21,19,17,31,42,20,19,27,30,18,8,3,4,15,35,28,30,13,16,21,29,50,22,5,22,27,67,5,16,3,29,30,11,16,15,17,21,28,8,67,17,15,28,19,12,24,11,38,2,37,15,10,21,19,24,36,17,10,19,28,23,18,12,30,17,12,34,27,3,19,21,22,23,8,29,20,28,14,18,11,11,7,3,24,14,10,34,6,38,86,9,17,30,25,26,10,20,34,16,12,34,73,34,30,21,20,19,17,32,38,12,15,15,20,10,17,14,26,27,13,44,9,31,15,15,29,1,35,33,8,11,33,27,18,32,19,13,36,12,13,25,29,23,19,27,14,33,22,71,75,13,34,15,17,25,34,16,15,30,13,17,13,29,24,10,15,29,9,37,6,39,20,21,38,15,16,40,22,36,34,12,38,7,18,20,7,11,12,15,44,7,11,18,19,27,10,11,27,32,5,24,26,5,21,6,31,23,12,7,46,22,48,26,10,20,23,2,22,41,16,25,14,10,25,19,26,21,12,13,35,22,30,20,15,8,9,9,27,21,16,30,13,16,30,3,26,9,23,12,2,21,18,18,8,13,65,14,13,19,20,14,11,36,17,12,27,26,17,13,14,18,56,26,15,20,23,19,10,44,31,11,8,31,13,22,29,13,11,49,29,27,65,28,11,9,24,16,74,47,32,20,23,16,32,22,30,2,20,37,32,13,15,32,32,13,15,29,21,14,27,24,26,13,25,23,28,23,7,11,32,8,21,23,29,14,19,29,6,18,27,18,30,16,49,10,17,43,33,10,23,12,17,18,36,22,15,15,23,13,41,25,22,33,17,17,64,31,20,19,33,8,10,17,35,17,26,26,22,38,40,35,15,13,16,7,8,19,32,11,5,6,21,28,16,22,19,10,9,23,35,37,30,23,15,29,30,13,18,12,26,27,9,3,29,7,29,12,17,29,18,25,8,20,32,8,34,32,38,12,18,27,8,41,10,26,26,7,29,22,14,5,10,30,30,23,35,20,25,28,20,24,21,7,23,34,9,71,13,10,19,32,9,20,18,14,28,23,7,16,44,17,13,14,21,36,4,9,20,11,24,13,19,7,23,14,24,5,46,5,10,27,33,74,30,14,21,8,19,9,29,8,22,15,30,31,25,32,22,34,14,20,33,76,12,9,14,24,72,20,14,5,29,17,14,6,18,8,18,29,20,31,10,9,12,12,69,27,15,15,9,22,10,17,16,34,47,10,35,34,17,21,32,23,32,18,23,30,14,28,33,5,24,10,22,21,34,7,7,31,39,62,12,14,13,33,33,21,22,21,16,11,35,24,10,20,4,32,34,22,19,19,7,62,21,19,20,16,33,19,28,12,18,39,10,24,15,18,11,7,32,27,11,13,5,19,36,21,26,14,29,7,25,4,29,11,12,10,10,16,24,30,22,30,25,46,42,12,30,18,6,10,9,14,24,3,74,22,16,21,83,35,15,27,14
OGFRL1,0,0,0,0,0,1,0,0,0,0,0,0,1,0,1,1,0,0,0,0,0,0,0,0,0,0,0,0,0,0,0,0,0,1,0,1,0,0,0,0,0,0,0,0,0,0,0,0,0,0,0,0,1,0,1,0,0,0,0,0,2,0,0,0,0,0,0,0,0,0,0,1,0,3,0,0,0,4,0,1,0,0,2,0,0,0,0,0,0,0,0,0,0,1,0,2,0,0,0,0,0,0,1,0,0,0,0,0,0,0,0,0,0,0,0,0,0,0,1,0,0,0,0,0,0,0,0,0,2,0,0,0,0,0,0,0,0,0,0,0,0,0,0,0,1,0,3,1,0,0,1,0,0,0,0,0,0,0,0,0,0,0,0,0,0,0,0,0,0,0,0,0,0,0,1,0,0,0,1,0,0,0,0,0,0,0,0,0,0,0,0,0,0,0,0,0,0,0,0,0,0,0,1,0,0,0,0,0,0,0,0,0,1,0,0,0,0,0,0,1,0,0,1,0,0,0,0,0,0,0,0,0,1,0,0,0,0,0,0,0,0,0,0,0,0,0,0,1,1,0,0,1,0,0,0,0,0,0,0,4,0,0,0,0,0,0,0,0,0,0,0,3,0,3,0,0,0,0,1,0,0,1,0,0,0,0,0,0,0,0,0,0,1,0,0,0,0,0,0,0,0,0,0,0,3,0,0,0,0,0,0,0,0,0,0,0,0,0,0,0,0,0,1,0,0,0,0,1,0,0,0,1,0,0,0,0,0,0,0,2,1,0,1,0,0,0,0,4,0,0,0,0,1,0,0,0,0,0,0,0,0,0,0,0,1,0,2,0,0,0,0,1,0,0,0,0,0,0,0,0,2,0,1,0,0,0,0,0,0,0,0,1,1,1,0,0,0,0,0,0,0,0,0,0,2,0,0,0,0,1,0,0,0,0,0,2,0,0,0,0,0,0,0,0,2,0,0,0,0,0,0,0,0,0,3,0,0,0,0,1,0,1,0,0,0,1,0,0,0,0,0,0,1,0,0,0,0,1,1,0,1,0,0,0,0,0,0,0,1,0,1,0,0,0,0,1,0,0,0,0,1,0,0,0,0,0,0,0,0,1,0,0,0,0,0,1,0,0,0,0,0,2,0,0,0,0,0,1,0,0,2,0,0,0,0,0,0,0,0,2,0,1,0,0,2,4,0,0,0,0,0,0,0,0,1,0,0,2,0,0,0,0,0,0,0,0,2,0,0,0,0,1,0,0,0,0,0,0,0,0,0,0,0,0,0,0,0,0,0,0,0,0,0,0,0,1,0,0,0,0,0,0,0,1,0,0,0,0,0,0,0,0,0,0,0,0,0,0,0,0,0,0,1,0,0,0,0,0,0,0,1,0,0,0,0,0,0,0,1,0,0,0,0,0,0,1,0,0,0,0,0,0,0,0,0,0,0,0,1,0,0,0,1,0,0,0,0,0,0,0,0,0,0,0,0,0,0,0,0,1,1,0,0,0,0,0,1,0,0,0,0,0,1,0,0,0,0,0,0,0,0,1,0,0,0,0,0,0,0,0,0,0,0,0,0,0,0,0,0,0,0,0,0,0,0,1,0,0,1,1,0,0,0,0,0,0,0,0,0,0,0,0,0,0,0,0,0,0,0,0,0,0,0,0,1,0,0,0,0,0,0,0,0,0,0,0,0,0,0,0,0,0,0,1,0,0,0,0,0,0,0,1,0,0,0,0,0,0,0,0,0,0,0,0,1,0,1,0,2,0,0,0,0,1,1,0,0,0,0,0,0,0,0,0,1,0,0,0,1,0,0,0,0,0,0,0,0,0,0,0,0,2,0,0,0,0,0,0,0,0,0,0,2,0,0,0,0,0,0,1,0,0,0,0,0,0,0,1,0,0,1,1,0,1,0,0,0,0,0,0,0,0,1,0,0,0,0,0,0,0,0,0,0,0,0,0,0,0,1,0,0,0,1,0,0,0,0,0,0,0,0,0,0,0,1,0,1,0,0,0,0,0,0,0,0,0,0,0,0,0,0,0,0,0,0,0,0,0,0,0,0,0,0,0,0,0,0,0,0,0,0,0,1,0,0,1,0,0,1,2,0,0,0,0,1,0,0,0,0,0,0,0,0,0,0,0,1,0,0,0,0,0,0,0,0,0,0,0,0,2,0,0,0,0,0,0,0,0,0,1,0,0,1,0,0,0,0,0,1,0,0,1,0,3,0,0,0,0,0,0,0,0,0,0,0,1,0,0,0,0,0,0,0,0,0,0,0,0,1,0,0,0,0,0,0,0,0,0,1,0,0,0,0,0,0,0,2,0,0,0,1,1,0,0,0,0,0,1,0,0,0,0,1,0,0,0,0,0,0,0,0,3,0,0,0,0,0,0,1,0,0,0,0,1,1,1,1,1,0,1,0,0,0,0,0,0,0,1,0,0,0,0,0,0,0,0,0,0,0,0,1,0,0,0,0,0,0,0,0,0,0,1,0,0,1,0,0,0,0,0,0,0,0,0,0,0,1,0,0,0,0,0,0,0,0,0,0,0,0,0,0,0,0,0,0,0,0,0,0,0,0,0,0,0,0,0,0,0,0,0,0,0,0,0,0,0,0,0,0,0,0,0,0,0,0,0,0,0,0,0,0,0,0,0,0,0,0,0,0,2,0,0,1,0,0,0,0,0,0,0,0,0,0,0,0,0,0,0,1,0,0,0,0,0,0,0,0,0,0,3,0,0,0,0,1,1,0,0,0,0,0,0,0,0,0,0,0,0,0,0,1,0,0,0,0,0,0,0,0,0,0,0,0,0,0,0,0,0,1,0,0,0,1,0,0,0,1,0,0,0,0,0,3,0,0,0,0,0,0,0,0,1,0,0,0,0,0,0,0,1,0,0,0,0,0,0,0,0,0,1,0,0,0,0,2,0,0,0,0,0,0,0,0,0,0,0,0,0,0,0,0,0,0,0,0,0,0,0,0,0,0,0,0,1,0,0,0,1,0,0,0,0,0,0,0,0,0,1,0,0,0,0,0,0,0,0,0,0,0,0,0,0,0,0,1,0,0,1,2,0,0,1,0,1,1,2,0,1,0,0,0,0,0,0,2,0,0,0,0,0,0,0,0,0,0,0,0,0,0,0,1,0,0,0,0,0,0,0,0,1,0,0,0,0,0,1,0,0,0,0,0,0,0,0,0,0,0,0,0,0,2,0,0,0,0,0,0,0,0,0,0,0,0,0,0,0,0,0,0,0,1,0,0,0,0,0,0,0,0,1,0,0,1,0,0,2,0,0,0,0,0,0,0,0,0,0,0,0,0,0,0,0,0,0,0,0,0,0,0,1,0,0,0,0,0,0,0,0,1,0,0,1,0,1,0,0,0,0,1,0,0,0,0,0,0,0,0,0,0,0,0,0,0,0,0,0,0,0,0,0,0,2,1,0,0,0,1,2,0,0,0,0,0,0,0,0
ATG3,0,0,0,0,1,2,1,0,0,0,1,0,2,0,0,5,0,0,2,0,0,0,1,1,0,0,1,0,0,0,0,0,0,0,0,0,1,0,2,1,0,0,2,0,0,0,1,0,0,1,0,1,0,1,2,0,0,0,0,0,3,0,0,0,0,1,0,0,1,0,0,0,0,1,0,1,0,2,0,3,0,0,1,0,0,1,0,0,1,0,0,0,0,0,0,0,0,0,2,0,1,0,0,0,0,1,0,0,3,1,0,1,0,1,2,2,0,1,0,0,0,0,0,0,0,1,1,0,1,0,0,1,1,0,0,0,0,0,2,0,0,0,0,0,5,0,0,1,1,0,2,0,0,1,0,0,0,0,0,2,1,1,0,0,0,0,1,0,1,4,0,0,0,0,0,0,0,0,0,0,0,1,0,2,1,1,0,0,2,1,2,1,0,1,0,0,1,0,0,0,1,0,1,1,0,0,0,0,0,0,0,0,0,1,0,0,0,0,0,0,0,0,0,0,1,0,0,1,0,0,0,0,2,3,1,0,0,0,0,0,0,0,0,0,0,0,0,3,0,1,0,1,1,0,1,0,0,0,0,0,0,0,0,1,0,0,0,0,0,0,0,2,1,0,1,0,1,1,2,0,0,1,0,0,1,0,0,0,0,0,0,0,1,0,0,0,0,0,0,0,0,0,0,1,1,0,0,0,5,0,0,1,0,0,0,0,0,1,0,0,0,0,4,0,1,0,0,0,0,0,0,3,0,0,1,0,0,1,0,0,0,0,0,0,1,0,0,1,0,1,1,0,4,0,0,0,0,0,1,1,0,0,0,0,0,0,7,0,0,0,0,1,0,0,0,2,0,0,0,0,0,0,0,0,0,0,0,0,0,0,0,7,1,6,0,0,0,0,0,2,2,0,0,0,3,0,0,0,0,0,0,1,2,0,1,0,1,1,0,0,2,0,1,0,1,2,0,0,0,0,0,1,0,0,2,0,0,0,0,0,0,2,2,0,0,2,0,0,0,0,1,0,2,1,0,0,1,1,2,0,0,0,0,0,0,1,0,0,1,0,1,1,0,0,0,7,0,0,1,0,1,0,0,0,2,0,0,0,0,2,0,0,0,0,0,0,0,0,0,0,0,1,0,0,0,0,0,1,0,0,0,0,3,0,0,0,0,1,0,0,0,0,1,1,0,0,0,0,1,0,1,0,0,0,0,1,0,2,0,1,2,1,0,0,0,0,1,1,0,1,0,6,0,0,1,1,0,3,0,0,0,0,0,0,0,0,0,0,0,0,1,0,2,0,1,2,0,0,0,0,0,0,0,0,1,1,0,0,0,0,2,0,0,0,0,0,0,0,0,0,0,1,0,0,0,2,5,1,0,0,0,0,0,0,0,1,0,3,0,2,0,0,0,0,0,0,1,0,0,0,1,0,0,0,1,0,0,0,0,1,0,0,0,0,0,0,0,0,0,1,0,0,0,0,0,0,0,0,0,3,1,0,0,1,0,0,0,0,0,0,2,0,0,0,0,0,0,1,0,0,0,1,0,0,0,0,0,0,0,0,0,0,1,1,0,0,0,1,0,1,0,0,0,0,0,2,1,0,0,5,1,0,0,0,0,1,0,1,0,0,0,0,0,0,0,1,0,0,0,0,0,0,0,0,0,0,2,0,0,0,0,0,1,0,0,0,0,0,1,0,0,0,0,0,0,0,0,0,1,0,0,2,0,0,0,0,0,0,0,1,0,0,0,0,0,0,0,0,1,0,1,0,0,0,2,2,0,1,0,0,0,0,0,2,0,0,0,0,3,0,1,1,0,0,0,0,0,0,0,0,0,1,0,1,0,0,3,0,0,0,0,0,2,0,0,0,0,0,0,0,0,0,0,0,0,0,2,1,0,0,0,0,0,0,0,0,0,0,0,0,0,0,1,0,0,0,0,2,0,0,0,0,0,0,1,0,0,1,0,0,2,0,2,0,0,0,0,0,0,0,0,0,0,2,1,0,0,0,0,0,0,0,0,0,0,1,0,0,2,0,0,0,0,1,0,0,0,0,2,0,0,0,0,0,1,0,0,0,0,1,0,2,0,0,2,1,0,1,0,1,1,0,0,0,0,0,0,5,1,1,0,0,0,0,0,0,1,1,0,0,0,0,0,0,0,0,2,0,0,0,0,0,0,0,0,1,0,0,0,0,0,3,0,0,0,1,0,0,0,0,1,0,0,3,0,0,0,0,0,1,0,0,0,0,0,0,0,0,0,0,0,0,0,0,0,0,0,0,0,0,0,0,2,0,0,0,0,0,2,0,2,0,1,0,0,0,1,0,0,0,0,6,0,0,0,3,0,1,0,1,0,0,1,0,0,0,0,0,0,0,0,1,0,1,1,1,1,0,1,0,0,0,2,1,0,0,0,0,0,0,2,0,0,1,0,0,0,0,2,1,0,0,0,0,0,0,2,0,0,0,0,0,0,0,0,0,0,0,0,0,1,0,3,0,1,0,0,0,2,0,0,0,0,1,0,0,0,0,0,1,0,0,1,1,1,1,0,0,0,0,0,0,0,0,0,0,1,0,0,0,1,1,1,0,0,1,0,0,0,0,0,0,0,1,0,0,0,0,1,0,0,0,1,0,0,0,0,0,0,1,0,0,0,0,0,0,2,0,0,2,0,0,1,0,0,0,1,0,2,2,0,0,0,0,0,0,1,0,0,0,0,0,0,0,0,1,0,0,1,0,0,0,0,3,0,0,5,0,0,0,1,0,0,1,0,0,1,0,0,0,1,1,0,0,0,1,0,0,0,0,0,0,0,0,1,1,1,0,0,0,3,0,0,0,0,1,2,0,1,0,1,0,2,1,1,0,0,0,0,0,1,2,0,0,0,0,0,0,0,0,1,0,2,2,0,2,0,0,1,3,0,0,0,0,0,0,0,0,1,0,2,0,0,0,0,0,0,0,0,0,3,0,0,0,0,0,0,0,0,0,0,1,0,1,0,0,0,0,1,0,0,1,0,0,0,0,0,0,2,0,0,0,0,0,0,0,0,0,0,0,0,1,0,0,0,0,1,0,0,0,0,4,0,2,1,1,0,1,0,1,0,0,1,1,1,0,1,1,0,3,0,0,1,0,0,0,1,0,0,0,7,0,0,0,0,0,0,1,1,5,0,0,0,0,1,0,0,0,0,0,1,0,0,0,0,0,0,1,0,0,0,0,0,2,1,0,0,0,1,1,0,0,0,0,0,0,0,0,1,0,0,0,0,0,0,0,0,0,0,1,0,0,0,0,0,2,1,0,0,0,0,0,1,0,0,0,1,0,0,0,0,0,0,2,3,1,0,0,1,3,0,0,1,0,0,0,0,3,3,1,0,0,1,1,0,0,1,0,0,0,0,2,0,0,0,0,0,0,0,0,1,0,0,0,0,0,0,0,0,2,0,1,0,0,1,0,0,1,0,1,1,0,0,0,0,0
PPT1,0,0,1,0,0,1,0,0,0,0,0,1,0,0,1,1,0,0,2,0,0,0,0,0,0,0,0,0,1,0,0,0,0,0,0,0,0,1,2,0,1,0,2,0,0,0,0,2,2,0,0,1,1,1,1,1,0,2,0,0,3,0,0,0,1,0,0,0,0,0,0,0,0,0,1,1,0,1,1,2,0,0,0,0,0,0,0,0,0,0,1,1,0,1,0,0,0,0,0,0,0,0,0,0,0,1,0,0,3,1,1,0,1,0,0,1,0,0,1,0,0,1,0,0,0,2,0,0,1,0,0,1,0,0,0,0,0,0,0,0,0,0,1,0,2,1,0,1,1,0,0,0,0,0,0,1,0,0,0,0,1,0,1,0,0,0,2,0,0,1,0,0,0,0,0,0,0,0,2,1,0,1,1,0,1,0,0,0,0,0,4,3,0,0,0,0,1,1,0,0,1,1,0,0,0,0,0,0,0,1,0,0,1,0,0,0,0,0,0,1,0,0,0,0,1,0,1,0,0,0,1,0,0,0,0,0,0,0,1,0,0,1,0,0,0,0,1,0,0,0,0,0,1,0,0,0,0,0,1,3,1,0,0,1,0,0,0,0,1,0,0,2,0,0,0,0,0,1,0,1,2,0,1,1,0,0,0,0,1,0,0,0,2,0,0,0,1,0,2,1,0,1,0,0,0,0,0,0,3,0,0,0,0,1,0,0,0,0,0,0,0,0,2,0,0,0,0,0,0,0,0,2,0,0,1,0,0,0,0,0,3,0,3,0,0,1,0,2,0,0,1,0,0,0,0,2,0,1,1,0,0,1,0,1,0,0,6,0,0,0,0,2,1,0,0,5,0,0,0,1,2,1,0,0,0,0,0,1,0,1,0,1,0,0,0,0,0,0,2,0,2,0,0,2,0,0,0,0,0,0,0,0,0,0,1,2,0,0,0,0,4,0,1,0,2,0,0,1,0,0,0,0,0,0,1,0,0,1,0,4,0,0,3,0,0,4,0,1,1,0,0,1,0,0,1,1,0,1,2,0,0,0,1,1,1,0,1,0,2,0,0,0,0,0,0,2,1,0,0,0,1,0,0,0,0,0,0,0,0,1,0,0,0,0,1,3,0,0,0,0,1,2,0,1,1,0,0,3,0,0,0,0,0,0,0,0,0,0,1,2,0,0,0,2,1,3,0,0,0,0,0,0,0,1,1,0,1,2,0,0,0,0,0,0,0,0,0,0,1,0,0,1,0,0,0,3,0,0,0,0,0,0,0,0,0,0,0,0,0,0,0,0,0,0,0,2,1,1,0,0,0,0,0,3,0,0,0,0,0,2,0,0,0,0,0,0,0,1,0,0,0,2,0,0,0,5,1,0,0,0,0,0,0,0,0,1,0,0,0,2,0,0,0,0,0,0,0,1,1,0,0,0,0,0,0,0,1,0,0,0,1,3,0,0,0,0,0,2,0,0,0,0,0,2,0,0,0,0,0,1,1,2,1,0,1,1,0,0,1,0,0,0,1,0,0,0,2,0,0,0,0,3,0,1,3,0,0,1,1,0,1,1,1,0,0,0,0,1,0,0,0,0,1,0,0,0,0,1,0,8,0,1,0,0,0,0,0,0,0,0,2,0,0,1,0,1,0,0,0,0,1,0,0,0,0,0,0,1,0,1,1,0,0,0,0,0,0,0,0,0,0,0,1,0,0,0,0,0,0,0,0,1,0,2,1,1,0,0,1,0,1,0,0,0,1,0,0,0,1,1,0,0,0,1,2,3,0,0,0,1,1,0,0,0,0,0,1,0,1,0,0,0,0,0,0,0,0,0,2,0,0,2,0,1,0,0,0,0,0,1,0,0,2,0,0,0,0,0,0,0,0,0,1,1,0,0,0,0,1,1,0,0,1,0,1,0,0,0,1,0,0,0,0,0,0,0,1,6,0,0,0,0,0,0,0,0,0,0,0,0,0,0,1,0,0,0,0,2,0,2,0,0,1,0,2,0,0,0,0,0,0,0,0,1,1,2,0,0,2,0,0,0,0,0,3,1,0,1,3,3,1,0,0,0,0,1,1,1,0,1,1,3,1,0,0,0,0,0,0,0,0,0,0,0,0,0,0,2,0,0,0,1,0,0,0,0,1,0,0,0,0,0,1,0,0,0,0,1,0,1,0,0,1,0,1,0,0,0,0,0,1,5,1,0,0,1,0,0,0,0,0,0,0,5,0,2,0,2,0,0,0,0,0,0,0,0,1,0,0,0,0,0,0,0,1,0,0,0,1,1,1,0,2,0,0,1,0,1,0,0,0,0,1,0,0,0,0,2,0,0,1,6,0,0,0,1,0,2,1,0,1,0,1,1,0,0,0,1,0,0,0,0,0,0,1,0,0,0,0,0,0,0,1,1,1,0,0,1,0,0,1,0,0,1,1,1,0,0,2,4,2,0,0,2,0,0,0,0,0,0,1,1,0,9,2,0,0,0,0,0,1,0,0,2,0,0,0,0,0,0,0,0,0,0,0,0,2,0,1,0,0,0,3,0,0,0,0,1,1,0,0,0,1,1,0,0,0,1,0,0,0,1,1,1,0,0,0,0,1,0,0,0,0,1,0,0,0,0,0,1,0,2,0,0,2,0,0,0,1,1,0,0,0,1,0,1,2,1,2,3,0,0,1,1,0,1,1,0,0,1,0,0,0,0,0,0,0,0,0,0,0,0,0,1,1,0,0,0,0,0,0,0,1,1,1,0,3,0,0,0,0,0,0,0,0,0,1,2,1,0,0,3,0,0,1,0,0,0,2,0,0,1,0,0,0,1,0,0,0,0,0,1,2,2,0,1,3,0,0,0,0,2,1,2,0,0,0,0,0,0,0,2,0,1,0,0,0,1,0,1,3,0,9,1,0,0,0,0,0,2,0,1,0,0,0,0,0,0,1,1,3,1,0,1,0,0,0,0,0,1,0,0,0,0,0,0,1,0,0,0,0,1,0,2,0,0,0,1,1,2,1,0,1,0,0,0,0,1,3,1,3,1,0,0,0,0,0,0,1,1,0,1,0,0,0,0,0,0,0,0,1,4,0,1,0,3,0,0,1,1,0,0,1,0,1,0,0,0,0,4,0,0,0,1,1,1,0,0,0,1,1,0,1,0,0,3,0,1,0,2,0,2,0,0,0,0,0,0,0,0,1,0,1,1,2,0,0,9,0,0,0,0,1,0,0,0,0,0,0,2,0,0,0,0,0,1,0,0,0,0,1,1,0,0,1,0,0,1,0,0,1,0,0,0,0,2,0,1,1,0,0,0,0,0,0,0,2,0,0,0,1,0,1,0,8,0,1,0,1,4,0,1,0,0,0,0,0,0,1,1,0,0,0,2,0,0,0,0,1,0,0,3,0,0,1,0,0,0,0,0,1,1,0,0,0,0,0,0,0,0,1,1,0,0,1,1,2,2,0,1,0,0,0,0,0,1
LIMS1,0,0,0,0,0,0,0,1,0,0,0,0,0,0,0,0,0,0,0,0,0,0,0,0,0,1,0,0,1,0,0,0,0,0,0,0,0,0,1,0,0,0,0,0,0,0,0,0,0,0,0,0,0,2,0,0,0,0,0,0,0,3,0,0,1,0,0,4,1,0,0,0,0,1,1,0,0,1,0,1,0,0,1,1,0,0,0,0,0,0,0,0,0,1,0,0,0,0,0,1,1,0,0,0,0,0,0,0,0,0,0,0,0,0,0,0,0,0,0,0,0,0,6,0,0,0,1,0,0,0,0,0,0,0,0,0,0,0,0,0,1,0,0,0,0,0,0,0,1,0,0,0,0,0,0,1,1,0,0,1,0,0,1,0,0,1,1,1,1,0,0,0,0,1,0,0,0,0,2,0,0,0,0,0,0,0,0,0,0,0,0,0,0,0,0,0,0,0,4,0,0,0,0,1,0,0,0,1,0,0,0,0,0,0,0,0,0,0,0,2,0,0,0,0,1,0,0,0,0,0,0,0,0,0,0,0,0,1,0,0,0,0,0,0,1,0,0,1,1,0,0,1,0,0,0,0,0,0,0,1,0,0,0,1,0,0,0,0,0,0,0,0,0,0,0,0,0,2,0,0,0,0,0,3,0,0,0,0,0,0,0,0,0,0,0,0,0,0,0,0,0,0,0,0,2,0,0,0,1,0,0,0,0,0,0,0,0,1,0,0,1,0,1,0,0,0,0,0,0,0,0,1,0,0,0,0,0,0,0,1,0,0,0,0,0,0,0,0,1,0,0,0,1,0,0,0,0,0,0,0,0,0,0,1,0,0,0,0,0,0,0,0,0,0,0,0,0,0,0,1,0,0,0,0,0,0,0,0,0,0,2,0,0,1,0,1,0,0,0,1,0,0,0,0,0,1,0,0,0,0,0,0,0,0,0,0,0,0,0,0,0,1,0,0,0,0,0,1,0,0,0,0,0,0,0,0,0,0,0,2,0,0,0,0,0,1,0,1,0,0,0,1,0,0,1,0,1,0,1,0,0,0,0,0,1,2,0,1,1,0,1,1,0,0,0,2,0,0,0,0,1,0,0,0,0,0,0,1,0,0,0,0,0,0,0,1,0,0,0,0,0,0,0,0,0,0,0,0,0,0,0,0,0,0,0,0,0,0,0,1,0,0,0,1,0,1,0,0,0,0,0,0,0,0,1,0,0,1,0,1,1,0,0,0,0,1,0,0,0,0,0,0,0,0,0,1,0,1,0,0,1,0,0,0,0,0,1,0,3,0,0,0,0,0,0,0,0,0,1,0,1,0,0,0,1,0,1,0,0,0,0,0,0,0,0,0,0,0,0,0,0,0,1,1,0,2,0,0,0,0,0,0,0,0,2,0,0,0,0,0,0,0,0,0,0,0,0,0,0,0,1,0,0,0,0,0,0,0,3,0,0,0,1,1,0,0,1,0,0,0,0,0,0,1,0,0,0,0,0,1,0,0,0,0,0,0,0,0,0,0,0,0,0,0,2,1,0,0,0,0,0,0,0,0,0,1,0,1,0,0,0,0,0,0,0,0,0,0,0,0,3,0,0,0,0,0,0,0,0,0,0,1,0,0,0,0,0,0,0,0,0,0,0,2,0,0,0,0,0,0,0,0,0,0,0,0,1,0,1,0,0,0,0,0,0,0,0,0,1,0,1,0,1,0,0,0,0,0,0,0,0,0,0,0,0,0,1,0,0,0,0,1,0,0,0,0,0,1,0,0,0,0,0,0,1,1,1,0,0,0,0,0,0,0,2,1,0,0,1,0,0,0,0,0,0,0,2,0,0,1,0,2,0,0,0,0,0,1,0,0,0,0,0,0,0,0,0,0,0,1,1,0,0,0,0,0,0,0,0,0,0,1,7,0,0,1,0,0,0,1,0,0,0,0,0,0,1,2,0,0,0,0,0,0,0,0,0,0,0,0,0,0,1,0,0,0,0,0,0,0,0,0,1,0,2,0,0,0,0,0,0,0,0,0,0,0,1,0,1,0,0,1,1,0,0,0,0,0,0,0,0,0,0,0,0,0,0,0,0,0,0,0,0,0,0,0,0,0,1,0,1,0,0,0,0,0,0,0,0,1,0,0,3,0,1,0,0,0,0,0,0,0,1,0,0,0,0,0,0,0,0,0,0,0,0,1,0,1,0,0,0,0,0,0,0,0,0,0,0,0,0,1,0,0,0,2,0,0,0,0,0,0,0,0,0,0,0,1,0,1,0,0,2,0,1,0,0,0,0,0,0,0,0,0,0,0,0,0,0,0,0,0,0,1,0,0,0,1,0,0,1,0,0,0,0,1,0,0,0,1,0,0,0,0,0,0,0,0,0,0,1,1,0,0,0,0,1,0,0,0,0,1,2,3,0,1,0,1,0,0,3,0,0,0,0,0,0,0,0,0,1,0,0,0,0,2,1,0,2,0,0,0,1,0,0,1,0,0,0,0,0,0,2,1,1,0,0,0,0,0,1,0,0,1,0,0,0,0,0,0,0,0,1,0,0,1,0,0,0,0,0,0,0,0,0,0,0,0,0,0,1,0,1,0,0,0,0,0,0,0,0,0,0,1,0,0,0,0,0,0,0,0,0,0,0,0,0,0,0,0,0,0,0,0,0,0,0,0,0,1,0,0,1,0,0,0,0,0,0,0,0,4,0,0,0,0,0,0,0,1,0,0,0,0,0,2,0,1,0,1,0,0,0,1,0,2,0,0,0,0,0,1,0,0,1,0,0,2,0,0,1,1,0,0,0,0,0,0,0,0,2,0,0,0,0,0,0,1,0,0,1,0,0,0,0,0,1,0,0,0,0,0,0,0,0,0,0,0,0,0,0,0,0,0,0,0,0,0,0,0,1,0,1,1,0,0,10,0,0,1,0,0,0,0,0,0,0,0,0,0,1,0,0,0,0,0,0,2,0,0,0,0,1,0,0,0,1,0,0,0,0,0,0,0,0,0,0,0,0,2,0,0,0,0,0,0,0,1,3,0,0,0,0,0,0,0,0,0,0,0,0,1,0,0,0,0,0,0,0,0,0,0,1,0,0,0,0,2,0,0,0,0,0,0,0,0,0,0,0,0,0,0,0,0,0,0,0,0,0,0,0,0,0,0,0,0,0,1,0,0,0,0,0,1,0,0,0,1,0,0,0,0,0,0,0,0,0,2,0,0,0,0,0,0,0,0,0,0,0,0,0,0,0,0,0,1,0,0,0,0,0,1,1,0,1,0,0,0,1,0,0,0,3,0,0,0,0,0,0,6,1,0,0,0,0,0,0,1,1,0,0,0,0,0,0,0,1,0,0,0,0,0,0,1,0,0,0,0,0,0,1,1,1,3,0,0,0,0,0,0,0,1,0,1,0,0,0,0,1,0,0,0,2,0,0,0,1,0,0,0,0,1,0,0,0,0,0,0,0,0,1,3,0,0,0,0
NAP1L1,2,1,0,1,2,4,3,1,1,0,2,1,4,4,1,12,3,0,1,1,1,5,2,4,1,2,0,0,2,2,0,2,2,1,1,0,5,5,3,4,3,0,3,6,2,1,2,1,5,0,1,1,2,1,2,0,0,1,3,1,3,3,2,2,0,3,4,2,2,1,0,7,3,0,1,1,0,1,2,4,3,3,2,2,0,7,3,4,2,0,4,3,1,1,3,1,0,0,2,4,1,1,2,3,0,0,0,0,4,3,3,2,0,3,0,10,2,3,4,4,1,1,12,1,4,5,2,1,1,0,0,0,0,2,0,1,1,3,0,0,4,1,5,5,5,1,1,0,2,0,3,0,0,4,2,5,1,2,1,0,0,0,1,2,1,3,0,2,3,6,1,0,2,3,2,1,3,1,3,4,1,1,4,2,2,7,5,3,5,15,8,5,2,4,4,2,1,0,2,2,0,1,3,2,2,0,1,3,3,1,2,0,0,0,1,1,2,2,5,5,1,5,3,2,2,2,2,1,3,4,1,2,12,11,1,2,0,2,3,1,1,1,2,0,1,0,1,1,4,1,3,4,0,1,0,1,1,2,1,2,0,0,3,5,3,1,1,1,3,0,0,3,1,6,2,2,2,7,3,5,1,0,2,3,5,3,1,4,0,0,2,1,0,0,0,1,1,2,3,1,4,1,2,4,1,0,3,1,13,1,0,0,0,0,1,3,3,2,2,1,1,1,2,1,0,0,2,8,0,4,0,4,4,1,1,1,2,4,7,5,8,1,2,0,4,2,2,2,2,1,2,1,12,1,0,2,2,4,5,2,4,2,0,1,5,3,14,1,1,0,0,0,0,2,0,3,0,2,3,2,6,0,1,2,0,1,1,7,1,0,1,18,2,10,2,2,3,1,0,6,0,0,0,5,3,5,1,0,2,3,5,4,3,3,1,6,2,0,0,0,5,5,2,1,8,0,0,2,1,0,2,3,2,3,2,4,0,2,2,3,0,3,6,0,1,8,1,0,2,0,1,2,3,1,2,1,2,3,0,1,3,3,2,3,3,4,1,1,2,1,4,1,0,1,2,11,3,2,2,2,4,3,0,2,1,5,1,1,1,3,0,3,0,1,1,3,1,2,0,1,0,0,1,1,0,2,0,2,0,0,1,0,1,0,0,2,0,5,5,5,2,3,3,4,2,2,2,2,1,1,2,4,2,2,2,1,0,12,2,2,24,4,2,0,0,3,5,4,5,4,2,5,0,1,2,2,2,12,2,5,1,3,5,0,2,2,2,1,1,2,5,0,2,0,2,3,1,5,2,3,2,0,2,2,1,1,1,1,2,1,1,0,0,5,0,5,4,0,2,0,2,2,0,0,5,9,3,2,0,1,3,5,0,0,6,2,2,6,3,1,1,2,1,0,0,0,1,1,1,1,2,3,1,0,0,2,3,2,0,0,0,0,1,5,1,3,2,5,3,0,0,2,0,1,2,1,1,2,0,1,2,3,2,0,3,2,0,0,1,2,2,3,0,1,3,4,1,2,2,0,0,2,6,0,0,1,1,3,0,1,4,0,2,0,2,1,2,2,1,0,1,1,4,1,2,3,6,0,1,17,1,2,2,5,1,2,0,3,1,1,2,3,1,5,1,2,0,3,1,1,1,3,0,1,2,2,1,0,2,1,1,2,1,1,4,0,1,2,2,1,4,4,3,4,0,0,2,3,2,2,2,1,0,6,2,2,2,1,5,1,1,4,3,1,4,1,2,3,0,1,0,1,1,1,2,7,1,2,1,5,0,0,0,0,0,1,1,4,2,0,4,0,0,4,2,1,1,2,1,1,0,1,4,1,1,3,4,0,0,1,2,2,6,3,3,3,3,0,0,0,2,0,1,3,5,2,1,2,0,1,2,6,5,1,0,8,0,6,2,3,0,1,1,1,4,1,2,1,4,3,3,2,3,0,2,0,3,0,0,1,2,0,12,1,1,1,0,3,1,1,3,0,0,3,1,3,2,1,8,3,4,1,0,1,2,2,4,1,3,0,4,2,3,1,2,1,5,1,6,0,2,0,1,5,1,1,2,0,0,5,2,6,0,0,2,5,1,1,1,5,0,5,0,4,2,0,3,13,2,0,1,1,0,2,1,1,0,2,0,3,0,2,0,2,2,0,2,2,2,1,3,0,1,0,2,3,0,3,5,3,2,14,1,0,0,1,3,1,1,2,4,0,7,1,3,2,0,1,2,2,2,3,1,0,2,1,2,1,2,3,2,3,5,0,2,1,0,3,0,2,1,1,0,0,0,1,2,1,4,2,2,0,0,1,2,2,2,0,4,1,8,22,1,0,2,2,3,3,2,2,2,1,0,0,3,0,0,0,1,1,1,0,1,2,1,5,3,1,2,3,3,1,9,17,4,2,1,0,2,1,4,5,1,8,4,1,2,3,0,0,1,3,1,2,0,1,0,3,2,0,1,2,1,11,2,4,0,0,1,3,2,3,8,0,2,4,1,1,2,2,0,3,2,1,3,1,1,3,1,6,1,2,1,2,0,2,1,0,1,0,1,2,4,0,1,3,2,2,0,0,1,0,1,0,4,1,2,2,2,0,3,2,4,9,0,2,2,0,1,1,5,2,1,1,0,1,7,3,1,1,5,1,5,2,2,0,3,0,1,11,1,0,3,2,1,2,0,1,0,1,3,3,1,0,5,2,2,1,2,2,0,3,1,2,1,1,1,6,1,1,4,5,0,15,1,1,16,0,2,1,3,2,3,4,0,5,2,3,1,1,2,2,1,1,1,3,2,1,3,2,1,3,3,2,4,0,1,9,3,1,12,3,1,0,4,1,17,0,3,3,5,3,2,4,1,2,2,0,0,1,0,4,1,1,2,3,2,1,0,0,2,4,8,8,1,3,1,4,1,4,0,2,8,2,1,2,1,3,5,2,9,1,2,1,1,3,3,0,1,0,1,3,3,1,3,1,3,4,0,3,3,1,3,0,3,1,2,1,0,2,4,2,1,1,1,2,0,1,12,5,2,0,4,0,1,1,2,0,2,2,0,2,3,2,8,1,1,5,2,2,1,13,1,2,2,6,2,6,1,2,1,0,1,2,5,4,1,1,3,2,2,1,0,3,2,4,2,0,3,4,18,2,2,2,2,2,1,1,4,5,1,2,0,3,3,4,0,1,1,4,2,1,0,2,1,0,1,14,3,2,2,0,5,5,1,0,1,1,0,5,0,0,1,5,2,4,3,2,0,1,1,5,0,1,2,0,1,1,1,2,0,2,5,0,1,0,1,8,3,2,6,0,5,3,1,0,8,1,3,3,0,2,1,1,7,1,2,2,2,3,5,4,0,1,2,1,1,2,5,0,0,1,0,1,0,0,4,2,5,3,3,9,1,2,2,3,1,2,1,1,1,0,5,3,4,2,2,4,2,0,3,0,2,2,1,1,2,11,4,2,1,4,2,1,3,1
PPP1R14A,0,0,0,0,0,0,0,0,0,0,0,0,0,0,0,0,0,0,0,0,0,0,0,0,0,0,0,0,0,0,0,0,0,1,0,0,0,0,1,0,0,0,0,0,0,0,1,0,0,0,0,0,0,0,0,0,0,0,0,0,0,0,0,0,0,0,0,0,1,0,0,0,0,0,0,0,0,0,0,0,0,0,0,0,0,0,0,0,0,0,0,0,0,0,0,0,0,0,0,1,0,0,0,0,0,0,0,0,0,0,0,0,0,0,0,0,0,0,0,0,0,0,1,0,0,0,0,0,0,0,0,0,0,0,0,0,0,0,0,0,0,0,0,0,1,0,0,0,0,0,0,0,0,0,0,0,0,0,0,0,0,0,0,0,0,0,0,0,0,0,0,0,0,0,0,0,0,0,0,0,0,0,0,0,0,0,0,0,0,0,1,1,0,0,0,0,0,0,0,0,0,0,0,0,0,0,0,0,0,0,0,0,0,0,0,0,0,0,0,0,0,0,0,0,0,0,0,0,0,0,0,0,0,0,0,0,0,1,0,0,0,0,0,0,0,0,0,0,0,0,0,0,0,0,0,0,0,0,0,0,0,0,0,0,0,0,0,0,0,0,0,0,0,0,0,0,0,0,0,0,0,0,0,0,0,0,0,0,0,0,0,0,0,0,0,0,0,0,0,0,0,0,0,0,0,0,0,0,0,0,0,0,0,0,0,1,0,0,0,0,0,0,0,0,0,0,0,0,1,0,0,0,0,1,0,0,0,0,0,0,0,0,0,0,0,0,0,0,0,0,0,0,0,0,0,0,0,0,0,0,0,0,0,0,0,0,0,0,0,0,0,0,0,0,0,0,0,0,0,0,0,0,0,0,0,0,0,0,0,0,0,0,0,0,0,0,7,0,0,0,0,0,0,0,0,0,0,2,0,0,0,0,0,0,0,0,0,0,0,0,0,0,0,0,0,0,0,0,0,0,2,0,0,0,0,0,0,0,0,0,0,0,8,0,0,0,0,0,0,0,0,0,0,0,0,0,0,0,0,0,0,0,0,0,0,0,0,0,0,0,0,0,0,0,0,0,0,0,0,0,0,0,0,0,0,0,0,0,0,0,0,0,0,0,0,0,0,0,0,0,0,0,0,0,0,0,1,0,0,0,0,0,0,0,0,0,0,0,0,0,0,0,0,0,0,0,0,0,0,0,0,0,0,0,0,0,0,0,0,0,0,0,0,0,0,0,0,0,5,0,0,0,0,0,0,0,0,0,0,0,0,0,0,0,0,0,0,0,0,0,0,0,0,0,0,0,0,0,0,0,0,0,0,0,0,0,0,0,0,0,0,0,0,0,0,0,0,0,0,0,0,0,0,0,0,0,0,0,0,0,0,0,0,0,0,0,0,0,0,0,0,0,0,0,0,0,0,0,0,0,0,0,0,0,0,0,0,0,0,2,0,0,0,0,0,1,0,0,0,0,0,0,0,0,0,0,1,0,2,0,0,1,0,0,0,0,0,0,0,0,0,0,0,0,0,0,0,0,0,0,0,0,0,0,0,0,0,0,0,0,0,0,0,0,0,0,0,0,0,0,0,0,0,0,0,0,0,0,0,0,0,0,0,0,0,0,0,0,0,0,0,0,0,0,0,0,0,0,0,0,0,0,0,0,0,0,0,0,0,0,1,0,0,0,0,0,1,0,0,0,0,0,0,0,0,0,0,0,0,0,0,0,0,0,0,2,0,0,0,0,0,0,0,0,0,0,0,0,0,0,0,0,0,0,0,0,0,0,0,0,0,0,0,0,0,0,0,0,0,0,0,0,0,0,0,0,0,0,0,0,0,0,0,0,0,0,0,0,0,0,0,0,0,0,0,0,0,0,1,0,0,0,1,0,0,0,0,0,0,0,0,0,0,0,0,1,0,0,0,0,0,0,0,0,0,0,0,0,0,0,0,0,0,0,1,0,0,0,0,0,3,0,0,0,0,0,0,0,0,0,0,0,0,0,0,0,1,0,0,0,0,0,0,0,0,0,1,0,1,0,0,0,0,0,0,0,0,0,8,0,0,0,0,0,0,0,0,0,0,0,0,8,0,0,5,0,0,0,0,0,0,0,0,1,0,0,0,0,0,0,0,0,0,0,0,0,0,0,0,0,0,0,0,0,0,0,3,0,0,0,0,0,0,0,0,0,0,0,0,0,0,0,0,0,0,0,0,0,0,0,0,0,0,0,0,0,0,0,0,0,1,0,0,0,0,0,0,0,0,0,0,0,0,0,0,0,0,0,0,0,0,0,0,0,0,0,0,0,0,0,0,0,0,0,0,0,0,0,0,0,5,0,0,0,0,0,0,0,0,0,0,0,0,0,0,0,0,0,0,0,0,0,0,0,0,0,0,0,0,0,0,0,0,0,0,0,0,0,0,0,0,0,0,0,0,0,0,0,0,0,0,0,0,0,0,0,0,0,0,0,0,0,0,0,0,0,0,0,0,0,0,0,0,0,0,0,0,0,0,0,0,0,0,0,0,0,0,0,0,0,0,0,0,0,0,0,0,0,0,1,0,0,0,0,0,0,0,1,0,0,0,0,0,0,0,3,0,0,1,0,0,0,0,0,1,0,0,0,0,0,0,0,0,0,0,0,0,0,0,0,1,0,0,1,1,0,0,0,0,0,0,0,0,0,0,0,0,0,0,0,0,0,0,0,0,0,0,0,1,0,0,0,0,0,0,0,0,0,0,0,0,0,0,0,0,0,0,0,0,0,0,0,0,0,0,1,0,0,0,0,0,0,0,0,0,2,0,0,0,0,0,0,0,0,0,0,0,0,0,0,0,0,0,0,0,0,0,0,0,0,0,0,0,0,0,0,0,0,0,0,0,0,0,0,0,0,0,0,0,0,0,0,1,0,0,0,0,0,1,0,0,0,0,0,0,0,0,0,0,0,0,0,0,0,0,0,0,0,0,0,0,0,0,0,0,0,0,0,0,2,0,0,0,0,1,1,0,0,0,0,0,0,0,0,0,0,0,0,0,0,0,2,0,0,0,0,0,0,0,0,0,0,0,0,0,0,2,0,0,0,0,0,0,0,0,0,0,0,0,0,0,0,0,0,0,0,0,0,0,0,0,0,0,0,0,0,1,0,0,0,0,0,0,0,0,0,0,1,0,1,0,0,0,0,0,0,0,0,0,0,0,0,0,0,0,0,0,1,0,0,0,0,0,0,0,0,0,0,0,0,0,0,0,0,0,0,0,0,0,0,0,0,0,0,0,0,0,0,0,0,0,0,0,0,0,0,0,0,0,0,0,0,0,0,0,0,0,0,0,0,0,0,0,0,0,0,0,0,0,0,0,0,0,0,0,0,0,0,0,0,0,0,0,0,0,0,0,0,0,0,0,0,0,0,0,0,0,0,0,0,0,0,0,0,0,0,0,0,0,0,0,0,0,0,0,0,0,0,0,0,0,0,0,0,0,0
RAP1B,0,0,1,0,0,0,0,1,0,0,1,1,0,1,0,2,1,0,0,1,0,0,0,1,1,0,1,0,2,0,0,0,0,1,0,0,2,4,0,0,0,0,2,0,1,1,0,1,2,0,1,0,0,6,2,0,1,3,0,0,0,1,0,0,2,1,0,4,1,0,1,1,0,0,0,0,4,0,0,1,0,0,0,1,1,1,0,1,0,0,1,0,1,0,0,0,0,0,0,2,1,0,2,1,0,0,0,0,1,0,1,4,1,0,1,2,1,2,0,1,0,0,3,0,0,1,0,0,0,0,1,1,1,1,0,0,0,0,0,2,3,0,1,1,1,2,0,0,0,1,1,0,1,0,0,0,0,0,0,0,0,0,0,0,3,1,0,0,1,6,0,0,2,0,0,0,0,1,1,0,1,0,1,0,4,0,0,1,0,1,3,1,1,0,0,0,0,1,4,0,1,1,1,0,0,1,3,1,0,0,0,1,4,1,1,0,0,0,2,0,0,0,0,0,0,0,1,0,0,0,1,0,2,1,1,1,0,0,1,0,1,0,1,0,0,0,1,1,0,0,0,2,0,2,0,1,1,0,0,2,1,0,0,0,0,2,1,1,0,0,0,1,2,2,0,1,0,0,1,1,0,0,2,0,1,0,1,0,0,2,0,0,0,0,1,1,0,0,2,1,0,1,0,0,0,1,0,0,2,0,0,0,2,1,0,0,0,2,0,1,0,2,0,0,1,0,0,1,2,0,0,1,0,0,0,0,0,0,0,0,0,0,1,0,1,1,0,0,0,0,0,1,5,0,1,0,0,1,0,1,0,1,0,1,0,0,2,0,0,0,0,0,2,0,0,1,0,1,1,0,0,0,3,1,0,0,1,0,0,1,0,7,0,4,0,0,0,1,3,6,0,0,1,0,0,1,1,2,0,1,0,1,1,0,0,1,0,0,0,0,1,1,1,3,1,1,0,0,1,0,0,1,0,0,1,0,0,1,1,0,1,2,4,0,0,0,1,2,0,1,0,0,0,0,0,1,0,2,2,1,0,0,2,0,2,2,2,0,1,1,2,2,0,0,2,4,0,0,0,0,0,1,1,0,1,0,0,1,0,0,0,2,1,0,0,0,0,0,0,3,0,1,0,0,3,0,0,3,1,0,0,1,1,0,0,2,1,2,2,0,4,1,2,1,0,2,1,0,0,0,0,0,0,2,4,0,0,0,0,1,2,0,0,0,0,1,0,0,0,0,2,1,0,0,0,2,0,2,1,0,0,0,0,1,0,1,1,1,2,1,1,2,1,1,1,0,1,1,0,0,0,3,0,0,1,2,0,0,0,0,0,0,1,1,0,0,0,0,0,0,1,0,0,2,1,1,0,3,0,1,0,0,3,2,1,1,1,0,0,1,1,2,2,0,3,0,0,0,1,2,0,2,0,1,0,1,1,1,0,0,0,0,1,1,0,0,2,2,0,0,2,1,0,0,1,0,0,1,0,0,0,1,0,3,0,1,1,0,1,0,0,0,0,0,4,0,0,0,0,0,2,3,0,0,1,1,0,1,0,0,0,1,1,1,0,2,0,1,0,0,0,1,0,3,0,3,0,0,0,2,1,2,0,0,0,1,0,1,0,0,0,0,2,0,0,1,0,0,0,3,0,1,0,0,2,1,0,0,0,0,1,1,1,0,0,1,0,0,0,1,0,0,1,0,1,0,0,0,3,1,0,0,0,2,0,2,0,0,4,0,2,1,0,2,0,0,0,2,0,1,0,1,0,0,0,3,2,3,1,1,1,2,0,0,0,0,1,0,0,0,0,1,0,0,2,0,2,0,0,0,2,0,0,1,0,1,0,0,1,2,2,1,0,0,0,0,0,0,1,0,0,2,1,2,0,1,0,2,0,0,0,1,3,0,0,0,1,1,3,0,0,1,0,1,1,0,0,0,0,1,0,0,2,0,0,1,0,0,1,0,0,1,3,1,2,0,3,1,0,0,0,0,0,1,1,0,0,1,1,0,0,0,1,0,0,2,1,0,0,1,0,0,0,0,2,0,0,2,4,0,2,1,1,0,0,1,0,3,0,0,1,4,0,0,1,0,1,1,0,1,0,1,0,0,0,1,0,1,2,2,1,1,2,1,1,0,1,0,1,3,0,0,0,0,0,0,0,0,0,0,0,0,0,0,0,1,0,0,0,0,0,1,0,1,2,1,2,1,2,1,1,0,0,4,0,1,0,0,0,1,2,1,0,2,1,1,0,0,1,0,0,0,0,0,0,3,0,0,4,0,1,2,0,0,0,0,0,0,0,0,0,0,0,0,1,1,0,0,0,2,2,0,0,0,0,0,0,0,0,0,1,1,1,2,1,1,1,0,1,1,0,0,2,1,1,0,1,1,2,0,0,0,2,4,0,1,2,0,0,1,1,1,2,1,0,0,1,0,0,0,2,1,0,2,2,2,0,0,1,0,0,1,1,0,2,0,0,0,1,2,2,0,0,0,1,0,3,0,1,1,0,2,0,0,0,0,0,0,1,1,0,0,1,0,0,1,3,0,0,0,2,0,3,1,1,0,0,0,0,0,1,1,0,2,0,2,0,0,1,0,0,0,0,1,2,1,1,0,0,1,1,0,0,0,0,3,0,0,0,4,0,1,0,0,0,2,1,1,0,0,0,1,1,2,0,1,0,0,0,0,0,0,0,0,0,1,0,1,1,0,0,1,0,0,0,0,0,2,2,1,2,1,1,3,0,0,3,0,0,0,0,0,0,0,1,0,0,1,0,0,1,2,0,0,1,2,0,0,1,0,2,1,1,0,0,0,0,1,1,1,2,0,0,0,1,1,0,4,1,0,1,0,3,0,1,0,0,1,0,0,0,0,1,1,0,1,0,1,0,0,2,0,0,4,0,1,0,0,1,1,0,0,0,0,0,0,3,0,1,0,1,0,2,1,0,1,0,0,1,0,1,0,0,0,0,1,1,0,1,1,0,0,1,0,1,0,1,0,1,1,0,1,2,3,0,1,3,0,11,0,0,1,2,1,0,0,1,0,1,0,0,0,3,0,1,0,0,0,0,1,2,3,1,2,0,0,0,4,0,0,0,0,0,1,1,0,0,0,1,1,1,1,0,0,0,0,0,1,0,1,7,1,0,0,1,0,1,0,1,1,0,0,2,0,1,0,0,0,0,0,0,1,3,0,0,0,1,0,0,1,0,0,0,0,0,0,0,0,1,1,0,0,1,1,1,1,0,2,0,1,0,2,0,0,0,1,0,1,2,0,3,0,3,0,0,0,0,0,2,3,0,0,0,2,0,2,1,0,1,0,0,2,1,1,2,0,0,0,1,0,0,0,3,0,1,1,0,0,0,1,0,0,0,0,0,1,0,1,0,0,0,1,0,3,0,0,0,1,0,0,1,0,0,0,0,2,1,0,1,1,1,0,1,0,0,2,0,2,0,1,1,0,1,0,1,0
CLEC10A,0,0,0,0,0,1,0,0,0,0,0,0,0,0,0,0,0,0,0,0,0,0,0,0,0,0,0,0,0,0,0,0,0,0,0,0,0,0,2,0,0,0,0,0,0,0,0,0,0,0,0,0,0,0,0,0,0,0,0,0,0,0,0,0,0,0,0,0,0,0,0,0,0,0,0,0,0,0,0,0,0,0,0,0,0,0,0,0,0,0,0,0,0,0,0,0,0,0,0,0,0,0,0,0,0,0,0,0,4,0,0,0,0,0,0,0,0,0,0,0,0,0,0,0,0,0,0,0,0,0,0,0,0,0,0,0,0,0,0,0,0,0,0,0,0,0,0,0,1,0,0,0,0,0,0,0,0,0,0,0,0,0,0,0,0,0,0,0,0,0,0,0,0,0,0,0,0,0,0,0,0,0,0,0,0,0,0,0,0,2,0,2,0,1,0,0,0,0,0,0,0,0,0,0,0,0,0,0,0,0,0,0,0,0,0,0,0,0,0,0,0,0,0,0,1,0,0,0,0,0,0,0,0,0,0,0,0,0,0,0,0,0,0,0,0,0,0,0,0,0,0,0,0,0,0,0,0,0,0,0,0,0,0,0,0,0,0,0,0,0,0,1,0,0,0,0,0,3,0,0,0,0,0,0,0,0,0,0,0,0,0,0,0,0,0,0,0,0,0,0,0,0,0,0,0,0,0,0,0,0,0,0,0,0,0,0,0,0,0,0,0,0,0,0,0,0,0,0,0,0,0,0,0,0,0,0,0,0,0,0,5,0,0,0,0,0,0,0,0,0,0,0,0,0,0,0,0,0,0,0,0,0,0,0,0,0,0,0,0,0,0,0,0,0,0,2,0,0,0,1,0,0,0,0,0,0,0,0,0,0,0,0,0,0,0,0,0,0,0,0,0,0,0,0,0,0,0,0,0,0,0,0,0,0,0,11,0,0,0,0,0,0,0,0,0,0,0,0,0,0,0,0,0,0,0,0,0,0,0,2,0,0,0,0,0,5,0,0,0,0,0,0,0,0,1,0,0,0,0,0,0,0,0,0,0,0,0,0,0,0,0,0,0,0,0,0,0,0,0,0,0,0,0,0,0,0,0,0,0,0,0,0,0,0,0,0,0,0,0,0,0,0,0,0,0,0,0,0,0,0,0,0,0,0,0,0,0,0,0,0,0,0,0,0,0,0,0,0,0,0,1,0,0,0,0,0,0,0,0,0,0,0,0,0,0,0,0,0,2,0,0,6,0,0,0,0,0,0,0,0,0,0,0,0,0,0,0,0,0,0,0,0,1,0,0,0,0,0,0,0,0,0,0,0,0,0,0,0,0,0,0,0,0,0,0,0,0,0,0,0,0,2,0,0,0,22,0,0,0,0,0,0,0,0,0,0,0,0,0,0,0,0,0,0,0,0,0,0,0,0,0,0,0,0,0,0,0,0,0,0,0,0,0,0,0,0,0,0,0,0,0,0,0,0,0,0,0,0,0,0,0,0,0,0,0,0,0,0,0,0,0,0,0,0,0,0,0,0,0,0,0,0,0,0,0,0,0,0,0,0,0,0,0,0,0,0,0,0,0,0,0,0,0,0,0,0,0,0,0,1,0,0,0,0,0,0,0,0,0,0,0,0,0,0,0,0,0,0,0,0,0,0,0,0,0,0,0,0,0,0,0,0,0,0,0,0,0,0,0,0,0,0,0,0,0,0,0,0,0,0,0,0,0,0,0,0,0,0,0,0,0,0,0,0,0,0,0,0,0,0,0,0,0,0,0,0,0,0,0,0,0,0,0,0,8,0,0,0,0,0,0,0,0,0,0,0,0,0,0,0,0,0,0,0,0,0,1,0,0,0,0,0,0,0,0,0,0,0,0,0,0,0,0,0,0,0,0,0,0,0,0,0,0,0,0,0,0,0,0,0,0,0,0,0,0,0,0,0,0,0,0,0,0,0,0,0,0,0,0,0,0,0,0,0,0,0,0,0,0,0,0,0,0,2,0,0,0,0,0,0,0,0,0,0,0,0,0,0,2,0,0,0,0,0,0,0,0,0,0,0,0,0,0,0,0,0,0,0,0,0,0,0,0,0,0,1,0,0,0,0,0,0,0,0,0,0,0,0,0,0,0,0,0,0,0,0,0,0,0,0,0,0,0,0,0,0,0,0,0,0,0,0,0,0,0,0,0,0,0,0,0,0,0,0,0,0,0,0,0,0,0,0,0,0,0,0,0,0,0,0,0,0,0,0,0,0,0,0,0,0,0,0,0,0,0,0,0,0,0,0,0,0,0,0,0,0,0,0,0,0,0,0,0,0,0,0,0,0,0,0,3,0,0,0,0,0,0,0,0,0,0,0,0,0,0,0,0,0,0,0,0,0,0,0,0,0,0,0,0,0,0,0,0,0,0,0,0,0,0,0,0,0,0,0,0,0,0,0,0,0,0,0,0,0,0,0,0,0,0,0,0,0,0,14,0,0,0,0,0,0,0,0,0,0,0,0,0,0,0,0,0,0,0,0,0,0,0,0,0,0,0,0,0,0,0,0,0,0,0,0,0,0,0,0,0,0,0,0,0,0,0,0,0,0,0,0,0,0,0,0,0,0,0,3,0,0,0,0,0,0,0,0,0,0,0,0,0,0,0,0,0,0,0,0,0,0,0,0,0,7,0,0,0,0,0,0,0,0,0,0,0,0,0,0,0,0,1,0,0,0,0,0,0,0,0,0,0,0,0,0,0,0,0,0,0,0,0,0,0,0,0,0,0,0,0,0,0,0,0,0,0,0,0,0,0,0,0,0,0,0,0,0,0,0,0,0,0,0,0,0,0,0,0,0,0,0,0,0,0,0,0,0,3,0,0,0,0,0,0,0,0,0,0,0,0,0,0,0,0,0,0,0,0,0,0,0,0,0,0,0,0,0,0,0,0,0,0,0,0,0,0,0,0,0,0,0,0,0,0,0,0,0,0,0,0,0,0,0,0,0,0,0,0,1,0,0,0,0,0,0,0,0,0,0,0,0,1,0,0,0,0,0,0,0,0,0,0,0,2,0,0,1,0,0,0,0,0,0,0,0,0,0,0,0,0,0,0,0,0,0,0,0,0,0,4,0,0,0,0,0,0,0,0,0,0,0,0,0,0,0,0,0,0,0,0,0,0,0,0,0,0,0,0,0,0,0,0,0,0,0,0,0,0,0,0,0,0,3,0,0,0,0,0,0,0,0,0,0,0,0,0,0,0,0,0,0,0,0,0,0,0,0,0,0,0,0,1,0,0,0,0,0,0,0,0,0,0,0,0,0,0,0,0,0,0,0,0,0,0,0,0,0,0,0,0,0,0,0,0,0,0,0,0,0,0,0,0,0,0,0,0,0,0,0,0,0,0,0,0,0,0,0,0,0,0,0,0,0,0,0,0,0,0,0,0,0,0,0,0,0,0,0,0,0,0,0,0,3,0,0,0,0,0,0,0,0
PPM1K,0,0,0,0,0,0,0,0,1,0,0,0,0,1,0,0,0,0,0,0,0,0,0,0,0,0,0,0,0,0,0,0,0,0,0,0,0,1,0,1,0,0,0,2,0,1,0,0,0,0,0,0,0,0,0,0,1,0,0,0,0,0,0,0,0,0,0,0,0,0,0,0,0,0,0,0,0,0,0,0,0,0,0,0,0,0,0,0,0,0,2,0,0,2,2,0,0,0,0,1,0,0,0,1,0,0,1,0,0,1,0,0,0,0,0,0,0,1,0,0,0,0,1,0,0,0,2,0,0,0,0,0,0,0,0,0,0,0,0,1,0,0,0,1,1,0,0,0,0,0,0,0,0,0,0,0,0,0,0,1,1,0,2,0,0,0,0,0,0,3,0,1,0,0,0,0,0,0,0,0,0,0,0,0,0,0,0,0,0,0,0,0,0,0,0,0,0,1,0,0,1,0,0,0,0,0,0,0,0,0,0,0,0,0,1,0,0,1,3,0,0,1,0,1,0,0,0,0,0,0,0,0,0,2,0,0,1,0,0,2,0,0,2,0,0,0,0,0,0,0,0,0,0,0,0,0,0,0,0,0,0,0,2,0,2,1,0,0,1,1,0,1,0,0,2,1,0,0,0,0,0,1,0,1,0,1,1,0,2,0,1,0,0,0,0,0,0,1,0,0,0,0,0,1,0,0,1,0,0,0,0,0,0,0,0,0,0,0,0,0,0,0,0,0,0,0,0,1,0,0,0,0,0,0,0,1,0,0,0,0,0,0,0,0,0,0,0,0,0,0,0,0,0,1,0,0,0,0,0,0,0,0,0,0,0,0,0,1,0,0,0,0,0,0,0,1,0,0,0,0,0,0,0,1,0,0,0,0,0,0,0,1,0,0,1,0,2,0,0,0,1,0,0,0,0,0,0,0,0,0,0,0,0,0,0,1,0,0,0,0,0,0,0,0,0,0,0,0,1,0,0,1,0,1,0,1,0,0,0,0,0,1,0,0,2,0,0,0,0,0,0,0,0,1,0,0,2,1,0,2,3,0,0,0,0,1,0,0,0,0,0,0,0,0,0,0,0,0,0,2,0,1,0,0,0,1,0,0,1,0,0,1,0,0,1,0,1,0,0,0,0,0,0,0,1,0,2,0,0,0,0,0,0,0,0,0,0,0,0,0,1,0,1,0,0,0,0,0,0,0,0,0,1,0,1,0,0,0,0,0,1,0,0,0,0,1,0,0,0,0,0,1,0,0,0,0,2,0,0,0,1,1,0,0,0,0,0,1,1,1,0,0,0,0,0,0,0,0,0,0,1,0,0,0,0,1,0,0,2,0,0,0,1,0,0,0,0,0,0,0,0,0,0,0,0,0,0,1,0,0,0,0,1,0,0,0,0,0,0,0,0,0,1,0,0,0,1,0,0,0,0,1,1,0,0,0,0,0,0,2,0,0,0,1,0,0,1,0,2,0,0,0,0,0,1,0,1,0,0,0,0,0,0,0,0,0,0,0,0,1,0,0,0,1,0,0,0,0,0,0,1,0,0,0,0,0,0,0,0,1,0,0,0,0,0,0,0,0,1,0,0,0,2,0,0,0,0,0,0,1,0,0,1,0,0,0,0,1,0,0,0,0,0,1,0,0,0,0,0,1,0,0,0,0,1,0,0,0,0,0,1,0,0,0,1,0,0,0,1,0,1,0,0,2,2,0,0,0,1,0,0,0,0,0,0,0,0,0,1,0,1,0,0,0,0,0,0,0,0,0,0,0,0,0,0,0,0,0,1,0,0,0,0,0,0,0,2,0,0,0,0,0,0,0,0,0,0,0,1,1,0,0,0,0,0,1,0,0,1,0,1,0,1,1,0,0,0,0,0,0,0,0,0,0,0,0,0,0,0,1,0,0,0,0,0,1,0,0,0,0,1,0,0,0,1,0,0,0,2,0,0,0,0,0,2,1,1,2,0,0,0,0,0,1,0,0,1,0,1,0,1,0,0,0,0,1,2,0,1,0,0,0,0,0,0,1,1,0,0,0,0,0,0,0,0,0,0,0,0,0,0,1,1,0,0,0,1,0,0,0,0,0,0,0,0,0,0,1,0,0,0,1,0,0,0,0,0,0,0,0,0,0,0,0,1,0,0,0,0,0,0,0,0,0,1,0,0,0,0,1,0,0,0,0,0,0,0,0,0,0,0,0,0,0,0,2,0,0,0,0,0,0,0,0,0,2,0,0,0,0,1,0,0,0,0,0,1,2,1,0,0,0,0,1,2,0,0,2,0,0,0,0,1,1,0,0,0,0,0,0,0,0,1,0,0,0,0,0,0,0,0,0,0,0,0,0,0,0,0,1,1,0,0,0,0,0,0,0,0,0,0,0,0,2,0,0,0,3,0,2,0,3,0,0,0,0,0,0,0,0,0,0,0,0,0,1,0,0,1,0,0,0,0,1,1,0,1,1,0,1,0,3,1,1,1,0,0,0,0,1,0,0,0,0,0,1,1,0,0,0,0,0,2,0,0,0,0,0,1,0,0,0,0,0,0,1,0,0,0,1,0,0,0,0,0,1,1,2,0,0,0,0,0,0,0,0,0,0,3,1,0,0,0,0,0,0,0,1,0,0,0,0,0,1,0,0,0,0,1,0,0,0,0,2,2,0,0,0,1,1,0,0,0,0,0,0,0,0,0,0,0,1,0,0,0,0,0,0,0,0,0,0,0,1,1,1,1,0,1,0,1,0,0,0,0,0,0,0,0,0,0,0,0,0,2,0,0,0,0,0,0,0,0,0,0,0,0,0,0,0,0,0,0,0,0,0,0,2,1,0,0,0,0,0,0,1,0,0,0,0,0,0,0,1,0,2,0,0,0,0,0,0,0,0,0,0,0,0,0,0,0,0,0,0,0,0,1,0,0,0,0,0,0,0,0,0,0,0,0,0,1,0,0,0,0,0,0,0,1,2,0,0,0,1,0,0,0,0,0,0,0,0,0,0,0,1,0,0,0,0,1,0,0,0,0,0,0,1,0,0,1,1,0,0,0,0,1,0,0,0,1,0,0,0,0,1,2,0,0,0,0,0,0,0,0,0,0,0,0,0,0,0,0,0,0,0,1,0,0,0,0,0,0,0,1,0,0,0,1,2,1,0,0,0,0,0,0,0,0,1,0,0,1,0,0,0,0,0,1,0,1,0,1,1,0,1,0,0,1,0,0,0,0,0,0,0,0,0,0,0,0,0,0,0,0,0,0,0,0,0,0,0,0,0,0,0,0,0,0,0,1,0,0,0,0,0,0,0,0,0,0,0,0,0,0,0,0,0,1,0,0,0,0,0,0,0,0,0,0,0,1,1,0,0,0,0,0,0,0,0,0,0,0,0,0,1,0,1,0,0,1,1,0,0,0,0,0,0,0,0,0,0,0,0,0,0,0,0,0,0,0,0,0,1,0,0,0,1,0,0,1,2,1,0,0,0
NMT2,0,0,0,0,0,0,0,0,0,0,0,0,0,0,0,0,0,0,0,1,0,2,0,0,0,2,1,0,0,0,0,0,0,0,0,0,0,0,0,0,0,1,0,0,0,0,0,0,2,0,2,0,0,0,0,0,0,1,0,0,0,0,0,0,0,0,0,0,0,1,0,0,0,0,0,0,0,0,0,0,0,0,0,0,0,0,0,1,0,0,0,1,0,0,1,0,0,0,0,0,0,0,0,0,1,0,0,0,0,0,0,1,0,0,0,1,0,1,0,0,0,0,0,0,0,0,0,0,0,0,0,0,0,0,0,0,0,0,0,0,0,0,0,0,0,0,0,0,0,0,0,0,0,0,4,0,1,0,0,0,0,0,0,0,0,2,0,1,0,0,0,0,0,0,0,0,0,0,0,0,0,0,0,0,0,0,0,0,0,0,0,0,1,0,0,0,0,0,0,0,0,0,0,0,0,0,0,0,0,0,0,0,0,0,0,0,0,0,0,0,0,0,0,0,0,0,0,0,0,0,0,0,0,0,0,0,0,0,1,0,0,0,0,0,0,0,0,0,0,0,0,0,1,0,0,0,0,0,0,0,0,0,1,0,1,0,0,0,0,0,0,0,0,0,0,0,0,0,0,0,0,0,0,0,0,0,1,0,0,0,0,0,0,0,0,0,0,0,0,0,0,0,0,0,0,0,0,0,0,1,0,0,1,0,1,0,1,0,0,0,1,1,0,0,0,0,0,0,0,0,0,0,0,0,0,0,0,0,0,0,0,1,0,0,0,0,0,0,1,0,0,0,0,0,0,0,0,0,0,0,0,0,0,0,0,0,0,0,0,0,0,0,0,0,0,0,0,0,0,0,0,1,0,1,0,0,0,0,0,1,2,0,1,0,0,0,0,1,0,0,0,0,0,1,0,0,0,0,0,0,0,0,0,1,0,0,0,0,0,0,0,0,0,0,0,0,2,1,0,0,0,1,1,0,0,1,0,0,0,0,0,0,0,0,0,0,0,0,0,0,0,0,0,0,0,0,0,0,0,0,0,0,0,0,1,0,0,0,0,0,0,0,0,0,0,0,0,0,0,0,0,0,0,0,0,0,0,0,0,0,0,1,0,0,0,0,0,1,0,0,0,0,0,0,0,1,0,0,0,0,0,0,0,0,0,0,0,3,0,0,0,1,1,0,0,0,0,0,0,2,0,1,0,0,0,0,0,0,0,1,0,1,0,0,0,0,0,0,0,0,0,0,0,0,0,0,0,0,1,0,0,0,0,0,0,0,0,1,0,0,0,1,0,0,0,0,0,0,0,1,0,0,0,0,0,0,0,0,0,0,0,0,0,0,0,0,0,0,0,0,0,0,0,0,0,0,0,0,0,0,0,0,0,0,0,0,1,0,0,0,0,0,0,0,1,0,1,0,0,0,0,0,0,0,0,0,0,0,0,0,0,0,1,1,0,0,0,0,1,0,0,1,1,0,0,0,1,0,0,0,0,0,0,0,0,0,0,0,0,0,0,0,0,0,1,0,0,0,0,0,0,0,0,0,0,0,0,0,0,0,0,0,0,0,0,0,0,1,0,0,0,0,0,0,0,0,0,0,1,0,0,0,0,0,0,0,2,2,0,0,2,0,0,0,0,0,0,1,0,0,0,0,0,0,0,0,0,0,0,0,0,0,0,0,0,0,0,0,0,0,1,0,2,1,0,0,0,1,0,0,0,0,0,0,0,0,0,1,0,0,1,0,0,0,0,0,0,1,0,0,0,0,0,0,0,0,0,0,0,0,0,0,0,0,0,0,0,0,0,0,0,0,0,0,0,0,0,0,0,1,0,0,0,0,0,0,0,0,0,0,0,0,0,0,0,2,0,0,0,0,0,0,0,0,1,1,0,2,0,0,0,0,2,0,0,0,0,0,0,1,0,0,0,0,0,0,0,0,0,0,0,0,0,0,0,0,0,0,0,0,0,0,0,0,1,2,0,0,0,0,0,0,0,0,0,0,0,0,0,0,0,0,0,0,0,0,0,0,0,1,0,1,0,1,0,0,0,0,0,0,0,0,1,0,0,0,0,0,0,0,0,0,0,0,0,0,0,0,0,0,0,0,0,0,0,0,0,0,0,0,0,0,2,0,0,0,0,0,0,1,0,0,0,0,0,0,0,1,0,0,0,0,0,0,0,0,0,0,0,0,0,0,0,0,0,1,0,0,0,0,0,1,0,0,0,1,0,0,0,0,0,0,0,0,0,0,0,0,0,0,0,0,0,0,2,2,0,0,0,0,0,0,0,0,0,0,0,0,0,0,0,0,0,1,0,1,0,0,0,0,0,0,0,0,1,0,0,0,0,0,1,0,0,1,0,0,1,0,2,0,0,0,0,0,0,0,1,0,0,1,0,0,0,0,0,0,0,0,0,0,0,0,1,0,0,0,0,0,0,0,0,0,2,0,0,0,0,0,0,0,0,1,0,0,0,0,0,0,0,1,0,0,0,0,0,1,0,0,0,0,0,0,0,1,0,0,0,0,0,0,0,4,0,0,0,0,0,0,0,0,1,0,0,0,0,0,0,0,0,0,0,0,0,0,0,0,0,0,0,0,0,0,0,0,0,0,0,0,1,1,0,0,0,0,0,1,0,0,0,0,0,0,1,0,0,0,1,0,0,0,2,0,0,0,0,1,0,0,0,0,2,0,0,0,0,0,0,0,1,1,0,0,0,0,0,0,0,0,0,0,0,1,0,0,0,0,0,1,2,0,0,0,0,1,0,0,0,0,0,0,0,0,0,0,0,0,0,0,0,0,0,0,0,1,0,1,0,0,0,1,0,0,0,0,0,1,0,0,0,1,0,1,0,0,0,0,0,0,0,0,1,0,0,0,0,0,0,0,0,0,0,0,0,0,0,0,1,1,0,0,0,0,0,0,0,0,1,0,0,0,0,0,1,0,0,0,0,0,0,0,0,1,0,2,2,0,0,0,0,0,0,0,0,0,0,1,0,0,0,0,2,0,1,0,0,0,1,0,0,0,0,0,0,0,1,0,0,0,0,0,0,0,0,0,0,0,0,0,0,0,0,0,0,0,0,0,0,0,0,0,0,0,0,0,0,0,0,2,0,0,0,1,0,0,0,0,0,0,0,0,0,0,1,2,0,1,0,0,0,0,1,0,0,0,0,0,0,0,0,0,0,0,0,0,0,0,0,0,0,0,0,0,0,0,2,0,0,2,0,0,0,0,0,1,0,0,1,0,0,0,0,1,0,0,0,0,0,0,0,0,0,0,0,0,0,0,0,0,0,1,0,0,1,0,0,0,0,0,0,0,0,1,0,0,0,2,0,0,0,0,1,2,0,1,1,0,0,0,0,0,0,0,2,0,0,0,0,0,0,0,1,0,0,2,0,0,0,0,0,0,0,0,0,0,1,0,1,0,0,0,1,0,0,1,0,1,0,0,0,0,0,0,0,0,0,0
CLU,0,0,0,0,0,0,0,0,0,0,0,0,0,0,0,0,0,0,0,0,0,0,0,0,0,0,0,0,0,0,0,0,0,1,0,0,0,0,1,0,0,0,0,0,0,0,0,0,0,0,0,0,0,0,0,0,0,0,0,0,0,0,0,0,0,0,0,3,1,0,0,1,0,0,0,0,0,0,0,0,0,0,0,0,0,0,0,0,0,0,0,0,0,0,0,0,0,0,0,0,0,0,0,0,0,0,0,0,0,0,0,0,0,0,0,0,0,0,0,0,0,0,1,0,0,0,0,0,0,0,0,0,0,0,0,0,0,0,0,0,0,0,0,0,0,0,0,0,0,0,0,0,0,0,0,0,0,0,0,0,0,0,0,0,0,0,0,0,0,0,0,0,0,0,0,0,0,0,0,0,0,0,0,0,0,0,0,0,0,0,0,0,0,0,0,0,0,0,3,0,0,0,0,0,0,0,0,0,0,0,0,0,0,0,0,0,0,0,0,0,0,0,0,0,0,0,0,0,0,0,0,0,0,0,0,0,0,0,0,0,0,0,0,0,0,0,0,0,0,0,0,0,0,0,0,0,0,0,0,0,0,0,0,0,0,0,0,0,0,0,0,0,0,0,0,0,0,0,0,0,0,0,0,0,0,0,0,0,0,0,0,0,0,0,0,0,0,0,0,0,0,0,0,0,0,0,0,0,0,0,0,0,0,0,0,0,0,0,0,0,0,0,0,0,0,0,0,0,0,0,0,0,0,0,0,0,0,0,0,0,0,0,0,0,0,0,0,0,0,0,0,0,0,0,0,0,0,0,0,0,0,0,0,0,0,0,0,0,0,0,0,0,0,0,1,0,0,0,0,0,0,0,0,0,0,0,0,0,0,0,0,0,0,0,0,0,0,0,0,0,0,0,0,0,1,0,1,0,0,0,0,0,0,0,0,0,0,0,0,0,0,0,0,0,0,0,0,0,0,0,0,0,0,0,0,0,0,0,0,0,0,0,0,0,0,0,0,0,0,0,0,0,0,0,0,0,0,0,0,0,0,0,0,0,0,0,0,0,0,0,0,0,0,0,0,0,0,0,0,0,0,0,0,0,0,0,0,0,0,0,0,0,0,0,0,0,0,0,0,0,0,0,0,0,0,0,0,0,0,0,0,0,0,0,0,0,0,0,0,0,0,0,0,0,0,0,0,0,0,0,0,0,0,0,0,0,0,0,0,0,0,0,0,0,0,0,0,0,0,0,0,0,0,0,0,0,0,0,0,0,0,0,0,0,0,0,0,0,0,0,0,0,0,0,0,0,0,0,0,0,0,0,0,0,0,0,0,0,0,0,0,0,0,0,0,0,0,0,0,0,0,0,0,0,0,0,0,0,0,0,0,0,0,0,0,0,0,0,0,0,0,0,0,0,0,0,0,0,0,0,0,0,0,0,0,0,0,0,0,0,0,0,0,0,0,0,0,0,0,0,0,0,0,0,0,0,0,0,0,0,0,0,0,0,0,0,0,0,0,0,0,0,0,0,0,0,0,0,0,0,0,0,0,0,0,0,0,0,0,0,0,0,0,0,0,0,0,0,0,0,0,0,0,0,0,0,0,0,0,0,0,0,0,0,0,0,0,0,0,0,0,0,0,0,0,0,0,0,0,0,0,0,0,0,0,0,0,0,0,0,0,0,0,0,0,0,0,0,0,0,0,0,1,0,0,0,0,0,0,0,0,0,0,0,0,0,0,0,0,0,0,0,0,0,0,0,0,0,0,0,0,0,0,0,0,0,0,0,0,0,0,0,0,0,0,0,0,0,0,0,0,0,0,0,0,0,0,0,0,0,0,0,0,0,0,0,0,0,0,0,0,0,0,0,0,0,0,0,0,0,0,0,0,0,0,0,0,0,0,0,0,0,0,0,0,0,0,0,0,0,0,0,0,0,0,0,0,0,0,0,0,0,0,0,0,0,0,0,0,0,0,0,0,0,0,0,0,0,0,0,0,0,0,0,0,0,0,0,0,0,0,0,0,0,0,0,0,0,1,0,0,0,0,0,0,0,0,0,0,0,0,0,0,0,0,0,0,0,0,0,0,0,0,0,0,0,0,0,0,0,0,0,0,0,0,0,0,0,0,0,0,0,0,0,0,0,0,0,0,0,0,0,0,0,0,0,0,0,0,0,1,0,0,0,0,0,0,0,0,0,0,0,0,0,0,0,0,0,0,0,0,0,0,0,0,0,0,0,0,0,0,0,0,0,0,0,0,0,0,0,0,0,0,0,0,0,0,0,0,0,0,0,0,0,0,0,0,0,0,0,0,0,0,0,0,0,0,0,0,0,0,0,0,0,0,0,0,0,0,0,0,0,0,0,0,0,0,0,0,0,0,0,0,0,0,0,0,0,0,0,0,0,0,0,0,0,0,0,0,0,0,0,0,0,0,0,0,0,0,0,0,0,0,0,0,0,0,0,0,0,0,0,0,0,0,0,0,0,0,0,0,0,0,0,0,0,0,0,0,0,0,0,0,0,0,0,1,0,0,0,0,0,0,0,0,0,0,0,0,0,0,0,0,0,0,0,0,0,0,0,0,0,0,0,0,0,0,0,0,0,0,0,0,0,0,0,0,0,0,0,0,0,0,0,0,0,0,0,0,0,0,0,0,0,0,0,0,0,0,0,0,0,0,0,0,0,0,0,0,0,0,0,0,0,0,0,0,0,0,0,0,0,0,0,0,0,0,0,0,0,0,0,0,0,0,0,0,0,0,0,0,0,0,0,0,0,0,0,0,0,0,0,0,0,0,0,0,0,0,0,0,0,0,0,0,0,0,0,1,0,0,0,1,0,0,0,0,0,0,0,0,0,0,0,0,0,0,0,0,0,0,0,0,0,0,0,0,0,0,0,0,0,0,0,0,0,0,0,0,0,0,0,0,0,0,0,0,0,0,0,0,0,0,0,0,0,0,0,0,0,0,0,0,0,0,0,0,0,0,0,0,0,0,0,0,0,0,0,0,0,0,0,0,0,0,0,0,0,0,0,0,0,0,0,0,0,0,0,0,1,0,0,0,0,0,0,0,0,0,0,0,0,0,0,0,0,0,1,0,0,0,0,0,0,0,0,0,0,0,0,0,0,0,0,0,0,0,0,0,0,0,0,0,0,0,0,0,0,0,0,0,0,0,0,0,0,0,0,0,0,0,0,0,0,0,0,0,0,0,0,0,0,0,0,0,0,0,0,0,0,0,0,0,0,0,0,0,0,0,0,0,0,0,0,0,0,0,0,0,0,0,0,0,0,0,0,0,0,0,0,0,0,0,0,0,0,0,0,0,0,0,0,0,0,0,0,4,0,0,0,0,0,0,0,0,0,0,0,0,0,0,0,0,0,0,0,0,0,0,0,0,0,0,0,0,0,0,0,0,0,0,0,0,0,0,0,0,0,0,0,0,0,0,0,0,0,0,0,0,0,0,0,0,0,0,0
PLEKHF2,0,0,0,0,0,0,0,0,0,0,0,1,0,0,0,0,0,0,1,0,0,0,0,0,0,0,0,0,0,0,0,0,0,0,0,0,0,0,2,0,0,0,0,0,0,0,1,0,0,0,0,0,0,0,0,0,0,0,1,0,0,0,0,0,0,0,0,0,0,0,0,1,0,0,0,0,0,0,0,0,0,1,0,1,0,0,0,1,0,0,0,0,0,0,0,0,0,0,0,2,1,0,1,0,0,0,0,0,0,0,0,0,0,0,0,0,0,1,0,0,0,0,0,2,0,0,0,2,1,0,0,0,0,1,1,0,1,0,0,0,0,0,0,1,0,0,1,0,0,0,1,0,0,0,1,0,0,0,0,0,0,0,0,1,0,0,0,0,0,1,0,0,0,0,0,0,0,0,0,0,0,0,1,0,0,0,0,0,1,0,0,1,0,0,0,2,0,0,0,0,1,0,0,0,0,0,2,0,0,0,0,0,0,0,0,0,0,0,0,0,0,1,0,0,0,0,0,0,0,0,0,0,1,1,0,0,0,0,2,0,0,0,0,0,0,0,0,0,0,0,0,0,1,1,0,0,0,1,0,0,1,0,0,0,0,0,0,1,0,0,0,0,0,0,0,0,0,0,1,0,0,2,0,0,0,0,0,1,0,0,0,0,0,0,0,0,0,0,0,0,0,0,0,0,0,0,0,0,0,0,0,0,1,0,0,2,0,0,0,0,0,0,0,0,1,0,0,1,0,0,0,0,0,1,0,0,0,0,0,0,1,0,0,0,1,0,1,0,1,0,0,0,1,0,0,0,1,0,0,1,0,0,1,0,0,0,2,0,0,0,0,0,1,0,0,0,0,0,0,0,0,0,1,0,0,0,0,0,0,1,0,0,0,0,0,1,2,0,0,0,0,0,0,0,0,0,0,0,0,2,0,0,0,0,0,0,0,0,0,0,0,0,0,0,0,0,0,0,0,0,0,0,0,0,0,0,0,0,1,0,0,0,0,0,0,0,1,0,1,0,0,0,0,0,0,0,0,0,0,2,0,0,0,0,0,0,0,0,0,0,0,0,0,0,0,0,0,0,1,0,0,0,0,0,0,0,0,0,0,0,0,0,0,0,0,0,0,0,0,1,0,0,0,0,0,0,0,0,0,0,0,0,0,0,0,0,0,0,1,0,0,0,1,0,0,0,0,0,0,0,0,1,0,0,0,0,0,1,1,0,1,0,0,0,0,0,0,0,0,0,0,0,0,0,0,1,1,0,0,0,1,0,0,0,0,1,0,0,0,1,0,0,0,0,0,0,0,0,0,0,0,0,1,0,0,0,1,0,1,0,0,2,0,0,0,0,0,0,1,2,0,0,0,0,0,0,0,0,0,0,0,0,0,0,1,0,0,0,0,1,0,0,0,0,0,0,0,0,0,0,0,1,0,0,0,0,0,0,0,0,0,0,0,0,1,2,0,1,0,0,0,0,0,0,1,0,0,0,0,0,0,0,1,0,0,0,0,0,0,0,0,0,0,0,0,0,0,0,0,1,0,0,1,0,0,0,1,1,0,0,0,0,0,0,0,0,0,0,1,0,0,0,0,0,0,0,0,0,0,2,0,0,0,0,0,0,0,1,0,0,0,0,0,0,1,0,0,0,0,0,0,0,1,1,0,0,0,2,0,0,0,0,0,0,0,0,0,0,1,1,0,0,0,0,0,0,0,0,0,0,1,0,0,0,0,0,0,0,0,1,0,0,0,0,1,0,0,0,0,0,0,0,1,0,1,0,0,0,0,0,0,0,0,0,0,0,0,0,0,0,0,0,1,0,0,1,0,0,1,0,0,1,0,0,0,0,0,0,0,0,0,1,0,0,0,0,0,1,0,0,0,0,1,0,0,0,0,0,0,0,0,0,1,0,0,0,0,0,0,0,0,0,0,0,0,0,0,0,0,0,1,0,1,0,0,0,0,0,0,0,0,0,0,0,0,0,0,0,0,0,0,2,0,1,0,0,1,0,1,0,0,0,0,0,0,0,0,0,2,0,0,0,0,0,0,0,0,0,0,0,0,0,0,0,0,1,0,0,0,2,0,0,0,0,0,0,0,0,0,0,0,1,0,0,0,0,0,0,0,1,0,0,0,0,1,0,0,0,0,0,0,0,0,0,0,0,0,1,0,1,0,0,0,0,0,1,0,0,0,0,0,0,0,0,0,1,0,0,0,1,0,1,0,0,0,0,0,0,0,0,0,0,0,0,0,0,0,0,0,0,0,0,0,0,0,0,0,1,0,0,0,0,0,0,0,0,1,0,0,0,0,0,0,1,0,0,0,0,0,0,0,1,1,0,0,0,0,0,0,1,0,0,0,2,0,0,0,0,0,0,1,0,0,0,0,0,0,0,0,0,0,0,0,1,1,0,0,0,0,0,0,0,0,0,0,0,0,0,0,0,0,0,0,0,0,0,0,0,0,1,0,0,0,0,0,0,1,0,0,0,0,0,0,0,0,0,0,0,2,0,0,0,1,1,0,0,0,0,0,0,0,1,1,0,1,0,1,0,0,0,0,0,0,0,0,0,1,2,0,0,0,0,0,0,0,0,0,0,0,0,0,0,0,0,0,0,0,0,0,0,0,0,0,0,0,0,2,0,0,0,1,0,0,2,0,0,0,0,1,0,0,0,0,0,0,0,0,0,0,0,0,0,0,0,0,1,0,0,0,0,0,0,0,0,0,0,0,0,0,0,0,0,0,2,0,0,0,0,0,1,0,0,0,0,0,1,0,0,0,0,0,1,0,0,0,0,0,0,0,0,0,0,0,0,0,1,0,0,0,0,0,1,0,0,0,1,0,0,0,0,0,0,0,0,0,1,0,0,0,0,0,0,0,0,0,0,0,0,0,0,1,0,0,0,0,0,0,0,0,0,0,0,0,0,0,0,1,0,0,0,0,0,0,0,1,0,0,0,0,0,0,0,0,0,0,0,0,0,0,0,0,0,0,0,1,0,0,0,0,0,0,0,0,2,0,0,0,0,0,0,0,0,0,1,0,1,0,0,0,0,0,0,0,0,0,0,1,0,0,0,0,0,1,1,0,0,0,1,0,0,0,0,0,0,2,0,0,0,0,1,0,0,0,0,0,0,1,0,0,0,0,1,1,0,0,0,0,0,0,0,0,0,0,0,0,0,0,0,0,0,0,0,0,0,1,0,0,0,1,0,0,0,0,1,0,0,0,0,0,0,0,0,0,0,0,0,0,0,0,0,0,0,0,0,0,1,0,0,0,0,0,0,0,0,0,0,1,1,0,0,0,0,0,0,0,0,0,0,0,0,0,0,1,0,0,0,0,0,0,1,0,0,0,0,0,0,0,0,0,1,0,0,0,0,1,0,0,0,0,0,1,0,0,0,0,0,0,1,0,0,0,0,0,0,0,0,0,0,0,0,2,0,0,0,0,0,0,2,0,0,1,0,0,0,0,0
PTGER4,1,0,0,0,2,1,0,0,0,0,0,3,0,0,0,1,0,0,0,0,0,0,1,0,0,1,0,1,0,1,0,0,1,0,0,0,0,0,0,0,0,0,1,0,0,1,0,1,0,0,0,0,1,1,0,1,0,0,0,0,0,0,0,0,0,0,1,0,0,1,1,2,0,0,1,0,0,0,0,0,0,0,0,0,0,0,2,0,1,1,0,0,0,0,0,0,0,0,0,0,0,1,1,0,1,0,0,0,1,2,1,2,0,0,0,0,2,0,0,0,0,0,0,0,1,0,0,0,0,0,0,0,0,0,0,1,0,0,0,0,0,0,0,1,0,0,0,0,3,0,1,0,0,0,0,0,0,0,1,0,0,0,0,0,1,0,0,0,0,1,0,1,0,1,0,0,0,0,0,0,1,0,0,0,0,0,0,0,0,3,0,0,1,0,0,0,0,0,0,1,0,1,0,0,0,0,0,0,0,0,0,1,0,0,0,0,0,0,0,0,0,0,0,0,3,0,0,0,0,0,0,0,1,2,0,0,0,0,1,0,0,0,0,0,0,0,0,0,0,0,2,0,0,0,0,0,0,2,0,1,0,0,0,0,1,1,0,0,1,0,0,0,1,0,0,1,0,1,1,0,0,0,0,0,0,1,0,0,0,0,0,1,0,0,0,0,0,0,0,0,0,0,0,0,0,0,0,0,1,1,0,0,1,0,0,0,0,1,0,0,0,0,1,0,0,0,0,1,0,1,0,0,1,0,0,0,0,0,1,0,1,1,0,0,0,0,1,0,0,0,0,1,0,0,1,0,1,1,0,0,0,0,0,0,0,0,3,0,1,0,1,0,0,0,0,2,0,1,0,0,0,0,0,3,1,0,0,0,0,0,1,5,0,7,0,0,0,0,0,0,0,0,0,0,0,0,1,0,1,0,0,1,0,0,0,1,0,0,0,0,1,0,0,1,0,0,0,1,0,0,0,0,1,0,0,0,1,0,1,1,0,0,0,1,1,3,0,0,0,1,0,0,0,0,0,0,0,0,0,0,0,3,0,0,0,0,0,0,0,0,0,0,0,0,0,0,0,0,0,0,0,0,0,0,0,0,0,0,0,0,0,0,1,0,0,0,1,0,0,0,0,0,0,0,0,0,0,0,0,0,0,1,0,0,0,1,0,0,0,0,0,0,0,0,1,1,0,0,0,0,1,0,0,1,2,0,0,0,1,0,0,2,0,0,0,0,0,0,0,0,0,0,1,0,1,0,0,3,1,1,0,2,0,0,1,1,0,1,0,0,1,0,0,0,0,0,0,0,0,1,0,0,1,0,0,0,0,0,0,0,0,0,0,0,0,0,0,0,1,0,1,0,0,0,0,7,0,0,1,0,0,0,0,1,1,0,1,0,0,0,0,1,1,0,1,0,2,0,1,0,0,0,0,2,0,1,0,0,0,0,0,0,3,0,0,0,0,0,1,0,0,0,0,0,0,0,0,0,0,0,0,0,0,0,0,0,0,0,0,0,2,0,0,0,1,1,0,1,0,0,1,0,1,1,0,1,0,1,0,1,0,0,1,0,1,0,1,0,0,0,0,0,0,0,0,0,1,0,1,0,0,0,0,0,0,0,0,0,0,0,0,0,0,0,0,1,0,0,0,0,0,0,1,0,1,0,0,0,0,0,0,2,0,0,0,0,0,0,0,0,0,0,0,1,0,0,0,0,0,0,0,1,0,0,0,0,0,0,0,2,0,0,0,0,0,0,0,0,0,0,0,0,0,0,0,2,0,0,2,0,0,1,0,0,0,0,0,0,2,0,1,0,0,0,1,0,0,0,0,1,1,0,0,0,1,0,0,1,0,0,0,0,0,0,0,1,0,0,0,0,0,0,0,0,0,1,0,1,0,0,1,0,0,0,0,0,0,1,1,1,0,0,0,2,0,0,0,0,0,0,1,0,1,0,0,0,0,1,0,1,0,0,0,0,0,0,2,1,0,0,0,0,0,2,0,0,0,0,0,0,0,0,2,0,0,0,0,1,0,0,0,0,1,0,1,0,0,0,0,0,0,1,2,0,0,3,0,0,0,0,0,0,0,1,0,0,0,0,0,0,0,1,1,0,0,0,0,4,2,0,0,0,0,0,0,0,1,0,0,0,0,1,0,0,0,0,0,0,1,0,0,0,1,0,0,1,0,0,0,0,0,3,0,1,1,3,2,0,0,1,0,0,0,1,1,0,0,0,2,1,0,0,0,0,0,0,0,0,0,0,2,0,2,0,3,0,1,0,0,0,0,0,0,1,0,0,0,0,0,0,0,1,0,0,0,0,1,0,0,2,0,0,0,0,0,0,1,0,0,0,0,1,1,0,0,1,1,0,0,0,0,0,0,1,1,0,0,0,0,0,0,3,2,0,0,0,0,0,0,0,1,0,0,0,0,0,0,0,0,0,0,0,1,1,0,0,0,0,1,0,0,1,0,3,1,0,0,0,0,1,4,0,3,0,0,0,0,0,0,0,1,0,0,1,0,0,0,0,1,1,0,0,1,0,0,0,0,1,0,0,0,0,1,0,0,0,0,0,0,1,0,0,0,0,1,0,0,0,0,0,0,0,0,0,0,0,0,0,0,0,0,0,1,0,0,0,0,1,1,2,2,0,0,0,1,0,0,0,0,0,0,1,0,0,0,0,0,0,0,0,0,1,0,0,0,1,1,0,0,0,0,1,1,0,1,0,0,0,0,0,0,0,1,1,0,1,2,0,0,0,0,1,0,0,0,2,0,0,1,0,0,0,0,0,0,0,0,0,2,0,0,1,1,0,1,0,0,2,0,0,3,1,0,0,0,1,1,0,0,0,0,0,1,0,0,0,0,2,0,1,0,0,0,0,0,0,0,1,0,0,0,0,0,0,0,0,0,1,0,0,0,0,0,0,0,0,0,1,0,1,0,0,0,0,0,0,0,0,0,0,0,0,0,0,1,0,0,0,0,0,1,0,0,0,0,0,0,0,0,0,1,0,0,0,0,0,1,0,2,0,0,0,2,0,0,0,1,0,0,0,1,3,0,0,1,0,1,0,0,0,0,0,0,0,0,0,1,0,0,0,0,0,0,0,2,0,0,1,0,2,2,0,0,2,0,0,0,0,1,0,5,0,0,1,1,0,0,0,0,0,0,0,0,1,0,0,0,0,0,0,0,0,0,0,0,0,1,1,1,2,0,0,2,0,1,0,1,0,0,0,0,0,0,0,0,0,0,0,0,0,0,0,1,0,0,0,1,1,0,0,0,0,0,1,0,0,2,2,0,0,0,0,0,0,0,0,0,1,0,1,0,0,0,0,1,1,0,0,1,1,0,1,0,0,0,0,0,0,0,0,0,0,0,0,0,0,0,0,0,0,0,0,0,0,0,3,0,0,0,0,0,0,0,1,1,0,0,0,0,0,1,0,0,1,0,0,0,2,0,1,0,1,0,0,1,0
CD83,0,0,1,0,0,0,0,0,2,0,0,0,1,0,0,0,0,0,0,0,0,0,0,0,0,0,0,0,0,0,0,0,0,0,0,0,0,0,1,0,0,0,0,0,0,0,1,2,0,0,0,0,1,0,0,1,0,0,0,0,0,0,0,0,0,0,0,0,0,0,0,0,0,0,0,0,0,1,0,2,0,0,0,1,0,0,1,0,0,0,0,0,0,1,0,0,0,0,0,0,0,0,1,0,0,0,0,1,0,0,0,0,0,0,0,0,0,0,0,0,0,1,1,0,0,0,0,0,0,0,0,0,0,1,0,0,0,0,3,0,0,0,1,0,3,0,1,0,0,0,1,0,0,0,0,0,1,0,0,1,0,0,0,1,0,0,1,0,2,0,0,0,0,0,0,0,0,0,1,0,0,0,1,0,0,0,0,0,0,0,2,0,0,0,0,0,0,0,0,0,0,0,1,0,1,0,0,1,0,0,0,0,0,0,1,0,0,0,0,1,0,1,0,0,0,0,0,1,0,0,0,0,1,1,0,0,0,0,0,0,1,0,0,0,0,0,0,1,0,0,0,1,1,0,0,0,0,0,0,0,0,0,0,1,0,0,0,0,0,0,1,0,1,2,0,0,0,0,1,1,0,0,0,0,0,0,0,0,0,0,0,0,0,0,0,0,0,0,1,0,0,0,0,0,0,0,0,0,2,0,0,0,0,0,0,0,0,0,0,0,1,0,1,0,0,0,0,0,0,0,0,2,0,0,0,0,0,3,0,0,0,0,0,0,2,1,0,0,0,0,0,0,1,0,0,0,0,0,2,0,1,0,0,1,0,0,3,0,0,0,0,0,0,0,0,1,0,0,0,0,0,0,1,0,0,0,0,0,0,0,0,4,1,0,0,1,0,0,0,2,0,0,0,0,0,0,0,1,0,2,0,0,1,0,0,1,0,0,0,0,1,0,0,0,0,0,0,0,0,0,0,0,0,0,1,0,0,0,0,3,0,1,2,0,0,0,0,0,0,0,0,0,0,0,0,0,0,0,0,0,0,0,0,0,0,2,0,0,1,0,1,3,0,0,0,0,1,0,0,0,1,0,0,0,1,0,0,0,0,0,0,0,0,0,0,1,0,0,0,0,0,0,0,0,0,0,0,1,0,0,0,0,1,0,0,0,0,0,0,0,0,0,0,1,0,0,0,0,0,0,0,0,0,0,0,0,0,3,0,0,0,0,0,0,0,0,0,0,0,0,0,0,0,0,0,0,1,2,0,0,0,0,0,0,0,0,0,0,0,0,0,0,0,0,0,1,0,1,0,0,1,0,0,1,0,0,0,0,0,0,0,1,0,1,0,0,0,1,0,0,0,0,0,0,0,2,0,0,0,0,2,0,0,0,0,0,0,0,0,2,0,0,0,0,0,0,0,0,0,0,0,0,0,0,0,0,0,0,0,0,0,0,0,0,0,0,1,0,0,0,0,0,0,0,0,0,0,0,0,0,1,0,2,0,0,0,0,0,0,0,0,0,0,0,0,0,0,0,0,0,0,1,0,0,0,0,0,0,0,0,0,0,1,0,0,0,0,0,0,2,0,0,0,0,0,0,0,0,0,4,0,0,0,0,0,0,0,0,0,0,0,0,0,0,0,1,0,0,0,0,0,0,0,0,0,0,1,0,0,1,0,0,0,0,0,0,1,0,0,0,0,0,0,0,1,0,0,0,0,0,0,0,0,0,1,0,0,0,0,1,0,0,0,0,0,0,0,0,0,0,0,0,0,0,0,0,0,0,0,1,1,0,0,0,0,0,0,0,2,0,0,0,0,0,0,0,0,0,0,0,0,0,0,0,0,1,4,0,0,0,0,0,2,0,0,0,0,0,0,0,0,0,0,1,0,0,0,0,0,2,0,0,0,0,0,0,0,0,0,0,0,1,0,0,0,0,0,0,0,0,0,0,0,0,0,0,0,1,0,0,0,1,1,0,0,0,0,0,0,0,0,0,0,1,0,0,1,1,0,0,0,0,0,1,0,0,0,0,1,0,0,0,0,0,0,0,0,0,2,0,0,0,0,0,0,0,0,0,0,1,0,2,0,0,0,0,0,1,0,0,0,0,0,0,0,0,0,1,0,0,1,0,0,0,2,0,1,2,0,1,1,0,0,0,0,0,0,0,0,1,1,0,0,0,1,0,0,0,0,0,0,1,0,0,0,0,0,0,0,0,0,0,0,0,0,0,0,0,0,0,1,0,0,0,0,0,0,0,0,0,0,1,0,0,0,1,0,0,0,0,0,0,0,0,0,0,1,1,1,0,0,0,0,0,0,0,0,1,1,0,0,1,0,0,0,0,0,0,0,0,0,0,1,0,0,0,0,0,0,0,0,0,0,0,0,0,2,0,0,0,0,0,1,0,0,0,0,0,1,1,0,0,0,0,0,0,0,2,0,0,0,0,0,0,0,0,1,0,0,0,1,0,0,2,0,1,0,0,0,0,1,0,1,1,1,0,0,0,0,0,0,0,0,0,0,0,0,0,0,0,0,0,1,0,0,0,0,0,0,1,0,0,0,0,0,0,0,0,0,0,0,0,0,0,0,0,0,0,0,0,1,0,1,1,0,0,0,0,0,0,0,0,0,0,0,0,0,0,0,0,0,0,0,0,0,0,0,0,0,3,0,0,0,0,0,0,0,0,0,0,0,0,0,0,0,0,0,0,0,0,0,0,0,0,0,0,0,4,0,0,1,0,0,1,0,0,1,0,0,0,0,1,0,0,0,0,0,0,0,0,1,0,0,0,0,0,0,0,0,0,0,0,0,0,0,1,0,0,0,0,2,0,0,0,0,0,0,0,0,0,0,0,1,0,0,0,0,0,0,0,0,0,0,0,0,0,0,0,0,0,0,0,1,0,0,1,0,0,0,2,1,0,0,0,0,1,0,0,1,0,2,0,0,1,0,0,0,0,0,0,1,0,0,0,0,0,0,0,0,0,0,0,0,0,1,0,0,0,0,2,0,0,0,0,0,0,0,0,0,1,0,0,0,0,0,1,0,0,0,0,0,0,0,0,0,0,0,0,0,0,0,0,0,0,0,0,0,0,0,0,0,0,0,0,2,0,0,0,0,0,0,0,0,0,0,0,1,1,0,0,4,0,0,0,0,0,0,1,0,3,0,0,0,0,0,0,0,0,0,1,0,0,0,0,0,0,0,0,0,0,0,0,4,0,0,0,0,0,0,0,0,0,0,0,0,0,0,0,0,0,0,0,0,0,0,0,0,0,0,0,0,0,0,0,0,3,1,0,0,0,0,0,0,0,0,0,0,0,0,0,1,0,0,1,2,0,0,0,1,1,0,0,0,1,0,1,0,0,0,1,0,0,0,2,0,0,0,0,0,0,0,2,0,0,0,0,0,0,0,0,0,0,0,0,0,0,0,0,0,0,0,1,0,0,0,0,0,2,0,1,0,0,0,0,0,0
CD47,0,0,2,0,0,0,0,2,1,0,0,0,0,1,0,3,0,1,1,2,1,0,0,1,1,1,1,0,1,1,0,0,1,1,0,0,0,0,0,0,0,0,0,1,1,0,1,1,2,0,1,1,0,0,0,1,1,0,2,0,0,1,1,0,0,1,0,0,1,2,0,0,2,1,0,0,0,0,0,0,0,0,0,1,3,0,0,2,1,0,0,0,0,0,0,0,1,0,0,0,0,1,1,1,0,0,0,1,0,0,0,1,0,0,0,1,0,1,0,0,1,0,2,1,0,0,2,0,1,2,1,0,1,0,1,0,2,0,0,0,0,0,0,0,2,3,0,0,2,1,0,1,1,1,2,0,0,0,0,0,0,0,2,1,2,6,0,0,0,3,0,2,1,0,0,0,2,3,1,1,1,1,1,1,0,1,0,1,0,0,3,2,0,0,1,0,1,0,0,1,0,0,0,0,0,1,2,2,2,0,0,0,0,0,0,0,0,0,3,0,1,0,0,1,2,1,0,0,1,4,1,0,3,0,0,1,0,0,0,0,0,0,0,0,0,1,2,1,0,0,0,0,0,0,1,0,1,0,0,1,0,0,0,0,0,1,1,1,0,2,1,1,0,0,0,2,0,1,0,0,0,0,1,0,0,0,0,1,1,0,0,1,0,0,0,1,0,0,1,1,0,0,3,1,0,1,0,1,2,2,0,0,1,2,0,0,1,3,0,0,0,1,0,1,0,0,0,2,0,0,0,0,1,1,0,3,0,0,0,0,0,0,0,1,0,2,1,0,2,0,1,0,4,0,0,0,0,0,2,0,0,1,0,0,0,1,1,0,1,1,1,2,0,1,0,0,1,1,0,0,0,0,1,0,0,0,0,1,0,0,1,2,0,2,1,0,0,1,0,0,0,0,0,0,2,0,1,0,1,1,0,1,0,0,1,1,0,1,0,0,0,0,4,2,1,0,0,1,0,2,0,0,0,0,0,0,1,0,0,0,3,0,1,0,0,0,1,0,2,0,0,0,0,0,0,1,2,2,0,0,1,0,0,0,0,1,0,0,1,0,0,1,0,1,1,0,1,1,0,0,0,1,2,0,0,0,0,2,1,0,0,3,1,0,0,0,0,1,0,2,0,1,1,2,1,0,1,1,0,0,0,0,0,0,0,0,0,1,0,0,1,0,1,2,0,1,2,0,0,1,0,2,0,0,0,0,2,1,0,1,1,1,0,1,0,2,1,0,1,0,1,2,0,0,0,1,0,3,1,0,0,0,0,0,0,2,1,0,0,2,1,1,0,0,0,1,2,0,0,0,1,0,0,0,0,1,0,1,0,0,1,0,1,2,0,0,0,2,0,0,1,0,2,1,0,1,0,2,1,1,0,0,0,0,1,2,1,2,0,0,3,0,1,0,1,0,1,0,0,0,0,2,1,2,0,1,0,0,0,1,0,0,1,0,1,0,0,0,0,0,0,1,0,0,0,0,0,1,0,0,0,1,0,2,0,0,0,0,2,0,2,0,1,1,3,0,0,0,0,0,0,1,0,0,0,0,2,0,0,0,1,0,0,0,2,0,0,0,0,0,0,0,2,0,0,0,0,0,1,1,1,1,0,0,1,1,0,1,0,0,1,0,0,0,0,0,0,0,0,0,1,0,0,0,0,1,0,0,0,1,0,1,0,0,1,1,5,0,2,0,2,0,0,0,0,1,0,0,2,0,0,0,0,0,0,2,2,0,0,1,1,1,0,0,1,1,0,1,0,1,0,1,0,2,1,0,1,1,1,0,2,0,0,0,0,2,1,1,1,0,1,0,0,0,0,0,1,0,2,1,0,0,0,0,0,2,0,0,0,3,0,1,2,0,0,3,0,0,1,2,1,0,0,0,0,1,1,0,1,0,0,2,3,0,1,1,0,1,0,0,1,1,0,0,0,0,0,1,2,0,1,0,0,0,2,0,0,1,0,0,0,0,0,0,0,0,0,0,0,0,0,1,0,1,2,0,0,0,0,2,0,0,2,0,0,2,0,1,0,0,0,1,0,0,0,0,1,1,1,2,0,1,2,0,0,0,0,0,1,0,0,1,0,0,0,1,1,0,1,0,0,0,1,0,0,0,0,2,1,0,0,1,1,2,1,0,2,1,0,0,0,2,0,0,1,0,0,0,0,1,0,1,1,2,0,0,2,0,1,0,1,2,0,0,0,2,0,2,0,2,0,0,0,1,2,1,0,0,0,0,1,1,1,0,2,2,2,0,0,0,0,0,1,0,1,1,1,0,0,2,1,0,0,0,0,0,0,1,0,0,1,0,0,0,1,2,0,0,0,1,1,1,0,0,0,0,1,2,0,2,0,1,2,0,0,1,0,0,3,1,0,1,0,0,0,1,0,0,0,0,0,0,3,2,1,0,0,0,0,0,0,0,1,0,1,0,0,0,0,2,1,0,0,1,1,0,0,1,1,0,0,0,0,3,1,0,0,0,0,0,1,1,0,0,0,0,1,3,1,0,1,0,0,1,0,0,0,0,0,0,0,2,0,0,0,1,2,0,0,1,0,0,0,1,1,0,0,0,3,0,1,0,2,0,0,0,0,0,1,0,0,0,0,1,0,2,1,0,0,0,0,0,0,1,0,0,0,0,0,0,0,0,0,0,2,0,1,2,2,0,0,0,1,0,1,0,0,1,0,1,0,0,0,0,0,0,0,0,0,1,0,2,1,1,0,1,0,0,1,0,2,0,0,2,0,1,1,1,0,1,0,0,0,0,1,0,0,0,0,0,0,1,1,0,2,2,0,0,0,0,1,1,0,0,1,0,0,0,1,1,3,0,0,0,0,0,1,1,0,0,0,2,0,2,3,0,0,2,0,0,1,0,1,0,0,1,0,0,0,1,1,1,0,4,0,0,3,0,2,0,0,0,0,0,0,0,2,0,0,0,1,0,3,0,2,2,0,0,2,1,0,0,0,0,3,2,0,1,2,1,0,0,0,0,1,0,1,0,0,1,1,0,0,2,1,0,0,1,3,1,0,0,0,2,0,0,2,1,0,0,1,2,0,0,2,0,1,0,0,0,1,3,0,1,0,0,1,2,0,1,0,1,0,1,1,0,1,0,1,0,1,1,0,0,0,1,1,0,0,0,2,1,0,0,2,0,1,0,0,2,0,0,1,0,0,0,1,0,1,0,0,0,1,2,0,0,0,1,1,0,1,1,0,0,0,0,0,0,1,0,0,1,1,0,0,0,0,0,0,1,2,0,0,1,0,0,1,1,1,0,1,0,1,1,1,0,1,0,0,1,0,0,0,0,1,0,1,0,2,2,2,0,1,0,0,0,2,1,0,1,0,1,0,0,0,0,0,0,0,1,0,0,0,0,1,0,0,0,0,0,0,1,1,0,0,0,0,1,1,0,0,0,1,0,0,0,0,0,0,0,0,0,0,0,0,0,0,2,1,0,0,2,0,0,2,1
SULT1A1,0,0,0,0,0,0,1,0,0,0,0,0,0,0,0,0,0,0,0,0,1,0,3,0,0,0,0,0,0,0,0,1,0,1,0,0,0,0,0,0,0,0,2,0,0,0,0,0,0,0,0,0,1,0,0,1,0,0,0,0,0,0,0,1,0,0,0,0,0,0,0,0,0,0,0,0,0,1,0,1,0,0,0,1,0,0,0,0,0,0,0,0,1,1,0,1,0,0,1,0,0,0,1,0,0,0,0,0,1,0,0,0,1,1,0,0,0,0,1,0,0,0,0,0,0,0,0,0,1,0,0,0,0,0,0,0,0,0,0,0,0,0,0,0,0,0,0,0,0,0,0,0,0,0,0,0,0,0,0,2,0,0,0,0,0,0,0,0,0,2,0,0,0,0,0,1,0,0,0,0,0,0,0,0,0,0,0,0,1,0,1,0,0,1,0,0,0,0,0,0,1,0,0,0,0,0,0,0,0,0,0,0,0,1,0,0,0,0,0,0,0,0,0,0,0,0,0,0,0,0,0,0,0,1,1,0,1,0,0,0,1,1,0,1,0,0,0,0,0,0,0,1,0,0,0,0,0,0,0,0,0,0,0,1,0,0,0,0,0,0,0,0,2,1,0,0,0,0,0,0,1,1,0,0,0,0,0,0,0,0,0,0,0,0,0,0,0,0,2,0,0,0,0,0,0,0,0,0,1,0,0,0,0,0,0,0,0,1,0,1,0,0,1,0,0,0,0,0,0,0,0,1,0,0,1,0,0,1,0,0,3,0,0,0,0,0,0,2,0,1,1,2,0,0,0,0,0,1,1,1,0,0,0,1,0,0,0,1,0,0,0,0,0,0,0,2,1,0,0,1,0,0,2,0,0,1,0,0,0,0,0,1,0,0,0,1,0,0,0,2,0,0,0,0,0,0,0,0,0,0,0,0,0,0,0,1,0,0,0,0,1,0,1,0,0,0,0,0,0,0,0,0,0,0,0,0,0,0,1,4,0,0,0,0,1,1,0,0,0,0,1,0,0,0,1,0,0,0,0,0,1,0,0,0,0,0,0,0,1,0,1,1,0,0,0,1,2,0,0,0,0,0,0,0,0,0,0,0,0,1,0,0,0,0,0,1,0,0,0,0,0,1,0,0,0,0,0,0,0,0,0,0,0,0,0,0,0,0,0,0,0,0,0,0,0,0,0,0,1,0,0,0,0,0,0,1,0,0,0,0,0,0,0,0,0,0,0,0,1,0,0,3,0,0,1,2,0,1,0,0,0,0,0,0,0,0,0,0,0,0,0,0,0,0,0,2,0,0,1,0,0,0,0,0,0,0,0,1,0,3,0,0,0,1,0,0,0,0,0,0,0,2,1,0,0,0,1,0,0,0,0,0,0,0,0,0,0,0,0,2,0,0,0,0,0,0,0,0,0,0,0,0,0,0,0,0,0,0,0,0,0,0,0,0,0,0,0,0,0,0,0,0,0,0,0,1,0,0,0,1,0,0,0,0,0,0,0,0,0,0,0,0,0,0,0,0,0,3,0,0,0,0,0,0,1,0,0,0,0,0,0,0,0,0,0,0,0,0,0,0,0,1,0,0,0,1,1,0,0,4,0,0,0,0,1,0,0,0,0,2,0,0,0,1,0,0,0,0,0,0,0,0,0,0,0,0,0,0,0,0,0,0,0,0,0,0,0,0,0,0,0,0,0,0,0,0,0,0,0,0,0,1,0,0,2,0,0,0,0,0,0,0,0,0,1,0,0,0,1,0,1,0,0,0,0,1,0,1,0,0,0,0,0,0,2,0,0,0,0,0,0,0,0,0,0,0,0,0,0,0,0,0,0,0,0,0,0,0,0,0,0,0,0,1,0,0,0,0,0,1,0,0,0,0,0,0,0,0,1,0,0,2,0,0,0,0,0,0,0,0,0,1,2,0,0,0,0,2,0,0,0,0,1,0,0,0,0,0,0,0,0,1,4,0,0,0,0,2,0,0,0,0,0,2,2,0,0,0,0,0,0,0,0,0,0,2,0,0,0,0,0,0,0,1,0,0,0,0,0,4,2,0,0,0,1,0,0,1,1,0,0,0,0,0,0,0,0,0,1,0,0,0,0,1,0,0,0,1,0,0,0,0,0,0,0,0,0,0,0,0,1,0,0,0,0,0,0,0,0,0,0,0,0,0,0,1,0,0,0,0,1,2,0,0,0,0,0,0,0,0,0,0,0,2,0,0,0,0,0,0,0,1,0,0,1,0,0,0,0,0,0,0,0,0,1,0,0,0,0,0,0,0,0,0,0,1,0,0,0,1,0,0,0,0,0,0,0,1,0,0,3,1,0,0,0,1,0,1,0,0,1,0,0,0,0,0,0,0,0,0,0,0,0,0,0,0,2,0,0,0,0,0,1,0,1,0,0,0,0,1,0,0,0,0,0,1,0,0,0,1,0,0,0,0,0,0,2,0,0,0,0,0,0,0,0,0,0,0,0,0,0,0,0,1,1,0,0,0,0,0,0,0,0,0,0,0,1,0,0,0,2,0,0,0,0,0,0,0,0,0,0,1,0,0,0,0,0,0,0,0,0,0,2,1,0,0,0,0,2,1,0,0,0,1,0,1,0,0,0,0,0,0,0,0,0,0,0,0,0,0,0,0,0,0,0,1,1,0,0,0,0,1,1,0,1,0,0,0,0,1,1,0,0,0,0,2,0,0,0,0,0,0,0,0,0,0,0,0,0,0,0,0,0,3,0,0,3,0,1,0,0,0,0,0,0,0,1,0,0,0,1,2,0,0,0,0,1,0,0,0,0,0,1,0,0,0,0,0,0,0,1,0,1,0,0,0,1,0,0,0,0,0,2,2,0,0,0,0,0,0,0,0,0,0,0,0,1,0,0,0,2,0,0,0,0,0,0,0,0,1,0,0,0,1,0,0,0,0,0,0,1,0,0,0,0,0,1,0,0,0,0,0,0,0,0,0,0,0,0,0,0,0,0,0,0,0,0,1,0,0,0,0,0,0,0,0,0,0,0,0,0,0,0,0,0,0,0,0,0,0,0,0,0,0,0,0,0,0,0,0,0,3,0,1,0,1,0,0,0,0,0,0,0,0,2,0,3,0,0,1,0,0,0,0,0,0,0,1,0,0,1,0,0,0,0,0,0,0,0,0,0,2,0,0,0,1,0,0,0,0,0,0,0,0,0,0,0,1,0,0,1,0,1,1,0,0,0,0,0,0,0,0,0,0,0,0,0,0,0,0,0,0,0,0,0,0,0,0,0,0,0,0,0,0,0,0,0,0,0,0,0,0,0,0,0,0,0,0,0,0,0,0,0,0,2,0,1,0,0,0,0,0,0,0,0,1,0,0,2,0,0,0,0,1,0,0,0,0,0,0,0,1,0,0,0,0,0,0,0,1,0,0,0,0,0,0,0,0,0,0,0,0,0,0,0,0,0,0,0,0,0,0,1,0,0,0
ACTN1,0,0,0,0,0,0,0,1,0,0,0,0,1,0,0,0,0,0,0,0,0,1,0,2,0,0,1,0,0,0,0,0,0,0,0,0,2,2,0,0,0,0,0,0,0,0,0,0,0,2,1,1,0,0,0,0,0,0,1,0,0,0,0,0,1,0,3,3,1,2,0,2,0,0,1,0,0,0,0,0,0,0,0,0,0,0,0,0,0,0,0,0,0,0,0,0,2,0,0,0,0,1,1,0,0,0,0,0,0,0,0,0,0,0,0,1,0,1,1,0,0,0,2,0,0,2,0,0,0,1,0,2,0,0,0,0,0,0,0,0,0,0,1,0,0,0,0,0,2,0,0,0,0,3,0,0,0,0,0,0,0,2,0,1,0,1,1,1,0,0,0,0,0,0,0,1,0,0,0,0,0,1,0,0,0,0,0,0,1,0,1,0,1,1,0,0,0,0,3,0,0,0,0,0,0,0,0,0,0,2,0,0,0,0,0,0,1,0,0,0,0,0,0,0,2,0,0,0,0,1,0,2,0,0,0,0,0,0,0,0,0,0,0,0,0,0,0,0,0,0,0,1,0,0,0,0,0,0,0,1,0,0,1,1,2,0,0,0,2,0,0,0,0,0,0,0,0,0,0,1,0,1,0,0,1,0,1,0,0,1,0,0,0,0,0,1,0,0,1,0,0,0,0,1,0,1,0,1,0,2,1,0,0,0,0,0,0,0,0,0,0,0,2,0,0,0,0,0,0,0,0,0,1,0,1,1,0,0,0,1,0,0,0,2,0,0,0,0,0,0,1,0,0,1,0,0,0,1,0,0,0,0,0,0,0,0,1,0,1,1,0,1,0,0,0,0,1,0,1,1,0,0,0,0,0,0,0,0,1,0,1,0,0,0,0,0,0,0,0,0,1,0,0,1,0,0,0,0,0,0,2,0,1,2,1,0,0,0,0,1,0,0,0,0,0,0,0,0,0,0,0,0,1,0,1,0,0,0,0,0,0,0,0,0,0,1,0,1,0,0,0,0,0,0,1,0,0,1,0,0,0,0,0,0,1,1,1,0,0,0,1,0,0,0,0,0,0,0,0,0,0,0,0,0,0,3,0,1,1,1,0,2,0,0,0,3,0,0,0,0,0,1,0,0,2,0,0,0,0,1,1,0,0,0,0,1,0,0,0,0,1,0,1,0,0,1,0,0,0,0,0,0,0,0,0,0,0,2,0,0,0,0,0,0,0,0,0,0,0,0,0,0,0,0,0,1,0,0,2,0,0,0,0,0,0,0,0,0,0,0,0,0,0,0,0,1,0,1,0,0,0,0,0,0,0,0,0,0,0,0,0,0,0,0,0,0,1,0,0,0,0,0,1,0,0,0,2,0,1,0,0,0,0,0,0,0,2,0,0,0,0,1,0,0,0,0,1,0,0,0,0,0,0,0,1,0,1,0,0,0,0,0,1,1,0,0,0,0,2,0,0,0,0,1,0,0,0,0,0,0,0,0,0,0,0,0,0,0,0,0,0,1,1,0,0,0,0,0,0,0,0,0,0,1,0,0,0,0,0,1,1,0,0,0,0,0,0,1,0,0,0,0,0,0,0,0,0,0,0,1,0,0,0,1,0,1,0,0,0,0,0,0,0,1,0,0,0,0,0,1,0,0,0,0,0,0,0,0,0,0,0,0,0,0,0,0,0,0,0,0,0,0,0,0,0,0,0,0,0,1,0,1,0,0,0,0,0,0,2,0,0,0,0,0,0,0,0,2,0,0,0,1,0,0,0,0,0,1,0,1,0,0,0,0,1,0,0,0,0,1,0,0,0,0,0,0,0,0,0,0,0,1,0,0,0,1,0,0,0,0,0,0,0,0,0,0,0,0,0,1,0,0,0,2,0,2,0,1,0,0,2,0,0,0,1,0,0,0,0,1,0,0,0,0,0,1,0,0,0,0,0,1,0,1,0,0,1,0,0,0,0,0,0,0,0,0,0,0,0,0,0,0,1,0,0,0,0,0,0,0,1,1,0,0,0,0,0,0,0,1,0,2,0,0,0,0,0,0,0,0,0,0,0,1,0,0,0,0,1,0,0,0,1,0,0,0,1,0,0,1,0,0,1,0,0,0,0,0,0,0,0,1,0,0,0,0,0,1,0,0,0,0,1,1,0,0,0,0,0,1,0,0,0,0,0,0,1,0,0,0,1,0,0,0,1,0,0,0,0,0,0,0,0,0,0,0,0,0,1,0,0,0,0,0,0,1,0,0,0,0,0,0,0,0,0,0,1,0,0,0,0,0,1,0,0,1,0,0,1,1,0,0,0,0,0,0,0,0,1,0,0,2,0,1,0,0,1,0,0,0,1,0,0,0,1,0,0,0,0,0,0,0,0,0,0,0,1,1,0,0,0,2,0,0,0,1,0,0,0,1,0,0,0,0,1,0,0,0,1,0,0,0,0,2,0,0,0,0,0,0,1,1,0,1,2,0,1,0,0,1,0,0,0,0,0,1,0,0,0,0,0,0,0,1,0,1,0,0,0,0,0,0,2,3,0,0,0,1,0,0,1,0,0,0,0,0,0,0,0,0,0,2,0,0,1,0,0,0,0,0,0,0,0,0,0,0,1,0,0,0,0,1,0,0,0,2,0,0,0,0,0,0,0,0,0,0,0,0,0,0,0,0,1,0,0,0,0,0,0,0,0,0,0,0,0,1,0,0,0,2,0,2,0,0,0,1,0,0,0,0,0,1,0,0,0,3,0,0,0,0,1,0,0,1,0,0,0,1,0,0,0,1,0,1,0,0,0,0,0,1,0,3,1,0,0,0,0,0,0,0,0,0,0,0,0,0,0,0,0,0,1,1,0,1,0,0,0,0,1,0,0,0,0,0,0,1,0,0,0,1,1,2,2,1,0,1,0,0,0,0,0,2,0,0,1,0,0,0,0,2,0,0,1,1,0,0,0,0,0,0,0,0,0,0,0,0,0,0,0,0,1,0,0,0,0,0,0,0,2,0,0,0,0,0,0,0,1,0,0,0,0,0,1,0,0,0,0,0,1,0,0,2,0,0,0,0,0,0,0,0,0,0,1,0,0,0,0,0,0,0,0,0,1,1,0,1,0,0,0,1,0,0,0,0,0,0,0,0,0,0,0,0,0,2,1,0,0,1,0,0,0,0,0,0,0,0,0,0,0,0,1,1,2,0,0,0,0,0,0,0,0,0,0,1,0,0,2,0,0,2,1,0,0,1,0,0,0,0,1,0,0,0,0,0,1,0,0,0,0,0,2,2,0,0,0,0,0,0,0,0,0,0,0,0,0,0,0,1,0,0,1,0,0,0,0,0,0,0,0,1,0,0,0,0,1,0,0,0,0,0,0,0,0,0,0,0,0,0,0,0,0,0,0,0,0,0,0,0,0,1,0,0,0,1,0,0,0,2,0,0,0,0,0,0,0,0,0,0,0,0,0,0,0,0,2,0
SNHG7,2,0,2,0,0,0,0,2,0,1,0,0,1,0,0,0,0,0,0,0,0,1,0,1,1,1,1,0,0,0,1,0,0,0,0,0,2,0,1,0,2,0,0,1,0,0,0,0,0,0,0,0,0,0,1,1,0,1,0,1,1,0,0,1,0,1,0,0,0,2,0,4,0,0,0,0,0,0,0,0,0,0,0,0,0,0,0,2,0,0,0,0,1,0,1,3,0,0,0,0,0,0,0,0,0,0,0,0,0,0,0,2,0,0,0,0,0,0,0,1,0,0,0,0,1,0,0,0,0,1,0,0,0,1,1,0,2,1,0,0,2,0,0,2,0,1,0,0,1,0,1,0,0,0,0,0,0,0,1,0,0,0,0,0,0,1,0,1,0,0,0,0,0,1,0,0,0,1,0,0,0,1,0,2,0,1,0,2,0,0,0,0,1,1,1,2,0,0,0,0,0,0,0,1,1,0,0,1,1,0,0,0,0,0,1,0,0,1,0,1,0,0,0,0,1,0,1,0,0,2,1,0,0,1,0,1,0,0,0,0,0,0,2,0,0,2,0,1,0,0,0,0,2,0,1,0,0,0,4,0,1,0,0,0,0,0,1,0,2,1,0,0,0,0,0,0,1,1,1,0,0,0,0,2,1,1,0,0,0,0,0,0,0,0,0,1,0,1,0,0,0,0,1,0,0,0,0,0,0,2,0,1,1,0,0,0,0,1,1,1,0,0,0,0,0,0,1,0,0,1,0,0,1,1,0,1,0,1,0,0,3,1,0,0,1,0,0,0,2,0,0,2,0,1,0,0,1,3,0,0,0,0,0,0,0,0,0,0,0,0,0,1,0,0,0,2,1,6,0,0,0,1,0,0,0,0,0,0,0,0,2,0,0,0,1,0,1,0,0,0,0,3,0,0,0,0,0,0,2,1,0,0,0,0,0,0,0,1,0,0,0,0,0,0,1,0,1,0,0,0,1,0,0,1,0,0,0,0,2,0,0,0,0,0,1,0,0,0,0,0,0,1,0,0,0,1,0,0,1,1,5,0,0,2,1,0,0,0,0,0,0,0,0,1,0,0,0,1,0,0,0,1,0,0,1,0,0,2,2,1,0,0,0,0,0,0,0,1,1,0,0,0,0,0,0,1,2,3,0,0,0,0,1,0,1,0,0,0,1,0,2,0,0,0,0,0,0,1,0,0,0,1,1,0,0,0,1,0,0,1,7,0,0,0,0,1,0,1,1,0,0,1,0,0,0,0,0,1,1,0,0,0,2,0,1,0,0,0,1,1,3,0,0,0,0,0,0,0,0,0,0,0,0,0,0,1,0,0,0,0,0,1,0,0,3,0,1,2,1,0,0,0,0,0,1,0,0,1,0,1,1,2,0,0,0,0,1,0,0,0,0,0,0,0,0,0,0,0,0,1,1,1,0,0,0,0,2,1,1,2,0,0,0,0,0,0,2,0,0,0,0,2,1,0,1,0,0,1,1,0,1,1,0,0,2,0,0,0,1,0,0,0,0,0,0,0,0,0,1,0,0,3,1,2,0,1,0,1,0,1,1,0,0,0,1,0,0,1,3,0,0,1,0,1,2,1,0,0,0,0,0,0,2,2,0,0,1,2,0,0,0,1,0,0,0,0,0,0,1,0,0,0,0,1,0,1,0,2,1,2,0,1,0,0,0,0,1,0,1,0,1,0,1,1,1,0,1,1,1,1,0,0,0,1,0,0,0,0,0,0,0,0,0,0,0,2,0,1,0,1,0,1,1,0,1,0,1,0,1,0,2,0,0,0,1,0,0,1,0,0,0,0,1,1,0,0,0,1,1,0,0,0,1,0,0,2,1,0,0,1,1,0,2,3,2,0,0,0,0,0,0,0,1,0,0,1,0,0,0,0,0,1,1,1,0,1,1,0,1,2,1,0,0,1,1,1,0,0,0,0,0,0,0,0,1,0,1,1,0,0,2,0,1,0,1,0,0,0,1,0,0,0,0,0,1,1,1,0,1,1,0,0,0,0,0,0,3,1,1,1,2,3,1,0,0,0,0,0,0,0,1,0,2,0,0,0,0,1,1,1,0,0,0,1,0,0,1,1,0,1,0,2,0,0,0,1,0,0,0,0,2,2,1,0,1,0,1,0,2,1,0,1,0,1,0,1,2,0,0,1,2,1,0,0,0,1,1,0,0,0,1,1,0,0,0,1,0,0,0,0,0,0,1,0,1,0,2,0,0,0,1,0,1,0,0,0,0,0,0,0,0,0,0,0,0,0,0,0,0,0,1,0,0,0,0,1,1,2,1,0,2,0,0,0,0,0,0,0,0,0,0,0,2,2,0,0,0,0,0,1,0,1,1,0,0,0,0,0,0,1,0,0,1,1,0,0,0,0,0,1,0,2,1,1,0,0,0,0,0,0,1,1,0,0,1,0,1,1,0,0,1,1,0,1,0,3,0,0,0,0,0,1,0,1,1,0,0,0,0,2,0,0,0,0,0,0,0,2,1,1,1,0,0,0,0,0,0,0,0,0,0,0,1,0,2,0,0,2,0,1,0,0,1,0,0,1,0,3,0,0,0,0,0,0,3,1,0,0,2,0,0,1,1,0,0,0,1,1,0,0,1,0,0,0,2,0,0,1,0,0,1,0,0,3,1,0,0,0,1,0,1,0,0,0,0,0,0,0,0,0,0,0,0,0,0,0,0,1,1,3,0,0,0,0,0,0,0,2,1,0,0,0,0,0,0,2,0,0,0,0,0,0,0,1,0,1,2,0,1,0,0,0,1,1,0,0,0,0,1,1,0,1,0,0,0,2,0,9,1,0,1,1,0,0,1,1,0,0,0,2,1,0,3,1,0,0,0,0,0,1,0,0,0,0,2,0,0,0,0,0,0,1,1,0,0,0,0,1,0,0,0,0,0,1,0,1,0,1,1,1,0,4,1,1,2,2,1,1,1,0,1,1,1,0,0,0,2,0,0,4,0,0,1,0,1,0,0,2,0,0,0,0,0,0,0,0,1,0,2,1,0,1,1,0,0,0,0,0,0,0,0,1,0,0,0,0,1,0,0,0,0,0,1,0,1,0,1,3,0,2,0,1,1,0,0,0,0,1,0,0,0,0,1,0,0,1,0,1,0,0,0,1,0,1,0,1,1,0,1,0,1,0,0,1,0,0,0,0,0,1,1,0,0,0,0,0,0,2,0,0,0,1,1,0,0,0,0,1,0,0,2,0,0,0,0,1,1,0,3,1,0,1,0,0,0,0,1,3,1,1,0,1,0,0,0,0,0,3,2,0,0,0,0,0,0,0,0,0,1,1,1,0,1,1,0,1,0,2,0,0,0,0,0,0,0,0,0,1,1,0,0,1,1,0,0,0,1,0,0,1,0,0,0,0,0,0,0,0,0,1,1,0,1,0,1,1,1,1,1,0,0,0,0,0,0,0,0,1,0,0,1,1,1,1,0,0
PSMA3.AS1,1,0,2,0,0,0,0,1,0,0,1,3,0,0,0,2,0,1,1,2,1,0,0,2,1,2,0,0,0,0,1,1,0,0,0,0,2,0,1,0,0,1,0,0,0,0,0,0,2,0,1,1,0,0,2,1,1,0,0,0,0,0,0,0,2,0,0,0,0,1,1,1,0,0,0,0,0,1,0,0,0,0,0,0,0,0,0,0,0,0,0,0,0,1,0,0,0,0,1,0,0,1,1,1,1,0,0,0,3,0,0,0,0,0,0,0,0,1,0,0,1,0,0,0,2,0,0,0,1,0,1,0,0,1,0,0,1,1,0,1,2,0,0,0,1,0,1,0,1,0,1,0,0,0,1,0,0,0,0,0,1,0,0,1,3,0,1,0,1,0,0,0,2,0,0,0,0,0,1,0,0,2,0,1,1,0,0,0,0,0,0,0,0,2,1,0,0,1,0,0,0,1,1,0,1,0,0,0,0,1,0,1,0,0,1,0,0,0,1,1,1,0,1,1,1,0,1,0,0,0,0,0,0,1,0,1,0,2,0,0,3,0,1,1,0,0,0,0,2,0,0,0,2,0,0,1,1,0,0,0,2,1,2,0,3,1,0,0,0,1,0,0,3,0,1,2,1,1,1,0,0,0,2,0,1,0,0,0,0,1,1,0,3,1,0,0,0,0,0,2,0,0,0,0,0,0,0,1,1,1,0,0,0,4,0,0,0,0,0,0,0,0,0,0,0,0,1,1,1,0,0,0,2,0,0,0,0,0,0,0,0,0,1,1,1,0,0,0,0,1,0,0,0,1,0,0,0,1,0,0,0,0,0,0,0,1,2,1,1,0,0,1,0,1,0,1,0,1,0,1,0,0,1,0,0,0,1,2,0,0,1,3,1,1,0,1,1,0,0,1,2,0,0,0,0,0,0,2,0,1,0,1,0,0,1,0,0,0,0,0,0,0,0,3,1,0,1,0,0,0,1,0,0,1,0,0,0,0,0,0,0,1,1,0,0,0,0,2,0,1,1,0,0,3,1,1,0,2,0,0,1,0,0,0,0,0,0,0,0,0,0,1,1,0,0,0,1,0,1,0,1,0,1,0,0,0,3,1,0,0,0,1,0,0,0,1,0,0,1,2,0,0,0,0,0,0,0,0,1,1,1,0,1,2,0,0,0,0,0,0,0,0,1,0,0,0,0,0,1,1,0,1,1,0,1,1,0,1,2,0,0,1,0,0,0,0,0,0,0,0,2,0,0,0,1,1,0,1,0,0,0,0,0,0,0,0,0,0,0,0,0,1,1,0,1,1,0,0,0,0,0,0,2,0,0,0,0,0,1,2,0,0,1,2,0,1,0,0,0,0,0,1,0,0,0,0,0,0,0,0,1,0,1,0,1,0,0,0,0,0,0,0,1,0,0,0,1,2,0,0,0,0,0,0,1,1,2,0,1,0,0,0,2,0,0,0,1,0,3,2,0,1,1,1,1,0,1,1,0,0,1,0,0,0,1,0,0,0,0,0,0,0,1,0,1,0,1,0,1,0,0,0,0,0,0,0,0,1,0,1,0,0,1,0,0,0,1,0,2,0,0,0,0,0,0,0,0,0,0,0,0,0,2,0,3,0,1,0,1,0,0,2,0,0,0,1,0,0,0,0,0,0,0,0,0,0,0,0,0,0,0,0,0,1,0,0,0,0,0,2,0,0,0,0,1,0,0,0,0,0,0,1,0,0,0,0,0,0,0,0,1,1,0,1,1,1,0,1,1,1,0,0,0,0,0,1,0,0,1,0,2,0,0,0,1,0,0,1,0,0,0,0,0,1,0,0,1,0,0,0,0,1,1,0,0,0,1,0,0,0,0,0,2,0,0,0,0,1,0,0,2,0,0,2,0,0,0,0,1,0,3,1,1,0,0,2,0,2,0,0,0,0,1,0,0,1,0,0,0,1,0,0,0,2,0,0,1,0,0,0,0,0,1,1,1,1,0,3,1,0,0,1,0,0,0,0,1,0,0,0,0,0,0,0,0,1,0,1,1,0,1,0,0,0,0,0,0,1,1,0,2,1,0,0,1,3,0,0,0,1,1,1,0,0,0,0,0,0,0,1,0,0,0,0,0,0,0,0,0,0,1,0,0,0,0,0,1,0,1,0,0,0,0,0,2,0,0,0,0,1,1,0,1,0,0,2,0,0,0,0,0,1,0,1,2,1,0,0,0,0,0,1,0,1,0,0,0,1,0,0,0,1,0,0,0,2,0,0,1,1,1,0,1,0,0,0,0,0,0,0,1,0,2,0,0,0,0,0,0,1,1,0,1,0,0,1,0,0,0,0,1,0,1,0,0,0,0,1,0,0,0,0,1,1,0,0,0,0,0,1,0,0,0,0,0,0,0,0,0,0,0,0,0,0,1,0,0,0,0,0,0,0,0,0,0,1,0,1,2,0,0,0,0,1,0,0,0,0,0,0,0,0,0,1,1,0,0,0,0,0,1,0,1,0,0,0,0,0,1,0,0,1,0,0,1,0,0,0,0,1,0,1,0,0,0,0,2,0,0,0,0,0,0,1,1,1,0,0,0,0,1,0,0,0,0,0,0,0,0,0,0,0,2,0,1,0,0,0,0,0,0,0,0,1,0,0,0,0,0,2,0,0,0,0,0,0,0,1,0,0,0,0,0,0,1,0,0,0,0,0,0,0,0,0,0,0,0,0,0,0,0,0,0,0,0,3,0,1,0,0,0,0,0,0,0,0,1,0,0,0,0,0,0,0,1,0,0,1,0,2,0,1,0,1,0,0,0,0,0,0,1,1,0,1,0,2,0,1,0,1,1,1,0,0,0,0,2,1,0,0,1,0,0,0,0,1,0,0,2,2,1,0,1,0,0,0,0,1,1,1,1,0,0,0,0,0,0,0,0,0,0,0,0,1,1,0,0,0,0,3,0,0,0,0,1,1,0,0,0,0,1,0,1,1,0,0,0,0,1,1,2,0,0,0,0,0,0,0,0,0,0,0,0,0,0,0,0,0,0,0,0,1,1,0,0,0,2,0,1,0,1,1,0,0,2,0,1,0,0,0,0,3,0,0,0,0,0,1,0,1,0,0,0,0,2,0,0,0,0,0,1,0,0,1,0,0,0,1,0,0,3,0,0,0,1,0,1,1,0,1,1,1,0,0,1,0,0,0,1,2,0,0,0,0,0,0,0,0,2,0,0,1,1,0,0,1,0,0,0,0,0,0,0,0,0,0,0,0,0,0,0,0,0,1,0,1,0,0,0,0,0,0,0,0,0,0,0,0,0,2,1,0,0,1,1,0,0,0,0,0,2,0,0,0,1,0,0,0,1,2,2,0,0,0,0,3,1,0,1,0,0,0,0,0,0,0,0,0,0,1,0,0,0,1,0,0,0,0,1,0,1,0,0,2,0,0,2,0,0,0,0,0,0,1,0,0,0,1,0,1,0,0,2,0,0,0
LYPD2,0,0,0,0,0,0,0,0,0,0,0,0,0,0,0,0,0,0,0,0,0,0,0,0,0,0,0,0,0,0,0,0,0,0,0,0,0,0,0,0,0,0,0,0,0,0,0,0,0,0,0,0,0,0,0,0,0,0,0,0,0,0,0,0,0,0,0,0,0,0,0,0,0,0,0,0,0,0,0,0,0,0,0,0,0,0,0,0,0,0,0,0,0,0,0,0,0,0,0,0,0,0,0,0,0,0,0,0,0,0,0,0,0,0,0,0,0,0,0,0,0,0,0,0,0,0,0,0,0,0,0,0,0,0,0,0,0,0,0,0,0,0,0,0,0,0,0,0,0,0,0,0,0,0,0,0,0,0,0,0,0,0,0,0,0,0,0,0,0,0,0,0,0,0,0,0,0,0,0,0,0,0,0,0,0,0,0,0,0,0,0,0,0,0,0,0,0,0,0,0,0,0,0,0,0,0,0,0,0,0,0,0,0,0,0,0,0,0,0,0,0,0,0,0,0,0,0,0,0,0,0,0,0,0,0,0,0,0,0,0,0,0,0,0,0,0,0,0,0,0,0,0,0,0,0,0,0,0,0,0,0,0,0,0,0,0,0,0,0,0,0,0,0,0,0,0,0,0,0,0,0,0,0,0,0,0,0,0,0,0,0,0,0,0,0,0,0,0,0,0,0,0,0,0,0,0,0,0,0,0,0,0,0,0,0,0,0,0,0,0,0,0,0,0,0,0,0,0,0,0,0,0,0,0,0,0,0,0,0,0,0,0,0,0,0,0,0,0,0,0,0,0,7,0,0,0,0,0,0,0,0,0,0,0,0,0,0,0,0,0,0,0,0,0,0,0,0,0,0,0,0,0,0,0,0,0,0,0,0,0,1,15,0,0,0,0,0,0,0,0,0,0,0,0,0,0,0,0,0,0,0,0,0,0,0,0,0,0,0,0,0,0,0,0,0,0,0,0,0,0,0,0,0,0,0,0,0,0,0,0,0,0,0,0,0,0,0,0,0,0,0,0,0,0,0,0,0,0,0,0,0,0,0,0,0,0,0,0,0,0,0,0,0,0,0,0,0,0,0,0,0,0,0,0,0,0,0,0,0,0,0,0,0,0,0,0,0,0,0,0,0,0,0,0,0,0,0,0,0,0,0,0,0,0,0,0,0,0,0,0,0,0,0,0,0,0,0,0,0,0,0,0,0,0,0,0,0,0,0,0,0,0,0,0,0,0,0,0,0,0,0,0,0,0,0,0,0,0,0,0,0,0,0,0,0,0,0,0,0,0,0,0,0,0,0,0,0,0,0,0,0,0,0,0,0,0,0,0,0,0,0,0,0,0,0,0,0,0,0,0,0,0,0,0,0,0,0,0,0,0,0,0,0,0,0,0,0,0,0,0,0,0,0,0,0,0,0,0,0,0,0,0,0,0,0,0,0,0,0,0,0,0,0,0,0,0,0,0,0,0,0,0,0,0,0,0,0,0,0,0,0,0,0,0,0,0,0,0,0,0,0,0,0,0,0,0,0,0,0,0,0,0,0,0,0,0,0,0,0,0,0,0,0,0,0,0,0,0,0,0,0,0,0,0,0,0,0,0,0,0,0,0,0,0,0,0,0,0,0,0,1,0,0,0,0,0,0,1,0,0,0,0,0,0,0,0,0,0,0,0,0,0,0,0,0,0,0,0,0,0,0,0,0,0,0,0,0,0,0,0,0,0,0,0,0,0,0,0,0,0,0,0,0,0,2,0,0,0,0,0,0,0,0,0,0,0,0,0,0,0,0,0,0,0,0,0,0,0,0,0,0,0,0,0,0,0,0,0,0,0,0,0,0,0,0,0,0,0,0,0,0,0,0,0,0,0,0,0,0,0,0,0,0,0,0,0,0,0,0,0,0,0,0,0,0,0,0,0,0,0,0,0,0,0,0,0,0,0,0,0,0,0,0,0,0,0,0,0,0,0,0,0,0,0,0,0,0,0,0,0,0,0,0,0,0,0,0,0,0,0,0,0,0,0,0,0,0,0,0,0,0,0,0,0,0,0,0,0,0,0,0,0,0,0,0,0,0,0,0,0,0,0,0,0,0,0,0,0,0,0,0,0,0,0,0,0,0,3,0,0,0,0,0,0,0,0,0,0,0,0,0,0,0,0,0,0,0,0,0,0,0,0,0,0,0,0,0,0,0,0,0,0,0,0,0,0,0,0,0,0,0,0,0,0,0,0,0,0,0,0,0,0,0,0,0,0,0,0,0,0,0,0,0,0,0,0,0,0,0,0,0,0,0,0,0,0,0,0,0,0,0,0,0,0,0,0,0,0,0,0,0,0,0,0,0,0,0,0,0,0,0,0,0,0,0,0,0,0,0,0,0,0,0,0,0,0,0,0,0,0,0,0,2,0,2,0,0,0,0,0,0,0,0,1,0,0,0,0,0,0,0,0,0,0,0,0,0,0,0,0,0,0,0,0,0,0,0,0,0,0,0,0,12,0,0,0,0,0,0,0,0,0,0,0,0,0,0,0,0,0,0,0,0,0,0,0,0,0,0,0,0,0,0,0,0,0,0,0,0,0,0,0,0,0,0,0,0,0,0,0,0,0,0,0,0,0,0,0,0,0,0,0,0,0,0,0,0,0,0,0,0,0,0,0,0,0,0,0,0,0,1,0,0,0,0,0,0,0,0,0,0,0,0,0,0,0,0,0,0,0,0,0,0,0,0,0,0,0,0,0,0,0,0,0,0,0,0,0,0,0,0,0,0,0,0,0,0,0,0,0,0,0,0,0,0,0,0,0,0,0,0,0,0,0,0,0,0,0,0,0,0,0,0,0,0,0,0,0,0,0,0,0,0,0,0,0,0,0,0,0,0,0,0,0,0,0,0,0,0,0,0,0,0,0,0,0,0,0,0,0,0,0,0,0,0,0,0,0,0,0,10,0,0,0,0,0,0,0,0,0,0,0,0,0,0,0,0,0,0,0,0,0,0,0,0,0,0,0,0,0,0,0,0,0,0,0,0,0,0,0,0,0,0,0,0,0,0,0,0,0,0,0,0,0,2,0,0,0,0,0,0,0,0,0,0,0,0,0,0,0,0,0,0,0,0,0,0,0,0,0,0,0,0,0,0,0,0,0,0,0,15,0,0,0,0,0,0,0,0,0,0,0,0,0,0,0,0,0,0,0,0,0,0,0,0,0,0,0,0,0,0,0,0,0,0,0,0,1,0,0,0,0,0,0,0,0,0,0,0,0,0,0,0,0,0,0,0,0,0,0,0,0,0,0,0,0,0,0,0,0,0,0,0,0,0,0,0,0,0,0,0,0,0,0,0,0,0,0,0,0,0,0,0,0,0,0,0,0,0,0,0,0,0,0,0,0,0,0,0,0,0,10,0,0,0,0,0,0,0,0,0,0,0,0,0,0,0,0,0,0,0,0,0,0,0,0,0,0,0,0,0,0,0,0,0,0
MAP3K7CL,0,0,0,0,0,0,0,1,0,0,0,0,0,0,0,0,0,0,2,0,0,0,1,0,0,0,0,0,0,1,0,0,1,0,0,0,1,0,0,0,0,0,1,0,0,0,0,0,0,0,0,0,1,0,0,0,0,0,0,0,0,0,0,0,0,0,0,2,2,0,0,0,0,0,0,0,0,0,0,0,0,0,0,0,0,0,0,0,0,0,1,0,0,0,0,0,0,0,0,0,0,0,0,0,0,0,0,0,0,0,0,0,0,0,0,0,0,0,0,0,0,0,2,0,0,0,0,0,0,0,0,0,0,0,0,0,0,0,1,0,0,0,0,0,0,0,0,0,0,0,0,0,0,0,0,0,0,0,0,0,0,0,0,0,0,0,0,0,0,0,0,0,0,0,0,0,0,0,0,0,0,0,1,0,0,0,0,0,0,0,0,0,0,0,0,0,0,0,2,1,0,0,0,0,0,0,0,0,0,0,0,0,0,0,0,0,0,0,0,1,0,0,0,0,0,0,0,0,0,0,0,0,0,0,0,0,0,0,0,0,0,0,0,1,0,0,0,0,0,0,0,0,0,0,0,0,0,0,0,0,0,0,0,0,0,0,0,0,0,0,0,0,0,0,0,0,0,0,0,0,0,0,0,0,0,0,0,0,0,0,0,0,1,0,0,0,0,0,1,0,0,0,0,0,0,0,0,1,0,0,1,0,0,0,0,0,0,0,0,0,0,0,0,0,0,0,0,0,0,0,0,0,0,0,0,0,0,0,0,0,0,0,0,0,0,0,0,0,0,0,0,0,0,0,0,0,0,0,0,0,0,0,1,0,0,0,0,0,0,0,0,1,0,0,0,0,0,0,0,0,0,0,0,0,0,0,0,0,0,0,0,1,0,0,0,0,0,0,0,1,0,0,0,0,0,0,0,0,0,0,0,0,0,0,0,0,0,0,0,0,1,0,0,0,0,0,0,0,0,0,0,0,0,0,0,0,0,0,1,0,0,0,0,0,0,0,0,0,0,0,0,0,0,0,0,0,0,0,0,0,0,0,0,0,0,0,0,0,1,0,0,0,0,0,0,0,0,0,0,0,0,0,0,0,0,0,0,1,0,1,0,0,0,0,0,0,0,0,0,0,0,0,0,0,0,0,0,0,0,0,0,0,0,0,0,0,0,0,0,0,0,0,0,0,0,0,0,0,0,0,0,0,0,0,0,0,1,0,0,0,0,0,0,0,0,0,0,0,0,0,0,0,0,0,0,0,0,0,0,0,0,0,0,0,0,0,0,0,0,0,0,0,0,0,0,0,0,0,0,0,0,0,0,0,0,0,0,0,0,0,0,0,0,0,0,0,0,0,0,0,0,0,0,0,0,0,0,0,0,0,0,0,0,0,0,0,0,0,0,0,0,0,0,0,0,0,0,0,0,0,0,0,0,0,0,0,0,0,0,0,0,0,0,0,0,0,0,0,0,0,0,0,0,0,0,0,0,0,0,0,0,0,0,0,0,0,0,0,0,0,0,0,0,0,0,0,0,1,0,0,0,0,0,0,0,0,0,0,0,0,0,0,0,0,0,0,0,0,0,0,0,0,0,0,0,0,0,0,0,0,0,0,1,0,0,0,0,0,0,0,0,0,0,0,0,0,0,0,0,0,0,0,0,0,0,0,0,0,0,0,0,0,0,1,0,0,0,0,0,0,0,0,0,0,0,0,0,0,0,0,0,0,0,0,0,0,0,0,0,0,0,0,0,0,0,0,0,0,1,0,0,0,0,0,1,0,0,0,0,0,0,0,0,0,0,0,0,0,0,0,0,0,0,0,0,0,0,0,0,0,0,0,0,0,0,0,0,0,0,0,0,0,0,0,0,0,0,0,0,0,1,0,0,0,0,0,0,0,0,0,0,1,0,0,0,0,0,0,0,0,0,0,0,0,0,0,1,0,0,0,0,0,0,0,0,0,0,0,0,0,0,0,0,0,0,0,0,0,0,0,0,0,0,0,0,0,0,0,0,0,0,0,0,0,0,1,0,0,0,0,0,0,0,0,0,0,0,0,0,0,0,0,0,0,0,0,0,0,0,0,0,0,0,0,0,0,0,0,0,0,0,0,0,0,0,0,0,0,0,0,0,0,0,0,0,0,0,0,0,0,0,0,0,0,0,0,0,0,0,0,0,0,0,0,0,0,0,0,1,0,0,0,0,0,0,0,0,0,0,0,0,0,0,0,0,0,0,0,0,0,0,0,0,0,0,0,0,0,0,0,0,0,0,0,0,0,0,0,0,0,0,0,0,0,0,0,0,0,0,0,0,0,0,0,0,0,0,0,0,0,0,0,0,0,0,0,0,0,0,0,0,0,0,0,0,0,0,0,0,0,0,0,0,0,0,0,0,0,0,0,0,0,0,0,0,0,0,0,0,0,0,0,0,0,0,0,0,0,0,0,0,0,0,0,0,0,0,0,0,0,0,0,0,1,0,2,0,0,0,0,0,0,0,0,0,0,0,0,0,0,0,0,0,0,0,0,0,0,0,0,0,0,0,0,0,0,0,0,0,0,0,0,0,0,0,0,0,0,0,0,0,0,0,0,0,0,0,0,0,0,0,0,0,0,0,0,0,0,0,0,0,0,0,0,0,0,0,0,0,0,0,0,0,0,0,0,0,0,0,0,1,0,0,0,0,0,0,0,0,1,0,0,0,0,0,0,0,0,0,0,0,0,0,0,0,0,0,0,0,0,0,0,0,0,0,0,0,0,0,0,0,0,0,0,1,0,0,0,0,0,0,0,0,0,0,0,0,0,0,0,0,0,0,1,0,0,0,0,0,0,0,0,0,0,0,0,0,0,0,0,0,0,0,0,0,0,0,0,0,0,0,0,1,0,0,0,0,0,0,0,0,0,0,0,0,0,0,0,0,0,0,0,0,0,0,0,0,0,0,1,0,0,0,0,0,0,0,0,0,0,0,1,0,0,0,0,0,0,0,0,0,0,0,0,0,0,0,0,0,0,0,0,0,0,0,0,0,0,0,0,0,0,0,0,0,0,0,0,0,0,0,0,0,0,0,0,0,0,0,0,0,1,0,1,1,0,0,0,0,0,1,1,0,0,0,0,0,0,0,1,0,0,0,0,0,0,0,0,0,1,1,0,0,0,0,0,0,0,0,0,0,0,0,0,0,0,0,0,0,0,0,0,0,0,0,0,0,0,0,0,0,0,0,0,0,0,0,1,0,0,0,0,0,0,0,0,1,0,0,0,0,0,0,0,0,0,0,0,0,1,0,0,0,0,0,0,0,0,0,0,0,0,0,0,0,0,1,0,0,0,0,0,0,0,0,0,0,0,0,0,0,0,0,0,0,0,0,0,0,0,0,0,0,0,0,0,0,1,0,0,0,0,0,0,0,0,0,0,0,1,1,0,0,0,0,0,0,0,0,0,0,0,0,0,0,0,0,0,0,0,0,0,1,0,0,0
CTSA,1,0,0,0,0,0,0,0,0,0,3,0,0,0,0,2,0,0,0,0,0,0,0,0,0,0,0,0,0,0,0,0,0,0,0,1,1,0,0,0,0,1,0,2,0,0,0,0,0,0,0,0,0,1,0,0,0,1,0,0,1,0,0,0,0,0,0,5,1,2,0,0,0,1,1,0,0,1,0,1,0,1,0,0,0,0,0,1,0,0,1,0,0,0,0,2,0,0,0,2,1,0,0,0,0,2,0,2,0,0,0,0,1,0,0,0,0,1,0,2,0,0,3,0,0,0,0,0,0,1,0,0,0,0,0,0,0,0,0,0,1,0,0,0,1,0,1,0,0,0,2,0,0,0,0,1,0,0,0,0,0,0,0,0,1,0,0,0,0,0,0,0,3,0,0,0,0,0,0,0,0,3,0,0,0,0,0,1,0,0,1,0,0,0,0,0,0,0,5,0,1,0,0,0,0,0,0,0,0,0,0,0,1,0,0,0,0,0,0,0,0,0,0,0,0,0,0,3,0,0,0,0,0,0,2,1,1,0,1,0,0,0,0,0,0,0,0,0,0,0,0,0,0,0,0,0,0,1,0,0,0,0,0,0,0,0,0,0,0,0,2,0,0,0,0,0,0,0,2,0,2,0,0,1,1,0,0,0,0,0,0,0,2,0,1,0,0,1,2,0,1,0,0,0,1,0,0,0,0,2,0,0,0,0,0,0,0,0,1,0,0,0,0,0,0,0,0,0,0,0,0,1,0,0,0,0,0,1,1,2,0,0,0,0,0,0,0,0,0,0,1,0,4,1,0,1,0,0,1,0,0,0,0,0,0,0,0,0,0,1,0,0,0,0,0,2,0,0,0,2,2,0,0,0,0,0,0,0,0,0,0,0,0,0,0,1,0,0,0,0,2,0,0,0,0,0,0,0,1,0,0,0,1,0,0,0,0,0,0,0,0,0,0,1,0,0,0,0,0,0,0,0,1,0,1,0,0,0,0,0,0,0,1,0,0,1,0,0,0,0,1,0,0,0,2,1,0,0,0,0,1,0,0,0,1,0,0,0,0,0,0,1,0,0,0,0,0,1,0,0,0,0,1,0,0,0,0,0,0,0,0,0,0,0,0,0,0,0,0,0,0,0,0,0,0,0,0,2,0,0,0,0,0,0,0,0,0,0,0,0,2,0,1,0,0,0,0,0,0,1,0,0,0,0,1,0,0,0,0,1,0,1,0,1,0,0,0,0,0,0,3,0,0,0,0,1,0,1,0,0,0,0,0,0,0,1,2,0,2,0,0,0,0,0,0,0,0,0,0,0,0,0,0,0,0,0,0,0,0,0,0,0,2,0,0,0,0,0,0,0,0,0,2,0,0,1,2,0,0,0,0,0,1,0,0,0,0,0,3,0,0,1,0,0,0,1,0,0,0,0,0,0,0,0,0,0,0,0,0,0,0,0,0,0,0,0,2,0,0,0,0,0,0,0,0,1,0,0,0,1,1,0,0,0,0,0,0,0,0,1,0,0,1,0,0,0,1,0,0,1,0,2,0,0,1,0,0,0,0,0,0,0,0,0,0,0,0,0,0,0,0,0,1,0,0,0,0,0,1,1,0,0,0,0,0,1,0,1,0,0,0,0,3,1,0,0,0,0,0,0,0,0,0,0,0,0,0,0,0,0,0,0,1,1,1,0,0,0,0,0,2,1,1,0,0,0,0,0,0,0,0,1,0,0,1,0,0,0,0,1,0,0,1,0,0,0,0,0,0,1,0,0,0,0,0,1,0,0,0,0,0,0,0,0,5,0,1,0,0,0,0,0,0,0,2,0,0,0,0,0,0,0,0,3,0,0,1,1,1,0,0,0,0,0,0,2,1,0,0,2,1,0,0,0,0,0,0,0,0,0,0,1,0,0,3,0,1,0,0,0,0,0,0,0,0,0,0,0,0,0,0,0,0,0,0,0,0,0,0,0,0,3,0,0,0,0,0,0,0,0,0,0,0,0,1,0,0,0,0,0,0,1,0,0,0,0,0,0,0,0,0,0,0,0,0,0,0,0,1,0,1,0,0,0,0,0,0,0,0,0,0,1,1,0,0,0,0,2,0,0,0,0,0,0,0,1,0,3,0,0,0,0,1,0,0,0,0,0,1,0,0,0,0,0,1,0,0,0,0,1,0,1,0,1,0,1,1,0,0,0,0,1,0,0,0,0,0,0,0,1,0,0,0,2,1,0,0,0,0,0,1,1,0,1,1,1,0,0,0,0,0,0,1,0,0,0,0,0,0,0,1,0,2,0,0,0,0,0,0,0,0,0,0,0,0,1,1,2,0,0,0,1,0,0,0,0,0,1,0,0,0,0,0,0,0,0,0,0,0,1,1,1,0,1,0,0,0,0,0,0,0,0,0,1,0,0,0,1,0,0,1,0,0,1,0,0,0,0,2,1,1,0,0,0,0,1,0,0,0,0,0,0,0,0,0,1,0,1,0,0,0,0,1,2,0,0,0,0,0,1,0,0,0,0,0,1,0,0,1,0,0,0,2,0,0,0,0,0,0,0,0,0,0,1,0,0,0,0,0,0,0,0,0,0,0,0,0,0,0,1,0,0,0,0,0,1,0,0,0,0,0,0,1,0,0,0,0,0,0,0,0,0,0,0,0,0,1,0,0,0,0,0,0,0,0,0,3,0,0,1,0,0,0,0,0,0,0,0,0,0,0,0,0,1,0,0,1,1,0,0,0,0,0,0,0,0,4,1,0,0,1,0,0,0,0,0,0,1,0,0,0,1,0,0,0,0,2,0,0,1,0,0,0,0,0,0,0,0,1,0,1,0,0,0,2,1,0,0,0,0,1,0,0,0,0,0,0,0,0,0,0,0,0,0,0,0,2,0,0,1,1,0,2,0,0,1,0,0,0,1,0,1,0,0,0,0,0,0,0,0,1,0,0,1,0,2,0,0,0,0,0,0,0,0,2,0,0,0,0,1,0,0,0,0,0,1,0,0,0,0,0,1,0,0,0,0,0,0,4,0,0,0,0,0,0,0,0,1,1,0,2,0,0,0,1,0,0,0,0,0,0,1,0,0,0,0,0,2,0,0,0,1,1,1,0,0,0,0,0,0,1,3,0,0,0,0,0,1,0,1,0,0,0,0,0,0,1,0,0,1,0,1,0,0,0,1,0,0,0,0,0,0,0,0,1,0,0,0,0,0,0,0,2,0,1,0,0,0,0,0,0,0,0,0,0,1,0,0,0,0,0,0,1,0,0,0,0,0,0,0,0,0,1,0,3,0,1,0,0,1,0,0,1,0,0,0,0,0,0,1,0,0,0,0,0,0,0,0,0,1,0,0,0,0,0,0,0,2,0,0,0,0,0,1,0,0,0,0,0,0,0,1,0,0,0,0,0,0,0,0,0,0,1,0,0,0,0,0,1,0,1,0,0,0,0,0,0,2,0,0,0,2,0,0,0,0
IFRD1,0,0,0,0,0,2,1,0,0,0,0,1,0,0,1,0,1,0,0,3,0,0,0,0,0,0,0,0,0,3,2,0,3,0,0,0,2,0,0,0,1,0,0,1,1,0,0,0,0,1,0,0,2,0,0,0,1,0,0,0,0,0,0,1,0,3,0,0,1,0,0,1,0,1,0,0,0,0,0,1,0,0,0,0,0,1,1,0,1,1,1,0,0,2,0,1,1,0,0,0,2,0,2,0,0,2,1,0,1,2,0,1,0,1,1,2,0,0,0,0,0,0,1,0,0,0,0,0,1,0,0,1,0,1,0,0,0,2,0,1,1,0,0,0,0,0,0,2,1,0,0,0,1,0,0,0,0,1,0,0,0,1,0,0,0,1,2,0,1,0,2,0,0,1,0,0,0,0,2,1,1,0,0,1,0,0,0,0,0,0,2,0,0,0,0,0,0,2,0,3,1,0,1,0,1,0,0,0,0,0,1,0,4,0,0,0,2,2,1,0,0,1,0,0,1,0,1,1,0,0,0,0,0,0,0,0,0,0,1,0,0,0,0,0,2,0,0,0,0,0,0,0,0,1,1,0,0,0,0,0,1,0,1,0,0,2,0,1,1,0,0,1,0,0,0,0,2,1,0,0,0,0,1,0,0,0,0,0,0,1,0,0,1,1,0,1,0,0,2,0,0,3,0,1,0,1,0,0,0,0,0,0,1,1,0,1,0,0,0,0,0,1,0,0,0,0,3,0,1,1,0,1,0,0,1,0,1,0,0,0,1,0,0,3,0,0,0,0,0,0,4,0,1,0,0,1,0,0,2,0,1,0,0,2,0,0,0,0,0,0,0,1,0,0,1,0,0,0,1,0,1,0,1,0,0,0,0,1,0,2,0,0,1,3,1,0,1,0,0,0,1,0,1,0,0,1,1,1,1,0,0,1,0,0,0,0,0,1,0,0,0,1,0,0,0,1,0,1,0,1,0,1,0,1,1,0,0,0,0,1,0,0,2,0,1,0,0,0,0,0,0,0,1,0,0,1,0,0,0,1,1,2,0,1,2,1,0,0,1,0,0,0,0,0,1,0,0,3,0,2,3,0,0,2,0,2,0,0,0,0,0,0,0,0,1,0,2,0,1,0,0,0,0,0,1,0,1,0,1,0,0,0,0,0,0,0,0,0,0,0,0,0,0,0,0,0,0,0,0,0,1,0,0,0,0,0,0,0,0,0,1,1,0,1,0,0,0,0,1,0,0,0,1,0,0,4,0,4,0,0,0,2,0,1,1,0,0,0,0,0,0,1,0,2,0,0,0,0,2,0,1,0,0,0,0,0,2,0,0,0,0,1,1,0,0,1,0,0,0,1,0,0,0,0,0,2,0,0,0,0,2,0,0,0,3,0,0,0,3,0,0,0,2,2,1,0,0,0,0,2,0,0,1,0,0,0,0,1,0,1,0,0,0,0,0,1,1,0,0,0,1,1,0,0,0,1,0,0,0,0,1,2,1,0,0,0,0,0,0,0,0,0,0,1,2,0,0,0,3,1,0,0,0,1,1,0,1,0,0,0,0,0,0,1,0,0,0,0,0,1,0,0,0,2,0,0,0,0,0,3,1,0,0,0,0,0,0,4,0,1,0,0,0,0,0,0,0,0,0,1,1,1,1,0,0,1,1,0,0,0,0,0,1,0,0,1,0,1,1,0,0,0,0,0,0,0,0,1,0,1,0,1,0,1,2,1,1,0,0,0,0,3,0,0,1,0,0,1,1,1,1,1,0,2,0,0,0,0,0,0,0,0,0,0,0,0,0,0,0,1,1,1,0,0,0,0,0,0,0,1,0,0,1,0,0,0,0,0,0,0,0,0,0,1,0,0,0,0,0,0,0,0,0,0,0,0,0,1,1,0,0,0,0,0,0,0,0,0,1,1,0,0,0,0,1,0,1,0,2,1,0,2,1,0,0,0,1,0,0,0,0,2,2,0,0,0,0,1,0,1,0,0,1,2,0,0,0,0,0,0,1,0,0,0,0,0,0,2,0,0,0,0,1,0,1,0,0,0,2,0,0,0,0,0,0,1,0,0,0,0,0,2,0,0,0,0,1,0,0,1,1,0,0,0,0,0,0,0,0,0,0,0,0,0,1,2,1,0,0,0,0,0,1,0,1,1,0,1,0,0,0,1,0,1,0,1,0,0,0,1,0,0,1,0,1,0,0,1,0,0,0,0,0,0,1,0,0,0,0,0,0,0,0,0,0,3,0,0,1,0,0,1,1,1,1,0,0,0,0,1,1,0,1,1,0,0,0,0,0,0,1,0,0,1,1,0,0,0,0,1,2,1,0,0,0,1,1,4,1,1,2,0,1,1,1,0,0,1,0,0,0,1,2,1,2,0,0,0,0,0,0,1,2,0,1,0,0,0,1,0,0,0,1,0,0,0,1,2,1,0,5,0,1,1,0,1,0,0,1,0,0,1,0,0,1,0,1,0,0,0,0,1,0,0,0,0,0,0,0,0,0,0,0,3,0,1,1,0,0,1,1,0,0,0,0,0,0,1,0,0,0,0,1,1,1,1,0,1,0,0,0,1,0,0,1,0,0,0,0,0,1,0,0,1,1,0,0,0,1,0,0,0,1,0,0,0,1,0,1,0,1,0,0,1,0,0,1,0,0,1,0,1,1,0,0,0,2,0,0,0,0,1,0,1,1,0,1,2,0,0,0,1,0,2,1,0,0,0,0,0,0,0,1,2,1,0,0,0,0,0,0,1,0,0,1,1,0,2,0,0,0,4,0,0,0,1,0,0,1,0,0,0,0,0,1,0,0,1,0,0,4,0,1,1,0,0,0,0,0,1,0,0,0,0,0,0,0,0,0,0,0,0,0,3,1,0,0,0,0,0,4,1,1,1,0,0,1,0,1,1,1,0,0,0,0,0,0,0,0,0,0,0,0,0,0,0,0,0,0,0,0,0,0,1,0,1,1,0,0,1,0,0,0,0,1,0,1,0,1,0,0,5,0,0,0,0,1,0,3,1,0,0,0,2,1,0,0,0,0,1,0,1,0,0,0,0,1,0,1,0,0,0,0,0,0,0,0,0,0,1,0,1,1,0,3,1,0,0,1,0,0,0,0,0,0,0,0,0,0,1,0,0,1,1,0,0,0,0,0,0,0,0,0,1,0,0,0,0,0,0,1,2,1,0,0,0,0,3,0,0,0,0,0,0,0,0,1,0,0,0,0,0,0,0,0,0,0,0,0,0,2,0,0,0,0,1,0,1,0,0,1,0,0,0,1,0,0,1,1,0,0,0,1,0,0,0,0,0,0,1,0,1,0,0,1,0,1,0,0,0,1,0,0,0,0,0,0,0,0,0,1,1,1,1,0,0,0,0,0,2,0,0,0,0,0,2,0,0,0,0,1,0,2,0,0,0,0,0,0,1,1,0,0,0,0,0,1,2,0,0,0,2,1,0,1,0
RUNX3,0,0,0,0,0,0,0,0,0,0,0,0,0,0,0,0,0,0,0,0,0,0,0,0,0,0,0,0,0,0,1,0,0,0,0,0,0,0,0,0,0,0,0,2,0,0,0,0,0,0,0,0,0,0,0,0,0,0,0,0,0,0,0,0,0,0,0,0,0,0,0,0,0,0,0,1,1,0,0,0,0,1,0,0,0,0,0,0,0,0,0,0,0,0,0,0,0,0,0,0,0,0,0,0,1,0,0,1,0,0,0,0,0,1,0,0,1,0,0,0,0,0,1,0,0,0,3,0,0,1,0,0,2,0,0,0,0,0,0,0,0,0,0,0,0,0,0,0,0,2,0,0,0,0,0,0,0,0,0,0,0,0,0,0,0,0,0,0,0,1,0,0,0,0,0,0,0,0,0,0,0,1,1,0,0,1,0,0,0,0,0,0,0,0,0,0,0,0,0,0,0,1,0,0,0,0,0,1,0,0,0,0,0,0,0,0,0,1,0,0,0,1,0,0,0,2,0,0,0,0,0,0,1,0,0,1,1,0,0,0,0,0,0,0,0,0,1,0,0,1,1,0,0,0,0,0,1,0,0,0,0,0,0,0,0,1,0,0,0,0,1,0,0,0,0,0,0,0,0,0,0,0,1,0,0,0,0,0,0,0,0,1,0,0,0,0,0,0,0,0,1,0,0,0,0,0,0,0,0,0,0,0,0,0,0,0,0,0,1,0,0,1,0,0,0,0,0,0,0,0,0,0,0,0,0,0,0,0,0,0,0,0,0,0,0,0,0,0,1,0,0,0,1,0,1,0,0,0,0,0,0,0,0,0,1,0,0,2,0,0,0,0,0,0,1,0,0,0,0,0,0,0,0,0,0,0,0,0,0,0,0,1,0,0,1,0,1,0,0,0,0,0,0,0,0,0,1,0,0,1,1,0,0,0,0,0,0,0,0,0,0,0,3,0,0,0,0,1,0,0,0,0,0,0,2,0,0,1,0,0,0,0,0,0,0,0,0,0,0,0,0,0,0,1,0,0,3,0,0,0,0,0,0,0,0,0,0,0,0,0,0,0,0,0,1,0,0,0,0,0,0,0,0,1,0,0,0,0,0,0,0,0,0,0,1,0,0,0,0,0,0,0,0,1,0,0,0,0,0,0,0,1,0,0,0,0,0,0,0,0,0,0,0,0,0,0,0,0,0,0,0,0,0,0,0,0,1,0,0,0,0,0,0,0,0,0,0,0,0,0,0,0,0,0,0,0,0,1,0,0,0,0,0,0,0,0,1,0,1,0,0,1,0,0,0,0,1,0,0,0,0,0,0,0,0,0,0,0,0,0,0,0,0,0,0,0,1,0,0,0,0,0,0,1,0,1,0,1,0,0,0,0,0,0,0,1,0,0,0,0,0,2,1,0,1,0,0,0,0,0,0,0,1,0,0,0,0,1,2,0,0,0,0,0,0,0,0,0,0,0,0,0,0,0,0,0,0,0,0,0,0,0,0,0,0,1,0,0,0,0,0,0,0,1,0,0,0,0,1,0,0,0,0,0,0,1,0,0,0,0,0,0,1,0,0,0,0,0,0,0,0,0,0,0,0,2,0,0,0,0,0,0,0,0,0,0,0,0,0,0,0,0,1,0,0,1,0,1,0,3,0,0,0,0,1,0,0,0,0,0,0,0,0,0,0,0,0,0,0,0,1,1,0,0,0,0,0,0,1,0,0,0,0,1,1,0,0,0,0,0,0,0,0,0,0,0,0,0,1,0,0,0,0,0,0,1,1,0,0,0,0,0,0,0,1,1,0,0,0,0,1,0,0,0,1,0,1,0,0,0,0,0,0,0,0,0,0,1,0,0,2,0,0,0,0,0,0,0,0,0,0,0,0,0,0,0,0,0,0,0,0,0,0,0,0,1,0,3,0,1,2,0,0,0,0,0,0,0,0,0,0,0,1,0,0,0,0,0,0,0,0,0,1,0,0,0,0,0,0,0,1,0,0,0,0,0,0,0,0,0,0,0,0,0,0,0,0,0,0,1,0,0,0,0,0,0,0,0,0,0,0,0,1,0,0,0,0,0,0,0,0,0,0,0,0,0,0,0,1,0,0,0,0,0,0,0,0,0,0,0,0,0,0,0,0,0,0,0,0,0,0,0,0,0,0,0,0,0,0,0,0,0,0,1,0,0,1,0,0,0,0,0,0,0,0,0,0,0,0,0,0,0,0,0,0,0,0,0,0,0,1,0,0,0,0,2,0,0,0,0,0,0,0,0,0,1,0,0,0,0,0,0,0,0,0,0,0,0,0,0,0,0,0,0,0,1,0,0,1,0,0,3,0,0,1,0,0,0,0,0,0,1,0,0,1,0,0,0,0,0,0,0,0,0,0,0,0,0,0,0,0,0,0,0,0,0,0,0,0,0,0,0,1,1,0,0,1,0,0,0,0,0,0,0,0,1,0,0,0,0,0,1,0,1,0,0,0,0,0,0,1,0,0,0,0,1,0,0,0,0,0,0,0,0,0,0,0,0,0,1,0,0,0,0,0,0,0,0,0,0,0,0,0,0,0,0,0,0,0,0,0,0,0,0,0,0,0,1,0,1,0,0,0,0,0,0,0,0,0,0,0,0,1,0,0,0,0,1,0,0,0,1,0,0,0,0,0,0,0,0,0,0,1,0,0,0,0,0,0,0,0,0,0,0,0,0,0,3,0,0,0,0,1,1,0,0,0,0,0,0,0,0,0,0,0,0,0,0,0,0,0,2,0,0,0,0,0,0,0,0,0,0,0,0,1,0,0,0,1,0,1,0,0,0,1,0,0,0,0,0,1,0,0,0,0,0,0,0,0,0,0,0,0,0,0,0,0,0,0,0,1,0,0,0,0,0,0,1,0,0,0,0,0,0,0,0,0,0,0,0,0,0,0,0,0,0,2,1,0,0,2,0,0,0,0,0,0,0,2,0,0,0,1,2,0,0,0,0,1,0,0,0,0,0,0,0,0,0,0,0,0,0,0,0,0,0,1,0,2,0,0,0,0,2,0,0,0,0,0,0,0,0,0,0,1,0,0,1,0,0,0,0,0,1,0,0,0,1,0,0,0,0,0,0,0,0,0,0,0,0,0,0,0,1,0,1,0,0,0,0,1,0,0,0,0,0,0,0,0,0,0,0,0,0,0,0,0,0,0,0,0,0,0,0,0,0,0,0,0,1,0,1,0,0,0,0,0,0,2,0,0,1,0,0,0,0,0,1,0,0,0,0,1,0,0,1,1,0,1,0,0,0,0,0,0,0,0,0,0,0,1,0,0,0,0,0,1,0,0,0,0,0,0,0,0,0,0,0,1,0,0,0,0,0,0,0,0,0,0,0,1,0,0,0,0,0,0,0,0,0,0,2,0,0,0,0,0,0,0,0,0,0,0,0,0,0,0,0,0,0,0,0,0,0,0,0,0,0,0,1,0,0,0,0,0,0
CD9,0,0,0,0,0,0,0,0,0,0,0,0,0,0,0,0,0,0,0,0,0,0,0,0,0,0,0,0,0,0,0,0,0,1,0,0,0,1,0,0,0,0,0,0,0,0,0,0,0,0,0,0,0,0,0,0,0,0,0,0,0,0,0,0,0,0,0,6,1,0,0,1,0,0,0,0,0,0,0,0,0,0,0,0,0,0,0,0,0,0,0,0,0,0,0,0,0,0,0,0,0,0,0,0,0,0,0,0,0,0,0,0,0,0,0,0,0,0,0,0,0,0,2,0,0,0,0,0,0,0,0,0,0,0,0,1,0,0,0,0,0,0,0,0,0,0,0,0,0,0,0,0,0,0,0,0,0,0,0,0,0,0,5,0,0,0,0,0,0,0,0,0,0,0,0,0,0,0,0,0,0,0,0,0,0,0,0,0,0,0,0,0,0,0,0,0,0,0,6,0,0,0,0,0,0,0,0,0,0,0,0,0,0,0,0,0,0,0,0,0,0,0,0,0,0,0,0,0,0,0,0,0,0,0,0,0,0,2,0,0,0,0,0,0,0,0,0,0,0,0,0,0,0,0,0,0,0,0,1,0,0,0,0,0,0,0,0,0,0,0,0,0,0,0,0,0,0,0,0,0,0,0,0,0,0,0,0,0,0,0,0,0,0,0,1,0,0,0,0,0,0,0,0,0,0,0,0,0,0,0,0,0,0,0,0,0,0,0,0,0,0,0,0,0,0,0,0,1,1,0,0,0,0,0,0,0,0,0,0,0,0,0,0,0,0,0,0,0,0,0,0,0,0,0,0,0,0,1,0,0,0,0,0,0,0,0,0,0,0,0,0,0,0,0,0,0,0,0,0,0,0,0,0,0,0,0,0,0,0,0,0,0,0,0,0,0,0,0,0,0,0,0,0,0,0,0,0,0,0,0,0,0,0,1,0,0,0,0,0,0,0,0,0,0,0,0,0,0,0,0,0,0,0,0,0,0,0,0,0,0,0,0,0,0,0,1,0,0,0,0,0,0,0,0,0,0,0,0,0,0,0,0,0,0,0,0,0,0,0,0,0,0,0,0,0,0,0,0,0,0,0,0,0,0,0,0,0,0,0,0,0,0,0,0,0,0,0,0,0,0,0,0,0,0,0,0,2,0,0,1,0,0,0,1,0,0,0,0,0,0,0,0,0,0,0,0,0,0,0,0,0,0,0,0,0,0,0,0,0,0,0,0,0,0,0,0,0,0,0,0,0,0,0,0,0,0,0,0,0,0,0,0,0,0,0,0,0,0,1,0,0,0,0,0,0,0,0,0,0,0,0,0,0,0,0,0,0,0,0,0,0,0,0,0,0,0,0,0,0,1,0,0,0,0,0,0,0,0,0,0,0,0,0,0,0,0,0,0,0,0,0,0,0,0,0,0,0,0,0,0,0,0,0,0,0,0,0,0,0,0,0,0,0,0,0,0,0,0,0,0,1,0,0,0,0,0,0,0,0,0,0,1,0,0,0,0,0,0,0,0,0,0,0,0,0,0,0,0,0,0,0,0,0,0,0,0,0,0,0,0,0,0,0,0,0,0,0,0,0,0,0,0,0,0,1,0,0,0,0,0,0,0,0,1,0,0,0,0,0,0,0,0,0,0,0,0,0,0,0,0,0,0,0,0,0,0,0,0,0,0,0,0,0,0,0,0,0,0,0,0,0,0,0,0,1,0,0,0,0,0,0,0,0,0,0,0,0,0,1,0,0,0,0,0,0,0,0,0,0,0,0,0,0,0,0,0,0,1,0,0,0,0,0,0,0,0,0,0,0,0,0,0,1,0,0,0,0,0,0,0,0,0,0,0,1,0,0,0,0,0,0,0,0,0,0,0,0,0,0,0,0,0,0,0,0,0,0,0,0,0,0,0,0,0,0,0,0,0,1,0,0,0,0,0,0,0,0,0,0,0,0,0,0,0,0,0,0,0,0,0,0,0,0,0,0,0,0,0,0,0,0,0,0,0,0,0,0,0,0,0,0,0,0,0,0,0,0,0,0,0,0,0,0,0,0,0,0,0,0,0,0,0,0,0,0,0,0,0,0,0,0,0,0,0,0,0,0,0,0,0,0,0,0,0,0,0,0,0,0,0,0,0,0,0,0,0,0,0,0,0,0,0,0,0,0,0,0,0,0,0,0,0,0,0,0,0,0,0,0,0,0,0,0,0,0,0,0,0,0,0,0,0,0,0,0,0,0,0,0,0,0,0,0,0,0,0,0,0,0,0,0,0,0,0,0,0,0,0,0,0,0,0,0,0,0,0,0,0,0,0,0,0,0,0,0,0,0,0,0,0,0,0,0,0,0,0,0,0,0,0,0,0,0,0,0,0,0,0,0,0,0,0,0,0,0,1,0,0,0,0,0,0,0,0,0,0,0,0,0,0,0,0,0,0,0,0,0,0,0,0,0,0,0,0,0,0,0,0,0,0,0,0,0,0,0,0,0,0,0,0,0,0,0,0,0,0,0,0,0,0,0,0,0,0,0,0,1,1,0,0,0,0,0,0,0,0,0,0,0,0,1,0,0,0,0,0,0,1,0,0,0,0,0,0,0,2,0,0,0,0,0,0,0,0,1,0,0,0,0,0,0,0,0,0,0,0,0,0,0,0,0,0,0,1,2,0,0,0,0,0,1,0,0,0,0,0,0,0,0,0,0,0,0,0,0,0,0,0,0,0,0,0,0,0,0,0,0,0,0,0,0,0,0,0,0,0,0,0,0,0,0,0,0,0,0,0,0,0,0,0,0,0,0,0,0,0,0,0,0,0,0,0,0,0,0,0,0,0,0,0,0,0,1,0,0,0,0,0,0,0,0,0,0,0,0,0,0,0,0,0,0,0,0,0,0,0,0,0,0,0,0,0,0,0,0,0,0,0,0,0,0,0,0,0,0,0,0,0,0,0,0,1,1,0,0,0,0,0,0,0,0,0,0,0,0,0,0,0,0,0,0,0,0,0,0,0,0,0,0,0,0,0,0,0,0,0,0,0,0,0,0,0,0,0,0,0,0,0,0,0,0,0,0,0,0,0,0,0,0,0,0,1,0,0,0,0,0,0,0,0,0,0,0,0,0,0,0,0,0,0,0,0,0,0,0,0,0,0,0,0,0,0,0,0,0,0,0,0,0,0,0,0,0,0,0,0,0,0,0,0,0,0,0,0,0,0,0,0,0,0,0,0,0,0,0,0,0,1,0,0,0,0,0,0,0,0,0,0,0,0,0,0,0,0,0,0,0,0,0,0,0,0,0,0,0,0,0,0,0,0,0,0,0,0,0,0,0,0,0,0,0,0,2,0,0,0,0,0,0,3,0,0,0,0,0,0,0,0,0,0,0,0,0,0,0,0,0,0,0,0,0,0,0,0,0,0,0,0,0,0,0,0,0,0,0,0,1,1,0,0,0,0,0,0,0,0,0,0,0,0,0,0,0,0,0,0
SELENOS,0,0,0,0,0,0,1,0,0,0,0,2,0,0,1,1,1,0,0,0,0,0,0,1,0,0,0,0,1,0,0,0,0,1,0,0,0,0,0,0,1,0,0,1,0,0,1,0,0,0,0,0,1,0,0,0,0,0,0,0,0,0,1,0,0,1,0,0,0,0,0,1,0,0,1,0,0,0,1,0,0,1,0,0,0,0,0,0,0,0,7,0,0,0,0,0,0,0,0,0,1,0,0,0,0,0,0,0,2,1,1,0,0,1,0,1,2,0,0,1,0,0,0,0,0,0,1,0,0,1,0,0,0,0,0,0,0,0,0,1,0,1,0,1,0,1,1,0,1,1,2,0,0,0,0,0,0,0,0,0,0,0,1,0,0,0,0,0,0,2,1,2,0,0,1,0,0,0,1,0,0,0,0,0,1,1,0,0,0,1,0,0,0,0,0,0,0,0,0,0,0,0,0,0,0,0,0,0,0,2,0,0,0,0,0,3,1,1,9,2,0,0,8,0,1,2,1,0,0,0,1,0,1,0,0,0,1,0,1,0,0,0,0,0,0,0,1,0,2,0,0,0,0,0,1,0,0,0,0,1,0,0,1,1,0,0,0,0,0,0,0,2,0,1,0,0,0,1,2,0,1,0,0,0,1,0,0,0,0,0,0,1,5,1,2,0,0,0,0,0,0,0,2,0,1,0,0,0,0,0,0,0,0,0,1,0,0,0,1,0,0,0,1,1,1,0,0,0,0,0,0,0,0,0,1,0,1,0,0,1,0,1,0,1,0,0,0,0,0,0,0,0,1,1,0,0,0,1,1,1,0,0,0,0,0,0,2,0,0,0,0,0,0,0,0,3,0,2,0,0,0,0,0,1,0,0,0,1,0,0,0,2,1,0,0,0,0,0,0,0,0,0,1,1,0,0,0,0,0,1,0,1,1,0,0,0,0,1,0,0,0,0,0,0,0,0,0,0,1,1,0,0,0,0,2,0,0,0,0,0,0,1,0,0,1,0,0,0,0,0,0,1,0,0,0,3,1,0,1,0,6,0,1,0,0,0,0,0,0,1,0,0,1,0,0,0,0,0,0,0,0,0,1,0,0,0,1,0,0,0,0,0,0,0,0,1,1,0,0,1,0,0,0,0,1,0,0,0,0,0,0,0,0,0,0,0,0,0,0,0,0,0,0,0,1,1,0,0,0,0,0,0,2,0,2,0,0,0,0,0,0,1,0,0,0,1,0,0,1,0,0,0,0,0,0,3,1,1,0,0,0,1,0,1,0,0,0,0,1,0,1,0,0,0,0,0,1,0,1,0,0,0,0,0,0,0,0,0,0,1,1,0,0,0,0,0,1,0,0,0,0,0,0,0,0,1,0,0,0,0,0,0,0,0,0,1,0,0,1,0,1,0,0,0,0,0,0,1,0,1,0,0,1,1,0,0,0,0,0,0,1,0,0,0,1,0,5,0,0,1,0,0,0,0,0,1,0,1,0,0,0,0,0,1,0,0,0,1,0,0,1,0,0,1,0,0,0,0,0,0,0,0,0,0,0,0,0,0,0,0,0,0,1,0,0,0,1,0,0,1,0,0,3,0,0,0,0,1,1,2,1,1,0,1,0,0,0,0,0,0,1,2,0,0,0,1,0,0,0,0,0,1,0,0,3,0,0,0,0,0,0,0,2,0,1,0,0,1,0,0,1,0,0,1,0,0,0,0,0,0,0,0,0,0,2,0,0,0,0,0,0,0,0,0,0,1,1,0,0,3,1,0,0,0,1,1,0,0,0,0,0,0,1,0,1,0,0,0,0,0,0,0,0,0,0,0,0,0,0,1,0,0,0,0,0,0,0,0,0,1,0,0,0,0,0,1,0,1,0,0,0,3,0,0,1,0,1,0,1,0,0,0,0,0,1,0,0,0,2,0,0,0,1,0,0,0,0,0,0,0,0,1,0,0,0,0,0,0,1,1,1,0,0,0,0,0,0,0,0,0,0,0,3,0,0,0,0,0,0,0,0,0,1,0,1,0,0,0,0,0,0,0,0,1,0,0,0,0,0,1,0,0,0,0,0,2,0,0,0,0,0,0,0,1,2,1,0,0,0,1,0,1,0,0,0,0,0,1,0,0,0,0,0,0,0,1,0,0,0,0,0,0,3,0,1,0,1,0,0,0,0,2,0,1,0,0,1,0,0,1,1,2,0,0,0,0,0,0,0,0,1,0,0,2,0,0,0,0,0,0,0,0,0,0,0,0,0,1,0,0,0,1,0,0,0,1,0,0,0,0,3,0,0,0,0,0,1,0,0,0,0,0,0,0,0,0,0,0,0,0,1,0,0,0,0,0,1,0,0,0,0,0,0,0,0,0,0,0,0,1,0,0,1,0,1,0,0,0,0,0,0,0,1,1,0,2,0,0,0,0,0,0,0,0,0,1,0,0,0,1,4,0,0,0,0,1,0,0,0,0,0,1,1,0,0,0,0,0,1,0,1,0,0,0,1,1,1,0,0,0,2,0,0,1,1,0,0,0,0,1,0,0,1,0,0,0,1,0,1,1,1,0,0,0,0,0,0,0,0,0,0,0,1,1,1,0,0,0,0,1,1,0,3,0,0,0,0,1,1,0,0,0,0,0,1,0,0,0,1,0,1,0,1,0,14,1,0,0,0,1,0,1,0,1,0,0,0,0,0,0,1,0,0,0,0,1,0,2,0,0,0,0,1,0,1,0,0,2,0,0,1,0,2,1,1,0,3,1,1,1,0,0,0,0,0,1,0,0,0,0,1,3,0,0,1,8,2,0,1,0,0,1,1,0,0,0,0,0,0,0,1,1,0,0,1,0,0,1,0,0,1,1,1,0,0,0,0,1,0,0,0,1,1,0,0,0,2,0,1,0,3,0,0,0,1,1,0,0,0,0,0,0,0,0,0,0,0,0,0,0,1,0,0,0,0,1,0,0,0,0,0,0,0,0,1,0,0,0,0,0,0,0,0,0,0,0,0,1,0,0,0,0,0,0,1,0,0,0,1,0,0,0,1,0,1,0,0,0,0,0,0,1,0,0,1,0,0,0,0,0,0,0,0,0,0,0,0,1,0,2,0,0,0,0,0,0,0,0,0,0,1,1,0,0,0,0,1,0,0,7,2,0,0,0,0,0,1,0,0,0,0,0,0,0,0,0,0,0,0,3,1,0,1,0,0,1,1,1,0,2,0,0,1,0,0,0,0,0,0,0,0,1,0,0,0,0,0,0,0,0,0,0,0,0,0,0,0,0,0,0,1,0,1,0,0,0,0,0,0,0,0,4,0,0,0,0,0,0,1,0,0,0,1,0,1,0,0,0,1,0,0,0,2,0,0,0,0,0,1,2,0,0,1,0,0,0,0,0,0,0,0,1,1,1,1,0,0,0,0,0,0,1,1,0,0,0,0,0,0,0,1,0,0,0,0,0,0,1,2,1,0,1,1,0,0,1
BCAS4,0,0,0,0,0,0,0,0,1,1,1,0,0,0,0,0,0,0,0,0,0,0,0,0,0,0,0,0,0,0,0,0,0,0,0,0,1,0,0,0,0,0,0,0,0,0,1,0,2,0,0,0,0,0,0,0,0,0,0,0,0,0,0,0,0,0,0,0,0,0,0,0,0,0,0,0,0,0,0,0,0,0,0,0,0,0,0,0,1,0,2,0,0,0,0,0,0,0,0,0,0,0,0,0,0,0,0,0,0,0,1,0,0,0,0,0,0,0,0,0,0,0,0,1,0,0,0,0,0,0,1,0,0,0,0,0,1,0,0,0,0,0,1,0,0,0,0,0,0,0,0,0,0,0,0,0,0,0,0,0,0,0,0,0,1,0,0,0,0,0,0,0,0,0,0,0,0,0,0,1,0,0,1,0,0,1,1,0,0,0,0,0,0,1,1,1,0,0,0,0,0,0,0,1,0,0,0,1,0,0,0,0,0,0,0,0,1,0,1,0,0,1,2,0,0,0,0,0,0,0,0,1,0,0,0,0,0,0,0,0,0,0,0,0,0,0,0,0,0,0,0,0,1,0,0,0,1,0,0,0,0,1,0,0,1,0,0,0,0,0,0,0,0,0,0,0,1,0,0,1,0,0,1,0,0,0,1,0,1,0,0,0,0,0,0,0,0,0,0,0,0,0,0,0,0,0,0,0,0,0,0,0,0,0,1,0,0,0,1,0,0,0,0,0,0,0,0,2,1,0,0,0,0,0,0,0,0,0,0,0,1,0,0,0,0,0,0,0,0,0,0,1,0,0,0,0,0,0,0,0,0,0,0,0,0,0,0,0,0,0,0,0,0,0,0,0,0,0,1,0,0,0,0,0,0,0,0,0,1,0,1,0,0,0,0,0,2,0,0,0,0,0,1,0,0,0,0,1,1,0,0,0,0,0,0,0,0,0,0,1,0,0,0,1,0,0,0,0,1,0,0,0,0,0,0,0,0,0,0,0,0,0,0,0,0,0,0,0,1,0,0,0,0,0,0,0,0,0,0,0,0,2,0,0,0,0,0,0,0,0,0,0,0,0,0,0,0,0,0,0,0,0,0,1,0,1,0,0,0,0,0,0,0,0,0,0,0,0,1,1,0,0,0,0,1,0,0,0,0,0,0,0,0,0,1,0,0,1,0,0,0,2,0,0,0,0,0,1,0,0,0,0,1,0,1,0,0,0,0,0,0,0,0,0,0,0,0,0,0,0,0,1,0,0,0,0,1,0,1,0,0,0,0,1,0,0,0,0,0,0,0,0,1,0,0,0,0,1,0,0,0,0,0,0,0,0,0,0,0,0,0,0,0,0,0,1,0,0,0,1,0,0,0,1,0,0,0,0,0,0,0,0,0,0,0,0,1,0,0,0,0,0,0,0,2,0,0,0,0,1,1,0,0,0,0,0,0,0,0,2,0,0,0,0,0,0,0,0,1,0,0,0,0,1,0,0,1,0,0,0,0,0,0,0,0,0,0,0,1,0,0,0,0,0,0,0,0,0,0,0,0,0,0,1,0,1,0,0,0,0,0,0,0,0,0,0,0,0,0,0,1,0,0,0,0,0,0,0,0,0,0,0,0,0,0,0,0,0,0,0,0,0,0,0,0,0,1,0,0,1,1,0,0,0,0,0,0,0,0,0,0,0,0,0,1,0,0,0,0,0,0,0,0,0,0,0,0,0,0,1,1,0,1,1,0,0,0,0,0,0,0,0,1,0,0,0,0,0,0,0,0,0,0,0,0,0,0,0,0,1,0,0,0,0,0,1,0,1,0,0,0,0,0,0,0,0,0,1,1,0,0,0,1,0,0,0,0,0,0,0,0,0,0,2,2,0,1,0,0,0,0,0,0,0,0,1,0,2,0,0,0,0,0,0,0,0,0,0,0,0,0,0,0,0,0,0,0,0,0,0,0,1,0,0,1,0,1,0,0,0,0,0,0,1,1,0,0,0,1,0,0,0,0,0,0,0,2,0,0,0,0,0,0,0,0,0,0,0,0,0,0,0,0,0,0,0,0,1,0,0,0,0,0,0,0,0,0,0,0,2,0,0,0,0,0,0,0,1,0,0,0,0,1,0,0,0,0,0,0,0,0,0,0,0,0,0,0,0,0,1,0,0,0,0,0,0,0,0,0,0,1,0,0,0,0,0,0,0,1,0,0,0,0,0,0,0,0,0,0,0,0,0,1,0,0,0,0,0,0,0,0,0,0,0,0,0,0,0,1,0,1,0,0,0,0,0,1,0,0,0,0,1,0,0,0,1,0,0,0,0,0,0,0,0,0,0,0,0,0,0,0,0,1,0,0,0,0,1,0,0,0,0,0,0,0,0,0,0,0,0,0,0,1,0,1,0,0,0,0,0,0,0,0,0,0,0,0,0,0,0,0,0,0,0,0,0,0,0,0,0,0,0,0,0,0,1,0,0,0,0,0,0,0,0,0,0,0,0,0,0,0,0,0,0,0,0,0,0,0,0,0,2,0,0,0,0,0,0,0,0,0,0,0,0,0,0,1,1,0,0,0,0,0,0,0,0,0,1,0,0,0,0,0,0,0,0,0,1,0,0,0,0,0,0,1,0,0,2,1,0,0,0,0,0,0,1,0,0,0,0,1,1,0,1,0,0,0,0,1,0,3,0,0,0,0,0,1,0,0,0,1,0,0,0,1,0,0,0,2,0,0,0,0,0,0,0,0,0,0,0,1,1,0,0,0,1,0,0,0,0,0,0,0,0,0,1,0,0,0,0,0,0,0,0,0,0,0,0,0,1,0,1,1,0,0,1,1,0,1,1,0,0,0,0,0,0,0,0,0,0,0,0,0,0,0,0,0,0,0,0,0,0,0,0,0,0,0,0,0,0,0,0,0,0,1,0,0,0,0,0,0,0,0,0,0,0,0,0,0,0,0,0,0,0,1,0,0,0,0,1,0,0,0,1,0,0,0,0,0,0,0,0,0,0,0,0,0,0,0,0,0,0,0,0,0,0,0,0,0,0,0,0,0,0,0,0,0,0,0,0,0,0,0,0,0,0,0,0,0,1,0,0,0,0,0,0,0,0,0,0,0,0,0,0,0,0,0,0,1,0,0,0,0,1,0,0,1,0,0,2,0,0,0,0,1,0,0,0,2,0,0,0,0,0,0,0,0,0,0,0,0,0,1,0,0,0,0,0,0,0,0,0,0,0,0,0,0,3,0,0,0,0,1,1,0,0,0,0,0,0,0,0,0,0,0,0,0,0,0,0,1,1,1,1,0,0,0,1,0,0,0,0,0,2,0,1,0,0,0,0,0,0,0,0,0,0,0,0,0,0,0,0,0,0,1,0,0,0,0,0,0,0,0,0,0,0,0,1,0,0,0,0,0,0,0,2,0,0,0,0,0,0,0,0,0,0,0,2,0,0,0,0,0,0,0,0,0,0,0,0,0,0,1,0,0,0
MALAT1,227,161,272,197,221,85,113,425,260,189,318,288,125,258,132,385,143,332,111,330,229,113,125,223,88,423,299,192,245,257,306,338,257,207,197,259,207,479,115,149,235,294,193,215,363,161,180,112,346,449,228,320,135,144,235,152,183,336,265,222,201,335,155,126,256,292,330,2,77,275,166,238,236,111,74,257,146,209,55,134,260,282,58,120,312,180,277,426,232,208,186,410,201,121,184,102,299,138,75,196,170,188,231,246,285,74,64,153,215,436,224,217,42,282,414,691,200,207,79,89,144,50,373,170,315,247,352,65,241,213,62,222,192,189,146,236,112,335,68,332,317,223,273,333,208,77,131,157,463,225,268,122,189,277,255,179,190,256,77,111,339,449,211,82,187,75,302,316,99,196,200,221,213,226,111,290,236,183,118,262,237,204,299,88,150,223,239,334,154,178,336,111,292,349,269,350,226,193,2,257,66,224,149,137,330,245,168,479,215,409,71,284,251,132,67,237,290,215,225,206,144,211,343,201,463,203,142,111,267,280,372,298,388,351,66,200,299,209,84,152,136,171,246,20,219,199,354,103,264,81,234,125,134,303,127,215,322,166,176,98,206,95,386,158,341,260,188,274,312,301,153,237,87,82,263,221,130,136,268,273,67,107,213,492,277,221,258,101,303,345,279,245,177,161,226,68,204,206,215,289,349,174,323,238,117,293,260,67,415,275,195,105,289,178,257,119,238,263,229,201,190,174,160,48,352,199,125,473,269,288,353,134,328,113,72,189,190,89,285,187,275,162,146,321,197,164,245,60,288,180,128,175,509,260,299,53,120,607,102,103,274,173,164,59,174,261,265,258,188,305,208,60,158,186,131,189,345,641,323,150,69,123,350,236,192,30,215,476,292,227,507,462,212,398,249,73,417,132,129,186,149,280,256,365,166,140,314,152,379,375,296,269,107,365,320,303,189,127,155,272,120,140,60,187,240,414,257,201,426,241,222,285,180,330,214,146,45,315,356,115,312,245,241,192,229,312,176,256,167,166,239,206,87,307,150,265,352,373,360,291,165,284,331,119,326,228,229,270,86,22,125,111,319,277,438,298,120,318,189,91,122,299,190,290,218,301,184,425,248,142,308,272,201,141,168,109,238,255,110,155,52,34,231,191,143,272,207,189,231,168,33,299,207,219,189,289,242,235,271,94,352,200,207,131,191,98,252,153,180,220,115,495,318,223,278,180,264,342,365,310,355,216,238,177,288,493,95,392,269,277,213,468,175,177,91,242,151,202,203,211,223,161,295,256,183,296,216,159,295,166,240,210,235,165,334,110,354,273,67,190,162,230,365,69,165,283,156,264,101,45,106,162,196,249,280,382,354,257,120,182,236,102,38,214,155,319,132,231,53,188,154,295,150,354,574,237,203,30,130,148,306,436,260,173,193,259,277,260,180,246,137,319,162,299,70,258,255,258,267,191,244,43,471,311,303,119,414,301,341,83,241,188,79,35,211,73,123,161,153,157,157,301,166,209,284,315,99,243,251,249,192,359,148,162,530,258,22,125,317,261,112,189,185,184,137,401,263,324,52,164,206,262,329,272,206,370,234,292,157,103,276,201,238,165,111,114,404,244,269,380,209,245,123,319,216,360,257,224,120,313,405,191,254,480,129,329,230,238,157,203,247,143,168,196,290,298,85,329,144,182,145,321,244,146,279,129,140,190,170,52,256,349,304,337,198,139,327,115,231,220,233,178,230,281,137,190,267,233,479,199,381,228,222,211,98,103,111,160,219,265,109,68,196,260,149,214,250,290,284,273,272,354,256,80,192,160,241,269,164,201,243,272,131,338,228,307,208,119,293,191,354,49,175,89,236,319,227,216,199,77,138,163,216,288,151,235,222,113,225,38,331,331,145,103,354,203,106,391,102,457,111,210,77,203,248,200,182,565,370,205,150,70,47,184,263,169,143,244,236,97,237,290,179,315,204,237,424,82,274,127,344,71,211,153,325,256,175,244,120,119,165,181,250,194,311,270,352,106,159,215,486,198,299,58,55,248,460,359,115,181,243,178,226,384,169,206,222,188,241,165,149,154,208,291,95,288,185,192,345,293,47,241,128,153,246,209,68,332,132,420,42,333,137,215,151,182,279,326,219,245,233,195,285,252,102,200,244,93,235,395,49,206,250,307,164,163,344,386,311,113,258,58,166,204,121,288,213,175,340,121,279,226,138,270,218,223,294,149,88,296,332,148,221,322,136,398,264,200,299,218,188,244,249,272,196,247,101,290,175,163,228,104,269,64,366,306,137,249,62,200,265,295,149,340,155,152,131,182,125,333,88,153,339,135,229,264,248,52,256,169,219,260,131,282,239,231,282,532,136,170,210,179,244,172,298,201,221,150,359,212,364,111,246,232,257,289,181,207,203,184,326,325,277,293,98,228,88,101,238,140,266,155,174,240,206,232,258,154,149,224,290,83,162,249,203,109,111,271,291,146,99,397,230,275,249,85,173,238,22,156,199,214,341,52,108,405,188,192,194,166,298,229,212,214,225,146,74,268,225,294,313,255,182,240,173,344,155,184,99,383,175,40,76,280,396,330,110,594,79,183,201,222,201,172,272,112,59,238,332,299,104,272,195,268,269,196,243,152,279,180,155,325,246,179,309,259,231,374,245,152,251,277,354,594,250,172,87,334,293,296,272,248,100,331,229,363,281,231,80,79,201,231,135,207,404,269,115,148,284,178,199,212,245,192,245,438,216,146,283,96,127,308,261,303,132,206,314,325,283,303,336,325,231,176,189,251,129,86,219,231,108,242,249,169,354,265,204,302,217,204,208,313,272,179,243,134,198,248,263,228,202,165,74,93,89,359,302,280,227,186,277,276,147,223,249,101,105,299,315,170,224,51,242,174,183,266,204,224,111,148,242,295,133,59,267,107,370,310,121,134,193,234,264,131,33,329,91,374,120,177,272,176,257,79,112,233,88,291,260,303,207,258,257,168,235,149,178,291,324,333,223,267,83,83,300,295,229,409,222,148,210,112,262,168,48,209,311,203,109,227,122,266,297,15,193,254,221,262,82,102,254,463,382,194,341,175,357,174,86,251,134,220,161,84,55,172,261,418,206,204,68,97,206,360,154,486,254,286,166,178,267,374,105,222,185,230,180,311,144,186,462,274,386,290,491,114,212,146,275,208,225,101,203,226,201,87,122,237,179,195,261,281,143,101,59,222,142,291,265,200,63,209,180,154,237,103,207,272,192,247,282,263,223,308,209,343,258,220,209,85,260,370,216,169,75,308,214,233,250,55,143,298,381,325,317,168,199,315,201,285,282,194,149,229,169,336,215,84,493,136,120,191,206,218,205,286,301,293,329,225,307,210,270,190,338,136,272,95,206,221,205,263,159,88,220,53,392,457,182,335,122,272,48,216,55,284,105,163,171,79,166,244,289,223,310,383,315,227,166,414,84,41,102,140,267,262,40,237,209,329,183,491,273,157,212,164
IFNGR2,0,0,0,1,0,0,0,0,2,0,0,0,0,0,0,0,0,0,1,0,0,0,0,0,0,0,0,0,0,2,0,0,2,0,1,0,0,0,0,1,0,0,3,0,0,0,0,1,0,0,0,0,0,0,0,0,0,0,0,0,0,0,0,2,0,0,0,0,0,0,0,0,0,0,0,0,0,1,0,2,0,0,1,0,0,0,1,0,0,1,0,0,0,1,0,0,0,0,1,2,0,0,0,0,0,0,0,0,0,0,0,0,0,0,0,0,0,1,0,0,0,0,1,0,0,0,0,0,0,0,0,0,0,0,0,0,0,1,1,0,0,0,0,0,0,0,0,0,0,0,3,0,0,0,0,0,0,0,0,0,0,0,0,1,0,0,0,0,2,0,0,0,0,0,0,0,0,0,1,0,0,0,2,1,0,1,0,0,2,1,0,0,0,0,0,0,0,0,0,2,0,0,1,0,1,0,1,0,0,0,0,0,0,0,0,1,0,0,0,1,0,0,0,0,0,0,0,0,0,0,0,0,3,1,0,0,0,0,0,0,0,0,0,0,0,0,0,0,1,1,0,0,0,0,0,0,0,0,1,1,0,1,0,1,1,0,0,0,0,0,0,0,0,0,0,0,0,0,3,0,1,0,0,0,0,0,0,0,0,0,0,0,0,0,0,0,0,0,0,0,0,1,1,0,0,0,0,0,2,0,1,0,0,0,0,0,0,0,0,0,0,0,1,0,0,0,1,0,0,0,0,2,0,0,1,0,0,1,0,0,1,0,0,0,1,0,0,0,0,1,3,0,0,1,0,1,0,0,0,0,0,0,0,0,0,0,2,0,0,0,0,0,0,0,0,0,0,0,0,0,0,0,0,0,0,0,0,1,1,0,0,0,0,2,0,1,0,0,0,1,0,0,0,1,2,0,0,1,1,0,0,0,0,0,0,0,0,0,0,0,0,0,0,0,0,0,0,0,0,0,0,0,0,0,1,0,0,0,0,0,0,0,1,0,0,2,0,0,0,0,0,0,0,0,0,0,0,0,0,0,0,0,0,0,0,1,0,0,1,0,0,0,0,0,0,0,2,0,0,0,0,0,0,0,1,0,0,0,0,1,0,0,0,0,0,1,1,0,0,0,0,1,0,0,0,0,0,1,0,0,0,0,0,0,0,0,0,0,0,0,0,0,1,1,0,1,0,0,1,0,3,1,0,0,0,1,0,0,0,0,0,0,0,0,0,0,0,0,0,0,0,0,0,0,2,0,0,1,0,0,0,0,0,0,0,0,0,0,0,0,0,0,1,0,1,1,0,0,0,0,0,0,0,0,0,0,1,0,0,0,0,0,0,1,0,2,0,0,0,0,1,0,0,0,0,1,1,0,1,0,0,0,0,0,0,0,0,0,0,2,0,0,0,0,0,0,0,0,0,0,0,0,0,0,0,0,0,0,0,0,0,1,0,0,0,0,0,0,1,0,0,0,0,0,0,2,1,0,1,2,1,0,0,0,0,0,0,0,0,1,0,0,0,0,0,0,0,0,0,0,0,1,0,0,0,0,0,0,0,0,0,0,1,0,2,0,0,0,0,0,0,0,0,0,0,0,0,0,1,1,0,0,1,0,0,0,0,0,0,0,0,0,0,0,1,1,0,0,0,0,0,0,0,0,0,0,0,0,0,0,0,0,0,0,0,0,1,0,0,0,0,0,0,0,0,0,0,0,0,1,0,0,0,1,0,1,0,0,0,0,0,0,0,0,0,0,0,0,0,0,0,0,0,0,1,0,0,0,0,0,0,0,0,0,2,0,0,0,2,0,0,0,0,0,0,0,0,0,0,0,0,0,0,0,0,0,0,0,0,0,0,0,1,0,1,0,0,0,0,0,0,0,0,0,0,0,0,0,2,0,0,0,0,0,0,1,0,1,0,1,0,0,0,0,0,0,0,3,0,0,0,0,0,0,0,0,0,0,0,0,0,0,0,0,0,0,0,0,0,1,0,0,0,0,2,0,1,0,1,0,0,0,0,0,0,1,0,0,0,0,0,0,0,0,0,0,0,0,1,1,2,0,0,0,1,0,0,0,0,0,0,1,0,0,0,3,0,0,0,1,0,0,0,0,0,0,0,1,0,0,0,0,0,0,0,0,0,1,0,0,0,2,0,0,0,0,0,0,0,0,0,0,0,0,1,2,0,0,0,0,0,0,0,0,0,1,0,0,0,0,0,0,0,0,0,0,0,0,0,0,1,0,0,0,0,0,0,0,0,0,0,0,0,0,0,0,0,0,1,0,0,0,0,0,0,0,0,0,0,0,1,0,0,0,0,0,0,0,0,0,1,2,0,0,0,1,0,0,0,0,0,0,0,0,0,0,0,0,0,0,0,0,0,0,0,0,1,0,0,0,0,0,3,1,0,0,0,0,0,1,1,0,0,2,0,0,0,0,0,2,0,0,0,0,0,0,0,0,0,0,1,0,0,0,0,1,0,0,0,1,0,0,0,0,0,0,0,0,0,0,0,0,1,1,0,0,0,0,0,0,0,0,0,0,1,1,0,0,0,2,0,0,0,1,0,0,0,0,0,0,0,0,1,0,0,0,0,0,0,0,0,0,0,2,0,0,0,0,0,0,0,0,0,0,0,0,0,0,0,0,2,0,0,0,0,0,0,0,0,0,0,0,1,0,0,0,0,0,0,0,0,0,1,0,0,0,3,0,0,0,0,0,0,0,0,0,0,0,0,1,3,0,0,0,0,0,4,0,0,0,0,1,0,0,0,2,0,0,0,0,0,0,0,0,0,0,1,0,0,0,0,0,0,1,0,0,0,0,0,0,1,0,0,1,0,0,0,0,0,0,0,0,0,0,0,0,0,0,0,0,0,0,0,1,0,0,1,0,0,0,0,1,0,0,0,0,0,0,0,2,0,0,0,0,0,2,0,0,0,0,1,1,0,1,0,0,0,0,0,0,0,0,0,0,0,0,1,0,0,0,0,0,0,0,1,0,0,0,0,1,0,0,0,1,0,0,0,0,0,0,0,0,0,0,0,0,0,0,0,0,0,0,0,0,0,0,1,0,0,0,0,0,0,2,0,0,0,0,0,0,2,1,0,0,0,0,0,0,0,0,0,0,0,0,0,1,0,0,0,0,0,0,0,0,0,0,0,1,0,0,0,1,0,0,0,0,0,0,0,0,0,0,0,0,0,0,0,0,0,0,1,0,0,2,0,0,0,0,0,0,0,0,1,0,0,0,0,0,0,0,0,0,0,0,0,0,0,0,0,0,0,1,0,0,0,2,0,0,0,0,0,0,0,0,0,0,0,1,0,0,0,0,1,1,0,0,0,0,1,0,0,0,0,0,0,0,0,0,1,0,0,0,0,0,0,0,0,1,0,1,0,1,0,0,0,0,0,0,0,1,0,0,0,0,0,0,1,0,0,0,0,0,0,0,0,0,0,2,0,1,0,0,0,0,0,0
IFT57,0,1,0,0,0,0,1,0,2,0,0,0,0,0,2,0,0,0,0,0,0,1,0,1,0,0,0,0,0,2,0,0,2,0,0,0,0,0,0,1,0,0,1,0,0,0,1,0,0,0,0,1,0,1,0,0,0,0,0,1,0,0,0,0,1,0,0,0,0,1,0,1,1,0,0,0,0,0,0,0,0,0,0,0,1,0,0,0,0,0,0,0,0,0,0,0,0,0,0,1,0,0,0,0,0,0,0,0,0,0,0,0,0,0,0,0,0,0,0,0,0,0,0,0,0,0,0,0,0,0,0,0,0,0,0,0,1,0,0,0,0,0,0,0,1,0,0,0,0,1,0,0,0,0,0,0,0,0,0,0,1,0,0,1,0,1,0,0,0,0,0,0,1,0,0,0,1,0,0,0,0,1,1,0,0,0,0,0,0,0,1,0,1,0,0,1,0,0,0,2,0,0,0,0,0,0,2,0,0,0,0,0,0,0,1,0,0,0,0,0,0,2,0,0,0,0,0,0,0,0,0,0,0,0,0,0,0,0,1,0,0,0,1,0,0,0,0,0,0,0,0,0,0,0,2,0,0,0,0,0,0,0,0,0,0,0,0,1,0,0,0,0,0,0,1,0,0,0,0,0,0,0,0,1,0,0,0,0,0,0,0,0,0,0,1,0,0,1,0,0,0,0,0,0,0,0,0,0,0,1,0,0,0,0,0,0,0,0,0,0,0,0,1,0,0,0,0,1,1,0,0,0,0,0,0,0,0,0,0,0,1,1,0,0,1,0,0,0,0,0,0,0,0,0,0,0,0,0,0,0,0,0,0,0,0,0,1,0,0,1,0,0,0,0,0,0,1,0,0,0,0,0,1,0,0,0,0,2,0,0,1,0,0,0,0,1,1,1,0,2,0,0,0,0,1,0,0,2,0,0,0,0,0,0,1,0,0,2,0,0,0,0,0,0,0,0,0,0,0,0,0,0,0,0,0,0,0,0,0,0,1,0,0,0,0,1,0,1,0,0,0,0,0,0,0,0,0,0,1,1,0,0,0,0,0,2,0,0,0,0,0,0,0,0,0,0,0,0,0,0,0,0,1,0,0,0,0,0,0,0,1,0,0,1,0,0,0,0,0,0,0,0,0,0,0,0,0,1,0,0,0,0,0,0,0,0,0,0,0,0,0,0,0,0,0,0,0,0,0,0,0,3,0,0,0,0,0,1,0,0,0,0,0,0,0,0,0,0,0,0,1,1,0,0,0,0,1,0,1,0,0,0,0,0,0,0,0,0,0,3,0,0,0,0,0,0,0,0,0,0,2,0,0,0,0,0,0,0,0,0,1,0,0,0,0,0,0,0,0,0,1,0,0,1,0,0,0,0,1,0,1,0,0,0,0,0,1,0,0,0,0,0,0,0,0,0,0,0,0,0,0,0,0,0,0,1,0,0,0,4,0,0,0,0,0,0,0,0,0,0,0,0,1,0,0,0,0,0,0,0,0,1,0,0,0,0,0,0,1,0,0,0,0,0,1,0,0,0,0,0,0,1,0,0,0,0,0,0,0,0,0,0,0,0,0,0,0,0,0,0,0,0,0,0,1,0,0,0,0,1,0,0,1,0,0,0,0,0,0,1,0,0,0,0,0,0,0,0,0,0,0,0,1,0,0,0,0,0,0,1,0,0,0,0,0,0,0,0,0,0,0,0,0,0,0,1,0,0,0,0,2,0,0,0,0,0,0,0,0,0,0,0,0,0,0,0,0,0,0,0,0,0,0,1,1,0,0,0,0,0,0,0,0,0,0,0,0,0,0,0,0,0,0,1,0,1,0,0,0,0,0,0,0,0,0,0,1,0,0,0,0,1,0,1,1,0,0,0,0,0,0,0,0,0,0,1,1,0,0,0,0,0,0,0,1,1,0,0,0,0,0,0,0,2,0,0,0,0,0,0,0,0,0,0,0,0,0,0,0,0,1,0,0,0,1,0,0,0,1,0,0,0,0,0,0,0,1,0,1,0,0,0,0,0,0,0,1,0,0,0,1,0,0,0,0,0,0,0,0,0,0,0,0,1,0,0,0,0,1,0,0,0,0,0,0,0,0,0,0,0,0,0,0,0,0,0,0,0,1,0,0,0,0,0,2,0,0,0,0,0,0,0,0,0,0,0,1,0,0,0,0,0,0,0,0,0,0,0,0,0,0,1,0,0,0,1,1,0,0,0,0,0,0,3,0,0,1,0,0,0,0,0,0,0,0,0,0,0,0,0,0,0,0,0,1,0,0,1,0,0,0,0,0,0,0,0,1,1,0,0,0,0,1,0,0,0,0,0,0,0,0,1,1,0,0,0,0,0,0,0,0,0,0,0,0,0,0,0,0,0,0,0,0,1,0,0,0,0,1,0,0,0,0,1,0,0,0,0,0,0,0,0,0,0,0,0,0,1,0,0,1,0,0,0,0,0,0,0,2,0,0,1,0,0,0,0,0,0,0,0,0,0,0,0,0,0,0,0,0,0,0,0,1,1,0,0,0,0,0,0,1,0,0,2,0,0,0,0,0,0,0,0,0,0,0,0,1,0,0,0,0,0,0,0,0,2,0,0,0,0,0,1,0,0,1,0,0,0,0,0,0,0,0,0,0,0,0,0,0,0,2,0,0,0,0,0,0,1,0,0,0,0,0,0,0,0,0,0,0,0,0,0,0,0,0,0,0,0,1,0,0,0,0,0,0,0,0,0,0,0,0,0,0,1,2,0,0,0,0,0,0,0,0,0,1,2,0,0,0,0,0,0,0,0,0,0,0,0,0,0,0,0,0,0,0,0,0,0,0,0,0,0,0,0,0,0,0,0,0,0,0,0,0,0,0,0,0,0,0,0,0,0,0,0,1,0,0,0,0,0,0,0,0,0,1,0,0,0,0,0,2,0,0,0,0,1,0,0,0,0,0,0,0,0,1,0,0,0,0,0,0,0,0,0,0,0,2,0,0,0,0,0,0,0,0,0,0,0,0,1,0,0,1,2,0,0,0,0,1,0,0,0,1,0,0,1,0,0,0,0,0,0,0,0,0,1,1,0,0,0,0,0,0,0,0,2,0,0,0,0,0,0,0,0,0,0,0,0,1,0,0,0,0,0,0,0,1,0,0,0,0,0,0,0,0,0,0,0,0,1,0,0,0,0,0,0,0,0,0,0,0,0,0,0,0,0,1,0,0,0,0,0,0,0,0,0,0,0,0,0,0,0,2,0,0,0,0,0,0,0,1,0,0,0,0,0,0,0,0,0,0,0,1,0,0,0,0,2,0,0,0,0,0,0,0,0,0,0,0,0,0,1,0,0,0,0,0,0,0,0,1,0,0,0,0,0,0,0,0,0,0,2,0,0,0,0,0,0,0,0,0,0,0,1,0,0,0,1,0,0,3,0,0,0,0,0,0,0,0,0,1,0,0,0,0,1,0,0,0,0,0,0,0,0,0,0
TC2N,1,1,2,0,1,0,0,0,0,0,0,0,0,0,2,2,0,1,0,0,1,1,0,0,0,0,0,0,1,1,0,1,1,0,0,0,1,0,0,0,0,0,1,1,1,0,0,0,0,0,0,0,0,0,1,0,0,0,1,2,0,0,1,0,0,0,0,0,0,0,0,0,0,0,0,1,0,0,0,0,1,0,0,0,0,0,0,0,1,0,0,0,1,0,1,0,0,0,0,0,0,0,0,0,1,0,0,0,0,0,0,1,0,0,0,0,0,1,0,0,0,0,1,0,0,3,0,0,1,0,1,0,0,0,0,0,0,2,0,1,0,0,0,0,1,0,0,0,1,1,0,0,0,0,0,0,0,0,0,0,0,0,0,0,0,0,0,1,0,0,0,0,1,0,0,2,0,0,0,0,0,0,0,0,0,0,0,0,0,0,0,0,1,0,0,0,0,0,0,1,0,1,0,0,1,0,0,0,0,0,0,1,1,0,0,0,0,1,0,0,0,0,0,0,1,0,0,0,0,0,0,0,0,0,0,0,0,1,1,0,0,0,0,0,1,0,0,0,0,0,2,0,0,0,0,1,0,0,0,0,0,0,0,0,1,1,0,0,1,1,0,0,0,0,0,0,0,0,0,0,0,0,0,0,1,2,0,0,0,0,0,0,0,0,0,0,0,0,0,0,0,0,0,0,0,0,0,0,0,0,0,0,0,1,0,0,1,0,0,1,0,0,0,0,0,1,0,1,0,0,0,0,1,0,0,1,0,0,0,1,0,0,0,0,0,0,0,0,0,0,0,0,1,1,0,0,0,1,0,0,2,0,0,0,0,0,0,0,0,0,1,0,0,0,2,1,1,0,0,0,0,0,0,0,0,0,1,0,1,0,2,0,1,0,0,0,0,0,0,0,0,1,0,0,0,1,1,1,1,0,0,1,0,0,0,0,0,0,0,0,0,1,1,0,0,0,1,0,0,0,0,0,0,1,0,0,0,0,0,0,0,1,0,0,0,0,0,0,0,0,0,0,0,0,0,0,0,1,0,0,0,0,0,0,1,0,0,0,0,0,0,0,0,0,0,0,0,0,0,0,0,0,0,0,0,0,0,0,0,0,0,1,0,0,1,0,3,0,0,0,0,0,0,0,0,1,0,0,0,0,0,0,0,0,0,0,0,1,0,0,0,0,1,0,0,0,2,0,0,1,0,0,0,0,0,0,0,0,0,0,0,1,0,0,1,0,0,0,0,0,1,0,1,0,0,0,0,0,0,0,0,0,0,0,0,0,0,0,0,0,0,0,0,1,1,0,0,0,0,0,0,1,0,0,0,1,0,0,0,0,0,0,0,0,1,0,0,0,0,0,1,0,0,0,1,0,0,0,0,0,0,0,0,0,0,0,0,0,0,0,0,1,1,0,0,0,2,0,1,0,0,0,0,0,0,0,0,1,0,0,1,0,0,0,0,0,0,0,1,0,0,1,0,0,0,0,0,0,0,0,0,0,0,0,0,0,0,0,0,0,0,0,0,0,1,0,0,0,0,1,0,0,0,0,1,1,2,0,0,1,0,0,0,1,1,0,0,1,0,0,0,1,0,1,0,0,0,1,0,0,0,1,0,0,0,0,1,0,0,0,0,2,1,0,0,0,0,1,0,1,1,0,0,0,0,0,0,0,0,0,0,0,1,0,1,0,0,0,0,0,0,0,0,3,0,0,0,0,0,0,0,0,0,0,0,0,3,0,0,2,1,1,0,0,0,0,0,0,0,0,0,0,0,3,0,0,0,0,2,0,2,0,0,0,0,0,0,0,0,0,0,1,0,1,0,1,0,0,0,2,0,0,0,0,0,0,0,0,1,0,0,0,0,0,0,0,0,0,0,0,0,0,0,0,1,0,0,1,0,0,0,0,3,0,0,1,0,3,0,1,0,0,0,0,0,0,0,0,0,0,0,0,0,2,0,0,1,0,1,0,0,0,0,0,1,0,0,0,0,0,2,0,0,0,0,0,0,0,0,0,0,0,0,0,0,0,0,2,0,0,0,1,0,1,0,0,0,0,0,0,0,0,0,0,0,0,0,0,1,0,0,0,0,1,0,1,0,0,0,0,0,0,0,0,0,0,1,0,0,0,0,0,1,2,0,0,0,0,0,1,0,1,0,0,0,0,0,2,1,0,1,1,1,0,0,0,0,0,0,0,0,0,0,0,0,0,1,0,0,0,0,0,0,0,1,1,0,0,0,0,0,0,0,0,0,0,0,1,0,1,1,0,1,0,0,0,0,0,0,1,0,0,0,0,0,0,0,0,0,0,0,0,0,0,0,1,0,0,0,0,0,0,0,1,0,0,0,1,0,0,1,0,0,0,0,0,0,0,0,0,0,0,0,0,1,0,0,0,0,1,1,0,0,0,0,0,0,0,0,0,0,1,0,0,0,0,1,0,0,0,0,0,0,0,0,1,0,0,0,0,0,1,1,0,0,0,0,0,0,0,0,0,0,0,0,0,0,0,0,0,2,0,0,0,0,0,0,0,0,0,0,0,0,0,0,0,0,0,0,0,0,0,0,1,0,1,0,0,2,0,1,0,0,0,1,0,0,0,0,0,0,0,0,0,0,0,0,0,0,0,1,0,2,0,0,0,0,0,0,0,0,0,1,0,0,0,0,0,0,0,0,0,0,0,1,0,1,0,0,0,0,0,0,0,0,1,0,1,0,1,1,1,0,0,0,0,0,0,1,0,0,0,0,0,2,3,0,0,1,0,0,0,0,2,0,0,0,0,0,0,0,0,0,0,0,0,0,0,0,0,0,0,0,0,0,0,0,0,0,1,0,0,0,0,0,0,0,0,1,1,1,0,0,0,0,0,0,0,2,0,0,0,0,0,0,0,0,1,0,0,0,1,0,1,1,0,0,0,0,0,0,0,1,0,0,0,0,0,0,0,0,0,0,0,0,0,0,1,0,0,0,0,0,0,0,0,0,0,1,0,1,0,0,0,0,0,0,0,0,0,0,1,0,0,0,0,2,0,0,0,0,0,0,0,0,0,0,0,0,0,0,1,0,0,0,1,0,0,0,0,1,0,0,0,0,0,1,1,0,0,0,0,0,0,0,0,0,1,0,0,0,0,0,0,0,0,0,1,0,0,0,1,2,0,2,0,0,0,0,1,0,0,0,0,0,0,0,0,0,0,0,1,0,0,0,0,0,0,0,0,0,0,0,0,0,0,2,0,0,3,1,0,0,0,0,2,0,1,0,0,3,1,0,0,0,2,1,0,0,0,0,2,1,0,0,0,2,0,0,0,0,0,0,0,0,0,0,0,0,1,0,0,0,0,0,1,1,2,0,0,0,0,0,0,2,0,0,0,0,1,1,0,0,0,0,0,0,0,0,2,0,0,0,1,0,0,0,0,0,0,0,1,0,1,0,1,1,0,0,0,1,0,0,0,0,0,0,0,0,0,0,3,0,0,1,0
CES1,0,0,0,0,0,0,0,0,0,0,3,0,0,0,0,0,0,1,0,0,0,0,0,0,0,0,0,0,0,0,0,0,0,0,0,0,0,0,0,0,0,0,0,0,0,0,0,0,0,0,0,0,0,0,0,0,0,0,0,0,0,0,0,0,0,0,0,0,1,0,0,0,0,0,0,0,0,2,0,0,0,0,0,0,0,0,0,0,0,0,0,0,0,0,0,2,0,0,0,0,0,0,0,0,0,0,0,1,0,0,0,0,0,0,0,0,0,0,0,1,0,0,1,0,0,0,0,0,0,0,0,0,0,0,0,0,0,0,0,0,0,1,0,0,0,0,0,2,0,0,0,0,0,0,0,0,0,0,0,0,0,0,0,0,0,0,2,0,0,0,0,0,0,0,0,0,0,0,0,0,0,0,0,0,0,0,0,0,0,1,0,0,0,0,0,0,1,0,0,0,1,0,0,0,0,0,0,0,0,0,0,0,0,0,0,0,0,0,0,2,0,0,0,0,0,0,0,0,0,0,0,0,0,0,0,0,0,0,0,0,0,0,0,0,0,0,0,0,0,0,0,0,0,0,0,0,0,0,0,0,0,0,0,3,0,0,0,0,0,0,1,0,1,0,0,0,0,0,0,0,1,0,0,0,0,0,0,0,0,0,0,0,0,0,0,0,0,0,0,0,0,0,0,0,0,0,0,0,0,0,0,0,0,0,0,0,0,0,0,0,0,0,1,0,1,0,1,0,0,0,0,0,0,0,0,0,0,0,0,0,0,0,0,0,0,0,0,0,0,1,0,0,0,0,0,0,0,0,1,0,0,0,0,0,0,0,0,0,0,0,0,0,0,0,0,2,0,0,0,0,0,0,0,0,0,0,0,0,0,0,0,0,0,0,0,3,0,0,0,0,0,0,0,0,0,0,0,0,0,0,0,0,0,0,0,0,0,0,0,0,0,0,15,0,0,0,0,0,0,0,0,0,0,0,0,0,0,0,0,2,0,0,0,0,0,0,0,0,0,0,0,0,1,0,0,0,0,0,0,0,0,0,0,0,1,0,0,0,0,0,0,1,0,0,0,0,0,0,0,0,2,0,0,0,0,0,0,0,0,0,0,0,0,0,0,0,0,0,0,0,0,0,0,0,0,0,0,0,2,0,0,0,0,0,0,0,0,0,0,0,0,0,0,0,0,0,0,0,1,0,0,0,0,0,1,1,1,0,0,0,0,1,0,0,0,0,2,0,0,0,0,1,0,0,0,0,0,0,0,0,0,0,0,0,0,0,0,0,0,0,0,0,0,0,0,1,0,0,2,0,0,0,0,0,0,0,0,0,0,0,0,0,0,0,0,0,0,0,0,0,0,0,0,0,0,0,1,0,0,0,0,0,0,0,0,0,0,0,0,0,1,0,0,0,0,0,0,0,0,0,0,0,0,0,1,0,0,0,0,0,0,0,0,0,0,0,0,0,0,0,0,0,0,0,0,0,0,0,0,0,0,0,1,0,0,0,2,0,0,0,0,0,0,0,0,0,0,0,0,0,0,0,0,0,0,0,1,0,0,0,0,0,0,0,0,0,0,0,0,1,0,0,0,0,0,0,0,0,0,0,0,0,0,0,0,0,0,0,0,0,0,0,0,0,0,0,0,0,0,0,0,0,0,0,0,0,0,0,0,0,0,0,0,0,0,0,0,0,0,0,0,0,0,0,0,0,0,0,0,0,0,0,0,0,0,0,0,0,0,0,0,0,0,0,0,1,0,0,0,0,1,0,0,0,0,0,0,0,0,0,0,0,0,0,0,0,0,0,0,0,0,0,0,0,0,0,0,0,0,0,0,0,0,0,0,0,0,0,0,0,0,0,0,0,0,0,0,0,0,0,0,0,0,0,0,0,0,0,1,0,0,0,0,0,0,0,0,0,0,0,0,1,1,0,0,0,0,3,0,0,0,0,0,0,0,0,0,0,2,0,0,1,0,0,0,0,0,0,0,0,0,0,0,0,0,0,0,0,0,0,0,0,0,0,0,0,0,0,0,0,0,0,0,0,0,0,0,0,0,1,0,0,0,0,0,0,0,0,0,0,0,0,0,0,0,0,0,0,0,0,0,0,0,0,0,0,0,0,0,0,0,0,0,0,0,0,0,0,0,0,0,0,0,0,0,0,0,0,0,0,0,0,0,0,0,2,0,0,0,0,0,1,0,0,0,0,0,0,0,0,0,0,0,2,0,0,0,0,0,0,0,0,0,0,0,0,0,0,0,0,0,2,0,0,0,0,0,0,0,0,0,1,0,1,0,0,0,0,0,0,0,0,0,0,0,1,1,2,0,0,0,0,0,0,0,1,0,0,0,0,0,0,0,0,0,0,0,0,0,0,0,0,0,0,0,0,0,0,0,0,0,0,0,0,0,0,0,0,1,0,0,0,0,0,0,0,0,0,0,1,0,0,0,0,0,0,0,0,0,0,0,0,1,0,0,0,0,0,0,0,1,0,0,2,0,0,0,0,0,0,0,0,0,0,0,0,0,0,0,0,0,0,2,0,0,0,0,0,0,0,0,0,0,0,0,0,0,0,0,0,0,0,0,0,0,0,0,0,0,0,2,0,0,0,0,0,0,0,0,0,0,0,0,0,0,0,0,0,0,0,0,1,0,0,0,0,0,0,0,0,0,0,0,0,0,0,0,0,0,0,0,0,0,0,0,0,0,0,0,0,0,0,0,0,0,0,0,0,0,0,0,0,0,0,0,0,0,0,0,0,0,0,0,0,0,0,0,4,0,0,0,0,0,0,0,0,1,0,0,0,0,0,0,0,0,0,0,0,0,0,0,0,0,0,1,0,0,0,0,0,0,0,5,0,0,0,1,0,0,0,0,0,0,0,0,0,1,0,0,0,0,0,0,0,0,0,0,0,0,0,0,0,0,0,0,0,0,0,0,0,0,0,0,0,0,0,0,0,0,0,0,0,0,0,0,0,0,0,0,0,0,0,0,0,0,0,0,0,0,0,0,0,0,0,0,0,0,0,0,0,0,0,1,0,0,0,0,0,0,0,0,0,0,0,0,0,0,0,0,0,0,0,0,0,0,0,0,0,0,0,0,0,0,0,0,0,1,0,0,0,0,0,0,0,0,0,0,0,0,0,0,0,0,0,0,0,0,0,0,0,0,0,0,0,0,0,0,0,0,0,0,0,0,0,0,0,0,0,0,0,0,0,0,0,0,0,0,0,0,0,0,0,0,0,0,0,0,0,0,0,0,0,0,0,0,0,0,0,0,0,0,0,0,0,0,0,0,0,0,0,0,0,0,0,0,0,0,0,0,0,0,0,0,0,0,0,0,0,0,0,0,0,1,0,0,0,0,0,0,0,0,0,0,1,0,0,0,0,0,0,0,0,0,0,0,0,0,0,0,0,0,0,0,0,0,0,0,0,0,0,0,0,0,0,0,0,0,0,0,0,0,0,0,0,0,0
MDM4,0,0,0,0,0,0,0,0,0,1,0,1,1,1,0,2,0,1,1,1,0,0,0,1,0,2,0,0,0,0,0,0,0,1,0,1,0,0,2,0,1,0,1,1,1,0,0,0,0,1,2,0,1,0,0,0,1,1,0,1,1,1,0,0,0,2,1,0,1,0,0,1,0,1,0,0,0,0,0,2,0,0,0,0,0,0,1,0,0,0,0,0,1,0,0,0,1,0,2,0,0,0,2,0,1,1,0,0,2,0,0,0,0,1,0,1,0,1,0,0,0,1,0,1,0,0,1,1,1,1,0,0,2,0,0,0,0,0,1,0,0,0,0,0,0,0,1,0,0,0,0,0,0,1,1,0,0,0,1,2,0,1,2,0,2,0,0,0,1,1,0,0,0,2,0,0,0,0,1,0,0,0,0,0,0,0,0,1,0,0,0,1,0,0,0,2,0,0,0,0,0,0,0,1,0,0,1,0,1,0,0,0,0,0,0,0,1,0,4,2,0,0,1,0,0,0,0,1,1,0,0,1,1,0,0,0,0,0,0,0,0,0,1,0,0,0,2,1,1,0,0,0,1,0,0,0,1,0,0,2,1,2,2,0,0,0,0,0,1,0,0,2,1,0,0,0,0,2,0,0,1,0,1,0,1,0,0,0,0,1,2,1,0,0,0,1,1,0,0,0,1,0,0,0,0,0,0,0,1,0,1,0,1,1,0,0,0,0,0,1,0,0,0,0,2,1,0,3,1,0,0,2,0,0,0,0,0,0,0,0,0,1,3,1,0,0,0,0,0,0,2,0,0,0,1,0,0,5,0,0,1,0,1,0,0,0,1,0,0,0,0,2,0,0,1,1,2,0,0,1,0,0,0,0,0,0,0,4,0,1,0,0,0,1,0,0,0,0,0,2,0,0,0,0,1,0,1,1,0,0,0,1,0,0,0,1,0,0,0,0,0,0,1,2,1,0,0,1,1,2,0,0,0,1,0,0,0,0,0,1,0,0,0,0,1,1,0,0,0,0,2,1,1,0,1,0,1,0,2,0,1,0,1,0,1,1,0,2,0,0,0,2,0,0,0,1,0,1,1,0,1,1,1,0,0,0,0,0,0,0,0,1,0,0,1,0,0,0,0,1,0,0,1,0,1,0,2,0,0,2,0,1,0,0,1,0,0,0,0,0,0,0,1,0,0,2,0,0,0,1,0,0,0,0,0,0,0,0,0,0,0,1,1,0,0,0,0,0,0,0,0,0,0,0,1,0,2,0,0,0,2,1,0,0,0,0,0,0,0,2,0,0,0,0,0,1,2,0,0,1,0,2,0,0,0,2,0,0,0,0,1,0,0,2,0,0,0,0,0,0,1,2,0,0,0,0,0,0,1,0,0,0,0,0,0,0,0,0,0,0,0,0,0,0,1,1,0,0,0,0,1,0,0,0,0,0,1,1,0,0,1,0,1,0,0,0,2,0,0,0,1,0,1,0,1,0,0,0,0,0,1,0,0,0,1,0,0,0,0,1,1,1,0,0,0,0,1,0,0,2,0,0,1,1,0,0,2,0,0,1,0,2,0,1,0,0,0,1,1,0,0,1,0,0,1,1,0,1,0,1,1,0,0,1,0,0,0,0,1,1,3,0,0,1,1,0,0,0,0,2,0,0,0,1,1,3,0,0,1,0,2,1,1,0,0,0,2,0,0,0,1,1,0,1,0,0,0,0,0,0,1,0,0,0,0,0,1,2,0,1,0,0,1,0,0,0,0,0,3,0,0,1,1,0,0,0,1,0,0,0,0,0,0,0,3,0,0,0,0,0,0,1,1,1,0,0,0,1,0,0,0,0,0,0,0,1,0,0,0,0,0,1,0,0,0,1,1,0,1,0,0,0,0,0,0,0,1,1,0,0,0,1,0,0,0,1,1,1,0,0,0,1,0,0,0,0,0,1,1,0,0,1,0,0,0,0,1,0,1,1,0,1,2,0,0,0,0,0,0,2,0,0,0,0,1,1,1,0,1,1,0,1,0,1,0,0,1,1,2,2,0,0,2,0,0,0,1,0,0,1,1,0,2,0,0,1,0,1,2,0,1,0,0,1,1,0,1,2,1,1,1,0,0,0,0,1,1,3,0,0,0,0,0,0,0,0,0,0,0,1,0,0,0,0,0,1,0,0,1,0,0,2,0,0,0,1,1,0,1,0,0,1,2,0,2,1,0,2,1,0,0,0,0,3,0,0,0,1,0,0,0,0,0,1,0,1,1,0,0,0,0,0,0,0,0,0,0,0,0,0,0,0,0,1,0,1,0,0,1,0,0,0,0,1,0,0,0,0,1,1,1,2,0,0,0,2,1,0,1,0,0,0,0,2,0,0,0,0,0,0,0,1,0,1,0,0,1,0,0,0,1,0,1,1,0,0,1,0,0,1,2,0,0,0,0,1,1,0,0,0,0,0,2,0,0,0,2,1,0,1,0,0,0,1,0,0,1,0,0,0,1,1,1,0,0,0,0,0,0,0,0,0,2,1,0,1,1,0,0,0,1,1,0,2,0,1,1,1,0,0,1,0,1,0,0,1,0,1,0,1,0,0,2,0,1,1,0,1,1,0,0,1,0,0,1,0,1,0,0,0,0,0,0,0,0,0,0,1,0,0,1,0,0,1,1,0,0,0,0,0,0,1,1,1,0,0,0,1,0,1,0,0,0,0,0,0,0,0,0,0,1,1,1,0,0,2,0,3,2,1,5,0,0,0,0,0,0,1,1,0,0,1,0,0,1,1,0,0,0,0,0,0,0,0,2,4,1,0,0,1,0,0,0,1,0,1,0,1,0,0,0,1,1,0,0,0,0,0,0,0,1,0,1,0,0,0,0,0,0,0,1,0,0,0,0,0,1,0,1,0,0,0,1,1,0,0,0,0,0,2,0,0,0,1,0,1,0,1,0,0,2,0,1,0,0,0,0,0,0,0,0,0,0,0,1,2,2,1,1,1,0,0,0,1,0,0,0,0,0,0,1,0,0,1,0,0,0,0,0,0,1,1,0,0,1,0,0,0,2,0,1,0,0,1,1,0,4,0,1,0,0,0,0,0,0,0,0,0,0,0,0,0,0,0,1,0,1,0,2,1,0,2,0,0,0,0,0,0,1,0,0,0,0,1,0,0,0,1,0,0,0,1,0,2,0,1,0,0,0,0,0,1,1,1,0,1,0,1,0,0,2,0,0,0,0,0,0,0,2,0,0,0,2,0,0,1,0,0,0,0,0,0,0,0,0,0,0,0,1,0,1,0,0,1,0,0,1,0,0,1,0,1,0,0,0,0,0,0,0,0,0,0,0,0,0,0,0,0,0,0,0,1,1,0,0,0,0,1,0,0,0,0,2,0,0,2,0,2,3,0,0,2,0,0,0,0,1,1,1,0,0,1,0,0,0,0,0,0,0,0,0,0,0,0,0,0,0,0,0,0,1,2,1,0,1,0
LRRK2,0,0,0,0,0,0,1,1,0,0,2,0,0,0,0,0,0,0,1,0,0,0,1,2,0,0,0,0,0,0,0,0,0,0,0,0,0,0,0,0,0,0,0,0,0,0,0,0,0,0,0,0,1,0,0,1,0,0,0,0,0,0,0,0,0,0,0,0,0,0,0,0,0,2,0,0,0,1,3,0,0,0,0,2,0,0,0,0,0,0,0,0,0,3,0,0,0,0,3,0,0,0,0,0,0,0,0,0,0,0,0,0,1,0,0,0,0,0,0,0,0,0,1,0,0,0,0,0,1,0,0,0,0,0,0,0,0,0,1,0,0,0,0,0,0,0,0,0,0,0,0,0,1,0,0,0,0,0,0,0,0,0,0,0,0,0,0,0,1,0,0,0,0,0,1,0,0,0,0,0,0,0,0,1,0,0,0,0,0,0,1,2,0,0,0,0,0,0,0,0,1,0,1,0,0,0,0,0,0,0,0,0,0,0,0,0,0,0,0,1,0,0,0,0,0,0,0,1,0,0,0,0,0,1,0,0,0,0,0,0,0,0,1,0,0,0,0,1,0,0,0,0,1,0,0,0,0,0,0,0,0,0,0,3,0,0,0,0,0,0,0,0,0,0,0,0,0,0,0,0,0,2,0,0,0,0,0,0,0,0,0,0,0,0,0,0,0,0,1,0,0,0,0,0,0,0,0,0,2,0,0,0,0,0,0,0,0,0,0,0,0,0,0,0,0,0,0,0,0,0,0,0,0,0,0,0,0,0,0,1,0,0,0,0,0,0,0,1,0,0,0,0,0,0,0,0,0,0,1,0,0,0,0,0,0,0,2,0,0,0,0,0,0,0,0,0,0,0,0,0,0,0,0,0,0,0,0,0,0,0,0,2,0,2,0,0,0,0,0,0,0,0,0,0,1,0,0,0,0,1,0,0,2,0,0,0,0,0,0,0,1,0,1,0,0,0,0,0,0,0,0,0,0,0,1,0,0,0,0,0,0,0,0,0,0,0,0,0,0,0,0,0,0,0,0,0,0,0,0,0,0,0,0,0,0,0,0,0,0,0,0,0,0,0,0,1,0,0,1,0,0,0,0,0,0,0,0,1,0,0,0,0,0,0,0,1,0,0,0,0,0,0,1,0,0,0,0,0,0,0,0,0,0,0,0,0,0,0,0,0,0,0,0,1,0,0,0,1,0,0,1,0,0,0,0,0,0,0,0,0,0,0,0,0,0,0,1,0,0,0,0,0,0,0,0,1,0,0,0,0,0,0,0,0,0,0,0,0,0,0,0,0,0,0,0,0,0,0,1,0,0,0,0,0,0,0,0,0,0,0,0,0,0,0,0,0,0,0,0,0,0,1,1,0,0,0,0,0,0,0,2,0,0,0,0,0,0,0,0,1,0,0,0,0,0,0,0,0,0,0,0,0,0,0,1,0,0,0,0,0,0,0,0,0,0,0,1,0,0,0,0,0,0,0,0,0,0,0,0,0,0,1,1,0,0,0,0,0,0,0,0,0,1,0,0,0,0,1,0,0,0,0,0,0,1,0,0,0,0,0,0,0,0,0,0,0,0,0,0,0,0,0,0,0,0,0,0,0,0,1,0,0,0,0,0,0,0,0,0,0,0,0,0,0,0,0,0,0,0,0,0,0,0,0,1,0,0,0,0,0,0,0,0,0,0,0,0,0,0,0,0,0,0,0,0,0,0,0,0,0,0,0,0,0,0,0,0,0,0,0,0,0,0,0,0,1,1,0,0,0,0,0,0,0,0,2,0,0,0,0,0,0,0,0,2,0,0,0,0,0,0,0,0,0,0,0,0,0,0,0,0,0,0,0,0,0,0,0,0,0,0,0,2,0,0,0,0,1,0,1,0,0,0,0,0,0,0,0,0,1,0,0,0,0,0,0,0,0,0,0,0,0,1,0,0,0,1,1,0,0,0,0,0,0,0,0,0,0,0,0,0,0,0,0,0,0,0,0,0,0,0,0,0,0,0,0,0,0,1,0,0,0,0,0,3,1,0,0,0,0,0,0,0,0,0,0,0,0,0,0,2,0,0,0,0,0,0,0,0,0,0,0,0,0,0,0,0,0,0,0,0,0,0,0,0,0,0,1,0,0,0,0,0,0,0,0,0,1,0,1,1,0,0,0,0,0,0,0,0,0,0,0,0,0,0,0,0,0,0,0,0,0,1,0,0,0,0,0,0,0,0,0,0,0,0,0,0,0,0,0,0,0,0,0,0,0,0,0,0,0,0,0,0,0,0,0,0,0,0,0,0,0,0,0,0,0,1,0,0,0,1,0,0,0,0,0,0,0,0,0,0,1,0,0,0,0,0,0,1,0,0,0,0,0,0,0,0,0,0,0,0,2,0,0,0,1,0,0,0,0,0,0,0,1,0,0,0,1,0,0,1,0,0,0,0,0,0,2,0,1,0,0,0,0,0,0,0,0,0,0,0,0,0,0,0,0,0,0,0,0,0,0,1,0,1,0,0,0,0,0,0,0,0,0,0,0,0,0,0,0,0,0,0,0,0,0,0,0,0,0,0,0,0,0,0,0,0,0,0,0,0,0,0,0,0,0,0,0,0,0,0,0,0,0,0,0,0,0,0,0,0,0,0,0,0,0,0,0,0,0,1,0,0,0,1,0,1,0,0,0,0,0,0,0,0,0,0,1,0,0,0,0,0,0,0,0,1,0,0,0,0,0,0,0,0,0,0,0,0,0,0,0,0,0,0,0,0,0,0,0,0,0,0,0,0,1,0,0,0,0,1,1,0,0,0,0,1,0,0,0,0,1,0,0,0,1,0,0,0,0,0,0,0,1,0,0,1,0,0,0,0,0,1,1,0,0,0,0,0,0,0,0,0,0,0,0,1,0,0,1,1,0,2,0,0,2,0,0,0,0,0,0,0,0,0,0,0,0,0,0,0,0,0,0,0,0,0,0,0,0,0,0,0,0,0,0,0,0,0,0,0,0,0,1,0,0,0,0,0,1,0,0,0,0,0,0,0,0,0,0,0,0,0,0,0,0,0,0,0,0,0,0,0,0,0,0,1,0,1,0,0,1,0,1,0,0,0,0,0,0,0,0,0,0,0,0,2,0,0,1,0,0,0,0,0,0,0,0,0,0,2,0,0,0,0,0,0,1,0,0,0,0,0,0,0,0,0,0,0,0,0,0,0,0,0,0,0,0,0,0,0,0,0,0,0,0,0,0,0,0,0,0,0,0,0,0,0,0,0,0,0,1,0,0,0,0,0,0,0,0,0,0,0,0,0,0,0,0,0,0,0,0,0,0,0,0,0,0,0,0,0,0,0,0,1,0,0,0,0,1,0,0,0,0,0,0,0,2,0,0,0,0,0,0,0,0,0,0,0,0,0,0,0,0,3,0,1,0,0,0,1,0,0,0,0,0,0,0,0,0,0,0,2,0,0,0,0,1,0,0,0,0,0,0,0,0
TAGAP,0,0,1,0,1,0,0,0,0,0,0,0,0,0,0,1,0,0,2,1,0,0,1,1,0,0,0,2,0,0,0,0,0,0,0,0,0,0,0,0,0,0,0,0,0,0,0,0,0,0,0,1,0,1,0,0,0,0,0,1,1,0,0,0,0,0,0,0,0,0,1,0,0,0,0,1,0,1,0,1,0,0,1,1,0,1,1,0,0,0,0,0,1,2,0,0,0,0,0,0,1,2,0,0,0,1,0,1,0,1,0,0,0,0,0,0,0,1,0,0,1,0,0,0,1,1,0,0,0,0,0,0,0,0,0,1,1,1,0,0,1,0,0,0,0,0,0,0,1,0,1,1,0,0,0,1,1,0,1,1,1,0,0,0,0,2,0,1,0,3,0,0,0,1,1,0,0,0,1,0,0,0,0,1,0,0,0,0,0,1,0,0,1,0,2,1,3,0,0,0,0,0,0,1,0,0,1,0,1,0,0,0,0,0,2,0,0,0,0,0,1,1,0,1,1,0,3,0,0,0,0,1,1,1,0,0,0,1,0,0,0,0,3,0,0,0,0,0,1,0,2,0,1,0,0,2,0,0,0,0,0,0,0,1,1,1,0,0,0,0,1,3,1,0,0,0,0,1,1,0,0,0,1,1,0,0,0,2,0,0,0,0,0,0,0,1,0,0,1,0,1,0,0,0,0,0,0,0,0,0,0,0,0,1,1,0,0,1,0,1,1,1,2,1,0,0,0,0,0,1,0,1,0,0,0,1,1,0,0,0,0,1,0,0,0,0,1,2,0,0,0,1,0,1,1,0,1,0,0,0,0,1,2,0,0,0,0,0,2,0,0,0,0,0,1,0,0,0,0,0,1,0,0,0,2,0,2,0,2,0,0,2,0,1,1,1,0,0,0,0,0,0,0,1,0,0,0,1,0,1,0,1,0,0,1,0,0,0,2,0,0,0,0,0,0,0,0,1,0,0,0,1,0,1,1,1,0,0,0,2,0,0,3,2,0,0,0,0,1,1,1,0,1,0,0,0,0,4,0,1,0,0,0,1,0,1,0,0,1,0,0,0,0,0,0,0,0,0,2,0,1,0,1,0,1,0,0,0,2,0,1,0,0,0,0,0,0,0,0,0,0,0,0,0,1,0,1,0,0,0,0,1,0,0,0,0,0,0,0,1,0,0,1,0,0,0,0,0,0,0,0,1,0,0,1,0,0,0,2,0,1,0,1,1,0,0,0,1,1,0,0,0,1,0,0,0,0,0,0,0,0,3,1,0,0,0,0,1,2,0,0,0,1,0,0,0,0,0,0,0,2,0,2,1,1,0,1,0,0,1,0,0,0,0,0,2,1,0,1,0,0,0,0,1,1,0,0,1,0,0,0,1,1,0,1,0,0,0,0,0,0,0,1,1,0,0,1,1,0,0,1,0,0,0,0,0,0,0,2,0,0,0,0,0,1,0,0,0,1,0,0,0,0,0,1,1,1,0,2,0,0,1,0,0,0,0,1,0,0,1,0,0,0,0,2,3,0,1,1,0,0,0,1,0,0,0,1,0,0,0,0,0,1,1,1,0,0,0,0,1,1,1,0,1,1,0,0,0,0,1,0,0,0,0,0,0,0,1,1,0,0,0,0,0,0,1,0,0,0,1,0,0,0,0,0,0,0,0,0,0,0,0,0,0,1,0,0,1,2,0,0,1,0,0,0,0,0,0,1,0,0,0,0,2,1,0,0,0,0,2,1,1,2,0,0,0,1,1,0,0,0,1,0,0,0,0,0,0,0,0,1,0,0,0,1,0,0,2,0,0,0,1,0,0,1,0,0,1,1,0,0,0,2,1,1,0,1,0,0,0,0,0,0,0,0,0,2,0,0,0,0,0,0,0,0,0,0,0,1,1,0,1,0,0,0,1,0,0,0,1,0,1,0,0,0,0,0,0,0,1,0,0,1,0,1,0,0,0,0,0,0,0,1,0,0,1,0,0,1,0,1,0,0,2,0,0,0,0,1,1,0,0,0,1,0,0,0,0,0,0,2,1,1,0,0,1,0,0,3,2,0,0,0,1,0,0,0,1,0,2,0,3,0,0,0,0,1,0,0,0,0,0,1,1,0,0,0,0,0,0,0,0,0,0,0,0,0,0,2,0,0,1,0,0,0,0,0,0,2,0,2,0,0,0,0,0,0,0,0,0,0,0,0,0,0,0,0,0,0,0,0,0,1,0,0,3,0,0,1,1,0,0,0,0,0,0,0,1,0,0,0,0,1,0,2,1,1,0,0,1,0,0,0,0,2,0,1,0,0,0,1,0,1,0,0,0,0,0,1,1,0,1,0,0,0,0,2,0,0,2,0,0,0,0,0,0,0,0,1,0,2,0,0,0,0,0,0,1,0,0,0,2,1,0,0,0,0,1,0,1,0,1,1,0,0,0,0,0,0,0,0,0,0,0,0,0,1,0,0,0,0,2,1,1,0,0,0,1,0,1,1,0,1,0,0,0,0,0,0,0,0,0,0,0,2,2,1,1,0,0,0,0,0,0,0,0,0,0,0,2,1,0,1,0,0,1,1,2,0,2,0,0,0,0,0,1,0,0,1,0,0,0,0,0,0,0,0,1,0,0,1,0,0,0,0,0,1,0,0,1,1,0,0,2,0,0,0,0,1,5,0,0,1,0,0,0,0,0,0,0,0,0,0,0,0,0,0,0,0,1,0,0,0,2,0,0,0,2,0,1,1,0,0,2,0,0,0,0,0,1,0,0,1,0,2,1,0,0,0,1,0,0,0,0,0,0,3,0,1,0,0,2,0,0,0,1,1,0,0,0,0,0,1,1,0,0,1,0,1,0,0,2,0,0,0,0,0,0,0,0,0,0,0,0,1,2,3,0,0,0,0,0,0,2,0,0,1,0,0,1,0,0,0,0,0,0,0,0,0,0,0,0,0,0,1,0,1,0,0,0,0,0,0,0,0,0,1,1,0,0,0,0,0,1,0,0,0,2,0,0,0,0,0,1,1,1,0,0,0,0,0,0,1,1,1,0,0,1,0,1,0,1,1,1,0,1,1,0,0,0,1,1,0,0,0,1,0,2,1,0,0,0,1,0,0,0,1,0,1,1,1,0,0,0,0,0,0,0,2,0,2,1,0,0,0,0,0,0,0,0,1,0,0,1,0,0,1,0,0,0,1,0,1,0,0,0,0,0,2,0,0,0,0,0,0,0,0,0,0,1,0,1,0,0,1,0,0,0,0,0,0,1,0,0,0,0,0,0,0,0,1,0,0,0,0,0,2,0,0,0,0,0,0,0,0,0,1,1,0,0,1,0,0,1,1,0,0,0,1,0,0,0,0,1,0,0,0,0,0,0,0,1,0,0,0,0,1,0,1,1,0,0,1,0,0,0,0,0,0,0,2,0,1,0,0,0,0,0,0,0,0,1,0,0,0,0,0,2,1,1,0,0,0,0,0,2
OTUD1,0,0,1,0,1,0,0,1,0,0,0,0,0,0,0,0,0,0,2,0,0,0,0,0,0,0,0,0,0,1,0,0,1,0,0,0,0,0,0,0,0,0,0,0,0,0,0,0,0,0,0,0,0,0,0,0,0,0,0,0,1,0,0,1,0,0,0,0,0,0,0,0,0,0,0,0,0,0,0,3,0,0,0,1,0,1,0,0,0,0,0,0,0,0,0,1,0,0,0,0,0,0,0,0,0,1,0,0,0,0,0,0,0,0,0,0,0,0,0,0,0,0,2,0,0,0,0,0,0,0,0,0,0,0,0,0,0,0,0,0,2,1,0,0,1,0,0,0,1,0,0,0,0,0,0,0,0,0,0,0,0,0,0,0,0,0,0,0,1,0,0,0,0,0,0,0,0,0,0,0,0,0,0,0,0,1,0,0,0,1,2,1,0,0,0,0,0,0,0,1,3,0,1,0,0,0,0,0,0,0,0,0,0,0,0,0,0,0,0,0,0,1,0,0,1,0,0,1,0,0,0,0,0,0,0,0,0,0,0,0,0,0,0,0,0,0,0,0,0,0,0,0,0,0,1,0,0,0,0,1,0,0,0,0,0,0,0,0,1,0,0,0,3,0,0,0,0,0,0,0,0,0,0,0,0,0,0,0,0,0,1,0,0,0,0,0,0,0,0,0,0,0,0,0,0,1,0,0,0,0,0,0,0,0,0,0,0,0,0,0,0,0,0,0,0,0,0,0,0,1,0,3,0,0,0,0,0,0,1,1,0,0,0,1,0,1,0,1,0,2,0,0,1,0,0,1,0,0,1,0,0,1,0,1,0,0,0,0,0,0,0,2,0,0,0,2,0,0,0,0,0,0,0,0,0,0,0,0,0,0,0,3,0,1,0,1,0,0,0,0,0,0,0,0,1,0,0,0,0,0,0,0,0,0,0,3,0,1,0,0,0,0,0,0,1,0,0,0,0,0,1,0,0,0,0,0,0,0,0,0,0,0,1,0,0,0,0,0,1,0,0,0,0,0,0,0,0,1,0,1,0,0,0,0,2,0,0,0,0,0,0,0,0,0,0,0,0,0,0,0,0,0,0,0,1,0,0,1,0,0,0,0,0,0,1,0,0,0,0,0,0,0,0,0,0,0,0,0,0,0,0,0,0,0,0,0,0,0,0,0,0,1,0,0,0,1,0,0,2,0,0,0,0,0,0,2,0,0,0,0,0,0,0,0,0,0,0,0,0,0,0,3,0,0,0,0,0,4,0,0,0,0,1,0,0,0,0,0,0,0,0,0,0,0,0,0,0,0,0,0,0,0,0,0,0,0,1,0,0,0,0,0,0,0,0,1,0,0,0,0,1,0,0,0,0,1,0,1,0,0,1,1,0,0,1,1,0,0,0,0,0,0,0,0,0,0,0,0,0,0,0,0,0,0,0,0,0,0,0,0,0,0,0,0,0,0,0,0,0,0,0,0,0,0,0,0,0,0,0,1,0,0,0,0,0,0,0,0,0,0,1,0,3,0,0,0,0,0,0,0,0,0,0,0,0,0,0,0,0,0,0,0,0,0,0,0,0,0,2,0,0,0,0,0,0,1,0,0,0,1,0,0,0,0,3,0,0,0,0,0,0,0,1,0,0,0,0,0,0,0,1,0,0,0,0,0,0,0,0,0,0,0,0,0,0,0,0,0,0,0,0,0,0,0,0,0,0,0,1,0,0,0,0,1,0,0,0,0,0,0,0,0,0,0,0,1,0,0,1,0,0,0,0,0,0,1,0,0,0,0,1,0,0,0,1,0,0,0,1,0,0,0,0,0,0,0,0,0,0,0,0,1,0,0,0,0,0,0,0,0,0,1,1,0,0,0,0,0,0,0,0,0,0,0,0,0,0,0,1,1,0,0,0,0,0,0,0,0,0,0,0,0,0,0,0,0,1,0,0,0,0,0,0,0,0,0,1,0,0,0,0,1,0,0,0,0,0,0,0,0,0,0,0,1,0,0,0,0,1,0,0,0,0,0,0,0,0,0,0,0,0,0,0,0,0,0,0,0,1,0,0,0,0,0,1,0,0,0,0,0,0,1,0,0,0,1,0,0,0,0,0,0,0,1,0,0,0,1,0,0,0,0,0,0,1,0,0,0,0,0,0,0,0,0,0,1,0,0,0,3,0,0,0,0,0,0,0,0,0,0,1,1,0,0,0,0,0,0,0,0,0,0,0,0,1,0,0,0,0,0,0,0,0,0,0,0,0,0,0,0,0,0,1,0,0,0,0,0,0,1,0,0,0,0,0,0,0,0,0,0,0,0,0,0,0,0,0,0,0,0,0,0,0,0,1,0,1,2,0,0,1,0,0,0,0,0,0,0,0,0,1,0,0,0,0,0,0,0,0,0,0,0,2,1,0,0,0,0,0,1,0,0,0,0,0,0,0,1,0,0,0,0,0,1,0,0,0,0,0,0,0,0,0,0,1,0,0,0,0,2,0,0,0,0,1,0,0,0,0,0,0,0,0,1,0,0,0,0,0,0,0,0,0,0,0,0,0,0,0,1,0,0,1,0,0,0,0,0,0,0,0,0,0,0,0,0,0,0,0,0,0,0,0,0,0,0,0,0,0,0,0,0,0,0,0,0,0,0,0,0,0,0,0,0,0,0,0,0,0,1,0,0,1,0,0,1,0,0,0,1,0,0,0,0,0,0,0,0,0,0,0,0,0,0,0,0,0,0,0,0,2,0,0,1,0,0,0,0,0,0,0,0,0,0,0,0,0,1,0,0,1,0,0,0,0,0,0,0,0,1,0,0,0,0,0,0,0,0,0,0,4,0,0,0,0,0,0,0,0,0,0,0,3,0,0,0,0,0,0,0,0,0,0,0,0,0,0,0,0,3,0,0,0,0,0,0,1,0,0,3,1,0,0,0,0,0,0,0,0,0,0,0,0,0,0,0,0,0,0,0,0,0,0,0,0,0,0,0,0,0,0,0,0,1,0,0,0,0,0,1,0,0,0,0,0,0,0,0,0,0,0,0,0,0,0,0,0,0,0,0,0,1,0,0,0,0,0,0,1,0,0,0,0,0,0,0,0,0,0,0,0,0,0,0,0,0,1,0,0,0,0,1,0,0,0,0,0,0,0,0,3,0,0,0,0,0,0,1,0,1,0,2,0,0,0,0,0,0,0,0,0,0,0,0,0,0,0,1,0,0,0,0,1,0,0,0,0,0,0,0,0,0,0,0,0,0,0,0,0,0,0,0,0,0,1,1,1,0,0,0,0,0,0,0,0,0,0,1,0,0,0,0,0,0,0,0,0,0,0,1,0,0,0,1,1,0,0,0,0,0,0,0,0,0,0,0,0,0,0,0,0,0,0,0,0,0,0,0,0,0,0,0,0,0,0,0,1,1,0,0,0,0,0,0,0,0,0,0,0,0,0,0,0,0,0,0,0,0,0,0,0,0,1,0,0,0
NA..28,0,0,0,0,0,0,0,0,0,0,0,0,0,0,0,0,0,0,1,0,0,0,0,0,0,0,0,0,0,0,0,0,0,2,0,0,0,0,0,0,0,0,0,0,0,0,0,2,0,0,0,0,0,0,0,0,0,0,0,0,0,0,0,0,0,0,0,0,0,0,0,0,0,0,0,0,0,0,0,0,0,0,0,0,0,0,0,0,0,0,3,0,0,0,0,0,0,0,0,0,0,0,0,0,0,0,0,1,0,0,0,0,0,0,0,1,0,0,1,0,0,0,2,0,0,0,0,0,0,0,0,0,0,0,0,0,0,0,0,0,0,0,0,1,3,0,0,0,0,0,0,0,0,0,0,0,0,0,0,0,0,0,0,0,0,0,0,0,0,0,0,0,0,0,0,0,0,0,0,0,1,0,0,0,1,0,0,0,0,0,2,0,0,0,0,0,0,0,0,0,0,0,0,0,0,0,0,0,0,0,0,0,0,0,0,0,0,0,0,0,0,0,0,0,0,0,0,0,0,0,0,0,0,0,0,0,0,0,0,0,1,0,0,0,0,0,0,0,3,0,0,0,0,0,0,0,0,0,0,0,0,0,0,0,0,0,0,0,0,0,1,0,1,0,0,0,0,0,0,0,0,0,0,0,0,0,0,0,0,0,0,0,0,1,0,0,0,0,2,0,0,0,0,0,2,0,0,0,0,0,0,0,0,0,0,0,0,0,0,0,0,0,2,0,0,0,0,0,0,0,0,0,0,0,0,0,0,0,0,0,0,0,0,0,0,0,0,0,0,1,0,0,0,0,0,0,0,0,2,0,0,0,0,1,0,0,0,0,0,0,0,0,0,0,0,0,0,0,0,0,0,0,0,0,0,2,0,0,0,0,0,0,0,0,0,0,0,0,0,0,0,0,2,0,0,0,0,0,0,0,0,2,0,0,0,0,0,0,0,0,0,0,0,0,0,0,0,0,0,0,0,0,1,1,0,0,0,0,0,0,0,0,4,0,0,0,0,0,0,0,0,0,0,0,0,0,0,0,0,0,0,0,0,0,1,0,0,0,0,0,0,1,0,0,0,0,0,0,0,0,0,0,0,1,0,0,0,0,0,0,0,0,0,0,0,0,0,0,0,0,0,1,0,0,0,0,0,1,0,0,0,0,0,0,0,0,0,0,0,0,0,0,0,0,0,0,0,0,1,0,0,0,0,0,0,1,0,0,0,0,0,0,0,0,0,0,0,0,1,0,0,0,0,0,3,0,0,0,0,0,0,0,0,2,0,0,0,0,1,0,0,0,0,0,0,0,0,0,0,0,0,0,0,0,0,0,0,0,0,0,0,0,0,0,0,0,0,0,0,0,0,0,0,0,0,0,0,0,0,0,0,0,0,0,0,0,0,1,0,0,0,0,0,0,0,0,0,0,0,0,0,0,0,0,0,0,0,0,0,0,0,0,0,0,0,0,0,0,0,0,0,0,0,0,0,0,0,0,0,0,0,0,0,0,0,0,0,0,0,0,0,0,0,0,0,0,0,0,0,0,0,1,0,0,0,0,0,0,0,0,0,0,0,0,0,0,0,0,0,0,0,0,0,0,0,0,0,0,0,1,0,0,0,0,0,0,0,1,0,0,0,0,0,0,0,0,0,0,0,0,0,0,0,0,2,0,0,0,0,0,0,0,0,0,0,0,0,0,0,0,0,0,0,0,0,0,0,0,0,0,0,0,0,0,0,0,0,0,0,0,0,0,0,0,0,0,0,0,0,0,0,0,0,0,2,0,0,0,1,0,0,0,0,1,0,0,0,0,0,0,0,0,0,0,0,0,0,0,0,0,0,0,0,0,0,0,0,0,0,0,0,0,0,0,0,0,0,0,0,0,0,0,0,1,0,0,0,0,1,0,0,0,0,0,0,0,0,1,0,0,0,1,0,0,0,0,2,0,0,0,0,0,0,0,0,0,0,0,0,0,0,0,0,0,0,0,0,0,0,0,0,0,2,0,0,0,0,0,0,0,0,0,0,0,0,1,0,0,0,0,0,0,0,0,0,0,0,0,4,0,0,0,1,0,0,0,0,0,0,0,0,4,0,0,0,0,0,0,1,0,0,1,0,0,0,0,0,0,0,0,1,0,0,0,0,0,0,0,0,0,0,0,2,0,0,0,0,0,0,0,0,0,0,0,0,0,0,0,0,0,0,9,1,0,0,0,0,0,2,0,0,1,0,0,0,0,0,0,0,0,0,0,0,0,0,0,0,0,0,0,0,1,0,0,0,0,0,0,0,0,0,0,0,0,0,0,0,0,0,0,0,2,0,0,0,0,0,0,0,0,1,0,0,0,0,0,0,0,1,0,0,0,0,0,0,0,0,0,0,0,0,0,0,0,0,0,0,0,0,0,0,0,1,0,0,0,2,0,0,0,0,0,0,0,0,0,0,0,0,0,6,0,0,0,0,0,0,0,0,0,0,0,0,0,0,0,0,0,0,0,0,0,0,0,0,0,0,0,0,0,0,0,0,0,0,0,0,0,0,0,0,0,1,0,0,0,0,0,0,0,0,0,0,0,0,1,0,0,0,0,0,0,0,0,0,0,0,0,0,0,1,0,3,0,0,0,0,0,0,0,0,0,0,0,0,0,0,0,0,0,0,0,0,0,2,0,0,0,0,3,0,0,0,0,0,1,0,0,1,0,0,0,0,0,0,0,0,0,0,0,0,0,0,0,0,0,0,0,0,1,0,0,0,0,0,0,0,0,0,0,0,1,0,0,0,0,0,0,1,0,0,0,0,0,0,0,0,0,0,0,0,0,0,0,0,0,0,0,0,0,0,0,0,0,0,0,2,0,1,1,0,0,4,0,0,0,0,0,0,0,0,1,0,0,0,0,0,0,0,0,0,0,0,2,0,0,0,0,0,0,0,0,0,0,0,0,0,0,0,0,1,0,0,1,0,0,0,0,0,0,0,0,0,0,0,0,0,0,0,0,0,0,0,0,0,0,0,0,0,0,0,0,0,0,0,0,0,0,0,0,0,0,0,0,0,0,0,0,0,0,0,0,0,0,0,0,0,0,1,0,0,0,0,1,0,0,0,0,0,0,0,0,0,0,4,0,0,0,0,0,0,0,0,0,0,0,0,0,0,3,0,0,0,0,0,0,0,0,1,3,0,0,0,0,0,0,0,0,0,3,0,0,0,0,0,0,0,0,1,0,0,0,0,0,0,0,0,0,0,0,0,0,0,0,0,0,0,0,0,1,0,0,0,0,0,0,0,0,0,0,0,0,0,0,0,0,0,0,0,0,0,0,0,0,0,0,0,0,0,0,1,0,0,0,0,0,0,0,0,0,0,0,0,0,0,1,0,0,0,0,0,0,0,0,0,0,0,0,0,0,0,1,0,0,0,0,0,0,0,1,0,0,0,0,0,0,0,0,0,0,0,0,0,0,0,0,0,0,0,0,0,0,0,0,0,0
DPYSL2,0,0,0,0,0,0,0,0,0,0,0,0,2,0,0,1,0,0,0,0,0,0,0,0,0,0,0,0,0,0,0,0,0,0,0,0,0,0,1,0,0,0,1,0,0,0,0,2,0,0,0,0,2,0,0,0,0,0,0,0,2,0,0,0,0,0,0,0,1,0,0,1,0,0,0,1,0,1,0,1,0,0,0,1,0,0,0,0,0,0,0,0,0,0,0,1,0,0,1,0,0,0,0,0,0,2,0,0,1,0,0,0,0,0,0,0,0,0,1,0,0,0,1,0,0,0,0,0,1,0,0,0,0,0,0,1,0,0,1,0,0,0,0,0,1,0,1,1,0,0,0,0,0,0,0,0,0,0,0,0,0,0,0,1,0,0,1,0,1,2,0,0,0,0,0,0,0,0,0,0,0,0,0,0,1,0,0,0,1,1,0,0,0,0,0,0,0,0,0,0,0,0,0,0,0,1,0,0,0,0,0,0,0,0,0,0,0,0,1,2,0,0,1,0,0,0,0,1,0,0,0,0,0,1,2,0,0,0,0,0,0,0,0,0,0,0,0,0,0,1,0,0,0,0,0,0,1,0,0,0,1,0,0,0,0,0,0,0,0,0,0,2,0,0,0,0,0,2,0,0,0,0,0,0,0,0,0,0,0,0,0,0,1,1,0,0,0,0,0,0,0,0,0,0,0,0,0,0,0,0,0,0,0,0,0,0,0,0,0,0,0,0,1,0,0,0,0,0,0,0,0,1,0,0,0,0,0,1,0,1,1,0,0,0,0,0,0,1,0,0,0,0,0,0,0,0,0,0,2,1,0,0,0,0,0,0,2,0,0,0,0,1,0,0,0,3,0,0,0,1,0,0,1,0,0,0,0,0,0,0,0,1,0,1,0,0,0,0,0,0,0,0,0,0,1,0,0,0,0,0,0,0,1,0,0,3,0,0,1,0,0,0,0,0,0,0,0,0,0,0,0,0,0,0,0,0,3,0,0,1,0,1,1,0,0,1,0,0,0,0,1,0,0,0,1,0,0,0,1,0,1,0,0,0,2,1,0,0,0,1,0,0,0,0,0,2,0,0,0,0,1,0,0,0,1,0,0,0,0,1,0,0,0,0,0,1,0,0,0,0,0,1,0,0,0,0,0,0,0,0,0,0,0,0,0,0,0,0,0,0,0,0,0,0,1,0,0,0,0,0,0,0,0,0,0,0,0,1,0,0,0,0,0,0,0,0,1,0,1,0,0,3,0,0,1,1,0,1,0,0,0,0,0,0,0,0,0,0,0,0,0,0,0,0,0,2,0,0,0,0,0,0,0,1,0,0,0,0,0,0,0,0,0,0,0,0,0,0,0,0,0,0,0,0,0,4,0,0,0,0,0,0,0,1,0,0,0,0,0,0,0,0,0,0,0,0,0,0,0,0,0,0,0,0,0,0,0,0,0,0,0,0,1,0,0,0,0,0,0,1,0,0,0,1,0,0,0,0,0,0,0,0,0,0,0,0,1,0,0,0,0,0,0,0,0,0,0,0,0,0,0,0,1,0,0,0,0,0,0,0,0,0,0,0,0,0,0,0,0,1,0,0,1,0,0,1,0,0,0,4,0,0,0,0,0,0,0,0,0,0,0,0,0,0,0,0,0,0,0,0,0,0,0,0,1,0,1,0,0,0,0,0,0,0,0,0,0,0,0,0,0,0,0,0,0,0,0,0,0,0,0,1,0,0,0,0,0,0,0,0,0,0,0,0,0,0,0,1,2,0,0,0,0,0,0,0,0,0,0,0,0,1,0,0,2,0,0,0,1,0,0,0,0,0,0,0,0,0,0,0,1,1,0,0,1,0,3,0,0,0,0,0,1,0,0,0,0,0,0,0,0,0,0,1,0,0,0,0,0,0,1,0,1,0,0,0,0,1,0,0,0,0,0,0,0,0,0,2,0,0,0,0,0,0,0,0,0,0,0,0,0,0,0,0,0,0,0,0,0,0,0,0,0,4,0,0,0,0,0,0,0,0,0,0,0,1,0,0,1,0,0,0,0,0,0,0,0,0,1,0,0,1,0,0,2,0,0,0,0,0,0,1,1,0,1,1,0,0,2,1,0,0,0,0,0,0,0,0,0,0,0,1,0,0,0,0,0,0,1,0,0,0,0,0,0,0,0,0,0,0,0,0,0,0,0,1,0,0,0,0,0,3,1,0,0,0,0,0,0,0,0,0,0,0,0,0,0,0,0,0,0,0,0,0,0,1,1,0,0,0,0,1,0,0,0,0,0,0,0,0,0,0,0,0,1,0,0,0,2,0,0,0,0,0,1,0,0,3,0,0,3,1,0,0,0,2,0,0,2,0,0,0,0,0,0,0,0,0,0,0,0,0,0,0,0,0,0,0,0,0,0,0,0,0,0,0,0,0,0,0,1,0,0,0,0,1,0,0,0,0,0,0,0,0,0,0,0,0,0,0,1,0,0,3,0,0,1,0,1,0,0,0,0,3,1,0,0,0,0,1,0,0,0,0,0,0,0,0,0,0,0,0,0,0,0,0,0,0,0,0,0,0,0,0,0,0,0,0,0,0,0,0,0,0,0,0,0,0,1,0,1,0,1,2,0,0,0,0,0,0,0,0,0,0,0,0,0,0,0,0,0,0,0,0,0,0,2,0,0,1,0,0,0,0,0,0,0,0,0,0,0,0,0,0,0,0,0,0,0,0,0,0,0,0,0,0,0,0,0,1,0,1,1,1,0,0,0,0,0,0,0,1,0,0,0,0,1,2,0,0,1,1,0,0,0,0,0,0,0,0,0,0,0,0,0,0,1,0,0,0,1,0,0,3,0,0,1,0,0,0,0,0,2,0,0,0,0,0,0,0,0,0,0,0,0,0,0,0,0,0,1,0,1,0,0,1,0,0,0,1,0,0,0,0,0,0,0,0,0,0,2,0,0,3,0,0,0,0,0,0,0,0,0,0,0,0,0,0,0,0,0,1,0,1,0,0,1,0,0,1,0,0,1,0,0,1,0,0,0,0,1,0,0,0,0,0,0,0,0,0,0,0,0,0,0,0,0,0,1,0,0,0,0,2,0,0,0,0,0,0,0,2,0,0,1,0,0,0,0,0,0,0,0,0,0,0,0,0,0,0,1,0,0,0,0,0,0,1,0,1,0,1,0,0,0,0,0,0,0,1,1,0,0,1,0,0,0,4,0,0,0,0,1,1,0,0,0,0,0,0,0,0,0,1,1,0,0,0,0,1,0,0,0,0,1,0,0,0,0,0,0,0,0,0,0,3,0,0,0,1,0,0,0,0,0,0,0,0,0,0,2,0,0,1,1,0,0,0,0,1,0,0,0,0,0,0,0,1,0,0,0,0,0,0,0,0,0,0,1,0,0,2,0,0,0,0,0,0,0,1,0,0,0,0,0,0,0,0,1,0,0,0,0,1,1,1,0,2,0,0,0,0,0,0,0,0
ADGRE5,0,0,1,0,0,0,0,0,0,0,0,0,0,1,1,1,1,0,0,0,0,0,0,1,0,0,0,0,0,1,0,0,1,0,0,2,1,0,0,0,0,0,0,0,0,0,0,1,0,0,0,0,0,0,0,0,2,0,0,0,1,1,0,0,0,0,0,0,0,0,0,0,1,0,0,1,1,1,1,1,0,0,0,0,0,1,0,0,0,0,0,0,0,0,0,1,0,0,0,0,0,0,0,0,0,0,0,1,2,0,0,0,0,1,0,0,2,1,0,0,0,0,1,0,0,2,0,0,0,0,0,0,0,0,0,1,0,0,1,0,0,0,1,0,0,0,0,0,2,1,0,0,1,0,0,2,0,1,0,0,0,0,2,0,3,0,1,0,0,1,1,0,1,2,0,0,1,0,0,0,0,0,0,0,0,0,0,1,0,2,0,0,1,0,0,0,0,1,0,1,1,0,1,0,1,0,0,0,0,1,0,0,2,0,0,0,0,0,0,1,0,0,0,0,2,0,0,0,0,0,1,0,2,1,0,0,0,0,0,0,1,0,0,0,0,0,1,0,0,0,0,0,0,0,0,0,0,0,0,0,0,0,0,0,0,0,0,0,0,0,1,2,0,2,0,0,0,1,0,1,1,0,0,0,2,0,0,0,0,0,0,0,0,0,1,0,0,0,0,1,1,0,0,0,0,0,0,0,3,0,1,0,0,0,1,0,0,1,0,0,0,0,0,0,0,0,1,0,0,0,0,1,0,0,1,1,0,0,0,1,0,0,0,0,0,1,0,0,0,1,1,0,8,0,0,0,0,0,1,0,0,0,1,0,0,0,0,0,0,0,0,0,2,0,1,1,0,1,0,1,0,0,0,0,0,0,0,0,0,0,0,6,0,1,0,0,1,2,0,2,0,0,1,1,1,1,2,0,0,0,0,2,0,0,0,0,0,0,0,0,0,1,1,3,1,0,0,1,1,0,0,0,0,0,0,0,0,0,0,0,0,0,1,0,0,1,0,0,0,0,1,0,0,0,1,0,0,0,1,1,1,1,0,1,4,0,0,0,0,0,0,1,1,0,0,3,2,0,0,0,0,0,1,0,1,0,1,0,0,0,0,0,0,0,0,0,0,0,0,1,1,0,0,0,0,0,0,0,0,0,0,0,0,0,0,0,0,0,0,0,0,0,1,0,1,0,0,0,1,0,0,0,0,1,1,1,0,0,0,2,0,2,0,0,0,0,0,0,2,0,1,1,0,0,0,2,0,0,0,0,0,0,0,1,1,0,0,0,0,0,0,1,0,0,0,0,1,1,1,0,0,0,0,3,1,0,0,0,0,0,0,0,0,2,0,0,0,0,0,0,1,1,0,0,0,1,1,0,0,0,1,0,0,0,1,1,0,0,0,0,0,0,0,0,2,2,0,3,0,0,0,1,0,2,0,0,1,1,1,0,0,0,1,0,0,0,0,2,0,0,0,1,0,0,0,0,1,0,0,0,1,0,0,1,1,0,0,0,1,0,0,0,0,0,0,0,0,0,0,0,0,0,1,1,1,0,0,0,1,0,0,0,0,0,0,0,2,1,0,1,0,0,0,0,0,0,0,0,0,1,0,0,0,0,1,2,0,2,0,1,0,0,0,0,0,0,0,0,0,3,0,1,0,0,1,0,1,0,0,0,0,0,1,0,0,1,0,0,0,0,1,1,0,1,0,1,0,0,0,0,0,0,0,0,1,0,2,0,0,0,0,1,1,0,0,0,0,0,0,0,0,0,0,0,0,3,0,0,0,1,1,0,0,1,0,1,0,0,0,0,0,0,0,0,1,0,0,0,0,1,0,0,1,0,1,2,0,0,0,0,1,0,1,0,0,1,1,0,0,0,0,1,0,0,0,0,0,0,0,0,0,1,0,0,0,2,0,2,0,0,0,0,0,0,0,1,0,1,0,0,0,0,0,0,0,0,0,2,0,0,0,0,1,0,0,0,0,1,0,0,0,0,0,1,0,0,0,0,0,0,0,0,2,0,1,1,0,0,0,0,0,0,2,0,0,0,0,1,1,0,0,0,0,0,0,0,0,0,0,1,0,1,1,5,0,0,0,0,0,1,1,0,0,0,0,0,0,2,0,0,1,0,1,0,0,1,0,1,1,0,0,0,0,0,0,0,0,0,0,1,1,0,0,0,0,1,0,0,1,0,0,0,1,1,1,0,0,0,1,0,0,2,0,0,0,0,0,2,0,0,0,0,0,0,0,1,0,0,0,0,1,0,0,0,1,0,0,0,0,0,0,0,0,0,0,0,0,0,0,1,0,0,0,1,0,0,0,0,0,1,4,1,0,0,0,1,0,0,0,0,0,0,0,0,1,0,0,0,0,1,1,0,0,0,1,1,0,0,1,0,0,0,1,0,0,0,1,0,0,0,0,0,0,1,0,2,1,1,0,0,0,0,0,0,0,0,0,0,0,0,0,1,1,0,0,0,0,0,0,1,0,0,3,0,1,1,2,0,0,0,0,0,0,0,0,0,0,0,1,0,1,0,0,0,0,0,1,1,0,0,0,1,1,1,0,0,0,1,0,0,0,0,0,3,0,0,0,0,0,0,0,0,0,0,0,0,0,1,2,1,0,0,0,0,0,0,1,2,0,1,0,0,0,1,0,3,1,0,0,1,2,0,1,0,0,0,1,0,1,0,0,0,0,0,0,2,0,0,0,0,0,1,0,0,0,0,0,1,0,1,0,0,0,8,1,0,4,0,2,0,0,0,0,0,0,0,0,0,0,0,1,2,0,1,1,2,1,0,1,0,0,1,0,0,0,0,0,0,0,0,0,1,0,1,0,0,1,0,2,1,2,0,2,0,0,0,0,2,0,0,0,1,1,0,0,0,1,0,1,0,2,0,0,0,0,0,1,0,0,1,0,0,0,0,0,0,0,2,0,0,3,0,0,0,0,1,0,0,0,0,0,0,0,0,1,0,1,0,0,0,0,0,0,0,0,0,0,2,0,0,0,0,1,0,0,0,0,2,2,0,0,0,2,0,0,0,0,0,1,0,0,2,2,0,2,0,0,0,0,0,0,3,0,2,0,0,0,1,0,2,0,0,0,2,1,0,0,0,1,0,1,0,0,0,0,0,0,0,0,0,6,2,0,0,0,0,1,1,0,0,0,0,0,2,0,0,0,2,0,0,0,1,0,0,0,0,0,4,0,2,0,3,0,0,0,1,0,2,0,2,0,0,0,0,0,0,0,0,0,0,0,0,0,0,0,0,0,0,0,0,0,0,1,1,1,0,0,0,0,0,0,0,2,0,0,0,3,0,0,0,1,0,1,1,1,0,1,0,0,1,1,0,1,0,0,1,0,1,1,1,0,2,0,0,0,0,0,1,1,0,1,3,0,0,1,1,0,0,0,0,0,0,1,0,0,1,0,0,0,0,0,0,0,0,0,1,0,0,1,0,0,0,0,0,1,0
MIR4435.2HG,0,0,0,0,0,0,0,0,0,0,0,0,0,0,0,0,0,0,0,0,0,0,0,0,0,3,0,0,0,0,0,0,0,0,0,0,0,0,0,0,0,0,0,0,0,0,0,0,0,0,0,0,0,0,0,0,0,0,0,0,0,0,0,0,0,1,0,0,0,0,0,0,0,0,0,0,0,2,0,0,0,0,0,0,1,0,0,0,0,0,0,0,0,0,0,0,0,0,1,0,0,1,0,0,1,0,0,0,0,0,0,0,0,0,0,0,0,0,0,0,0,0,2,0,0,0,0,0,0,0,0,0,0,0,0,0,0,0,0,0,0,0,0,0,0,0,0,0,0,0,0,0,1,0,0,0,0,0,0,0,0,0,0,1,0,0,0,0,0,0,0,1,0,1,1,0,0,0,1,0,0,0,0,0,0,1,0,0,0,0,0,0,0,0,0,0,0,0,0,0,0,0,0,0,0,0,0,0,0,0,0,0,0,0,0,0,0,0,0,0,0,0,0,0,0,0,0,0,0,0,0,0,0,0,2,0,1,0,0,0,0,0,0,0,0,0,1,0,2,0,0,0,0,0,0,0,0,0,0,0,0,0,0,0,0,0,0,0,0,0,0,1,0,1,0,0,0,0,0,0,1,0,0,2,0,0,0,0,0,0,0,3,2,1,0,0,0,0,0,0,0,0,0,0,0,0,0,0,0,0,0,0,0,1,0,0,0,0,0,0,0,0,1,0,0,0,1,0,0,0,0,0,0,0,0,0,0,0,0,2,0,2,0,0,0,0,0,1,0,0,0,0,0,0,0,2,0,0,0,0,0,0,0,0,0,0,0,0,1,0,0,0,0,0,0,0,0,0,0,1,0,0,0,0,0,0,0,0,0,0,0,1,0,0,0,1,1,0,0,1,0,0,0,0,0,0,0,0,0,0,0,0,0,0,0,0,0,0,0,0,0,0,0,0,0,0,0,2,0,0,0,0,0,0,1,0,0,0,0,0,1,0,0,0,0,0,0,0,0,0,1,0,0,0,1,0,0,0,0,0,0,0,0,0,1,0,0,0,0,1,0,1,0,0,0,0,0,0,0,0,0,0,0,0,0,0,0,0,0,0,0,0,0,0,0,0,0,0,0,0,0,1,0,0,0,0,0,0,0,0,0,0,0,0,0,0,0,0,0,0,0,0,0,0,1,0,0,0,0,0,1,0,0,0,0,0,0,0,0,0,0,0,0,0,0,0,0,0,0,0,0,1,0,0,0,1,0,0,0,0,0,0,0,0,0,0,0,0,0,0,0,0,0,0,0,0,1,0,0,0,0,1,0,0,0,0,0,0,0,0,0,0,0,1,0,0,0,0,0,0,0,0,0,1,0,1,0,1,0,0,0,0,0,0,0,0,0,0,0,0,1,0,0,0,2,0,0,0,0,0,0,0,0,0,0,0,0,0,0,0,0,0,0,0,0,0,0,0,0,0,0,0,0,0,0,0,0,0,0,0,0,0,0,0,0,0,0,0,0,0,0,0,0,0,1,0,1,0,0,0,0,0,0,0,1,0,0,0,0,0,0,0,0,0,0,0,0,0,0,0,0,0,0,0,0,0,0,0,0,2,0,0,0,0,1,0,0,0,0,0,0,0,0,0,0,0,0,0,0,0,0,0,0,0,0,0,0,0,0,0,0,0,0,1,0,0,0,0,0,0,0,0,0,0,0,0,0,0,1,0,0,0,0,0,0,0,0,0,0,1,0,1,0,0,0,0,1,0,0,0,0,0,0,0,0,0,1,0,0,0,0,0,0,0,0,0,0,0,0,0,0,0,0,0,0,0,0,0,0,0,0,0,0,1,0,0,0,0,0,0,0,0,0,0,0,0,0,0,0,0,1,0,0,0,0,0,0,0,1,0,0,0,4,0,0,0,0,0,0,0,0,0,0,0,0,0,0,1,0,0,0,0,0,0,0,0,0,0,0,0,1,0,1,0,0,0,0,0,0,0,0,0,0,0,0,0,0,0,0,0,0,0,0,0,0,0,0,0,0,0,0,0,1,0,0,0,0,0,0,0,1,0,0,0,0,0,0,0,0,0,0,0,0,0,0,0,0,0,0,1,0,0,0,0,0,0,0,1,0,0,0,0,6,0,0,0,0,0,0,0,0,0,0,0,0,0,1,0,0,0,0,0,2,0,0,0,0,0,0,0,0,1,1,1,0,0,0,0,0,0,1,0,0,0,0,0,0,0,0,0,0,0,0,0,0,0,0,0,0,0,0,0,1,0,0,0,0,0,1,0,0,1,0,0,0,0,0,0,0,0,0,0,0,0,0,0,0,0,0,0,1,2,0,0,0,0,0,2,0,0,0,0,0,0,0,0,0,0,0,0,0,0,0,0,0,0,1,0,0,0,0,0,0,2,0,1,0,1,0,0,0,0,0,0,0,0,0,0,0,0,0,1,0,0,0,1,0,0,0,0,0,0,0,1,0,0,0,0,1,0,0,0,0,0,3,0,0,0,0,0,0,0,0,0,0,0,0,0,0,0,0,0,1,0,0,0,0,0,0,0,0,0,1,1,0,0,0,0,0,0,0,0,0,0,0,0,0,0,1,1,0,0,0,0,0,0,0,0,0,0,0,0,0,0,0,0,0,0,0,0,0,0,0,0,0,0,0,0,0,0,0,0,1,0,0,0,0,0,0,0,0,0,0,0,0,0,1,0,0,0,0,0,3,0,0,1,0,0,0,2,0,0,0,0,0,0,0,1,0,0,0,0,0,0,0,0,0,0,0,0,3,1,0,0,1,0,0,0,0,0,0,0,0,0,0,0,0,1,0,0,0,0,0,0,0,0,0,0,0,0,0,0,1,1,0,0,0,0,0,0,0,0,1,0,0,0,0,0,0,0,1,0,1,0,0,0,7,0,0,0,0,0,0,0,0,0,0,0,2,0,1,0,0,0,0,0,0,0,0,0,0,0,0,0,0,0,0,0,0,0,0,0,1,0,0,0,0,0,0,0,0,0,0,0,0,0,0,0,2,0,0,0,0,0,0,0,0,0,1,0,0,0,0,0,0,0,0,0,0,0,0,0,0,2,1,1,0,0,0,0,0,0,0,0,0,0,0,0,0,0,0,0,0,0,0,0,0,0,0,0,1,1,0,0,0,1,0,0,0,0,0,0,0,1,0,0,0,0,0,0,0,0,0,0,0,0,0,1,0,0,0,0,1,0,0,0,0,0,0,0,0,0,0,0,0,0,0,0,0,0,0,0,0,0,0,0,0,0,1,1,0,0,0,0,0,0,1,0,0,3,0,0,3,0,0,0,0,0,0,0,1,0,0,0,0,0,1,0,0,0,0,0,0,0,0,0,0,1,0,0,0,0,0,2,0,0,0,0,0,0,0,1,0,0,0,0,0,0,1,0,0,0,0,0,0,1,0,0,0,0,0,0,0,0,0,0,0,1,0,0,0,0,0,0,0,0
GCC2,0,2,2,1,0,0,0,1,0,1,1,0,0,0,1,0,0,0,0,0,0,0,0,0,1,0,1,0,0,1,2,0,1,1,1,0,2,0,0,1,2,0,0,0,1,0,0,0,2,1,0,1,0,0,1,0,0,0,0,0,0,0,1,0,2,0,0,0,0,1,0,1,0,0,0,0,0,0,0,0,0,0,0,0,1,2,0,0,0,0,0,0,0,0,1,0,0,0,0,2,0,2,3,1,0,0,0,0,1,1,0,1,0,0,3,0,0,1,0,0,0,0,1,0,1,0,3,1,0,1,0,1,1,0,1,0,0,0,0,1,0,0,0,0,1,0,0,0,0,1,0,0,1,0,0,1,0,0,0,1,0,1,0,1,0,2,0,1,0,0,1,0,0,0,0,1,0,1,0,1,0,0,0,0,0,0,1,0,1,0,1,0,0,2,1,3,0,0,0,1,0,1,1,0,2,0,0,0,1,0,1,1,0,0,0,1,0,0,0,0,0,1,1,0,0,0,0,0,1,1,0,1,2,1,0,1,0,1,1,1,0,0,1,0,0,0,0,0,0,0,0,0,1,1,1,0,0,0,0,0,0,1,0,1,0,0,0,1,2,0,0,0,0,0,0,3,3,1,0,0,0,0,0,2,0,3,1,1,0,0,1,1,0,2,0,0,0,1,0,1,0,0,0,0,0,0,2,0,2,1,0,0,1,1,0,0,0,1,0,0,0,0,1,0,0,0,0,2,0,2,1,0,3,0,0,0,2,0,0,0,0,0,0,1,0,0,0,0,1,2,1,1,1,0,1,0,0,2,0,0,1,0,1,0,0,0,3,1,2,1,0,0,0,0,3,2,1,2,0,0,0,0,0,1,0,0,0,3,1,0,0,0,0,0,1,0,0,1,0,0,0,1,0,2,0,0,0,0,2,0,1,0,1,0,1,2,0,1,1,0,1,0,0,0,0,3,0,0,2,0,0,0,0,0,2,0,0,0,0,0,1,1,0,0,1,0,0,2,0,0,0,0,0,1,0,0,3,0,1,0,1,2,0,1,0,1,0,0,1,0,0,1,1,0,0,0,2,0,0,0,0,2,0,1,0,0,0,1,0,0,1,0,0,0,1,1,0,0,0,0,0,0,0,1,0,0,1,1,0,2,0,1,0,0,1,1,1,0,0,0,0,0,1,1,1,0,1,3,2,1,0,1,0,0,0,2,0,0,2,0,1,0,0,0,1,1,0,2,2,0,0,0,1,0,0,0,0,0,0,0,0,0,1,0,0,2,0,4,1,0,1,0,0,0,2,0,0,0,0,1,0,2,2,0,0,0,1,0,1,0,0,1,0,0,1,0,1,2,0,1,0,0,0,0,0,1,0,0,0,0,0,1,0,2,1,3,0,0,0,0,0,1,0,0,0,0,0,0,0,1,0,0,0,1,0,1,1,0,0,0,0,0,1,2,2,0,1,1,0,0,0,0,0,0,2,0,1,0,0,0,1,1,0,0,1,0,0,0,0,0,1,1,0,0,2,0,0,0,0,0,1,1,0,0,0,1,0,0,0,1,0,0,1,2,2,1,0,1,0,0,1,0,2,0,0,0,2,0,1,2,1,0,0,0,0,0,0,1,0,0,1,0,0,0,0,1,0,1,0,0,1,0,0,1,2,0,0,1,0,0,0,0,0,0,1,0,2,2,0,0,2,0,0,0,0,0,1,0,0,0,0,0,0,1,1,0,0,0,0,0,0,0,0,2,0,0,0,1,0,0,0,0,1,0,0,0,0,1,0,0,2,2,0,0,0,0,0,1,0,0,0,2,0,1,1,1,1,0,0,1,2,0,0,0,0,0,1,0,0,0,1,0,1,0,0,0,0,1,2,0,1,1,0,0,0,0,0,0,0,0,0,0,1,2,1,1,0,0,0,0,0,0,0,0,1,0,0,0,0,0,0,0,0,0,0,0,0,0,0,0,1,0,0,1,1,0,0,0,0,0,1,0,0,1,0,0,1,0,2,1,0,1,1,0,0,0,1,2,0,0,1,0,0,1,0,0,0,0,0,0,0,0,0,1,0,0,0,0,1,0,0,0,0,1,1,0,0,1,0,0,0,0,0,0,0,0,0,2,0,0,0,0,0,1,2,1,0,0,1,1,0,2,0,0,1,0,1,0,0,1,0,0,0,0,0,1,1,0,2,1,0,0,0,0,0,0,0,0,0,2,1,0,0,0,1,2,0,2,0,0,1,2,0,0,0,0,0,0,1,1,0,0,2,0,0,1,0,0,0,0,0,0,0,0,1,0,0,0,0,1,0,0,0,0,0,1,1,0,2,1,0,2,0,0,0,1,0,0,0,0,2,0,0,0,1,0,1,0,0,0,0,0,1,0,2,0,0,0,1,1,1,1,0,0,0,1,0,0,0,0,0,0,0,0,0,1,0,0,0,0,3,0,0,1,1,0,1,0,1,0,1,3,0,0,1,0,0,1,0,0,1,0,0,0,0,1,0,0,0,3,1,0,0,0,0,0,1,1,0,0,0,0,0,1,0,0,0,0,0,1,1,0,1,0,0,0,0,2,1,1,1,1,0,0,1,1,0,1,0,0,0,2,0,1,0,0,2,0,2,0,0,1,0,0,0,0,1,2,0,0,0,1,0,2,2,0,0,0,0,1,2,0,1,0,0,1,2,0,0,0,1,1,0,2,1,0,0,0,1,0,0,1,1,0,0,1,0,0,0,0,0,0,0,0,1,2,0,0,0,2,2,0,0,0,0,0,0,0,0,0,0,0,0,0,0,0,1,0,0,1,1,1,0,0,0,1,0,3,0,1,0,1,1,0,0,1,1,0,0,0,0,0,0,0,0,1,0,1,0,0,0,0,1,0,0,0,1,1,0,0,0,1,1,0,1,1,0,0,0,0,0,0,2,0,0,1,0,2,0,0,0,0,1,0,0,0,0,1,0,0,0,2,2,1,0,0,0,1,0,0,0,0,0,0,0,0,0,1,1,0,1,2,0,0,0,0,1,2,2,0,0,0,1,0,0,0,3,0,0,0,0,0,0,0,0,0,0,0,1,0,0,1,1,1,0,0,0,0,0,0,0,0,1,0,0,0,0,0,0,0,0,1,0,0,0,2,0,0,0,0,0,0,0,0,1,0,0,0,0,1,1,0,1,0,0,0,0,0,0,0,0,1,0,0,0,0,0,2,0,0,0,0,1,1,0,0,1,2,1,0,0,0,0,0,0,0,2,1,1,0,0,1,0,1,0,0,0,1,0,0,0,0,1,0,0,0,0,0,0,0,0,0,0,0,1,1,0,0,1,1,1,1,0,0,0,0,1,0,1,0,0,1,0,0,0,0,0,0,1,1,0,1,1,1,0,0,2,1,2,0,0,0,0,0,0,2,0,0,1,0,0,0,3,0,0,1,1,1,3,3,1,0,0,0,0,0,0,0,1,1,1,2,0,0,1,0
CD300E,0,0,0,0,0,0,1,0,0,0,0,0,0,0,0,1,0,0,0,0,0,0,3,0,0,0,0,0,0,0,0,0,0,0,0,0,0,0,0,0,0,0,0,0,0,0,0,0,0,0,0,0,0,0,0,0,0,0,0,0,1,0,0,2,0,0,0,0,0,0,0,0,0,0,0,0,0,1,1,0,0,0,1,0,0,0,0,0,0,0,0,0,0,0,0,1,0,0,1,0,0,0,1,1,0,0,0,0,0,0,0,0,0,0,0,0,0,0,1,0,0,0,0,0,0,0,0,0,0,0,0,0,0,0,0,0,0,0,1,0,0,0,0,0,0,0,1,0,0,0,0,0,0,0,0,0,0,0,0,2,0,0,3,0,0,0,0,0,1,2,0,0,0,0,1,0,0,0,2,0,0,0,0,0,0,0,0,0,0,0,0,1,0,0,0,0,0,0,0,0,0,0,1,0,0,0,0,0,0,0,1,0,0,0,0,0,0,0,0,1,0,0,0,0,0,0,0,1,0,0,0,0,0,1,0,0,0,0,0,0,1,0,0,0,0,0,0,1,1,0,0,0,0,0,0,0,0,0,0,1,0,0,0,0,0,0,1,0,0,0,0,0,1,0,0,0,0,0,0,0,0,1,0,0,0,0,0,0,0,0,0,0,0,0,0,0,0,0,0,0,0,0,0,0,1,0,0,0,2,0,0,0,0,0,0,0,0,0,0,0,0,0,0,0,0,0,0,0,0,0,0,0,0,0,3,0,0,0,0,0,0,0,0,0,0,0,0,1,0,1,0,0,0,0,0,0,0,0,0,1,0,0,0,0,0,0,0,0,0,0,0,2,0,0,0,0,0,0,0,0,1,0,1,0,0,1,0,0,0,0,0,4,0,2,0,1,0,0,0,0,0,0,0,0,0,0,0,0,0,0,0,0,1,0,0,0,0,0,0,0,0,0,0,0,0,0,0,0,0,0,0,0,0,0,1,0,0,0,0,1,0,0,0,0,0,1,0,0,0,0,0,0,0,0,0,0,0,0,4,0,0,0,0,0,0,1,0,0,0,1,0,0,0,0,0,0,1,0,0,0,0,0,0,0,1,0,0,0,0,1,0,0,0,0,0,0,0,0,0,0,0,2,0,0,0,0,0,0,0,0,0,0,0,0,0,0,0,0,0,1,0,0,0,0,1,1,0,0,1,0,1,0,0,0,0,1,0,0,0,0,0,0,0,0,0,0,0,0,0,0,0,0,0,0,1,1,0,0,0,0,0,0,0,0,0,0,0,0,0,0,0,0,0,0,0,0,0,0,0,0,0,0,0,0,0,0,0,0,0,0,0,0,0,0,0,0,0,0,0,0,0,1,0,0,0,0,0,0,0,1,0,0,0,0,0,0,0,0,0,0,0,0,0,0,0,0,0,0,0,0,0,0,0,0,0,0,0,0,0,0,0,0,0,0,0,0,0,0,0,0,0,0,0,0,0,0,0,0,0,0,1,0,0,0,0,0,1,0,0,0,0,0,0,0,0,0,0,3,0,0,0,0,0,0,0,0,0,0,0,0,0,0,0,0,0,0,0,0,0,0,0,0,0,0,0,0,0,0,0,0,0,0,0,0,0,0,0,0,0,0,0,0,0,0,0,0,0,0,0,0,0,0,0,0,0,0,1,0,0,0,0,0,0,0,0,0,0,0,0,0,0,0,0,0,0,0,0,0,0,0,0,0,0,0,0,0,0,0,0,0,0,0,0,0,0,1,1,0,0,0,0,0,0,0,0,0,0,0,0,0,0,0,0,0,0,0,0,0,0,0,0,0,0,0,0,0,0,0,0,0,0,0,0,0,0,0,1,0,0,0,0,0,0,0,0,0,0,0,0,0,0,0,0,0,0,0,0,0,0,0,0,0,0,0,0,0,0,0,0,0,0,0,0,0,0,0,1,0,0,0,0,0,0,0,0,0,0,0,0,0,0,0,0,0,0,0,0,0,0,0,0,0,1,2,0,0,0,0,0,0,0,0,0,1,1,0,0,0,0,0,0,0,0,0,0,0,0,0,0,0,1,0,0,0,0,0,0,0,0,0,0,0,0,0,0,1,0,0,0,1,0,0,0,0,0,0,0,3,0,0,0,0,0,0,0,0,0,0,0,0,0,0,1,0,0,0,0,0,0,1,0,0,0,0,0,0,0,0,0,0,0,0,0,0,0,0,0,0,0,0,0,0,0,0,0,0,0,0,0,0,0,0,0,0,0,1,0,0,0,0,0,0,0,0,0,0,0,0,0,0,0,0,0,0,0,0,0,0,0,0,0,0,0,0,0,0,0,0,0,0,0,0,0,0,0,0,0,0,0,0,0,0,0,0,0,0,0,0,0,0,0,0,0,1,0,0,2,0,0,0,0,0,1,1,0,0,0,0,0,1,0,0,0,3,0,0,0,0,0,1,0,0,0,0,0,0,2,0,0,0,0,0,0,0,0,0,0,0,1,0,0,0,0,0,2,0,0,0,0,0,0,0,0,0,0,0,1,0,0,0,0,0,0,0,0,0,0,0,0,0,0,0,0,0,0,0,0,0,0,0,0,0,1,0,0,0,0,0,0,0,0,0,0,1,0,0,0,0,0,0,0,0,0,0,0,0,0,0,0,0,0,0,0,0,0,0,0,0,0,3,0,0,0,0,0,0,0,0,0,0,0,0,0,0,0,0,1,0,0,0,0,0,0,0,0,0,0,1,0,0,0,0,0,5,0,0,0,0,0,0,0,0,0,0,0,0,0,0,0,0,2,1,0,0,0,0,2,0,0,0,0,0,0,0,0,0,0,0,0,0,0,0,1,0,0,0,0,0,0,0,0,0,1,1,0,0,0,0,0,0,0,1,0,0,0,0,2,0,0,0,1,0,0,0,0,1,0,0,0,0,0,0,0,0,0,0,0,0,0,0,2,0,0,0,0,0,0,0,0,0,0,0,0,0,0,0,0,0,0,0,0,1,0,0,0,0,0,0,0,0,0,0,0,0,0,0,0,0,0,0,0,0,0,0,0,0,0,0,0,0,0,0,0,0,0,0,0,0,0,0,0,0,0,0,0,0,0,0,0,0,0,0,0,0,0,0,0,0,0,0,0,0,0,0,0,0,0,0,0,0,4,0,0,0,0,0,0,1,0,0,0,0,0,0,0,0,0,0,0,0,0,0,0,0,1,0,0,0,0,0,0,0,1,0,0,0,0,0,0,0,0,0,0,0,0,0,0,0,0,0,0,0,0,0,0,0,0,0,0,0,0,0,0,0,0,2,0,0,0,0,0,0,1,0,0,0,1,0,0,0,1,0,0,1,2,0,0,0,0,0,0,0,0,0,0,1,0,0,0,0,0,0,0,0,0,0,0,0,0,0,0,2,0,0,1,0,1,0,0,0,0,0,0,0,0,0,0,0,0,0,0,0,0,0,1,0,0,2,0,0,0,0,0,0,0,0
CD4,0,0,0,0,0,2,0,1,0,0,0,0,0,0,0,0,0,1,0,0,0,0,0,1,0,0,0,0,0,0,0,0,0,2,0,0,0,0,0,0,1,0,0,1,0,0,0,0,0,0,0,1,2,0,0,0,0,0,0,0,2,0,0,0,0,0,1,0,0,0,0,0,0,0,0,0,0,0,0,0,0,0,1,0,0,0,0,0,0,0,4,0,0,1,0,0,0,0,0,1,0,0,1,0,0,0,0,0,1,0,0,0,0,0,0,0,1,0,0,0,0,0,0,0,0,0,0,0,1,0,1,0,0,0,1,1,0,0,0,0,0,0,0,0,0,0,0,1,0,1,1,0,0,0,2,1,0,0,0,1,0,0,1,1,0,1,0,2,1,2,0,0,1,0,0,0,0,1,0,0,0,0,0,0,0,0,0,0,0,1,3,0,0,0,0,0,0,0,0,0,1,0,0,0,0,0,0,0,0,0,0,0,0,0,0,0,0,0,2,0,0,0,2,0,0,0,0,1,1,0,0,0,1,1,0,0,0,0,1,0,4,0,0,0,0,0,0,0,0,2,0,2,0,0,0,0,0,0,0,1,0,0,0,0,0,0,0,0,0,0,0,3,0,1,0,0,0,1,1,0,0,0,0,0,0,0,0,0,0,1,0,2,1,0,0,0,0,0,2,0,0,1,0,1,1,0,0,0,0,0,1,0,0,0,0,0,0,2,0,0,0,0,1,0,0,1,2,0,0,0,0,0,0,0,2,0,0,0,0,1,2,1,0,0,0,0,0,0,0,0,0,0,1,1,0,0,0,0,1,0,0,0,0,0,0,0,3,0,0,0,0,0,0,0,0,0,1,0,0,0,0,0,0,0,0,0,0,0,0,0,1,5,0,1,0,0,0,0,0,0,0,0,0,0,1,1,0,0,0,0,0,0,0,0,1,1,0,0,1,0,0,1,0,0,1,0,0,0,0,0,0,0,0,0,0,0,0,0,0,2,0,0,0,0,0,0,0,0,0,0,0,1,0,0,0,0,0,2,0,0,5,0,0,0,1,0,0,0,0,0,2,0,0,1,0,1,1,0,0,0,1,1,0,0,1,0,0,1,0,0,0,0,1,0,0,1,0,0,0,0,1,0,0,0,0,1,0,0,0,0,0,0,0,0,0,0,0,0,0,0,0,0,0,0,1,1,0,0,0,0,0,0,0,0,0,0,0,0,0,0,0,0,0,0,0,0,1,0,0,0,1,0,0,0,0,1,0,1,0,0,0,0,0,0,0,0,0,1,0,0,0,0,0,0,0,0,0,0,2,1,0,1,0,0,0,0,0,0,0,0,0,0,0,1,0,0,0,0,0,0,0,1,0,0,0,2,3,0,0,0,0,0,0,0,1,0,0,0,0,0,0,0,0,0,0,0,0,0,0,0,0,1,0,0,0,0,1,1,0,0,0,0,0,0,0,0,3,0,0,0,0,0,0,0,0,0,0,0,0,0,0,0,0,0,0,0,0,0,0,0,0,0,0,0,1,1,0,0,0,0,0,0,0,0,0,0,0,0,1,0,0,1,0,0,0,0,0,0,0,1,0,0,1,0,0,1,0,0,0,0,0,0,0,0,1,0,0,0,0,0,0,0,0,1,0,0,0,0,0,0,0,0,0,0,2,0,2,0,0,0,0,1,0,1,0,0,0,0,0,0,0,0,0,0,0,0,0,0,0,1,0,0,0,0,2,1,1,0,0,0,0,0,0,0,0,2,0,1,0,0,0,0,0,1,0,0,0,0,0,0,0,0,0,0,4,0,0,0,0,0,0,0,0,0,0,0,0,0,0,0,0,1,0,0,1,0,1,0,0,0,0,0,1,0,0,0,0,0,0,0,1,0,0,0,0,0,0,0,0,0,0,0,4,0,1,0,0,0,0,0,0,0,1,0,0,0,0,1,0,0,0,0,0,0,0,0,0,1,0,1,0,0,1,0,0,0,0,0,0,1,0,0,2,1,2,0,0,0,0,0,0,0,0,0,0,0,0,0,0,0,0,0,0,0,0,0,0,0,0,1,1,0,0,0,1,0,0,0,1,0,0,0,2,1,1,2,0,0,1,3,0,0,0,0,0,0,0,0,2,0,0,1,1,0,0,0,0,2,0,0,0,0,2,0,0,0,0,0,1,2,0,0,0,0,0,1,0,0,0,0,0,0,1,0,0,0,1,0,0,0,0,0,0,1,0,1,1,0,0,0,0,0,0,0,0,0,0,0,0,1,0,0,0,0,1,0,0,0,0,0,0,0,0,0,1,0,0,0,0,0,0,0,0,0,0,0,0,0,0,0,1,1,0,0,0,1,0,0,0,0,0,0,0,0,0,1,0,0,1,0,1,0,0,0,0,0,0,0,1,0,1,0,1,3,0,0,0,0,0,0,1,0,0,0,0,0,1,0,0,0,1,0,0,0,0,0,1,0,0,0,3,0,0,2,0,0,0,0,0,0,0,0,0,0,0,0,0,0,0,0,0,0,0,0,0,0,0,0,0,0,0,2,3,0,0,0,0,0,2,0,0,0,0,0,0,0,0,0,0,1,0,0,0,0,0,0,0,0,0,0,0,0,4,2,0,0,0,0,0,0,0,0,0,0,0,0,0,0,0,0,0,0,0,0,0,0,1,0,0,3,0,0,0,0,0,0,0,0,0,0,0,0,0,0,0,0,0,0,0,0,1,0,2,0,0,0,0,1,0,0,0,0,0,1,0,0,0,0,0,0,0,2,0,1,0,0,0,1,0,1,0,1,0,0,0,5,2,0,0,0,0,0,0,1,0,0,0,0,0,0,1,0,0,1,0,0,0,0,0,0,0,0,1,0,0,0,0,0,0,0,0,2,0,1,0,0,2,0,1,0,1,0,0,2,0,0,0,0,0,0,0,0,0,0,0,0,0,0,0,0,2,0,0,0,0,0,1,1,0,0,0,0,0,0,0,0,0,0,0,0,0,2,0,1,0,0,0,0,0,1,0,0,0,0,0,0,0,0,4,0,2,0,0,0,0,0,0,0,1,0,0,0,0,1,0,0,0,0,0,0,0,0,0,2,1,0,0,0,0,0,0,0,0,0,1,0,0,0,0,1,0,0,0,0,0,0,0,1,1,4,5,0,0,0,0,0,0,0,0,0,2,0,0,0,0,1,0,1,0,4,0,0,0,0,0,0,0,2,0,1,0,0,0,0,0,0,0,0,0,0,0,2,0,0,0,0,0,0,0,0,1,0,0,0,0,0,0,0,0,1,0,0,0,0,0,1,0,0,0,1,0,0,1,0,0,0,0,0,0,0,1,0,0,1,1,0,1,1,0,1,0,0,0,0,0,4,0,1,3,0,0,0,0,1,1,0,0,0,0,0,0,2,0,0,0,0,1,0,0,2,0,0,0,0,0,0,0,0,0,0,1,1,0,0,2,0,1,0,1,0,0,1,0,0,0,0
PTPN4,1,1,0,0,0,0,0,2,0,0,0,1,0,0,1,0,1,0,0,0,0,0,0,0,0,1,0,0,0,0,1,2,0,0,0,0,1,1,0,1,0,0,0,1,0,0,0,0,1,0,1,0,0,0,0,0,0,0,0,0,0,0,1,0,0,0,0,0,0,0,0,0,0,0,0,0,0,0,0,0,0,0,1,0,1,1,0,0,1,1,0,0,1,0,1,0,0,0,0,1,0,2,0,1,1,0,0,0,0,0,0,0,1,0,0,0,0,1,0,0,0,0,0,0,1,0,0,0,0,1,0,0,0,0,0,0,0,0,0,0,0,0,0,1,0,1,0,0,0,2,0,1,0,0,1,1,0,0,0,0,0,0,0,0,1,0,0,0,0,0,0,0,0,0,0,0,0,0,0,2,0,1,0,0,0,1,0,0,0,0,0,0,0,1,1,0,0,0,0,0,0,1,0,0,0,0,0,1,0,0,0,0,1,0,0,0,0,0,0,0,0,0,0,0,0,0,0,0,1,0,1,1,0,0,0,0,0,0,1,0,0,0,0,1,0,0,0,0,0,0,0,0,0,0,0,1,1,0,0,0,0,0,1,0,0,0,1,0,0,2,0,1,0,1,0,0,0,0,0,0,0,0,2,0,1,0,1,0,0,2,0,1,0,1,0,0,1,0,0,0,1,0,0,0,0,0,0,0,0,0,2,1,0,0,0,0,0,2,0,1,0,0,0,0,0,0,0,0,0,0,0,0,0,0,0,0,0,0,1,0,0,0,0,0,0,1,2,0,0,0,0,1,0,1,1,0,0,0,0,0,1,0,0,0,0,0,1,1,2,0,0,0,1,0,0,0,0,2,0,0,0,0,0,0,0,0,1,0,0,0,0,1,0,0,0,0,0,0,0,0,0,0,0,0,0,0,0,0,1,0,1,0,0,0,0,0,0,0,0,1,0,0,0,1,0,0,1,0,0,0,0,0,0,0,0,0,0,0,1,0,1,0,3,0,0,0,1,0,0,0,0,1,0,1,0,0,0,0,0,0,0,0,0,1,1,0,0,1,0,0,0,0,0,0,0,0,0,0,0,0,0,0,0,0,0,0,0,2,0,0,0,0,0,0,1,0,0,0,0,1,0,0,1,0,0,0,1,0,0,0,0,1,0,1,0,0,1,0,0,0,0,1,1,0,0,0,0,0,0,1,0,0,0,2,0,0,0,1,1,0,0,0,0,0,0,1,0,0,0,1,0,1,1,0,0,0,0,0,0,0,1,1,0,0,0,1,0,0,0,0,0,1,0,0,0,0,0,0,0,1,0,0,1,0,0,0,0,0,0,0,4,1,0,0,0,0,0,0,0,0,0,0,0,0,1,0,0,3,0,1,0,0,0,1,4,0,0,0,0,0,1,1,0,0,0,0,0,0,0,0,0,1,0,0,0,0,1,0,0,1,0,0,0,0,0,0,0,0,0,0,0,0,0,0,0,0,1,0,1,1,1,0,0,0,1,0,0,0,3,1,0,1,0,0,2,0,0,0,0,0,0,0,0,0,0,0,0,1,0,0,0,0,2,0,0,0,0,0,0,0,0,1,0,0,0,0,1,0,1,0,0,0,0,1,0,0,1,0,0,1,0,1,0,0,0,2,0,1,0,0,0,1,0,0,0,0,0,0,0,0,0,0,0,0,0,0,0,0,1,0,0,1,0,2,0,0,0,0,3,0,0,0,0,0,0,0,1,1,1,0,0,0,0,0,1,0,0,1,0,0,0,0,0,0,0,0,2,0,0,0,0,1,0,0,2,0,1,1,0,1,0,0,0,0,1,1,0,0,0,0,1,0,0,0,0,0,0,0,0,1,0,0,0,0,0,0,0,0,1,0,0,1,0,0,1,0,4,0,0,0,0,0,0,2,0,0,1,0,1,0,0,0,0,0,0,0,0,0,1,1,0,0,0,0,0,0,2,1,0,1,0,0,0,2,0,1,1,0,0,0,0,1,0,1,0,0,0,0,1,0,0,1,0,1,0,0,0,0,0,0,0,0,0,0,1,0,0,0,3,0,0,0,0,0,0,1,0,0,0,0,0,3,0,0,0,0,0,0,0,0,0,1,0,0,0,1,1,0,0,1,0,0,4,0,0,0,1,0,0,1,0,0,0,0,1,0,0,0,0,0,0,0,0,0,0,0,1,0,1,0,0,0,0,0,0,0,0,0,0,1,0,0,2,0,0,0,0,0,1,0,0,0,0,0,1,1,1,1,0,1,1,0,1,0,0,0,0,1,0,1,0,2,0,0,0,0,0,0,0,1,0,0,0,1,0,1,2,0,0,0,0,1,0,0,0,0,0,0,0,1,0,0,1,0,0,0,0,1,1,1,0,0,0,0,2,0,0,0,1,1,0,0,0,0,1,0,0,0,0,0,1,1,0,0,0,0,0,0,0,0,1,0,0,0,0,0,0,1,0,0,0,1,0,0,0,0,0,0,0,0,2,0,0,0,0,1,1,0,0,0,0,1,0,2,0,0,0,0,0,1,1,1,0,0,0,0,1,0,0,0,0,0,1,0,1,0,0,0,0,0,0,0,0,0,1,0,0,0,0,0,0,0,0,0,0,1,0,0,3,2,1,0,0,0,0,0,0,0,0,1,0,1,1,0,0,0,0,0,0,0,1,0,0,0,0,1,0,1,0,0,1,0,0,0,0,2,0,2,0,0,0,1,1,1,0,1,0,0,0,0,0,0,0,1,1,0,0,0,0,0,0,0,0,0,0,0,0,0,0,0,0,0,0,0,0,0,0,0,1,0,0,1,0,0,0,0,0,0,0,1,0,1,0,0,0,0,0,1,0,0,1,0,1,0,0,0,0,0,0,0,0,0,0,0,0,0,0,1,0,0,0,0,0,0,0,0,0,1,0,0,0,0,0,1,0,0,3,0,0,2,0,0,1,0,0,0,0,0,1,0,0,0,1,0,0,0,0,0,0,0,0,0,0,0,2,0,0,1,0,0,0,0,1,0,0,0,0,1,2,0,0,0,0,0,0,0,0,0,0,0,1,0,1,0,0,0,0,0,0,0,0,0,0,0,0,0,0,0,0,0,0,0,1,0,0,0,0,0,0,0,0,0,1,0,0,0,0,0,0,0,1,0,0,1,0,0,1,0,0,0,0,0,0,0,0,0,1,2,0,0,1,1,0,1,0,0,0,0,1,0,0,0,0,0,0,0,0,1,0,0,0,1,0,0,0,0,0,1,0,0,0,0,0,0,0,0,0,0,2,0,0,0,0,0,0,0,0,0,0,1,0,0,0,1,0,0,1,0,1,0,0,1,0,0,0,0,0,1,2,0,0,0,3,0,0,0,0,0,0,0,0,0,2,0,1,0,0,0,0,0,0,0,0,0,0,0,0,0,0,0,0,0,0,0,1,0,0,0,0,0,1,0,0,0,0,1,0,0,0,2,0,1,0,0,1,0
GNAI2,1,1,0,0,0,1,1,0,0,1,1,2,2,1,0,2,1,0,1,0,1,0,0,0,0,1,1,0,1,1,0,0,1,1,0,1,0,0,3,0,1,0,1,0,0,1,0,1,1,1,1,0,2,0,0,0,1,1,0,0,1,0,1,2,0,1,0,0,3,0,0,1,1,1,2,0,0,0,1,4,0,1,2,0,1,0,0,1,1,0,0,0,2,1,0,5,0,0,0,5,0,0,0,0,0,0,0,0,2,0,0,0,0,0,0,3,1,2,0,0,1,1,2,0,0,0,0,0,1,0,0,0,1,0,0,1,0,0,2,1,0,0,0,1,4,0,1,1,2,0,0,2,0,0,1,0,0,0,1,0,0,1,4,1,0,1,1,0,3,4,0,1,0,0,3,0,1,0,1,2,2,0,0,0,2,0,0,1,1,2,2,2,0,0,0,0,0,0,0,1,0,2,2,0,1,1,0,2,1,0,0,2,2,0,0,0,0,0,2,1,1,0,1,0,2,0,1,1,0,0,0,0,5,5,0,0,0,0,0,0,3,0,0,0,0,0,0,0,3,1,0,0,0,0,0,1,0,0,0,1,1,0,0,1,0,0,0,0,0,2,0,4,1,3,1,1,0,2,0,0,1,0,0,0,1,1,0,0,1,0,0,1,1,1,0,1,0,0,1,1,0,0,2,0,0,0,0,1,5,0,0,0,0,0,0,0,0,0,0,2,0,0,2,0,1,3,1,2,0,0,0,4,1,0,1,0,0,0,1,0,2,1,1,1,0,0,0,2,0,3,3,0,4,0,1,1,0,1,2,2,1,0,0,2,0,0,6,0,0,0,3,0,0,0,0,5,1,1,0,2,3,0,1,1,0,1,1,1,0,1,0,6,0,0,0,0,1,0,1,4,1,0,0,1,2,0,3,1,0,0,0,2,3,0,0,2,0,0,0,1,1,0,4,0,3,0,0,0,0,0,0,0,0,1,0,0,1,0,1,1,1,1,1,0,0,2,3,0,0,0,0,0,2,0,2,0,0,0,0,0,2,0,0,0,0,1,0,0,0,0,0,1,0,0,2,1,1,0,1,1,1,1,0,1,1,1,0,0,0,3,2,1,0,0,0,0,0,0,2,1,0,1,0,0,1,1,1,7,0,1,0,1,0,0,1,2,1,0,1,1,0,0,2,0,1,1,0,1,3,0,2,1,0,0,1,3,0,6,0,1,0,0,0,1,0,0,3,0,5,0,0,3,0,0,1,2,0,1,1,0,0,0,0,0,0,1,0,0,1,0,0,0,0,0,0,1,0,0,2,0,0,0,0,2,0,0,0,0,0,0,0,0,0,2,0,0,0,1,0,0,1,3,1,3,1,5,1,1,0,0,1,0,1,1,0,1,1,3,2,6,1,2,0,0,0,1,0,2,1,0,0,1,0,1,0,0,0,0,0,0,1,0,0,1,0,0,2,0,0,3,1,0,0,0,0,3,2,0,0,4,2,0,0,1,2,0,3,0,1,0,0,0,1,0,2,0,0,0,0,0,0,7,0,0,1,0,0,0,0,0,0,0,1,0,0,1,0,0,0,0,2,2,2,1,0,2,0,1,1,5,1,1,0,0,4,0,0,0,0,1,1,0,0,1,0,1,0,0,0,0,0,1,0,0,1,0,2,0,0,0,0,0,1,0,0,4,0,0,0,1,0,0,1,0,0,0,0,0,1,1,0,0,0,0,1,0,0,0,0,1,0,0,0,0,0,2,3,1,0,0,2,1,0,2,0,2,0,0,0,0,0,1,0,0,4,0,2,0,1,0,0,0,1,0,4,0,2,0,0,0,1,0,0,1,1,0,0,0,0,0,2,0,1,1,0,0,0,0,0,1,0,0,0,1,0,1,0,1,1,1,1,0,5,0,0,0,0,0,0,0,0,1,0,0,0,0,0,2,0,0,2,0,0,0,0,0,1,3,0,0,0,0,2,0,0,2,1,1,0,1,0,1,0,2,1,0,0,0,0,1,0,0,1,1,1,3,0,0,3,0,0,0,0,1,0,0,0,0,1,1,4,0,0,0,0,2,1,0,1,2,0,1,1,1,0,2,1,0,2,2,0,1,1,0,0,0,0,7,0,0,0,0,0,0,1,0,0,1,0,0,0,0,0,0,1,1,0,0,1,0,1,0,1,0,0,2,0,0,0,0,0,4,2,0,0,0,0,1,0,1,1,2,0,6,1,0,0,0,0,0,1,1,0,0,2,0,0,0,0,0,0,2,1,0,0,1,1,1,0,1,0,1,1,0,0,0,0,0,2,1,0,0,0,2,1,1,1,0,0,0,10,1,0,1,0,0,0,0,2,0,1,0,0,1,1,0,0,0,0,0,0,1,0,0,0,0,2,2,0,0,0,1,5,4,0,0,0,2,0,0,2,1,0,2,0,2,0,1,1,1,3,0,1,1,2,2,0,0,0,0,0,2,1,4,1,0,0,1,0,1,1,0,2,0,1,1,0,0,0,1,2,0,0,1,0,0,2,0,0,0,1,1,1,0,0,2,1,0,0,0,0,2,0,0,0,1,0,2,0,0,1,0,1,2,0,4,2,0,1,0,2,0,0,6,0,2,0,0,0,0,1,0,2,0,0,0,1,0,0,0,0,0,0,2,2,2,2,1,0,2,0,0,2,0,1,0,1,0,0,0,1,0,0,0,1,1,2,0,0,0,3,0,1,0,0,0,0,3,0,3,0,0,0,5,0,2,1,0,0,0,1,1,1,0,0,0,0,4,0,1,1,2,0,0,0,2,3,0,0,0,2,0,0,0,0,0,0,1,0,0,1,0,2,1,0,0,4,1,1,0,1,0,0,0,0,0,1,1,0,0,0,3,0,0,0,0,3,2,1,1,2,2,0,6,0,3,0,0,1,4,1,0,0,0,0,1,0,0,1,0,2,0,0,1,0,0,1,0,1,1,0,0,0,0,0,1,0,0,1,2,0,1,0,0,0,0,1,0,0,1,0,0,1,0,0,0,0,0,9,0,1,0,2,0,0,0,1,0,0,1,0,2,0,0,0,0,2,0,1,0,0,2,0,1,1,2,0,2,0,0,0,0,1,0,6,0,0,0,1,2,0,0,0,1,1,0,0,0,0,0,6,0,0,0,1,0,0,1,0,4,0,0,2,0,0,0,2,2,0,0,0,0,1,0,1,0,0,2,1,1,0,0,1,1,1,1,0,0,1,0,1,0,0,0,0,0,0,0,0,1,2,1,0,0,0,0,0,0,0,1,1,0,2,0,0,2,1,0,0,4,0,0,0,0,0,0,0,1,0,1,3,0,0,1,6,0,0,0,1,1,0,0,1,0,1,3,0,0,1,0,0,1,2,1,0,0,0,2,1,0,0,2,0,0,1,0,2,0,0,0,1,1,1,0,0,0,0,0,1,0,0,1,2,0,1,1,0,4,0,1,0,1,0,0,0,1
BEX3,0,1,0,0,0,0,0,0,0,0,0,0,0,0,0,0,0,0,0,1,0,0,0,0,0,0,1,0,0,0,0,0,0,0,0,0,0,0,0,0,0,0,0,0,0,0,0,0,0,1,0,0,0,0,0,0,0,0,0,0,0,0,0,0,0,0,1,2,1,1,0,0,0,0,0,1,0,0,0,0,1,0,0,0,0,0,0,0,0,0,0,0,1,0,0,0,0,0,0,0,0,0,0,0,0,0,0,0,0,0,0,0,0,0,1,0,0,0,0,0,0,0,6,0,0,0,1,0,0,0,0,0,0,0,0,0,0,0,0,0,0,0,0,0,0,0,0,0,0,0,0,0,0,2,0,0,0,1,0,0,0,1,0,0,0,0,0,0,0,0,0,0,0,0,0,0,0,0,0,0,0,0,0,0,0,0,0,0,0,0,0,0,0,1,1,0,1,0,2,0,0,0,0,0,0,0,0,0,0,0,1,0,1,0,0,0,0,0,0,0,0,0,0,0,0,0,0,0,1,1,1,1,0,1,0,0,0,0,0,0,0,0,0,0,0,0,0,0,0,0,0,0,0,1,0,0,0,0,0,0,0,0,0,0,0,0,1,0,2,0,0,0,0,0,0,0,0,0,0,0,0,0,0,0,2,0,0,0,1,0,0,0,0,0,0,0,0,0,0,0,0,0,0,0,0,0,0,0,0,1,0,0,0,0,0,0,0,0,0,1,0,0,0,0,0,0,0,1,0,0,2,0,0,0,0,0,2,0,0,0,0,1,0,0,0,1,0,0,1,0,0,0,0,0,0,0,0,2,0,0,0,0,0,0,0,0,1,0,0,0,0,0,0,0,0,0,0,0,0,0,0,0,0,1,0,0,0,0,0,0,1,0,0,0,0,0,0,0,0,0,0,0,0,0,0,1,0,0,0,0,0,0,0,0,0,0,0,0,0,0,0,1,0,0,0,1,0,0,0,0,0,0,0,0,0,0,0,0,0,0,0,1,0,0,0,0,0,0,0,0,0,0,0,0,0,0,1,0,1,0,0,0,0,0,0,0,0,0,0,0,0,0,0,0,0,0,0,0,0,0,0,0,0,0,0,1,0,0,0,0,0,0,1,0,1,0,0,0,0,0,0,0,0,0,0,0,0,0,0,0,0,0,0,0,0,0,0,0,0,0,0,0,0,0,0,0,0,0,0,0,0,0,0,0,1,0,0,0,0,0,2,0,0,0,0,2,0,0,0,1,0,0,0,0,0,0,0,0,1,0,0,0,0,0,0,0,0,0,0,0,0,0,0,0,0,0,0,0,0,0,0,0,0,0,0,0,0,0,0,0,0,0,0,0,0,0,2,0,0,0,1,0,0,0,0,0,0,0,0,1,0,0,0,0,0,0,1,0,0,0,0,0,0,0,0,0,1,0,0,1,0,0,0,0,0,0,0,0,0,0,0,0,0,1,0,0,1,0,0,0,0,0,0,0,0,0,0,0,0,0,0,0,0,0,2,0,0,0,2,0,0,1,0,0,0,0,0,0,1,0,0,0,0,0,0,0,0,0,0,1,0,0,0,0,0,0,0,1,0,0,1,1,1,0,0,0,0,0,0,2,0,0,0,0,0,0,0,0,0,1,2,0,0,0,0,0,0,0,0,0,1,0,0,1,0,0,0,0,0,0,0,0,0,0,1,0,0,2,0,0,0,0,0,3,0,0,1,0,0,0,0,0,0,0,0,0,0,0,0,0,0,0,2,0,0,0,0,0,0,0,0,0,1,0,0,0,0,0,2,0,0,0,0,0,0,0,0,1,0,0,0,0,0,0,0,0,0,0,0,0,0,0,0,0,0,0,0,0,0,0,0,0,0,0,1,0,2,0,2,0,0,0,0,0,2,1,0,0,0,0,0,0,0,0,0,0,0,1,0,0,0,0,0,0,0,0,0,0,0,0,0,0,0,0,0,0,1,0,0,0,0,0,0,0,0,0,0,0,0,0,0,0,0,1,0,0,0,0,1,0,0,1,0,0,0,1,0,1,0,3,0,0,0,0,0,0,0,0,0,0,0,0,0,1,0,0,0,0,0,0,0,0,0,0,0,0,0,0,0,1,0,0,0,0,0,0,1,0,0,0,0,1,0,0,0,0,0,0,0,0,0,0,0,0,0,0,0,0,0,0,0,0,0,0,0,0,0,0,0,0,0,0,0,0,0,0,0,0,0,0,0,0,0,0,0,0,0,0,2,0,0,0,0,0,0,0,0,0,0,0,1,0,0,0,0,0,0,0,0,2,0,0,0,0,0,0,0,0,0,0,0,0,0,0,0,0,1,0,0,0,0,0,0,0,0,0,1,0,0,0,2,0,0,0,1,1,0,0,0,0,0,0,1,0,0,0,0,1,2,0,0,1,0,0,0,0,0,0,0,0,0,0,0,0,0,0,0,0,0,0,0,0,0,1,0,0,0,1,0,0,0,0,0,0,1,0,0,0,0,0,0,0,0,0,0,0,0,0,0,0,0,1,0,0,0,0,0,0,0,0,1,0,0,0,0,1,0,0,0,0,0,0,1,0,0,0,0,0,0,0,0,0,0,0,0,0,0,0,0,0,0,0,0,0,0,0,0,0,0,0,0,0,1,0,0,0,0,0,0,0,0,1,2,0,0,0,0,0,0,0,0,0,0,0,0,0,1,0,0,0,0,0,0,0,1,0,0,0,0,0,0,1,0,1,0,0,0,0,0,0,0,0,0,0,0,0,0,0,0,0,2,0,0,0,0,0,1,0,0,0,0,0,0,0,0,0,0,0,1,0,0,0,0,0,0,0,0,1,0,0,0,0,0,0,0,1,0,0,1,0,2,0,0,0,0,0,0,0,0,0,0,0,0,0,0,0,0,0,0,0,0,1,0,1,0,0,0,1,0,0,0,1,0,1,0,0,0,0,0,0,0,0,1,0,0,0,0,1,0,1,0,0,1,0,0,0,0,0,0,0,1,0,0,0,0,1,0,0,0,0,0,0,0,0,0,0,1,0,0,0,0,0,0,0,0,0,0,2,0,0,0,0,0,0,0,0,0,0,0,0,1,0,0,0,0,0,0,0,0,0,0,0,1,0,0,0,0,1,0,0,0,0,0,0,0,0,0,1,0,0,0,0,0,1,0,0,0,0,0,0,1,0,0,0,0,0,0,1,0,0,0,0,0,0,0,0,0,0,0,0,0,0,0,0,0,0,0,0,0,0,0,0,0,0,0,0,0,0,0,0,0,0,0,0,0,0,0,0,0,0,0,0,0,0,0,0,0,0,1,0,0,1,0,1,0,0,0,0,2,0,0,0,0,0,0,1,0,0,0,0,1,0,0,0,0,0,0,0,0,0,0,0,0,0,0,0,0,0,0,0,0,0,0,0,0,0,0,0,0,0,0,0,0,1,1,0,1,2,0,1,0,0,0,0,0,0,0,0,0,0,0,1,0,0,1,0
CD300A,0,0,0,0,0,0,0,0,0,0,0,0,0,0,0,1,0,0,0,0,0,0,0,1,0,0,0,0,0,0,0,0,0,1,0,0,0,0,0,0,0,0,0,0,0,0,0,0,0,0,0,0,0,1,0,1,0,0,0,1,1,0,0,1,0,0,0,0,0,0,0,0,0,0,0,0,0,0,0,0,0,0,1,0,1,0,0,0,0,0,0,0,1,0,0,1,0,0,0,1,0,0,0,0,0,0,0,1,0,0,1,0,0,0,0,0,0,0,0,0,0,0,0,0,0,0,0,0,0,0,0,0,0,0,0,0,0,0,0,0,0,0,0,0,2,4,0,0,0,1,0,0,1,0,0,0,0,0,0,1,0,0,0,1,0,0,1,0,1,3,0,1,0,0,0,0,0,0,0,0,0,0,0,0,0,0,0,0,0,1,0,0,1,0,0,0,0,1,0,0,0,1,0,0,0,0,0,0,0,0,0,0,1,1,1,0,0,0,1,2,0,0,0,0,0,0,0,0,0,0,1,0,1,0,1,0,0,0,0,0,0,0,0,0,0,0,0,0,0,0,0,1,0,1,0,1,0,1,0,0,0,0,0,1,0,0,0,0,0,0,1,0,0,0,0,0,0,1,0,0,1,0,0,0,0,0,0,0,0,0,0,0,0,0,0,0,0,0,1,0,0,0,0,0,0,0,0,1,2,0,0,0,0,0,0,0,0,0,0,1,0,2,0,0,0,0,0,0,0,0,0,0,1,0,1,0,0,1,0,0,1,0,0,0,0,0,0,0,0,0,0,0,0,0,0,0,0,0,0,0,0,0,0,0,1,0,1,0,0,0,0,1,3,0,1,2,0,0,0,0,0,0,0,0,0,1,1,0,0,1,0,5,0,1,0,0,0,0,2,2,0,0,0,0,0,0,1,0,0,1,0,0,0,0,0,1,0,0,0,0,0,0,2,0,2,0,0,0,0,0,0,0,0,0,0,0,0,1,0,1,1,0,1,0,0,1,0,0,0,0,0,0,0,0,0,0,0,0,0,0,0,0,0,0,0,1,0,0,0,0,1,0,1,0,0,0,2,0,0,0,0,0,1,2,0,0,0,0,0,1,0,0,0,0,0,0,0,0,0,2,0,1,0,0,0,0,0,1,0,0,0,0,0,0,0,0,0,0,0,0,0,0,0,0,0,0,1,0,0,0,0,0,1,0,0,0,1,0,0,0,1,0,0,1,0,1,0,0,2,0,0,0,0,0,0,0,0,2,0,0,0,0,0,0,0,0,0,0,0,0,0,3,0,0,0,1,0,0,0,0,0,0,0,1,0,0,0,0,0,0,0,0,1,1,0,0,0,0,0,0,0,0,0,0,1,2,1,2,0,0,1,0,0,0,0,0,0,0,0,0,0,0,0,0,1,0,0,0,0,0,0,0,0,1,0,1,0,0,0,0,0,0,2,0,0,0,0,0,0,0,0,0,0,0,0,0,0,0,0,0,0,1,0,1,0,1,0,0,0,0,0,1,0,0,1,0,0,0,0,0,0,1,0,0,0,0,1,0,0,0,0,0,0,0,0,0,0,0,0,0,0,1,0,0,0,0,0,0,0,0,0,0,0,0,0,0,0,1,0,0,0,0,0,0,0,0,0,0,0,0,0,0,0,0,0,0,0,0,0,0,0,0,1,0,0,1,0,0,0,0,0,0,0,0,0,0,0,0,2,0,0,1,0,0,0,0,0,0,0,0,0,1,0,0,0,0,0,0,1,0,0,0,0,0,0,0,0,0,0,0,0,0,0,0,0,1,2,0,0,0,0,0,0,0,0,0,1,0,0,0,0,0,0,0,0,0,0,0,1,4,3,0,0,0,0,0,0,1,0,0,0,1,0,0,0,0,0,0,0,0,0,0,0,0,0,0,0,0,1,0,0,0,0,1,1,0,0,1,0,0,0,0,0,0,0,0,0,0,0,0,0,1,1,1,0,0,1,0,0,0,0,0,1,1,0,0,0,0,0,0,0,0,1,2,0,0,0,0,0,0,0,0,0,0,0,0,0,0,1,0,1,0,0,0,0,0,0,0,0,0,0,1,0,0,0,0,0,0,0,0,0,0,0,0,0,0,0,1,0,0,0,0,0,1,0,0,0,1,0,0,0,0,1,0,0,0,0,0,0,0,1,0,0,2,0,1,0,0,0,0,1,2,0,0,0,0,0,0,0,0,0,0,0,2,0,0,0,0,0,0,0,0,0,0,0,0,0,0,0,0,0,1,0,0,0,0,0,0,0,0,0,1,0,0,0,0,0,0,0,0,0,0,0,0,1,0,2,0,0,0,3,0,0,0,0,0,0,1,0,0,1,0,0,0,0,0,0,0,0,0,0,0,0,0,0,0,1,0,0,0,0,0,0,1,0,1,0,0,1,0,0,1,2,0,0,0,0,1,0,0,0,0,0,0,0,1,1,0,0,0,0,0,0,4,0,0,0,0,0,0,0,1,2,0,1,0,0,0,0,1,0,0,0,0,0,0,0,0,0,0,0,0,1,0,0,0,2,0,0,0,0,0,0,0,0,0,0,0,0,0,0,0,0,1,0,0,0,0,3,0,1,0,0,0,0,0,0,0,2,0,1,0,1,0,0,0,0,0,0,2,0,0,0,0,0,1,0,0,0,1,0,0,1,0,0,0,0,0,0,0,0,0,0,0,0,0,0,0,0,0,0,0,0,1,0,0,0,1,0,0,0,0,0,0,0,0,1,0,0,0,1,1,0,0,0,0,1,1,0,0,1,0,0,0,0,2,0,0,0,0,1,0,0,0,0,0,0,1,0,0,2,0,0,0,0,0,1,1,0,0,0,0,1,1,1,0,0,1,0,0,1,0,0,0,0,0,0,1,0,0,0,0,0,0,0,0,0,0,0,0,0,0,0,0,0,0,0,0,0,0,2,0,0,0,0,0,0,0,0,0,0,0,0,2,0,0,0,0,0,0,0,0,0,0,0,0,1,0,0,0,0,0,0,0,0,0,0,1,1,0,0,0,0,0,0,0,0,0,0,0,0,0,1,0,0,0,0,1,1,0,0,5,0,1,0,0,2,1,0,0,0,0,0,0,0,0,0,0,0,0,0,0,0,0,0,0,0,0,0,0,5,0,0,0,0,0,0,0,0,2,0,0,0,0,0,0,0,0,0,0,0,0,0,0,0,0,0,0,0,0,0,2,0,0,0,0,0,0,0,0,0,0,0,0,0,0,0,1,0,0,0,0,0,0,0,0,0,0,0,0,0,0,0,0,0,0,0,0,0,1,0,0,0,0,0,0,1,0,1,0,0,0,0,0,1,0,0,0,0,1,0,0,3,0,0,0,0,0,0,0,0,0,0,1,0,0,0,0,1,0,0,2,0,0,0,0,0,0,1,0,0,0,0,0,0,0,0,0,1,0,0,0,0,0,0,0,1,0,0,0,0,0,0,0,0,0
ADK,0,0,0,0,0,1,1,0,1,0,0,0,0,0,1,0,0,0,0,0,0,0,1,0,0,1,0,0,0,0,1,0,0,0,0,0,0,1,0,0,0,0,0,0,0,0,0,1,0,0,0,0,0,0,1,0,0,0,0,1,1,0,0,0,0,1,0,0,0,0,0,0,0,0,1,0,0,1,0,0,0,0,0,0,0,0,0,0,0,0,0,0,0,0,0,0,0,1,0,0,0,0,1,0,0,0,0,1,0,1,0,0,0,0,0,0,1,0,0,0,0,0,0,0,0,0,0,0,0,0,0,0,0,1,0,1,0,0,0,0,0,1,0,0,3,0,0,0,0,0,0,0,1,0,0,0,0,0,0,0,0,0,1,0,0,0,0,0,0,1,0,0,0,0,0,0,0,0,0,1,0,0,0,1,1,0,0,0,0,0,0,0,0,0,0,0,0,0,0,0,0,0,0,1,0,0,1,1,1,0,0,0,0,0,0,0,0,0,0,1,0,0,1,0,0,0,1,0,0,0,0,1,0,0,0,0,0,1,0,0,1,0,1,0,0,0,0,1,0,0,1,0,0,0,1,1,0,0,1,0,0,0,0,0,0,0,0,0,1,0,1,0,0,0,0,1,0,0,0,0,0,0,0,0,0,0,0,2,0,0,0,0,0,0,0,0,0,0,1,0,0,0,0,0,0,1,0,0,1,0,0,1,0,0,0,2,0,0,0,0,0,0,0,0,0,0,0,1,2,0,0,0,0,0,0,0,0,0,0,0,1,0,0,1,0,0,0,0,0,1,0,0,0,0,0,0,1,0,0,1,0,1,0,0,0,0,0,0,0,0,0,0,0,0,0,1,0,0,0,0,0,0,1,0,0,0,1,1,0,0,0,1,0,1,0,0,0,0,0,1,0,0,0,0,0,0,0,0,2,0,0,1,0,0,0,0,0,1,0,0,0,0,0,0,0,0,1,0,0,0,1,0,0,1,0,1,0,0,0,0,0,1,1,0,0,0,0,0,0,0,0,0,0,0,0,0,0,1,0,0,2,0,0,0,0,1,0,0,0,0,0,0,0,0,0,1,0,0,1,0,1,0,0,0,0,1,0,0,0,0,0,0,0,0,0,0,0,0,1,0,0,0,0,0,1,1,0,1,0,0,1,0,1,0,0,0,0,0,0,0,0,0,0,0,0,0,0,0,1,0,0,0,0,0,0,1,0,0,0,0,0,1,0,0,0,1,0,0,0,0,0,0,0,0,0,0,2,0,0,0,0,0,3,0,0,0,0,0,1,0,0,0,0,0,0,0,0,0,0,0,2,0,0,1,0,0,0,0,0,0,0,1,1,0,0,0,0,0,1,0,0,0,0,0,1,3,0,0,0,0,1,3,0,0,0,0,0,0,0,0,0,0,0,0,0,0,0,0,1,0,1,0,0,0,0,0,0,0,0,0,0,0,0,0,0,2,0,0,0,1,0,0,0,0,0,0,1,0,0,0,0,2,0,0,0,0,1,0,0,1,0,0,0,0,0,0,0,1,0,0,1,1,0,0,0,0,0,0,0,0,0,0,2,0,1,0,0,0,4,0,0,0,1,0,0,0,1,0,0,2,0,0,0,0,0,0,1,0,0,0,0,0,0,0,1,2,0,0,0,0,0,0,2,0,0,0,0,0,0,0,2,0,0,0,1,0,0,0,0,0,1,0,0,0,2,0,0,1,0,0,1,0,0,0,0,1,0,0,1,1,0,1,0,0,1,0,0,1,1,0,0,0,0,0,2,0,0,0,1,0,0,0,0,0,0,0,0,0,0,0,0,0,1,0,0,0,0,0,0,0,0,0,0,0,1,0,0,0,0,0,0,1,2,0,1,0,0,0,0,0,0,0,1,0,0,0,0,0,0,1,0,0,3,0,0,1,0,0,0,0,0,0,0,0,0,0,0,0,0,0,0,0,0,0,0,0,0,0,0,0,0,0,0,0,0,0,0,0,0,0,0,0,0,1,1,0,5,0,0,1,0,0,0,0,0,0,0,0,0,0,0,0,0,0,1,0,1,0,1,0,0,0,0,0,0,0,1,0,0,0,0,1,0,1,1,0,0,1,1,0,0,0,0,0,0,0,0,1,0,0,0,0,0,0,1,0,0,0,0,0,0,1,0,0,0,0,0,0,0,0,0,0,0,0,0,1,0,0,1,0,0,1,1,0,0,0,0,0,0,0,0,0,0,0,0,0,0,0,0,0,0,0,0,0,0,0,0,0,1,0,0,0,0,0,0,0,0,0,0,0,0,0,0,0,0,0,0,0,0,0,1,0,0,0,0,1,0,1,0,0,0,1,0,0,0,0,0,0,0,0,0,0,0,0,0,0,1,0,0,0,0,0,0,0,0,3,0,0,0,0,0,0,1,0,1,0,0,0,0,0,1,1,0,2,0,1,0,1,0,3,1,0,0,0,0,0,0,2,0,0,0,0,0,0,0,0,0,0,0,0,0,0,1,1,1,0,0,1,0,0,0,0,0,0,0,0,0,0,0,0,0,0,0,0,0,0,0,0,0,0,0,0,0,0,1,1,1,0,0,0,0,0,0,0,0,0,0,0,0,0,0,0,0,0,2,0,0,1,0,0,1,0,0,0,0,0,1,0,0,0,1,0,0,0,0,0,0,0,0,1,0,0,0,0,0,0,0,0,0,0,0,0,0,0,0,0,0,0,0,0,0,0,0,0,0,0,2,0,0,1,0,0,0,2,1,0,0,0,0,0,0,0,0,1,0,1,0,0,0,0,1,0,0,0,0,0,0,0,0,0,0,0,0,0,0,0,0,1,0,0,0,0,0,0,0,0,0,0,1,0,0,0,0,0,0,0,0,0,0,0,0,0,0,0,0,0,0,0,0,0,0,0,0,0,0,0,0,0,0,0,0,0,0,0,1,0,0,0,0,0,3,1,0,0,0,1,0,0,0,0,1,0,0,0,0,0,0,0,0,0,0,0,0,0,1,0,0,2,0,0,0,0,0,1,0,0,0,0,2,1,0,0,0,0,0,0,1,0,0,0,0,0,0,0,1,0,0,0,0,0,0,2,1,0,0,0,0,1,0,0,0,1,0,0,0,0,0,0,0,1,0,0,1,0,1,0,0,0,0,0,1,0,0,0,0,0,0,1,0,3,0,1,0,0,0,0,0,0,0,0,0,0,1,0,0,0,0,0,0,1,0,0,0,0,1,0,0,0,0,0,0,0,0,0,0,0,0,0,0,0,0,0,0,0,0,0,0,0,0,0,1,0,0,0,0,0,1,0,0,1,1,0,2,0,0,0,1,0,1,0,0,0,0,0,0,0,0,0,2,1,0,0,0,0,0,1,0,0,0,0,0,0,0,0,0,0,0,0,0,0,2,3,0,0,0,0,0,1,0,0,0,0,0,0,0,0,0,0,0,0,0,0,0,0,0,0,0,0,1,2,0,0,0,0,0,0
GATA3,1,0,0,0,0,0,0,0,0,0,0,0,0,0,0,0,0,0,0,0,0,0,0,0,0,0,1,0,0,0,0,0,0,0,0,0,1,0,0,0,0,2,0,2,0,0,0,0,1,0,0,0,0,0,0,0,0,0,0,0,0,0,1,0,0,0,1,0,0,1,0,0,0,0,0,0,0,0,0,0,0,0,0,0,0,0,0,0,0,0,0,1,0,0,0,0,0,0,0,0,0,0,0,0,0,0,0,0,0,0,0,0,0,0,0,0,0,0,0,0,0,0,0,0,1,0,0,0,0,0,0,0,0,0,0,0,0,0,0,0,0,0,0,0,0,1,0,0,1,0,0,0,1,0,0,0,0,0,0,0,0,0,0,0,1,0,0,0,0,0,0,0,0,0,0,0,0,0,0,0,0,0,0,0,0,0,1,0,0,0,0,0,0,0,0,0,3,0,0,0,0,1,0,0,1,0,0,0,0,1,0,0,0,0,0,0,1,0,0,0,0,0,0,0,1,0,0,0,0,1,0,0,0,0,0,0,0,1,0,0,0,0,0,0,0,0,0,0,0,0,0,0,0,0,0,0,0,1,0,0,0,0,0,0,0,0,0,0,0,0,0,0,0,0,0,1,0,0,0,0,0,0,0,0,0,0,0,0,0,0,0,0,0,0,0,0,0,0,0,0,0,0,0,0,0,0,0,0,0,1,1,0,0,1,0,0,0,1,0,0,0,1,0,0,0,0,0,0,0,0,0,0,0,0,0,0,0,0,1,0,0,6,0,1,0,0,0,0,0,0,0,0,1,0,0,0,0,0,0,0,1,0,0,0,0,0,0,1,0,0,0,0,0,0,0,0,0,0,0,0,0,0,0,3,0,0,0,0,0,0,0,0,1,0,0,0,0,0,0,0,0,0,0,0,0,1,0,0,0,0,0,2,0,0,0,0,0,0,0,0,0,1,2,1,0,0,0,0,0,0,0,1,0,0,0,0,0,0,0,0,0,0,0,0,0,0,0,0,0,0,0,1,0,0,0,2,0,0,0,0,0,0,1,0,0,0,0,0,0,0,0,0,0,1,0,0,0,0,0,1,0,0,0,0,0,0,0,0,0,0,0,0,0,0,0,0,0,0,0,0,0,0,1,0,0,1,0,0,0,0,0,0,0,0,0,0,0,1,0,0,0,0,0,0,0,0,0,0,0,1,0,0,0,0,0,0,0,0,0,0,0,0,0,1,0,0,0,0,0,0,0,0,0,0,0,1,0,0,0,0,0,1,0,0,0,0,2,0,0,0,0,0,1,0,0,0,0,0,0,0,0,0,0,0,0,1,0,0,0,0,0,0,0,0,0,0,0,0,0,0,0,0,0,0,2,1,0,1,0,0,0,0,0,0,0,1,0,0,0,0,0,0,0,0,0,0,0,0,0,0,0,0,0,0,0,0,0,0,0,0,0,0,1,0,0,0,0,0,0,0,0,0,0,0,0,0,0,0,0,0,0,0,0,0,1,0,0,0,1,0,0,0,0,0,0,0,0,0,0,0,0,0,0,0,0,0,0,0,0,0,0,0,0,0,1,0,0,0,0,0,0,0,0,0,0,0,0,0,0,0,0,0,0,0,0,0,0,0,0,0,0,0,0,0,0,0,0,0,0,0,1,0,0,0,0,0,0,0,0,0,0,0,1,0,0,0,0,0,0,2,0,0,0,0,0,0,0,0,1,0,0,0,0,0,0,0,0,0,0,0,0,0,0,2,0,0,0,2,0,2,0,0,0,2,0,1,0,0,0,0,0,0,0,0,0,1,0,0,0,0,0,0,0,1,0,0,0,0,1,0,0,0,0,0,0,0,0,0,0,1,0,0,0,0,0,0,0,0,0,0,0,0,0,0,0,0,0,0,0,0,0,0,0,0,0,0,0,0,0,0,0,0,0,0,1,0,0,0,1,0,0,1,0,0,0,0,0,0,1,0,0,0,0,0,0,0,0,0,0,0,1,0,0,0,0,0,0,0,0,0,1,0,0,0,0,0,0,1,0,0,0,1,0,0,0,0,0,0,0,0,0,1,0,0,0,0,0,0,0,0,0,0,0,0,0,0,0,0,0,0,0,0,0,0,0,0,0,0,0,0,0,0,1,0,0,0,0,0,0,0,0,1,0,0,0,0,0,0,1,0,1,0,0,0,0,0,0,0,0,0,0,0,0,0,0,0,0,0,0,0,0,0,0,0,0,1,1,0,0,0,0,0,0,0,0,2,0,0,0,0,0,0,0,0,0,0,0,1,0,0,2,0,0,0,0,0,0,0,0,1,0,0,0,0,0,0,1,0,0,0,0,0,0,0,0,0,0,0,0,0,0,0,0,1,0,0,0,0,0,1,0,0,0,2,0,0,0,0,3,0,0,0,0,0,0,1,0,0,0,0,0,2,1,0,0,0,0,0,0,0,0,0,0,1,0,2,0,0,0,0,0,0,0,0,1,0,0,0,0,0,0,1,0,0,0,0,0,0,0,0,0,0,0,2,0,0,0,0,0,0,0,0,0,0,0,0,0,0,0,0,0,0,1,0,0,0,0,0,0,2,0,0,0,0,0,0,0,0,0,0,0,0,0,0,0,0,0,0,1,1,2,0,0,0,0,0,0,0,0,0,0,0,0,0,0,0,0,0,1,0,0,0,0,1,0,0,1,1,0,0,0,0,0,0,0,0,0,0,0,1,0,1,0,0,0,0,0,0,1,0,0,0,0,0,0,0,0,1,0,0,0,0,0,0,0,0,0,0,0,0,0,1,0,0,0,0,0,0,0,0,0,0,0,0,0,0,0,0,0,2,0,1,0,0,0,0,0,0,0,1,0,0,0,0,0,0,0,0,0,0,0,0,0,0,1,0,0,1,0,0,1,0,0,1,0,0,0,0,0,0,0,0,1,0,0,0,1,0,0,1,0,0,0,0,0,0,0,0,0,0,0,0,0,0,0,0,0,0,1,0,0,0,0,0,0,0,0,2,0,0,0,0,1,0,0,0,0,0,1,0,0,0,0,0,0,0,1,0,0,0,0,1,0,0,0,0,0,0,0,0,0,0,0,0,0,0,0,0,0,1,0,0,0,0,0,1,0,0,0,0,0,0,0,1,0,0,0,0,2,0,0,1,0,0,0,0,1,0,0,0,0,0,0,0,1,0,0,0,0,0,2,1,0,0,0,0,0,0,0,0,0,0,0,0,0,1,0,0,0,0,0,0,0,0,0,0,0,0,0,0,2,0,0,0,0,1,0,0,0,0,0,0,1,0,0,0,0,0,0,0,1,0,0,0,0,0,0,0,0,0,0,1,0,0,0,0,1,0,0,0,0,0,0,0,0,0,0,0,0,0,0,0,0,0,0,0,0,0,0,0,0,0,0,0,0,0,0,0,0,0,0,0,0,0,0,0,0,0,0,0,0,0,0,0,0,1,0,0,0,0,0,0,0,0,1,0
RNF213,0,0,0,0,1,0,0,3,0,1,1,0,0,1,0,2,2,1,0,0,0,1,0,0,1,3,0,1,0,0,0,0,0,0,0,0,0,0,0,0,0,1,0,0,0,1,0,0,2,0,1,0,0,0,1,0,2,1,0,1,0,2,1,0,0,1,0,0,1,0,1,2,1,0,0,1,0,1,0,1,0,1,0,0,0,0,0,1,2,0,0,2,0,1,0,1,0,0,0,0,0,0,2,0,3,0,1,0,0,1,1,1,0,0,0,4,2,0,0,0,0,0,0,0,1,0,3,0,0,0,0,1,0,0,0,2,0,0,1,1,1,2,0,0,0,0,0,1,0,0,0,0,2,1,0,0,1,0,0,3,1,0,1,0,1,0,1,1,0,1,0,1,0,0,0,1,1,0,2,1,0,2,0,1,0,0,0,1,0,0,0,0,2,0,0,0,0,0,0,0,0,1,0,0,1,0,0,0,0,0,0,0,0,0,2,0,1,0,2,0,0,1,0,0,0,0,0,0,1,0,0,0,1,0,0,0,3,0,1,1,0,1,0,0,0,0,0,1,0,0,1,0,0,1,1,0,0,1,2,0,0,0,0,0,0,1,0,0,1,1,0,0,0,1,0,1,0,1,0,0,1,0,1,0,0,0,0,0,0,3,0,0,1,0,0,0,0,0,0,1,1,0,1,0,0,1,1,1,2,0,0,0,0,1,1,0,1,0,0,0,1,1,0,1,1,1,0,0,1,0,1,1,1,0,1,0,0,0,1,0,1,0,0,0,0,1,0,0,1,1,0,1,0,0,0,1,0,0,0,0,1,0,0,0,2,1,1,0,0,1,1,0,0,0,0,2,0,2,2,0,0,0,0,0,1,0,0,0,0,1,0,2,0,0,0,0,0,0,0,0,0,0,0,1,0,1,1,0,2,0,0,0,0,0,0,0,0,1,0,1,0,1,2,1,2,0,0,1,0,3,0,0,3,0,0,1,0,1,0,1,0,0,0,1,0,2,0,0,0,1,1,0,0,1,0,0,3,0,1,0,1,0,0,0,1,0,0,0,0,0,0,0,1,0,2,1,0,0,0,1,3,0,1,0,0,0,0,3,1,1,0,0,0,0,0,1,1,0,0,2,0,0,0,2,0,0,0,2,3,0,0,0,0,0,1,0,2,0,0,0,0,0,0,1,0,0,0,0,1,1,1,0,1,0,0,1,0,0,0,1,0,2,0,2,0,1,1,0,0,0,0,0,0,0,0,0,0,0,0,2,0,0,0,0,0,1,0,1,1,0,2,0,1,0,0,0,0,0,0,0,0,2,0,0,2,1,1,0,1,0,0,0,3,1,0,1,1,0,0,0,0,1,0,1,1,1,0,0,0,0,0,0,1,1,1,1,0,0,0,1,0,1,1,0,2,0,0,0,0,2,0,2,0,0,0,0,0,0,0,0,0,0,3,3,0,0,0,1,0,0,1,0,1,0,1,0,0,0,0,2,1,0,0,2,0,1,0,0,1,0,0,0,0,0,1,1,0,0,1,2,0,2,0,0,0,0,0,1,0,2,0,0,1,0,0,1,0,2,0,0,0,0,2,0,1,1,0,0,0,0,1,0,0,0,0,0,0,2,0,1,0,0,0,0,0,1,0,0,0,0,0,2,0,0,2,0,0,0,0,0,0,0,0,0,2,0,1,0,0,0,1,1,0,1,0,0,0,0,0,0,1,1,0,0,0,0,1,1,0,0,1,0,1,1,0,0,0,0,0,0,0,0,0,0,0,1,3,0,3,0,0,1,0,0,0,0,1,0,0,0,0,0,0,0,0,0,4,0,0,1,1,0,0,1,2,1,0,1,1,0,0,0,1,0,0,1,1,0,1,0,0,0,1,0,1,0,0,1,0,0,0,0,0,2,1,0,0,2,4,1,1,0,0,1,0,0,1,0,0,0,0,1,0,1,0,0,0,0,1,0,2,0,2,0,0,0,2,1,0,0,1,0,0,0,0,1,0,0,0,0,0,0,0,0,0,0,1,0,0,0,1,2,0,0,0,0,1,0,0,0,0,0,0,1,0,0,0,1,0,1,0,0,0,0,1,0,0,1,0,0,2,0,1,0,0,0,1,2,0,0,0,0,2,0,1,0,2,0,0,0,0,0,0,1,0,0,2,0,0,0,3,0,0,0,0,0,0,0,0,0,0,0,0,0,0,0,0,1,0,1,0,0,0,0,0,0,0,0,0,0,0,1,0,1,0,0,0,1,0,1,0,0,2,1,0,3,1,0,1,0,0,1,0,0,0,0,0,0,0,0,1,0,1,1,1,3,0,1,0,0,0,1,0,1,0,0,0,1,0,0,0,1,2,0,2,0,0,0,0,0,0,0,2,0,1,0,0,1,0,0,2,1,0,1,0,1,0,0,0,0,3,1,1,3,0,2,0,0,0,0,2,0,0,0,0,0,3,0,0,0,0,0,2,1,0,0,0,0,0,0,0,2,1,1,0,0,2,1,0,0,1,0,0,0,0,0,0,0,3,2,1,0,0,0,1,0,2,0,0,0,0,0,1,1,0,0,1,0,0,1,0,1,0,1,0,0,0,1,3,3,0,0,1,1,1,0,0,1,0,0,1,1,0,0,0,1,0,0,0,0,2,0,1,0,0,1,0,0,0,1,1,0,1,0,0,2,1,0,0,0,0,0,0,0,0,1,1,0,0,2,1,1,0,1,0,2,0,0,1,3,1,2,4,2,0,0,0,0,0,0,1,0,0,0,0,2,0,0,1,0,0,0,0,0,0,0,0,0,0,1,4,0,0,0,0,0,0,0,0,0,0,0,0,1,0,0,1,0,0,0,0,0,0,0,3,1,1,0,1,0,0,0,1,0,2,0,0,1,0,0,0,1,0,1,1,0,1,0,1,1,0,0,1,0,0,0,1,0,0,0,0,2,0,0,0,0,0,1,0,0,0,0,1,0,1,1,0,0,0,2,0,0,0,0,0,0,1,0,1,0,1,0,0,0,1,0,0,0,3,0,3,0,0,0,0,0,1,2,0,0,2,0,0,0,1,0,0,2,0,0,0,2,0,2,0,1,1,2,0,1,1,0,0,0,0,0,0,1,2,0,1,0,0,0,0,1,0,1,2,0,2,1,0,0,2,0,0,0,0,0,1,0,0,0,1,0,0,1,0,1,0,1,0,0,0,0,0,2,0,2,0,2,1,0,1,0,0,1,0,0,1,0,0,2,0,3,0,0,0,0,0,2,1,1,0,0,1,0,3,0,0,0,1,2,1,0,0,0,0,2,1,1,0,0,1,0,0,0,1,0,0,0,0,0,0,1,1,0,1,1,0,1,0,1,1,0,0,0,0,0,0,0,0,0,1,0,0,0,0,0,0,0,1,2,0,0,0,0,3,0,1,0,0,0,0,2,1,0,0,0,1,0,2,1,0,0,0,1,0,1,0,4,0,0,1,0
CTNNB1,0,0,1,0,0,0,1,0,0,0,0,0,0,0,0,0,0,0,1,0,0,0,1,1,0,0,0,0,1,0,0,0,0,0,0,0,0,0,0,1,0,0,0,0,1,0,0,1,0,0,0,0,0,0,0,0,0,0,0,0,1,0,0,1,0,0,0,0,0,0,0,0,0,0,0,0,0,1,0,0,0,0,0,0,0,0,1,0,0,0,0,0,0,1,0,0,0,0,0,1,0,0,0,0,0,0,0,0,0,0,0,0,1,0,0,1,0,0,0,0,0,0,0,0,0,0,0,0,0,0,1,0,1,0,0,0,0,1,1,0,0,0,0,0,1,0,1,1,1,0,0,0,0,0,0,0,1,0,0,0,0,0,0,1,0,0,0,0,0,0,0,1,0,0,1,0,0,0,0,1,1,0,1,0,2,1,0,0,0,2,0,3,0,0,0,0,0,0,0,0,0,0,2,0,0,0,0,1,0,0,0,0,0,0,1,0,0,0,0,1,0,0,0,0,1,0,0,0,0,0,0,0,1,3,0,0,0,0,0,1,0,0,0,0,0,0,0,0,0,0,0,1,0,0,0,0,0,0,0,0,0,0,0,0,0,0,0,0,1,0,0,0,0,0,0,1,0,1,0,0,1,1,0,1,0,0,0,0,0,0,0,0,0,0,0,0,0,0,0,0,0,0,0,0,0,0,0,0,1,0,0,0,1,0,0,0,1,0,0,0,1,0,1,0,0,0,0,0,0,0,0,0,1,0,0,1,0,0,0,0,1,0,0,0,0,0,0,1,0,0,1,0,0,0,0,0,0,0,1,0,0,0,0,0,1,2,0,0,0,0,0,0,0,1,1,1,1,0,0,1,0,0,2,0,0,0,0,2,0,0,0,2,0,0,0,2,0,0,0,0,0,1,1,0,1,0,0,0,0,0,0,0,0,0,0,0,0,0,1,0,2,0,1,0,2,0,0,0,0,0,0,0,0,0,0,1,0,0,0,0,0,0,0,0,0,0,0,0,0,0,0,0,0,0,1,0,0,1,1,0,0,0,0,0,1,1,1,0,0,0,1,1,0,0,1,0,1,0,0,0,0,2,1,0,0,0,0,0,0,0,0,1,0,0,0,0,0,1,1,0,0,0,0,0,2,0,1,0,0,0,0,0,0,0,0,0,0,0,0,2,0,0,0,2,0,0,1,0,0,0,2,1,0,1,1,0,0,1,0,0,0,0,0,0,1,1,0,0,0,0,0,0,0,0,0,1,0,0,1,0,0,1,0,1,0,0,0,0,1,0,0,0,0,1,0,0,0,0,0,0,1,0,0,0,0,1,0,0,0,0,0,0,0,1,1,0,0,0,0,0,1,3,0,0,0,0,1,0,0,0,0,0,0,0,1,0,1,0,0,0,0,0,0,0,1,0,0,0,0,2,0,0,0,1,0,1,0,0,0,0,0,0,1,0,0,0,0,0,0,0,0,0,0,0,0,0,0,1,0,0,0,0,1,1,1,0,0,0,0,0,0,0,0,0,0,0,0,1,0,0,1,0,0,0,0,0,0,1,0,0,1,0,0,0,0,0,0,1,0,1,0,0,0,0,0,2,0,0,0,0,0,1,0,0,0,0,0,2,0,0,0,0,0,0,0,0,0,0,0,0,1,0,0,0,0,1,0,0,1,0,0,0,0,0,0,0,0,0,0,0,0,0,0,0,0,2,0,0,0,0,0,0,0,0,2,0,0,0,0,1,0,1,0,0,0,1,1,0,2,0,2,0,0,0,0,2,0,1,0,0,1,0,1,1,0,0,0,0,0,0,0,0,0,0,0,0,0,0,1,1,0,0,0,0,0,0,0,0,0,0,0,0,1,0,0,0,0,0,0,0,0,0,0,0,0,1,0,0,0,0,0,0,0,0,0,0,0,1,0,0,0,0,0,0,0,0,0,0,1,0,0,0,0,0,0,0,0,0,0,0,0,0,0,0,0,0,0,0,0,0,0,0,0,0,0,0,0,0,0,0,0,0,1,0,0,0,0,1,0,0,0,0,0,0,0,0,0,0,0,0,0,0,1,0,0,0,0,0,1,1,0,0,0,0,0,0,0,0,0,1,1,0,1,0,0,0,1,2,0,0,0,1,0,1,0,0,0,2,0,0,0,0,0,0,0,0,0,0,0,2,0,0,0,0,0,2,0,0,0,0,0,0,0,0,0,0,0,0,0,0,0,1,0,0,0,1,1,0,1,0,1,0,1,0,0,0,0,0,0,1,0,0,0,0,0,0,1,0,0,0,0,0,0,0,1,0,0,0,0,1,0,0,0,0,0,1,0,0,0,0,1,2,0,0,0,2,0,0,0,0,0,0,0,0,0,0,0,0,0,0,0,0,2,0,0,1,1,0,0,0,0,0,0,0,0,0,0,1,0,0,0,0,0,0,1,0,0,0,0,0,0,0,1,0,0,0,0,0,1,0,0,0,0,1,0,0,0,0,0,0,0,1,2,0,1,0,0,0,0,1,0,0,0,0,1,1,0,0,1,0,0,0,0,0,0,0,0,0,0,0,0,0,0,0,0,0,0,0,0,1,0,0,1,0,0,0,1,0,0,0,0,0,1,0,0,0,1,0,0,1,0,0,0,0,0,0,0,0,0,0,0,0,0,0,0,0,1,0,1,0,0,0,0,0,0,0,0,0,1,0,0,0,0,0,0,1,2,0,0,0,0,1,0,0,0,0,0,1,1,1,0,0,0,0,0,1,0,0,0,0,0,3,0,0,0,0,0,1,0,0,1,1,1,0,0,1,2,0,0,0,0,0,0,0,0,0,0,0,0,0,0,1,0,0,0,0,0,1,0,0,0,0,1,0,0,0,0,1,0,1,0,1,0,0,0,0,2,0,0,0,1,1,0,0,0,0,0,0,0,0,1,0,0,0,0,0,0,0,0,0,1,0,0,0,0,0,1,0,0,0,0,0,0,0,0,0,0,0,0,0,0,0,0,2,0,0,0,0,0,0,0,0,0,0,0,0,0,0,0,0,0,0,0,0,0,0,1,0,1,0,1,1,0,0,1,1,0,1,0,0,0,0,0,0,0,4,0,0,0,0,0,0,0,0,1,0,0,0,1,0,0,0,0,0,0,0,0,0,1,0,2,0,0,0,0,0,0,0,0,1,0,0,0,0,0,0,0,0,0,1,2,0,2,0,0,0,0,2,0,0,1,0,1,0,0,1,0,0,1,0,0,1,0,0,0,0,0,0,0,0,0,0,0,0,0,0,1,0,0,0,2,0,0,0,0,0,1,0,0,0,1,0,1,0,0,0,0,1,1,0,0,0,0,0,0,0,0,0,0,0,0,0,2,1,0,0,0,0,1,0,0,0,1,0,0,0,0,0,0,1,0,1,0,0,0,0,0,0,0,0,0,0,0,0,0,0,0,0,1,0,0,0,0,0,0,0,1,0,0,0,0,1,0,0,1,0
TBX21,0,0,0,0,0,0,0,0,0,0,0,0,0,0,0,0,1,0,0,0,0,0,0,0,0,0,0,0,0,0,0,0,0,0,0,1,0,0,0,0,0,1,0,0,0,0,0,0,0,0,0,0,0,0,0,0,0,0,0,1,0,0,0,0,0,0,0,0,0,0,0,0,0,0,0,0,0,0,0,0,0,0,0,1,2,0,0,0,0,0,0,0,0,1,0,0,0,0,0,0,0,0,0,0,0,0,0,1,0,0,0,0,0,0,0,0,0,0,0,0,0,0,0,0,0,0,0,0,0,0,0,0,0,0,0,0,0,0,0,1,0,0,0,0,0,1,0,0,0,1,0,0,0,0,0,0,0,0,0,0,0,0,0,0,1,0,0,0,0,0,0,0,0,0,0,0,0,0,0,0,0,0,0,0,0,0,0,0,0,0,0,0,0,0,0,0,0,0,0,0,0,0,0,0,0,0,0,0,0,0,0,0,1,0,0,1,0,0,0,0,0,0,0,0,0,1,0,0,0,0,0,0,0,0,0,0,0,0,0,0,0,0,0,0,0,0,0,0,0,0,0,0,0,0,0,0,0,0,0,0,0,0,0,0,0,0,0,0,0,1,1,0,0,0,0,1,0,0,0,0,0,0,0,0,0,0,0,0,0,0,0,0,0,0,0,0,0,0,0,0,0,0,1,0,0,0,0,0,0,0,0,0,0,0,0,0,0,0,0,0,0,0,0,0,0,0,0,0,0,0,0,0,0,0,0,0,0,0,0,0,0,0,0,0,0,0,0,0,0,0,0,0,0,0,1,0,0,0,0,0,0,0,0,0,0,0,0,0,0,0,1,0,0,0,1,0,0,0,0,0,0,0,0,0,0,0,0,0,0,0,0,0,0,0,0,0,0,0,1,0,0,0,0,0,0,0,0,0,0,1,0,0,0,0,0,0,0,0,0,0,0,0,1,1,0,0,0,1,0,0,0,0,0,0,0,0,0,0,0,0,2,0,0,0,0,0,2,0,0,0,0,0,0,0,0,0,0,0,0,0,0,0,0,0,0,0,0,0,0,0,0,0,2,0,0,0,0,0,0,0,0,0,0,0,0,0,0,0,0,0,0,0,0,0,0,0,0,0,0,2,0,0,0,0,0,0,0,0,0,0,0,1,0,0,0,0,0,0,0,0,0,0,0,0,0,0,0,0,0,0,0,0,0,0,0,0,0,0,0,0,0,0,0,1,0,0,0,0,0,0,0,0,0,0,0,0,0,0,0,1,0,0,0,0,0,0,0,0,0,0,0,0,0,0,0,0,0,0,0,0,0,1,0,0,0,0,0,0,0,0,0,0,0,0,0,0,0,0,0,0,0,0,0,0,0,0,0,0,0,0,0,0,2,0,0,0,0,1,0,0,0,0,0,0,0,1,0,0,0,0,0,0,0,0,0,0,0,0,0,0,0,0,0,0,0,0,0,0,0,0,1,0,0,0,0,0,0,0,0,0,0,0,0,0,0,0,0,0,0,0,0,0,0,0,0,0,0,0,0,0,1,0,0,0,0,0,0,0,0,0,0,0,0,0,0,0,2,0,0,0,0,0,0,1,0,0,0,0,0,0,3,0,0,0,0,0,0,1,0,1,0,0,0,0,0,0,0,0,0,0,0,1,0,0,0,0,0,0,0,0,0,0,0,0,0,0,0,0,0,0,0,0,0,0,0,0,0,0,0,0,0,0,0,0,0,0,0,0,0,0,0,0,1,0,0,0,0,0,0,0,0,0,0,0,0,0,0,0,0,0,0,0,0,0,0,0,0,0,0,0,0,0,0,0,2,0,0,0,0,0,0,0,0,0,0,0,0,0,0,1,1,0,0,0,0,0,1,0,0,0,0,0,0,0,0,0,0,0,0,0,0,0,0,0,0,0,0,1,1,0,0,0,0,0,0,0,0,0,0,0,0,0,0,0,0,0,0,0,2,0,0,0,0,1,0,1,1,0,0,0,0,0,0,0,0,0,0,0,0,0,0,0,0,0,0,2,0,0,0,0,0,0,0,0,0,0,0,0,0,0,0,0,0,0,0,0,0,0,0,0,0,0,0,0,0,0,0,0,0,0,0,0,0,0,0,0,0,0,0,0,0,0,0,0,0,0,1,0,0,0,0,0,0,0,0,0,0,0,0,0,0,0,0,1,0,0,0,0,0,0,0,0,0,0,0,0,0,0,0,0,0,0,0,0,1,0,0,0,0,0,0,0,0,0,0,0,1,0,0,0,0,0,0,0,0,0,0,0,0,0,0,0,0,0,0,0,0,0,0,0,0,0,0,0,0,0,0,0,0,0,0,0,0,0,0,0,0,0,0,0,0,1,1,1,0,0,0,0,0,0,0,0,0,0,0,0,0,0,0,0,0,0,0,0,0,1,0,0,0,0,0,0,0,0,0,0,0,0,0,0,0,0,0,0,0,0,0,0,0,0,0,0,0,0,0,0,0,0,0,0,0,0,0,0,0,0,0,0,0,0,0,0,0,0,0,0,0,0,0,0,1,0,0,0,0,0,2,0,0,0,0,0,0,1,0,0,0,0,0,0,0,0,0,1,0,0,0,0,0,0,0,0,0,0,0,0,0,0,0,0,0,0,0,0,0,0,0,0,0,1,0,0,0,0,0,1,0,0,0,0,0,0,0,0,0,0,1,0,0,0,0,0,0,0,0,0,0,0,0,0,0,0,0,0,0,0,0,0,0,0,0,0,1,0,0,0,0,0,0,0,0,0,0,0,0,0,0,0,0,0,0,0,0,0,0,0,0,0,0,0,0,0,0,0,0,0,0,0,0,0,0,0,0,0,0,0,0,0,0,0,0,0,0,0,0,0,0,0,0,0,1,0,0,0,0,0,0,0,0,0,0,0,0,1,0,0,0,0,0,0,0,0,0,0,0,0,1,0,0,0,0,0,0,0,0,0,0,0,0,0,0,0,0,0,0,0,0,0,3,0,0,0,0,0,0,0,0,0,0,1,0,0,0,0,0,0,0,1,2,0,0,0,0,0,0,0,1,0,0,0,0,0,0,0,0,0,0,0,0,0,0,0,0,0,0,0,0,0,0,0,0,0,0,0,0,0,0,0,0,0,1,0,0,0,0,1,0,0,0,0,0,0,0,0,0,0,0,0,0,0,0,0,0,0,0,0,0,0,0,0,0,0,0,1,0,0,0,0,0,0,0,0,0,0,0,0,0,0,0,0,0,2,0,0,0,0,0,0,0,0,0,0,0,0,0,0,0,0,0,0,0,0,0,0,0,0,0,0,0,0,0,0,0,0,0,0,0,0,0,1,0,0,0,0,0,0,0,0,0,0,0,0,0,0,0,0,0,0,0,0,0,0,0,0,0,0,0,0,0,0,0,0,0,1,0,0,0,0,0,0,0,0,1,0,0,1,0,0,0,0,0,0,0,0,0,0,0,0,0,0,0,0,0,0,0,0
TSHZ2,0,0,0,0,0,0,0,0,0,0,0,0,0,0,0,0,0,0,0,3,0,0,0,0,0,0,0,0,0,0,0,0,0,0,0,0,0,0,0,0,0,0,0,0,0,0,1,0,0,0,0,0,0,0,0,0,0,0,0,0,0,3,0,0,0,1,0,0,0,0,0,0,0,0,0,0,0,0,0,0,0,0,0,0,0,0,0,0,0,0,0,0,0,0,0,0,0,1,0,0,0,0,0,0,0,0,0,0,0,0,0,1,0,0,0,1,0,0,0,0,0,0,0,0,1,0,0,0,0,0,0,0,0,0,0,0,0,0,0,0,0,0,0,0,0,0,0,0,1,0,0,0,0,0,0,0,0,0,0,0,0,0,0,0,0,0,1,1,0,0,1,0,0,0,0,1,0,2,0,0,0,0,0,0,0,0,0,0,0,0,0,0,0,0,0,0,0,0,0,0,0,0,0,0,1,0,0,0,1,0,0,0,0,0,0,0,0,0,0,0,0,0,0,0,1,0,0,0,0,0,0,0,0,0,0,0,0,0,1,0,0,0,0,0,0,0,0,0,0,0,1,0,0,0,0,0,0,0,0,0,0,0,0,0,0,0,0,0,0,0,0,0,0,0,1,0,0,0,0,0,0,0,0,0,0,0,0,0,0,0,0,0,0,0,0,0,0,0,0,0,0,0,0,0,0,0,0,0,0,0,0,0,0,0,0,0,0,0,0,0,0,0,0,0,0,0,0,0,0,0,0,0,0,0,0,0,0,0,0,0,0,0,0,0,0,0,0,0,0,0,0,0,0,0,0,0,0,2,0,0,0,0,0,0,0,0,0,0,0,0,0,0,0,0,0,0,1,0,0,0,0,0,0,0,0,0,0,0,0,0,2,0,0,0,1,0,0,0,0,0,0,0,0,0,0,0,0,0,0,0,0,0,0,0,0,0,0,0,0,0,0,0,0,0,0,0,0,0,0,0,0,0,0,0,0,0,0,0,0,0,0,0,0,0,0,0,0,0,0,0,0,0,0,0,0,0,0,0,0,0,0,0,0,0,0,0,0,0,0,0,0,0,0,0,0,0,0,0,0,2,0,0,0,0,0,0,0,0,0,0,0,0,0,0,0,0,0,0,0,0,0,0,0,0,0,0,0,0,0,0,0,0,0,0,0,0,0,0,0,0,0,0,0,0,0,0,0,0,0,0,0,0,0,0,0,0,0,0,1,0,0,0,0,0,0,0,0,0,0,0,0,0,0,0,0,0,0,0,0,0,0,0,0,0,0,1,0,0,0,0,0,0,3,0,0,0,0,0,0,0,0,0,1,0,0,0,0,0,0,0,0,0,0,0,0,0,0,0,0,0,0,0,0,0,0,0,0,0,0,0,0,0,0,0,2,0,0,0,0,0,2,0,0,0,0,0,0,0,0,0,0,1,0,0,0,0,0,0,0,0,0,0,0,0,0,0,0,0,0,0,0,0,0,0,0,0,0,0,0,0,0,0,0,0,0,0,0,0,0,0,0,1,0,0,1,0,0,0,0,0,1,0,0,0,0,0,0,0,0,0,0,0,0,0,1,0,0,0,0,0,0,0,0,0,0,0,1,0,0,0,0,0,0,0,0,0,0,0,0,3,0,0,0,0,0,0,0,0,0,0,0,0,0,0,0,0,0,0,0,0,0,0,0,0,0,0,0,0,0,0,0,0,0,0,0,0,0,0,0,0,0,0,0,1,0,0,0,0,0,1,0,1,0,0,0,0,0,0,0,0,0,0,0,0,0,0,0,0,0,0,0,0,0,0,0,0,0,0,0,0,0,0,0,0,0,0,0,0,0,0,0,0,0,0,0,0,0,0,0,0,0,0,0,0,0,0,0,0,0,0,1,0,0,0,0,0,0,0,0,0,0,0,0,0,0,0,0,0,0,1,0,0,0,0,0,0,0,0,0,0,0,0,1,0,0,0,0,0,0,0,0,0,0,0,0,0,0,0,0,0,0,0,0,0,0,0,0,0,0,1,0,0,0,0,0,0,0,1,0,0,0,1,0,0,2,0,0,0,0,0,0,0,0,0,0,0,0,0,1,0,0,0,0,0,0,0,0,0,0,0,0,0,0,0,0,0,1,0,1,0,0,1,0,0,0,1,0,0,0,0,0,1,0,0,0,0,0,0,0,0,0,0,0,0,0,0,0,0,0,0,0,0,0,0,0,0,0,0,0,1,0,0,0,0,0,1,2,0,0,0,0,0,0,0,0,0,0,0,0,0,0,0,0,0,0,0,0,0,0,0,0,0,0,0,0,0,0,0,0,0,0,0,0,0,0,0,0,0,1,0,0,0,0,0,0,0,2,0,0,0,0,0,0,0,0,0,0,0,0,0,0,0,0,0,1,0,0,0,0,0,0,2,0,0,0,0,0,0,0,0,0,0,0,0,0,0,0,0,0,0,0,0,0,0,0,0,0,0,0,0,0,0,0,0,0,0,0,0,0,0,1,0,0,0,0,0,0,0,0,0,0,0,0,0,0,0,0,0,0,0,3,0,0,0,0,0,0,0,0,0,0,0,0,0,0,0,0,0,0,0,0,0,0,0,1,0,0,0,0,0,0,0,0,0,0,0,0,0,0,0,0,0,0,0,0,1,0,0,0,0,0,0,0,0,0,0,0,0,0,0,0,0,0,0,0,0,0,0,0,0,0,1,0,0,0,0,0,0,0,1,0,0,0,0,0,3,0,0,0,0,0,0,0,0,0,0,0,0,0,0,0,0,0,1,0,0,0,0,0,0,0,0,0,0,0,0,0,0,0,0,0,0,0,0,0,0,0,0,0,0,0,0,0,0,0,0,0,0,0,0,0,1,0,0,0,0,0,0,0,0,0,0,0,0,0,1,0,0,0,0,0,0,0,0,0,0,0,2,0,0,0,0,1,0,0,0,0,0,0,0,0,0,0,0,0,0,0,0,0,0,0,0,0,0,0,0,0,0,0,0,0,0,0,0,0,1,0,0,0,0,0,1,0,0,0,0,1,0,0,0,0,0,0,0,0,0,0,0,0,0,0,1,0,0,0,0,0,0,0,0,1,0,0,0,0,0,0,0,0,0,0,0,0,0,0,0,0,0,0,0,0,0,0,0,0,0,1,0,0,0,0,0,0,0,0,0,0,0,2,0,1,0,0,0,0,0,0,0,0,0,1,0,0,0,0,0,0,0,0,0,0,0,0,0,0,0,0,0,0,0,0,0,0,0,0,0,0,0,1,0,0,1,0,0,0,0,0,0,0,0,0,0,0,0,0,0,1,0,0,0,0,0,0,0,0,0,0,0,0,0,0,0,0,0,0,0,0,0,0,0,0,0,0,0,2,0,0,0,0,0,0,0,0,0,0,0,0,0,0,0,0,0,0,0,0,0,0,0,0,0,0,0,0,0,2,0,0,0,0,0,1,0,0,0,0,0,0,0,0,0,0,0,0,0,0,0
PARP14,0,0,0,0,0,1,0,0,0,0,0,0,0,0,0,0,0,0,2,0,0,0,0,1,1,0,0,0,0,0,0,0,0,0,0,0,0,1,0,0,0,0,1,0,0,0,0,1,0,0,0,1,0,1,0,0,0,0,0,0,1,0,0,0,0,0,1,0,0,0,0,1,0,0,0,0,0,0,0,0,0,0,0,0,0,0,0,1,0,0,0,0,0,0,0,1,0,0,0,2,0,0,1,0,0,0,0,0,0,0,0,0,0,0,0,0,0,0,1,0,0,0,0,1,0,0,0,0,2,0,0,0,0,0,0,0,0,0,0,0,0,0,0,0,0,0,0,0,0,0,0,1,0,0,0,0,0,0,0,0,0,0,1,0,0,0,0,0,0,0,0,0,0,0,0,0,0,0,0,0,0,0,0,0,0,0,0,0,0,0,0,0,0,0,0,0,0,0,0,0,0,0,1,0,0,0,0,0,1,0,0,0,0,0,0,1,0,0,0,0,0,0,0,0,0,0,2,0,0,0,0,0,0,1,0,0,0,0,0,0,0,0,0,0,0,0,0,1,0,0,0,1,0,0,0,0,0,0,0,0,0,1,0,0,1,0,0,1,0,0,0,0,0,0,0,0,0,0,0,0,0,0,1,1,0,0,0,0,1,0,0,0,0,0,0,0,0,0,0,0,0,0,0,0,1,0,0,0,1,0,0,0,0,0,0,0,0,0,1,0,0,0,0,0,0,0,0,0,1,0,0,0,0,0,0,0,0,0,0,1,1,0,0,0,1,0,0,0,0,0,0,0,0,0,0,0,0,0,0,0,0,0,1,0,0,0,0,0,0,0,0,0,0,0,0,2,0,1,0,0,0,0,0,0,0,0,0,0,0,1,1,2,0,0,0,0,0,0,0,0,0,0,0,0,0,0,0,0,0,0,0,1,0,1,1,0,0,0,0,0,0,0,1,0,0,0,0,1,1,0,0,0,0,1,0,0,0,0,0,0,0,0,0,0,0,0,0,0,0,0,0,0,0,0,0,0,0,0,0,0,0,0,0,1,0,1,1,0,0,0,1,0,0,0,0,2,1,0,1,0,0,0,0,0,0,0,0,0,0,0,0,0,0,0,0,0,0,0,0,1,0,0,0,0,0,0,0,0,0,0,0,0,1,0,0,0,0,0,0,0,1,0,0,0,1,0,0,0,0,0,0,0,0,0,0,0,1,0,0,0,0,1,0,0,0,1,1,0,0,0,0,0,0,0,2,1,0,0,0,0,1,0,1,0,0,0,0,0,0,0,0,0,0,0,0,0,0,0,1,0,1,0,0,0,0,0,0,0,2,0,0,0,0,0,0,4,0,0,0,0,0,0,0,0,0,0,0,0,0,0,0,1,0,0,0,0,0,0,1,2,0,0,0,1,0,0,0,0,0,0,0,0,0,0,0,0,0,1,0,0,0,0,0,0,0,0,0,1,1,0,0,0,0,0,0,0,0,0,0,0,0,0,0,0,0,0,2,0,0,0,0,0,0,0,0,0,0,0,0,0,0,0,0,0,0,0,0,0,0,0,0,0,0,0,0,0,0,0,0,0,0,0,0,0,0,0,0,0,0,0,0,0,0,0,0,0,0,0,1,0,0,0,0,1,0,0,0,0,0,0,0,0,0,0,0,0,0,0,0,0,0,0,0,0,0,0,0,0,0,0,0,0,0,0,2,0,0,0,0,0,1,0,0,0,0,3,0,0,1,0,0,0,0,1,0,0,0,0,0,0,0,0,0,0,0,1,0,0,0,0,0,0,0,0,0,0,0,0,0,0,0,0,0,0,0,0,0,0,0,0,0,0,0,0,0,0,0,0,0,0,0,0,0,0,0,0,0,1,0,0,0,0,1,1,0,0,0,0,0,2,0,0,0,1,0,0,0,1,0,0,0,0,0,0,0,0,0,1,0,2,0,0,0,0,1,0,0,1,0,0,0,0,1,0,0,1,1,0,2,1,0,0,0,1,1,0,0,0,0,1,0,0,0,0,0,0,0,0,0,0,2,0,0,0,0,0,0,0,0,0,0,0,0,0,0,0,1,0,0,0,0,0,1,0,0,1,0,0,0,1,3,0,0,0,0,0,0,0,0,0,1,0,2,0,1,0,0,0,0,0,0,0,0,0,0,0,0,0,0,0,0,2,0,0,0,0,0,0,0,1,0,1,0,0,0,0,1,0,0,0,0,0,0,1,0,0,0,0,0,0,0,0,0,0,0,0,0,0,0,0,0,0,0,0,1,0,0,1,0,0,0,3,0,0,0,0,1,0,0,0,0,0,0,0,0,0,0,0,0,0,0,1,0,1,0,0,0,1,0,0,0,0,0,1,0,0,0,0,0,0,0,0,0,0,0,0,0,0,0,0,0,0,0,0,0,0,0,0,0,0,0,0,0,1,0,0,1,0,0,1,0,0,0,0,0,0,0,0,0,0,0,0,0,2,0,0,0,0,0,0,0,1,0,0,0,0,0,0,2,0,0,0,0,0,0,0,0,0,0,0,0,0,1,0,1,1,1,0,0,1,0,0,0,0,0,1,2,2,0,0,0,0,0,0,0,0,0,0,0,0,0,1,0,0,1,0,0,0,0,0,0,1,0,1,0,0,0,1,0,0,2,0,0,2,0,0,0,0,0,0,0,0,0,0,0,0,0,0,0,0,0,0,0,0,0,0,0,1,0,0,0,0,0,0,0,0,0,0,0,0,1,1,0,1,0,0,0,0,0,0,0,0,0,0,0,2,0,0,0,1,0,1,0,0,0,0,0,0,0,0,0,0,0,0,0,0,0,1,0,1,0,0,0,0,0,0,0,0,0,1,0,0,0,0,1,2,0,0,0,0,0,2,1,0,0,0,0,0,1,0,1,0,0,0,0,0,0,0,1,0,0,0,0,0,0,0,0,1,0,0,0,0,0,0,0,0,0,0,0,1,1,0,0,0,0,0,0,0,0,0,0,1,0,0,0,0,0,0,0,0,0,0,0,0,0,0,0,0,1,0,2,0,0,0,0,0,0,0,0,0,0,0,0,0,0,0,2,0,0,0,0,1,1,0,0,0,0,0,0,0,0,0,0,0,1,0,1,0,0,0,0,0,0,0,1,0,0,0,0,0,2,0,0,0,0,0,0,0,0,0,0,0,0,0,1,0,1,0,1,0,0,0,0,0,0,1,0,0,0,0,1,0,0,0,0,0,0,0,0,0,1,0,0,1,0,0,0,0,0,0,0,0,0,0,0,1,0,0,0,0,0,0,0,0,0,0,0,0,0,0,0,0,1,0,0,0,0,0,1,0,0,0,1,0,1,0,1,0,0,1,0,0,0,0,0,0,0,0,0,0,0,0,0,0,0,0,0,1,0,0,1,0,0,0,0,0,0,0,0,0,0,0,0,0,0,0,0,0,0,0,0,0,0,1,1,0,0,2,0,0,0,1,0,0,0,0
SLC11A1,0,0,0,0,0,0,0,0,0,0,0,0,1,0,0,3,0,0,0,0,0,0,0,0,0,0,0,0,0,0,0,0,0,0,0,0,0,0,0,0,0,0,1,0,0,0,0,0,0,0,0,0,0,0,0,0,0,0,0,0,1,0,0,0,0,0,0,0,0,0,0,0,0,1,0,0,0,0,0,0,0,0,0,0,0,0,0,0,0,0,0,0,1,0,0,0,0,0,2,0,0,0,0,0,0,0,0,0,0,0,0,0,0,0,0,0,0,0,0,0,0,0,0,0,0,0,0,0,0,0,0,0,0,0,0,0,0,0,0,0,0,0,0,0,0,0,0,0,0,0,1,0,0,0,1,0,0,0,0,0,0,0,0,0,0,0,0,0,1,0,1,0,0,0,0,0,0,0,1,0,0,0,0,0,0,0,0,0,0,0,3,0,0,0,1,0,0,0,0,0,0,0,1,0,0,0,0,0,0,0,0,0,0,0,0,0,0,0,0,2,0,0,0,0,0,0,0,0,0,0,0,0,1,1,0,0,0,0,0,0,0,0,0,0,0,1,0,0,4,2,0,0,0,0,0,0,0,0,0,0,0,0,0,0,0,0,0,0,0,0,0,0,0,0,0,0,0,3,1,0,0,0,0,0,0,0,0,0,0,0,0,0,1,0,0,0,0,0,1,0,0,0,0,0,0,0,0,0,0,0,0,0,0,0,0,0,0,0,0,1,0,0,0,0,0,0,1,0,0,0,0,0,0,0,0,0,0,1,0,0,2,0,1,0,0,0,0,0,0,1,1,0,1,0,0,0,0,0,0,1,0,0,0,0,0,0,0,0,0,0,0,1,0,0,1,0,0,0,0,1,0,0,1,0,0,0,0,0,0,0,0,1,0,1,0,0,0,0,0,0,0,0,0,0,1,0,0,0,0,0,0,0,0,0,0,0,0,0,0,0,0,0,0,0,0,0,0,0,0,0,1,0,0,0,3,0,0,0,0,1,0,0,0,0,0,0,0,0,0,0,0,0,0,0,1,0,0,1,1,0,0,0,0,0,1,0,0,0,0,0,0,0,1,0,0,2,2,0,0,0,2,0,0,0,0,0,0,0,0,0,0,0,0,0,0,0,0,0,0,0,0,0,0,0,0,0,0,1,0,0,0,0,0,0,0,0,0,0,0,0,0,0,0,0,0,0,0,0,1,0,0,0,0,0,0,1,0,0,0,0,0,0,0,0,0,0,0,0,0,0,0,1,0,0,0,0,0,1,0,0,0,0,0,0,0,0,0,0,0,0,0,0,0,0,0,0,0,0,1,0,0,0,0,1,0,0,0,0,0,0,0,0,0,1,0,0,0,0,0,0,0,0,1,0,0,0,1,1,0,0,0,0,0,0,1,0,0,0,2,0,0,0,0,0,0,0,0,0,0,0,0,0,0,0,0,0,0,0,0,0,0,0,0,0,0,0,0,0,0,0,0,0,0,0,0,0,0,0,0,2,0,0,0,0,0,0,1,0,0,0,0,0,0,0,0,0,0,0,0,0,0,1,0,0,0,0,0,0,0,0,0,0,0,0,0,0,0,0,0,1,0,1,0,0,0,0,0,0,0,0,0,0,0,0,0,0,0,0,0,0,0,0,0,0,0,0,0,0,0,0,0,0,0,0,0,0,0,0,0,0,0,0,0,1,0,0,0,0,0,0,0,0,0,0,0,0,0,0,1,0,0,2,0,0,1,0,0,0,0,0,0,0,0,0,0,0,0,0,1,0,0,0,0,0,1,1,0,0,0,0,0,0,0,0,2,0,0,1,1,0,0,0,0,0,0,0,0,0,0,0,0,0,0,0,0,0,1,0,0,0,0,0,0,0,0,0,0,0,0,1,0,0,0,0,0,0,0,0,0,0,2,0,0,0,0,0,0,0,0,0,0,1,0,0,0,0,0,2,0,0,0,0,0,0,0,0,0,0,0,0,0,0,2,0,0,0,0,0,0,0,0,0,1,0,0,0,0,0,0,0,0,0,0,0,0,0,0,0,0,0,0,0,0,0,0,0,0,0,0,1,0,0,0,0,0,0,0,0,0,0,0,0,0,0,0,1,0,0,0,2,0,0,0,0,0,0,0,1,0,0,0,0,1,0,0,1,0,0,0,0,0,0,1,0,0,0,0,0,0,0,0,0,0,0,1,1,0,0,0,0,0,0,0,0,0,0,0,0,0,0,0,0,0,0,0,0,0,0,0,0,0,0,0,0,0,0,0,0,0,0,0,1,0,0,0,0,0,0,0,0,0,0,0,0,0,0,0,0,1,0,0,0,0,0,0,0,0,0,0,0,0,0,0,0,0,2,0,2,1,0,0,0,0,0,0,0,0,0,0,0,0,1,0,0,0,0,1,0,0,0,0,0,2,3,0,0,0,2,0,0,0,0,0,1,0,0,0,0,0,0,0,0,0,0,0,0,0,0,1,0,1,0,0,0,0,0,0,0,0,0,0,0,1,0,0,0,0,0,0,0,0,0,0,0,0,0,0,0,0,0,0,1,0,0,0,0,0,0,1,0,0,0,0,0,0,0,0,1,0,0,0,0,0,0,0,0,0,0,0,0,1,0,0,0,0,0,0,0,0,0,0,0,0,0,1,0,0,0,0,0,0,0,0,1,0,0,0,0,0,0,0,0,1,0,0,0,0,0,0,0,0,0,0,0,0,0,0,0,0,0,0,0,0,0,0,0,0,0,0,0,0,0,0,2,0,0,1,0,0,0,0,1,0,0,0,0,0,0,0,0,0,0,0,0,0,0,0,0,0,0,0,0,0,0,0,0,0,0,0,0,1,0,0,0,0,0,1,0,0,0,0,0,1,0,0,0,0,0,0,0,0,0,0,0,0,0,0,0,1,0,0,0,0,0,0,0,0,0,0,0,0,0,0,0,0,0,0,0,0,0,1,0,0,0,0,0,0,0,0,0,0,0,0,0,0,0,0,0,0,0,0,0,0,1,0,0,0,0,0,0,0,0,0,0,0,0,0,0,0,0,0,0,0,0,0,0,0,0,0,0,0,0,0,0,0,0,0,0,1,0,0,2,0,1,0,3,0,0,0,0,1,0,0,0,1,0,0,0,0,1,0,0,0,0,0,0,0,0,0,0,1,0,0,0,0,0,0,3,0,0,0,0,0,0,0,0,0,0,0,0,0,0,0,0,1,1,0,0,0,0,0,0,1,0,0,0,0,0,0,0,0,0,0,0,0,0,0,0,0,0,0,0,0,1,0,0,0,0,0,0,0,0,0,0,0,2,0,0,0,0,0,0,1,0,1,0,0,0,0,0,1,0,0,0,0,0,0,0,0,0,0,0,0,0,0,0,0,1,0,0,0,0,0,1,0,0,0,0,0,0,0,1,0,0,0,0,0,0,0,0,0,0,0,0,0,0,0,0,0,0,0,1,1,0,0,0,0,0,0,0,0,0,0,0,0,0
LINC01550,0,0,0,0,0,0,0,0,0,0,0,1,0,0,0,0,0,0,0,1,0,0,0,0,1,0,0,0,1,0,0,0,0,0,0,0,1,0,0,0,0,0,0,1,0,0,0,0,0,2,0,0,0,0,0,0,0,0,0,1,0,0,0,0,1,0,0,0,0,0,0,0,1,0,0,0,0,0,0,0,0,1,0,0,0,0,0,0,0,1,0,0,0,0,0,0,0,0,0,0,0,0,0,1,0,0,0,0,0,0,0,2,0,0,0,0,0,0,0,0,0,0,0,0,1,0,0,0,0,1,0,0,0,0,0,0,0,1,0,0,1,0,0,0,0,0,0,0,0,0,0,0,0,1,0,0,1,0,0,0,0,2,0,0,0,0,0,1,0,0,0,0,0,0,0,0,1,0,0,0,0,0,0,0,0,0,1,0,0,0,0,0,0,0,0,0,0,0,0,0,0,0,0,0,0,0,0,0,0,0,0,0,0,0,0,0,0,0,0,0,0,0,0,0,0,0,0,0,0,1,0,0,0,2,0,0,0,0,0,0,0,0,0,0,0,0,0,0,0,0,1,0,0,0,0,0,0,0,0,0,0,0,0,0,1,0,1,1,1,0,0,0,0,0,0,0,0,0,0,0,0,0,0,0,1,0,0,0,0,0,0,0,0,0,0,0,2,1,0,0,0,0,0,1,0,0,0,0,0,0,0,0,2,0,0,0,0,0,0,0,1,0,0,0,0,0,0,0,0,1,1,0,0,0,0,0,0,0,0,0,0,0,0,0,0,0,0,0,0,1,0,0,0,0,0,1,0,0,0,0,0,0,0,0,0,0,0,0,0,0,0,0,0,0,0,1,0,0,0,0,0,0,2,0,0,0,0,0,0,0,0,0,0,0,0,0,0,0,0,0,0,0,0,0,0,0,0,0,0,0,0,0,0,0,0,0,0,0,0,0,0,0,0,0,0,0,0,0,0,0,0,0,2,0,0,0,0,0,0,0,0,0,0,0,0,0,0,1,0,0,0,0,0,0,0,0,0,0,0,0,0,0,1,0,0,0,0,0,0,0,0,0,0,2,1,0,0,0,0,0,0,0,0,0,0,0,0,0,0,0,1,0,0,0,0,0,0,0,0,0,0,0,0,0,0,0,0,0,0,0,0,0,0,0,0,0,0,0,0,0,0,0,0,0,0,0,0,0,1,0,0,0,0,0,0,1,0,0,0,0,0,0,0,0,0,0,0,0,0,0,0,0,0,0,0,0,0,0,0,0,1,0,0,0,0,0,0,0,0,0,0,0,0,0,0,0,0,0,0,0,0,0,0,0,0,0,0,0,0,0,0,0,0,0,0,0,1,0,0,0,0,0,0,1,0,0,0,2,0,1,0,0,0,0,0,0,0,0,0,0,0,0,0,0,0,0,0,0,0,1,0,1,0,0,0,0,0,0,0,0,0,0,0,0,0,0,0,1,1,0,0,0,0,0,0,0,0,0,0,0,0,0,0,0,0,0,0,0,0,0,0,0,0,0,0,0,0,0,1,0,0,0,0,0,0,0,0,0,0,0,0,0,0,0,0,0,0,1,0,0,0,0,0,0,0,0,1,0,0,0,0,1,0,0,0,0,0,0,0,0,1,1,1,0,0,0,0,0,0,0,0,0,0,0,0,0,0,0,0,0,0,1,0,0,0,0,0,0,0,0,0,0,0,0,0,0,0,0,2,0,0,0,0,0,0,0,0,0,0,0,0,0,0,1,0,0,0,0,0,0,0,0,0,0,0,0,0,0,0,0,0,0,1,0,0,0,0,0,0,1,0,0,0,0,0,0,0,0,0,0,0,0,0,0,0,0,0,1,0,0,0,0,0,0,0,0,0,0,0,0,0,0,0,0,0,0,0,0,0,0,0,0,0,1,0,0,0,1,0,2,0,0,0,1,0,0,0,0,0,0,0,0,2,0,0,3,0,0,0,0,0,0,0,0,0,0,0,0,0,0,0,0,0,0,0,0,0,0,0,0,0,0,0,0,0,0,0,0,0,0,0,0,0,1,0,0,0,0,0,0,0,0,0,0,0,1,0,1,0,0,1,0,0,0,0,0,0,0,0,0,0,0,0,0,0,0,0,0,0,0,0,0,0,0,0,0,0,0,0,0,0,0,0,1,0,0,0,1,0,0,0,0,0,0,0,0,1,0,0,0,1,0,0,0,0,0,0,0,0,0,1,0,0,0,0,0,0,0,0,0,0,0,0,0,0,0,0,1,0,0,1,0,0,0,1,0,0,0,0,0,0,1,0,0,0,2,0,0,0,0,0,0,0,1,0,0,0,0,0,0,0,0,0,0,0,0,0,0,0,0,1,0,0,0,0,0,0,0,0,0,0,0,1,0,0,0,0,1,0,0,0,0,0,0,0,0,0,0,0,0,0,0,0,0,0,0,0,0,0,0,0,0,0,1,0,0,0,0,0,0,0,1,1,0,1,0,0,0,0,0,2,0,0,0,0,0,0,0,0,0,0,0,0,0,0,0,0,0,0,0,0,0,0,0,0,0,0,0,0,0,1,0,1,0,0,0,0,0,1,0,0,0,0,0,0,0,0,0,0,0,0,0,0,0,0,0,0,0,2,0,0,0,0,0,0,0,0,0,0,0,0,0,0,0,1,0,0,0,0,0,0,1,0,1,0,0,0,0,0,0,0,0,0,0,0,0,0,0,0,0,0,0,0,0,0,0,0,0,0,0,0,0,0,0,0,0,0,0,0,0,0,0,1,0,0,0,0,0,0,0,0,0,0,0,0,0,0,0,0,0,0,0,1,0,0,0,0,0,0,0,0,0,0,0,0,0,0,0,0,0,1,0,0,0,0,0,0,0,0,0,0,0,0,0,0,2,0,0,0,0,0,0,0,1,0,0,1,0,0,0,0,2,0,0,0,0,0,0,0,0,0,0,0,0,0,0,0,1,0,0,0,0,0,0,0,0,0,1,0,0,0,0,0,0,0,1,0,0,0,0,2,0,0,0,0,0,0,0,0,0,0,0,0,0,1,0,0,0,0,0,0,0,0,0,0,2,0,0,0,0,0,0,0,0,0,0,0,0,0,0,0,0,2,0,0,0,0,0,0,0,0,0,0,0,0,0,0,0,0,0,0,0,1,0,0,0,0,0,0,0,0,0,0,0,0,0,0,0,0,0,3,0,0,0,0,1,1,0,0,0,0,0,0,0,0,0,0,0,0,0,0,0,0,0,0,0,0,0,0,0,0,0,1,0,0,0,1,1,0,0,0,0,0,0,0,0,0,0,0,0,1,1,0,0,0,0,0,0,0,0,0,0,0,0,0,0,0,0,0,0,0,2,0,1,0,0,1,0,0,0,0,0,1,0,0,0,0,0,0,1,0,0,0,0,0,0,0,0,0,0,0,0,0,0,0,0,1,0,0,0,0,0,0,0,0,0,0,0,0,0,2,0,0,0,0,0
DMXL2,0,0,0,0,0,0,0,0,0,0,1,0,0,0,0,1,0,0,0,0,0,0,0,0,0,0,0,0,0,0,0,0,0,0,0,0,0,0,0,0,0,0,1,1,0,0,0,0,0,0,0,0,1,0,0,0,0,0,0,0,1,0,0,0,0,0,1,0,0,0,0,0,0,0,0,0,0,0,0,0,0,0,0,0,0,0,0,0,0,0,0,0,0,0,0,0,0,0,0,0,0,0,0,0,0,0,0,0,0,0,0,0,0,1,0,0,0,0,0,0,0,2,0,0,0,0,0,0,0,0,0,0,0,0,0,0,0,0,0,0,0,0,0,0,1,0,0,0,0,0,2,0,0,0,0,0,0,0,0,0,0,0,0,0,0,0,0,0,0,0,0,0,0,0,1,0,0,0,0,0,0,0,0,0,1,0,0,0,1,0,0,0,0,0,0,0,0,0,0,0,0,0,2,0,0,0,0,0,0,0,0,0,0,0,0,0,0,0,0,0,0,0,0,0,0,0,0,1,0,0,0,0,0,0,1,0,0,0,0,0,0,0,0,0,0,0,0,1,2,1,0,1,0,0,0,0,0,0,0,0,0,0,0,0,0,0,0,0,0,0,0,0,0,1,0,0,0,0,2,0,1,0,0,0,0,0,0,0,0,0,0,0,0,0,0,0,0,0,1,0,0,0,0,0,0,0,0,0,0,0,0,0,0,0,0,0,0,0,0,0,0,0,0,0,0,0,0,0,0,0,0,0,0,0,2,0,0,1,0,0,0,0,0,0,0,0,0,0,0,0,0,0,0,0,0,0,0,0,1,2,0,0,0,0,0,0,0,0,0,0,0,0,0,0,0,0,0,0,0,0,0,0,1,0,0,0,0,0,0,0,0,1,0,0,0,3,0,0,0,0,0,0,0,0,0,0,0,0,0,0,0,0,0,0,0,0,0,0,0,0,0,0,0,0,0,0,0,0,0,0,0,0,0,0,0,0,0,0,0,0,0,0,0,0,1,0,0,0,0,0,0,0,2,0,0,0,0,0,1,0,0,0,0,0,0,0,0,0,0,1,1,1,0,0,0,0,0,0,0,0,1,0,0,0,1,0,0,0,0,2,0,0,0,0,0,1,0,0,0,0,0,0,0,0,0,0,0,0,0,0,0,0,0,0,0,0,0,0,0,0,0,0,0,0,0,0,0,0,0,0,0,0,0,0,0,0,0,0,0,0,0,0,0,0,0,0,1,0,0,0,0,0,0,0,1,0,0,0,0,0,0,0,0,0,0,0,0,0,0,0,0,0,0,0,0,0,0,0,0,0,0,0,0,0,0,0,0,0,0,0,0,0,0,1,0,0,0,0,0,0,0,0,0,0,0,0,2,0,0,0,0,0,0,0,0,0,0,0,0,1,0,0,0,0,0,0,0,0,0,0,0,0,0,0,0,0,0,0,0,0,0,0,0,1,0,0,0,0,0,0,0,0,0,0,0,2,0,0,0,0,0,0,0,0,0,0,0,0,0,0,0,0,0,0,0,0,0,0,0,0,0,0,0,0,0,0,0,0,0,0,0,0,0,0,0,0,0,0,0,0,0,0,0,0,0,0,0,0,0,0,0,0,0,0,0,0,0,0,0,0,0,0,0,0,0,0,0,0,0,0,0,0,0,0,0,0,0,0,0,0,0,0,0,1,0,0,0,0,0,0,0,0,0,0,0,0,0,0,0,0,0,1,0,0,0,1,0,0,0,0,0,0,0,0,1,0,1,0,0,0,1,0,0,0,0,0,0,0,0,0,0,0,0,0,0,0,1,0,0,0,0,0,0,0,0,0,0,0,0,0,0,1,0,0,0,0,0,0,0,0,0,0,0,0,0,0,0,0,0,0,0,0,0,2,0,0,0,0,1,0,0,0,0,0,0,0,0,0,0,0,0,0,0,0,0,0,0,1,0,0,0,0,0,0,0,0,0,0,0,0,0,1,1,0,0,0,0,1,0,0,0,0,0,0,0,0,0,0,0,0,0,0,0,0,0,0,0,0,0,0,0,0,0,0,0,0,0,0,0,1,1,0,0,0,0,0,0,0,0,0,0,0,0,0,0,0,0,0,0,0,1,0,0,0,0,0,0,1,0,0,0,0,0,0,0,0,0,2,0,0,1,0,0,0,0,0,0,0,0,0,0,0,0,0,0,0,0,0,0,0,0,0,0,0,0,0,0,0,0,0,0,0,0,0,0,0,0,0,0,0,0,0,0,0,0,0,0,0,0,0,0,0,0,0,0,0,0,0,1,0,0,0,0,0,0,0,0,0,0,0,0,0,0,0,0,0,0,1,0,0,0,0,0,0,0,1,0,0,0,0,0,0,0,0,0,0,0,0,0,0,0,0,0,0,0,0,0,0,0,0,0,0,0,0,1,0,0,1,0,0,2,0,0,0,0,0,0,0,0,1,0,0,0,0,0,0,0,0,0,0,2,0,0,0,0,1,0,0,1,0,0,0,0,1,0,0,0,0,0,0,0,0,0,0,0,0,1,0,0,0,0,0,0,0,0,0,0,0,0,0,0,0,0,0,0,0,0,0,0,0,0,0,0,0,0,0,0,0,0,0,0,0,0,0,0,0,0,0,0,0,0,0,0,0,0,0,0,0,0,0,0,0,0,0,0,0,0,0,0,0,0,0,0,0,0,0,0,0,0,0,0,0,0,0,0,0,0,0,0,0,0,0,0,0,0,0,0,2,0,0,0,0,0,0,0,0,0,0,0,0,0,0,0,0,0,0,0,0,0,0,0,0,0,0,0,0,0,0,0,0,0,0,0,0,0,0,0,0,0,0,0,0,1,0,0,0,0,0,0,0,0,0,1,0,0,0,0,0,0,0,0,0,0,0,0,0,0,0,0,0,0,0,0,0,0,0,0,0,0,0,0,0,0,0,0,0,0,0,0,0,2,0,0,1,0,0,1,0,0,0,0,0,0,0,0,0,0,0,0,0,0,0,0,0,0,0,0,0,0,0,0,0,0,0,0,0,0,0,1,0,0,0,0,0,0,0,0,0,0,0,0,0,0,0,0,0,0,0,0,0,0,0,0,0,1,0,0,1,0,0,0,0,0,0,0,0,0,0,0,0,0,0,0,0,0,0,0,0,0,0,1,0,0,0,0,0,0,0,0,1,0,1,0,0,0,1,0,0,0,0,0,0,0,0,0,0,0,0,0,0,0,0,1,1,1,0,0,0,0,0,0,0,0,0,0,0,0,0,0,0,0,0,0,0,2,0,0,0,0,1,0,0,0,0,0,2,0,0,0,0,0,0,0,0,0,0,0,1,0,0,0,0,0,1,0,0,0,0,0,1,0,0,0,0,0,0,0,1,0,0,0,0,0,0,0,0,0,0,0,0,0,2,0,0,0,0,0,0,0,0,0,0,0,0,0,0,0,0,0,0,0,0,0,0,0,0,1,0,0,0,0,0,0,0,0,0
LOC105369332,0,0,0,0,0,0,1,0,0,0,0,0,0,0,0,0,0,0,0,0,0,0,0,0,0,0,0,0,0,0,0,0,0,0,0,0,0,0,1,0,0,0,0,0,3,0,0,1,0,0,0,0,0,0,0,0,0,0,0,0,0,0,0,0,0,0,0,0,0,0,0,0,0,0,0,0,0,0,0,0,0,0,0,0,0,0,0,0,0,1,0,0,0,0,0,0,0,0,0,0,1,0,0,0,0,0,0,0,0,1,0,0,0,0,0,0,0,0,0,0,1,0,0,0,0,0,0,0,0,0,0,0,0,0,0,2,0,0,0,0,0,0,0,2,0,0,0,0,0,0,0,0,0,0,0,0,0,0,0,0,0,0,0,0,0,0,0,0,0,0,0,0,0,0,0,0,0,0,0,0,1,0,0,0,0,0,0,0,0,0,0,0,0,0,1,0,0,0,0,0,0,0,0,0,0,0,0,0,0,0,0,0,0,0,0,0,0,0,0,1,1,1,0,0,0,0,0,0,0,0,0,0,0,0,0,0,0,0,0,0,0,0,1,0,0,0,0,0,0,0,0,0,0,0,1,0,0,0,0,0,0,0,0,0,0,0,0,0,1,0,0,0,0,0,0,0,0,0,0,0,0,0,0,0,0,0,0,0,1,0,0,0,0,0,0,0,0,0,0,0,0,0,0,0,0,0,0,0,0,0,0,0,0,0,0,0,0,0,0,0,0,1,0,0,0,1,0,0,0,1,1,0,0,0,0,0,0,0,0,0,0,0,0,0,0,0,0,0,0,0,0,0,0,1,0,0,0,0,0,0,0,1,0,0,0,0,0,0,0,0,0,0,0,0,0,0,0,0,1,0,0,0,0,0,0,0,0,0,0,0,0,0,0,1,0,0,2,0,0,0,0,0,1,0,0,0,0,1,0,0,0,0,0,0,0,0,0,1,0,0,1,0,0,0,0,0,0,0,0,0,0,0,0,0,0,0,0,0,0,0,0,0,0,0,0,0,0,0,0,0,0,0,0,0,0,0,0,0,0,1,1,0,0,1,0,0,0,0,0,0,0,0,0,0,0,0,0,0,0,0,0,0,0,0,1,2,0,0,0,0,0,0,0,0,0,0,0,0,1,0,0,1,0,0,0,0,1,0,0,0,0,0,0,0,0,0,0,0,0,0,0,0,0,0,0,0,0,0,0,0,0,0,0,1,0,0,0,0,0,0,0,0,0,0,0,0,0,0,0,0,0,0,0,0,0,0,0,0,0,0,0,0,0,1,0,0,0,1,0,0,1,0,0,1,0,0,0,0,0,0,0,0,0,1,0,0,0,0,1,0,0,0,0,0,0,0,0,0,0,0,0,0,1,0,0,1,0,0,0,0,0,0,0,0,0,0,0,0,0,0,0,1,0,0,0,0,0,1,0,0,0,1,0,0,0,0,0,0,0,0,0,0,0,0,0,0,0,0,0,0,0,0,0,0,0,0,0,1,0,0,0,1,0,0,0,0,0,0,0,0,0,0,0,0,0,0,0,0,0,0,0,0,0,1,0,0,0,0,0,2,0,0,0,0,0,0,0,0,0,0,0,0,0,0,0,0,0,0,0,1,0,0,0,1,0,0,0,0,0,0,0,0,0,0,0,0,0,0,0,0,0,0,1,0,0,2,0,0,0,0,0,0,1,0,0,0,0,0,0,0,0,0,0,0,0,0,0,0,0,0,0,0,0,0,0,1,0,0,0,0,0,0,0,0,0,0,0,0,0,0,1,0,0,0,0,0,0,1,0,0,0,0,0,0,0,0,0,1,0,1,0,0,0,0,0,0,1,0,0,0,0,0,0,0,2,0,1,1,0,0,0,0,0,0,0,0,0,0,1,1,0,1,0,0,0,0,0,0,0,0,1,0,0,0,0,0,0,1,0,0,0,0,0,0,0,0,0,0,0,0,0,0,0,0,0,0,0,0,0,0,0,0,0,0,0,0,0,0,0,0,0,0,0,1,0,0,0,0,0,0,0,0,0,0,0,0,0,0,1,1,0,0,0,0,0,0,0,1,0,1,0,0,2,0,0,0,0,1,0,1,0,0,0,0,0,0,0,0,0,0,0,2,0,0,0,0,0,1,0,0,0,1,0,0,0,0,0,0,0,0,0,0,0,0,0,0,0,0,0,0,0,0,5,0,0,0,0,0,0,0,0,0,0,0,1,1,0,0,0,0,0,0,0,0,0,0,0,0,0,1,0,1,0,0,0,0,1,0,0,0,0,2,0,0,0,0,0,0,0,0,0,0,0,1,0,2,0,0,0,0,0,0,0,0,0,0,0,0,0,0,0,0,0,0,1,0,1,0,0,0,0,0,0,0,0,0,0,0,0,0,0,0,0,1,1,0,0,0,0,0,0,0,0,0,0,0,0,0,0,0,0,0,1,0,0,0,0,0,0,0,0,0,0,0,0,0,0,0,1,0,0,0,0,0,0,0,0,0,0,0,0,0,0,0,0,0,0,0,0,0,0,0,0,0,0,1,0,0,0,0,0,0,0,0,0,0,0,1,0,0,0,0,0,0,0,0,0,0,0,0,0,0,0,0,0,0,0,0,0,0,2,0,0,0,0,0,0,0,0,0,0,0,0,0,0,0,0,0,0,0,0,0,0,0,0,0,0,0,0,0,0,1,1,0,0,1,0,0,0,0,0,0,0,0,0,0,0,0,0,0,1,0,0,0,0,0,0,0,0,0,4,0,0,0,0,0,0,0,0,0,0,0,1,0,0,0,0,0,0,0,0,0,0,0,0,0,0,0,0,0,1,1,0,0,0,0,0,1,0,0,0,0,0,0,0,0,0,0,0,0,0,0,4,0,0,1,0,0,0,0,0,0,0,0,0,0,0,0,0,0,0,0,0,0,0,0,0,0,0,0,0,1,0,0,0,0,0,0,0,0,0,0,1,0,0,0,0,0,0,1,0,1,0,0,0,0,0,0,0,0,0,0,0,1,0,0,0,0,0,2,0,0,0,0,0,1,0,0,0,0,0,0,0,0,0,0,0,0,0,0,0,0,0,0,0,0,0,0,0,0,0,0,0,0,0,1,0,1,0,0,0,0,0,0,2,0,0,0,0,0,0,0,0,0,0,0,0,0,0,0,0,0,0,0,0,0,0,0,0,0,0,0,0,0,0,0,0,0,0,0,0,0,0,1,0,0,0,0,0,0,0,0,0,0,0,0,0,0,0,0,0,0,0,0,1,0,1,0,0,0,0,0,1,0,0,0,0,0,0,0,0,0,0,0,0,0,0,0,0,0,0,0,0,0,0,0,0,0,0,0,0,0,0,1,0,0,0,0,0,0,0,0,0,0,0,0,0,0,0,0,0,3,0,1,0,0,0,0,0,0,0,0,0,0,0,0,0,0,0,0,0,0,0,0,0,0,1,1,0,0,0,0,0,1,0,0,0,1,0,0,0,1,0,0,0,0
TNRC6B,0,0,0,0,0,0,0,1,0,0,0,0,1,0,0,1,0,0,0,0,2,0,0,0,0,1,1,0,1,1,1,2,1,2,0,0,2,0,3,1,1,1,0,0,1,1,0,0,0,0,2,0,0,0,1,0,0,1,0,0,2,1,0,0,0,0,0,0,1,2,0,0,0,0,1,0,0,0,0,0,1,2,0,0,0,2,0,0,1,0,3,0,1,0,1,0,1,0,1,1,0,0,1,0,1,0,0,0,0,1,0,0,0,0,0,3,0,2,0,0,0,0,0,1,1,0,0,0,0,4,0,0,0,0,1,1,1,1,0,1,2,0,1,2,2,1,0,0,0,1,0,0,0,0,1,1,0,0,0,0,0,0,1,0,1,0,1,2,0,0,1,0,0,1,1,0,0,1,2,1,0,2,0,1,0,0,1,3,0,0,0,2,0,0,1,1,0,1,0,1,1,1,1,1,2,1,0,0,2,1,1,1,0,2,0,0,2,1,1,1,0,0,0,1,0,0,1,1,0,0,0,1,0,0,0,2,0,0,0,1,0,2,1,0,0,1,0,0,0,0,1,0,1,0,0,3,1,0,0,1,1,1,0,0,1,0,3,0,0,0,0,1,0,1,1,1,0,0,0,1,1,0,1,0,1,0,0,0,2,0,1,0,0,1,0,0,0,0,1,1,0,0,1,2,0,0,0,0,1,2,0,1,1,0,1,0,0,1,0,1,0,0,0,0,1,1,1,5,0,0,0,0,0,0,0,0,0,0,0,1,0,1,1,0,2,1,1,0,0,0,0,0,1,1,0,0,0,6,1,0,0,0,0,0,1,1,1,0,0,1,0,0,1,0,0,0,0,1,1,0,0,0,0,0,0,0,3,5,0,0,0,0,0,0,0,1,0,0,0,0,1,0,0,1,0,2,0,0,1,0,0,0,0,0,0,2,2,0,2,1,0,2,1,1,2,0,0,0,0,1,0,0,0,0,1,1,0,0,2,2,0,1,0,0,0,0,0,0,0,0,0,0,2,0,0,0,0,0,1,1,1,1,0,0,1,1,1,0,0,0,0,0,0,2,1,1,0,0,0,1,1,2,0,0,0,0,0,1,1,2,0,0,0,0,0,1,1,0,3,1,0,1,0,0,0,0,0,0,0,2,0,0,0,0,0,0,0,0,0,0,0,0,2,0,0,1,1,2,0,0,1,1,0,1,1,0,0,1,0,1,0,0,0,0,1,0,0,0,0,0,0,1,0,0,0,0,0,0,1,0,0,1,1,0,0,1,0,1,0,0,2,0,0,0,0,1,0,1,0,0,0,0,0,0,0,1,2,1,1,0,1,0,0,1,0,0,0,1,0,0,0,1,0,1,0,0,0,0,2,3,1,1,0,0,1,1,1,2,0,1,1,0,0,0,1,0,2,1,0,1,1,0,1,0,1,0,0,2,0,0,0,0,0,0,0,0,1,1,1,2,1,0,1,0,0,0,0,1,0,0,2,0,2,0,1,0,1,0,2,0,0,1,1,1,0,2,0,0,0,0,0,0,0,0,0,1,0,0,0,0,0,0,1,0,0,1,0,2,1,1,0,1,1,0,0,1,1,0,1,2,0,1,0,0,0,0,0,0,1,1,0,0,0,1,0,1,3,1,0,1,0,0,1,0,0,1,0,1,1,0,0,0,0,0,0,1,1,0,0,0,1,0,0,1,1,0,0,0,0,1,0,0,3,1,2,1,0,1,0,0,2,0,1,0,0,0,1,0,1,0,1,0,0,1,0,0,0,1,2,1,0,0,1,0,1,0,0,1,0,1,0,0,0,0,0,0,0,1,0,0,0,0,0,1,1,1,1,1,0,1,0,0,0,2,0,1,1,0,2,0,0,0,0,0,0,1,1,1,0,2,0,1,1,1,0,1,0,1,1,1,0,0,0,0,2,0,0,0,2,0,2,2,0,1,2,0,2,0,0,0,0,0,0,0,0,0,0,0,1,0,1,2,1,0,1,0,1,0,0,2,2,1,0,0,0,1,0,2,3,0,0,1,1,1,0,0,0,2,0,0,0,0,0,2,0,0,0,1,0,0,1,0,0,1,0,0,0,0,2,0,1,2,2,0,0,0,0,1,1,0,0,2,0,1,0,1,1,0,0,1,0,0,1,1,1,0,0,0,0,1,0,0,0,1,1,0,4,0,2,0,0,1,0,2,1,2,1,1,1,1,0,0,1,3,2,1,0,0,0,0,0,1,0,0,0,0,0,1,1,0,0,1,0,0,1,1,2,1,0,1,0,1,1,1,2,1,2,0,1,1,1,0,0,1,0,0,1,0,1,0,0,0,0,1,0,1,0,1,1,0,0,0,1,0,0,0,0,0,1,0,0,0,1,1,0,0,0,0,0,1,2,0,0,2,0,0,1,0,0,0,1,0,0,0,0,1,2,1,1,1,1,0,3,2,0,1,0,1,0,1,0,4,0,1,2,0,1,0,0,0,0,0,1,0,1,0,0,0,1,0,0,1,1,0,1,0,1,0,0,0,1,1,1,1,0,1,1,0,1,2,0,0,0,0,0,0,0,0,0,2,1,0,0,0,2,1,1,1,1,0,1,0,2,0,0,0,0,0,0,1,0,0,0,0,0,0,0,1,0,0,0,0,0,0,2,0,1,2,0,0,0,1,0,0,2,0,0,0,0,0,1,0,0,0,0,1,1,1,0,1,1,1,0,0,0,2,0,0,1,0,1,1,0,0,0,0,0,0,1,0,0,1,0,0,1,0,0,0,1,0,1,0,0,0,0,3,0,0,0,0,0,0,0,0,0,1,1,1,2,0,0,0,1,1,0,1,1,1,1,0,1,0,0,0,0,1,0,0,1,0,1,0,0,0,0,0,0,1,0,1,0,1,0,3,0,0,2,0,0,0,0,0,0,2,0,1,0,1,0,0,1,0,2,0,1,1,1,0,3,2,0,0,0,0,1,1,1,0,1,1,0,2,0,1,1,0,0,1,0,0,0,0,0,0,0,0,0,0,2,0,0,1,0,0,1,1,1,0,0,0,0,0,0,0,0,0,1,1,0,1,0,0,0,1,0,2,0,0,0,0,0,0,0,0,1,2,0,1,1,0,0,1,1,0,0,0,0,0,1,3,0,0,0,0,0,2,0,0,0,2,1,0,0,1,0,0,0,3,0,2,3,0,0,0,1,0,0,0,0,0,0,0,0,0,0,0,2,0,0,0,1,1,1,1,0,1,0,0,0,1,1,1,1,1,1,0,0,1,0,0,0,0,2,0,1,0,0,1,3,1,0,3,1,1,1,1,1,0,0,2,0,1,0,0,0,1,0,0,1,1,0,0,1,0,1,0,0,1,1,0,0,1,0,1,0,1,0,2,0,1,0,1,0,1,0,1,0,0,0,1,0,0,0,0,0,0,1,0,0,0,0,0,1,0,2,0,0,1,0,1,0,0,1,0,1,0
NA..29,1,0,1,0,0,0,0,0,0,0,0,0,0,0,0,0,0,1,0,0,0,0,0,1,0,0,0,0,0,0,1,0,0,0,0,0,0,0,0,0,0,0,0,0,0,1,0,0,0,0,0,0,1,1,0,0,0,0,1,0,0,0,0,0,1,0,2,0,1,0,0,1,2,0,0,1,0,0,0,0,0,1,1,0,0,0,1,0,0,0,0,1,0,0,0,0,0,1,0,1,0,0,0,1,0,0,0,1,0,0,0,0,0,1,0,2,0,1,0,0,0,0,2,2,0,0,0,0,0,0,0,1,0,0,1,0,0,1,0,0,0,0,0,0,0,1,0,0,0,0,0,0,0,0,0,0,3,0,0,0,0,0,0,0,2,0,0,1,0,0,1,1,0,0,0,0,2,0,0,0,0,0,0,0,0,0,0,1,0,0,0,1,2,0,1,0,0,1,0,0,0,0,0,1,0,0,0,3,0,0,0,1,1,0,1,0,0,0,0,1,0,0,0,1,0,0,0,0,0,0,1,0,0,0,1,0,0,0,0,0,0,0,0,0,2,0,0,0,0,0,1,0,0,0,0,0,1,1,0,0,0,0,0,0,1,2,2,0,0,2,1,0,0,0,0,0,0,0,0,0,0,0,1,1,2,0,0,0,0,0,0,0,0,1,1,0,0,0,0,1,1,1,0,0,0,0,1,0,0,0,0,0,0,0,0,0,1,1,0,0,3,0,0,0,0,1,0,2,0,0,0,0,0,0,0,0,0,0,1,0,0,1,0,0,0,0,1,0,0,0,2,0,0,0,0,0,1,0,0,0,0,0,0,0,0,2,0,0,0,0,0,0,1,0,0,0,0,1,0,1,0,0,0,0,0,1,0,0,0,1,0,1,0,0,2,0,0,0,0,0,0,0,0,0,0,0,0,0,0,0,1,0,0,0,0,0,0,0,0,0,1,0,1,2,0,0,1,0,0,1,0,1,2,1,0,0,0,1,0,0,0,0,0,0,0,0,2,1,0,0,1,0,0,0,1,0,0,0,1,0,0,0,1,1,1,0,0,0,0,0,0,0,1,0,1,0,0,0,1,0,0,1,2,0,0,1,2,0,0,0,0,0,0,0,0,0,1,0,0,0,0,0,0,0,2,0,0,0,0,0,0,0,0,0,0,1,0,0,0,0,0,1,1,0,0,0,0,0,0,0,0,0,0,0,0,0,1,0,0,0,0,0,0,0,0,0,0,0,0,0,0,0,0,1,0,0,0,0,0,0,0,0,0,0,0,1,0,2,0,0,0,0,1,0,0,0,0,0,0,0,0,1,0,0,1,1,0,0,0,0,0,0,1,0,0,0,0,0,1,1,0,0,0,0,0,0,2,1,0,2,0,0,0,1,2,0,0,0,0,0,1,1,2,0,0,0,1,0,0,0,1,1,0,0,1,0,0,0,0,0,0,0,1,0,0,0,0,2,1,0,0,0,1,0,0,0,0,0,0,0,0,1,0,1,0,1,0,0,0,0,0,1,0,0,0,2,1,0,0,0,0,0,1,0,0,0,0,0,0,0,1,0,0,1,0,0,0,0,0,0,0,0,0,0,0,0,0,0,0,0,0,0,0,0,0,1,1,0,0,1,1,0,0,0,0,0,0,4,0,0,0,0,0,0,0,1,0,0,0,0,0,0,0,1,0,2,0,0,0,0,0,1,0,0,0,0,0,0,1,1,0,0,0,0,0,0,0,0,0,0,2,1,0,0,0,0,0,0,0,0,0,0,0,0,0,0,1,1,1,0,1,1,0,0,0,0,0,1,0,1,1,1,0,0,0,1,0,0,0,1,1,0,0,0,0,0,1,1,0,1,0,0,0,0,0,0,0,1,1,0,0,0,0,0,0,0,0,0,0,0,1,0,0,0,0,1,1,0,0,1,0,0,0,0,0,0,0,0,0,0,0,0,0,1,0,0,1,0,1,0,0,0,0,0,0,1,1,0,0,1,2,0,0,0,0,0,0,0,0,0,1,0,0,0,0,0,0,1,0,0,0,0,0,1,0,1,0,1,0,0,0,2,0,1,0,0,0,0,0,0,1,0,0,0,0,0,0,0,0,1,0,0,1,0,0,1,0,0,0,0,0,1,0,0,1,1,3,1,0,0,0,0,0,0,0,0,0,0,0,0,2,0,0,0,0,0,0,0,0,0,1,1,0,1,2,0,1,1,0,1,0,2,0,1,0,0,0,0,0,0,0,0,0,1,1,1,0,0,0,0,1,0,0,0,0,0,1,0,0,0,0,1,0,2,0,0,1,0,0,0,0,0,0,0,1,0,0,0,1,0,0,0,0,1,0,1,0,0,0,0,0,0,3,0,0,0,1,0,0,0,2,0,0,0,1,0,0,0,0,0,0,2,0,0,0,2,0,1,0,1,0,0,0,0,1,0,0,0,0,0,0,0,0,0,0,2,0,0,0,0,0,1,0,0,0,0,0,0,0,0,0,0,0,0,0,0,0,0,0,0,1,1,0,0,0,0,0,1,2,0,1,0,0,0,0,0,0,0,0,0,1,0,0,1,3,1,1,2,0,1,1,1,0,1,0,0,0,0,0,0,0,0,0,0,0,1,0,0,0,0,0,0,0,0,1,0,0,0,0,1,2,1,0,2,0,1,1,1,0,0,1,0,0,1,0,0,0,0,0,0,1,1,0,0,0,0,0,1,1,0,1,0,0,0,0,0,0,0,1,0,1,0,0,1,0,0,1,1,2,0,0,1,0,0,0,2,0,0,0,1,0,0,0,0,0,0,0,0,0,0,0,1,0,0,1,0,0,0,1,0,0,1,0,0,0,1,0,1,0,0,2,0,0,0,1,0,0,0,1,1,1,1,0,1,0,0,0,0,0,0,0,1,0,0,1,0,0,0,0,0,0,0,0,0,0,0,0,0,0,0,0,0,0,0,0,0,1,0,0,0,0,0,0,1,0,1,1,0,2,0,2,1,0,0,0,1,1,0,1,0,0,0,0,0,0,0,0,0,0,0,1,0,0,0,0,0,0,2,0,0,0,0,0,0,0,0,0,0,0,1,1,0,0,0,0,1,0,3,1,0,0,0,1,1,0,1,0,0,1,0,1,1,0,0,0,1,0,0,0,0,1,2,0,1,1,0,0,0,0,0,1,0,0,0,1,0,0,0,0,0,0,1,2,0,0,0,0,0,0,0,0,0,1,0,0,0,0,1,0,0,1,0,0,0,0,0,0,0,0,0,0,1,1,0,0,0,0,0,1,0,2,0,0,0,0,0,0,0,0,0,0,0,1,1,0,0,0,0,0,0,0,1,0,0,1,0,0,1,0,1,0,0,0,3,1,0,1,0,0,0,1,0,2,0,1,0,0,0,0,1,0,0,0,0,0,0,0,0,0,0,0,0,0,2,0,0,1,0,0,0,0,0,0,0,1,0,0,0,1,0,0,2,0,0,0,1
RASSF3,1,0,0,0,0,0,1,1,0,0,0,0,1,0,0,0,0,0,0,1,0,0,0,0,0,0,0,0,0,0,1,0,0,0,0,0,0,0,0,0,0,0,0,0,0,0,0,0,0,0,1,0,0,0,1,1,0,0,0,0,0,0,0,0,0,1,0,0,0,0,0,0,0,2,1,0,0,1,0,0,1,0,1,1,0,0,1,0,0,0,0,0,1,2,0,1,1,0,0,1,0,0,0,0,0,0,0,0,3,0,0,0,1,0,0,1,0,0,0,0,0,0,0,0,0,0,0,0,2,1,0,0,1,0,0,1,0,0,1,0,0,0,1,0,0,0,0,0,0,1,0,0,0,2,0,0,0,0,0,0,0,0,0,0,0,1,0,0,0,0,0,0,0,0,0,0,0,1,0,0,0,0,0,0,1,0,0,0,0,0,0,0,0,0,0,0,0,0,0,0,0,0,0,0,2,0,0,0,0,0,0,1,0,0,0,0,0,0,1,0,0,0,0,0,0,0,0,0,0,2,0,0,0,0,0,0,0,0,0,0,0,0,0,0,0,1,0,0,1,1,0,0,0,0,0,0,0,0,0,1,1,0,0,0,1,0,0,1,0,0,0,1,1,0,0,0,0,0,0,1,0,0,0,1,1,0,0,0,0,0,0,0,0,0,0,0,0,0,0,0,0,0,0,0,1,0,0,0,0,0,0,0,0,0,0,1,0,0,0,1,0,0,0,0,0,0,0,0,0,0,0,0,0,0,0,1,0,0,0,0,1,0,0,0,0,0,0,1,1,0,1,0,0,1,0,0,0,1,1,0,0,0,0,0,0,1,1,0,0,1,0,0,0,0,1,0,0,0,0,2,0,0,0,0,0,0,0,0,1,0,0,1,1,0,0,0,1,0,0,1,1,0,0,0,0,0,0,1,0,0,1,0,0,0,0,1,2,0,1,0,0,0,0,0,0,0,1,0,0,0,0,0,0,0,0,0,1,0,0,0,0,1,0,0,1,1,0,0,0,0,0,0,0,0,2,1,0,0,0,0,1,0,0,0,1,0,0,0,0,0,0,0,0,0,0,0,1,0,0,0,0,0,0,1,0,0,0,1,0,0,0,1,0,0,0,1,0,0,0,0,0,0,1,0,0,0,0,0,0,0,0,0,0,0,0,0,0,0,0,1,1,0,0,3,0,1,0,0,0,0,0,0,0,0,0,0,0,0,0,0,0,1,0,0,0,0,1,0,0,0,0,1,0,0,0,1,0,0,0,0,0,0,0,0,0,0,1,0,0,0,1,0,1,0,0,1,0,1,0,0,0,0,0,1,0,0,0,0,0,0,0,0,0,3,0,0,0,0,0,0,0,0,0,0,0,1,1,0,1,0,0,0,0,0,0,1,0,0,0,0,0,1,0,0,0,0,1,2,0,1,0,0,0,0,1,0,0,0,0,0,0,0,0,0,0,1,0,0,1,0,0,0,0,1,0,2,0,0,0,0,0,1,0,0,0,0,0,0,0,0,0,0,0,0,1,0,0,0,0,0,0,0,0,0,0,0,0,0,0,1,0,0,0,1,0,0,0,0,0,0,0,1,0,0,0,0,0,0,0,1,0,0,0,0,0,0,1,0,0,0,0,0,0,0,0,0,0,0,1,0,0,0,0,0,0,0,1,0,0,0,0,0,0,0,0,0,0,0,0,1,0,0,0,0,0,0,0,0,0,0,0,1,0,0,0,0,0,0,0,0,0,1,0,0,0,0,0,0,1,1,0,0,0,0,0,0,0,0,0,1,0,0,1,0,1,0,1,0,0,0,2,1,0,0,0,0,0,0,1,1,0,1,0,1,1,1,1,0,0,0,0,1,0,0,0,1,0,0,0,0,0,0,2,0,1,0,0,0,0,0,1,1,0,0,0,1,0,0,0,0,0,1,0,0,0,0,0,0,0,1,1,0,1,0,0,1,1,0,0,1,0,0,0,0,0,0,0,0,0,0,0,1,0,0,0,0,1,0,0,0,0,0,0,0,0,0,0,0,0,0,0,0,0,0,0,0,0,0,0,1,0,0,1,0,0,0,0,0,0,0,1,0,0,0,0,1,0,0,0,0,1,0,1,0,0,0,0,1,0,0,0,0,2,0,1,0,0,1,1,1,1,0,0,0,0,0,0,0,0,0,0,0,0,0,2,1,1,0,0,0,0,0,0,0,2,1,0,0,0,0,0,0,0,0,0,0,1,0,0,1,0,1,0,0,0,0,0,0,0,0,0,0,1,0,0,0,1,0,0,0,1,0,1,0,1,0,0,0,1,1,0,0,0,0,0,0,0,0,1,0,0,0,0,0,0,0,1,2,0,0,0,1,0,0,0,0,0,0,0,0,0,2,1,0,0,1,0,0,0,0,0,0,1,0,0,1,0,0,0,1,1,0,0,0,0,0,0,0,1,2,0,0,0,0,0,0,0,1,0,0,1,0,0,0,0,0,0,0,0,1,0,0,0,0,0,0,0,0,1,0,2,1,0,0,0,0,1,0,0,1,0,0,0,1,0,0,0,0,0,0,0,0,1,0,0,0,0,0,0,0,0,0,0,1,0,0,0,0,0,0,0,0,0,0,0,0,0,0,0,0,0,0,0,0,0,0,1,0,0,0,1,0,1,0,0,1,0,0,1,1,2,0,0,0,0,0,1,1,0,1,0,0,0,0,0,0,0,0,0,0,0,1,0,0,0,0,0,0,0,0,0,0,0,0,0,1,0,0,0,0,1,1,1,0,0,1,0,1,0,0,0,1,0,0,0,0,2,0,0,0,0,0,0,0,2,0,0,0,0,0,0,0,1,0,0,1,0,0,0,0,1,0,0,1,1,0,0,0,0,0,0,0,0,0,0,0,2,0,0,0,1,1,0,1,0,0,0,0,0,0,0,1,0,1,0,0,0,0,0,0,0,0,0,0,0,0,0,1,0,0,0,0,0,0,1,0,1,2,2,0,0,1,0,0,0,0,0,0,0,1,1,0,0,0,0,0,0,0,1,0,1,0,0,0,0,1,0,0,0,0,0,0,1,0,0,0,0,0,1,0,2,0,0,0,0,0,0,0,0,1,0,0,0,0,0,0,0,0,1,0,0,0,0,1,0,0,0,0,1,0,1,0,0,1,1,1,0,0,1,0,0,0,0,0,0,0,0,0,0,0,0,0,0,0,1,0,0,0,0,0,0,0,0,0,0,0,0,2,1,0,0,0,0,0,0,0,0,0,0,1,0,1,0,0,0,0,0,0,0,0,0,0,0,0,0,0,0,0,0,1,0,0,0,1,0,0,0,2,0,0,1,2,0,0,0,0,0,0,0,0,0,1,0,0,0,0,0,0,0,1,0,0,0,0,0,0,0,0,1,0,0,0,0,0,0,0,1,1,0,1,0,0,1,0,0,0,2,0,0,0,0,0,0,0,1,0,0,0,0,0,0,1,0,1,1,0
FPR1,0,0,0,0,0,0,1,0,0,0,1,0,0,0,0,0,0,0,0,0,0,0,0,1,0,0,0,0,0,0,0,0,0,0,0,0,0,0,0,0,0,0,0,0,0,0,0,0,0,0,0,0,0,0,0,1,0,0,0,0,0,0,0,0,0,0,0,0,0,0,0,0,0,0,0,0,0,0,0,0,0,0,0,2,0,0,0,0,0,0,0,0,0,0,0,0,0,0,2,0,0,0,0,0,0,0,0,0,0,0,0,0,0,4,0,0,0,0,0,0,0,0,1,0,0,0,0,0,0,0,0,0,0,0,0,0,0,0,1,0,0,0,0,0,0,0,1,1,1,0,0,0,0,0,0,0,0,0,0,2,0,0,1,2,0,0,0,0,1,2,0,0,0,0,0,0,0,0,0,0,0,0,0,0,0,0,0,0,0,1,0,0,0,0,0,0,0,0,0,0,1,0,0,0,0,0,0,0,0,0,0,0,0,0,0,0,0,0,0,0,0,0,0,0,1,0,0,2,0,0,0,0,0,2,2,0,0,0,0,0,0,0,0,0,0,0,0,0,1,0,0,1,0,0,0,0,0,0,0,1,0,0,0,1,0,0,0,0,0,0,0,0,0,0,0,0,0,0,0,0,0,1,0,0,0,0,0,0,0,0,0,0,0,0,0,0,0,0,0,0,0,0,0,0,2,0,0,0,0,0,0,0,0,0,0,0,0,0,0,0,0,0,0,0,0,0,0,0,0,0,0,0,0,0,0,0,0,0,0,0,1,0,0,0,0,0,0,0,0,0,0,0,0,0,0,0,1,0,0,1,0,0,0,0,0,0,0,0,0,0,0,0,0,0,0,1,0,0,0,0,0,0,1,0,0,0,0,0,0,0,0,1,0,0,0,0,0,0,0,0,0,0,0,0,0,0,0,0,0,0,0,0,1,0,0,0,0,0,0,0,1,0,1,0,0,0,0,0,0,0,0,0,0,0,1,0,0,0,0,0,0,0,0,0,0,0,0,0,0,0,0,0,0,0,0,0,0,1,0,1,0,0,0,0,0,1,0,0,0,1,1,0,0,0,0,0,0,0,0,0,0,0,0,0,1,0,0,0,0,1,0,0,0,0,0,0,0,0,0,0,0,0,0,0,0,0,0,0,0,0,0,0,0,0,0,0,0,0,0,0,0,0,0,3,0,1,0,0,0,0,0,0,0,0,0,0,0,0,0,0,0,0,0,0,0,0,0,0,0,0,0,1,0,0,1,0,0,0,0,0,0,0,0,0,0,0,0,0,0,0,0,0,0,0,0,1,0,0,1,0,0,0,0,0,0,0,0,0,0,0,0,0,0,0,0,0,0,0,1,0,0,1,0,0,0,0,0,0,0,0,0,0,0,0,0,0,0,0,0,2,0,0,0,0,0,0,0,0,0,0,0,0,0,0,0,0,0,0,0,0,0,0,0,0,0,0,0,0,0,0,0,0,0,0,0,0,0,0,0,1,0,0,0,0,0,0,0,0,0,0,0,0,0,0,0,0,0,0,0,0,0,0,0,0,0,0,0,1,0,0,0,0,0,0,0,0,0,0,0,0,0,0,0,0,0,0,0,0,0,0,0,0,0,0,0,0,0,0,0,0,0,0,0,0,0,0,0,0,0,0,0,0,0,0,0,1,1,0,0,0,0,0,0,0,0,0,0,0,0,0,0,0,0,0,0,0,0,0,0,0,0,0,0,0,0,0,0,0,0,0,0,0,0,0,0,0,0,0,0,0,0,0,0,0,0,1,0,0,0,0,0,0,0,1,0,0,0,0,0,0,0,0,0,0,1,0,0,0,0,0,0,0,0,0,0,0,0,0,0,0,0,0,2,0,0,0,0,0,0,0,0,0,0,0,0,0,0,0,0,1,1,0,0,0,0,0,0,0,0,0,0,0,0,0,0,0,0,1,0,0,2,0,0,0,0,0,0,1,0,0,0,0,0,0,0,0,0,0,0,0,0,0,0,0,0,0,0,0,0,0,0,0,0,0,0,0,0,0,0,0,0,0,0,0,0,0,0,0,0,1,0,0,0,0,0,0,0,0,0,0,0,0,0,0,0,1,0,0,0,0,0,0,0,0,0,0,0,1,0,0,0,0,0,0,0,0,0,2,0,0,0,0,0,0,0,0,0,0,0,0,0,0,0,0,0,0,0,0,0,1,0,0,0,0,0,0,0,0,1,0,0,0,0,0,0,0,0,0,0,0,0,0,0,0,0,0,0,0,0,0,0,1,0,0,0,0,0,0,0,0,0,0,0,0,0,0,0,0,0,0,0,0,0,1,0,0,0,0,0,0,0,0,0,0,0,0,0,1,0,0,0,0,0,0,0,0,0,0,0,0,0,0,0,0,0,0,0,0,0,0,0,0,0,0,0,0,1,0,0,0,0,0,0,0,0,0,0,0,0,2,0,0,0,0,0,0,2,0,0,0,1,0,0,0,0,2,0,0,1,0,0,0,0,0,1,0,0,0,0,0,0,0,0,0,0,0,0,0,0,0,0,0,0,0,0,0,0,0,0,0,0,0,0,0,0,0,0,0,0,0,0,0,0,0,0,0,0,0,0,0,1,0,0,0,0,0,0,0,0,0,0,0,0,0,0,0,0,0,0,0,0,0,0,0,0,0,0,0,0,0,0,0,0,0,0,0,0,0,1,1,0,0,0,0,0,0,0,0,0,0,0,0,0,0,0,0,0,0,0,0,0,0,0,0,0,0,1,0,0,0,0,1,0,0,0,0,0,0,0,0,1,0,0,0,0,0,0,0,0,0,0,0,0,0,0,0,0,0,0,0,0,0,0,0,0,0,0,0,0,0,0,0,1,1,0,0,1,0,0,0,0,0,0,0,0,0,0,0,1,0,0,0,0,0,0,1,0,0,0,0,0,0,0,0,0,0,0,0,0,0,0,0,0,0,0,0,0,0,0,0,0,0,0,0,0,0,0,0,0,0,0,0,0,1,0,0,0,0,0,0,0,0,0,0,0,0,0,0,0,0,1,0,0,0,0,0,0,0,0,0,0,1,0,0,0,0,0,0,0,0,0,0,0,1,0,2,0,0,0,0,0,0,0,0,0,0,0,0,0,2,0,0,0,0,0,0,0,0,0,0,1,0,0,0,0,0,0,1,0,0,0,0,0,0,0,0,0,0,0,0,0,0,0,0,0,0,0,0,0,0,0,0,0,0,0,0,0,0,0,0,0,0,0,0,0,0,0,0,0,0,0,0,0,0,0,0,0,0,0,0,0,0,0,0,0,1,0,0,0,0,0,0,0,0,0,0,0,1,0,0,1,0,0,1,0,0,0,0,0,1,0,0,0,0,0,0,0,0,0,0,0,0,0,1,0,0,0,0,0,0,0,0,0,0,0,0,0,0,0,2,0,0,0,0,0,0,0,0,0,0,0,1,0,0,0,0,0,0,0,0,0,0,0,0,0,0
CUTALP,0,0,0,0,1,0,0,1,2,0,0,0,0,0,0,1,0,3,0,0,0,0,0,0,0,0,0,1,0,0,0,1,0,0,0,0,0,0,2,0,0,0,0,0,0,1,0,0,0,0,0,0,0,1,0,0,0,0,0,0,0,0,1,0,1,0,0,0,0,0,0,0,0,0,0,0,0,0,0,0,0,0,0,0,0,0,0,0,0,0,0,0,1,0,0,0,0,1,0,0,0,0,0,0,0,0,0,1,1,0,0,0,0,0,1,1,0,0,0,0,0,0,0,0,0,0,0,0,0,1,0,0,0,1,1,0,0,0,0,0,0,0,0,1,0,0,0,1,1,0,0,0,0,0,0,0,0,0,0,0,1,0,1,0,1,0,0,0,0,0,0,0,0,0,0,0,0,0,0,0,1,0,0,0,0,0,2,0,0,0,0,0,0,0,0,0,0,1,0,0,0,0,0,0,0,0,0,1,1,0,0,0,0,1,1,0,0,0,0,0,0,1,0,0,1,1,0,0,0,0,0,1,0,0,0,0,0,0,0,0,0,0,1,0,0,0,0,0,1,0,1,0,0,0,0,0,0,0,1,0,0,0,0,0,0,0,0,0,1,0,1,0,0,0,1,1,0,0,0,0,0,0,1,0,0,0,0,1,0,1,0,1,0,0,0,0,0,0,0,0,0,1,0,0,0,0,0,0,0,0,0,0,0,0,0,0,0,0,0,1,0,0,0,1,0,0,0,0,0,0,0,0,0,0,0,0,0,0,0,0,0,1,0,3,0,0,0,0,0,1,1,0,0,1,0,0,0,1,0,0,0,1,0,0,0,1,0,0,0,0,0,0,0,0,0,0,0,2,0,0,0,0,2,0,1,0,0,0,0,0,1,2,0,0,0,0,0,0,0,0,1,1,0,1,0,0,0,1,1,0,0,0,0,0,0,1,0,0,0,0,0,0,0,1,0,1,1,0,0,0,0,0,0,1,0,0,0,1,0,1,0,0,0,1,0,0,0,1,0,0,0,1,0,0,0,0,0,1,0,0,1,0,0,0,0,0,0,0,0,0,0,0,0,0,0,0,1,0,2,1,0,0,1,0,0,1,0,1,0,0,0,0,0,0,0,0,0,0,0,0,0,0,0,0,0,0,0,0,0,0,0,0,0,0,0,0,0,0,0,0,0,1,0,0,0,0,0,0,1,1,0,1,0,1,0,1,0,2,0,0,1,0,0,0,2,0,0,0,0,0,0,0,0,0,0,1,0,0,0,1,0,0,0,0,0,1,0,0,0,1,0,0,0,0,0,0,0,0,0,1,2,0,0,0,0,0,1,0,0,0,0,0,0,0,1,0,0,0,0,0,0,0,0,0,0,0,0,0,0,0,0,0,0,0,0,0,0,0,0,0,1,1,0,0,0,0,0,0,1,1,0,0,0,0,0,0,0,1,0,0,0,0,0,0,2,0,0,0,0,0,0,0,0,0,1,0,3,1,0,0,0,0,0,0,0,1,0,1,1,0,0,0,0,0,1,0,0,0,0,0,0,0,0,1,0,0,0,1,0,0,1,0,1,1,0,0,0,1,0,0,1,1,0,0,0,0,0,0,0,1,0,0,1,1,0,0,1,0,0,0,0,1,1,0,0,1,0,0,1,0,0,0,0,0,1,1,0,0,0,0,0,0,1,0,0,0,0,0,2,0,0,0,0,1,0,3,0,1,0,0,0,1,0,0,0,0,1,0,0,0,0,0,1,0,0,0,0,0,0,0,0,0,0,1,0,0,0,0,1,0,0,0,0,0,0,0,0,0,0,0,0,1,0,0,1,0,0,0,0,0,0,0,1,0,0,0,0,0,1,0,0,0,0,0,0,0,1,0,0,0,0,0,0,0,1,0,0,1,0,0,0,0,0,0,0,0,1,1,1,2,0,1,0,1,0,1,0,0,0,0,0,0,0,0,0,0,0,0,0,0,1,0,0,0,2,0,0,0,2,0,0,1,0,0,0,0,0,0,0,1,1,0,0,0,0,0,1,0,2,0,0,0,0,2,0,0,0,1,0,0,0,1,0,0,0,0,0,0,0,2,1,0,0,0,0,0,0,2,0,1,0,1,0,0,0,1,0,0,0,0,1,1,0,0,0,0,0,0,0,0,0,0,0,0,0,0,1,0,0,0,0,0,1,0,0,0,1,0,0,0,0,0,0,0,0,0,0,1,0,1,0,0,0,1,0,0,0,0,0,0,0,0,0,0,0,0,1,0,0,0,0,0,0,0,0,0,0,0,0,1,0,0,1,0,0,2,0,0,0,0,0,0,1,2,0,1,0,0,0,0,0,0,0,0,0,0,0,0,2,2,0,0,0,0,0,0,0,0,1,0,0,0,1,0,0,0,1,0,0,0,0,0,0,1,0,0,0,0,0,0,1,0,0,0,1,1,1,0,1,0,0,0,0,0,0,0,0,0,1,0,0,0,0,0,0,0,0,2,0,0,0,1,0,0,0,0,0,0,1,0,1,0,0,0,0,0,0,0,0,1,0,0,0,0,0,0,0,1,0,0,0,0,1,0,0,1,0,1,0,0,0,0,0,0,0,0,0,1,1,0,0,0,0,0,0,0,0,0,0,1,0,0,0,0,0,0,0,0,0,0,0,0,1,1,2,0,0,0,0,0,0,1,0,0,0,0,1,0,0,0,0,0,0,0,0,0,0,0,0,0,0,0,1,0,0,0,1,0,0,0,2,0,0,0,0,0,0,0,1,2,0,0,0,0,0,0,1,0,1,0,0,1,0,1,0,0,0,0,1,1,0,0,0,0,0,0,0,0,0,2,0,0,0,0,0,0,0,1,1,0,0,0,0,0,0,0,0,0,0,1,0,0,0,1,0,1,0,0,0,0,1,0,0,1,1,0,0,0,0,0,0,0,0,0,0,0,1,0,0,0,0,1,0,0,0,0,0,0,1,0,0,0,0,0,0,1,2,1,0,1,0,1,0,0,1,0,0,0,0,1,1,0,0,0,1,0,0,0,0,0,0,0,0,1,0,0,1,1,0,0,0,1,0,0,0,0,0,0,0,0,1,0,0,0,0,1,1,3,0,1,0,0,1,0,0,1,0,0,0,0,0,0,0,0,0,0,0,0,0,0,2,0,0,0,0,0,0,0,0,0,0,0,0,0,0,0,0,1,0,0,0,0,0,1,0,0,0,1,0,0,0,0,1,0,0,0,1,0,0,0,0,0,1,0,0,0,0,0,0,0,1,0,0,0,0,0,0,0,0,0,0,1,0,0,2,0,0,0,0,2,0,0,0,0,0,1,0,0,0,0,0,0,0,0,0,0,1,0,1,0,0,1,0,0,0,0,0,0,1,0,0,1,0,1,1,0,0,1,0,0,0,0,1,0,0,0,0,0,0,0,0,0,0,0,0,0,0,0,0,1,0,0,2,0,1,0,0,0,0,1,2,0,0,1,0,0
CDC25B,0,0,0,0,0,0,0,0,0,0,0,0,0,1,1,0,0,0,0,0,0,0,0,0,0,0,0,0,1,1,2,0,1,0,0,0,0,2,0,0,0,0,0,4,0,0,0,0,0,0,0,0,0,0,0,0,0,1,0,2,0,2,0,0,0,0,0,0,1,0,0,0,0,0,0,0,0,0,0,0,0,0,0,0,0,0,0,0,1,0,0,0,0,0,0,0,0,0,0,3,0,2,0,1,0,0,0,1,0,1,0,0,0,0,0,0,2,0,0,0,0,0,0,0,0,0,0,0,0,0,0,0,0,0,0,0,0,0,0,0,0,2,1,0,0,0,0,0,1,0,1,0,0,0,0,3,0,0,0,0,0,0,0,0,0,0,0,1,0,0,0,0,0,0,0,0,0,1,0,0,1,0,0,0,0,0,0,0,0,0,0,0,2,0,0,0,0,0,0,1,0,0,0,0,0,0,0,0,0,0,0,0,0,0,0,0,1,0,0,0,0,0,0,0,1,0,0,0,0,0,1,0,0,0,0,0,0,0,0,1,0,0,0,0,0,0,0,0,0,0,0,0,0,1,0,1,2,0,0,0,1,0,1,0,0,0,0,0,0,0,1,0,0,0,0,0,0,0,1,1,1,0,1,2,0,0,0,0,0,1,0,0,0,1,1,0,0,0,0,0,1,1,1,1,0,0,0,0,0,0,1,0,1,0,0,1,0,0,0,0,0,0,0,0,1,0,0,1,0,1,0,0,0,0,0,1,0,0,0,0,0,0,0,0,0,0,0,0,0,0,0,0,0,0,0,0,0,1,0,0,1,0,0,0,0,2,0,0,2,0,0,0,0,0,0,1,0,2,0,0,0,0,0,0,0,0,1,0,0,0,0,0,2,0,0,0,0,0,1,0,0,0,0,2,0,0,0,0,0,0,0,1,0,1,0,0,0,0,0,0,0,0,4,0,0,0,2,1,0,0,0,1,1,1,2,0,0,1,0,0,0,3,0,0,1,2,1,0,2,0,1,0,0,0,0,1,0,0,0,0,0,0,1,0,0,0,0,0,0,0,0,0,0,1,1,0,0,0,0,2,0,0,0,0,0,0,0,0,1,0,1,0,0,0,0,0,0,0,0,0,0,0,0,0,0,0,0,0,1,0,0,0,0,1,0,0,0,2,0,0,0,0,0,0,0,0,0,0,0,0,0,0,1,1,1,0,0,0,0,0,1,1,0,0,0,1,0,0,0,0,0,0,0,0,0,0,0,0,0,0,0,1,0,0,0,1,0,2,0,0,1,1,1,0,0,1,0,1,0,0,0,0,0,0,0,0,0,0,0,0,0,0,0,0,0,0,0,0,0,0,0,0,0,1,1,0,0,0,0,0,0,0,0,1,0,0,0,0,0,0,3,1,0,0,0,0,0,0,1,0,0,0,1,0,0,0,1,0,1,0,0,0,1,1,0,1,0,1,0,0,0,1,0,0,0,0,0,1,1,0,0,1,0,0,1,1,0,0,1,0,0,0,1,1,1,0,0,0,1,0,0,0,1,0,0,1,0,1,0,0,0,0,1,1,1,0,0,0,0,0,0,0,0,0,1,0,0,0,1,0,2,1,0,0,0,0,2,0,1,0,0,0,2,1,0,1,0,0,0,0,1,0,0,0,0,0,0,0,0,1,0,0,1,0,0,0,0,0,0,0,3,1,0,0,0,0,0,0,0,1,0,0,0,1,0,1,0,1,2,0,1,1,0,0,0,0,0,0,0,1,0,0,0,0,0,0,1,1,0,1,0,1,0,0,0,1,1,0,0,1,0,1,0,1,1,0,1,1,0,0,1,0,0,0,0,0,0,0,0,0,0,0,0,0,0,1,0,0,0,0,1,0,0,0,0,0,0,0,0,0,0,0,1,0,0,0,0,1,1,0,0,0,0,1,0,0,0,0,0,0,1,1,1,0,0,0,1,0,1,0,0,0,1,0,1,1,0,0,0,0,0,0,0,0,0,0,0,0,0,0,0,1,0,0,0,0,0,0,0,0,0,0,0,0,0,0,0,0,0,0,0,0,0,0,0,0,0,0,0,0,0,0,0,1,0,0,0,0,0,1,0,0,0,0,0,0,0,0,0,0,1,1,1,0,0,0,1,0,1,1,0,1,0,0,0,0,0,0,0,0,1,2,0,0,0,0,0,0,0,0,1,0,0,0,1,0,1,1,0,1,0,1,0,0,0,1,0,0,0,1,1,3,0,0,1,1,2,0,0,0,0,0,1,0,0,0,0,0,0,0,1,0,0,0,0,0,0,1,0,0,0,0,0,0,0,0,2,0,0,0,0,0,0,1,0,0,1,0,0,0,0,1,1,1,1,0,0,1,0,0,1,0,0,0,1,0,0,0,0,0,0,0,0,1,0,1,0,0,0,0,0,1,0,0,0,0,0,0,0,0,0,0,0,0,0,0,0,1,0,0,0,0,0,0,0,0,0,0,0,0,1,1,0,0,0,0,0,1,0,0,0,0,0,1,0,0,0,1,0,1,0,0,0,0,0,0,0,0,0,0,0,0,0,1,0,1,0,1,0,1,0,0,0,0,1,0,0,1,0,0,0,1,0,0,0,1,1,0,2,2,1,1,0,0,0,0,0,0,0,1,0,0,0,1,0,0,0,0,0,0,1,0,0,1,0,1,1,0,0,0,0,0,0,1,0,0,0,0,1,0,0,1,0,0,0,0,1,0,0,0,0,0,0,0,1,0,0,1,1,0,0,0,0,1,0,0,0,0,0,0,0,0,0,0,0,0,0,0,0,0,1,2,0,0,0,0,0,0,1,0,0,0,0,0,0,0,0,1,0,0,0,0,0,1,0,0,0,0,0,1,1,0,1,1,0,0,0,0,0,1,0,2,0,1,0,0,5,0,0,0,0,1,0,0,0,1,0,0,0,1,0,0,1,0,0,0,0,0,0,0,0,0,0,0,1,1,0,0,0,0,1,0,0,0,0,0,0,0,0,0,0,1,0,0,0,0,0,1,10,0,0,0,2,0,0,0,0,0,0,0,0,1,1,1,0,0,1,0,0,0,0,0,1,0,0,0,0,1,0,1,0,0,0,0,1,0,0,0,0,0,0,0,0,0,0,0,0,1,0,0,0,0,0,1,1,0,0,0,0,0,0,0,0,0,0,0,0,0,0,0,1,1,0,2,0,0,0,0,0,2,0,0,1,0,0,0,0,1,0,0,1,1,1,0,0,0,0,1,1,0,0,1,0,0,0,1,0,0,1,0,0,1,1,1,0,0,0,0,0,3,0,0,0,0,0,0,0,0,1,0,0,0,0,0,0,0,1,1,1,0,0,0,1,0,0,0,0,0,0,2,0,1,0,0,0,0,0,0,0,0,0,0,0,1,0,0,0,0,0,0,0,0,0,1,0,0,2,1,0,0,0,0,0,0,0,0,0,1,1,1,0,0,0,0,1,0
CDCA7L,0,0,0,0,0,0,0,0,0,0,0,0,0,0,0,0,0,0,0,0,0,1,0,0,0,0,0,0,0,0,0,0,0,0,0,0,0,0,0,0,0,0,0,0,0,0,0,0,0,0,0,0,0,0,0,0,0,0,0,0,0,0,0,0,0,0,0,0,0,0,0,1,0,0,0,0,0,0,0,0,0,0,0,0,0,0,0,0,0,0,0,0,1,0,0,0,0,0,0,1,0,0,0,0,0,0,0,0,0,0,0,0,0,0,0,0,0,0,0,0,0,0,0,0,0,0,0,0,0,0,0,0,0,0,0,0,1,0,0,0,0,0,0,0,0,0,0,0,0,0,0,0,0,0,0,0,0,0,0,0,0,0,0,0,0,0,0,0,0,0,0,0,0,0,0,0,0,0,0,0,0,0,0,0,0,0,0,0,0,0,0,1,0,0,0,1,0,0,0,0,0,0,0,0,0,0,1,0,0,0,0,0,0,0,0,0,0,0,1,0,0,1,1,1,0,0,0,0,0,0,0,0,0,0,0,0,0,0,0,0,0,0,1,0,0,3,0,0,0,0,0,0,1,0,0,0,0,0,0,0,0,0,0,0,0,0,0,0,0,0,0,0,0,0,0,0,0,0,0,0,0,0,0,0,0,0,0,1,0,0,0,0,0,0,0,0,0,0,0,0,0,2,0,0,0,0,0,0,0,0,0,0,0,0,0,0,0,0,0,1,0,0,0,0,0,0,0,1,1,0,0,0,0,0,0,0,0,0,0,0,0,0,0,0,2,0,0,0,0,0,0,0,0,0,0,0,0,0,0,0,0,0,2,0,0,0,0,0,0,0,0,0,0,0,0,0,0,0,0,0,0,0,0,0,0,0,0,0,0,0,0,0,0,0,0,0,0,0,0,0,0,0,0,0,0,0,0,0,0,0,0,0,0,0,0,0,0,0,0,0,0,0,0,0,0,0,0,0,0,0,1,1,0,0,0,0,0,0,0,1,0,0,0,0,0,0,0,0,0,0,0,0,0,1,0,0,0,0,0,0,0,0,1,0,0,0,0,0,0,0,0,0,0,0,0,0,0,0,0,0,0,0,0,0,0,0,0,0,0,0,1,0,0,1,0,0,0,0,0,0,0,0,0,0,0,0,1,0,0,0,0,0,0,0,0,0,0,0,0,0,0,0,0,0,0,0,0,0,0,0,0,1,0,0,0,0,0,0,0,0,2,0,0,0,0,0,0,0,0,0,0,0,0,0,0,0,0,0,0,0,0,0,0,0,0,0,0,0,0,0,0,0,0,0,0,0,0,0,0,0,1,0,0,0,0,0,1,0,2,0,0,0,0,0,0,0,0,0,0,0,0,0,0,0,0,0,0,0,1,0,0,0,0,0,0,0,0,0,0,0,0,0,0,0,0,0,0,0,0,0,0,0,0,0,0,0,0,0,0,0,0,0,0,0,0,0,0,0,0,0,0,0,0,0,0,0,1,1,0,0,0,0,0,0,0,0,0,0,0,0,0,0,0,0,0,0,0,0,1,0,0,0,0,0,0,0,0,0,0,0,0,0,0,0,1,0,0,0,0,0,0,1,1,0,0,0,0,0,0,0,0,0,0,0,0,0,0,0,0,0,0,0,0,0,1,0,0,0,0,0,0,0,0,0,1,0,0,1,0,0,2,1,0,0,0,0,0,0,0,0,0,0,0,0,1,0,0,1,0,0,0,0,0,0,0,0,0,0,0,0,0,0,0,0,0,0,0,0,0,0,0,0,0,0,0,0,0,0,0,0,0,0,0,0,0,0,0,0,0,0,0,0,0,0,0,0,0,0,1,0,0,0,0,0,0,0,0,0,0,0,0,0,0,0,0,0,0,1,0,0,0,0,0,0,0,0,0,0,0,0,0,0,1,0,1,0,0,0,0,0,0,0,0,0,0,0,0,0,0,0,1,0,0,0,0,0,0,0,0,0,0,0,0,0,0,0,0,0,0,0,0,0,0,0,0,0,0,0,0,0,1,0,0,0,0,0,1,0,0,0,1,0,0,0,0,0,0,1,0,0,0,0,0,0,0,0,1,0,0,0,0,0,0,0,0,0,0,0,0,0,0,0,0,1,0,0,0,0,0,0,2,0,0,0,1,0,0,0,0,0,0,1,0,0,0,0,0,0,0,0,0,0,0,0,0,0,0,0,0,0,0,0,0,0,0,1,1,0,0,0,0,0,0,0,0,0,0,0,0,0,0,0,0,0,0,0,0,0,0,0,0,0,0,0,0,0,0,0,0,1,0,0,0,0,0,1,1,0,0,0,0,1,0,0,0,0,0,0,0,0,1,1,0,0,1,0,0,0,0,0,0,0,0,0,0,0,0,0,1,0,0,0,0,0,0,1,0,0,0,0,0,0,0,0,0,0,0,0,0,0,0,0,0,0,0,0,0,0,0,0,2,0,1,0,0,0,0,0,0,0,0,0,0,0,0,0,0,0,0,0,0,0,0,0,0,0,0,0,0,0,0,0,0,0,0,0,0,0,0,0,0,0,0,0,0,0,0,0,0,0,0,0,0,0,0,0,1,1,0,0,0,0,0,0,0,2,0,0,1,0,0,0,0,0,1,0,0,0,0,0,0,0,0,0,0,0,0,0,0,0,2,0,0,1,0,0,0,0,1,0,0,0,0,1,0,0,0,0,0,0,1,0,0,0,0,0,0,0,1,0,0,0,0,0,0,0,0,0,0,0,2,0,0,0,0,0,0,0,0,0,0,0,0,0,2,2,0,0,0,0,0,0,0,0,0,0,0,0,0,0,0,0,0,0,0,1,0,1,0,0,0,0,0,0,0,0,0,0,0,0,0,1,0,0,0,2,0,0,0,0,0,0,0,2,0,0,0,0,0,0,0,0,1,1,0,0,0,0,0,0,0,0,0,0,0,0,0,0,0,0,0,0,0,0,1,0,0,0,0,0,0,0,0,0,0,0,0,0,0,0,0,0,0,0,0,0,0,0,0,0,0,0,0,1,0,0,0,0,0,0,0,0,0,0,1,2,0,0,0,0,0,0,0,0,0,0,2,0,0,0,0,0,0,0,0,0,0,0,0,0,0,0,0,0,0,1,0,0,0,0,0,0,0,0,1,0,0,0,0,0,0,0,0,0,0,0,0,0,0,0,0,0,0,0,0,0,0,0,0,0,0,0,0,0,0,0,0,0,0,0,0,0,0,0,0,0,1,0,0,0,0,0,1,0,0,0,0,0,0,0,0,0,0,0,0,0,0,0,0,0,0,0,0,0,0,0,0,0,0,0,0,0,0,0,0,0,0,0,0,0,0,0,1,0,1,0,0,0,0,0,0,0,0,0,0,0,0,0,0,0,0,0,0,0,0,0,0,0,0,0,0,0,0,0,0,0,0,0,0,0,0,0,0,0,0,0,0,0,0,0,0,0,0,0,0,0,0,1,0,0,0,1,0,0,0,0
GLIPR2,0,2,0,0,0,0,0,0,0,0,1,0,0,0,0,2,1,0,0,0,0,0,2,2,0,0,0,0,0,0,0,0,0,0,0,0,0,0,0,0,0,1,4,0,0,0,0,0,0,0,0,0,0,0,0,0,0,0,0,1,0,0,0,0,0,1,0,0,0,0,0,1,0,0,0,0,1,1,1,0,0,2,1,0,0,0,0,0,0,0,0,0,0,0,0,2,0,0,2,0,0,0,0,0,0,0,0,1,0,0,1,0,1,0,0,0,1,0,0,0,0,0,0,0,0,0,0,0,0,0,0,0,0,0,0,0,0,0,1,0,0,0,0,0,0,0,2,2,0,0,2,1,0,0,0,0,0,0,0,1,0,0,2,0,0,0,1,0,2,4,0,1,0,0,0,0,0,0,0,0,0,0,0,0,1,0,1,0,2,1,1,2,0,0,0,0,1,0,0,0,2,0,0,0,0,0,0,0,0,0,0,0,1,0,1,0,0,0,0,0,0,0,0,0,0,0,0,0,0,0,0,0,2,1,0,1,1,0,0,1,0,0,0,1,0,0,1,3,2,0,0,0,0,1,0,3,0,0,0,0,0,0,0,0,0,0,0,0,0,0,1,1,0,0,0,0,0,1,2,0,0,1,0,0,0,0,0,0,0,1,1,2,1,0,0,1,1,0,0,0,0,0,0,0,0,0,0,0,0,0,0,0,0,0,0,0,0,1,0,0,0,1,2,0,0,0,0,0,0,0,0,0,0,0,0,0,0,1,1,1,2,0,1,0,0,0,0,0,0,0,0,0,2,0,0,0,1,0,0,0,0,0,0,1,0,0,7,1,0,0,0,0,0,0,0,3,0,0,0,1,0,0,2,0,0,1,3,0,1,0,0,2,0,1,0,0,0,1,0,0,1,0,0,0,0,1,0,0,0,0,1,0,0,0,0,1,0,0,0,0,0,1,3,0,0,0,0,0,0,1,0,0,0,0,1,0,1,1,0,0,0,0,2,0,0,1,0,0,0,0,0,0,0,0,1,1,0,0,0,1,0,0,0,0,1,0,0,0,0,0,0,0,0,0,0,0,0,0,0,0,1,1,1,0,1,0,0,0,0,0,0,0,0,0,0,2,0,0,0,1,0,1,0,0,0,0,0,1,0,0,1,0,0,0,0,1,0,0,0,0,1,0,0,1,1,0,1,0,0,0,0,0,0,0,0,0,1,1,0,1,0,1,0,0,0,1,0,0,1,0,0,0,0,0,0,2,0,1,0,0,0,1,0,0,0,0,0,0,1,0,0,0,0,0,0,0,1,0,0,1,0,0,0,1,0,1,0,0,0,2,0,0,0,0,0,0,0,0,1,0,0,0,1,0,0,0,0,0,0,0,0,0,1,0,1,1,0,0,1,0,0,0,0,0,2,0,0,1,0,0,0,0,0,0,0,1,0,0,0,0,0,0,1,0,0,0,0,0,0,0,0,0,0,0,0,0,0,0,0,2,0,0,0,0,0,1,0,1,0,0,0,0,1,0,0,1,0,2,0,0,0,1,1,0,0,0,1,0,0,0,1,0,1,0,0,0,0,0,0,1,0,0,0,0,0,1,1,0,0,1,1,0,0,0,1,0,0,1,0,0,0,0,0,0,0,1,0,0,0,0,1,1,0,0,0,0,0,0,0,0,0,0,0,2,0,0,0,0,0,0,0,0,0,0,0,0,0,0,0,0,0,0,0,0,1,0,0,0,0,0,0,0,0,0,0,2,0,0,0,1,1,1,0,3,2,0,3,0,1,0,0,0,0,0,1,0,1,0,0,0,0,0,0,0,1,0,0,1,0,0,0,0,1,1,0,0,2,1,0,0,1,0,1,0,0,0,0,0,0,1,0,0,0,0,0,0,0,0,0,0,0,1,0,1,1,1,0,0,1,0,0,0,0,0,0,0,0,3,1,0,0,0,0,0,0,0,0,1,1,0,0,0,1,0,0,0,1,0,1,0,0,0,1,0,2,1,0,0,0,0,0,0,0,0,1,1,0,0,0,0,0,0,0,2,0,0,2,0,2,0,0,0,0,0,1,0,0,0,0,0,0,2,0,0,0,0,1,3,0,2,1,0,0,0,0,0,0,0,0,0,0,0,0,1,0,0,1,2,0,0,0,0,1,0,0,0,0,0,0,1,2,0,0,1,0,0,0,0,0,1,0,0,0,0,0,0,0,0,0,0,0,0,0,0,0,0,0,0,0,1,0,0,0,0,0,2,0,1,0,0,0,0,0,0,0,1,0,0,0,0,1,1,1,0,0,0,0,0,0,0,0,0,0,2,1,0,3,0,0,0,3,1,0,1,0,2,0,0,0,0,0,0,1,1,0,0,0,0,0,0,1,0,0,0,0,0,0,0,0,0,0,1,1,0,0,1,0,2,0,0,2,0,1,0,1,0,0,0,1,3,0,0,0,0,3,1,1,0,0,1,1,0,0,0,0,0,0,0,0,1,0,1,0,0,0,0,0,0,0,0,1,0,0,1,1,0,0,1,0,1,0,0,1,1,0,0,1,0,0,0,0,0,2,0,0,0,0,0,0,1,0,0,2,0,0,0,0,0,0,1,0,0,0,1,0,0,0,0,0,0,0,0,0,0,0,0,0,0,0,0,0,0,0,0,0,0,1,0,0,0,1,0,0,0,0,0,4,0,0,1,0,0,0,0,0,2,0,0,0,0,0,0,2,0,0,1,0,0,1,0,0,0,2,1,0,0,1,1,0,0,0,0,0,0,1,0,0,1,0,0,0,2,0,0,1,0,3,0,0,0,0,0,0,0,0,0,0,1,0,1,1,0,0,0,0,0,1,0,0,0,0,1,1,0,0,0,0,0,0,0,0,0,0,0,0,0,3,0,1,1,2,0,1,1,0,0,0,0,0,0,0,1,1,0,1,0,3,0,0,0,0,0,0,0,0,1,0,0,0,0,0,0,0,0,0,0,0,0,0,0,0,2,0,1,0,0,1,0,0,4,0,0,0,0,0,1,0,0,2,0,1,0,0,1,0,0,0,1,2,1,0,0,0,0,1,0,0,0,3,0,0,4,1,0,0,0,0,0,0,0,0,0,1,0,1,0,0,0,0,1,0,0,0,0,0,0,0,0,1,0,2,0,0,0,0,0,0,0,0,0,0,3,3,0,0,0,1,0,0,0,0,0,0,0,0,1,0,3,0,1,0,1,0,2,0,0,0,1,0,0,1,0,0,0,1,0,0,0,0,0,3,0,1,0,0,0,1,0,3,0,0,0,2,0,0,0,0,0,1,1,0,0,0,0,0,0,3,0,1,0,0,0,1,1,5,0,0,0,1,1,1,0,0,0,0,0,0,0,2,0,0,0,0,0,1,0,0,0,0,0,0,0,0,0,1,0,0,0,1,2,0,0,1,0,0,0,0,1,0,0,0,1,0,1,2,0,0,1,1,1,0,0,0,0,0,0
APOBEC3A,0,0,0,0,0,2,0,0,0,0,0,0,0,0,0,2,0,0,0,0,0,0,0,0,0,0,0,0,0,0,0,0,0,0,0,0,0,0,0,0,0,0,0,0,0,0,0,0,0,0,0,0,1,0,0,0,0,0,0,0,0,0,0,0,0,0,0,0,1,0,0,0,0,0,0,0,0,0,0,0,0,0,0,0,0,0,0,0,0,0,0,0,0,0,0,0,0,0,0,0,0,0,1,0,0,0,0,0,0,0,0,0,0,0,0,0,0,0,0,0,0,0,0,0,0,0,0,0,2,0,0,0,0,0,0,0,0,0,0,0,0,0,0,0,0,0,0,0,0,0,0,0,0,0,0,0,0,0,0,0,0,0,4,0,0,0,1,0,0,0,0,0,0,0,0,0,0,0,1,0,0,0,0,0,0,0,0,0,0,2,0,0,0,0,0,0,0,0,0,0,0,0,0,0,0,0,0,0,0,0,0,0,0,0,0,0,0,0,0,0,0,0,0,0,0,0,0,0,0,0,0,0,0,0,0,0,0,0,0,0,0,0,0,1,0,0,0,0,0,0,0,0,0,0,0,0,0,0,0,0,0,0,0,0,0,0,0,0,0,0,0,0,0,0,0,0,0,0,0,0,0,1,0,0,0,0,0,0,0,0,0,0,0,0,0,0,0,0,0,0,0,0,0,0,0,0,0,2,0,0,0,0,0,0,0,0,0,0,0,0,0,0,1,0,0,0,0,0,0,0,0,0,0,0,1,0,0,0,0,0,0,0,0,0,0,0,0,0,0,0,0,0,0,0,0,0,0,0,0,0,0,0,0,1,0,0,0,0,0,0,0,0,0,0,0,0,0,0,0,0,1,0,1,0,0,1,0,0,0,0,0,0,0,0,0,0,0,0,0,0,0,0,0,0,0,0,0,0,0,0,0,0,0,0,0,0,0,0,0,0,0,0,0,0,0,0,0,0,0,0,0,0,0,0,0,0,0,0,0,0,0,0,0,0,0,0,0,0,0,0,0,0,0,0,0,0,0,0,1,0,0,0,0,1,0,3,0,0,0,0,0,0,0,0,0,0,0,0,0,0,0,0,0,0,1,0,0,0,0,0,0,0,0,0,0,0,0,0,0,0,0,0,0,0,0,0,0,0,0,0,0,0,0,0,0,0,0,0,0,0,0,0,0,2,0,0,0,0,0,0,0,0,0,0,0,0,0,0,0,0,0,0,0,0,0,0,0,0,0,0,0,0,0,0,2,0,0,3,0,0,0,0,0,0,0,0,0,0,0,0,0,0,0,0,0,1,0,0,0,0,0,0,0,0,0,0,0,0,0,0,0,0,0,1,0,0,0,0,0,0,1,1,0,0,0,0,0,0,0,0,0,0,0,0,0,0,0,0,0,0,0,0,0,0,0,0,0,1,0,0,0,0,0,0,1,0,0,0,0,0,0,0,0,0,0,0,0,0,0,0,0,0,0,0,0,0,0,0,0,0,0,0,0,0,0,0,0,0,0,0,0,0,1,0,0,0,0,0,0,0,0,0,0,0,0,0,0,0,0,0,0,0,0,0,0,0,0,0,0,1,0,0,0,0,0,1,0,0,0,1,0,0,0,0,1,0,0,0,0,0,0,0,0,0,0,0,0,0,0,0,0,0,0,0,0,0,0,0,0,0,0,0,0,0,0,0,0,0,0,0,0,0,0,0,0,0,0,0,0,0,0,0,0,0,0,0,0,0,0,0,0,0,0,0,0,0,0,0,1,0,0,0,0,0,1,0,0,0,0,0,0,0,0,0,0,0,0,0,0,0,0,0,0,0,0,0,0,0,0,0,0,1,0,0,0,0,0,0,0,0,0,0,0,0,0,0,0,0,0,0,0,0,0,0,0,0,0,0,1,0,0,1,0,0,0,0,0,0,0,0,0,0,0,0,0,0,0,0,0,0,0,0,0,0,0,0,0,0,0,0,0,1,5,0,0,0,0,0,0,0,0,0,1,0,0,0,1,0,0,0,0,0,0,0,0,0,0,0,0,0,0,0,0,0,0,0,0,0,0,0,0,0,0,0,0,0,0,0,0,0,0,0,0,0,0,0,0,0,0,0,0,0,0,0,0,0,0,0,0,0,0,0,0,0,0,0,0,0,0,0,0,0,1,0,0,0,0,0,0,0,0,0,0,0,0,0,0,0,0,0,0,0,0,0,0,0,0,0,0,0,1,0,0,0,0,0,0,0,0,0,0,0,0,0,0,0,0,0,0,0,0,0,0,0,0,0,0,0,0,0,0,0,0,0,0,0,0,0,0,0,0,0,0,0,0,0,0,0,0,0,0,0,0,0,0,0,0,0,1,0,0,0,0,0,0,0,0,0,0,0,0,0,0,0,0,0,0,0,0,0,0,0,0,8,0,0,0,0,0,0,2,0,0,0,0,0,0,0,0,1,0,0,0,0,0,0,0,0,0,0,0,0,0,0,0,0,0,0,0,0,0,0,0,0,1,0,0,0,0,0,0,0,0,0,0,0,0,0,0,0,0,0,0,0,0,0,0,0,0,0,0,0,0,0,0,0,0,0,0,0,0,0,0,0,0,0,0,0,0,0,0,0,0,0,0,0,0,0,0,0,0,0,0,0,0,0,0,0,0,0,0,0,0,0,0,0,1,0,0,0,0,0,0,0,0,0,0,0,0,0,0,0,0,0,0,0,0,0,0,0,0,0,0,0,0,0,0,0,0,0,0,0,0,3,0,0,0,0,0,0,0,0,0,0,0,0,0,2,0,0,1,0,0,0,0,0,0,0,0,0,0,0,0,0,0,0,0,0,0,0,3,0,0,0,0,0,0,0,0,0,0,0,0,0,0,0,0,0,0,0,0,0,0,0,0,0,0,0,0,1,0,0,0,0,0,0,0,0,0,0,0,0,0,0,0,0,0,0,0,0,2,0,0,0,0,0,0,0,0,0,0,0,0,0,0,0,0,0,0,0,0,1,0,0,0,0,0,0,0,0,0,0,0,0,0,0,0,0,0,0,4,0,0,0,0,0,0,0,0,0,0,0,0,0,0,0,0,0,0,0,0,6,0,0,0,0,0,0,0,0,0,1,0,0,0,0,0,0,0,0,0,0,0,0,0,0,0,0,0,0,0,0,0,0,0,0,0,0,0,0,0,0,0,0,0,0,0,0,0,0,0,0,0,0,0,0,0,0,0,0,0,0,4,0,0,0,0,0,0,0,0,0,0,0,0,0,0,0,0,0,0,0,0,0,0,0,0,0,0,0,0,0,0,0,0,0,0,0,0,0,0,1,1,0,0,0,0,0,0,0,0,0,0,1,0,0,0,0,0,0,0,0,0,0,0,0,0,0,0,0,0,0,0,0,0,0,0,0,1,0,0,2,0,0,0,0,0,0,0,0,0,0,0,0,0,0,0,0,0,0,0,1,1,0,1,0,0,0,0,0,0,0,0,0,0,0
CYB5D2,0,0,0,0,0,0,0,0,0,0,0,0,0,0,0,0,0,0,0,0,0,0,0,0,0,2,0,0,0,0,0,0,0,0,0,0,0,0,0,0,0,0,0,0,0,0,0,0,0,0,0,0,0,0,0,0,0,0,0,0,0,0,0,0,0,0,0,0,0,0,0,0,0,0,0,0,0,0,0,0,0,0,0,0,0,0,0,0,0,0,0,0,0,0,0,0,0,0,0,0,0,0,0,0,0,0,0,0,0,0,0,0,0,0,0,1,0,0,0,0,0,0,1,0,0,0,0,0,0,0,0,0,0,0,0,0,1,0,0,0,0,0,0,0,0,0,0,0,0,0,0,0,0,0,0,0,0,0,0,0,0,0,0,0,0,0,0,0,0,0,0,0,0,0,0,0,0,0,0,0,0,0,0,0,0,1,1,0,0,1,0,0,0,0,0,0,0,0,0,0,0,0,0,0,0,0,0,0,0,0,0,0,0,1,0,0,0,0,0,0,0,1,0,0,0,0,0,0,1,0,0,0,0,0,0,0,0,0,0,0,0,0,0,0,0,0,0,0,0,0,0,1,0,0,0,0,0,0,0,0,0,0,0,0,1,0,0,0,1,0,0,0,0,0,0,0,0,0,0,0,0,0,0,0,0,0,0,0,0,0,0,0,0,4,0,0,0,0,0,0,0,0,0,0,0,0,0,0,0,0,0,0,0,1,2,1,0,0,0,0,0,0,0,0,0,0,0,1,0,0,0,0,0,0,0,0,0,0,0,0,0,0,0,0,0,0,0,0,0,0,0,0,0,0,0,0,0,0,0,0,0,0,0,0,0,0,1,0,0,0,0,0,0,0,0,0,0,0,0,0,0,0,0,0,0,0,0,0,0,0,0,0,0,0,0,0,0,0,0,0,0,0,0,0,0,0,0,0,0,0,0,0,0,0,0,0,0,0,0,0,0,0,2,0,0,0,0,0,0,0,0,0,0,0,0,0,0,0,0,0,0,0,0,0,0,0,0,0,0,0,0,0,0,0,0,0,0,0,0,0,0,0,0,0,0,0,0,0,0,0,1,0,0,0,1,0,0,0,0,0,0,0,0,0,0,0,0,0,0,0,0,0,0,0,0,0,0,0,1,0,0,0,0,0,1,0,0,0,0,0,0,0,0,0,0,0,0,0,0,0,0,0,0,0,0,0,0,0,0,0,1,0,0,0,0,0,0,0,0,0,0,0,0,0,1,0,0,0,0,0,0,0,0,0,0,0,0,0,0,0,0,0,0,0,1,0,0,0,0,0,0,0,0,0,0,0,0,0,0,0,0,0,0,0,0,0,0,0,0,0,0,0,0,0,0,0,0,0,0,0,0,0,0,0,0,0,0,0,0,0,0,0,0,0,0,0,0,0,0,0,0,0,0,0,0,0,0,0,0,0,0,1,0,0,0,0,0,0,0,0,0,0,0,0,0,1,0,0,1,0,0,0,0,0,0,0,0,0,0,0,0,0,0,1,0,0,0,0,0,0,0,0,0,0,0,0,0,0,0,0,0,0,0,0,0,1,0,0,0,0,0,0,0,0,0,0,0,0,0,0,0,0,0,0,0,0,0,0,0,1,0,0,0,0,0,0,0,0,0,0,0,0,0,0,0,0,0,0,0,0,0,0,0,0,0,0,0,0,0,0,0,0,0,0,0,0,0,0,0,0,0,0,0,0,0,0,0,0,0,0,0,0,0,0,0,0,0,0,0,0,0,0,4,0,0,0,0,0,0,0,0,0,0,0,0,0,0,0,1,0,0,0,0,0,0,0,0,0,0,1,0,0,0,0,0,0,1,0,0,0,0,0,0,0,0,1,0,0,0,0,0,0,0,0,0,0,4,0,0,0,0,0,0,0,0,0,0,0,0,0,0,0,0,0,0,0,0,0,0,0,0,0,0,0,0,0,0,0,0,0,0,0,0,0,0,0,0,0,0,0,0,0,0,0,0,0,0,0,0,0,0,0,0,1,0,0,0,0,0,0,0,0,0,0,0,0,0,0,0,0,1,0,0,0,0,0,0,0,0,0,1,0,1,1,0,0,0,0,0,0,0,0,0,0,0,0,0,0,0,0,0,0,0,0,0,0,0,0,0,0,0,0,0,0,0,0,0,0,0,0,0,0,0,0,0,0,0,1,0,0,0,0,0,0,0,0,0,0,0,0,0,0,0,0,0,0,0,0,0,0,0,0,0,1,0,1,0,0,0,0,0,0,0,0,0,0,0,0,0,0,0,0,0,0,0,0,0,0,0,0,0,0,0,0,0,1,0,0,0,1,0,0,0,0,0,0,0,0,0,0,0,0,0,0,1,0,0,0,0,0,0,0,0,0,0,0,0,0,0,0,0,0,0,0,0,0,0,0,0,0,0,0,0,0,0,0,0,0,0,0,0,0,0,0,0,2,0,0,0,0,0,0,0,0,0,0,0,0,0,0,0,0,0,0,0,0,0,0,0,0,0,0,0,0,0,0,0,0,0,0,0,0,0,1,0,0,0,0,0,0,0,0,0,0,0,0,0,0,0,0,0,0,1,0,0,0,0,0,0,0,0,0,0,0,0,0,0,0,0,0,0,0,0,0,0,0,0,0,0,0,0,0,0,0,0,0,0,0,0,0,0,0,0,0,0,0,0,0,0,0,0,0,1,0,0,0,0,0,0,0,0,0,0,0,0,4,1,0,0,0,0,0,0,0,0,1,0,0,0,0,0,0,0,0,0,0,0,0,1,0,0,0,0,0,1,0,0,0,0,0,0,0,0,0,0,0,0,1,0,0,1,0,0,0,0,0,0,0,0,0,0,0,0,0,0,0,0,0,0,0,0,0,0,0,0,0,0,0,0,0,0,1,0,0,0,0,0,0,0,0,0,0,0,0,0,0,0,0,0,0,0,0,0,0,0,1,0,0,0,0,0,0,0,1,1,1,1,0,0,0,0,0,0,0,0,0,0,0,0,0,0,0,0,0,0,0,0,0,0,0,0,0,0,0,0,0,0,0,1,0,0,0,0,0,0,0,0,0,0,0,0,0,0,0,0,0,0,0,0,0,0,0,0,0,0,0,0,0,0,0,0,0,0,0,0,0,0,0,0,0,0,0,0,0,0,0,0,0,0,0,0,0,1,0,0,0,0,0,0,0,0,0,0,0,0,0,0,0,0,0,0,0,1,0,0,0,0,0,0,0,0,0,0,0,0,0,0,0,0,0,0,0,0,0,0,0,0,0,0,0,0,0,0,0,0,0,0,0,0,0,1,0,1,0,0,0,0,0,0,0,0,0,0,0,0,0,0,0,0,0,0,0,0,0,0,0,0,0,0,0,0,0,0,0,0,0,0,0,0,0,0,0,0,0,0,0,0,0,0,0,0,0,0,0,0,0,0,0,0,0,0,0,0,0,0,0,0,0,0,0,0,0,0,0,0,0,0,0,0,0,0,0,0,0,0,0
GCHFR,0,0,0,2,0,0,0,0,0,0,0,0,0,1,0,0,1,0,0,0,0,0,0,0,0,1,0,0,0,0,1,0,0,2,2,1,0,0,2,0,2,0,0,0,1,0,0,0,1,0,1,0,0,1,0,0,0,0,0,0,0,0,0,1,0,1,1,0,0,0,1,0,0,0,0,0,1,0,0,0,0,0,0,0,0,0,0,0,1,0,0,0,0,0,0,1,0,0,0,2,0,1,0,0,1,0,0,0,0,0,0,0,0,1,0,0,0,1,0,0,0,0,0,0,0,0,0,0,0,0,0,0,0,0,0,0,0,0,0,1,0,0,0,0,0,1,0,0,0,0,0,1,0,0,0,0,0,0,0,0,0,0,0,0,0,0,0,0,0,0,0,0,0,0,0,0,0,0,0,0,0,0,0,0,0,0,0,0,0,0,0,0,0,1,0,0,0,1,0,0,0,0,0,0,0,0,0,1,0,0,0,0,3,0,0,0,0,0,1,0,0,0,1,0,0,1,0,0,0,0,0,0,0,0,0,1,0,0,2,0,0,0,0,0,0,0,0,0,1,0,0,0,0,0,0,0,0,0,0,0,0,0,0,0,0,0,0,0,0,1,0,0,1,0,0,0,0,0,0,0,0,0,1,0,0,0,0,0,0,0,0,0,0,0,0,0,0,0,1,0,0,1,0,0,0,0,0,0,0,0,0,0,0,0,0,0,0,0,0,0,0,0,0,0,0,0,0,0,1,0,0,0,0,0,0,0,0,0,0,0,0,0,0,0,0,0,0,4,0,0,0,0,0,0,0,1,0,0,1,0,0,0,0,0,0,0,1,0,1,0,0,0,1,0,0,0,0,2,0,0,1,0,1,0,0,0,0,0,0,1,0,1,0,0,0,1,0,0,0,0,1,0,0,0,0,0,0,0,0,0,1,0,1,0,0,0,0,0,0,0,0,0,0,0,0,0,1,0,0,0,0,0,0,0,0,0,0,1,0,0,0,0,0,0,1,0,0,0,1,1,1,0,0,0,0,0,0,0,0,0,0,0,0,0,0,0,0,0,0,0,0,0,0,0,0,0,0,0,0,0,0,0,1,0,0,0,1,0,0,0,0,0,0,0,0,1,0,0,0,4,0,0,0,1,0,0,0,1,1,0,0,0,0,0,0,0,2,0,0,1,0,0,1,1,0,0,1,0,0,0,0,0,0,0,0,0,0,0,0,1,1,1,1,0,1,1,0,0,0,0,0,0,0,0,0,0,0,0,0,0,0,1,0,0,0,0,0,0,0,0,0,0,0,0,0,0,0,0,0,0,0,0,0,0,0,0,0,1,0,0,0,2,0,0,0,0,0,0,0,0,0,0,0,0,0,0,0,0,0,0,0,0,1,0,0,0,0,0,0,0,0,0,0,0,2,1,0,0,0,1,0,0,1,1,0,0,0,1,0,0,0,0,1,0,0,0,1,0,0,0,0,0,0,0,0,0,0,0,0,0,0,0,0,1,0,1,0,0,0,0,0,0,0,1,0,0,0,0,0,0,0,1,0,0,1,0,0,0,0,0,0,0,0,0,0,0,0,0,0,1,0,0,0,0,0,0,0,0,0,0,0,0,0,0,0,0,1,0,0,0,0,0,0,0,0,0,0,0,0,0,0,1,0,0,0,0,0,1,0,0,0,0,0,1,1,0,0,0,0,0,0,0,1,0,0,0,0,0,0,0,0,1,0,0,3,0,0,0,0,0,0,0,0,0,0,0,0,1,0,0,0,0,0,0,1,0,0,0,0,0,0,0,0,0,0,1,0,0,0,0,0,0,0,0,0,0,1,0,0,0,0,0,0,0,0,0,0,0,0,1,0,0,0,0,0,0,0,0,0,0,1,0,0,1,0,0,0,0,0,0,0,0,1,0,0,0,0,0,0,1,0,0,0,1,0,0,0,0,0,0,1,0,0,0,0,0,0,0,0,0,0,0,1,0,0,1,0,0,0,0,0,0,0,0,0,0,0,0,1,0,0,0,1,0,0,0,0,1,2,0,0,0,0,0,0,0,0,1,0,0,0,1,0,0,0,0,0,0,0,0,0,0,0,1,0,0,0,1,1,1,0,0,0,0,0,0,0,0,0,0,0,0,0,1,0,0,0,0,0,1,0,0,0,0,0,0,0,1,0,0,0,0,0,0,0,0,0,0,0,0,0,3,0,0,0,0,0,0,0,0,0,1,0,1,0,0,0,0,0,1,0,0,0,0,0,0,0,0,1,0,0,0,0,0,0,0,0,0,0,0,0,0,1,0,0,0,0,0,0,0,0,0,0,0,0,0,0,0,0,0,2,0,0,0,0,0,1,0,0,0,0,1,0,0,0,0,0,0,0,0,0,0,1,0,0,0,1,0,0,0,0,0,0,0,0,3,0,0,0,0,1,0,0,2,0,1,1,0,1,0,1,0,0,0,0,0,0,0,0,0,0,0,0,0,0,0,0,0,0,0,0,0,0,0,0,0,0,0,0,1,0,0,0,0,0,0,0,0,3,0,0,0,0,0,0,0,4,0,0,0,1,0,1,0,0,0,0,0,0,0,2,0,0,0,1,0,0,1,0,0,0,0,0,0,1,0,1,0,0,0,0,0,0,0,0,0,0,0,0,0,0,0,0,0,0,0,0,0,0,1,0,0,0,0,0,0,0,0,0,0,0,0,0,0,0,0,0,1,0,0,0,0,0,0,0,0,1,0,0,0,0,0,0,1,0,0,0,0,0,0,0,0,0,0,0,0,0,1,0,0,0,0,0,0,0,1,0,0,0,0,1,0,0,0,0,0,0,1,0,0,0,0,0,0,0,0,0,0,0,0,0,0,0,0,0,0,0,1,0,0,0,0,0,1,0,0,0,0,0,0,0,0,0,0,1,1,0,0,0,0,0,0,0,0,0,0,0,0,0,0,0,0,0,0,0,0,0,0,0,0,0,0,0,0,0,0,0,0,1,0,0,2,0,0,0,0,0,0,0,0,0,0,0,0,0,0,0,0,1,1,1,0,0,0,0,0,0,0,0,0,0,0,1,1,0,0,0,0,0,0,0,0,0,0,0,0,0,1,0,0,0,1,0,0,0,0,0,0,0,0,0,0,0,0,0,0,0,1,0,0,1,1,1,2,1,0,0,0,0,0,0,0,0,0,0,0,1,0,0,0,0,0,0,0,0,0,0,0,0,0,0,0,0,0,0,0,0,0,0,0,0,1,0,0,0,1,0,0,0,0,0,0,0,0,0,0,0,0,0,0,0,0,0,0,0,0,0,0,0,0,0,0,0,0,0,0,0,0,1,0,0,0,0,0,2,0,0,1,0,1,1,0,0,0,0,0,0,0,0,0,0,0,0,1,0,1,0,0,0,0,0,0,0,1,0,0,1,0,0,1,0,0,0,0,0,0,0,0,1,0,2,0,0,0,2,0,0,0,0,0,0,0,0,0,0,0
ADA2,0,1,0,0,0,0,0,0,1,0,2,0,0,0,0,0,1,0,6,0,0,0,1,1,0,0,0,0,0,0,0,0,0,0,0,0,0,0,0,0,0,0,1,0,0,0,0,0,0,0,0,0,1,0,0,0,1,0,0,0,2,0,0,1,0,1,1,0,0,0,0,0,0,1,1,0,0,1,0,2,0,0,1,2,0,0,0,0,0,0,2,0,0,0,0,1,0,0,0,0,0,0,2,0,0,1,0,1,1,0,0,1,1,0,0,2,0,0,1,0,0,0,0,0,0,0,1,0,0,0,0,0,0,0,0,0,0,0,2,0,0,1,0,1,0,0,1,1,0,0,1,0,0,0,0,0,0,0,0,1,0,0,2,0,0,0,2,0,2,2,0,0,0,0,0,0,0,1,1,0,0,0,1,0,0,0,0,0,2,0,3,0,0,0,0,0,0,0,0,0,0,0,1,0,0,0,0,0,0,0,0,1,0,0,0,0,0,0,0,2,0,0,2,0,0,0,1,2,0,0,0,0,2,2,0,0,0,0,0,0,2,0,0,0,0,0,0,0,2,2,0,0,0,0,0,0,0,0,0,0,0,0,0,1,0,0,1,0,0,1,1,1,2,0,0,0,0,0,1,0,0,1,0,0,0,0,0,1,1,0,1,0,0,0,0,0,0,0,1,0,0,0,0,0,1,0,0,0,1,0,0,0,0,0,0,0,0,0,0,0,0,0,0,0,1,0,2,1,0,0,0,2,0,0,0,0,0,0,0,1,0,0,0,0,0,0,0,1,0,2,0,0,1,0,0,0,1,0,0,0,0,0,0,0,0,0,3,1,0,0,0,0,0,0,0,1,0,0,0,1,0,0,1,0,0,0,0,0,0,0,0,0,0,3,0,0,0,0,0,0,0,1,0,0,0,0,0,0,0,0,0,0,1,0,0,3,0,0,0,0,0,0,0,0,1,0,0,0,0,0,0,0,0,0,1,0,0,0,0,4,0,0,0,0,0,0,1,0,0,0,0,0,0,0,1,0,1,1,1,0,1,0,0,0,0,1,0,0,0,0,0,1,0,0,0,0,1,0,0,0,2,0,0,0,1,0,0,0,0,0,0,0,0,0,0,0,0,0,0,0,0,0,0,0,0,0,0,0,0,0,0,0,0,0,0,0,0,0,0,0,0,0,0,1,0,0,0,0,2,0,1,0,0,0,0,2,0,0,0,1,0,0,0,0,0,0,1,1,2,0,0,2,0,0,2,1,0,0,0,0,0,0,0,0,0,0,0,0,1,0,1,0,0,0,1,1,0,0,0,0,0,0,0,0,0,0,0,0,0,0,0,1,0,2,1,0,0,0,1,0,0,0,1,0,0,1,0,0,0,1,0,0,0,0,0,0,0,0,0,0,0,0,0,0,0,0,1,0,0,0,0,0,0,0,0,0,0,0,0,0,0,0,0,0,0,0,0,0,0,1,0,0,0,1,0,0,0,0,0,0,3,0,1,0,0,0,1,0,0,1,0,0,0,0,0,0,0,1,0,0,0,0,0,0,0,0,0,0,0,0,0,0,1,0,0,0,0,1,0,1,0,0,0,0,0,1,0,0,0,0,0,0,0,0,1,0,0,0,0,0,1,0,0,0,0,1,0,0,0,1,0,1,0,0,1,0,1,0,0,0,0,0,0,0,0,0,0,0,0,0,1,0,0,0,0,0,0,0,0,0,0,1,0,0,1,1,0,0,0,0,0,0,0,1,1,0,0,0,2,0,0,0,0,0,0,0,0,0,0,0,0,0,0,1,1,0,0,0,1,0,0,0,0,0,0,1,0,0,0,0,0,1,0,1,0,0,1,0,0,0,0,0,1,0,0,0,0,0,0,1,0,0,0,1,0,0,0,0,1,0,0,0,0,0,0,0,0,0,0,0,0,0,2,0,0,0,1,0,0,0,0,0,0,0,0,0,0,0,0,0,0,0,2,0,0,0,0,0,1,1,0,0,1,1,0,0,0,0,0,0,0,0,0,0,0,1,0,0,0,0,0,0,0,0,0,0,0,0,0,0,0,0,0,0,0,0,0,0,0,0,0,0,2,0,0,0,0,0,0,0,0,1,0,0,0,0,0,0,0,0,0,0,0,0,0,0,0,1,0,0,0,0,1,0,0,0,0,0,1,1,0,0,0,0,0,0,0,0,0,1,0,2,2,0,0,0,0,0,0,0,0,0,0,1,0,0,0,0,0,0,0,0,0,0,0,0,0,0,0,0,0,0,0,0,0,0,0,0,0,0,0,0,0,0,0,0,0,0,0,0,0,0,0,0,0,0,0,0,0,1,0,0,0,0,0,3,0,1,1,0,0,1,0,0,0,0,0,0,0,1,0,1,0,0,0,0,1,0,0,0,0,0,0,1,1,0,0,0,0,2,2,0,0,0,0,2,0,0,0,1,1,0,0,0,1,1,1,0,0,0,0,0,0,0,0,0,0,0,0,0,0,0,2,0,1,0,0,0,0,0,0,0,0,0,0,0,0,0,0,0,0,0,0,0,0,0,0,0,3,0,0,0,0,0,0,0,0,0,0,0,0,0,1,0,0,0,0,0,0,0,0,0,2,1,0,0,0,0,0,0,0,0,0,0,0,0,0,1,0,0,0,0,0,0,0,0,1,0,0,1,0,0,1,0,0,1,0,0,1,0,0,0,0,0,0,0,1,0,0,0,0,0,0,0,0,0,0,0,0,0,0,0,0,3,0,0,0,0,1,0,0,1,0,0,0,0,0,2,0,0,1,1,0,0,0,1,1,0,0,0,0,0,0,0,0,0,0,0,1,0,0,0,0,0,0,0,0,0,0,0,0,0,0,0,0,0,0,0,0,0,0,0,0,0,0,0,1,0,0,0,1,0,0,0,0,1,0,0,0,2,0,0,0,1,0,0,0,1,1,0,1,0,0,2,0,1,0,0,0,1,0,0,0,0,0,0,0,0,0,0,0,0,0,1,0,0,0,0,0,2,1,0,0,0,0,0,0,0,0,0,0,0,0,0,0,0,0,0,0,0,0,0,0,0,1,0,0,0,1,0,0,2,0,0,1,3,0,0,0,0,0,0,0,0,1,0,0,0,0,1,0,0,0,0,0,0,0,0,0,2,0,0,0,0,0,1,1,1,0,0,0,0,1,0,0,0,0,0,0,2,0,1,0,0,0,0,0,0,0,0,1,0,2,2,0,0,0,0,0,0,0,0,0,0,0,0,0,0,0,0,0,0,0,0,1,0,0,0,0,1,0,0,0,0,0,1,0,1,0,0,0,0,0,0,0,0,0,1,0,0,0,0,0,1,2,0,0,0,1,0,0,1,0,0,1,2,1,0,2,0,0,0,0,1,0,0,1,0,2,0,1,1,0,0,0,0,0,0,0,0,0,0,0,0,0,0,1,0,0,0,0,1,0,0,0,0,0,0,0,1,0,0,1,0,0,0
GPCPD1,0,0,0,0,0,0,0,0,0,0,0,0,0,0,0,0,0,0,1,0,0,0,1,0,0,2,0,0,1,1,0,0,1,0,0,0,0,0,0,0,0,0,4,0,0,0,0,0,0,0,0,0,2,0,0,1,0,0,0,0,0,0,0,0,1,0,0,0,1,0,0,0,0,1,0,1,0,1,0,0,0,0,1,1,0,0,0,0,0,0,0,0,0,1,0,0,0,0,0,0,0,0,0,0,0,1,0,0,1,0,0,0,0,0,0,0,0,0,0,0,0,0,0,2,0,0,0,0,1,0,0,0,0,0,0,0,0,0,0,0,0,0,0,0,1,0,2,1,0,0,0,0,0,0,0,0,1,0,0,1,1,0,0,0,0,0,0,0,0,0,0,0,0,0,0,0,0,0,0,0,0,0,0,1,0,0,0,0,1,0,0,0,0,1,0,0,0,0,0,1,0,0,0,0,0,0,0,0,0,0,0,0,0,0,0,0,0,0,0,2,0,0,0,0,0,0,0,0,0,1,0,0,1,1,0,0,0,0,0,0,1,0,0,0,0,0,0,0,1,0,0,1,0,0,0,0,0,0,0,0,0,0,0,0,0,0,0,2,0,0,0,1,0,0,0,0,0,0,0,0,1,0,0,0,0,0,0,0,0,0,0,0,0,0,0,0,0,0,0,0,0,0,0,0,0,0,0,1,0,0,0,0,0,0,0,0,0,0,0,0,1,0,0,0,0,0,1,0,0,0,0,0,0,0,0,0,0,0,0,1,1,0,0,0,0,0,0,0,0,4,0,0,1,0,0,0,0,0,0,0,0,0,0,1,0,0,0,0,0,0,1,1,0,0,0,0,0,1,0,1,0,0,0,0,0,0,0,0,0,0,0,0,0,0,0,0,0,0,1,0,0,0,0,0,3,0,0,0,0,0,0,1,1,0,0,0,0,0,0,0,0,0,1,0,0,0,0,0,0,0,0,0,0,0,1,0,1,0,0,1,0,0,0,0,0,0,0,1,1,0,0,1,0,0,1,0,0,0,1,0,0,0,0,0,0,1,0,0,1,0,1,0,0,0,0,0,0,0,0,1,1,0,1,0,0,0,0,0,0,0,0,0,0,0,0,0,1,0,0,0,0,0,0,0,0,0,0,1,0,0,0,0,0,0,0,0,0,0,0,1,0,0,0,1,1,0,0,0,4,0,1,0,0,0,0,4,0,0,0,0,2,0,0,0,0,0,1,0,0,0,0,0,0,0,0,2,0,0,0,1,0,0,0,0,0,0,0,0,0,0,0,1,0,0,0,0,0,0,2,0,0,0,0,0,0,0,0,1,0,0,0,0,0,1,0,0,0,0,0,0,1,0,1,0,0,0,4,0,1,0,0,0,0,0,1,0,0,0,0,0,0,0,0,0,0,0,0,0,0,0,0,0,0,0,0,0,0,0,0,1,0,0,0,0,0,0,0,0,0,0,0,0,0,0,0,0,0,0,0,2,1,0,0,1,0,0,1,0,0,0,0,0,0,0,0,0,0,1,0,0,0,1,0,0,1,0,0,0,0,0,0,0,0,0,0,0,0,0,0,3,0,0,0,0,1,0,0,0,0,0,0,1,0,0,1,0,0,0,0,0,0,0,0,0,0,0,0,0,0,0,0,0,0,0,0,0,0,0,0,0,0,0,0,0,0,1,0,0,0,0,0,0,0,0,0,0,0,0,0,0,0,0,0,0,0,0,0,0,0,0,0,0,0,0,0,0,0,0,1,0,1,0,0,0,1,0,0,0,0,0,0,0,0,0,0,0,0,0,0,0,0,0,0,0,0,1,0,0,0,0,0,0,0,1,0,0,0,0,0,0,1,0,1,0,1,0,0,0,0,1,0,0,0,0,1,0,0,0,0,0,2,0,0,1,0,0,0,0,0,0,0,0,1,0,0,0,0,0,0,0,0,0,0,0,0,0,0,0,0,0,1,0,0,0,0,0,1,0,0,0,0,1,0,1,1,0,1,0,1,0,0,0,0,0,0,2,0,0,0,0,0,0,0,0,0,0,0,0,0,1,0,0,0,0,1,0,0,0,0,0,0,0,0,0,0,0,0,0,1,3,0,0,0,0,0,0,0,1,0,0,1,0,3,0,0,0,0,0,0,0,0,0,0,0,0,0,1,0,0,0,0,0,0,1,0,2,0,0,0,1,0,6,2,0,0,0,0,0,1,0,0,0,0,2,0,0,0,0,0,0,0,0,0,0,0,0,0,0,0,0,0,1,0,0,0,0,0,0,0,0,0,0,0,0,0,0,0,0,0,0,1,0,1,1,0,0,0,0,0,0,0,1,0,0,1,2,0,1,0,0,0,0,0,0,0,0,0,0,0,0,0,1,0,0,0,0,1,0,0,0,0,0,0,0,0,0,1,1,0,1,0,0,0,0,0,0,0,0,0,1,0,1,0,0,0,0,1,0,0,1,1,0,0,0,0,0,0,0,0,0,0,0,0,0,2,0,0,0,0,0,0,0,0,0,0,0,0,0,0,0,0,0,1,0,0,0,0,0,1,0,0,0,0,0,0,0,0,0,0,0,0,0,0,0,1,0,1,0,0,0,1,0,0,0,0,0,0,0,0,0,0,0,0,0,0,0,0,0,0,0,0,0,1,0,0,0,0,0,0,0,0,0,0,0,0,0,0,0,0,0,0,0,0,0,0,0,1,0,0,0,0,0,0,0,0,0,0,0,0,0,1,0,0,1,0,0,0,0,0,0,0,1,0,0,0,0,1,2,0,0,2,2,0,0,0,0,0,0,0,0,0,0,0,0,0,0,0,0,0,0,0,0,0,0,0,1,0,0,0,0,0,0,0,0,0,0,0,0,0,0,0,0,0,0,0,0,0,0,0,0,2,0,0,0,0,1,0,0,0,0,0,0,0,0,0,0,0,0,1,0,1,0,0,0,0,0,0,0,0,0,0,0,0,0,0,0,0,0,0,0,0,0,1,1,0,0,0,0,0,0,0,0,1,0,0,0,0,0,0,0,0,0,0,0,0,0,0,0,0,0,0,0,0,0,2,0,0,0,1,0,0,0,0,1,0,2,0,0,0,0,0,0,0,0,0,0,1,0,0,1,1,1,0,0,0,0,0,0,1,0,0,0,0,0,0,1,0,2,0,1,0,1,0,0,0,0,0,0,0,0,0,0,0,0,1,0,0,0,0,0,0,0,0,1,0,0,0,0,0,0,0,0,0,0,0,0,0,0,0,0,0,0,0,0,1,0,0,0,0,0,0,0,0,0,0,0,0,0,1,0,0,0,0,0,0,0,1,0,0,0,1,0,0,0,0,0,0,0,0,0,0,0,0,1,0,1,0,4,0,0,0,0,0,3,0,0,0,0,0,0,0,1,0,0,0,0,1,0,0,2,0,0,0,0,0,0,0,0,0,0,0,0,0,0,0,1,1,2,0,0,0,0,1,0,0,0
IFI27L2,0,1,0,1,0,1,1,0,0,0,1,0,3,0,0,0,0,0,0,0,0,0,1,1,0,0,0,0,0,1,0,0,1,1,1,0,0,0,0,0,0,1,1,0,0,0,0,0,0,0,0,0,2,0,1,0,0,0,1,0,1,0,1,2,0,0,0,0,2,0,0,1,0,0,0,0,0,1,1,2,0,0,1,0,1,0,0,2,1,0,0,0,0,2,0,1,0,0,0,0,0,0,2,0,1,0,0,0,1,0,0,0,0,0,0,1,1,1,1,0,0,0,1,0,0,0,0,0,0,0,0,1,0,0,0,0,0,0,0,0,0,0,0,1,2,0,0,0,0,1,0,0,0,0,0,0,0,1,1,1,0,0,0,0,0,0,0,0,1,1,0,1,1,0,3,1,0,1,0,1,1,0,0,0,0,0,0,0,1,2,3,0,0,0,0,0,0,0,0,1,0,0,0,0,1,0,1,0,1,0,0,0,1,0,1,0,0,0,0,1,0,0,0,0,0,1,1,0,0,0,0,0,0,0,0,0,1,0,0,0,0,0,2,0,1,0,1,2,2,1,0,0,0,0,0,0,0,0,0,0,1,0,0,2,0,0,0,1,0,0,0,2,2,0,0,0,0,0,0,0,1,0,0,0,0,0,0,0,0,0,0,0,1,0,0,0,0,1,1,1,0,1,0,0,1,0,0,0,0,0,0,0,0,0,0,0,0,1,0,0,0,1,0,0,1,0,0,0,0,0,1,2,0,0,0,0,0,1,0,0,1,1,0,1,0,0,0,0,0,1,0,0,2,0,2,0,0,0,1,1,1,1,0,1,1,0,4,0,0,0,0,0,0,0,0,0,0,0,0,0,1,0,1,0,0,1,0,0,2,1,0,0,0,2,1,1,4,0,0,2,0,1,0,0,0,0,2,0,0,0,0,1,1,0,0,1,0,0,0,0,1,0,3,0,0,0,0,0,0,0,0,0,0,0,0,0,2,0,1,1,1,0,2,0,1,2,0,0,0,0,0,0,0,0,0,0,0,2,1,0,1,1,0,0,0,0,1,0,1,1,0,0,1,1,0,0,0,1,0,1,0,0,1,0,0,0,0,0,0,1,1,0,1,1,0,0,0,0,0,2,0,2,0,0,0,0,0,1,0,0,0,2,0,0,0,0,0,0,0,0,0,0,1,1,0,0,0,0,1,0,0,0,0,0,0,1,1,1,2,1,1,0,0,0,0,0,1,0,0,0,1,4,0,0,2,2,0,2,0,0,0,0,0,0,0,0,0,0,0,0,0,0,0,0,0,0,1,0,0,0,0,0,2,2,1,0,0,0,0,0,0,0,0,0,1,1,0,0,0,0,0,1,1,0,1,0,1,0,0,0,1,0,0,0,0,1,0,2,0,0,2,0,0,0,1,0,0,1,0,0,0,0,0,0,1,0,0,0,0,0,0,0,1,0,0,0,1,0,0,0,0,1,0,0,0,1,0,0,0,2,0,0,0,0,0,0,3,0,0,0,0,0,1,0,0,0,0,1,0,1,0,1,0,2,1,0,0,1,0,0,0,0,0,0,1,0,1,0,0,0,0,0,1,1,0,0,0,0,1,1,0,0,0,0,0,0,0,0,0,0,0,0,0,0,0,0,0,0,0,0,0,0,0,0,3,0,0,0,2,1,0,0,0,0,0,0,1,0,0,0,0,0,0,0,0,0,0,0,0,1,0,0,0,1,0,0,0,0,0,0,0,1,1,0,0,0,3,0,0,0,0,0,0,0,0,0,0,1,1,0,0,0,0,1,2,1,2,0,2,0,0,0,0,0,0,1,1,0,0,0,0,0,0,0,0,0,2,0,0,0,0,0,3,0,0,0,1,2,0,1,0,0,1,1,0,0,0,0,1,0,1,1,0,0,0,0,0,0,0,0,0,0,0,0,0,0,2,0,0,0,1,0,0,0,0,0,0,1,0,0,0,0,1,1,0,0,0,0,0,0,0,0,0,2,0,0,0,0,1,1,0,0,0,0,1,2,0,0,0,0,0,0,0,0,0,0,1,0,2,0,0,0,0,0,1,0,0,0,0,1,0,2,3,1,1,0,0,0,1,1,2,1,0,0,0,0,0,1,1,2,0,0,0,0,0,0,0,0,0,0,1,1,0,0,0,0,0,0,0,0,0,1,0,0,0,1,0,0,1,0,0,0,1,0,0,0,0,0,0,0,0,0,0,1,1,1,0,0,0,0,0,0,0,0,0,0,0,1,0,0,0,0,0,0,0,1,0,0,0,0,0,0,0,1,0,0,1,1,3,0,0,0,0,0,0,1,0,0,0,1,2,2,0,0,0,2,0,2,1,0,0,0,0,0,0,1,0,0,0,0,0,0,0,2,0,0,1,0,0,0,0,0,0,2,0,0,0,0,1,2,0,1,1,2,0,0,0,1,0,1,0,0,0,0,1,0,1,1,0,0,0,0,0,2,0,0,0,0,1,0,1,0,0,0,1,0,0,0,0,0,0,0,1,0,0,0,0,0,0,0,0,0,0,0,0,0,2,2,0,0,1,0,0,0,0,0,1,0,0,0,0,1,0,1,0,0,0,0,1,1,0,0,0,0,0,0,0,0,0,1,1,0,0,0,0,0,0,0,0,0,0,0,0,0,1,1,0,0,0,4,0,0,0,0,0,0,1,0,1,0,0,0,0,1,0,0,0,0,1,0,0,1,0,0,0,0,0,3,0,1,0,1,0,0,0,1,0,0,0,0,0,0,0,0,0,0,1,1,1,0,1,2,0,0,1,1,2,0,0,0,1,0,0,0,0,0,0,1,0,1,2,0,0,3,0,0,2,2,0,1,0,0,2,0,0,0,0,0,0,0,0,1,0,1,0,1,2,0,0,1,2,0,1,0,0,1,0,0,0,2,0,0,0,0,0,0,0,0,0,0,0,0,0,0,0,0,0,0,0,0,0,0,0,0,0,0,0,0,0,1,0,0,0,1,0,0,0,0,1,3,1,0,0,1,0,0,0,1,2,0,0,0,0,0,0,0,0,0,1,0,0,0,0,0,0,0,0,1,0,0,0,1,0,3,3,3,0,0,0,0,0,0,0,0,1,0,1,0,0,2,0,0,0,0,0,0,0,0,0,0,0,0,0,0,0,0,0,1,0,2,0,0,1,0,2,0,0,0,0,0,0,1,0,0,0,0,0,0,0,1,0,0,1,1,0,0,0,0,0,0,0,0,0,1,0,0,0,1,0,1,0,0,0,0,0,0,1,0,0,3,0,0,0,0,0,0,0,1,0,0,0,0,0,0,0,0,0,0,0,1,2,0,0,0,0,0,0,0,0,1,0,1,0,0,0,0,0,2,0,0,0,0,0,0,0,0,0,0,1,0,0,0,0,0,1,1,0,0,0,0,0,0,0,0,0,1,1,0,0,0,0,1,0,0,0,0,0,1,0,0,0,0,0,0,1,1
RASAL3,0,0,1,0,1,0,0,1,0,0,0,0,0,0,0,0,0,0,0,0,1,0,0,0,0,2,0,0,1,0,0,0,0,0,0,1,3,2,0,0,0,0,0,1,0,0,0,1,0,0,1,0,0,0,0,0,1,2,0,0,1,0,0,0,0,1,0,0,0,0,0,0,0,0,0,1,1,0,0,0,0,0,0,0,0,0,0,0,4,0,0,0,1,0,0,0,0,0,0,0,1,0,0,0,2,0,0,1,2,0,0,1,0,0,1,0,0,0,0,0,0,0,0,0,0,0,0,0,0,0,0,2,0,0,0,0,1,1,0,0,0,1,1,0,1,0,0,0,0,0,0,1,1,0,0,0,0,0,0,0,0,0,0,0,1,1,0,2,0,0,0,1,0,0,0,0,0,1,1,0,0,0,0,0,0,0,0,1,1,1,0,0,0,0,0,0,0,0,0,0,0,0,1,1,0,0,0,0,2,0,0,0,0,0,1,0,1,0,0,1,0,0,0,1,0,0,0,0,0,0,0,1,1,0,0,0,0,0,0,0,0,0,0,0,0,0,0,0,0,0,0,0,0,2,1,0,0,1,0,0,1,0,0,0,0,0,0,0,0,1,1,0,0,0,0,0,0,0,0,1,0,0,1,0,1,0,0,1,0,0,0,0,0,1,0,0,0,1,0,0,1,1,1,0,0,0,1,0,0,0,1,1,0,0,0,0,1,0,0,1,0,0,2,0,0,0,0,0,0,0,0,0,0,0,0,0,0,0,0,0,0,0,0,2,0,0,0,0,0,0,0,0,2,0,0,0,0,0,0,0,0,0,0,0,0,0,0,0,0,0,1,0,0,0,0,0,1,0,0,0,0,0,0,0,0,0,0,0,0,0,0,0,0,1,1,0,0,0,1,0,0,0,0,0,0,1,1,0,2,0,0,1,0,0,0,1,0,1,1,0,0,1,4,1,0,1,0,1,0,0,0,0,0,1,2,1,0,0,0,0,0,3,1,0,0,0,0,0,0,0,0,0,0,0,0,0,0,1,0,0,0,0,0,0,0,0,0,1,0,0,0,0,0,0,0,0,0,0,0,0,0,0,0,0,0,1,0,1,1,0,1,0,1,0,1,0,0,0,0,0,0,0,0,0,1,1,0,1,0,0,0,0,0,0,0,0,0,0,0,0,1,1,0,0,0,0,0,0,0,0,2,0,0,0,0,0,1,0,1,0,2,0,0,1,0,1,0,0,0,0,0,1,0,0,0,0,0,0,0,0,0,0,0,0,0,0,0,0,0,0,0,0,0,1,0,0,0,1,0,0,0,1,1,1,0,0,0,0,1,0,1,0,0,0,0,0,1,0,0,0,1,0,0,1,0,0,1,0,0,0,0,0,1,0,3,0,0,0,0,0,0,0,0,1,2,1,0,0,1,1,1,1,1,1,0,0,0,1,0,0,1,0,0,0,2,0,0,2,0,0,1,0,0,0,0,0,0,0,0,1,0,0,0,0,0,0,0,0,0,0,1,0,0,1,3,0,0,0,0,2,0,1,2,0,0,0,0,1,0,1,1,1,1,1,0,0,0,0,0,0,0,1,0,0,0,0,1,1,1,0,1,1,0,0,0,1,0,0,1,1,1,0,1,1,1,1,0,1,0,2,0,0,0,0,0,0,1,0,1,0,0,2,0,0,0,2,1,0,2,0,0,1,0,1,0,0,0,0,0,2,0,0,0,0,0,1,0,0,2,0,0,1,0,0,0,0,0,0,0,0,0,0,0,3,0,0,0,0,0,1,1,0,0,0,0,3,1,0,0,0,0,1,0,0,1,0,0,0,0,1,0,0,1,0,0,0,0,1,0,0,1,0,0,1,0,0,0,0,1,0,0,2,0,0,1,0,1,0,0,0,0,0,0,0,1,0,0,1,0,0,2,0,0,0,2,0,0,1,0,0,1,1,0,1,0,0,0,0,0,0,0,0,1,0,1,0,3,0,0,0,1,2,0,1,0,0,1,0,0,2,0,1,1,0,0,0,1,0,0,0,0,0,0,0,0,0,1,0,1,0,0,0,0,0,0,0,0,0,1,0,2,1,0,2,0,0,0,0,0,0,0,0,0,0,0,0,0,2,1,0,1,0,0,0,0,0,0,0,0,1,0,0,0,0,1,0,0,0,0,0,2,0,1,2,0,0,0,0,0,0,0,0,0,0,0,0,0,1,0,0,0,1,0,0,0,0,0,0,0,1,0,2,1,0,1,0,1,0,0,2,0,0,0,0,1,0,0,0,0,0,0,0,0,0,1,3,0,0,0,0,0,0,0,0,1,1,0,0,1,0,0,2,0,0,0,0,0,1,0,2,0,0,0,0,0,1,0,0,0,1,0,0,1,1,1,0,0,1,0,0,0,1,0,0,0,1,0,1,0,0,0,0,0,1,1,0,1,0,0,0,1,0,0,0,0,0,0,1,0,0,0,0,1,0,0,0,0,0,0,0,0,1,1,0,0,1,0,0,0,1,1,0,0,0,1,1,1,1,0,1,1,0,0,0,0,1,0,0,1,0,0,0,0,0,3,1,0,0,0,0,1,2,0,0,1,0,0,0,2,0,0,0,0,0,0,1,0,0,0,0,0,0,0,0,1,0,1,0,1,1,0,0,1,0,1,0,0,0,0,2,0,0,1,0,1,0,1,0,0,0,0,0,0,0,0,2,2,1,0,0,0,0,0,0,1,1,0,0,0,0,1,0,1,2,0,0,1,1,0,2,0,0,0,0,0,0,0,0,0,0,0,0,1,0,0,0,0,1,0,0,0,0,0,0,0,0,0,0,2,0,0,0,1,0,0,1,1,0,0,1,1,1,1,0,1,1,0,1,1,0,0,0,0,1,0,0,0,0,0,0,0,1,0,0,0,0,0,0,0,0,1,0,0,0,0,0,1,0,0,0,0,0,0,0,1,0,0,2,0,0,0,1,0,1,0,1,0,0,0,0,0,0,0,0,1,1,1,0,2,0,2,1,2,0,0,0,0,1,3,1,0,0,0,0,0,1,0,0,0,0,0,0,0,0,0,0,0,0,0,1,0,2,0,0,0,2,0,4,0,0,0,0,0,1,1,0,0,0,0,0,1,1,1,0,0,0,0,0,1,0,0,1,0,1,0,0,1,0,0,1,0,0,0,0,0,0,1,0,0,0,0,1,1,1,0,0,0,1,0,0,0,1,0,1,1,0,0,0,0,0,0,0,0,0,0,1,1,0,1,0,3,0,1,1,0,1,1,1,0,0,1,1,1,0,0,1,0,0,0,0,1,0,0,0,1,0,0,0,1,0,0,0,1,0,0,0,1,1,1,1,0,2,0,0,0,0,0,0,0,1,0,0,0,0,0,0,0,1,0,1,0,0,0,1,0,0,0,0,0,0,0,1,2,0,0,1,0,1,1,1,0,0,0,0,0,2,0,1,0,1,0,3,0,0,0,0
QRSL1,0,0,0,0,0,0,0,0,0,0,0,0,0,0,1,0,0,0,0,0,0,0,0,0,0,0,0,0,0,1,0,0,1,0,0,0,0,1,1,0,0,0,0,0,0,0,0,0,0,0,0,0,0,0,0,0,0,0,0,1,0,0,0,0,0,0,0,0,0,0,0,2,0,0,0,0,0,0,0,0,0,0,0,0,0,0,0,0,0,0,0,0,0,0,0,0,0,0,0,1,0,0,0,0,0,0,0,1,0,0,1,1,0,1,0,0,0,0,0,0,0,0,0,1,0,0,0,0,0,0,0,0,0,0,0,0,1,0,0,0,0,0,1,0,0,0,0,0,0,0,0,0,1,0,0,0,0,0,0,0,0,0,0,0,0,0,0,0,0,0,0,0,0,0,0,0,0,0,0,0,0,0,1,0,0,2,0,0,0,0,0,0,0,0,0,2,0,0,0,1,0,0,0,1,0,0,0,2,1,0,0,0,0,0,0,0,0,0,0,0,0,0,0,0,0,0,0,0,0,0,0,0,0,0,0,0,0,1,0,0,0,0,1,0,0,1,0,0,0,0,0,0,0,0,0,0,0,0,1,0,0,0,0,0,0,0,0,0,0,0,1,0,0,0,0,0,0,0,0,1,0,0,0,0,0,0,0,0,0,0,0,0,0,0,0,0,0,0,0,0,0,0,0,0,0,0,0,0,0,0,0,0,0,0,0,0,0,0,0,0,0,0,0,0,0,0,0,0,0,0,0,0,1,1,0,0,0,0,0,0,0,0,0,0,0,0,0,0,0,0,0,0,0,0,0,0,0,1,0,1,0,0,1,0,0,0,0,0,0,0,0,0,0,0,0,0,0,0,0,0,0,1,0,0,0,0,0,0,0,0,0,0,0,0,0,0,1,0,0,0,0,0,0,0,0,1,0,1,1,0,0,0,0,0,0,0,0,0,0,0,0,1,1,0,0,0,0,0,0,0,0,0,0,0,0,0,0,0,0,0,0,0,0,0,0,1,0,0,0,0,0,0,0,0,0,0,0,2,0,0,0,0,0,0,0,1,0,0,0,0,0,0,0,0,0,2,0,0,0,0,0,0,0,0,0,0,0,0,0,0,0,0,0,1,0,0,0,0,0,0,0,0,0,0,0,0,1,2,0,0,0,0,0,0,0,0,0,0,0,0,0,0,0,0,0,0,0,0,0,0,0,0,0,0,0,0,0,0,0,0,1,0,0,0,0,0,0,0,0,1,0,0,0,0,0,0,0,0,0,0,0,0,0,0,0,0,0,0,0,0,0,0,1,0,0,0,0,1,0,0,1,0,0,0,0,0,1,0,0,0,0,0,0,0,0,1,0,0,0,1,0,0,0,0,0,0,0,0,0,0,0,0,0,0,0,0,0,0,0,0,0,0,0,0,0,0,0,0,0,0,1,0,0,0,1,0,0,0,0,1,0,0,0,0,0,0,0,0,0,0,0,0,0,0,0,0,1,0,0,0,0,2,0,0,0,0,0,0,1,1,0,0,0,0,0,0,1,0,0,0,0,2,0,0,0,0,0,0,0,0,0,0,0,0,0,0,0,0,0,0,0,0,0,0,1,0,0,0,0,0,0,0,1,1,0,0,0,0,0,1,0,0,0,0,1,0,0,0,0,0,1,0,0,0,1,0,0,1,0,1,0,0,0,0,0,0,1,0,0,0,0,0,0,1,0,0,0,0,0,0,0,0,0,0,0,0,0,0,1,1,0,0,0,0,0,0,0,0,0,0,0,0,0,0,0,0,0,0,0,1,0,0,0,0,0,0,0,0,0,0,0,0,0,0,0,0,0,0,1,0,0,0,0,0,0,0,0,0,0,0,0,0,0,2,0,0,0,1,0,0,0,0,1,0,0,0,0,0,0,0,0,0,1,0,0,0,0,0,0,0,0,0,0,0,0,0,0,0,0,1,0,0,0,0,1,0,0,0,0,0,2,0,0,0,1,0,0,0,2,0,0,0,0,0,0,0,1,0,0,1,0,0,0,0,0,0,0,0,1,0,0,0,0,0,0,1,0,0,0,0,0,0,0,0,0,0,1,0,0,0,0,0,0,0,0,0,0,0,0,0,0,0,0,0,0,0,0,0,0,0,3,0,0,0,1,0,0,0,0,0,0,0,0,0,0,0,2,0,0,0,0,0,0,1,0,0,0,1,0,0,0,1,0,0,0,0,0,1,0,0,0,0,0,1,0,0,0,0,0,0,0,0,0,0,0,0,0,0,1,0,0,0,0,0,0,0,0,0,0,0,0,0,0,0,0,0,0,1,0,0,0,1,0,1,0,0,0,0,0,0,1,1,1,0,0,1,0,0,0,0,0,0,0,0,0,0,0,0,0,0,0,0,0,1,0,0,0,0,0,0,0,0,0,0,0,0,0,0,0,0,0,0,0,0,0,0,0,0,0,0,0,0,0,0,0,0,0,0,0,0,0,0,0,0,0,0,0,0,0,0,0,0,0,0,0,0,0,0,0,0,0,1,0,0,0,0,0,0,0,0,1,0,0,0,1,0,0,0,0,0,0,0,0,0,0,0,0,1,0,0,0,0,0,0,0,0,0,0,0,0,0,0,0,0,0,0,0,0,0,0,0,0,0,0,0,0,0,0,0,0,0,0,0,1,0,0,0,0,1,0,0,0,0,0,0,0,0,0,0,0,0,0,0,0,0,0,0,0,1,0,0,0,0,0,0,0,0,0,0,0,0,0,0,0,1,0,0,0,0,0,0,0,0,0,0,0,0,0,0,0,0,0,0,0,0,0,0,0,0,0,0,0,0,0,0,0,0,1,0,0,0,0,0,0,0,0,0,0,0,0,0,0,0,0,0,0,0,0,0,0,0,0,0,0,1,0,0,0,0,0,0,0,0,0,0,0,0,0,0,0,0,0,0,0,0,0,0,0,0,0,0,1,0,0,1,0,0,0,0,0,0,0,0,0,0,1,0,0,0,1,0,0,0,0,0,0,0,0,0,0,0,0,0,0,0,0,0,0,0,0,0,0,0,0,0,0,0,1,0,0,0,0,0,0,0,0,2,0,0,0,0,0,0,0,0,0,0,0,1,0,0,0,0,0,1,0,0,0,0,0,0,0,0,0,1,0,0,0,0,0,0,1,0,0,0,0,0,0,1,0,0,0,0,0,0,0,0,0,0,0,0,0,0,0,0,0,0,0,0,0,0,0,0,0,0,0,0,0,0,0,0,0,1,0,0,0,0,0,0,0,0,0,0,0,0,1,0,0,0,0,0,0,0,0,0,0,1,0,1,0,0,1,0,1,0,0,0,0,0,0,0,0,0,0,0,0,0,0,0,1,0,0,0,0,0,0,0,0,0,0,0,0,0,0,0,0,0,0,0,0,0,0,0,0,0,0,0,0,0,0,0,0,1,0,0,0,0,0,0,0,0,0,0,0,0,0,0,1,0,0,0,0,0,0,0,0
FCRL2,0,0,0,0,0,0,0,0,0,0,0,0,0,0,0,0,0,0,0,0,0,0,0,0,0,0,0,0,0,0,0,0,0,0,0,0,0,0,0,1,0,0,0,0,0,2,0,0,0,0,0,0,0,0,0,0,0,0,0,0,0,0,0,0,0,0,0,0,0,0,0,0,0,0,0,0,0,0,0,0,0,0,0,0,0,0,0,0,0,0,0,0,0,0,0,0,0,0,0,0,0,0,0,0,0,0,0,0,0,0,0,0,0,0,0,0,0,0,0,0,0,0,0,1,0,0,0,0,0,0,0,0,0,0,0,0,0,0,0,0,0,0,0,0,0,0,0,0,0,0,0,0,0,0,0,0,0,0,0,0,0,0,0,0,0,0,0,0,0,0,0,0,0,0,0,0,0,0,0,0,0,0,0,0,0,0,0,0,0,0,0,0,0,0,0,0,0,0,0,0,0,0,0,0,0,0,1,1,0,0,0,0,0,0,0,0,0,0,0,0,0,1,0,0,0,0,0,0,0,0,0,0,0,0,1,0,0,0,0,1,0,0,0,0,0,0,0,0,0,0,0,0,1,0,0,0,0,0,0,0,0,2,0,0,0,0,0,0,0,0,0,0,0,0,0,0,0,0,0,0,0,0,0,0,0,0,0,1,0,0,0,0,0,0,0,0,0,0,0,0,0,0,0,0,0,0,0,0,1,0,0,0,0,0,0,0,0,0,0,0,0,0,0,0,0,0,0,0,0,0,0,0,0,0,0,0,0,0,0,0,0,0,0,0,1,0,0,0,0,0,0,0,0,0,0,0,0,0,0,0,0,0,0,0,0,0,0,0,0,0,0,0,0,0,0,0,0,0,0,0,0,2,0,0,0,0,0,1,0,0,0,0,0,0,0,0,0,0,0,0,0,0,0,0,0,0,0,1,0,1,0,0,0,0,0,0,0,0,0,0,0,0,0,0,0,0,0,0,0,0,0,0,0,0,0,0,0,0,0,0,0,0,0,0,0,0,0,0,1,0,0,0,0,0,0,0,0,0,0,0,0,0,0,0,0,1,0,0,0,0,0,0,0,0,0,0,0,0,0,0,0,0,0,0,1,0,0,0,0,0,0,0,0,0,0,0,0,0,0,0,0,0,0,0,0,0,2,0,0,0,0,0,0,0,0,0,0,0,0,0,0,0,0,0,0,0,0,0,0,0,0,0,0,0,0,0,0,0,0,0,0,0,0,0,0,0,0,0,0,0,0,2,0,0,0,0,1,0,0,0,0,0,0,0,0,0,0,0,0,0,0,0,0,0,0,0,0,0,0,0,0,0,0,0,0,0,0,0,0,0,0,0,0,0,0,2,0,0,0,0,0,0,0,0,0,0,0,0,0,0,0,0,0,0,0,0,0,0,0,0,0,0,0,0,0,0,0,0,0,0,0,0,0,0,0,0,0,0,0,0,0,0,0,0,0,0,0,0,0,0,0,0,0,0,1,0,0,0,0,0,0,1,0,0,0,0,0,0,0,0,0,0,0,0,0,0,0,0,0,0,0,0,0,0,0,0,0,0,0,0,0,0,0,0,0,0,0,0,1,0,0,0,0,0,1,0,0,0,0,0,0,0,0,0,0,0,0,0,0,0,0,0,0,0,0,0,0,0,0,0,0,0,0,0,0,0,0,1,0,0,0,0,0,0,0,0,0,0,0,0,0,0,0,0,0,0,0,2,0,0,2,0,0,0,0,0,0,0,0,0,0,0,0,0,0,0,0,0,0,0,0,0,0,0,0,0,0,0,0,0,0,0,0,0,0,0,0,0,0,0,0,0,0,0,0,0,0,2,0,0,0,0,0,0,0,0,0,0,0,0,0,0,0,0,0,0,0,0,0,0,0,0,0,0,0,0,0,0,0,1,0,0,0,0,0,1,0,0,0,0,0,0,0,0,0,0,0,0,0,1,0,0,0,0,0,0,0,0,0,0,0,0,0,0,0,0,0,0,1,0,0,0,0,0,0,0,0,0,0,0,0,0,0,0,0,0,0,0,0,0,0,0,0,0,0,0,0,0,0,0,0,0,0,0,0,0,0,0,0,1,0,0,0,0,0,0,0,0,0,0,0,0,0,0,0,0,0,0,0,0,0,0,0,0,1,0,0,0,0,0,0,0,0,0,0,0,0,0,0,0,0,0,0,0,0,0,0,0,0,0,0,0,0,0,0,0,0,0,0,0,0,0,0,0,0,0,0,0,0,0,0,0,0,0,0,0,0,0,0,0,0,0,0,0,0,0,0,0,0,0,0,0,0,0,0,0,0,0,0,0,0,0,0,0,0,0,0,0,0,0,0,0,0,0,0,0,0,0,0,0,0,0,0,0,0,0,0,0,0,0,0,0,0,0,0,0,0,0,0,0,0,0,0,0,0,0,0,0,0,0,0,0,0,0,0,0,0,0,0,0,0,0,0,0,0,0,0,0,0,0,0,0,0,0,0,0,0,0,0,0,0,0,0,0,0,0,0,0,0,0,0,0,0,1,1,0,0,0,0,0,0,0,0,0,0,1,0,0,0,0,0,0,0,0,0,0,0,1,0,0,0,0,0,0,0,0,0,0,0,0,0,2,0,0,0,0,0,0,0,0,0,0,0,0,0,0,0,0,0,0,1,0,0,1,0,0,0,0,0,0,0,0,0,0,0,0,0,0,0,0,0,0,0,0,0,0,0,0,1,0,0,0,0,0,0,0,1,0,0,0,1,0,0,0,0,0,0,0,0,0,0,0,0,0,1,1,0,0,0,0,0,0,0,0,0,0,0,0,0,0,0,0,0,0,0,1,0,0,0,0,0,0,0,0,0,0,0,0,0,0,0,0,0,0,0,0,0,0,0,0,0,0,0,0,0,0,0,0,0,0,0,0,0,0,0,0,0,0,0,0,1,0,0,0,0,1,0,0,0,0,0,0,0,0,0,0,0,0,0,0,0,0,0,0,0,0,0,0,0,1,0,0,0,0,0,0,0,0,0,0,0,0,0,1,0,0,0,0,0,1,0,2,0,0,0,0,0,0,0,0,0,0,0,0,0,0,0,0,0,0,0,0,0,0,0,0,0,0,0,0,0,0,0,0,0,0,0,0,0,0,0,0,0,0,0,1,0,0,0,0,0,0,0,0,0,0,0,0,0,0,0,0,0,0,0,0,0,0,0,0,0,0,0,0,0,0,0,0,0,0,0,0,0,0,0,0,0,0,0,0,0,0,0,0,0,0,0,0,0,0,0,0,0,0,0,0,0,0,0,0,0,0,0,0,0,0,0,0,0,0,0,0,0,0,0,0,0,0,0,0,0,0,1,1,0,0,0,0,0,0,0,0,0,0,0,0,0,1,0,0,0,0,0,0,0,0,0,0,0,0,1,0,0,0,0,0,0,0,0,0,1,0,0,0,0,0,0,0,0,0,0,0,0,0,0,0,0,0,0,0,0,0,0,0,0,0
GP9,0,0,0,0,0,0,0,0,0,0,0,0,0,0,0,0,0,0,0,0,0,0,0,0,0,0,0,0,0,0,0,0,0,0,0,0,0,0,0,0,0,0,0,0,0,0,0,0,0,0,0,0,0,0,0,0,0,0,0,0,0,0,0,0,0,0,0,7,0,0,0,0,0,0,0,0,0,0,0,0,0,0,0,0,0,0,0,0,0,0,0,0,0,0,0,0,0,0,0,0,0,0,0,0,0,0,0,0,0,0,0,0,0,0,0,0,0,0,0,0,0,0,5,0,0,0,0,0,0,0,0,0,0,0,0,0,0,0,0,0,0,0,0,0,0,0,0,0,0,0,0,0,0,0,0,0,0,0,0,0,0,0,0,0,0,0,0,0,0,0,0,0,0,0,0,0,0,0,0,0,0,0,0,0,0,0,0,0,0,0,0,0,0,0,0,0,0,0,7,0,0,0,0,0,0,0,0,0,0,0,0,0,0,0,0,0,0,0,0,0,0,0,0,0,0,0,0,0,0,0,0,0,0,0,0,0,0,0,0,0,0,0,0,0,0,0,0,0,0,0,0,0,0,0,0,0,0,0,0,0,0,0,0,0,0,0,0,0,0,0,0,0,0,0,0,0,0,0,0,0,0,0,0,0,0,0,0,0,0,0,0,0,0,0,0,0,0,0,0,0,0,0,0,0,0,0,0,0,0,0,0,0,0,0,0,0,0,0,0,0,0,0,0,0,0,0,0,0,0,0,0,0,0,0,0,0,0,0,0,0,0,0,0,0,0,0,0,0,1,0,0,0,0,0,0,0,0,0,0,0,0,0,1,0,0,0,0,0,0,0,0,0,0,0,0,0,0,0,0,0,0,0,0,0,0,0,0,0,0,0,0,0,0,0,0,0,0,0,0,0,0,0,0,0,0,0,0,0,0,0,0,0,0,0,0,0,0,0,0,0,0,0,0,0,0,0,0,0,0,0,0,0,0,0,0,0,0,0,0,0,0,0,1,0,0,0,0,0,0,0,0,0,0,0,0,0,0,0,0,0,0,0,0,0,0,0,0,0,0,0,0,0,0,0,0,0,0,0,0,0,0,0,0,0,0,0,0,0,0,0,0,0,0,0,0,0,0,0,0,0,0,0,0,0,0,0,0,0,0,0,0,0,0,0,0,0,0,0,0,0,0,0,0,0,0,0,0,0,0,0,0,0,0,0,0,0,0,0,0,0,0,0,0,0,0,0,0,0,0,0,0,0,0,0,0,0,0,0,0,0,0,0,0,0,0,0,0,0,0,0,0,0,0,0,0,0,0,0,0,0,0,0,0,0,0,0,0,0,0,0,0,0,0,0,0,0,0,0,0,0,0,0,0,0,0,0,0,0,0,0,0,0,0,0,0,0,0,0,0,0,0,0,0,0,0,0,0,0,0,0,0,0,0,0,0,0,0,0,0,0,0,0,0,0,0,0,0,0,0,0,0,0,0,0,0,0,0,0,0,0,0,0,0,0,0,0,0,0,0,0,0,0,0,0,0,0,0,0,0,0,0,0,0,0,0,0,0,0,0,0,0,0,0,0,0,0,0,0,0,0,0,0,0,0,0,0,0,0,0,0,0,0,0,0,0,0,0,0,0,0,0,0,0,0,0,0,0,0,0,0,0,0,0,0,0,0,0,0,0,0,0,0,0,0,0,0,0,0,0,0,0,0,0,0,0,0,0,0,0,0,0,0,0,0,0,0,0,0,0,0,0,0,0,0,0,0,0,0,0,0,0,0,0,0,0,0,0,0,0,0,0,0,0,0,1,0,0,0,0,0,0,0,0,0,0,0,0,0,0,0,0,0,0,0,0,0,0,0,0,0,0,0,0,0,0,0,0,0,0,0,0,0,0,0,0,0,0,0,0,0,0,0,0,0,0,0,0,0,0,0,0,0,0,0,0,0,0,0,0,0,0,0,0,0,0,0,0,0,0,0,0,0,0,0,0,0,0,0,0,0,0,0,0,0,0,0,0,0,0,0,0,0,0,0,0,0,0,0,0,0,0,0,0,0,0,0,0,0,1,0,0,0,0,0,0,0,0,0,0,0,0,1,0,0,0,0,0,0,0,0,0,0,0,0,0,0,0,0,0,0,0,0,0,0,0,0,0,0,0,0,0,0,0,0,0,0,0,0,0,0,0,0,0,0,0,0,0,0,0,0,0,0,0,0,0,0,0,0,0,0,0,0,0,0,0,0,0,0,0,0,0,0,0,0,0,0,0,0,0,0,0,0,0,0,0,0,0,0,0,0,0,0,0,0,0,0,0,0,0,0,0,0,0,0,0,0,0,0,0,0,0,0,0,0,0,0,0,0,0,0,0,0,0,0,0,0,0,0,0,0,0,0,0,0,0,0,0,0,0,0,0,0,0,0,0,0,0,0,0,0,0,0,0,0,0,0,0,0,0,0,0,0,0,0,0,0,0,0,0,0,0,0,0,0,0,0,0,0,0,0,0,0,0,0,0,0,0,0,0,0,0,0,0,0,0,0,0,0,0,0,0,0,0,0,0,0,0,0,0,0,0,0,0,0,0,0,0,0,0,0,0,0,0,0,0,0,0,0,0,0,0,0,0,0,0,0,0,0,0,0,0,0,0,0,0,0,0,0,0,0,1,0,0,0,0,0,0,0,0,0,0,0,0,0,0,0,0,0,0,0,0,0,0,0,0,0,0,0,0,0,0,0,0,0,0,0,0,0,0,0,0,0,0,0,0,0,0,0,0,0,0,0,0,0,0,1,0,0,0,0,0,0,0,0,0,0,0,0,0,0,0,0,0,0,0,0,0,0,0,0,0,0,0,0,0,0,0,0,0,0,0,0,0,0,0,0,0,0,0,0,0,0,0,0,0,0,0,0,0,0,0,0,1,0,0,0,0,0,0,0,0,0,0,0,0,0,0,0,0,0,0,0,0,0,0,0,0,0,0,0,0,0,0,0,0,0,0,0,0,0,0,1,0,0,0,0,0,0,0,0,0,0,0,0,0,0,0,0,0,0,0,0,0,0,0,0,0,0,0,0,0,0,0,0,0,0,0,0,0,0,0,0,0,0,0,0,0,0,0,0,0,0,0,0,0,0,0,0,0,0,0,0,0,0,0,0,0,0,0,0,0,0,0,0,0,0,0,0,0,0,0,0,0,0,0,0,0,0,0,0,0,0,0,0,0,0,0,0,0,0,0,0,0,0,0,0,0,0,0,0,0,0,0,0,0,0,0,0,0,0,0,0,0,0,0,0,0,0,0,0,0,0,0,0,0,0,0,0,0,0,0,0,0,0,0,0,0,0,0,0,0,0,0,0,0,0,0,0,0,0,0,0,0,0,0,0,0,0,0,0,0,0,0,0,0,0,0,0,0,0,0,0,0,0,0,0,0,0,0,0,0,0,0,0,0,0,0,0,0,0,0,0,0,0,1,0,0,0,0,0,0,0,0,0,0,0
LUC7L3,0,2,4,1,1,0,0,1,1,1,1,0,0,0,0,1,0,0,0,0,0,1,0,0,0,4,1,0,0,1,0,0,1,1,1,0,1,1,1,1,1,0,0,1,0,1,0,0,0,0,0,0,2,0,1,1,0,1,1,2,0,0,1,0,0,1,0,0,0,0,0,2,2,0,1,0,0,1,0,1,1,0,0,0,1,0,1,0,0,0,2,0,1,1,2,0,0,0,1,2,0,0,1,0,1,2,0,0,3,0,0,0,0,0,0,2,0,0,0,0,0,2,0,1,2,0,0,1,0,0,1,1,0,0,0,0,1,1,0,0,1,0,0,0,2,0,0,0,0,0,1,0,1,0,0,1,0,0,0,2,1,0,1,0,1,0,2,1,1,3,0,1,1,0,2,0,2,0,0,0,1,0,1,0,0,0,0,3,1,0,0,0,0,1,0,0,0,1,0,1,0,0,0,0,0,0,0,1,4,0,0,0,0,2,0,0,0,0,2,0,0,1,0,0,0,0,0,1,0,0,2,0,1,2,0,0,0,3,0,0,0,0,0,1,0,0,0,0,2,0,1,0,2,0,1,0,1,0,1,0,0,2,0,0,0,1,0,0,1,2,0,0,0,0,0,0,1,0,1,0,0,0,0,1,0,1,1,0,0,0,0,1,1,0,0,0,0,0,0,0,0,0,0,0,0,0,0,1,1,0,1,0,0,0,0,1,0,1,1,1,0,0,0,2,0,0,1,0,2,0,0,1,0,0,0,0,0,0,0,0,0,1,0,0,0,3,0,1,1,0,0,0,1,0,0,0,0,0,0,0,0,0,0,0,0,0,2,0,0,0,1,2,0,0,0,1,1,1,0,1,0,1,0,0,0,0,0,3,2,1,2,2,0,1,0,0,1,0,1,1,1,1,0,0,2,1,0,1,0,1,0,1,0,0,0,0,1,1,0,1,1,1,2,1,1,0,0,0,3,2,0,0,1,0,0,1,2,0,3,1,1,0,0,0,1,3,1,0,1,0,1,0,0,0,1,0,0,1,0,0,1,0,0,0,0,1,0,0,1,0,0,0,1,1,0,0,0,0,0,1,0,0,1,0,0,1,0,1,1,0,2,0,0,1,0,0,0,1,0,1,0,0,0,1,0,0,1,0,0,0,0,0,1,0,1,0,1,1,0,0,1,0,0,0,0,0,0,0,0,0,2,4,0,1,1,0,0,1,0,0,3,0,0,0,0,1,1,1,0,1,1,2,0,0,0,1,0,0,0,0,0,0,0,0,1,0,0,0,0,0,0,0,1,1,0,1,0,0,0,0,0,2,0,2,0,0,0,0,0,0,0,0,1,1,1,0,0,0,0,1,0,1,1,1,2,0,0,1,0,0,0,0,0,0,1,0,0,2,0,0,0,2,1,0,1,0,0,0,0,0,0,1,0,0,1,0,0,4,0,0,0,0,0,2,1,1,3,1,0,0,0,1,0,1,2,0,0,0,0,1,0,0,1,0,0,0,0,0,0,0,0,1,0,0,1,0,0,0,0,2,0,0,0,0,1,0,0,0,0,0,1,1,0,1,2,0,1,0,0,0,1,1,3,1,0,0,0,0,1,0,0,0,0,0,1,0,0,0,0,1,1,0,0,0,0,0,1,0,0,0,0,0,0,2,1,1,0,0,0,0,0,0,0,1,0,0,0,0,0,0,0,0,0,0,0,0,1,0,1,1,0,0,1,0,0,0,1,1,1,0,2,0,0,1,0,0,2,0,0,0,0,0,2,1,0,0,0,0,1,0,4,0,0,1,0,0,0,0,0,0,0,1,1,1,2,1,1,0,0,0,0,0,0,0,0,0,0,0,0,0,1,0,0,0,0,0,0,0,0,1,0,1,1,0,0,0,0,0,0,0,0,0,2,0,1,3,0,0,3,0,0,0,0,1,0,0,0,0,0,2,0,0,0,1,0,1,0,1,0,1,0,0,3,0,0,0,0,1,0,0,0,1,0,1,0,0,1,0,0,4,1,1,0,1,0,0,1,0,1,0,0,0,0,1,1,0,0,0,0,1,1,0,1,0,0,0,0,0,1,0,0,0,0,0,0,0,0,3,0,2,1,0,1,3,0,0,0,1,0,0,0,0,1,0,0,0,0,0,0,0,0,2,0,0,0,1,0,0,0,0,0,0,0,0,0,1,0,1,1,0,0,0,0,0,0,0,0,0,0,0,0,0,0,2,0,0,0,0,0,1,0,0,0,0,2,1,0,0,0,0,0,1,2,0,1,1,1,0,0,0,0,0,1,0,0,1,1,0,0,3,0,1,1,0,0,0,0,0,1,0,2,0,0,2,0,0,0,0,0,0,1,1,0,0,0,0,0,1,0,0,0,0,0,0,0,4,0,1,0,2,0,2,0,1,0,0,0,1,0,0,1,2,0,0,1,0,4,0,1,0,1,0,0,0,0,0,2,0,0,1,0,1,0,2,0,0,0,0,0,0,0,0,0,0,0,0,0,0,1,0,0,2,0,1,0,0,0,1,0,1,1,0,1,1,0,0,1,0,1,1,0,0,1,2,1,0,0,0,0,0,0,1,0,0,0,0,0,0,0,0,1,0,0,0,2,2,0,0,0,0,2,1,0,0,0,0,0,0,0,0,1,2,0,0,1,0,0,1,0,3,0,0,0,0,0,0,0,0,1,1,1,0,0,0,0,0,2,0,4,0,0,2,1,0,0,0,1,2,0,2,1,1,1,2,0,1,0,0,0,1,0,2,0,2,0,1,0,1,0,0,0,1,0,0,0,2,0,2,0,0,1,0,0,0,0,2,0,1,0,1,0,0,0,0,0,0,0,1,0,0,0,1,2,1,0,0,0,0,1,0,0,0,0,0,0,0,0,0,1,0,1,0,0,1,1,0,0,0,0,1,2,0,0,0,0,0,0,0,0,0,1,1,0,0,1,1,0,0,0,0,1,0,0,0,0,0,0,0,0,3,0,0,0,0,0,1,0,0,1,2,0,1,0,0,2,0,0,0,1,0,0,1,1,1,0,3,0,0,1,0,1,0,0,0,0,0,2,0,1,0,0,1,1,1,0,1,1,4,0,0,0,0,0,0,0,1,0,0,1,2,1,0,0,1,0,0,0,1,0,2,2,1,0,0,0,1,0,2,0,2,0,0,0,0,1,0,0,2,0,0,0,1,0,0,0,0,0,0,0,0,0,0,1,1,0,0,0,0,0,0,2,1,0,1,0,0,0,0,0,0,1,1,0,0,0,1,0,1,0,0,0,0,0,0,0,0,0,0,1,0,0,1,2,2,0,0,0,0,1,0,0,0,0,0,0,0,0,0,0,0,0,0,2,0,1,0,0,0,2,0,1,0,0,0,0,1,1,4,1,1,0,1,2,0,0,0,0,0,0,1,0,0,0,0,0,0,0,0,0,0,0,0,0,0,0,0,0,1,0,0,0,2,0,0,2,1
PCDH9,0,0,0,0,0,0,0,0,0,0,0,0,0,0,0,0,0,0,0,0,0,0,0,0,0,0,0,0,0,0,0,0,0,0,0,0,0,0,0,0,0,0,0,0,0,0,0,0,0,0,0,0,0,0,0,0,0,0,0,0,0,0,0,0,0,0,0,0,0,0,0,0,0,0,0,0,0,0,0,0,0,0,0,0,0,0,0,0,0,0,0,0,0,0,0,0,0,0,0,0,0,0,0,0,0,0,0,0,0,0,0,0,0,0,0,0,0,0,0,0,0,0,0,3,0,0,0,0,0,0,0,0,0,0,0,0,0,0,0,0,0,0,0,0,0,0,0,0,1,0,0,0,0,0,0,0,0,0,0,0,0,0,0,0,0,0,0,0,0,0,0,0,0,0,0,0,0,0,0,0,0,0,0,0,0,0,0,0,0,0,0,0,0,0,0,0,0,0,0,0,0,0,0,0,0,0,0,0,0,0,0,0,0,0,0,0,0,0,0,0,0,1,0,0,1,0,0,0,0,0,0,0,0,0,0,0,0,0,0,0,0,0,0,0,0,0,0,0,0,0,0,0,0,0,1,0,0,0,0,0,0,0,0,0,0,0,0,0,0,0,0,0,0,0,0,0,0,0,0,0,0,0,0,0,0,0,0,0,0,0,0,0,0,0,0,0,0,0,0,0,0,0,0,0,0,0,0,0,0,0,0,0,0,0,0,0,0,0,0,0,0,0,0,0,0,0,0,0,0,0,0,0,0,0,0,0,0,0,0,0,0,0,0,0,0,0,0,0,0,0,0,0,0,0,0,0,0,0,0,0,0,0,0,0,0,0,0,0,0,0,0,0,0,0,0,0,0,0,0,0,0,0,0,0,0,0,0,0,0,0,0,0,0,0,0,0,0,0,0,0,0,0,0,0,0,0,0,0,1,1,0,0,0,0,0,0,0,1,0,0,0,0,0,0,0,0,0,0,0,0,0,0,0,0,0,0,0,0,0,0,0,0,0,0,0,0,0,0,0,0,0,0,0,0,0,0,0,0,0,0,0,0,0,0,0,0,0,0,0,0,0,0,0,0,0,0,0,0,0,0,0,0,0,0,0,0,0,0,0,0,0,0,0,0,0,0,0,0,0,0,0,0,0,0,0,0,1,0,0,0,0,0,0,0,0,0,0,0,0,0,0,0,0,0,0,0,0,0,0,0,0,0,0,0,0,0,0,0,0,0,0,0,0,0,0,0,0,0,0,0,0,0,0,0,0,0,0,0,0,0,0,0,0,0,0,0,0,0,0,1,0,0,0,0,0,0,0,0,0,0,0,0,0,0,0,0,0,0,2,0,0,0,0,0,0,0,0,0,0,1,0,0,0,0,0,0,0,0,0,0,0,0,0,0,0,0,0,0,0,0,0,0,0,0,0,0,0,0,0,0,0,0,0,0,0,0,0,0,0,0,0,0,0,0,0,0,0,0,0,0,0,0,0,0,2,0,0,0,0,0,0,1,0,0,0,0,0,0,0,0,0,0,0,0,0,0,0,0,0,0,0,0,0,0,0,0,0,0,0,0,0,0,0,0,0,0,0,0,0,0,0,0,0,0,0,0,0,0,0,0,0,0,0,0,0,0,0,0,0,0,0,0,0,0,0,0,1,0,0,0,0,0,1,0,0,0,0,0,0,0,0,0,0,0,0,0,0,0,0,0,0,0,0,0,0,0,0,0,0,0,0,0,1,0,0,0,0,0,0,0,0,0,0,0,0,0,0,0,0,0,0,0,0,0,0,0,0,0,0,0,0,0,0,0,0,0,0,0,0,0,0,0,0,0,0,0,0,0,0,0,0,0,0,0,0,0,0,0,0,0,0,0,0,0,0,0,0,1,0,0,0,0,0,0,0,0,0,0,0,0,0,0,0,0,0,0,0,0,0,0,0,0,0,0,0,0,0,0,0,0,0,0,0,0,0,0,0,0,0,0,0,0,0,0,0,0,0,0,0,0,0,0,0,0,0,0,0,0,0,0,0,0,0,0,0,0,0,0,0,0,0,0,0,0,0,0,0,0,0,0,0,0,0,0,0,0,0,0,0,0,0,0,0,0,0,0,0,0,0,0,0,0,0,1,0,0,0,0,0,0,0,0,0,0,0,0,0,0,0,0,0,0,0,0,0,0,0,0,0,0,0,0,0,0,0,0,0,0,0,0,0,0,0,0,0,0,0,0,0,0,0,0,0,0,0,0,0,0,0,0,0,0,0,0,0,0,0,0,1,0,0,0,0,0,0,0,0,0,0,0,0,0,0,0,0,0,0,0,0,0,0,1,0,0,0,0,0,0,0,0,0,0,0,0,0,0,0,0,0,0,0,0,0,0,0,0,0,0,0,0,0,0,0,0,0,0,0,0,0,0,0,0,0,0,0,0,0,0,0,0,0,0,0,0,0,0,0,0,0,0,0,0,0,0,0,0,0,0,1,1,0,0,0,0,0,0,0,0,0,0,0,0,0,0,0,0,0,0,4,0,0,0,0,0,0,0,0,0,0,0,0,0,0,0,0,0,0,0,0,0,0,0,0,0,0,0,0,0,0,0,0,0,0,0,0,0,0,0,0,0,0,0,0,0,0,0,0,0,0,0,0,0,0,0,0,0,0,0,0,0,0,0,0,0,0,0,0,0,0,0,0,0,0,0,0,0,0,0,0,0,0,0,0,0,0,0,0,0,0,0,0,0,0,0,0,0,0,0,0,0,0,0,0,0,0,0,0,0,0,0,0,0,0,0,0,0,0,0,0,0,0,0,0,0,0,1,0,0,0,0,0,0,0,0,0,0,0,0,0,0,0,0,0,0,0,0,0,0,0,0,0,0,0,0,0,2,0,0,0,0,0,0,0,0,0,0,0,0,0,0,0,0,0,0,0,0,0,0,0,0,0,0,0,0,0,1,0,0,0,0,0,0,0,0,0,0,0,0,0,0,0,0,0,0,0,0,0,0,0,0,0,0,0,0,0,0,0,0,0,0,0,1,0,0,0,0,0,0,0,0,0,0,0,0,0,0,0,0,0,0,0,1,0,0,0,0,0,0,0,0,0,0,0,0,0,0,0,0,0,0,0,0,0,0,0,0,0,0,0,0,0,0,0,0,0,0,0,0,0,0,0,0,0,0,0,0,0,0,0,0,0,0,0,0,0,0,0,0,0,0,0,0,0,0,0,0,0,0,0,0,0,0,0,0,0,0,0,0,0,0,0,0,0,0,0,0,0,0,0,0,0,0,0,0,0,0,0,0,0,0,0,0,0,0,0,0,0,0,0,0,0,0,0,0,0,0,0,0,0,0,0,0,2,0,0,0,0,0,0,0,0,0,0,0,0,0,0,0,0,1,0,0,0,0,0,0,0,0,0,0,1,0,0,0,0,0,0,0,0,0,0,0,0,0,0,0,0,0,0,0,0,0,0,0,0,0,0,0,0,0,0,0,0,0,0,0
ZNF683,0,0,0,0,0,0,0,0,0,0,0,0,0,0,0,0,0,0,0,0,0,0,0,0,0,0,0,0,0,0,0,0,0,0,0,0,0,0,0,0,0,0,0,0,0,0,0,0,0,0,0,0,0,0,2,0,0,0,0,0,0,0,1,0,0,0,0,0,0,0,0,0,0,0,0,0,0,0,0,0,0,0,0,0,0,0,0,0,0,0,0,0,0,0,0,0,0,0,0,0,0,1,0,0,0,0,0,0,0,0,0,0,0,0,0,0,0,1,0,0,0,0,0,0,0,0,0,0,0,0,0,0,0,0,0,0,0,0,0,0,0,0,0,0,0,0,0,0,0,0,0,0,0,0,0,0,0,0,0,0,0,0,0,0,0,0,0,0,0,0,0,0,0,0,0,0,0,0,0,0,0,0,0,0,0,0,0,0,0,0,0,0,0,0,0,0,0,0,0,0,0,0,0,0,0,0,0,0,0,0,0,0,0,0,0,0,0,0,0,0,0,0,0,0,0,0,0,0,0,0,0,0,0,0,0,0,0,0,0,0,0,0,0,0,0,0,0,0,0,0,0,0,0,0,0,1,0,0,0,0,0,0,0,0,0,0,0,0,0,0,0,0,0,0,0,0,0,0,0,0,0,0,0,0,0,0,0,0,0,0,0,0,0,1,0,0,0,0,0,0,0,0,0,0,0,0,0,0,0,0,0,0,0,0,0,0,0,0,0,0,0,0,0,0,0,0,0,0,0,0,0,0,0,0,0,0,0,0,0,0,0,0,0,0,0,0,0,0,0,0,0,0,0,0,0,0,0,0,0,0,0,0,0,0,0,0,0,3,1,0,0,0,0,0,0,0,0,0,0,0,0,0,0,0,0,0,1,0,0,0,0,0,0,0,0,0,0,0,0,0,0,0,0,0,0,0,0,0,0,0,0,0,0,0,0,0,0,0,0,0,0,0,3,0,0,0,0,0,0,0,0,0,0,0,0,0,0,0,0,0,0,0,0,0,0,0,0,0,0,0,0,0,0,0,0,0,0,0,0,0,0,0,0,0,0,0,0,0,0,0,0,0,0,0,0,0,0,0,0,0,0,0,0,0,0,0,0,0,0,0,0,0,0,0,0,0,0,0,0,0,0,0,0,0,0,0,0,0,0,0,0,0,0,0,0,0,0,0,0,0,0,0,1,0,0,0,0,0,0,0,0,0,0,0,0,0,0,0,0,0,0,0,0,0,0,0,0,0,0,0,0,0,0,0,0,0,0,0,0,0,0,0,0,0,0,0,0,0,0,0,0,0,0,0,0,0,0,0,0,0,0,0,0,0,0,0,0,0,0,0,0,0,0,0,0,0,0,0,0,0,0,0,0,0,0,0,0,0,0,0,0,0,0,0,0,0,0,0,0,0,0,0,0,0,0,0,0,0,0,0,0,0,0,0,0,0,0,0,0,0,0,0,0,0,0,0,0,0,0,0,0,0,0,0,0,0,0,0,0,0,0,0,0,0,0,0,0,0,0,0,0,0,0,0,0,0,0,0,0,0,0,0,0,0,0,0,0,0,0,0,0,0,0,0,0,0,0,0,0,0,0,0,0,0,0,0,0,0,0,0,0,0,0,0,0,0,0,0,0,0,0,0,0,0,0,0,0,0,0,0,0,0,0,0,0,0,0,0,0,0,0,0,0,0,0,0,0,0,0,0,0,0,0,0,0,0,0,0,0,0,0,0,0,0,0,0,0,0,0,0,0,0,0,0,0,0,0,0,0,0,0,0,0,0,0,0,0,0,0,0,0,0,0,0,0,0,0,0,0,0,0,0,0,0,0,0,0,0,0,0,0,0,0,0,0,0,0,0,0,0,0,0,0,0,0,0,0,0,0,0,0,0,0,0,0,0,0,0,0,0,0,0,0,0,0,0,0,0,0,0,0,0,0,0,0,0,0,0,0,0,0,0,0,0,0,0,0,0,2,0,0,0,0,2,0,0,0,0,0,0,0,0,0,0,0,0,0,0,0,0,0,0,0,0,0,0,0,0,0,0,0,0,0,0,0,0,0,0,0,0,0,0,0,0,0,0,0,0,0,0,0,0,0,0,0,0,0,0,0,0,0,0,0,0,0,0,0,0,0,0,0,0,0,0,0,0,0,0,0,0,0,0,0,0,0,0,0,0,0,0,0,0,0,0,0,0,0,0,0,0,0,0,0,0,0,0,0,0,0,0,0,0,0,0,0,0,0,0,0,0,0,0,0,0,0,3,0,0,0,0,0,0,0,0,0,0,0,0,0,0,0,0,0,0,0,0,0,0,0,0,0,0,0,0,2,0,0,0,0,0,0,0,0,0,0,0,0,0,0,0,0,0,0,0,0,0,0,0,0,0,0,0,0,0,0,0,0,0,0,0,0,0,0,0,0,0,0,0,0,0,0,0,0,0,0,0,0,0,0,0,0,0,0,0,0,0,0,0,0,0,0,0,0,0,0,0,0,0,0,0,0,0,0,0,0,0,0,0,0,0,0,0,0,0,0,0,0,0,0,0,0,0,0,0,0,0,0,0,0,0,0,0,0,0,0,0,0,0,0,0,0,0,0,0,0,0,0,0,0,0,0,0,0,0,0,0,0,0,0,0,0,2,0,0,0,0,0,0,0,0,0,2,0,0,0,0,0,0,0,0,0,0,0,0,0,0,1,0,0,0,0,0,0,0,0,0,0,0,0,0,0,0,0,0,0,0,0,0,0,0,0,0,0,0,0,0,0,0,0,0,0,0,0,0,0,0,0,0,0,0,0,0,0,0,0,0,0,0,1,0,0,0,0,0,0,0,0,0,0,0,0,0,0,0,0,0,0,0,0,0,0,0,0,0,0,0,0,0,0,0,0,0,0,0,0,0,0,0,0,0,0,0,0,0,0,0,0,0,0,0,0,0,0,0,0,0,0,0,0,0,0,0,0,0,0,0,0,0,0,0,0,0,0,0,0,0,0,0,0,0,0,0,0,0,0,0,2,0,0,0,0,0,0,0,0,0,0,3,0,0,0,0,0,0,0,0,0,0,0,0,0,0,0,0,0,0,1,0,0,0,0,0,0,0,0,0,0,0,0,0,0,0,0,0,0,0,0,0,0,0,0,1,0,0,0,0,0,0,0,0,0,0,0,0,0,0,0,0,0,0,0,0,0,0,0,0,0,0,0,0,0,0,0,0,0,0,0,0,0,0,0,0,0,0,0,0,0,0,0,0,0,0,0,0,0,0,0,0,0,0,0,0,0,0,0,0,0,0,0,0,0,0,0,0,0,0,0,0,0,0,0,0,0,0,0,0,0,0,0,0,0,0,0,0,0,0,0,0,0,0,0,0,2,0,0,0,0,0,0,0,0,0,0,0,0,0,0,0,0,0,0,0,0,0,0,0,0,0,0,0,0,0,0,0,0,0,0,0,0,0,0,0,0,0,0,0,0,0,0,0,0,0,0,0,0,0
TMEM167A,0,0,1,1,0,0,1,0,0,0,0,1,2,1,0,1,0,0,2,0,0,0,1,0,0,0,0,0,0,2,0,0,2,2,1,0,0,0,0,0,0,0,2,0,0,0,1,0,0,0,0,0,1,0,1,0,0,1,0,1,0,0,1,0,0,0,0,0,0,0,0,1,0,1,1,0,0,0,0,0,0,0,1,0,0,0,0,0,0,0,0,1,0,1,0,0,0,0,0,1,0,1,1,0,0,0,1,0,0,1,2,0,0,2,0,0,0,0,2,0,0,1,0,0,0,0,0,0,1,1,0,0,1,0,0,0,0,0,0,0,1,1,0,0,1,0,1,0,0,0,0,0,0,0,0,0,0,0,0,0,0,0,1,0,0,1,0,0,1,2,0,1,0,0,1,0,0,0,1,0,0,0,0,0,2,0,0,0,0,0,1,0,0,0,0,0,0,0,0,2,0,0,1,0,1,0,0,0,0,0,0,0,0,0,0,0,0,1,1,0,0,0,0,0,0,0,1,0,0,0,0,0,0,2,0,0,1,0,0,0,2,0,0,0,0,1,0,0,2,0,0,1,0,0,0,0,0,0,0,1,1,0,0,0,0,0,1,0,0,0,0,3,0,1,0,1,0,0,0,0,0,0,0,0,0,0,0,0,0,0,0,0,1,0,0,0,0,0,2,0,0,0,0,0,2,0,0,1,0,0,0,0,0,0,0,0,0,0,0,0,0,0,0,0,0,0,0,0,0,0,0,0,0,0,1,0,0,0,0,2,3,0,0,0,0,0,0,1,0,0,0,0,0,0,0,0,0,1,0,1,0,0,0,0,0,2,0,0,1,0,0,1,0,1,0,3,0,0,0,1,0,0,0,0,0,2,0,0,0,0,0,0,0,0,0,0,0,0,0,0,1,0,0,0,2,0,0,0,0,1,0,0,1,0,0,0,0,0,0,0,1,0,3,0,1,0,0,0,0,0,0,0,0,0,0,0,1,0,1,3,0,0,2,0,1,2,0,0,0,0,0,1,0,0,1,0,0,5,1,0,0,0,0,0,3,0,0,0,0,1,1,0,0,0,0,1,0,0,0,0,0,0,0,0,0,0,0,0,1,1,0,0,0,2,0,0,0,0,1,0,1,0,0,0,0,0,1,0,1,0,0,0,0,0,0,0,0,0,0,0,0,0,0,1,0,1,0,0,0,0,1,0,0,0,1,0,0,1,0,0,2,0,0,0,0,1,1,0,1,1,0,1,0,0,0,2,0,0,0,0,0,0,0,0,1,0,0,0,0,0,0,0,0,0,0,0,0,0,1,0,0,0,0,1,0,1,1,0,0,0,0,0,0,1,0,0,0,0,0,0,0,1,1,0,0,0,2,0,0,1,1,0,0,0,1,0,0,0,0,0,0,0,0,0,1,0,0,0,0,0,0,0,1,0,0,0,0,0,0,0,0,0,0,0,0,0,1,1,0,0,0,0,0,1,0,2,0,0,0,1,1,0,0,0,0,0,2,0,0,0,0,0,2,1,0,0,0,1,0,0,0,0,0,0,1,0,0,0,1,0,0,0,0,0,0,2,0,0,0,1,0,0,0,1,0,1,0,0,0,0,1,0,0,0,1,0,0,0,0,0,0,0,0,1,0,0,0,1,0,0,0,0,0,0,1,0,1,0,0,0,0,0,0,3,0,0,0,0,0,0,0,0,0,0,0,0,0,0,0,0,0,0,0,0,1,0,0,0,0,0,0,1,0,0,0,1,1,0,3,0,0,0,0,0,1,0,2,0,0,0,1,0,0,0,0,1,0,0,2,0,1,0,0,0,0,0,0,0,0,1,0,1,0,1,0,0,0,0,0,0,0,0,2,0,0,0,0,0,0,1,0,1,0,0,0,0,0,0,1,0,0,1,1,0,1,0,0,1,2,0,0,1,1,0,0,0,0,0,0,0,0,0,0,0,0,0,0,1,0,0,0,1,1,0,1,0,0,0,1,1,0,0,1,1,1,0,0,0,0,0,0,0,0,0,0,2,0,1,0,0,0,1,0,0,1,0,1,0,2,1,3,0,0,0,1,1,0,0,0,0,0,2,0,0,0,0,0,0,0,1,1,0,0,0,0,0,0,0,1,0,0,0,0,0,0,0,2,0,0,0,1,0,1,0,0,0,0,0,1,1,0,0,1,0,0,2,1,0,0,1,0,1,1,0,1,0,0,0,3,0,1,0,1,3,1,0,0,0,1,0,0,0,0,0,1,1,0,0,0,0,0,0,0,1,1,0,0,0,0,0,0,0,1,0,0,0,0,0,2,0,0,0,0,2,0,0,1,0,0,0,0,0,0,1,0,0,0,0,2,0,0,0,2,0,0,0,0,0,0,0,1,1,0,1,1,2,0,0,0,0,0,0,1,1,0,0,3,1,0,1,1,0,0,1,0,1,0,1,1,1,2,0,0,0,0,1,0,1,0,0,3,0,0,0,0,0,0,0,1,0,0,0,2,0,1,1,0,0,0,0,0,0,0,0,0,0,0,0,0,0,0,0,2,0,0,0,0,0,1,1,1,0,0,0,0,0,0,0,0,0,0,0,1,0,1,0,1,1,1,1,0,0,0,2,0,1,0,0,0,0,0,1,0,0,0,0,0,0,0,0,0,1,0,0,0,0,0,0,0,0,0,0,1,0,0,0,0,0,0,0,0,0,0,0,0,0,1,0,1,1,0,0,0,0,0,0,0,2,1,0,0,0,0,0,0,0,1,0,0,0,1,2,0,0,0,0,0,0,0,0,1,2,0,0,0,0,1,0,0,1,0,0,0,0,1,0,0,0,0,1,0,0,0,1,0,0,2,0,0,0,0,0,0,0,0,0,0,0,0,0,0,1,0,0,1,0,1,0,2,2,2,1,1,2,0,1,1,0,0,0,0,0,0,0,0,0,0,0,0,0,3,0,0,0,0,0,0,1,1,0,0,0,0,0,0,0,0,0,0,0,0,0,0,1,1,0,0,0,0,4,0,1,0,0,0,0,0,1,3,0,0,0,0,0,1,1,1,0,0,0,0,0,0,0,1,0,0,0,0,0,0,0,0,0,1,1,0,1,0,0,0,0,0,0,0,0,1,0,0,0,0,1,0,0,0,0,1,0,1,0,0,0,0,0,0,1,0,0,0,1,0,1,0,0,0,0,0,0,0,0,0,0,0,0,0,0,0,2,1,0,0,0,0,0,0,2,1,0,1,0,1,0,0,0,0,0,0,1,1,0,0,0,0,0,0,1,0,0,2,1,0,0,0,0,0,0,0,0,0,0,0,0,0,0,0,0,2,0,1,1,2,0,0,0,4,0,1,0,0,0,1,0,0,0,0,2,0,0,1,0,0,0,1,0,0,0,0,0,0,0,0,3,0,0,0,0,1,0,1,0,0,0,0,0,0,1,0,0,0,0,0,0,1,0,0,0,0,2,0,0,0,1,0,0,0,0
FBXL5,0,0,0,0,0,3,2,1,0,0,0,0,0,0,0,2,1,0,0,0,0,0,0,0,0,0,0,0,1,0,0,0,0,0,0,0,0,0,0,0,1,0,2,2,0,0,0,0,0,0,0,0,0,0,1,1,0,1,0,0,1,1,0,1,0,0,0,0,2,0,1,0,0,1,1,0,0,3,0,1,0,0,0,1,0,0,1,1,0,0,0,0,1,1,0,1,0,0,1,0,0,0,1,1,0,0,0,0,1,0,1,0,1,1,0,0,0,0,0,0,0,2,1,0,0,0,0,0,2,0,1,0,0,1,0,1,0,0,0,0,0,0,0,0,2,0,0,0,0,0,1,0,0,0,0,0,0,0,0,1,0,0,1,0,0,1,2,0,1,0,0,0,1,0,0,0,0,0,2,0,0,0,0,0,0,0,0,0,1,0,0,0,1,0,0,0,0,0,0,0,0,1,0,0,0,1,0,1,0,0,0,0,1,1,0,1,0,1,0,0,0,0,0,0,0,0,0,2,0,0,1,0,1,0,0,1,0,0,1,0,0,0,0,0,0,0,0,2,1,0,0,0,0,0,0,0,0,0,0,1,0,1,0,0,0,0,0,1,1,0,0,1,0,0,0,0,0,0,1,0,1,0,0,0,0,1,0,0,0,0,0,0,1,0,0,0,0,0,1,0,0,0,0,0,1,0,0,1,0,0,0,0,0,0,0,0,0,0,0,1,0,0,0,0,0,0,1,0,1,0,0,1,0,0,0,0,0,2,0,0,0,1,0,0,0,1,0,2,1,0,2,0,1,0,1,1,0,1,0,0,0,0,1,0,1,0,0,0,0,0,0,1,1,0,0,2,0,0,0,0,1,0,0,0,0,0,0,0,0,0,0,4,0,1,1,2,0,0,0,2,1,0,0,1,0,0,0,0,1,0,0,0,0,0,0,1,0,0,1,0,0,0,0,0,0,0,0,0,0,0,0,1,0,0,0,1,0,0,0,2,0,1,0,0,0,0,0,0,0,1,1,0,1,1,0,1,0,0,3,0,0,0,0,0,2,0,0,0,0,1,0,1,0,0,1,1,0,0,0,0,0,0,0,1,1,0,1,1,0,0,0,0,0,0,0,0,0,0,0,0,0,0,0,0,0,0,0,1,0,0,0,1,1,1,0,0,0,0,0,1,0,1,0,0,0,1,0,0,0,1,1,0,0,1,0,0,1,0,0,0,1,1,0,0,0,1,0,0,0,0,1,0,0,0,0,0,0,1,0,0,0,0,0,0,0,0,1,0,0,0,0,1,0,0,0,0,0,0,1,1,1,0,0,1,0,0,0,1,0,0,1,0,0,0,0,0,0,0,0,0,1,0,1,0,0,0,0,1,0,0,2,0,0,0,0,0,0,0,0,1,0,1,0,0,1,0,0,0,0,0,0,0,0,1,0,0,0,0,0,1,0,0,0,0,0,0,1,0,0,0,0,0,0,0,0,2,0,0,0,4,0,0,0,0,0,0,0,0,0,2,0,0,1,0,1,0,1,0,0,0,0,1,1,0,1,0,0,0,0,0,0,0,0,0,0,0,0,0,0,0,0,1,0,0,1,0,0,0,0,1,0,1,0,0,0,0,0,0,0,0,0,0,0,0,0,0,0,0,0,0,0,1,0,0,0,0,1,0,0,0,0,0,0,2,0,0,0,0,0,0,0,0,0,0,0,0,0,0,1,1,0,1,0,0,0,0,0,0,0,0,0,0,0,0,0,0,0,0,1,1,0,0,0,1,1,1,0,0,0,0,0,0,0,0,1,0,0,0,0,0,0,0,0,0,0,0,0,0,0,0,0,0,0,2,1,0,1,0,0,0,0,0,1,0,0,0,0,0,0,1,0,0,0,0,0,0,1,0,2,0,0,0,0,0,0,0,0,1,1,0,0,0,1,1,0,0,1,0,0,0,0,0,0,0,1,0,0,1,0,0,0,3,0,0,0,1,0,0,0,1,0,0,0,1,1,0,0,0,0,0,0,0,1,1,0,0,1,1,0,0,1,1,0,0,0,0,0,0,0,1,4,0,0,0,0,0,1,0,0,0,0,0,0,0,0,0,0,1,1,2,0,0,0,0,0,0,0,1,0,1,0,0,0,0,0,0,0,0,0,0,1,0,0,1,0,0,0,0,0,0,1,0,0,0,1,2,0,0,1,2,0,1,0,0,0,0,0,2,1,0,0,1,0,1,0,0,0,0,0,0,0,0,0,0,0,0,0,0,0,0,0,0,0,0,0,0,0,0,0,0,1,1,1,0,1,0,0,0,0,0,0,0,0,0,0,0,0,1,0,1,0,1,0,0,0,0,0,2,0,0,0,0,0,0,1,0,0,0,1,0,0,1,0,0,0,0,0,0,0,0,0,0,0,1,0,0,1,1,0,0,2,0,0,0,0,0,0,2,1,0,0,0,0,0,0,1,1,0,0,0,2,0,0,0,0,0,0,0,1,0,0,0,1,1,1,0,0,0,0,0,0,0,0,0,0,0,0,0,0,0,0,0,1,0,0,0,0,0,3,0,0,0,0,0,0,0,1,0,0,0,0,0,1,0,0,0,0,0,0,0,0,0,0,1,1,0,0,0,0,0,0,0,0,0,0,0,0,0,0,0,0,0,0,0,0,0,1,0,0,0,0,0,0,0,0,0,0,0,0,4,0,0,0,0,0,1,1,0,0,1,0,0,0,0,0,0,0,0,0,0,0,0,0,2,0,0,1,0,0,0,0,1,1,0,0,0,0,0,0,0,1,0,0,0,0,0,2,1,0,0,0,0,0,0,0,0,0,0,0,0,1,0,0,0,0,0,0,1,0,0,0,0,0,2,0,0,1,1,0,0,0,0,0,0,1,0,2,1,0,1,0,0,0,0,0,0,1,0,0,1,0,0,0,0,0,0,0,0,0,0,0,0,2,0,0,0,1,0,0,0,1,0,1,0,0,2,0,0,0,0,0,0,0,1,0,0,0,1,0,0,1,0,0,0,0,0,0,1,1,0,0,0,0,0,0,0,0,0,2,0,0,0,0,0,0,0,1,1,1,0,0,0,0,0,0,1,0,1,0,0,0,1,0,0,1,0,1,0,0,0,0,0,0,0,1,0,0,0,0,0,4,2,0,0,0,0,0,0,0,2,0,0,0,0,0,0,0,0,0,0,0,0,0,0,1,0,0,2,0,0,0,0,2,1,1,0,0,0,0,0,0,0,0,0,0,0,0,0,1,1,1,0,0,0,0,0,0,1,0,0,0,0,0,0,0,1,0,0,0,2,0,0,1,0,0,0,1,0,1,0,3,0,0,1,0,0,0,0,0,1,0,1,0,0,0,0,0,2,0,0,0,0,0,1,0,0,0,1,1,0,0,0,0,0,0,0,1,0,0,1,0,0,0,0,0,0,0,0,0,0,1,0,0,0,0,0,0,0,1,0,0,2,0,0,0,0
PSMC6,0,0,0,0,0,0,2,0,0,0,0,1,0,1,0,0,2,0,1,1,0,0,0,0,0,0,0,0,0,0,0,0,0,2,0,0,1,0,0,0,0,1,0,0,0,0,0,0,0,0,0,0,1,0,0,0,0,0,0,0,0,1,0,0,0,0,1,0,0,0,0,1,1,0,0,0,1,0,0,0,0,0,0,0,0,0,0,3,0,0,0,0,0,1,0,0,0,0,0,1,0,0,0,0,0,1,0,1,1,1,0,0,0,0,0,0,1,0,0,0,0,0,0,0,0,0,0,0,0,0,0,0,0,0,0,0,1,0,0,0,0,0,0,0,0,0,2,0,1,0,2,1,1,0,0,1,0,0,0,1,0,0,0,0,0,2,1,0,1,2,0,0,0,0,1,0,1,0,0,0,0,0,0,2,0,0,1,0,0,0,0,0,0,1,0,0,0,0,0,0,0,0,1,1,0,0,0,0,0,1,0,0,0,0,0,0,0,0,0,0,0,4,0,0,1,0,0,0,0,0,0,0,0,0,1,0,0,1,0,0,0,0,1,0,0,0,0,1,0,1,1,0,0,0,0,1,0,0,0,0,2,0,0,0,0,0,0,0,0,1,1,2,0,0,0,0,0,0,2,0,1,1,0,1,2,0,0,0,1,0,0,0,1,0,0,0,0,0,0,0,0,0,0,0,0,0,0,0,0,0,0,0,0,0,0,3,0,0,1,0,0,1,0,0,1,0,0,1,1,0,0,0,0,0,0,0,1,0,1,1,0,1,0,1,0,0,0,0,0,1,0,0,0,0,0,1,0,0,0,0,0,1,2,0,0,1,1,0,0,0,1,0,0,0,0,0,1,1,0,0,0,1,1,0,0,0,1,0,0,0,1,2,0,0,0,0,1,0,0,0,1,0,1,0,0,0,1,2,0,0,0,1,0,1,0,0,0,0,0,0,0,0,0,0,0,0,0,0,0,0,0,0,0,0,0,0,0,0,1,1,0,0,1,0,0,0,1,0,0,0,2,1,0,0,0,0,0,1,1,0,0,1,0,0,1,0,0,2,1,0,0,0,0,0,0,1,0,0,0,0,0,0,0,0,1,0,0,0,0,0,0,0,1,2,0,0,1,0,0,0,0,1,0,0,0,0,1,0,0,0,0,0,0,0,0,0,0,0,0,1,0,1,0,0,0,0,0,0,1,0,0,1,0,1,0,1,0,1,0,0,1,1,0,0,0,3,1,0,0,0,0,0,0,0,0,1,1,1,0,0,0,2,2,1,0,0,0,1,1,2,0,1,0,1,0,0,0,0,0,0,0,0,0,0,0,1,0,1,0,1,0,0,1,0,0,0,1,0,0,0,0,0,0,0,1,1,0,0,0,0,1,2,0,0,0,0,0,0,0,0,1,0,0,0,1,0,1,1,0,0,1,0,0,0,1,1,0,0,0,1,0,0,1,0,0,3,1,0,0,1,0,1,0,0,0,0,0,0,0,1,0,1,0,0,0,0,0,0,0,1,0,1,0,0,0,0,0,0,0,0,1,0,0,0,0,0,0,0,0,0,0,0,0,0,0,0,1,1,0,0,0,0,0,1,0,0,0,0,0,0,1,0,0,1,0,0,0,0,0,0,0,0,0,0,0,0,1,0,0,0,0,2,1,0,0,0,1,0,0,0,0,0,0,0,0,1,0,1,0,0,0,0,0,0,0,0,0,4,0,0,0,0,1,1,0,0,0,0,0,0,0,0,0,0,0,0,1,1,2,0,1,0,0,1,0,0,0,1,1,0,0,0,0,0,1,0,0,0,0,0,0,0,1,0,2,1,0,0,1,0,0,0,0,0,0,0,0,0,0,0,0,1,0,1,2,0,0,0,0,0,0,0,0,0,0,0,0,0,2,0,0,0,2,0,0,0,0,1,0,0,0,0,1,0,0,0,0,1,0,0,0,0,0,1,0,0,0,0,0,0,2,0,0,1,0,0,0,1,0,1,1,0,0,0,0,1,2,1,0,0,1,1,0,0,0,0,0,0,0,0,0,0,0,1,1,0,0,1,1,0,0,0,0,0,0,1,0,0,1,0,0,1,0,0,0,0,0,1,0,1,0,0,0,1,1,0,0,0,0,0,0,1,2,0,1,0,2,0,0,0,1,0,0,0,1,0,2,0,0,0,0,0,0,0,1,0,0,0,1,0,0,0,0,0,0,0,0,0,0,0,1,0,0,0,0,0,0,0,0,0,0,0,0,2,0,0,0,0,1,0,0,0,0,0,0,0,0,0,0,0,0,0,1,0,0,0,0,0,0,0,2,0,0,0,0,0,0,0,0,0,1,3,0,1,0,0,1,0,0,0,0,0,2,1,0,1,1,0,0,1,0,0,0,1,0,2,1,0,0,0,0,0,1,1,0,0,0,0,0,0,0,1,1,0,0,0,0,1,1,0,0,1,0,0,2,0,1,0,0,1,0,1,1,1,0,0,0,0,0,1,0,0,0,0,0,0,0,0,1,0,0,0,0,0,1,1,0,0,1,0,0,0,0,0,0,0,0,0,1,0,0,0,0,0,0,0,3,0,0,0,0,0,0,0,0,0,0,0,0,0,0,0,0,1,1,0,1,0,0,0,1,0,0,0,0,0,2,0,0,0,0,0,0,0,0,0,0,1,1,0,0,0,0,0,0,0,0,0,0,0,0,0,0,0,2,1,0,0,0,0,0,0,0,0,0,1,0,0,1,0,0,0,1,0,0,0,0,0,0,0,0,0,1,1,0,0,0,0,0,1,0,1,0,0,0,2,0,0,0,0,0,0,0,0,0,0,1,0,1,1,1,0,0,0,0,1,1,0,0,1,2,0,0,0,0,0,0,0,1,1,0,0,0,0,0,0,0,0,1,0,1,0,0,0,1,0,0,0,0,0,1,0,0,0,0,1,0,0,0,0,0,0,0,1,1,0,0,2,1,1,0,0,1,0,0,0,0,0,0,1,0,0,1,0,0,0,0,1,0,0,0,0,0,0,0,0,0,0,2,0,0,1,0,0,0,1,0,0,0,0,0,1,0,0,1,0,0,0,0,1,0,0,0,0,0,0,0,0,0,0,0,1,0,0,1,1,0,1,0,0,0,0,0,0,0,0,0,0,0,0,2,0,0,0,0,0,1,1,0,0,0,0,2,0,0,1,1,0,0,0,1,1,0,0,0,0,1,0,0,1,0,0,0,0,0,0,0,0,0,0,1,0,0,0,0,0,0,0,1,0,1,0,0,0,0,0,2,0,0,0,0,0,0,0,0,0,0,0,0,0,0,0,0,0,0,0,1,0,3,0,0,0,0,1,1,1,0,0,0,0,1,0,0,0,0,0,1,0,1,0,0,3,0,0,0,0,0,0,0,0,0,0,0,0,0,1,0,1,0,0,0,0,0,0,0,1,1,0,0,0,0,0,0,0,0,0,0,0,0,0,0,1,0,0,0,1
LSP1,4,3,2,1,3,1,1,1,3,1,3,1,2,2,2,12,2,1,1,0,0,1,0,0,0,1,0,0,0,2,3,1,2,3,1,5,3,1,6,2,0,1,0,3,0,1,2,0,1,0,0,1,2,4,3,0,4,1,0,1,9,0,1,0,2,1,1,0,1,1,1,0,0,2,1,1,0,2,0,3,0,0,1,0,2,0,0,1,2,2,3,1,1,1,2,6,1,0,2,14,1,1,2,1,2,1,0,2,4,1,2,1,0,1,0,2,4,1,0,2,0,0,0,0,2,1,4,1,0,0,0,0,2,0,1,1,0,0,3,1,1,1,1,1,8,3,2,5,4,0,2,1,2,1,2,2,2,2,0,2,0,0,0,0,2,5,1,2,1,13,0,0,3,1,0,0,0,0,0,2,0,0,0,1,1,2,2,1,2,7,7,1,2,0,2,3,0,1,0,2,0,0,1,1,0,3,1,6,2,1,0,4,1,3,4,1,3,1,4,3,0,1,1,1,4,0,1,0,1,2,1,2,3,6,0,0,1,0,2,2,0,1,2,1,0,1,0,4,1,1,1,1,1,4,0,1,0,0,0,1,2,0,2,2,1,3,0,2,2,0,2,5,2,3,2,4,1,3,2,1,1,0,2,3,2,1,0,1,0,1,1,1,0,0,2,0,0,1,0,2,0,0,4,2,2,0,3,0,8,1,2,0,0,5,0,3,0,0,1,1,2,4,7,0,2,0,1,2,1,0,0,3,1,1,1,1,0,0,5,2,6,1,0,1,1,3,3,2,1,2,0,0,5,1,0,1,0,2,4,1,2,1,0,2,4,2,21,0,1,0,2,1,1,0,0,10,2,4,0,3,0,0,1,0,0,1,1,4,0,3,2,8,2,5,0,0,8,1,2,7,0,3,1,0,0,2,1,2,4,3,0,1,0,1,1,6,0,0,0,0,4,2,14,2,1,0,0,1,2,2,1,0,0,3,3,0,1,0,2,6,2,4,14,0,1,12,2,2,1,1,1,1,1,2,3,1,4,1,7,1,4,1,3,2,3,1,0,0,0,1,1,0,2,1,1,1,1,1,0,0,0,1,0,2,1,1,1,1,1,1,2,2,0,0,0,1,2,1,1,2,1,0,0,0,0,0,2,14,0,2,0,0,2,0,1,2,0,1,1,0,1,1,1,0,1,1,0,3,2,1,1,4,3,1,1,2,2,7,1,3,4,1,1,1,2,0,1,0,12,1,3,9,1,0,1,3,1,7,0,1,2,2,0,1,2,0,1,2,3,1,1,2,2,0,2,5,0,1,1,1,0,2,1,3,0,2,0,0,0,1,1,1,3,5,3,0,3,3,0,2,3,5,0,4,1,8,1,2,0,0,0,0,1,1,4,0,0,5,2,3,1,3,3,0,3,5,2,1,2,0,1,0,1,2,0,2,0,1,2,4,1,0,1,0,0,3,4,0,1,0,1,2,1,0,2,1,2,0,0,3,2,3,0,5,0,0,1,0,1,1,1,2,1,1,3,3,0,0,0,1,0,14,2,1,1,4,1,1,1,0,1,0,1,2,1,0,1,0,0,2,1,1,8,1,2,0,1,1,1,15,2,0,0,3,2,3,0,3,1,1,1,1,1,0,0,1,3,1,0,3,0,2,1,1,5,0,4,4,0,3,2,0,0,1,0,2,1,0,2,0,3,0,2,1,1,0,0,1,2,0,1,2,3,1,2,0,2,0,1,3,0,3,1,0,1,1,0,1,1,1,1,0,1,0,0,7,1,2,4,1,2,1,0,2,5,3,2,2,1,0,1,2,0,1,1,0,0,0,0,1,1,1,0,1,1,1,1,2,3,3,3,2,10,5,0,3,1,1,0,0,0,1,1,2,1,0,1,0,1,1,0,2,4,0,1,2,1,3,4,1,0,0,0,1,3,0,0,4,2,0,2,3,1,0,1,1,1,2,3,0,1,0,4,3,0,0,1,1,4,0,0,0,1,6,1,1,1,1,2,2,0,0,2,1,0,2,0,3,6,1,1,1,1,0,1,0,1,2,14,3,1,1,1,0,0,1,1,2,2,1,0,14,1,1,6,1,0,0,2,1,0,1,1,0,2,1,1,4,1,4,4,1,0,0,0,0,3,1,1,2,0,1,1,1,1,0,1,2,2,2,3,0,1,0,1,1,0,0,7,1,0,13,2,2,1,5,2,2,1,0,3,0,0,2,2,0,0,0,2,0,3,3,0,3,2,4,0,0,1,3,0,1,2,0,1,2,1,1,0,0,1,1,0,1,0,3,0,3,2,1,1,1,0,1,3,1,2,2,0,2,11,28,2,3,0,1,0,0,2,2,1,0,3,2,1,0,1,1,1,2,1,2,0,2,1,2,2,0,2,2,2,1,6,5,1,5,1,1,0,1,1,1,4,3,1,5,1,0,0,0,7,1,0,5,6,1,2,3,1,1,1,1,2,13,5,0,0,0,1,2,1,2,6,2,1,1,0,0,1,1,3,0,2,2,2,1,0,0,2,2,1,2,1,1,3,0,2,1,1,3,2,0,7,2,1,3,2,5,0,3,1,0,5,3,1,1,0,0,3,1,1,1,0,8,1,2,0,0,2,2,1,1,0,0,1,2,3,2,3,6,2,2,1,5,6,3,2,0,0,9,0,1,0,3,0,3,6,0,2,2,1,1,0,0,2,1,1,3,2,1,0,0,1,3,3,2,0,2,2,2,2,1,0,7,2,1,9,3,0,0,0,0,3,0,0,2,3,4,0,0,1,3,0,0,0,5,2,0,1,1,0,0,1,1,1,1,3,2,2,2,7,3,0,0,2,0,2,1,0,2,2,1,5,1,1,0,1,2,0,1,3,1,2,0,0,0,2,0,2,1,3,1,5,5,3,0,5,0,1,3,2,1,0,0,0,3,3,2,0,0,2,0,0,2,0,1,0,3,1,0,2,2,1,0,3,2,1,0,1,2,0,1,1,0,2,1,3,3,0,1,1,0,0,1,0,0,0,2,21,0,1,1,4,1,3,1,4,0,1,1,2,4,2,1,0,0,3,4,1,1,1,10,0,0,2,5,1,5,0,0,1,2,2,3,5,0,3,0,0,3,3,1,0,2,1,1,2,2,6,3,8,3,2,1,4,3,2,1,0,8,2,3,6,1,2,0,1,0,0,0,2,0,0,0,0,2,1,17,1,4,1,0,2,2,0,1,0,0,2,1,3,2,2,1,0,2,2,0,0,1,0,1,2,1,0,1,1,0,1,2,0,1,2,3,0,1,3,2,0,7,2,1,2,0,1,1,7,1,0,2,3,1,1,1,13,0,2,0,1,4,0,1,3,2,1,0,1,2,5,5,0,1,0,1,1,0,0,2,2,0,0,2,0,1,0,1,1,2,0,0,1,1,3,0,0,0,0,3,1,0,2,0,1,0,1,0,0,20,1,1,0,2,1,0,0,1
GPBAR1,0,0,0,0,0,1,0,0,0,0,1,0,0,0,0,1,0,0,0,0,0,0,0,0,0,0,0,0,0,0,0,0,0,0,0,0,0,0,0,0,0,0,0,0,0,0,0,2,0,0,0,0,0,0,0,2,0,0,0,0,1,0,0,0,0,0,0,0,0,0,0,0,0,0,0,0,0,0,0,0,0,0,0,1,0,0,0,0,0,0,0,0,0,1,0,0,0,0,1,0,0,0,0,0,0,0,0,0,0,0,0,0,0,0,0,0,0,0,1,0,0,2,1,0,0,0,0,0,0,0,0,0,0,0,0,0,0,0,0,0,0,0,0,0,0,0,1,0,0,0,0,0,0,0,0,0,0,0,0,0,0,0,0,0,0,0,0,0,2,0,0,0,0,0,0,0,0,0,0,0,0,0,0,0,0,0,0,0,1,3,3,0,0,0,0,0,0,0,0,0,0,0,1,0,0,0,0,0,0,0,0,0,0,0,0,0,0,0,0,0,0,0,0,0,0,0,0,0,0,1,0,0,2,0,1,0,0,0,0,0,0,0,0,0,0,0,0,1,0,0,0,0,0,0,1,0,0,0,0,0,0,0,0,0,0,0,0,0,0,0,0,3,0,1,0,0,0,1,0,0,0,1,0,0,0,0,0,0,0,0,0,0,0,0,0,0,0,0,0,0,0,0,0,0,0,0,0,0,5,0,0,0,0,0,0,0,0,0,0,0,0,0,0,0,0,0,0,0,0,0,0,0,0,0,0,0,0,0,0,0,0,0,0,0,0,0,0,0,0,1,0,0,2,0,0,0,0,0,0,0,0,0,0,0,0,0,0,0,0,0,0,0,0,1,0,0,0,0,0,0,0,0,0,0,0,0,0,0,0,0,0,4,0,5,0,2,0,0,0,0,1,0,0,0,0,0,0,0,0,0,0,0,1,0,0,2,0,1,0,0,1,0,0,0,0,0,0,0,0,0,0,0,0,0,0,0,1,0,0,2,0,0,0,0,0,1,0,0,0,0,0,0,0,0,0,0,0,0,1,0,0,0,0,0,1,0,0,0,0,0,0,0,1,0,0,2,0,0,0,0,1,0,0,0,0,0,0,0,0,0,0,0,0,0,0,0,0,0,0,0,2,0,0,0,0,0,0,0,0,0,0,0,0,0,0,0,0,0,0,0,0,0,0,1,0,0,0,0,1,0,0,0,0,0,0,1,0,0,0,0,0,0,0,0,0,0,0,0,1,0,0,0,0,0,1,0,0,0,0,0,0,0,0,0,0,0,0,1,0,0,0,0,0,0,0,0,0,0,0,0,0,0,0,0,0,0,0,0,0,0,0,0,0,1,0,0,0,0,0,0,0,4,0,0,0,2,0,0,0,0,0,0,0,0,0,0,0,0,0,2,0,0,0,0,0,0,0,1,0,0,0,0,0,0,0,0,0,0,0,0,0,0,0,0,0,0,0,0,0,0,0,0,0,1,0,0,0,0,0,0,0,0,0,0,0,0,1,0,0,0,0,0,0,0,0,0,0,0,0,0,0,0,0,0,0,0,0,0,2,0,0,0,0,0,0,0,0,0,0,0,0,0,0,0,0,0,0,0,0,0,0,0,0,0,0,0,0,0,0,0,0,0,0,0,0,0,0,0,0,0,0,0,0,0,0,0,0,0,0,0,0,0,0,0,0,0,0,0,0,0,0,0,0,0,0,0,0,0,0,0,0,0,0,0,0,0,0,0,0,0,0,0,0,0,1,0,0,0,0,0,0,0,0,0,0,2,0,0,0,0,0,0,0,0,1,0,0,0,0,0,0,0,0,0,0,0,0,0,0,0,0,0,0,1,0,0,1,0,0,0,0,0,0,0,0,0,0,0,0,0,0,0,0,0,0,0,0,0,0,1,1,0,0,0,0,0,0,0,0,0,0,0,0,0,0,0,0,0,0,0,0,0,0,0,0,0,0,0,0,0,0,0,1,0,0,0,0,0,0,0,0,0,0,0,0,0,0,0,0,0,0,0,0,0,0,1,0,0,0,0,0,0,0,0,0,0,0,0,0,0,0,0,1,0,0,0,0,0,0,0,0,0,0,0,0,0,0,0,0,0,0,0,0,0,0,0,0,3,0,0,0,0,0,0,0,0,0,0,0,0,0,0,0,0,0,0,0,0,0,0,0,0,0,0,1,1,0,0,0,1,0,0,1,0,0,0,0,0,0,0,0,0,0,0,0,0,0,0,0,0,0,0,0,0,0,0,0,0,0,0,0,0,0,0,0,0,0,0,0,0,0,0,1,0,0,0,0,0,0,0,0,0,0,0,0,0,0,1,0,0,0,0,0,0,0,0,0,1,0,0,0,0,0,0,1,0,0,0,0,0,0,0,0,0,0,0,0,0,0,0,0,0,2,2,1,0,0,0,0,1,1,0,0,2,0,0,0,0,1,0,1,0,0,0,0,0,0,0,0,0,2,0,0,1,0,0,0,0,0,0,0,1,0,1,0,1,0,0,0,0,0,0,0,0,0,0,0,0,0,0,0,0,4,0,0,0,0,0,0,0,0,0,0,0,0,0,0,0,0,0,0,0,1,0,0,0,0,0,0,0,0,0,0,0,0,0,0,0,0,0,0,0,0,0,0,0,0,0,0,0,0,0,0,0,0,0,0,0,0,1,0,0,0,0,0,0,0,0,0,0,0,0,0,0,0,0,0,0,0,0,0,0,0,0,0,0,0,0,0,0,0,0,0,1,0,0,2,0,0,0,0,1,0,0,0,0,0,0,0,0,0,0,0,0,0,0,0,0,0,0,0,0,0,0,0,0,0,0,0,0,0,0,0,0,0,0,3,0,0,0,0,0,0,0,0,0,0,0,0,0,0,1,0,0,0,0,0,0,0,0,0,0,0,0,0,1,0,0,0,0,0,0,0,0,0,0,0,0,0,0,0,0,0,0,0,0,0,0,0,0,0,0,0,0,0,0,0,0,0,0,0,0,0,0,0,0,0,0,0,0,0,0,0,0,0,0,0,0,0,0,0,0,0,0,0,0,0,0,1,0,1,0,0,0,0,0,0,0,1,0,0,4,0,1,0,1,0,0,0,0,0,0,0,0,1,0,0,0,0,1,0,0,0,0,0,0,0,0,0,0,4,0,0,0,0,1,0,0,0,0,0,3,0,0,0,0,0,0,0,0,0,0,0,0,0,0,0,0,0,0,0,0,1,1,0,0,0,0,0,0,0,0,0,0,0,0,0,0,0,1,0,0,0,0,0,0,0,0,0,0,0,0,0,0,0,0,0,0,0,0,0,0,0,0,0,0,0,0,0,0,0,0,0,0,0,0,0,0,0,0,0,0,0,0,0,0,0,0,0,0,0,0,0,0,0,0,0,0,1,0,0,0,0,0,0,0,0,0,0,0,0,0,0,0,0,0,0,0,0,0,0,2,0,0,0,0,1,0,0,0,0,0,0,0,0,0
OCIAD2,0,0,2,0,0,0,0,0,0,0,0,1,0,1,1,1,0,0,0,1,2,1,0,1,0,1,0,0,2,2,1,0,2,0,0,1,1,0,0,1,2,2,0,0,2,0,1,0,1,0,1,1,0,0,2,0,0,1,2,0,1,1,0,0,0,0,3,0,0,0,0,2,1,0,0,0,0,0,1,0,1,1,0,0,0,0,0,0,0,0,1,1,0,0,0,0,0,1,0,2,1,1,0,1,1,0,0,0,0,0,0,1,0,1,3,0,1,1,0,0,0,0,0,0,0,1,0,0,0,1,0,1,0,1,1,0,0,1,0,0,0,0,0,0,0,0,0,0,1,0,0,1,1,1,0,1,0,0,0,0,0,0,0,0,0,5,0,0,0,0,2,0,1,1,0,0,1,0,0,0,1,0,1,0,0,0,1,0,0,1,0,0,0,1,0,0,0,0,0,2,0,0,0,0,0,1,0,0,0,0,0,2,2,0,0,0,1,0,0,0,0,0,0,0,1,0,0,0,2,0,1,0,0,0,0,1,0,0,1,0,0,0,0,0,0,0,0,0,0,0,1,0,0,0,0,1,1,2,0,0,1,0,1,0,1,1,0,1,2,0,0,0,0,0,1,2,1,0,0,0,0,0,2,1,0,2,1,0,1,0,2,0,0,0,0,1,1,1,0,0,0,0,1,1,0,0,0,0,0,0,1,0,1,0,0,0,0,0,1,0,0,0,0,0,0,1,0,1,1,1,0,0,0,0,0,0,2,0,1,0,0,1,0,2,0,1,1,0,2,0,0,1,1,1,0,0,0,2,0,0,0,1,0,0,1,1,0,1,1,0,0,0,1,0,1,0,1,0,0,0,0,2,2,1,0,0,1,1,1,0,0,0,2,0,0,0,1,0,0,0,0,0,0,0,0,0,0,0,1,0,0,1,0,0,1,0,0,0,0,0,0,0,0,0,0,3,0,0,0,0,0,0,0,2,1,0,0,0,0,0,0,1,0,0,1,0,1,0,0,0,0,1,0,0,0,0,0,0,0,0,1,0,0,0,2,0,0,0,0,0,0,0,0,1,2,0,0,0,1,0,0,1,0,0,0,0,1,0,1,0,3,0,2,1,0,0,2,2,1,0,0,0,1,0,2,1,0,0,0,2,0,0,0,0,0,0,2,1,1,0,0,1,1,0,0,0,0,0,0,1,0,2,1,0,0,0,1,0,0,0,2,1,0,0,1,1,0,0,0,0,1,0,0,1,0,0,0,0,0,1,0,2,0,0,0,1,0,1,0,1,1,2,2,0,0,0,0,0,0,1,0,1,0,0,1,0,0,0,2,0,1,1,0,0,0,0,0,0,0,0,0,0,0,0,1,0,0,0,0,0,0,0,0,0,0,1,0,3,0,0,0,0,1,0,0,1,2,0,0,2,0,1,1,1,0,2,0,1,0,2,0,0,1,2,0,0,0,0,1,0,1,1,0,0,0,0,0,1,0,0,0,0,0,0,2,0,0,1,4,0,1,1,0,1,0,1,0,0,0,1,0,0,1,0,0,1,0,1,0,2,1,0,0,0,1,2,0,0,0,0,0,0,1,0,0,0,0,0,0,2,0,2,0,0,0,3,0,0,0,2,1,0,0,0,0,0,1,1,2,1,1,0,0,1,1,0,0,0,0,1,0,0,0,0,0,0,0,2,0,0,0,0,0,2,1,0,0,1,0,0,0,0,1,0,0,1,2,0,0,1,1,0,0,0,0,0,0,1,0,0,0,1,1,0,0,0,0,1,0,0,2,0,1,0,0,1,0,0,0,0,1,0,0,2,1,0,0,0,0,1,0,0,1,0,0,0,0,0,0,0,0,0,0,0,0,0,0,0,0,0,1,0,0,0,0,0,1,1,0,0,0,0,3,0,0,0,1,1,0,0,0,0,0,0,1,0,0,1,0,0,0,1,1,0,0,0,1,0,1,0,1,0,0,0,1,0,2,2,0,0,0,0,0,0,0,1,0,0,0,0,0,0,1,0,1,0,1,0,0,0,1,0,1,0,3,3,1,1,0,0,0,0,0,0,0,1,0,0,1,0,0,0,0,0,0,0,1,0,0,0,0,0,0,2,2,1,0,0,2,0,1,1,3,0,0,2,0,0,1,0,0,1,0,0,0,0,1,0,1,0,0,0,0,0,0,0,1,0,0,0,0,0,1,0,2,0,2,1,0,1,0,0,1,0,0,0,0,0,0,0,0,0,2,0,0,1,0,0,0,1,0,0,0,0,0,0,0,0,0,0,0,0,0,0,0,1,0,1,0,0,0,0,0,0,0,1,0,0,0,0,0,1,0,2,1,0,0,1,0,0,1,1,0,0,0,2,0,0,1,0,1,0,2,0,0,0,0,1,0,0,0,0,0,0,0,0,0,0,0,0,0,1,0,0,1,0,1,0,0,0,1,0,1,0,0,0,0,0,0,0,0,1,2,0,0,0,0,0,0,0,0,0,0,0,1,0,0,0,0,1,0,2,0,3,0,0,0,0,0,0,2,0,0,1,1,0,0,0,0,0,0,0,1,0,0,2,0,0,1,2,0,1,0,0,1,0,0,0,0,0,0,0,0,0,1,0,1,0,1,0,1,0,0,0,0,0,0,2,0,1,1,0,0,0,1,0,0,1,0,0,1,1,0,0,2,0,0,1,0,0,3,0,1,1,0,0,0,0,1,0,1,1,0,0,0,0,0,0,0,0,0,0,0,0,1,0,0,2,1,0,1,0,0,2,0,1,0,0,0,1,1,0,2,0,0,1,0,0,0,0,0,0,0,2,1,0,1,1,0,0,0,0,0,0,0,0,0,1,0,0,0,1,0,0,0,2,0,1,0,0,1,0,2,0,1,0,0,0,0,0,0,0,0,2,1,0,2,1,1,0,1,1,0,0,0,0,0,2,0,1,0,0,1,0,0,0,0,0,0,1,0,0,2,0,0,1,1,0,0,2,1,0,0,0,2,1,0,3,1,0,0,0,3,0,0,0,3,1,4,1,0,0,0,0,0,1,2,0,0,0,0,1,0,3,0,1,0,1,0,0,1,0,1,0,0,0,0,3,3,1,0,0,0,3,1,0,0,0,1,0,0,1,0,0,0,1,1,0,1,1,0,0,0,0,1,0,0,0,2,0,2,0,0,1,0,0,1,0,0,0,2,1,2,0,0,0,1,0,2,1,0,0,0,0,0,1,1,1,0,1,2,0,0,0,0,1,0,1,0,0,0,1,0,1,0,0,0,1,0,0,2,0,0,0,0,0,1,2,0,3,1,0,0,2,1,0,0,0,1,0,0,0,1,0,0,0,1,0,0,0,1,0,0,0,0,0,0,0,0,1,0,1,1,0,0,0,0,0,0,1,1,0,0,1,1,0,0,0,0,0,0,0,1,1,1,0,0,0,1,3,1,0,0,0,0,3,0,0,0,0,1,1,2,2,1,0
STOM,0,2,1,0,1,0,1,0,0,0,0,3,0,0,1,0,0,0,0,0,0,0,0,0,0,0,0,0,0,0,0,0,0,0,0,0,0,0,0,0,0,0,0,0,0,0,0,0,0,0,0,0,0,0,1,0,0,0,0,0,0,0,1,0,0,1,0,0,1,0,0,0,0,0,0,2,0,0,0,0,0,0,0,0,0,0,0,0,0,0,0,1,0,0,0,0,0,0,0,0,1,0,0,0,0,0,0,0,0,0,1,0,0,0,0,0,0,0,0,0,0,0,0,0,0,0,1,0,0,0,0,0,0,0,0,0,0,0,0,0,0,0,0,0,1,1,0,0,0,2,0,2,2,0,0,0,0,0,0,1,0,0,0,0,0,0,0,0,0,0,0,1,1,0,0,0,0,0,0,0,0,0,0,0,0,0,0,0,0,0,0,0,0,0,0,0,0,1,0,0,0,1,0,0,0,0,0,0,0,0,0,1,1,0,0,1,0,1,0,0,0,0,0,0,0,0,0,0,0,0,0,0,0,0,0,0,0,0,0,0,1,0,0,0,1,0,0,0,0,0,0,0,0,0,0,1,0,0,0,0,0,0,1,0,0,1,0,0,0,1,0,0,0,0,0,0,0,0,0,0,0,0,0,0,0,0,0,0,0,0,0,0,0,0,0,0,0,0,0,0,0,0,0,0,0,0,0,0,0,0,0,0,0,0,0,0,0,0,0,0,0,2,1,0,0,0,0,0,0,0,0,0,0,0,1,0,0,0,0,2,0,0,1,0,0,0,0,0,0,0,0,0,0,0,0,0,0,0,1,0,0,0,0,0,1,0,1,0,0,0,0,0,0,0,1,0,0,0,0,0,0,0,0,0,0,0,1,0,0,0,0,0,0,0,0,0,0,1,0,0,2,0,0,0,0,0,3,0,0,1,0,1,0,1,0,0,0,0,0,0,0,0,0,0,0,0,0,1,0,0,0,0,1,0,0,0,0,0,0,0,0,0,0,0,1,1,1,0,0,0,0,0,0,0,0,0,1,0,0,0,0,0,0,0,0,0,0,0,0,0,0,0,0,0,0,0,0,0,0,0,1,0,0,1,0,0,1,0,0,1,0,0,0,0,0,0,0,0,0,1,0,1,0,0,0,0,0,0,0,0,0,0,2,0,0,0,0,0,0,0,0,0,0,0,0,0,0,1,0,0,0,0,1,0,0,0,0,1,0,0,1,0,0,0,0,0,0,0,0,0,1,1,0,0,0,0,0,0,0,0,0,0,0,0,0,0,1,0,2,0,0,1,0,0,0,0,0,0,0,0,0,1,0,0,0,1,0,0,0,0,0,0,0,0,0,0,0,0,0,0,0,0,1,0,0,0,0,1,0,0,0,0,1,1,0,0,0,0,0,0,0,0,1,0,2,0,0,0,0,0,0,1,0,0,0,0,0,0,0,0,0,0,0,0,0,0,1,0,0,0,0,1,0,0,0,1,0,0,0,0,0,0,0,2,0,0,0,0,0,0,1,0,0,0,1,1,0,0,0,1,1,0,0,0,0,0,0,0,0,0,0,0,1,0,0,0,0,0,0,0,0,0,0,0,0,1,0,0,0,1,0,0,0,0,0,0,0,1,0,0,0,0,0,0,0,1,0,0,0,0,0,0,0,0,0,0,0,0,0,0,0,0,1,0,0,0,1,0,0,0,1,0,0,0,0,0,0,0,1,0,0,1,0,0,0,0,0,0,0,0,0,0,0,0,0,0,0,0,0,0,0,0,0,0,0,0,1,0,0,0,1,1,0,0,0,0,1,0,0,0,0,0,0,0,1,1,0,0,0,0,1,0,0,0,0,0,0,1,0,1,0,0,0,0,0,0,0,0,0,1,0,1,0,0,0,0,0,0,0,0,0,0,0,0,0,0,0,0,0,0,0,0,0,0,0,0,0,0,0,0,0,0,0,0,0,2,0,0,0,0,0,0,0,0,0,0,0,0,0,0,0,0,0,0,0,0,0,0,0,0,0,0,0,0,0,2,0,0,0,0,0,0,0,0,0,0,0,0,0,0,1,0,0,0,0,3,0,0,0,0,0,0,0,0,0,0,0,0,0,1,0,0,1,0,0,0,0,1,0,0,0,0,0,0,0,0,0,0,0,0,0,0,0,0,1,0,0,0,0,1,0,0,0,1,0,0,0,0,0,0,0,1,0,1,0,0,0,0,1,0,0,0,0,0,0,0,0,0,0,0,0,0,0,0,1,0,0,0,0,0,0,0,1,0,0,1,1,0,0,0,0,1,2,0,0,0,0,0,0,0,0,0,0,0,1,0,0,0,0,0,1,0,0,0,0,0,0,0,0,0,0,0,0,0,0,0,0,0,0,0,0,0,0,0,0,0,0,0,1,0,1,0,0,1,0,0,1,0,0,0,0,0,2,0,0,0,0,0,2,0,0,0,0,0,0,2,1,1,0,0,0,0,0,0,0,0,0,1,0,0,0,0,0,0,0,0,1,0,0,0,0,0,0,0,0,0,0,0,0,0,0,0,0,0,0,0,1,0,0,0,0,0,0,1,0,0,0,0,0,0,2,0,0,0,0,0,0,0,0,0,0,0,0,0,0,1,0,0,1,0,0,1,0,0,0,0,0,0,0,0,0,0,0,0,0,0,0,0,0,0,0,0,0,0,0,0,0,0,0,1,0,0,0,0,0,0,0,0,0,0,0,0,0,0,0,0,0,0,1,0,0,0,2,0,1,0,0,0,0,0,0,0,0,0,0,0,1,0,0,1,0,0,0,0,0,0,0,0,0,0,0,0,0,0,0,0,0,0,0,0,0,0,0,0,0,0,0,0,0,0,0,0,0,0,0,0,0,0,0,0,0,0,0,0,0,0,0,1,0,0,0,0,0,0,1,0,0,0,0,0,0,0,1,0,0,0,0,0,0,0,0,0,0,0,0,0,0,0,0,0,2,0,0,0,0,0,0,0,0,0,0,0,0,0,0,0,1,0,0,1,0,1,0,0,0,0,0,3,1,0,1,0,0,1,0,0,0,0,0,0,0,0,1,0,0,0,0,1,0,0,0,0,1,0,0,0,0,2,0,0,0,0,0,0,1,0,0,0,0,0,0,0,0,0,0,0,0,0,0,0,0,1,0,0,0,1,0,0,0,1,0,0,0,0,0,0,2,0,0,0,0,0,0,0,0,0,0,1,0,0,0,2,0,0,0,0,0,0,0,0,0,0,0,0,0,0,0,1,0,0,0,0,1,0,0,1,1,0,1,0,0,0,3,0,0,0,0,0,0,1,0,0,0,0,0,0,1,0,0,0,0,0,0,0,0,0,0,1,1,0,1,0,0,0,0,1,0,0,0,1,0,0,0,0,0,0,0,0,0,0,0,0,0,0,0,0,0,0,0,0,0,0,1,0,0,0,0,0,0,0,0,0,0,0,0,0,0,1,0,1,0,0,0,0,0,1
PILRB,0,2,0,0,0,0,0,0,2,0,0,1,1,0,0,1,1,0,0,1,0,0,0,0,1,1,0,0,0,0,0,0,0,1,0,0,0,1,0,0,0,0,0,0,0,0,0,0,0,0,1,0,0,0,0,0,1,0,0,0,1,0,1,0,0,0,1,0,0,0,0,0,0,0,0,0,3,0,0,0,1,0,0,0,0,0,0,0,0,0,1,0,0,0,0,0,0,0,0,0,0,0,0,0,0,0,1,0,0,0,1,0,0,0,0,0,1,0,0,0,0,0,0,0,0,0,0,0,0,0,0,0,0,0,0,0,0,0,0,2,0,0,1,0,0,0,0,0,0,0,0,0,0,0,0,0,0,1,0,0,0,0,0,0,1,0,0,0,0,0,0,0,0,0,0,0,0,0,0,0,0,0,0,0,0,0,0,0,0,0,1,0,0,0,0,0,0,0,0,0,0,0,0,0,0,3,0,0,0,0,0,0,0,1,0,0,0,0,0,0,0,0,1,0,0,0,0,0,0,0,0,0,0,1,0,0,1,2,1,0,0,0,2,0,0,0,0,0,0,0,0,0,0,0,1,0,0,0,0,0,0,0,0,0,0,0,0,0,0,0,0,1,0,0,0,0,0,0,0,1,0,0,0,0,0,0,0,0,1,0,0,0,0,0,0,0,0,0,0,0,1,0,0,0,0,0,1,0,0,0,0,0,0,0,0,1,1,0,0,0,0,1,0,0,0,0,0,0,0,0,0,0,0,0,0,0,0,0,0,0,0,0,0,1,0,0,0,0,1,0,1,0,1,0,0,0,0,0,0,0,1,0,0,0,1,0,0,1,0,0,0,0,0,0,1,0,0,0,0,0,0,0,0,0,0,0,0,0,0,1,0,1,0,0,0,0,0,0,2,0,0,1,1,1,0,0,1,0,0,0,0,0,0,0,0,0,0,1,1,1,0,0,0,1,0,0,0,0,1,0,1,0,0,0,0,0,0,0,0,0,0,0,0,0,0,0,1,0,1,0,1,0,1,0,0,0,0,1,0,0,0,0,0,1,0,0,0,0,0,0,0,0,0,0,0,0,0,0,0,0,0,0,1,0,0,0,0,0,0,0,0,0,0,0,1,0,0,0,0,0,0,0,0,0,0,0,0,0,0,0,0,0,0,0,0,0,0,0,0,0,0,0,0,0,0,0,0,0,0,0,0,0,0,0,0,0,0,0,1,0,1,0,0,0,0,2,0,0,0,0,0,1,0,0,0,0,0,0,0,0,0,0,0,1,0,0,1,0,1,0,0,1,0,0,0,0,0,1,1,0,0,0,1,0,1,0,0,0,0,0,0,0,2,0,1,0,0,0,0,0,0,0,0,0,0,1,0,0,0,0,0,0,1,0,1,0,0,0,0,0,0,1,0,0,1,0,1,0,0,0,0,0,1,0,0,0,0,0,1,1,0,0,1,1,0,1,1,1,0,0,0,0,1,0,0,0,0,0,0,0,0,0,0,1,0,0,0,0,0,0,0,0,0,1,0,0,0,0,0,1,1,0,0,0,0,0,0,0,0,0,0,1,0,2,0,0,0,1,0,0,0,0,0,0,0,0,0,0,0,1,0,0,0,0,0,0,0,0,0,0,0,0,0,0,0,0,0,0,0,0,0,1,0,0,0,0,0,0,0,1,0,0,1,0,0,0,0,0,0,0,3,1,0,1,0,0,1,0,0,1,0,0,0,0,0,0,0,1,1,0,1,0,0,0,0,0,0,0,0,0,0,0,0,0,0,0,0,0,0,1,0,0,0,0,0,0,0,0,0,1,0,2,0,0,1,0,0,0,0,0,0,1,0,0,0,0,0,0,0,0,1,0,1,0,0,0,0,0,0,0,0,0,0,0,0,0,0,0,0,0,0,0,0,0,0,1,0,0,2,1,0,0,0,0,0,0,0,0,0,0,0,0,0,0,0,0,0,0,0,0,0,0,0,0,1,1,1,0,0,0,0,0,0,0,0,0,0,0,0,0,0,0,0,0,0,0,0,0,0,0,0,0,0,0,0,0,0,1,0,1,0,0,0,0,0,1,0,0,0,0,0,0,0,0,0,0,0,2,0,0,0,0,0,0,0,0,0,0,0,0,0,1,0,0,0,0,1,0,0,1,0,0,0,0,0,0,0,0,0,0,0,0,0,0,0,0,0,0,0,0,0,0,0,1,0,0,0,1,0,0,0,1,0,1,1,0,0,1,0,0,0,0,0,0,1,0,0,1,0,0,0,0,0,1,0,0,0,0,0,0,0,0,0,0,1,1,0,1,1,0,0,0,0,0,0,1,0,0,1,0,1,1,0,0,0,0,0,0,0,0,0,0,1,0,0,0,0,0,0,0,0,0,0,0,1,0,0,0,0,0,1,0,0,0,0,0,0,0,0,0,0,0,1,0,0,1,0,0,0,0,1,0,0,0,0,0,0,1,0,0,0,0,1,0,0,0,0,1,0,0,0,1,1,0,0,1,1,0,0,0,0,0,0,0,0,1,0,0,0,0,0,0,0,0,0,0,0,0,0,0,0,0,0,1,0,0,0,0,0,0,0,0,0,0,0,0,0,0,0,1,0,0,1,0,0,1,0,0,0,1,0,0,1,0,0,0,0,1,0,0,0,0,0,0,0,0,0,0,0,0,0,0,0,0,0,0,0,0,0,0,0,0,0,0,0,0,0,0,0,0,0,0,0,0,0,1,1,0,0,0,0,0,0,0,0,0,0,0,0,0,0,0,0,0,0,0,0,0,0,1,0,0,0,0,0,0,0,0,0,0,0,0,0,0,0,0,0,2,0,0,0,0,0,0,0,0,0,2,0,1,0,0,0,0,2,0,0,0,0,0,0,0,0,0,0,0,0,0,0,0,0,0,0,0,0,0,0,0,0,0,0,0,0,0,0,0,1,1,0,0,0,0,0,1,0,0,0,0,0,1,0,0,0,2,0,1,1,1,0,0,0,0,0,0,0,0,0,0,0,0,0,0,0,0,0,0,0,0,1,0,1,0,0,1,0,0,0,0,0,0,1,0,0,0,0,0,1,1,0,1,0,1,0,0,0,0,0,0,0,0,0,0,1,0,0,0,0,0,0,0,0,0,0,0,0,0,0,0,0,1,1,0,0,1,1,0,0,0,0,0,1,0,0,0,1,0,0,0,0,1,0,3,0,0,0,1,0,0,0,1,0,1,0,0,0,0,1,0,0,0,0,0,0,0,0,1,0,1,0,0,0,0,0,0,0,0,1,1,0,0,0,0,0,1,0,0,0,0,0,1,0,0,0,0,0,1,0,0,2,1,0,0,0,0,0,0,0,0,0,0,0,0,0,0,0,0,0,0,0,1,0,0,0,0,0,0,0,0,0,0,0,0,0,0,0,0,0,0,0,0,0,0,1,0,0,0,0,0,0,0,1,0,0,0,0,0,0,1,0,0,1,1,0,0,0,0
SIT1,0,0,1,0,1,0,0,0,0,0,0,0,0,0,0,0,0,1,0,0,0,1,0,0,0,0,0,0,0,1,0,0,1,1,0,0,0,0,0,0,0,0,0,1,0,0,1,0,0,0,0,0,0,0,0,0,0,0,0,0,0,0,0,0,1,0,0,0,0,0,0,0,0,0,0,1,0,1,0,0,0,0,0,0,0,0,0,1,0,0,0,0,0,0,0,0,0,0,0,4,0,1,0,0,0,0,0,0,0,0,0,0,0,0,1,1,0,0,0,0,0,0,1,1,0,2,0,0,0,0,0,0,0,0,1,0,0,0,0,0,1,0,0,1,0,0,0,0,4,0,0,0,0,0,0,2,0,0,0,0,0,0,0,0,0,0,0,0,0,0,0,0,0,0,0,0,0,0,0,1,0,0,1,0,0,0,0,1,0,0,0,0,0,1,1,1,0,0,0,1,0,1,0,0,1,0,0,0,0,0,0,1,0,0,0,0,0,0,2,0,0,0,0,1,4,0,0,0,0,0,0,2,0,0,0,0,0,2,0,0,0,0,0,0,0,0,0,0,0,0,0,0,0,0,0,2,0,0,1,0,0,0,0,0,0,1,0,0,0,0,0,0,0,0,0,0,0,0,0,0,0,0,0,0,1,0,0,0,0,0,0,1,0,0,0,1,0,1,0,1,1,0,1,0,0,0,0,0,0,0,0,1,0,0,0,0,0,0,0,0,0,0,0,0,1,0,0,1,0,0,0,0,0,1,0,0,1,0,0,0,0,0,0,0,1,1,0,0,1,0,0,0,0,0,0,0,0,0,0,0,0,0,0,0,0,2,0,0,1,0,0,0,0,0,1,0,0,1,0,0,0,0,2,0,0,0,2,1,0,0,1,0,1,0,0,0,0,0,0,0,0,0,0,1,0,0,0,0,0,0,0,3,0,1,0,0,0,0,2,0,0,0,0,0,0,1,0,0,0,1,0,0,0,0,0,0,0,0,0,0,0,0,0,0,1,0,0,1,0,0,1,0,0,1,0,2,0,1,0,0,0,0,0,0,0,0,0,0,0,0,0,0,0,0,0,0,0,0,0,0,0,1,0,0,0,0,0,0,1,0,0,0,0,0,0,0,0,0,0,0,0,0,0,0,0,0,0,0,0,0,0,0,0,0,0,0,0,1,0,0,2,0,0,0,0,0,0,0,0,0,0,0,0,0,0,0,0,0,0,0,0,0,0,0,0,0,0,0,0,1,0,0,0,0,0,0,0,0,0,0,0,1,0,0,0,0,1,0,0,0,0,0,2,1,1,0,0,0,0,1,0,0,0,0,0,1,0,0,0,0,0,0,0,0,0,0,0,0,0,0,0,0,0,1,1,0,0,2,0,0,0,0,0,0,0,0,0,3,0,0,1,0,1,0,0,0,0,0,0,1,0,0,0,0,0,0,0,1,0,1,0,0,0,1,0,0,4,0,0,0,0,1,0,0,1,0,0,0,0,0,0,0,0,0,1,0,0,0,1,1,0,0,0,0,0,0,0,0,0,0,0,0,0,0,0,0,0,0,0,0,0,0,2,1,0,1,0,1,0,0,0,0,0,0,0,0,0,0,0,3,0,0,0,0,0,2,0,1,0,0,1,0,0,1,0,2,0,0,0,0,0,0,0,0,2,0,0,0,0,1,0,0,0,0,0,0,0,1,0,0,1,1,0,0,1,0,0,0,2,0,0,0,0,0,0,1,1,0,0,0,0,1,0,0,0,0,0,0,0,2,0,1,0,0,0,0,2,0,0,0,1,0,0,0,0,0,0,1,0,0,0,1,0,1,0,0,0,0,1,1,0,1,0,0,0,0,0,0,0,0,0,0,0,0,0,1,0,0,0,0,0,1,0,0,0,0,0,2,0,0,0,0,0,0,0,1,0,1,0,0,1,0,0,0,0,0,0,0,0,1,1,0,0,0,0,0,0,0,0,0,0,0,0,0,0,0,0,1,0,0,0,0,0,0,0,0,0,0,0,0,0,0,0,0,0,0,0,1,0,1,0,0,0,1,1,0,0,0,0,0,0,0,0,0,0,0,0,0,0,0,0,0,0,0,2,0,1,0,0,0,0,1,0,0,0,0,0,0,0,2,1,1,0,0,0,0,0,0,1,1,0,0,0,0,1,0,0,0,0,0,0,0,0,0,0,0,0,0,0,0,0,0,0,0,0,0,0,0,0,0,0,0,0,0,1,0,0,0,0,0,0,0,0,0,1,0,0,0,0,0,0,0,0,0,0,0,0,1,0,0,2,0,0,1,2,0,1,1,0,0,0,0,0,0,1,0,0,0,2,0,0,0,0,0,1,0,0,0,0,0,0,0,0,0,2,0,0,0,0,1,0,0,1,0,0,0,0,0,0,0,0,0,0,0,0,2,0,0,0,0,0,1,0,0,0,2,1,0,0,0,2,0,0,1,0,0,0,0,0,0,0,1,0,0,1,0,0,0,0,0,0,1,0,0,0,1,0,0,0,0,0,0,0,1,0,0,0,0,0,2,0,0,0,0,0,0,0,0,0,0,1,0,2,0,0,0,0,1,0,0,0,0,0,0,1,0,0,0,0,0,0,0,0,1,0,1,2,1,0,0,1,0,0,0,0,0,1,0,0,0,0,0,0,1,1,0,0,0,1,1,1,1,0,0,0,0,0,0,0,0,0,1,0,1,0,0,0,0,1,0,0,0,1,0,0,0,0,0,1,0,0,0,0,0,0,0,0,1,0,0,0,0,0,0,0,0,0,0,2,0,0,0,0,0,0,2,0,0,1,0,0,0,0,0,0,0,1,0,0,0,0,0,0,0,0,1,0,0,0,0,1,0,0,0,0,0,0,0,0,1,0,0,0,0,0,0,0,1,0,0,0,1,0,3,0,0,4,0,0,0,0,0,0,0,0,0,0,0,0,0,0,1,1,0,0,1,0,0,0,0,0,0,0,0,1,0,0,0,0,1,0,0,0,0,0,0,1,0,0,0,0,0,0,0,0,0,0,0,0,1,0,0,0,1,0,0,0,0,0,0,0,4,0,0,0,0,2,0,0,0,0,1,0,0,0,0,0,0,0,3,0,0,0,2,0,0,1,0,0,0,0,0,1,1,0,0,1,0,1,0,0,0,0,0,0,0,1,0,0,0,0,0,0,0,0,0,0,0,0,0,1,0,0,0,0,0,0,0,1,0,0,0,0,0,0,0,0,1,0,2,0,1,0,0,0,1,0,2,0,0,0,0,0,0,0,0,3,0,2,0,0,0,0,2,0,0,0,0,0,5,0,0,0,0,0,0,0,0,0,1,0,2,0,0,0,0,0,1,2,0,0,0,0,0,0,0,0,0,0,0,0,0,1,0,0,0,0,0,0,0,0,0,0,0,0,0,0,0,0,0,0,0,0,0,0,0,1,0,0,1,0,0,0,0,0,0,0,0,0,2,1,0,0,0,0,1
C19orf38,0,0,0,0,0,0,1,0,0,0,0,0,1,0,0,0,0,0,1,0,0,0,0,0,0,0,0,0,0,0,0,0,0,0,0,0,0,0,2,0,0,0,1,0,0,0,0,2,0,0,0,0,1,0,0,1,0,0,0,0,2,0,0,0,0,0,0,0,0,0,0,0,0,0,0,0,0,3,0,0,0,0,0,0,0,0,0,0,0,0,0,0,0,1,0,1,0,0,0,1,0,0,1,0,0,0,0,0,2,0,0,0,1,0,0,0,0,0,1,0,0,1,2,0,0,0,0,0,0,0,0,0,0,0,0,0,0,0,1,0,0,0,0,0,3,0,0,2,0,0,0,0,0,0,0,0,0,0,0,0,0,0,0,1,0,1,1,0,0,2,0,0,0,0,0,0,0,0,2,0,0,0,0,0,0,0,0,0,1,0,2,1,0,0,0,0,0,0,0,0,0,0,0,0,0,0,0,0,0,0,0,0,0,0,0,0,0,0,0,1,0,0,0,0,0,0,0,0,0,0,0,0,0,0,0,0,0,0,0,0,0,0,0,0,0,0,0,1,0,0,0,2,0,0,0,0,0,0,0,0,0,0,0,0,0,0,0,0,0,0,0,0,0,0,0,0,0,0,0,0,0,0,0,0,0,0,0,0,0,0,0,0,2,0,0,0,0,0,2,0,0,0,0,0,0,0,0,0,2,0,0,0,0,0,0,0,0,0,0,0,0,0,0,0,0,0,0,0,0,0,0,0,0,0,0,0,0,2,1,2,0,0,2,0,0,0,0,0,0,0,1,0,1,0,0,0,0,0,0,0,0,0,0,1,0,0,0,0,0,0,0,0,0,0,0,1,0,0,0,0,0,0,1,0,0,0,0,0,0,0,0,5,0,1,0,0,0,0,0,1,0,0,0,0,0,0,0,0,0,1,0,0,0,0,0,1,0,0,0,0,1,0,0,0,2,0,0,0,0,0,0,0,0,0,0,0,0,0,0,3,0,0,1,0,0,4,0,0,0,0,0,0,3,0,0,0,0,0,2,0,0,0,0,0,2,2,0,0,0,1,2,0,0,0,0,0,1,0,0,0,1,0,0,0,0,0,0,0,0,0,0,0,0,0,0,0,0,0,0,0,0,0,0,0,0,0,0,1,0,0,0,0,0,0,0,0,0,0,0,1,0,0,0,0,1,0,0,0,0,0,1,0,1,0,0,0,0,0,0,0,0,0,0,0,0,0,0,0,1,0,0,1,0,0,1,1,0,2,0,0,0,0,0,0,0,0,0,0,0,0,0,0,0,0,0,0,0,0,1,0,0,0,0,1,0,0,0,0,0,0,0,0,0,2,0,1,0,0,0,0,0,0,0,0,0,2,0,0,0,0,1,0,0,0,0,0,0,0,2,2,0,0,0,0,0,0,0,1,0,0,0,0,0,0,1,0,0,0,0,0,0,0,0,0,0,0,1,0,0,0,0,0,0,0,0,0,0,0,0,1,2,0,0,0,0,0,1,0,0,0,0,0,1,0,0,0,0,0,0,0,0,1,0,0,0,0,0,0,0,0,0,0,0,0,0,0,0,0,0,0,0,0,0,0,0,1,0,0,0,4,0,0,0,0,2,0,0,0,0,0,0,0,0,0,0,0,0,0,0,0,0,0,1,0,0,0,1,1,0,0,0,0,0,4,0,0,0,0,0,0,0,0,0,0,0,0,0,0,0,0,0,0,0,0,1,0,0,0,0,0,0,0,0,0,0,0,0,0,0,0,0,0,0,0,1,5,0,0,1,0,0,0,0,1,0,0,0,0,0,0,0,0,0,0,0,0,0,0,0,0,0,0,0,0,0,0,0,0,0,0,0,0,0,0,0,0,0,0,0,0,0,0,0,0,0,0,0,0,1,1,3,1,0,0,0,0,0,0,0,0,0,0,1,0,0,0,0,2,0,0,0,0,0,0,0,0,0,0,0,0,0,0,2,0,0,0,0,0,0,0,0,0,0,0,1,0,0,0,0,0,0,0,0,0,0,1,0,0,2,0,0,0,0,0,1,0,0,0,1,0,0,0,0,0,0,0,0,0,0,0,0,1,1,0,0,1,0,0,0,1,1,0,0,0,0,0,0,4,0,0,0,0,0,0,0,0,0,0,0,0,0,0,0,0,0,0,0,0,0,0,0,0,0,0,0,0,0,0,1,1,0,1,1,0,0,0,0,0,1,0,0,0,0,1,0,0,0,0,0,0,0,0,0,0,0,0,0,0,0,0,0,0,0,0,0,0,0,0,0,0,0,0,0,0,0,0,0,0,1,0,0,0,0,0,0,0,0,0,0,0,0,2,0,0,0,0,0,1,0,0,0,0,0,0,0,0,0,0,0,0,0,0,0,0,0,0,0,0,0,0,0,0,1,3,0,0,1,1,0,0,0,0,0,1,0,0,0,1,0,1,0,1,0,0,0,0,0,0,0,0,0,0,0,0,0,0,0,0,1,0,0,0,1,0,1,0,0,0,1,0,0,0,0,0,0,0,1,0,0,0,0,0,3,0,0,0,0,0,1,0,0,0,0,0,1,0,0,0,0,0,0,0,0,0,0,0,0,0,0,0,0,0,0,2,0,0,0,0,0,0,0,0,0,0,0,0,0,0,0,0,0,0,0,0,0,0,0,0,0,0,0,0,0,0,0,0,1,0,1,0,0,0,0,0,0,0,1,0,0,0,0,0,0,0,0,0,0,0,0,0,0,0,0,1,0,0,3,0,0,0,0,0,0,0,0,0,1,0,0,0,1,1,0,0,0,0,2,0,0,0,0,0,0,0,0,0,0,1,0,0,2,0,1,1,0,0,2,0,0,1,0,0,1,1,0,0,0,0,0,0,0,0,0,0,0,0,2,0,1,1,1,0,0,0,0,0,0,0,0,0,0,0,0,0,0,0,0,0,0,0,3,0,0,0,0,0,0,0,0,0,0,0,0,0,0,0,0,0,0,0,0,0,1,0,0,0,0,0,0,1,0,0,0,0,0,0,0,0,0,0,0,0,0,0,0,0,0,0,0,0,0,0,0,0,1,0,0,0,0,0,0,3,0,1,0,2,0,0,0,0,1,0,0,0,1,0,0,0,0,2,0,0,0,0,0,0,0,0,0,0,5,0,0,0,0,0,0,2,0,3,0,0,0,0,0,0,0,0,0,0,0,0,0,0,0,0,0,0,0,0,0,0,1,1,0,0,0,0,0,0,0,0,0,0,0,0,0,0,0,1,0,0,0,0,0,0,0,0,0,0,0,0,0,0,0,0,0,0,0,0,0,0,0,0,0,0,1,0,0,0,0,0,0,0,4,0,0,0,0,0,0,0,0,0,0,0,0,0,1,0,1,0,0,1,0,0,0,0,5,0,0,3,0,0,0,0,1,0,0,0,0,0,0,0,0,0,0,0,0,0,0,0,0,0,0,0,0,2,0,0,0,0,1,0,0,0
RASGRP2,0,1,0,0,1,1,1,1,0,0,0,1,0,0,0,0,0,0,0,0,2,0,0,0,0,2,0,0,1,3,1,1,3,2,0,2,0,0,0,1,0,0,0,0,1,0,0,0,0,0,0,0,0,0,0,0,0,2,1,1,1,0,0,0,0,1,2,0,0,1,0,0,0,0,0,0,0,0,0,1,0,0,0,0,0,1,1,0,0,0,0,0,2,0,3,0,0,0,0,7,0,0,0,0,0,0,0,1,0,0,0,2,1,0,3,0,0,0,0,0,0,0,1,0,0,0,0,0,0,0,0,0,0,3,0,0,0,0,0,0,0,0,1,0,0,0,1,0,2,1,0,0,0,0,1,1,0,0,0,0,0,0,0,0,1,0,0,1,0,1,1,1,2,0,0,0,0,0,0,5,2,0,0,0,0,1,0,0,0,1,0,0,1,1,0,1,0,0,0,3,0,0,0,0,0,1,1,1,0,0,0,0,0,0,1,0,0,1,0,0,0,0,0,1,2,1,3,0,1,0,0,1,1,0,0,0,1,0,0,0,0,0,1,0,0,0,0,0,1,0,1,0,0,0,0,1,0,1,1,0,0,0,0,0,0,0,1,0,3,1,1,0,2,1,1,0,2,1,0,1,0,0,1,1,1,0,1,1,1,0,1,0,0,0,0,0,0,0,0,0,0,0,1,0,0,1,0,0,0,1,1,0,0,1,0,0,0,0,0,2,0,2,0,0,0,0,0,1,0,0,0,1,0,0,0,0,1,2,0,0,0,0,0,1,1,0,1,0,0,0,2,0,4,0,0,0,1,0,1,0,0,0,0,0,2,1,0,0,0,1,0,0,0,0,0,0,1,1,0,0,0,2,0,0,0,0,1,3,0,0,2,1,0,1,1,0,1,1,0,0,0,0,1,0,0,2,0,1,2,1,1,1,0,1,0,0,1,0,1,0,0,2,3,1,1,3,1,0,0,0,0,0,0,0,1,0,1,0,1,1,0,1,2,0,0,1,1,0,2,0,0,0,0,2,0,1,0,0,0,1,1,0,2,1,1,0,1,0,0,0,0,0,0,1,1,2,0,0,0,0,0,1,1,0,0,1,0,1,0,1,1,2,0,0,0,0,2,0,0,2,0,1,0,0,0,1,2,1,0,0,0,0,0,0,0,0,0,0,1,0,2,1,0,1,0,0,0,1,0,0,0,3,0,0,0,0,2,0,3,2,2,2,0,1,0,1,0,1,1,0,2,0,0,0,0,1,1,1,0,0,0,0,1,1,0,0,0,0,0,1,1,2,0,1,0,1,0,1,0,0,0,0,3,0,0,0,2,0,0,0,0,0,1,0,0,0,1,0,1,0,0,0,0,0,0,0,0,0,1,1,1,1,1,1,2,0,0,2,1,0,0,1,0,0,1,2,0,0,1,1,0,1,1,0,0,1,0,1,0,1,0,0,1,0,0,0,0,0,0,3,0,0,0,1,0,0,2,0,0,0,1,0,0,0,0,0,0,1,1,2,1,0,1,1,1,1,0,0,0,0,1,1,1,3,0,1,0,2,0,1,0,0,0,0,2,0,0,0,2,1,0,2,4,2,0,0,0,0,0,2,0,1,0,2,0,1,1,0,0,1,1,0,0,0,1,0,0,0,0,0,1,0,1,0,1,0,1,1,0,1,1,0,0,0,0,0,0,1,0,0,1,0,0,1,1,1,0,0,0,0,0,0,0,0,0,6,0,0,0,0,1,0,0,0,0,0,0,0,0,1,1,0,0,0,0,0,0,1,1,1,0,1,0,0,2,1,0,0,1,0,0,0,0,1,0,0,0,0,0,0,1,0,0,0,0,0,0,1,0,0,0,2,1,0,0,4,0,0,2,0,0,0,1,1,0,0,0,0,0,1,0,0,2,1,1,1,0,0,3,1,0,0,0,1,0,0,1,1,1,3,1,0,0,0,0,0,0,0,0,0,0,1,2,0,1,0,0,1,0,0,0,0,0,0,2,0,3,0,0,0,0,0,0,1,0,1,1,0,0,1,2,0,0,0,0,0,0,1,2,0,0,1,0,1,1,1,0,0,1,0,0,2,0,0,0,0,0,0,0,1,0,0,2,1,0,0,2,0,0,1,4,0,0,0,0,1,0,0,1,0,0,2,0,1,0,1,0,4,5,0,1,0,1,0,0,0,0,0,1,0,0,2,1,0,0,1,0,0,1,0,1,0,0,1,0,0,1,0,0,1,2,0,1,1,0,2,0,1,1,0,0,0,1,0,1,2,2,0,0,0,1,1,0,1,1,1,0,1,0,1,0,1,0,1,0,1,1,1,0,1,3,0,2,1,0,0,0,0,2,0,0,0,0,0,0,0,0,0,0,0,0,0,1,0,0,2,1,1,0,3,0,0,0,2,0,0,1,0,0,0,0,0,2,0,0,1,1,1,0,0,0,0,2,0,0,1,0,1,1,0,0,0,0,0,0,0,0,0,0,0,0,1,0,1,0,0,0,0,0,0,0,0,3,1,1,0,0,0,0,0,1,1,1,0,0,1,2,3,0,1,0,0,0,1,0,0,0,1,0,2,0,0,1,0,0,0,0,1,2,1,0,0,0,0,0,0,0,1,0,1,0,0,0,0,0,0,0,1,0,1,1,0,0,1,2,0,0,0,0,0,0,0,0,2,2,0,0,0,0,0,0,0,0,0,2,0,0,1,4,0,0,0,0,0,0,1,1,0,0,1,0,1,0,3,0,1,0,0,0,0,2,2,0,0,1,1,0,0,2,0,0,1,1,0,0,1,0,0,1,0,0,0,0,0,0,0,1,1,1,1,1,0,0,1,0,0,2,1,0,0,1,1,1,1,2,0,1,0,0,0,1,2,0,0,0,0,0,0,0,1,1,0,0,1,0,0,2,0,1,1,0,0,0,0,0,0,0,1,0,0,1,1,1,0,0,1,0,3,0,1,0,0,1,0,4,0,0,0,0,1,0,0,0,0,1,1,0,2,0,1,2,1,0,1,0,0,0,0,5,1,0,1,0,0,0,0,0,0,0,0,2,2,0,0,0,0,2,2,0,0,0,2,0,1,0,1,0,0,0,2,0,0,1,1,1,0,0,0,2,0,0,2,0,0,0,2,0,0,1,0,1,0,4,1,1,1,0,0,0,0,0,0,0,0,0,1,0,0,0,0,2,0,0,0,0,0,0,1,1,0,0,0,0,0,0,1,1,0,0,0,1,0,1,1,0,1,0,1,3,0,0,0,1,0,0,0,0,0,0,0,0,0,4,0,0,0,0,2,1,1,1,0,1,0,0,0,0,0,1,0,0,0,0,0,0,0,1,0,0,0,0,2,1,0,0,0,0,0,0,0,0,1,0,0,0,0,1,2,0,0,1,1,0,0,0,0,0,2,0,0,0,0,1,0,0,0,0,0,0,3,0,0,0,0,0,0,0,1,0,0,2,1,0,0,0,1
CD200,0,0,0,0,0,0,0,0,0,0,0,0,0,0,0,0,0,0,0,0,0,0,0,0,0,0,0,0,0,0,0,0,0,0,0,0,0,0,0,0,0,0,0,0,0,0,0,0,0,0,0,0,0,0,0,0,0,0,0,0,0,0,0,0,0,0,0,0,0,0,0,0,0,0,0,0,0,0,0,0,0,0,0,0,0,0,0,0,0,0,0,0,0,0,0,0,0,0,0,0,0,0,0,0,0,0,0,0,0,0,0,0,0,0,0,0,0,0,0,0,0,0,0,1,0,0,0,0,0,0,0,0,0,0,0,0,0,0,0,0,0,0,0,0,0,0,0,0,0,0,0,0,0,0,0,0,0,0,0,0,0,0,0,0,0,0,0,0,0,0,0,0,0,0,0,0,0,0,0,0,0,0,0,0,0,0,0,0,0,0,0,0,0,0,0,0,0,0,0,0,0,0,0,0,0,0,0,0,0,0,0,0,0,0,0,0,0,0,0,0,0,0,1,0,0,0,1,0,0,0,0,0,0,0,0,0,0,1,0,0,0,0,0,0,0,0,0,0,0,0,0,0,0,0,0,0,0,0,0,0,0,0,0,0,0,0,0,0,0,0,0,0,0,0,0,0,0,0,0,0,0,0,0,0,0,0,0,1,0,0,0,0,0,0,0,0,0,0,0,0,0,0,0,0,0,0,0,0,0,0,0,0,0,0,0,0,0,0,0,0,0,0,0,0,0,0,0,0,2,0,0,0,0,0,0,0,0,0,0,0,0,0,0,0,0,0,0,0,0,0,0,0,0,0,0,0,0,1,0,0,0,2,0,0,0,0,0,1,0,0,0,0,0,0,0,0,0,0,0,0,0,0,0,0,0,0,0,0,0,0,1,0,0,0,0,0,0,0,0,0,0,0,0,0,0,0,0,0,0,0,0,0,0,0,0,0,0,0,0,0,0,0,0,0,0,0,0,0,0,0,0,0,0,0,0,0,0,0,0,0,0,0,0,0,0,0,0,0,0,0,0,0,0,0,0,0,0,0,0,0,0,0,0,0,0,0,0,0,0,0,0,0,0,0,0,0,0,0,1,0,0,0,0,0,0,0,0,0,0,0,0,0,0,0,0,0,0,0,0,0,0,0,0,0,0,0,0,0,0,0,0,0,0,0,0,0,0,0,0,0,0,0,0,0,0,0,1,0,0,0,0,0,0,0,0,0,0,0,0,0,0,0,0,0,0,0,0,0,0,0,0,0,0,0,0,0,1,0,0,0,0,0,0,0,0,0,0,0,0,0,0,0,0,0,0,0,0,0,0,0,0,0,0,0,0,0,1,0,0,0,0,0,0,0,0,0,0,0,0,1,0,0,0,0,0,0,0,0,0,0,0,0,0,0,0,0,0,0,0,0,0,0,0,0,0,0,0,0,0,0,0,0,0,0,0,0,0,0,0,0,0,0,0,0,0,0,0,0,0,0,0,0,0,0,1,0,0,0,0,0,0,0,0,0,0,0,0,0,0,2,0,0,0,0,0,0,0,0,0,0,0,0,0,0,0,0,0,0,0,0,0,0,0,0,0,0,0,0,1,0,0,0,0,0,0,0,0,0,0,0,0,0,0,0,0,0,0,0,0,0,0,0,0,0,0,0,0,0,0,0,0,0,0,0,0,0,0,0,0,1,0,0,0,0,0,0,1,0,0,0,0,0,0,0,0,0,0,0,0,0,0,0,0,0,0,0,0,0,0,0,0,0,0,0,0,0,0,0,0,0,0,0,0,0,0,0,0,0,0,0,0,0,0,0,0,0,0,0,0,0,0,0,0,0,0,0,0,0,2,0,0,0,0,0,0,0,0,0,0,0,0,0,0,0,0,0,0,0,0,0,0,0,0,0,0,0,0,0,0,0,0,0,0,0,0,0,0,0,0,0,0,0,0,0,0,0,0,0,0,0,0,0,0,0,0,0,0,0,0,0,0,0,0,0,0,0,0,0,0,0,0,0,0,0,0,0,0,0,0,0,0,0,0,0,0,0,0,0,0,0,0,0,0,0,0,0,0,0,0,0,0,0,0,0,0,0,0,0,0,0,0,0,0,0,0,0,0,0,0,0,0,0,0,0,1,0,0,0,0,0,0,0,0,1,0,0,0,0,0,0,0,0,0,0,0,0,0,0,0,0,0,0,0,0,0,0,0,0,0,0,0,0,0,0,0,0,0,0,0,0,0,0,0,0,0,0,0,0,0,0,0,0,0,0,0,0,0,0,2,0,0,0,0,0,0,0,0,0,0,0,0,0,0,0,0,0,0,1,0,0,0,0,0,0,0,0,0,0,0,0,0,1,0,0,0,0,0,0,0,0,0,0,0,0,0,0,0,0,0,0,0,0,0,0,0,0,0,0,0,0,0,0,0,0,0,0,0,0,0,0,0,0,0,0,0,0,0,0,0,0,0,0,0,0,0,0,0,0,0,0,0,0,0,0,0,0,0,0,0,0,0,0,0,0,0,0,0,0,1,0,0,1,1,0,0,0,0,0,0,0,0,0,0,0,0,0,0,0,0,0,0,0,0,0,0,0,0,0,0,0,0,0,0,0,0,0,0,0,0,0,0,0,0,0,2,0,0,0,0,0,0,0,0,0,0,0,0,0,0,0,3,0,0,0,0,0,0,0,2,0,0,0,0,0,0,0,0,0,0,0,0,0,0,0,0,0,0,0,0,0,0,0,0,0,0,0,0,0,0,0,1,0,0,0,0,0,0,0,0,0,0,0,0,0,0,3,0,0,0,0,0,0,0,0,0,0,0,0,0,0,0,0,0,0,0,0,0,0,0,0,0,0,0,0,0,0,0,0,0,0,0,0,0,0,0,0,0,0,0,0,0,0,0,0,0,0,0,0,0,0,0,0,0,0,0,0,0,0,0,0,1,0,0,0,0,0,0,0,0,0,0,0,0,0,0,0,0,0,0,0,0,0,0,0,0,0,0,0,0,0,0,0,0,0,0,0,0,0,0,0,0,0,0,0,0,0,0,0,0,0,0,0,0,0,0,0,0,0,0,0,0,0,0,1,0,0,0,0,0,0,0,0,0,0,0,0,0,0,0,0,0,0,0,0,0,0,0,0,0,0,0,0,0,0,0,0,0,0,0,0,0,0,0,0,0,0,0,0,0,0,0,0,0,0,0,0,0,0,0,0,0,0,0,0,0,0,0,0,0,0,0,0,0,0,0,0,0,0,0,0,0,0,0,0,0,0,0,0,0,0,0,0,0,0,0,0,0,0,0,0,0,0,0,0,1,0,0,0,0,0,0,0,0,1,0,0,0,0,0,0,0,0,1,0,0,0,0,0,0,0,0,0,0,0,0,0,0,0,0,0,0,0,0,0,0,0,0,0,0,0,0,0,0,0,0,0,0,0,0,0,0,0,0,0,0,0,0,0,0,0,0,0,0,0,0,0,0,0,0,0,0,0,0,0,0,0
PNOC,0,0,1,0,0,0,0,0,0,0,0,0,0,0,0,0,0,0,0,0,0,0,0,0,0,0,0,0,0,0,0,0,0,0,0,0,0,0,0,0,0,0,0,0,0,1,0,0,0,0,0,0,0,0,0,0,0,0,0,0,0,0,0,0,0,0,0,0,0,0,0,0,0,0,0,0,0,0,0,0,0,0,0,0,0,0,0,0,0,0,0,0,0,0,0,0,0,0,0,1,0,0,0,0,0,0,0,0,0,0,0,0,0,0,0,0,0,0,0,0,0,0,0,1,0,0,0,0,0,0,0,0,0,1,0,0,0,0,0,0,0,0,0,0,0,0,0,0,0,0,0,0,0,0,0,0,0,0,0,0,0,0,0,0,0,0,0,0,0,0,0,0,0,0,0,0,0,0,0,0,0,0,0,1,0,0,0,0,0,0,0,0,0,0,0,0,0,0,0,0,0,0,0,0,0,0,0,0,1,0,0,0,0,0,0,0,0,0,3,0,0,0,1,0,0,0,0,0,0,0,0,0,0,0,0,0,0,0,0,2,0,0,0,0,0,1,0,0,0,0,0,0,1,0,0,0,0,0,0,0,0,0,0,0,0,0,0,0,0,0,0,0,0,0,0,0,1,0,0,0,0,0,0,0,0,0,0,0,0,0,0,0,0,0,0,0,0,0,0,0,0,0,0,0,0,0,0,0,0,0,0,0,0,0,0,1,0,0,0,0,0,0,0,0,0,0,1,0,2,0,0,0,0,0,0,0,0,0,0,0,0,0,0,0,0,0,0,0,0,0,0,0,1,0,0,0,0,0,0,0,0,0,0,0,0,0,0,0,0,0,0,0,0,0,0,0,0,0,0,0,0,0,0,0,0,0,0,1,0,0,0,0,0,0,0,0,2,0,0,0,0,0,0,0,0,0,0,0,0,1,0,0,0,0,0,0,0,0,0,0,0,0,0,0,0,0,0,0,0,0,0,0,0,0,0,0,0,0,0,0,0,0,0,0,0,0,0,0,0,0,0,0,0,0,0,0,0,0,0,1,0,0,0,0,0,0,0,0,0,0,0,0,0,0,0,0,0,0,0,0,0,0,0,0,0,0,0,0,0,0,0,0,0,0,0,0,0,0,1,0,0,0,0,0,0,0,0,0,0,0,0,0,0,0,0,0,0,0,0,0,0,0,0,0,0,0,0,0,0,0,0,1,0,0,0,0,0,0,0,0,0,0,0,0,0,0,0,0,0,0,0,0,0,0,0,0,0,0,0,0,0,0,0,0,0,0,0,0,0,0,0,0,0,0,0,1,0,0,0,0,0,0,0,0,0,0,0,0,1,0,0,0,0,0,0,0,0,0,0,0,0,0,0,0,0,0,0,0,0,0,0,0,0,0,0,0,0,0,0,0,0,0,0,0,0,0,0,0,0,0,0,0,0,0,0,0,0,0,0,0,0,0,0,0,0,1,0,0,0,0,0,0,0,0,0,0,0,0,1,0,0,0,0,0,0,0,0,0,0,0,0,0,0,0,0,0,0,0,0,0,0,0,0,0,0,0,0,0,0,0,0,0,0,0,0,0,0,0,0,0,0,0,0,0,0,0,0,0,0,0,1,0,0,0,0,0,0,0,0,0,0,0,0,0,0,0,1,0,0,0,0,0,0,0,1,0,0,0,0,0,0,0,0,0,0,0,0,0,0,0,0,0,0,0,0,0,0,0,0,0,0,0,1,0,0,1,0,0,0,0,0,0,0,0,0,0,0,0,0,0,0,0,0,0,0,0,0,0,0,0,1,0,0,0,0,0,0,0,0,0,0,0,0,0,0,0,0,0,0,0,0,0,0,0,0,0,0,0,0,0,0,0,0,1,0,0,0,0,0,0,0,0,0,0,0,0,0,0,0,0,0,0,0,0,0,3,0,0,0,0,0,0,0,0,0,0,0,0,0,2,0,0,0,0,0,0,0,0,0,0,0,0,0,0,0,0,0,0,0,0,0,1,0,0,0,0,2,0,0,1,0,0,0,0,0,0,0,0,0,0,0,0,0,0,0,0,0,1,0,0,0,0,0,0,0,0,0,0,0,0,0,0,0,0,0,0,0,0,0,0,0,0,0,0,0,0,0,0,0,0,0,0,0,0,0,0,0,0,0,0,0,0,0,0,0,0,0,0,1,0,0,0,0,0,0,0,0,0,0,0,0,0,0,0,0,0,0,0,0,0,0,0,0,0,0,0,0,0,0,0,0,0,0,0,0,0,0,0,1,0,0,0,0,0,0,0,0,0,0,0,0,0,0,0,0,0,4,0,0,0,1,2,0,0,0,0,0,0,0,0,0,0,0,0,0,0,0,0,0,0,0,0,0,0,0,0,0,0,0,0,0,0,0,0,0,0,0,0,0,0,0,0,0,0,0,0,0,0,0,0,0,0,0,0,0,0,0,0,0,0,0,0,0,0,0,0,0,0,1,0,0,0,0,0,0,0,0,0,0,0,0,0,0,0,0,0,0,0,0,0,0,0,1,0,0,0,0,0,0,0,0,0,0,0,0,0,0,0,0,3,0,0,0,0,0,0,0,0,0,0,0,0,0,0,0,0,0,0,0,0,0,0,0,0,2,0,0,1,0,0,0,0,0,0,0,0,0,0,0,0,0,0,0,0,0,0,0,0,0,0,0,0,0,0,0,0,0,0,0,1,0,0,0,0,0,0,0,0,1,0,0,0,0,0,0,0,0,0,0,0,0,0,0,0,0,0,0,0,0,0,0,0,0,0,0,0,0,0,0,0,0,0,0,0,0,0,0,0,0,0,0,0,0,0,0,1,0,1,1,0,0,0,0,0,0,0,0,0,0,0,0,0,0,0,0,1,0,0,0,0,0,0,0,0,0,0,0,0,0,0,0,0,0,0,0,0,0,0,0,0,1,0,0,0,0,0,0,0,0,0,0,0,0,0,0,0,0,0,0,0,0,0,0,0,0,0,1,0,0,1,0,0,0,0,0,0,0,0,0,0,0,0,0,0,0,0,0,0,0,1,0,0,0,0,0,1,0,0,0,0,0,0,0,0,0,0,0,0,0,0,0,0,0,0,0,0,0,0,0,0,0,0,0,0,0,0,1,0,0,0,0,0,0,0,0,1,0,0,0,0,0,0,0,0,0,0,0,0,0,0,0,0,0,0,0,0,0,0,0,0,0,0,0,0,0,0,0,0,0,0,0,0,0,0,0,0,0,0,0,0,0,0,0,0,0,0,0,0,0,0,0,0,0,0,0,0,0,0,0,0,0,0,0,0,0,0,0,0,0,0,0,0,0,0,0,0,1,0,0,0,0,0,0,0,0,0,0,0,0,0,0,0,0,0,0,0,0,0,0,0,0,0,0,0,0,0,0,0,0,0,0,0,0,0,0,0,0,0,0,0,0,0,0,0,0,0,0,0,0,0,0,0,0,0,0,0,0,0,0,0,0,0,0,0,0,0
RPL36,28,3,13,2,12,10,16,32,10,8,14,14,18,15,16,23,15,8,24,23,14,24,11,16,15,8,21,16,16,33,24,24,33,11,2,4,21,22,23,14,27,17,23,24,8,21,23,9,23,17,11,21,10,8,26,10,4,24,21,11,31,27,22,8,19,17,22,1,19,26,7,61,16,4,7,9,5,22,8,10,11,15,4,9,9,22,14,19,8,13,14,19,11,10,20,23,2,12,8,29,14,16,10,19,15,13,16,2,15,18,13,28,5,23,15,43,13,27,7,12,13,4,15,3,36,14,5,8,17,17,7,11,7,6,14,11,12,25,5,13,22,12,19,23,49,2,14,24,43,2,27,2,11,21,4,24,10,16,7,3,7,17,14,11,3,18,22,24,11,31,29,4,45,17,14,8,16,14,15,22,7,11,24,15,9,29,29,16,16,15,33,29,16,36,21,17,19,3,1,33,7,6,16,16,19,7,11,25,19,9,15,10,7,5,5,3,25,12,17,16,13,17,11,8,43,7,14,12,22,16,27,17,15,35,9,14,8,13,23,9,14,10,19,5,14,8,10,13,19,8,17,9,10,9,13,28,16,28,10,8,8,6,14,28,18,14,11,6,33,18,2,30,6,13,14,9,6,22,27,19,5,6,35,27,24,22,18,11,12,16,19,22,7,11,11,8,6,18,13,6,18,21,10,17,14,7,21,4,12,26,22,6,9,24,15,12,16,41,18,11,10,4,19,3,10,3,13,55,15,24,23,10,21,3,10,6,17,8,31,15,22,18,6,26,23,25,8,12,12,9,5,16,33,22,4,5,11,37,28,7,11,15,14,8,2,16,68,12,16,24,5,9,5,10,7,41,25,29,19,26,6,3,26,15,16,9,28,27,10,5,20,38,12,20,28,12,24,15,7,12,4,28,9,24,5,39,12,10,26,16,22,25,7,26,21,37,15,13,16,26,25,39,21,3,11,15,12,13,14,17,5,22,20,13,14,18,10,7,16,26,9,37,24,16,23,48,3,19,12,7,10,24,8,9,26,29,5,21,22,16,11,19,15,6,33,14,20,18,4,3,9,4,5,24,19,13,4,12,15,4,11,14,2,18,15,38,13,32,17,6,20,21,14,17,13,5,15,17,5,5,3,8,13,7,16,29,13,37,18,11,1,4,21,7,8,16,6,6,8,8,21,24,27,9,14,8,21,12,9,37,12,51,15,7,35,9,4,39,14,26,87,19,23,3,23,23,20,21,25,21,45,46,3,6,15,17,15,12,11,14,14,32,17,9,19,18,10,20,23,4,25,6,24,15,23,9,10,19,5,10,13,6,14,9,10,26,17,5,13,1,15,15,6,15,28,26,29,5,11,16,15,19,4,10,31,32,12,17,13,11,21,17,8,21,48,22,11,12,11,19,26,27,14,8,4,4,16,12,19,25,16,27,15,3,2,9,9,21,27,19,13,3,22,16,15,12,22,11,18,5,7,15,9,7,9,14,9,17,6,11,20,17,19,4,23,7,10,11,27,16,18,16,10,15,25,24,3,11,24,16,1,37,20,14,4,35,16,26,3,11,14,16,17,9,21,17,10,18,16,9,6,11,11,6,8,12,22,13,10,64,14,16,13,25,11,29,12,17,12,22,23,11,15,29,5,17,13,18,7,13,12,15,13,18,15,24,14,30,9,11,6,14,12,8,22,2,21,17,13,11,13,18,16,20,8,15,18,9,17,25,12,5,13,27,7,16,22,8,22,17,15,26,15,15,2,4,14,8,6,29,13,8,18,24,11,20,1,19,46,19,13,21,9,10,24,16,10,21,9,17,36,9,5,6,22,29,11,10,14,22,21,7,18,11,11,13,17,7,9,2,5,5,36,19,9,30,15,8,8,4,39,5,16,6,13,11,15,29,15,44,3,17,14,11,20,43,11,45,2,26,11,4,6,21,15,5,5,11,23,15,30,25,31,13,18,15,26,6,9,8,28,5,21,11,18,8,1,21,8,23,9,12,13,21,12,15,24,7,15,19,26,7,3,6,8,15,33,13,23,13,11,22,17,22,17,6,4,18,24,8,11,2,14,15,11,14,13,12,25,17,3,24,6,16,15,6,8,24,5,41,7,23,15,8,13,11,13,24,20,5,13,29,20,21,22,29,15,3,21,19,1,21,13,19,13,10,28,13,18,9,17,9,10,2,5,13,17,10,40,3,30,45,7,15,23,25,23,12,9,18,10,7,19,44,14,15,14,15,11,18,22,35,10,10,3,8,8,12,7,25,12,8,36,16,19,8,15,23,1,21,29,10,4,21,16,14,17,11,18,20,15,13,7,28,10,17,20,7,18,21,22,48,13,29,9,21,24,30,8,13,27,11,15,9,19,14,14,7,20,16,28,4,25,16,18,18,13,4,23,20,27,19,15,24,2,17,9,10,11,8,13,31,4,4,14,17,21,21,4,16,11,3,18,20,5,7,3,30,20,16,11,27,13,26,20,7,9,14,3,14,23,11,18,7,8,14,14,23,10,14,16,22,14,24,19,11,8,11,17,30,22,4,14,10,11,20,5,14,4,21,6,3,20,10,5,13,7,29,15,19,14,11,21,2,18,11,7,10,16,8,8,18,7,30,15,3,19,8,18,12,31,26,16,10,17,18,21,15,12,6,37,14,13,29,6,2,6,15,14,42,24,22,16,15,14,23,11,13,10,11,14,32,11,12,20,26,12,7,12,22,3,13,22,30,12,10,6,21,26,10,8,19,3,13,16,17,13,4,15,15,17,25,18,15,17,37,7,9,35,26,8,17,10,5,10,18,26,22,22,15,11,28,23,20,36,10,14,36,14,14,12,29,8,11,12,23,15,12,21,12,24,16,33,15,6,13,9,3,13,18,9,13,10,21,10,17,26,6,14,10,17,22,18,28,15,7,17,26,8,10,14,19,24,11,1,20,5,15,14,10,18,10,15,7,12,16,9,18,21,12,21,10,35,3,30,12,18,22,9,31,17,15,3,19,18,18,10,32,11,21,12,12,15,11,3,28,22,5,47,19,9,17,27,4,17,20,9,18,18,11,14,43,18,13,8,18,19,2,9,8,16,9,11,10,8,25,18,23,6,42,3,5,22,29,32,26,14,15,10,18,6,34,6,17,13,11,23,23,32,14,38,15,13,15,32,8,16,13,26,49,15,17,5,17,11,7,2,17,10,7,18,11,16,8,7,9,15,29,15,13,14,2,22,16,17,16,22,24,7,14,29,14,15,19,28,14,10,21,16,13,24,39,7,13,4,15,13,20,1,8,16,29,38,6,10,11,17,18,15,19,19,6,11,22,13,7,16,7,23,14,16,9,13,15,46,15,15,23,17,17,9,12,7,10,38,14,19,9,10,12,7,18,12,13,17,4,21,32,23,25,7,18,3,23,8,19,7,5,9,9,11,13,23,17,26,18,21,24,14,15,23,4,16,14,15,15,1,33,18,17,5,54,22,7,13,16
NA..30,0,0,0,0,0,0,0,0,0,0,0,0,0,0,0,0,0,0,0,0,0,0,0,0,0,0,0,0,0,0,0,0,0,0,0,0,0,0,0,1,0,0,0,0,0,0,0,0,0,0,0,0,0,0,0,0,0,0,0,0,0,0,0,0,0,0,0,0,0,0,0,0,0,0,0,0,0,0,0,0,0,0,0,0,0,0,0,0,0,0,0,0,0,0,0,0,0,1,0,0,0,0,0,0,0,0,0,0,0,0,0,0,0,0,0,0,0,0,0,0,0,0,0,0,0,0,0,0,0,0,0,0,0,1,0,0,0,0,0,0,0,0,0,0,0,0,0,0,0,0,0,0,0,0,0,0,0,0,0,0,0,0,0,0,0,0,0,0,0,0,0,0,0,0,0,0,0,0,0,0,0,0,0,0,0,0,0,0,0,0,0,0,0,0,0,0,0,0,0,0,0,0,0,0,0,0,0,0,0,0,0,0,0,0,0,0,0,0,0,0,0,1,0,0,0,0,0,0,0,0,0,0,0,0,0,0,0,0,0,0,0,0,0,0,0,0,0,0,0,0,0,0,0,0,0,0,0,0,0,0,0,0,0,0,0,0,0,0,0,0,0,0,0,0,0,0,3,0,0,0,0,0,0,0,0,0,0,0,0,0,0,0,0,0,0,0,0,0,0,0,0,0,0,0,0,0,0,0,0,0,0,0,0,0,0,0,0,0,0,0,0,0,0,0,0,0,0,0,0,0,0,0,0,0,0,0,0,0,0,0,0,0,0,0,0,0,0,0,0,0,0,0,0,0,0,0,0,0,0,0,0,0,0,0,0,0,0,0,0,0,0,0,0,0,0,0,0,0,0,0,0,0,0,0,0,0,0,0,0,0,0,0,0,0,0,0,0,0,0,0,0,0,0,0,0,0,0,0,0,0,0,0,0,0,0,0,0,0,0,0,0,0,0,0,0,0,0,0,0,0,0,0,0,0,0,0,0,0,0,0,0,0,0,0,0,0,0,0,0,0,0,0,0,0,0,0,0,0,0,0,2,0,0,0,0,0,0,0,0,0,0,0,0,0,0,0,0,0,0,0,0,0,0,0,0,0,0,0,0,0,0,0,0,0,0,0,0,0,0,0,0,0,0,0,0,0,0,0,0,0,0,0,0,0,0,0,0,0,0,0,0,0,0,0,0,0,0,0,0,0,0,0,0,0,0,0,0,0,0,0,0,0,0,0,0,0,0,0,0,0,0,0,0,0,0,0,0,0,0,0,0,0,0,0,0,0,0,0,0,0,0,0,0,0,0,0,0,0,0,0,1,0,0,0,0,0,0,0,1,0,0,0,0,0,0,0,0,0,0,0,0,0,0,0,0,0,0,0,0,0,0,0,0,0,0,0,0,0,0,0,0,0,0,0,0,0,0,0,0,0,0,0,0,0,0,0,0,0,0,0,0,0,0,0,0,0,0,0,0,0,0,0,0,0,1,0,1,0,2,0,0,1,0,0,0,0,0,0,0,0,0,0,0,0,0,0,0,0,0,0,0,0,0,0,0,0,0,0,0,0,0,0,0,0,0,0,0,0,0,0,0,0,0,0,0,0,0,0,0,0,0,0,0,0,0,0,0,0,0,0,0,0,0,0,0,0,0,0,0,0,0,0,0,0,0,0,0,0,0,0,3,0,0,0,0,0,0,0,0,0,0,0,0,0,0,0,0,0,0,0,0,0,0,0,0,1,0,0,0,0,0,0,0,0,0,0,0,0,0,0,0,0,0,0,0,0,0,0,0,0,0,0,0,0,0,0,0,0,0,0,0,0,0,0,0,0,0,0,0,0,0,0,0,0,0,0,0,0,0,0,0,0,0,0,0,0,0,0,0,0,0,0,0,0,0,0,0,0,0,0,0,0,0,0,0,0,0,0,0,0,0,0,0,0,0,0,0,0,0,1,0,0,0,0,0,0,0,0,0,0,0,0,0,0,0,0,0,0,1,0,0,0,0,0,0,0,1,0,0,0,0,0,0,0,0,0,0,0,0,0,0,0,0,0,0,0,0,0,0,0,0,0,0,0,0,0,0,0,0,0,0,0,0,0,0,0,0,0,0,0,0,0,0,1,0,0,0,0,0,0,0,0,0,0,0,0,0,0,0,0,0,0,0,0,0,0,0,0,0,0,0,0,0,0,0,0,0,0,0,0,0,0,0,0,0,0,0,0,0,0,0,0,0,0,0,0,0,0,0,0,0,0,0,0,0,0,0,0,1,0,0,0,0,0,0,0,0,0,0,0,0,0,0,0,0,0,1,0,0,0,0,0,0,0,0,0,0,0,0,0,0,0,0,0,0,0,0,0,0,0,0,0,0,0,0,0,0,0,0,0,0,0,0,0,0,0,0,0,0,0,0,0,0,0,0,0,0,0,0,0,0,0,0,0,0,0,0,0,0,0,0,0,0,0,0,0,0,0,1,0,0,0,0,0,0,0,0,0,0,0,0,0,0,0,0,0,0,0,0,0,0,0,0,0,0,0,0,0,0,0,0,0,0,0,1,0,0,0,0,0,0,0,0,0,0,0,0,6,0,0,0,0,0,0,0,2,0,0,0,0,0,0,0,0,0,0,0,0,0,0,0,0,0,0,0,0,0,0,0,0,0,0,0,6,0,0,0,0,0,0,0,0,0,0,0,0,0,0,0,0,0,0,0,0,0,0,0,0,0,0,0,0,0,0,0,0,0,0,0,0,0,0,0,0,0,0,0,0,0,0,0,0,0,0,0,0,0,0,0,0,0,0,0,0,0,0,0,0,0,0,0,0,0,0,0,0,1,0,0,0,0,0,0,0,0,0,0,0,0,0,0,0,0,0,0,1,0,0,0,0,0,0,0,0,0,0,0,0,0,0,0,0,0,0,0,0,0,0,2,0,0,0,0,0,0,0,0,0,0,0,0,0,0,0,0,0,0,0,0,0,0,0,0,0,0,0,0,0,0,0,0,0,0,0,0,0,0,0,0,0,0,0,0,0,0,0,0,0,0,0,0,0,0,0,0,0,0,0,0,0,0,0,0,0,0,0,0,0,0,0,0,0,0,0,0,0,0,0,0,0,0,0,0,0,0,0,0,0,0,0,0,0,0,0,0,0,0,0,0,0,0,0,0,0,0,0,0,0,0,0,0,0,0,0,0,0,0,0,0,0,0,0,0,0,0,0,0,0,0,0,0,0,0,0,0,0,0,0,0,0,0,0,0,0,0,0,0,0,0,0,0,0,0,0,0,0,0,0,0,0,0,0,0,0,0,0,0,0,0,0,0,0,0,0,0,0,0,0,0,0,0,0,0,0,0,0,0,0,0,0,0,0,0,0,0,0,0,0,0,0,0,0,0,0,0,0,0,0,0,0,0,0,0,0,0,0,0,0,0,0,0,0,0,0,0,0,0,0,0,0,0,0,0,0,0,0,0,1,0,0,0,0,0,0,0,0
CXCR3,0,0,1,0,0,0,0,0,0,0,1,1,0,0,0,0,0,0,0,0,0,0,0,0,0,1,0,0,0,0,0,0,0,2,0,0,0,0,0,0,0,0,0,0,1,0,0,0,0,0,0,0,0,2,0,0,0,0,0,0,0,0,1,0,0,0,0,0,0,0,0,0,0,0,0,0,0,0,0,0,0,0,0,0,0,0,0,0,0,0,0,0,0,0,0,0,0,0,0,0,0,0,0,0,0,0,0,0,0,0,0,0,0,0,0,0,1,0,0,0,0,0,0,0,0,0,2,0,0,0,1,0,0,0,0,0,0,0,0,0,0,0,0,0,0,0,0,0,3,0,0,0,0,0,1,0,1,1,1,0,0,0,0,0,0,2,0,0,0,0,0,0,1,0,0,0,0,0,0,0,0,0,0,0,0,0,0,0,0,0,0,0,0,0,0,0,0,0,0,0,0,0,0,0,0,0,0,0,1,0,0,1,0,0,0,0,0,0,1,0,0,0,0,0,3,0,0,0,0,0,0,0,0,0,0,1,0,0,0,0,0,0,0,0,0,0,0,0,0,0,0,0,0,0,0,0,0,0,0,0,0,0,0,0,0,0,0,0,1,0,0,0,0,0,0,0,0,0,0,0,0,0,0,0,0,0,0,0,0,0,0,0,0,0,1,0,0,0,0,0,0,0,0,0,0,0,0,0,0,0,0,0,0,1,1,0,0,0,0,0,1,0,0,0,0,0,0,0,0,0,0,0,0,0,0,0,0,0,0,0,0,0,0,0,0,0,0,0,0,0,0,0,0,0,0,0,0,0,0,0,0,0,0,0,0,0,0,0,0,0,0,0,0,0,0,0,0,0,0,0,0,0,0,0,0,0,0,0,0,0,0,0,2,0,0,0,2,0,0,0,0,0,0,0,0,0,0,0,0,0,1,1,0,0,0,0,0,0,0,0,0,0,2,0,0,0,0,0,0,0,0,0,0,2,0,0,0,0,0,0,0,0,0,0,1,0,1,0,0,0,1,0,0,0,0,0,2,0,0,0,1,0,0,0,0,0,0,0,0,0,0,0,0,0,0,0,0,1,0,0,0,0,0,0,0,0,1,0,0,0,0,0,0,0,0,0,0,0,0,0,0,0,0,0,1,0,0,0,0,0,0,0,0,0,0,1,0,0,0,0,0,0,0,0,0,0,0,0,0,0,0,0,0,0,0,0,1,2,0,0,0,0,0,0,0,0,0,0,0,0,1,0,0,0,0,0,0,0,0,0,0,0,0,0,0,0,0,0,0,0,0,0,0,0,0,0,0,0,0,0,0,0,0,0,0,0,0,0,0,0,0,0,0,0,0,0,0,0,0,0,0,0,0,0,0,0,0,2,0,0,0,0,0,0,2,0,0,5,0,0,0,1,0,1,1,0,0,0,0,0,0,0,0,1,0,0,0,0,0,0,0,0,0,0,1,0,3,0,0,0,0,0,0,0,0,0,0,0,0,0,0,0,0,0,0,0,0,0,0,0,0,0,0,0,0,0,0,0,0,0,0,0,0,0,0,0,0,0,0,1,0,0,1,0,0,0,0,0,0,0,1,0,1,0,0,0,0,0,1,0,0,0,0,0,0,0,0,1,0,0,0,0,0,0,0,1,0,0,1,0,0,0,0,0,1,0,0,0,0,0,0,0,0,0,0,1,0,0,1,0,1,0,0,0,0,0,0,0,2,0,0,0,0,0,0,0,0,0,0,0,0,0,0,1,0,0,0,0,0,0,0,0,0,0,0,0,0,0,0,0,1,0,0,0,0,0,0,0,0,0,0,0,0,0,0,0,0,0,0,0,0,0,1,0,0,0,0,0,0,0,0,0,0,0,0,0,0,0,0,0,0,0,0,0,1,0,0,0,0,0,0,0,0,0,0,0,0,0,0,0,2,0,0,0,0,0,0,0,0,0,0,0,0,0,0,2,0,0,1,0,0,0,0,1,0,0,0,0,0,0,0,0,0,0,0,0,0,0,0,1,0,0,1,0,0,0,0,0,0,0,0,0,0,0,0,0,0,0,0,0,0,0,0,0,0,1,0,0,0,0,0,0,0,0,1,0,0,0,0,0,0,0,1,0,0,0,0,0,1,0,0,0,0,0,0,0,0,0,0,0,0,0,0,0,0,0,0,0,0,0,3,0,0,0,0,0,0,0,0,0,0,0,0,0,0,0,0,2,0,0,1,0,0,0,0,0,0,0,0,0,0,0,0,1,0,2,0,2,0,0,0,0,0,0,0,0,1,0,0,0,0,0,0,0,0,0,0,0,0,0,0,0,0,0,0,0,0,0,0,0,0,4,0,0,0,0,0,0,0,1,1,0,0,0,0,0,0,0,0,0,0,0,0,0,0,0,0,0,1,0,0,0,0,0,0,0,0,0,0,0,0,0,0,0,0,3,0,0,0,0,0,0,0,0,0,0,0,0,0,0,0,0,0,0,0,0,0,0,0,1,0,0,0,0,0,0,0,0,0,0,0,0,0,0,0,0,0,0,1,0,0,1,0,0,0,0,0,0,0,0,0,0,0,0,0,2,0,0,0,0,0,0,0,0,0,0,0,0,1,0,0,0,1,0,0,0,0,0,0,0,0,0,2,0,0,0,0,0,0,0,0,3,1,0,0,0,0,0,0,0,0,0,0,0,0,0,0,0,0,0,0,0,0,0,0,0,0,0,0,0,0,0,0,0,0,1,0,0,0,0,0,0,0,0,0,0,0,0,0,1,0,0,0,0,0,0,0,0,0,0,0,0,0,0,0,5,0,0,0,0,0,0,0,0,0,0,0,0,0,0,0,0,0,0,0,0,0,0,0,0,0,0,0,0,1,0,0,1,0,0,0,0,0,0,0,0,0,0,0,0,0,0,1,4,0,0,0,0,0,0,0,0,0,0,0,0,0,0,0,0,0,0,0,0,0,0,0,0,0,0,0,0,0,0,0,2,0,0,0,0,0,0,0,0,1,0,0,0,0,0,0,0,0,0,0,0,0,1,0,0,0,0,0,0,0,0,0,0,0,0,0,3,0,0,0,0,0,0,0,1,0,0,0,0,0,0,1,1,0,0,0,0,1,0,0,0,0,0,0,0,0,1,0,0,0,0,0,0,0,0,0,1,0,0,0,0,0,0,0,0,0,0,0,0,0,0,0,0,0,1,0,0,1,0,0,0,0,0,1,1,0,0,0,0,0,0,0,0,0,0,0,1,0,0,0,0,0,0,0,0,0,0,0,0,0,0,0,0,0,0,1,0,0,0,1,0,0,0,0,2,0,0,0,0,0,0,0,0,0,0,0,0,0,0,0,0,0,1,1,0,0,0,0,1,0,0,0,0,0,2,0,0,0,0,0,0,0,0,0,0,0,0,0,0,0,0,0,0,0,0,0,0,0,0,0,1,0,0,0,0,0,0,0,0,0,0,0,0,0,1,0,0,0,1,0,0
EZR,0,1,0,0,2,3,1,1,0,0,1,0,1,1,0,1,0,1,0,0,0,1,0,0,0,0,0,1,0,1,0,0,1,2,0,0,0,0,0,0,0,0,0,0,0,1,2,0,0,0,0,0,0,0,2,0,0,1,1,0,1,1,0,0,0,0,1,0,0,1,1,0,1,0,0,0,0,0,0,1,0,0,0,1,0,0,0,2,1,0,1,0,0,1,2,1,0,2,0,6,0,1,0,0,0,0,0,0,1,0,0,1,0,0,0,0,0,3,1,0,0,0,0,1,0,0,1,0,0,0,0,0,0,1,1,0,1,0,0,1,0,0,0,1,1,1,0,0,1,1,0,0,0,0,0,1,0,0,0,0,0,0,2,0,0,0,0,0,0,5,0,0,1,0,0,0,1,0,0,0,0,0,1,2,0,2,0,0,1,0,1,1,2,0,0,1,1,0,0,1,0,1,0,1,0,2,1,0,0,0,1,0,0,0,0,1,0,0,1,0,0,0,0,1,1,0,0,0,0,0,0,1,0,0,0,0,0,1,1,1,1,0,3,0,1,0,0,0,0,0,0,0,2,0,0,2,1,0,1,2,0,2,1,0,0,1,0,0,1,0,0,2,0,1,0,0,0,1,0,0,0,1,0,2,0,0,0,0,0,0,0,1,0,0,0,1,0,0,0,1,0,0,1,0,0,0,1,0,1,1,0,0,1,1,0,1,0,1,0,0,0,0,0,0,0,0,0,0,0,0,0,1,0,0,2,0,0,0,0,0,1,0,0,0,0,0,0,0,1,0,0,0,1,0,0,0,1,0,2,1,1,0,0,0,1,0,2,0,1,0,0,0,0,0,2,1,0,0,0,2,0,1,1,1,1,0,2,2,1,0,0,1,0,2,2,0,2,1,0,0,0,0,0,2,0,0,0,1,1,0,0,1,0,0,0,0,0,0,1,0,0,0,1,0,0,0,0,0,0,2,0,0,0,0,0,0,0,1,0,1,0,0,0,1,0,1,0,0,2,1,0,0,0,1,2,0,1,0,0,0,0,1,1,0,1,1,0,0,0,0,0,0,1,0,0,0,1,1,0,0,0,1,0,1,0,1,2,1,2,0,1,1,0,0,0,0,1,1,1,0,0,0,0,0,0,0,2,0,2,0,0,0,0,0,0,0,3,0,0,0,2,0,3,2,0,2,0,0,0,0,2,1,1,0,0,0,0,5,0,0,0,3,0,1,0,0,0,1,1,0,1,3,0,0,0,3,3,0,0,2,1,0,2,0,1,0,1,0,1,0,0,0,0,1,0,1,0,0,1,0,2,0,0,0,0,0,0,0,1,0,0,1,0,1,0,0,0,1,1,0,1,0,0,1,1,1,0,0,0,0,0,2,0,1,0,0,0,0,0,1,0,3,1,0,1,0,0,1,0,0,1,0,0,0,0,0,0,1,0,0,0,0,1,0,1,1,1,1,0,0,0,1,0,0,1,0,1,0,0,1,1,1,1,0,1,1,0,0,0,0,0,0,0,0,2,1,0,0,2,0,0,0,0,0,0,0,0,0,0,0,0,0,0,1,0,1,1,0,1,1,0,0,0,1,0,0,0,0,1,2,1,0,0,1,0,1,0,1,0,0,0,1,0,1,0,0,0,0,0,1,0,0,0,0,0,1,0,1,2,0,0,1,1,0,0,1,0,0,0,0,1,0,0,0,0,0,0,1,0,0,0,0,0,0,0,0,1,0,0,0,1,0,0,0,0,0,0,0,0,0,1,1,0,0,0,3,0,0,0,0,0,1,0,0,0,0,0,0,0,0,1,1,0,1,1,0,0,0,0,1,1,0,1,0,0,0,1,0,0,1,0,0,2,1,0,0,0,1,0,0,1,0,1,0,0,0,0,0,0,1,0,0,1,0,1,2,0,1,1,1,1,0,0,0,0,0,1,1,0,0,0,0,0,0,2,1,0,0,1,0,1,0,2,0,1,2,0,0,1,0,0,1,0,0,0,1,1,1,1,0,0,1,0,0,0,0,3,0,0,0,1,0,0,0,0,0,0,1,0,0,1,0,0,0,0,0,2,0,0,0,0,0,0,0,1,1,1,1,0,1,0,1,0,1,0,0,0,2,1,0,1,1,3,0,2,0,2,0,0,1,0,0,0,0,0,1,1,0,0,0,0,1,0,0,0,0,0,0,2,0,0,2,0,0,0,0,0,0,0,0,1,0,0,0,1,0,0,0,0,0,0,0,0,4,1,3,1,0,1,0,0,1,0,0,0,0,0,0,0,0,0,2,0,0,1,1,0,0,1,0,2,0,0,0,0,0,1,0,0,0,3,0,0,0,0,1,0,1,0,0,0,2,2,1,0,0,0,1,0,0,0,0,0,0,0,1,0,0,1,2,1,0,0,0,0,1,0,1,0,0,0,1,0,0,0,1,1,0,0,1,4,0,0,0,2,0,0,1,0,1,0,1,1,1,0,0,0,1,0,0,2,1,2,0,0,0,1,0,1,1,1,0,1,1,0,1,1,0,1,0,0,0,0,0,0,1,0,0,0,0,0,0,2,0,3,0,1,1,0,0,1,0,0,0,0,0,0,0,0,0,1,1,0,0,0,1,1,0,0,1,1,2,0,0,0,0,2,0,0,0,2,0,0,1,0,0,0,1,0,0,0,0,0,1,0,0,0,0,0,0,0,2,0,0,0,0,2,0,0,0,0,0,1,0,0,1,0,0,0,0,1,0,0,8,0,0,2,1,0,1,0,1,1,1,0,2,0,0,0,0,0,3,0,0,0,1,0,1,0,0,0,0,0,0,1,2,1,0,1,1,0,0,1,0,0,1,1,1,0,0,0,0,1,0,0,1,0,0,0,0,0,1,0,0,0,0,0,1,0,0,3,0,3,4,0,0,0,1,2,1,2,1,1,0,0,0,1,0,0,1,0,1,1,0,1,2,0,1,0,0,0,0,0,0,0,0,0,0,0,0,1,0,0,0,2,0,0,0,0,1,0,0,1,1,0,0,0,0,3,0,0,0,0,0,0,0,0,1,0,0,0,1,0,1,2,0,2,1,0,1,0,0,1,1,0,0,0,1,0,3,0,0,0,1,0,0,1,0,1,0,0,0,0,0,2,0,2,0,0,1,1,0,0,1,0,1,0,0,0,1,1,0,2,0,0,0,0,0,0,0,0,0,0,1,0,0,0,1,0,0,1,0,1,1,2,0,0,0,0,0,0,2,0,0,0,0,0,0,0,0,0,0,0,0,0,0,0,0,0,0,0,0,0,1,1,0,0,0,0,1,1,0,0,0,0,0,0,0,0,1,0,0,0,0,0,0,0,1,0,1,0,0,1,0,0,1,0,0,1,0,1,0,0,0,2,0,1,1,0,0,3,0,0,0,0,1,0,0,0,0,2,0,1,1,1,0,0,1,1,0,1,1,0,0,0,1,0,1,1,0,0,0,0,0,0,0
CDKN2D,0,1,0,0,0,1,0,0,1,0,0,1,0,1,0,5,0,1,1,0,0,0,0,0,0,2,0,0,0,0,0,0,0,2,0,2,1,0,0,0,0,0,1,0,0,0,0,0,0,0,0,1,0,1,0,0,2,1,0,1,0,0,0,0,1,0,0,3,1,0,0,0,0,1,0,0,2,0,0,0,0,0,0,0,2,0,0,0,0,0,1,0,0,0,1,1,0,0,0,2,0,1,0,0,1,0,0,0,1,0,1,0,1,0,0,0,0,0,0,0,0,0,2,1,0,0,0,0,0,0,0,0,1,0,0,0,1,0,1,0,0,0,0,1,0,0,0,2,0,1,0,0,1,0,0,1,0,0,0,0,0,0,0,0,0,1,0,0,0,1,0,1,1,1,0,0,0,1,0,2,0,0,0,1,1,0,0,0,0,0,0,2,1,0,0,1,0,0,3,0,0,1,0,0,0,1,0,0,0,0,1,0,0,0,0,0,0,0,0,0,0,0,4,0,0,0,0,0,1,1,0,0,0,0,1,0,0,0,0,0,1,0,0,0,1,0,1,0,0,0,0,0,0,1,0,0,0,0,1,0,0,0,1,0,1,0,0,1,0,1,0,2,0,0,0,0,0,1,0,0,0,0,0,0,0,0,0,0,0,0,0,0,0,0,0,0,0,0,0,0,0,0,0,0,0,1,0,0,0,0,0,0,0,0,0,0,1,0,0,0,0,0,0,0,0,1,1,0,0,0,0,0,0,1,1,0,0,0,1,0,0,0,0,0,0,0,0,1,0,0,0,0,4,0,0,0,0,0,0,0,0,0,0,0,1,0,3,1,1,1,0,0,0,0,0,0,0,2,0,0,1,0,0,0,0,0,0,0,1,1,0,2,1,0,0,0,1,0,1,0,0,1,2,0,0,0,0,1,0,0,0,0,0,1,1,0,0,0,0,0,0,0,0,0,0,0,1,0,0,1,1,1,0,1,0,0,0,0,0,0,2,0,0,0,3,0,1,1,0,0,0,0,0,0,0,1,0,0,1,0,3,0,0,0,0,0,0,0,0,0,0,0,0,0,1,0,0,1,0,0,0,0,0,1,1,0,1,0,0,1,0,1,0,0,1,0,2,0,0,0,0,0,0,0,0,0,0,1,0,0,0,0,0,0,0,1,0,0,0,0,0,0,0,1,0,0,0,1,0,0,0,0,1,0,0,0,2,0,0,1,1,0,0,2,0,0,0,0,3,0,1,3,0,0,1,0,0,0,0,0,0,0,0,2,0,0,0,0,1,0,0,0,0,0,1,1,1,0,1,0,0,2,0,1,0,1,1,0,0,0,0,0,0,0,1,0,0,0,0,0,1,1,0,0,0,0,0,0,0,0,1,0,3,0,0,0,0,0,0,0,0,0,0,0,0,2,0,1,1,0,0,0,1,0,0,1,0,0,0,0,0,0,0,0,1,0,4,0,1,0,1,1,0,0,0,0,1,0,0,1,0,0,0,1,3,0,0,0,0,0,1,1,0,1,4,0,0,0,1,1,0,1,2,0,0,0,0,0,0,0,3,0,1,2,0,0,1,0,1,0,0,0,1,1,0,0,0,0,0,2,0,0,0,0,0,0,1,1,1,0,0,0,1,0,0,1,0,0,0,1,0,0,0,0,1,0,0,0,0,0,0,0,0,0,0,0,0,0,0,0,0,0,0,0,1,1,0,0,0,0,0,0,0,1,0,0,1,0,0,0,0,0,0,1,0,0,0,0,0,1,0,0,0,0,0,0,1,0,1,0,0,0,0,0,1,0,0,0,1,0,0,2,0,0,0,1,2,0,1,0,0,0,0,0,0,1,0,1,0,0,2,0,0,1,0,1,0,0,1,0,0,0,0,0,0,0,0,0,0,1,0,0,0,0,0,0,2,3,0,0,0,0,0,0,1,0,0,0,0,0,2,0,0,0,0,1,0,0,0,0,0,0,2,2,0,0,0,0,0,0,1,0,0,0,0,1,1,1,0,0,0,0,0,0,0,0,1,0,0,0,0,0,1,0,0,0,0,0,0,0,0,1,0,0,1,1,0,0,0,1,0,0,0,1,0,0,0,0,1,0,0,1,1,0,0,2,0,1,1,0,0,0,0,0,0,0,0,0,0,1,0,0,0,0,0,0,0,0,0,1,0,0,0,0,0,0,0,0,1,0,0,0,0,0,0,0,0,0,1,0,1,0,0,0,0,0,0,0,0,0,3,0,0,0,2,1,0,0,0,0,0,0,1,0,0,0,1,0,0,0,1,1,0,0,0,0,0,0,0,0,1,0,0,0,0,1,0,0,0,0,3,0,0,1,0,1,0,1,0,0,0,1,0,1,2,0,1,0,1,0,1,1,0,0,0,0,0,0,0,1,0,0,0,1,0,0,1,0,0,0,0,0,0,2,3,1,0,1,0,1,1,0,0,0,0,1,0,0,0,0,3,1,0,1,0,0,0,0,0,1,1,0,0,0,0,0,1,0,0,1,0,0,0,0,0,0,1,1,1,0,0,0,0,0,0,0,0,0,0,0,0,0,3,0,1,1,0,0,0,1,1,0,0,0,0,0,0,0,4,0,0,1,5,0,0,2,0,1,1,0,0,1,0,0,0,0,0,0,0,0,0,0,0,0,0,0,0,0,1,1,0,0,0,0,0,0,0,0,0,0,0,1,0,0,1,0,0,0,1,0,1,1,0,0,0,0,0,1,1,1,0,0,1,1,0,0,1,0,0,1,0,1,0,1,0,0,1,0,0,0,0,0,0,0,1,0,1,0,0,0,2,0,0,0,0,0,0,0,0,0,0,1,1,0,0,1,1,1,0,0,0,0,1,0,0,0,0,0,0,0,1,0,0,0,1,0,1,1,0,0,0,0,0,0,0,0,0,0,1,0,1,0,0,0,0,1,1,0,0,0,3,1,0,0,1,0,0,0,0,0,0,2,0,0,1,0,0,0,0,0,0,0,0,0,0,0,0,0,0,0,0,0,1,0,0,0,1,2,0,1,0,1,0,0,0,0,0,0,1,0,0,0,1,0,0,0,1,1,0,1,0,0,1,0,0,0,0,0,0,0,0,0,0,0,0,0,1,0,2,0,0,0,0,0,0,0,0,0,1,1,2,0,0,1,0,0,0,0,1,0,0,0,0,1,0,1,0,0,0,5,0,0,0,0,0,0,0,3,1,0,1,2,0,0,1,1,1,0,1,0,1,1,0,0,0,0,2,1,0,0,0,0,1,0,0,1,1,0,1,0,0,0,1,0,0,0,0,2,0,1,0,0,0,0,0,0,0,0,0,0,0,0,0,1,1,0,0,1,1,1,0,0,1,0,0,1,1,0,0,0,0,0,0,0,1,0,0,1,0,0,0,3,0,0,0,0,0,0,1,0,0,0,1,0,0,0,0,1,1,0,0,0,0,0,0,1,0,0,0,1,0,2,0,0,1,0
IER3,0,0,0,0,0,1,1,0,0,0,0,0,0,0,0,0,0,0,0,0,0,0,0,0,0,0,0,0,0,0,0,0,0,0,0,0,0,0,0,0,0,0,0,0,0,0,0,2,0,0,0,0,0,0,0,0,0,0,0,0,0,0,0,0,0,0,0,0,0,0,0,0,0,0,0,0,0,0,0,2,0,0,0,0,0,0,0,0,0,0,0,0,0,1,0,0,0,0,0,0,0,0,0,0,0,0,0,0,0,0,0,0,0,0,0,0,0,0,1,0,0,0,0,0,0,0,0,0,0,0,0,0,0,0,0,0,0,0,0,0,0,0,0,0,0,0,1,0,0,0,0,0,0,0,0,0,0,0,0,0,0,0,0,1,0,0,0,0,0,0,0,0,0,0,0,0,0,0,0,0,0,0,0,0,0,0,0,0,0,0,0,0,0,0,0,0,0,0,0,0,0,0,1,0,0,0,0,0,0,0,0,0,0,0,0,0,0,0,1,0,0,0,0,0,0,0,0,0,0,1,0,0,0,0,0,0,0,0,0,0,0,0,0,0,0,0,0,0,0,0,0,0,0,0,0,0,0,0,0,0,0,0,0,0,0,0,0,0,0,0,0,0,0,0,1,0,0,0,0,0,1,0,0,1,0,0,0,0,0,0,0,0,0,0,0,0,0,0,0,0,0,0,0,0,1,0,0,1,0,0,0,0,0,0,0,0,0,0,0,0,0,0,0,0,0,0,0,0,0,0,0,2,0,0,0,0,0,0,0,1,1,0,1,0,0,0,0,0,0,0,0,0,1,0,0,0,0,0,0,0,0,0,0,1,0,0,0,0,0,0,0,1,0,0,0,0,0,0,0,0,0,0,2,0,0,1,0,0,0,0,0,0,0,0,0,0,0,0,0,0,1,0,0,0,1,0,0,0,0,0,0,0,0,0,0,1,0,0,0,0,0,0,0,0,0,0,0,0,0,0,0,0,0,0,0,0,0,0,0,0,0,0,0,0,0,0,0,0,0,0,0,0,0,0,0,0,0,1,1,0,0,0,0,0,0,0,0,0,0,0,0,1,0,0,0,0,0,0,0,0,0,0,0,0,0,0,0,0,0,1,0,0,0,0,0,0,0,0,0,0,0,0,0,0,0,0,0,0,0,0,0,0,0,0,0,0,0,0,0,0,0,0,0,0,1,0,0,0,0,0,0,0,0,0,0,0,0,0,0,0,0,0,0,0,0,0,0,0,0,0,0,0,0,0,0,2,0,0,0,0,0,0,0,0,0,0,0,0,0,0,0,0,0,0,0,0,0,0,0,0,0,0,0,0,0,0,0,0,0,0,0,0,0,0,0,0,0,0,0,0,0,0,1,0,0,0,0,0,0,0,0,0,0,0,0,0,0,0,0,0,0,0,0,0,0,0,0,0,0,0,0,0,0,0,0,0,0,0,0,0,0,0,0,0,1,0,0,0,0,0,0,0,0,0,0,0,0,0,0,2,0,0,0,0,0,0,0,0,0,0,0,0,0,0,0,0,0,0,0,0,0,0,0,0,0,0,0,0,0,0,0,0,0,0,0,0,0,0,0,0,0,0,1,0,0,0,0,0,0,0,0,0,0,0,0,0,0,1,0,0,0,0,0,0,0,0,0,0,0,0,0,0,0,0,0,0,2,0,0,0,0,1,0,0,0,0,0,0,0,0,0,0,0,0,0,0,0,0,0,0,0,0,0,0,1,0,1,0,0,0,0,0,0,0,0,1,0,0,1,0,0,0,0,0,1,0,0,0,0,0,0,0,0,1,0,0,0,0,0,0,1,0,0,0,0,0,0,0,0,1,0,0,0,0,0,0,0,0,0,0,0,0,0,0,0,0,0,0,0,1,0,0,0,0,1,0,0,0,1,0,0,1,0,1,0,0,0,0,0,0,0,0,0,0,0,0,0,0,0,0,0,0,0,0,0,0,0,1,0,0,0,1,0,0,0,0,0,0,0,0,0,0,1,0,0,0,0,1,0,0,0,0,0,3,0,0,0,0,0,0,0,0,0,0,0,0,0,0,0,1,0,1,0,0,0,0,0,0,0,0,0,0,1,0,0,0,0,0,0,0,0,0,0,0,0,0,0,0,0,0,0,0,0,0,0,0,0,0,0,0,0,0,1,0,0,0,0,0,0,0,0,0,0,0,1,0,0,0,0,0,0,0,2,0,0,0,0,0,2,0,0,0,0,0,0,0,0,0,0,0,0,0,0,0,0,0,0,0,0,0,0,0,0,0,0,0,0,0,0,0,0,1,1,0,0,0,0,0,0,0,0,0,0,0,0,0,0,1,0,0,0,0,0,0,0,0,0,0,1,0,0,0,0,0,0,0,0,0,0,0,0,0,0,0,0,0,0,2,0,0,0,0,0,0,0,0,2,1,0,0,1,0,0,0,0,0,0,0,1,0,0,0,0,0,0,0,0,0,0,0,0,0,0,0,0,0,0,0,0,0,0,0,0,1,0,0,0,0,0,0,0,0,0,0,0,0,0,0,0,0,0,0,1,0,0,0,0,0,0,0,0,0,0,0,0,0,0,0,0,0,0,0,0,0,0,0,0,0,0,0,0,0,0,0,0,0,0,0,0,0,0,0,0,0,0,0,0,0,0,0,0,0,1,0,0,0,1,0,0,0,0,0,0,0,0,0,0,0,1,2,0,0,0,0,0,0,0,0,0,0,0,0,0,0,0,0,0,1,0,0,0,0,0,0,0,0,0,0,0,1,0,0,0,0,0,0,0,1,0,0,0,2,0,0,0,0,0,0,0,0,0,0,0,0,1,0,0,0,0,0,0,0,0,2,0,0,0,0,0,0,0,0,0,1,0,0,0,0,0,0,0,0,0,0,0,0,0,0,0,0,2,0,0,0,0,0,0,0,0,2,0,0,0,0,0,0,0,0,0,0,0,0,0,0,0,0,0,0,0,0,0,0,0,0,0,0,0,0,0,1,0,1,0,0,0,0,0,0,0,0,0,0,0,0,0,0,1,0,0,0,1,0,0,0,0,0,0,0,0,0,0,0,0,0,0,0,0,0,2,0,0,0,0,0,0,0,0,0,0,0,1,0,0,0,0,0,0,0,0,0,0,0,0,0,0,0,0,0,0,0,0,0,0,0,0,0,0,0,0,0,0,1,0,0,0,0,0,0,0,0,0,0,0,0,1,0,0,0,0,0,0,0,1,0,1,0,0,0,0,0,0,0,0,0,0,0,0,0,0,1,0,0,0,0,1,0,0,0,0,0,0,0,0,0,0,1,0,0,0,0,0,0,1,0,0,0,0,0,0,0,0,0,0,0,0,0,0,0,0,0,0,0,0,0,0,0,0,0,0,0,0,0,0,0,0,0,0,0,0,0,1,0,0,0,0,0,0,0,0,0,0,0,0,0,0,0,0,0,0,0,0,0,1,0,1,0,0,0,0,0,0,1,1,0,0,0
MTSS1,0,0,0,1,0,0,0,0,0,0,0,0,0,0,0,0,0,1,0,0,0,0,0,0,0,2,0,0,0,0,0,0,0,0,1,0,0,0,0,0,0,0,0,0,0,0,0,0,0,0,0,0,0,0,0,0,0,0,0,0,0,0,0,0,0,1,0,0,0,0,1,0,0,0,0,0,0,0,0,0,0,0,0,0,0,0,0,0,0,0,0,0,0,0,0,0,0,0,0,0,0,0,0,0,0,0,0,0,0,0,0,0,0,0,0,0,0,0,0,0,0,0,0,0,0,0,0,0,0,0,0,0,1,1,0,0,0,0,1,0,0,0,0,0,0,0,0,0,0,0,0,0,0,0,0,0,0,0,0,0,0,0,0,0,0,0,0,0,0,0,0,0,0,0,0,0,0,0,0,0,0,0,0,1,0,0,0,0,0,2,0,0,0,0,0,1,0,0,0,0,0,1,0,0,0,0,0,0,0,1,0,0,0,0,0,0,0,0,0,0,0,1,0,0,0,0,1,0,0,0,0,0,1,1,0,0,0,1,0,0,1,0,1,0,0,0,0,0,0,0,0,0,0,0,1,0,0,0,0,0,0,0,0,0,0,0,0,0,0,0,0,0,0,0,0,0,1,0,0,0,0,0,0,1,0,0,0,0,0,0,0,0,0,0,1,0,0,0,0,0,0,0,0,0,0,0,0,0,0,0,1,0,0,0,0,0,0,0,0,0,0,0,0,0,0,0,0,1,1,0,0,0,0,0,0,0,0,0,0,0,0,0,0,0,1,0,0,0,1,0,0,0,3,0,0,1,0,0,0,0,0,0,0,0,0,0,0,0,0,0,0,1,0,0,0,0,0,0,0,0,0,0,0,0,0,0,0,0,0,0,0,2,0,2,0,0,1,0,1,2,0,0,0,0,0,0,0,0,2,0,0,0,0,0,0,0,0,1,0,0,0,0,1,0,0,0,0,1,0,0,0,0,0,0,0,1,0,0,0,0,0,1,0,0,0,0,1,0,1,1,0,0,0,0,0,0,0,0,0,1,0,0,0,0,0,0,0,0,0,0,0,0,0,0,0,1,0,0,0,0,0,0,0,0,0,0,0,0,0,0,0,0,0,0,0,0,0,0,0,0,0,0,0,1,0,0,2,0,0,0,0,0,0,0,0,0,0,0,0,0,0,0,0,0,0,0,0,0,0,0,0,1,0,0,0,0,0,0,0,0,0,0,0,0,0,0,0,0,0,0,0,1,0,0,0,1,1,1,0,0,0,0,0,0,0,0,0,0,0,0,0,0,0,0,0,0,0,0,0,0,0,0,0,0,0,0,0,0,0,0,0,0,0,0,0,0,0,0,0,0,0,0,0,0,0,0,0,0,0,0,0,0,0,0,0,0,0,0,0,0,0,1,0,0,1,0,0,1,0,0,0,0,0,0,0,0,0,0,0,0,0,0,0,0,0,0,0,0,0,0,0,0,0,0,1,0,1,0,0,0,0,0,0,0,2,0,0,0,0,0,0,0,0,0,0,0,0,0,0,0,0,0,0,0,0,0,0,0,0,0,0,0,0,0,0,0,0,0,0,0,0,0,0,0,0,0,0,0,0,1,0,0,0,0,0,0,0,0,0,0,0,0,0,0,0,0,1,0,0,2,0,0,0,0,0,0,0,0,0,0,0,0,0,0,0,0,1,0,0,0,0,0,0,0,1,0,0,0,0,0,0,0,1,0,0,2,0,0,0,1,0,0,0,1,1,0,0,0,0,0,2,0,0,0,0,1,0,0,1,0,0,0,0,0,0,0,0,0,0,0,0,0,0,0,1,0,0,1,0,0,0,0,0,0,0,0,0,0,0,0,0,0,0,0,0,0,0,0,0,0,0,0,0,0,0,0,0,0,0,1,0,0,0,0,0,0,0,0,0,0,0,0,0,0,0,0,0,0,0,0,0,0,0,0,0,0,0,0,0,0,0,0,1,0,0,0,0,0,0,1,0,0,0,0,0,0,0,0,0,0,0,0,0,1,0,0,0,0,0,0,0,0,0,0,0,0,1,1,0,0,1,0,0,0,0,0,0,0,0,0,0,0,0,0,0,0,0,0,0,0,0,0,0,0,0,0,0,2,0,0,0,0,0,0,1,0,0,0,0,0,0,0,0,0,0,0,0,0,0,0,0,0,0,0,0,0,0,0,1,0,0,0,0,0,0,0,0,0,1,0,0,0,0,0,0,0,0,0,0,0,0,0,0,0,0,0,0,0,1,0,0,0,1,0,0,0,0,0,0,0,0,0,0,0,0,0,2,0,0,0,1,0,0,0,0,0,0,0,0,0,0,0,0,0,0,0,0,0,0,0,0,0,0,0,0,0,0,0,0,0,0,0,0,0,0,0,0,0,0,0,0,0,4,2,1,0,1,0,0,0,0,0,0,1,0,0,0,0,0,0,0,0,0,0,0,0,0,0,0,1,0,0,0,0,0,0,0,0,0,0,0,0,3,0,0,0,0,0,1,0,0,0,0,0,0,0,0,0,0,0,0,0,0,0,0,0,0,0,0,2,0,0,0,0,0,0,1,1,0,0,0,0,0,1,0,1,0,0,0,0,0,0,1,0,1,0,0,0,0,0,0,0,0,0,0,0,0,0,0,1,1,0,0,1,0,1,0,1,0,0,0,0,0,0,0,0,0,0,0,0,0,0,0,0,0,0,0,0,0,0,0,0,0,0,0,0,0,1,0,0,0,0,2,1,0,0,2,0,0,0,0,1,0,0,0,1,0,0,0,0,0,1,0,0,0,0,0,0,0,0,0,0,0,0,0,0,0,0,0,0,1,0,0,0,0,0,0,0,0,0,0,0,0,0,0,0,0,0,0,0,0,0,0,0,0,0,0,1,2,0,1,0,0,0,0,0,0,0,0,0,1,0,0,0,0,0,1,0,0,0,0,0,0,0,0,0,0,0,0,0,0,0,0,0,0,0,0,0,0,0,0,0,0,0,0,0,0,0,0,0,0,0,0,0,0,0,0,0,0,0,0,0,0,0,0,0,0,0,0,0,0,0,0,0,1,0,0,0,0,0,0,2,0,0,0,0,0,0,0,0,0,1,0,0,0,0,0,0,0,0,2,0,0,0,0,0,0,0,0,0,2,0,0,0,0,0,0,0,0,0,0,0,0,0,0,0,0,0,0,1,0,0,0,0,0,0,0,0,0,0,0,0,0,0,0,0,0,0,1,0,0,0,0,0,0,0,0,0,0,0,0,0,0,0,0,0,0,0,0,0,0,0,0,0,0,0,1,0,0,1,0,0,0,0,0,0,0,0,0,0,0,0,1,0,0,0,0,0,0,0,0,0,0,0,0,1,0,0,0,0,0,0,0,0,0,0,0,1,0,0,0,0,0,0,0,0,0,0,0,0,0,0,0,0,0,0,0,0,0,0,0,0,0,0,0,0,0,0,0,0,0,0,0,0,0,0
CWF19L2,0,0,1,1,0,0,0,0,0,0,0,0,0,0,0,1,0,0,0,1,1,0,0,0,0,0,0,0,0,0,0,0,0,0,1,0,0,0,0,0,0,0,0,0,0,0,0,0,0,1,0,0,0,0,0,1,0,0,0,0,0,0,0,0,0,1,0,0,0,2,0,0,0,0,0,0,1,0,0,0,0,0,0,0,1,1,0,0,0,0,0,0,0,0,0,0,0,0,0,0,0,1,0,1,0,0,0,0,0,0,1,0,0,0,1,2,0,0,0,0,0,0,0,0,0,0,0,1,0,0,0,0,0,1,0,0,0,1,0,0,0,1,3,0,0,0,0,0,1,2,0,0,0,0,0,0,0,0,0,0,0,1,0,0,0,1,1,0,0,0,0,0,0,0,0,0,0,1,0,0,0,0,0,0,0,0,1,0,1,0,0,1,0,0,0,0,0,0,0,0,0,1,0,0,0,0,0,0,0,0,0,0,0,0,0,0,0,2,0,0,0,0,2,0,1,0,1,0,0,0,0,0,0,0,0,0,0,0,0,0,0,0,0,0,0,0,0,0,0,0,0,0,0,0,0,0,0,0,1,0,0,0,0,0,2,0,3,0,0,0,0,1,0,0,0,1,0,0,0,3,0,2,0,1,0,1,0,0,1,0,0,0,0,0,1,0,0,0,1,0,0,1,0,0,0,0,0,0,1,2,1,0,0,0,0,0,0,0,0,0,0,0,0,0,0,0,0,2,0,0,2,0,0,0,0,0,0,0,0,0,0,0,0,0,0,0,0,0,0,0,0,0,0,1,1,0,0,1,0,0,1,0,0,0,1,0,0,1,1,0,0,2,0,1,0,0,0,1,0,0,0,0,3,0,0,0,0,1,0,0,2,3,0,1,0,0,0,0,0,0,0,2,0,0,0,0,0,0,0,0,1,2,0,0,0,0,0,0,0,0,0,0,0,0,0,1,0,0,1,0,0,0,0,0,0,0,1,0,0,0,1,0,0,0,0,1,0,0,1,0,0,0,0,0,0,0,0,0,0,0,0,0,1,0,0,0,0,2,0,0,0,0,0,1,0,0,0,0,0,0,0,0,0,0,0,0,0,0,1,0,0,0,0,0,0,0,1,1,0,0,0,0,0,0,0,0,1,0,0,0,0,1,0,0,0,2,0,0,0,0,0,0,0,0,0,0,0,0,0,1,0,0,0,0,0,0,0,0,1,0,0,0,0,0,0,0,0,0,0,1,0,0,0,0,0,0,0,0,0,2,0,0,0,0,0,0,0,1,0,0,0,0,1,0,0,0,0,3,0,0,0,0,1,0,0,2,0,0,0,0,0,0,0,0,2,0,0,1,0,0,0,0,0,0,0,0,0,0,0,3,0,0,0,0,0,0,0,0,2,0,1,0,0,0,1,0,0,0,0,0,0,0,0,0,0,0,0,0,2,0,1,0,0,0,1,0,0,1,2,0,0,1,0,0,1,0,0,2,0,0,0,0,0,0,1,0,0,0,0,0,0,0,0,0,1,1,0,0,0,0,1,0,0,0,0,0,0,0,0,0,0,0,0,0,0,1,0,0,0,0,1,0,1,0,0,0,0,1,0,1,0,0,0,0,1,1,0,0,0,1,0,0,0,1,0,0,0,3,0,0,1,0,1,1,2,0,0,0,0,0,0,0,0,1,0,0,0,0,0,0,0,0,0,0,0,1,0,0,0,1,0,0,0,0,0,1,1,0,0,1,0,1,0,0,0,0,0,0,0,0,0,0,1,0,0,0,0,0,1,3,1,0,0,0,0,0,0,0,0,0,0,0,0,0,0,1,2,0,0,1,0,0,0,1,0,0,0,0,0,0,0,1,0,0,0,2,0,0,0,0,0,0,0,0,2,0,0,0,0,1,0,0,0,0,0,1,0,0,0,1,0,0,0,0,0,0,1,0,0,0,0,0,0,0,0,0,0,0,0,0,1,0,0,0,2,0,0,0,0,0,0,0,0,0,0,0,0,0,1,0,0,0,0,0,0,0,0,0,0,0,1,0,0,0,0,0,0,0,0,0,0,0,1,0,0,0,0,0,0,0,0,0,0,0,0,0,0,0,0,0,0,0,0,0,1,0,0,0,1,0,0,0,1,0,0,0,0,0,0,1,0,0,0,0,1,0,1,0,0,0,0,0,0,0,0,0,0,0,0,0,0,0,0,0,0,0,1,0,0,0,0,0,0,0,0,2,0,0,0,0,0,0,0,1,1,0,0,0,0,0,0,0,0,0,0,0,0,0,0,0,0,0,0,0,0,0,0,0,0,0,0,1,0,0,0,0,0,0,0,0,0,0,0,0,0,0,0,0,0,0,0,0,0,0,0,0,2,1,0,1,0,0,0,0,0,0,0,0,2,0,1,0,0,0,0,0,0,0,0,0,0,0,0,0,0,1,0,0,0,0,0,0,0,0,0,1,0,0,1,0,0,0,0,0,0,0,0,0,0,0,0,0,0,0,0,0,0,0,1,0,0,0,0,0,0,0,0,1,0,0,1,0,0,0,0,0,0,0,0,0,0,0,0,0,0,0,0,0,0,0,0,0,0,0,0,0,0,0,0,0,0,0,0,0,0,1,0,0,0,0,0,0,0,0,2,0,0,0,0,0,0,0,2,0,1,0,0,0,0,0,0,0,0,1,1,0,1,0,0,0,0,1,0,0,0,0,0,0,0,0,0,0,0,0,0,0,0,0,2,0,0,0,0,0,0,0,0,0,0,1,2,0,0,0,0,0,0,0,0,0,0,0,0,0,0,0,0,0,0,0,2,0,0,0,0,0,0,0,0,0,0,1,0,0,0,0,0,0,0,0,0,0,0,0,0,0,0,0,0,0,0,0,0,1,0,1,0,1,1,0,0,1,0,0,0,0,1,1,0,0,1,0,1,0,0,0,0,0,0,0,0,1,0,0,0,0,0,0,0,1,0,0,0,0,2,0,0,0,0,0,0,0,0,0,0,0,0,0,0,0,0,0,0,0,0,1,1,0,3,0,0,0,0,0,0,0,1,1,0,1,0,1,0,0,0,0,0,1,0,1,0,0,0,0,0,0,0,1,0,0,0,0,0,1,0,0,1,1,1,0,0,0,0,0,0,0,0,0,0,0,3,0,0,0,2,0,1,0,0,0,0,0,0,0,1,0,0,0,0,0,0,0,0,0,0,0,0,0,0,0,0,0,0,1,0,0,0,0,0,0,0,2,0,0,1,0,0,1,0,0,0,0,0,0,0,0,0,0,0,0,0,1,2,0,0,0,1,1,0,0,0,0,0,0,0,0,0,0,0,0,0,0,0,0,0,1,0,0,0,1,1,0,0,0,0,0,0,0,0,0,0,0,0,0,0,0,0,0,0,1,1,0,0,0,0,0,0,1,0,0,0,1,0,0,1,0,0,2,0,1,0,0,0,1,0,0,0,0,0,0,0,0,0,0,0,0
GLRX,2,0,2,0,0,1,0,1,0,0,2,0,3,0,0,3,1,1,3,0,0,2,0,2,0,0,1,2,0,0,0,0,0,1,0,0,0,0,2,0,1,0,1,1,0,0,0,1,1,0,0,2,2,0,0,0,0,0,0,1,3,0,1,0,0,0,0,0,1,0,1,2,0,1,3,1,0,1,3,0,1,0,0,0,0,0,0,1,0,1,0,0,0,0,0,4,0,0,1,0,0,0,3,1,1,1,0,0,1,0,1,1,0,1,0,2,0,1,2,0,0,0,4,0,1,0,0,0,3,0,0,1,1,0,0,1,0,2,0,1,0,1,0,0,4,2,3,1,1,0,0,1,0,0,1,0,0,0,0,2,0,0,1,2,1,2,1,1,1,4,0,1,0,0,2,0,0,1,1,0,0,0,1,0,1,0,1,0,0,1,4,0,0,0,0,0,0,0,0,0,0,1,0,0,0,0,0,0,0,0,0,0,0,0,0,0,0,1,1,2,0,1,0,0,1,1,0,2,0,2,0,0,1,1,2,0,2,0,0,0,0,1,0,0,1,0,0,5,3,1,0,0,0,0,1,2,0,0,0,1,0,0,2,1,0,2,0,0,1,1,0,6,1,0,2,0,0,1,0,0,1,0,1,1,0,0,0,0,0,0,0,0,1,0,0,1,0,1,3,0,1,1,0,1,2,1,1,1,0,0,1,0,0,0,0,0,0,0,0,0,0,0,1,0,0,0,1,0,0,1,0,0,0,0,1,1,2,0,2,3,4,0,1,0,0,0,1,0,1,3,1,1,3,0,1,0,0,1,0,0,1,0,0,2,0,0,3,0,0,1,0,0,0,0,1,7,1,3,0,2,0,0,3,0,2,0,2,0,0,0,0,3,0,1,1,1,1,0,1,2,0,1,0,1,2,0,2,0,0,1,0,1,0,0,2,5,0,1,0,0,1,0,1,1,3,0,1,0,0,0,0,0,2,2,2,0,1,0,0,2,0,1,1,2,0,2,1,0,0,1,0,0,0,0,2,0,0,2,2,1,0,0,0,0,1,0,0,1,0,0,0,3,1,2,1,1,0,0,1,0,1,0,2,0,0,0,1,1,1,0,0,1,0,0,0,0,0,0,0,2,0,1,0,0,1,0,0,3,0,0,0,1,0,1,0,1,0,1,1,0,0,0,1,2,1,1,2,0,3,0,3,1,1,0,0,3,0,1,0,0,1,1,0,1,1,1,0,0,1,0,0,3,0,0,0,5,0,2,0,0,0,2,0,0,1,2,0,0,1,0,0,1,2,1,1,2,0,0,1,0,0,0,0,3,0,0,0,0,0,1,0,0,1,0,1,0,1,0,0,0,0,1,1,1,0,3,1,0,0,0,0,0,0,3,0,0,0,2,0,2,0,0,2,0,3,0,0,2,1,0,0,3,1,0,0,0,1,0,0,0,2,1,0,0,0,0,1,1,0,0,1,0,0,0,0,2,0,0,0,4,2,0,0,0,0,0,1,0,0,0,2,0,0,1,0,0,0,0,0,0,3,3,1,0,0,0,0,0,0,0,1,2,1,1,0,0,1,0,0,3,0,0,0,0,0,1,0,2,1,1,0,0,1,0,0,1,1,1,0,1,0,0,0,0,0,1,0,1,1,4,0,1,1,0,2,1,1,0,0,0,0,1,0,2,0,0,0,2,0,1,1,1,0,0,0,0,0,0,0,0,0,0,0,0,0,0,0,1,0,0,0,0,2,2,0,1,2,1,0,0,1,1,0,1,6,0,0,1,0,0,2,3,0,1,4,1,0,0,0,0,1,1,1,0,0,0,0,1,0,0,3,0,0,1,1,0,1,0,1,2,0,0,0,1,0,1,2,0,0,1,0,0,1,1,0,0,0,1,1,0,2,1,3,0,2,0,1,1,0,0,0,0,0,0,1,0,1,1,1,0,1,0,0,1,0,0,0,2,1,0,0,0,4,1,1,0,2,0,0,1,0,0,2,3,1,1,1,0,1,0,1,0,0,1,3,0,0,0,2,0,0,0,0,1,0,0,0,0,1,1,0,0,0,0,1,0,0,1,1,0,0,1,2,0,1,0,1,0,0,3,2,0,1,0,0,1,0,1,2,1,0,1,3,2,1,0,2,0,0,0,1,0,2,0,0,1,0,1,1,1,0,0,0,0,2,1,0,0,0,1,1,6,1,0,0,0,0,0,1,2,0,0,0,7,4,0,0,0,0,1,1,0,0,0,0,1,1,1,1,0,0,1,0,0,1,3,1,0,1,1,0,0,0,0,0,1,1,0,3,1,0,0,0,2,1,1,1,1,0,1,1,1,0,0,0,1,0,3,1,0,0,2,2,0,0,0,0,0,0,0,2,1,0,0,1,0,0,0,0,0,2,0,0,1,0,1,1,1,0,0,1,0,0,2,1,0,0,0,0,0,0,0,0,0,0,2,2,0,0,0,2,1,3,3,0,0,0,0,0,0,0,0,2,1,1,1,1,1,0,0,0,0,1,1,0,0,0,0,0,1,1,1,3,1,0,1,2,0,1,0,0,0,0,0,0,2,0,2,0,0,2,1,1,0,0,0,0,0,1,2,1,0,0,1,0,0,1,0,0,0,0,1,0,0,0,0,1,0,0,1,0,0,0,2,0,0,0,0,0,1,0,0,1,0,0,0,2,0,1,0,0,1,0,0,0,1,3,0,0,0,0,0,0,1,0,1,1,1,0,1,0,0,1,1,0,1,0,1,0,0,0,0,0,0,0,0,2,1,0,1,1,5,0,0,0,1,4,0,0,0,0,1,1,0,1,0,0,0,1,1,2,2,0,1,0,0,0,1,0,0,0,1,0,2,0,0,1,0,1,1,1,1,0,1,0,0,4,1,0,0,5,0,2,2,0,0,9,0,0,0,0,0,0,0,0,0,2,0,0,0,3,0,0,0,0,1,0,0,1,0,0,2,1,0,1,0,0,0,1,0,1,1,0,0,1,0,1,0,1,1,1,0,0,0,0,0,0,1,3,0,0,1,1,0,0,0,0,0,2,0,0,1,1,0,4,0,1,0,1,0,1,0,2,3,2,4,0,0,0,0,1,0,0,1,5,1,2,0,0,4,1,0,0,2,0,0,0,1,0,0,3,0,1,1,3,2,0,1,0,4,0,0,0,0,0,0,1,2,0,0,0,0,1,1,0,0,1,0,0,0,0,0,2,0,1,0,0,0,1,0,0,1,0,0,0,1,2,1,1,0,1,0,0,0,0,0,0,0,0,2,1,1,1,0,0,2,0,0,0,2,0,0,2,0,0,0,0,0,1,4,1,0,0,0,5,0,0,0,1,3,0,1,0,0,0,0,0,1,0,0,1,0,1,0,0,0,0,1,0,2,0,3,0,0,3,0,0,0,0,3,0,2,1,1,0,0,0,1,0,0,0,0,2,0,1,0,0,5,1,1,1,0,0,1,0,0
GSTO1,0,0,0,1,0,1,0,1,0,0,0,0,0,0,0,0,0,0,0,0,0,1,1,0,0,0,0,0,1,0,0,0,0,1,1,0,0,1,0,0,0,0,0,1,1,0,0,0,0,1,0,1,0,0,0,2,0,0,0,0,5,0,0,1,1,0,0,5,1,0,0,1,0,1,0,1,1,2,0,1,0,0,1,1,1,0,1,0,1,1,0,0,0,1,2,2,1,0,0,1,1,0,1,1,1,1,0,1,0,1,0,1,0,0,0,1,1,0,0,0,0,1,4,0,1,0,0,1,1,0,0,0,0,0,0,1,1,0,2,0,0,0,0,1,3,1,0,1,2,1,1,0,1,0,1,2,1,0,0,1,0,1,4,1,0,1,1,2,2,5,1,1,2,2,2,0,0,0,0,0,0,0,0,1,1,0,0,0,2,1,3,2,1,0,0,0,0,0,5,0,1,1,0,0,0,0,0,0,0,0,0,0,0,0,1,1,0,1,2,3,0,1,0,0,2,0,0,0,0,0,0,0,0,1,1,0,1,0,0,0,0,0,0,1,1,1,0,3,0,1,0,0,0,0,0,0,2,0,0,0,0,0,1,4,0,0,0,0,1,0,1,1,0,1,0,0,0,1,1,0,1,1,1,0,1,0,0,1,0,0,0,0,0,0,0,0,0,0,0,0,0,1,0,0,0,0,0,0,1,0,0,0,1,0,0,0,0,1,0,0,1,0,3,0,1,0,1,0,0,0,0,1,0,0,2,0,0,0,1,0,0,0,0,0,0,1,0,0,0,1,0,0,2,1,1,0,0,1,1,0,0,0,1,0,0,0,5,0,0,0,0,2,1,0,0,3,0,0,0,1,0,0,0,0,0,2,0,1,1,0,0,2,0,1,0,1,1,1,0,3,1,0,1,0,0,0,0,0,1,2,0,0,0,1,1,2,0,0,0,0,1,0,2,0,0,0,0,1,0,0,0,0,0,0,0,0,0,0,2,2,1,1,1,0,0,2,0,1,0,0,0,1,1,0,1,0,0,1,1,0,0,1,0,0,2,0,0,0,0,0,0,1,0,0,0,1,2,0,0,0,2,1,0,1,0,0,0,1,1,1,1,0,1,1,0,0,0,0,1,1,0,0,0,0,0,0,0,3,0,1,0,1,0,0,0,1,0,0,0,1,1,1,0,0,0,0,0,0,1,0,0,0,1,0,0,1,0,1,0,1,2,1,0,0,1,0,2,0,3,1,2,3,0,0,0,0,1,1,1,2,0,0,1,1,0,1,0,0,0,0,1,0,1,1,0,3,0,0,0,0,0,1,0,1,0,1,0,0,0,0,0,0,1,2,0,1,0,0,0,0,0,2,0,0,0,1,1,0,0,0,2,1,1,0,0,0,1,2,0,1,0,1,0,0,1,0,0,0,1,1,0,0,1,0,0,0,0,1,0,0,0,1,1,0,0,0,1,1,0,0,0,0,0,0,0,1,0,0,0,0,1,0,0,2,0,0,0,0,1,0,0,0,0,1,2,1,0,1,1,0,0,3,2,1,0,1,1,0,0,0,0,0,4,0,0,0,0,0,0,2,0,0,0,1,0,0,0,0,0,4,0,1,0,0,2,0,0,0,1,0,1,0,0,0,0,4,0,0,0,0,0,0,0,0,2,0,0,0,0,0,0,0,0,0,0,0,0,0,1,1,1,0,0,0,0,0,0,0,0,1,1,0,0,0,0,0,0,0,1,2,0,1,1,1,0,0,2,0,0,0,0,0,0,0,1,0,0,0,0,0,0,0,1,1,1,2,0,0,0,0,1,0,0,0,1,0,1,0,0,0,0,0,0,2,1,0,0,0,0,1,2,1,0,0,0,1,1,0,0,0,1,1,0,2,0,1,0,0,1,0,2,1,2,0,2,1,0,2,0,1,0,0,0,0,1,0,0,1,0,0,0,0,0,0,1,1,1,0,1,0,1,2,1,0,0,0,0,1,0,0,0,0,0,1,2,0,0,0,0,0,0,0,0,0,0,1,0,0,0,0,1,0,2,1,0,1,0,1,1,1,2,0,0,0,0,0,0,1,0,0,0,1,3,0,2,3,0,1,0,0,0,1,0,0,1,0,1,5,1,0,0,0,0,0,1,1,1,0,0,2,0,0,0,1,1,1,1,1,0,0,0,0,0,1,1,2,0,0,0,1,0,2,0,0,0,0,0,0,3,1,1,0,0,2,2,0,0,0,1,0,0,0,0,0,0,0,0,0,0,0,0,1,4,0,2,0,0,0,1,0,0,0,1,1,0,1,0,0,0,0,1,0,0,0,0,0,1,0,2,0,2,3,0,0,0,2,0,1,1,1,0,0,1,1,0,1,0,0,0,1,0,1,1,0,0,1,1,0,0,2,0,1,2,2,0,0,3,1,0,1,1,0,0,0,0,0,1,2,1,2,0,0,0,0,0,0,1,0,0,0,0,0,1,1,0,2,0,0,0,1,1,1,2,0,2,0,0,0,0,1,0,0,1,0,1,0,0,0,0,0,0,1,2,0,0,0,1,1,0,0,0,1,1,0,0,0,0,1,0,0,0,0,4,0,0,0,0,0,0,1,1,0,2,0,0,0,1,0,1,0,0,1,0,0,0,0,1,0,0,1,0,0,0,1,0,0,0,1,0,2,0,1,0,0,0,0,0,0,1,2,0,0,0,0,1,0,0,0,0,0,0,0,0,0,0,2,0,2,1,3,1,1,1,1,0,0,1,0,0,0,0,1,0,0,2,0,0,2,0,0,2,0,0,0,0,2,1,0,1,0,1,0,1,1,1,0,0,1,0,0,1,0,0,0,0,0,0,0,0,0,1,0,2,1,0,0,0,0,0,0,0,0,1,1,0,0,1,1,2,0,0,0,0,3,0,0,1,0,0,1,0,1,0,0,0,0,0,0,0,0,4,0,0,1,1,0,0,1,0,0,0,0,0,0,1,0,0,1,0,0,0,3,0,0,0,0,0,0,0,1,0,1,1,0,0,1,0,0,13,0,1,0,0,0,0,0,0,0,0,0,0,2,0,1,1,0,0,0,0,0,0,1,1,2,0,3,0,0,1,0,0,1,0,0,0,0,0,0,0,0,1,0,0,0,0,0,0,0,0,0,2,1,1,0,0,0,1,1,0,3,0,1,0,2,0,2,0,1,0,2,1,0,0,0,2,0,0,2,1,1,0,0,0,2,0,0,0,0,0,0,0,1,0,1,1,2,0,1,0,2,0,0,0,0,0,0,0,0,0,0,0,0,0,0,0,0,2,0,1,0,0,0,3,0,0,1,0,1,0,2,1,0,0,0,2,0,0,0,4,2,0,0,0,1,0,0,0,3,0,0,1,0,1,1,1,0,0,0,0,0,0,4,0,0,0,1,0,1,0,0,0,0,0,0,0,2,0,0,1,0,0,0,0,0,3,1,0,1,0,4,0,0,1,0,0,0
LYL1,0,0,0,0,1,1,0,0,0,0,1,0,0,0,0,2,0,0,1,0,0,0,1,1,0,0,0,0,0,0,0,0,0,1,0,0,0,0,2,0,0,1,0,0,0,0,2,1,0,0,0,0,0,0,0,0,0,0,0,0,1,0,0,0,0,0,0,0,0,0,1,1,0,1,0,0,0,0,0,1,0,0,0,0,0,0,0,0,0,0,0,0,0,0,0,1,0,0,0,2,0,0,0,0,0,0,0,0,2,0,0,0,0,0,0,0,0,0,0,0,0,0,1,0,0,0,0,0,0,0,0,0,0,0,0,0,0,0,0,0,0,1,0,3,1,0,0,0,0,0,0,0,0,0,0,0,0,0,0,0,0,0,2,0,0,0,0,0,1,0,0,0,0,0,0,0,0,0,0,0,0,0,0,0,0,1,0,0,0,1,1,1,0,0,0,0,0,0,0,0,0,0,1,0,0,0,0,0,0,0,0,0,0,0,0,0,0,0,0,0,0,1,0,1,0,0,0,0,0,0,0,0,2,0,0,0,0,0,0,0,0,0,0,0,0,0,0,0,0,1,0,1,0,0,0,0,0,1,0,0,0,0,0,0,0,0,0,0,0,0,0,0,0,1,0,0,0,0,0,0,0,0,0,0,0,0,0,1,0,0,0,0,0,0,0,0,0,0,0,0,0,0,0,1,0,0,1,0,0,0,0,0,0,0,0,0,0,0,0,0,0,0,2,1,0,0,0,0,0,0,0,1,0,0,0,0,0,1,0,1,1,0,0,0,1,0,0,0,0,1,0,0,1,0,0,0,0,0,1,0,0,2,2,0,0,0,2,0,0,0,0,3,0,0,0,1,0,0,0,0,0,0,0,0,0,0,0,0,0,0,0,5,0,1,0,0,1,0,0,0,0,0,0,0,1,0,0,0,0,0,0,0,0,0,0,0,0,0,0,0,1,0,0,0,4,0,0,0,0,0,0,0,0,0,0,1,0,0,0,1,0,0,0,0,0,0,0,0,2,1,0,0,0,0,0,0,0,0,3,0,0,0,0,1,0,0,0,0,1,0,1,0,0,0,0,1,0,0,1,0,0,0,0,0,0,0,0,0,0,0,0,0,0,0,0,0,0,0,0,0,0,0,0,0,0,0,0,1,0,0,0,0,1,0,0,0,0,0,1,0,0,0,0,1,0,0,0,1,1,0,1,1,0,0,0,1,0,0,0,0,4,0,0,0,0,0,1,0,1,0,0,1,0,0,0,0,0,0,0,0,0,0,0,0,0,0,0,0,0,0,0,0,0,0,0,1,0,0,0,0,0,0,0,0,0,0,1,0,1,1,0,2,0,1,0,0,0,0,0,0,0,0,0,0,0,1,0,0,0,0,0,0,0,0,0,0,0,0,1,0,1,0,0,0,0,0,0,1,0,0,0,0,0,0,0,0,0,0,0,0,0,0,0,0,0,0,0,0,0,0,0,0,0,1,1,0,0,0,0,3,0,1,1,0,0,0,0,0,0,2,0,0,0,0,0,0,0,1,0,0,0,1,0,0,0,0,0,0,0,0,0,0,0,0,0,0,0,0,1,1,0,0,0,0,0,0,0,0,0,3,1,0,0,0,0,0,0,0,0,0,0,0,0,0,0,0,1,0,0,0,0,0,0,0,0,0,0,0,0,1,3,0,0,1,0,0,1,0,0,0,0,0,0,0,4,0,0,0,0,0,0,0,1,0,0,0,0,1,0,0,0,0,0,0,1,0,0,0,1,0,0,0,0,0,0,0,0,0,0,0,0,0,1,1,1,0,1,0,0,0,0,0,0,0,0,0,0,0,0,0,0,0,0,0,0,0,2,0,0,0,0,0,0,1,0,0,0,0,0,0,0,0,0,1,0,0,0,0,0,1,0,1,1,0,0,0,0,1,0,0,0,0,0,0,0,0,0,1,0,0,0,0,0,0,0,0,0,0,0,0,0,0,3,0,0,0,0,0,0,0,0,1,0,0,0,0,0,0,0,0,0,0,0,0,0,0,0,0,2,0,0,0,0,0,0,0,0,0,0,0,1,0,0,0,0,0,0,0,0,1,0,0,0,0,0,1,0,0,0,0,0,3,1,0,0,0,0,3,0,0,1,0,0,0,1,0,0,1,0,0,0,0,0,0,0,0,0,0,1,0,0,0,0,0,0,1,0,0,1,1,0,2,0,0,0,0,0,0,0,0,0,0,0,1,0,0,0,0,0,0,0,0,0,0,0,0,0,0,1,0,1,0,0,0,0,0,1,0,0,0,0,0,0,0,0,0,0,1,0,0,0,0,0,0,0,0,0,0,0,0,0,2,0,0,0,0,0,0,0,0,0,0,0,0,1,0,0,0,0,0,0,1,0,0,0,2,1,0,0,0,0,0,3,0,1,0,0,0,0,1,0,0,0,3,0,0,0,0,0,2,0,0,0,0,0,0,0,0,0,1,1,0,0,1,0,1,0,0,0,0,0,1,0,0,1,0,0,0,0,0,0,0,1,0,0,0,0,0,0,0,0,0,0,0,3,0,0,0,0,1,0,0,1,0,0,0,0,2,0,0,0,0,0,0,0,0,0,0,0,0,0,0,0,0,0,0,0,0,0,0,0,0,0,0,0,0,0,0,0,0,1,0,0,2,0,0,0,0,0,0,0,0,0,0,0,0,0,0,1,0,0,0,0,0,0,0,1,0,0,0,0,0,0,0,0,1,1,2,0,1,0,0,0,0,0,0,2,0,0,0,0,0,0,0,0,1,0,0,0,0,1,0,0,0,0,0,0,0,0,0,0,0,0,0,0,0,0,1,0,0,0,0,0,0,0,0,0,0,0,0,0,0,0,0,0,1,1,0,0,0,0,0,0,0,0,0,0,0,1,0,0,0,0,0,1,0,0,0,0,1,1,0,0,0,0,1,0,0,0,0,3,0,0,0,0,0,0,0,0,0,1,0,0,0,0,0,0,0,0,0,0,1,0,0,0,0,0,0,0,1,0,0,0,0,1,0,0,0,0,3,0,0,0,0,0,0,0,0,0,0,0,0,0,0,1,0,3,0,0,0,0,1,0,2,0,1,0,0,0,0,0,0,0,0,1,0,0,0,0,0,0,0,0,0,0,0,2,1,0,0,5,0,0,0,0,0,0,0,0,1,0,0,0,0,0,0,0,0,0,0,0,0,0,0,0,0,0,1,1,0,0,0,0,0,0,0,0,0,0,0,0,0,0,0,0,0,0,0,0,1,0,0,0,0,1,0,1,0,0,0,0,0,0,0,0,0,0,1,0,1,0,0,2,0,0,0,0,0,0,0,0,0,0,0,1,0,0,0,0,0,0,0,0,0,0,0,0,0,0,0,0,1,0,0,0,0,0,0,0,0,1,3,1,0,0,0,0,0,0,0,0,0,0,0,0,0,0,0,0,0,0,0,0,0,1,0,0,2,0,0,0,0,0,0,0,0
LRRC26,0,0,0,0,0,0,0,0,0,0,0,0,0,0,0,0,0,0,0,0,0,0,0,0,0,0,0,0,0,0,0,0,0,11,0,0,0,0,0,0,0,0,0,0,0,0,0,0,0,0,0,0,0,0,0,0,0,0,0,0,0,0,0,0,0,0,0,0,0,0,0,0,0,0,0,0,0,0,0,0,0,0,0,0,0,0,0,0,0,0,4,0,0,0,0,0,0,0,0,0,0,0,0,0,0,0,0,0,0,0,0,0,0,0,0,0,0,0,0,0,0,0,0,0,0,0,0,0,0,0,0,0,0,0,0,0,0,0,0,0,0,0,0,0,0,0,0,0,0,0,0,0,0,0,0,0,0,0,0,0,0,0,0,0,0,0,0,0,0,0,0,0,0,0,0,0,0,0,0,0,0,0,0,0,0,0,0,0,0,0,0,0,0,0,0,0,1,0,0,0,0,0,0,0,0,0,0,0,0,0,0,0,0,0,0,0,0,0,3,0,0,0,12,0,0,0,0,0,0,0,0,0,0,0,0,0,0,0,0,0,0,0,0,0,0,0,0,0,0,0,0,0,0,0,0,0,0,0,0,0,0,0,0,0,0,0,0,0,0,0,0,0,0,0,0,0,0,0,0,0,0,0,0,0,0,0,0,0,0,0,0,0,0,0,0,0,0,0,0,0,0,0,0,0,0,0,0,0,0,0,0,0,0,0,0,0,0,0,0,0,0,0,0,0,0,0,0,0,0,0,0,0,0,0,0,0,0,0,0,0,0,0,0,0,0,0,0,0,0,0,0,0,0,0,0,0,0,0,0,0,0,0,0,0,0,0,0,0,0,0,0,0,0,0,0,0,0,0,0,0,0,0,0,0,0,0,0,0,0,0,0,0,0,0,0,0,0,0,0,0,0,0,0,0,0,0,0,0,0,0,0,0,0,0,0,0,0,0,0,0,0,0,0,0,0,0,0,0,0,0,0,0,0,0,0,0,0,0,0,0,0,0,0,0,0,0,0,0,0,0,0,0,0,0,0,0,0,0,0,0,4,0,0,0,0,0,0,0,0,0,0,0,0,0,0,0,0,0,0,0,0,0,0,0,0,0,0,0,0,0,0,0,0,0,0,0,0,0,0,0,0,0,0,0,0,0,0,0,0,1,0,0,0,0,0,0,0,0,0,0,0,0,0,0,0,0,0,0,0,0,0,0,0,0,0,0,0,0,0,0,0,0,0,0,0,0,0,0,0,0,0,0,0,0,0,0,0,0,0,0,0,0,0,0,0,0,0,0,0,0,0,0,0,0,0,0,0,0,0,0,0,0,0,0,0,0,0,0,0,0,0,0,0,0,0,0,0,0,0,0,0,0,0,0,0,0,0,0,0,0,0,0,0,0,0,0,0,0,0,0,0,0,0,0,0,0,0,0,0,0,0,0,0,0,0,0,0,0,0,0,0,0,0,0,0,0,4,0,0,0,0,0,0,0,0,0,0,0,0,0,0,0,0,0,0,0,0,0,0,0,0,0,0,0,0,0,0,0,0,0,0,0,0,0,0,0,0,0,0,0,0,0,0,0,0,0,0,0,0,0,0,0,2,0,0,0,0,0,0,0,0,0,0,0,0,0,0,0,0,0,0,0,0,0,0,0,0,0,0,0,0,0,0,0,7,0,0,0,0,0,0,0,0,0,0,0,0,0,0,0,0,0,0,0,0,0,0,0,0,0,0,0,0,0,0,0,0,0,0,0,0,0,0,0,0,0,0,0,0,0,0,0,0,0,0,0,0,0,0,0,0,0,0,0,0,0,0,0,0,0,0,0,0,0,0,0,0,0,0,0,0,0,0,0,0,0,0,0,0,0,0,0,0,0,0,0,0,0,0,0,0,0,0,0,0,0,0,0,0,0,0,0,0,0,0,0,0,0,0,0,0,0,0,0,0,0,0,0,0,0,0,0,0,0,0,0,0,0,0,0,0,0,0,0,0,0,0,0,0,0,0,0,0,0,0,0,0,0,0,0,0,0,0,0,0,0,0,0,0,0,0,0,0,0,0,0,0,0,0,0,0,0,0,0,0,0,0,0,0,0,0,0,0,0,3,0,0,0,0,0,0,0,0,0,0,0,0,0,0,0,0,0,0,0,0,0,0,0,0,0,0,0,0,0,0,0,0,0,0,0,0,0,0,0,0,0,0,0,0,0,0,0,0,0,0,0,0,0,0,0,0,0,0,0,0,0,0,0,0,0,0,0,0,0,0,0,0,0,0,0,0,0,0,0,0,0,0,0,0,0,0,0,0,0,0,0,0,0,0,0,0,0,0,0,0,0,0,0,0,0,0,0,0,0,0,0,0,0,0,0,0,0,0,0,0,0,0,0,0,0,0,0,0,0,0,0,0,0,0,0,0,0,0,0,0,0,0,0,0,0,0,0,0,0,0,7,0,0,0,0,3,0,0,0,0,0,0,0,0,0,0,0,0,0,0,0,0,0,0,0,0,0,0,0,0,0,0,0,0,0,0,0,0,0,0,0,0,0,0,0,0,0,0,0,0,0,0,0,0,0,0,0,0,0,0,0,0,0,0,0,0,0,0,0,0,0,0,0,4,0,0,0,1,0,0,0,0,0,0,0,0,0,0,0,0,0,0,0,0,0,0,0,0,0,1,0,0,0,0,0,0,0,0,0,0,0,0,0,0,0,0,0,0,0,0,0,0,0,0,0,0,0,0,0,0,0,0,0,0,0,0,0,0,0,0,0,0,0,0,0,0,0,0,0,0,0,0,0,0,0,0,0,0,0,0,1,0,0,0,0,0,0,0,0,0,0,0,1,0,0,0,0,0,0,0,0,0,0,0,0,0,0,0,0,0,0,0,0,0,0,0,0,0,0,0,0,0,0,0,0,0,1,0,0,0,0,0,0,0,0,0,0,0,0,0,0,0,0,0,0,0,0,0,0,0,0,0,0,0,0,0,0,0,0,0,0,0,0,0,0,0,0,0,0,0,0,0,0,0,0,0,0,0,0,0,0,0,0,0,0,0,0,0,0,0,0,0,0,0,0,0,0,0,0,0,0,0,0,0,0,0,0,0,0,0,0,0,0,0,0,0,0,0,0,0,0,0,0,0,0,0,0,0,0,0,0,0,0,0,4,0,0,0,0,0,0,0,0,0,0,0,0,0,0,0,0,0,0,0,1,0,0,0,0,0,0,0,0,0,0,0,0,0,0,0,0,0,0,0,0,0,0,0,0,0,0,0,0,0,0,0,0,0,0,0,0,0,0,0,0,0,0,0,0,0,0,0,0,0,0,0,0,0,0,0,0,0,0,0,0,0,0,0,0,0,0,0,0,0,0,0,0,0,0,0,0,0,0,0,0,0,0,0,0,0,0,0,0,0,0,0,0,0,0,0,0,0,0,0,0,0,0,0,0,0,0,0,0,0,0,0,0,0,0,0,0,0,0,0,0,0,0,0,0,0,0
DERL3,0,0,0,0,0,0,0,0,0,0,0,0,0,0,0,0,0,0,0,0,0,0,0,0,0,0,0,0,0,0,0,0,0,3,0,0,0,0,0,0,0,0,0,1,0,0,0,0,0,0,0,0,0,0,0,0,0,0,0,0,0,0,0,0,0,0,0,0,0,0,0,0,0,0,0,0,0,0,0,0,0,0,0,0,0,0,0,0,0,0,2,0,0,0,0,0,0,1,0,0,0,0,0,0,0,0,0,0,0,0,0,0,0,0,0,0,0,0,0,0,0,0,0,0,0,0,0,0,0,0,1,0,0,0,0,0,0,0,0,0,0,0,0,0,0,0,0,0,0,0,0,0,0,0,0,0,0,0,0,0,0,0,0,0,0,0,0,0,0,0,0,0,0,0,0,0,0,0,0,0,0,0,0,0,0,0,0,0,0,0,0,0,0,0,0,0,0,0,0,0,0,0,0,0,0,0,0,0,0,0,0,0,0,0,0,0,0,0,2,0,0,0,5,0,0,0,0,0,0,0,0,0,0,0,0,0,0,0,0,0,0,0,0,0,0,0,0,0,0,0,0,0,0,0,0,0,0,0,0,0,0,0,0,0,0,0,0,0,0,0,0,0,0,0,0,0,0,0,0,0,0,0,0,0,0,0,0,0,0,0,0,0,0,0,0,0,0,0,0,0,0,0,0,0,0,0,0,0,0,0,0,0,0,0,0,0,0,0,0,0,0,0,0,0,0,0,0,0,0,0,0,0,0,0,0,0,0,0,0,0,0,0,0,0,0,0,0,0,0,0,0,0,0,0,0,0,0,0,0,0,0,0,1,0,0,0,0,0,0,0,0,0,0,0,0,0,0,0,0,0,0,1,0,0,0,0,0,0,0,0,0,0,0,0,0,0,0,0,0,0,0,0,0,0,0,0,0,0,0,0,0,0,0,0,0,0,0,0,0,0,0,0,0,0,0,0,0,0,0,0,0,0,0,0,0,0,0,0,0,0,0,0,0,0,0,0,0,0,0,0,0,0,0,0,0,0,0,0,0,0,6,0,0,0,0,0,0,0,0,0,0,0,0,0,0,0,0,0,0,0,0,0,0,0,0,0,0,0,0,0,0,0,0,0,0,0,0,0,0,0,0,0,0,0,0,0,0,0,0,0,0,0,0,0,0,0,0,0,0,0,0,0,0,0,0,0,0,0,0,0,0,1,0,0,0,0,0,0,0,0,0,0,0,0,0,0,0,0,0,0,0,0,0,0,0,0,0,0,0,0,0,0,0,0,0,0,0,0,0,0,0,0,0,0,0,0,0,0,0,0,0,0,0,0,0,0,0,0,2,0,0,0,0,0,0,0,0,0,0,0,0,0,0,0,0,1,0,0,0,0,0,0,0,0,0,0,0,0,0,0,0,0,0,0,0,0,0,0,0,0,0,0,0,0,0,0,0,0,0,1,0,0,0,0,0,0,12,0,0,0,0,0,0,0,0,0,0,0,0,0,0,0,0,0,0,0,0,0,0,0,0,0,0,0,0,0,0,0,0,0,0,0,0,0,0,0,0,0,0,0,0,0,0,0,0,0,0,0,0,0,0,0,9,0,0,0,0,0,0,0,0,0,0,0,0,0,0,0,0,0,0,0,0,0,0,0,0,0,0,0,0,0,0,0,4,0,0,0,0,0,0,0,0,0,0,0,0,0,0,0,0,0,0,0,0,0,0,0,0,0,0,0,0,0,0,0,0,0,0,0,0,0,0,0,0,0,0,0,0,0,0,0,0,0,0,0,0,0,0,0,0,0,0,0,0,0,0,0,0,0,0,0,0,0,0,0,0,0,0,0,0,0,0,0,0,0,0,0,0,0,0,0,0,0,0,0,0,0,0,0,0,0,0,0,0,0,0,0,0,0,0,0,0,0,0,0,0,0,0,0,0,0,0,0,0,0,0,0,0,0,0,0,0,0,0,0,0,0,0,0,0,0,0,0,0,0,0,0,1,0,0,0,0,0,0,0,0,0,0,0,0,0,0,0,0,0,0,1,0,0,0,0,0,0,0,0,0,0,0,0,0,0,0,0,0,0,0,0,0,1,0,0,0,0,3,0,0,0,0,0,0,0,0,0,0,0,0,0,0,0,0,0,0,0,0,0,0,0,0,0,0,0,0,0,0,0,0,0,0,0,0,0,0,0,0,0,0,0,0,0,0,0,0,0,0,0,0,0,0,0,0,0,0,0,0,0,0,0,0,0,0,0,0,0,0,0,0,0,0,0,0,0,0,0,0,0,0,0,0,0,0,1,0,0,0,0,0,0,0,0,0,0,0,0,0,0,0,0,0,0,0,0,0,0,0,0,0,0,0,0,0,0,0,0,0,0,0,0,0,0,0,0,0,0,0,0,0,0,0,0,0,0,0,0,0,0,0,0,0,0,0,0,0,0,0,4,0,0,0,0,6,0,0,0,0,0,0,0,0,0,0,0,0,0,0,0,0,0,0,0,0,0,0,0,0,0,0,0,0,0,0,0,0,0,1,0,0,0,0,0,0,0,0,0,0,0,0,0,0,0,0,0,0,0,0,0,0,0,0,0,0,0,0,0,0,0,0,0,11,0,0,0,2,0,0,0,0,0,0,0,0,0,0,0,0,0,0,0,0,0,0,0,0,0,5,0,0,0,0,0,0,0,0,0,0,0,0,0,0,0,0,0,0,0,0,0,0,0,0,0,0,0,0,0,0,0,0,0,0,0,0,0,0,0,0,0,0,0,0,0,0,0,0,0,0,0,0,0,0,0,0,0,0,0,0,6,0,0,0,0,0,0,0,0,0,0,0,1,1,0,0,0,0,0,0,0,0,0,0,0,0,0,0,0,0,2,0,0,0,0,0,0,0,0,0,0,0,0,0,0,0,0,0,0,0,0,0,0,0,0,0,0,0,0,0,0,0,0,0,0,0,0,0,0,0,0,0,0,0,0,0,0,0,0,0,0,0,0,0,0,0,0,0,0,0,0,0,1,0,0,0,0,0,0,0,0,0,0,0,1,0,0,0,0,0,0,0,0,0,0,0,0,0,0,0,0,0,0,0,0,0,0,0,0,0,0,0,0,0,0,0,0,0,0,0,0,0,0,0,0,0,0,0,0,0,0,0,0,0,2,0,0,0,0,0,0,0,0,0,0,0,0,0,0,0,0,0,0,0,2,0,0,0,0,0,0,0,0,0,0,0,0,0,0,0,0,0,0,0,0,0,0,0,0,0,0,0,0,0,0,0,0,0,0,0,0,0,0,0,0,0,0,0,0,0,0,0,0,0,0,0,0,0,0,0,0,0,0,0,0,0,0,0,0,0,0,0,0,0,0,0,0,0,0,0,0,0,0,0,0,0,0,0,0,0,0,0,0,0,0,0,0,0,0,0,0,0,0,0,0,0,0,0,0,0,0,0,0,0,0,0,0,0,0,0,0,0,0,0,0,0,0,0,0,0,0
B4GALT1,0,0,0,0,0,0,0,1,1,0,1,0,0,0,0,0,0,1,0,0,0,0,0,0,0,0,0,0,1,1,0,0,1,1,0,0,0,0,0,0,0,0,0,0,0,0,0,1,0,0,0,0,0,0,0,0,0,0,0,0,0,0,0,0,0,0,0,0,0,0,0,0,0,0,0,0,0,0,0,0,0,0,0,0,0,0,0,0,0,0,4,0,0,0,0,0,0,0,0,0,0,1,0,1,0,0,1,0,0,0,0,0,0,0,0,0,0,0,0,1,0,0,0,0,0,0,0,0,1,0,0,0,1,1,0,0,0,0,0,0,0,0,0,1,0,0,0,0,0,0,1,0,0,0,0,0,0,0,0,1,0,0,0,0,1,0,0,0,0,0,0,0,1,0,0,1,0,0,0,1,0,0,0,0,0,1,0,0,0,0,0,0,0,0,0,2,0,0,0,1,0,0,0,1,0,0,0,0,0,0,0,0,0,0,0,0,0,0,7,0,0,0,1,0,0,0,0,0,0,0,0,0,0,1,0,0,0,0,0,0,0,0,2,0,0,1,0,0,1,1,0,0,0,0,0,0,0,0,0,0,0,0,0,0,0,0,0,0,0,0,0,0,0,0,0,0,0,0,1,0,0,0,0,0,0,0,0,0,0,0,1,0,0,1,0,1,0,0,0,0,0,0,0,0,0,0,0,0,0,0,0,0,0,0,0,0,0,0,0,0,0,0,0,0,1,0,0,1,0,0,0,0,0,0,0,0,0,0,0,0,1,0,0,0,0,0,0,1,0,0,0,0,2,0,0,0,1,0,0,0,0,0,0,1,0,0,0,0,1,0,0,1,0,0,0,0,0,0,0,0,1,2,0,0,0,0,0,1,0,0,0,1,0,0,0,1,1,0,0,0,0,0,0,0,1,0,0,0,1,1,0,0,0,0,0,0,0,0,0,0,0,0,0,1,0,0,0,0,0,1,0,0,0,0,0,0,0,0,0,0,0,0,0,0,0,1,0,0,0,0,1,0,0,1,0,0,0,1,0,0,0,0,0,0,0,1,0,0,0,0,0,0,0,0,0,0,0,0,0,0,1,0,0,0,1,1,1,1,0,0,0,0,0,0,0,1,0,1,0,0,0,0,0,0,0,0,1,1,1,0,0,0,0,0,0,0,0,0,0,0,0,0,0,0,0,0,0,0,0,0,0,0,0,0,0,0,0,2,0,0,0,0,0,1,0,0,0,0,0,0,1,1,0,1,0,0,1,0,0,0,0,0,0,0,0,0,0,0,0,0,0,1,0,0,0,0,0,0,0,0,0,0,0,0,0,0,0,0,0,0,1,0,0,0,0,0,0,0,1,0,0,0,0,0,0,1,1,0,0,0,0,0,0,0,0,0,0,0,0,0,0,0,0,0,0,0,0,0,0,0,1,0,0,0,0,0,0,0,0,0,0,0,0,0,0,0,1,0,0,0,0,0,0,1,1,0,1,0,1,0,1,0,2,0,0,0,0,0,0,0,0,0,0,0,0,0,0,0,0,0,0,1,0,0,0,0,0,0,0,0,0,0,0,0,0,0,0,0,0,0,0,0,0,0,0,0,0,0,0,0,0,1,0,0,0,0,0,0,0,0,0,0,0,0,0,0,0,0,0,0,0,0,0,0,0,0,2,1,0,0,0,0,0,0,0,3,0,0,0,0,0,0,0,0,1,1,0,0,0,0,0,0,0,0,1,0,0,0,0,0,0,0,0,0,0,0,0,0,1,0,0,1,0,0,0,1,0,0,0,0,0,0,0,1,1,0,1,0,0,0,0,0,0,0,0,0,0,0,0,0,0,0,0,0,0,0,0,0,0,0,0,0,0,0,0,1,0,0,0,0,0,0,0,0,0,0,1,0,0,0,0,0,0,0,0,3,0,0,0,0,0,0,0,1,1,0,0,0,0,0,0,0,0,0,0,0,0,0,0,0,0,0,1,0,0,1,2,0,0,0,0,1,0,0,0,0,0,0,0,0,1,0,0,0,0,0,0,0,0,0,0,0,0,1,0,0,0,1,0,0,1,0,1,0,0,0,0,0,0,1,0,0,0,1,2,0,1,0,0,0,0,1,0,0,0,0,0,1,2,0,0,0,0,0,0,0,1,0,0,0,0,0,0,0,0,0,0,0,0,0,0,1,0,0,2,0,0,0,2,0,0,1,0,1,0,2,0,0,0,0,0,0,0,0,0,0,0,0,0,0,0,0,0,0,0,0,0,0,0,0,0,0,0,1,0,0,0,0,0,0,0,1,0,0,0,0,0,0,0,0,0,0,0,0,0,0,0,0,0,0,0,0,0,0,0,0,0,1,0,0,0,0,1,1,0,0,0,0,0,1,0,0,0,1,0,0,0,0,0,0,0,0,1,0,0,0,0,0,0,0,1,0,0,0,0,1,0,0,0,0,0,0,0,0,0,1,1,0,0,0,0,1,0,0,0,0,0,0,0,0,0,0,0,0,0,0,0,0,0,0,0,0,0,0,0,0,0,0,0,0,0,0,0,0,0,0,0,0,0,0,1,0,0,0,0,0,0,0,0,0,1,0,0,0,0,0,0,0,1,0,0,0,9,1,0,0,0,0,0,0,0,0,0,0,0,0,0,0,0,0,0,0,0,0,0,0,0,0,0,0,0,0,0,0,0,0,0,0,1,0,0,0,0,0,0,0,0,0,0,0,0,1,0,0,0,0,2,0,0,0,0,0,0,0,0,0,0,0,0,0,0,0,0,0,2,0,0,0,1,0,0,0,0,0,0,1,3,0,0,0,0,0,0,0,0,0,0,0,0,0,0,1,0,0,1,0,0,0,0,1,0,0,2,2,0,0,0,0,0,0,0,0,1,0,0,0,3,0,0,0,0,0,0,1,0,0,0,0,0,0,0,0,0,0,0,0,3,0,1,0,2,0,1,0,0,0,0,0,0,0,0,0,0,0,1,0,0,0,0,0,0,1,0,1,0,0,0,0,0,0,0,0,0,0,0,0,0,0,2,0,0,0,0,1,0,0,0,0,0,0,0,0,0,0,0,0,0,0,0,0,0,0,0,0,0,1,0,1,0,0,0,0,0,0,0,1,1,0,0,0,0,1,0,0,0,1,0,0,0,4,1,1,0,0,0,0,1,0,0,0,0,0,0,0,1,0,0,0,0,9,0,1,0,0,0,0,0,2,0,0,1,0,0,0,0,0,0,0,1,0,0,0,0,0,0,0,0,0,0,0,0,0,0,0,0,3,0,0,0,0,0,0,1,0,0,1,0,0,0,0,0,0,1,0,0,0,0,0,0,0,0,0,0,1,0,0,0,0,0,0,0,0,0,0,0,0,0,0,1,0,0,1,1,0,0,0,0,1,0,0,0,2,0,0,0,0,0,0,0,0,0,0,0,0,0,0,1,0,0,0,0,0,0,0,1,0,0,0,0,0,0,0,0,0,1,0
EOMES,0,0,1,0,0,0,0,0,0,0,0,0,0,0,0,0,0,0,0,0,0,0,0,0,0,0,0,0,1,0,1,0,0,0,0,0,0,0,0,0,0,0,0,0,0,0,0,0,0,0,0,0,0,1,0,0,0,0,0,0,0,0,0,0,0,0,0,0,0,0,0,0,0,0,0,0,1,0,0,0,0,0,0,0,0,0,0,0,2,0,0,0,0,0,0,0,0,0,0,0,1,0,0,0,1,0,0,0,0,0,0,0,0,0,0,0,0,0,0,0,0,0,0,0,0,0,1,0,0,0,0,0,0,0,0,0,0,0,0,0,0,0,0,0,1,0,0,0,0,0,0,0,0,0,0,0,0,0,0,0,0,0,0,0,0,0,0,0,0,0,0,1,0,0,0,0,0,0,0,0,0,0,0,0,0,0,0,0,0,0,0,0,0,0,0,0,0,0,0,0,0,0,0,0,0,0,0,0,0,0,0,0,0,0,0,1,0,0,1,0,0,0,0,0,0,0,0,0,0,0,0,0,0,0,0,0,0,0,0,0,0,0,0,0,0,0,0,0,0,0,0,0,0,0,0,0,0,0,0,0,0,0,0,0,0,1,0,0,0,0,0,0,0,0,1,0,0,0,0,0,0,0,0,0,0,0,0,0,0,0,0,0,0,0,0,0,0,0,0,1,0,0,1,0,0,0,0,0,0,0,0,0,0,0,0,0,0,0,0,0,0,0,0,0,0,0,0,0,0,0,0,0,0,0,0,0,0,0,0,0,0,0,0,0,0,1,0,0,0,0,0,0,0,0,0,0,0,0,0,0,0,0,0,0,1,0,0,0,0,0,0,0,1,0,0,0,0,1,0,0,0,0,0,0,0,0,0,0,0,0,0,0,0,0,0,0,0,1,0,0,0,0,2,0,0,0,0,0,0,0,0,0,0,0,0,0,0,0,0,0,0,0,0,0,0,0,0,0,0,0,0,0,0,0,0,0,0,0,0,0,0,0,0,0,0,0,1,0,0,0,2,0,0,0,0,0,1,1,0,0,0,0,0,0,0,0,0,0,0,0,0,0,0,0,0,0,0,2,0,0,0,0,1,0,0,0,0,0,0,0,0,0,0,0,0,0,0,0,0,0,0,0,0,0,0,0,0,0,0,0,0,0,0,0,0,0,0,0,0,0,0,0,0,0,0,0,1,0,0,0,0,0,0,0,0,0,0,0,0,0,0,0,0,0,0,0,0,0,0,0,0,0,0,0,0,0,0,0,0,0,0,0,0,2,0,0,0,0,0,0,0,0,0,0,0,0,0,0,0,0,0,0,0,0,0,1,0,0,0,0,0,0,0,0,0,0,0,0,0,0,0,0,0,0,0,0,0,0,0,0,0,0,2,0,0,0,0,0,0,0,0,1,1,0,0,0,0,0,0,0,0,0,0,0,0,1,0,0,0,0,0,0,0,0,0,0,0,0,0,0,1,0,0,0,0,0,0,0,0,0,0,0,0,0,0,0,0,0,0,0,0,0,0,0,0,1,0,0,0,0,0,0,0,0,0,0,0,0,0,1,0,0,0,1,0,0,1,0,0,0,0,0,0,0,0,0,0,0,0,0,0,1,0,0,0,0,0,0,0,0,0,0,0,1,0,0,0,0,0,1,0,0,0,0,0,0,0,0,1,0,0,0,2,0,0,0,0,0,0,1,0,0,1,0,0,0,0,0,0,0,0,0,0,0,0,0,2,0,0,0,0,0,0,0,0,0,0,0,0,0,0,0,0,0,0,0,1,1,0,0,1,0,0,0,0,0,0,0,0,0,0,1,0,0,1,0,0,0,0,0,0,0,1,0,0,0,0,1,0,0,0,0,0,0,0,0,0,0,0,0,0,0,0,0,0,0,0,0,0,0,0,0,0,0,0,0,0,0,0,0,0,0,0,0,0,0,0,0,0,0,0,0,0,0,0,1,0,0,0,0,0,0,0,0,0,0,0,0,0,0,0,0,0,0,0,0,0,0,0,0,0,0,0,0,0,0,0,0,0,0,0,0,0,0,0,0,0,0,0,0,0,0,0,0,0,0,0,0,0,0,0,0,0,1,0,0,0,0,0,0,0,0,0,0,0,0,0,0,0,0,0,0,0,1,0,0,1,0,0,0,0,0,0,0,0,0,0,0,0,0,1,0,0,0,0,0,0,0,0,0,0,0,0,0,0,0,0,0,0,0,0,1,0,0,0,0,0,0,0,0,0,0,0,1,0,0,0,0,0,0,0,0,0,0,0,0,0,0,0,0,0,0,0,0,0,0,0,0,0,0,0,0,0,0,1,0,0,0,0,0,1,0,0,0,0,0,0,0,0,0,0,0,1,1,0,0,0,0,0,1,0,0,0,0,0,0,0,0,0,0,0,0,0,0,0,0,0,0,0,0,0,0,0,0,0,0,0,0,0,0,0,0,0,0,0,1,0,0,0,0,0,0,0,0,0,0,0,0,0,0,0,0,0,0,0,0,0,0,0,0,0,0,0,0,0,0,0,0,0,1,0,0,0,0,0,0,0,0,0,0,0,0,0,0,0,0,0,0,0,0,0,0,0,0,0,0,0,0,0,0,0,0,0,0,0,0,0,0,0,0,0,0,0,0,0,0,0,0,0,0,0,0,0,0,0,0,0,0,0,0,0,0,0,0,0,0,0,0,0,0,0,0,0,0,0,0,0,0,0,0,0,0,0,0,0,0,0,0,1,0,0,0,1,0,0,0,0,0,0,0,0,0,0,0,0,0,0,0,0,0,0,0,0,0,0,0,0,0,0,0,0,0,0,0,0,0,0,0,0,0,0,0,0,0,0,0,0,0,0,0,0,0,0,0,0,0,0,0,0,0,2,0,0,0,0,0,0,0,0,0,0,0,0,0,0,0,0,0,0,0,0,0,0,0,0,0,1,0,0,0,0,0,0,0,0,0,0,0,0,0,0,0,0,0,0,0,0,0,0,0,0,0,0,0,0,0,1,0,0,0,0,0,0,0,0,0,0,0,0,0,0,1,0,0,0,0,0,0,0,0,0,0,0,0,0,0,0,1,0,0,0,0,1,0,0,0,1,0,0,0,0,0,0,0,0,0,0,0,0,0,0,1,0,0,0,0,0,0,0,0,0,0,0,0,0,0,1,0,0,1,0,0,0,0,0,0,0,0,0,0,0,0,0,0,0,0,0,0,0,0,0,0,0,0,0,0,0,0,0,0,0,0,0,0,0,0,0,1,0,0,0,0,1,0,0,0,0,0,1,0,0,0,0,0,0,0,0,0,0,0,0,0,0,0,0,0,0,0,0,0,0,0,0,0,0,0,0,0,0,0,0,0,1,0,0,0,0,0,0,0,0,0,0,0,0,0,0,0,0,0,0,0,0,0,0,0,0,0,0,0,0,0,0,0,0,0,0,0,0,0,0,0,0,0,0,0,0,0,0,0,0,0,0,0,0,0
ZCCHC7,0,0,0,0,0,0,1,0,0,0,0,0,0,0,0,0,0,0,0,0,0,0,0,0,0,1,0,0,0,0,0,0,0,0,0,0,0,0,0,2,2,0,0,0,0,0,0,0,0,0,0,0,0,0,0,0,0,0,0,0,0,0,0,0,0,1,0,0,0,0,0,1,1,0,0,1,0,0,1,0,0,0,0,0,0,0,0,0,0,0,0,0,0,0,0,0,0,1,0,1,0,0,0,0,0,0,0,0,0,0,0,0,0,0,0,0,0,0,0,1,0,0,0,0,1,1,0,0,0,0,0,0,0,0,0,0,0,0,0,0,1,0,0,0,1,0,0,0,0,0,0,0,0,0,0,1,0,0,0,0,0,0,0,0,0,0,0,0,0,0,0,0,0,0,0,0,1,0,0,0,0,0,0,1,0,0,0,0,0,0,0,0,0,0,0,0,0,0,0,0,0,0,0,0,0,0,0,0,0,0,0,0,1,0,0,1,0,1,0,0,0,0,0,0,0,1,0,0,0,0,0,0,0,0,0,0,0,0,0,0,0,0,1,0,0,0,0,0,0,0,0,0,0,0,1,0,0,0,0,0,0,0,0,0,0,0,0,0,0,0,0,1,0,0,0,0,1,1,0,0,0,0,0,0,0,0,0,0,0,0,0,0,0,0,0,0,0,0,0,0,0,0,0,0,0,0,0,0,0,0,0,0,0,0,1,0,0,0,0,0,0,0,1,0,0,0,0,1,4,0,0,0,0,0,0,0,1,0,0,0,0,0,0,1,1,0,0,0,0,0,0,0,2,1,0,0,1,1,0,0,0,1,0,0,0,0,0,0,0,0,0,0,0,1,0,0,0,0,0,0,0,0,1,0,0,0,0,0,0,1,0,0,0,0,0,0,0,0,0,0,0,0,0,0,0,0,0,0,0,0,1,0,0,0,0,0,0,1,0,0,0,0,0,0,0,0,0,0,0,0,0,0,0,0,1,0,0,0,0,1,0,0,0,0,0,0,0,0,3,0,0,0,0,1,0,0,0,0,0,0,1,0,0,0,0,1,0,0,0,0,0,0,0,0,0,0,0,0,0,0,0,1,0,1,0,0,0,0,0,0,1,0,0,0,0,0,0,0,0,0,0,0,0,0,0,0,1,1,1,0,0,0,2,0,0,0,0,0,0,0,0,0,0,0,0,0,0,0,0,0,0,0,0,0,0,0,0,0,0,0,0,0,0,0,0,0,0,0,0,0,0,0,0,0,0,0,0,0,0,0,0,0,1,0,0,0,0,2,0,1,0,0,0,0,0,1,0,0,0,0,0,0,0,0,0,1,0,0,1,0,0,0,0,0,0,1,1,0,1,0,0,0,0,0,0,0,0,0,1,0,0,1,1,0,0,0,0,0,0,0,0,3,0,0,0,0,0,1,0,0,0,2,1,0,0,0,1,1,0,0,0,0,2,0,0,0,0,0,0,0,1,1,0,0,2,0,2,0,0,0,0,1,0,0,0,0,0,0,0,0,0,0,0,1,0,0,0,0,0,0,0,1,0,0,0,0,0,0,0,0,0,0,0,0,0,0,0,0,1,0,0,0,1,0,0,0,0,0,0,0,0,0,1,0,0,0,0,0,0,0,0,0,0,0,1,0,1,0,0,0,0,0,0,0,0,0,2,0,0,0,0,0,0,0,1,0,1,1,0,0,0,0,0,1,1,0,0,1,0,0,1,0,1,0,0,1,0,0,0,0,0,0,0,1,0,0,0,0,0,0,0,0,0,0,0,0,0,0,0,0,0,0,0,0,0,0,0,0,0,0,1,0,0,0,0,1,0,0,0,0,0,0,0,0,0,0,0,0,0,0,0,0,0,1,0,1,0,1,0,0,0,0,0,0,0,0,0,0,0,0,0,0,0,0,0,1,0,0,0,0,0,0,0,0,0,0,0,0,0,2,0,0,0,0,0,0,0,0,0,0,0,0,0,0,0,0,2,0,0,0,1,0,0,0,1,0,1,0,1,0,0,1,0,0,1,0,1,0,0,0,0,0,0,1,0,0,1,0,0,0,0,0,1,0,0,0,1,1,0,0,0,0,0,0,0,0,0,0,0,0,0,0,0,0,2,0,0,0,0,0,1,1,0,0,1,0,1,0,0,0,1,0,0,0,0,0,0,0,0,0,1,0,0,0,0,0,0,0,0,0,0,0,0,0,0,0,0,0,0,0,0,0,0,0,0,0,0,0,0,1,0,0,0,0,0,0,0,0,0,0,0,0,0,0,0,0,0,0,0,0,0,0,0,0,0,0,0,0,0,0,1,1,0,0,0,0,0,0,0,0,0,0,0,0,0,1,2,0,0,0,0,0,1,0,0,0,0,0,0,1,0,0,0,0,0,2,0,0,0,0,0,0,0,0,0,2,0,0,0,0,0,0,0,0,0,0,1,0,0,0,0,0,0,0,0,0,0,0,0,0,0,0,0,0,0,0,0,0,0,0,0,0,0,0,0,0,0,0,0,0,0,0,1,0,0,0,0,0,0,0,0,0,0,0,0,0,0,0,0,0,0,0,0,1,0,0,0,0,0,0,0,0,2,1,0,1,0,0,0,0,0,0,0,0,4,0,0,0,0,0,0,0,0,0,0,0,0,0,0,0,1,0,0,0,0,1,0,0,0,0,0,0,0,0,0,0,0,0,0,0,0,0,0,0,0,0,0,0,0,0,0,0,0,0,0,0,0,1,1,0,0,0,0,0,0,0,0,0,1,0,0,0,0,0,1,1,0,0,0,0,0,0,0,0,0,0,0,0,0,0,0,0,0,0,1,0,0,0,3,0,0,0,0,0,1,1,0,0,0,0,0,0,0,0,0,1,0,0,0,0,0,0,1,0,0,0,0,0,0,0,0,0,0,0,0,0,0,0,0,0,0,0,0,0,0,0,0,0,0,0,0,0,1,1,0,1,0,0,0,0,2,0,0,0,1,0,0,0,0,0,0,0,0,0,2,0,0,1,0,0,0,0,0,0,0,0,0,0,0,0,0,0,0,0,0,0,0,1,0,0,0,0,0,0,0,0,1,0,0,0,1,0,1,0,0,0,0,1,0,2,0,0,0,0,1,0,0,0,0,0,0,0,0,0,1,0,0,0,1,0,0,0,0,0,0,0,1,0,0,1,0,0,0,0,0,0,0,0,0,0,0,0,0,0,0,0,0,0,0,0,0,0,0,0,0,0,0,0,0,1,0,0,0,0,0,0,0,0,0,0,0,0,0,0,0,0,0,0,0,0,0,0,0,0,0,0,0,1,0,0,1,0,0,0,0,0,0,0,0,0,0,0,1,0,0,0,0,0,0,0,0,0,0,0,0,0,0,0,0,0,0,0,1,0,0,0,0,0,0,0,0,0,0,1,1,0,0,0,0,0,2,0,0,0,0,0,0,0,0,0,0,0,0,0,0,0,0,0,0,0,0,0,0,0,0,0
ATOX1,0,0,0,0,0,1,2,0,0,0,0,1,0,0,0,0,0,0,0,0,0,0,0,0,0,0,0,1,0,0,0,0,0,0,0,0,0,0,1,0,0,0,0,0,0,1,0,2,0,0,0,0,2,0,0,3,0,0,0,0,0,0,0,0,1,0,0,0,2,0,0,1,0,0,0,0,0,0,0,0,0,0,0,2,0,0,0,0,0,0,1,0,0,1,0,2,0,0,0,0,0,0,2,0,0,0,0,0,0,0,0,0,0,2,0,0,0,0,1,0,0,0,0,0,0,1,0,0,0,0,0,0,0,0,0,0,0,0,2,0,0,0,0,0,2,0,0,1,0,0,0,0,0,0,0,0,1,0,0,0,0,0,2,2,1,1,0,1,0,0,0,0,1,0,0,0,0,0,0,0,0,0,0,0,0,0,0,0,0,0,1,0,0,0,0,0,1,0,0,0,0,1,2,0,0,0,0,1,1,0,0,0,0,1,1,0,0,0,0,0,0,0,0,0,0,1,0,1,0,0,0,0,0,0,0,0,0,0,0,0,1,0,0,1,0,1,0,0,0,1,0,1,0,0,0,0,0,0,0,0,0,1,0,1,0,0,0,0,1,0,0,3,3,0,0,0,0,0,0,0,1,1,0,0,0,0,0,0,0,0,0,1,0,0,0,1,0,0,0,1,0,0,1,0,0,0,0,1,0,0,0,0,0,2,0,0,0,0,0,0,1,0,0,0,0,0,0,0,0,0,0,0,0,0,0,0,0,0,0,1,1,0,0,0,0,0,0,0,1,0,1,0,1,0,0,0,0,0,1,0,0,1,0,1,2,0,2,0,0,0,0,0,0,0,0,0,2,0,0,1,0,0,1,0,1,1,0,1,0,0,0,1,1,0,0,1,0,0,0,2,2,0,0,0,0,0,0,0,0,0,0,0,1,0,0,2,1,0,0,0,0,0,2,1,1,0,0,0,0,0,0,0,0,0,0,0,1,0,0,1,0,0,0,1,0,1,0,1,0,0,0,0,1,0,1,0,0,2,2,0,0,0,0,0,1,0,0,0,1,0,1,0,0,0,0,0,0,0,0,0,0,0,0,0,1,1,0,0,0,0,0,1,0,1,0,1,0,1,0,0,0,0,0,0,0,1,0,1,0,0,0,0,1,0,0,0,0,0,0,0,0,0,0,2,2,0,0,0,0,0,0,0,0,0,1,0,0,0,0,0,0,0,0,0,1,0,0,0,4,0,1,2,0,1,1,3,0,1,0,0,0,0,0,0,0,0,0,1,1,0,2,1,0,0,2,2,0,0,1,0,0,1,0,0,0,0,0,0,0,0,0,0,1,0,0,0,0,0,0,0,0,1,0,0,2,3,0,1,0,0,1,0,0,0,0,0,0,0,1,1,0,0,0,1,0,0,0,0,0,1,0,0,0,1,0,0,0,0,0,0,1,0,0,0,0,0,0,0,0,1,0,0,0,0,0,0,0,0,1,0,0,0,0,0,0,0,1,0,0,0,0,0,0,0,0,0,0,0,0,0,1,1,0,0,0,0,0,0,0,0,0,0,0,0,0,0,0,0,0,0,1,0,4,0,0,0,0,1,0,1,0,0,1,0,0,0,0,0,0,0,0,0,1,0,0,0,0,0,0,1,0,0,0,0,0,0,0,0,0,0,0,0,0,0,0,0,0,0,0,0,0,0,1,0,0,0,0,0,1,1,0,1,0,0,0,0,0,0,0,0,0,0,0,0,0,0,0,0,1,0,2,1,0,0,1,2,0,0,0,0,0,0,0,0,1,0,0,0,0,0,0,0,0,0,0,0,0,0,0,0,0,2,0,0,0,0,1,0,0,0,0,0,1,0,0,0,0,0,0,0,0,0,0,2,2,0,0,0,1,0,0,0,0,0,0,0,0,0,0,0,0,0,0,0,0,0,0,2,0,0,1,0,0,0,0,0,1,0,0,0,0,0,3,0,1,0,0,0,0,0,0,0,0,1,1,0,0,0,0,1,0,0,1,0,0,0,0,0,1,0,0,0,0,0,0,0,0,0,0,0,1,0,1,0,1,1,0,0,2,0,0,0,1,0,0,0,1,0,1,1,2,0,0,0,0,0,0,2,0,2,0,0,0,0,0,0,0,0,0,0,0,0,0,0,2,0,0,0,0,1,0,1,0,0,1,0,0,0,0,0,0,2,1,0,0,0,0,0,1,0,0,0,0,2,0,0,0,0,0,0,0,0,0,0,0,0,0,0,0,0,0,0,0,0,0,0,0,0,0,0,0,0,2,0,0,0,0,0,0,0,0,0,0,0,0,1,0,0,1,0,3,0,0,0,0,2,0,0,1,0,0,0,0,0,0,0,1,0,0,0,0,0,1,0,0,0,0,0,0,0,0,0,0,3,0,0,1,0,0,0,0,2,0,0,0,1,0,1,2,0,1,0,0,0,0,0,0,0,0,0,0,0,0,0,0,0,0,0,0,0,1,0,1,0,2,1,0,1,0,0,0,0,0,0,0,0,0,0,0,0,0,0,1,0,0,0,0,0,1,0,0,0,0,1,0,0,0,0,0,0,0,0,0,1,0,0,0,0,1,0,0,0,0,2,0,0,1,0,0,0,2,0,0,0,0,0,0,2,0,0,0,0,2,0,0,1,0,0,0,1,0,0,1,0,0,0,0,0,0,0,0,1,0,0,0,0,0,0,0,0,0,0,1,0,0,0,0,0,0,0,0,0,0,0,0,0,0,1,0,0,0,1,0,1,0,0,2,0,0,0,2,3,0,0,0,0,2,0,0,0,0,0,1,0,0,0,0,0,0,0,1,0,0,0,0,0,0,0,0,0,0,0,1,0,0,0,0,1,0,0,0,0,0,0,0,0,2,1,2,0,3,0,0,1,0,1,0,0,0,0,0,0,0,0,0,0,0,2,0,0,0,0,0,0,0,0,0,0,0,0,1,0,0,0,0,0,0,0,1,0,0,1,0,0,0,0,0,0,0,2,0,0,0,0,0,0,0,0,0,0,0,0,0,1,0,0,0,0,0,0,0,0,0,0,2,0,0,2,0,0,0,0,0,1,2,2,0,0,0,1,0,0,0,0,0,0,0,0,0,0,0,0,0,0,0,0,0,1,0,1,1,1,0,0,0,2,0,0,0,2,0,0,0,0,1,0,0,0,0,0,0,0,0,0,0,1,0,4,0,0,0,0,1,0,0,0,1,0,0,1,0,1,0,0,0,0,0,0,0,1,0,0,0,0,0,0,0,0,0,2,0,0,0,0,0,1,0,0,0,0,0,0,1,0,0,0,0,0,0,0,0,0,0,1,0,0,0,0,0,1,0,0,0,1,0,1,0,1,0,0,0,0,0,0,1,0,0,0,1,0,0,0,0,0,0,0,1,0,0,0,0,1,0,0,0,0,0,0,0,0,0,0,1,0,1,0,1,3,0,0,0,0,0,0,0,0
TRG.AS1,0,0,0,0,0,0,2,1,0,0,0,0,0,0,0,0,0,0,0,0,0,0,0,1,0,0,0,0,0,0,0,0,0,0,0,3,0,1,0,0,0,0,0,0,0,0,0,0,0,0,0,0,0,0,1,0,0,0,0,1,0,0,0,0,0,0,0,0,1,0,0,0,0,0,0,1,0,0,0,0,2,0,0,0,0,0,1,0,0,0,0,1,0,0,0,0,0,0,0,0,0,1,0,0,0,0,1,0,0,0,0,0,0,0,0,0,0,1,0,0,0,0,0,0,0,0,0,0,0,0,1,1,0,0,0,0,0,0,0,0,1,0,0,0,0,0,0,0,0,1,0,0,1,0,0,0,0,0,0,0,0,0,0,1,0,0,0,0,0,0,0,0,0,0,0,0,0,0,0,0,0,1,0,0,0,0,0,0,1,0,0,0,1,0,0,0,0,0,0,0,0,1,0,0,0,1,0,0,0,0,1,1,0,0,0,0,0,0,0,0,0,0,0,0,0,0,0,0,0,0,0,0,0,0,0,0,0,0,0,0,0,0,1,0,0,0,0,0,0,0,0,0,0,0,0,0,0,0,0,0,0,0,0,0,0,0,0,0,0,0,0,1,0,0,0,0,0,0,0,0,0,0,0,0,0,0,0,0,0,0,0,0,0,0,0,0,0,0,2,0,0,0,0,0,0,0,0,0,0,0,0,0,0,0,0,0,0,0,0,0,0,0,0,0,0,0,0,0,0,0,0,0,0,0,0,0,0,0,0,0,0,0,0,0,0,0,0,0,1,0,0,0,0,0,0,0,0,0,0,0,0,0,0,0,0,0,0,1,1,0,1,0,0,0,1,0,0,0,0,1,0,0,0,0,0,0,0,0,0,0,0,0,0,0,0,0,0,0,0,0,0,0,1,0,0,0,0,0,1,0,1,0,0,0,0,0,0,0,0,0,0,0,2,0,1,0,0,1,0,0,0,0,0,1,0,0,0,0,0,0,0,0,0,0,0,0,1,0,0,0,0,0,0,0,1,0,0,0,0,0,0,0,0,0,0,0,0,0,0,0,0,0,0,0,0,0,0,0,0,0,1,0,0,0,0,0,0,1,0,0,0,0,0,0,0,0,0,0,0,0,0,0,0,0,0,0,0,0,3,0,0,0,0,0,0,0,0,0,0,0,0,0,1,0,0,0,0,0,0,0,0,1,1,0,0,0,1,0,0,0,0,0,0,1,0,0,0,0,0,0,0,0,0,0,0,0,0,0,1,0,0,0,0,1,0,1,0,0,1,0,0,0,0,0,0,0,0,0,0,1,0,0,0,0,0,1,0,0,0,0,0,0,0,0,0,0,0,0,0,0,0,0,0,0,0,0,0,0,0,0,0,0,0,0,0,0,1,0,0,0,0,0,0,0,0,3,0,0,0,0,0,0,2,0,0,0,0,0,0,0,0,0,0,0,1,0,0,0,0,0,0,0,0,0,0,0,0,0,0,0,0,0,0,1,0,0,0,0,0,0,0,0,0,2,0,0,0,0,0,0,0,0,0,0,0,0,0,0,0,1,0,0,0,0,0,0,0,0,0,0,0,0,0,0,0,0,0,0,1,1,0,0,0,0,0,0,0,0,0,0,0,0,0,0,0,0,0,0,0,0,3,0,0,0,0,0,0,0,0,0,0,0,1,0,0,0,0,0,0,0,0,0,0,0,0,0,0,0,0,0,0,0,0,0,0,0,0,0,1,0,0,0,0,0,0,0,0,0,0,0,0,0,0,0,0,0,1,0,0,0,0,0,0,0,0,0,0,0,0,0,0,0,0,0,0,0,1,0,0,0,0,1,0,0,0,0,0,0,1,0,0,0,0,0,0,0,0,0,0,0,0,0,0,0,1,1,0,0,0,0,0,0,0,0,0,0,0,1,0,0,0,0,0,0,1,0,0,0,0,0,0,0,0,0,0,0,0,0,1,0,0,0,0,0,0,0,0,0,0,0,1,0,0,0,0,0,0,0,1,0,0,0,0,0,0,0,0,0,0,0,0,0,0,0,0,0,0,0,0,0,0,0,0,0,0,0,0,0,0,0,0,0,0,0,1,0,0,0,0,0,1,0,0,0,0,0,0,0,2,0,0,1,0,0,0,0,0,1,0,0,0,0,0,0,0,0,0,0,0,1,0,0,0,0,0,0,0,0,1,0,0,0,0,0,0,0,0,1,0,1,0,2,0,1,0,0,0,0,0,0,0,0,0,0,1,0,0,0,0,0,0,0,0,1,0,1,0,0,0,0,0,0,0,0,0,0,0,0,0,0,0,0,0,0,0,0,0,0,0,0,0,0,0,0,0,0,0,0,0,0,0,0,0,0,0,0,0,1,1,0,0,0,0,0,0,0,0,0,0,0,0,1,0,0,0,0,0,0,0,0,0,0,0,0,0,0,0,0,0,1,0,0,0,0,0,0,0,1,0,0,0,0,0,0,0,0,0,0,0,0,0,0,0,0,0,0,0,0,0,0,0,0,0,0,0,0,0,0,0,0,0,0,0,0,0,0,0,0,0,0,0,1,0,0,0,1,0,0,0,0,0,1,1,0,0,0,0,0,0,0,0,0,0,0,0,1,0,0,0,1,0,0,1,0,0,0,0,0,0,0,0,2,1,0,0,0,0,0,0,0,0,0,0,0,0,1,1,0,0,0,0,0,0,0,0,0,0,0,0,0,0,0,0,0,0,0,0,0,1,1,0,3,0,0,0,0,0,0,0,1,0,0,0,0,0,0,0,0,0,0,0,0,0,0,0,0,0,0,0,0,1,0,0,0,0,0,0,0,0,1,0,0,0,0,0,0,0,1,0,0,0,0,0,0,0,0,0,0,0,0,0,0,0,0,0,0,0,1,0,0,0,0,0,0,0,0,0,0,0,0,0,0,0,0,0,0,0,0,0,0,0,0,0,0,0,0,0,0,0,0,0,0,0,0,0,1,0,0,0,0,0,0,0,0,0,0,0,0,1,0,0,1,0,0,0,0,0,1,0,0,0,0,0,1,0,0,0,0,0,0,0,0,0,0,0,0,0,0,0,0,0,0,1,1,0,0,0,1,0,0,0,0,0,0,0,0,1,0,0,0,0,0,0,0,0,0,0,0,0,0,0,0,0,0,0,0,0,0,0,0,0,0,0,0,0,0,0,0,0,0,0,0,0,0,0,0,0,0,0,0,0,0,0,1,0,0,0,0,0,0,0,0,0,3,0,0,0,0,0,0,0,0,0,0,0,1,0,0,1,0,0,0,0,0,0,0,0,0,0,3,0,0,0,0,0,0,0,0,0,0,0,0,0,0,0,0,0,0,0,0,0,0,2,0,0,0,0,2,0,0,0,0,0,0,1,0,0,0,1,0,0,0,0,0,0,0,0,0,0,0,0,0,0,0,0,0,0,0,0,0,0,0,0,0,0,0,0,0,0,0,0,1,0,0,0,0
MBD4,1,0,0,1,0,0,0,0,0,0,1,0,0,0,1,1,0,0,1,1,0,0,0,1,0,0,0,0,0,0,0,0,0,1,1,0,0,0,0,0,0,0,0,0,0,0,2,0,1,0,0,0,1,0,0,0,1,0,0,0,0,0,0,0,0,0,0,0,0,0,0,0,0,0,0,0,1,0,0,0,1,0,0,0,1,0,0,2,0,0,0,0,0,0,2,0,0,1,0,2,0,0,0,0,1,0,0,0,0,0,0,0,0,0,0,0,1,1,0,0,0,0,0,1,0,0,0,0,1,0,0,0,0,0,0,0,0,0,0,0,0,1,0,0,1,0,1,0,0,0,0,1,0,0,0,0,0,0,0,0,0,0,1,1,0,0,0,0,0,1,2,0,0,2,0,0,0,0,0,0,0,0,2,1,0,0,0,0,0,0,0,0,0,0,0,0,0,0,0,0,0,0,0,0,0,1,0,2,1,0,1,0,0,0,0,0,0,0,0,1,0,0,0,0,0,0,0,0,0,1,0,0,0,0,0,0,0,0,1,1,0,0,1,0,0,1,0,1,0,1,0,1,0,1,0,0,1,0,0,0,0,1,0,0,2,0,0,1,0,0,0,0,0,0,0,1,1,0,0,0,0,0,0,0,0,0,0,0,2,0,0,0,0,0,0,0,0,0,0,0,0,0,0,0,0,0,0,0,0,0,0,0,1,0,0,1,0,0,1,0,0,0,1,0,1,0,0,1,1,0,0,0,0,0,0,1,0,0,0,0,1,0,1,0,2,0,0,0,0,0,0,0,0,1,0,0,0,0,0,0,0,0,0,1,1,0,1,0,0,0,0,0,0,0,0,0,0,0,0,0,0,0,0,0,0,0,0,1,0,0,1,0,0,0,0,0,0,0,0,1,0,0,0,0,0,0,0,0,0,0,0,0,0,0,0,0,0,0,0,0,0,0,0,0,0,0,0,0,0,1,0,0,0,0,0,1,0,1,0,1,1,0,3,0,0,0,0,0,1,0,1,0,1,0,0,0,0,0,1,0,0,0,0,0,0,0,1,0,0,0,1,0,0,1,1,0,1,0,0,0,0,0,0,0,1,0,0,0,0,0,0,1,0,0,0,0,0,0,0,0,1,1,0,0,1,0,0,0,0,0,0,0,2,0,0,1,0,0,0,0,0,0,1,1,0,0,0,0,0,0,0,1,0,0,0,0,1,1,0,0,1,1,0,0,0,0,0,0,0,0,0,0,0,0,0,0,0,0,0,1,0,0,0,0,0,0,0,0,0,2,0,0,0,0,0,0,0,0,0,0,1,0,0,0,0,1,0,0,2,0,0,0,0,0,0,0,0,2,0,0,0,0,0,0,1,1,0,0,0,0,0,0,0,0,0,1,0,0,0,0,1,1,0,0,0,0,1,0,0,0,0,0,0,0,0,0,0,0,0,1,0,0,0,0,2,1,1,0,2,0,0,0,0,0,1,0,0,0,1,0,0,1,0,0,0,1,0,0,0,3,0,1,1,0,0,0,0,0,0,0,0,0,1,0,0,2,1,0,1,0,1,0,1,0,0,0,1,0,2,0,0,0,0,2,0,0,0,0,0,0,0,0,0,0,0,0,0,1,0,0,0,1,0,0,0,1,1,0,0,0,0,0,0,1,0,0,0,0,0,0,0,0,0,0,0,0,2,0,1,0,0,0,0,0,1,0,0,0,0,0,0,0,1,0,0,1,1,0,0,0,0,0,0,0,0,0,0,0,0,0,0,0,1,0,0,0,0,0,0,0,0,0,0,0,1,0,0,0,0,1,0,0,0,0,0,0,0,0,1,0,0,0,1,0,0,0,0,1,1,0,0,0,1,1,0,0,0,1,0,0,0,0,1,0,0,0,0,0,0,0,0,0,0,0,0,0,0,1,0,0,2,0,1,0,0,1,0,0,0,1,0,0,0,1,0,0,0,0,0,0,1,0,0,0,0,0,0,0,0,0,0,0,0,1,0,0,0,0,0,1,0,0,0,0,0,0,0,0,0,0,0,1,2,1,0,0,1,0,3,0,0,0,0,0,1,0,0,0,0,2,1,3,0,0,0,0,0,0,0,2,0,0,0,0,1,0,0,0,0,0,1,0,1,0,1,2,0,0,0,0,0,0,0,0,0,0,1,0,1,0,0,0,0,0,0,0,0,0,2,0,0,0,0,0,1,1,0,0,1,0,0,0,0,0,0,0,1,0,1,0,1,0,1,1,0,0,0,0,0,0,0,1,0,0,0,0,0,0,0,0,0,0,0,0,0,0,0,0,0,0,1,2,0,0,0,0,0,0,2,0,0,1,2,1,0,0,1,1,0,1,0,0,0,1,0,0,0,1,0,0,0,0,0,0,0,0,0,1,0,2,0,0,1,2,0,0,1,0,0,0,0,1,0,0,1,2,0,0,0,0,0,0,0,0,0,0,0,0,0,1,2,0,0,0,0,0,0,1,0,0,2,0,0,0,0,0,0,0,1,0,0,0,1,0,0,0,0,0,0,0,0,0,0,0,0,0,0,0,0,0,0,0,0,0,0,0,1,0,0,0,0,0,0,0,1,0,0,1,0,0,1,1,0,1,1,0,0,1,0,0,1,0,0,2,0,0,0,0,0,0,2,0,0,0,2,0,0,0,1,1,0,0,0,0,0,0,0,0,0,0,0,0,0,0,0,0,0,0,0,1,0,0,0,0,0,0,0,1,1,0,1,0,2,0,1,0,0,0,0,2,0,1,0,0,0,2,1,0,0,0,0,0,1,1,0,0,0,0,0,0,0,0,0,0,0,0,0,0,0,1,0,0,0,0,0,1,0,0,0,0,0,0,1,0,0,2,0,0,1,0,1,0,0,0,0,0,0,0,0,1,0,0,0,1,0,0,0,0,0,0,0,0,0,0,0,0,0,0,2,0,0,0,0,3,0,0,0,0,0,2,2,0,0,1,0,0,0,0,1,1,0,0,0,0,1,0,0,0,0,0,0,0,0,0,0,0,0,0,4,0,1,0,0,0,0,1,1,0,0,0,0,0,0,0,0,0,0,1,0,0,0,0,0,0,0,0,0,0,0,0,0,0,0,0,0,0,1,0,0,1,0,0,0,0,0,0,2,0,0,0,0,0,0,0,0,0,0,0,2,1,0,0,0,2,0,0,1,0,2,0,0,0,1,0,0,0,0,1,0,1,0,0,0,0,0,0,0,0,0,0,1,0,0,0,0,0,0,0,0,0,0,0,1,0,0,0,0,0,0,0,1,0,0,0,1,0,0,1,0,0,0,0,0,0,0,0,0,0,0,0,1,0,0,1,0,0,0,0,1,1,0,0,1,0,0,0,0,0,0,0,0,0,0,1,0,0,0,0,1,0,0,0,0,0,0,0,0,0,0,0,0,0,0,0,0,0,0,0,0,0,1,0,0,0,0,0,1,2,0,1,0,0,0,0,0,0
HSBP1,0,0,0,0,0,0,1,0,0,0,0,0,2,0,0,3,0,0,1,0,0,0,0,1,0,0,0,0,0,0,0,0,0,1,0,0,0,0,0,0,0,0,0,0,0,0,0,0,0,0,0,0,1,0,0,1,0,0,0,1,1,0,0,1,0,2,0,0,2,0,0,0,0,2,1,0,0,1,0,1,0,0,0,1,0,0,0,0,0,0,0,0,0,0,0,2,0,0,4,2,0,0,0,0,0,0,0,0,1,0,0,0,0,2,0,1,0,0,1,0,0,0,2,0,0,1,0,0,3,0,0,1,0,0,0,0,0,0,0,0,1,0,0,1,1,2,2,1,0,0,2,0,0,1,0,0,0,0,0,0,0,0,0,1,0,0,0,0,0,3,0,1,1,0,2,0,0,0,2,0,0,0,0,0,2,0,0,0,1,2,1,1,0,0,0,0,0,0,0,0,0,0,0,0,0,0,0,1,0,2,0,0,0,1,0,0,0,0,0,2,0,0,0,0,0,0,0,0,0,0,0,0,2,0,2,0,0,0,0,0,0,1,0,0,0,0,0,0,3,1,0,2,0,0,0,0,0,0,0,0,0,0,1,0,0,1,1,0,0,0,0,2,0,3,0,0,0,0,2,0,0,0,0,0,0,0,0,1,0,0,0,1,0,0,1,0,0,0,1,0,0,0,0,0,1,1,0,0,1,0,1,0,0,1,0,0,1,0,0,0,0,1,6,0,0,0,0,0,0,0,0,1,1,0,2,0,0,1,0,1,1,0,1,0,0,0,0,1,0,0,1,0,1,0,0,1,0,1,4,0,0,0,0,1,0,0,3,0,0,1,0,0,0,0,1,1,0,1,0,0,1,0,0,0,0,0,0,0,0,0,0,3,0,3,0,0,1,0,0,1,0,0,0,1,1,0,0,0,0,0,0,0,1,0,0,2,0,0,0,0,1,0,1,0,1,0,0,0,0,0,0,0,0,0,1,0,0,0,0,0,0,0,1,0,0,4,0,0,1,0,1,0,1,0,0,0,0,1,1,1,0,0,0,0,0,0,0,0,0,0,2,0,0,0,0,1,2,0,0,0,0,1,0,0,1,0,0,0,0,0,0,0,1,1,0,1,0,0,1,0,1,1,0,0,0,0,0,1,0,0,0,0,0,1,0,0,0,0,0,0,0,0,0,2,0,0,0,1,0,0,0,0,1,0,1,0,0,0,0,0,3,0,0,1,0,0,0,0,1,1,1,4,0,0,1,0,0,5,0,1,0,0,0,0,0,0,0,0,0,0,0,0,0,0,0,2,0,0,0,0,0,1,0,0,0,0,1,0,0,0,0,0,0,1,0,0,0,1,0,0,0,2,0,0,0,2,0,0,0,1,1,0,0,0,0,0,0,1,0,1,0,0,1,0,0,0,0,1,0,0,0,0,0,1,1,0,0,0,0,0,0,0,0,1,0,0,1,0,0,0,0,0,0,0,0,1,0,0,0,2,1,0,0,0,0,0,1,0,2,0,0,0,1,0,1,0,0,0,0,1,0,1,0,0,0,0,0,0,1,0,0,0,0,0,1,0,0,0,0,0,0,0,1,1,0,1,0,0,0,3,1,0,1,0,1,1,0,0,1,0,0,0,0,0,0,0,0,0,0,0,0,0,0,0,1,1,0,0,0,0,1,0,0,2,0,0,0,0,0,0,0,0,0,0,0,0,0,0,0,0,0,1,0,1,0,1,1,0,0,0,0,0,0,0,1,0,2,0,2,0,0,0,0,0,2,2,0,0,0,0,0,0,0,0,0,0,0,0,2,0,1,0,0,0,1,0,0,0,0,0,0,3,0,0,0,0,0,0,0,2,1,0,2,1,0,1,0,1,0,0,1,0,0,0,0,0,0,0,0,1,0,4,2,0,0,0,0,0,1,0,0,1,0,0,0,0,0,1,0,1,0,0,1,0,1,0,0,1,1,0,0,0,1,0,0,0,0,0,0,1,1,0,1,1,3,0,0,0,0,0,0,0,1,1,0,1,0,0,0,0,0,0,0,0,0,0,0,0,1,1,0,0,0,0,0,0,0,0,0,0,0,1,1,0,0,1,0,0,0,3,0,1,0,0,0,0,0,6,0,1,1,0,1,0,0,0,2,0,0,0,1,1,1,0,0,0,0,0,0,0,0,0,0,0,0,2,0,0,0,0,0,2,0,0,0,1,0,0,0,0,0,0,0,1,1,0,0,0,0,0,1,1,0,0,1,0,0,0,0,0,0,2,0,0,0,1,0,0,0,0,0,0,0,0,0,0,2,0,2,0,0,0,0,1,0,0,0,1,1,0,2,1,0,0,0,1,1,1,2,0,0,1,2,0,0,1,0,1,1,1,0,2,0,0,0,0,0,0,0,0,0,0,5,2,1,1,0,0,0,1,0,0,1,2,0,0,0,1,0,1,0,0,0,0,0,1,0,1,0,0,0,0,0,3,0,0,0,0,0,0,0,1,0,1,0,0,0,0,0,0,0,0,0,0,0,0,0,0,0,0,0,0,3,0,0,0,0,0,0,0,0,0,2,0,1,0,0,1,0,0,1,1,0,0,0,0,0,0,1,0,2,0,0,1,0,1,1,0,0,0,0,0,0,0,0,0,0,0,0,0,1,0,0,1,1,0,2,0,0,3,1,0,0,0,0,0,0,0,0,3,0,1,0,0,0,0,0,0,0,0,0,0,1,0,0,1,0,3,0,2,1,1,1,1,0,0,2,1,0,0,0,1,0,0,0,1,2,2,0,0,0,0,0,0,0,1,3,0,0,0,0,0,0,0,1,0,0,1,1,0,5,0,0,1,0,0,0,0,2,0,0,0,1,2,2,0,0,1,0,0,0,3,0,0,0,0,3,0,0,1,0,0,1,1,1,1,1,0,0,1,0,1,0,0,0,0,1,0,0,0,0,0,0,2,0,0,1,0,0,0,0,0,0,0,1,0,0,0,0,0,0,2,0,1,1,0,0,0,1,1,0,0,0,0,0,0,0,0,2,0,1,0,0,0,0,0,0,0,1,1,0,0,0,0,1,0,0,0,2,0,0,0,0,0,0,2,0,1,0,1,1,1,0,1,3,0,0,0,0,2,0,0,0,0,0,0,0,0,0,0,3,0,0,0,0,0,1,0,0,1,0,1,0,0,0,0,0,0,0,0,0,0,0,0,1,0,0,1,0,0,0,0,0,1,0,0,0,1,0,1,0,1,0,1,0,1,0,1,0,0,0,0,0,0,0,0,0,0,0,0,0,0,0,0,0,0,0,0,0,1,0,0,2,0,0,0,3,1,0,1,0,0,0,1,0,0,1,0,0,1,0,0,0,0,0,0,1,2,0,0,0,0,0,0,0,0,0,2,1,0,0,0,0,0,0,0,0,0,0,0,0,0,0,0,0,2,0,0,0,0,0,0,1,0,2,0,1,2,0,0,0,0,0,0,0,0
SORL1,1,0,0,0,0,0,0,3,0,0,0,0,0,0,1,2,0,0,0,0,0,0,0,1,0,0,0,0,0,0,0,0,0,0,0,0,0,0,0,0,0,2,0,0,0,0,0,0,0,0,0,1,0,1,1,2,1,0,0,1,0,0,1,1,0,0,0,0,1,0,0,2,0,0,0,0,0,0,0,1,0,0,0,0,1,0,0,0,0,0,0,0,1,1,1,0,0,0,1,0,0,0,0,0,0,1,0,0,0,0,0,1,0,0,0,0,1,2,2,0,0,0,0,0,2,0,0,0,0,0,1,0,0,0,0,0,0,0,0,0,1,1,0,0,1,2,0,0,1,0,0,0,0,0,1,0,0,0,0,1,0,0,1,0,0,0,0,0,0,0,0,0,1,1,0,1,0,0,0,1,0,1,0,2,0,0,0,2,1,1,0,0,0,0,3,0,1,0,0,0,0,0,1,0,0,0,0,0,0,1,0,0,0,0,0,0,0,0,0,0,0,0,2,0,1,0,0,2,0,0,0,0,0,1,0,0,0,0,1,0,0,0,0,0,3,0,0,0,2,1,1,2,0,0,0,1,0,0,0,0,0,0,0,0,1,0,0,0,2,0,0,0,0,0,0,0,0,0,0,0,1,0,0,1,0,0,1,0,1,0,0,0,2,0,0,0,0,0,2,0,0,0,0,0,0,0,1,0,0,0,0,0,0,0,0,0,0,0,0,1,0,0,0,0,0,0,0,0,1,0,0,1,0,0,1,0,0,0,1,0,1,1,2,0,0,0,0,0,0,0,0,0,0,1,0,0,0,1,0,0,1,0,0,0,0,1,0,1,0,0,0,2,0,0,0,1,0,0,0,1,2,0,2,0,0,0,1,0,0,0,1,0,0,1,1,0,0,1,0,0,0,0,0,0,0,1,0,0,0,0,1,1,0,0,1,0,1,0,0,0,1,1,0,0,0,0,1,1,1,0,0,0,0,0,1,0,0,0,0,1,1,0,1,0,2,0,1,0,0,0,1,0,0,0,1,0,0,2,2,0,0,0,0,0,0,0,0,0,0,0,2,2,1,0,1,0,0,0,2,1,0,0,0,0,0,0,0,3,0,1,0,0,0,0,0,1,0,0,0,0,0,0,0,0,0,0,0,0,0,0,0,0,0,1,0,1,0,0,0,1,0,0,2,0,0,0,0,0,0,1,0,0,0,0,0,0,0,0,0,1,2,1,2,0,0,0,0,0,0,0,1,0,0,0,0,0,0,0,0,0,0,0,0,0,0,0,0,1,0,0,0,0,1,0,0,0,0,0,0,0,0,1,0,1,0,0,0,0,0,0,0,1,1,1,0,0,0,0,0,0,0,0,0,0,0,0,0,1,0,0,1,0,0,0,1,0,0,0,0,1,0,1,0,1,0,0,0,0,0,1,0,0,0,1,0,0,0,0,0,0,0,0,2,0,0,0,1,1,1,0,0,0,2,0,0,0,0,0,0,1,0,0,0,1,0,0,0,0,1,0,0,0,0,0,1,2,0,0,0,1,0,0,0,0,2,0,0,0,0,1,0,0,0,0,0,0,0,0,0,0,0,1,1,0,0,0,0,0,2,0,0,0,0,1,0,0,1,0,0,0,0,0,0,1,0,0,0,0,1,0,0,0,1,0,0,0,0,0,0,0,0,1,0,0,1,0,0,0,0,0,1,0,0,0,0,0,0,0,1,1,0,0,0,0,0,0,0,0,0,0,0,0,0,0,0,1,0,0,0,0,0,0,0,1,0,0,0,0,1,0,0,0,0,0,1,0,0,3,1,1,1,0,0,0,1,0,0,1,0,0,0,0,1,0,0,0,1,0,0,2,0,0,1,0,0,0,0,0,0,0,1,0,0,0,1,0,0,0,0,0,0,0,0,0,0,0,0,0,1,0,0,0,0,0,0,0,0,0,0,0,0,0,0,0,0,1,0,0,2,0,0,0,0,0,1,0,1,0,0,0,0,0,0,0,0,0,0,0,0,0,0,0,1,0,0,0,0,0,0,1,1,0,1,0,0,0,0,0,1,0,0,0,0,0,1,0,0,1,0,0,0,1,0,0,0,0,0,0,0,2,1,0,0,0,0,0,0,0,3,2,0,0,0,0,0,0,0,0,0,0,0,0,0,0,0,0,0,0,0,0,1,0,2,0,1,0,0,0,0,0,0,0,3,0,0,0,0,0,0,0,1,0,0,1,1,0,0,0,0,0,0,1,0,0,1,1,1,1,0,1,0,0,0,0,0,1,0,0,0,0,0,0,0,1,0,0,1,0,0,0,2,0,0,0,0,1,0,0,0,0,0,0,0,0,0,1,1,1,0,0,0,0,0,0,0,0,0,0,0,0,0,0,1,0,0,1,1,0,1,1,0,0,0,0,0,0,0,0,1,1,2,0,0,0,0,0,0,1,0,0,1,1,0,0,0,0,1,0,0,0,1,0,1,0,0,0,0,1,0,0,2,1,0,0,0,1,0,4,0,0,0,0,0,1,0,0,3,0,1,0,0,1,0,0,0,0,0,0,0,0,0,0,0,1,0,0,0,0,0,0,0,0,0,0,0,0,0,1,0,0,0,0,0,0,1,1,0,0,0,0,0,0,0,0,0,0,1,0,0,2,0,0,1,0,1,0,0,0,0,0,0,0,0,0,0,1,0,0,0,3,1,0,0,0,0,0,0,1,0,0,0,2,0,0,0,1,0,0,0,0,0,0,0,0,1,0,0,0,1,0,0,0,0,1,0,0,0,0,0,1,0,0,0,0,0,0,0,0,0,0,0,0,0,0,1,0,0,2,0,0,0,1,3,0,0,1,0,1,1,0,0,0,1,0,0,0,1,1,0,0,0,0,0,0,0,0,0,0,1,0,0,0,0,0,0,0,0,1,0,1,0,0,0,0,0,0,0,0,0,0,0,0,0,0,0,1,0,0,0,1,0,0,0,0,0,0,0,0,0,0,1,0,1,0,0,0,0,0,0,0,0,0,0,0,0,0,1,0,1,0,0,0,1,0,0,0,0,0,0,0,0,1,0,0,0,0,0,0,1,0,0,0,0,2,0,2,1,0,0,4,0,0,0,0,0,0,0,0,0,0,1,0,0,0,0,0,0,0,0,0,0,0,0,0,0,0,0,0,0,1,1,0,0,1,0,1,0,0,0,0,1,0,0,1,1,0,0,0,0,1,0,1,0,1,0,0,0,0,0,0,0,0,0,0,0,0,0,1,0,0,1,0,0,0,0,0,1,0,0,0,0,0,0,0,0,0,0,0,0,3,0,0,0,0,0,0,0,0,0,1,0,0,0,0,1,0,0,2,0,0,0,0,2,0,0,0,0,0,0,0,0,0,0,0,0,0,0,0,0,0,0,0,0,0,0,0,0,0,0,0,0,0,1,1,1,0,0,0,0,0,1,0,0,0,0,0,0,0,0,0,0,0,1,1,2,0
TRA2A,0,0,0,0,0,0,0,2,0,0,0,0,0,0,0,0,1,0,0,0,0,0,0,0,0,1,0,0,0,0,0,0,0,2,0,0,2,0,1,0,0,0,0,0,0,0,1,0,0,0,0,0,0,0,0,2,0,1,0,0,1,0,1,1,0,2,0,0,0,0,0,0,0,0,0,0,1,0,0,0,0,0,1,1,3,1,0,0,0,0,0,0,2,1,0,0,0,1,0,1,0,0,0,0,1,0,1,0,2,0,0,0,0,1,0,0,0,1,0,0,0,0,0,0,0,0,1,0,0,2,0,0,2,0,1,0,0,0,0,0,1,1,0,0,1,0,1,0,1,0,0,0,0,0,0,0,0,0,0,0,1,0,1,0,0,0,0,0,0,2,0,0,0,0,2,2,0,0,0,0,2,0,0,0,1,0,0,0,0,0,2,0,0,0,2,1,0,0,0,0,0,0,1,0,0,0,0,0,0,0,0,0,0,0,1,0,0,0,0,0,0,0,1,0,1,0,1,1,0,2,1,1,0,1,1,0,0,0,0,0,1,0,0,0,1,0,0,0,0,1,0,0,1,0,1,0,0,0,0,1,0,0,2,0,0,0,2,0,3,0,0,1,0,1,1,0,0,0,0,0,0,1,0,0,0,0,0,0,1,2,0,0,0,1,0,0,0,0,0,0,0,0,0,0,1,0,0,1,1,0,1,1,1,0,0,2,1,1,0,2,0,0,1,0,0,1,0,3,0,0,0,0,0,0,0,0,0,0,2,0,0,1,1,0,0,0,1,0,0,0,2,0,0,0,0,0,0,1,0,0,0,0,1,0,0,0,1,0,0,2,0,1,1,0,0,4,0,1,0,0,0,2,0,0,0,0,0,1,0,1,0,2,0,1,0,0,0,0,1,0,0,0,0,0,0,0,0,3,0,0,0,0,0,0,0,3,0,1,0,0,1,0,0,0,0,0,0,0,0,0,0,0,0,1,3,0,0,0,0,1,3,0,0,0,0,1,1,0,0,0,0,0,0,0,0,0,1,4,1,0,0,1,0,0,1,1,0,0,0,0,0,0,0,0,0,0,0,0,0,1,0,1,0,0,0,0,0,2,0,1,0,0,0,0,0,0,1,1,0,0,0,2,1,0,0,0,1,0,0,2,0,0,1,0,0,0,0,0,1,0,0,0,1,0,0,1,0,0,0,0,1,1,0,0,0,0,0,1,1,0,0,0,1,0,1,0,1,1,0,0,0,1,0,0,0,0,0,1,0,1,0,2,1,0,1,1,0,0,0,0,0,0,0,1,0,0,0,0,0,0,1,1,1,0,0,0,0,0,0,0,0,0,0,1,0,0,0,2,0,1,0,0,0,0,0,0,0,0,1,2,0,1,0,0,0,1,0,0,0,0,0,1,0,1,1,0,3,1,1,0,0,1,1,0,0,1,0,0,2,0,0,0,0,0,1,2,0,0,0,0,0,1,0,0,0,1,0,0,0,0,1,1,2,0,1,0,0,0,0,0,0,0,0,1,1,1,0,0,0,0,1,0,0,0,0,0,0,0,0,0,0,0,1,0,3,0,1,1,0,0,0,2,0,0,0,0,0,0,0,2,0,0,0,0,0,0,0,0,0,1,0,0,0,1,0,1,0,0,0,3,0,1,0,0,0,0,1,0,0,0,0,1,0,0,1,0,1,0,0,0,1,0,1,0,0,0,0,0,0,1,0,0,0,0,0,0,0,0,0,1,0,0,0,0,0,0,2,0,1,0,1,0,0,0,0,0,0,0,2,0,0,0,0,0,0,0,0,2,1,0,0,0,1,0,0,0,0,1,1,0,0,1,0,0,0,0,0,0,0,0,0,0,1,0,0,0,0,0,1,0,0,0,0,0,0,0,0,0,0,0,0,1,0,0,0,0,1,1,0,0,0,0,0,0,0,0,0,1,0,0,1,0,1,0,0,0,1,0,0,0,0,0,0,0,1,1,1,1,0,1,0,1,0,0,0,0,1,0,1,0,0,1,0,0,0,1,0,0,1,0,1,0,0,1,0,0,0,0,0,0,0,0,1,0,0,0,0,0,0,0,0,0,0,1,0,0,0,0,0,1,1,0,3,1,1,1,1,2,0,0,0,0,0,0,0,0,0,2,0,0,1,3,0,2,0,1,0,0,0,0,1,2,0,0,0,1,2,0,1,2,0,0,1,0,1,2,0,1,0,1,1,1,1,3,1,0,0,1,1,0,0,0,0,2,0,0,0,1,0,1,0,0,0,1,0,0,3,0,0,3,0,0,0,0,0,0,4,0,0,0,0,0,1,1,0,0,0,0,0,0,0,1,1,0,0,0,0,3,2,0,0,0,0,1,1,0,0,0,0,1,0,0,0,0,0,0,0,1,0,0,1,0,2,1,0,0,0,0,0,0,0,0,0,0,0,1,0,0,0,0,0,0,1,0,0,3,0,0,0,0,0,1,1,0,0,0,0,0,0,2,2,0,2,0,0,1,0,0,0,0,0,0,0,0,0,1,0,1,0,0,1,0,0,0,0,1,0,0,0,1,0,1,2,0,0,1,0,1,0,2,0,0,0,1,0,0,2,0,0,0,0,0,0,2,0,0,0,0,0,0,0,0,1,0,1,0,0,1,0,0,0,0,0,1,2,1,2,2,1,0,0,0,0,0,0,1,0,1,0,0,0,0,0,0,0,0,1,0,1,0,1,1,0,0,0,0,0,0,0,1,0,0,0,2,0,1,0,0,1,1,0,1,0,0,0,0,1,0,0,0,0,0,0,0,0,0,1,0,0,0,0,0,0,0,0,1,0,0,0,0,1,1,0,0,0,0,0,0,0,0,0,1,0,1,2,0,0,0,0,1,1,0,0,0,0,1,1,0,0,0,0,0,0,0,0,0,0,2,0,0,0,1,1,0,0,0,1,1,0,0,0,0,0,0,0,0,0,0,0,1,1,0,0,0,0,1,1,0,1,0,1,0,0,1,0,0,0,0,0,0,0,0,0,0,0,2,0,0,1,0,0,1,0,0,0,0,0,0,0,0,1,1,0,0,0,0,1,0,0,1,0,0,0,0,0,0,0,1,0,0,0,0,0,0,0,0,1,2,2,0,1,2,1,0,0,0,1,0,0,0,2,1,0,0,2,0,1,1,1,1,0,0,0,0,0,0,0,0,0,0,0,1,0,0,0,0,0,4,0,0,0,0,0,0,0,0,0,0,2,0,0,2,0,0,2,0,0,0,0,1,0,0,0,0,0,0,1,0,0,0,0,0,1,0,1,0,1,0,1,0,0,0,0,0,0,0,0,0,0,1,1,0,0,0,0,2,0,1,1,2,0,0,0,0,1,1,0,0,2,0,0,1,1,1,0,0,1,0,0,0,0,0,0,0,0,1,0,0,0,0,0,0,0,1,2,0,1,0,0,0,0,0,0,0,0,0,0,2,0,1,0,1,0,0,1,0
ESF1,0,0,0,0,0,1,0,2,0,0,0,0,0,2,0,0,0,0,1,0,0,0,0,0,0,1,0,0,0,0,0,1,0,0,0,0,1,1,0,0,0,0,0,0,0,0,0,0,1,0,0,1,0,0,0,0,0,0,0,0,0,0,0,0,0,0,0,0,0,0,0,0,0,0,0,0,0,0,0,0,0,0,0,0,1,0,0,0,0,1,0,1,0,0,0,0,0,0,0,0,0,0,0,0,0,0,1,0,0,0,0,1,0,0,0,1,0,1,0,0,0,0,0,0,1,1,0,0,0,0,0,0,0,0,0,0,0,0,0,0,0,2,0,0,0,0,0,0,0,0,0,0,0,0,0,0,0,2,0,0,0,0,1,0,0,1,1,0,0,0,0,0,0,0,0,0,0,0,0,0,0,0,0,0,0,0,1,0,0,0,0,1,1,0,0,0,0,0,0,0,0,0,0,0,0,0,0,1,1,0,0,0,1,0,0,0,0,0,1,1,0,0,0,0,0,0,0,0,2,0,0,1,1,2,0,0,0,0,1,0,0,0,0,0,0,0,0,0,0,0,1,0,0,0,0,2,0,0,0,0,0,0,0,0,0,0,0,0,0,0,0,0,0,0,0,0,0,2,0,0,0,0,0,0,0,0,0,0,0,1,0,0,0,0,0,0,0,0,0,0,0,0,0,0,0,0,0,0,0,0,0,0,0,0,0,0,0,1,0,0,0,0,0,0,0,1,0,0,0,0,0,0,0,0,0,1,0,0,0,1,0,0,1,0,1,0,0,0,0,0,0,0,2,0,1,0,1,1,0,0,0,0,0,0,1,0,1,0,0,0,1,0,0,0,0,1,0,0,0,0,0,0,0,0,0,0,2,0,0,0,1,0,0,0,0,1,0,0,0,0,2,0,0,0,0,0,0,0,0,0,0,0,0,0,1,0,0,0,0,1,0,0,0,0,0,0,0,0,0,1,0,0,0,0,0,0,1,0,0,0,1,1,1,0,1,0,0,0,0,0,2,0,0,0,0,0,0,0,0,0,0,0,0,0,0,0,0,0,1,1,0,0,0,0,0,0,0,0,0,0,0,0,0,0,0,0,1,2,0,0,0,2,0,0,0,0,0,0,0,0,0,1,2,0,0,0,0,0,0,0,0,1,1,0,0,0,0,0,0,0,0,1,1,0,1,0,0,0,0,0,0,0,0,0,0,0,0,0,0,1,0,0,0,0,0,0,0,0,1,1,0,0,0,0,0,0,0,2,0,0,0,0,0,0,0,0,0,0,0,0,0,0,0,0,0,1,0,0,0,1,0,0,0,0,0,0,0,0,0,0,0,0,0,1,0,0,0,1,1,0,0,1,0,1,0,0,1,0,0,0,0,0,0,0,3,0,0,1,0,0,0,0,0,0,0,0,0,0,0,0,0,0,0,0,0,1,1,0,0,0,0,0,0,0,0,0,2,0,0,0,0,0,0,0,0,0,0,0,0,1,0,0,0,0,0,0,0,0,0,0,0,0,0,0,0,0,0,0,1,0,0,0,0,0,0,0,1,1,0,0,0,1,0,0,2,0,0,0,0,1,0,0,0,0,1,0,0,0,0,0,0,0,1,0,1,0,0,0,0,0,1,0,0,1,0,0,0,0,0,0,0,0,0,0,1,0,0,0,0,0,0,0,0,0,1,0,0,0,0,0,0,0,0,0,0,0,0,0,0,0,0,1,0,0,0,0,0,1,1,0,1,0,0,1,0,0,0,0,0,0,0,0,0,0,0,1,0,0,0,0,0,0,1,0,1,0,0,0,0,0,0,0,1,0,0,0,0,0,0,0,0,0,0,0,0,1,0,0,1,0,0,0,0,0,1,0,0,0,2,0,0,1,2,0,0,0,0,1,0,0,0,0,2,0,0,0,1,0,1,0,0,0,0,0,0,0,0,0,0,0,0,0,0,2,1,0,0,0,0,0,1,0,0,0,0,0,1,0,0,0,1,0,0,0,0,0,0,0,0,1,0,0,0,0,0,0,0,0,0,0,1,0,0,1,0,0,0,0,1,0,1,0,0,0,0,0,0,0,0,0,0,1,0,0,0,0,0,1,0,1,0,0,1,0,0,1,0,3,0,1,0,0,0,0,0,0,0,0,1,1,0,2,0,0,1,0,1,1,0,1,0,1,0,0,0,0,0,0,0,0,0,0,0,0,0,1,0,0,0,0,0,0,0,1,0,0,0,0,0,0,0,0,0,0,1,0,0,0,0,0,0,0,0,1,0,0,1,0,0,0,0,1,2,0,0,0,0,0,0,0,0,0,0,0,0,0,1,2,0,0,0,0,0,0,0,0,0,0,0,0,1,0,0,0,0,0,0,1,0,0,0,0,0,0,1,0,0,0,0,0,0,1,0,0,0,1,0,0,0,0,0,0,0,0,0,0,0,0,2,0,0,0,2,0,0,0,0,0,0,0,1,1,0,1,0,1,0,1,1,0,0,1,0,2,1,0,2,2,0,0,0,1,0,0,0,1,0,2,0,1,0,0,2,0,0,0,0,0,0,0,1,0,0,0,2,0,1,0,2,1,0,0,0,0,0,0,0,0,0,0,0,1,0,0,0,1,0,0,0,0,0,0,0,0,1,0,0,0,0,0,0,0,0,0,0,0,0,0,0,0,0,0,0,0,0,0,0,2,0,0,1,0,0,0,0,0,0,0,0,0,1,0,0,0,0,1,0,1,0,0,0,0,0,0,0,1,1,0,0,0,0,0,1,1,0,0,0,0,0,0,1,0,0,0,0,0,0,0,0,0,0,0,0,0,0,0,1,0,0,0,2,0,0,0,0,0,0,0,0,1,0,0,0,0,0,0,0,0,2,0,0,0,0,0,0,0,0,0,0,0,0,0,0,0,0,0,0,0,0,0,0,0,0,1,0,0,0,0,0,0,0,0,0,1,0,0,0,0,0,0,1,0,0,0,0,0,0,0,0,0,0,0,0,0,0,0,0,0,0,0,0,0,0,0,0,0,2,0,0,0,0,0,0,0,0,0,0,0,0,0,0,0,0,0,0,0,0,1,0,0,0,0,0,0,0,1,0,1,0,0,0,0,0,0,0,0,0,0,0,0,1,0,0,0,0,0,0,0,0,0,0,0,1,0,2,0,0,0,0,0,3,0,0,0,0,0,0,1,0,0,0,0,0,0,0,0,0,0,1,0,0,0,0,0,0,1,0,0,0,1,0,0,0,0,0,0,0,0,0,0,0,0,0,0,0,0,0,1,0,0,0,0,0,0,0,0,0,0,0,0,0,0,0,1,0,0,0,0,0,0,1,0,0,0,0,0,0,0,0,0,0,0,0,0,2,0,0,0,0,0,0,2,0,1,0,0,0,0,0,0,0,0,0,0,0,0,0,0,0,0,0,0,0,0,0,0,0,2,0,0,1,0,0,0,0,0,0,1,1,0,0,0,0,0,0,0
LOC102724889,0,0,0,0,0,0,0,0,0,0,1,0,0,0,0,0,0,1,0,0,1,0,0,0,0,0,0,0,0,0,1,1,0,0,0,0,0,0,0,0,1,0,2,0,0,0,0,0,0,0,0,0,0,0,0,0,0,1,0,2,0,0,0,0,0,0,0,0,0,0,0,0,0,0,0,0,0,0,0,0,0,0,0,0,0,2,0,0,0,2,1,0,0,1,0,0,0,0,0,0,0,0,0,0,0,0,0,0,0,0,0,0,0,0,0,0,0,0,0,0,0,0,0,0,0,1,0,0,0,0,0,0,2,1,0,0,0,0,0,0,0,0,1,0,0,0,1,0,0,0,0,0,0,0,0,0,0,0,0,0,0,0,0,0,0,0,0,0,0,0,0,0,0,0,0,1,0,0,0,2,0,0,0,0,0,1,0,0,0,0,0,0,0,0,0,1,0,0,0,0,0,0,0,0,1,0,0,0,0,0,0,0,0,0,0,0,1,1,2,0,0,1,1,0,0,0,0,0,0,1,0,0,0,1,0,0,0,0,0,0,0,0,0,0,0,0,0,0,0,0,0,0,3,0,2,1,0,0,1,0,0,0,0,0,0,0,0,0,0,0,0,0,0,0,0,0,0,0,0,1,0,0,0,0,0,0,0,0,0,0,0,0,0,1,0,0,0,0,0,0,0,1,0,0,0,0,0,0,0,0,0,0,0,1,0,0,0,0,0,0,0,0,0,0,0,0,0,0,0,0,0,0,0,0,0,0,0,0,0,0,0,0,0,0,0,0,0,0,0,0,0,0,0,0,0,0,0,2,0,0,0,0,0,0,0,0,4,0,0,0,0,0,0,0,0,0,0,0,0,0,0,0,0,0,0,0,1,0,0,0,0,0,0,0,0,0,0,0,0,0,0,0,0,0,0,0,0,0,0,0,0,0,0,0,0,0,0,2,1,0,0,0,0,0,0,0,0,0,0,0,0,0,0,1,0,0,0,0,0,0,0,0,1,0,0,0,0,0,0,0,0,0,0,0,0,0,0,0,0,0,0,0,0,0,0,0,0,1,0,0,0,0,0,0,0,1,0,0,0,0,0,0,0,0,0,0,0,0,0,0,0,0,0,4,0,0,0,1,0,0,0,0,1,0,0,0,1,0,0,0,0,0,0,0,0,0,0,0,0,1,0,0,0,0,0,0,0,1,0,0,0,0,0,0,1,0,0,0,0,0,0,0,0,0,0,0,0,0,0,0,0,0,0,0,0,0,0,0,0,0,0,0,1,0,0,0,2,1,1,0,0,0,1,2,0,0,0,1,0,0,0,0,0,1,0,0,0,0,0,0,0,0,0,0,0,0,0,0,0,0,0,1,0,0,0,1,0,0,0,0,1,1,0,0,0,0,0,0,0,0,0,0,0,1,0,0,0,0,0,0,0,0,0,0,0,1,0,0,0,1,1,0,0,0,0,0,0,1,0,0,0,0,0,0,0,0,0,0,0,0,1,0,1,0,0,0,0,0,3,0,0,2,0,0,1,0,0,0,0,0,0,0,0,0,0,0,0,0,0,0,0,0,0,0,0,0,0,0,0,0,0,0,3,0,0,0,0,1,0,0,0,0,0,0,0,0,0,0,0,0,1,0,0,0,0,0,0,0,0,0,0,0,0,0,3,0,0,0,0,1,1,0,0,1,0,0,0,0,0,0,0,0,0,0,0,0,0,2,0,0,0,0,0,0,0,0,0,0,0,0,0,0,0,0,0,0,0,1,0,0,0,0,0,0,1,0,0,0,1,1,0,0,1,1,0,0,0,0,0,0,0,0,0,0,1,0,0,0,1,0,0,0,0,0,0,0,0,0,0,0,0,1,0,0,0,0,0,1,1,0,0,0,0,0,0,0,0,0,0,3,0,0,2,0,0,0,0,1,0,0,0,0,0,1,0,1,0,0,0,0,0,1,0,0,0,0,0,0,1,0,0,0,1,0,0,0,0,0,0,0,0,0,0,0,0,0,0,0,0,0,0,0,0,0,0,0,0,0,0,1,0,0,0,0,0,0,1,0,1,0,0,0,0,0,0,0,0,0,0,1,0,1,0,0,0,0,0,0,0,0,0,0,0,0,0,0,0,0,0,0,0,2,0,0,0,0,0,0,0,0,0,0,0,0,0,0,0,0,0,0,0,0,0,0,0,0,0,0,1,0,0,0,0,0,0,0,1,0,0,0,0,0,0,0,0,0,0,0,0,0,0,0,0,3,0,0,0,0,0,1,0,0,0,0,1,0,0,0,0,0,0,0,0,0,1,0,0,1,0,0,0,0,0,0,0,0,0,0,1,0,1,0,1,0,0,0,0,0,0,0,0,0,0,0,0,0,0,0,0,0,1,0,0,0,0,0,1,0,0,0,0,0,0,0,0,0,0,0,0,0,0,0,0,0,0,1,0,1,0,0,0,0,0,1,0,1,0,0,0,0,0,1,0,0,1,0,2,0,0,0,0,0,0,0,0,3,0,0,0,0,0,0,0,1,1,0,0,0,1,0,0,0,0,0,0,0,0,0,0,0,0,0,0,0,1,1,0,0,0,0,1,0,0,0,1,0,0,0,1,0,0,0,1,0,0,0,0,1,0,0,0,0,0,0,0,0,0,0,1,0,0,0,0,0,3,0,0,0,1,0,0,0,1,0,1,0,0,1,1,0,0,0,0,0,0,0,0,1,0,0,0,0,0,0,1,0,0,1,0,0,0,0,0,0,0,0,0,0,1,0,0,0,0,0,0,0,0,0,0,0,0,0,0,1,0,0,1,0,2,0,0,1,0,0,0,3,0,0,0,0,0,0,0,0,0,1,0,0,0,0,0,0,0,0,0,0,0,0,0,0,0,0,0,1,0,0,1,0,0,0,0,0,0,0,0,0,1,0,0,0,0,0,1,0,0,2,0,0,0,0,0,1,0,0,0,0,0,0,0,0,0,0,0,1,0,0,0,0,0,0,0,0,0,0,1,0,0,0,0,0,0,1,0,0,0,0,0,0,0,0,0,0,0,0,1,0,0,0,0,0,0,0,1,0,0,0,1,0,0,0,0,0,0,0,0,0,0,2,0,0,1,0,0,0,0,0,0,0,0,0,0,0,0,0,0,0,0,0,0,1,0,0,0,1,1,0,0,0,0,0,0,0,0,0,1,0,0,0,0,1,0,0,0,0,0,0,0,0,0,0,0,0,0,0,0,0,0,0,2,1,0,0,0,0,0,0,0,0,0,0,0,0,0,0,0,0,0,1,0,0,0,3,2,0,0,0,0,0,0,0,0,1,0,0,0,0,0,0,0,0,0,1,0,0,0,0,0,0,0,0,0,0,0,0,0,0,0,0,0,0,0,0,1,1,0,0,0,0,0,0,0,0,0,0,0,0,0,1,0,0,1,1,5,0,0,0,0,0,0,0,0,0,0,0,0,0,0,0,0,0,0,1,0,0,0,0
SERPINF1,0,0,0,0,0,0,0,0,0,0,0,0,0,0,0,0,0,0,0,0,0,0,0,0,0,0,0,0,0,0,0,0,0,1,0,0,0,0,0,0,0,0,0,0,0,0,0,0,0,0,0,0,0,0,0,0,0,0,0,0,0,0,0,0,0,0,0,0,0,0,0,0,0,0,0,0,0,0,0,0,0,0,0,0,0,0,0,0,0,0,5,0,0,0,0,0,0,0,0,0,0,0,0,0,0,0,0,0,0,0,0,0,0,0,0,0,0,0,0,0,0,0,0,0,0,0,0,0,0,0,0,0,0,0,0,0,0,0,0,0,0,0,0,0,0,0,0,0,0,0,0,0,0,0,0,0,0,0,0,0,0,0,0,0,0,0,0,0,0,0,0,0,0,0,0,0,0,0,0,0,0,0,0,0,0,0,0,0,0,0,0,0,0,0,0,0,0,0,0,0,0,0,0,0,0,0,0,0,0,0,0,0,0,0,0,0,0,0,4,0,0,0,7,0,0,0,0,0,0,0,0,0,0,0,0,0,0,0,0,0,0,0,0,0,0,0,0,0,0,0,0,0,0,0,0,0,0,0,0,0,0,0,0,0,0,0,0,0,0,0,0,2,0,0,0,0,0,0,0,0,0,0,0,0,0,0,0,0,0,0,0,0,0,0,0,0,0,0,0,0,0,0,0,0,0,0,0,0,0,0,0,0,0,0,0,0,0,0,0,0,0,0,0,0,0,0,0,0,0,0,0,0,0,0,1,0,0,0,0,0,0,0,0,0,0,0,0,0,0,0,1,0,0,0,0,0,0,0,0,0,0,0,0,0,0,0,2,0,0,0,0,0,0,0,0,0,0,0,0,0,0,0,0,0,0,0,0,0,0,0,0,0,0,0,0,0,0,0,0,0,0,0,0,0,0,0,0,0,0,0,0,0,0,0,0,0,0,0,0,0,0,0,0,0,0,0,0,0,0,0,0,0,0,0,0,0,0,0,0,0,0,0,0,0,0,1,0,0,0,0,0,0,0,0,0,0,0,0,0,0,6,0,0,0,0,0,0,0,0,0,0,0,0,0,0,0,0,0,0,0,0,0,0,0,0,0,0,0,0,0,0,0,0,0,0,0,0,0,0,0,0,0,0,0,0,0,0,0,0,0,0,0,0,0,0,0,0,0,0,0,0,0,0,0,0,0,0,0,0,0,0,0,0,0,0,0,0,0,0,0,0,0,0,0,0,0,0,0,0,0,0,0,0,0,0,0,0,0,0,0,0,0,0,0,0,0,0,0,0,0,0,0,0,0,0,0,0,0,0,0,0,0,0,0,0,0,0,0,0,0,0,0,0,0,0,0,0,0,0,0,0,0,0,0,0,0,0,0,0,0,0,0,0,0,0,0,0,0,0,0,0,0,0,0,0,0,0,1,0,0,0,0,0,0,0,0,0,0,0,0,0,0,1,0,0,0,2,0,0,0,0,0,0,0,0,0,0,0,0,0,0,0,0,0,0,0,0,0,0,0,0,0,0,0,0,0,0,0,0,0,0,0,0,0,0,0,0,0,0,0,0,0,0,0,0,0,0,0,0,0,0,0,4,0,0,0,0,0,0,4,0,0,0,0,0,0,0,0,0,0,0,0,0,0,0,0,0,0,0,0,0,0,0,0,3,0,0,0,0,0,0,0,0,0,0,0,0,0,0,0,0,0,0,0,0,0,0,0,0,0,0,0,0,0,0,0,0,0,0,0,0,0,0,0,0,0,0,0,0,0,0,0,0,0,0,0,0,0,0,0,0,0,0,0,0,0,0,0,0,0,1,0,0,0,0,0,0,0,0,0,0,0,0,0,0,0,0,0,0,0,0,0,1,0,0,0,0,0,0,0,0,0,0,1,0,0,0,0,0,0,0,0,0,0,0,0,0,0,0,0,0,0,0,0,0,0,0,0,0,0,0,0,0,0,0,0,0,0,0,0,0,0,0,0,0,0,0,0,0,0,0,0,0,0,0,0,0,0,0,0,0,0,0,0,0,0,0,0,0,0,0,0,0,0,0,0,0,0,0,0,1,0,0,0,0,0,0,0,0,0,0,0,0,0,2,0,0,0,0,0,0,0,0,0,0,0,0,0,0,0,1,0,0,0,0,0,0,0,0,0,0,0,0,0,0,0,0,0,0,0,0,0,0,0,0,0,0,0,0,0,0,0,0,0,0,0,0,0,0,0,0,0,0,0,0,0,0,0,0,0,1,0,0,0,0,0,0,0,0,0,0,0,0,0,0,0,0,0,0,0,0,0,0,0,0,0,0,0,0,0,0,0,0,0,0,0,0,0,0,0,0,2,0,0,0,0,0,0,0,0,0,0,0,0,0,0,0,1,0,0,0,0,0,0,0,0,0,0,0,0,0,0,0,0,0,0,0,0,0,0,0,0,0,0,0,5,0,0,0,0,10,0,0,0,0,0,0,0,0,0,0,0,0,2,0,0,0,0,0,0,0,0,0,0,0,0,0,0,0,0,0,0,0,0,0,0,0,0,0,0,0,0,0,0,0,0,0,0,0,0,0,0,0,0,0,0,0,0,0,0,0,0,0,0,0,0,0,0,10,0,0,0,1,0,0,0,0,0,0,0,0,0,0,0,0,0,0,0,0,0,0,0,0,0,5,0,0,0,0,1,0,0,0,0,0,0,0,0,0,0,0,0,0,0,0,0,0,0,0,0,0,0,0,0,0,0,0,0,0,0,0,0,0,0,0,0,0,0,0,0,0,0,0,0,0,0,0,0,0,0,0,0,0,0,0,6,0,0,0,0,0,0,0,0,1,0,0,0,0,0,0,0,0,0,0,0,0,0,0,0,0,0,0,0,0,0,0,0,0,0,0,0,0,0,0,0,0,0,0,0,0,0,0,0,0,0,0,0,0,0,0,0,0,0,0,0,0,0,0,0,0,0,0,0,0,0,0,0,0,0,0,0,0,0,0,0,0,0,0,0,0,0,0,0,0,0,0,0,0,0,0,0,0,0,0,0,0,0,0,0,0,0,0,0,0,0,0,0,0,0,0,0,0,0,0,0,0,0,0,0,0,0,0,0,0,0,0,0,0,0,0,0,1,0,0,0,0,0,0,0,0,0,0,0,0,0,0,0,0,5,0,0,0,0,0,0,0,0,0,0,0,0,0,0,0,0,0,0,0,1,0,0,0,0,0,0,0,0,0,0,0,0,0,0,0,0,0,0,0,0,0,0,0,0,0,0,0,0,0,0,0,0,0,0,1,0,0,0,0,0,0,0,0,0,0,0,0,0,0,0,0,0,0,0,0,0,0,0,0,0,0,0,0,0,0,0,0,0,0,0,0,0,0,0,0,0,0,0,0,0,0,0,0,0,0,0,0,1,0,0,0,0,0,0,0,0,0,0,0,0,0,0,0,0,0,0,0,1,0,0,0,0,0,0,0,0,0,0,0,0,0,0,0,0,0,0
LRRN3,1,0,0,0,0,0,0,0,0,0,0,0,0,0,0,0,0,0,0,0,1,0,0,0,0,0,0,0,0,0,0,0,0,0,0,0,0,0,0,0,1,0,0,0,0,0,0,0,0,1,0,0,0,0,0,0,0,0,0,0,0,0,0,0,0,0,0,0,0,0,0,0,0,0,0,0,0,0,0,0,0,0,0,0,0,0,0,0,0,2,0,0,0,0,0,0,0,0,0,0,0,0,0,1,0,0,0,0,0,0,0,1,0,0,0,1,0,0,0,0,0,0,0,0,0,0,0,0,0,0,0,0,0,0,0,0,0,1,0,0,0,0,1,0,0,0,0,0,0,0,0,0,0,0,0,0,0,0,0,0,0,1,0,0,0,0,0,0,0,0,0,0,0,1,0,0,0,1,0,0,0,0,0,0,0,0,1,0,0,0,0,0,0,0,1,0,0,0,0,0,0,0,0,0,1,0,0,0,0,0,0,0,0,0,0,0,0,0,0,0,0,0,0,0,0,1,0,0,0,0,0,0,0,0,0,0,0,0,0,0,0,0,0,0,0,0,0,0,0,0,0,0,0,0,0,0,0,0,0,0,1,0,0,0,0,0,0,0,1,0,0,0,0,0,1,0,0,0,0,1,0,0,0,0,1,0,0,0,0,0,0,0,0,0,0,0,0,0,0,0,0,0,0,0,0,1,0,0,0,0,0,0,0,0,1,0,0,0,0,0,0,0,0,0,0,0,0,0,0,0,0,0,0,0,0,0,0,0,0,0,1,0,0,0,0,0,2,0,1,0,0,0,0,0,0,0,0,1,0,0,0,0,0,0,0,0,0,0,0,0,0,0,0,1,0,0,0,0,0,0,0,0,0,0,0,0,0,0,0,0,2,0,0,0,0,0,0,0,0,0,0,0,0,0,0,0,0,0,0,0,0,0,0,0,0,0,0,0,0,0,0,0,0,0,0,0,0,0,0,0,0,2,0,0,0,0,0,0,2,0,0,0,0,0,0,0,0,0,0,0,0,0,0,0,0,0,0,0,0,0,0,0,0,0,0,0,0,2,0,0,0,0,0,0,0,0,0,0,0,0,0,0,0,0,0,0,0,0,0,0,0,1,1,0,0,0,0,0,0,0,0,0,0,0,0,0,0,0,0,1,0,0,0,1,0,0,0,0,0,0,0,0,0,0,0,0,0,0,0,0,0,0,0,0,0,0,0,0,0,0,0,0,0,0,0,0,0,0,0,2,0,0,0,0,0,0,0,0,2,0,0,0,0,0,0,0,0,0,0,0,0,0,0,0,0,0,0,1,0,0,0,0,0,0,0,0,0,0,0,0,0,0,0,0,0,0,1,0,0,1,0,0,0,0,0,0,0,0,1,0,0,0,0,0,0,0,2,0,0,0,0,0,0,0,0,0,0,0,0,0,0,0,0,0,0,0,0,1,0,0,0,0,1,0,0,0,0,2,0,0,0,0,0,0,0,0,0,0,0,0,0,0,0,0,0,0,0,0,0,0,0,0,0,0,0,1,0,0,1,0,0,0,0,0,0,0,0,0,0,1,0,0,0,0,0,0,0,0,0,0,0,0,0,0,0,0,2,0,0,0,0,0,0,0,0,0,0,0,0,1,0,0,0,0,0,0,0,1,0,0,0,0,0,0,0,0,0,0,0,0,0,0,0,0,0,0,0,0,0,0,0,0,0,0,0,0,0,0,0,1,0,0,0,0,0,0,0,0,0,0,0,0,0,0,0,0,0,3,0,0,0,0,0,0,0,0,0,1,0,1,0,0,0,0,0,0,0,1,0,0,0,0,0,0,0,0,0,0,0,0,0,0,1,0,0,0,0,0,0,0,0,0,0,0,0,0,0,0,0,0,0,0,0,0,0,2,0,1,0,0,0,0,1,0,0,0,0,0,0,0,0,0,0,0,0,0,0,0,0,0,0,0,1,0,0,0,2,0,0,0,0,0,0,0,0,0,0,0,0,0,0,0,0,0,0,0,0,0,0,0,0,0,0,0,0,0,0,1,0,0,0,0,1,1,0,0,0,0,0,0,0,0,0,0,0,0,0,1,0,0,0,0,0,0,0,0,0,0,0,0,0,0,0,0,0,0,0,0,0,0,0,0,0,0,0,0,0,0,0,0,0,0,0,0,0,0,0,0,0,0,0,0,0,0,0,0,0,0,0,0,0,0,0,0,0,0,2,0,0,0,0,0,0,0,0,0,0,0,0,0,0,0,0,0,0,0,0,0,0,0,0,0,0,0,0,0,0,1,0,0,0,0,0,0,0,0,0,0,0,0,0,0,0,0,0,0,0,0,0,0,0,0,0,0,0,0,1,0,0,0,0,0,0,0,0,1,0,0,1,0,0,0,0,0,0,0,0,0,0,0,0,0,0,0,0,0,0,0,0,0,0,0,0,0,0,0,1,0,0,0,0,0,0,0,0,0,0,0,0,0,0,1,0,0,0,0,0,0,0,0,0,0,0,0,0,0,0,0,0,0,0,1,0,0,0,0,0,0,0,0,1,0,0,0,0,1,0,0,0,0,0,0,0,0,0,0,0,0,0,0,0,0,0,0,0,0,0,1,0,0,0,0,0,0,0,0,0,0,0,0,0,0,0,0,2,1,0,0,0,0,0,0,0,0,0,0,0,1,0,0,1,0,0,0,1,0,0,0,0,0,0,0,0,0,0,0,0,0,0,0,0,0,0,0,0,0,0,0,0,0,0,1,0,0,0,0,0,0,0,0,0,0,0,1,0,0,0,0,0,0,0,0,0,0,0,0,0,0,0,0,0,2,0,0,0,0,0,0,0,0,0,3,0,0,0,0,0,0,0,0,1,1,1,0,0,0,0,0,0,0,0,0,0,0,0,0,0,0,0,0,0,1,0,0,0,0,0,0,0,0,0,0,0,1,0,0,0,0,0,0,0,0,0,0,0,0,0,0,0,0,0,0,0,0,0,0,0,2,0,0,0,0,0,0,0,0,0,0,0,0,1,0,0,0,0,1,0,0,0,0,0,0,0,0,0,0,0,3,0,0,0,0,0,0,0,1,0,0,0,0,0,0,0,0,0,0,0,0,0,0,0,0,0,0,0,0,0,0,0,0,0,0,0,0,0,0,0,0,0,0,0,0,0,0,0,0,0,0,0,0,0,0,0,1,0,0,0,1,0,0,0,0,0,0,0,0,0,0,0,0,0,0,0,0,0,0,0,1,0,0,0,0,0,1,1,0,0,0,0,0,0,0,0,0,0,0,0,0,0,0,0,0,3,0,0,0,0,0,1,0,0,1,0,1,0,0,0,0,0,0,0,0,0,0,0,0,0,0,0,0,0,1,0,0,0,0,0,0,0,0,0,0,1,0,0,0,0,0,0,1,0,0,0,0,0,0,0,0,0,0,0,0,0,0,0,0,0,1,0,0,0,0,0,0,0,0,0,0,0,0,0,1,0,0,0,0
BACH2,0,0,0,0,0,0,0,0,0,0,0,0,0,0,0,0,0,0,0,1,0,0,0,1,0,1,0,0,0,0,0,0,0,0,0,0,0,1,0,0,0,0,0,0,0,0,0,0,0,0,0,0,0,0,0,0,0,0,0,0,0,0,0,0,0,0,1,0,0,0,0,0,0,0,0,0,0,0,0,0,0,0,0,0,0,0,0,0,0,0,0,0,0,0,0,0,0,0,0,1,0,0,0,0,0,0,0,0,0,0,0,0,0,0,0,0,0,1,0,0,0,0,1,0,0,0,0,0,0,0,0,1,0,0,0,0,0,0,0,0,0,0,0,0,0,0,0,0,0,0,0,0,0,0,0,0,0,0,0,0,0,0,0,0,0,0,0,0,0,0,0,0,0,0,0,1,0,0,0,0,0,0,0,0,0,0,0,0,0,0,0,0,0,0,0,0,0,0,0,0,0,0,0,0,0,0,1,0,1,0,0,0,0,0,0,0,0,0,0,0,0,0,0,0,0,0,0,0,0,0,0,0,0,0,0,0,0,1,0,0,0,0,0,0,0,0,0,0,0,0,0,0,0,0,0,0,0,0,0,0,0,0,0,0,0,0,0,0,0,0,0,0,0,0,0,0,0,0,0,0,0,0,0,0,0,0,0,0,0,2,0,0,0,0,0,0,0,0,0,0,0,0,0,0,0,0,0,0,0,0,0,0,0,0,0,0,0,0,1,0,0,0,0,1,0,1,0,2,0,0,0,0,0,1,0,0,0,0,0,0,0,0,0,0,0,0,0,0,0,0,0,0,0,0,0,0,1,0,0,0,1,0,0,0,0,0,0,0,0,0,0,0,0,0,0,1,0,0,0,0,0,0,0,0,0,0,0,1,0,0,0,0,0,0,0,0,0,0,0,0,0,1,0,0,0,0,0,0,0,0,1,0,1,0,0,0,0,0,0,0,0,0,0,0,0,0,0,0,0,0,0,0,0,0,0,1,0,0,0,0,0,0,0,0,0,0,0,0,0,0,0,0,0,0,0,0,0,0,0,0,0,0,0,1,0,1,0,0,0,0,0,0,0,0,0,0,0,0,0,0,0,0,0,0,0,1,0,0,0,0,0,0,0,0,0,0,0,0,0,0,0,0,0,0,0,0,0,0,0,0,0,0,1,0,0,0,0,0,0,0,0,0,1,0,0,0,0,1,0,0,0,0,0,0,0,0,0,0,0,0,0,0,0,0,0,0,0,0,0,0,0,0,0,0,0,0,0,0,0,0,0,0,0,0,0,0,0,0,0,0,0,2,0,0,0,0,0,0,0,0,0,0,0,0,0,0,0,0,0,0,0,0,0,0,1,1,0,0,1,0,0,0,0,0,0,0,0,0,1,0,0,0,0,0,0,0,0,0,0,0,0,0,0,0,0,0,0,0,0,0,0,0,0,0,0,0,0,0,0,0,0,0,0,0,0,0,0,0,0,0,0,1,0,0,0,0,0,0,0,0,0,0,0,0,0,0,0,0,1,0,0,0,0,0,0,0,0,0,1,0,0,0,0,0,0,0,0,0,0,0,0,0,0,0,1,0,0,0,0,1,0,0,0,0,0,0,1,0,0,0,0,0,0,0,0,0,0,0,0,0,1,0,0,1,0,0,0,0,0,0,0,0,0,0,0,0,0,0,0,0,0,0,0,0,0,0,0,0,0,0,0,0,0,0,0,0,0,0,0,0,0,0,0,0,0,3,0,0,1,0,0,0,0,0,0,0,0,0,0,0,0,0,0,0,0,0,0,0,0,0,0,0,0,0,0,0,0,0,0,0,0,0,1,0,0,0,0,1,1,0,0,0,0,0,0,0,0,0,0,0,0,0,0,0,0,0,0,0,0,0,0,0,0,0,0,0,0,0,0,0,0,0,0,0,0,1,0,1,0,0,0,0,0,0,0,0,0,0,0,0,0,0,0,0,0,0,0,0,0,0,0,0,0,0,0,0,0,0,0,0,0,1,0,0,0,0,0,0,2,1,0,0,0,0,0,0,0,0,0,0,0,0,0,0,0,0,0,0,0,0,0,0,0,0,0,0,1,0,0,0,0,0,0,0,0,0,0,0,0,0,0,0,0,1,1,0,0,0,0,0,0,0,0,0,0,0,0,0,0,0,0,1,0,0,0,0,0,0,0,0,1,0,0,0,0,0,0,0,0,0,1,0,0,0,0,0,0,0,0,0,0,0,0,0,0,0,0,0,0,0,0,0,0,0,0,0,0,0,3,0,0,0,0,0,0,0,0,0,0,0,0,0,0,0,0,0,0,0,0,0,0,0,0,0,0,0,0,0,0,0,0,0,1,0,0,0,0,0,0,0,0,0,0,0,0,0,0,0,0,0,0,0,0,0,0,0,0,0,1,0,0,0,0,0,0,0,0,0,0,0,0,0,0,0,0,0,0,0,0,0,0,0,1,0,0,0,0,0,0,1,0,0,0,0,0,0,0,0,0,2,0,0,0,0,0,0,0,0,0,0,0,0,1,0,0,0,0,0,0,0,0,0,0,0,0,0,0,0,0,0,0,0,0,0,0,0,0,0,0,1,0,1,0,0,0,0,0,0,0,0,0,0,0,0,0,0,0,0,0,0,0,0,0,0,1,0,0,0,0,0,0,0,0,0,0,0,0,0,1,0,0,0,0,0,0,0,0,0,0,0,0,0,0,0,1,0,0,0,0,0,1,0,0,0,0,1,0,0,0,0,0,0,0,0,0,0,0,0,0,0,0,1,0,0,0,0,0,0,1,0,0,0,0,0,0,0,0,0,0,0,0,0,0,0,0,0,0,0,0,0,0,0,0,0,0,1,0,0,0,0,0,0,0,0,0,0,0,0,0,0,0,0,0,0,0,0,0,0,0,0,0,0,0,0,0,1,1,0,0,0,0,0,0,0,0,0,0,0,0,0,0,0,0,0,0,0,0,1,0,0,1,0,0,0,0,0,0,1,0,0,0,0,0,0,0,0,0,0,1,0,0,0,0,1,1,0,0,0,0,1,0,0,0,0,0,0,0,0,0,0,0,0,0,0,0,0,1,0,0,0,0,0,0,0,0,0,0,0,0,0,0,0,0,0,0,0,0,0,0,0,0,1,0,0,1,0,0,0,0,0,0,0,0,0,0,0,0,0,0,0,0,0,0,0,0,0,0,0,0,0,0,0,0,0,0,0,0,0,0,0,0,0,0,0,0,0,0,0,0,0,0,0,0,0,0,0,0,0,0,0,0,1,0,0,0,0,0,0,0,0,0,0,0,0,1,0,0,0,0,0,1,0,0,0,0,0,0,0,0,0,0,0,0,0,0,0,0,0,0,1,0,0,0,0,0,0,0,0,0,0,0,0,0,0,1,0,0,0,0,0,0,0,1,0,0,0,0,0,0,0,0,0,0,0,0,0,0,1,0,0,0,0,1,0,0,0,0,1,0,0,0,0,0,0,0,0
PICALM,0,0,0,0,0,0,0,0,1,0,1,0,0,0,0,0,0,0,2,0,0,0,0,0,0,0,0,0,0,0,0,0,0,0,0,0,0,0,1,0,0,0,2,0,0,0,0,1,0,0,0,1,0,0,0,1,0,0,0,0,1,0,0,0,0,0,0,0,1,1,0,0,0,0,1,0,0,0,0,1,0,0,0,1,0,0,0,0,0,0,0,0,0,0,0,3,0,0,0,1,0,0,0,0,0,1,0,0,3,0,0,0,0,0,0,1,0,0,0,0,0,0,0,0,0,0,0,0,0,0,0,0,1,0,0,0,0,0,0,0,0,0,0,0,1,1,0,0,1,0,0,0,0,0,0,1,0,0,0,0,0,0,0,0,1,0,1,0,0,0,0,0,0,0,0,0,0,1,0,0,0,0,1,0,0,0,0,0,1,1,0,0,0,0,0,0,0,0,0,0,0,0,0,0,0,0,0,0,0,0,0,0,1,0,0,0,0,0,0,1,0,0,0,0,1,0,0,0,1,0,0,0,1,0,0,0,0,0,0,0,0,0,0,0,0,0,0,2,2,0,0,0,0,0,0,0,0,0,0,0,0,0,1,0,0,2,0,0,0,0,0,0,1,1,0,0,0,1,0,0,1,0,0,0,0,0,0,0,0,0,0,0,0,0,0,0,0,0,0,0,0,1,0,0,0,0,0,1,0,1,0,0,0,0,0,0,0,0,0,0,0,0,0,0,0,0,1,0,0,0,0,1,0,0,1,0,0,2,0,1,0,0,0,0,0,0,0,2,0,1,0,0,0,0,0,1,0,1,0,2,0,0,0,0,0,0,0,0,0,0,0,0,0,0,0,1,0,0,0,1,0,0,1,0,0,0,0,0,0,0,0,1,0,1,0,0,0,0,0,0,0,0,0,0,1,0,0,0,0,0,0,0,2,0,1,1,0,0,0,0,0,0,0,1,0,0,1,1,0,0,0,0,0,0,4,0,1,0,0,0,0,0,0,0,0,0,0,0,0,0,1,0,1,0,1,0,0,0,0,0,1,0,0,0,0,0,0,0,0,0,0,1,0,0,0,1,0,0,0,0,0,0,1,1,0,0,0,0,0,1,0,0,0,0,0,1,0,0,0,0,0,1,0,0,0,0,0,1,0,0,0,0,0,0,0,0,0,0,0,0,0,0,0,1,0,0,0,0,1,1,0,0,0,0,0,1,0,0,0,0,2,0,0,0,0,0,2,0,1,0,0,0,0,0,1,1,0,0,0,1,0,0,0,0,0,0,0,0,0,0,0,0,0,0,0,2,0,0,2,0,0,0,0,0,0,0,0,0,0,1,0,0,0,1,0,0,0,0,0,0,0,0,0,0,0,0,1,0,0,0,1,0,0,0,0,0,0,1,0,0,0,0,2,0,1,0,0,0,0,0,0,0,0,0,1,0,0,0,0,0,0,0,0,0,0,0,0,0,0,0,0,0,0,1,0,0,0,0,0,1,0,0,0,1,0,0,0,0,0,0,0,0,1,0,0,0,1,0,0,0,0,1,0,0,0,0,1,0,0,0,0,0,0,0,0,0,0,0,0,0,0,0,0,1,0,0,0,0,0,1,0,0,0,0,0,0,1,0,0,0,0,0,0,1,0,0,0,0,0,0,0,0,0,0,1,0,0,0,0,0,0,0,0,0,0,0,0,0,0,0,1,0,0,0,0,0,0,0,0,0,0,1,0,0,2,0,0,0,0,0,0,0,0,0,0,1,0,0,1,0,1,0,0,0,0,0,0,0,0,0,0,0,0,0,0,1,0,0,0,0,0,0,0,0,0,0,0,0,0,0,0,2,1,0,0,0,0,1,0,1,1,0,0,0,1,0,0,0,0,0,0,0,1,0,0,0,0,0,0,0,0,1,0,1,0,0,0,0,0,0,0,0,0,0,0,0,0,0,0,0,0,0,0,0,0,0,1,1,0,0,0,2,0,0,0,0,0,0,0,0,0,0,0,1,1,0,0,0,0,0,0,0,0,0,0,0,0,0,1,0,0,0,0,0,0,0,0,0,0,0,1,0,0,0,1,0,0,0,0,0,0,0,1,0,0,0,0,0,1,0,0,0,0,0,0,0,0,0,0,0,0,0,0,0,0,0,0,0,0,0,0,0,0,0,0,0,0,0,0,0,0,0,0,0,2,1,0,0,0,0,0,1,0,0,0,0,0,0,0,0,0,0,0,0,0,0,0,0,0,0,0,0,0,0,1,0,0,0,0,0,0,0,0,0,1,1,0,0,1,0,0,0,0,0,0,0,0,0,0,0,0,0,0,0,0,0,0,0,0,0,1,0,0,0,0,0,0,0,1,0,0,0,0,0,0,0,0,0,0,0,0,0,0,0,0,1,0,0,0,0,0,0,1,0,0,0,0,1,0,1,0,0,0,0,0,0,0,1,0,0,1,0,0,0,0,0,0,0,0,0,1,1,0,1,0,0,0,0,0,0,0,0,0,0,1,0,0,0,0,0,0,0,0,0,0,0,0,0,0,0,0,0,0,0,0,0,0,0,1,0,0,2,0,0,0,0,0,0,0,0,0,0,0,0,0,0,0,0,0,0,0,0,1,0,0,1,0,0,0,0,0,0,0,1,0,0,0,0,0,0,0,1,0,0,0,0,1,0,0,0,0,0,0,0,0,0,0,0,0,0,0,0,0,0,0,0,0,0,0,0,0,0,0,0,0,0,0,1,0,0,0,0,0,0,0,0,1,0,0,0,0,0,1,0,0,0,0,1,0,0,1,1,0,0,0,0,2,0,0,0,0,0,0,1,0,0,0,1,0,0,0,0,0,0,0,0,0,0,0,0,0,0,0,1,0,0,0,0,0,0,0,0,0,1,0,0,2,0,2,1,1,0,0,0,0,2,0,0,0,1,0,0,0,0,0,0,0,0,0,0,0,0,0,0,0,0,2,0,0,0,0,0,0,0,0,0,0,0,0,0,0,0,0,0,1,0,0,1,0,0,0,0,0,0,0,0,0,0,0,0,1,0,0,0,1,0,0,0,0,0,0,1,0,0,1,0,0,0,1,1,0,1,1,2,0,0,0,0,0,0,0,0,0,0,0,0,0,0,0,0,0,0,0,0,0,0,0,0,0,0,1,0,0,0,0,0,0,0,0,1,0,0,0,0,0,0,0,0,1,1,0,0,0,0,0,0,0,1,0,0,0,0,2,1,0,0,0,0,1,0,0,0,0,0,0,0,0,0,0,0,0,0,1,0,0,0,0,0,0,0,0,0,0,0,0,0,0,1,0,0,0,0,0,0,0,0,0,0,0,0,1,0,0,0,1,0,0,1,0,0,0,0,0,0,0,0,0,0,0,0,0,0,0,1,0,0,0,0,2,0,0,0,0,0,0,0,0,0,0,0,0,0,0,0,0,0,0,0,0,0,0,0,1,0,0,0,0,1,0,0,0,0,0,0,0,0
FAM45A,0,0,0,0,0,1,0,0,0,0,0,0,0,0,0,0,0,0,0,0,0,0,0,0,0,0,1,1,0,0,0,0,0,0,0,0,0,0,0,0,0,0,0,0,0,0,0,2,0,0,0,0,0,0,0,0,0,0,0,0,0,1,0,0,0,0,0,0,0,0,0,1,0,0,0,0,0,0,0,0,0,0,0,2,0,0,0,0,0,0,1,2,1,0,0,1,0,0,0,0,0,0,2,0,0,0,0,0,0,0,0,0,0,0,0,0,0,0,0,0,0,1,0,0,0,0,0,0,0,0,0,0,0,0,0,0,0,0,0,0,0,0,0,0,2,0,1,1,0,0,0,0,0,0,0,1,0,0,0,0,0,0,0,0,0,0,0,0,0,0,0,0,0,0,0,0,0,1,1,0,0,0,0,0,0,0,0,0,0,0,0,1,0,0,0,0,0,0,0,0,0,0,2,0,0,1,0,0,1,0,1,0,0,0,0,0,0,0,0,0,0,0,0,0,0,0,0,0,0,0,0,0,2,1,0,0,0,0,0,0,0,0,0,0,0,0,0,1,3,1,0,0,0,0,0,0,0,0,0,0,0,0,0,1,0,0,0,0,0,0,0,0,1,1,0,0,0,0,0,0,1,0,0,1,0,0,0,0,0,0,0,0,0,0,0,0,0,0,1,0,0,0,1,0,0,0,0,0,1,0,0,0,0,0,1,0,0,0,0,1,0,0,0,0,0,0,0,0,0,0,0,0,0,0,0,0,1,1,2,1,0,0,1,0,0,0,0,0,1,0,1,0,2,0,0,0,0,1,1,0,0,0,0,1,0,0,0,0,0,0,0,0,0,0,0,2,0,0,0,0,0,0,0,1,1,0,0,0,0,0,0,1,0,0,0,0,0,0,0,0,1,0,0,0,0,0,0,0,0,0,0,0,0,0,0,2,0,0,0,0,0,0,1,0,1,0,1,0,0,0,0,0,0,0,0,0,0,0,0,0,0,0,3,1,1,1,1,0,0,0,0,0,1,0,0,0,0,1,1,0,0,0,0,0,1,0,0,0,0,1,0,1,0,0,0,0,0,0,0,0,1,0,0,0,1,0,0,0,0,0,0,0,0,0,0,3,0,0,0,0,0,1,1,0,0,0,0,1,0,0,0,0,0,0,0,0,0,0,0,1,0,0,0,0,0,0,0,0,0,0,0,0,0,1,0,0,0,0,0,0,0,0,0,0,0,0,1,0,0,0,0,0,0,0,1,1,1,0,0,0,0,0,0,0,0,1,1,0,0,0,0,1,0,0,0,1,0,0,0,0,0,0,0,2,0,0,0,0,0,1,0,0,0,0,0,0,0,0,0,0,0,3,1,0,0,0,0,0,0,0,0,0,0,0,0,0,0,0,0,0,0,0,0,0,0,0,0,0,1,0,0,0,0,2,0,0,0,0,0,1,0,0,0,0,0,0,0,1,0,0,0,1,0,0,0,0,0,0,0,1,0,0,0,0,0,0,0,0,0,0,1,0,0,0,0,0,0,0,0,0,0,1,0,0,0,0,0,0,0,0,0,0,0,0,0,0,0,0,0,0,1,1,0,0,0,1,0,0,0,0,0,0,0,0,0,0,1,0,0,0,0,0,0,0,0,0,0,0,0,0,0,0,0,0,0,0,3,0,0,0,0,0,0,1,1,0,0,1,0,0,0,0,0,0,0,0,0,0,0,0,0,0,0,1,2,0,0,0,0,0,1,0,0,0,0,1,0,0,1,0,0,0,0,0,0,2,0,0,0,0,0,0,0,0,0,0,0,0,0,0,0,0,0,0,0,0,0,0,0,0,0,0,0,1,0,0,0,0,0,0,0,0,0,1,0,0,0,0,0,1,1,0,0,0,0,0,0,0,3,0,0,1,0,0,0,1,0,0,2,1,0,0,0,0,0,0,0,0,0,0,0,0,0,0,0,0,1,1,0,0,0,1,0,0,0,0,1,0,0,0,0,0,0,1,0,0,0,0,0,1,0,0,2,1,0,0,0,0,0,0,0,0,0,0,0,0,0,0,3,0,0,0,0,0,0,0,0,0,0,0,0,3,1,0,0,0,0,0,1,0,0,0,0,1,0,0,0,3,0,0,0,0,0,0,0,0,2,0,0,0,0,0,0,0,0,0,0,0,0,0,0,0,0,0,0,1,0,0,0,0,0,1,0,0,0,0,0,0,2,1,0,1,0,0,0,0,0,0,0,0,0,0,0,1,0,0,0,0,0,0,0,1,1,0,0,0,0,0,0,0,0,0,1,0,0,0,0,0,0,0,0,0,0,0,0,0,0,0,0,1,0,1,0,0,1,1,0,0,1,0,0,0,2,0,0,0,0,0,1,0,0,0,0,0,0,0,0,0,1,0,0,0,1,3,0,1,2,2,0,0,0,0,0,0,0,1,0,0,1,2,0,0,0,0,0,0,0,0,0,0,0,1,0,0,0,0,0,0,1,0,1,0,2,0,0,1,0,0,0,0,0,0,0,0,0,0,0,0,0,0,0,0,1,0,0,0,0,0,2,0,0,0,1,0,0,0,0,0,0,0,0,0,0,0,0,0,0,0,0,0,1,0,0,0,0,0,0,0,0,0,0,0,0,0,0,0,0,0,0,0,0,0,0,0,0,0,0,0,0,0,0,0,1,0,0,0,0,1,0,0,0,1,0,0,0,0,0,0,2,0,0,0,0,0,0,0,0,2,0,0,0,0,0,0,0,0,3,0,0,0,1,1,0,0,0,0,0,1,0,0,0,1,0,0,0,0,0,0,0,0,0,0,0,0,0,0,0,0,0,0,0,0,0,1,0,0,0,0,0,0,0,0,0,0,0,0,0,2,0,0,0,0,0,0,0,0,0,0,3,0,1,0,0,0,0,0,3,0,0,0,0,0,0,0,0,1,0,0,0,0,2,0,0,1,0,0,0,0,0,0,0,0,0,0,0,0,0,0,0,0,0,3,0,0,0,0,0,0,0,0,0,0,0,0,0,1,0,0,3,0,0,0,0,0,0,0,0,0,0,0,0,0,1,0,0,0,0,0,1,0,0,1,0,0,0,0,0,2,0,0,1,0,0,0,0,0,0,0,1,0,0,0,0,0,0,0,0,0,1,1,1,0,0,0,0,0,0,0,0,2,0,0,0,0,0,1,0,0,0,0,0,0,0,0,0,0,0,1,0,0,0,1,1,0,0,0,0,0,0,0,0,0,0,0,1,0,0,0,0,0,0,0,0,0,0,0,1,0,0,0,0,0,0,0,0,0,0,0,0,0,0,1,0,0,0,0,0,1,0,0,0,0,0,1,0,0,0,0,0,0,0,0,0,0,0,0,1,1,1,0,0,0,0,0,0,0,0,0,3,0,0,2,0,1,0,0,1,0,0,0,0,0,0,0,0,0,0,0,0,0,0,0,1,0,3,0,0,0,1,0,0,0,0,0,0,1
PPP1R18,0,0,1,1,1,0,0,1,0,0,0,0,1,0,1,2,0,3,0,1,1,0,0,0,0,2,0,1,2,0,0,0,0,1,1,0,0,1,0,0,0,1,0,0,0,0,0,0,0,0,0,0,1,0,0,0,2,0,0,1,1,1,0,1,0,1,0,0,0,0,1,1,0,1,0,0,1,0,0,0,0,1,1,0,0,0,0,1,1,0,1,2,0,0,0,1,0,0,0,8,0,0,0,0,0,0,0,0,1,1,0,0,0,4,1,0,2,0,0,0,0,0,0,0,1,0,0,0,0,0,0,0,1,0,0,0,0,0,1,1,0,1,1,0,0,1,3,1,2,0,2,0,1,0,1,3,0,0,0,0,0,0,1,0,1,4,0,0,1,3,0,0,2,1,0,0,0,0,1,2,0,0,1,1,0,1,0,0,0,1,2,0,1,1,1,1,1,2,0,0,0,1,0,0,0,2,0,0,1,0,0,1,1,0,1,1,1,2,0,1,0,0,0,0,2,1,0,1,1,1,1,1,1,1,0,1,0,0,0,0,0,0,0,0,1,0,1,2,0,0,0,2,0,0,1,0,0,0,0,0,0,0,1,1,0,1,0,0,0,1,0,0,0,0,0,1,0,1,2,1,1,1,0,0,0,0,0,0,0,1,0,1,1,2,1,3,0,1,0,0,2,0,3,0,0,0,0,0,0,0,0,0,1,1,2,0,0,2,1,0,0,5,1,0,0,0,0,1,0,0,0,0,0,0,0,0,2,1,0,1,0,1,0,0,0,1,1,1,0,0,1,2,2,0,0,0,2,2,0,0,0,1,1,0,3,0,4,0,0,1,0,1,2,0,0,4,1,2,0,2,1,0,1,0,1,0,0,0,2,0,1,3,1,0,0,0,0,0,0,1,2,0,0,1,0,1,2,0,4,1,0,2,1,0,0,0,0,1,0,1,2,1,2,1,2,1,0,0,0,0,0,0,1,1,0,0,2,1,0,0,0,1,0,1,0,1,0,0,0,1,1,0,0,0,2,1,0,2,1,0,0,0,0,0,2,1,2,1,0,1,2,0,2,0,0,1,0,0,0,0,1,0,2,1,0,0,1,1,1,0,0,0,0,0,0,0,2,0,0,1,0,0,0,0,1,0,1,2,2,0,0,0,0,1,0,2,1,0,1,1,1,1,0,0,1,0,0,0,0,0,0,3,3,0,0,0,0,0,0,1,0,0,0,0,0,1,1,0,0,0,2,4,0,0,1,0,0,4,0,1,0,1,0,0,0,1,0,0,0,1,1,1,1,0,1,0,1,1,0,0,0,0,0,1,0,1,1,0,1,0,0,1,1,1,0,0,3,0,2,1,1,1,0,3,2,1,0,0,0,0,1,0,2,0,3,1,0,1,0,0,0,1,1,0,5,0,0,0,0,0,0,3,0,0,0,0,0,1,3,1,0,0,3,1,2,0,1,0,0,0,1,0,0,1,0,2,0,0,0,1,0,0,1,3,1,1,0,1,0,0,1,0,0,0,2,2,0,0,0,1,0,2,0,1,0,0,1,0,0,0,2,0,1,0,1,0,0,0,0,0,0,0,0,0,0,0,0,0,1,2,0,2,0,3,0,0,0,1,0,1,0,0,0,0,0,1,0,0,0,1,0,0,0,0,0,0,0,0,3,1,0,0,0,0,0,1,0,2,0,0,1,2,0,0,0,1,0,0,0,0,0,0,0,1,0,0,3,0,1,0,0,0,0,0,1,0,0,0,0,1,0,3,0,1,0,0,1,0,0,1,1,0,0,0,2,2,0,1,0,0,1,0,0,1,0,2,1,0,0,0,0,1,0,2,0,0,1,0,0,1,2,1,0,1,1,0,0,0,0,0,0,1,1,1,0,0,0,0,1,0,1,1,1,1,0,1,0,1,0,0,1,2,0,0,0,0,2,0,0,1,0,1,0,0,0,2,1,0,1,0,2,0,2,0,0,1,4,1,2,0,0,0,2,1,1,0,0,0,0,1,0,0,0,2,0,1,0,0,0,0,2,1,1,0,0,0,0,0,0,0,1,0,1,0,1,0,0,0,1,0,0,0,1,0,0,0,3,0,1,0,0,0,2,0,0,0,0,2,0,3,0,0,1,0,1,0,1,1,1,0,0,1,2,0,0,0,2,0,0,0,1,0,0,1,0,1,0,0,0,1,0,1,0,3,1,1,0,0,0,1,2,1,0,0,2,1,0,0,0,0,1,0,1,0,1,3,0,1,0,0,0,1,0,0,0,0,2,1,1,0,1,0,2,0,0,2,0,1,1,0,1,0,0,0,1,0,1,1,3,0,1,0,0,0,0,1,0,1,0,0,1,2,1,1,2,0,0,0,0,0,0,1,0,1,0,0,1,1,0,0,2,0,0,1,1,2,0,1,1,0,0,2,5,0,2,3,1,1,2,1,1,0,0,0,3,2,0,0,0,0,0,0,0,4,0,0,0,2,1,0,0,2,1,1,0,0,0,0,0,0,1,0,0,2,0,0,1,0,1,1,1,1,0,0,0,1,1,1,0,0,0,0,3,3,2,1,0,0,0,0,0,0,1,3,1,2,0,1,1,0,1,0,2,2,0,1,0,0,0,1,2,3,0,0,0,0,1,0,0,5,0,2,0,0,0,3,1,1,0,0,0,1,0,0,1,0,1,0,0,0,0,1,0,0,1,1,0,1,2,1,0,0,1,0,0,1,3,4,1,1,0,0,3,2,1,0,2,0,1,2,0,1,1,0,0,0,0,1,1,0,0,0,1,0,1,0,1,0,0,1,1,1,0,0,1,0,0,2,0,0,4,0,1,0,0,0,0,0,0,0,0,0,0,0,1,1,0,0,0,0,0,0,0,0,0,0,1,1,0,0,0,0,1,7,0,1,5,0,0,0,0,1,1,0,0,0,1,0,1,0,0,0,1,1,0,0,0,0,1,0,0,0,0,1,0,0,0,0,4,1,0,0,0,2,0,0,1,2,0,1,0,0,0,0,0,0,1,2,3,0,1,0,0,1,1,0,1,0,0,0,0,2,0,2,2,0,0,3,0,2,0,0,0,2,1,0,1,2,0,3,0,1,0,0,1,0,2,0,0,1,1,0,0,1,0,0,0,2,0,1,3,0,0,0,3,0,0,0,0,0,0,0,3,1,2,0,0,0,0,2,0,0,1,0,0,0,0,2,0,2,0,1,0,0,1,0,0,0,1,0,0,3,0,0,0,1,0,1,0,0,1,2,0,0,0,0,0,0,1,1,1,0,0,1,1,1,0,1,0,5,0,0,0,0,0,1,0,0,1,2,0,0,1,0,1,0,0,1,1,2,0,0,0,0,0,0,0,0,0,1,0,0,0,0,0,0,0,0,0,0,0,0,0,0,0,0,0,1,0,0,1,0,0,0,0,2,1,0,0,1,0,0,0,0,0,0,1,0,0,1,0,0,1,0,0,1
YWHAH,0,0,1,0,2,1,0,1,0,0,1,0,1,0,1,2,0,0,0,0,0,0,0,0,0,1,0,0,0,0,0,0,0,0,0,0,1,0,0,0,0,0,1,1,0,0,0,1,0,0,0,0,0,2,0,0,0,0,0,1,2,0,1,0,0,0,0,6,0,0,0,1,0,0,0,0,0,0,0,0,0,0,0,1,0,0,0,0,1,0,0,1,0,1,0,0,0,0,0,2,0,0,0,0,1,0,1,0,1,0,0,0,0,0,0,0,0,0,0,0,0,0,8,0,0,1,0,0,0,0,0,0,0,0,0,0,1,0,0,0,0,0,0,0,0,1,0,0,0,0,0,0,0,0,1,0,0,0,0,0,0,0,0,2,0,0,0,0,0,2,0,0,2,0,0,0,0,0,1,0,0,0,0,0,0,0,0,0,2,0,3,1,0,0,2,0,0,0,6,0,0,1,1,0,0,0,1,0,0,0,0,0,0,0,1,0,0,2,0,1,0,0,0,0,0,0,0,0,0,0,0,0,2,0,2,0,0,0,0,0,0,0,0,1,1,1,0,0,0,0,0,0,0,0,0,0,0,1,0,0,0,0,0,4,0,2,0,0,0,0,0,2,2,0,1,0,1,2,0,0,1,0,0,0,0,0,0,0,0,0,0,0,0,0,0,0,0,0,0,0,0,1,1,0,0,0,0,0,1,0,0,2,0,0,0,0,0,0,0,0,0,1,0,0,1,0,0,0,1,0,0,0,0,0,1,0,0,0,0,1,3,0,0,0,0,0,0,0,0,1,0,0,1,0,0,0,0,0,0,0,0,0,0,0,0,0,0,1,0,0,0,0,0,0,0,2,0,1,0,0,0,0,1,0,0,0,0,0,0,0,0,3,0,0,0,0,0,4,0,1,0,0,0,0,0,0,0,0,0,0,1,0,0,0,0,5,0,0,0,0,0,0,0,0,1,0,0,0,0,1,1,0,1,0,0,0,1,1,0,3,0,0,0,0,0,2,0,0,0,0,0,0,0,1,0,0,0,1,3,1,0,0,0,0,1,0,0,0,0,0,0,1,0,0,0,2,1,0,0,1,1,1,0,1,1,0,0,1,0,0,0,0,0,0,0,1,0,0,1,1,0,0,0,1,0,0,0,1,0,0,0,0,0,0,0,0,0,0,1,0,0,0,0,0,1,0,0,0,1,0,1,0,2,0,0,1,1,0,0,4,1,0,0,0,0,0,1,0,0,0,2,0,0,0,0,1,0,2,0,1,0,0,0,0,0,0,0,0,2,0,1,2,1,0,0,0,0,0,1,0,0,1,0,0,0,1,0,0,0,1,0,0,0,2,0,0,0,0,0,0,0,0,0,0,2,4,0,0,0,0,0,0,1,0,1,0,0,0,0,0,0,1,2,0,2,0,0,1,0,0,0,0,1,0,0,0,0,0,0,0,0,1,0,0,0,0,0,1,0,1,0,0,0,0,0,2,0,0,1,0,2,0,1,2,0,1,1,0,1,0,0,0,1,1,0,0,0,0,0,0,0,1,0,0,0,0,1,0,0,0,0,0,0,0,0,0,0,0,0,0,0,0,0,1,0,1,0,0,0,3,0,0,0,0,1,0,0,0,0,0,0,0,0,0,0,0,0,0,0,0,0,0,0,0,0,0,1,0,0,0,1,0,1,0,0,0,0,0,0,0,1,0,0,1,1,1,1,0,0,0,0,1,0,0,1,0,2,0,0,1,0,0,0,0,0,0,0,0,1,0,0,0,0,0,1,2,1,0,0,0,1,0,0,0,1,0,0,2,0,0,0,0,2,0,2,0,0,0,0,0,0,0,0,0,0,0,0,0,0,1,0,1,2,0,0,2,0,0,0,0,0,1,0,0,1,0,0,0,1,2,0,0,0,1,1,0,1,1,0,1,1,0,0,0,1,0,0,0,0,0,0,0,0,0,1,1,0,0,0,0,1,0,0,2,0,0,0,0,0,0,0,0,0,2,1,0,0,0,0,0,0,0,0,0,0,0,0,0,0,0,0,0,0,1,0,0,0,0,0,1,0,0,0,0,0,0,0,0,0,1,0,0,0,0,0,0,0,2,1,0,0,0,0,0,0,1,0,1,0,1,0,0,2,0,0,0,1,1,1,0,1,0,0,0,1,0,1,0,0,0,0,0,0,0,0,1,0,0,0,0,0,2,1,0,0,0,0,0,1,0,1,0,0,2,0,0,0,0,0,1,0,0,0,0,0,0,0,0,0,0,0,1,0,1,0,0,0,0,0,0,0,1,0,0,0,0,0,0,1,0,0,0,0,0,0,0,0,0,0,0,3,1,0,0,0,0,0,1,0,0,0,0,1,0,0,0,0,0,0,0,0,0,0,0,0,1,0,0,0,0,0,0,0,1,0,1,1,1,0,0,0,2,1,0,0,0,0,0,0,0,0,0,0,0,0,0,0,0,1,0,0,0,1,1,0,0,0,0,0,0,2,0,3,0,0,0,0,0,0,1,1,0,0,0,0,0,0,0,0,1,0,1,3,0,0,0,1,0,0,0,0,0,1,0,0,0,0,0,0,1,1,0,5,0,0,0,0,0,0,0,1,1,0,1,1,0,0,1,2,1,2,0,0,0,0,0,1,0,0,0,0,0,1,0,0,0,1,0,0,1,0,0,0,0,0,0,0,0,0,1,0,0,0,0,0,0,1,0,0,0,0,0,0,0,0,2,1,2,1,0,0,0,0,1,1,0,3,1,0,0,0,1,0,0,0,0,5,0,1,0,0,1,0,0,0,0,0,0,0,0,0,0,0,0,0,0,0,1,0,0,2,0,0,0,0,1,1,3,0,0,0,0,0,0,1,0,1,0,0,0,0,1,0,1,0,0,0,1,0,1,1,1,0,1,0,0,2,0,0,0,1,0,0,0,0,1,0,0,0,2,3,0,0,0,1,0,0,0,0,0,0,0,0,0,2,0,0,0,0,1,0,3,0,0,0,1,0,0,0,1,0,0,0,1,0,0,0,0,5,0,0,2,0,0,0,0,0,2,1,0,0,0,0,0,0,0,0,0,0,0,0,1,0,0,0,1,0,0,0,0,0,0,0,0,1,0,0,0,1,1,0,0,2,0,0,0,0,0,0,0,3,0,0,0,0,0,0,1,1,0,1,0,0,0,0,0,0,0,0,0,0,0,0,0,0,0,0,1,0,0,0,0,0,2,0,0,0,0,0,1,0,1,0,0,0,0,0,1,0,0,0,0,0,0,0,0,1,0,1,0,0,0,0,0,1,0,1,0,0,1,0,0,5,0,0,0,0,0,0,0,0,0,0,1,2,0,0,0,0,0,0,0,0,0,0,0,0,1,1,0,0,0,0,0,0,1,0,0,2,0,0,3,0,0,0,0,0,1,0,0,0,0,0,0,0,0,0,0,1,0,0,0,0,0,3,0,0,1,1,0,0,0,0,0,0,0
DDX24,2,1,1,0,1,0,0,2,1,2,0,1,0,1,1,1,0,1,0,0,1,1,0,1,0,0,1,0,1,1,0,0,1,1,0,0,1,1,2,0,1,1,0,1,0,0,0,0,1,0,0,1,0,0,2,0,0,0,1,1,1,0,0,1,2,1,2,0,2,1,1,1,1,0,0,0,0,0,0,0,0,0,0,1,3,0,3,2,0,2,1,0,1,1,1,0,0,0,0,2,0,0,0,0,0,0,0,0,0,1,3,2,0,0,0,2,1,1,0,0,0,0,1,0,1,3,0,0,1,1,0,0,1,0,0,1,0,0,1,1,0,0,0,2,1,0,1,0,3,0,2,0,0,1,0,1,0,0,0,0,1,0,0,0,2,1,1,0,2,0,1,1,0,0,0,1,1,1,1,1,0,0,1,0,0,1,1,1,1,0,0,0,2,1,1,0,0,0,0,1,0,1,0,1,0,0,0,1,0,0,1,1,1,1,0,1,0,0,1,0,0,1,0,0,3,3,0,0,1,0,4,1,0,0,0,0,1,0,0,0,0,0,1,1,0,1,0,2,0,0,0,0,0,1,0,1,0,1,0,0,0,1,0,0,1,2,0,0,1,3,0,1,0,0,0,0,0,0,2,0,0,0,2,1,2,0,0,0,0,2,0,0,0,0,0,0,1,2,0,0,0,0,1,1,0,0,0,0,1,1,0,0,0,0,0,0,0,0,0,1,0,0,0,1,0,0,1,2,0,1,2,0,0,0,0,0,1,0,0,0,1,1,0,0,0,1,0,1,0,0,0,3,1,0,0,1,0,2,1,0,0,0,2,0,0,1,1,2,0,0,0,0,0,1,2,0,0,1,0,0,0,0,1,0,0,0,1,0,0,1,1,0,1,2,1,0,0,4,0,0,0,0,0,1,0,0,2,0,1,2,0,1,0,2,1,0,0,0,1,0,0,0,0,2,0,0,0,1,1,0,0,1,0,0,0,0,0,2,0,2,3,2,0,0,1,0,0,2,0,1,0,0,0,0,0,0,0,0,0,0,1,0,1,0,0,2,0,0,0,0,0,0,1,0,2,0,0,1,0,0,0,1,0,3,0,1,0,2,1,0,2,0,0,2,1,0,0,1,1,1,0,0,0,1,0,0,0,0,0,0,0,0,0,0,2,2,0,0,0,0,0,1,1,0,0,0,0,0,0,0,1,1,1,0,0,0,0,0,0,1,1,0,0,0,0,1,0,1,0,0,0,1,0,0,0,0,0,0,0,2,0,1,0,0,0,0,0,0,1,0,1,1,0,0,0,0,0,0,0,0,1,0,0,2,0,0,0,0,0,1,0,0,0,2,0,0,1,2,0,1,0,0,0,0,0,0,0,0,0,0,0,0,0,0,1,1,0,1,0,3,1,0,2,0,0,0,0,0,0,0,1,1,1,0,0,0,0,0,1,0,0,0,1,0,0,0,1,2,1,0,0,2,0,1,0,1,0,2,0,0,0,1,0,0,0,2,0,0,0,0,0,0,0,1,2,1,0,0,0,2,0,0,0,2,0,1,2,0,0,1,0,1,0,1,0,0,1,1,0,1,0,1,0,0,0,1,1,0,1,0,0,1,0,0,0,0,0,0,0,0,0,0,0,2,1,0,0,0,0,0,1,0,1,2,0,0,0,1,0,0,0,0,0,0,1,0,0,1,0,0,0,0,0,0,0,0,0,1,0,0,0,0,0,3,0,0,1,0,1,0,0,1,1,1,0,0,0,0,0,0,0,0,2,1,1,0,2,2,0,0,1,0,0,1,0,0,1,1,0,0,2,1,0,0,0,1,0,1,3,2,0,0,1,0,1,0,0,3,1,0,0,0,3,1,2,0,1,0,1,0,1,1,1,0,0,0,0,1,0,1,0,0,0,0,0,0,1,0,1,0,0,0,0,0,0,0,0,0,0,0,0,0,0,2,0,1,0,0,1,0,1,0,1,0,2,1,0,1,0,0,0,0,0,0,0,0,2,0,0,0,0,0,0,0,0,1,0,2,2,1,0,0,0,2,0,0,0,0,0,0,0,0,0,1,1,1,0,0,0,0,0,0,0,0,1,0,0,0,0,0,1,2,0,0,0,1,0,3,1,2,0,1,3,0,0,1,0,0,1,0,0,0,0,0,0,0,1,0,2,0,0,0,1,1,0,0,1,1,1,0,0,1,0,2,1,0,0,0,0,0,1,0,0,0,0,1,0,0,1,0,0,0,0,1,2,2,0,0,2,1,0,0,0,0,2,0,0,1,1,1,0,0,0,3,1,1,0,0,0,2,0,0,1,0,0,0,0,1,3,0,1,0,0,1,0,0,0,1,0,0,0,1,0,0,2,0,0,1,0,0,4,0,0,1,0,1,0,0,1,1,0,0,0,0,0,0,0,0,0,0,0,0,0,0,0,1,0,0,0,0,2,0,0,0,0,0,0,2,1,0,0,1,1,1,0,0,0,1,0,0,1,0,1,1,0,0,0,0,0,2,1,1,1,0,0,0,0,0,1,0,0,0,0,0,1,1,1,2,0,0,0,0,0,1,0,0,0,0,0,0,2,0,0,1,2,0,0,1,1,1,0,1,0,2,0,2,2,0,0,0,0,1,0,0,1,0,1,0,0,1,0,0,0,0,1,1,1,0,3,1,1,0,0,1,1,0,2,0,1,0,0,0,0,0,2,0,1,0,0,0,0,0,0,1,0,3,0,0,0,0,1,0,0,1,1,0,4,1,1,0,0,0,0,1,1,0,0,0,1,0,0,0,0,0,0,3,0,1,1,1,0,0,1,1,2,0,1,0,0,2,0,0,0,1,0,0,0,1,0,1,2,0,0,0,0,0,0,0,2,0,0,0,0,0,0,0,0,1,0,0,0,0,1,1,1,0,0,0,0,0,1,0,2,0,0,0,0,0,0,0,1,0,0,0,0,0,0,0,0,0,0,0,0,0,0,0,1,1,0,0,0,0,0,0,1,0,0,0,0,0,0,0,1,0,1,0,0,1,3,0,1,2,0,0,0,0,0,0,1,1,0,3,1,0,0,1,2,0,0,0,1,1,0,0,2,1,1,0,0,0,0,1,0,0,0,0,0,1,0,0,1,3,0,0,0,0,0,1,3,1,0,0,0,0,1,0,0,0,1,1,1,0,0,0,1,0,0,0,0,0,0,1,0,0,0,0,0,0,0,1,0,0,2,1,0,0,1,1,1,3,1,2,0,0,0,0,0,0,2,0,1,1,3,1,0,0,0,2,2,2,0,1,0,0,0,0,0,0,1,2,1,0,0,1,1,0,0,1,1,0,0,0,0,0,1,1,0,1,0,0,1,0,2,0,0,0,0,0,0,1,0,0,1,1,2,0,1,0,0,0,0,1,1,3,0,0,0,0,0,0,2,0,0,0,0,1,2,0,2,0,0,1,0,0,0,1,1,0,2,0,0,1,3,0,0,0
BLNK,0,0,0,0,0,0,0,0,2,0,0,1,0,0,0,0,0,0,0,0,0,0,0,0,0,0,0,0,0,0,0,0,0,0,0,0,0,0,0,1,0,0,0,0,0,1,0,0,0,0,0,0,0,1,0,0,0,0,0,0,0,0,0,0,0,0,0,0,0,0,0,0,0,0,0,0,0,0,0,0,0,0,0,0,0,0,0,0,0,0,0,0,0,0,0,0,0,0,0,1,0,0,0,0,0,0,0,0,0,0,0,0,0,0,0,0,0,0,0,0,0,0,0,0,0,0,0,0,0,0,0,0,1,0,0,0,0,0,0,0,0,0,0,1,0,0,0,0,0,0,0,0,0,0,0,0,0,0,0,0,0,0,0,0,0,0,0,0,0,0,0,0,0,0,0,0,0,0,0,0,0,0,1,0,0,1,0,0,0,0,0,0,0,0,0,0,0,0,0,0,0,0,0,0,0,0,1,2,0,0,0,0,0,0,0,0,0,0,2,0,0,0,0,0,0,0,0,0,0,0,0,0,0,0,0,0,0,0,0,1,0,0,0,0,0,0,0,0,0,0,0,0,0,0,1,0,0,0,0,0,0,0,0,0,0,0,0,0,0,0,0,0,0,0,0,0,0,0,0,0,0,0,0,0,0,0,0,0,0,0,0,0,0,0,0,0,0,0,0,0,0,0,0,0,0,0,0,0,0,0,0,0,0,0,0,0,0,0,1,0,0,0,0,0,0,0,0,0,0,0,0,0,0,0,0,0,0,0,0,0,0,0,0,0,0,0,0,0,0,0,0,0,0,0,0,0,1,0,0,0,0,0,0,0,0,0,0,0,0,0,0,0,0,0,0,0,0,0,0,0,0,0,0,0,0,0,0,2,0,0,0,0,0,0,0,0,1,0,0,0,0,0,0,0,0,0,0,0,0,0,0,0,0,0,0,0,0,1,0,0,0,0,0,0,0,0,0,0,0,0,0,0,0,0,0,0,0,0,0,0,0,0,0,0,0,0,0,0,0,0,0,0,0,0,0,0,0,0,0,0,0,0,0,0,0,1,0,0,0,0,0,0,0,0,0,0,0,0,0,0,0,0,0,0,0,0,0,0,0,0,0,0,0,2,0,0,0,0,1,0,0,0,0,0,0,0,2,0,0,0,0,0,0,0,0,0,0,0,0,0,0,0,0,0,0,0,0,1,0,0,0,1,0,0,0,0,0,0,0,0,0,0,0,0,0,0,0,0,0,0,0,0,0,0,0,1,0,0,0,0,1,0,1,0,0,0,0,0,0,1,0,0,0,0,0,0,0,0,0,0,0,0,0,0,0,0,0,0,1,0,0,2,0,0,0,1,0,0,1,0,0,0,0,0,0,0,0,0,0,0,0,1,0,0,0,0,0,0,0,0,0,0,0,0,0,0,0,0,0,0,0,0,0,0,0,0,0,0,1,0,0,0,0,0,0,0,2,0,0,0,0,0,0,0,0,0,0,0,1,0,0,0,0,0,0,0,0,0,0,0,0,0,0,0,0,0,0,0,0,0,0,0,0,0,0,0,0,0,0,0,0,0,0,0,0,0,0,0,0,0,0,0,1,0,0,0,0,0,0,0,0,0,0,0,0,0,0,0,0,0,0,0,0,0,0,0,0,0,0,0,0,0,1,0,0,0,0,2,0,0,0,0,1,0,0,0,0,0,0,0,0,0,0,0,1,0,0,0,0,0,0,0,0,0,0,1,0,0,0,0,0,0,0,0,0,0,0,0,0,0,0,0,0,0,0,0,0,0,0,0,0,0,0,0,0,0,0,0,0,0,0,0,0,0,0,0,0,0,0,0,0,0,0,0,0,0,0,0,0,0,0,1,1,0,0,1,0,0,0,0,0,0,0,0,0,0,0,0,0,3,0,0,0,0,0,0,0,0,0,0,0,0,0,0,0,0,0,0,0,0,0,0,0,0,1,0,0,0,0,0,0,0,0,0,0,0,0,0,1,0,0,0,0,0,0,0,0,0,0,0,0,0,0,0,0,0,0,0,0,0,0,0,0,0,0,0,0,0,0,0,0,0,0,0,0,1,0,0,0,0,0,0,0,0,1,0,0,0,0,0,0,1,0,0,0,0,0,0,0,0,0,0,0,0,0,0,0,1,0,0,0,0,0,0,0,0,0,0,0,0,0,0,0,0,0,0,0,0,1,0,0,2,0,0,0,0,0,0,0,0,0,0,0,0,0,0,0,0,0,0,1,0,0,0,0,0,0,0,0,0,0,0,0,0,0,0,0,0,0,0,0,0,0,0,0,0,1,0,0,0,0,0,0,0,0,0,0,0,0,0,0,0,1,0,0,0,0,0,0,0,0,0,0,0,0,0,0,0,0,0,0,0,0,0,0,1,0,0,0,0,0,0,0,0,0,0,0,0,0,0,0,0,0,0,0,1,0,0,0,0,0,0,0,0,0,0,0,0,0,0,0,0,0,1,0,0,0,0,0,0,0,0,0,0,0,0,0,0,1,0,0,0,3,0,0,0,0,0,0,0,0,0,0,0,1,0,0,0,0,0,0,0,0,0,0,0,0,2,0,0,0,0,0,0,0,1,0,0,1,0,0,1,0,0,0,0,0,0,0,0,0,0,0,0,0,0,0,0,0,0,0,0,0,2,1,0,0,0,0,0,0,0,0,0,0,0,0,0,0,0,0,0,0,0,0,0,0,0,0,0,0,0,0,0,0,0,0,0,0,0,0,0,0,0,0,0,0,0,0,0,0,0,0,0,1,0,0,0,0,0,0,1,0,0,0,4,0,0,0,0,0,0,0,0,0,0,0,0,1,0,0,0,0,0,0,0,0,0,0,0,0,0,0,0,0,1,0,0,0,0,0,0,0,0,0,0,0,0,0,0,1,0,0,0,0,0,0,0,0,0,0,0,0,0,0,0,0,0,0,0,0,0,0,0,0,0,0,0,0,0,0,0,0,0,1,0,0,0,0,0,0,0,0,0,0,0,0,1,0,0,0,0,0,1,0,0,0,0,0,0,0,1,0,0,0,1,0,0,0,0,0,0,0,0,0,0,1,0,0,0,0,0,0,0,0,0,0,0,0,0,0,1,0,0,0,0,0,0,0,0,0,0,0,0,0,0,0,0,0,0,0,0,0,0,0,0,0,0,0,0,0,0,0,0,0,0,0,0,0,0,0,0,0,0,0,0,0,0,0,0,0,0,0,0,0,0,0,0,1,0,0,0,0,0,0,0,0,0,0,0,0,0,0,0,0,0,0,0,0,0,0,0,0,0,0,0,0,0,0,0,0,0,0,0,0,0,0,0,0,0,0,0,1,0,1,0,0,0,0,0,0,0,0,0,0,0,0,0,0,0,0,0,0,0,0,0,0,0,0,0,1,0,0,0,0,0,0,1,0,0,0,0,0,0,0,0,0,0,0,0,0,0,0,0,0,0,0,0,0,0,0,0,0,0,0,0
SUSD3,0,0,0,0,0,0,0,0,0,0,0,0,1,1,0,0,0,0,0,1,1,1,0,0,0,0,1,0,0,0,0,0,0,0,0,0,0,0,1,0,0,0,0,0,0,0,0,0,0,0,2,1,0,0,0,1,0,1,0,0,0,2,1,0,0,0,0,0,1,0,0,0,0,0,0,0,0,0,0,0,0,0,0,0,0,0,0,1,0,1,0,0,2,0,0,0,0,0,0,0,0,1,0,0,0,0,1,0,0,0,0,0,0,0,0,2,0,0,0,1,0,0,0,0,1,0,0,0,0,0,0,1,0,0,1,0,0,0,0,0,1,0,1,0,0,0,0,0,1,0,0,0,0,0,0,1,0,0,0,0,0,0,0,0,0,1,0,0,0,3,0,0,0,1,0,0,0,1,0,0,0,0,0,0,0,0,0,0,0,0,0,0,1,0,0,0,0,0,0,0,0,0,0,0,0,0,0,0,0,0,0,0,0,0,0,0,0,0,0,0,0,0,0,0,1,0,0,0,0,0,0,1,0,0,0,0,0,0,0,0,0,0,0,0,0,0,0,0,0,0,0,0,0,0,0,2,0,1,0,0,0,0,0,0,0,0,1,0,0,0,0,0,0,0,0,1,0,0,0,1,0,0,1,1,0,1,0,0,0,0,0,0,0,0,0,1,0,0,0,0,0,1,0,0,0,0,0,0,0,0,0,0,0,0,2,0,0,0,0,2,0,0,1,0,0,0,0,0,0,1,1,0,1,0,0,0,1,0,0,0,0,0,0,0,0,0,0,0,0,0,0,1,0,0,0,0,0,2,0,0,0,0,0,0,0,0,0,0,1,1,0,0,0,1,1,2,1,0,0,0,0,0,0,2,0,0,2,0,0,0,1,0,1,0,0,0,0,0,0,0,1,0,0,0,0,0,0,1,0,0,1,0,0,0,1,0,0,0,0,0,0,0,0,0,0,0,0,0,0,0,0,1,0,0,1,0,0,0,0,1,0,1,0,0,0,0,0,0,0,0,1,1,0,0,0,0,0,0,0,0,0,0,1,0,0,0,0,0,0,0,0,0,0,0,0,0,0,1,0,0,0,2,0,0,0,1,0,0,1,0,1,0,1,0,0,0,0,0,0,0,0,0,2,0,0,1,0,0,0,0,0,0,0,0,0,0,0,0,1,0,0,0,0,0,0,0,0,0,0,0,1,0,1,1,1,0,0,0,0,0,0,0,0,0,0,0,0,1,0,0,0,0,1,0,0,1,0,0,1,0,0,0,0,0,1,1,0,0,0,0,0,0,0,1,1,0,0,1,0,0,1,0,0,0,0,0,0,0,0,0,0,0,0,0,0,0,0,0,0,0,1,0,0,0,0,1,0,0,0,1,0,0,0,1,0,1,1,0,0,0,1,0,0,0,0,0,1,0,1,0,0,0,1,0,0,0,0,0,0,0,0,0,0,1,0,0,0,0,0,0,0,0,1,0,0,0,0,3,0,0,0,0,0,0,1,0,0,0,1,0,0,0,0,1,1,0,0,0,0,0,1,0,0,0,0,0,0,0,0,0,0,0,0,1,1,0,0,1,0,0,1,2,0,0,0,0,0,0,0,0,0,0,0,1,0,1,0,0,0,0,0,0,0,0,0,0,0,0,1,0,1,0,0,0,0,0,0,1,0,0,0,1,0,0,2,0,0,1,0,0,0,0,0,0,0,0,1,0,0,0,1,0,0,1,0,1,0,0,0,0,1,2,0,0,0,0,0,0,0,0,0,1,0,0,0,1,0,1,0,1,0,1,0,0,0,0,0,0,0,0,0,1,0,0,0,1,0,0,0,0,1,0,0,0,0,0,0,0,1,0,0,0,1,1,0,0,0,0,0,0,0,0,0,0,2,1,0,0,0,0,0,0,0,1,1,0,0,0,0,0,0,0,0,0,0,1,1,0,0,0,3,0,0,0,0,0,1,0,0,1,0,0,0,0,0,0,0,0,0,0,0,0,0,0,0,0,0,0,1,0,0,0,0,0,0,0,0,1,1,0,0,0,1,0,0,0,0,0,0,0,0,0,0,1,0,0,0,1,1,0,0,0,0,0,0,0,1,0,0,0,0,0,0,0,0,0,0,0,0,0,0,1,1,0,0,0,1,0,2,1,0,1,0,1,0,0,0,0,0,0,0,0,0,0,0,0,0,0,0,0,0,0,0,0,0,0,0,1,0,1,1,0,0,0,0,0,0,0,1,0,0,2,0,0,0,0,0,1,0,0,0,0,1,1,0,0,0,0,0,0,0,0,1,1,0,0,1,0,1,0,0,0,0,1,0,0,0,0,1,1,0,3,0,1,0,0,0,0,0,0,0,0,1,0,0,1,1,0,1,0,1,0,0,0,0,0,0,0,1,0,0,0,0,0,0,0,0,0,0,0,0,0,0,0,0,0,0,0,1,0,0,0,0,0,0,0,0,0,0,0,0,1,0,0,0,0,0,0,0,1,0,0,0,0,0,1,1,0,0,0,0,0,0,0,0,0,0,0,0,0,0,0,0,0,0,0,0,0,0,0,0,0,1,0,0,0,0,1,0,0,0,1,0,0,0,0,0,0,0,0,0,1,0,0,0,0,1,1,0,1,0,0,0,0,2,0,0,0,0,0,0,0,2,1,0,0,0,1,0,1,0,0,1,1,1,0,1,2,0,0,1,0,0,0,0,0,1,0,0,0,0,0,0,0,0,1,0,0,0,0,0,1,0,0,0,1,0,0,1,0,1,1,2,0,1,0,0,0,0,0,0,1,0,1,0,0,0,1,0,1,0,0,0,0,0,0,0,0,0,0,0,1,0,0,1,1,0,0,0,0,0,2,0,0,0,0,0,0,0,3,0,0,0,1,0,0,0,0,0,0,1,0,2,3,0,0,2,1,0,0,0,1,0,0,0,0,0,0,0,0,0,0,2,0,0,0,0,1,0,0,0,0,0,0,0,1,0,0,0,0,0,0,0,0,0,0,0,1,1,0,1,0,0,0,0,0,0,2,0,0,0,0,0,0,0,0,1,0,0,0,1,1,1,1,0,0,2,0,0,1,3,0,0,0,0,0,0,0,0,0,0,0,0,1,0,0,0,0,0,0,0,1,0,0,0,0,0,0,0,0,0,0,0,1,1,0,0,1,0,0,0,0,0,1,0,0,0,0,0,0,0,0,0,0,0,0,0,0,1,0,0,0,0,0,1,1,0,0,0,0,1,0,0,1,0,2,0,0,0,0,0,2,0,0,0,0,0,0,0,0,0,0,0,0,0,0,0,1,0,1,0,0,0,0,0,0,0,0,0,0,0,0,1,0,2,0,0,0,0,0,0,1,0,0,0,0,0,0,0,1,0,1,0,0,0,0,1,0,0,0,0,0,0,2,0,0,0,0,0,0,0,0,1,0,1,0,0,0,0,0,0,0,0,0,0,0,0,1,1,0,1,0,2,1,0,1
FAM3C,0,2,0,0,0,0,0,0,1,0,0,0,0,0,0,0,0,0,0,0,0,0,0,0,0,0,0,0,0,0,0,0,0,0,0,0,0,0,0,0,0,0,0,0,0,1,0,0,0,0,0,0,1,0,0,0,0,0,0,2,0,0,0,0,0,0,0,0,0,0,0,0,0,0,0,1,0,0,0,0,1,0,0,0,0,0,0,1,0,0,0,0,0,0,0,0,0,0,0,1,0,0,0,0,0,0,0,0,0,0,1,0,0,0,0,0,0,1,0,0,0,0,0,0,0,0,1,0,0,0,0,0,0,1,0,0,0,0,0,0,0,0,0,1,0,0,0,0,0,0,0,0,0,0,0,0,0,0,0,0,0,0,0,0,0,0,0,0,0,0,1,1,0,0,0,0,0,0,0,0,0,0,0,0,0,0,0,0,0,0,0,0,0,0,0,0,0,0,0,0,0,0,0,1,0,0,0,0,0,0,0,0,0,0,0,0,0,0,2,0,0,1,1,0,0,0,0,0,0,0,0,0,0,0,0,1,0,0,0,0,0,0,0,0,0,0,0,0,0,0,0,0,0,0,0,0,0,0,0,0,0,1,0,0,0,0,0,0,0,1,0,0,0,0,0,0,0,0,0,0,0,0,0,0,0,0,0,0,1,0,0,0,0,0,0,0,0,0,0,0,1,0,0,0,0,0,0,0,0,0,0,0,0,0,0,0,0,0,0,0,0,0,0,0,0,0,0,1,1,0,0,0,0,0,1,0,0,0,0,0,0,0,0,0,0,0,0,0,0,0,0,0,0,0,0,0,0,0,1,0,1,0,0,0,0,0,0,0,0,0,1,0,0,0,0,0,0,0,0,0,0,0,0,0,0,0,0,0,0,0,0,0,0,0,0,0,0,1,0,0,0,0,0,0,0,0,0,0,0,0,0,0,0,0,0,1,0,0,0,0,0,0,1,0,0,0,0,0,0,0,0,0,0,0,0,1,0,1,0,0,0,0,0,0,0,0,0,0,0,0,0,0,0,0,0,0,1,1,0,0,0,0,0,0,0,0,0,0,1,0,0,0,0,0,0,0,0,0,0,0,0,1,0,0,0,0,0,0,0,0,0,0,0,0,0,0,0,0,1,0,0,0,0,0,0,0,0,0,0,0,0,0,0,0,0,1,0,0,0,0,0,0,1,0,0,0,1,0,0,0,0,0,0,0,1,0,0,0,0,1,0,0,0,0,0,0,0,0,0,0,0,2,0,0,0,1,2,0,0,0,0,0,0,0,1,1,0,0,0,2,0,0,0,0,0,0,0,0,0,0,0,0,0,0,0,0,0,0,0,0,1,1,1,0,0,0,0,0,0,0,1,0,0,0,0,0,0,0,0,0,0,0,0,0,0,1,0,0,0,0,0,0,0,0,0,0,0,0,0,0,1,0,0,1,0,0,0,0,0,1,0,0,0,0,0,0,1,0,0,0,0,1,0,0,0,0,0,0,0,0,0,1,1,0,0,1,0,0,0,0,0,0,0,0,1,0,0,0,0,0,0,0,0,0,0,0,0,0,0,0,1,0,0,0,0,0,0,0,0,0,0,0,0,0,1,0,0,0,0,0,0,0,1,0,0,0,0,0,0,0,1,0,0,0,0,0,0,0,0,0,0,0,1,0,1,0,0,0,0,1,1,0,0,0,0,1,0,0,0,0,0,1,0,0,1,0,0,2,0,0,0,0,0,0,0,1,0,0,0,0,0,0,0,0,0,0,0,0,0,0,0,0,0,0,0,1,0,0,0,0,0,0,0,1,0,0,0,0,0,0,0,0,0,0,1,0,0,1,0,0,0,0,0,0,0,0,0,0,0,0,0,0,0,1,0,0,0,0,0,0,1,0,1,0,0,0,1,0,0,0,0,0,0,1,0,1,0,1,0,0,0,0,0,0,0,0,0,0,0,0,1,0,0,0,0,0,0,0,0,0,1,0,0,0,1,0,0,0,1,0,0,0,0,0,1,0,0,0,0,0,0,0,1,0,0,1,1,0,0,0,0,0,0,0,0,0,1,0,0,0,0,0,0,0,0,0,1,0,0,0,0,0,0,0,0,0,0,0,0,0,0,1,0,0,0,0,0,0,0,1,0,0,0,1,0,1,1,0,0,0,0,0,0,0,0,0,1,0,0,0,0,0,0,0,0,0,0,0,0,0,0,0,0,0,0,1,0,0,0,1,0,0,0,0,0,0,0,0,0,0,0,0,0,0,0,0,0,0,1,0,0,0,0,0,0,0,0,0,0,0,0,0,0,0,0,0,0,1,0,0,0,0,0,1,0,0,0,0,0,0,0,0,0,0,0,0,0,0,0,0,0,1,1,0,0,0,0,0,0,0,0,0,0,0,0,0,0,0,0,0,0,0,0,0,0,0,0,0,0,0,0,0,0,0,1,0,0,0,0,0,0,0,0,0,1,0,0,0,0,0,0,0,1,0,0,0,0,0,0,0,0,0,0,0,0,0,0,0,0,0,0,0,1,0,0,0,0,0,1,0,0,0,0,0,0,0,0,0,0,0,0,0,0,0,0,0,1,1,0,0,0,0,0,0,0,0,0,0,0,0,0,0,0,0,1,0,0,0,0,1,0,0,0,0,0,0,0,0,0,0,1,1,0,1,0,0,0,0,0,0,0,0,0,0,0,0,0,0,1,0,0,0,0,0,0,0,0,0,0,0,0,0,0,0,0,0,0,0,0,0,1,0,0,0,0,0,0,0,0,0,0,0,0,0,0,1,0,0,0,0,0,1,0,0,0,0,0,1,0,0,0,0,0,0,0,0,0,0,0,0,0,0,0,0,0,0,0,0,0,0,0,0,0,0,0,0,0,1,0,0,0,1,0,0,0,0,0,0,0,0,1,0,0,0,0,0,0,0,0,0,0,0,0,0,0,0,0,0,0,0,0,0,0,0,0,0,0,0,0,1,0,0,0,0,0,0,0,0,0,0,0,0,0,0,0,0,0,0,0,0,0,0,0,0,0,0,0,0,0,0,0,0,0,0,0,0,0,0,0,0,0,0,0,0,0,0,1,0,0,0,0,0,0,0,0,0,0,0,0,0,0,0,1,0,0,0,0,0,0,0,0,0,0,0,1,1,0,0,0,0,0,0,0,0,0,0,0,0,1,0,0,0,1,0,1,0,0,0,0,0,0,0,0,0,0,0,0,2,0,0,0,1,0,0,0,0,0,0,0,0,0,0,1,0,0,0,0,0,0,0,0,0,0,0,0,0,0,0,0,0,0,0,0,0,0,0,0,1,0,1,0,0,0,0,0,0,0,0,0,0,0,0,2,0,0,0,0,0,0,0,0,0,0,0,0,0,0,0,0,0,0,0,0,0,0,0,0,0,0,0,1,0,0,0,0,0,0,0,0,0,0,0,0,0,0,0,0,0,0,0,0,0,0,0,0,0,0,0,0,0,0,0,0,0,0,0
GRAP2,0,0,0,0,0,0,0,0,0,1,0,0,0,0,0,0,1,0,0,0,0,0,0,0,0,0,0,0,0,0,1,0,0,0,0,0,0,0,0,0,0,0,0,1,0,0,0,0,0,0,0,2,0,0,0,0,0,0,0,0,0,0,0,0,0,0,0,1,1,0,0,0,1,0,0,0,0,0,0,0,0,0,0,0,1,0,0,0,0,0,0,0,1,0,0,0,0,0,0,0,0,1,0,0,0,0,0,1,0,0,1,1,0,0,0,0,0,0,0,1,1,0,2,0,1,1,0,0,0,0,0,0,0,1,0,0,0,0,0,1,0,0,0,0,0,0,0,1,0,0,0,0,1,0,0,0,0,0,0,0,0,0,0,0,1,0,0,0,0,0,0,0,1,1,0,0,1,0,0,1,0,0,0,0,0,0,0,1,0,0,0,0,0,0,1,0,0,0,1,0,0,1,0,0,0,0,0,0,0,1,0,0,0,0,0,1,0,0,0,0,1,0,0,0,0,0,0,0,1,0,1,0,0,0,0,1,0,0,0,0,0,0,0,0,0,0,0,0,0,0,0,0,0,1,0,2,0,0,0,0,1,0,1,0,0,1,1,0,0,0,1,0,0,0,0,0,0,0,0,0,0,0,0,0,0,0,0,2,0,0,0,0,0,0,2,0,0,0,0,0,1,1,1,0,0,0,0,0,0,0,0,0,0,0,1,0,0,0,0,1,0,0,0,0,0,0,0,0,0,0,0,0,1,0,0,1,1,0,1,0,0,2,0,0,0,0,0,0,0,0,0,0,0,0,0,0,0,1,0,0,1,0,0,0,0,0,0,0,1,1,0,0,1,0,0,0,1,0,1,0,0,0,0,0,0,0,2,0,0,0,0,0,0,0,0,0,1,0,0,0,0,0,0,0,0,0,2,0,0,1,0,1,0,0,2,1,0,0,0,0,0,0,2,1,0,0,0,1,0,0,0,0,0,0,0,0,0,1,0,0,1,2,0,0,1,0,0,0,0,0,1,0,0,0,0,2,0,0,0,0,0,1,0,0,0,0,0,0,0,0,0,0,0,0,2,0,0,1,0,0,0,0,1,1,0,0,0,0,0,0,0,0,0,1,0,0,0,0,0,0,0,0,0,0,0,0,0,0,0,0,0,0,0,0,1,0,0,0,0,0,0,0,0,0,0,0,0,0,0,0,0,0,0,0,0,0,0,0,0,0,0,0,0,0,1,1,0,0,0,0,1,0,0,0,0,0,0,0,0,0,0,0,0,0,0,0,0,0,0,0,0,0,0,0,1,0,0,0,0,0,0,2,0,0,0,0,0,0,0,0,0,0,0,0,0,0,0,0,0,0,1,0,0,2,0,0,0,0,0,1,1,0,0,0,1,1,0,1,0,0,1,0,1,0,0,0,0,0,0,0,0,0,0,0,0,0,1,0,0,0,2,0,2,0,0,0,0,1,0,0,0,0,0,0,1,0,0,1,0,0,0,0,0,0,0,1,0,0,0,0,1,0,0,0,0,0,0,0,0,0,0,0,1,0,0,0,1,0,0,0,0,0,0,0,1,1,0,0,0,0,0,1,0,0,0,0,0,2,0,0,0,0,0,0,0,0,0,0,0,0,1,0,0,0,0,0,0,0,0,2,0,1,0,1,0,0,0,0,0,0,0,0,1,0,0,0,0,1,0,0,1,1,0,0,0,0,0,0,0,0,0,0,0,0,0,0,1,1,0,0,0,0,0,1,0,0,0,0,0,2,0,0,1,0,0,0,2,0,1,0,0,0,0,0,0,2,0,1,0,1,0,0,0,1,2,1,0,0,0,1,0,0,0,0,0,1,0,0,0,0,1,0,0,0,0,0,0,0,0,0,0,0,0,0,0,0,0,0,0,0,0,0,0,1,0,0,0,0,0,2,0,0,0,1,2,0,0,0,0,0,0,0,0,0,0,0,0,0,1,0,0,0,0,0,0,0,0,0,0,0,0,0,0,0,0,0,0,1,0,0,0,1,0,0,0,0,0,1,0,1,0,0,1,0,0,0,0,0,0,0,0,0,3,0,0,0,0,0,1,0,0,0,0,0,0,0,0,2,0,1,0,0,0,0,0,0,0,0,0,0,0,0,0,0,0,0,1,0,0,0,0,1,0,0,1,0,0,0,0,0,1,0,0,0,0,0,0,0,0,0,1,0,0,0,2,0,0,0,0,0,0,0,0,0,1,0,0,1,0,0,0,0,0,0,0,0,0,0,0,1,1,0,0,0,0,0,0,0,0,0,2,0,0,0,0,1,0,0,0,1,0,0,0,0,0,0,0,0,1,0,0,1,0,0,1,0,0,0,0,0,0,1,1,0,0,0,1,1,1,1,1,0,0,0,1,0,0,0,0,0,0,0,0,0,0,1,0,0,0,0,0,0,0,0,0,0,0,1,0,0,0,0,0,0,0,0,0,0,0,0,0,1,0,0,0,0,0,0,0,1,0,0,0,0,0,1,1,2,0,0,1,1,0,1,0,0,1,1,0,0,0,0,0,1,0,0,0,0,0,0,0,0,1,0,0,0,0,0,0,0,0,0,0,0,1,0,0,0,0,0,0,0,0,0,0,0,0,0,0,0,0,1,0,0,0,0,0,0,0,0,0,0,0,0,0,0,0,1,0,0,0,0,0,0,0,1,0,0,0,0,0,0,0,0,0,0,0,0,0,0,0,1,0,0,0,1,0,0,0,0,0,0,0,0,0,0,0,0,0,0,1,0,0,0,0,0,0,0,0,0,0,0,0,0,0,0,0,0,0,1,0,2,1,0,0,0,0,0,0,0,0,1,1,0,1,1,0,0,0,0,0,0,0,0,0,0,0,0,0,0,0,0,1,1,0,0,0,1,0,0,0,0,0,0,0,0,0,0,1,0,0,0,0,0,0,0,0,0,0,0,0,0,0,0,0,0,0,0,1,0,0,0,0,0,0,0,0,1,0,0,0,0,0,0,0,0,0,0,0,0,0,0,0,0,0,0,0,0,3,0,0,0,0,0,0,0,0,0,0,0,0,0,0,0,0,0,0,0,0,0,1,0,0,0,0,0,0,0,0,0,0,0,0,0,0,0,0,1,0,0,0,0,0,2,0,0,0,0,0,0,0,0,0,0,0,0,1,0,0,0,0,0,0,1,0,0,0,0,0,0,0,0,0,0,0,0,1,0,0,0,0,0,0,0,0,0,0,0,0,1,0,1,0,0,0,0,0,0,0,0,0,0,0,0,0,0,0,0,2,0,0,0,0,1,0,0,0,1,0,0,0,0,0,1,0,0,0,0,1,1,0,1,0,0,0,1,1,0,0,0,0,0,0,0,0,0,1,0,0,2,0,1,0,0,0,1,0,0,0,0,0,0,0,1,0,1,0,0,0,0,1,2,0,0,0,1,0,0,0,0,0,0,0,0,0,0,0,0,0,0,0,0,0,0,1,0
ARHGEF40,0,0,0,0,0,0,0,0,0,0,0,0,0,0,0,0,0,0,0,0,0,0,0,0,0,0,0,0,0,0,0,0,0,0,0,0,0,0,0,0,0,0,0,2,1,0,0,1,0,0,0,0,0,0,0,0,0,0,0,0,1,0,0,0,0,0,0,0,0,0,0,0,0,0,0,0,0,0,0,0,0,0,0,0,0,0,0,0,0,0,0,0,0,1,0,0,0,0,0,0,0,0,0,0,0,0,0,0,0,0,0,0,1,0,0,0,0,0,0,0,0,0,0,0,0,0,0,0,0,0,0,0,0,0,0,0,0,0,0,0,0,0,0,0,0,0,0,2,0,0,0,0,0,0,0,0,0,0,0,0,0,0,0,1,0,0,0,0,0,0,0,0,0,0,0,0,0,0,1,0,0,0,0,0,0,0,0,1,1,0,1,0,0,0,0,0,0,0,0,0,0,0,0,0,0,0,0,0,0,0,0,0,0,0,0,0,0,0,0,0,0,0,0,0,0,0,0,0,0,0,0,0,0,0,0,0,0,0,0,0,0,0,0,0,0,0,0,2,0,2,0,0,0,0,0,0,0,0,0,1,0,0,0,0,0,0,0,0,0,0,0,0,1,0,0,0,0,0,0,0,1,0,0,0,0,0,0,0,0,0,0,0,0,0,0,0,0,0,1,0,0,0,0,0,0,0,0,1,6,0,0,0,0,0,0,0,0,0,0,0,0,0,0,0,0,0,0,0,0,0,0,0,0,0,0,0,0,0,0,0,0,0,0,0,0,0,0,0,0,1,1,0,0,0,0,0,0,0,0,1,0,0,0,0,0,0,0,0,0,0,0,0,0,0,0,1,0,0,0,1,0,0,0,0,0,0,0,0,0,0,0,0,0,0,0,0,0,0,0,0,0,0,0,0,0,0,0,0,0,0,0,0,0,0,0,1,0,0,0,0,0,0,0,0,1,0,0,0,0,0,0,0,0,0,0,0,0,0,0,0,0,0,0,0,0,1,0,0,0,0,0,0,0,0,1,0,0,1,3,0,0,0,0,0,1,0,0,0,0,0,0,1,0,0,0,0,1,0,0,0,1,0,0,0,0,0,0,0,0,0,0,0,0,0,0,0,0,0,0,0,0,1,0,0,0,0,0,0,0,0,0,0,0,0,0,0,0,0,0,0,0,0,0,0,0,1,0,0,1,0,0,0,0,0,1,1,0,0,0,0,0,0,0,0,0,0,0,0,2,0,0,0,0,0,0,4,0,0,0,0,0,0,0,0,0,0,0,0,0,0,0,0,0,0,0,0,0,0,1,0,0,0,0,1,0,0,0,0,0,0,0,0,0,0,0,0,0,0,0,0,0,0,0,0,0,0,0,0,0,0,0,0,0,0,0,0,0,0,0,0,0,0,0,0,0,0,0,0,0,0,0,0,0,0,0,0,0,0,0,0,0,0,0,0,0,0,0,0,0,1,0,0,0,0,0,1,0,0,0,0,0,0,0,0,0,0,0,0,0,0,0,0,0,0,0,0,0,0,0,0,0,0,0,0,0,0,0,0,0,0,0,0,0,0,0,0,0,0,0,0,0,0,0,0,0,0,0,0,0,1,0,0,0,0,0,0,0,0,0,0,0,0,0,0,0,0,0,0,0,0,0,0,0,0,0,0,0,0,0,0,0,0,0,0,0,0,0,0,0,0,0,0,0,0,0,0,0,0,0,0,0,0,0,0,2,0,0,0,0,0,0,0,0,0,0,0,0,0,1,0,0,0,0,0,0,0,0,0,0,0,0,0,0,0,0,0,0,0,1,0,0,0,0,0,0,0,0,0,0,0,0,0,0,0,0,0,0,0,0,0,0,0,0,0,0,0,0,0,0,0,0,1,0,0,0,0,0,0,0,0,0,0,0,0,0,0,0,0,0,0,0,0,0,0,0,0,1,0,0,0,0,0,0,0,0,0,0,1,0,0,0,0,0,0,0,0,0,0,0,0,0,0,1,0,0,0,0,0,0,0,0,0,0,0,0,1,0,0,0,0,0,0,0,0,0,0,0,0,0,0,0,0,0,0,0,0,0,0,0,0,0,0,1,0,0,0,0,0,0,0,0,0,0,0,0,0,0,0,0,0,0,0,0,0,0,0,0,2,0,0,0,0,1,0,0,0,0,0,0,1,0,0,0,0,0,0,0,0,0,0,0,0,1,0,0,0,0,0,0,0,0,0,0,0,0,0,0,0,0,0,0,0,0,0,0,0,0,0,0,0,0,0,0,0,0,0,0,0,0,0,0,0,0,0,0,0,0,0,0,0,0,0,0,0,0,0,0,1,0,0,0,0,0,0,0,0,0,1,0,0,0,0,0,0,0,0,0,0,0,0,0,0,0,0,0,0,0,0,0,0,0,0,0,0,0,0,0,2,0,2,0,0,0,1,0,0,0,0,0,0,0,0,0,0,0,0,0,0,0,0,0,0,0,0,0,0,0,0,0,0,0,0,1,1,0,0,0,0,0,0,0,0,0,0,0,0,0,0,0,0,0,0,1,0,0,0,0,0,0,0,0,0,0,0,0,0,0,0,0,0,0,0,1,0,0,0,0,0,0,0,0,0,0,0,0,0,0,0,1,0,0,0,0,0,0,0,0,0,0,0,0,0,0,0,0,0,0,0,0,0,0,0,0,0,0,0,0,0,0,0,0,0,0,0,0,0,0,0,0,0,0,0,0,0,0,0,0,2,0,0,0,0,0,0,0,0,3,0,0,0,0,0,0,0,0,0,0,2,0,0,0,4,0,0,0,0,0,0,0,0,0,0,0,0,0,0,0,0,0,0,0,0,0,0,0,0,1,0,0,0,0,0,0,0,0,0,0,0,0,0,0,0,0,0,0,0,0,0,0,0,4,0,0,0,0,0,0,0,0,0,0,0,0,0,0,0,0,0,1,0,1,0,0,0,0,0,0,0,0,0,0,0,0,0,0,0,0,0,0,0,0,0,0,0,0,0,0,0,0,2,0,0,0,0,0,0,0,0,0,0,0,0,0,0,0,0,0,0,0,0,0,0,0,0,0,0,0,0,0,0,0,0,0,0,0,0,0,0,0,0,0,0,0,0,0,0,0,0,0,0,0,0,0,0,0,0,0,0,0,0,0,0,0,0,0,0,0,1,0,0,0,0,0,0,0,1,0,0,0,0,0,0,0,0,1,0,0,0,0,0,0,0,0,1,0,0,0,0,0,0,0,0,0,0,0,0,0,0,0,0,0,0,0,0,0,0,0,0,0,0,0,0,0,0,0,1,0,0,0,0,0,0,0,0,0,0,0,0,0,0,0,0,0,0,0,0,0,0,0,0,0,0,0,0,0,0,0,0,0,0,0,0,0,0,0,0,0,0,0,0,0,1,0,0,0,0,0,0,0,0,0,0,1,0,0,0,1,0,0,0,0,0,0,0,0,0,0,0,0,0,0,0,0,0,0,0
TLN1,0,1,0,1,0,0,0,2,0,0,0,1,1,1,0,1,1,1,1,1,0,0,2,0,0,2,0,1,0,0,1,1,0,0,1,0,0,0,2,0,0,0,0,0,0,1,0,0,0,0,0,0,0,0,1,0,1,0,0,0,2,0,0,0,0,0,0,5,1,1,0,0,0,0,0,1,0,0,0,2,0,0,1,0,1,0,0,1,0,0,1,0,0,1,0,0,0,0,0,2,1,0,0,0,1,0,1,2,0,0,0,0,0,1,0,1,0,0,1,1,0,0,0,0,2,0,0,0,0,0,1,0,1,0,0,0,0,0,1,0,0,1,0,0,4,1,0,0,0,1,0,0,1,0,1,0,0,0,0,0,0,0,0,1,0,2,1,0,1,0,0,0,0,2,0,0,0,0,0,0,1,0,0,0,2,0,1,0,0,0,0,0,0,0,0,0,0,0,5,0,0,0,4,0,0,0,1,1,0,1,0,2,0,0,0,0,0,0,1,4,0,1,2,0,0,0,0,1,0,0,0,0,0,0,0,0,0,0,1,0,0,0,0,1,0,0,0,0,0,0,0,0,0,2,0,0,0,0,0,1,0,0,0,0,0,0,1,0,0,1,2,0,0,0,0,0,0,1,0,0,0,0,0,1,0,0,0,0,0,0,0,0,0,0,0,0,0,0,0,0,0,0,0,0,0,0,1,0,0,1,0,1,0,0,0,0,0,0,1,0,0,3,1,0,1,0,0,1,0,0,0,2,0,0,0,0,0,0,1,0,1,1,0,0,0,0,0,0,0,0,1,0,1,0,1,2,0,0,3,1,1,0,0,0,2,1,2,0,0,0,0,0,1,0,1,0,0,1,0,0,1,0,1,0,1,0,0,1,0,0,0,2,0,1,0,1,0,0,2,0,0,0,0,1,1,1,0,0,0,0,1,0,0,0,0,2,0,0,0,0,0,1,2,0,0,0,0,0,0,2,0,0,0,0,0,0,0,0,0,1,1,0,1,1,2,2,0,0,0,0,0,0,0,0,0,0,0,2,0,1,0,0,0,0,4,0,0,1,0,1,0,0,1,0,0,0,2,0,0,0,1,0,1,1,1,1,0,2,0,0,0,0,1,0,0,0,0,0,0,2,0,0,0,0,1,1,0,0,0,0,0,1,0,0,0,1,0,0,0,0,2,0,0,0,0,1,0,1,0,0,0,5,0,0,2,0,0,1,1,0,1,0,0,0,0,0,0,0,1,0,0,0,0,0,0,1,0,0,0,2,0,0,0,0,0,0,1,0,0,0,0,0,0,0,0,1,0,0,1,0,0,1,1,0,0,0,0,0,0,1,0,0,0,1,0,1,0,0,0,0,1,1,0,0,0,0,0,0,0,1,0,0,1,0,2,0,0,1,1,2,1,1,0,0,0,0,0,0,0,0,0,0,0,1,1,0,0,0,0,0,0,0,1,0,0,0,1,0,0,0,0,0,0,0,0,1,0,0,0,1,0,0,0,0,1,0,0,0,0,1,0,0,0,0,1,0,1,2,0,0,0,0,0,0,0,0,0,0,0,0,0,1,1,0,0,0,0,0,1,1,0,0,2,0,1,0,0,0,0,3,0,0,0,0,0,0,0,0,0,0,0,0,0,0,0,1,1,0,0,0,1,1,0,0,0,0,1,1,0,0,0,0,1,0,0,2,0,0,2,0,1,0,0,0,0,0,1,0,0,1,0,0,1,0,0,1,2,0,0,2,0,1,0,0,0,0,0,0,0,0,0,0,0,0,0,0,0,0,0,0,0,0,0,0,3,0,0,0,0,0,0,0,0,0,0,0,1,0,0,0,0,1,0,0,0,1,1,0,0,1,0,0,1,1,0,0,0,0,0,0,0,0,0,0,0,0,0,0,0,0,0,0,1,1,0,1,1,2,0,0,0,0,0,0,1,0,1,0,0,0,1,0,0,0,0,0,0,1,0,0,0,0,2,0,0,0,0,0,0,1,2,1,0,1,0,0,1,0,0,0,0,0,1,0,0,0,1,0,2,0,0,0,2,0,0,0,0,0,1,0,1,0,0,0,0,1,0,0,0,0,0,1,0,0,0,0,0,0,1,0,0,0,0,0,0,1,0,1,0,1,0,0,2,0,0,0,0,0,0,0,0,0,0,0,0,0,0,0,0,0,1,1,0,0,0,2,0,1,0,0,0,3,0,0,0,0,0,1,0,0,0,0,0,0,0,1,0,0,0,0,0,0,0,0,0,0,0,0,1,1,0,0,0,1,0,1,0,0,0,0,0,0,0,0,0,0,0,0,1,0,0,0,0,0,0,0,0,2,0,0,2,0,0,1,0,3,1,2,0,2,0,0,0,0,0,1,0,0,0,0,0,0,0,0,0,0,0,0,1,0,0,0,0,2,0,0,0,0,0,0,0,0,3,1,0,0,0,0,0,2,0,0,0,0,0,0,0,0,0,0,0,0,1,3,0,0,0,0,1,0,0,0,0,2,1,0,1,0,0,0,1,2,0,0,0,0,0,2,1,0,0,1,0,0,0,1,2,0,0,1,1,0,0,2,2,0,0,2,0,0,1,0,1,0,0,0,0,1,1,0,0,0,0,0,0,0,0,1,0,0,0,0,2,0,1,0,0,0,0,0,0,1,0,2,0,0,1,0,0,1,0,0,0,0,0,0,0,0,0,0,0,0,0,0,0,0,0,0,2,0,0,0,0,0,0,0,0,1,0,2,0,0,0,4,0,1,3,1,0,0,0,0,0,0,1,0,0,0,0,0,1,1,0,0,0,1,0,0,1,0,1,0,0,1,0,0,0,0,0,0,0,0,0,0,1,0,1,1,0,0,0,0,0,2,0,0,0,1,0,0,0,0,0,0,0,0,0,0,0,0,1,0,1,0,0,0,3,1,0,2,0,0,1,0,0,0,1,0,0,0,2,0,1,0,0,1,1,0,0,0,0,1,0,0,0,1,0,0,1,0,0,2,0,1,0,0,0,0,0,0,0,0,0,1,0,1,0,1,7,0,0,0,1,0,1,0,0,0,0,0,1,0,0,0,0,0,1,2,0,0,1,3,0,1,0,0,1,0,0,0,1,0,0,0,1,0,2,0,1,1,0,1,1,0,0,1,0,1,0,1,2,1,0,0,1,0,0,0,1,4,1,0,0,2,2,0,0,0,0,0,0,1,1,0,0,4,0,1,0,0,2,1,1,0,0,0,1,0,1,0,1,0,0,0,1,0,1,0,0,0,0,1,0,0,0,0,0,0,0,0,1,0,1,0,0,0,2,0,0,1,1,1,0,2,0,0,1,0,0,0,1,0,0,1,0,0,0,0,1,1,0,0,0,0,0,0,0,0,0,0,1,0,0,0,0,0,0,0,0,0,0,2,0,0,0,0,0,0,0,0,0,0,0,0,1,2,0,0,0,0,1,0,1,0,2,0,0,0,4,1,1,0,0,0,0,1
C5orf56,0,0,2,0,0,0,0,0,0,0,0,0,0,0,0,0,0,1,0,0,1,1,0,0,0,1,0,0,0,0,0,0,0,1,0,0,0,0,0,0,0,0,0,0,0,0,2,0,0,0,0,0,0,0,0,0,0,0,0,2,0,0,0,0,0,0,0,0,0,0,0,1,0,0,0,1,0,0,0,0,1,0,0,0,1,0,0,2,0,0,0,0,0,0,1,0,0,1,0,1,0,0,0,0,0,0,0,2,1,1,0,1,0,0,0,0,0,1,0,0,0,0,0,0,1,0,0,0,1,0,0,1,0,0,0,0,0,0,0,0,0,1,0,0,1,0,0,0,0,0,0,0,0,0,0,1,0,0,0,0,0,0,0,0,0,0,0,0,1,0,0,0,0,0,0,1,0,0,1,1,0,0,0,0,0,1,0,0,0,0,1,1,0,1,0,0,0,0,0,0,0,0,0,1,0,1,0,0,0,0,0,0,0,0,0,0,0,0,0,0,0,0,0,1,0,0,0,0,0,0,0,0,0,0,0,0,0,0,0,1,1,0,0,0,0,0,0,0,0,0,0,0,0,0,1,0,0,1,0,0,0,0,0,0,0,0,0,1,0,0,2,0,0,0,0,1,0,0,0,0,0,0,1,1,0,1,0,0,0,0,0,0,0,0,1,0,0,0,0,0,0,0,0,0,0,0,0,0,0,0,0,0,0,1,0,1,0,1,0,0,0,0,0,0,0,0,0,2,0,0,0,0,1,0,0,0,0,0,0,0,0,0,0,1,0,0,0,0,0,0,0,0,1,0,0,0,0,0,0,0,0,0,0,0,0,0,0,0,0,1,1,0,2,0,0,0,0,0,0,0,1,0,0,0,0,0,0,1,0,2,0,0,0,0,0,0,1,0,1,0,0,0,0,0,0,0,0,0,0,0,0,0,0,0,0,0,0,1,0,0,0,0,2,0,0,0,0,0,0,0,0,0,1,0,0,0,0,1,0,0,1,0,0,0,0,0,0,0,0,0,0,0,0,0,0,0,0,0,0,0,0,0,0,0,0,1,0,0,0,0,0,0,0,0,0,1,0,0,0,0,0,0,0,0,0,0,0,0,0,0,0,1,1,0,0,0,0,0,0,0,0,1,1,0,0,0,0,0,0,0,0,0,0,0,0,0,1,0,0,0,0,0,1,0,0,0,0,0,0,0,0,1,1,0,0,0,0,0,0,0,0,0,0,1,0,1,0,0,0,0,0,0,0,0,0,0,0,0,0,0,0,0,0,0,0,1,0,0,0,0,0,2,1,0,0,0,0,0,0,0,0,1,0,0,0,0,0,0,0,0,1,1,0,1,0,0,0,0,0,0,0,0,0,1,0,1,0,0,0,0,0,0,1,0,0,0,0,0,0,0,1,0,0,0,0,0,0,1,0,0,1,0,1,0,0,0,0,0,0,0,0,0,0,0,0,1,1,0,0,0,0,1,0,0,1,0,0,0,0,0,0,0,0,1,0,1,0,0,1,1,0,0,0,1,1,0,0,0,0,1,1,0,0,0,0,0,1,1,0,0,0,0,0,0,0,0,1,0,0,0,0,0,0,0,0,0,0,0,0,1,0,0,0,0,0,0,0,1,0,0,0,0,0,1,0,0,0,0,0,1,1,0,1,0,0,0,0,2,0,0,0,0,2,0,0,1,0,0,0,0,0,0,0,0,0,0,0,0,0,1,0,0,0,0,0,0,2,0,0,0,0,0,0,0,0,0,0,0,0,0,0,0,0,0,0,0,2,0,0,0,2,0,0,1,0,1,2,0,0,0,0,0,0,0,0,0,1,0,1,0,0,0,0,0,0,0,2,1,0,0,4,0,0,1,1,0,0,0,0,0,0,1,0,0,1,0,1,0,0,0,0,0,0,0,0,0,0,1,2,0,0,0,0,0,0,0,0,0,0,0,0,0,0,0,0,0,0,0,1,0,0,0,0,0,0,0,0,0,0,0,0,0,0,2,0,1,0,0,0,0,0,0,0,0,0,0,2,0,0,0,0,0,0,1,1,0,0,2,0,0,0,0,0,1,0,0,0,0,0,1,0,0,0,0,1,0,0,1,1,0,0,0,0,0,0,0,0,0,0,0,0,0,0,0,0,0,0,0,0,0,0,0,0,0,0,0,0,0,0,0,0,0,0,0,0,0,0,0,0,0,0,0,0,0,0,1,0,1,0,1,0,1,0,0,0,0,0,0,0,0,0,1,0,0,0,0,0,0,0,0,0,0,0,0,0,1,0,0,0,0,0,0,0,0,0,0,0,0,0,0,0,1,0,0,0,0,0,0,0,0,0,0,0,0,0,0,0,0,0,0,0,0,0,0,0,1,0,1,0,0,0,0,0,0,1,0,0,0,0,1,0,1,0,0,0,1,0,0,0,0,0,0,0,0,0,1,0,0,0,0,0,0,0,0,1,0,0,0,0,0,0,0,0,1,0,0,0,2,0,0,1,0,0,0,0,0,1,0,0,1,0,1,0,0,0,0,0,0,0,0,0,0,0,0,1,0,0,0,0,1,0,0,0,0,0,0,0,1,0,0,1,1,0,0,0,0,0,0,1,0,0,0,0,0,0,0,1,0,1,0,0,0,0,1,0,0,0,0,0,0,0,0,1,1,1,0,0,0,1,0,0,0,0,0,1,0,0,1,1,0,0,1,0,1,1,0,0,0,0,0,0,0,0,0,0,0,0,0,0,0,0,1,2,0,0,0,1,1,1,0,0,0,0,0,0,0,0,0,1,0,0,0,0,0,0,0,0,2,0,0,1,0,0,0,0,0,0,0,0,0,0,0,0,0,0,0,0,0,0,0,0,0,1,1,1,0,0,0,0,0,1,1,2,0,0,0,0,0,0,0,0,1,0,0,0,0,1,0,0,0,0,0,0,0,0,0,0,0,0,0,0,0,0,0,0,0,0,0,0,0,0,0,0,3,0,1,0,0,0,0,0,0,0,0,0,0,0,0,1,0,0,1,0,0,0,0,0,0,2,0,1,0,0,1,0,0,1,0,0,0,0,0,0,0,0,0,1,0,0,0,0,1,0,1,0,0,0,0,0,0,0,0,0,0,0,0,0,0,0,0,0,0,0,0,0,0,2,0,0,0,0,0,0,0,0,0,0,1,0,1,0,0,1,0,0,0,0,0,1,0,0,0,0,0,0,1,0,0,0,0,0,0,0,0,0,0,0,0,0,0,0,2,0,1,0,0,0,0,1,0,0,0,1,0,0,0,0,0,2,0,0,0,0,0,1,0,0,1,0,0,0,0,0,1,0,0,0,0,1,0,0,1,0,0,0,0,0,0,0,0,0,0,1,0,1,1,0,0,0,1,0,0,0,0,0,1,0,0,0,0,0,0,0,0,0,0,0,0,2,0,0,0,0,0,0,1,1,0,1,0,0,0,0,0,0,0,0,0,0,0,0,1,0,0,0,1
CD82,0,0,0,0,0,0,0,0,2,0,0,1,0,0,0,0,1,0,0,0,0,0,0,0,0,1,0,0,0,1,0,0,1,0,0,0,0,0,0,0,0,3,0,3,0,0,0,0,1,0,0,0,0,0,1,0,0,0,0,0,0,0,0,0,0,0,0,0,0,0,0,1,0,0,0,0,0,0,0,0,0,0,0,0,0,0,0,1,0,0,0,0,0,0,1,0,0,1,0,4,0,0,0,0,0,0,0,0,0,0,0,0,0,0,0,0,0,0,0,0,0,0,1,0,0,0,0,0,0,0,0,0,0,0,0,0,0,0,1,0,0,0,0,0,0,0,0,0,0,0,1,0,0,0,0,0,0,0,0,0,0,0,0,0,0,1,0,1,0,0,1,0,1,0,0,0,0,0,0,0,0,0,0,0,0,1,0,0,0,0,0,0,1,0,1,1,0,0,0,1,0,0,0,0,0,0,0,2,0,0,0,0,0,0,0,1,0,0,0,0,0,0,0,1,0,0,0,0,0,1,0,0,0,0,0,0,0,0,0,0,0,0,0,0,0,1,0,0,0,0,0,0,0,0,0,0,0,0,0,0,0,0,0,0,1,0,0,0,0,0,0,0,0,0,0,0,1,0,1,0,0,0,0,0,0,0,0,0,0,0,0,0,0,0,0,0,0,0,1,0,0,0,0,0,0,0,0,0,0,0,0,0,0,0,1,0,0,0,2,0,0,0,0,0,0,0,0,0,0,0,0,0,1,0,0,0,0,0,0,0,0,0,0,0,0,0,0,0,0,0,0,0,1,0,0,0,2,0,0,0,0,0,0,0,0,0,1,0,0,0,0,0,0,0,0,0,0,0,0,0,0,0,0,0,0,0,0,2,0,0,0,0,0,0,0,0,0,0,0,0,0,0,0,1,0,0,0,0,1,0,0,0,0,0,0,0,0,0,0,0,0,0,3,0,0,0,0,0,0,1,0,0,1,0,0,0,0,0,0,1,0,0,0,0,0,1,0,0,0,0,0,0,0,0,0,0,0,0,0,0,0,0,0,0,1,0,0,0,0,0,0,0,0,0,0,0,0,0,0,2,0,0,0,0,0,0,0,0,0,0,0,0,0,0,0,0,0,0,0,0,0,0,0,1,0,0,0,0,0,0,0,0,0,0,0,0,0,0,0,0,0,0,0,0,0,0,0,0,0,0,0,2,0,0,0,0,0,2,0,0,5,0,0,0,0,0,2,1,0,0,1,1,0,0,0,0,0,0,0,0,0,1,1,0,0,0,0,0,0,0,0,0,0,1,0,0,0,0,0,0,2,1,0,0,0,1,0,0,0,0,0,0,0,0,0,2,0,0,2,0,0,0,0,0,0,0,0,0,1,0,0,1,0,0,1,0,0,0,0,0,1,0,0,0,0,0,0,0,0,0,0,0,0,0,0,0,0,0,0,0,0,0,0,0,0,0,0,0,1,0,0,0,0,0,0,0,0,0,0,1,0,0,3,0,0,0,0,0,0,1,0,0,0,0,0,0,0,0,1,0,0,0,1,0,0,0,0,0,0,0,0,0,2,0,0,0,0,0,0,0,0,0,1,0,0,0,0,0,0,0,1,0,0,0,0,0,0,0,0,0,0,0,0,0,0,2,1,0,0,0,0,1,0,0,1,0,0,2,0,0,0,0,0,0,0,1,0,0,0,0,1,0,0,0,1,0,0,0,0,0,0,0,1,0,0,0,0,0,0,0,0,0,0,1,0,0,0,0,0,0,0,0,0,0,0,0,0,0,0,0,0,0,0,0,0,0,0,1,0,0,0,0,0,0,0,0,0,0,0,0,0,0,0,0,0,0,0,0,0,0,0,0,0,2,0,0,0,0,0,0,0,0,0,0,0,0,0,0,0,0,0,0,0,0,0,1,0,0,0,0,0,0,0,0,0,0,0,0,0,1,0,0,0,0,0,1,0,0,0,0,1,0,1,0,0,0,0,0,0,0,0,0,0,0,0,0,1,0,0,0,0,0,0,0,0,0,0,0,0,0,0,0,0,0,0,0,0,0,0,0,0,0,0,0,0,1,1,0,0,0,0,0,0,0,0,0,0,0,0,0,0,0,0,0,0,0,0,0,0,0,1,0,2,0,1,1,0,0,0,0,0,0,0,0,0,0,1,0,0,0,0,0,0,0,0,0,0,0,3,0,0,0,0,0,0,0,0,0,0,0,0,0,0,0,0,0,0,0,0,0,0,0,0,0,0,0,0,0,0,0,0,0,0,0,0,0,0,0,0,0,0,0,0,0,0,0,0,0,0,0,0,0,0,0,0,0,3,0,0,0,0,0,0,0,0,0,0,0,0,0,0,1,0,0,0,0,0,0,0,0,2,0,0,1,0,1,0,0,0,1,0,1,0,0,0,0,0,0,0,0,0,0,0,0,0,0,0,0,0,0,0,0,0,0,0,0,0,0,1,0,0,0,0,0,0,0,0,0,0,0,0,0,0,0,0,0,0,0,1,0,0,0,1,1,2,0,0,0,0,0,0,0,0,0,0,0,0,0,0,1,0,0,0,0,0,0,0,0,0,1,0,0,0,0,0,1,0,0,0,0,0,0,0,1,0,0,0,0,0,0,0,0,0,1,0,0,1,0,0,0,0,0,0,0,1,0,0,0,0,0,0,0,0,0,0,0,0,0,0,0,0,0,0,0,0,0,0,0,0,0,0,0,0,0,0,0,0,0,1,0,0,0,0,0,0,0,0,0,0,0,0,0,0,0,1,0,0,0,0,0,0,0,0,0,0,0,0,1,0,0,0,0,0,0,0,0,2,1,1,0,0,0,0,0,0,0,0,0,0,0,0,0,0,0,0,0,0,0,0,0,0,0,0,0,0,0,0,0,0,0,0,0,0,0,0,0,0,0,0,0,0,0,0,0,0,1,0,0,0,0,0,0,0,0,0,1,0,0,0,0,0,0,0,1,0,0,0,0,0,2,0,0,0,0,0,0,0,1,0,0,0,0,0,0,0,0,0,0,0,0,0,1,0,2,0,1,0,1,0,0,0,0,0,0,0,0,1,0,0,0,0,0,0,0,0,0,1,0,0,0,0,0,0,0,0,0,0,0,0,0,0,0,0,0,1,0,0,1,2,0,0,0,0,0,0,0,0,0,0,0,0,0,0,0,2,0,0,0,1,0,0,0,0,0,0,0,0,0,0,0,0,0,0,0,0,0,0,0,0,0,0,1,0,0,0,0,0,0,0,0,0,1,0,0,0,1,0,0,0,0,0,0,0,0,0,0,0,0,0,0,0,1,0,0,0,0,0,0,0,0,0,0,0,0,0,0,0,0,2,0,0,0,0,0,0,0,0,0,0,0,0,0,0,0,0,0,1,2,0,0,0,0,0,0,0,0,1,0,0,0,0,0,1,0,0,0,0,0,0,0,0,0,0,0,0,0,0,0,1,2,0,1,0,0,0,0
BNIP3L,0,0,0,0,0,0,1,1,0,0,1,0,3,0,0,0,0,1,0,0,0,0,0,0,0,0,0,0,0,0,1,0,0,0,0,0,0,0,0,0,0,0,1,0,0,1,0,1,0,0,0,0,0,0,0,0,0,0,0,0,0,0,0,0,2,0,0,0,0,0,0,0,0,0,0,0,0,1,0,1,0,0,1,2,1,0,0,1,0,0,0,0,0,1,0,2,0,0,2,3,1,0,1,1,0,0,0,0,2,0,1,0,1,0,0,0,0,1,0,0,1,0,1,0,0,0,0,0,3,0,0,0,0,0,0,1,0,0,1,0,0,0,1,0,1,0,1,0,0,0,1,0,0,0,0,0,0,0,0,0,0,0,1,0,0,1,1,1,3,1,0,0,1,1,0,0,0,0,0,0,0,0,0,0,0,0,0,0,2,0,1,0,1,0,0,0,0,0,0,0,0,0,2,0,1,0,0,2,0,0,0,1,0,0,0,0,0,0,0,3,1,0,0,0,0,0,0,2,0,1,0,1,0,1,1,0,0,0,0,0,1,0,0,0,1,0,0,1,1,0,1,2,0,0,0,0,0,0,0,0,0,2,0,1,0,0,1,0,0,0,0,2,3,0,0,0,0,1,1,1,2,2,0,1,0,0,0,0,0,0,0,0,2,0,0,1,0,0,2,0,1,1,0,0,2,0,1,0,1,0,0,1,0,0,0,0,0,0,0,0,0,0,2,0,0,1,0,0,0,0,0,1,0,0,0,0,0,4,0,0,2,1,2,0,1,0,0,0,0,1,1,0,0,0,0,0,0,2,0,0,0,0,0,0,0,1,0,0,0,0,0,2,0,0,0,0,0,0,0,1,0,0,0,0,0,0,0,0,0,1,0,1,0,1,0,0,1,0,0,0,0,0,0,1,1,0,0,0,0,1,0,0,2,0,0,1,0,0,0,0,1,0,0,0,0,0,0,1,0,0,0,0,0,0,0,0,2,1,2,3,1,1,0,0,0,0,0,2,0,0,0,0,0,0,1,1,0,2,1,0,0,0,0,1,1,0,0,0,0,0,2,0,1,1,0,0,0,0,0,0,3,1,0,0,3,0,0,1,0,1,0,0,0,1,0,0,1,0,0,0,0,4,0,0,0,0,0,2,0,0,0,0,0,0,0,0,0,0,0,0,0,0,1,0,1,0,0,0,1,1,1,0,1,0,0,1,0,0,0,0,0,0,0,0,1,0,2,2,0,1,1,2,0,0,2,2,1,0,0,2,0,1,0,0,1,0,0,1,1,0,0,0,1,0,0,0,0,1,1,0,0,0,0,1,0,1,0,0,0,0,0,0,0,0,0,1,1,0,0,0,0,0,0,0,0,0,0,0,0,1,0,0,0,0,1,0,0,0,0,1,0,0,0,0,0,0,0,0,0,0,0,1,0,0,0,0,0,0,0,1,0,2,3,0,0,0,1,0,0,0,0,0,0,0,0,0,0,0,0,0,2,0,0,0,0,1,1,0,0,1,1,0,0,0,0,1,1,0,0,0,0,2,1,1,0,0,0,0,0,0,0,0,0,0,0,0,0,0,0,0,1,0,0,0,0,0,0,0,0,1,0,0,1,0,2,0,0,0,0,0,0,0,0,0,0,0,0,0,0,0,0,0,0,0,0,1,2,0,0,0,0,0,0,3,0,0,0,0,0,0,0,1,2,0,1,0,0,0,0,2,0,0,0,0,1,0,1,0,0,1,0,0,0,0,0,0,0,1,2,1,1,1,0,0,1,1,1,0,0,1,0,0,0,0,0,2,0,0,0,0,0,0,0,0,0,0,0,0,1,0,0,0,1,2,1,0,1,0,0,0,1,0,0,0,0,0,0,0,0,0,3,0,0,0,0,0,0,0,0,0,1,2,0,0,0,0,0,0,0,2,0,1,0,1,0,0,1,0,0,0,0,0,0,1,0,0,0,2,0,1,0,1,1,0,0,0,0,0,0,1,0,0,2,0,0,0,2,0,0,0,0,1,0,0,0,2,1,0,0,1,0,2,1,1,0,0,0,0,0,1,1,0,0,0,2,0,0,0,0,0,0,0,2,0,0,1,1,0,0,0,0,0,0,0,0,0,1,1,0,0,0,0,1,0,0,0,0,1,0,1,0,0,2,1,0,0,0,0,0,0,0,0,0,0,0,1,0,0,0,0,0,0,1,0,0,0,2,0,3,0,0,0,0,1,0,0,0,0,0,1,1,0,0,1,0,0,0,1,0,0,0,0,1,0,0,1,0,0,1,0,1,0,0,0,0,0,0,0,3,0,0,0,0,0,0,0,0,0,0,0,0,2,0,1,0,2,1,1,2,0,0,0,0,0,1,0,1,0,0,1,0,0,0,0,0,0,0,0,0,0,0,1,0,2,0,0,3,0,0,3,1,0,0,0,0,0,0,0,0,2,0,0,0,2,0,1,0,0,0,1,2,0,1,0,2,0,0,0,0,0,0,0,0,0,2,0,1,0,1,0,0,1,1,0,0,0,0,0,1,0,0,0,1,0,0,0,0,1,1,0,0,0,1,2,0,0,0,1,0,0,0,0,1,0,0,0,0,1,0,0,0,0,0,7,0,0,0,0,0,0,0,0,0,0,0,0,0,0,0,1,0,0,0,1,0,0,2,0,1,1,2,0,0,0,0,0,0,0,0,3,1,0,0,0,1,0,1,1,0,2,1,2,0,0,0,0,0,2,1,0,0,1,0,0,0,0,0,0,0,0,1,0,0,0,1,0,0,1,1,0,2,2,0,0,0,0,1,0,0,1,0,0,0,0,0,0,0,4,0,1,0,0,0,0,0,1,0,0,0,0,0,0,1,1,0,0,0,0,1,0,0,2,0,1,1,0,1,0,0,0,2,1,0,0,0,2,1,0,0,1,1,0,1,0,0,0,0,0,0,0,0,0,0,0,0,0,1,0,0,0,0,0,1,0,0,0,0,1,0,0,0,2,0,0,0,0,0,0,0,1,0,0,0,0,0,0,0,0,0,0,2,0,0,0,0,0,0,0,1,0,1,0,0,0,0,0,1,0,0,0,0,1,0,0,1,3,0,0,0,0,0,0,0,0,2,0,0,0,0,0,0,0,1,0,0,0,0,0,0,0,1,0,0,0,0,0,1,1,0,1,0,0,0,1,0,0,0,1,0,0,1,0,0,0,0,0,0,0,0,0,2,0,2,2,0,0,1,2,0,0,1,1,0,1,0,0,0,0,1,0,0,1,0,1,0,0,0,0,1,1,0,0,0,0,0,1,1,0,0,1,0,0,0,1,1,0,0,0,0,0,1,0,0,3,0,0,0,1,0,0,1,0,0,0,0,1,0,1,1,0,0,1,0,0,0,0,2,0,1,0,0,0,0,0,0,0,2,0,0,1,0,0,1,0,0,0,0,1,0,0,0,1,0,0,2,0,0,2,0,0,0,1,0,0,2,0
IGLL5,0,0,0,0,0,0,0,0,0,0,0,0,0,0,0,0,0,0,0,0,0,0,0,0,0,0,0,0,0,0,0,0,0,0,0,0,0,0,0,0,0,0,0,0,0,0,0,0,0,0,0,0,0,0,0,0,0,0,0,0,0,0,0,0,0,0,0,0,0,0,0,0,0,0,0,0,0,0,0,0,0,0,0,0,0,0,0,0,0,0,0,0,0,0,0,0,0,0,0,0,0,0,0,0,0,0,0,0,0,0,0,0,0,0,0,0,0,0,0,1,0,0,0,0,0,0,0,0,0,0,0,0,0,3,0,0,0,0,0,0,0,0,0,0,0,0,0,0,0,0,0,0,0,0,0,0,0,0,0,0,0,0,0,0,0,0,0,0,0,0,0,0,0,0,0,0,0,0,0,0,0,0,0,0,0,0,0,0,0,0,0,0,0,0,0,0,0,0,0,0,0,0,0,0,0,0,0,0,0,0,0,0,0,0,0,0,0,0,0,0,0,0,0,0,0,0,0,0,0,0,0,0,0,0,0,0,0,0,0,0,0,0,0,0,0,0,0,0,0,0,0,0,0,0,0,0,0,0,0,0,0,0,0,0,0,0,0,0,0,0,0,0,0,0,0,0,0,0,0,0,0,0,0,0,0,0,0,0,0,0,0,0,0,0,0,0,0,0,0,0,0,0,0,0,0,0,0,0,0,0,0,0,0,0,0,0,0,0,0,0,0,0,0,0,1,0,0,0,0,0,0,0,0,0,0,0,0,0,0,0,1,0,0,0,0,0,0,0,0,0,0,0,0,0,0,0,0,0,0,0,0,0,0,0,0,0,0,0,0,0,0,0,0,0,0,0,0,0,0,0,0,0,0,0,0,0,0,0,0,0,0,0,0,0,0,0,0,0,0,0,0,0,0,0,0,0,0,0,0,1,0,0,0,0,0,0,0,0,0,0,0,0,0,0,0,0,0,0,0,0,0,0,0,0,0,0,0,0,0,0,0,0,0,0,0,0,0,0,1,0,0,0,0,0,0,0,0,0,0,0,0,0,0,0,0,0,0,0,0,0,0,0,0,0,0,0,0,0,1,0,0,0,0,0,0,0,0,0,0,0,0,0,0,0,0,0,0,0,0,0,0,0,0,0,0,0,0,0,0,0,0,0,1,0,0,0,0,0,0,0,0,0,0,0,0,0,0,0,0,0,0,0,0,0,0,0,0,0,0,0,0,0,0,0,0,0,0,0,0,0,0,0,0,0,0,0,0,0,0,0,0,0,0,0,0,0,0,0,0,0,0,0,0,0,0,0,0,0,0,0,0,0,0,0,0,0,0,0,0,0,0,0,0,0,0,0,0,0,0,0,0,0,0,0,0,0,0,0,0,0,0,0,0,0,0,0,0,0,0,0,0,0,0,0,0,0,0,0,0,0,0,0,0,0,0,0,0,0,0,0,0,0,0,0,0,0,0,0,0,0,0,0,0,0,0,0,0,0,1,0,0,0,0,0,0,0,0,0,0,0,0,0,0,0,0,0,0,0,0,0,0,0,0,0,0,0,0,0,0,0,0,0,0,0,0,0,0,0,0,0,0,0,0,0,0,0,0,0,0,0,0,0,0,0,0,0,0,0,0,0,0,0,0,0,0,0,0,0,0,0,0,0,0,0,0,0,0,0,0,0,0,0,0,0,0,0,0,0,0,0,0,0,0,0,0,0,0,1,0,0,0,0,0,0,0,0,0,0,0,0,0,0,0,0,0,0,0,0,0,0,0,0,0,0,0,0,0,0,0,0,0,0,0,0,0,0,0,0,0,0,0,0,0,0,0,0,0,0,0,0,0,0,0,0,0,0,0,0,0,0,0,0,0,0,0,0,0,0,0,0,0,0,0,0,0,0,0,0,0,0,0,0,0,0,0,0,0,0,0,0,0,0,0,0,0,0,0,0,0,0,0,0,0,0,0,0,0,0,0,0,2,0,0,0,0,0,0,0,0,0,0,0,0,0,0,0,0,0,0,0,0,0,0,0,0,0,0,0,0,0,0,0,0,0,0,0,0,0,0,0,0,0,0,0,0,0,0,0,0,0,0,0,0,0,0,0,0,0,0,0,0,0,0,0,0,0,0,0,0,0,0,0,0,0,0,0,0,0,0,0,0,0,0,0,0,0,2,0,0,0,0,0,0,0,0,0,0,0,0,0,0,0,0,0,0,0,0,0,0,0,0,0,0,0,0,0,0,0,0,0,1,0,0,0,0,0,0,0,0,0,0,0,0,0,0,0,0,0,0,0,0,0,0,0,0,0,0,0,0,0,0,0,0,0,0,0,0,0,0,0,0,0,4,0,0,0,0,0,0,0,0,0,0,0,0,0,0,0,0,0,0,0,0,0,0,0,0,0,0,0,0,0,0,0,0,0,0,0,0,0,0,0,0,0,0,0,0,0,0,0,0,0,0,0,0,0,0,0,0,0,0,0,0,0,0,0,0,0,0,0,0,0,0,0,0,0,0,0,0,0,0,0,0,0,0,0,0,0,0,0,0,0,0,0,0,0,0,0,0,0,0,0,0,0,0,0,0,1,0,0,0,0,0,0,0,0,0,0,0,0,0,0,0,0,0,0,0,1,0,0,0,0,0,1,0,0,0,0,0,0,0,0,0,1,0,0,0,0,0,0,0,0,0,0,0,0,0,0,0,0,0,0,0,0,0,0,0,0,0,0,0,0,0,0,0,0,0,0,0,0,0,0,0,0,0,0,0,0,0,0,0,0,0,0,0,0,0,0,0,0,0,0,0,0,0,0,0,0,0,0,0,0,0,0,0,0,0,0,0,0,0,0,0,0,1,0,0,0,0,0,0,0,0,0,0,0,0,0,0,0,0,0,0,0,0,0,0,0,0,0,0,0,0,0,0,0,0,0,0,0,0,0,0,0,0,0,0,0,0,0,0,0,0,0,0,0,0,0,0,0,1,0,0,0,0,0,0,0,0,0,0,0,0,0,0,0,0,0,0,0,0,0,0,0,0,0,0,0,0,0,0,0,0,0,0,0,0,0,0,0,0,0,0,0,0,0,0,0,0,0,0,0,0,0,0,0,0,0,0,0,0,0,0,0,0,0,0,0,0,0,0,0,0,0,0,0,0,0,0,0,0,0,0,0,0,0,0,0,0,0,0,0,0,0,0,0,0,0,1,0,0,0,0,0,0,0,0,0,0,0,0,0,0,0,0,0,0,0,0,0,0,0,0,0,0,0,0,0,0,0,0,0,0,0,0,0,0,0,0,0,0,0,0,0,0,0,0,0,0,0,0,0,0,0,0,0,0,0,0,0,0,0,1,0,0,0,0,0,0,0,0,0,0,0,0,0,0,0,0,0,0,0,0,0,0,0,0,0,0,0,0,0,0,0,0,0,0,0,0,0,0,0,0,0,0,0,0,0,0,0,0,0,0,0,0,0,0,0,0,0,0,0,0,0,0,0
GABARAPL1,0,0,0,1,0,0,0,0,0,0,0,0,2,0,0,0,0,0,0,0,0,0,2,0,0,0,0,0,1,0,0,0,0,0,1,1,0,0,1,0,0,0,0,0,0,0,0,0,0,0,0,0,1,0,0,0,0,0,0,0,1,0,0,0,0,0,0,1,0,0,0,0,0,1,0,0,0,0,0,0,0,0,1,0,0,0,0,0,0,0,0,0,0,0,0,0,0,0,0,0,0,0,0,0,0,0,0,0,0,0,1,0,2,0,0,0,1,0,1,0,0,1,0,0,0,0,0,0,0,0,1,0,1,0,0,0,0,0,1,0,0,0,0,0,0,0,0,2,0,1,0,0,1,0,0,0,1,0,0,0,0,0,0,0,0,0,0,1,0,0,0,1,0,0,0,0,0,0,0,0,0,0,0,0,0,0,0,0,0,0,0,0,0,0,0,0,0,1,1,0,0,2,1,0,0,0,0,0,0,0,0,0,1,0,0,0,0,0,0,1,0,0,0,0,0,0,0,0,0,0,0,1,1,0,0,0,0,0,0,0,0,0,0,0,0,0,0,0,0,0,0,2,0,0,0,0,0,0,0,0,0,0,0,0,0,0,0,0,0,0,0,0,0,1,0,1,0,2,0,0,1,0,0,0,0,0,0,0,0,0,0,0,0,0,0,0,0,0,0,0,0,0,0,0,0,0,1,0,0,0,0,0,1,0,1,0,0,0,0,0,1,0,3,0,0,0,1,0,0,0,0,0,0,0,0,0,0,0,0,1,0,1,2,0,0,0,0,0,0,0,1,0,0,0,0,0,0,0,1,0,0,0,0,1,0,0,0,1,0,0,0,1,0,0,0,1,0,1,0,0,1,0,0,0,0,1,0,0,0,0,0,0,0,1,0,0,0,0,0,0,0,0,0,0,2,0,0,0,0,0,0,0,0,0,0,0,0,0,0,0,0,0,0,0,0,0,0,0,0,0,0,0,0,0,1,0,0,0,0,0,0,1,1,0,0,1,0,0,0,0,1,0,0,0,0,0,0,2,0,0,0,0,1,0,2,0,0,0,0,0,2,0,0,0,1,0,1,0,0,0,0,0,0,0,0,0,0,0,0,1,0,0,0,0,0,0,0,0,0,0,0,1,0,0,0,0,0,3,0,0,0,0,0,0,0,1,0,0,0,0,0,1,0,0,0,0,0,0,0,0,0,0,0,0,0,0,0,0,1,0,1,0,0,0,0,0,0,0,0,0,0,0,0,0,0,0,0,0,0,0,0,0,0,0,0,0,0,0,0,0,0,0,0,0,0,1,0,0,0,0,0,0,1,0,0,0,0,0,0,0,0,0,0,0,0,0,0,0,0,0,0,0,0,0,0,0,1,0,0,0,0,0,0,1,0,0,0,0,0,0,0,1,0,0,0,1,0,0,0,1,0,0,0,0,0,0,0,0,0,0,0,0,0,1,0,0,0,0,0,1,0,0,0,0,0,0,0,0,0,0,0,0,0,0,0,0,0,0,0,0,0,0,0,0,0,0,1,2,1,0,0,3,0,0,0,0,0,1,0,0,0,0,0,0,0,0,1,0,0,1,0,0,0,0,0,0,0,0,0,0,0,1,0,0,0,0,0,0,0,0,0,0,0,0,0,0,0,0,0,2,0,0,0,0,0,0,0,0,0,0,0,0,0,1,1,0,0,0,0,0,0,0,0,1,0,0,0,0,0,0,0,0,0,0,1,0,1,0,0,0,0,0,0,0,0,2,0,0,0,0,0,0,0,0,0,0,0,0,0,0,0,1,0,0,3,0,0,0,0,0,0,0,0,0,0,0,0,0,0,0,1,0,0,0,0,0,1,1,0,0,0,0,0,0,0,0,0,0,0,0,0,0,0,1,0,0,0,1,1,0,1,2,0,0,0,0,0,1,0,0,0,0,0,0,0,0,0,0,0,0,0,0,0,0,0,0,0,0,0,0,0,0,1,0,0,0,0,0,0,0,0,0,0,0,0,0,0,0,0,0,0,0,0,0,0,0,0,0,1,0,0,0,0,0,0,0,0,0,1,2,0,0,0,0,0,0,0,0,0,0,0,1,0,0,0,0,0,0,0,0,0,0,0,0,0,0,0,0,0,0,0,0,0,0,0,0,0,0,0,0,0,0,0,0,0,0,0,0,0,0,0,0,0,0,0,0,0,0,0,0,0,0,1,0,0,0,0,0,0,0,0,0,0,1,0,0,0,0,0,0,0,0,0,0,0,0,0,0,0,0,0,2,0,0,0,0,0,0,0,0,0,0,0,0,0,0,0,0,2,0,0,0,0,0,0,0,0,0,0,0,1,0,0,0,0,0,0,0,0,0,0,0,0,0,0,0,0,0,0,0,0,1,1,0,0,0,0,0,0,0,0,0,0,0,0,1,0,1,0,1,0,0,0,0,0,0,0,0,0,1,1,2,0,0,0,1,0,0,0,0,0,0,1,0,0,1,0,0,0,0,0,0,0,0,0,0,0,1,0,1,0,0,0,0,0,0,0,0,0,0,0,0,0,0,0,0,0,0,0,0,0,1,0,0,0,0,0,0,1,0,0,0,1,2,0,0,0,0,0,0,2,0,0,0,0,0,0,0,0,0,0,0,1,0,0,0,0,0,0,0,0,0,0,0,0,2,0,0,0,3,0,0,0,1,0,0,0,0,0,0,0,0,0,0,0,0,0,0,0,0,0,0,0,0,0,0,0,0,0,1,0,0,0,0,0,0,0,0,0,0,0,0,0,0,0,0,0,0,0,0,0,0,0,0,0,0,1,0,1,0,0,0,0,0,0,0,0,0,0,0,0,0,0,1,0,0,1,0,0,0,0,0,0,0,0,0,0,0,0,1,0,0,0,0,0,0,1,2,0,0,0,0,0,0,0,0,0,0,0,0,0,0,0,0,0,0,0,0,0,1,0,0,0,0,0,0,0,0,0,0,0,0,0,0,0,0,0,0,0,0,0,0,2,1,0,0,0,0,0,0,0,0,1,0,0,0,0,0,0,0,2,0,1,1,0,0,1,0,1,0,0,0,0,0,0,0,0,0,0,0,0,0,0,0,0,1,0,1,0,0,0,1,0,0,1,0,0,0,0,0,0,0,0,0,0,0,0,0,0,0,0,0,0,0,0,1,0,0,0,0,0,1,0,0,1,0,0,0,0,0,0,0,0,0,0,0,1,0,0,1,0,1,0,0,0,0,0,0,1,0,0,0,0,0,0,0,0,0,0,0,0,0,1,0,0,0,0,0,0,0,0,0,0,0,0,0,0,0,0,0,0,0,0,0,0,0,0,0,0,0,0,0,0,0,0,0,0,0,0,1,0,0,0,1,0,0,0,0,0,0,0,0,0,0,0,0,0,0,0,0,0,0,0,0,0,0,0,0,0,3,0,0,0,0,0,1,0,0,1,0,0,0,0,0,0,1,0,1,0,0,0,0,0,0,0,0
ARMH1,0,0,0,0,0,0,0,0,0,0,0,0,0,0,0,0,0,0,0,0,0,1,0,0,0,0,0,0,0,0,0,0,0,1,0,0,2,0,0,0,1,1,0,0,0,0,0,0,0,0,0,0,0,0,0,0,0,1,0,0,0,0,0,0,0,0,1,0,0,1,0,6,0,0,0,0,0,0,0,0,0,0,0,0,0,0,0,0,0,0,1,0,0,0,0,2,0,0,0,1,0,0,0,0,0,0,0,0,0,0,0,0,0,0,0,2,0,0,0,0,0,0,0,0,0,2,1,0,0,0,0,0,0,0,0,0,0,0,0,1,0,0,0,0,0,0,0,0,1,0,0,0,0,1,0,0,1,1,0,0,0,0,0,3,0,0,0,0,0,0,0,0,0,2,0,0,0,0,0,0,1,0,0,0,0,0,0,0,0,0,0,0,0,0,0,0,0,0,0,0,0,0,0,0,0,0,0,0,0,0,0,0,0,0,0,0,0,0,0,0,0,1,1,0,1,0,0,0,0,0,0,2,0,0,0,0,0,0,0,0,0,0,0,0,0,0,1,0,0,0,0,0,0,0,0,0,0,0,0,1,1,0,0,1,2,0,0,0,0,0,0,0,0,0,0,0,0,0,0,0,0,0,1,1,1,0,1,0,1,1,0,0,1,0,0,1,0,0,0,0,0,0,0,0,0,1,2,0,0,1,0,0,0,0,0,0,0,1,0,0,1,0,0,0,0,0,0,1,1,0,0,0,0,0,0,0,0,0,1,1,0,0,0,0,0,0,0,0,0,0,0,0,0,0,0,0,0,0,0,0,0,0,0,0,0,1,0,0,0,0,0,0,0,0,0,0,0,0,0,0,0,0,1,0,0,0,0,0,0,0,0,0,0,0,1,0,0,0,0,0,0,0,0,0,1,0,0,0,0,0,0,0,0,1,0,1,0,0,0,0,0,0,0,0,0,0,0,0,0,0,0,1,0,0,0,0,0,0,0,0,0,0,0,0,0,0,0,0,1,0,0,0,1,0,0,0,1,0,0,0,0,0,0,0,0,0,0,0,0,0,0,0,0,0,0,0,0,0,0,0,0,0,0,0,0,2,0,0,0,0,0,0,0,0,0,0,0,0,0,0,0,0,0,1,0,0,0,0,0,1,0,0,0,1,0,0,0,0,0,0,1,0,0,0,0,1,0,0,0,1,0,0,0,0,0,0,0,0,0,0,6,1,0,0,0,0,0,0,0,0,0,0,0,0,0,0,0,0,0,0,0,0,0,0,1,1,0,0,0,0,0,1,0,0,0,0,1,0,0,0,0,0,0,0,0,0,0,0,0,0,0,0,0,0,0,0,0,0,0,0,0,1,0,0,0,0,2,0,0,0,0,0,0,1,0,0,0,0,0,0,1,0,0,0,0,0,1,0,0,1,0,0,0,0,0,0,0,0,0,0,0,0,0,2,0,0,1,1,2,0,0,0,0,0,0,0,0,0,0,0,1,0,0,0,0,0,0,0,1,0,0,0,1,0,0,0,1,0,1,0,0,0,0,0,0,0,0,0,0,0,0,0,0,0,0,0,0,0,0,0,0,0,2,0,0,1,0,0,0,0,0,0,1,2,0,2,0,0,0,0,0,0,0,1,0,0,1,0,0,0,0,0,0,0,0,0,2,0,0,0,0,0,0,0,1,0,0,0,0,0,0,0,0,0,0,0,0,0,0,0,0,1,1,1,0,0,0,0,0,0,0,0,0,0,0,1,0,0,0,0,0,1,0,0,0,0,0,0,0,0,0,1,0,0,0,0,0,0,0,0,1,0,0,0,0,1,0,0,0,0,1,0,0,0,0,0,0,0,0,0,0,1,1,0,0,0,0,0,0,0,0,0,3,0,0,0,0,1,0,0,0,0,0,0,0,0,0,2,0,0,0,0,0,0,0,0,0,0,0,0,0,0,0,0,0,0,0,0,0,0,1,0,1,0,0,0,0,0,0,1,0,0,1,0,1,0,0,0,0,0,0,1,0,0,0,2,0,0,0,0,0,0,2,1,0,2,0,0,0,0,0,0,0,0,0,0,0,1,0,0,0,0,0,0,1,0,1,0,0,0,0,0,1,0,0,0,0,0,0,0,0,0,0,0,0,0,0,0,0,0,0,0,1,0,0,0,1,1,0,0,0,0,0,0,0,0,0,0,0,0,1,0,0,0,1,0,1,0,0,1,0,0,0,0,0,0,0,0,0,0,0,1,0,0,0,0,0,1,0,0,0,0,0,0,0,0,1,1,0,0,0,0,0,1,0,0,0,0,0,0,0,0,0,0,0,0,0,0,0,0,0,0,0,0,0,0,1,0,1,0,1,0,0,0,1,0,0,0,0,0,2,0,1,0,0,0,1,0,0,0,0,0,0,0,0,0,0,0,0,0,0,0,0,0,0,1,0,0,0,0,0,0,0,0,0,0,0,0,0,0,0,0,0,1,0,0,0,0,0,0,0,0,0,0,0,0,0,1,0,0,0,0,1,0,0,0,0,0,0,0,0,0,0,0,1,0,0,0,0,0,0,0,0,0,1,0,0,1,1,0,0,0,0,0,0,0,1,0,1,0,0,0,0,0,1,0,0,0,0,0,0,0,1,0,0,0,0,0,0,0,2,0,0,1,0,0,0,0,0,0,0,0,0,0,0,0,0,0,0,0,0,0,0,0,0,0,0,0,0,0,0,1,0,0,0,0,0,0,0,0,0,0,0,0,0,0,0,0,0,0,0,0,0,0,1,2,0,0,0,0,0,0,0,0,1,0,0,0,0,1,0,0,0,0,1,0,0,1,0,0,0,0,0,0,0,0,0,0,0,0,1,1,0,1,0,0,0,0,0,0,0,0,0,0,2,1,0,0,0,1,0,2,0,1,0,0,0,0,0,0,0,0,0,0,0,0,0,0,0,0,0,0,0,0,0,0,0,0,0,1,0,0,0,0,0,0,0,0,0,0,0,0,0,2,0,0,0,0,0,0,0,0,0,0,0,0,0,0,0,0,0,0,1,0,0,0,0,0,0,1,1,1,0,1,0,1,0,0,0,0,0,0,0,1,0,0,0,0,2,0,0,0,0,2,0,0,1,0,0,0,0,0,0,0,0,0,0,0,0,1,0,0,1,0,6,1,0,0,0,0,0,0,0,2,0,0,0,0,0,0,0,0,0,0,0,0,0,0,0,0,0,0,0,0,1,0,0,0,0,2,0,0,0,0,0,0,0,0,0,0,0,0,0,0,1,0,0,0,0,0,0,0,0,0,0,1,0,0,0,0,0,0,0,0,0,0,0,0,0,0,0,1,0,0,0,0,0,0,0,0,0,0,0,1,0,0,1,0,0,0,0,0,0,0,0,0,0,0,0,0,0,0,0,0,0,0,0,1,0,0,0,0,1,0,0,0,0,0,0,0,0,0,0,0,0,0,0,1,0,0,0,0,1,0,1,0
SMCO4,0,0,0,0,0,1,0,0,0,0,0,0,0,0,0,1,0,0,2,0,0,0,1,1,0,1,0,0,0,0,0,0,0,1,0,0,0,0,0,0,0,0,4,0,0,0,0,0,0,0,0,0,1,0,0,0,0,0,0,0,0,0,0,1,0,0,0,0,0,0,0,0,0,1,1,0,0,1,0,1,0,0,1,1,0,0,0,0,0,0,0,0,1,1,0,1,0,0,0,0,0,0,1,0,0,0,0,0,1,0,0,0,0,0,0,0,0,0,1,0,0,1,0,0,0,0,0,0,1,0,0,0,0,0,0,0,0,0,1,0,0,0,0,1,1,2,2,1,0,0,2,0,0,0,0,0,0,0,0,0,0,0,1,0,0,0,0,0,2,2,0,0,0,0,0,0,0,0,0,0,0,0,0,0,1,0,0,0,0,1,1,0,0,0,0,0,0,0,0,0,0,0,1,0,0,0,0,0,0,0,0,0,0,0,0,0,0,0,1,1,0,0,0,0,0,0,0,1,0,0,0,0,2,0,1,1,0,0,0,0,0,0,0,0,0,0,0,1,0,0,0,0,0,0,0,0,0,1,0,0,0,0,0,0,0,0,0,0,0,0,0,0,1,0,0,0,0,0,2,0,0,2,0,0,0,0,0,0,0,0,0,0,1,0,0,0,0,0,1,0,0,0,0,0,1,0,0,2,1,0,0,0,0,0,0,0,0,0,0,1,0,0,1,0,0,0,0,0,0,0,0,1,0,0,0,0,0,0,0,0,4,0,3,0,0,0,0,0,0,1,0,0,0,0,0,0,0,0,0,0,0,0,0,0,0,0,3,0,0,0,0,0,0,0,0,1,0,0,0,3,0,0,1,0,0,0,0,0,0,0,0,1,0,2,0,0,1,0,0,2,1,0,0,0,0,0,0,0,0,0,0,0,0,0,0,0,0,0,0,0,1,0,0,0,1,0,0,0,0,0,0,0,0,0,0,0,0,0,0,0,0,0,0,0,0,0,0,0,0,0,0,0,0,0,3,0,0,3,0,0,1,0,0,0,0,1,0,0,0,2,0,1,0,0,0,0,1,0,0,0,0,0,0,0,0,0,0,0,0,0,0,0,0,0,0,0,0,0,0,0,0,2,0,0,1,0,0,1,0,0,0,0,0,0,0,0,0,0,0,0,0,0,0,1,1,0,0,0,1,0,0,0,0,0,1,1,0,0,0,0,1,0,0,0,0,0,0,0,0,0,0,0,0,0,0,1,0,2,0,0,0,0,0,0,0,0,0,0,0,0,0,0,0,0,0,0,0,0,1,0,0,0,0,1,0,0,0,0,0,1,0,0,0,3,0,0,0,0,0,0,0,1,1,0,0,0,1,0,0,0,0,0,0,0,0,0,0,0,1,0,1,0,0,0,0,0,0,0,0,0,0,1,0,0,1,0,0,0,0,0,0,0,0,0,0,0,0,0,0,0,0,0,0,0,0,1,0,0,0,1,0,0,0,0,0,0,0,0,0,0,0,0,1,0,0,0,1,1,0,0,0,1,0,0,1,0,0,0,0,0,0,0,0,0,0,0,0,0,0,1,0,1,1,0,0,0,1,0,0,2,0,0,0,0,0,0,0,0,0,0,0,0,0,0,0,0,0,0,0,0,0,0,0,0,0,0,0,0,0,0,0,0,0,0,0,0,0,0,0,0,0,0,0,0,0,0,0,0,0,0,0,0,0,0,0,0,0,0,0,0,0,1,0,0,0,0,0,0,2,0,0,0,0,0,0,1,0,0,0,0,0,0,0,1,1,0,0,0,2,0,0,0,0,0,0,0,0,0,0,0,0,0,0,1,0,0,0,0,0,2,0,0,4,0,0,0,0,0,0,1,0,0,0,1,0,0,0,0,1,0,0,1,0,0,0,0,0,0,0,0,0,0,1,0,0,0,2,1,0,0,0,0,0,0,0,0,0,0,0,0,0,0,0,0,0,0,0,0,0,1,0,0,0,1,1,0,0,0,0,0,0,0,0,1,0,1,0,0,0,0,0,1,0,0,0,0,0,0,0,1,0,0,0,0,0,0,0,0,0,0,0,0,0,0,0,1,0,0,0,1,1,1,0,0,0,0,0,0,0,0,0,0,0,0,0,0,0,3,0,0,0,0,0,0,0,0,0,0,0,3,0,0,0,0,0,0,0,0,0,0,0,0,0,0,0,0,0,0,0,0,0,0,0,1,0,0,0,0,1,0,0,0,0,0,0,0,0,0,0,0,0,0,0,0,0,0,0,0,0,0,0,0,1,0,0,0,0,0,0,0,0,0,0,0,0,0,0,2,1,0,0,1,0,0,0,0,0,0,2,0,0,0,0,0,0,0,0,0,0,0,0,1,0,1,0,0,1,0,0,0,0,0,0,3,0,0,0,0,0,1,2,0,0,0,0,1,0,0,1,1,0,0,0,0,0,0,0,0,0,0,2,0,1,2,0,0,0,0,2,0,0,0,0,2,2,0,0,0,0,0,0,0,0,0,0,0,1,1,0,0,0,0,1,0,0,0,0,0,0,0,0,0,0,0,0,0,0,0,0,0,0,0,2,0,0,0,0,0,1,0,0,1,0,0,0,0,0,0,0,0,0,0,0,0,0,0,0,0,0,0,0,0,0,0,0,0,0,0,0,0,0,0,0,0,0,0,0,0,1,0,0,1,0,0,0,0,0,0,0,1,0,0,0,0,0,0,0,0,0,1,0,0,0,1,0,0,0,0,0,0,0,0,0,0,0,0,1,1,0,0,2,1,0,0,0,1,0,0,0,0,0,0,0,0,0,0,0,0,0,0,2,0,1,0,0,0,0,0,0,0,0,1,1,0,0,0,0,0,0,0,0,1,0,0,0,0,0,0,0,1,1,0,0,0,0,0,1,0,0,1,0,0,0,0,0,0,0,0,0,0,1,0,0,2,0,0,0,1,0,0,0,0,0,0,0,0,0,0,0,0,0,2,0,0,0,0,0,0,0,2,0,0,0,0,0,0,0,0,0,0,0,0,0,0,0,0,0,0,0,0,0,0,0,0,0,0,0,0,1,0,0,1,0,0,0,0,0,0,0,0,0,1,0,0,1,0,1,0,0,2,0,0,0,0,0,0,0,0,0,0,1,0,0,0,0,0,0,0,0,1,0,1,0,0,0,0,0,0,0,0,0,0,1,0,0,0,0,0,0,0,0,0,2,0,0,0,0,0,0,0,0,0,0,0,0,0,0,0,0,0,0,0,0,0,0,0,0,0,0,0,1,0,0,0,0,0,0,0,0,2,0,0,1,0,0,0,1,0,0,0,0,0,0,0,1,0,0,0,0,1,0,0,0,0,0,0,0,0,0,0,0,0,0,0,0,0,0,0,0,0,0,1,0,0,0,0,0,0,0,1,0,0,0,0,0,0,0,0,0,0,0,1,0,0,2,0,0,1,0,0,0,0,0,0,0,0
RAB27A,0,0,0,0,0,0,1,0,0,0,1,0,0,1,0,0,0,0,0,0,0,0,2,0,0,0,0,0,0,0,1,0,0,0,0,2,0,0,0,0,0,0,0,0,0,0,0,2,0,0,0,0,1,1,0,0,0,1,1,1,1,0,0,0,0,0,1,0,1,0,1,0,0,0,0,0,0,0,0,0,0,0,0,1,1,0,0,0,0,0,0,0,0,0,0,0,0,0,0,0,0,0,0,0,1,0,1,1,0,0,0,0,0,2,0,0,1,0,0,0,0,0,1,0,0,0,0,0,0,0,0,1,0,0,0,0,0,0,0,0,0,0,0,0,0,0,0,1,0,0,0,0,0,0,0,0,1,0,0,0,0,0,0,0,0,0,0,0,0,0,0,0,0,0,0,0,0,0,0,0,0,0,0,0,0,0,0,1,0,1,0,0,1,0,0,0,0,0,0,0,1,1,0,0,0,0,0,0,0,0,0,0,0,0,1,2,0,0,0,0,0,0,0,0,0,0,0,0,0,0,0,0,0,0,1,0,0,0,0,0,0,0,0,0,0,0,0,0,1,0,0,0,0,0,1,0,0,0,0,0,0,0,1,1,0,0,0,0,0,0,1,0,0,0,0,0,0,0,0,0,0,0,0,0,0,0,0,1,0,0,0,0,1,0,1,0,0,0,0,1,0,0,0,0,0,0,0,0,0,0,0,0,0,0,0,0,0,1,0,0,1,0,0,0,0,0,0,0,0,0,0,0,0,0,0,0,0,0,0,0,1,0,0,0,0,0,0,1,0,0,0,0,1,0,1,0,0,0,0,0,0,0,0,2,1,0,0,1,0,0,0,0,1,0,0,0,0,0,0,1,0,0,0,0,0,0,0,0,1,0,0,0,0,0,0,0,0,0,1,0,0,0,1,0,0,0,1,1,0,0,0,0,1,0,0,1,0,1,0,0,0,0,0,0,0,0,0,1,0,0,0,0,0,0,0,0,0,1,0,1,1,0,0,0,0,0,0,0,0,1,0,0,0,0,1,0,0,1,0,0,0,0,0,0,1,0,0,0,0,0,0,0,1,0,0,0,0,0,0,0,0,1,0,0,0,0,0,0,0,0,0,0,0,0,0,1,0,0,0,1,0,0,0,0,0,0,1,0,0,0,0,1,0,0,0,0,1,0,0,0,0,0,0,0,0,0,0,0,0,1,0,0,1,0,0,0,2,0,0,0,1,0,0,0,0,0,1,0,0,0,0,1,0,0,0,0,0,1,0,0,0,1,0,1,0,0,0,0,0,0,0,0,0,0,0,0,0,0,0,0,0,1,0,1,0,0,0,0,0,0,0,1,0,1,0,0,0,0,0,0,0,1,0,1,0,0,0,0,0,0,0,0,0,0,1,0,0,0,1,0,0,0,0,0,1,2,0,0,0,0,0,0,0,0,0,0,0,0,0,0,0,0,2,0,0,0,0,0,0,0,0,0,0,0,0,1,0,0,0,0,0,0,0,0,0,1,0,0,0,0,0,0,0,0,0,0,0,2,0,0,0,0,0,0,0,0,0,0,0,0,0,0,0,0,0,0,0,0,0,0,0,0,0,0,0,0,0,0,0,0,0,0,0,0,0,0,0,1,0,0,1,0,0,1,0,0,0,0,0,0,0,0,0,0,0,0,0,0,0,0,0,0,0,1,0,0,0,0,0,0,0,0,0,0,0,0,1,0,0,1,0,0,0,0,0,0,0,0,0,0,0,1,0,0,0,0,0,0,1,0,0,0,0,0,0,0,0,0,0,0,0,0,0,0,2,0,0,0,0,1,0,0,2,1,0,0,1,0,0,0,0,0,0,0,0,0,0,1,0,0,0,0,0,0,0,0,0,0,0,0,0,0,0,0,1,0,0,0,0,0,0,0,1,0,0,0,0,0,0,0,0,0,0,0,0,0,0,0,0,0,0,0,0,0,0,0,0,0,0,0,0,0,0,0,0,1,1,0,0,0,0,0,0,0,2,0,1,0,0,0,0,0,0,0,0,2,0,0,0,0,0,0,0,0,1,0,0,0,0,0,1,0,0,0,0,0,0,0,0,0,0,0,0,0,0,1,0,1,0,1,0,0,0,0,0,0,0,0,0,0,0,0,1,0,0,0,2,1,0,1,1,0,0,0,0,0,0,0,1,0,1,0,0,1,1,1,0,0,0,0,0,0,0,0,0,0,0,0,0,0,0,1,0,0,1,0,0,0,0,0,1,0,0,1,0,2,0,0,0,0,0,0,1,1,0,0,0,0,0,0,0,0,0,0,0,0,0,0,0,0,0,0,0,0,1,0,0,0,1,0,0,0,0,0,0,0,0,0,0,0,0,0,2,0,0,0,1,0,0,0,0,0,0,0,0,0,0,0,0,0,0,0,0,1,0,0,0,0,0,0,0,0,0,0,0,0,0,0,0,0,0,1,0,0,0,0,0,0,0,0,0,0,1,0,0,0,0,0,0,0,1,0,0,0,0,0,1,1,0,0,1,0,0,0,0,0,0,0,0,0,0,0,0,0,0,0,1,0,0,0,0,0,0,1,3,0,0,0,0,0,1,1,0,1,0,0,0,0,0,0,0,0,0,0,0,0,0,0,0,0,0,0,0,0,0,0,0,0,0,0,0,0,1,0,0,1,0,0,0,0,0,1,0,0,0,0,1,0,0,1,0,1,0,0,0,1,0,0,0,0,0,0,0,0,0,0,0,0,0,1,0,0,0,0,0,0,0,0,0,0,0,0,0,0,0,0,0,0,0,0,0,0,0,0,0,0,2,0,0,0,1,0,0,0,0,0,0,0,0,0,1,0,0,0,0,0,1,0,0,0,0,0,0,0,0,0,0,0,0,1,1,0,0,0,0,0,2,1,0,0,0,0,0,0,1,1,0,0,0,0,0,0,0,0,0,2,2,0,0,1,0,0,0,0,0,0,0,0,0,0,0,0,0,0,0,0,0,0,0,0,0,2,1,1,1,0,1,0,1,0,0,0,0,0,0,0,0,1,4,0,0,0,0,0,0,0,0,0,0,1,0,0,0,0,1,0,0,1,1,0,0,0,0,1,0,0,0,2,0,0,0,1,0,0,0,0,1,0,0,0,1,1,0,0,0,0,0,0,0,0,0,0,0,0,0,1,0,0,0,0,2,0,0,0,1,0,0,0,0,0,0,0,0,0,0,0,0,0,0,1,0,0,0,0,0,0,0,0,0,0,0,0,0,0,0,0,0,0,0,0,0,0,1,0,0,0,3,0,0,0,0,0,1,0,1,0,0,0,0,0,0,0,0,0,0,1,0,0,0,1,0,0,0,0,0,0,0,0,0,1,0,0,0,1,0,0,0,0,0,2,0,0,0,0,0,0,0,1,0,0,0,0,0,0,0,0,1,0,1,0,0,0,0,0,0,0,0,0,0,0,0,0,0,0,2,0,0,2,0,0,0,1,0,0,0,0
MGAT4A,0,1,0,0,0,0,1,0,0,0,0,0,0,1,1,0,0,0,0,1,0,1,0,0,1,0,0,1,0,0,0,0,0,1,0,0,0,0,0,0,0,0,0,1,0,0,0,1,1,0,0,0,0,0,0,0,0,1,0,1,0,0,1,0,0,0,3,0,0,0,0,1,0,0,0,2,0,0,0,0,0,0,0,0,0,0,0,0,0,0,0,0,0,0,0,0,1,0,0,0,0,0,1,1,1,0,1,0,0,0,0,2,0,0,0,4,0,1,0,0,0,0,1,0,1,0,0,0,1,0,0,0,1,0,1,1,0,0,0,0,1,0,1,0,1,0,0,0,2,0,0,0,0,1,0,0,0,0,0,0,0,0,0,0,1,0,0,0,0,1,0,0,0,0,0,0,0,0,0,1,0,0,0,0,0,0,2,0,0,0,1,0,0,0,2,0,0,0,0,0,0,0,0,0,0,0,1,0,0,1,0,0,0,1,1,0,0,1,1,0,0,0,1,0,2,1,0,1,0,1,0,0,2,1,0,0,0,0,0,0,1,0,0,0,1,0,1,0,2,0,0,0,0,0,0,1,0,2,0,0,0,0,1,0,0,0,0,0,0,0,0,0,0,0,1,0,0,1,0,1,0,0,0,3,0,0,0,0,0,1,1,0,0,0,0,0,0,0,0,0,0,0,1,1,0,1,3,0,0,0,0,0,1,1,1,0,1,0,0,0,0,0,0,0,0,0,0,1,0,0,4,0,2,0,0,0,0,0,0,0,0,0,0,0,0,1,0,0,0,1,0,0,1,0,0,0,0,1,0,0,1,0,0,0,0,0,0,0,0,0,0,0,0,1,0,0,0,0,0,0,0,0,0,0,1,0,1,1,0,0,4,0,0,1,0,0,1,1,0,0,0,1,0,1,0,3,0,0,1,0,0,0,0,0,0,0,1,0,0,0,0,3,0,1,0,0,0,0,0,1,0,0,0,0,1,0,0,0,0,0,0,1,0,1,0,0,0,0,0,0,0,1,0,0,0,1,0,1,0,0,0,1,1,0,1,0,0,0,0,0,0,0,0,2,2,0,0,0,0,0,0,2,2,0,0,1,1,0,2,0,1,0,1,0,0,0,0,0,0,0,0,0,1,0,0,0,0,0,0,0,0,0,0,0,0,1,1,0,0,0,0,1,1,0,0,0,0,0,1,0,0,0,0,0,2,1,0,0,0,1,0,0,1,0,2,0,0,0,0,0,0,1,0,1,0,0,0,0,2,0,0,1,0,0,1,0,0,1,0,0,1,2,0,0,1,0,1,1,0,0,0,0,0,0,0,1,0,0,0,0,0,0,0,0,1,0,1,0,0,0,0,1,0,0,1,0,0,0,1,0,0,0,0,2,2,0,2,0,0,0,1,0,0,0,0,0,0,0,1,0,0,1,0,0,0,0,0,1,0,0,0,0,0,0,0,0,0,0,0,0,1,0,0,0,0,0,0,0,0,0,1,0,0,2,0,0,0,0,0,0,1,0,0,0,0,0,0,0,0,0,0,0,0,0,0,0,0,0,0,0,1,0,1,0,0,0,0,0,0,0,0,0,1,1,0,1,1,0,1,0,0,0,0,0,0,1,0,0,0,0,1,1,1,0,0,1,0,1,0,0,1,0,0,1,1,1,0,0,0,1,0,4,0,0,1,0,0,0,0,0,1,0,0,0,0,0,1,0,0,2,0,0,0,1,0,0,1,0,0,1,0,0,0,0,1,2,0,0,0,1,0,0,1,0,0,0,0,2,0,1,0,2,0,0,0,0,0,2,0,1,0,0,0,1,0,0,0,0,0,0,2,0,0,0,1,0,0,0,0,0,0,0,0,0,0,1,0,0,1,0,0,0,0,0,1,2,0,1,1,0,0,0,1,2,0,0,0,1,0,0,0,0,0,0,1,0,0,0,0,0,2,0,0,0,0,0,0,0,1,1,0,0,0,0,0,1,0,0,0,0,0,0,1,0,0,1,0,0,0,0,0,1,0,1,0,0,0,1,0,1,0,2,0,3,0,0,0,0,0,1,0,0,2,1,0,0,0,0,0,0,1,0,0,0,2,0,0,2,0,0,0,0,0,0,0,0,0,0,0,0,1,0,1,0,0,0,1,0,1,0,0,0,1,1,0,1,0,0,0,0,0,0,0,0,0,0,0,0,0,0,0,0,0,0,0,0,1,1,2,0,0,0,0,0,1,1,0,0,0,1,0,1,1,0,0,0,1,0,0,0,0,0,1,1,1,0,0,0,0,0,1,0,0,0,0,0,0,1,0,0,0,0,0,0,2,0,2,1,2,1,0,0,0,0,0,0,1,2,0,0,1,1,1,0,1,1,0,0,0,0,0,0,0,0,0,0,0,0,1,0,0,0,0,0,1,0,2,0,1,0,0,1,0,0,1,1,1,0,0,0,0,0,0,0,0,2,0,0,0,0,0,1,0,0,0,0,0,1,0,0,0,0,0,1,0,0,0,1,0,1,0,1,0,0,0,0,0,0,0,0,0,0,1,0,0,1,0,0,0,0,1,0,0,0,1,0,0,0,1,1,1,0,0,0,2,0,0,0,0,0,0,0,1,0,0,0,0,0,0,0,1,1,0,0,1,0,0,0,0,0,0,1,1,0,0,0,1,0,0,0,0,0,0,1,0,1,0,1,0,0,1,0,0,1,0,0,0,1,0,2,0,0,0,0,0,0,0,0,1,0,0,0,0,0,1,1,0,1,1,0,0,0,0,0,0,0,1,0,0,2,0,0,1,0,1,1,0,0,3,0,0,2,1,0,0,0,0,0,0,0,0,0,0,0,0,1,0,0,1,1,0,2,0,0,0,0,0,0,0,0,1,0,0,0,1,0,0,0,0,0,0,2,0,0,1,0,0,0,0,0,0,0,0,0,0,0,0,0,0,0,0,0,1,0,0,2,0,0,0,0,0,0,3,1,1,1,0,0,0,0,0,0,0,1,0,0,2,0,0,0,0,0,2,1,0,0,1,0,0,0,0,0,1,0,1,0,0,3,0,0,0,2,0,0,0,0,0,0,0,0,0,0,1,0,0,0,0,2,0,1,0,0,3,1,0,0,0,0,1,0,0,1,0,0,0,0,0,0,2,0,0,1,0,0,1,0,0,0,0,1,0,0,0,0,1,0,0,0,0,1,0,1,0,1,0,0,1,0,0,0,0,0,0,0,0,2,1,0,1,0,0,0,0,0,0,0,0,0,0,0,0,0,0,0,0,0,0,0,0,0,0,0,0,0,0,0,1,0,1,0,0,0,0,1,0,0,0,0,0,1,0,1,0,0,0,0,1,0,1,0,0,0,0,0,0,1,0,0,0,1,0,0,1,1,0,0,0,0,0,0,0,0,0,1,0,1,0,0,2,0,0,0,0,0,0,1,0,0,1,0,0,0,0,0,0,2,0,0,1,1,0,2,2,0,0,0
PSIP1,0,1,0,0,0,0,0,0,0,1,0,0,0,2,0,0,0,0,0,0,0,1,0,0,0,2,1,0,0,0,0,1,0,0,0,0,1,1,0,0,1,1,0,1,0,1,0,0,0,0,0,0,0,1,1,0,0,0,0,1,0,0,1,0,3,1,1,0,0,0,0,1,0,0,0,0,0,0,0,0,0,0,0,0,0,0,0,0,2,0,0,1,1,0,0,0,0,0,0,0,0,0,0,0,0,0,1,0,0,0,1,2,0,0,1,0,0,2,0,0,0,0,2,0,0,0,0,0,0,0,0,0,2,1,0,0,0,0,0,0,0,0,2,0,0,0,0,0,3,3,0,1,0,0,0,1,3,0,0,0,1,0,0,0,0,0,0,1,0,0,1,0,0,0,0,0,0,0,0,1,0,1,0,0,0,0,0,0,0,0,0,0,1,0,0,0,0,0,0,0,0,0,1,1,0,1,0,0,0,0,0,1,0,0,0,1,1,0,0,0,0,0,0,1,3,0,0,0,1,2,2,0,0,1,0,1,0,0,1,1,0,0,0,0,0,0,0,0,0,0,0,1,0,0,1,0,0,1,1,0,1,0,0,0,0,0,0,0,0,1,0,1,0,0,0,0,0,1,0,2,0,0,4,0,1,0,0,0,0,1,0,0,0,0,0,0,0,0,0,1,0,1,0,1,0,1,1,0,0,0,1,0,0,1,2,0,0,0,0,1,3,0,0,0,0,0,0,0,1,2,0,0,3,0,1,2,1,0,0,0,1,0,0,0,1,0,0,0,0,0,0,1,0,0,2,0,0,2,0,0,0,0,0,0,1,0,0,0,0,0,0,0,0,0,0,1,1,2,0,0,0,0,0,0,0,0,0,3,2,0,0,2,0,0,0,0,0,0,0,0,0,0,0,0,0,0,0,0,3,0,0,1,1,0,0,0,0,1,2,0,0,0,0,0,0,1,0,3,1,1,0,0,0,1,0,0,0,0,2,0,0,2,0,0,0,0,0,3,1,0,1,0,0,0,0,1,0,2,0,2,0,0,0,0,0,0,0,0,0,0,1,0,0,2,1,0,0,2,1,0,0,0,0,0,0,0,1,0,1,0,0,2,0,0,0,0,0,1,1,0,0,0,0,1,0,0,0,1,0,0,0,2,1,0,1,1,0,2,1,0,0,1,2,0,0,0,0,0,0,0,1,1,0,0,0,0,0,0,0,0,0,1,1,0,0,1,0,2,1,1,0,0,0,0,0,1,1,0,1,0,0,0,0,0,1,0,0,1,0,0,0,0,1,0,0,0,0,2,0,0,0,0,0,0,1,0,1,0,1,0,0,1,0,0,0,0,0,0,0,1,0,0,0,1,0,0,0,1,1,0,0,0,1,0,4,0,1,1,0,1,1,0,0,0,0,0,0,0,1,0,1,0,0,0,0,1,0,1,0,0,1,0,0,0,0,0,0,0,0,0,0,1,0,0,0,0,1,0,1,0,0,0,0,1,0,0,0,0,0,1,1,0,0,0,1,1,0,0,0,0,0,1,2,0,0,0,0,0,0,0,0,0,1,0,0,0,0,0,0,0,0,1,0,1,0,0,1,1,0,0,1,0,0,1,0,0,0,0,0,1,3,0,1,3,0,1,1,0,0,1,0,0,0,1,0,2,1,0,0,1,0,1,0,0,0,0,0,1,0,0,0,0,0,0,0,0,1,1,1,1,0,0,1,0,0,0,0,0,1,1,2,1,1,0,0,0,0,0,0,1,0,0,1,1,0,0,0,0,0,2,0,0,0,0,0,0,0,0,1,0,0,0,0,1,2,0,0,0,0,0,0,0,0,0,0,0,0,1,0,0,0,0,0,1,0,1,1,0,0,0,0,0,0,0,1,1,0,2,0,0,0,0,1,0,0,0,0,0,0,1,0,0,0,0,0,0,0,0,0,0,0,1,0,0,0,0,2,0,0,0,1,0,0,1,0,1,0,1,0,0,0,0,0,0,0,0,1,0,0,0,1,0,0,1,0,1,1,0,0,0,1,1,0,0,0,1,0,1,0,0,0,1,1,0,0,0,0,0,1,0,0,0,0,0,0,1,0,1,0,0,0,0,0,0,0,0,0,0,0,0,0,0,0,0,0,1,1,0,0,2,0,0,0,2,0,2,1,0,0,0,3,0,0,0,0,0,0,0,0,0,0,0,0,0,2,0,0,0,0,0,0,1,0,0,1,0,0,1,2,1,0,0,0,0,0,0,0,0,0,1,0,1,1,1,0,0,0,1,0,0,1,0,0,1,2,1,0,1,0,1,0,0,1,0,0,1,1,0,0,0,1,1,0,1,0,0,0,0,0,0,2,0,1,0,1,0,1,1,0,0,1,0,0,1,1,1,0,3,0,0,0,0,0,0,0,0,0,0,0,0,0,0,0,0,0,0,1,0,0,0,1,0,0,0,1,0,0,1,0,0,0,0,0,3,0,0,0,0,0,0,1,1,2,0,0,1,0,1,1,0,0,0,0,0,0,0,0,1,0,0,1,0,0,0,1,1,0,0,0,0,1,0,1,0,0,1,0,0,0,0,1,0,0,1,0,0,0,1,0,0,1,2,1,2,1,0,1,0,0,0,0,2,1,0,1,0,4,2,0,0,0,0,1,0,0,1,0,0,0,0,1,1,1,0,0,0,0,0,0,0,0,0,0,0,1,0,1,1,1,1,0,1,0,0,0,0,0,0,0,0,0,0,1,0,0,1,0,1,1,0,0,0,2,0,0,0,0,0,0,0,0,1,0,0,0,1,0,0,0,2,0,0,0,0,0,0,0,2,0,2,0,0,0,0,0,0,1,0,0,0,1,0,0,0,0,1,0,0,0,2,0,0,0,1,0,2,0,0,0,0,1,0,0,2,0,1,0,0,0,0,1,0,0,0,0,0,1,2,0,0,0,1,0,0,0,0,0,0,1,0,1,0,0,1,1,0,1,1,0,0,2,0,0,0,0,1,0,1,0,0,0,0,0,0,0,1,1,0,6,0,0,0,0,1,0,0,0,2,0,1,0,3,0,0,0,0,1,1,0,1,0,0,2,0,0,0,0,0,1,2,0,0,0,0,1,1,0,0,0,0,0,2,0,0,0,0,0,0,1,0,2,1,0,2,1,0,0,0,0,0,0,0,1,0,0,0,1,2,0,1,0,0,0,0,1,0,1,1,2,0,0,1,0,0,0,0,0,1,2,0,1,0,0,0,1,3,0,0,0,0,1,0,1,1,0,0,0,0,0,0,0,0,0,0,1,0,1,1,0,3,1,3,0,0,1,0,0,0,1,1,0,1,0,0,1,0,0,0,1,3,0,0,0,3,0,0,1,0,0,4,0,2,1,1,0,1,2,0,0,0,0,0,0,1,0,0,0,0,1,0,0,1,0,2,0,0,0,0,0,1,1,0,0,2,0,0,1,1,0,1,0,0,0,0,1,0
TPP1,0,0,0,0,0,0,0,0,0,0,1,0,0,1,0,0,0,0,0,0,0,0,0,1,0,0,0,0,0,1,0,0,1,0,0,0,0,0,1,0,0,0,1,0,0,1,0,0,0,0,0,0,1,0,0,1,0,0,0,0,1,0,0,0,0,0,0,0,2,0,0,0,0,0,0,0,0,3,0,0,0,0,0,1,0,0,0,1,0,0,0,0,0,1,1,1,0,0,1,1,1,0,1,0,0,1,0,0,1,0,0,0,0,1,0,0,0,1,1,0,0,0,0,0,0,0,0,0,1,0,0,0,0,0,0,0,0,0,0,0,0,0,0,0,2,0,2,1,1,0,1,1,0,0,0,0,0,0,0,0,0,0,2,0,0,0,1,0,0,2,0,0,0,0,0,0,0,0,1,0,0,0,0,0,1,0,0,1,1,1,1,1,0,0,1,0,0,0,0,1,0,0,1,0,0,0,0,0,0,0,0,1,1,0,0,1,0,0,1,1,0,1,1,0,1,0,0,0,0,0,0,0,0,0,2,0,0,0,0,1,1,0,0,0,0,0,0,1,4,0,0,1,0,0,1,0,0,0,0,0,0,0,1,0,0,1,0,0,0,0,0,3,1,1,0,0,0,2,1,0,0,0,0,0,1,0,1,0,0,0,0,0,2,0,0,0,0,0,1,0,0,0,0,0,0,0,0,1,1,0,0,0,0,0,0,0,0,1,0,0,0,0,0,0,0,0,0,0,1,0,0,0,0,0,0,0,0,1,0,2,1,0,1,0,0,0,0,0,0,0,1,0,1,0,0,0,0,1,0,0,0,0,0,0,0,0,4,0,0,0,0,1,0,0,0,2,0,0,0,1,0,0,1,0,0,2,0,0,0,0,0,0,0,2,0,0,0,0,0,0,0,0,0,0,0,0,0,0,0,0,0,0,0,0,0,1,0,1,0,0,1,0,0,0,0,0,1,0,0,0,0,0,0,2,0,0,0,0,0,0,0,0,1,0,0,2,0,0,1,0,0,0,0,2,1,0,0,2,0,0,0,0,0,0,1,2,0,0,0,2,1,0,0,0,0,1,1,0,0,0,0,0,0,0,3,0,0,0,0,1,0,0,0,0,1,2,0,0,0,1,0,0,0,0,0,0,0,2,0,0,0,0,1,0,0,0,0,0,0,2,0,0,1,1,0,0,0,0,0,1,0,0,0,0,1,0,0,2,0,0,0,0,0,0,0,0,1,0,1,0,0,0,0,0,1,2,0,0,0,0,0,0,0,0,0,0,0,0,0,0,1,0,0,0,0,1,0,0,0,0,0,0,0,1,0,0,0,1,1,0,0,0,1,1,0,0,0,1,0,0,0,1,0,1,1,3,1,0,0,0,1,0,0,0,0,0,0,1,2,0,0,0,1,0,0,0,0,0,0,0,0,0,0,0,0,0,0,0,0,0,0,0,0,0,0,0,1,0,0,0,0,0,0,0,0,0,1,0,0,1,1,0,0,0,0,0,1,0,0,0,0,0,1,0,0,0,0,0,0,0,0,2,0,0,0,0,0,1,0,0,0,0,0,0,0,0,0,0,1,1,0,0,1,0,0,0,1,0,0,6,1,0,0,0,0,0,1,1,0,0,0,0,0,1,0,0,0,0,0,0,0,0,1,0,1,0,0,2,0,0,1,0,0,0,0,0,0,0,0,0,0,0,0,0,0,1,0,0,0,0,0,1,0,0,1,0,0,0,0,0,0,0,0,0,0,0,0,0,0,0,0,0,0,0,1,0,1,0,0,0,0,0,1,0,0,0,0,1,0,0,0,0,0,1,0,1,0,0,0,0,0,2,1,1,0,0,0,0,0,0,0,1,0,0,0,0,0,0,0,0,0,0,0,0,0,0,0,0,0,0,3,2,0,1,0,1,0,1,0,0,0,0,0,0,0,0,0,4,0,0,1,0,0,0,0,0,0,1,0,0,0,0,2,0,0,0,0,0,0,2,0,0,0,1,1,0,0,0,1,0,0,0,0,0,0,0,0,0,1,0,0,0,0,0,0,0,0,0,1,0,3,1,0,0,1,0,0,0,0,0,0,1,2,0,2,2,0,1,1,0,1,0,0,0,0,0,0,1,0,0,0,0,0,0,0,0,0,0,0,1,0,0,0,0,0,0,0,0,0,0,0,0,0,0,0,2,0,0,0,0,0,2,0,0,0,0,0,0,0,0,0,0,0,0,0,0,0,0,1,0,0,0,0,1,0,0,0,0,1,0,0,1,0,0,1,0,0,0,0,0,0,0,0,0,0,0,0,0,0,0,0,0,0,0,0,0,0,1,0,0,1,3,0,0,0,2,0,3,0,0,0,1,0,0,0,0,0,0,0,0,1,0,0,0,1,1,1,0,0,1,0,0,1,1,0,0,0,0,0,2,0,1,0,1,0,0,0,1,0,1,0,0,0,0,0,0,0,0,0,0,0,1,0,3,0,0,0,0,2,1,0,0,1,1,0,0,0,0,0,0,0,0,0,0,0,0,0,0,0,0,0,0,0,1,0,0,1,0,1,0,0,0,0,0,1,2,0,0,0,0,0,0,2,0,0,0,0,0,1,0,1,0,2,2,1,0,1,0,0,0,1,0,0,0,0,0,0,0,0,0,0,1,0,0,2,0,1,0,0,0,0,0,1,0,0,0,0,0,0,0,0,0,0,0,0,0,0,0,0,0,0,0,0,0,0,0,0,0,0,0,0,0,0,2,0,0,0,0,0,0,0,0,0,0,0,0,2,0,0,0,0,2,0,0,0,1,2,0,0,0,0,0,0,1,0,0,0,2,0,0,0,0,0,0,0,0,0,1,0,0,1,0,1,2,0,1,0,0,0,0,0,1,0,0,0,0,2,0,0,1,2,0,1,0,0,0,0,0,0,0,0,0,0,0,0,0,0,0,0,0,1,0,0,0,0,0,1,0,0,0,1,0,0,1,0,0,0,0,0,0,0,0,0,2,0,0,0,0,0,2,0,0,0,0,0,0,0,0,1,0,0,0,0,0,0,1,0,0,1,2,0,1,0,0,0,0,1,0,0,0,0,1,0,1,1,2,0,0,0,0,0,0,0,0,2,0,1,0,0,1,0,0,0,0,0,0,0,0,0,0,0,1,0,0,0,0,0,0,0,2,0,1,0,0,0,1,1,0,0,2,0,0,0,0,1,0,0,2,0,0,0,0,3,1,0,0,0,0,0,0,0,0,0,0,0,0,0,1,0,1,0,0,0,0,0,1,0,0,1,1,0,0,1,0,0,2,0,0,0,1,0,1,0,0,0,0,1,0,0,0,2,0,0,3,0,0,1,0,0,0,0,0,0,0,0,1,0,1,3,0,0,0,0,0,1,0,0,0,1,0,0,1,0,1,0,0,1,1,0,0,0,0,0,0,0,0,0,1,0,0,0,1,0,0,0,0,0,2,0,0,1,2,0,0,0,0
NCOA4,0,1,0,0,0,1,1,0,0,0,0,0,2,3,1,1,0,1,1,0,0,0,0,0,0,0,0,0,0,0,0,0,0,0,0,0,0,0,1,0,0,0,0,1,0,0,1,1,1,0,0,0,1,1,0,0,0,0,0,1,1,0,0,0,0,1,1,10,1,0,0,1,0,0,1,0,0,1,0,1,0,0,0,0,0,1,0,0,1,1,1,0,1,0,0,0,0,0,0,3,1,1,2,0,1,1,0,0,1,0,1,0,0,0,0,0,1,0,1,0,0,0,3,0,0,0,0,0,1,0,0,0,1,0,0,0,0,0,0,0,0,2,0,1,1,0,0,0,0,0,2,0,0,1,0,0,1,0,0,0,0,0,1,1,1,1,0,0,0,0,1,0,1,1,0,0,0,0,0,0,0,0,0,0,0,1,0,0,1,1,0,1,0,0,0,0,0,0,10,0,0,4,0,0,1,0,0,0,0,1,0,1,0,0,0,1,0,0,1,0,0,0,1,0,0,0,0,0,0,0,0,0,0,1,0,0,1,0,0,0,1,0,1,0,0,0,0,0,1,0,0,1,0,0,0,1,0,1,0,0,0,0,0,0,0,1,0,0,0,0,0,1,0,0,0,0,1,0,2,0,0,0,0,0,0,1,0,0,2,0,1,0,1,0,0,0,0,0,3,0,0,0,0,0,0,1,1,0,0,0,0,0,0,0,0,0,0,1,0,1,1,1,0,0,0,0,1,0,0,0,0,1,1,0,0,0,0,1,0,0,4,2,2,0,0,0,0,0,0,0,0,0,0,0,0,1,1,0,1,0,0,0,0,1,0,0,1,0,1,0,1,1,0,0,0,3,0,0,1,0,2,0,1,1,0,0,1,0,0,0,1,3,1,2,0,1,1,1,0,0,2,0,0,0,2,0,0,0,0,0,0,0,0,0,0,4,0,0,0,0,1,0,1,1,1,0,0,0,0,0,0,1,0,0,1,0,0,0,0,0,0,1,0,0,1,3,0,0,0,0,0,1,0,0,0,0,0,2,1,0,0,1,0,1,0,1,0,1,0,0,1,0,0,0,0,1,0,0,0,0,1,1,0,0,0,0,1,0,0,0,0,0,0,0,0,1,0,0,0,1,1,0,0,0,0,0,0,0,1,0,0,0,0,1,0,0,0,0,0,0,0,0,0,0,1,0,0,1,0,0,3,0,1,0,0,0,0,0,0,0,4,0,0,0,2,0,1,1,4,0,1,2,0,0,1,0,1,0,0,0,0,0,0,0,0,0,0,0,2,0,0,0,1,0,0,1,0,0,0,0,1,0,0,0,0,1,0,0,0,0,0,0,0,1,0,1,1,0,1,0,0,2,3,0,1,3,0,0,0,0,1,0,1,0,0,0,0,2,1,0,0,0,1,0,0,0,0,1,1,0,0,1,0,0,0,0,0,0,0,0,0,0,0,0,0,0,1,0,0,1,0,0,0,0,0,1,1,0,0,2,1,0,0,0,0,0,0,0,0,0,0,0,1,0,1,0,0,0,0,0,0,0,0,0,1,1,0,0,1,0,0,0,0,0,0,0,0,0,0,1,0,1,1,0,1,1,0,0,0,4,0,0,1,1,1,1,0,0,0,0,0,0,0,0,0,0,0,0,0,0,1,0,0,0,0,0,0,0,0,1,0,0,0,1,0,0,0,0,0,0,0,0,0,0,2,1,0,0,0,1,0,1,0,0,0,1,0,0,0,1,1,0,0,0,0,0,0,0,3,0,0,0,0,0,1,1,0,0,0,0,0,0,0,0,0,0,0,0,1,1,1,0,0,0,1,0,0,0,0,0,0,1,0,0,0,0,1,0,0,0,1,0,2,0,0,0,0,0,0,3,0,0,0,0,0,0,0,0,0,0,1,1,0,0,0,0,0,0,0,1,0,0,1,1,0,0,0,0,0,0,1,0,0,0,1,0,0,0,0,0,1,0,3,0,0,1,1,0,0,0,0,0,0,1,1,0,0,0,0,0,0,0,0,1,0,0,0,1,1,0,0,0,1,1,1,0,0,0,0,0,0,0,1,1,0,0,0,2,0,1,0,0,0,0,0,0,0,0,0,1,0,1,0,0,0,0,1,2,0,0,0,1,2,0,0,1,0,1,0,1,2,0,0,0,1,0,1,0,0,0,0,0,0,0,0,1,0,0,0,1,1,1,0,0,0,1,0,0,0,0,0,0,0,2,0,0,0,0,0,0,2,0,0,0,0,0,0,1,0,0,0,1,0,0,0,0,0,0,0,0,0,1,2,0,0,0,0,1,2,1,0,0,0,1,1,0,0,0,0,0,6,3,0,1,0,2,0,1,1,0,0,1,0,1,0,0,0,0,0,1,1,0,0,0,0,1,0,0,1,0,0,0,0,1,0,1,0,0,0,0,2,1,1,1,0,0,0,1,2,0,1,0,0,0,0,0,0,0,0,0,1,0,0,0,0,3,0,0,0,0,0,0,1,0,1,0,2,0,1,0,0,0,0,1,0,0,2,0,0,0,0,0,0,1,0,0,1,0,1,0,0,0,1,1,0,0,0,0,0,2,0,0,1,0,0,0,0,0,0,1,1,1,0,0,0,0,0,0,0,0,1,0,0,0,0,0,1,0,0,0,1,1,0,0,0,0,0,0,0,1,0,0,1,0,0,0,1,0,0,0,0,1,0,0,0,0,3,1,0,0,0,0,0,1,0,0,0,0,1,1,0,0,0,0,1,0,2,0,1,0,0,0,0,0,0,1,0,1,0,1,1,0,0,0,0,2,1,1,1,0,0,0,0,0,1,0,0,2,0,0,0,0,2,0,0,1,1,0,2,0,0,0,0,0,0,0,0,0,0,0,0,0,0,0,0,0,1,4,0,1,0,0,2,0,0,0,0,0,0,1,0,1,0,0,0,2,0,0,0,1,1,0,0,0,0,0,0,0,1,2,0,0,0,0,0,0,1,0,0,0,1,1,0,0,0,0,1,1,0,1,0,0,0,0,0,0,0,2,2,0,0,0,0,0,0,0,0,0,0,0,0,0,0,0,0,1,0,0,1,0,0,1,0,1,0,1,0,0,0,1,0,2,1,1,2,0,1,1,0,0,0,0,0,0,0,0,1,0,2,1,3,0,0,0,2,0,1,0,0,1,1,1,0,1,0,0,0,0,0,0,0,0,0,0,0,1,0,0,0,1,0,0,1,1,0,0,0,0,1,0,1,1,0,0,0,0,0,3,0,0,0,0,0,1,0,0,0,0,0,0,0,0,0,0,0,0,1,0,0,0,0,0,0,0,1,0,1,0,0,0,0,0,0,0,2,1,0,0,0,4,0,0,0,1,0,1,0,0,0,0,0,0,0,1,0,0,1,0,2,0,0,1,0,0,0,1,0,0,0,0,0,0,0,1,0,0,1,1,0,0,0,2,3,0,1,0,0,3,0,0,0,0,0,0,0,0
ATM,1,1,2,1,1,0,1,2,0,5,3,0,0,1,0,1,1,0,0,1,0,0,1,0,0,2,0,0,1,1,0,0,1,1,1,0,1,0,0,1,1,1,0,0,0,1,2,0,0,2,0,1,0,5,1,0,0,0,1,0,0,3,0,0,2,1,1,0,0,0,0,0,2,0,0,0,0,2,0,0,1,0,1,1,1,2,2,0,1,1,0,0,0,0,0,0,1,1,0,0,1,0,0,3,0,1,0,1,0,1,0,1,0,1,1,3,0,3,0,0,0,0,0,0,0,0,1,0,0,0,0,2,0,1,0,1,1,2,0,0,0,1,1,0,2,0,0,0,1,0,0,1,1,0,0,2,1,1,0,0,0,2,1,0,1,1,1,0,0,0,1,1,1,0,0,0,2,1,0,0,0,3,0,0,1,1,1,1,1,0,0,0,2,1,2,0,0,0,0,1,0,0,1,0,1,0,1,0,2,0,0,1,1,1,2,1,1,1,0,0,0,1,0,0,1,2,0,0,0,1,1,1,1,0,1,0,2,0,0,1,0,0,0,0,1,0,1,0,0,0,1,0,1,1,1,0,0,0,0,0,1,0,0,0,1,0,2,0,1,0,1,0,0,0,1,0,0,1,0,1,0,0,1,1,1,2,1,0,1,1,1,0,0,1,0,0,0,0,0,1,1,0,0,0,0,0,0,0,0,0,0,0,2,0,2,0,0,0,0,0,1,1,0,0,0,0,1,0,3,0,0,0,1,0,0,0,1,0,0,0,0,0,0,0,0,0,0,0,1,0,1,1,1,0,2,0,0,2,2,0,1,1,0,0,1,0,1,0,0,2,1,1,1,2,0,0,1,3,2,0,0,0,2,1,0,0,0,4,0,0,1,1,0,1,0,0,3,0,0,0,0,1,2,0,0,0,0,1,1,0,1,1,0,3,1,2,0,1,0,0,0,0,1,1,0,1,1,2,3,2,0,0,1,3,0,1,0,0,1,0,1,0,1,0,0,0,0,2,0,0,1,1,0,1,0,1,1,0,1,1,1,0,0,0,3,0,0,1,0,0,0,0,0,1,2,0,0,1,0,0,0,2,1,0,0,2,0,2,1,0,1,0,0,0,0,0,1,2,0,0,1,0,1,1,1,1,0,0,1,0,0,2,0,1,5,0,2,1,2,0,3,1,3,0,0,0,1,1,0,0,0,1,1,0,2,0,0,1,0,1,0,1,0,0,1,0,0,1,2,2,1,0,1,0,0,0,0,0,0,2,0,0,1,2,1,0,0,0,0,0,3,1,0,2,1,0,1,1,0,0,0,0,0,0,1,2,2,1,0,0,0,0,0,0,1,0,3,3,0,2,0,0,0,2,0,0,0,0,0,2,0,1,2,0,2,1,0,0,0,0,0,1,0,0,0,0,2,0,1,5,0,1,0,1,0,0,2,1,0,0,1,0,2,5,0,0,0,1,1,0,0,1,1,0,0,0,0,0,0,0,0,0,0,0,0,0,0,0,1,0,1,0,0,0,0,1,1,1,0,0,0,0,0,1,2,1,1,0,1,1,1,0,1,2,1,0,0,2,0,1,0,0,1,2,0,0,2,1,1,1,0,1,0,1,1,0,1,0,0,2,4,0,0,1,0,1,0,0,1,3,0,1,0,2,0,1,1,2,0,2,0,2,1,0,3,0,0,1,0,0,1,1,2,2,0,0,2,0,0,2,0,0,0,0,1,0,1,0,0,0,0,0,1,1,0,1,0,0,0,1,1,0,2,2,0,0,0,3,1,1,2,0,0,0,0,0,0,2,0,2,1,2,0,0,1,1,0,0,0,0,0,1,1,0,1,1,1,0,0,0,0,0,0,0,0,0,1,0,0,0,0,1,0,0,0,0,0,1,0,0,0,0,0,0,0,0,1,0,1,0,0,0,0,2,0,1,0,0,0,0,2,1,0,0,0,1,2,0,2,1,1,0,0,0,1,1,0,1,1,0,0,0,1,0,0,0,0,0,1,2,1,0,1,0,0,0,0,0,0,1,0,0,0,0,0,0,0,0,1,0,0,0,1,1,0,0,1,0,1,0,1,1,0,0,0,0,0,3,0,2,0,0,1,0,0,1,1,0,0,0,0,1,0,1,0,1,0,0,0,1,0,1,1,0,1,0,1,1,0,0,3,0,2,0,0,1,0,1,0,0,0,1,0,0,2,1,3,0,0,0,0,2,2,3,0,0,1,1,3,0,0,2,3,0,1,1,1,2,0,0,0,0,1,0,1,0,1,1,0,1,1,2,0,2,0,0,1,2,0,1,0,1,0,1,0,1,0,0,1,1,0,3,1,2,0,1,2,2,0,0,1,2,0,0,2,0,0,2,1,1,2,0,5,1,0,0,1,1,0,0,1,0,1,1,0,0,0,0,0,0,1,0,1,0,1,0,1,0,0,0,1,1,2,1,0,1,0,1,1,0,0,1,0,2,1,0,1,0,0,0,0,0,0,0,2,1,1,1,0,0,1,0,0,3,0,1,0,1,4,0,2,0,0,1,0,0,0,1,0,3,0,0,0,0,1,3,0,0,1,0,0,2,0,0,1,0,0,0,0,2,0,1,0,0,3,1,2,0,3,1,0,1,1,0,2,0,0,1,0,1,0,1,0,0,0,0,0,1,0,1,7,0,0,0,0,0,1,1,0,0,1,0,1,0,1,1,0,1,0,0,0,0,0,0,0,0,2,0,2,0,0,1,1,1,0,0,0,0,2,0,1,2,2,1,0,0,0,0,0,0,2,0,3,1,1,1,2,1,0,0,0,3,1,0,1,1,1,0,0,0,0,1,0,1,0,1,1,2,0,1,1,3,0,1,0,0,0,1,0,0,0,1,0,0,0,0,2,0,0,0,0,2,0,0,1,0,0,0,0,0,0,0,1,0,0,2,0,1,0,1,0,0,0,0,1,1,1,1,0,1,0,0,2,1,0,0,1,1,0,0,0,0,1,0,0,0,0,1,2,1,0,1,1,1,0,0,0,2,2,0,1,2,1,0,0,0,0,2,1,1,2,1,3,0,0,0,0,1,1,1,0,0,3,0,0,0,0,2,0,0,0,0,0,0,1,1,0,0,0,0,1,2,0,0,1,0,2,0,0,0,1,1,1,0,1,0,1,0,0,2,1,0,0,0,3,0,1,0,0,0,2,0,1,1,0,0,0,0,1,0,0,0,0,1,0,0,0,7,0,0,2,0,0,1,0,1,0,0,0,0,2,0,0,1,0,3,0,0,0,0,1,2,0,0,0,0,0,0,0,2,2,0,0,0,1,1,0,0,0,0,0,1,2,0,0,0,1,0,1,1,0,0,0,1,1,0,1,0,2,1,1,2,0,0,1,0,1,1,0,2,1,0,0,1,0,0,0,0,0,0,0,1,1,0,0,2,0,0,0,1,0,2,0,2,0,1,0,0,0,1,1,0,1,1,0,0
TSC22D1,0,0,0,0,0,0,0,0,0,0,0,0,0,0,0,0,0,0,0,0,0,0,0,0,0,0,0,0,0,0,0,0,0,0,0,1,0,0,0,0,0,0,0,0,0,0,0,0,0,0,0,0,0,0,0,0,0,0,0,0,0,0,0,0,0,0,0,1,2,0,0,2,0,0,0,0,0,0,0,0,0,0,0,0,1,0,0,0,0,0,0,0,0,0,0,0,0,0,0,0,0,0,0,0,0,0,0,0,0,0,0,0,0,0,0,0,0,0,0,0,0,0,11,1,0,0,0,0,0,0,0,0,0,0,0,0,0,0,0,0,0,0,0,0,0,0,1,0,0,0,0,0,0,0,0,0,0,0,0,0,0,0,0,0,0,0,0,0,0,1,0,0,0,0,0,0,0,1,0,0,0,0,0,0,0,0,0,0,0,0,0,0,0,0,2,0,0,0,1,0,0,0,0,0,0,0,0,0,0,0,0,0,0,0,0,0,0,0,0,1,0,0,0,0,0,0,0,0,0,0,0,0,0,0,0,0,0,0,0,0,0,0,0,0,0,0,0,0,0,0,0,0,1,0,0,0,0,0,0,0,0,0,0,0,0,0,0,0,0,0,0,0,0,0,0,0,0,0,0,0,0,0,0,0,0,0,0,0,0,0,0,0,0,0,0,0,0,0,0,0,0,0,0,0,0,0,0,0,0,0,0,0,0,0,0,0,0,0,0,0,0,0,0,0,0,0,0,0,0,0,0,0,0,0,0,0,0,0,0,0,0,0,0,0,0,0,0,0,0,0,0,0,0,0,0,0,0,0,0,0,0,0,0,0,0,0,0,0,0,0,0,0,0,0,0,0,0,0,0,0,0,0,0,0,0,0,0,0,0,0,0,0,0,0,0,0,0,0,0,0,1,0,0,0,0,0,0,0,0,0,0,0,0,0,0,0,0,0,0,0,0,0,0,0,0,0,0,0,0,0,0,0,0,0,0,0,0,0,0,0,1,0,0,0,0,0,0,0,0,0,0,0,0,0,0,0,0,0,0,0,0,0,0,0,0,0,0,0,0,0,0,0,0,0,0,0,0,0,0,0,0,0,0,0,0,0,0,0,0,0,0,0,0,0,0,0,0,0,0,0,0,0,0,0,0,0,0,0,0,0,1,0,0,0,0,0,0,0,0,0,0,0,0,0,0,0,0,0,0,0,0,0,0,0,0,0,0,1,0,0,2,0,0,0,0,0,0,0,0,0,0,0,0,0,0,0,0,0,0,0,0,0,0,0,0,0,0,0,0,0,0,0,0,0,0,0,0,0,0,0,0,1,0,0,0,0,0,0,0,0,0,0,0,0,0,0,0,0,0,0,0,0,0,0,0,0,0,0,0,0,0,0,0,0,0,0,0,0,0,0,0,0,0,0,0,1,0,0,0,0,0,0,0,0,0,1,0,0,0,0,0,0,0,0,0,0,0,0,0,0,0,0,0,0,0,0,0,0,0,0,0,0,0,0,0,0,0,0,0,0,0,0,0,0,0,0,0,0,0,0,0,0,0,0,0,0,0,0,0,0,0,0,0,0,0,0,0,0,0,0,0,0,0,0,0,0,0,0,0,0,0,0,0,0,0,0,0,0,0,0,0,0,0,0,0,0,0,0,0,0,0,0,0,0,0,0,0,0,0,0,0,0,0,0,0,0,0,0,0,0,0,0,0,0,0,0,0,0,0,0,0,0,0,0,0,0,0,0,0,0,0,0,0,0,0,0,0,0,0,0,0,0,0,0,0,0,0,0,0,0,0,0,0,0,0,0,0,2,0,0,0,0,0,0,0,0,0,0,0,0,0,0,0,0,0,0,0,0,0,0,0,0,0,0,0,0,0,0,0,0,0,0,0,0,0,0,0,0,0,0,0,0,0,0,0,0,0,0,0,0,0,0,0,0,0,0,0,0,0,0,0,0,0,0,0,0,0,0,0,0,0,0,0,0,0,0,0,0,0,0,0,0,0,0,0,0,0,0,0,0,0,0,0,0,0,0,0,0,0,0,0,0,0,0,0,0,0,0,0,0,0,0,1,0,0,0,0,0,0,0,0,0,0,0,0,0,0,0,0,0,0,0,0,0,0,0,0,0,0,0,0,0,0,0,0,0,0,0,0,0,0,0,0,0,0,0,0,0,0,0,0,0,0,0,0,0,0,0,0,0,0,0,0,0,0,0,0,0,0,0,0,0,0,0,0,0,0,0,0,0,0,0,0,0,0,1,0,0,0,0,0,0,0,0,0,0,0,1,0,0,0,0,1,0,0,0,0,0,0,0,0,0,0,0,0,0,0,0,0,0,0,0,0,0,0,0,0,0,0,0,0,0,0,0,0,0,0,0,0,0,0,0,0,0,0,0,0,0,0,0,0,0,0,0,0,0,0,0,0,0,0,0,0,0,0,0,0,0,1,0,0,0,0,0,0,0,0,0,0,0,0,0,0,0,0,0,0,0,0,0,0,0,0,0,0,0,0,0,0,0,0,0,0,0,0,0,0,0,0,0,0,0,0,0,0,0,0,0,0,0,0,0,0,0,0,0,0,0,0,0,0,0,0,0,0,0,0,0,0,0,0,0,0,0,0,0,0,0,0,0,0,0,0,0,0,0,1,0,1,0,0,0,0,0,0,0,0,0,0,0,0,0,0,0,0,0,0,0,0,0,0,0,0,0,0,0,0,0,0,0,0,0,0,0,1,0,0,0,0,0,0,0,0,0,0,0,0,0,0,0,0,0,0,0,0,0,0,0,0,0,0,0,0,0,0,0,0,0,0,0,0,0,1,0,0,1,0,6,0,0,0,0,0,0,0,0,0,0,0,0,0,0,0,0,0,0,0,0,0,0,0,0,0,0,0,0,0,0,0,0,0,0,0,0,0,0,0,0,0,0,0,0,0,0,1,0,0,0,0,0,0,0,0,0,0,0,0,0,0,0,0,0,0,0,0,0,0,0,1,0,0,0,0,0,0,0,0,0,0,0,0,0,0,0,0,0,1,0,0,0,0,0,0,0,0,0,0,0,0,0,0,0,0,0,0,0,0,0,0,0,0,0,0,0,0,0,0,0,0,0,0,0,0,0,0,0,0,0,0,0,0,0,0,0,0,0,0,0,0,0,0,0,0,0,0,0,0,0,0,0,0,0,0,0,0,0,0,0,0,0,0,0,0,0,0,0,0,0,0,0,0,0,0,0,0,0,0,0,0,0,0,0,0,0,0,0,0,0,0,0,0,0,0,0,0,0,0,0,0,0,0,0,0,0,0,0,0,0,0,0,0,0,0,0,0,0,0,0,0,0,0,0,0,0,0,0,0,0,0,0,0,0,0,0,0,0,0,0,0,0,0,1,0,0,0,0,0,0,0,0,0,0,0,0,0,0,0,0,1,0,0,0,1,0,0,0,0,0,0,0,0,0,0,0,0,0,0,0,0,0,0,0,0,0,0,0
ENTPD1,0,0,0,0,0,0,0,0,1,0,0,0,0,0,0,0,0,0,0,0,0,0,0,0,0,0,0,0,0,0,0,0,0,0,0,0,0,0,0,0,0,0,0,0,0,0,0,0,0,0,0,0,0,0,0,1,0,0,0,0,0,0,0,2,0,0,0,0,3,0,0,0,0,0,2,0,0,0,0,1,0,0,0,0,0,0,0,0,0,0,0,0,0,2,0,0,0,0,0,0,0,0,0,0,0,1,0,0,0,0,0,0,1,1,0,0,0,0,0,0,0,0,0,0,0,0,0,0,0,0,0,0,0,0,0,0,0,0,0,0,0,0,0,0,1,0,1,1,0,0,1,0,0,0,0,0,0,0,0,2,0,0,0,0,0,0,0,0,0,0,0,0,0,0,0,0,0,0,1,0,0,0,0,0,0,0,0,0,1,0,0,0,0,0,0,1,0,0,0,0,0,0,2,0,0,0,0,0,0,0,0,0,0,0,0,0,0,0,1,1,0,0,0,0,0,0,0,0,0,0,0,0,2,1,0,0,0,0,0,0,0,0,0,0,0,0,0,2,2,0,0,0,1,0,0,0,0,0,1,0,0,0,0,1,0,0,0,0,0,0,0,0,0,0,0,0,0,0,1,0,0,0,0,1,0,0,0,0,0,0,0,0,0,0,0,0,0,0,0,0,0,0,0,0,0,0,0,0,1,0,0,0,0,0,0,0,0,0,0,0,0,0,1,0,0,0,0,1,0,0,0,1,0,0,0,0,0,0,0,1,0,0,0,0,0,0,0,1,0,0,0,0,0,0,0,0,0,0,0,0,0,0,2,0,0,0,1,0,0,0,0,0,0,0,0,0,0,0,0,0,0,0,0,0,0,0,0,0,0,0,0,0,0,0,0,0,0,0,0,1,0,0,0,0,0,0,0,0,0,0,0,0,0,0,0,0,0,0,0,0,1,0,1,0,0,0,0,0,0,1,0,0,0,0,0,1,1,0,0,1,0,0,0,0,0,3,0,0,0,0,0,0,0,0,0,0,0,0,0,0,0,0,0,0,0,0,0,0,0,0,0,0,0,0,0,0,1,0,0,0,1,0,0,0,0,0,0,0,0,0,0,0,0,0,0,0,0,0,0,0,0,0,0,0,0,0,0,2,0,0,0,0,0,0,0,0,0,0,0,0,0,0,0,3,0,0,0,0,0,0,0,0,0,0,0,0,0,0,0,0,0,0,0,0,0,0,1,0,1,0,0,2,0,0,1,3,0,0,0,0,0,0,0,0,0,0,0,0,0,0,0,0,0,0,0,0,0,0,0,0,0,0,0,0,1,0,0,0,0,0,0,0,0,1,0,1,0,0,0,0,0,0,0,0,0,2,0,0,0,0,0,0,0,0,0,0,0,0,1,1,0,0,0,0,0,0,0,0,0,0,0,0,0,0,1,0,0,0,0,0,0,0,0,0,0,0,0,0,0,0,0,0,0,0,0,0,0,0,0,1,0,0,0,0,0,0,0,0,0,1,0,0,1,0,0,0,0,0,0,0,0,2,0,0,1,0,0,0,0,0,0,0,0,0,0,0,0,0,0,1,0,0,0,0,1,2,0,0,0,1,0,0,0,0,0,0,0,0,0,0,0,0,0,0,0,0,1,0,0,0,0,0,0,0,0,0,0,0,0,0,0,0,0,2,0,0,0,0,0,0,0,0,0,0,0,0,0,0,0,0,0,2,1,0,0,0,0,0,0,0,0,0,0,0,0,0,0,0,0,0,0,0,0,0,1,0,0,0,0,0,0,0,0,0,0,0,0,0,0,0,0,0,0,0,1,0,0,0,0,0,0,0,0,1,0,0,0,0,0,0,0,0,0,0,0,0,0,0,0,0,0,0,0,0,0,0,0,0,0,0,0,0,0,0,0,0,0,0,0,0,0,1,0,0,0,0,0,1,0,0,0,0,0,0,0,0,0,1,0,0,1,0,0,0,0,0,0,0,0,1,0,0,0,0,3,0,0,0,1,0,0,0,0,0,0,0,0,0,0,0,0,0,0,0,0,0,0,1,0,0,2,0,0,0,3,0,0,0,0,0,0,0,0,0,0,1,0,0,0,1,0,0,0,0,0,0,0,0,0,0,0,0,0,0,0,0,0,0,0,0,0,0,0,0,0,0,1,0,0,0,0,0,0,0,2,0,0,0,0,0,0,0,0,0,0,0,0,0,1,0,0,0,0,1,0,0,0,0,0,0,0,0,0,0,0,0,0,0,0,0,0,0,0,0,0,0,0,0,0,0,0,0,0,0,0,0,0,0,0,0,0,0,0,0,0,0,0,0,0,0,1,0,0,0,0,1,0,0,0,0,0,0,0,0,0,0,0,0,0,0,0,0,0,0,0,0,0,0,0,0,0,0,0,0,0,0,1,0,0,0,0,0,0,0,0,0,0,0,0,0,0,0,0,0,0,0,2,0,0,0,0,0,0,0,0,0,0,0,0,0,0,0,0,0,0,0,0,0,0,0,0,0,0,0,0,0,0,0,0,0,0,0,0,0,0,0,0,0,0,0,0,0,0,0,0,0,0,0,0,0,0,0,1,0,0,0,0,0,0,0,0,0,0,0,0,0,0,0,0,0,0,0,0,0,0,0,0,0,0,0,0,0,0,0,0,0,0,0,0,0,0,0,1,0,0,0,0,0,0,0,0,0,0,0,0,0,0,0,0,0,0,0,0,0,0,0,0,0,0,1,0,0,0,0,0,0,0,0,0,0,0,0,0,0,0,0,1,0,0,0,0,3,0,0,0,0,0,0,0,0,0,0,0,0,0,1,1,0,1,0,0,0,0,0,0,0,0,0,0,0,0,0,0,0,0,0,0,0,0,0,0,0,0,0,0,0,0,0,0,1,3,0,0,0,0,0,1,0,0,1,0,0,0,0,0,0,0,0,0,0,0,1,0,0,0,0,0,0,0,0,0,0,0,0,0,0,0,0,0,0,0,0,0,0,0,0,0,0,0,0,0,1,0,0,0,0,0,0,0,0,1,0,0,0,0,0,0,0,0,0,0,0,0,0,1,0,0,0,0,0,0,0,0,0,0,0,0,0,0,0,0,1,0,0,1,0,1,0,0,4,0,0,0,0,0,0,0,0,0,0,0,0,0,0,0,0,0,1,0,1,0,1,0,0,0,0,0,0,0,0,0,0,0,0,1,0,0,1,0,0,0,0,0,1,0,0,0,0,0,0,0,0,1,0,0,0,0,0,0,0,0,0,0,0,0,0,0,0,0,0,0,0,0,0,0,0,0,0,0,1,0,0,0,0,0,0,0,0,0,0,1,0,0,0,2,0,0,0,0,1,0,0,0,0,0,0,0,0,0,0,1,0,0,1,0,0,0,0,0,0,0,0,0,0,0,0,0,0,0,2,0,0,0,0,0,0,0,0,0,0,0,0,0,0,0,0,0,3,0,0,0,0,0,0,0,0
HES1,0,0,0,0,0,3,0,0,0,0,0,0,0,0,0,0,0,0,0,0,0,0,0,0,0,0,0,0,0,0,0,0,0,0,0,0,0,0,0,0,0,0,0,0,0,0,0,0,0,0,0,0,1,0,0,0,0,0,0,0,0,0,0,0,0,0,0,0,0,0,0,0,0,0,0,0,0,0,0,0,0,0,0,0,0,0,0,0,0,0,0,0,0,0,0,0,0,0,0,0,0,0,0,0,0,0,0,0,0,0,0,0,0,0,0,0,0,0,3,0,0,0,0,0,1,0,0,0,0,0,0,0,0,0,0,0,0,0,0,1,0,0,0,0,0,0,0,0,0,0,0,0,0,0,0,0,0,0,0,0,0,0,0,0,0,0,0,0,1,0,0,0,0,0,0,0,0,0,0,0,0,0,0,0,0,0,0,0,0,0,1,0,0,0,0,0,0,0,0,0,0,0,0,0,0,0,0,1,1,0,0,0,0,0,0,0,0,0,0,0,0,0,0,0,0,0,0,0,0,0,0,0,1,0,0,0,0,0,0,0,0,0,0,0,0,0,0,0,0,0,0,0,0,0,0,0,0,0,0,0,0,0,0,0,0,0,0,0,0,0,0,0,0,0,0,0,0,0,0,0,0,0,0,0,0,0,0,0,0,0,0,0,0,0,0,0,0,0,0,0,0,0,0,0,0,0,0,0,0,0,0,0,0,0,0,0,0,0,0,0,0,0,0,0,0,0,0,0,0,0,0,0,0,0,0,0,0,0,0,0,0,0,0,0,0,0,0,0,0,0,0,0,0,0,0,0,0,0,0,0,0,0,0,0,0,0,0,0,0,0,0,0,0,0,0,0,0,0,0,0,0,0,0,0,0,0,0,0,0,0,0,0,0,2,0,0,1,0,0,0,0,0,0,0,0,0,0,0,0,0,0,0,0,0,0,0,0,0,0,0,0,0,0,0,0,0,0,0,0,0,1,0,0,0,0,0,0,0,0,0,0,0,0,0,0,0,0,0,0,0,0,0,0,0,0,0,0,0,0,0,0,0,0,0,0,0,0,0,0,0,0,0,0,0,0,1,0,0,0,0,0,0,0,0,0,0,0,0,0,0,0,0,0,0,0,0,0,0,0,0,0,0,0,0,0,0,0,0,0,0,0,0,0,0,0,0,0,0,0,0,0,0,0,0,0,0,0,0,0,0,0,0,0,0,0,0,0,0,0,0,0,0,0,0,0,0,0,0,0,0,0,0,0,0,0,0,0,0,0,0,0,0,1,0,0,0,0,0,0,0,0,0,0,0,0,0,0,0,0,0,0,0,0,0,0,0,0,0,0,0,0,0,0,0,0,0,0,0,0,0,0,0,0,0,0,0,0,0,0,0,0,1,0,0,0,0,0,0,0,0,0,0,0,0,0,0,0,0,1,0,0,0,0,0,0,0,0,0,0,0,0,0,0,0,0,0,0,0,0,0,0,0,0,0,0,0,0,0,0,0,0,1,0,0,0,0,0,0,0,0,0,0,0,0,0,0,0,0,0,0,0,0,1,0,0,0,0,0,0,0,0,0,0,0,0,0,0,0,0,0,0,0,0,0,0,0,0,0,0,0,0,0,1,0,0,0,0,0,0,0,0,0,0,0,0,0,0,0,0,0,0,0,0,0,0,0,1,0,0,0,0,0,0,0,0,0,0,0,0,0,0,0,0,0,0,0,0,0,0,0,0,0,0,0,0,0,0,0,0,0,0,0,0,0,0,0,0,0,0,0,0,0,0,0,0,1,0,0,0,0,0,0,0,0,3,0,0,0,0,0,0,0,0,0,0,0,0,0,0,0,0,0,0,0,0,0,0,0,0,0,0,0,0,0,0,0,0,0,0,0,0,0,0,0,0,0,0,0,0,2,0,0,0,0,0,0,0,0,0,0,0,0,0,0,0,0,0,0,0,0,0,0,0,0,0,0,0,0,0,0,0,0,0,0,0,0,0,0,0,0,0,0,0,0,0,0,0,0,0,1,0,0,0,1,0,0,0,0,0,0,0,0,0,0,0,0,0,0,0,0,0,0,0,0,2,0,0,0,0,0,0,0,0,0,0,0,0,0,0,0,0,0,0,1,0,0,0,0,0,0,0,0,0,0,0,0,0,0,1,0,0,0,0,0,0,0,0,0,0,0,0,0,0,0,0,0,0,0,0,0,0,0,0,0,0,0,0,0,0,0,0,0,0,0,0,0,0,0,0,0,0,0,0,0,0,0,0,0,0,0,0,0,0,0,0,0,0,0,0,0,0,0,0,0,0,0,0,0,0,0,0,0,0,0,0,0,0,0,0,0,0,0,0,0,0,1,0,0,0,0,0,0,0,0,0,0,0,0,0,0,0,0,0,0,0,0,0,0,0,0,0,0,2,0,0,0,0,0,0,0,1,0,0,0,0,0,0,0,0,0,0,0,0,0,0,0,0,0,0,0,0,0,0,0,0,0,0,0,0,0,0,0,2,0,0,0,0,0,1,0,0,0,0,0,1,0,1,0,0,0,0,0,0,0,0,0,0,0,1,0,0,0,0,0,0,0,0,0,0,0,0,0,0,0,0,0,0,0,0,0,0,0,0,0,0,0,0,0,0,0,0,0,0,0,0,0,0,0,0,0,0,0,0,0,0,0,0,0,0,1,0,0,0,0,0,0,0,0,0,0,0,0,0,0,0,0,0,0,0,0,0,0,0,0,0,0,0,0,0,0,0,0,0,1,0,0,0,0,0,0,0,0,0,0,0,0,0,0,0,0,0,0,0,0,0,0,1,0,0,0,0,0,0,0,0,0,0,0,0,0,0,0,1,0,0,0,0,0,0,0,0,0,0,0,0,0,0,0,0,0,0,0,0,0,0,0,1,0,1,0,0,0,0,0,0,0,1,0,0,0,0,0,0,0,0,0,0,0,0,0,0,0,0,1,0,0,0,0,0,0,0,0,0,0,0,0,2,0,0,0,0,0,0,1,0,0,0,0,0,0,0,0,0,0,0,0,0,0,0,0,0,0,0,0,0,0,0,0,0,0,0,0,0,0,1,0,0,0,0,0,0,0,0,2,0,1,0,0,0,0,0,0,0,0,0,0,0,0,0,0,0,0,0,0,0,0,0,0,0,0,0,0,0,0,0,0,0,0,0,0,0,0,0,0,0,0,0,0,0,0,0,0,0,0,0,0,0,0,0,0,0,0,0,0,0,0,0,0,0,0,0,0,0,0,0,0,0,0,0,0,0,0,0,0,0,0,0,0,0,0,0,0,0,0,0,0,0,0,0,0,0,0,0,0,0,0,0,0,0,0,0,0,0,0,0,0,0,0,0,0,0,0,0,0,0,0,0,0,0,0,0,0,0,0,0,0,0,1,0,0,0,0,0,0,0,0,0,0,0,0,0,0,0,0,0,0,0,0,0,0,0,0,0,0,0,0,0,0,0,0,0,0,0,0,0,0
APP,0,0,0,0,0,0,0,0,0,0,0,0,0,0,0,0,0,0,0,0,0,0,1,1,0,0,0,0,0,1,0,0,1,6,0,0,0,0,1,0,0,0,0,0,0,1,0,0,0,0,0,1,0,0,0,0,0,0,0,0,0,0,0,0,0,0,1,0,0,0,0,0,0,0,0,0,0,0,1,0,0,0,0,0,0,0,0,0,0,0,2,0,1,0,0,0,0,0,0,0,0,0,0,0,0,0,0,0,0,1,0,0,0,0,0,0,0,0,0,0,0,0,0,0,0,0,0,0,0,0,0,0,0,0,0,1,0,0,0,0,0,0,0,0,1,0,0,0,1,0,0,0,0,0,0,0,0,0,0,0,0,0,0,0,0,0,0,0,0,1,0,0,0,0,0,0,0,0,0,1,0,0,0,0,0,1,1,0,0,1,0,0,0,0,0,0,0,0,0,1,0,0,0,0,0,0,0,0,0,0,0,0,0,0,0,0,0,0,6,0,0,0,1,0,1,0,0,0,0,0,0,1,1,0,0,0,0,0,0,0,0,2,0,0,0,0,0,0,0,0,0,0,0,0,0,0,1,0,0,0,0,0,0,1,0,0,0,0,0,0,0,0,0,0,0,0,0,0,0,0,0,0,0,0,0,0,0,0,0,0,0,0,0,0,0,0,0,0,0,0,0,0,0,0,0,0,0,0,0,0,0,0,0,0,0,0,0,0,0,1,0,0,0,0,0,0,0,0,0,0,0,0,0,0,0,0,1,0,0,0,0,0,0,0,0,0,1,0,0,0,0,0,1,0,0,0,0,0,0,0,0,0,0,0,0,0,1,0,0,0,0,0,0,1,0,0,0,0,0,0,0,0,0,0,0,0,0,0,0,0,0,0,0,0,0,0,0,0,0,0,1,0,0,0,0,0,0,1,0,0,0,0,0,0,1,0,0,0,0,0,1,0,0,0,1,0,0,0,0,0,0,0,0,0,0,0,0,0,0,0,0,0,2,0,0,1,0,0,0,0,0,0,0,0,0,0,0,2,1,0,1,0,0,0,0,0,0,0,0,0,0,0,0,0,0,0,0,0,0,0,0,0,0,0,0,0,0,0,0,0,0,0,0,0,0,1,0,0,0,0,0,0,0,0,0,0,0,0,0,0,0,0,0,0,0,0,0,0,0,0,0,0,0,0,1,0,0,0,0,0,1,0,0,0,0,0,0,1,0,0,1,0,0,0,0,0,0,0,0,1,0,0,0,0,0,1,0,0,0,0,0,0,0,0,1,0,0,0,0,0,1,0,0,0,0,3,0,0,0,0,0,0,0,0,0,0,0,0,0,0,0,1,0,0,0,0,0,0,0,0,0,0,0,0,1,0,0,0,0,0,0,0,0,0,0,0,0,0,0,0,0,0,0,0,0,0,0,0,0,0,0,0,1,0,0,0,0,0,0,0,0,0,0,0,0,0,5,0,0,0,0,0,0,0,1,0,0,0,0,0,0,0,1,0,0,0,0,0,0,0,0,0,0,1,0,0,0,1,0,0,0,0,0,0,0,0,0,0,0,0,0,0,0,0,0,0,0,0,0,0,0,1,11,0,0,0,1,0,0,0,0,0,0,0,0,0,0,0,0,0,0,0,0,1,0,0,0,1,0,0,0,0,0,0,4,0,0,0,0,0,0,1,0,0,0,0,0,1,0,0,0,0,0,0,0,0,0,0,0,0,0,1,0,0,0,0,0,0,0,0,0,0,0,0,0,0,0,0,0,0,1,0,0,0,0,0,0,0,0,0,0,0,0,1,0,0,0,0,0,0,0,0,0,0,0,0,0,0,0,0,0,0,0,0,1,0,1,0,0,0,0,0,0,0,0,0,0,0,0,0,0,0,1,0,0,0,0,1,0,0,0,0,0,0,0,0,0,0,0,0,0,0,0,0,0,0,0,2,0,0,0,0,0,0,0,0,0,0,0,0,0,2,0,0,0,0,0,0,0,0,0,0,1,2,0,0,0,0,0,0,0,0,0,0,1,0,1,0,1,0,0,0,0,1,1,0,0,0,2,0,0,0,0,0,0,0,0,0,0,0,1,2,0,0,3,0,0,0,0,1,0,0,0,0,0,0,0,0,0,0,0,0,0,0,0,0,0,0,0,0,0,0,1,0,0,0,0,0,0,0,0,0,0,0,0,0,0,0,0,0,0,1,0,0,0,0,1,0,1,0,0,0,0,2,0,0,0,0,0,0,0,0,0,0,0,0,0,0,0,0,0,0,0,0,0,0,0,0,1,0,0,0,1,0,0,0,0,0,0,0,0,0,0,0,0,0,0,0,0,0,6,0,0,0,0,1,0,1,0,0,0,0,0,0,0,0,0,0,0,0,0,0,0,0,0,0,0,0,0,0,0,0,0,0,0,0,1,0,0,0,0,1,0,0,0,6,0,0,1,0,3,0,0,0,0,0,0,0,0,0,0,0,0,2,0,0,0,0,0,0,2,0,1,0,0,0,0,0,0,0,0,0,0,0,0,0,0,0,0,0,0,0,1,0,1,0,0,0,0,0,0,0,0,0,0,0,0,0,0,0,0,0,0,0,0,0,0,0,6,0,0,0,2,0,0,0,0,1,0,0,1,0,0,0,0,0,0,1,0,0,0,0,0,0,2,0,0,0,0,0,1,0,0,0,0,0,0,0,1,0,0,0,0,0,0,0,1,1,0,0,0,0,0,1,0,0,0,0,0,0,0,0,0,0,0,0,0,0,0,0,1,0,0,0,0,0,0,1,0,0,0,1,0,0,0,4,0,0,0,0,0,0,0,0,0,0,0,0,0,0,0,0,0,0,0,0,0,0,0,0,0,0,1,0,0,0,0,0,0,0,0,0,0,0,0,0,0,0,0,0,1,0,0,0,0,0,0,0,0,0,0,0,0,0,0,0,0,1,0,0,0,0,0,0,0,0,0,0,0,0,0,0,0,0,0,0,0,0,0,0,1,0,0,1,0,0,0,0,0,0,0,0,0,0,0,0,0,0,0,0,0,0,0,0,0,0,0,0,0,0,0,1,0,0,0,0,0,0,1,1,0,0,0,0,0,0,0,0,0,0,0,1,0,0,0,0,1,0,0,1,0,0,0,0,0,0,0,0,0,2,0,0,0,0,0,0,0,0,0,1,0,0,0,0,0,0,0,0,0,2,0,0,0,0,0,1,0,2,0,0,0,0,1,0,0,0,0,1,0,0,0,0,1,0,0,0,0,0,0,0,0,0,0,0,0,0,0,0,0,0,0,0,0,0,0,0,0,1,1,0,0,0,0,0,0,0,0,0,0,0,0,0,0,0,3,0,2,0,0,1,0,0,0,0,2,0,0,0,0,0,0,0,1,0,0,0,0,1,0,0,0,0,0,0,1,0,1,0,0,0,0,0,0,1,0,0,1,0,0,0,0,0,0,0,0,0,0,0,0,0,0,1,0,0,0,0
KCNG1,0,0,0,0,0,0,0,0,0,0,0,0,0,0,0,0,0,0,0,0,0,0,0,0,0,0,0,0,0,0,0,0,0,0,0,0,0,0,0,0,0,0,0,0,0,0,0,0,0,0,0,0,0,0,0,0,0,0,0,0,0,0,0,0,0,0,0,0,0,0,0,0,0,0,0,0,0,0,0,0,0,0,0,0,0,0,0,0,0,0,0,0,0,0,0,0,0,1,0,0,0,0,0,0,0,0,0,0,0,0,0,0,0,0,0,0,0,0,0,0,0,0,0,0,0,0,0,1,0,0,0,0,0,1,0,0,0,0,0,0,0,0,0,0,0,0,0,0,0,0,0,0,0,0,0,0,0,0,0,0,0,0,0,0,0,0,0,0,0,0,0,0,0,0,0,0,0,0,0,0,0,0,0,0,0,0,0,0,0,0,0,0,0,0,0,0,0,0,0,0,0,0,0,0,0,0,0,0,0,0,0,0,0,0,0,0,0,0,0,0,0,0,0,0,0,0,0,0,0,0,0,0,0,0,0,0,0,0,0,2,0,0,0,0,0,0,0,0,0,0,0,0,1,0,2,0,0,0,0,0,0,0,0,0,0,0,0,0,0,0,0,0,0,0,0,0,0,0,0,0,0,0,0,0,0,0,0,0,0,0,0,0,0,0,0,0,0,0,0,0,0,0,0,0,0,0,0,0,0,0,0,0,0,0,0,1,0,0,0,0,0,0,0,0,0,0,0,1,0,0,0,0,0,0,0,0,0,0,0,0,0,0,0,0,0,0,0,0,0,0,0,0,0,0,0,0,0,0,0,0,0,0,2,0,0,0,0,0,0,0,0,0,0,0,0,0,0,0,0,0,0,0,0,0,0,0,0,0,0,0,0,0,0,0,0,0,0,0,0,0,0,0,0,0,0,0,0,0,1,0,0,0,0,0,0,0,0,2,0,0,0,0,0,0,0,0,0,0,0,0,0,0,0,0,0,0,0,0,0,0,0,0,0,0,0,0,0,0,0,0,0,0,0,0,0,0,0,0,0,0,0,0,0,0,0,0,0,0,0,0,0,0,0,0,0,0,0,0,1,0,0,0,0,0,0,0,0,0,0,0,0,0,0,0,0,0,0,0,0,0,0,0,0,0,0,0,0,0,0,0,0,0,1,0,0,0,0,0,0,0,0,0,0,0,0,0,0,1,0,0,0,1,0,0,0,0,0,0,0,0,0,0,0,0,0,0,0,0,0,0,0,0,0,0,0,0,0,0,0,0,0,0,1,0,0,0,0,0,0,0,0,0,0,0,0,0,0,0,0,0,0,0,0,0,0,0,0,0,0,0,0,0,0,0,0,0,0,0,0,0,0,0,0,0,0,0,0,0,0,0,0,1,0,0,0,0,0,0,0,0,0,0,0,0,0,0,0,0,0,0,0,0,0,0,0,0,0,0,0,0,0,0,0,0,0,1,0,0,0,0,0,0,0,0,0,0,0,0,0,0,0,0,0,0,0,0,0,0,0,0,0,0,0,0,0,0,0,0,0,0,0,0,0,0,0,0,0,0,0,0,0,0,0,0,0,0,0,0,0,0,0,0,0,0,0,0,0,0,0,0,0,0,0,0,0,0,0,0,0,0,0,0,0,0,0,0,2,0,0,0,0,0,1,0,0,0,0,0,0,0,0,0,0,0,0,0,0,0,0,0,0,0,0,0,1,0,0,0,0,0,0,0,2,0,0,0,0,0,0,0,0,0,0,0,0,0,0,0,0,0,0,0,0,0,0,0,0,0,0,0,0,0,0,0,0,0,0,0,0,0,0,0,0,0,0,0,0,0,1,0,0,0,0,0,0,0,0,0,0,0,0,0,0,0,0,0,0,0,0,0,0,0,0,0,0,0,0,0,0,0,0,0,0,0,0,0,0,0,0,0,0,0,0,0,0,0,0,0,0,1,0,0,0,0,0,0,0,0,0,0,0,0,0,0,0,0,0,0,0,0,0,1,0,0,0,0,1,0,1,0,0,0,0,0,0,0,0,0,0,0,0,0,0,0,0,0,0,0,0,0,0,0,0,0,0,0,0,0,0,0,0,0,0,0,0,0,0,0,0,0,0,0,0,0,1,0,0,0,0,0,0,0,0,0,1,0,0,0,0,0,0,0,0,0,0,0,0,0,0,0,0,0,0,0,0,0,0,0,0,0,0,0,0,0,0,0,0,0,0,0,0,0,0,0,0,0,0,0,0,0,0,0,0,0,0,0,0,0,0,0,0,0,0,0,0,0,0,0,0,0,0,0,0,0,0,0,0,0,0,0,0,0,0,0,0,0,0,0,0,0,0,0,1,0,0,0,0,0,0,0,0,0,0,0,0,0,0,0,0,0,0,0,0,0,0,0,0,0,0,0,0,0,0,0,0,0,0,0,0,0,0,0,0,0,0,0,0,0,0,0,0,0,0,0,0,0,0,0,0,0,0,0,0,0,0,0,0,0,0,0,0,0,0,0,0,0,0,0,0,0,0,0,0,0,0,0,0,0,0,0,0,0,0,0,1,0,0,0,0,0,0,0,0,0,0,0,0,0,0,0,0,0,0,0,0,0,0,0,0,0,0,0,0,0,0,0,0,1,0,0,0,0,0,0,0,0,0,0,0,0,0,0,0,0,0,0,0,0,1,0,0,0,0,0,0,0,0,0,0,0,0,0,0,0,0,0,0,0,0,0,0,0,0,0,0,0,0,0,0,0,0,0,0,0,0,0,0,0,0,0,0,0,0,0,0,0,0,0,0,0,0,0,0,0,0,0,0,0,0,0,0,0,0,0,0,1,0,0,0,0,0,0,0,0,0,0,0,0,0,0,0,0,0,0,0,0,0,0,0,0,0,0,0,0,0,0,0,0,0,0,0,0,0,0,0,0,0,0,0,0,2,0,0,0,0,0,0,0,0,0,0,0,0,0,0,0,0,0,0,0,1,0,0,0,0,0,0,0,0,0,0,0,0,0,0,0,0,0,0,0,0,0,0,0,0,0,0,0,0,0,0,0,0,0,0,0,0,0,0,0,0,0,0,0,0,0,0,0,0,0,0,0,0,0,0,0,0,0,0,0,0,0,0,0,0,0,0,0,0,0,0,0,0,0,0,0,0,0,0,0,0,0,0,0,0,0,0,0,0,0,0,0,0,0,0,0,0,0,0,0,0,0,0,0,0,0,0,0,0,0,0,0,0,0,0,0,0,0,0,0,0,0,1,0,0,0,0,0,0,0,0,0,0,0,0,0,0,0,0,0,0,0,0,0,0,0,0,0,0,0,0,0,0,0,0,0,0,0,0,0,0,0,0,0,0,0,0,0,0,0,0,0,0,0,0,0,0,0,0,0,0,0,0,0,0,0,0,0,0,0,0,0,0,0,0,0,0,0,0,0,0,0,0,0,0,0,0,0,0,0,0,0,0,0,0,0,0,0,0,0,0,0,0,0,0,0
OFD1,0,0,0,0,0,0,0,0,0,0,0,0,0,0,0,1,0,1,1,0,1,0,0,0,1,0,0,0,0,0,0,2,0,2,0,0,0,0,0,2,0,0,0,0,0,0,0,0,0,0,0,0,0,0,2,0,0,0,0,0,0,0,1,0,0,0,1,0,0,0,0,0,2,0,0,0,0,0,0,1,2,0,0,0,0,0,0,1,0,0,0,0,0,0,0,0,0,1,0,1,1,0,0,2,0,1,0,0,0,0,1,1,0,0,0,2,0,0,0,0,0,0,0,0,0,0,0,0,0,0,0,1,0,0,0,0,1,0,0,1,0,0,0,0,0,0,0,0,0,1,0,0,2,0,0,0,1,0,0,0,0,0,0,0,0,1,0,1,0,0,0,0,0,0,0,0,2,0,0,0,0,0,0,0,0,0,0,0,0,0,0,0,0,0,0,0,0,0,0,0,0,0,0,0,0,1,0,0,0,0,0,1,0,0,0,3,1,0,11,1,0,0,0,0,0,0,0,0,0,0,0,0,0,1,0,0,3,0,0,0,0,0,0,0,0,0,0,0,1,0,0,0,0,0,0,0,0,0,1,0,0,0,0,0,0,0,0,0,0,0,0,0,0,0,0,0,0,0,0,0,0,0,0,1,0,1,0,0,0,0,0,0,0,0,1,0,1,0,0,0,0,0,0,0,0,0,0,0,0,0,0,0,0,0,0,0,0,0,1,0,1,1,1,0,0,1,1,0,0,0,0,1,0,0,0,0,0,1,1,0,0,0,1,0,0,0,0,1,2,0,0,0,0,1,0,0,1,0,0,0,0,1,0,0,0,0,1,0,0,0,0,0,0,0,0,1,0,2,0,0,0,0,0,0,0,0,0,0,0,0,1,0,1,1,0,0,0,0,0,0,0,0,0,1,0,0,0,0,1,0,0,0,0,1,0,0,0,0,0,0,0,0,2,0,0,0,0,1,0,0,0,0,0,0,0,0,0,0,0,0,0,0,0,0,1,0,0,0,1,0,0,0,0,0,0,1,0,1,0,2,3,0,0,1,0,0,0,0,0,0,0,0,0,0,0,1,0,0,0,1,0,0,1,0,0,0,0,0,0,0,0,1,0,1,0,1,0,1,0,2,0,0,0,0,0,0,0,0,0,0,0,0,1,0,0,1,2,0,0,0,0,0,0,0,0,0,1,0,0,0,0,1,0,0,0,0,0,0,0,0,0,0,0,0,0,0,0,1,1,1,0,1,0,1,0,0,0,0,0,1,0,1,0,0,0,0,0,0,0,1,0,1,0,0,2,0,0,0,0,2,0,1,0,0,0,1,1,0,1,0,1,0,0,0,0,1,0,1,1,0,0,0,0,0,0,1,0,1,0,0,0,0,0,0,1,0,0,0,0,0,0,0,0,0,1,0,0,0,0,0,0,1,0,0,0,0,0,0,0,0,1,1,0,0,1,0,4,0,0,0,0,0,0,0,0,0,0,0,0,0,0,0,0,3,0,0,0,0,0,0,0,0,0,0,0,0,0,0,1,0,0,0,0,0,0,0,0,0,0,0,0,0,0,0,0,0,0,0,0,0,1,0,1,0,0,0,0,1,0,1,1,0,0,0,0,0,0,3,0,0,0,0,0,0,0,0,2,1,0,0,0,0,0,0,0,0,0,0,0,1,1,0,0,0,0,0,0,0,0,0,0,0,0,1,1,0,0,1,1,1,0,0,2,0,1,0,0,0,0,0,0,0,0,0,0,0,0,0,0,1,0,0,0,0,0,0,0,1,2,0,0,0,0,0,1,0,0,0,0,1,0,0,1,0,0,0,0,1,2,1,0,0,1,0,0,0,0,0,0,0,0,0,0,0,0,1,0,0,0,0,0,2,1,1,0,0,1,1,0,0,0,0,0,0,0,1,1,1,0,0,0,0,0,0,2,0,0,0,0,1,0,1,0,0,0,0,0,0,0,1,0,0,0,0,0,1,4,0,0,0,0,0,0,0,0,1,0,0,0,0,1,0,0,0,0,0,0,0,0,0,1,0,0,0,0,1,0,0,0,0,0,0,0,1,0,0,0,0,0,0,0,0,0,0,0,1,0,1,0,1,0,0,0,0,0,1,0,0,0,0,1,0,1,1,0,0,0,0,0,1,0,0,0,0,0,0,0,0,0,0,2,0,0,0,0,0,0,0,2,0,1,0,0,0,0,0,0,1,0,0,0,0,0,0,0,0,0,0,0,0,0,0,1,2,0,0,0,0,0,0,0,0,0,0,1,0,0,0,0,0,1,0,0,0,0,2,0,1,0,0,0,0,0,0,0,0,0,0,0,0,1,0,1,0,0,0,0,0,0,0,1,0,0,0,0,0,0,0,0,0,0,0,0,1,0,0,0,1,0,0,0,0,0,0,0,2,0,0,1,0,0,0,1,0,0,7,0,0,0,0,3,0,1,1,0,0,0,0,0,0,0,0,0,3,1,0,1,0,0,0,0,1,0,0,0,0,1,1,0,0,0,0,0,0,0,1,0,0,1,0,0,0,0,0,1,0,2,0,0,0,0,0,0,0,0,0,0,0,0,0,0,1,0,0,1,0,0,0,2,3,0,0,0,0,0,0,0,0,1,0,0,0,1,1,0,0,0,0,0,0,1,0,0,0,7,0,0,0,2,0,1,1,0,0,1,0,1,0,0,0,0,1,0,0,0,0,0,0,0,0,1,0,0,0,0,0,0,0,1,0,0,1,1,0,0,0,0,0,0,1,2,1,0,0,1,1,0,0,0,0,0,0,1,0,0,3,0,0,0,0,0,1,0,0,0,0,0,0,0,0,0,1,0,0,0,0,0,0,0,0,0,0,2,0,0,1,0,0,0,0,0,0,0,0,0,1,0,0,0,0,0,0,1,0,0,0,0,0,0,1,1,0,1,0,0,0,0,0,0,1,0,1,0,0,1,1,0,0,0,0,1,0,1,0,1,1,0,0,0,0,0,0,0,0,0,1,0,1,1,0,0,1,0,0,0,0,0,0,0,1,0,0,0,0,0,0,0,1,0,0,0,0,0,0,0,0,0,0,0,1,0,0,1,0,0,0,0,1,1,0,0,0,0,0,0,1,0,1,0,1,1,0,0,2,0,0,0,1,1,0,0,0,0,2,1,0,0,0,0,0,0,0,0,0,0,0,0,0,1,0,0,0,0,0,0,1,1,2,2,0,0,0,0,0,0,0,0,1,0,0,0,0,0,1,0,0,0,0,0,0,0,1,0,0,0,0,0,0,0,0,0,0,1,1,1,0,0,2,0,0,0,0,0,0,0,1,0,0,0,0,0,0,2,0,2,1,0,1,0,0,1,0,0,1,0,0,0,0,0,0,0,0,1,0,0,0,1,1,0,0,0,0,0,0,0,0,0,0,0,0,1,1,0,0,0,0,2,1,0,0,0,0,0,0,0,0,0,3,0,0,0,1,0,0,0,0
NA..31,0,0,0,0,0,0,0,0,0,0,0,1,0,0,0,0,0,0,0,0,0,0,0,0,0,0,0,1,0,1,0,0,1,3,0,0,0,0,0,1,0,0,0,3,1,0,0,0,1,0,0,0,0,0,2,0,0,0,0,0,0,0,0,0,0,0,1,0,0,0,0,0,0,0,0,0,0,0,0,0,0,1,1,0,0,1,0,0,0,0,0,0,0,0,0,0,0,0,0,0,0,0,0,0,0,0,0,0,0,0,0,0,0,0,0,0,0,0,0,0,0,0,0,1,0,0,0,0,0,0,0,0,1,0,0,0,0,1,0,0,2,0,0,1,0,0,0,1,0,0,0,0,0,0,0,0,0,0,0,0,0,0,0,0,0,1,0,0,0,0,0,0,1,0,0,0,0,0,0,0,0,0,1,0,0,0,0,0,0,0,0,0,0,1,0,1,0,0,0,1,0,0,0,0,0,0,0,1,0,0,0,0,0,0,0,0,1,0,0,0,0,1,0,0,0,0,1,0,0,0,0,1,0,0,0,0,0,0,0,0,0,0,0,0,0,0,1,0,0,0,1,0,1,0,1,2,0,0,0,0,0,0,0,0,0,1,1,1,0,0,0,0,0,0,0,0,1,0,0,0,1,0,0,0,0,0,0,0,0,0,0,0,0,0,0,0,0,0,0,0,0,0,0,0,0,0,0,0,0,0,0,0,0,0,0,0,0,3,0,0,0,0,0,0,0,0,0,0,0,0,0,0,0,0,0,0,0,0,0,0,0,1,0,0,0,1,0,0,0,0,0,1,0,0,0,0,0,0,0,0,0,0,0,0,0,1,0,0,0,0,0,0,0,0,1,0,0,0,0,0,0,0,0,0,1,0,2,0,0,0,0,0,0,0,0,0,0,0,0,1,0,1,0,0,0,0,0,0,0,0,0,0,0,0,0,0,0,1,0,0,0,0,1,0,0,0,0,0,1,0,0,0,0,3,0,1,0,0,0,0,0,0,0,1,0,1,0,0,0,0,0,0,0,0,0,2,0,0,0,0,0,0,0,0,0,0,0,0,0,0,0,0,0,0,0,0,0,2,0,1,0,0,0,0,0,0,0,0,0,0,0,0,1,0,0,0,0,0,0,0,0,0,0,0,0,0,1,0,0,0,0,0,0,0,0,3,0,0,0,0,0,0,0,0,0,0,0,0,0,0,0,0,2,0,0,0,1,0,0,1,0,1,0,0,0,0,0,0,0,1,1,0,0,1,0,0,0,0,0,0,0,1,0,0,0,1,1,0,1,0,1,0,1,1,0,0,1,0,0,0,0,0,0,0,0,0,0,0,0,0,0,1,0,0,1,0,0,0,0,0,1,0,0,0,1,0,0,0,0,1,0,0,1,0,0,0,0,0,0,0,0,0,1,0,0,0,1,0,0,0,0,0,0,0,0,0,0,1,1,0,0,0,1,0,0,0,1,1,0,0,0,0,0,0,0,0,0,0,0,1,0,0,0,0,0,0,0,0,0,0,0,0,0,0,0,1,0,0,0,0,0,0,0,0,0,0,0,1,0,0,0,0,0,0,0,0,1,0,0,0,2,0,0,0,0,0,0,0,0,0,0,0,0,0,0,0,0,0,0,0,0,0,0,0,0,0,0,0,0,0,1,0,0,0,0,1,0,0,0,0,0,0,0,0,1,0,1,0,1,0,0,0,1,0,0,0,0,0,0,0,0,0,0,0,0,1,0,0,0,0,0,0,0,0,0,0,0,0,0,2,0,0,0,0,0,0,0,1,0,0,0,0,0,0,1,0,1,0,0,0,0,0,0,0,0,0,0,0,0,0,0,0,1,0,0,0,0,1,0,0,0,0,0,0,1,5,0,0,0,0,0,1,0,0,0,0,0,0,0,0,0,0,0,0,0,0,0,0,0,0,0,0,0,0,1,0,0,0,1,0,0,1,0,0,1,0,1,0,0,0,0,0,0,0,0,0,1,0,0,0,0,1,0,0,0,0,0,0,1,0,0,1,0,0,0,0,0,0,0,0,1,0,0,0,0,0,0,0,0,0,0,1,0,0,0,1,0,0,0,0,0,0,0,0,0,0,0,0,0,1,0,1,0,0,0,0,0,0,1,0,0,0,1,0,0,0,0,0,0,0,0,0,0,0,0,0,0,0,0,0,0,0,0,0,0,0,0,0,0,0,0,0,0,0,0,2,0,0,0,1,0,0,0,0,0,1,0,0,0,1,0,0,1,0,0,0,0,0,0,0,0,0,0,0,0,0,0,1,0,0,2,0,0,0,0,0,0,0,0,0,0,1,0,1,0,0,2,0,0,1,0,2,0,0,0,0,0,2,0,1,0,0,0,0,0,1,0,0,0,0,0,0,0,0,0,0,0,0,1,0,0,0,0,0,0,0,0,0,0,0,0,1,0,2,0,0,1,0,0,0,1,0,0,0,0,0,0,0,0,0,0,0,0,0,0,0,0,0,0,0,0,0,0,0,0,0,0,0,0,1,0,0,0,1,0,0,0,1,0,0,0,0,0,0,0,1,0,0,0,2,0,0,2,0,0,3,0,0,1,1,0,0,0,0,0,1,0,0,0,0,0,0,0,0,0,0,0,0,0,0,1,0,0,0,0,0,0,0,0,0,0,0,0,0,0,0,0,0,0,0,0,0,0,0,0,1,0,0,0,0,0,0,0,0,0,1,0,0,1,0,0,0,0,0,0,0,0,0,0,0,0,1,0,1,0,0,0,0,1,0,0,0,0,0,0,0,0,0,0,0,0,0,1,0,1,1,0,1,1,0,0,0,0,0,0,1,1,0,0,1,0,0,0,0,0,0,0,0,0,0,0,1,0,0,0,0,0,0,0,0,0,0,0,0,0,0,0,0,0,0,0,0,0,3,0,0,2,0,0,0,1,0,0,0,0,0,0,0,0,0,0,0,0,0,0,0,0,0,0,0,0,0,0,0,5,0,0,0,0,0,0,0,0,0,1,0,0,0,0,0,0,0,0,0,0,0,0,0,1,0,0,0,1,0,0,0,0,0,0,1,0,0,0,0,0,0,1,0,0,0,0,0,0,0,0,0,0,1,0,0,0,0,0,0,0,0,0,0,0,0,0,2,0,1,0,0,0,0,1,0,0,1,0,0,0,0,0,0,0,0,0,0,0,0,0,0,0,0,0,0,1,0,0,0,0,0,1,0,0,0,0,0,0,0,1,0,0,0,1,0,0,0,0,1,0,0,0,0,0,0,0,0,1,0,0,0,0,0,0,0,0,0,1,0,0,0,0,1,0,0,0,0,0,0,0,0,1,0,0,0,1,0,0,0,0,0,1,1,0,0,0,0,0,0,0,0,1,0,0,0,0,0,0,0,0,0,0,0,0,1,0,0,0,0,0,0,0,0,0,0,0,0,0,0,0,0,0,0,1,0,0,0,0,0,0,0,0,0,0,0,0,0,0,0,0,0
SYK,0,0,0,0,0,0,0,0,2,0,0,0,0,0,0,0,0,0,2,0,0,0,0,0,0,0,0,0,0,0,0,0,0,0,0,0,0,0,0,0,0,0,0,0,0,0,0,0,0,0,0,0,1,0,0,0,1,0,0,0,1,0,0,0,0,0,0,0,0,0,0,0,0,0,0,0,0,4,0,0,0,0,0,0,0,0,0,1,0,0,3,0,0,0,0,0,0,0,0,3,0,0,0,0,0,0,0,2,2,0,0,0,0,1,0,0,0,0,0,0,0,0,0,0,0,0,0,0,0,0,0,0,0,1,0,0,0,0,0,0,0,0,0,0,0,0,0,0,0,0,0,0,0,0,0,0,0,0,1,0,0,0,0,0,0,0,0,0,0,2,0,0,0,0,1,0,0,0,0,0,0,0,0,0,0,0,0,0,0,1,0,0,0,0,0,0,0,1,0,0,0,0,0,0,0,0,0,2,1,0,0,0,0,0,0,0,0,0,1,0,0,1,1,0,0,0,0,0,0,0,0,0,1,0,0,0,0,1,0,2,1,0,0,0,0,0,0,0,2,0,0,1,0,0,1,0,0,1,0,0,0,1,0,0,0,0,0,0,0,0,2,2,0,0,0,0,0,0,0,0,0,0,0,0,0,0,0,1,1,0,0,0,1,0,0,0,0,0,0,0,0,0,0,0,0,0,0,0,0,0,0,0,0,0,0,0,0,0,1,0,0,0,0,0,0,0,0,1,0,0,0,0,0,0,1,0,0,0,0,0,2,0,1,0,0,1,0,0,0,1,1,0,0,0,0,0,1,0,0,2,0,0,1,0,0,0,1,0,0,0,0,0,0,0,0,1,0,0,0,2,1,0,0,0,0,0,0,0,0,0,0,2,0,0,0,0,4,0,0,0,0,0,0,0,0,0,0,0,0,1,0,0,0,0,0,1,0,1,0,0,0,0,0,0,0,0,0,0,0,0,0,0,0,0,0,0,0,0,0,1,0,0,2,0,0,0,0,0,1,0,0,1,0,0,2,0,0,0,0,0,2,0,0,0,0,0,0,0,0,0,1,0,0,0,0,0,0,0,0,0,0,0,0,0,0,0,0,0,0,0,0,0,0,0,0,0,0,0,0,0,0,0,0,0,1,0,1,2,0,0,0,0,0,0,0,0,0,0,0,0,0,0,0,0,1,0,0,0,1,0,0,1,0,0,1,1,0,2,0,0,0,0,0,1,0,0,0,0,2,0,0,3,0,0,0,1,0,0,0,0,0,0,0,0,1,0,0,0,0,0,0,0,0,0,0,0,0,0,1,0,2,0,0,3,0,1,0,0,1,0,0,0,0,0,0,0,0,1,1,0,0,3,0,0,0,1,0,0,0,0,0,0,0,0,0,0,0,0,0,1,0,0,0,0,0,0,0,0,0,0,0,0,0,0,0,0,0,0,0,0,0,0,0,0,0,0,3,0,0,0,0,0,0,0,1,0,0,0,0,1,0,1,0,0,0,0,1,0,0,0,0,0,0,0,0,0,0,0,0,0,0,2,0,0,0,0,0,0,0,0,0,0,0,0,0,0,0,0,0,0,0,0,2,0,0,2,0,0,0,2,0,0,0,0,0,0,0,0,0,0,0,0,0,0,0,0,1,0,0,0,0,0,1,0,2,0,0,1,0,0,0,0,0,0,0,0,0,0,0,0,0,0,0,0,1,0,0,0,0,0,1,0,1,0,0,0,0,0,0,0,0,0,0,0,0,1,1,0,0,0,0,0,0,0,0,0,0,0,0,0,0,0,0,1,1,0,0,0,1,0,0,0,1,0,0,0,0,0,0,0,0,1,0,0,0,0,1,0,0,0,0,1,1,2,0,0,0,0,0,0,0,0,0,0,0,0,0,0,0,1,0,1,0,0,0,0,0,0,0,0,0,0,0,0,0,0,0,1,0,0,0,0,0,0,0,0,0,0,0,0,0,0,0,0,0,0,0,0,1,1,0,0,0,1,0,0,1,0,1,1,0,0,0,0,0,1,1,0,0,0,0,0,0,1,0,0,0,0,2,1,1,0,0,1,0,0,0,0,0,1,0,2,0,0,0,0,0,0,1,0,0,0,0,0,0,0,0,1,0,0,2,0,0,0,0,0,0,1,0,0,0,0,0,0,0,0,0,0,0,3,0,0,0,0,0,0,0,0,0,0,0,3,0,0,0,0,0,0,2,0,0,0,0,2,0,0,0,0,0,0,0,0,0,0,0,0,0,0,0,0,0,1,0,0,0,0,0,0,0,0,0,0,0,0,0,0,0,0,0,0,0,0,0,0,0,0,0,1,0,0,0,0,0,0,0,1,0,1,0,0,0,0,0,0,0,0,0,0,0,0,0,0,0,0,0,0,0,0,0,0,0,0,1,0,0,0,2,2,0,0,0,0,0,0,0,0,0,0,0,0,2,0,0,0,0,0,0,0,0,0,1,0,0,1,0,1,0,0,0,0,0,0,0,1,0,0,0,0,0,0,0,0,1,0,0,0,0,0,0,0,0,0,0,0,0,0,0,0,3,0,0,0,0,0,0,0,0,3,0,0,0,0,0,0,0,0,0,0,2,0,1,0,0,2,0,0,0,0,0,0,0,0,0,0,0,0,0,0,0,0,0,0,0,3,1,0,2,0,0,2,0,0,0,0,0,0,0,0,1,1,0,0,0,0,0,0,0,0,1,0,0,0,0,0,0,0,0,0,1,0,0,0,0,0,0,0,0,0,0,0,0,0,0,0,1,0,0,1,0,0,0,1,0,0,0,1,0,0,0,0,0,0,0,0,0,0,0,0,1,0,0,0,0,0,0,0,0,0,0,0,0,0,0,1,0,1,1,0,0,0,0,0,0,0,0,0,0,0,2,0,1,0,1,0,0,0,0,0,0,0,0,0,0,0,0,0,0,0,0,0,0,0,0,0,0,0,0,0,0,1,0,0,0,0,0,0,1,0,0,1,0,0,0,0,0,0,0,1,0,0,0,0,0,0,0,0,0,0,0,0,0,1,0,0,0,1,0,0,0,0,0,0,0,0,0,0,2,0,0,0,0,2,0,0,0,0,0,0,0,0,0,0,0,0,4,0,0,0,0,0,0,0,0,0,0,0,0,0,0,3,2,0,0,0,0,0,0,0,2,0,0,0,0,0,0,1,0,0,0,0,0,0,1,0,0,0,0,1,0,0,2,0,0,0,0,0,0,0,0,0,0,0,0,0,0,0,0,0,0,0,0,0,0,0,1,0,0,0,0,0,1,0,0,0,0,0,0,0,0,0,0,0,0,0,0,0,0,0,0,0,0,0,0,0,2,0,0,0,0,1,0,0,0,0,0,1,0,1,0,0,0,0,0,1,0,0,0,0,2,0,0,0,0,0,0,0,0,1,0,0,0,0,0,0,0,0,0,0,0,0,0,0,0,0,0,0,0,1,0,0,0,0,0,0,0,1
RPS27A,44,9,25,18,22,24,18,43,25,22,30,25,25,32,21,66,18,19,16,32,41,39,24,23,16,18,22,23,27,46,44,32,46,27,18,13,32,34,24,24,41,36,19,55,30,26,33,25,43,34,23,31,7,26,42,9,16,52,30,16,47,38,37,12,21,39,43,0,17,43,11,68,41,7,12,9,20,28,8,22,31,26,13,12,13,58,44,45,22,23,30,22,25,19,38,29,6,21,8,54,18,43,14,36,20,11,16,10,24,37,33,28,7,31,35,73,29,64,11,19,11,5,25,13,48,51,26,16,17,25,21,34,13,21,15,20,29,26,12,22,31,20,46,49,56,8,21,20,61,19,26,7,28,43,21,37,20,33,13,7,28,34,27,12,6,24,18,42,24,55,38,10,67,37,26,6,41,23,22,34,15,36,29,12,23,40,63,39,11,17,30,37,30,30,36,34,29,9,0,46,9,26,13,21,28,14,18,44,32,35,23,21,12,9,17,10,42,23,23,21,11,28,41,28,61,14,28,20,34,44,60,19,43,56,16,17,20,28,24,20,20,21,23,7,29,19,27,25,37,13,23,16,24,15,18,42,21,43,20,24,34,15,43,29,37,25,24,16,60,41,10,35,24,8,20,17,24,45,26,46,6,12,42,39,40,46,47,26,32,27,38,36,24,20,20,19,12,28,18,24,33,39,18,27,13,14,30,9,8,43,29,15,23,33,23,25,32,62,29,25,20,6,33,13,18,26,21,65,18,35,32,22,32,17,9,19,17,15,39,16,28,37,19,47,29,35,14,31,28,23,27,49,42,45,17,13,21,65,28,7,23,24,25,10,9,37,65,30,43,52,10,19,12,25,13,70,27,55,34,37,17,9,49,28,23,5,42,42,25,14,41,48,20,24,28,11,39,50,7,18,15,28,19,48,19,48,26,23,39,58,39,42,14,41,31,42,13,18,36,25,22,48,20,6,22,35,14,20,21,29,3,44,28,22,35,24,23,12,33,44,13,50,54,23,37,57,9,21,22,11,19,26,10,16,37,39,26,51,20,27,21,47,31,30,52,24,31,32,14,9,16,14,20,39,39,17,4,19,23,24,14,34,10,35,16,56,20,43,51,8,34,39,29,27,18,21,44,36,4,9,3,13,43,12,45,33,27,35,15,19,9,17,22,20,22,39,20,19,29,13,41,40,64,9,19,24,27,23,23,56,15,51,26,18,60,23,24,32,28,56,129,41,27,9,25,30,37,24,49,37,67,78,10,14,17,23,20,25,33,19,28,48,24,19,25,42,18,38,35,14,44,14,43,18,37,20,27,46,12,18,26,13,28,23,15,39,35,10,29,6,12,24,9,33,28,37,39,28,21,18,28,36,8,36,57,56,24,24,19,24,25,24,15,29,91,36,33,22,11,23,50,49,25,12,11,13,45,13,27,44,21,29,27,12,14,23,19,44,39,32,26,3,51,31,12,25,40,41,37,6,8,15,17,12,22,14,15,27,17,28,16,41,23,9,36,12,12,16,35,26,29,43,20,27,38,35,6,24,41,25,5,35,39,35,4,38,24,37,3,21,37,32,25,11,19,36,17,41,27,12,10,25,44,13,15,20,49,26,24,74,23,27,14,46,22,37,14,29,15,20,49,26,23,53,14,25,25,35,3,40,27,18,27,22,37,37,23,44,15,26,17,25,20,15,53,11,32,17,19,21,9,33,51,58,18,34,30,14,24,40,24,11,25,39,29,14,31,20,34,51,37,31,24,22,5,12,26,28,12,39,20,19,22,25,18,23,10,37,43,46,25,29,16,7,29,26,22,36,4,22,31,11,20,32,37,24,33,30,23,13,29,16,25,12,20,22,16,11,14,8,18,12,52,31,16,53,24,24,26,8,55,19,16,20,32,33,12,53,22,42,11,17,20,25,32,44,39,69,9,50,26,4,4,38,29,11,16,20,40,31,34,42,37,21,49,16,33,13,21,19,42,10,37,14,36,12,8,52,23,13,36,11,25,42,18,38,53,27,29,32,48,25,12,15,8,32,43,61,24,13,23,36,37,49,37,17,22,23,54,14,25,8,29,34,11,25,22,21,27,30,13,54,15,24,23,21,19,36,22,40,13,49,16,27,13,39,24,23,24,14,39,27,31,27,22,38,37,13,45,39,3,19,25,28,14,16,42,25,34,22,31,16,24,14,9,20,25,16,51,7,47,78,14,15,50,39,55,40,20,42,18,23,37,50,29,29,18,47,39,25,25,36,18,13,24,15,14,38,13,38,38,26,60,16,43,27,16,37,3,35,39,10,15,31,36,29,21,26,25,42,12,21,28,35,23,24,40,16,40,39,65,63,27,33,16,33,31,44,16,19,43,14,37,10,38,29,35,13,34,21,41,7,44,22,37,31,16,14,46,38,36,36,18,37,5,33,20,12,19,18,40,57,6,8,37,31,44,25,15,13,36,3,33,30,10,13,7,50,14,22,22,36,24,38,30,4,18,32,9,35,65,17,20,16,12,32,31,30,19,15,19,33,20,50,22,21,12,23,15,35,20,21,27,24,17,38,9,35,18,44,32,6,17,27,14,22,10,47,22,24,23,34,17,10,47,23,14,22,37,20,26,25,9,45,18,24,36,21,33,16,57,25,16,15,37,24,31,25,23,13,50,30,32,47,29,10,13,30,23,49,54,46,28,31,41,33,24,43,7,14,40,35,28,25,35,44,15,25,22,36,26,37,36,39,23,27,28,31,39,20,9,52,9,18,21,19,23,18,37,12,30,25,34,49,31,50,13,20,44,42,12,23,18,11,27,42,32,16,33,27,33,48,36,25,31,24,14,48,27,24,25,50,12,8,19,51,13,31,30,26,40,33,41,17,18,29,10,12,21,27,17,11,10,39,21,20,32,26,15,20,23,36,27,31,22,14,19,46,14,22,19,35,36,15,9,33,12,25,14,24,30,20,26,13,29,30,6,26,46,32,22,14,23,13,53,40,28,41,10,31,29,15,3,19,31,32,23,49,34,25,40,21,33,18,13,34,49,16,72,33,9,29,43,9,19,25,17,34,26,5,29,61,22,15,7,36,24,9,21,21,28,24,27,15,10,35,27,50,17,68,4,6,33,37,42,48,22,22,37,14,7,30,15,38,22,30,33,32,45,30,48,34,25,33,59,16,21,19,39,56,31,21,10,37,22,27,7,31,15,9,36,23,45,14,10,15,16,44,17,29,14,12,27,11,30,21,48,54,13,51,33,22,20,52,34,36,14,20,49,9,25,36,11,50,11,39,22,45,10,10,45,48,63,25,17,20,51,37,41,36,28,18,17,33,50,9,18,6,30,29,19,20,16,16,43,22,51,30,25,32,25,40,15,20,48,20,36,20,5,20,13,46,34,14,25,8,24,30,27,26,31,30,13,39,8,47,15,12,12,8,23,26,29,29,46,23,40,43,15,35,24,9,13,15,15,33,7,62,32,25,35,87,40,3,37,21
ITK,0,0,0,0,0,0,0,0,0,0,0,0,0,0,1,0,0,0,0,0,0,2,0,0,0,0,1,0,0,0,3,0,0,0,0,0,0,1,0,0,1,1,0,0,0,0,0,0,1,0,0,0,0,0,0,0,0,0,0,1,0,0,0,0,0,1,0,0,0,0,0,0,0,0,0,1,0,0,0,0,0,0,0,0,0,0,0,0,0,0,0,0,1,0,1,0,0,0,0,0,0,0,0,0,0,0,0,0,0,0,1,0,0,1,0,1,0,1,0,0,0,0,0,0,0,0,1,0,0,1,0,1,0,0,0,0,0,0,0,0,0,1,1,0,0,0,0,0,0,0,0,0,0,0,0,0,0,0,0,0,0,0,0,0,1,0,0,0,0,0,0,0,0,0,0,0,0,0,0,2,0,1,0,0,0,0,2,0,0,0,0,0,0,1,0,0,0,0,0,0,0,0,0,0,0,0,0,0,0,1,0,0,0,0,0,0,0,0,0,0,0,1,0,0,0,0,0,0,1,0,0,0,0,0,0,0,0,0,0,0,0,0,0,0,1,0,0,0,0,0,0,0,0,0,0,0,0,1,0,0,1,0,2,0,0,0,0,0,0,0,0,0,0,0,1,1,0,0,0,1,0,0,0,1,0,0,0,0,0,1,0,1,0,1,0,0,1,0,0,0,0,0,0,2,0,0,0,0,0,0,0,0,0,1,0,1,2,0,0,1,0,0,0,1,0,0,0,0,0,0,0,0,0,0,0,1,0,0,0,0,0,0,0,0,0,3,0,0,0,0,0,0,0,0,1,0,0,1,0,0,0,0,0,0,0,0,0,0,0,0,0,0,0,0,0,0,0,0,0,0,0,0,0,2,0,0,0,0,0,0,0,0,0,0,0,0,0,0,0,0,0,0,0,1,0,0,0,0,0,0,0,0,0,0,0,0,0,0,0,0,0,0,0,1,0,0,0,0,0,0,0,1,0,0,0,0,0,0,1,0,0,1,0,0,0,0,0,0,0,0,0,0,0,0,0,0,1,0,0,0,0,0,0,0,0,0,0,0,0,0,0,0,1,0,0,0,0,0,0,0,0,1,0,1,0,0,0,0,0,0,0,0,0,0,0,0,0,0,0,0,0,0,1,0,0,0,0,0,0,0,0,1,0,0,0,0,0,0,0,0,0,1,1,0,0,0,0,0,0,0,0,0,1,1,0,0,0,0,0,0,0,0,1,0,1,0,0,0,0,1,0,0,0,0,0,0,0,0,0,0,0,1,0,0,0,0,0,0,0,0,0,0,0,0,0,0,0,1,0,0,0,0,0,1,1,0,0,0,0,0,0,0,0,0,0,0,0,0,0,0,1,0,0,0,0,0,0,1,0,0,0,0,0,0,0,1,0,0,0,0,0,0,0,1,1,0,0,0,0,0,0,0,0,0,0,0,1,0,0,0,0,0,0,0,0,1,0,0,0,0,0,0,0,0,0,0,0,0,0,0,0,0,0,0,0,0,0,0,0,0,0,0,0,0,1,0,0,0,0,0,0,0,0,0,0,0,0,1,0,0,0,0,1,0,0,1,1,0,1,0,1,1,0,0,0,0,0,0,1,0,0,0,0,0,0,1,0,0,0,1,0,0,0,0,0,1,0,0,1,0,1,0,0,0,0,0,0,0,0,0,0,0,0,0,1,0,0,0,0,0,0,0,0,1,0,0,1,0,1,1,0,0,0,0,0,0,0,0,1,1,0,0,0,0,0,0,0,0,0,0,0,0,0,0,0,0,0,0,0,1,0,0,0,0,0,0,0,0,0,1,0,0,0,0,0,0,0,0,0,0,0,0,1,0,0,0,0,0,0,0,0,0,0,0,0,1,0,0,0,0,1,1,0,0,0,0,0,0,0,0,0,0,1,0,2,0,0,1,0,0,0,0,0,1,0,0,0,0,0,0,1,0,0,2,0,0,1,0,0,0,0,0,0,1,0,0,0,0,0,0,0,1,0,0,0,0,0,0,0,0,1,1,0,0,0,0,0,1,0,0,0,0,0,0,0,0,0,0,0,0,0,0,0,0,0,0,0,1,0,0,1,0,0,0,0,0,0,1,0,0,0,0,0,0,0,0,0,1,0,0,0,0,1,0,0,0,0,0,0,0,0,0,0,0,0,0,0,0,0,0,0,0,0,0,0,0,1,0,0,0,0,0,0,0,1,0,0,0,0,0,0,0,0,0,0,0,0,0,0,0,0,0,1,0,0,0,0,0,0,0,0,0,0,0,0,0,0,0,0,0,0,0,0,0,0,0,0,0,0,0,0,0,0,0,0,0,0,0,0,1,0,0,0,0,1,0,0,0,0,0,1,1,0,0,0,0,0,0,0,0,1,0,0,0,0,0,0,0,0,1,1,0,0,0,0,0,0,0,0,0,0,0,0,0,0,0,0,0,0,0,0,0,1,0,0,0,0,0,0,0,0,0,0,0,0,0,0,0,0,0,0,0,0,0,0,1,0,0,0,0,0,1,0,0,0,0,0,0,0,1,1,0,0,1,0,0,0,0,0,0,1,0,0,0,0,0,0,0,0,1,0,1,0,0,0,0,1,0,0,0,0,0,0,0,0,0,0,0,0,0,0,0,0,0,0,0,1,0,0,0,0,0,0,0,0,0,0,0,0,0,1,1,0,0,0,0,1,1,0,0,0,0,0,0,0,0,0,0,0,0,0,0,1,0,0,0,0,0,0,0,0,0,0,0,1,0,0,1,0,0,0,0,0,0,0,0,0,0,0,0,0,0,1,0,0,0,0,0,0,0,0,0,0,1,0,0,0,0,0,1,0,0,0,0,0,1,0,0,0,1,0,1,0,0,0,0,0,0,2,1,1,0,0,0,0,0,0,0,0,0,0,1,0,0,0,0,0,0,0,0,0,0,0,0,0,0,0,0,0,0,0,0,0,0,0,0,0,1,0,0,0,0,0,0,1,0,0,1,1,0,0,0,0,0,0,0,0,1,1,0,0,0,1,0,1,2,1,0,2,0,0,0,0,0,0,0,1,1,0,0,2,0,0,0,0,0,0,0,0,0,0,0,0,0,0,0,0,0,0,1,0,0,0,1,0,1,0,0,0,0,0,0,0,0,0,0,0,0,0,0,0,0,0,0,0,0,0,0,0,0,0,0,0,0,0,0,0,0,0,0,1,0,0,0,0,0,1,0,0,0,0,0,0,0,1,0,0,1,0,0,0,0,1,0,2,0,0,0,1,0,0,0,0,0,0,2,2,2,0,0,0,0,0,0,0,0,1,0,0,1,0,0,0,1,0,0,0,0,0,0,0,0,0,0,0,0,0,2,1,0,0,0,0,0,1,0,0,0,0,0,0,1,0,0,0,0,0,0,0,0,0,0,1,0,0,0,0,0,0,0,0,0,0,0,0,1,1,0,0,0,0,0,0,1,0,1,0,0,0,1,0,0,1,1,0,0
HHEX,0,0,0,0,0,1,0,0,0,0,1,0,3,0,0,4,0,0,3,0,0,0,0,1,0,0,0,0,0,0,0,0,0,2,0,0,0,0,1,1,0,0,1,0,0,0,0,0,0,0,0,0,0,1,0,0,0,0,0,0,0,0,0,0,0,0,0,0,0,0,0,1,0,0,0,0,0,0,0,0,0,0,0,0,0,0,0,0,0,1,1,0,0,0,0,1,0,0,0,1,0,0,0,0,0,0,0,0,0,0,0,0,0,1,0,0,0,0,0,0,0,0,0,1,0,0,0,0,0,0,0,0,0,0,0,0,0,0,0,0,0,0,0,0,0,0,0,0,0,0,0,0,0,0,0,0,0,0,0,0,0,0,0,0,0,0,0,0,0,1,0,0,0,0,0,0,0,0,0,0,0,0,1,0,0,0,0,0,0,1,1,0,0,0,0,1,0,0,0,0,0,0,1,1,0,0,0,0,0,0,0,0,0,0,0,0,0,0,0,3,0,0,2,0,0,0,0,0,0,0,0,0,1,0,0,0,0,1,0,0,0,0,0,0,0,0,0,1,0,0,0,0,0,0,0,0,0,0,0,1,0,0,0,0,0,0,0,0,0,0,0,2,0,1,0,0,0,1,0,0,0,0,0,0,0,0,0,0,0,0,0,0,0,1,0,0,0,0,0,0,0,0,0,0,0,0,0,0,0,0,0,0,0,0,0,0,0,0,1,0,0,0,1,0,0,0,0,0,0,0,0,0,0,0,0,0,0,0,0,0,0,0,0,0,2,0,0,0,0,0,0,0,3,0,0,1,1,0,0,0,0,1,0,2,0,0,1,0,0,0,0,0,0,0,0,1,0,0,0,0,0,1,1,0,0,0,0,1,0,0,0,3,0,1,0,0,1,0,0,2,1,0,0,0,1,0,0,0,0,0,0,0,0,0,0,0,0,0,0,0,0,0,0,0,0,0,0,0,0,0,0,0,0,0,0,0,0,0,0,0,0,0,0,0,0,2,0,0,1,0,0,0,0,0,0,0,0,0,1,0,2,0,0,0,0,0,0,0,0,0,0,0,0,0,0,1,0,0,0,0,0,0,0,0,0,0,0,0,0,0,0,0,0,1,0,0,0,0,0,0,0,2,0,0,0,0,1,1,0,0,0,0,0,0,0,0,0,0,0,0,0,0,0,0,2,1,0,1,0,0,0,0,0,0,0,0,0,1,0,0,1,0,0,0,0,0,0,0,1,0,0,1,0,0,0,1,2,2,0,0,0,0,1,0,0,0,0,0,0,0,0,0,0,0,0,0,0,0,0,0,0,0,0,1,0,0,0,0,0,1,0,0,0,1,0,0,0,0,1,0,0,2,0,0,0,0,0,0,0,0,0,1,0,0,0,0,0,0,0,0,0,0,0,0,0,0,0,0,0,0,1,0,0,0,0,0,0,0,0,1,0,0,0,0,0,0,0,0,0,1,0,0,0,0,1,0,0,0,0,0,0,0,0,0,0,0,0,0,0,0,0,0,0,0,0,0,0,0,0,0,0,1,0,0,1,0,0,0,0,0,0,0,0,0,0,0,0,0,0,0,0,0,2,0,0,0,0,0,0,2,0,0,0,0,1,0,0,0,0,0,0,0,0,0,0,0,0,1,0,0,1,0,0,0,0,0,0,0,0,0,0,0,0,0,0,0,2,0,0,0,0,0,0,0,0,0,0,2,0,0,1,0,0,0,1,2,0,0,0,0,0,0,0,0,0,0,0,0,0,0,0,0,0,0,0,1,0,0,0,0,0,0,0,0,1,0,0,0,0,0,0,0,0,0,0,0,0,1,0,0,0,0,0,0,0,0,1,0,0,0,0,2,0,0,0,0,0,0,0,0,0,0,0,1,0,0,0,0,0,0,0,0,0,0,0,1,0,0,0,0,0,0,1,0,0,0,0,1,0,0,0,0,0,0,0,0,0,0,0,0,0,0,1,0,0,0,0,0,0,0,0,0,1,0,2,0,0,0,1,0,0,0,0,1,0,0,0,0,1,0,0,0,0,0,0,0,0,0,0,0,0,0,0,0,0,0,1,0,0,1,0,0,0,0,0,0,0,0,0,0,0,0,0,0,0,0,0,3,0,0,0,0,0,0,2,0,0,1,0,0,0,0,1,0,0,0,0,0,0,0,0,0,0,0,0,1,0,0,2,0,0,0,0,0,0,2,0,0,1,0,0,0,0,1,0,0,0,0,0,0,1,0,0,0,0,0,0,0,0,0,0,0,0,0,0,0,0,0,0,0,0,0,1,0,0,0,1,0,3,0,0,0,0,0,0,0,0,0,0,0,3,1,0,0,0,1,0,0,1,0,0,0,0,0,0,0,0,0,0,0,0,0,0,0,0,1,1,0,0,0,0,0,0,3,0,0,1,1,0,0,0,0,0,0,0,1,0,0,1,0,0,0,0,0,0,0,0,0,0,1,0,0,0,1,0,0,0,0,0,0,0,0,3,0,0,0,0,0,0,0,0,0,0,0,0,0,0,0,0,0,0,0,0,0,0,0,0,0,0,0,0,0,0,0,0,0,0,2,0,0,0,0,0,0,0,0,0,0,0,0,0,0,1,1,0,0,0,1,0,0,0,0,0,1,0,0,0,0,0,0,1,0,0,2,1,0,1,0,0,1,0,0,0,0,0,0,0,0,0,0,0,0,0,0,0,0,0,0,0,0,0,0,0,0,0,0,1,0,0,0,0,0,0,2,0,0,1,0,0,0,0,1,0,0,1,1,0,1,0,0,0,1,0,0,0,1,0,0,0,0,0,0,0,0,0,0,0,0,0,0,2,0,0,0,0,0,1,0,0,0,0,0,1,0,0,0,0,0,0,0,0,0,0,0,0,0,0,0,0,0,1,0,0,0,0,0,0,0,0,0,1,0,0,0,0,0,0,0,0,0,2,0,0,0,0,0,0,0,0,0,0,1,0,0,0,0,0,0,0,1,0,0,0,0,0,0,0,0,0,0,0,0,0,0,0,0,0,0,0,0,3,0,0,0,0,0,0,0,0,0,0,0,0,0,2,0,2,0,0,0,0,2,0,0,0,1,0,0,0,0,0,0,0,0,0,0,0,0,0,0,0,0,0,0,1,0,0,0,0,1,3,0,0,0,0,0,0,0,0,0,0,0,0,0,0,0,0,0,1,1,0,0,0,0,0,0,0,0,0,0,1,0,1,0,0,0,0,0,0,0,0,0,0,0,0,0,1,0,0,0,0,0,0,0,0,0,0,0,0,0,0,0,0,0,0,0,0,0,0,0,0,0,1,0,0,0,1,0,0,0,0,0,0,0,1,0,0,0,0,0,0,0,0,0,0,0,0,0,0,0,0,0,0,0,0,0,0,1,1,0,0,2,0,0,0,0,0,2,1,0,0,0,0,0,0,0,0,0,0,0,0,0,0,0,0,0,1,0,0,0,0,0,0,0,0,0
PGLS,1,0,1,0,0,1,1,0,0,0,0,0,0,0,0,4,0,1,1,0,0,0,0,0,0,1,2,0,0,0,0,1,0,1,0,0,0,0,2,0,0,1,0,0,0,0,0,3,0,0,0,0,2,0,1,3,1,2,1,1,4,2,0,0,0,2,0,0,1,1,0,4,0,0,0,1,0,1,2,3,0,0,1,2,0,1,0,1,0,0,2,0,1,1,1,0,0,1,1,4,1,1,1,1,0,0,0,0,1,1,0,0,0,1,2,1,0,1,3,0,0,2,1,0,0,0,0,0,0,1,0,0,0,1,0,0,0,0,2,0,0,0,1,1,7,1,2,3,0,0,1,0,0,1,0,0,0,0,0,0,0,0,1,0,0,2,0,0,2,3,1,1,0,0,1,0,0,0,2,2,1,0,0,0,1,0,0,1,2,5,0,0,0,0,0,0,0,0,0,0,0,0,1,2,0,0,0,0,0,1,1,0,0,0,1,0,0,0,2,3,0,1,2,0,0,0,0,0,0,1,0,0,1,3,0,0,0,0,0,0,0,0,0,0,1,0,0,3,4,3,0,0,0,0,2,0,0,0,0,2,1,0,0,2,0,0,0,1,0,0,0,3,1,0,1,0,0,1,1,1,1,1,1,2,0,0,2,0,1,0,0,0,2,0,0,0,1,0,3,1,0,0,0,1,0,1,0,1,1,1,0,1,0,1,1,0,0,0,0,1,0,0,2,0,0,0,0,0,0,0,0,3,0,0,0,0,1,0,0,0,6,1,0,1,0,0,0,0,0,0,1,0,2,0,0,1,1,0,0,0,0,1,0,0,1,1,5,0,1,0,0,2,0,1,0,5,2,1,0,1,1,0,1,0,0,0,0,4,0,0,2,2,0,3,0,0,2,1,0,1,2,0,0,2,2,3,0,0,2,0,0,0,2,1,0,2,0,2,1,0,2,3,1,0,2,2,0,1,0,0,1,0,0,1,0,0,1,0,1,2,0,0,3,0,0,5,0,0,0,0,0,0,2,0,1,2,0,4,3,0,1,0,0,0,1,2,0,0,1,1,0,0,0,0,0,3,1,0,0,0,1,1,1,1,0,1,0,0,0,0,0,0,0,0,0,2,0,1,0,0,0,1,0,0,0,2,0,5,0,0,1,0,0,0,0,1,0,0,1,3,1,0,1,3,2,2,0,0,0,1,1,0,0,1,3,0,2,1,1,0,2,0,1,1,0,1,1,2,4,0,0,2,0,1,0,0,0,1,2,0,0,2,1,0,0,0,0,1,0,2,0,0,0,0,1,2,0,1,3,0,1,0,1,3,0,1,0,0,0,0,0,0,0,2,0,0,1,0,1,0,0,1,0,1,1,3,3,0,1,0,1,1,1,0,1,0,2,1,0,2,0,1,0,0,0,0,0,3,0,0,2,1,0,0,0,0,0,1,1,0,0,0,0,1,2,0,2,1,0,0,0,0,0,0,1,1,1,0,0,1,1,0,0,0,0,0,1,0,1,1,0,0,1,0,1,1,0,0,1,0,0,5,0,0,0,0,0,0,0,0,0,0,0,0,0,0,0,0,0,3,2,1,0,0,0,1,0,0,0,6,0,0,0,1,0,0,0,2,0,1,1,0,2,0,0,0,1,1,0,0,0,0,0,0,1,0,1,1,0,0,0,0,1,0,0,0,1,1,2,0,0,0,0,0,1,0,0,1,0,0,0,0,1,0,1,0,2,0,0,0,0,1,0,0,0,1,1,1,0,2,2,0,0,1,1,1,1,0,1,1,1,0,1,0,2,1,0,0,0,0,0,0,0,0,1,1,0,0,0,0,0,0,0,0,0,0,1,0,0,1,0,1,4,0,0,0,0,1,0,0,0,1,0,0,0,2,0,0,0,0,1,1,0,0,2,3,0,1,0,0,0,1,1,0,1,0,1,0,0,0,0,0,0,0,0,0,0,2,1,0,2,2,2,0,0,0,0,0,0,0,0,0,0,1,1,0,0,0,0,0,2,0,0,1,2,0,2,0,2,0,1,0,0,0,0,0,0,0,3,2,2,0,0,0,6,0,0,0,2,0,0,3,0,0,0,0,0,1,1,2,1,1,1,0,0,0,0,5,0,0,0,0,1,0,0,1,0,0,0,1,1,0,0,0,0,0,2,0,0,0,0,0,0,0,1,2,1,0,0,0,0,3,1,1,1,0,1,0,0,0,1,0,0,1,0,0,0,0,0,0,1,1,0,0,0,0,0,0,1,0,1,1,0,0,0,0,1,0,1,0,2,1,2,0,1,0,1,0,0,0,0,2,0,1,0,0,0,1,0,1,3,6,0,0,0,2,1,2,1,2,0,0,0,1,0,0,0,0,0,0,1,0,0,0,1,1,1,0,0,1,1,0,1,5,0,0,0,0,0,1,5,1,0,1,0,1,1,1,2,1,3,1,1,0,0,0,0,1,0,0,2,2,0,3,0,0,0,0,1,0,2,0,3,1,2,0,0,0,1,0,0,1,0,1,1,0,0,0,0,0,1,0,5,0,0,0,0,0,1,0,0,1,1,0,0,1,0,2,1,0,0,0,0,0,0,0,0,1,3,0,1,0,0,6,0,0,0,0,0,0,1,0,1,0,0,0,0,0,1,2,0,0,0,2,1,0,2,0,0,1,2,0,2,0,0,0,0,0,0,1,0,1,0,0,0,3,1,0,0,0,0,0,0,0,1,0,0,1,1,3,1,1,0,1,0,2,5,0,0,2,0,2,0,1,0,0,1,1,2,1,2,0,0,0,0,1,5,0,0,1,0,1,0,0,0,0,0,2,0,0,1,0,0,1,0,3,3,1,0,1,0,0,2,2,0,0,1,0,0,0,1,1,1,0,0,0,5,0,1,1,0,0,0,1,0,2,2,1,0,3,0,0,0,0,1,2,1,0,0,0,1,0,0,0,0,0,0,1,1,1,0,0,0,0,0,0,1,1,1,0,0,3,1,0,0,0,0,0,0,2,0,0,0,0,0,0,0,0,2,0,1,0,0,0,0,0,0,0,0,1,0,0,0,0,5,0,1,1,2,0,1,2,2,0,0,2,1,1,0,2,2,0,0,0,3,2,1,0,0,1,0,0,1,1,0,1,0,0,2,2,2,0,0,0,1,2,0,4,0,7,0,1,0,0,0,2,0,2,0,0,0,0,0,0,0,0,0,2,0,0,2,0,1,2,0,1,0,2,0,0,0,2,1,1,0,0,0,0,0,0,1,0,0,0,0,0,0,0,1,0,0,2,0,0,0,1,0,1,0,1,0,0,2,1,0,0,4,1,1,0,1,0,0,0,7,0,0,1,0,2,0,0,0,0,0,0,0,0,0,1,0,0,3,0,0,0,2,3,0,0,0,1,0,0,2,0,2,1,1,0,1,0,2,0,1,0,0,0,0,2,0,1,0,0,3,0,0,3,0,0,0,0,1,0,0,0
LY9,1,0,0,0,0,0,0,0,1,0,0,0,0,0,0,0,0,1,0,0,0,0,0,0,0,0,0,0,0,0,0,0,0,0,0,0,0,2,0,0,1,0,0,0,0,0,1,0,1,0,1,1,0,0,2,0,1,1,1,0,0,0,1,0,1,0,0,0,0,0,0,0,0,0,0,0,0,0,0,0,0,0,0,0,0,0,0,0,0,0,1,0,0,0,0,0,0,0,0,0,0,0,0,1,1,0,0,0,0,0,0,1,0,0,0,1,0,1,0,0,1,0,0,0,1,0,0,0,0,0,0,0,0,0,0,0,0,0,0,0,0,1,0,0,0,0,0,0,0,0,0,0,1,0,0,0,1,0,0,0,1,0,0,0,0,0,0,0,0,0,0,0,0,0,0,0,0,0,0,1,1,0,0,0,0,0,0,0,0,0,0,0,0,1,0,0,1,0,0,0,0,0,0,0,0,0,0,0,1,0,1,2,0,0,0,0,0,1,0,0,1,0,0,0,0,0,0,0,0,0,0,0,0,0,0,0,0,0,0,0,0,0,0,0,0,0,0,0,0,0,0,0,0,0,0,1,0,0,0,0,1,0,0,0,1,0,0,0,2,0,0,0,0,0,2,1,0,0,0,0,0,0,0,0,0,1,0,0,0,0,0,0,0,0,0,0,0,0,0,0,1,0,1,0,0,0,0,0,0,0,0,0,0,0,0,0,0,0,0,0,1,0,1,0,0,0,0,0,0,0,0,0,0,0,0,0,0,0,0,0,0,1,0,0,0,0,0,0,0,0,1,0,0,0,0,0,0,1,0,0,0,0,0,0,0,0,0,0,0,2,0,0,0,0,0,0,0,0,1,0,0,0,1,1,0,0,1,0,0,0,1,0,0,0,0,0,0,0,0,0,0,0,0,0,0,1,0,0,0,0,0,0,0,0,1,0,0,0,0,0,0,1,1,0,0,0,1,0,1,0,2,0,0,0,0,0,0,0,0,0,0,0,0,0,0,0,0,1,0,0,1,0,0,0,0,0,0,0,0,0,0,1,0,0,0,0,0,0,0,0,0,0,0,0,0,0,0,0,0,0,0,1,0,0,0,0,0,0,0,0,0,1,0,1,0,0,0,1,0,0,0,0,0,0,0,0,0,0,0,0,0,0,0,0,0,0,0,0,1,0,0,1,1,0,0,0,0,0,0,0,0,0,0,0,0,0,0,0,0,1,0,0,2,0,0,0,0,0,0,0,0,0,0,0,0,0,0,0,0,0,0,0,0,0,0,0,0,0,1,0,0,0,0,0,0,0,0,0,0,2,1,1,0,0,0,0,0,1,0,0,0,0,0,0,0,0,0,1,0,0,0,0,0,1,0,0,0,0,0,0,0,0,0,0,1,0,0,0,0,0,0,1,0,0,0,0,0,0,1,0,0,0,1,0,0,1,0,0,0,0,1,0,1,0,0,0,0,0,1,0,0,0,0,0,0,0,0,0,0,0,0,0,0,0,0,0,0,0,1,1,1,1,0,1,0,0,0,0,0,0,0,0,0,0,0,0,0,0,0,1,0,0,0,0,0,0,0,0,1,0,0,0,2,1,0,0,0,1,0,0,0,0,0,0,0,0,1,0,0,0,0,0,0,0,0,0,0,0,0,1,1,0,1,0,0,0,0,0,0,0,0,1,0,0,0,0,0,0,0,0,0,1,1,1,0,0,0,0,0,0,0,0,0,0,0,0,0,0,2,0,0,0,0,1,0,0,0,0,0,0,0,0,0,0,0,0,0,0,1,0,0,0,0,0,0,0,0,0,0,0,0,0,0,0,0,1,2,0,0,0,0,0,0,0,0,0,0,0,0,0,0,1,0,0,0,0,0,1,0,0,0,0,1,0,0,0,0,0,0,0,0,0,0,0,0,0,0,0,0,0,0,0,0,0,0,0,0,0,0,0,3,0,0,0,0,0,0,0,0,0,1,0,0,2,0,0,0,0,0,0,1,0,0,0,0,0,0,0,0,1,0,0,0,0,0,0,0,0,0,0,0,0,0,0,0,1,0,0,0,0,0,0,1,0,0,0,0,0,0,0,1,0,0,0,0,0,0,0,0,0,0,0,0,0,0,0,0,0,0,0,0,0,0,0,0,0,1,0,1,0,0,0,0,0,0,0,1,2,0,0,0,0,0,0,0,0,0,0,0,0,0,0,0,0,0,0,1,0,0,0,0,0,0,0,0,1,0,0,1,0,0,0,0,0,0,0,1,0,0,1,0,0,0,0,0,0,0,0,0,1,0,0,0,0,0,0,0,0,0,1,0,0,1,0,1,0,0,0,1,0,1,0,0,0,0,0,0,0,0,0,0,0,1,0,1,0,0,1,0,0,0,0,0,1,0,0,0,0,1,0,0,0,0,0,0,0,0,0,0,0,0,0,0,0,0,0,0,0,0,0,0,0,0,1,0,0,0,0,2,0,0,0,0,0,1,0,0,0,0,0,0,0,0,0,0,0,1,1,0,0,0,1,1,0,0,0,0,1,1,0,0,0,0,1,1,0,0,0,0,0,0,0,0,0,1,0,1,0,0,1,1,0,0,0,0,0,0,0,0,0,0,0,0,0,0,0,0,0,0,0,0,0,0,0,0,0,0,1,0,0,0,0,0,0,1,0,0,1,0,0,0,0,0,0,0,1,1,0,0,0,1,0,0,1,0,2,0,0,0,0,0,0,0,1,0,0,0,0,0,0,0,1,0,0,0,0,0,0,0,0,0,0,0,0,0,0,0,0,0,1,0,0,0,0,0,1,0,0,0,0,2,0,1,0,0,0,0,0,0,0,0,0,0,0,0,0,0,0,0,0,0,1,0,0,0,0,0,0,0,0,0,0,1,0,0,0,0,0,0,0,0,0,0,1,0,0,1,0,0,0,0,0,0,0,0,1,0,1,0,2,0,0,0,0,0,0,0,1,0,0,0,0,0,0,0,0,0,0,0,0,0,0,0,0,2,0,1,1,0,0,1,0,0,0,0,0,0,0,0,1,0,0,0,0,0,0,1,0,0,0,1,0,0,0,0,0,0,0,0,0,1,1,0,0,0,0,1,2,1,0,0,0,0,0,1,0,0,0,0,0,0,0,0,0,0,0,1,1,1,1,0,0,2,0,1,0,0,0,0,0,2,0,0,0,1,0,0,0,0,0,0,0,0,1,0,1,0,0,0,0,0,0,0,0,0,0,0,0,0,0,0,1,0,1,0,0,0,0,0,0,0,1,0,0,0,0,1,0,0,0,0,1,1,0,1,0,0,1,0,1,0,0,0,1,0,1,0,0,0,0,0,0,0,0,0,0,0,0,0,0,0,1,0,1,0,0,0,0,0,0,0,1,0,0,0,0,0,2,0,0,0,0,0,0,0,1,0,1,0,0,0,1,0,0,0,0,0,0,0,0,0,0,0,0,0,0,0,1,0,0,0,0,0,0,0,0
NA..32,1,0,0,0,0,0,0,0,0,0,0,0,0,0,0,0,0,0,0,0,0,1,0,0,0,0,0,0,0,1,0,0,1,0,0,0,1,0,0,0,0,0,0,0,0,0,0,0,0,0,0,0,0,1,3,0,0,0,0,1,0,0,0,0,0,0,0,0,0,1,0,0,0,0,0,0,0,0,0,0,0,0,0,0,1,0,0,0,1,0,0,0,0,0,0,0,0,0,0,0,1,0,0,0,0,0,0,0,0,0,0,0,0,0,0,0,0,0,0,0,0,0,0,0,0,0,0,0,0,0,0,0,0,0,0,0,0,0,0,0,0,0,0,0,0,0,0,0,0,0,0,0,0,1,0,0,0,0,0,0,0,0,1,0,0,0,0,0,0,0,0,0,0,0,0,0,0,0,0,1,0,0,0,0,0,0,0,0,0,0,0,1,0,0,0,0,0,0,0,1,0,0,0,0,0,0,0,0,0,0,0,0,0,1,0,0,1,1,0,0,0,0,0,0,0,2,0,0,0,0,0,1,0,1,0,0,0,0,0,0,0,0,0,0,0,0,0,0,0,0,0,0,0,0,0,0,0,1,0,0,0,0,0,0,0,0,0,0,0,0,0,0,0,0,0,0,0,0,0,0,0,0,2,0,0,0,0,0,0,0,0,0,0,0,0,0,0,1,0,0,3,0,0,1,0,0,0,0,0,1,0,0,0,0,0,0,0,0,0,0,0,2,0,0,0,0,0,0,0,0,0,0,0,0,0,0,0,0,0,0,1,0,0,0,0,0,1,0,0,0,0,1,1,0,0,0,0,2,0,0,0,0,1,0,0,2,1,0,0,0,0,0,0,0,0,1,0,1,0,0,0,0,0,0,0,0,0,0,0,0,1,0,0,0,0,0,0,0,0,0,0,0,0,0,0,0,0,0,0,0,0,0,1,0,0,1,0,0,1,0,0,0,0,0,0,0,0,1,0,0,1,0,0,0,0,0,0,0,0,0,1,0,0,0,1,0,2,0,0,0,0,0,0,0,0,0,0,1,0,0,0,0,0,0,0,0,0,0,0,0,0,0,0,0,0,0,1,0,0,0,0,0,2,0,0,0,0,0,0,0,1,0,1,0,1,0,0,0,0,0,0,0,0,0,0,0,0,0,0,0,0,0,0,0,0,0,0,0,0,0,0,1,0,0,0,0,0,0,0,0,0,0,0,0,0,0,0,0,0,0,0,0,0,0,0,0,0,0,0,0,0,0,0,0,0,0,0,0,0,1,0,0,0,0,0,0,0,0,0,0,1,1,0,1,0,0,0,0,0,0,0,0,0,0,0,0,0,0,1,0,0,1,0,0,0,0,0,0,0,0,0,0,0,0,0,1,0,0,0,0,0,0,0,1,0,0,0,0,0,0,0,0,0,0,0,0,0,0,0,1,0,0,0,0,0,0,0,1,0,0,1,0,0,0,0,0,0,0,0,1,0,0,0,0,0,0,0,0,0,0,0,0,0,0,0,0,0,0,0,0,0,0,0,0,3,2,0,0,0,0,0,0,0,0,0,0,0,0,0,0,0,0,0,0,0,0,0,1,0,0,0,0,0,0,0,0,1,1,0,0,0,0,0,0,0,0,0,0,0,0,0,0,0,0,0,0,0,0,0,0,0,0,0,1,0,0,0,0,1,0,0,0,1,1,2,0,0,0,0,0,0,3,0,0,0,0,0,0,0,0,0,0,0,0,0,0,0,0,0,0,0,0,1,0,0,0,0,0,0,0,0,0,1,0,0,0,1,0,0,0,0,1,0,0,0,0,0,0,0,0,0,0,0,0,0,0,0,0,0,0,1,0,0,0,0,0,1,0,0,0,0,0,1,0,0,0,1,0,0,0,0,0,1,0,0,0,0,1,0,0,0,0,0,0,0,0,0,0,0,0,0,0,0,0,0,0,0,0,0,0,0,1,0,0,1,0,0,0,0,0,0,0,0,0,0,0,0,1,0,0,0,0,0,0,0,0,0,0,0,0,1,0,0,0,0,0,0,0,0,0,1,0,0,0,0,0,0,0,0,0,0,1,0,0,0,0,0,0,0,0,1,0,0,0,0,0,0,1,0,0,0,0,0,0,0,0,0,0,0,0,0,0,0,0,0,0,0,0,0,0,0,0,0,0,0,0,0,0,0,0,0,0,0,0,0,0,0,0,0,0,0,0,0,0,0,0,0,0,0,0,0,1,0,0,0,0,0,0,0,0,0,1,0,0,0,0,0,0,0,0,0,0,0,0,0,0,0,0,0,0,0,0,0,1,1,0,0,0,0,0,0,0,0,1,0,0,1,0,1,2,0,0,0,0,0,0,0,4,0,0,0,0,0,0,0,1,0,0,0,0,0,0,1,1,0,0,0,0,1,0,0,0,0,0,0,0,0,0,0,0,0,0,2,0,0,0,1,0,0,0,0,0,0,0,0,0,0,0,0,0,0,0,0,0,0,0,0,0,0,0,0,0,0,0,0,0,0,0,0,0,0,0,0,0,0,0,0,0,0,0,0,0,0,0,0,0,0,0,0,0,0,0,0,2,0,0,0,0,0,0,0,0,0,0,0,0,0,0,0,0,0,0,0,0,0,0,0,0,0,0,0,0,0,0,0,0,0,0,0,0,0,0,0,0,0,0,0,0,0,0,0,0,0,0,0,0,0,0,0,0,0,2,0,0,0,0,0,3,0,0,0,0,0,0,0,0,0,0,0,0,0,0,0,0,0,0,1,0,0,0,0,0,0,0,0,0,0,0,2,0,0,0,0,0,0,0,0,0,0,0,0,0,0,0,0,0,0,0,0,0,0,2,0,1,0,0,0,1,0,0,0,0,0,0,0,1,0,0,0,0,0,0,0,0,0,0,0,0,0,0,0,1,0,0,0,1,0,1,0,0,0,0,0,0,0,0,1,0,0,0,0,0,0,0,0,0,0,0,0,0,0,0,2,1,0,0,0,1,0,0,0,0,0,0,0,0,0,0,0,0,0,0,0,0,0,0,0,0,1,0,0,0,0,0,0,0,0,0,0,0,0,0,1,0,0,0,0,0,0,0,0,0,0,0,0,0,0,0,0,0,0,0,0,0,0,1,0,0,0,0,2,0,0,0,0,0,0,0,0,0,0,0,0,0,1,0,0,0,1,0,0,0,0,0,0,0,0,0,0,0,0,1,0,0,0,0,0,0,0,0,0,0,0,0,0,1,0,0,0,0,0,0,0,0,0,0,0,0,0,0,0,0,0,0,0,0,1,1,1,0,0,0,0,0,0,0,0,0,0,0,0,0,0,0,0,0,0,0,0,0,0,0,0,0,0,0,0,2,0,0,0,0,0,0,0,0,0,0,1,0,0,0,0,0,0,0,0,0,0,0,0,0,0,0,0,0,0,0,0,0,0,1,0,0,1,2,0,1,0,0,0,0,0,0,0,0,0,0,0,0,0,0,0,0,0,0
HLA.F,0,0,0,1,2,0,0,0,0,0,0,1,0,1,1,3,1,0,0,0,0,0,1,0,0,5,0,0,0,1,0,1,1,0,1,1,0,1,0,0,0,1,1,1,0,0,1,1,1,1,0,0,0,2,0,0,0,2,0,2,0,1,0,0,0,0,1,0,0,0,0,0,0,0,0,0,1,0,0,0,0,1,0,2,1,1,0,0,1,0,0,0,0,0,0,1,0,0,0,1,0,1,0,0,0,0,0,1,0,1,1,0,0,0,0,1,2,0,0,0,0,0,1,0,1,0,0,1,0,4,0,0,1,1,0,1,0,1,0,0,0,1,0,0,0,0,0,0,2,1,2,0,4,0,0,1,2,0,0,0,0,1,0,0,1,0,0,1,1,4,0,0,1,1,0,0,0,0,0,1,0,1,0,0,0,0,0,2,0,0,1,0,1,0,1,0,0,0,0,1,0,2,1,0,0,1,0,1,1,0,0,1,2,0,0,1,1,1,0,1,0,1,0,1,2,0,0,0,0,1,0,0,0,1,0,0,0,0,0,0,0,2,1,0,1,0,0,1,0,1,0,0,0,1,0,0,0,0,0,0,0,0,0,1,1,1,0,0,2,0,1,0,0,0,1,1,0,0,2,0,0,0,1,0,1,0,0,0,0,0,0,1,1,1,0,0,2,0,0,2,1,0,0,0,0,1,1,0,0,0,0,0,0,0,1,0,0,3,0,0,2,1,1,0,0,0,0,1,0,0,1,0,0,1,0,1,0,0,1,0,1,0,0,0,1,0,0,1,1,0,0,0,0,1,1,0,0,0,1,0,0,0,0,0,0,0,0,1,1,0,1,1,2,0,0,2,0,0,1,0,0,0,1,0,0,0,0,0,0,4,0,2,0,2,1,0,2,1,1,1,0,1,0,0,0,0,0,0,0,1,3,1,1,2,0,2,0,0,0,2,0,0,0,1,1,0,0,0,1,2,0,1,0,1,0,0,0,0,0,0,1,0,1,0,0,1,0,0,0,0,1,1,2,0,0,0,0,1,1,0,0,0,0,0,1,0,1,0,0,0,0,1,1,0,0,1,1,0,1,0,0,0,1,1,1,0,1,0,0,1,0,1,0,0,0,0,0,1,0,0,0,1,0,0,1,0,1,1,0,1,0,1,0,0,0,0,1,0,0,0,2,0,0,1,0,0,1,0,0,2,1,2,2,0,0,0,1,0,0,1,0,0,1,1,0,0,0,0,2,2,1,1,0,0,0,1,0,0,0,0,0,1,0,0,0,0,1,0,0,1,1,0,0,1,2,2,0,0,0,2,1,2,0,0,1,1,1,0,0,0,0,0,1,1,1,0,0,0,0,0,1,0,0,2,0,1,0,1,0,0,0,0,0,0,1,0,0,3,0,1,1,0,1,1,2,1,2,0,0,1,0,0,1,0,0,2,0,0,1,1,0,0,1,1,0,0,0,1,1,0,0,0,0,0,0,0,0,0,0,1,0,0,1,0,1,0,0,0,1,0,2,0,0,1,0,2,0,1,2,0,1,1,0,1,0,0,1,1,0,1,1,0,2,0,1,1,3,3,0,0,0,0,0,1,0,1,1,0,0,0,0,0,1,1,0,0,0,1,0,0,1,0,1,1,0,2,0,0,0,2,1,1,0,1,0,2,0,0,2,0,0,0,1,0,0,0,0,0,2,0,1,1,1,2,0,1,0,0,1,2,1,0,0,1,0,3,1,0,1,4,0,1,0,0,1,0,0,0,0,0,0,0,1,4,0,0,3,0,2,0,0,0,0,0,0,0,1,1,0,1,0,0,0,0,3,1,1,0,0,0,0,0,1,0,1,1,1,1,3,0,1,0,0,2,0,1,0,0,0,0,0,2,0,1,0,0,0,0,0,0,0,1,0,1,2,1,0,1,1,0,1,0,0,0,1,0,0,0,0,1,0,1,0,1,0,0,1,2,0,0,0,0,0,1,0,1,1,3,0,0,0,0,0,0,0,2,0,0,0,1,0,0,0,1,0,1,0,0,0,0,0,0,1,3,1,0,1,0,1,0,1,0,1,0,0,1,0,0,0,1,0,1,1,2,0,0,0,3,0,1,0,0,0,0,1,0,1,0,1,2,0,0,3,1,0,0,4,0,0,1,0,1,0,0,1,0,0,0,0,0,4,0,0,0,0,0,4,0,0,0,0,0,0,1,0,0,1,2,0,0,2,2,0,0,1,0,0,0,1,0,1,0,1,1,2,0,0,1,0,0,0,0,1,0,0,1,0,1,0,1,0,3,0,0,0,0,0,0,0,0,0,0,0,0,2,2,2,0,1,0,1,3,0,0,0,1,0,0,1,2,0,0,4,1,0,0,0,1,1,1,1,0,1,1,0,0,0,1,0,0,0,0,0,1,1,1,0,0,0,0,0,0,1,0,1,0,0,0,0,1,0,0,0,0,0,0,0,1,0,0,0,0,1,1,0,0,0,3,0,0,1,3,1,0,0,2,0,2,0,0,1,0,1,0,0,1,0,2,1,0,0,0,0,0,0,1,0,1,0,0,0,0,0,0,0,1,0,0,0,0,0,0,1,3,0,1,0,0,1,0,0,0,1,1,0,2,1,0,0,0,0,2,1,0,0,0,0,1,1,2,0,1,0,0,1,3,0,0,0,0,0,2,0,0,0,0,0,0,0,0,1,0,0,0,1,0,1,1,0,0,0,0,1,0,1,0,0,0,1,1,0,2,1,0,1,1,1,0,0,0,0,1,1,1,0,0,0,0,1,0,0,1,1,0,0,0,0,1,0,1,1,0,0,0,0,0,0,0,1,0,0,0,0,0,0,2,3,0,0,0,1,0,0,1,1,0,0,0,1,0,1,0,0,0,0,0,0,2,0,0,1,1,0,0,0,1,2,0,1,0,0,0,0,0,0,0,1,1,0,0,0,0,1,1,0,0,0,2,2,0,0,0,1,0,1,2,0,0,3,0,0,0,0,0,1,0,2,1,0,0,1,2,0,0,0,0,0,2,1,0,0,0,1,0,1,0,1,1,0,1,0,2,0,1,1,0,1,0,0,0,0,1,0,1,0,2,2,2,0,0,0,0,2,0,0,0,0,0,2,0,2,1,0,1,0,0,1,0,3,0,2,0,0,0,0,0,1,0,0,0,1,0,0,1,2,0,0,0,0,1,0,0,1,0,0,1,0,1,5,2,0,3,1,0,1,0,0,0,1,0,0,0,0,2,0,0,0,2,1,0,4,1,1,0,0,0,0,0,3,0,1,0,2,2,0,0,4,1,0,2,0,1,0,0,0,0,1,1,0,1,0,0,0,1,1,0,0,1,2,0,0,1,1,2,1,0,0,0,0,1,0,1,1,0,1,0,0,0,1,1,0,0,0,1,0,0,0,0,0,0,0,0,0,0,0,1,1,0,0,0,0,0,0,0,0,0,0,1,0,2,0,1,1,0,0,0
ALDH1A1,0,0,0,0,0,0,0,0,0,0,0,0,1,0,0,0,0,0,1,0,0,0,0,1,0,0,0,0,0,0,0,0,0,0,0,0,0,0,0,0,0,0,1,0,0,0,0,0,0,0,0,0,0,0,0,0,0,0,0,0,0,0,0,1,0,0,0,0,0,0,0,1,0,1,0,0,0,0,0,0,0,0,1,0,0,0,0,0,0,0,0,0,0,0,0,1,0,0,2,0,0,0,0,0,0,2,0,0,1,0,0,0,1,1,1,0,0,0,1,0,0,0,1,0,0,0,0,0,0,0,0,0,0,0,0,0,0,0,0,0,0,0,0,0,0,0,0,0,0,0,1,0,0,0,0,0,0,0,0,0,0,0,0,1,0,0,0,0,0,0,0,0,0,0,0,0,0,0,0,0,0,0,0,0,0,0,0,0,0,0,0,0,0,0,0,0,0,0,0,0,0,0,0,0,0,0,0,0,0,0,0,0,0,0,0,0,0,0,0,0,0,0,0,0,0,0,0,2,0,0,0,0,0,0,0,0,0,0,0,0,0,0,0,0,0,0,0,0,0,0,0,0,0,0,0,0,0,0,0,0,0,0,0,1,0,0,0,0,0,0,0,0,0,0,0,0,0,0,1,0,0,0,0,0,0,0,0,0,0,0,0,0,0,0,0,0,0,0,0,0,0,0,0,0,1,0,0,0,0,0,0,0,0,0,0,0,0,0,0,0,0,0,0,0,0,0,0,0,0,0,0,0,0,0,0,0,0,0,0,0,0,0,0,0,0,0,0,0,0,2,0,0,0,0,0,0,0,0,0,1,0,0,0,0,0,0,0,0,0,0,0,0,0,0,0,0,0,0,0,0,0,0,0,0,0,0,0,0,0,0,0,0,0,0,0,0,0,0,0,0,0,0,0,0,0,0,0,0,0,0,0,0,0,0,0,0,0,0,0,0,0,0,0,0,0,1,0,0,0,0,0,0,0,0,0,0,0,0,0,0,0,0,0,0,0,0,0,0,0,0,0,0,0,0,0,0,0,0,0,0,0,0,0,0,0,0,0,0,0,0,0,0,0,0,0,0,0,0,0,0,0,0,0,0,1,0,0,0,0,0,0,0,0,0,0,0,0,0,0,0,0,0,0,0,0,0,0,0,0,0,0,0,0,0,0,0,0,0,0,0,0,0,0,1,1,0,0,0,2,0,1,0,0,0,0,2,0,0,0,0,2,0,0,0,0,0,1,0,0,0,0,0,0,0,0,0,0,0,0,0,0,0,0,0,0,0,0,0,0,0,0,0,0,0,0,1,0,0,0,0,0,0,0,0,0,0,0,0,0,0,0,0,0,0,0,0,0,0,0,0,0,0,0,0,0,0,0,0,0,0,0,0,0,0,0,0,0,0,0,0,0,0,0,0,0,0,0,0,0,0,0,1,0,0,1,0,0,0,0,0,0,0,0,0,0,0,0,0,0,0,0,0,0,0,0,0,0,0,0,0,0,0,0,0,0,0,0,0,0,0,0,0,0,0,0,0,0,0,0,0,0,0,0,0,1,0,0,0,0,0,0,0,0,0,0,0,0,0,0,1,0,0,0,0,0,0,0,0,0,0,0,0,0,0,0,0,0,0,0,0,0,0,0,0,0,0,0,0,0,0,0,0,0,0,0,0,0,0,0,0,0,0,0,0,0,0,0,0,0,0,0,0,0,0,0,0,0,0,0,0,0,0,0,0,0,0,0,0,0,0,0,0,0,0,0,0,0,0,0,0,0,0,0,0,0,0,0,0,0,0,0,0,0,1,0,0,0,0,0,0,0,0,0,0,0,0,0,0,0,0,0,0,0,0,0,0,1,0,0,0,0,0,0,0,0,0,0,0,0,0,0,0,0,0,0,0,0,0,1,0,0,0,0,0,0,0,0,0,0,0,0,0,0,0,0,0,0,1,0,0,0,0,0,0,0,0,0,0,0,0,0,0,0,0,0,0,0,0,0,0,0,0,0,0,0,0,0,0,0,0,0,0,0,0,0,0,0,0,0,0,0,0,0,0,0,0,0,0,0,0,0,0,0,0,0,0,0,0,0,0,0,0,0,0,0,0,0,0,0,1,0,0,0,0,0,0,0,0,0,0,0,0,0,0,0,0,0,0,0,0,0,0,0,0,0,0,0,0,0,0,0,0,0,0,0,2,0,0,0,0,0,0,0,0,0,0,0,0,0,0,0,0,0,0,0,0,0,0,0,0,0,0,0,0,0,0,0,0,0,0,0,0,0,0,0,0,0,0,0,0,0,0,0,0,0,0,0,0,1,0,0,0,0,0,0,0,0,0,0,0,0,0,0,0,0,0,0,0,0,0,0,0,0,0,0,0,0,0,0,0,0,1,0,0,0,0,0,0,0,0,0,0,0,0,0,0,0,0,0,0,0,0,0,0,0,0,0,0,0,0,0,0,0,0,0,0,0,0,0,0,0,0,0,0,0,0,0,0,0,0,0,0,0,0,0,0,0,0,0,0,0,0,0,0,0,0,0,0,0,0,0,0,0,0,0,0,0,0,0,0,0,0,0,0,0,0,0,0,0,0,0,0,0,0,0,0,0,0,0,0,0,0,0,0,0,0,0,0,0,0,0,0,0,0,0,0,0,0,0,0,0,0,0,0,0,0,0,0,0,0,0,0,0,0,0,0,0,0,1,0,0,0,0,0,0,0,1,0,0,0,0,0,0,0,0,0,0,0,0,0,0,0,0,0,0,0,0,0,0,0,0,0,0,0,0,0,0,0,0,0,0,0,0,0,0,0,0,0,0,0,0,0,0,0,0,0,0,0,0,0,0,0,0,1,0,0,0,0,0,0,0,0,0,0,0,0,0,0,0,0,0,0,0,0,0,0,0,0,0,0,0,0,0,0,0,0,0,0,0,0,0,0,0,0,0,0,0,0,0,0,0,0,0,0,0,0,0,0,0,0,0,0,0,0,0,0,0,0,0,0,0,1,0,0,0,0,0,0,0,0,0,0,0,0,0,0,0,0,0,0,0,0,0,0,0,0,0,0,0,0,0,0,0,0,0,0,0,0,1,0,0,0,0,0,0,0,0,0,0,0,0,1,0,0,0,0,2,0,0,0,0,0,0,0,0,0,0,0,0,0,0,0,0,0,0,0,0,1,0,0,0,0,0,0,0,0,0,0,0,0,0,0,0,0,0,0,0,0,0,0,0,0,0,0,0,0,0,0,0,0,0,0,0,0,0,0,0,0,0,0,0,0,0,0,0,0,0,0,0,0,0,0,0,0,0,0,0,0,0,0,0,0,0,0,0,0,0,0,0,0,0,0,0,1,0,0,0,0,0,0,0,0,0,0,0,0,0,0,0,0,0,0,0,0,0,0,0,0,1,0,0,0,0,0,0,0,0,0,0,0,0,0,0,0,0,0,0,0,0,1,0,0,0,0,1,0,1,0,0,0,0,0,0,0,0,0
BIN1,0,0,0,0,2,0,0,0,2,1,0,0,0,0,1,1,0,0,0,1,0,0,0,0,0,3,0,0,0,0,0,0,0,0,0,3,0,0,0,0,0,0,0,0,0,1,1,0,1,0,0,1,0,0,1,0,0,0,0,1,0,0,0,1,0,0,1,0,0,2,0,1,1,0,0,0,0,0,0,0,1,0,0,0,0,1,0,0,1,1,0,0,0,0,2,0,0,1,0,1,0,0,0,0,0,0,0,1,0,0,1,1,0,1,1,1,1,0,0,1,0,0,0,0,0,1,0,1,0,0,0,0,2,0,0,3,0,0,0,0,0,0,1,0,0,0,0,0,1,0,0,0,1,0,1,0,1,0,0,0,0,0,0,0,0,1,1,2,1,1,0,0,0,0,0,0,1,1,0,2,0,0,1,0,0,0,1,1,0,0,0,0,2,0,1,2,2,1,0,0,1,1,0,0,1,0,0,1,2,0,0,0,0,0,0,0,0,0,1,0,0,0,0,0,1,0,1,0,0,1,0,0,1,2,0,0,0,1,1,1,0,0,1,0,1,0,0,0,1,0,0,0,1,1,1,0,0,0,0,0,1,3,2,0,0,0,0,0,0,0,1,0,0,0,1,0,1,0,0,1,0,0,0,2,1,1,0,0,2,0,0,1,0,2,1,0,0,0,0,0,0,1,1,2,0,1,2,0,0,2,0,0,0,0,0,0,0,0,1,0,1,0,0,0,1,0,0,1,1,1,0,0,0,0,0,1,0,0,1,0,0,1,0,1,0,0,0,0,1,0,0,0,1,0,0,0,0,0,0,0,0,1,2,0,0,1,5,1,0,0,0,0,0,0,0,0,0,2,0,0,0,0,0,1,0,0,0,1,1,1,0,0,0,1,1,0,1,1,2,0,0,0,0,0,0,1,2,0,1,2,1,1,0,0,1,0,0,1,0,0,0,1,7,0,0,1,2,1,0,0,0,0,2,0,0,0,0,0,0,0,0,1,3,0,0,0,0,0,0,0,0,1,0,0,0,0,0,0,1,0,0,1,0,0,1,0,0,0,0,0,0,0,0,0,1,0,0,1,0,0,0,0,2,0,0,1,0,0,1,0,0,1,0,2,1,0,0,0,0,0,0,0,0,0,0,1,0,0,0,1,0,0,0,0,1,0,0,0,0,0,0,0,0,0,0,0,1,0,0,0,0,1,1,0,0,0,1,0,0,2,1,1,0,1,0,0,0,0,5,0,0,1,0,1,0,0,1,0,0,0,0,0,0,0,0,3,1,0,5,0,1,1,0,2,0,1,0,1,0,0,1,0,0,0,0,0,0,1,1,0,0,0,0,0,0,2,0,1,0,2,0,2,0,1,1,4,0,2,0,0,1,0,0,1,2,1,0,1,0,0,2,0,0,0,1,3,0,0,0,0,0,2,5,4,0,1,1,2,1,0,2,0,0,0,1,0,0,0,0,0,0,1,0,0,1,0,1,0,0,0,0,1,0,0,1,0,0,1,0,0,0,0,0,5,5,0,0,0,0,1,2,0,1,1,0,2,0,1,0,0,1,0,1,0,0,0,1,0,0,0,0,0,0,0,1,0,0,2,0,3,1,0,0,0,0,0,2,0,0,1,0,1,0,1,1,1,1,0,1,0,0,0,0,0,1,0,0,0,0,1,0,0,3,0,2,1,1,0,1,1,1,0,3,1,0,0,1,0,2,1,1,0,1,0,0,1,0,1,0,0,1,1,0,0,0,0,0,1,0,0,0,0,0,1,0,0,2,1,1,1,0,1,0,0,0,2,0,1,0,0,0,0,0,2,0,1,2,0,0,0,1,0,0,0,3,0,0,1,2,0,0,0,0,0,0,1,0,0,1,0,1,0,0,0,0,0,0,0,0,0,0,0,2,0,0,1,1,0,0,0,0,0,0,0,0,0,0,0,0,0,2,0,0,0,0,1,2,0,0,0,1,0,0,2,0,2,0,1,0,0,0,0,0,0,1,1,0,0,1,2,1,0,4,0,0,2,2,1,0,0,0,0,0,0,0,0,0,0,3,0,0,0,1,1,0,0,0,1,0,1,1,3,0,0,1,0,0,3,0,0,0,0,0,1,0,1,0,0,0,0,3,0,1,1,1,0,0,0,0,0,0,0,0,0,0,0,1,0,0,0,1,0,0,0,0,1,0,1,0,0,0,0,0,1,1,0,0,0,0,3,0,0,0,0,0,0,0,0,0,0,1,0,0,2,1,3,0,0,0,0,0,0,0,0,0,0,0,0,0,0,0,0,0,0,0,0,0,1,0,0,0,0,0,0,1,1,1,0,3,1,5,1,0,1,1,0,2,2,0,1,1,2,0,0,0,0,0,1,0,0,1,0,0,1,0,0,0,0,0,2,0,0,0,0,0,2,0,0,0,0,0,1,0,0,1,0,2,1,0,0,1,0,0,0,0,2,0,1,0,0,0,0,0,3,0,0,0,0,0,1,0,0,0,0,1,2,0,1,0,0,1,1,3,2,0,0,0,0,0,0,1,1,0,0,0,0,0,1,0,0,0,0,1,1,0,0,0,2,1,0,0,0,0,1,0,1,2,0,0,0,0,1,0,0,1,1,1,2,1,0,1,1,0,0,0,0,0,0,0,1,1,0,0,2,0,1,0,0,0,1,1,0,0,0,0,0,1,0,0,0,0,0,0,0,0,1,0,1,1,0,0,0,1,1,0,0,1,0,0,0,1,0,1,0,1,1,0,1,0,1,0,0,0,0,1,1,0,0,2,0,1,0,0,0,0,0,0,0,1,0,2,0,1,0,0,1,0,1,1,2,0,0,0,0,1,0,0,0,0,0,1,0,1,0,1,1,0,4,0,0,0,0,1,1,0,0,0,1,0,0,0,0,1,2,0,0,3,0,0,0,0,0,0,0,0,0,0,0,0,0,0,0,0,0,0,0,0,0,1,2,0,0,0,0,1,0,0,0,0,1,0,0,0,0,0,1,1,1,0,0,0,0,1,0,0,0,2,0,1,0,0,1,0,1,1,1,0,0,0,0,1,1,0,0,0,0,2,0,0,1,0,0,0,0,0,0,1,2,0,0,0,0,0,0,0,1,0,0,0,0,2,1,0,1,0,1,1,1,0,0,0,1,0,0,2,0,0,0,0,0,0,1,0,0,0,0,0,0,0,0,2,0,0,0,1,1,0,3,0,1,0,0,0,0,0,0,1,1,2,1,1,0,0,0,0,1,0,2,1,0,1,0,1,0,0,2,2,0,2,0,0,0,2,1,1,0,0,1,1,1,1,0,0,1,0,2,0,0,0,0,0,0,1,0,0,0,0,0,1,0,0,0,1,1,0,0,0,1,0,0,1,1,2,0,0,0,0,3,0,0,0,0,0,0,0,1,0,0,0,0,2,2,1,0,0,2,0,1,0,1,1,0,0,0,0,1,0,0,1,1,0,3,0,1,0,0
PLEKHF1,0,0,0,0,0,0,0,0,0,0,0,0,0,0,0,2,1,0,0,0,0,0,0,0,0,0,0,0,0,0,0,0,0,0,0,0,0,0,0,0,0,0,0,0,0,0,0,0,0,0,0,0,0,0,0,0,0,0,0,1,0,0,0,0,0,0,0,0,0,0,0,0,0,0,0,2,0,0,0,0,0,0,0,0,0,0,0,0,0,0,0,0,0,0,0,0,0,0,0,0,0,0,0,0,0,0,0,0,0,0,0,0,0,0,0,0,0,0,0,0,0,0,0,0,0,0,0,0,1,0,0,0,0,0,0,0,0,0,0,1,0,0,0,0,0,0,0,0,0,1,0,1,0,0,0,0,0,0,0,0,0,0,0,0,0,0,0,0,0,0,0,0,0,0,0,0,0,0,0,0,0,0,0,0,0,0,0,0,0,0,0,0,1,0,0,0,0,0,0,0,0,1,0,0,0,1,0,0,0,0,0,0,2,0,0,0,0,0,0,0,0,0,0,0,0,0,0,0,0,0,0,0,0,0,0,0,0,0,0,0,0,0,0,0,0,1,0,0,0,0,0,0,0,0,0,0,0,2,0,0,0,0,0,0,0,1,0,0,0,1,0,0,0,0,0,0,0,0,0,0,0,0,0,1,0,0,0,0,0,1,0,0,0,0,0,0,0,0,0,0,0,0,0,0,0,0,0,0,0,0,0,0,0,0,0,0,1,0,0,0,0,0,0,0,0,0,0,0,0,0,0,0,1,0,0,0,0,0,0,0,0,0,0,1,0,0,0,0,0,0,0,0,0,0,0,0,0,0,0,0,1,0,0,0,0,0,0,0,0,0,0,0,0,0,0,0,0,0,0,0,0,0,0,0,0,0,0,0,0,0,0,0,0,0,0,0,0,0,0,0,0,0,1,0,0,0,0,0,0,0,0,0,0,0,0,0,0,0,0,0,0,0,1,0,0,0,0,0,0,0,0,0,0,0,0,0,0,0,0,0,0,0,0,0,0,0,0,0,0,0,0,0,0,0,0,0,0,0,0,0,0,0,0,0,0,0,0,0,0,0,0,0,0,0,0,0,0,0,0,0,0,0,0,0,0,0,0,0,0,0,0,0,0,0,0,0,0,0,0,3,0,0,0,0,0,0,0,0,1,0,0,0,0,0,0,0,0,0,0,0,1,0,0,0,0,0,0,0,0,0,0,0,0,0,0,0,0,0,0,0,0,0,0,1,1,0,1,0,0,0,0,0,0,0,0,0,0,0,0,1,0,0,0,1,0,0,0,0,0,0,0,0,0,0,0,0,0,0,0,0,0,1,0,0,0,0,0,0,0,0,0,0,0,0,0,0,1,0,0,0,0,0,0,2,0,0,0,0,0,0,0,0,0,0,0,0,0,0,0,0,0,0,1,0,3,0,0,0,0,0,0,0,0,2,0,0,0,0,0,0,0,0,0,0,0,0,0,0,0,0,1,0,0,0,0,0,0,0,0,0,0,0,0,1,0,0,0,0,0,0,0,0,0,0,0,0,0,0,1,0,0,0,0,0,0,0,0,0,0,0,0,1,0,1,0,0,0,0,0,0,0,0,0,0,0,0,0,0,0,0,0,0,0,0,0,0,0,0,0,0,0,0,0,1,0,0,0,0,0,1,0,1,0,0,0,0,0,0,0,0,0,0,0,0,0,0,0,0,0,0,0,0,0,0,1,0,0,0,0,0,0,0,0,0,0,0,1,0,0,0,0,0,0,0,0,0,0,0,0,0,0,0,0,0,0,0,1,0,0,0,0,0,0,0,0,1,0,0,0,0,0,1,0,1,0,0,0,0,0,0,0,0,0,0,0,0,0,0,0,0,0,0,0,0,0,0,0,0,0,0,0,0,0,0,0,0,0,0,0,0,0,0,0,0,0,0,0,0,2,0,0,0,0,0,0,0,0,0,0,0,0,0,0,0,0,0,0,0,0,0,0,0,0,0,0,0,0,0,0,0,0,0,0,0,0,0,0,0,0,0,0,0,2,0,0,0,0,0,0,0,0,0,0,0,0,0,0,0,0,0,0,0,0,0,0,0,0,0,0,0,0,0,0,1,0,0,0,0,0,0,0,0,0,0,0,0,0,0,0,0,0,0,0,0,0,0,0,0,0,0,0,0,0,0,0,0,0,0,0,0,0,0,1,0,0,0,0,0,0,0,0,0,0,0,0,0,0,0,0,0,0,0,0,0,0,0,0,0,0,0,0,0,0,0,0,1,0,0,0,0,0,0,0,0,0,0,0,0,0,1,0,0,0,0,0,0,0,0,0,0,0,0,0,0,0,0,0,0,0,0,0,0,0,0,0,0,0,0,0,0,0,0,0,1,0,0,0,0,0,1,0,0,0,0,0,0,0,0,0,0,0,0,0,0,0,0,0,0,0,0,0,0,0,0,0,0,0,0,0,0,0,0,0,0,0,0,0,0,0,0,0,0,0,0,0,0,0,0,0,0,0,1,0,0,0,0,0,0,0,0,0,0,0,0,0,0,0,0,1,0,0,0,0,0,0,0,3,0,0,0,0,0,0,0,0,0,0,0,0,0,1,0,0,0,0,0,0,0,0,0,0,0,0,0,0,0,0,0,1,0,0,1,0,0,0,0,0,0,0,2,0,0,0,0,0,0,0,0,0,0,0,0,0,0,0,0,0,0,0,0,0,0,0,0,0,0,0,0,0,0,0,1,0,0,0,0,0,0,0,0,0,0,2,0,0,0,0,0,0,0,0,0,1,0,0,0,0,0,0,0,0,0,0,0,0,0,0,0,1,0,0,0,0,0,0,0,0,0,0,0,0,0,0,0,0,0,0,0,0,0,0,0,0,0,0,0,0,2,0,0,0,0,0,0,0,0,0,1,0,0,0,0,0,0,0,0,0,0,0,0,0,0,0,0,0,0,0,0,0,0,0,0,0,0,0,0,0,0,0,0,0,0,0,0,0,0,0,0,0,0,0,0,0,0,0,0,0,0,0,0,0,0,0,0,0,0,0,0,1,0,0,0,0,0,0,0,0,0,0,1,0,0,0,0,0,0,0,0,0,0,0,0,0,0,0,0,0,0,0,0,0,0,0,0,0,0,0,0,0,0,0,0,0,0,0,0,0,0,0,0,0,0,0,0,0,0,1,0,0,0,0,0,0,0,2,0,1,0,0,0,0,0,0,0,0,0,0,0,0,0,0,1,0,0,0,0,0,0,0,0,0,1,0,0,0,0,0,0,0,0,0,0,0,0,0,0,0,0,1,0,0,0,0,1,0,0,0,0,0,1,0,0,0,0,0,0,0,0,0,0,0,0,0,0,0,0,0,0,0,0,0,0,0,0,0,0,0,0,0,0,0,0,0,0,0,1,0,0,0,0,0,0,0,0,0,0,0,0,0,0,0,0,0,0,0,0,0,1,0,0,0,0,0,0,0,0,0,0,0,0,0,0,0,0,1,0
UBE2J1,0,0,0,1,0,1,1,0,0,0,0,1,2,0,0,2,0,0,0,0,0,0,0,0,0,0,0,0,0,0,0,0,0,0,1,1,0,0,0,0,0,0,0,1,0,0,0,0,0,0,0,0,0,0,2,0,0,0,0,0,2,1,1,0,1,1,0,0,0,0,0,0,1,0,0,1,0,1,0,0,0,0,0,0,0,0,0,0,0,1,1,0,0,0,0,0,0,0,0,7,0,0,0,1,0,0,0,0,1,0,0,0,0,0,0,0,1,0,0,0,0,0,0,0,0,0,0,0,1,0,0,0,0,1,0,0,0,0,0,1,0,0,0,1,0,0,0,1,1,0,0,0,0,0,0,0,0,0,0,2,0,0,1,0,0,0,0,1,0,0,0,0,0,0,0,0,1,0,1,0,0,0,0,0,0,1,0,0,0,0,0,1,0,0,0,1,0,0,0,0,0,0,0,1,0,0,1,0,0,0,1,0,0,1,0,0,0,0,4,0,0,0,1,1,1,0,1,0,0,0,0,0,1,1,0,0,0,0,0,0,0,0,0,0,0,0,0,1,0,0,0,0,0,0,0,0,0,1,0,0,0,0,0,3,0,0,0,0,0,1,0,0,0,0,0,0,1,0,0,0,1,1,0,0,0,0,0,0,0,0,0,0,0,0,1,0,0,0,0,0,0,0,1,0,0,0,0,0,2,0,0,0,0,1,0,1,0,0,0,0,0,0,0,0,0,0,1,0,1,0,0,0,0,0,0,0,0,0,2,0,0,0,0,0,0,1,0,0,0,0,0,0,1,0,0,0,3,0,1,0,0,0,1,0,0,0,2,0,0,0,0,0,0,0,0,0,0,1,1,0,0,0,0,0,0,1,0,2,0,0,0,2,0,2,0,0,3,0,0,0,0,0,0,1,0,0,0,0,1,1,0,0,0,0,0,2,0,0,0,0,0,0,2,0,0,0,0,0,0,0,0,0,0,0,0,0,0,0,0,0,0,0,1,0,0,2,0,1,0,0,0,1,1,0,0,0,0,2,0,0,3,0,0,0,0,0,0,0,0,0,0,1,0,1,0,0,0,0,0,0,0,0,1,0,0,0,0,0,0,0,0,0,0,0,0,0,0,1,0,0,0,0,0,1,0,0,0,0,0,0,0,0,0,0,0,0,0,0,0,0,0,1,0,0,0,0,0,0,0,2,0,0,0,0,1,0,0,0,0,0,1,0,0,0,0,0,1,0,0,0,0,1,0,0,0,0,0,1,0,0,1,0,0,0,0,0,0,0,0,1,0,0,0,0,0,0,0,0,1,0,0,0,0,1,0,1,0,0,0,0,0,0,0,1,0,0,0,0,3,0,0,2,1,0,1,0,0,0,0,0,0,0,1,0,0,0,0,0,1,0,0,0,0,0,0,1,0,3,0,0,1,0,0,1,0,0,0,0,0,0,0,1,0,1,0,1,3,1,0,0,0,0,0,0,0,0,0,1,0,1,0,1,0,0,0,0,0,0,0,0,0,1,0,0,0,1,1,0,0,0,1,0,0,0,1,1,0,0,0,0,0,0,0,0,0,0,0,0,0,1,0,0,5,0,1,1,0,0,0,1,0,0,0,0,1,0,0,0,0,0,0,0,0,0,1,0,0,0,0,0,1,0,0,0,3,0,0,2,0,1,1,0,0,1,0,0,0,0,0,0,0,0,0,0,0,0,0,1,0,0,0,1,0,0,0,0,0,0,0,0,0,0,0,0,2,1,0,0,0,0,0,0,0,0,2,1,0,0,0,0,0,0,0,0,0,0,0,0,1,0,0,0,0,0,2,0,0,0,0,0,0,0,0,2,0,0,1,0,0,0,0,0,2,0,0,0,0,1,0,1,0,0,0,0,0,0,0,1,0,1,0,0,0,0,0,4,1,1,0,0,0,0,1,0,1,0,2,0,0,0,0,0,0,0,0,0,0,0,0,0,0,0,1,0,0,0,0,0,1,0,0,0,0,1,0,1,1,0,0,0,0,0,1,0,0,1,1,0,0,0,0,0,0,0,0,0,0,0,1,0,1,1,0,0,1,1,0,0,0,1,0,1,0,0,1,1,0,0,0,0,0,1,0,0,0,1,0,3,0,0,0,0,0,0,0,0,0,1,0,0,0,0,0,0,0,0,0,0,0,0,0,0,0,0,0,1,0,0,1,1,0,4,0,0,0,0,0,1,1,0,0,0,0,1,1,0,0,0,0,0,0,0,0,1,0,0,0,0,0,1,0,0,0,0,0,0,0,0,0,0,0,0,0,0,0,0,0,1,2,0,0,2,0,0,1,0,0,0,0,0,0,1,0,0,0,0,0,2,0,0,0,0,0,0,1,0,0,0,0,1,0,0,0,0,0,1,0,0,0,0,0,0,1,2,2,0,1,0,0,0,0,1,0,1,0,3,0,0,0,1,2,0,0,0,0,0,2,0,0,0,1,1,0,0,0,0,0,1,0,0,0,0,0,0,0,0,0,1,0,0,0,0,0,0,0,0,1,0,0,1,0,0,0,0,1,0,0,0,1,0,0,1,0,0,0,0,0,4,0,0,0,0,0,0,0,0,0,0,0,0,0,0,0,0,1,0,0,0,0,0,1,0,0,0,0,0,0,0,0,0,0,0,0,4,2,0,0,0,0,2,1,0,0,0,0,0,0,0,0,0,0,0,0,0,0,0,0,0,0,0,0,0,0,0,0,0,0,1,1,1,0,0,0,1,0,0,5,0,0,0,0,0,0,0,0,0,0,2,0,1,0,0,0,0,0,3,0,0,0,0,0,0,0,0,0,0,0,3,0,0,1,0,1,0,0,0,1,0,0,0,0,0,0,0,0,0,0,1,0,0,0,2,0,0,0,0,0,0,0,0,0,0,1,1,0,0,0,0,0,0,0,0,0,0,0,0,0,0,1,0,0,0,0,0,0,1,0,0,0,0,0,0,0,0,0,1,0,0,0,0,0,0,0,0,0,0,1,0,0,1,0,0,0,1,0,0,0,0,0,0,1,0,0,0,0,0,0,0,0,0,0,1,0,0,1,0,1,0,1,0,0,0,0,1,0,0,0,0,0,0,0,0,0,0,2,0,1,0,0,0,0,0,0,0,0,2,0,0,0,1,2,0,0,0,0,1,1,0,1,0,0,0,0,0,0,0,0,0,0,0,0,0,0,0,0,0,0,1,0,1,0,0,1,0,0,0,0,1,0,0,0,0,0,0,0,0,0,0,0,1,0,0,0,1,0,0,0,0,0,0,0,0,1,1,0,1,0,0,0,0,0,0,0,0,1,0,0,0,0,1,1,0,1,0,5,0,1,1,0,0,0,0,0,0,0,0,0,1,0,0,0,0,0,0,0,0,0,0,0,0,0,0,0,0,0,0,0,0,0,1,0,0,0,0,0,0,1,0,0,0,0,0,1,0,0,0,0,2,0,0,0,1,0,0,0,0
TAP1,0,0,1,0,0,0,0,1,1,0,0,0,0,0,0,1,0,2,0,0,0,0,0,0,0,1,0,0,0,1,0,0,1,1,0,0,0,0,1,0,0,0,1,1,1,0,0,0,0,0,0,2,0,0,0,0,0,0,0,0,0,0,1,0,0,0,2,0,0,0,0,0,0,0,0,0,0,0,0,0,1,0,0,0,1,0,0,0,2,0,2,1,0,0,1,1,0,0,0,3,0,0,1,2,0,0,0,0,1,0,1,1,0,0,0,0,2,0,0,0,0,0,0,0,0,0,2,0,0,1,0,0,0,0,0,0,0,1,0,0,0,0,1,0,1,1,0,0,4,0,1,0,1,0,0,0,0,1,0,0,0,0,1,0,0,3,0,0,0,2,0,0,2,0,0,0,0,0,0,1,0,0,1,0,0,0,1,1,0,0,0,0,0,0,1,0,0,0,0,1,0,1,0,0,0,0,0,0,0,0,0,0,0,1,2,0,0,0,1,0,0,1,2,0,4,1,0,0,0,0,0,1,0,0,0,1,1,2,0,1,0,0,0,0,0,0,0,0,0,0,0,0,0,0,0,0,0,0,0,0,1,0,0,0,0,0,0,0,0,0,0,0,0,0,2,0,0,0,1,1,0,0,0,0,0,0,0,0,0,0,0,0,0,0,0,0,0,0,0,0,1,1,0,0,0,0,2,0,2,0,0,1,2,0,0,0,0,0,1,0,0,0,0,0,0,0,0,2,0,0,0,0,0,0,0,0,0,0,0,0,1,0,0,0,1,0,0,0,1,0,0,0,2,0,0,0,0,0,0,1,1,0,0,0,0,0,4,0,0,0,0,0,0,0,0,1,0,0,0,0,0,0,0,0,0,0,0,0,0,0,0,0,0,0,1,0,0,0,1,0,0,1,0,0,0,0,1,0,0,0,0,1,0,0,2,0,1,0,0,0,0,0,4,0,0,0,0,0,0,1,0,1,3,0,1,0,0,1,0,0,1,0,1,0,1,2,0,0,0,0,1,0,0,0,0,0,2,0,0,0,0,0,0,0,0,0,0,1,1,0,0,0,2,0,1,0,0,0,1,0,0,0,0,0,0,0,0,1,0,0,0,0,2,0,0,0,0,0,1,0,0,0,0,1,0,0,0,0,0,0,0,0,0,0,0,0,0,0,0,0,0,1,0,2,1,0,0,0,0,0,0,2,0,0,0,0,0,2,0,0,0,1,0,0,0,1,1,0,0,0,2,0,0,0,0,1,0,1,0,1,0,1,1,0,0,0,2,0,1,1,1,0,1,0,0,0,0,1,0,1,0,1,0,0,0,0,0,0,0,0,0,1,0,0,1,3,0,0,0,0,1,1,0,2,0,0,0,0,1,0,0,1,1,0,0,0,0,2,0,0,0,1,0,0,1,0,0,0,0,0,0,0,0,1,0,0,0,0,1,0,1,0,0,0,1,0,1,0,0,0,0,1,0,0,1,0,0,0,1,0,0,0,0,0,0,1,0,0,0,0,0,0,0,0,0,0,0,0,1,1,0,0,1,1,0,0,1,0,0,0,0,0,0,0,0,0,0,2,0,2,2,0,0,0,0,0,0,1,0,6,2,0,0,0,0,1,0,0,0,0,1,0,2,0,0,0,0,0,0,0,0,0,1,0,0,0,0,0,1,0,0,0,0,0,0,1,1,0,1,0,0,1,0,0,1,0,0,0,0,1,1,0,0,0,0,0,0,1,0,0,0,0,0,0,0,0,0,0,0,0,0,0,0,0,0,0,1,0,1,1,1,0,0,0,0,3,1,1,0,0,1,0,0,0,1,0,0,0,0,1,0,0,0,0,0,0,0,0,0,1,0,0,1,0,0,0,0,0,0,0,0,0,0,0,0,0,0,0,0,0,0,0,4,0,0,2,0,1,1,0,0,0,0,0,1,0,0,0,0,0,0,0,0,1,2,2,0,0,0,0,0,0,0,1,0,0,2,1,0,1,0,0,0,1,0,3,0,0,0,0,1,0,1,1,0,0,0,0,1,0,1,1,0,1,0,0,0,0,1,0,0,0,0,0,0,0,0,0,0,0,0,1,0,1,0,0,0,1,0,0,0,0,0,0,0,0,0,0,1,1,0,0,0,0,0,0,0,0,0,1,0,0,0,2,0,0,0,0,0,0,1,0,0,1,0,0,1,0,1,0,1,1,1,1,1,0,0,1,0,0,0,0,0,1,1,0,1,0,0,0,2,0,0,1,0,0,0,1,0,0,0,0,0,0,0,0,0,1,0,0,0,0,0,1,0,0,1,0,0,0,0,0,0,1,0,1,1,0,0,0,0,3,0,1,1,0,0,1,0,1,0,0,0,0,0,2,0,0,0,0,1,0,0,0,0,0,0,0,1,1,0,0,0,0,0,3,0,0,0,0,0,0,0,0,0,0,0,0,0,0,1,1,0,2,3,0,0,0,0,0,0,1,1,2,2,0,0,0,0,0,0,0,0,0,0,2,0,0,0,0,0,0,0,1,0,0,0,1,0,0,0,0,1,0,0,0,0,1,0,0,0,0,6,0,0,0,0,0,0,0,1,0,1,0,0,0,0,0,1,1,0,1,0,0,0,0,0,2,0,1,0,1,1,0,0,0,0,0,0,0,1,1,0,0,0,0,0,0,0,1,0,0,0,0,0,0,1,0,0,0,0,0,0,0,0,1,0,0,1,1,0,1,0,0,0,2,0,0,0,1,0,0,0,0,0,0,0,0,0,1,0,0,0,0,0,1,0,0,0,1,0,1,0,0,0,1,1,0,0,0,0,1,0,0,1,0,0,0,1,1,1,1,0,0,0,0,0,0,0,0,0,0,0,0,0,0,0,1,1,0,0,0,0,1,0,1,1,1,0,0,1,0,1,1,0,0,0,0,0,0,1,0,0,0,0,0,0,0,0,0,1,0,0,0,0,0,0,2,0,0,0,0,0,0,0,1,0,0,2,1,0,1,1,0,0,1,0,0,0,1,0,0,2,0,0,0,0,1,6,1,1,0,0,0,0,1,0,0,0,0,0,4,1,1,0,0,0,0,0,0,0,0,0,0,0,0,0,0,0,1,0,0,0,1,0,1,0,0,0,0,1,1,1,1,0,0,0,0,2,2,0,0,0,0,0,0,0,0,2,1,0,0,3,0,1,0,0,1,0,0,0,1,0,0,1,0,0,3,0,2,0,0,0,0,0,0,0,0,0,0,1,1,0,0,0,0,0,1,0,0,0,0,0,0,0,0,0,1,1,0,0,0,1,0,0,0,0,0,0,2,0,0,0,0,0,0,0,0,1,1,0,0,0,0,2,0,1,1,0,0,0,0,0,0,0,0,0,0,0,0,0,0,0,0,0,0,0,1,0,1,1,1,0,0,0,0,0,0,0,0,0,1,1,0,0,1,1,1,0,0,0,0,0,0,1,2,0,1,5,0,0,3,0,0,1,0
EIF3E,5,0,2,2,1,1,3,5,1,0,2,3,3,6,3,3,1,0,3,1,2,6,1,0,1,1,0,2,1,7,8,1,7,2,2,0,6,5,8,1,3,3,1,7,3,1,1,3,3,4,1,5,3,0,1,1,0,4,2,1,8,5,1,3,2,4,4,0,4,2,1,14,3,1,1,0,0,2,1,3,1,1,0,5,1,4,2,3,0,5,3,2,5,2,6,4,3,2,0,9,1,5,2,3,1,2,0,0,6,5,2,6,1,3,7,10,0,2,1,3,0,0,2,0,8,2,3,1,4,3,1,4,4,2,3,6,1,7,4,3,2,5,5,12,11,1,2,3,10,0,5,1,1,2,2,4,1,2,1,1,5,4,0,1,1,5,2,4,4,10,6,0,9,5,1,1,3,8,7,3,1,4,0,2,0,4,2,5,4,3,6,3,6,8,6,2,0,2,0,7,4,3,3,4,3,0,3,5,0,2,1,1,0,0,1,1,4,1,1,4,0,5,0,2,10,1,1,2,2,5,7,4,5,7,2,2,1,1,2,1,0,0,6,2,1,1,1,4,6,1,2,2,2,2,0,1,1,7,1,3,3,0,4,5,8,4,3,0,7,7,0,5,1,2,2,1,1,9,5,5,3,1,7,6,13,1,6,1,4,5,8,2,5,1,1,1,5,4,3,3,6,5,1,5,2,2,4,1,6,2,2,0,2,4,0,1,0,10,2,5,1,0,3,1,0,3,2,3,4,2,3,3,7,4,0,1,4,3,7,4,6,4,5,7,3,6,1,1,3,5,1,1,6,5,0,0,2,5,5,1,3,0,3,2,0,4,11,2,5,3,1,2,0,4,1,11,7,3,1,3,1,1,5,3,2,0,1,4,2,0,4,2,1,5,4,0,3,6,0,1,2,3,2,3,4,4,1,4,1,5,2,4,1,5,5,8,0,0,3,2,3,4,7,1,4,7,1,2,0,1,0,3,2,0,1,1,2,0,3,2,1,10,6,2,6,2,1,2,6,1,0,3,4,1,3,8,3,5,5,2,1,7,0,2,5,4,7,5,0,0,2,4,0,2,2,1,4,3,5,0,5,0,1,2,2,8,0,5,5,1,0,4,2,1,0,0,4,6,0,2,1,5,1,1,3,4,3,14,3,2,2,0,4,2,0,1,0,1,3,6,4,3,2,3,3,3,1,2,5,6,3,4,4,0,4,5,1,4,5,4,21,7,4,0,1,3,6,4,4,2,9,3,1,2,3,3,0,6,4,2,0,5,1,2,3,6,1,2,5,1,2,1,5,0,4,2,1,5,4,2,1,2,5,3,3,6,2,1,2,1,2,2,0,3,3,5,7,0,2,3,2,2,2,1,3,12,2,3,2,3,1,1,3,5,14,2,4,5,2,1,6,2,4,0,1,0,4,3,2,7,4,5,0,0,1,3,4,9,5,4,5,0,8,7,1,1,5,3,8,1,0,0,1,2,3,3,3,0,1,1,4,2,4,2,6,0,0,1,4,0,5,4,1,0,4,1,1,1,10,1,0,14,2,5,0,5,1,4,1,1,5,4,2,2,9,2,3,3,1,2,1,5,0,0,3,5,7,5,5,14,0,1,2,5,1,2,1,2,2,4,4,4,3,6,0,2,2,2,2,5,5,1,5,3,8,2,3,3,0,1,1,3,2,0,2,0,1,4,1,1,0,6,3,6,2,1,6,2,3,3,3,2,2,2,3,5,4,0,5,2,5,1,4,3,0,0,1,1,2,8,2,1,3,8,3,3,1,1,6,5,2,5,2,0,2,2,1,6,4,2,4,2,6,5,1,1,0,2,2,1,5,2,3,3,6,4,3,1,0,1,0,1,4,0,1,3,4,2,2,2,4,3,3,0,3,4,2,3,0,3,1,5,4,1,3,2,0,2,0,3,2,0,0,3,2,1,1,1,1,4,5,4,4,0,6,1,1,1,2,5,5,2,5,0,2,0,2,5,3,4,1,3,3,2,3,6,1,5,3,0,7,1,0,3,1,2,5,7,8,1,8,0,5,5,4,0,0,4,6,5,5,3,5,4,3,3,3,1,7,3,1,6,5,1,2,1,1,1,2,5,0,12,2,3,4,0,4,6,1,2,3,4,2,1,4,6,2,1,4,1,1,9,3,2,3,2,5,6,7,1,1,2,0,0,1,3,3,1,2,1,3,13,2,1,5,3,4,2,2,6,0,1,2,13,2,1,2,3,5,0,0,9,0,0,0,2,2,1,1,6,4,2,4,0,3,1,2,1,1,3,8,1,2,7,3,4,4,1,3,4,2,1,5,6,1,0,2,0,5,5,8,14,4,4,0,3,3,1,1,1,6,1,2,2,5,2,2,1,6,1,4,1,7,4,3,5,3,0,0,6,5,12,3,5,0,2,2,1,1,2,4,3,0,1,5,3,9,1,2,4,2,2,3,3,0,3,1,1,2,3,1,4,4,4,3,0,2,1,0,3,5,1,5,0,2,6,0,3,2,1,1,1,0,3,1,3,0,0,1,3,4,2,7,0,3,7,2,5,4,1,6,1,4,0,0,0,1,9,2,1,1,4,4,0,5,0,0,5,1,1,2,0,1,7,4,0,2,5,2,1,3,1,1,2,5,1,4,6,5,1,9,2,3,9,2,0,3,6,2,6,3,2,3,0,2,7,2,1,0,1,6,2,2,4,0,4,3,0,4,0,3,3,2,3,5,4,0,9,6,4,3,5,0,5,3,2,3,5,5,1,3,2,5,3,1,9,2,2,3,3,2,3,0,1,1,1,1,5,4,3,0,1,3,2,4,2,3,14,2,1,6,6,0,2,3,7,0,2,2,3,13,1,10,4,1,2,2,0,0,5,0,0,0,5,0,4,1,3,3,1,3,6,5,3,3,1,2,6,3,3,1,6,5,2,2,0,0,6,3,1,5,1,2,0,1,2,2,1,3,4,4,0,4,1,3,2,4,4,2,1,3,1,2,1,2,2,1,6,4,5,2,2,4,3,1,5,6,0,7,4,2,2,2,0,3,1,1,3,3,2,2,10,1,4,1,0,9,0,1,4,3,1,0,3,0,1,5,2,0,4,2,0,3,2,12,7,2,2,4,5,1,3,0,0,3,1,1,5,4,3,2,4,6,5,5,2,1,1,5,11,2,0,0,5,1,1,1,2,2,1,8,1,3,2,0,3,2,11,3,0,2,0,2,4,3,2,3,3,4,2,4,2,1,5,5,2,0,0,3,3,8,3,1,5,0,0,2,4,1,0,3,7,3,1,1,2,2,1,5,7,7,5,1,1,5,2,5,1,3,2,1,5,4,2,8,2,1,2,2,10,1,2,1,1,9,0,4,1,5,2,2,3,3,4,2,1,4,3,6,7,0,5,1,3,1,7,0,1,2,1,1,5,1,3,6,0,10,5,1,7,2,1,1,0,1,4,2,17,2,2,3,10,5,2,3,0
NT5C3A,0,0,0,0,0,0,1,0,0,0,0,0,0,0,0,0,1,0,0,0,0,0,0,0,0,0,0,1,1,0,0,0,0,0,0,0,0,0,0,0,1,0,0,1,0,1,0,0,0,0,0,0,0,0,0,0,0,1,0,0,0,0,1,0,0,2,0,2,0,0,0,0,0,0,0,0,0,0,0,1,0,0,0,0,0,0,0,0,0,0,0,0,0,2,0,0,0,1,0,0,0,0,0,1,0,0,0,0,0,0,0,0,0,0,0,0,0,0,0,0,0,0,4,1,0,0,0,0,0,0,0,0,0,0,0,0,0,0,0,0,0,0,0,2,0,1,0,0,0,0,0,0,0,0,0,0,0,0,0,0,0,0,0,0,0,0,0,0,1,0,1,0,0,0,1,0,0,0,0,0,0,0,1,1,0,0,0,0,0,0,0,0,0,0,0,0,0,0,2,0,0,0,1,0,1,0,0,1,0,1,0,1,0,0,0,1,0,0,0,0,0,0,0,0,0,0,0,0,1,1,1,0,0,0,0,0,0,0,0,0,1,0,0,0,0,1,0,1,0,0,0,0,2,0,0,1,0,0,0,0,0,0,0,0,0,0,0,0,0,0,0,1,0,1,0,0,0,0,0,0,0,0,0,0,0,0,0,0,0,0,0,0,0,0,0,0,0,0,1,0,1,0,0,0,0,0,0,1,1,0,0,0,0,0,1,0,0,0,0,0,0,0,0,0,1,0,0,2,0,0,0,1,0,1,0,0,0,0,0,1,0,0,0,2,2,0,0,0,1,0,0,0,0,0,0,1,0,0,1,0,0,0,0,0,0,0,1,0,0,0,0,0,0,1,0,1,0,0,0,0,0,0,1,0,1,0,1,1,0,0,3,0,0,1,0,0,0,0,0,1,0,0,0,0,0,0,0,0,1,0,0,0,0,0,0,0,0,0,1,0,0,0,3,0,0,0,0,0,0,1,1,0,0,0,0,0,0,1,0,0,0,0,0,1,0,0,1,0,0,0,0,0,0,0,0,0,0,0,0,0,0,0,0,0,0,0,1,0,0,0,0,0,0,0,0,0,0,0,0,0,0,0,0,1,0,0,0,0,0,0,0,0,1,1,0,0,0,0,0,0,0,0,0,0,0,0,0,1,0,0,0,0,0,0,0,0,1,0,0,0,0,0,0,0,0,0,0,0,0,0,0,2,0,0,0,0,0,0,0,0,0,0,0,0,0,0,0,0,0,1,0,1,0,1,0,0,0,0,0,0,0,0,1,0,0,0,0,0,0,0,1,0,0,0,0,0,0,0,0,0,0,0,0,0,0,0,2,0,0,0,0,1,0,0,0,0,0,1,0,0,0,0,0,0,1,0,0,1,0,0,0,1,0,0,0,0,0,0,0,0,1,0,0,0,0,0,0,0,0,0,0,0,0,0,0,0,0,1,0,0,0,0,0,0,0,0,0,0,0,0,0,0,0,1,2,0,0,1,0,0,0,0,1,0,0,1,0,0,0,0,0,0,0,0,0,0,0,0,0,0,0,1,0,0,0,0,0,0,0,0,0,0,0,0,0,0,0,0,1,1,0,0,0,0,0,0,0,0,0,1,0,1,0,0,0,0,0,2,0,0,2,1,0,0,0,0,1,0,0,0,0,1,1,0,0,0,1,0,0,0,0,0,0,0,0,0,1,0,0,0,0,1,0,0,0,0,0,2,1,0,0,0,1,0,0,1,0,0,0,1,0,1,0,0,0,0,1,1,0,0,0,0,0,0,0,1,0,0,0,0,0,0,0,0,0,1,0,0,0,0,0,0,0,0,0,0,0,0,0,0,0,0,1,0,0,0,0,0,0,1,0,0,0,0,0,0,0,0,2,0,0,0,0,0,0,0,0,0,0,1,0,0,1,0,1,1,0,0,0,0,1,0,0,0,0,0,0,0,0,0,0,0,0,0,0,0,0,0,0,0,0,0,0,1,0,1,0,0,0,0,0,0,0,0,0,0,0,0,0,0,0,0,0,0,0,0,1,0,0,0,1,0,0,0,0,0,0,0,0,0,0,0,0,0,0,0,0,0,0,1,0,0,0,1,0,0,0,1,0,0,0,2,0,0,0,0,1,1,0,0,0,0,0,0,0,1,0,0,0,0,0,0,0,0,0,0,0,0,0,1,0,0,0,0,0,0,0,0,0,0,0,0,0,0,0,0,0,0,0,0,0,0,0,0,0,0,0,0,0,0,1,0,0,0,0,0,0,0,1,0,0,0,0,0,0,0,0,1,0,0,0,0,0,1,1,0,0,0,0,0,1,0,0,0,0,0,0,0,0,1,1,0,0,0,0,0,1,0,0,0,0,1,0,1,0,1,0,0,0,0,0,0,0,0,0,0,0,0,0,0,0,0,0,0,0,0,0,0,0,0,0,1,0,0,0,0,1,0,0,0,0,0,0,0,0,2,0,3,0,0,0,0,0,1,0,0,0,1,0,0,0,0,1,0,0,0,0,0,1,0,0,0,0,0,0,0,0,0,1,0,0,0,0,0,1,0,0,0,1,0,1,0,2,0,0,0,0,0,0,0,0,0,1,0,0,0,0,0,0,0,0,0,0,0,0,0,0,0,0,0,1,0,0,0,0,0,0,1,0,1,1,0,0,0,0,0,0,0,0,1,0,1,0,0,0,0,0,0,0,0,0,0,0,1,1,0,0,0,2,0,0,0,0,0,0,0,0,0,0,0,0,0,0,0,0,0,0,1,1,0,1,0,0,0,0,1,0,0,0,0,0,0,0,0,0,1,0,0,0,0,0,0,0,0,0,2,0,0,1,1,0,0,0,0,0,0,0,0,0,0,0,0,0,0,0,0,0,0,0,0,0,0,0,0,0,0,0,0,1,0,0,0,0,0,0,0,0,0,0,1,0,0,2,0,0,1,0,1,0,0,0,0,0,0,0,0,0,0,1,0,0,0,0,0,0,0,2,0,0,0,0,0,0,0,0,0,0,0,0,1,0,0,0,0,0,0,0,0,4,0,0,0,0,0,1,0,0,0,1,0,1,0,0,1,0,0,0,0,0,0,0,0,0,0,0,0,0,0,0,0,0,0,0,0,0,0,0,0,0,0,0,0,0,0,0,0,0,0,0,0,0,0,0,0,0,0,0,0,0,0,0,0,0,0,0,0,0,0,0,0,0,0,0,0,0,0,0,0,0,0,0,1,0,0,0,0,0,0,0,0,0,1,1,0,0,0,0,0,0,0,0,0,0,2,0,0,1,0,0,0,0,0,0,0,0,0,1,1,0,0,2,0,0,0,2,0,0,0,0,0,0,0,0,0,1,0,0,0,0,0,0,0,0,0,0,1,0,0,0,0,0,0,0,0,0,0,0,1,0,0,1,0,0,0,0,0,0,0,0,0,1,0,0,0,0,0,0,0,0,0,0,0,0,0,0,0,0,0,0,0,0,0,0,0,0,0
RRAS2,0,0,0,0,0,0,0,0,0,0,0,0,0,0,0,0,0,0,0,0,0,0,0,0,0,0,0,0,0,0,0,0,0,0,0,0,0,0,0,1,0,0,0,0,0,0,0,0,0,0,0,1,0,1,2,0,0,0,0,0,0,0,0,0,0,0,0,0,0,0,0,0,0,0,0,0,1,0,0,0,0,0,0,0,0,0,0,0,0,1,0,0,0,0,0,0,0,0,0,0,0,0,0,0,0,0,0,1,0,0,1,0,0,0,0,0,0,0,0,0,0,0,0,0,0,0,0,1,0,1,0,0,0,0,0,0,0,0,0,1,0,0,0,0,0,1,0,0,0,0,0,0,0,0,0,0,0,0,0,0,0,0,0,0,0,0,0,0,0,0,0,0,0,0,0,0,0,0,0,0,0,0,0,0,0,1,0,0,0,0,0,0,0,0,0,0,0,1,0,0,0,0,0,0,0,1,0,1,0,1,0,0,0,0,0,0,0,1,0,0,0,0,0,0,0,0,0,0,0,0,1,0,0,0,0,0,0,1,0,0,0,0,0,0,0,1,1,0,0,0,0,0,0,0,1,0,0,0,0,0,0,0,1,0,0,0,0,0,0,0,1,0,0,0,0,0,0,0,0,0,0,0,0,0,0,0,0,1,0,0,0,0,0,1,0,0,0,0,0,0,0,0,0,0,0,0,0,0,0,0,0,0,0,0,0,3,0,1,0,0,0,1,0,0,0,0,0,0,0,0,0,0,0,0,0,0,0,0,0,0,0,0,0,0,0,0,0,0,0,0,0,0,0,0,0,0,0,0,0,0,1,0,0,0,1,0,0,0,0,0,1,0,0,0,0,0,0,0,0,0,0,0,0,1,0,0,0,1,0,0,0,0,0,0,0,0,0,0,0,0,0,0,0,0,0,0,0,0,0,0,0,0,0,0,1,0,0,1,0,0,0,0,3,0,0,0,1,0,0,0,0,0,1,0,0,0,0,0,0,0,0,0,0,0,0,0,0,0,0,0,0,0,0,0,0,0,0,0,1,0,0,0,0,0,0,0,0,0,0,0,0,0,0,0,0,0,0,0,0,0,0,0,1,0,0,0,1,0,0,0,0,0,0,1,0,0,0,0,0,0,0,0,0,0,0,0,0,0,1,0,0,0,0,0,0,0,0,0,0,0,0,0,0,0,0,0,0,0,0,0,0,0,0,0,0,0,1,1,0,0,0,0,0,0,0,0,0,0,0,0,0,0,0,0,0,0,1,0,0,0,0,0,0,0,0,0,0,0,0,1,1,0,0,0,0,0,1,0,0,0,0,0,0,0,0,0,0,0,0,0,0,0,0,0,0,1,0,1,0,0,0,0,0,0,0,0,0,0,0,0,0,0,0,0,0,0,0,0,0,0,0,0,0,0,0,0,0,0,0,0,0,0,0,0,0,0,0,0,0,0,0,0,0,0,0,3,0,0,0,0,0,0,0,0,0,0,0,0,0,0,0,0,0,1,0,0,0,0,0,0,0,0,0,0,0,0,0,0,0,0,0,0,1,0,0,0,0,0,0,0,0,0,0,0,0,0,0,0,0,0,0,0,0,0,1,0,0,0,0,0,0,0,0,0,0,0,1,1,0,0,0,0,0,0,2,0,0,0,0,0,1,0,0,0,0,0,0,0,0,0,0,0,0,0,0,0,0,0,0,0,0,0,0,0,0,1,0,0,0,0,0,0,0,0,0,0,0,0,0,0,0,0,0,0,0,0,0,0,0,0,0,0,0,0,0,0,0,0,0,0,0,0,0,0,0,0,0,0,0,0,0,0,0,0,0,0,0,0,0,0,0,0,0,0,0,0,0,0,0,1,0,0,0,0,0,0,0,0,0,0,0,0,0,0,0,0,0,0,0,0,0,0,0,0,0,2,0,0,1,0,0,0,0,0,0,0,0,0,0,0,0,0,0,0,0,0,0,0,0,0,0,0,0,1,0,1,0,0,0,0,0,1,0,0,0,0,1,0,0,0,0,0,0,0,0,0,1,0,0,0,0,0,0,0,0,0,0,0,0,1,0,0,0,0,0,0,0,0,0,0,0,0,0,0,0,0,0,0,0,0,0,0,1,1,1,0,0,0,0,0,1,0,0,0,1,0,0,0,0,1,0,0,0,0,0,0,0,0,0,0,1,0,0,0,0,0,1,0,0,0,0,0,0,0,0,1,0,0,0,0,0,0,0,0,0,0,0,0,0,0,1,0,0,0,0,1,1,0,0,0,0,0,0,0,0,0,1,0,0,0,0,0,0,0,0,0,0,0,0,0,0,0,0,0,1,0,0,0,0,0,0,0,1,0,0,0,0,0,0,0,0,0,0,0,0,0,0,0,0,0,0,0,0,0,0,0,0,0,0,0,0,0,0,0,0,0,0,0,0,0,0,0,1,0,0,0,0,0,0,1,0,0,0,0,0,0,0,0,0,0,0,0,0,0,0,0,0,0,0,0,0,0,0,0,0,0,0,0,1,0,0,0,0,0,0,0,0,0,0,0,0,0,0,0,0,0,0,0,0,0,0,0,0,0,0,0,0,0,0,0,0,0,0,0,0,2,0,0,0,0,0,0,0,0,0,0,0,0,0,0,0,0,0,0,0,0,0,0,0,0,0,0,0,0,0,0,0,0,0,0,0,0,0,0,0,0,0,0,0,0,0,0,0,0,1,1,0,0,0,0,0,0,0,0,0,0,0,0,0,0,1,0,0,0,0,1,0,0,0,0,0,0,0,0,1,0,0,0,0,0,0,0,0,0,1,0,0,0,0,0,0,0,0,0,0,0,0,0,1,1,0,1,0,0,0,0,0,0,0,0,0,0,0,0,0,0,0,0,0,0,0,0,0,0,0,0,0,0,0,0,0,0,0,0,0,0,0,0,0,0,0,0,0,0,0,0,0,0,0,0,0,0,0,0,0,0,0,0,0,0,0,0,0,0,0,0,0,0,0,0,0,0,0,0,1,0,1,0,0,0,0,0,0,0,0,0,0,1,1,1,0,0,0,0,0,0,0,0,0,0,0,0,0,0,0,0,0,1,0,0,0,0,0,0,1,0,0,1,0,0,0,0,0,0,0,0,0,0,0,0,0,0,0,0,0,0,0,0,0,0,0,2,0,0,0,0,0,0,0,0,0,0,0,0,0,0,0,0,0,0,0,0,0,1,0,0,0,0,0,0,0,1,0,0,0,0,0,0,0,0,0,0,0,0,0,0,0,2,0,0,0,0,0,0,0,0,0,0,0,1,0,0,1,2,0,0,0,0,0,0,0,0,0,0,0,0,0,0,0,0,0,0,0,0,0,0,0,1,0,0,0,0,0,0,0,0,0,0,0,0,0,0,0,0,0,0,0,1,0,0,1,0,0,1,0,0,0,0,0,0,0,0,0,0,0,0,0,0,0,0,0,0,0,0,0,0,0,0,0,0,0,0,0,0,0,0
TMEM156,0,0,0,0,0,0,0,0,0,0,1,0,0,0,0,0,0,0,0,0,0,0,0,0,0,1,0,0,0,1,1,0,1,0,0,0,0,0,0,1,0,0,0,0,0,0,0,0,0,0,0,0,0,0,0,0,0,0,0,0,0,0,0,0,0,0,0,0,0,0,0,0,0,0,0,1,0,0,0,0,0,0,0,0,0,0,0,0,0,0,1,0,0,0,0,0,0,0,0,0,0,0,0,0,0,0,0,0,0,0,0,0,0,0,0,0,0,0,0,0,0,0,0,0,1,0,0,0,0,0,0,0,0,2,0,0,0,0,0,0,0,0,0,0,0,0,0,0,0,1,0,0,0,0,0,0,0,0,0,0,0,0,0,0,0,0,1,0,0,0,0,1,0,0,0,0,0,0,0,0,0,0,0,0,0,0,0,0,0,0,0,0,0,0,0,0,0,0,0,1,0,0,0,0,0,0,0,0,0,0,0,0,0,0,0,0,0,0,0,1,0,0,0,0,0,0,1,0,0,0,0,0,0,0,0,0,0,0,0,0,0,0,0,0,0,1,0,0,0,0,0,0,0,0,0,0,0,0,0,0,0,0,0,0,0,0,0,0,0,0,0,2,0,0,0,0,0,0,0,0,0,0,0,0,0,0,0,1,0,0,0,0,0,0,0,0,0,0,0,0,0,0,0,0,0,0,0,0,0,0,0,0,0,0,0,1,0,0,0,0,0,0,0,0,0,1,0,0,0,0,0,0,0,2,0,0,0,0,0,0,0,0,0,0,1,0,0,0,0,0,0,0,0,0,0,0,3,0,0,0,0,0,1,0,0,0,0,0,0,0,0,0,0,0,0,0,0,0,1,0,0,0,0,0,0,0,0,0,0,0,0,0,0,0,0,0,0,0,0,0,0,0,0,0,0,0,0,1,0,1,1,0,0,0,0,0,0,0,0,0,0,0,1,0,0,0,1,0,0,0,0,0,0,0,0,0,0,0,0,0,0,0,0,0,1,0,0,0,0,0,0,0,0,0,0,0,0,0,0,1,0,0,0,0,0,0,0,0,0,0,0,0,0,0,1,0,0,0,0,0,0,0,0,0,0,0,0,0,0,1,0,0,1,0,0,0,0,0,1,0,0,0,0,0,0,0,0,0,0,0,0,0,0,0,0,0,0,0,0,0,0,0,0,0,0,0,0,1,0,0,0,1,1,0,1,0,1,0,0,0,0,1,0,0,0,0,0,0,0,0,0,0,0,0,0,0,0,0,0,0,0,0,0,0,0,0,0,0,0,1,0,0,2,0,0,0,0,0,0,0,0,0,0,0,0,1,1,0,0,0,0,0,0,0,0,0,0,0,3,0,0,0,0,0,0,0,0,0,0,0,0,0,0,1,1,0,0,0,0,0,1,0,0,0,1,0,0,0,0,0,0,0,0,0,0,1,0,0,0,2,0,0,0,0,0,1,0,0,0,0,0,0,0,0,0,0,0,0,0,0,0,0,0,1,1,0,0,0,0,0,0,0,0,0,0,0,0,0,0,0,0,0,0,0,0,0,0,1,0,0,0,0,0,0,0,0,0,0,2,0,0,0,0,0,0,0,0,0,1,1,0,0,0,0,0,0,1,0,0,0,0,0,0,0,0,0,0,0,0,0,0,0,0,0,1,0,0,1,0,0,0,0,0,0,0,0,0,0,0,0,0,0,0,0,0,0,0,0,0,0,1,0,0,0,0,2,0,0,0,0,0,0,0,0,0,0,0,0,0,0,0,0,0,0,0,0,0,0,0,0,0,1,0,0,0,0,0,0,0,0,0,0,0,0,0,0,0,0,1,0,1,0,0,0,0,0,0,0,0,0,0,0,2,0,0,0,0,1,0,0,0,0,0,0,0,0,0,0,0,1,0,0,2,0,0,0,0,0,0,0,0,0,0,0,0,0,0,0,0,0,0,0,0,0,0,0,1,0,0,0,1,0,0,0,0,1,0,0,0,0,0,0,0,0,0,0,0,0,1,0,0,0,0,0,0,0,1,0,0,0,2,0,0,0,0,0,0,1,0,0,0,0,0,0,0,0,0,0,0,0,0,0,0,0,0,0,0,0,0,1,0,0,0,0,0,0,0,0,0,0,0,0,1,0,0,0,0,0,0,0,0,0,0,0,0,0,1,0,0,0,1,0,0,1,0,0,0,0,0,0,0,0,0,0,0,0,0,0,0,0,0,0,0,0,0,0,0,0,0,0,0,0,0,1,1,0,0,0,0,1,0,0,0,0,0,1,0,0,0,0,0,0,0,1,0,0,0,0,0,0,0,0,0,0,0,0,0,0,0,0,0,0,0,0,0,0,0,0,0,0,0,0,0,0,0,1,0,0,0,0,0,0,0,0,0,0,0,0,0,0,0,0,0,0,0,0,0,0,0,0,0,0,0,0,0,0,0,0,0,0,0,0,0,0,0,0,0,2,1,0,0,0,0,0,0,0,0,0,0,0,0,0,0,0,0,0,0,1,0,0,0,0,2,0,0,0,0,0,0,0,0,0,0,0,2,1,0,0,0,1,0,0,0,0,0,0,0,1,0,0,0,0,0,1,0,0,0,0,0,0,0,0,0,0,0,1,0,1,0,0,0,0,0,0,0,0,0,0,0,0,0,0,0,1,0,1,0,0,1,0,0,0,0,0,0,0,0,0,0,0,0,1,0,0,0,0,0,1,0,0,1,0,0,2,0,0,0,0,1,0,1,0,0,0,0,0,0,0,0,0,0,0,0,1,2,0,0,0,0,0,0,0,0,0,0,0,0,0,0,0,0,0,0,0,0,0,1,0,1,1,0,2,0,0,0,0,0,0,0,0,0,0,0,0,1,0,0,0,0,0,0,0,1,0,0,0,0,0,0,0,0,0,1,0,0,0,0,0,0,0,0,0,0,0,0,0,0,0,0,0,0,0,1,0,0,1,0,1,0,0,0,0,0,0,0,0,1,0,0,0,0,0,0,0,0,0,0,2,0,0,0,0,0,0,0,0,0,0,0,0,0,2,0,0,0,0,0,0,0,0,0,0,0,0,0,0,0,0,0,0,0,0,0,0,0,0,0,0,0,1,0,0,0,0,0,0,1,0,0,0,0,0,0,0,0,1,0,0,0,1,0,1,0,0,2,0,0,0,1,0,0,0,0,0,0,0,0,0,0,0,1,0,0,0,0,1,0,0,1,0,0,0,0,0,0,0,0,0,0,0,0,0,0,0,0,0,0,0,0,0,0,0,0,0,0,0,0,0,0,0,0,0,0,0,0,0,0,0,0,0,0,0,0,0,0,0,0,0,0,0,0,0,1,0,0,0,0,0,0,0,0,0,0,0,0,0,0,0,0,0,0,0,0,0,0,0,0,0,0,0,0,0,0,0,0,0,0,0,0,0,0,0,0,0,0,0,1,0,0,0,0,0,0,0,0,0,0,0,0,0,0,0,0,0,0,1
RAB37,0,1,0,0,0,0,0,0,0,0,0,0,0,0,0,0,0,0,0,0,0,0,0,0,0,0,0,0,1,0,1,0,0,0,0,1,0,0,0,2,0,1,0,0,0,0,0,0,0,0,0,0,0,0,0,0,0,0,0,0,0,0,0,0,0,0,0,0,0,0,0,0,0,0,0,0,0,0,0,0,0,0,0,0,1,0,0,0,1,0,0,0,0,0,0,0,0,0,1,1,0,0,0,0,0,0,0,1,1,0,0,0,0,0,0,1,0,0,0,0,0,0,0,0,0,0,0,0,0,0,0,0,0,0,0,0,0,0,0,0,0,2,0,0,0,0,0,0,0,0,0,0,0,0,0,0,0,0,0,0,0,0,0,0,0,0,0,0,1,0,0,0,0,0,0,0,0,0,0,0,0,0,0,0,0,1,0,0,1,1,0,0,0,0,1,0,0,0,0,0,0,0,0,0,0,1,0,2,0,0,0,0,0,0,1,0,0,0,0,0,0,0,0,0,0,1,0,0,0,0,0,0,0,1,0,0,0,1,0,0,0,0,0,0,0,0,0,0,0,0,0,0,0,1,0,0,0,0,0,0,0,0,0,0,0,0,0,0,0,0,1,0,0,0,0,0,0,0,0,0,0,0,0,1,0,0,0,0,0,0,0,0,0,0,2,0,0,0,0,0,0,0,0,0,0,0,0,0,0,0,0,0,0,0,0,1,0,0,0,0,0,0,0,0,0,0,0,0,0,0,0,0,0,1,0,0,0,0,0,0,0,0,0,0,0,0,0,0,1,0,0,0,1,0,0,0,0,0,0,0,0,0,0,0,0,0,0,0,0,0,0,0,0,0,0,0,0,0,0,0,0,0,0,0,0,0,0,0,0,0,0,0,0,0,0,0,1,0,2,0,0,0,1,0,0,0,0,0,1,1,0,0,0,0,0,0,0,0,0,0,0,0,0,0,1,0,0,0,0,0,0,0,0,0,0,0,0,0,0,0,1,0,0,0,0,0,0,0,0,0,1,0,0,0,0,0,0,1,0,0,0,0,1,0,0,0,0,0,0,0,0,0,1,0,0,0,0,0,0,0,0,1,0,0,0,0,0,0,0,0,0,0,0,0,0,0,0,0,0,1,0,0,0,0,0,0,0,0,1,0,0,0,0,0,0,0,2,0,0,0,0,0,0,0,0,0,0,0,0,0,0,1,0,0,0,0,0,0,0,0,1,0,0,0,0,0,0,0,0,0,0,0,0,0,0,1,0,0,0,0,0,0,0,1,0,0,0,0,0,0,0,0,0,0,0,0,0,0,0,0,1,0,0,0,0,0,1,0,0,0,0,0,0,0,0,1,0,1,0,0,1,0,0,0,0,0,0,0,0,0,0,0,0,0,0,0,0,0,0,0,0,0,0,0,0,1,0,0,0,0,0,0,0,1,0,0,1,0,0,0,0,0,0,1,0,1,0,0,0,0,0,0,0,0,0,0,1,0,0,0,0,0,0,0,0,0,0,0,0,0,0,0,0,0,0,0,0,0,0,0,0,0,0,0,0,0,0,0,0,0,0,0,0,0,0,0,0,0,0,0,1,0,0,1,0,0,0,0,0,1,0,1,1,0,0,0,0,0,0,0,0,0,0,1,0,0,0,0,0,0,1,0,0,0,1,0,0,0,0,0,0,0,0,0,0,0,0,0,0,0,1,0,0,2,0,0,0,0,0,0,0,0,0,0,0,0,0,0,0,0,0,0,0,0,0,0,0,0,0,0,0,0,0,0,0,1,0,0,0,0,0,0,0,0,0,1,0,1,0,0,0,0,0,0,0,0,0,0,1,0,0,0,0,0,0,0,0,0,1,0,0,0,0,0,0,0,0,0,0,0,1,0,0,0,0,0,0,0,0,0,0,0,1,0,0,0,1,0,0,0,0,0,0,0,1,0,0,0,0,0,0,0,0,0,0,0,1,0,0,0,0,0,0,0,0,0,0,0,0,0,0,1,0,0,0,0,0,0,0,0,0,0,1,0,0,0,0,0,0,0,2,0,0,0,0,0,0,0,0,0,0,0,0,1,0,0,0,0,0,0,1,0,0,0,0,0,0,0,1,0,0,0,0,0,0,1,0,1,0,1,0,0,0,0,0,0,2,0,0,0,0,0,0,0,0,0,0,0,0,0,0,0,0,0,0,0,0,0,0,0,0,0,0,0,0,0,0,1,0,0,0,0,0,0,0,0,1,0,0,0,0,0,0,0,0,0,0,0,1,0,0,0,0,0,0,0,0,0,1,0,0,0,0,0,0,0,0,0,0,0,0,0,0,0,1,0,0,0,0,0,0,0,0,0,0,0,0,0,0,0,0,2,2,0,0,0,0,0,0,0,0,0,0,0,0,0,0,2,0,0,0,0,0,3,0,0,0,0,0,0,0,0,0,0,0,1,0,0,0,0,0,0,0,1,1,0,0,0,0,0,0,0,0,0,1,0,0,0,0,0,0,0,0,0,0,0,0,0,0,2,0,0,1,0,0,0,0,0,0,0,0,0,0,0,0,0,1,0,0,0,0,0,0,0,2,0,1,0,1,0,1,0,0,0,0,0,0,0,0,0,0,0,0,0,0,0,0,0,0,0,0,0,0,0,0,1,0,0,0,0,0,1,0,0,0,0,0,1,1,0,0,0,0,1,0,0,1,0,0,1,0,0,0,0,0,0,0,0,0,0,0,0,0,0,0,0,0,0,0,0,0,0,1,0,0,0,0,0,0,0,0,0,0,1,0,0,0,0,0,0,0,1,0,0,0,0,1,0,0,0,0,2,0,0,0,0,0,0,0,0,0,0,0,0,0,0,0,1,0,0,0,0,0,0,0,0,0,1,0,0,0,0,0,0,0,0,1,0,0,0,1,0,0,0,0,0,0,0,0,0,0,0,0,0,0,0,1,0,0,0,1,0,0,0,0,0,0,0,0,0,0,2,1,0,0,1,0,0,0,0,0,0,0,0,1,0,1,0,0,0,0,0,0,0,0,0,0,0,0,0,0,0,0,0,0,0,0,0,0,0,0,0,0,0,0,0,0,0,0,1,0,1,0,0,0,0,1,0,0,0,0,0,0,0,0,0,0,0,0,1,0,0,0,0,0,1,0,0,0,0,0,0,0,0,0,0,0,0,0,0,0,0,1,0,0,0,0,0,0,0,0,0,0,0,0,0,0,0,0,0,0,1,0,1,0,0,0,0,0,0,0,0,0,0,0,0,2,0,0,0,0,0,0,0,0,0,0,0,0,0,0,0,0,1,0,0,0,0,0,1,0,0,0,0,0,1,1,0,0,0,0,0,0,0,0,0,0,0,0,0,0,0,0,0,0,0,0,0,0,0,0,0,0,0,0,0,0,0,0,0,0,1,0,1,0,0,0,0,0,0,0,0,0,0,0,0,0,1,2,0,0,0,0,0,0,0,0,0,0,0,0,0,0,0,0,2
SEL1L3,0,0,0,0,0,0,0,0,0,1,0,0,0,0,0,0,0,0,0,0,1,0,0,0,0,0,0,0,0,1,0,0,1,0,0,0,0,0,0,0,0,0,0,0,1,0,0,0,0,0,0,0,0,0,0,0,0,0,0,0,0,0,0,0,0,2,0,0,0,0,0,0,0,0,0,0,0,0,0,0,0,0,0,0,0,0,0,0,0,0,0,0,0,0,0,0,0,0,0,2,0,0,0,0,0,0,0,0,0,0,0,0,0,0,0,0,0,0,0,0,0,0,0,0,0,0,0,1,0,0,0,0,1,0,0,0,0,0,0,0,0,0,0,1,0,0,0,0,0,0,0,0,0,0,0,0,0,0,0,1,0,0,0,0,0,0,0,0,0,0,0,0,0,0,0,0,0,0,0,0,1,0,1,1,0,0,1,0,0,0,0,0,0,0,0,0,0,0,0,1,0,0,0,0,0,0,3,1,0,0,0,0,0,0,0,0,0,1,0,0,0,0,1,0,0,0,0,0,0,0,0,0,0,0,0,0,0,0,0,0,0,0,0,0,0,1,0,0,0,0,0,0,1,0,0,0,0,0,0,0,0,0,0,0,0,0,0,0,0,0,0,0,0,0,0,0,0,0,0,0,0,0,0,0,0,0,0,0,0,0,0,0,0,0,0,0,0,0,0,0,0,0,0,0,0,0,0,0,0,0,0,0,0,0,0,0,0,0,0,0,0,0,0,0,0,0,0,0,0,0,0,0,0,0,0,0,0,0,0,0,0,0,0,0,0,0,0,0,0,0,0,0,0,0,0,0,0,0,0,0,0,1,0,0,0,0,0,0,0,0,0,0,0,0,0,0,0,2,1,0,0,1,0,0,0,0,0,1,0,1,0,0,0,0,0,0,0,0,0,0,0,0,0,0,0,0,0,1,0,0,1,0,0,0,0,0,0,0,0,0,0,0,0,0,0,0,0,0,0,1,0,0,1,0,0,0,0,0,0,0,0,0,0,0,0,0,0,0,1,0,0,0,0,0,0,0,0,0,0,2,0,0,0,0,1,0,0,0,0,0,0,0,0,0,0,0,0,0,1,0,0,0,1,0,0,0,0,0,0,0,0,0,0,0,0,0,0,0,0,0,0,0,0,0,0,0,1,0,0,0,0,0,0,0,1,0,0,0,0,0,1,0,0,0,0,0,0,0,0,0,0,1,0,0,0,0,0,2,0,0,0,0,0,0,0,0,0,0,0,0,0,0,0,0,0,0,0,0,0,0,0,0,1,0,0,0,0,0,0,0,0,0,0,0,0,0,0,0,0,0,0,0,0,0,0,0,0,0,0,0,0,0,0,0,0,0,0,0,0,0,0,0,0,0,0,0,0,0,0,0,0,1,0,0,0,0,0,0,0,0,0,0,0,0,0,0,0,0,1,0,0,0,0,0,0,0,0,0,0,0,0,0,0,0,0,0,2,0,0,0,0,0,0,0,0,0,0,0,0,0,0,1,0,0,0,0,0,0,0,1,0,0,0,0,0,1,0,0,0,0,0,0,0,0,0,0,1,0,0,0,0,0,0,0,0,0,0,0,0,0,0,0,0,0,0,0,0,0,0,0,2,0,1,0,0,0,0,0,0,0,0,0,0,0,0,0,0,0,0,0,0,0,0,0,1,0,0,1,0,0,0,0,0,0,0,0,2,0,0,0,0,0,0,0,0,0,0,0,0,0,0,0,0,0,0,0,0,0,0,0,0,0,0,0,0,0,0,0,0,0,0,0,0,0,0,0,1,0,0,0,0,0,0,0,0,0,0,0,0,0,0,0,0,0,0,0,0,0,1,0,0,0,0,0,0,0,0,0,0,0,0,1,0,2,0,0,0,0,0,0,0,0,0,0,0,0,0,0,0,0,0,0,0,0,0,0,0,0,0,0,1,0,0,0,0,0,0,0,1,0,0,0,0,0,1,0,0,0,0,0,0,0,0,0,0,0,0,0,1,0,0,0,0,0,0,0,0,0,0,0,0,0,0,0,0,0,0,0,0,0,1,0,0,1,0,0,0,0,0,0,0,0,0,0,0,0,0,0,0,1,0,0,0,0,0,0,0,0,1,0,0,1,0,0,0,0,0,0,0,0,0,0,0,0,0,0,0,0,0,0,0,0,0,0,0,0,0,0,0,0,0,2,0,0,0,0,0,0,0,0,0,0,0,0,1,0,0,0,0,0,0,0,0,0,0,0,0,0,0,0,0,0,0,0,0,0,0,1,0,0,0,0,0,0,0,0,0,0,0,0,0,0,0,0,0,0,1,0,0,0,1,0,0,0,0,0,1,0,0,0,2,0,0,0,0,0,0,0,0,0,0,1,0,0,0,0,0,0,0,0,0,0,0,0,0,0,0,0,0,0,0,0,0,0,0,0,0,0,0,0,0,0,0,0,0,0,0,0,0,0,5,0,0,0,0,0,1,0,1,0,0,0,0,0,0,0,0,0,0,0,0,0,0,0,0,0,0,0,0,0,0,0,0,0,0,0,0,0,0,0,0,0,0,0,1,0,0,0,0,0,0,0,0,1,0,0,0,1,0,0,0,0,0,0,0,0,0,0,0,0,0,0,0,0,0,0,0,0,0,0,0,0,0,0,0,0,0,0,0,0,0,0,0,1,0,0,0,0,1,1,0,0,0,0,1,0,0,0,0,0,0,0,0,0,0,0,0,0,0,0,0,0,0,0,0,0,0,0,0,0,0,0,0,0,0,0,0,0,0,0,0,1,0,0,2,0,0,0,0,0,0,0,0,0,0,1,0,0,0,0,0,0,0,0,0,1,0,0,1,0,0,0,0,0,0,0,0,0,0,0,0,0,0,0,0,0,0,0,0,0,0,0,0,0,0,0,0,0,0,0,0,0,1,0,0,0,1,0,1,0,0,0,0,0,0,2,0,0,0,0,0,0,0,0,0,0,0,0,0,0,0,0,0,0,0,0,0,0,0,0,0,0,0,0,0,0,0,0,0,0,0,0,0,3,0,0,0,0,0,0,0,0,0,0,0,1,0,0,0,0,0,0,0,0,0,0,1,0,0,0,0,0,0,0,0,0,0,1,0,0,0,0,0,0,0,0,0,0,0,0,0,0,0,0,0,0,0,0,0,0,0,0,0,0,0,0,0,0,1,0,0,0,0,0,0,0,0,1,0,0,0,0,0,0,0,2,0,1,0,0,0,0,0,0,0,1,0,0,1,0,0,0,0,0,0,0,0,0,0,0,0,0,0,1,0,0,0,0,1,0,0,0,0,0,0,0,0,0,0,0,0,0,0,0,1,0,0,0,0,0,0,0,0,0,0,0,0,0,0,0,0,0,0,0,0,0,0,0,0,0,0,0,0,0,0,0,0,1,0,0,0,0,0,0,0,0,0,1,0,0,0,0,0,0,0,0,0,0,0,0,0,0,0,0,0,0,0,0,0,0,0,0,0,0,0,0
RASGRP3,0,0,0,0,0,0,0,0,0,0,0,0,0,0,0,0,0,0,0,1,0,0,0,0,0,0,0,0,0,0,0,0,0,0,0,0,0,0,0,1,0,0,0,0,0,0,0,0,0,0,0,0,0,0,0,0,0,0,0,0,0,0,0,0,0,0,0,0,0,0,0,0,0,0,0,0,0,0,0,0,1,0,0,0,0,0,0,0,0,0,0,0,0,0,0,0,0,0,0,1,0,0,0,0,1,0,0,0,0,0,0,0,0,0,0,0,0,0,0,0,0,0,0,0,0,0,0,0,0,0,0,0,0,0,0,0,0,0,0,0,0,0,0,0,0,0,0,0,0,0,0,0,0,0,0,0,0,0,0,0,0,0,0,0,0,0,0,0,0,0,0,0,0,0,0,1,0,0,0,0,0,0,0,0,0,1,0,0,0,0,0,0,0,0,0,0,0,0,0,0,0,0,0,0,0,0,1,0,2,0,0,0,0,0,0,0,0,0,0,0,0,0,0,0,0,0,0,0,0,0,0,0,0,0,0,0,0,0,0,0,0,0,0,0,0,0,0,0,0,0,0,0,0,0,0,0,0,0,0,0,0,0,0,0,0,0,0,0,0,0,0,0,0,0,0,0,0,0,0,0,0,0,0,0,1,0,0,2,0,0,0,0,0,0,0,0,0,0,0,0,0,0,0,0,0,0,0,0,0,0,0,0,0,0,0,0,0,0,1,0,0,0,0,0,0,0,0,0,0,0,0,0,0,0,0,0,0,0,0,0,0,0,0,0,0,0,0,0,0,0,0,0,0,0,0,0,0,0,0,0,0,0,0,0,0,0,1,0,0,0,0,0,0,0,0,0,0,0,0,0,0,0,0,0,0,0,0,0,0,0,0,0,0,0,0,0,0,0,0,0,0,0,0,0,0,0,0,0,0,0,0,0,0,0,0,0,0,0,0,0,0,0,0,0,0,0,0,0,0,0,0,0,0,0,0,0,0,0,0,0,0,0,0,0,0,0,0,0,0,0,0,0,0,0,0,0,0,0,0,0,0,0,0,0,0,0,0,0,0,0,0,0,0,0,0,0,0,0,0,0,0,0,0,0,0,0,0,0,0,0,0,0,0,0,0,0,0,0,0,0,0,0,0,0,0,0,0,0,0,0,0,0,0,0,0,0,0,0,0,0,0,0,0,0,0,0,0,0,0,0,0,0,0,0,0,0,0,0,0,0,0,0,0,0,0,0,0,0,0,0,0,0,0,0,0,0,0,0,0,0,0,0,1,0,0,0,0,0,0,0,0,0,0,0,0,0,0,0,0,0,0,0,0,0,0,0,0,0,1,0,0,0,0,0,0,0,0,0,0,0,0,0,0,0,0,0,0,0,0,0,0,1,0,0,0,0,0,0,0,0,0,0,0,0,0,0,0,0,0,0,0,0,0,0,0,0,0,0,0,0,0,0,0,0,0,0,0,0,0,0,0,0,0,0,0,0,0,0,0,0,0,0,1,0,0,0,0,0,0,0,1,0,0,0,0,0,0,0,0,0,0,0,0,0,0,0,0,0,0,0,0,0,0,0,0,0,0,0,1,0,0,0,0,0,0,0,0,0,0,0,0,0,2,0,0,0,0,0,0,0,0,0,0,0,0,0,0,0,0,0,0,0,0,0,0,0,0,0,0,0,0,0,0,0,0,0,0,0,0,0,0,0,0,0,0,0,0,0,0,0,1,0,0,0,0,0,0,0,0,0,0,0,0,0,0,0,0,0,0,0,0,0,0,0,0,0,0,1,0,0,0,0,0,0,0,0,0,0,0,0,0,0,0,0,0,0,0,1,0,0,0,0,0,0,0,0,0,0,0,0,0,0,0,0,0,0,0,1,0,0,0,0,1,0,0,0,0,0,0,1,0,0,0,0,0,1,0,0,0,0,0,1,0,0,0,0,0,0,0,0,0,0,0,0,0,0,0,0,0,0,0,0,0,0,0,0,0,0,0,0,0,0,0,0,0,0,1,0,0,2,0,0,0,0,0,0,0,0,0,0,0,0,0,0,0,0,0,0,0,0,0,0,0,0,0,0,1,0,0,0,0,0,0,0,0,0,0,1,0,0,0,0,0,0,0,0,0,0,0,0,0,0,0,0,0,0,0,0,0,1,0,0,0,0,0,0,0,0,0,0,0,0,0,0,0,0,0,0,0,0,0,0,0,0,0,0,0,0,0,0,0,0,0,0,0,0,0,0,0,0,2,0,0,0,0,0,0,0,1,0,0,0,0,0,0,0,0,0,0,0,0,0,0,0,0,0,0,0,0,0,0,1,0,0,0,0,0,0,0,0,0,0,0,0,0,0,0,0,0,0,0,0,0,0,0,0,0,0,0,0,0,0,0,0,0,0,0,0,0,0,0,0,0,0,0,0,0,0,0,0,0,0,0,0,0,0,0,0,0,0,0,0,0,0,0,0,0,0,0,0,0,0,0,0,0,0,0,0,0,0,0,0,0,0,0,0,0,0,0,0,0,0,0,0,0,0,0,0,0,0,0,0,0,0,1,0,0,0,0,1,0,0,0,0,0,0,0,0,0,0,0,0,0,0,0,0,0,0,0,0,0,0,0,0,0,0,0,0,0,0,0,0,0,0,0,0,1,0,0,0,0,0,0,0,0,0,0,0,0,0,0,0,0,0,0,0,0,0,0,0,0,0,0,0,0,0,0,0,1,0,0,0,0,0,0,0,0,0,0,0,0,0,0,0,0,0,0,0,0,0,0,0,0,0,0,0,0,0,0,0,0,0,0,0,0,0,0,0,0,0,0,0,0,0,0,0,1,0,0,0,0,0,0,0,0,0,0,0,0,0,1,0,0,0,0,1,0,0,0,0,0,0,0,0,0,0,0,0,0,0,0,0,1,0,0,0,0,0,0,0,0,0,0,1,0,0,0,0,0,0,0,0,0,0,0,0,0,0,0,0,0,0,0,0,0,0,0,0,0,0,0,0,0,0,0,0,0,0,0,0,0,0,0,1,0,0,0,0,0,0,0,0,0,0,0,0,0,0,0,0,0,0,0,0,0,0,0,0,0,0,0,0,0,0,0,0,0,0,0,0,0,0,0,0,0,0,0,0,0,1,0,0,0,0,1,0,0,0,0,0,0,0,0,0,0,0,0,0,0,0,0,0,0,0,0,0,0,0,0,0,0,0,0,0,0,0,0,0,0,0,0,0,0,0,0,0,0,0,0,0,0,0,0,0,0,0,0,0,0,0,0,0,0,0,0,0,0,0,0,0,0,0,0,0,0,0,0,1,0,0,0,0,0,0,0,0,0,0,0,0,0,0,1,0,0,0,0,0,0,0,0,0,0,0,0,0,0,0,0,0,0,0,0,0,0,0,0,0,0,0,1,0,0,0,0,0,0,0,0,0,0,0,0,0,0,0,0,0,0,0,0,0,1,0,0,0,0,0,0,0,0,0,0,0,0,0
CD1C,0,0,0,0,0,0,0,0,0,0,0,0,0,0,0,0,0,0,0,0,0,0,0,0,0,0,0,0,0,0,0,0,0,0,0,0,0,0,5,0,0,0,0,0,0,0,0,0,0,0,0,0,0,0,0,0,0,0,0,0,0,0,0,0,0,0,0,0,0,0,0,0,0,0,0,0,0,0,0,0,0,0,0,0,0,0,0,0,0,0,0,0,0,0,0,1,0,0,0,13,0,0,0,0,0,0,0,0,0,0,0,0,0,0,0,0,0,0,0,0,0,0,0,0,0,0,0,0,0,0,0,0,0,0,0,0,0,0,0,0,0,0,0,0,3,0,0,0,0,0,0,0,0,0,0,0,0,0,0,0,0,0,1,0,0,0,0,0,0,11,0,0,0,0,0,0,0,0,0,0,0,0,0,0,0,0,0,0,0,0,0,0,0,0,0,1,0,0,0,0,0,0,0,0,0,0,0,0,0,0,0,0,0,0,0,0,0,0,0,1,0,0,0,0,0,0,0,0,0,0,0,0,0,0,0,0,0,0,0,0,0,0,0,0,0,0,0,0,0,0,0,0,0,0,0,0,0,0,0,0,0,1,0,0,0,0,0,0,0,0,0,0,0,0,0,0,0,0,0,0,0,0,0,0,0,0,0,0,0,0,0,0,1,0,0,0,0,0,1,0,0,0,0,0,0,0,0,0,0,0,0,0,0,0,0,0,0,0,0,0,0,0,0,0,0,0,0,0,0,0,0,0,0,0,0,0,0,0,0,1,0,0,0,0,0,0,0,0,0,0,1,0,0,0,0,0,0,0,0,0,0,0,0,0,0,0,0,0,0,0,0,0,0,0,0,1,0,0,0,0,0,0,0,0,0,0,0,0,0,0,0,0,0,0,0,0,2,0,0,0,0,0,0,0,0,0,0,0,0,1,0,0,0,0,0,2,0,0,0,0,0,0,0,0,0,0,0,0,0,0,0,0,0,0,0,0,0,0,0,0,0,0,0,0,0,2,0,0,0,0,0,0,0,0,0,0,0,1,0,0,0,0,0,0,0,0,1,0,0,0,0,0,0,0,0,0,0,0,0,0,0,0,0,0,0,0,0,0,0,0,0,0,0,0,0,0,0,0,0,0,0,0,0,0,0,0,1,2,0,0,0,0,0,0,0,0,0,0,0,0,0,0,0,0,1,0,0,0,0,0,0,2,0,0,0,0,0,1,0,0,0,0,0,0,0,0,0,0,0,0,0,2,0,0,0,0,0,0,0,0,2,0,0,0,0,0,0,0,0,0,0,0,0,0,0,0,0,0,0,0,0,0,0,0,1,0,0,0,0,0,0,0,0,0,0,2,0,0,0,0,0,1,0,0,0,2,0,0,0,0,0,0,0,0,0,0,0,0,0,0,0,0,0,0,0,0,0,0,0,0,0,0,0,0,0,0,0,0,0,0,0,0,0,0,0,0,0,0,0,0,0,0,0,0,0,0,0,0,1,1,0,0,0,0,0,0,0,0,0,0,0,0,0,0,1,0,0,0,0,0,0,2,0,0,0,0,0,0,0,0,0,0,0,0,0,0,0,0,0,0,0,0,0,0,0,0,0,0,0,0,0,0,0,0,0,0,0,0,0,0,0,0,0,0,0,0,0,0,0,0,0,0,0,0,0,0,0,0,0,0,0,0,0,0,0,0,0,0,0,0,0,0,0,0,0,0,0,0,0,0,0,0,0,0,0,1,0,0,0,0,0,0,0,0,0,0,0,0,0,0,0,0,0,0,0,0,0,0,0,0,0,0,0,0,1,0,0,0,0,0,0,0,0,0,0,0,0,0,0,0,0,0,0,0,0,0,0,0,0,0,0,0,7,0,0,0,0,0,0,0,0,0,0,0,0,0,0,0,0,0,0,0,1,0,0,0,0,0,0,0,0,0,0,0,0,0,0,0,0,0,0,0,0,0,0,0,0,0,0,0,0,0,0,0,0,0,0,0,0,0,0,0,0,1,0,0,0,0,1,0,0,0,0,0,0,0,0,0,5,0,0,0,0,0,0,0,0,0,0,0,0,0,0,0,0,0,0,0,0,2,0,0,0,0,0,0,0,0,0,0,0,0,0,0,0,0,0,0,0,0,0,0,0,0,0,0,0,0,0,0,0,0,0,0,0,0,0,0,0,0,0,0,0,0,0,0,0,0,3,0,0,8,0,0,0,0,0,0,0,0,0,0,0,5,0,0,0,1,0,0,1,0,0,0,0,0,0,0,0,0,0,0,0,0,0,0,0,0,0,0,0,0,0,0,0,0,1,0,0,0,0,0,0,0,0,0,0,0,0,0,0,0,0,0,0,0,0,0,0,0,0,0,0,0,0,0,0,0,0,0,0,0,0,0,0,0,0,0,0,0,0,0,0,0,0,0,0,0,0,0,0,0,0,0,0,0,0,0,0,0,0,0,0,0,0,0,0,0,1,0,0,0,0,6,0,0,0,0,0,0,0,0,0,0,0,0,0,0,0,0,0,0,2,0,0,0,1,0,0,0,0,0,0,0,0,0,0,0,0,2,0,0,0,0,0,0,0,0,0,0,0,0,2,0,0,0,0,0,0,0,0,0,0,9,0,0,0,0,0,0,0,0,0,0,0,0,0,0,0,0,0,0,0,0,0,0,0,0,0,10,0,0,0,0,0,0,0,0,0,0,0,0,0,0,0,0,0,0,0,0,0,0,0,0,0,0,0,0,0,0,0,0,0,0,0,0,0,0,0,0,0,0,0,0,0,0,0,0,0,0,0,0,0,0,0,0,0,0,0,0,0,0,0,0,0,0,0,0,0,0,0,0,1,0,0,0,0,0,0,0,0,0,2,0,0,0,0,0,0,0,0,0,0,0,0,0,0,0,0,0,0,0,0,0,0,0,0,0,0,0,0,0,0,0,0,0,0,0,0,0,0,0,0,0,0,0,0,0,0,0,0,0,0,0,0,0,0,0,0,1,0,0,0,0,0,0,0,0,0,0,0,0,0,0,0,0,0,0,0,0,0,0,0,0,0,2,0,0,2,0,0,0,0,0,0,0,2,0,0,0,0,0,0,0,0,0,0,0,0,0,0,0,0,0,2,0,0,0,0,0,0,0,0,0,0,1,0,0,0,0,0,0,0,0,0,0,0,0,1,3,0,0,0,0,0,0,0,0,0,0,0,0,0,0,0,0,0,3,0,0,0,0,0,0,0,0,0,0,0,0,0,0,0,0,0,0,0,0,0,0,0,0,0,0,0,0,0,0,0,0,0,0,0,0,0,0,0,1,0,0,0,0,0,0,0,0,0,0,0,0,0,0,0,0,6,0,0,0,0,0,0,0,0,0,0,0,1,0,0,0,0,0,0,0,0,0,0,0,0,0,0,0,0,0,0,0,0,0,0,0,0,0,0,0,0,0,0,0,0,0,0,0,0,0,0,0,0,6,0,0,0,0,0,0,0,0
ZNF652,0,0,0,0,0,0,0,0,0,0,0,0,0,0,0,0,0,0,0,0,0,0,0,0,0,0,0,0,2,0,1,0,0,0,0,0,0,0,0,1,0,0,0,1,0,0,0,0,0,0,0,0,0,0,0,0,0,1,0,0,0,0,0,0,0,0,0,0,0,0,1,0,0,0,0,1,0,0,0,0,0,0,0,0,0,0,0,0,0,0,0,0,0,0,0,1,0,0,1,0,0,0,0,0,0,0,0,0,0,0,0,0,0,0,0,0,0,0,0,0,0,0,0,0,0,0,2,0,0,0,0,0,0,0,0,0,0,0,1,0,1,0,0,0,0,1,0,0,0,0,0,0,0,0,0,0,0,0,0,0,0,0,1,0,0,0,0,0,0,0,0,1,0,0,1,0,0,0,0,0,0,1,0,0,0,0,0,0,0,1,0,1,0,0,0,0,0,0,0,0,0,1,0,1,1,0,0,0,0,0,0,0,0,1,0,0,1,0,0,1,0,0,0,0,0,0,0,0,0,1,0,0,2,0,0,0,0,0,1,1,0,2,1,0,0,0,0,0,0,1,0,0,0,0,0,1,1,0,0,0,0,0,1,0,0,0,0,0,0,0,0,0,1,0,0,1,0,0,0,0,0,0,0,0,0,0,0,0,0,3,0,0,0,0,0,0,0,0,0,1,0,0,0,0,0,0,0,0,2,0,0,0,0,0,0,0,0,0,0,0,0,0,0,0,0,1,0,1,0,0,0,0,0,0,0,0,0,0,0,0,3,0,0,0,1,0,0,0,0,0,1,1,2,0,1,0,0,1,0,0,0,0,0,0,0,0,0,0,0,0,0,0,0,0,0,0,0,0,1,0,0,0,0,0,0,0,1,0,1,0,1,0,0,0,0,0,0,0,0,1,0,0,0,0,0,1,1,0,0,0,0,0,0,0,0,0,0,0,0,0,0,1,0,0,0,0,0,1,0,0,0,0,0,0,0,0,0,0,0,0,0,0,1,0,1,1,0,0,0,1,0,0,0,0,0,0,2,0,0,0,0,0,0,0,0,0,1,0,0,0,0,0,0,0,0,0,1,0,0,0,0,0,0,0,0,0,0,0,0,0,0,0,0,0,0,0,0,0,0,0,0,0,0,0,0,0,0,2,0,0,0,1,0,0,0,1,0,0,0,0,0,0,0,1,0,0,0,0,0,0,0,0,1,0,0,0,0,0,0,1,0,1,0,0,0,0,0,0,0,0,0,2,0,0,0,0,0,0,0,0,0,0,0,0,0,0,0,0,1,0,0,1,0,2,0,0,0,0,0,0,0,1,0,0,0,1,1,0,0,0,0,1,0,0,0,0,1,0,0,0,0,0,0,1,0,0,0,0,0,0,0,0,0,0,1,0,0,0,1,0,0,0,0,0,1,0,1,0,0,0,1,0,0,0,0,0,0,0,0,0,0,0,0,0,0,0,1,0,0,0,0,0,0,0,1,0,1,0,0,0,0,0,0,0,0,0,0,0,0,0,0,0,0,0,1,0,0,0,0,0,0,2,0,0,0,0,1,0,0,0,1,0,1,0,0,0,0,0,0,0,0,0,0,0,0,1,0,0,0,2,0,2,0,0,0,0,0,0,1,0,2,0,0,0,0,1,0,0,0,0,0,0,0,0,1,0,0,0,0,0,0,1,0,0,0,1,0,0,0,0,0,0,0,0,0,1,0,0,0,0,0,0,0,0,0,0,0,0,0,0,1,0,0,0,0,0,1,0,1,0,0,0,0,0,0,0,0,0,0,0,0,0,0,0,0,0,0,0,1,0,0,0,0,0,0,0,0,1,0,0,0,0,0,0,0,0,0,0,0,1,0,1,1,0,0,0,0,0,0,0,0,1,0,0,0,0,0,0,0,1,0,0,0,1,0,0,0,0,0,0,0,0,1,0,0,0,0,0,0,0,0,1,0,0,0,0,0,0,0,0,0,0,1,0,0,0,0,0,0,0,0,1,0,0,0,0,0,0,0,0,0,0,0,0,0,0,0,0,0,0,0,0,0,0,0,0,0,0,1,0,0,0,1,0,0,0,0,0,0,0,0,1,0,0,0,0,0,0,0,0,0,0,0,0,1,0,0,2,1,1,0,0,0,0,0,0,0,0,0,0,0,0,0,0,0,0,0,0,1,0,0,0,0,0,0,0,0,0,0,0,0,1,0,0,1,0,1,0,0,0,0,0,0,2,0,0,1,0,0,0,0,0,0,0,0,0,0,0,0,0,0,0,0,0,0,0,0,1,0,0,0,1,0,0,0,1,1,0,0,0,0,0,0,0,0,0,0,0,0,0,1,1,1,0,1,1,0,0,0,0,1,0,0,0,0,0,0,0,0,1,0,0,0,0,0,0,0,0,0,0,1,0,0,0,0,0,0,0,0,1,1,0,0,0,1,0,0,0,0,0,0,0,0,0,0,2,0,0,0,0,0,0,0,0,0,0,0,1,0,1,0,1,1,0,0,0,0,0,0,0,0,0,0,0,0,0,1,0,0,0,0,0,0,0,0,0,0,0,0,0,0,0,0,0,0,0,0,0,0,1,0,0,0,0,0,0,0,0,0,0,0,0,0,0,0,0,0,1,0,0,0,0,0,0,0,0,0,0,0,1,0,0,0,0,0,0,0,0,0,0,0,0,2,0,0,0,1,0,0,0,0,0,0,0,1,0,0,0,1,0,1,0,0,0,0,1,0,0,1,1,0,0,0,0,0,0,1,0,1,0,0,1,0,0,1,0,0,1,0,0,0,0,0,0,0,1,0,0,0,0,0,0,0,0,0,0,0,0,1,0,0,0,1,0,0,2,0,1,0,0,0,0,3,1,0,0,0,0,0,0,1,0,0,0,0,1,0,1,0,0,0,0,0,1,0,0,0,1,0,0,0,0,0,0,0,2,0,0,0,0,0,0,0,0,0,0,0,0,0,0,0,0,0,0,0,0,1,1,0,0,0,0,0,0,0,0,0,0,0,0,0,0,0,0,0,0,0,0,0,1,0,0,0,0,0,0,1,0,0,0,0,0,0,0,0,1,0,0,0,0,0,0,0,0,0,0,0,2,0,0,0,0,0,0,0,0,0,0,1,0,0,0,0,0,0,1,0,0,0,0,0,0,0,0,0,0,1,0,0,0,0,0,0,0,0,0,0,0,0,0,0,0,0,0,0,0,0,0,0,0,0,0,1,0,0,1,0,0,0,0,0,0,0,0,0,0,0,0,0,0,0,0,0,0,0,0,0,1,0,0,0,0,0,1,0,0,0,0,0,0,0,1,0,0,0,0,0,0,0,0,0,0,0,0,0,0,1,0,1,0,0,0,0,0,0,0,0,0,0,0,0,0,0,0,0,1,0,0,0,0,0,0,0,0,0,0,0,1,0,1,0,0,0,0,1,0,0,0,0,0,1,0,0,0,0,0,0,1,1,1,0,0,0,0,0,0
ADAM8,0,1,1,1,0,0,0,0,0,0,0,0,0,0,0,1,0,0,0,0,0,0,0,0,0,0,0,0,0,0,0,0,0,0,1,1,0,0,1,1,0,0,0,1,0,1,0,0,0,0,0,1,0,0,0,0,0,0,0,1,0,0,0,0,0,0,0,0,0,0,0,0,0,1,0,0,0,0,0,0,0,1,0,0,0,1,0,0,0,0,0,0,0,0,0,0,0,0,0,1,0,0,0,0,0,0,0,0,1,0,0,0,0,0,1,0,0,0,0,0,0,0,0,0,0,0,1,0,0,0,0,0,0,0,0,0,0,0,0,0,0,0,0,0,3,1,0,0,0,0,0,0,3,0,0,0,0,1,0,0,0,0,0,0,0,0,0,0,1,1,0,0,0,0,0,0,0,0,1,0,0,0,0,0,0,1,0,0,0,0,0,0,0,0,0,0,0,0,0,0,1,0,0,1,1,0,0,0,1,0,0,0,0,0,1,0,0,0,0,0,0,0,0,0,0,0,0,0,1,0,0,0,1,0,0,0,0,0,1,0,0,0,0,0,0,0,0,0,1,0,0,1,0,0,0,1,0,0,1,0,0,0,0,0,0,1,0,0,1,0,0,1,1,0,0,0,0,0,0,0,0,0,0,0,0,0,0,0,0,0,0,0,0,0,0,0,0,0,0,0,0,0,0,0,2,0,0,0,0,0,0,0,0,0,0,0,0,0,0,0,0,0,0,0,0,0,0,0,0,0,0,0,0,0,0,0,0,0,0,0,0,2,0,0,0,0,0,0,0,0,0,0,2,0,0,0,0,0,1,0,0,0,0,0,0,0,6,1,0,0,0,1,0,0,1,2,0,1,0,0,0,0,0,0,0,0,1,0,0,2,0,0,0,0,0,0,0,0,0,0,0,0,0,0,0,1,0,0,1,0,0,0,0,0,1,1,0,0,0,0,0,1,1,0,0,1,0,0,0,0,0,0,0,1,0,0,0,0,0,2,0,0,1,0,0,4,1,0,0,0,0,0,0,0,0,0,1,0,2,0,0,0,0,0,0,0,0,0,0,0,1,0,0,0,0,0,0,0,0,0,3,0,1,1,1,0,0,0,0,0,0,0,0,0,0,0,0,0,0,0,1,1,0,0,0,0,0,4,0,0,0,0,0,0,0,0,1,1,0,0,0,0,0,0,0,0,0,0,0,0,0,0,1,0,0,0,0,1,0,0,0,0,0,0,0,0,0,0,1,0,0,3,0,0,0,0,0,1,0,1,0,0,0,0,0,0,0,0,0,0,0,0,0,0,0,1,0,0,0,0,0,0,0,0,0,0,0,0,0,0,0,0,0,0,0,0,0,0,0,0,0,0,0,0,0,1,1,1,0,0,1,0,0,0,2,0,0,0,0,0,1,0,1,0,1,1,0,0,0,0,1,0,0,1,0,0,0,0,0,0,0,0,0,0,0,0,0,0,0,1,1,0,0,0,0,0,0,0,0,0,0,0,0,0,0,0,0,0,0,0,0,0,0,0,0,0,0,0,0,0,0,4,0,0,0,0,1,0,1,0,0,0,0,1,0,0,1,0,0,0,0,0,0,0,0,0,0,0,0,1,0,0,0,1,0,0,0,0,0,0,0,0,0,0,0,0,0,0,0,0,0,0,0,0,0,0,0,0,0,0,0,0,1,0,0,0,0,0,1,0,1,0,1,0,1,0,0,0,1,0,0,0,0,0,0,0,2,0,0,1,0,0,0,0,0,0,0,0,0,0,1,0,0,2,0,0,0,0,0,0,1,0,0,0,1,0,0,0,0,0,0,1,0,0,0,0,0,1,0,0,0,0,0,0,0,0,0,0,0,1,3,0,0,0,1,0,0,0,0,0,0,0,0,0,0,0,0,0,0,0,0,0,0,0,0,1,1,1,0,0,0,0,1,0,0,0,0,0,0,0,0,0,0,0,0,0,0,0,1,0,0,0,0,1,0,0,0,0,1,0,0,0,0,2,0,0,0,0,0,1,0,0,1,0,0,0,0,0,1,0,0,0,0,0,0,0,0,0,1,0,0,0,0,0,0,0,1,0,0,0,0,1,0,0,0,0,0,0,0,0,0,0,0,0,0,1,0,0,0,0,0,0,0,0,0,0,0,0,0,0,0,0,0,0,0,0,0,0,0,1,1,0,0,2,0,1,0,0,0,0,0,3,0,0,0,0,1,0,0,0,0,0,0,1,1,0,0,0,0,0,0,0,0,0,0,0,0,0,0,0,0,0,0,0,0,0,0,0,0,0,0,0,0,0,0,1,0,0,0,0,0,0,0,0,0,0,0,0,0,0,0,1,0,1,0,0,1,0,0,1,0,0,0,0,0,0,0,0,0,0,2,1,0,0,0,0,0,1,0,0,0,0,0,0,0,0,0,0,0,0,0,0,0,1,0,0,0,1,0,0,0,0,0,0,1,0,0,1,0,0,0,0,0,3,0,1,0,0,0,0,1,0,0,0,0,0,0,0,0,0,0,0,0,0,0,0,0,0,0,1,0,0,0,0,1,0,0,0,2,0,0,0,0,0,0,1,0,0,0,0,0,0,1,2,0,0,0,0,0,0,0,0,0,0,0,0,0,0,0,0,0,0,0,0,1,0,0,0,0,0,0,0,0,0,0,2,0,0,0,0,0,0,0,0,0,0,0,0,0,1,0,1,0,0,0,1,0,1,0,0,0,0,0,0,0,0,0,0,0,0,0,0,0,0,0,0,0,0,0,0,0,0,0,0,0,0,0,0,0,0,0,0,0,0,0,0,0,0,0,0,0,1,0,0,0,0,0,0,0,0,1,0,0,0,0,0,0,0,0,0,0,0,1,0,1,0,0,1,0,0,0,0,0,0,0,0,0,0,0,0,0,0,1,0,0,0,1,0,0,0,0,0,0,0,0,0,0,0,0,0,0,1,0,1,0,0,0,0,0,0,0,0,1,0,0,0,0,0,0,0,0,0,0,0,0,0,0,0,0,0,0,0,0,0,0,0,0,1,2,1,0,0,0,0,0,0,0,0,0,0,0,0,0,0,0,0,0,0,0,0,0,0,0,1,0,0,0,1,0,0,0,0,0,0,1,0,0,0,1,0,1,0,0,0,1,0,0,0,0,0,0,0,0,0,0,0,0,0,0,3,1,0,1,0,0,0,0,0,0,0,0,0,0,0,0,1,0,1,0,0,0,0,0,0,0,0,1,0,0,0,1,0,0,0,0,0,0,0,0,0,2,0,0,0,0,0,0,0,0,0,0,0,0,1,0,0,1,0,0,0,1,0,0,0,0,1,0,0,0,1,0,1,0,1,1,0,0,0,0,0,1,0,0,0,0,0,0,0,1,0,0,0,0,0,0,2,0,1,0,0,0,0,0,0,0,0,0,0,1,0,0,0,0,0,0,0,0,0,0,1,1,0,0,0,0,0,0,0,0,0,0,0,1,0,0,0
TIMP2,0,0,0,0,0,0,1,0,0,0,0,0,1,0,0,0,0,0,0,0,0,0,1,0,0,0,0,0,0,0,0,0,0,0,0,0,0,0,0,0,0,0,0,0,0,0,0,1,0,0,0,0,0,0,0,1,0,0,0,0,1,0,0,0,0,0,0,0,1,0,0,0,0,1,0,0,0,1,0,0,0,0,0,0,0,0,0,0,0,0,0,0,0,0,0,0,0,0,1,0,0,0,1,0,0,0,0,0,0,0,0,0,1,0,0,0,0,0,0,0,0,0,0,0,0,0,0,0,0,0,0,0,0,0,0,0,0,0,0,0,0,0,0,0,0,0,3,0,0,0,1,0,0,0,0,0,0,0,0,0,0,0,0,0,0,0,0,0,0,1,0,0,1,0,0,0,0,0,0,0,0,0,0,0,0,0,0,0,1,0,1,0,0,0,0,0,0,0,0,0,0,0,0,0,0,0,0,0,0,0,0,0,0,0,0,0,0,0,0,0,0,0,0,0,0,0,0,1,0,0,0,0,0,0,0,0,0,0,0,0,0,0,0,1,0,0,0,1,1,0,0,1,0,0,0,0,0,0,0,2,0,0,0,0,0,0,0,0,0,0,0,0,0,0,0,0,0,2,1,0,0,0,0,0,0,0,0,0,0,0,0,0,0,0,0,0,0,0,0,0,0,0,0,0,0,0,0,0,0,0,0,0,0,0,0,0,0,0,0,0,0,0,0,0,0,0,1,0,0,0,0,0,0,0,0,0,0,0,0,0,1,0,1,0,0,0,0,1,0,1,1,0,0,0,0,1,0,0,3,0,0,0,0,0,0,0,0,0,0,0,0,0,0,0,0,0,0,0,0,1,0,0,0,0,0,0,0,0,0,0,0,0,0,0,0,0,0,0,0,0,0,0,0,0,1,0,0,0,0,0,0,0,2,0,0,0,0,0,0,0,2,0,0,0,0,0,0,0,0,0,0,0,0,0,0,0,0,0,0,1,0,0,0,0,0,1,0,0,0,0,0,0,0,0,1,0,0,0,0,0,0,0,0,0,0,0,0,0,0,1,1,0,0,0,0,0,0,0,0,0,0,0,0,0,0,0,0,0,0,0,0,0,0,0,0,0,0,0,0,0,0,2,0,0,0,0,0,1,0,0,0,0,0,0,0,0,0,0,0,0,0,0,0,0,0,2,0,0,1,0,1,0,0,0,1,1,0,0,0,0,0,0,0,0,0,0,1,0,1,0,1,0,0,0,0,0,0,0,0,0,0,0,0,0,0,0,0,0,0,0,0,0,0,0,0,0,0,0,0,0,0,0,0,0,0,0,0,0,0,0,0,0,0,0,0,0,0,0,0,0,0,1,0,0,0,0,0,0,0,0,0,0,0,0,0,0,0,0,2,1,0,0,0,0,0,0,0,0,0,0,0,0,0,0,0,0,0,0,0,0,0,1,0,0,0,0,0,0,0,0,0,0,0,0,0,0,0,0,0,1,0,0,1,0,0,0,0,0,0,0,0,0,2,0,0,0,0,1,0,0,0,1,0,0,0,0,0,0,0,0,0,0,0,0,0,0,0,0,0,1,0,0,0,0,1,0,0,0,0,1,0,0,0,0,0,0,0,0,0,0,0,0,0,0,0,0,0,0,0,0,0,0,0,0,1,0,0,0,0,0,0,0,0,0,1,0,0,0,0,0,0,0,0,0,0,0,0,0,0,0,0,0,0,0,1,1,0,0,0,0,0,0,0,0,1,0,0,0,2,0,0,0,0,0,0,3,0,0,0,0,0,0,0,0,0,0,0,0,0,0,0,0,0,0,0,0,0,0,0,0,0,0,0,0,0,0,0,0,0,0,0,0,0,0,0,0,0,0,0,0,0,0,0,0,0,0,0,0,0,0,1,1,0,0,0,0,0,0,0,0,0,0,0,0,0,0,0,0,0,0,0,0,0,0,0,0,1,0,0,0,0,0,0,0,0,0,0,0,0,0,0,0,0,0,1,0,0,0,0,0,0,0,0,0,0,1,0,0,0,0,0,0,0,0,0,0,0,0,0,0,2,0,0,0,2,0,0,0,0,0,0,0,1,0,0,0,0,0,0,0,1,0,0,0,0,0,0,1,0,0,0,0,0,0,0,0,0,1,0,0,2,0,0,0,0,0,0,0,0,0,0,0,0,0,0,0,0,0,0,1,0,1,0,0,0,0,0,0,2,0,0,0,0,0,0,0,0,0,0,0,0,0,0,0,0,0,0,0,0,0,0,0,0,0,0,0,0,0,0,0,0,0,0,0,0,0,0,0,1,0,0,0,0,0,0,0,0,0,0,0,1,0,0,0,0,0,0,1,1,0,0,0,0,0,0,0,0,0,0,0,0,1,0,0,0,0,0,0,0,0,0,0,0,0,1,0,2,0,0,0,0,0,0,0,0,1,0,0,0,2,0,0,0,0,0,0,0,0,0,0,1,0,0,0,0,0,0,0,1,0,0,0,0,0,0,0,0,0,0,0,0,0,0,0,0,0,1,0,0,0,0,0,0,0,0,0,0,0,0,0,0,0,0,0,0,0,0,0,0,0,0,0,0,0,0,0,0,0,0,0,0,0,0,0,0,0,0,0,0,0,0,0,0,0,0,0,0,0,0,0,0,0,0,0,0,0,0,0,0,1,0,0,0,0,0,0,0,0,0,0,0,0,0,0,0,0,1,0,0,0,0,0,0,0,0,0,1,0,0,3,0,0,0,0,0,0,0,0,0,0,0,0,0,0,0,0,1,1,0,0,0,0,0,0,0,0,1,0,0,1,0,0,0,0,0,0,0,0,0,0,0,0,1,0,0,0,0,0,0,0,0,0,0,1,0,0,0,0,0,0,0,1,0,0,0,0,1,0,1,2,0,0,0,0,0,2,0,0,0,0,0,0,0,0,0,0,0,0,1,0,0,0,0,0,0,0,1,0,0,0,0,0,0,0,0,0,0,0,0,0,0,0,0,0,0,0,0,0,0,0,0,0,0,0,0,0,0,0,0,0,0,0,0,0,0,0,0,0,1,0,0,0,0,0,0,0,0,0,1,0,0,0,0,0,0,0,0,0,0,0,0,2,0,0,0,0,0,0,0,2,0,0,0,0,0,0,0,0,0,0,0,0,0,0,0,0,0,0,0,0,0,1,0,0,0,1,0,0,0,0,0,0,0,0,0,0,0,0,0,0,0,0,1,1,0,0,0,0,0,0,0,0,0,0,0,0,0,0,0,0,0,0,0,0,1,0,0,0,0,0,0,0,0,0,0,1,0,0,0,1,0,0,1,0,0,0,0,0,0,0,0,0,0,0,4,0,0,0,0,0,0,0,0,0,0,0,0,1,1,0,0,0,0,0,0,0,0,0,0,0,0,0,0,0,0,0,0,0,0,0,0,0,0,0,0,0,0,1,0,0,0,0,0,0,0,0,1,0,0,0,0,0,0,0,0,0
SLC2A14,0,0,0,0,0,0,0,0,0,0,1,0,0,0,0,0,0,0,0,0,0,0,0,0,0,0,0,0,0,0,0,0,0,0,0,0,2,0,0,0,0,0,0,0,0,0,0,0,0,0,0,0,0,0,1,0,0,1,0,0,0,0,0,0,0,0,0,0,0,0,0,0,0,0,0,0,1,0,0,0,0,1,0,0,0,0,0,0,0,0,0,0,1,0,0,0,0,0,0,0,0,0,0,1,0,0,0,0,0,0,0,1,0,0,0,0,0,1,0,0,0,0,0,0,0,2,0,0,0,0,0,0,0,0,1,0,0,0,0,0,0,0,0,0,0,0,0,0,0,0,0,0,0,0,0,0,1,0,0,0,0,0,0,0,0,0,0,0,0,0,0,0,0,0,0,0,0,0,0,0,0,0,0,0,0,0,0,0,0,0,0,0,0,0,0,2,0,0,0,0,0,0,0,0,0,0,0,0,0,0,0,0,0,0,0,0,0,1,0,1,0,0,0,0,0,0,0,0,0,0,0,0,2,0,0,0,1,0,0,0,0,0,0,0,0,0,0,0,0,0,0,0,2,0,0,0,0,0,0,0,0,0,0,0,1,0,0,0,0,0,0,1,0,0,0,0,0,0,0,0,0,0,1,0,1,0,0,0,1,0,0,0,0,1,0,0,0,0,0,0,0,0,0,0,0,0,0,0,0,0,1,0,1,2,0,0,0,0,0,1,1,0,0,0,0,0,0,0,0,0,0,0,0,0,0,0,0,0,0,0,0,0,0,1,0,0,0,0,0,0,0,0,0,1,0,0,0,0,0,0,0,0,0,0,0,0,0,0,0,1,0,0,0,0,0,1,0,0,0,0,0,0,1,0,0,0,0,0,0,0,0,0,0,0,0,0,0,0,0,0,0,0,0,1,1,2,0,0,1,0,1,2,0,0,0,0,0,0,0,0,0,2,0,0,0,0,0,0,0,0,0,2,0,0,0,0,0,0,0,0,0,0,0,0,0,0,0,0,0,0,0,0,0,0,0,0,0,0,0,0,0,0,1,0,0,0,0,0,0,0,0,0,0,1,0,0,0,0,0,0,0,0,0,0,0,1,0,0,0,0,0,0,0,0,0,0,0,0,1,0,0,0,0,0,1,0,0,0,1,0,0,0,0,0,0,1,0,0,0,0,0,0,1,0,0,0,0,0,0,0,0,0,0,0,1,0,0,0,0,0,0,0,0,0,0,0,0,0,0,0,0,0,0,0,0,0,0,0,0,0,0,0,0,0,0,1,0,0,0,0,0,0,0,0,0,0,0,0,1,0,4,0,0,0,0,0,0,0,0,0,0,0,0,1,0,0,0,0,0,0,0,0,0,0,0,0,0,0,0,0,0,0,0,1,0,0,0,0,0,0,0,1,0,0,1,0,1,0,0,0,0,0,0,0,0,1,0,1,0,0,0,0,1,0,0,0,0,0,1,0,0,0,0,0,0,0,0,0,0,0,0,2,0,0,0,0,0,0,0,0,0,0,0,0,0,0,0,0,2,0,0,0,0,0,0,0,0,0,0,1,0,0,0,1,1,1,0,1,0,0,0,1,0,0,0,0,1,0,0,0,0,0,0,0,0,0,0,0,0,0,0,0,0,0,0,0,0,0,1,0,0,0,1,0,0,0,0,0,0,0,0,0,0,0,0,0,0,0,0,0,0,0,0,0,0,0,0,0,0,0,1,0,0,1,0,0,0,0,0,0,0,0,0,0,0,0,0,0,0,0,0,0,0,0,0,0,0,1,1,0,0,1,0,0,1,1,0,0,0,0,0,1,0,0,0,0,0,0,0,0,1,0,0,0,0,0,0,1,0,0,0,0,0,0,0,0,0,0,0,0,1,0,0,0,0,0,0,1,0,0,0,0,0,0,0,0,0,2,0,2,0,0,0,0,0,0,0,0,0,0,0,0,0,0,0,0,0,0,0,1,0,0,0,0,0,0,1,0,0,0,0,0,0,0,0,0,0,0,0,0,0,0,0,0,0,0,0,1,0,1,2,0,0,0,0,0,0,0,0,0,0,0,2,0,0,0,0,0,0,0,0,0,0,0,0,0,0,0,0,0,0,0,0,0,0,0,0,0,0,0,0,0,0,0,1,0,0,0,0,0,0,1,0,0,0,1,0,1,0,0,0,0,1,0,0,0,0,0,0,0,0,0,0,0,0,0,0,0,0,1,0,0,0,0,0,0,0,0,0,1,0,0,0,0,0,0,0,0,0,0,0,0,0,0,0,0,0,0,0,1,0,0,0,0,0,0,1,0,0,0,0,0,0,0,0,0,1,0,1,3,1,1,0,0,0,0,0,0,0,0,1,0,0,0,1,0,1,0,0,0,0,0,0,0,0,0,0,0,0,0,0,0,0,0,0,0,0,0,0,0,0,0,0,0,0,0,1,0,0,0,0,0,0,0,0,0,0,0,0,0,0,0,0,0,0,0,0,0,0,0,0,0,0,0,0,1,0,0,0,0,0,0,0,1,0,1,0,0,0,0,0,0,0,0,0,1,0,0,0,0,0,0,0,0,0,0,0,1,0,0,0,0,0,0,0,0,0,0,0,1,0,0,0,0,0,0,0,0,0,0,0,0,0,0,0,0,0,0,0,0,1,0,0,1,0,0,0,0,0,0,0,0,0,1,0,0,0,0,0,0,0,0,0,0,0,0,0,0,0,0,0,2,0,2,0,0,0,0,0,1,0,1,0,0,0,1,0,0,0,0,0,0,2,0,0,1,0,0,1,0,0,0,0,0,0,0,0,0,0,0,0,1,0,0,0,2,1,0,0,1,0,1,0,0,0,0,0,0,2,0,1,1,0,0,0,0,0,0,0,0,1,0,0,0,0,0,0,0,0,0,0,0,1,1,0,0,0,0,0,0,0,0,0,0,0,0,0,0,0,0,0,0,0,0,0,0,0,0,1,1,0,0,1,0,0,0,0,0,0,0,0,0,0,0,0,0,0,0,0,0,1,0,2,0,0,0,1,1,0,1,0,0,0,0,1,0,0,0,1,0,1,0,0,0,0,0,0,0,0,0,0,0,0,0,0,0,0,1,0,0,0,0,0,0,0,0,0,0,0,0,0,0,0,0,0,0,0,0,0,0,0,0,1,0,0,0,0,0,0,0,0,0,0,0,0,0,0,0,0,0,0,0,1,0,0,1,0,0,0,0,0,0,0,0,0,0,0,0,0,2,0,0,0,1,0,0,0,0,0,0,0,0,1,0,0,0,0,0,0,0,1,0,0,0,0,0,0,0,1,0,0,0,0,0,0,0,0,0,0,0,0,0,0,0,3,0,0,0,0,0,0,1,1,1,1,0,0,0,0,0,0,1,0,0,0,0,0,0,0,0,1,0,0,0,0,0,0,0,0,0,0,0,0,0,0,0,1,0,0,0,0,0,0,1,0,2,0,2,0,0,1,1,0,1,2,0
VAMP5,2,0,1,2,0,1,0,1,1,0,0,0,1,0,0,2,0,0,0,0,0,0,0,0,0,0,1,1,0,0,0,0,0,0,2,0,0,0,1,1,0,0,1,0,0,0,0,0,0,0,0,0,0,1,1,0,0,1,0,0,0,0,0,0,0,0,1,0,0,0,0,2,1,0,0,0,1,0,1,0,0,0,0,1,0,0,0,0,0,0,1,0,0,0,2,0,0,0,1,0,1,0,0,1,0,1,0,2,1,0,0,0,0,0,0,0,0,0,0,0,0,0,1,0,1,0,0,0,1,0,0,0,0,0,1,0,0,1,1,0,0,0,0,0,1,0,1,0,2,0,0,0,0,0,0,0,1,0,0,0,0,0,0,0,0,0,0,0,1,1,2,0,0,0,0,0,1,1,0,0,0,0,0,0,1,0,0,1,0,0,0,0,0,0,0,1,0,0,0,0,0,0,1,0,0,0,0,0,0,0,1,1,1,0,1,0,0,2,3,0,0,0,1,0,2,1,0,0,0,1,0,1,1,1,0,0,0,1,1,2,1,0,0,0,0,0,1,1,1,0,0,0,0,0,0,0,0,0,0,1,0,1,0,0,0,0,0,2,2,0,2,1,0,0,1,0,0,0,0,0,0,0,1,1,0,0,0,0,3,0,0,0,0,0,0,0,1,0,0,0,1,0,1,1,0,0,0,0,0,0,0,0,0,0,1,0,2,0,0,0,1,2,1,0,1,0,1,1,0,0,1,0,1,0,0,0,1,0,0,0,0,1,0,0,1,1,0,0,0,0,0,0,1,1,0,0,0,0,0,0,0,0,0,0,0,0,0,0,0,0,0,0,0,0,0,0,1,1,0,1,0,0,0,1,1,2,0,2,0,0,0,4,0,2,0,0,2,2,0,5,0,0,0,0,0,0,1,0,1,0,0,2,1,2,0,1,0,0,1,1,0,0,1,0,4,0,0,1,0,1,0,0,0,0,1,0,0,0,0,0,0,0,0,1,0,1,0,0,0,0,0,0,0,0,1,0,0,1,0,0,0,0,0,0,2,0,0,0,0,1,0,0,1,0,0,0,0,0,0,0,0,0,1,0,1,0,0,1,1,0,0,1,0,0,0,0,0,0,0,0,0,0,0,0,1,0,0,1,0,0,0,0,0,0,0,0,0,0,0,0,0,1,0,0,0,1,0,0,0,0,3,0,2,0,0,0,0,0,0,0,1,0,0,0,0,0,0,1,0,1,0,2,0,0,0,0,0,0,0,0,0,0,0,0,0,0,0,0,0,0,1,1,1,0,0,2,1,0,0,1,0,0,0,0,0,1,0,0,0,0,0,1,0,1,0,0,0,0,0,0,0,2,0,0,0,1,0,0,0,0,0,0,0,2,1,2,0,1,3,0,1,1,0,0,0,0,0,0,0,2,0,0,0,1,1,0,0,0,0,1,0,0,0,0,0,0,1,0,0,0,1,0,0,1,0,0,0,1,0,0,0,0,0,0,0,0,0,0,0,0,1,0,1,0,2,0,0,0,0,0,0,1,0,0,0,1,0,0,0,0,0,1,1,0,0,2,0,0,0,0,0,0,1,0,0,0,0,0,1,0,0,0,0,0,1,0,0,1,1,0,1,0,0,3,0,1,0,0,0,0,0,0,1,0,1,0,3,0,1,0,0,0,0,0,0,0,0,1,0,0,1,1,0,0,0,0,0,0,0,0,0,0,0,0,0,0,1,0,0,0,0,0,0,1,0,1,0,0,1,0,0,0,0,0,0,1,2,0,0,0,1,2,0,1,0,1,1,0,1,0,0,0,0,0,1,0,1,1,0,0,2,0,0,0,0,1,0,0,0,0,0,2,0,0,0,0,0,0,0,0,0,1,0,1,0,0,0,1,0,0,0,0,0,0,1,0,2,2,1,0,0,0,0,0,0,0,1,0,0,0,0,0,0,0,0,1,1,3,0,0,2,0,0,0,0,0,1,0,0,0,0,0,1,1,0,0,0,0,0,0,0,0,1,0,1,0,0,0,1,0,0,0,0,0,0,0,0,0,0,0,0,0,0,0,0,0,0,0,1,1,0,0,0,0,0,0,0,3,0,1,1,0,0,0,0,2,0,2,1,1,0,0,0,0,0,2,0,0,1,0,0,0,1,0,0,0,2,0,0,1,0,0,0,1,0,0,0,0,0,0,1,1,0,0,0,0,0,0,0,0,0,0,0,1,0,0,1,0,2,0,1,0,0,1,2,0,0,0,0,0,0,0,1,0,0,0,0,0,0,0,0,0,0,0,1,1,0,0,1,0,0,0,0,0,1,1,1,0,1,0,0,0,0,0,0,0,0,0,2,0,0,0,0,0,0,0,0,0,1,0,0,0,2,0,0,0,0,1,1,2,1,2,0,7,0,2,0,0,1,0,0,0,2,0,0,0,0,0,0,0,0,0,0,0,0,0,0,1,0,0,0,0,1,0,0,0,1,1,1,1,0,1,1,0,0,1,0,0,0,0,1,0,0,0,1,0,0,0,1,0,0,0,1,0,0,0,0,0,0,0,0,0,0,0,0,0,0,0,0,0,1,0,0,0,0,0,0,0,1,0,0,0,0,0,0,2,0,1,1,0,0,0,0,0,1,1,0,2,0,0,1,1,0,0,0,0,0,0,0,0,0,0,1,0,0,0,0,0,1,0,0,0,0,0,1,0,3,0,0,0,0,0,0,0,0,2,0,0,1,0,0,0,0,5,0,1,0,0,0,0,0,0,0,0,0,1,0,3,1,0,0,0,0,0,1,0,1,0,0,0,1,0,1,0,0,0,0,4,1,0,0,0,0,0,0,0,1,0,0,0,0,1,0,0,0,0,0,1,0,0,0,1,0,0,0,0,1,0,0,1,0,0,0,2,0,1,1,0,0,0,0,0,1,1,0,0,3,2,0,0,1,0,0,0,0,0,0,0,0,3,0,0,0,0,0,0,0,0,2,0,0,0,0,0,0,0,1,0,0,0,0,0,0,0,0,0,0,0,6,0,1,1,0,0,1,0,0,0,0,0,0,2,1,0,1,0,0,0,0,1,0,1,1,0,0,1,0,2,0,0,0,1,0,0,1,0,0,0,1,0,0,1,0,0,0,0,0,0,0,1,4,0,0,0,0,0,0,1,0,1,0,0,0,0,0,0,0,0,0,0,0,0,1,0,0,0,0,1,2,0,0,2,0,0,0,0,1,0,0,0,0,1,0,0,0,0,0,0,1,0,0,0,0,0,0,1,0,0,2,0,1,1,1,0,0,0,0,0,0,0,0,0,0,0,0,0,3,0,0,0,0,0,0,1,0,0,1,0,1,1,0,0,0,1,0,1,1,0,0,0,0,0,1,0,0,1,1,0,3,1,0,1,0,1,1,0,0,2,0,0,0,0,0,0,0,0,0,0,0,0,1,0,0,0,0,0,0,0,0,1,0,0,0,0,0,1
DGKA,0,0,0,0,0,0,0,0,0,0,0,0,0,0,0,0,0,0,0,0,0,1,0,2,1,0,1,0,0,0,1,0,0,0,0,0,0,0,0,1,1,0,0,0,0,1,0,0,0,1,0,0,0,0,0,0,0,2,0,0,0,0,0,0,0,0,0,0,0,0,0,0,0,0,0,0,0,0,0,1,1,1,0,0,0,0,1,0,1,0,0,0,0,1,1,1,1,0,0,0,0,0,0,0,1,0,0,0,0,1,0,0,0,0,0,1,0,0,0,1,0,0,0,0,1,0,0,0,0,0,0,0,1,1,1,0,0,0,0,0,0,1,1,0,0,0,1,0,1,0,0,0,0,0,0,1,0,1,0,0,1,1,0,0,0,0,3,1,0,0,0,0,1,0,0,1,0,0,0,0,0,0,0,0,0,0,0,1,0,0,0,0,0,0,1,0,0,0,0,0,0,0,0,0,0,0,0,0,0,1,0,0,0,0,0,0,1,0,0,0,0,0,0,0,1,0,0,0,1,0,0,0,0,0,0,0,1,0,0,0,0,0,0,0,0,0,0,0,0,0,0,0,0,0,0,0,0,1,0,0,1,0,1,0,0,0,0,0,1,0,0,0,0,0,1,0,0,1,0,1,1,0,0,1,1,0,0,1,0,0,1,0,0,0,1,1,0,0,0,0,1,0,0,0,0,0,0,0,0,0,0,0,0,0,0,0,0,0,1,0,0,0,0,1,0,1,0,0,0,0,0,1,0,1,0,1,0,0,1,0,0,1,0,2,0,0,0,0,0,0,0,1,0,2,0,0,0,0,0,0,0,1,0,0,0,0,0,0,0,0,0,0,0,0,0,0,0,0,1,1,0,0,0,0,0,0,0,3,0,0,1,0,0,0,0,0,0,0,0,0,0,0,0,1,0,0,0,1,0,0,0,1,0,1,0,1,1,0,1,1,0,0,0,0,0,0,0,0,0,0,0,0,0,0,0,0,0,0,2,1,0,0,0,0,1,0,0,0,0,0,0,2,0,0,1,0,0,0,0,0,0,1,0,0,1,0,0,1,0,0,0,0,0,0,1,0,0,0,0,0,0,0,0,0,0,0,0,0,1,0,0,0,0,0,0,0,1,0,0,0,0,0,0,0,0,0,0,1,0,1,0,0,0,0,0,0,0,0,0,0,0,0,0,0,0,0,0,0,0,1,0,1,0,0,0,0,0,1,1,0,0,1,0,0,0,1,0,0,0,0,1,0,0,0,0,0,0,0,0,0,0,0,1,0,1,0,1,0,0,1,0,0,0,0,1,0,0,1,0,0,0,0,1,0,0,0,0,1,0,0,0,0,0,0,0,0,0,0,0,0,0,0,0,0,0,0,0,0,0,0,0,1,0,1,1,1,0,0,0,0,0,1,0,0,1,0,0,0,0,0,0,1,0,0,0,0,0,0,1,0,0,0,0,0,0,0,0,0,0,0,0,0,0,0,0,0,0,1,0,0,0,0,0,0,0,0,0,0,1,0,0,0,0,0,1,0,0,0,0,2,0,1,0,1,1,0,0,0,0,0,0,0,0,0,1,0,0,0,0,0,0,0,0,0,0,0,0,0,0,0,0,0,0,1,0,0,0,0,0,0,0,0,0,0,0,0,0,0,0,0,1,0,0,1,0,0,0,0,0,0,0,0,0,0,0,0,0,0,0,1,0,1,0,1,0,0,0,0,0,0,0,0,0,1,0,0,1,0,0,0,1,1,0,2,0,0,0,0,0,0,0,1,1,1,0,0,0,0,0,1,0,1,1,0,0,0,0,1,0,1,0,0,0,0,0,0,0,1,0,0,1,0,1,0,0,1,0,2,0,0,0,0,0,0,0,1,0,0,0,0,0,0,0,0,0,0,0,0,0,0,0,0,0,0,0,0,1,1,0,0,1,0,0,0,0,0,0,0,0,0,0,1,0,0,0,0,0,0,0,0,0,0,1,0,0,0,0,2,2,0,0,0,0,0,0,0,0,0,0,0,0,0,0,0,0,0,0,0,0,0,0,0,0,1,1,1,0,0,0,0,0,0,0,0,0,0,0,0,0,0,0,0,0,1,0,0,1,0,0,1,0,0,0,0,1,1,0,0,0,0,0,0,1,0,0,0,0,0,1,1,0,1,0,0,0,0,0,1,0,0,0,0,1,0,0,0,0,0,0,0,0,0,0,0,0,0,1,0,0,0,0,0,0,0,0,0,0,0,0,0,0,0,0,0,0,0,0,0,0,0,0,0,0,0,0,0,0,0,0,0,0,0,0,0,1,0,0,0,0,0,0,0,1,3,0,0,0,0,1,0,1,0,1,3,0,0,1,0,0,0,0,0,0,1,0,0,0,0,1,0,1,0,0,0,1,0,0,0,0,1,0,0,0,0,0,0,0,0,0,0,0,0,0,0,0,0,0,0,0,0,0,0,0,2,0,0,0,2,0,0,0,0,0,0,2,0,0,0,0,0,1,0,0,0,0,0,0,0,0,0,0,0,0,0,0,0,0,0,0,1,0,0,0,1,0,0,0,1,0,1,0,0,0,0,0,0,0,0,0,0,0,0,0,1,0,0,0,0,0,1,0,0,0,0,0,0,0,0,0,0,0,0,0,1,0,1,0,0,0,0,0,0,0,0,0,1,0,0,0,0,1,0,0,0,0,0,0,0,0,0,0,0,0,0,0,0,0,0,0,0,1,0,0,0,0,0,0,0,0,0,0,0,0,0,0,0,0,0,0,0,2,0,0,0,0,0,0,0,0,0,0,0,0,0,0,1,0,0,0,0,0,1,1,0,0,0,0,0,0,0,0,0,0,0,1,0,1,0,0,0,1,0,0,0,0,0,0,0,0,0,0,0,0,0,1,0,0,0,0,0,0,0,0,1,0,0,0,0,0,1,0,0,2,0,0,0,0,0,0,0,0,0,1,0,0,0,0,0,0,0,0,0,0,0,1,0,1,0,0,0,1,0,0,0,0,0,0,1,0,0,0,0,0,0,1,0,0,1,0,0,0,0,0,1,1,0,0,0,0,0,0,1,0,0,1,2,0,0,0,0,0,0,0,0,0,0,2,0,1,0,0,0,0,0,0,0,0,0,0,0,0,0,0,0,0,0,0,0,0,0,0,0,1,1,0,0,0,0,0,0,0,0,0,0,0,0,0,1,1,0,0,0,0,0,0,0,0,0,1,0,0,0,0,0,1,0,0,1,1,0,3,0,0,0,0,0,0,0,0,0,1,0,2,0,0,1,0,0,0,0,0,0,0,0,0,0,0,0,0,1,0,0,0,0,0,0,0,0,1,0,0,0,0,0,0,0,0,0,0,0,0,0,0,0,0,0,0,0,0,0,0,0,0,0,0,1,0,0,0,0,0,0,1,0,0,1,0,0,0,0,0,0,0,1,0,0,0,0,0,0,0,1,0,0,0,0,0,0,0,0,1,2,1,0,0,0
RBL2,0,0,0,0,0,0,1,0,0,0,0,0,0,0,1,0,0,1,0,0,0,0,0,0,0,0,0,0,1,1,0,0,1,0,0,0,1,1,0,0,0,1,0,2,2,0,0,0,1,2,0,0,0,0,0,1,0,2,0,0,0,1,0,0,0,0,1,0,0,1,0,0,0,0,0,0,0,0,0,0,3,0,0,0,0,1,0,0,0,0,0,0,0,0,1,0,0,0,0,2,0,2,0,1,1,0,1,0,1,0,0,2,0,0,0,1,0,1,0,0,0,0,0,0,0,1,0,0,1,0,0,0,0,1,0,0,0,1,1,0,0,0,0,0,0,0,1,0,1,0,0,0,1,0,0,2,0,0,0,0,0,2,0,0,0,1,1,1,1,0,1,1,1,1,0,0,0,0,1,0,0,0,0,1,0,0,1,3,0,0,0,1,0,1,0,0,0,0,0,1,0,0,0,1,1,1,0,0,0,0,0,1,1,0,0,0,1,0,1,0,0,0,0,0,1,0,0,0,0,1,0,1,1,1,0,1,1,0,0,0,0,0,0,0,2,0,0,0,0,0,0,0,0,0,0,0,0,0,0,1,1,0,0,0,1,0,0,0,2,0,0,1,0,0,0,1,1,0,0,0,0,1,1,1,0,0,1,1,0,1,0,0,0,0,0,0,0,0,2,0,0,0,0,0,0,1,0,0,0,1,0,1,0,1,1,0,0,1,0,0,0,0,0,0,0,0,0,0,0,1,1,0,1,0,0,0,0,0,1,0,1,0,0,3,0,1,0,0,1,0,0,0,1,0,0,0,0,0,1,0,2,0,0,0,1,0,0,1,2,1,0,0,0,1,1,1,1,1,0,0,0,0,1,0,0,0,0,0,0,0,0,0,0,0,0,0,0,2,2,0,0,1,0,0,1,0,0,0,0,0,1,1,0,0,0,0,1,0,0,1,0,0,2,0,0,0,0,0,1,1,0,0,0,0,0,0,0,1,0,1,0,0,0,0,0,1,1,0,0,0,0,0,0,0,0,1,0,0,0,0,0,0,0,0,2,0,0,1,0,0,0,0,0,1,0,0,0,1,0,0,0,0,1,0,0,0,0,0,0,0,0,1,0,0,0,0,1,0,0,0,0,0,1,1,1,2,0,0,0,1,0,0,0,1,0,0,0,0,0,0,0,1,1,0,0,1,0,1,0,2,0,0,1,1,2,0,0,0,0,0,0,0,1,2,0,0,0,1,0,0,1,0,1,1,0,0,0,0,0,1,0,1,0,0,0,0,0,1,0,2,0,1,4,1,0,0,0,0,0,0,0,0,0,0,1,1,1,0,1,0,0,0,1,0,1,1,0,0,0,0,0,0,0,1,0,1,0,0,0,0,0,0,0,0,2,1,0,0,0,0,1,3,0,0,0,0,0,0,0,0,1,0,0,0,0,2,2,0,0,0,0,0,1,0,0,0,0,0,1,0,0,0,0,0,0,0,0,0,0,0,0,0,1,1,0,1,0,1,1,0,0,2,0,0,0,0,0,0,0,0,0,0,0,1,0,1,2,1,0,0,0,0,0,0,0,0,0,0,0,1,0,0,0,1,1,0,4,0,0,0,0,1,0,0,0,0,0,1,0,0,0,0,0,0,0,0,0,2,0,0,0,0,0,1,0,0,0,0,0,0,0,2,0,0,1,1,0,0,0,1,0,0,0,3,0,1,1,0,0,0,0,0,0,0,0,0,0,0,1,0,0,0,0,0,0,0,0,0,0,1,0,0,1,1,0,1,0,0,0,0,0,0,0,0,1,2,0,0,1,0,0,0,1,0,0,1,1,0,1,1,0,0,0,0,0,0,0,0,0,0,0,0,0,0,0,0,0,0,1,0,0,0,0,0,1,0,0,1,1,0,0,0,1,0,0,0,0,0,0,1,0,0,1,0,1,1,0,0,0,0,0,1,0,0,0,2,0,0,0,0,1,0,0,0,1,0,0,0,1,0,0,1,0,1,0,1,0,0,0,0,1,1,0,0,0,0,0,0,0,1,0,0,1,1,0,0,0,1,0,0,0,0,2,0,0,0,0,0,1,1,0,0,0,0,0,0,0,0,0,2,1,0,1,2,0,0,0,0,0,1,0,0,1,0,0,1,0,0,0,1,0,0,0,0,0,0,1,0,1,0,0,0,0,0,0,0,0,0,0,1,1,0,0,0,1,0,2,0,0,0,1,0,0,0,0,0,1,0,1,0,0,1,0,0,0,0,0,1,0,0,0,0,0,1,1,0,1,0,0,0,1,0,0,0,0,0,0,0,0,1,1,0,0,0,0,0,1,0,0,0,0,1,0,1,0,1,0,1,0,0,1,0,0,0,0,0,0,0,0,0,0,0,0,1,2,0,0,0,0,1,0,1,0,0,0,1,0,0,0,0,1,0,0,1,0,0,0,0,0,1,0,0,0,0,0,0,0,0,0,0,0,0,0,0,0,0,0,0,0,0,1,0,0,0,0,0,1,1,0,0,0,0,0,0,0,0,0,0,2,1,0,0,1,1,0,1,0,1,1,0,0,0,0,1,0,0,0,0,0,0,0,0,0,1,0,0,0,1,0,1,0,0,1,0,0,0,0,1,0,0,0,2,0,0,0,1,0,0,0,0,0,1,1,0,1,1,0,0,1,1,0,0,0,0,0,1,0,1,0,0,2,1,1,0,0,0,0,0,0,0,0,0,0,2,0,1,0,0,1,0,0,1,0,0,1,1,0,0,0,0,0,1,0,0,0,0,0,0,0,0,0,0,0,1,0,0,0,0,0,2,1,0,0,1,0,0,0,0,0,2,0,0,0,0,0,1,0,0,0,1,0,1,0,0,2,1,0,0,0,2,2,0,0,0,0,1,0,0,0,0,0,0,0,2,0,0,1,0,0,0,0,0,0,0,0,0,1,0,0,0,0,0,1,1,0,0,0,1,0,0,0,0,1,1,0,0,0,0,0,0,0,0,0,0,0,1,0,0,0,0,1,1,1,0,0,0,0,0,0,0,0,0,0,0,0,0,1,0,0,1,0,1,1,0,0,1,1,1,0,0,0,0,0,1,0,0,0,0,0,0,0,0,0,0,0,1,0,0,0,0,1,2,1,0,0,0,0,0,2,0,0,1,0,2,2,0,0,0,1,0,1,0,0,1,0,0,0,0,0,1,0,0,1,0,0,0,0,0,0,0,0,0,0,0,0,0,0,0,0,1,1,0,0,1,0,0,0,0,1,0,1,1,0,0,0,0,0,1,0,0,1,0,0,1,0,0,0,0,0,1,0,0,0,0,0,0,0,0,0,0,0,0,0,0,0,0,1,0,0,0,0,1,0,0,1,0,3,0,0,0,0,0,0,1,0,1,1,0,1,1,0,0,0,0,0,0,0,0,1,0,0,0,1,0,0,0,0,1,0,0,0,0,0,0,0,1,0,0,0,0,0,3,0,0,0,1
CD180,0,0,0,0,0,0,0,0,1,0,0,0,0,0,0,0,0,0,0,0,0,0,0,0,0,0,0,0,0,0,0,0,0,0,0,0,0,0,0,1,0,0,0,0,0,0,1,0,0,0,0,0,0,0,0,0,0,0,0,0,1,0,0,0,0,0,0,0,0,0,0,0,0,0,0,0,0,0,0,0,0,0,0,0,0,0,0,1,0,0,0,0,0,1,0,0,0,0,0,0,0,0,0,0,0,0,0,0,0,0,0,1,0,0,0,0,0,0,0,0,0,0,0,1,0,0,0,0,0,0,0,0,0,0,0,0,0,0,1,0,0,0,0,1,1,0,0,1,0,0,0,0,0,0,0,0,0,0,0,0,0,0,0,0,0,0,0,0,0,1,0,0,0,0,0,0,0,0,0,0,0,0,0,0,0,0,0,0,0,0,0,0,0,0,0,0,0,0,0,0,0,0,0,0,0,0,0,0,0,0,0,0,0,0,0,0,0,0,0,0,0,0,1,0,0,0,0,0,0,0,0,0,0,0,0,0,0,1,0,1,0,0,0,0,0,0,0,0,0,0,0,0,0,0,0,0,0,0,0,0,0,1,0,0,0,0,0,0,0,0,0,0,0,0,0,0,1,0,0,0,0,0,0,0,0,0,0,0,0,0,0,0,0,0,0,0,0,0,0,0,0,0,0,0,0,0,0,0,0,0,0,0,0,0,0,0,0,0,0,0,0,0,0,0,0,0,0,1,1,0,0,0,0,0,0,0,0,0,0,0,1,0,0,1,0,0,0,0,0,0,0,0,0,0,0,0,0,0,1,0,0,0,0,0,0,0,1,0,0,0,0,0,0,0,0,1,0,0,0,0,0,0,0,0,0,0,0,0,0,0,0,1,0,0,0,0,1,0,0,1,0,0,0,0,0,0,0,0,1,1,0,0,0,0,0,0,0,0,0,0,0,0,0,0,1,0,0,0,0,0,3,0,0,0,0,0,0,0,0,0,0,0,2,0,0,0,0,0,1,0,0,0,0,0,0,0,0,0,0,1,0,0,0,0,0,0,1,0,0,0,0,0,0,1,0,0,0,0,3,0,1,0,0,0,0,0,0,0,0,0,0,0,0,0,0,0,0,0,0,0,0,1,0,0,0,0,0,0,0,0,0,0,2,0,0,0,0,0,0,0,0,0,0,0,0,0,0,0,0,0,0,2,0,0,0,0,0,0,0,0,0,0,0,0,0,0,0,0,2,0,0,0,0,0,0,0,0,1,0,0,0,0,0,0,0,0,0,0,0,0,0,0,0,0,0,0,0,0,0,0,1,0,0,0,0,0,0,0,0,0,0,0,0,0,0,1,0,1,0,1,0,0,0,0,0,0,0,0,0,0,0,0,0,0,0,0,0,0,0,0,0,0,0,0,0,0,0,0,0,0,0,0,0,0,0,0,0,0,0,0,0,0,0,0,0,0,0,0,0,0,0,0,0,0,2,0,0,0,0,0,1,0,0,0,0,0,0,0,0,1,0,0,0,0,0,0,0,0,0,0,0,0,0,0,0,0,0,0,0,0,0,0,0,0,0,0,0,0,2,0,0,0,0,0,1,1,0,0,0,0,0,0,0,0,0,0,0,0,0,0,0,0,0,0,0,0,0,0,0,0,0,0,0,0,0,0,0,0,0,1,0,0,0,0,0,0,0,0,0,0,0,0,0,0,0,0,0,0,0,0,0,0,0,0,0,0,0,0,0,0,0,0,0,0,0,0,0,0,0,0,0,0,0,0,0,0,0,0,0,0,0,0,0,0,0,0,0,0,0,0,0,0,0,0,0,0,0,0,0,0,0,0,0,0,0,0,0,0,0,0,0,0,0,1,0,0,0,1,0,0,0,0,0,0,0,0,0,0,1,0,0,0,0,0,0,1,0,0,0,0,0,0,0,0,0,0,0,0,0,0,0,0,0,0,1,0,0,0,0,0,0,0,0,0,0,0,0,0,0,0,0,0,0,1,2,0,2,0,1,0,0,0,0,0,0,0,0,0,0,0,0,0,0,0,0,0,0,0,2,0,1,0,0,0,0,0,0,0,0,0,0,2,0,0,0,0,0,0,0,0,0,1,0,1,1,0,0,0,0,0,0,0,0,0,0,0,0,0,0,0,0,0,0,0,0,0,0,0,0,0,0,0,0,0,0,0,0,0,3,0,0,0,0,0,0,0,0,0,0,0,0,0,0,1,0,0,0,0,0,0,0,0,0,0,0,0,0,0,1,0,0,0,0,0,0,0,0,0,0,0,0,0,0,0,0,0,0,1,0,0,0,0,0,0,0,0,0,0,0,0,1,0,0,0,0,0,0,0,0,0,0,0,0,0,0,0,0,0,0,0,0,0,0,0,0,2,0,0,0,0,0,0,0,1,0,0,0,0,0,0,0,0,0,0,0,1,0,0,0,0,0,0,0,0,0,0,0,0,0,0,0,0,0,0,0,0,0,0,0,0,0,0,0,0,0,0,0,0,0,0,0,0,1,0,1,0,0,0,0,0,0,0,0,0,0,0,0,0,0,2,0,0,0,0,0,0,0,1,0,0,0,0,0,0,0,1,0,0,0,0,0,1,0,0,1,0,0,1,0,0,0,0,0,0,0,0,1,0,0,0,1,0,0,1,0,0,0,0,0,1,0,0,0,0,0,0,0,0,0,0,0,0,0,0,0,0,0,0,1,0,0,0,0,0,0,0,1,0,0,0,1,0,0,0,0,0,0,0,0,0,0,0,0,0,0,1,0,0,0,0,0,0,0,0,0,0,0,0,0,0,0,0,0,0,0,0,0,0,1,0,1,0,0,0,0,0,0,0,0,0,0,0,0,0,0,0,0,0,0,0,0,0,0,0,0,0,0,0,0,0,0,0,0,0,0,0,0,0,0,0,0,0,0,0,0,1,0,0,0,0,0,0,0,0,0,0,0,0,0,0,2,0,0,0,0,0,1,0,0,0,0,0,0,0,0,0,0,1,0,0,0,0,0,0,0,0,0,0,0,0,0,1,0,0,0,1,0,0,0,0,0,0,0,0,0,0,1,0,0,0,0,0,0,0,0,0,0,0,0,0,0,0,0,0,0,0,0,0,0,0,0,0,0,0,0,0,1,0,0,0,1,0,0,0,0,0,0,0,0,1,0,0,0,0,0,0,0,0,0,0,0,0,0,0,0,0,0,0,0,0,0,0,0,0,0,0,0,0,0,0,0,0,0,0,0,0,0,0,0,0,0,0,0,0,0,0,0,0,0,0,0,0,0,0,0,0,0,1,0,0,0,0,0,0,0,0,0,0,0,0,0,0,1,0,0,0,0,0,0,0,0,0,0,0,0,0,0,0,0,0,0,0,0,0,0,0,0,0,0,0,0,0,0,0,0,0,0,0,0,0,0,0,0,0,0,0,0,0,0,0,0,0,0,0,0,0,0,0,0,0,0,0,0,0,0,0
MX1,0,0,0,0,1,1,0,0,0,0,0,2,0,0,1,1,0,0,4,0,0,0,0,0,0,0,0,0,2,0,0,0,0,0,0,0,0,0,0,0,0,0,0,0,0,0,0,1,0,0,1,0,0,0,0,0,0,0,0,0,0,0,0,0,0,0,0,0,0,0,0,0,0,0,0,0,0,0,0,0,1,0,0,0,0,1,0,1,0,0,0,0,0,0,0,1,0,0,0,2,1,0,0,0,0,0,0,1,0,0,0,0,0,0,0,0,0,0,0,0,0,0,0,0,0,0,1,0,1,0,0,0,1,0,0,0,1,0,0,0,0,0,2,0,0,0,0,0,1,0,0,0,0,0,0,1,0,0,0,0,0,0,1,0,1,0,0,0,0,0,0,2,0,0,0,0,0,0,0,0,0,0,0,0,0,0,0,0,0,0,0,0,1,0,0,0,0,0,0,0,0,0,0,0,0,0,0,0,0,0,0,0,0,0,0,0,1,0,0,0,0,0,1,0,1,0,0,0,0,0,0,0,0,1,0,0,0,0,0,0,0,0,0,0,0,0,1,0,0,0,0,0,0,0,0,0,0,0,0,0,0,0,0,0,0,0,0,0,1,0,1,0,1,0,0,0,0,1,0,2,0,0,0,0,0,0,0,0,0,0,0,0,0,0,0,0,0,0,0,0,0,0,0,0,0,0,0,3,1,0,0,0,0,0,0,0,0,0,0,0,0,0,0,0,1,0,0,0,0,1,0,0,0,0,0,0,0,0,0,0,0,0,0,0,0,0,0,0,0,0,0,0,0,0,0,0,0,0,0,0,0,0,0,0,0,0,0,0,0,1,0,0,1,0,0,2,0,1,0,0,0,0,0,0,0,0,0,0,0,1,0,1,0,0,0,0,0,0,0,0,0,2,0,0,0,0,0,1,1,0,0,0,0,0,0,0,0,0,0,0,0,0,0,1,0,0,0,0,0,0,0,0,0,0,1,0,0,0,0,0,0,1,0,0,0,0,0,0,0,0,0,0,0,1,0,0,1,0,0,0,1,0,0,0,0,0,0,0,0,0,0,0,0,0,0,0,0,0,0,0,0,0,0,0,0,0,0,0,0,0,0,0,0,0,0,0,1,0,0,0,0,0,0,0,1,0,0,0,0,0,0,0,0,1,0,0,0,0,0,0,0,0,0,0,0,0,0,0,0,0,0,0,0,0,0,0,0,0,0,0,0,1,0,0,2,0,2,1,0,0,0,0,0,0,1,0,1,0,0,0,0,0,0,0,0,0,0,0,0,0,0,1,0,0,0,0,1,2,0,0,1,0,0,0,0,0,1,0,0,0,0,0,0,0,2,0,1,0,0,0,0,0,0,0,0,3,0,0,0,0,0,0,0,0,0,0,0,0,0,1,0,0,0,0,0,0,0,0,0,0,0,0,0,0,0,0,0,0,0,0,0,0,0,1,0,0,0,0,0,0,0,1,0,0,1,0,0,0,0,0,0,0,0,0,0,0,0,0,0,0,0,0,0,0,0,1,0,0,0,0,0,0,0,1,0,0,1,0,0,0,0,0,0,0,0,0,0,0,0,0,0,0,0,0,0,0,0,0,0,1,0,2,0,0,0,0,0,0,0,0,0,0,0,0,0,0,0,0,0,0,0,0,0,0,0,0,0,0,0,0,0,1,0,0,0,0,0,0,0,0,0,0,0,0,0,0,0,0,0,0,0,0,0,0,0,0,0,2,0,0,0,0,0,0,0,0,0,0,0,0,0,0,0,0,0,0,0,0,0,2,0,0,0,0,0,0,0,0,0,0,0,0,0,0,0,0,0,0,0,0,0,0,0,0,0,0,0,0,0,0,0,0,0,1,0,1,0,0,0,0,1,0,0,0,0,0,0,0,0,0,0,0,0,1,0,0,0,0,0,0,0,0,0,0,1,1,0,0,0,1,0,1,0,0,1,0,0,3,0,0,0,0,1,0,0,1,0,0,0,0,0,0,0,1,0,0,0,0,0,0,0,0,0,0,0,0,0,0,0,0,0,0,0,0,0,0,0,0,0,0,0,0,0,0,0,2,0,0,0,0,0,0,1,0,1,0,0,0,0,0,0,0,0,0,0,0,0,0,0,1,0,1,2,0,0,0,0,0,0,0,0,0,0,0,0,0,0,0,0,0,1,0,0,0,0,0,0,0,0,0,0,0,0,1,0,0,1,0,0,0,1,0,0,0,0,0,0,0,1,0,0,1,0,0,0,0,0,0,0,0,0,0,1,0,0,0,0,0,0,0,0,0,0,0,0,0,0,0,0,0,0,0,0,0,0,0,0,0,0,0,1,1,0,0,0,0,0,0,2,0,0,1,0,0,0,0,0,0,0,0,0,0,0,0,1,0,0,0,1,0,0,0,0,0,0,0,0,0,0,0,3,0,0,0,0,1,0,0,0,0,1,0,0,0,0,0,0,0,0,0,0,0,0,0,0,0,0,0,0,0,0,0,0,0,0,0,0,0,1,0,0,0,0,2,0,0,0,0,1,0,0,0,0,0,1,0,0,1,0,1,1,0,0,0,0,0,0,1,0,0,0,0,0,0,1,0,0,0,0,0,0,0,0,0,0,0,0,0,0,0,0,0,0,0,0,0,0,0,0,0,0,0,0,1,0,0,0,0,0,0,0,1,0,0,0,0,1,0,0,0,0,0,0,0,0,0,0,0,0,0,0,0,0,0,0,0,0,0,0,0,0,1,0,0,1,0,0,0,0,0,0,0,1,1,0,0,0,1,1,0,0,0,0,1,1,3,0,0,0,0,0,0,0,0,0,0,0,0,0,0,0,0,0,0,0,0,0,1,0,0,0,0,0,0,0,0,0,0,0,0,0,0,0,0,0,0,0,0,0,0,0,0,0,0,0,0,0,0,0,0,0,0,0,0,0,0,0,0,0,0,0,0,1,0,1,0,0,0,0,0,0,1,0,1,1,0,0,1,0,0,0,0,0,0,0,0,0,0,0,0,0,0,0,0,0,0,0,0,0,0,1,0,0,0,0,1,0,1,0,0,0,1,0,1,1,0,0,0,0,0,0,0,0,0,0,0,0,0,0,0,0,0,0,0,0,0,0,0,0,0,0,0,0,0,0,0,0,0,0,0,1,0,0,0,1,0,0,0,0,0,0,1,0,0,0,0,0,0,0,0,0,0,1,0,0,0,0,1,0,0,0,0,1,0,0,0,0,0,1,0,0,0,0,1,0,0,1,0,0,0,0,1,0,0,0,1,0,0,0,0,1,0,1,0,0,0,0,0,0,0,0,0,0,0,0,0,0,0,0,0,0,0,0,0,0,0,0,0,0,0,0,0,0,0,0,0,0,0,0,1,1,1,1,0,0,0,1,0,0,0,0,0,0,0,0,0,0,0,0,0,1,0,0,0,0,0,0,0,0,0,0,0,0,0,0,0,0,0,0,0,0,1,0,0,0,0
MSN,0,0,0,0,1,3,1,2,0,0,2,0,1,0,1,4,0,2,1,0,1,1,1,1,0,1,0,0,2,0,0,0,0,0,0,0,1,1,1,0,0,0,1,0,0,0,0,0,0,0,0,0,1,1,0,0,1,1,1,2,2,0,1,2,1,0,0,1,0,2,0,0,0,4,1,0,0,3,0,0,0,0,0,1,0,1,1,0,1,0,0,0,0,2,1,2,0,0,0,3,0,0,2,1,2,0,0,0,1,0,0,1,2,0,0,1,0,2,1,0,0,0,0,1,0,1,0,0,1,0,0,1,0,0,0,1,0,0,0,0,0,0,0,1,0,0,1,2,2,0,2,1,0,1,0,1,0,0,1,1,0,0,0,2,3,0,1,0,2,2,0,2,0,1,0,0,0,0,0,0,1,0,0,0,2,0,0,0,1,1,3,2,0,0,1,2,0,1,1,0,0,3,0,0,2,0,1,0,0,1,0,0,1,2,2,0,1,1,0,2,0,1,0,0,2,2,0,0,0,1,1,0,2,4,0,0,0,0,0,0,3,0,1,0,0,0,0,3,1,1,0,1,1,2,0,0,0,2,0,2,1,0,1,1,0,3,0,0,0,0,0,0,1,0,1,0,1,2,2,0,0,5,0,2,0,0,0,0,0,0,0,1,1,2,0,0,0,0,2,0,0,0,0,1,2,1,0,1,4,2,0,0,1,0,0,1,0,0,1,0,0,2,1,0,0,0,1,0,0,2,0,0,0,1,0,0,0,0,0,1,2,2,1,1,0,1,0,3,0,1,1,0,3,0,2,1,2,0,2,1,2,0,0,0,0,1,4,0,0,1,0,1,2,0,0,4,0,0,1,3,1,0,0,0,0,0,0,1,0,4,2,7,0,3,0,2,1,0,0,2,1,0,2,0,0,2,5,0,2,1,0,0,2,1,0,3,0,0,0,0,1,2,4,3,2,0,1,0,1,0,0,0,0,0,0,0,0,0,0,5,0,0,2,0,1,1,3,1,0,0,0,1,1,1,3,2,0,1,2,0,0,1,0,0,0,1,1,0,1,0,1,1,0,0,0,1,0,0,0,2,0,0,0,1,1,1,0,2,1,1,2,1,1,2,3,2,0,0,0,1,0,0,1,1,2,0,0,0,1,1,0,2,1,0,0,1,0,0,0,2,0,1,2,0,3,2,0,0,1,0,2,2,1,0,0,1,1,0,2,0,3,0,0,0,0,1,1,0,0,1,0,1,0,1,2,4,0,1,0,1,0,0,1,2,0,1,1,1,4,0,0,1,3,1,0,2,0,0,0,0,0,1,2,2,0,1,3,0,1,0,0,0,2,2,0,0,0,0,2,0,0,0,0,0,1,2,0,0,1,0,2,1,0,0,0,0,0,1,3,0,2,1,3,1,3,0,2,0,0,1,0,1,1,2,0,0,0,0,1,0,1,0,1,0,1,1,2,1,0,2,0,1,0,0,0,1,1,1,1,2,1,0,0,3,0,0,2,0,1,1,0,1,0,1,0,1,0,1,0,1,1,0,0,0,0,0,0,0,0,0,0,0,0,0,1,0,2,1,0,1,0,0,4,0,0,2,1,1,0,3,1,2,0,0,2,0,1,1,0,0,1,0,0,1,0,0,1,0,0,2,1,0,0,0,0,0,0,1,0,0,0,1,0,1,1,1,1,0,0,0,2,0,1,0,1,0,0,0,0,1,1,0,1,0,0,0,0,0,1,0,1,0,0,0,1,2,0,0,1,2,0,0,0,0,0,3,2,0,2,0,0,0,0,0,1,1,1,1,2,1,0,0,0,1,2,1,0,0,0,1,0,1,0,0,1,0,2,1,0,0,1,1,4,2,0,0,0,0,0,0,0,0,0,1,0,0,0,1,1,0,2,3,1,0,1,0,0,0,3,0,0,0,2,1,3,0,1,2,0,1,1,1,1,0,1,1,1,1,2,0,0,0,1,0,0,1,2,1,1,0,3,0,3,3,0,0,0,0,0,0,0,0,2,1,0,0,1,2,1,0,0,0,1,0,1,1,1,2,2,0,0,0,0,0,0,0,2,0,0,2,0,2,1,0,1,0,0,0,0,1,2,1,1,0,1,0,1,2,0,0,0,0,1,0,2,0,0,1,0,0,0,1,3,0,2,0,0,1,0,1,1,0,0,1,2,1,0,0,1,0,1,2,2,0,1,1,0,0,0,1,0,1,1,3,0,0,0,0,1,1,2,0,0,0,0,0,0,0,0,0,2,1,0,0,0,3,1,2,1,1,2,0,1,1,0,1,1,0,1,0,0,0,0,0,0,0,0,0,0,0,3,2,0,0,0,2,0,4,0,0,0,2,0,1,1,1,0,0,0,0,1,4,1,1,1,1,0,0,0,1,0,0,2,3,1,3,0,1,0,0,0,1,2,2,0,0,0,2,1,2,1,1,0,0,1,2,1,0,1,0,1,0,0,5,0,0,0,0,0,0,0,0,1,0,5,0,1,0,0,1,2,0,1,0,0,0,1,1,1,1,0,0,1,0,0,2,1,0,1,1,0,0,1,2,0,0,0,1,0,0,1,1,0,1,0,0,0,0,0,0,1,1,0,3,0,0,0,1,0,0,1,0,0,0,0,0,0,0,1,1,0,0,0,1,0,1,4,0,0,5,2,0,2,0,1,1,0,1,0,1,1,0,2,0,0,0,2,1,1,0,0,0,1,1,1,2,0,2,1,0,0,1,0,3,1,0,2,0,0,1,1,1,1,0,2,0,1,0,1,1,5,4,0,0,0,1,2,0,0,0,0,0,1,0,0,1,0,2,2,3,1,0,1,1,0,0,5,1,0,0,0,0,3,2,0,1,2,2,0,0,2,2,1,0,0,0,2,3,2,0,4,0,0,2,0,2,3,0,1,0,0,0,0,0,0,1,0,0,1,0,2,0,1,0,0,0,1,0,1,0,1,1,1,0,0,0,0,0,1,0,1,1,1,0,1,0,0,1,1,0,0,0,0,1,0,0,1,2,6,0,0,2,2,0,1,2,0,0,1,0,0,2,0,0,1,0,0,0,2,1,1,1,3,2,0,1,1,0,1,1,1,1,1,0,1,0,0,0,1,0,2,1,0,0,2,1,0,0,0,0,7,3,1,1,0,1,0,2,0,0,0,0,1,1,2,0,1,0,0,0,0,0,2,0,0,0,0,1,2,0,0,4,2,1,0,0,0,2,0,1,0,0,0,1,0,0,1,1,0,1,0,0,1,0,1,1,0,0,2,0,2,2,2,0,2,1,0,0,0,1,1,0,1,0,0,0,2,0,1,0,0,0,0,1,6,0,2,0,0,1,0,0,1,0,0,3,0,0,1,0,0,0,0,1,1,1,0,1,2,0,0,2,0,0,0,1,0,1,1,3,0,1,1,1,0,0,1,0,1,0,0,0,0,0,1,0,1,2,0,0,0,0,1,0,0,0
HSP90B1,0,0,1,1,3,0,1,1,2,0,0,0,3,0,1,2,0,2,2,0,0,0,1,0,0,0,1,0,2,1,0,0,1,8,1,0,0,0,0,1,0,1,1,1,1,0,0,2,1,0,0,0,1,0,1,1,0,1,0,3,2,1,0,0,0,2,0,0,1,1,0,1,2,1,0,0,1,2,0,2,1,1,0,1,0,1,0,1,4,1,4,1,2,1,1,1,0,0,1,1,0,0,1,0,1,0,0,0,1,0,2,0,0,2,1,0,0,0,0,0,0,0,1,0,0,1,0,0,0,1,0,0,0,0,0,0,1,1,0,0,2,0,1,1,0,0,0,1,1,0,0,1,0,0,0,0,0,1,0,0,0,0,0,0,2,1,0,0,4,4,0,0,1,1,0,0,2,0,0,0,0,0,0,0,0,0,0,0,0,1,2,1,1,0,1,0,0,0,0,1,1,3,1,0,1,3,1,1,0,0,0,2,1,0,0,0,0,0,7,0,0,0,3,1,1,1,0,0,0,2,1,2,0,2,0,1,2,0,0,0,0,1,0,1,2,0,0,2,2,1,0,0,0,1,0,3,1,1,1,1,0,0,2,0,2,1,1,0,0,0,0,0,2,0,0,2,1,1,0,1,1,1,0,0,1,0,0,0,0,1,0,0,0,0,1,0,0,1,1,0,0,1,1,0,0,0,0,0,0,1,0,1,0,0,0,0,0,0,0,2,0,1,3,1,1,0,0,1,0,0,0,2,1,0,0,0,1,2,1,1,0,0,1,0,0,1,1,0,0,0,0,0,0,0,1,2,0,1,3,0,0,0,0,0,0,0,1,1,0,1,2,0,0,0,1,3,0,1,0,3,1,0,1,0,0,0,3,0,0,0,0,3,0,2,0,0,0,2,2,1,3,0,1,0,1,0,1,0,1,0,1,1,0,0,0,1,0,0,0,0,0,0,8,2,0,1,0,0,0,2,0,0,2,2,0,0,2,1,0,2,0,0,1,0,0,10,1,0,2,0,1,0,0,0,3,1,0,2,1,1,3,1,0,0,1,1,0,1,0,0,0,1,3,0,0,1,1,0,0,0,3,1,1,2,1,1,1,1,0,0,1,0,1,0,0,0,0,0,0,0,0,2,0,1,0,1,0,2,3,0,0,1,0,0,0,0,0,1,1,0,1,1,0,2,0,1,0,0,0,1,0,0,0,0,0,0,1,2,0,1,0,1,0,0,1,3,1,0,2,2,1,3,0,0,1,1,0,3,0,0,0,0,0,1,2,0,2,0,1,0,1,0,0,0,1,0,0,1,0,0,0,1,0,0,0,0,2,1,1,0,0,0,0,0,0,0,0,0,0,0,0,1,0,1,3,0,0,1,0,1,2,0,0,1,2,1,0,1,1,0,1,0,1,0,1,0,0,0,2,1,0,1,0,1,1,2,0,0,0,0,0,1,3,1,2,0,14,0,2,0,0,0,0,1,0,0,0,1,0,1,0,1,0,0,0,1,1,1,0,0,1,0,0,0,2,0,0,1,0,0,0,2,0,0,0,0,1,1,0,0,1,1,1,1,0,2,1,0,1,2,2,2,11,2,0,2,1,0,0,4,0,2,0,1,0,1,0,2,0,0,3,0,0,0,0,1,0,0,0,0,3,0,0,1,11,0,1,0,0,1,0,0,2,2,1,2,2,1,1,0,2,0,0,1,0,1,0,0,1,0,1,3,0,1,1,0,2,0,0,1,0,1,0,1,0,1,0,1,0,1,0,0,1,0,1,0,3,1,0,1,1,1,0,0,3,1,2,1,0,1,0,1,0,1,1,1,1,0,1,1,1,0,0,1,0,1,1,1,0,0,1,1,0,1,0,1,0,0,0,0,1,0,1,0,0,0,0,1,1,0,0,0,1,1,1,2,0,0,1,0,0,0,1,0,0,0,0,3,0,1,0,0,1,0,0,0,0,1,0,0,0,0,0,0,0,2,1,1,0,0,1,0,3,4,0,0,0,0,2,0,0,2,1,0,0,4,0,0,0,0,1,0,1,0,0,0,1,0,1,0,0,1,1,0,0,0,0,0,0,0,0,1,0,0,2,2,0,0,1,0,0,1,1,0,1,0,0,1,1,0,0,0,0,0,0,0,3,1,0,1,0,0,3,1,1,0,0,2,0,1,0,0,0,0,0,0,1,0,0,0,0,1,0,2,1,0,0,1,3,0,1,0,1,4,2,1,0,1,0,0,1,0,0,1,0,3,0,2,0,0,0,1,1,0,3,0,1,0,0,0,1,0,3,0,0,0,1,1,3,1,0,0,0,1,2,2,0,2,0,0,0,0,0,0,0,0,0,1,0,1,0,2,3,2,1,1,0,0,0,0,2,1,1,3,0,1,0,0,0,1,0,1,0,1,0,2,3,0,0,1,0,3,1,1,1,2,0,2,3,2,10,0,0,0,1,0,0,0,1,0,1,0,1,3,0,1,0,1,0,0,2,1,3,2,0,1,1,0,0,0,1,0,0,1,0,1,0,0,2,3,0,0,3,1,0,0,0,0,1,1,0,0,1,0,0,2,2,2,0,1,1,0,3,2,1,0,0,0,5,2,1,0,2,3,0,0,0,0,0,0,3,1,1,1,0,2,1,0,0,3,0,0,0,2,1,2,0,0,1,4,1,0,0,0,0,1,1,0,0,1,0,0,0,0,0,0,0,2,1,0,0,0,0,0,0,0,0,3,0,0,1,1,0,0,1,1,0,0,1,2,1,0,0,0,0,0,2,0,0,1,0,1,0,0,0,10,4,0,1,1,1,1,0,0,0,0,0,3,2,2,3,0,0,0,0,1,0,0,0,1,1,0,2,0,1,1,0,1,0,1,0,0,0,1,0,2,4,3,1,0,1,0,6,1,0,0,0,0,0,2,1,0,1,0,0,0,1,0,0,0,0,1,1,0,1,2,0,0,1,0,0,1,0,1,1,1,1,0,1,1,0,1,0,2,0,0,2,1,0,1,2,0,0,1,1,0,0,1,6,0,0,0,1,1,0,0,2,2,1,1,1,1,0,1,0,1,1,0,1,0,0,0,1,1,0,1,1,0,0,1,1,0,0,1,2,0,2,0,1,0,0,3,1,2,0,0,0,1,1,4,3,1,2,0,3,0,0,1,2,0,0,0,1,1,0,0,1,0,1,2,0,0,0,0,0,0,0,2,3,0,0,0,2,0,0,1,0,1,0,1,0,0,0,1,0,0,1,1,0,0,0,1,1,2,0,1,1,0,3,0,0,0,2,0,0,1,1,0,0,1,0,0,0,0,2,1,1,0,3,2,0,1,0,1,3,0,2,1,1,3,0,2,1,0,0,0,0,1,3,3,0,3,0,2,1,0,0,0,1,1,1,0,1,0,0,1,0,1,0,1,1,0,0,0,0,4,1,1,0,1,0,0,1,0,1,0,1,2,2,1,0,0,0,0,0,0
SP100,1,0,2,0,0,0,0,0,1,1,4,1,0,0,0,4,0,0,0,1,0,0,0,2,1,0,1,0,1,1,1,0,1,0,0,0,0,0,0,1,0,3,1,0,0,1,0,0,0,0,0,0,0,1,2,0,0,0,0,1,1,0,0,0,0,2,1,0,0,0,0,1,1,0,0,1,0,0,0,1,0,1,0,0,0,0,1,1,0,0,0,1,0,0,0,1,0,0,0,5,0,0,0,0,1,0,0,0,1,0,2,0,0,0,1,2,1,0,0,0,0,0,0,0,0,0,1,1,1,0,0,0,0,0,0,1,0,1,0,0,0,1,1,0,1,0,0,0,1,0,0,0,0,0,0,0,0,0,0,0,2,0,2,0,0,3,1,1,1,4,0,0,1,0,0,0,1,1,0,0,0,1,0,0,0,0,0,0,0,0,1,1,0,0,0,1,1,0,0,1,0,0,0,2,0,1,0,3,1,2,1,0,0,1,0,0,0,0,0,1,0,1,2,2,1,0,0,0,0,0,0,0,0,0,0,0,0,1,0,0,0,0,1,0,0,1,1,0,2,1,1,0,0,0,0,0,0,0,0,0,0,0,0,1,0,1,0,0,1,1,0,2,0,0,2,1,0,0,0,1,0,0,0,0,0,1,0,0,2,0,0,0,0,0,0,0,1,0,0,1,0,1,0,0,0,0,0,0,1,0,0,1,0,1,2,0,0,2,0,0,0,0,2,0,1,0,1,1,4,0,1,1,0,1,0,0,1,0,1,1,2,2,0,0,0,1,0,0,0,2,1,1,1,0,0,0,1,2,1,0,1,0,1,0,0,1,1,1,0,1,0,0,1,0,0,2,0,0,1,0,2,0,0,0,0,0,0,0,1,0,0,3,1,1,0,0,1,1,0,0,0,0,0,0,0,1,0,0,1,4,0,0,1,1,0,1,1,0,0,1,0,1,2,0,0,1,0,0,0,0,1,0,0,1,0,0,0,0,0,2,0,0,1,0,2,2,0,0,0,0,0,1,0,0,0,2,1,0,1,1,0,0,0,0,1,0,1,0,0,0,0,0,0,0,1,1,0,0,1,1,0,0,0,0,0,1,2,0,0,0,0,0,0,0,0,0,1,0,0,1,0,0,0,0,0,0,1,0,0,0,2,0,0,0,1,0,1,0,1,0,0,0,0,0,0,0,0,2,2,0,0,1,0,0,2,2,0,2,3,0,1,0,0,0,0,0,1,0,0,0,1,1,1,0,0,1,1,1,1,0,1,0,1,0,0,0,0,0,0,0,1,0,0,0,0,0,1,1,0,1,1,1,3,0,0,1,1,0,1,0,0,0,0,0,0,1,1,0,1,0,0,1,0,2,1,1,0,0,0,0,0,1,0,0,1,0,1,0,1,0,0,0,1,1,0,0,0,0,0,0,2,1,1,0,0,0,1,0,0,0,1,0,1,0,0,0,0,1,0,0,0,1,0,0,1,0,1,0,0,0,3,2,0,1,0,0,0,1,1,1,0,0,0,1,2,2,0,0,0,0,1,0,1,0,0,0,0,0,0,0,0,0,0,0,0,0,0,0,0,1,0,0,1,0,2,0,0,1,0,1,0,1,0,0,1,0,0,2,1,0,1,1,1,1,1,0,0,0,1,1,0,0,0,0,0,0,0,3,0,2,0,1,1,0,3,1,1,1,0,0,0,0,1,1,0,0,0,0,0,0,0,0,0,0,0,3,0,2,0,0,0,1,0,1,0,1,0,0,1,2,0,0,0,1,0,1,0,0,1,1,2,0,0,0,0,0,2,0,0,1,0,0,0,1,0,0,1,0,0,0,0,0,0,0,1,0,0,0,1,0,0,0,0,1,1,0,0,1,0,0,0,1,1,0,0,1,0,0,0,0,0,1,1,1,0,3,2,0,2,0,1,0,1,0,0,2,0,1,0,0,0,0,0,0,0,1,1,0,0,1,2,0,0,2,0,0,1,0,0,1,1,1,0,0,0,1,1,0,0,1,2,0,0,1,0,0,2,1,0,0,3,0,0,0,0,0,0,2,1,0,0,0,0,3,0,1,4,0,0,2,0,1,0,0,0,0,0,1,0,0,0,0,0,0,1,2,0,1,0,1,2,0,1,0,0,0,1,1,0,1,0,0,0,0,1,0,2,1,0,2,1,0,1,0,1,0,0,0,0,0,0,2,1,1,0,2,0,0,0,0,0,0,0,3,0,1,0,0,0,0,0,0,0,0,0,0,0,1,0,1,1,1,0,0,0,0,0,0,1,0,2,0,0,0,0,0,0,2,0,2,0,1,2,1,0,0,1,0,1,0,0,1,0,0,0,0,0,1,1,0,0,0,1,0,1,0,1,1,1,1,2,0,0,1,0,0,0,0,1,0,0,0,0,1,0,0,0,0,0,0,1,1,0,0,0,0,0,0,0,0,1,0,1,0,0,0,0,0,2,0,0,0,2,0,0,0,0,0,0,0,0,0,0,0,0,0,0,0,1,1,1,0,0,1,1,1,0,0,0,0,0,0,0,0,2,0,1,0,0,0,0,0,2,2,1,1,2,1,0,0,0,0,0,0,0,2,1,2,0,0,1,0,2,1,4,0,0,1,0,0,1,1,0,1,0,0,2,0,0,1,2,0,0,1,0,0,0,0,0,0,1,0,1,0,0,0,0,0,0,0,2,0,0,0,0,0,0,0,0,0,0,0,0,0,0,0,1,1,1,1,2,0,0,0,0,1,2,0,1,0,1,0,1,0,0,2,0,0,0,0,0,1,0,2,1,0,0,0,1,0,1,1,0,0,0,0,1,0,0,0,1,0,0,0,0,0,0,0,2,2,0,0,2,1,0,1,0,0,0,1,1,0,0,1,0,0,0,0,0,0,1,0,0,1,0,1,1,0,0,1,0,0,0,2,2,1,0,0,1,1,1,0,0,0,0,0,0,0,0,2,0,0,0,1,0,0,0,0,0,0,0,0,0,0,3,0,0,0,0,0,1,0,0,0,0,1,0,1,3,1,1,0,1,0,0,0,1,0,0,2,0,1,2,1,0,0,1,0,0,2,0,2,0,1,0,1,0,2,0,2,0,0,0,0,0,2,1,0,0,0,0,0,1,0,4,1,0,0,0,0,3,1,1,0,1,1,1,0,3,1,0,0,0,0,2,0,0,0,1,2,1,1,0,0,0,2,0,2,0,1,0,0,1,0,1,0,0,1,0,0,0,2,1,0,1,1,0,3,0,0,1,1,0,0,0,0,0,0,0,0,0,0,2,0,0,0,0,0,0,2,1,0,0,0,0,0,0,0,0,0,0,1,1,0,0,0,0,1,0,0,0,1,1,0,1,0,0,0,1,0,0,0,0,1,0,1,0,0,0,1,1,1,0,0,0,0,0,0,2,0,1,1,1,0,0,2,0,0,1,1,0,0,0,0,0,0,0,2,1,0,0,1,1,1,0,0
H2AFJ,0,0,0,0,0,0,2,0,0,0,0,0,1,1,0,0,0,0,1,0,0,0,0,0,0,0,0,0,0,0,0,1,0,0,0,0,0,1,2,0,0,0,3,1,0,0,0,0,0,0,0,0,2,2,3,0,1,0,0,2,3,0,0,0,3,0,0,0,0,0,0,0,0,0,0,0,0,3,0,0,0,0,0,0,0,1,0,0,0,0,0,0,0,1,1,0,0,0,1,0,1,0,1,1,0,1,0,0,0,0,0,0,0,0,0,0,0,1,0,0,0,0,0,0,0,0,0,0,0,0,0,0,0,0,1,0,0,0,0,0,0,0,0,0,1,0,1,1,0,1,0,1,0,0,0,1,0,0,0,0,0,0,0,0,0,0,0,0,1,1,1,0,0,0,1,0,0,0,0,1,1,1,0,0,0,0,0,0,0,1,1,0,0,0,0,0,1,1,0,0,2,1,0,0,0,0,0,0,0,0,0,0,0,0,0,0,0,1,1,2,0,0,0,1,0,0,0,0,0,0,0,0,0,0,0,0,0,0,0,0,0,0,0,0,0,0,0,0,0,0,0,0,0,0,0,2,0,0,0,0,1,0,0,0,0,0,0,1,1,1,0,1,0,0,0,0,0,2,0,0,0,0,0,0,0,0,0,0,0,0,1,0,0,1,0,0,0,0,1,0,0,0,0,0,1,1,0,0,1,0,0,0,0,0,0,0,0,0,0,0,0,0,1,0,0,0,0,1,0,0,0,0,0,0,0,0,0,0,0,0,0,1,0,1,0,0,0,0,0,0,0,0,0,1,0,0,1,0,2,0,0,0,0,0,1,0,0,1,0,0,2,0,0,0,0,0,2,0,1,4,1,0,0,0,0,0,2,0,0,0,1,2,0,1,0,1,0,0,0,1,0,1,0,0,0,1,0,0,0,0,2,0,0,0,0,1,0,0,0,0,0,1,1,0,0,0,0,0,0,0,0,1,0,0,0,0,0,0,0,4,0,0,0,0,1,1,0,3,0,0,0,0,0,0,4,1,0,0,0,0,1,0,0,0,3,0,0,0,0,0,0,1,1,0,0,0,0,0,0,0,2,0,1,0,0,0,1,0,0,0,0,0,1,0,0,2,0,0,0,2,1,0,0,0,0,0,0,0,0,0,0,0,0,0,0,0,0,0,0,2,0,0,1,0,0,0,0,0,0,0,1,0,0,0,0,0,0,1,0,0,1,0,0,0,0,0,0,0,2,1,0,1,0,0,1,0,0,0,0,0,0,0,0,0,1,0,0,0,0,0,0,1,1,0,0,0,0,0,0,0,0,0,0,1,0,0,0,0,0,0,0,0,0,1,1,0,0,0,1,0,0,0,0,0,0,3,0,1,0,0,1,0,0,0,0,0,0,1,2,0,0,0,0,0,0,0,0,1,0,0,0,0,0,1,1,0,0,0,0,0,1,0,1,0,0,0,0,0,0,1,0,0,0,1,0,0,0,1,1,0,0,0,0,0,1,0,1,0,0,0,0,2,0,0,0,0,0,0,0,0,0,0,0,0,0,0,0,1,1,1,0,0,0,0,0,0,0,0,0,0,0,0,2,0,0,0,0,1,0,2,0,0,0,0,0,0,0,0,0,1,0,0,3,0,0,0,0,0,0,0,0,0,0,0,0,0,0,0,1,0,0,1,2,1,0,1,0,0,0,0,0,0,0,0,0,0,0,0,1,1,0,0,0,0,0,0,0,0,1,0,0,0,0,0,0,1,1,0,0,1,0,0,0,0,0,0,0,0,0,0,0,0,0,0,1,0,0,0,2,0,0,0,0,0,1,1,0,0,0,0,0,0,0,0,0,0,1,0,0,0,1,0,0,0,0,2,0,0,0,0,0,0,0,1,0,0,0,1,0,0,0,0,1,0,0,0,0,1,0,0,0,0,0,0,0,0,0,0,0,0,0,0,0,0,0,0,0,0,1,0,0,0,0,0,0,0,0,0,0,0,0,0,1,0,1,0,0,0,0,0,0,0,1,0,0,1,0,0,2,0,0,0,0,0,0,0,0,0,0,0,0,0,1,0,0,0,0,0,2,0,0,0,0,0,1,0,0,0,1,0,1,0,0,0,0,0,0,1,0,0,0,0,3,0,0,1,0,0,0,0,0,0,1,0,0,1,0,0,0,2,0,0,0,0,0,2,0,0,0,0,1,0,3,0,0,0,0,0,1,0,0,1,0,1,0,0,0,0,0,0,0,0,0,0,0,0,0,0,0,0,0,2,0,0,0,0,0,0,1,0,1,0,0,0,0,0,0,0,1,0,0,0,0,0,0,0,1,0,0,0,2,2,0,0,0,0,0,2,0,0,0,0,0,0,0,1,0,0,0,0,1,0,0,0,0,0,1,0,0,1,0,0,0,2,0,1,1,1,0,0,1,0,0,3,0,0,0,1,0,4,1,0,0,0,0,0,0,0,0,0,0,0,0,1,0,0,0,0,0,0,0,0,1,0,0,0,0,0,0,0,1,0,1,0,0,1,0,0,1,0,1,0,2,0,0,0,2,0,1,0,0,0,0,0,0,0,0,0,0,0,0,0,1,1,1,0,0,0,0,0,2,0,0,1,0,0,0,0,0,0,0,0,0,0,0,1,0,0,0,0,0,1,0,0,2,1,0,0,0,3,0,0,0,0,0,0,0,0,0,0,1,0,0,1,0,0,1,0,0,0,0,0,0,0,0,1,0,1,0,0,0,1,1,1,0,0,2,1,0,0,0,2,0,0,0,0,0,1,0,0,0,0,0,0,0,0,1,0,0,0,0,0,0,0,0,0,0,2,0,0,0,0,0,0,0,0,0,0,0,1,0,0,1,0,0,0,0,1,0,0,0,2,0,0,0,0,1,1,0,0,0,1,0,0,0,0,1,0,0,0,0,0,0,0,0,0,1,0,2,0,0,0,0,0,0,0,1,0,0,0,0,0,2,0,2,0,0,0,0,0,0,0,0,0,0,0,0,0,0,2,0,0,1,0,0,0,0,0,4,0,1,0,0,0,0,0,0,0,0,0,0,0,0,0,0,1,0,1,0,0,0,1,0,0,0,0,0,1,0,0,0,1,0,0,1,0,0,0,0,1,0,0,0,0,0,0,0,0,0,0,2,0,0,1,0,1,0,1,0,1,1,0,0,0,0,0,1,0,0,0,1,0,0,0,0,1,0,0,0,0,1,0,1,0,0,0,0,0,0,0,0,0,0,1,0,0,0,0,0,1,0,0,0,0,0,0,0,0,0,0,0,0,0,0,0,0,0,0,0,0,1,0,2,0,0,2,1,2,0,0,0,0,0,0,0,0,0,0,0,0,0,0,2,0,0,0,0,2,0,0,1,0,0,0,0,1,0,0,0,0,1,0,0,0,0,0,0,0,1,2,1,1,1,0,0,0,1,0,0,0,0,0,0,0,0,1,0,2,0,0,0,0,1,0,0,0
CCNY,0,0,0,0,0,0,0,0,0,0,1,0,1,0,0,0,0,0,1,0,1,0,0,0,0,0,0,1,0,0,0,0,0,0,0,0,0,0,0,0,0,0,0,0,0,0,1,0,0,0,0,0,4,0,0,0,0,0,0,0,1,0,1,0,0,1,0,0,1,0,0,0,0,1,0,0,0,1,0,1,0,0,0,1,0,0,0,0,0,0,0,0,0,0,0,1,0,0,0,0,0,0,0,0,0,0,0,0,0,0,0,0,0,1,1,0,0,0,1,0,0,0,0,0,0,0,0,0,0,0,0,0,0,1,0,0,0,0,0,0,0,0,0,0,1,0,0,1,1,0,0,0,0,0,0,0,0,0,0,1,0,0,1,2,0,0,1,0,1,0,0,0,0,0,1,0,0,0,0,0,0,0,0,0,0,0,0,0,0,0,0,0,0,0,0,0,0,0,0,0,1,0,1,0,0,0,0,1,0,0,0,0,0,0,0,0,0,0,0,1,0,0,0,0,1,1,0,0,0,0,0,0,0,0,0,0,0,0,0,0,1,1,0,0,1,0,0,1,1,0,0,1,0,0,0,0,0,0,0,2,1,0,0,1,0,0,0,0,0,0,0,0,2,1,0,0,0,0,0,0,0,1,0,0,0,0,0,0,0,0,0,0,0,0,0,0,0,0,1,0,0,0,0,0,0,0,0,0,0,0,0,0,0,0,0,0,0,0,0,0,0,0,0,0,0,0,1,0,0,0,0,1,0,0,0,0,0,2,0,0,0,0,0,0,0,1,0,1,0,1,1,0,0,0,0,0,0,0,1,1,0,0,1,1,0,0,0,0,0,0,0,1,2,0,0,0,0,0,0,0,0,0,0,0,1,0,0,0,0,0,0,1,0,0,0,0,0,0,0,0,0,0,0,0,0,0,0,0,0,0,0,0,1,0,0,1,0,0,0,1,1,0,0,0,0,1,0,0,1,1,0,0,0,0,0,0,0,0,0,1,0,1,0,1,0,0,0,0,0,0,0,0,0,0,0,1,0,0,0,0,0,0,0,0,1,0,0,0,0,1,1,0,0,0,1,1,1,0,0,0,0,0,0,1,0,0,0,0,0,0,0,0,0,0,0,0,0,0,0,0,0,0,0,0,0,0,0,1,0,0,0,0,0,0,0,1,0,0,0,0,0,0,0,0,0,2,0,0,1,0,0,0,0,0,0,1,0,1,0,0,0,0,0,0,0,0,0,0,0,0,0,1,0,0,0,2,0,0,0,0,0,0,0,0,0,0,0,0,0,0,0,0,0,1,0,0,0,0,1,0,0,0,0,1,0,0,0,0,0,0,0,0,0,1,0,0,0,0,0,0,0,0,0,0,0,0,1,0,0,0,0,0,0,0,0,0,0,0,1,1,0,0,0,0,0,0,0,2,0,0,0,0,0,0,0,0,0,0,0,0,1,0,0,0,0,0,0,0,0,0,0,0,0,0,0,0,0,0,0,1,3,0,0,0,0,0,0,0,0,0,0,0,0,0,0,0,1,0,0,0,0,1,0,0,0,0,0,0,0,0,0,0,0,0,0,1,0,0,0,1,0,0,0,0,0,1,1,1,0,0,0,0,0,0,0,0,0,0,0,0,0,0,0,0,0,0,0,0,0,0,0,0,0,0,0,0,0,0,0,0,0,1,0,1,0,0,0,0,0,0,0,0,0,0,0,0,0,0,0,0,1,2,0,0,0,0,0,0,0,0,0,0,0,0,0,0,1,0,0,1,0,0,0,0,0,0,0,0,0,0,0,0,0,0,0,0,0,0,0,0,0,0,0,0,0,0,0,0,0,0,0,0,0,1,0,0,0,0,0,0,0,0,1,0,0,1,0,0,0,0,1,0,0,0,0,0,0,0,0,0,0,0,0,0,0,0,0,0,0,1,0,1,0,0,0,0,0,2,0,1,0,0,0,0,0,0,0,0,0,0,0,0,0,0,0,0,1,0,0,2,0,0,0,0,0,0,0,0,0,0,0,0,0,0,0,0,0,0,0,0,0,0,0,0,1,0,0,0,0,1,0,0,0,0,0,0,0,0,0,1,0,0,1,0,0,0,0,0,0,0,1,0,0,0,0,0,0,0,1,0,0,0,0,0,0,0,0,0,0,0,0,0,0,0,0,0,0,0,0,0,0,0,0,0,0,0,0,0,0,0,0,0,1,0,1,0,0,0,0,0,0,0,0,0,0,0,0,0,0,0,0,0,0,0,0,0,0,0,0,0,0,2,0,0,0,0,0,0,0,0,1,0,0,0,0,0,0,0,1,1,0,0,0,0,0,0,0,0,0,0,0,2,0,0,0,0,0,1,0,0,0,0,0,0,0,0,0,0,0,0,0,1,0,0,0,0,0,1,0,0,0,0,0,1,0,0,0,1,0,0,1,0,0,0,0,0,0,0,0,0,2,2,0,0,0,0,1,1,0,0,0,1,0,0,0,0,0,0,1,0,0,0,0,0,0,0,0,0,0,0,0,0,0,0,0,0,0,0,0,0,0,0,0,0,0,0,0,0,0,0,0,0,0,0,0,0,0,0,0,0,0,0,0,0,0,0,0,0,0,0,2,0,0,1,0,0,0,0,0,0,0,0,0,0,0,1,0,0,0,0,0,0,0,0,0,0,1,0,0,2,0,1,1,0,1,0,0,0,0,0,0,0,0,0,0,0,0,0,0,0,0,0,0,0,0,0,0,0,0,1,0,0,0,0,0,0,0,0,0,0,0,1,0,0,0,0,0,1,1,0,0,2,0,0,0,0,0,0,0,0,0,1,0,0,0,0,0,0,0,0,0,0,0,0,0,0,0,0,0,0,0,0,0,2,0,0,0,0,0,0,0,0,0,0,0,0,0,0,0,0,2,0,0,0,0,1,0,0,0,1,0,0,0,0,0,0,0,0,0,0,0,0,0,0,0,0,1,0,0,0,0,0,0,0,1,0,0,0,0,0,0,0,2,0,0,0,0,0,0,0,0,0,0,0,0,0,0,0,0,0,1,0,0,1,0,1,0,0,1,0,0,1,0,0,0,0,0,0,0,0,0,0,0,0,0,1,0,0,0,0,0,0,0,0,0,0,0,0,0,0,0,0,0,0,0,0,1,0,0,0,1,0,0,0,0,0,0,3,0,1,0,0,0,0,0,0,0,0,0,0,0,0,0,0,0,0,0,0,0,0,0,0,0,0,0,0,0,0,0,0,0,0,0,0,0,0,0,0,0,0,0,0,0,0,0,0,0,0,0,0,0,0,0,0,0,0,0,1,0,0,0,0,0,0,0,0,0,0,0,0,0,0,0,0,0,0,0,0,0,0,0,0,0,0,0,1,0,1,1,0,0,0,0,0,0,0,0,0,0,0,0,0,0,0,0,0,0,0,0,0,0,1,0,0,0,0,0,0,0,1,0,0,0,0,0,0,1,1,0,0,0,0,0,0,0,0
ND5,9,5,6,3,5,3,5,8,3,1,7,9,11,2,2,12,2,4,5,3,1,3,5,4,2,3,5,6,8,10,6,8,10,18,3,0,7,4,7,5,5,10,8,5,6,5,3,3,3,10,2,6,8,6,9,5,4,4,4,7,14,2,1,2,3,1,3,0,6,9,4,17,4,2,3,2,3,11,2,6,6,10,6,3,4,4,1,2,1,3,7,4,1,7,4,5,2,2,3,19,2,4,4,7,7,7,7,4,10,8,8,6,5,10,4,6,10,5,5,2,2,4,3,0,7,4,2,1,7,2,0,6,6,0,2,1,3,6,4,5,1,8,6,8,13,4,7,5,16,9,12,0,7,8,5,5,8,4,3,7,2,10,12,8,2,16,5,4,10,14,4,7,8,2,8,4,4,0,8,2,4,3,3,2,7,2,5,3,11,3,19,7,4,11,4,3,5,0,0,10,4,8,8,2,11,5,1,5,4,5,6,6,4,3,4,5,5,8,6,14,2,6,11,2,16,6,4,11,1,4,4,8,19,10,6,2,4,1,1,4,1,0,4,3,1,1,3,5,19,5,0,4,2,2,4,5,4,5,1,4,3,3,5,8,5,7,4,3,10,14,4,21,7,2,3,2,5,10,12,6,2,2,11,0,6,3,0,5,9,3,1,5,14,4,4,5,3,2,8,2,16,1,6,5,6,3,9,3,7,9,0,2,4,10,3,1,2,10,2,1,8,1,17,4,5,3,0,8,1,2,2,6,7,1,9,1,0,1,6,8,7,5,7,8,4,3,3,4,2,8,8,4,18,1,1,5,2,4,17,0,7,0,8,2,4,4,22,6,4,3,5,1,7,0,1,10,3,10,2,5,1,3,3,3,6,5,5,8,0,3,9,16,2,13,1,4,12,16,3,11,4,8,5,4,2,11,8,9,10,6,6,4,7,6,6,15,4,4,2,1,10,11,7,2,8,4,7,6,4,2,5,3,13,6,12,4,8,4,2,11,4,3,11,6,7,26,2,3,4,4,4,14,2,4,5,11,2,12,10,4,7,7,2,2,21,11,1,2,4,2,4,7,5,2,11,11,1,5,4,4,6,6,1,3,5,14,5,8,5,3,3,4,2,3,4,7,4,1,1,6,1,4,2,6,3,1,3,8,4,4,0,1,1,0,1,5,7,9,2,4,5,7,5,1,5,4,10,6,8,18,9,12,4,5,6,8,3,9,9,4,15,10,1,3,0,2,11,2,9,6,8,18,1,2,10,10,2,14,9,5,2,6,3,5,2,4,4,2,3,1,6,8,13,1,7,12,3,6,4,5,6,5,9,3,3,3,7,1,0,3,10,0,10,11,8,3,10,4,2,3,5,15,1,4,7,15,4,11,3,4,2,3,2,4,11,6,9,5,6,5,5,5,7,2,4,0,2,6,3,12,2,6,4,4,4,1,2,2,5,2,1,1,10,2,3,1,19,6,5,4,3,1,0,6,4,4,1,5,1,12,2,3,8,4,7,4,3,3,1,4,1,4,5,4,10,3,3,5,3,5,1,8,5,7,4,9,5,2,1,5,4,1,7,2,5,6,8,2,5,8,5,1,5,7,2,13,6,1,12,9,5,8,2,4,3,3,7,12,0,10,6,3,2,6,2,7,3,2,3,9,4,2,1,4,3,4,6,3,4,3,3,6,7,4,6,3,2,0,1,2,5,16,6,4,5,4,4,2,11,0,1,3,3,2,5,4,3,7,4,2,1,9,3,7,7,4,8,4,7,11,9,5,4,7,10,12,6,4,9,6,6,4,5,3,5,5,10,4,5,5,5,2,0,3,5,5,5,2,5,2,4,1,1,1,1,4,4,3,6,4,5,3,11,4,4,11,3,9,2,1,3,7,4,7,5,9,10,3,2,2,5,8,1,6,3,19,7,15,3,10,3,1,2,4,3,2,5,8,6,5,4,5,2,1,1,7,9,2,9,1,5,2,18,7,4,9,2,6,1,5,2,4,11,16,9,3,6,0,3,4,2,6,4,3,2,15,3,2,7,5,4,2,2,3,3,2,3,6,11,11,4,4,1,5,5,9,2,6,3,5,1,11,8,5,3,5,5,10,3,13,1,8,3,0,2,7,1,6,7,4,0,6,4,10,2,4,1,4,2,4,2,5,11,0,8,1,5,1,2,4,5,9,3,2,2,11,2,9,9,3,2,20,10,2,2,3,1,3,9,4,5,3,5,14,9,6,2,1,3,2,3,1,3,4,6,7,3,5,4,2,1,3,9,7,4,5,3,5,5,6,11,12,4,2,2,0,3,3,11,3,2,3,2,6,9,3,8,0,3,2,17,6,3,6,0,7,1,20,4,1,5,5,1,1,4,2,1,2,1,4,1,2,12,9,2,5,7,7,10,4,7,2,4,4,7,3,9,5,12,5,14,7,1,4,4,2,2,2,4,10,7,2,3,6,2,7,7,6,8,3,3,8,7,25,6,2,2,4,2,9,6,3,7,0,5,5,8,1,1,8,8,3,4,9,1,1,5,3,3,6,10,5,11,4,3,10,6,7,5,5,3,2,5,6,4,6,1,5,2,1,10,6,3,1,4,2,1,4,6,4,3,4,3,9,1,6,4,2,6,4,7,8,6,3,2,7,2,3,3,3,14,3,5,5,8,1,5,6,5,9,6,0,24,2,1,6,3,2,3,4,2,2,1,4,6,9,9,5,7,2,3,2,5,2,3,0,2,6,3,7,6,6,3,5,2,2,8,2,2,3,2,10,3,6,2,14,6,10,7,2,5,10,3,2,3,3,7,2,5,3,5,7,1,2,5,2,1,5,3,5,14,8,5,4,2,13,12,12,4,0,6,5,9,7,3,0,4,4,1,2,1,1,1,1,3,3,7,8,7,5,10,6,8,13,2,7,11,2,2,6,6,7,9,0,0,4,4,3,9,6,14,1,1,2,3,5,0,4,6,9,1,3,5,1,11,3,4,2,5,12,6,3,2,4,4,5,9,11,6,9,4,3,2,1,4,2,7,8,13,2,6,3,8,7,5,3,2,2,11,4,5,16,6,3,5,1,5,4,4,2,4,12,4,12,2,10,3,13,2,7,1,5,12,3,9,2,5,0,5,9,5,11,2,6,2,8,3,1,8,7,16,11,1,2,13,5,4,7,5,13,2,4,2,2,5,11,0,2,3,3,2,6,3,3,3,8,1,12,0,10,4,2,7,11,3,1,0,6,6,4,6,5,1,6,2,5,3,8,9,5,7,3,3,2,3,8,2,3,6,2,3,5,8,0,12,8,2,4,4,7,5,1,8,3,2,2,13,6,2,9,3,4,4,5,8,0,3,3,7,18,5,4,2,8,7,1,1,5,3,5,2,7,4,2,3,2,2,14,10,6,3,14,4,4,2,7,7,3,7,3,7,1,3,6,2,4,5,3,8,4,1,5,6,3,3,2,1,19,1,7,3,8,3,3,2,5
INTS6,0,0,0,0,0,0,0,1,0,0,0,0,0,0,0,0,0,0,0,0,0,0,0,0,0,0,1,1,0,0,1,1,0,0,0,0,0,0,0,0,0,1,0,0,0,0,0,0,0,0,0,0,0,0,0,0,0,0,2,0,0,0,0,0,0,0,0,0,0,0,0,0,0,0,0,1,0,0,0,1,0,0,0,0,0,0,0,0,0,1,1,0,0,0,0,1,0,0,0,3,0,0,0,0,0,0,0,0,0,0,0,0,0,0,0,0,0,2,0,0,1,0,0,0,0,0,0,0,0,1,0,0,0,0,0,1,0,0,0,0,1,0,0,1,0,0,0,0,0,0,0,0,0,2,0,0,0,0,0,0,0,0,0,1,0,0,0,0,0,0,0,1,0,0,0,0,0,0,0,1,0,0,0,0,0,0,0,0,0,0,0,0,0,1,0,1,0,0,0,0,0,0,0,0,0,0,0,0,0,1,0,0,1,0,0,0,1,3,0,0,1,0,0,1,0,2,0,0,0,0,0,0,1,0,0,0,0,0,0,0,0,0,0,0,1,0,0,0,0,0,0,0,0,0,1,0,0,0,0,0,0,0,0,0,0,2,0,1,0,1,0,0,0,0,0,0,0,0,0,0,0,0,0,0,0,0,0,0,0,0,0,0,0,0,0,0,1,0,0,0,0,0,0,1,0,0,0,0,0,0,0,0,0,2,0,2,0,0,0,0,0,0,0,0,0,0,0,1,0,0,0,1,0,0,0,0,0,0,0,0,0,0,0,1,1,0,0,0,0,1,1,0,1,0,0,1,0,0,0,0,0,1,0,0,1,1,1,0,0,0,0,0,0,0,0,0,0,1,0,1,0,1,0,0,1,0,0,0,0,0,0,1,0,0,0,0,0,0,0,0,0,1,0,0,1,1,0,0,0,0,1,0,0,0,0,1,0,1,0,0,0,1,0,0,0,0,0,0,0,0,0,0,0,1,0,0,0,1,0,1,0,0,2,1,0,1,0,0,0,0,0,0,0,0,1,0,0,0,1,0,0,0,1,2,0,0,1,0,0,1,0,0,0,1,0,0,1,0,0,0,0,0,0,1,1,1,0,1,0,0,0,2,0,0,0,0,0,0,0,0,0,0,0,0,0,0,0,2,0,0,0,0,0,0,0,0,0,0,0,0,0,0,2,0,0,0,0,0,1,0,0,0,0,0,0,1,0,0,0,0,2,1,0,1,0,1,0,0,0,0,0,1,0,0,0,0,0,0,0,0,0,0,0,0,0,2,0,0,0,0,0,1,1,0,0,0,0,0,0,0,1,0,0,0,0,0,1,0,0,0,0,0,0,0,1,0,3,0,0,0,0,0,0,0,0,1,0,0,1,0,0,0,1,1,0,0,0,0,0,0,0,0,2,0,0,0,0,0,0,0,0,1,0,0,0,0,0,0,0,0,0,0,0,0,0,2,1,0,0,0,0,0,0,0,0,0,1,0,0,0,0,0,0,0,0,1,0,0,1,0,0,1,0,0,0,0,0,0,0,0,0,2,0,0,0,0,0,1,0,0,0,0,0,0,1,1,0,0,0,0,0,0,0,1,0,0,1,0,0,1,0,0,0,0,1,0,0,0,0,0,0,0,0,0,0,0,0,0,0,0,0,0,1,0,0,0,0,0,0,0,0,0,0,0,0,0,0,0,0,0,2,0,0,0,0,0,0,0,0,1,0,0,0,0,1,0,0,0,0,0,0,0,0,0,0,0,0,1,0,0,0,0,0,0,0,0,0,0,0,0,0,1,0,0,0,0,0,0,0,1,0,0,1,0,0,0,0,0,0,0,1,0,1,1,1,0,0,0,0,0,0,0,0,0,0,0,0,0,1,0,0,1,0,0,0,0,0,0,0,0,0,0,1,0,0,0,0,0,0,0,1,0,2,0,0,0,0,0,0,1,0,1,0,0,0,0,0,0,0,0,0,0,0,0,0,0,0,0,1,0,0,0,0,1,0,0,1,0,1,0,1,0,0,1,0,2,0,1,0,0,0,0,0,0,0,0,0,0,2,0,0,0,0,0,0,0,0,0,0,1,0,2,0,0,0,1,0,0,1,1,0,1,0,0,0,0,0,0,0,0,0,0,0,0,0,0,0,0,0,0,0,1,0,0,1,1,0,1,0,0,0,0,0,0,0,0,1,0,0,0,0,1,1,0,1,1,0,0,4,2,0,0,0,0,0,0,0,0,0,0,0,2,0,0,1,0,0,0,0,0,0,0,1,0,0,1,0,0,0,0,0,0,0,0,0,0,0,0,0,1,0,0,0,0,0,0,2,0,0,1,0,1,0,1,1,1,0,1,0,0,0,0,0,2,0,0,0,0,0,1,2,0,0,0,0,0,0,0,0,0,0,0,0,0,0,0,4,0,0,0,0,0,0,0,0,0,0,0,0,0,1,0,0,1,0,0,0,0,0,0,0,1,0,1,1,0,0,1,1,0,0,0,0,0,0,0,0,0,0,1,0,1,0,0,1,0,0,0,0,0,0,0,0,0,0,0,0,0,0,0,0,0,3,0,0,1,0,0,0,0,0,0,0,0,0,0,0,0,1,0,0,0,0,0,0,1,0,0,1,0,0,0,0,0,0,1,0,0,0,1,0,0,0,0,0,0,0,0,0,0,0,0,0,1,0,1,1,0,0,0,0,0,0,0,0,1,0,1,0,0,0,0,0,0,0,2,0,0,0,2,0,0,0,0,0,1,0,0,1,0,0,0,0,0,1,0,0,1,0,0,0,0,0,0,0,1,0,0,0,1,0,0,0,0,0,0,0,0,0,0,0,0,0,0,0,0,0,0,1,0,0,0,0,0,0,0,0,0,0,0,0,1,0,0,0,1,0,0,0,0,0,1,0,0,0,0,0,0,0,1,0,0,0,0,0,0,0,0,0,0,0,0,0,0,0,0,0,0,0,0,0,0,0,0,0,0,0,0,0,1,0,0,0,0,0,0,0,0,0,1,0,0,0,0,0,0,0,1,0,0,0,1,0,1,1,0,0,1,0,0,0,0,0,0,1,0,0,1,0,0,0,1,0,1,0,0,1,0,0,1,0,0,0,0,0,1,0,0,0,0,2,0,0,0,0,0,0,0,0,1,1,0,1,0,2,0,1,0,0,0,0,0,0,0,0,0,0,1,0,0,1,0,0,0,0,1,0,0,0,0,0,0,0,0,1,0,0,0,0,0,1,0,0,0,0,0,0,0,0,0,0,0,0,0,0,0,0,0,0,0,0,1,1,0,0,0,0,0,0,1,0,0,0,1,0,0,0,0,1,0,0,0,1,1,0,0,0,0,0,0,1,0,0,0,0,0,0,0,0,0,0,0,0,0,0,0,0,0,0,0,0,0,0,0,0,0,0,0,0,0,0,0,1,0,0,0,0,0,1,0,0,0,0,1,0,0,0,1,0,0,0,1,0,0,0,0
AKAP9,0,0,1,1,0,0,1,3,0,0,1,0,2,3,0,1,0,0,0,0,0,2,0,0,0,1,1,0,0,0,1,0,0,0,1,1,0,1,2,0,1,1,0,1,0,0,0,0,0,0,0,1,0,1,0,0,0,0,0,1,0,0,0,1,1,0,0,0,0,0,0,1,0,0,0,0,1,0,1,0,0,0,0,0,0,0,0,4,1,0,0,2,0,0,0,0,0,0,0,0,0,0,1,0,0,0,0,0,1,0,0,1,0,0,0,1,0,0,0,0,0,0,2,0,2,0,0,0,1,0,0,0,1,1,0,0,0,1,0,0,0,0,0,0,0,0,0,0,1,1,2,0,0,0,0,0,0,0,0,1,1,0,0,0,0,2,0,1,0,2,0,0,2,0,0,1,0,0,0,0,1,0,0,1,1,0,0,0,0,1,0,0,0,1,0,1,0,0,0,0,0,0,1,1,2,0,0,0,1,0,0,1,0,0,0,1,0,0,3,0,0,1,1,1,1,0,1,0,1,1,0,0,1,1,0,1,0,0,0,0,0,0,0,0,0,0,0,1,1,1,1,0,0,0,0,1,0,0,0,1,4,0,0,0,0,2,1,0,0,1,0,0,0,0,0,1,0,0,2,0,0,0,0,0,0,0,0,0,0,0,0,0,0,0,0,0,1,0,1,0,0,0,0,0,0,1,0,0,0,0,0,0,0,0,0,0,0,0,0,0,0,1,0,1,0,0,0,0,0,0,0,0,1,0,0,0,0,0,1,1,0,0,0,0,1,1,0,0,0,0,0,1,0,0,0,0,2,0,1,0,0,0,0,0,0,2,3,1,0,1,0,0,0,0,0,3,0,0,1,0,0,0,1,0,0,0,1,0,0,0,1,2,0,1,0,0,0,1,0,0,1,0,0,0,1,1,1,0,0,0,3,0,0,0,1,0,2,0,0,1,0,1,2,0,0,0,1,0,1,0,0,2,1,0,0,0,0,0,0,0,0,0,0,0,0,0,0,1,1,0,1,0,0,0,0,0,0,1,2,0,2,2,1,0,1,0,0,0,0,0,0,0,1,0,1,0,0,0,1,1,0,0,0,1,0,0,0,3,0,0,0,2,0,0,0,0,0,0,0,0,0,0,1,0,1,0,1,1,1,1,0,0,0,2,0,0,0,0,1,0,0,0,0,0,0,1,0,0,0,0,1,1,0,1,0,0,0,0,1,1,1,0,2,0,0,1,1,0,1,1,2,0,0,0,0,0,0,0,0,0,0,0,0,0,0,1,1,0,0,2,0,0,0,0,0,5,0,0,0,0,0,1,1,0,0,0,0,0,0,0,0,0,0,0,0,0,0,2,2,1,0,0,0,0,1,0,2,0,0,1,0,0,0,0,2,0,0,0,1,1,1,1,2,2,0,1,0,1,0,0,1,0,0,0,0,0,1,0,0,0,0,0,0,0,2,0,2,1,0,0,0,0,0,0,0,1,0,1,0,0,0,0,0,1,0,0,0,0,0,0,0,0,0,0,2,1,0,0,0,1,1,1,0,0,0,0,0,1,0,0,0,0,0,0,0,0,0,0,0,0,1,0,0,1,0,0,0,0,0,2,0,0,0,3,0,1,1,1,1,0,0,0,0,0,0,0,3,0,0,0,0,0,0,0,2,1,0,0,1,1,0,0,0,1,2,1,0,0,0,0,0,0,0,0,0,0,0,1,0,0,0,0,3,1,0,1,1,0,1,1,0,0,0,0,0,0,0,1,0,0,0,0,0,0,0,0,0,0,1,0,1,0,1,1,0,0,1,0,0,0,0,0,0,1,1,0,0,0,0,0,0,1,0,0,0,1,0,0,0,0,0,0,3,0,0,0,0,0,1,0,0,0,0,1,0,0,0,0,0,0,1,1,0,1,0,0,0,1,0,1,0,1,0,0,0,0,1,1,0,0,0,0,0,0,0,0,0,0,1,0,0,0,0,0,1,1,0,1,0,0,1,0,0,1,0,0,0,0,1,1,0,1,0,0,1,0,2,0,2,1,1,1,0,1,0,0,2,0,0,0,0,0,0,0,0,0,1,0,0,0,0,0,0,1,0,0,0,0,0,1,1,0,0,0,0,0,0,0,0,0,2,0,0,0,0,0,0,0,0,0,0,0,0,0,0,1,0,0,1,0,0,0,0,0,1,1,0,0,2,0,0,1,0,0,0,1,0,0,0,1,0,1,0,0,0,0,1,0,0,1,0,0,0,0,0,1,0,0,0,0,0,0,0,0,0,1,0,0,0,1,0,0,1,0,0,0,0,1,2,0,1,3,1,0,0,1,2,0,0,0,1,1,0,0,0,0,1,1,0,0,0,0,0,0,1,0,0,0,1,1,0,0,0,0,1,0,0,2,0,0,0,0,0,2,0,1,0,1,0,0,0,1,1,0,0,0,0,0,1,1,2,0,1,1,0,0,1,0,1,0,0,0,0,1,1,0,0,0,0,0,3,0,0,0,0,0,1,0,0,0,0,0,0,0,0,0,0,0,1,0,0,0,0,1,0,0,0,0,0,1,1,0,1,0,0,0,1,1,0,0,0,0,0,0,0,0,0,0,1,0,0,0,1,1,0,0,0,0,0,0,1,1,0,0,0,0,2,0,0,0,2,0,0,1,0,0,0,0,0,1,0,0,0,1,0,0,0,1,1,0,0,0,0,0,0,0,1,0,0,1,0,1,0,0,0,0,0,0,0,0,0,0,1,0,0,1,0,1,0,2,0,0,0,0,0,2,0,0,0,0,0,0,0,0,0,0,0,0,0,0,0,0,0,0,0,0,0,1,2,2,0,0,0,0,0,0,1,0,0,0,0,0,0,0,0,0,0,0,0,2,0,0,0,0,0,0,0,0,0,0,0,0,0,0,0,0,0,1,0,0,1,0,1,1,0,1,0,0,0,0,0,0,0,0,0,0,0,0,1,0,0,0,0,1,0,0,0,0,0,0,0,0,0,0,1,0,0,0,0,0,0,0,0,0,1,0,0,0,3,0,0,0,0,0,0,0,1,0,0,0,0,1,0,0,0,0,0,0,1,0,0,1,0,1,0,1,0,0,0,0,0,0,0,1,0,0,0,0,1,0,0,1,0,0,1,0,0,0,1,0,2,0,0,0,0,0,1,1,0,0,0,0,0,0,0,0,0,0,0,1,0,0,1,0,0,0,0,0,0,0,0,0,0,0,0,0,0,0,1,0,0,2,0,0,0,0,0,1,0,0,0,0,0,0,0,1,1,0,0,0,1,0,0,0,1,1,1,0,0,0,2,0,0,0,0,0,0,1,1,0,0,0,0,0,1,0,0,2,0,3,1,0,0,0,0,0,0,0,1,0,1,1,0,0,1,1,0,0,0,1,1,0,1,0,1,2,0,0,0,0,0,0,0,0,1,0,2,0,0,0,0,0,0,0,0,0,0,0,0,0,0,2,1,0,1,0
TREM1,0,0,0,0,0,0,0,0,0,0,0,0,1,0,0,0,0,0,0,0,0,0,0,0,0,0,0,0,0,0,0,0,0,0,0,0,0,0,0,0,0,0,0,0,0,0,0,0,0,0,0,0,0,0,0,0,0,0,0,0,0,0,0,0,0,0,0,0,0,0,0,0,0,0,0,0,0,0,3,1,0,0,0,0,0,0,0,0,0,0,0,0,0,0,0,0,0,0,0,0,0,0,0,0,0,0,0,0,0,0,0,0,0,0,0,0,0,0,0,0,0,0,1,0,0,0,0,0,0,0,0,0,0,0,0,0,0,0,1,0,0,0,0,0,0,0,0,0,1,0,1,0,0,0,0,0,0,0,0,0,0,0,0,0,0,0,0,0,1,0,0,0,0,0,0,0,0,0,0,0,0,0,0,0,0,0,0,0,0,0,0,0,0,0,0,0,0,0,0,0,0,0,0,0,0,0,0,0,0,0,0,0,0,0,0,0,0,0,0,0,0,0,0,0,1,0,0,1,0,0,0,0,0,1,0,0,0,1,0,0,1,0,0,0,0,0,0,0,0,0,0,0,0,0,0,0,0,0,0,0,0,0,0,1,0,0,0,0,0,0,0,1,1,0,0,0,0,1,1,0,0,2,0,0,0,0,0,0,0,0,0,0,0,0,0,0,0,0,0,0,0,0,0,0,1,0,0,0,0,0,0,0,0,0,0,0,0,0,0,0,0,0,1,0,0,0,1,0,0,0,0,1,0,0,0,0,0,0,0,0,0,0,1,1,0,0,0,0,0,0,1,0,0,0,0,0,0,0,0,0,0,0,0,1,0,0,0,0,0,0,0,0,0,0,0,0,0,0,0,1,0,0,0,0,0,0,0,0,0,0,0,0,0,0,0,0,0,0,0,0,0,0,0,0,0,0,0,0,0,0,0,0,0,0,0,0,0,0,0,0,0,0,0,0,0,0,0,0,0,0,0,0,0,0,1,0,0,0,0,0,0,1,0,0,0,0,0,0,0,0,0,0,0,0,1,0,0,0,0,0,0,0,0,0,0,0,0,0,0,0,0,0,0,0,0,0,0,0,0,0,0,0,0,0,0,0,0,0,0,0,0,0,0,0,0,0,0,0,0,0,0,0,0,0,0,0,0,0,0,0,1,0,0,0,0,0,0,0,0,0,0,0,0,0,0,0,0,0,0,0,0,0,0,0,0,0,0,0,0,0,0,0,0,0,0,0,0,0,0,0,0,0,0,0,0,0,0,0,0,0,0,0,0,0,0,0,0,0,0,0,0,0,0,0,0,1,0,0,2,0,0,0,0,0,0,0,0,0,0,0,0,0,0,1,0,0,1,0,0,0,0,0,0,0,0,0,1,0,0,0,0,0,0,0,0,0,0,0,0,0,0,0,0,0,0,0,0,0,0,0,0,0,0,0,0,0,0,0,0,0,0,0,0,0,0,0,0,0,0,0,0,0,0,0,0,0,0,0,0,1,0,0,0,0,0,0,0,0,0,0,0,0,0,0,0,0,0,0,0,0,0,0,0,0,0,0,0,0,0,0,0,0,0,0,0,0,0,0,0,0,0,0,0,0,0,0,0,0,0,0,0,0,0,0,1,0,0,0,0,0,0,0,0,0,0,0,0,0,0,0,0,0,0,0,0,0,0,0,0,0,0,0,1,0,0,0,0,0,0,0,0,0,0,0,0,0,0,0,0,0,0,0,0,0,0,0,0,0,0,0,0,1,0,0,0,0,0,0,0,0,0,0,0,0,1,0,0,0,0,0,0,0,0,0,0,0,0,0,0,0,0,0,0,0,0,0,0,0,0,0,0,0,0,0,0,0,0,0,0,0,0,0,0,0,0,0,0,0,0,0,0,0,0,0,0,0,0,0,0,0,0,0,0,0,0,0,0,0,0,0,0,0,0,0,0,0,0,1,0,0,0,0,0,0,0,0,0,0,0,0,0,0,0,0,0,0,0,0,0,0,0,0,0,0,0,0,0,0,0,0,1,0,0,0,3,0,0,0,0,0,1,0,0,0,0,0,0,0,0,0,0,0,0,0,0,0,0,0,0,0,0,0,0,0,0,0,0,0,0,0,0,0,0,0,0,0,0,0,0,0,0,0,0,0,0,0,0,0,0,0,0,0,0,0,0,0,0,0,0,0,0,0,0,0,0,0,0,0,0,0,0,0,2,0,0,0,0,0,1,0,0,0,0,0,0,0,0,0,0,0,0,0,0,0,0,0,0,0,0,0,0,0,0,0,0,0,0,0,0,0,0,0,0,0,0,0,0,0,1,0,0,0,0,0,0,0,0,0,0,0,0,0,0,0,0,0,0,0,0,0,0,0,0,0,0,0,0,0,0,0,0,0,0,0,0,0,0,0,0,0,0,0,0,0,0,0,1,1,0,0,0,0,0,0,0,0,0,0,0,1,0,0,0,0,0,0,0,0,0,0,1,0,0,0,0,0,0,0,0,0,0,0,0,0,1,0,0,0,0,0,0,0,0,0,0,0,0,0,0,0,0,0,0,0,0,0,0,0,0,0,0,0,0,0,0,0,0,0,0,0,0,0,0,0,0,0,0,0,0,0,0,0,0,1,0,0,0,0,0,0,0,0,0,0,0,0,0,0,0,0,0,0,0,0,0,0,1,0,0,0,0,0,0,0,0,0,0,0,0,1,0,0,0,0,0,0,0,0,0,0,0,0,0,0,0,0,0,1,0,0,0,0,0,0,0,0,0,0,0,0,0,2,0,0,0,0,0,1,0,0,1,0,0,0,0,0,0,0,0,0,0,0,0,0,0,0,0,0,0,0,0,0,0,0,0,0,0,0,0,0,0,0,0,1,0,0,0,0,0,0,0,0,0,0,0,0,0,0,0,0,0,0,0,0,0,0,0,0,0,1,0,0,0,0,1,0,0,0,0,0,0,0,0,0,0,0,0,1,0,0,0,0,0,0,0,0,0,0,0,0,0,0,0,0,0,0,0,0,0,0,0,0,0,0,0,0,0,0,0,0,0,0,1,0,0,0,0,0,0,0,0,1,0,0,0,0,0,0,1,0,0,0,0,0,1,0,0,0,0,0,2,0,0,0,0,1,0,0,0,2,0,0,0,0,0,0,0,0,0,0,0,0,0,0,0,1,0,1,0,0,0,1,0,0,0,0,0,0,0,0,0,0,0,0,0,0,0,0,0,0,0,0,0,0,0,0,0,0,0,0,0,0,0,0,0,0,0,0,0,0,0,0,0,0,0,0,0,0,0,1,0,0,0,0,0,0,0,0,0,0,0,0,0,0,0,0,0,0,0,0,1,0,0,0,0,0,0,0,0,0,0,0,0,0,0,1,0,2,0,0,0,0,0,1,0,0,0,0,1,0,0,0,0,0,3,0,0,0,0,1,0,0,0,0,0,0,0,0,0,0,0,0,0,0,0,0,0,1,0,0,0,0,0,0,0,0
CSF1R,0,0,0,0,0,0,1,0,0,0,0,0,0,0,0,0,0,0,0,0,0,0,0,0,0,0,0,0,0,0,0,0,0,1,0,0,0,0,0,0,0,0,0,0,0,1,0,1,0,0,0,0,1,0,0,0,0,0,0,0,0,0,0,0,0,0,0,0,1,0,0,0,0,0,0,0,0,0,0,1,0,0,0,0,0,0,0,0,0,0,1,0,0,0,0,1,0,0,0,0,0,0,0,0,0,0,0,0,1,0,0,0,0,0,0,0,0,0,0,0,0,0,1,0,0,0,0,0,0,0,0,0,0,0,0,0,0,0,0,0,0,0,0,0,0,0,1,0,0,0,0,0,0,0,0,0,0,0,0,0,0,0,2,1,0,0,0,0,0,2,0,0,0,0,0,0,0,0,0,0,0,0,0,0,0,0,0,0,0,0,1,0,0,0,0,0,0,0,0,0,1,0,0,0,0,0,0,0,0,0,0,0,0,0,0,0,0,0,0,0,0,0,0,0,0,0,0,0,0,0,0,0,0,2,0,0,0,0,0,0,0,0,0,0,0,0,0,0,0,0,0,1,0,0,0,0,0,0,0,1,0,0,0,0,0,0,0,0,0,0,0,2,0,2,0,0,0,0,0,0,1,0,0,0,0,0,0,0,0,0,0,0,0,0,0,0,0,0,0,0,0,0,0,0,0,0,0,0,4,0,0,0,0,0,0,0,0,0,0,0,0,0,1,0,0,0,1,0,0,0,0,1,0,0,1,0,0,0,0,0,2,0,0,0,0,0,1,0,0,0,0,0,1,0,0,0,0,0,0,0,0,0,0,0,0,0,0,0,0,0,0,1,0,0,0,2,0,0,0,0,0,0,0,0,0,0,0,0,0,0,0,5,0,3,0,0,0,0,0,4,0,1,0,0,0,0,0,0,0,0,0,0,0,0,0,0,0,0,0,0,1,0,0,0,0,0,0,0,0,0,0,0,0,0,0,0,1,0,0,4,0,0,0,0,0,2,0,0,0,0,0,0,1,0,0,0,0,0,0,0,0,0,0,0,0,1,0,0,0,0,1,0,0,0,0,1,0,0,0,0,0,0,0,0,0,0,0,0,0,0,0,0,0,0,0,0,0,0,0,0,0,0,0,0,0,0,0,1,0,0,0,0,0,0,0,0,0,0,0,0,0,0,0,0,0,1,0,0,0,0,0,0,0,0,0,0,0,0,0,0,0,0,0,0,0,0,0,0,0,0,0,0,0,0,0,0,0,1,0,0,0,0,0,0,0,0,0,0,0,0,0,0,0,0,0,0,0,0,0,0,0,0,0,1,0,0,0,0,0,0,0,0,0,0,1,0,0,0,0,0,0,0,0,0,0,0,0,0,0,0,0,0,0,0,0,0,0,0,0,0,0,0,0,0,0,0,0,0,0,0,0,0,0,0,0,0,0,0,0,0,0,0,0,0,0,0,0,0,0,0,0,0,0,0,0,0,0,0,0,1,0,0,0,0,0,0,0,0,0,0,0,0,0,0,0,0,0,0,0,0,0,1,0,0,1,0,0,0,0,0,0,0,0,0,0,0,0,0,0,1,0,0,0,0,0,2,0,0,0,0,0,0,0,0,0,0,0,0,1,0,0,0,0,0,0,0,0,0,0,0,0,0,0,0,0,0,0,0,0,0,0,0,0,0,0,0,0,0,0,0,0,0,0,0,0,0,0,0,0,0,0,1,0,0,0,0,0,0,0,0,0,0,0,0,2,0,0,0,0,0,0,0,0,0,0,3,0,0,0,0,0,0,0,0,1,0,0,0,0,0,0,0,0,0,0,0,0,0,0,0,0,0,0,0,0,0,0,0,0,0,0,0,0,0,0,0,0,0,0,0,0,0,0,0,0,0,0,0,0,0,0,1,0,0,0,0,0,0,0,0,0,0,0,0,0,0,0,0,0,0,0,0,0,0,1,0,0,0,0,0,0,0,0,0,0,0,0,0,0,0,0,0,0,1,0,0,0,0,0,0,0,0,0,2,0,1,0,0,0,0,0,0,0,0,0,0,0,0,0,1,0,0,0,0,0,0,0,0,0,0,0,0,0,0,0,0,0,0,1,1,0,0,0,0,0,0,0,6,0,0,0,0,0,0,0,0,0,0,0,0,0,0,0,0,0,0,0,0,0,0,0,0,0,0,0,1,0,0,0,1,0,2,0,0,0,0,0,0,2,0,0,0,0,2,0,0,0,0,0,0,0,0,0,0,0,0,0,0,0,0,0,0,0,0,0,0,0,0,0,0,0,0,0,0,0,0,0,0,0,0,0,0,0,0,0,0,0,0,0,0,0,0,0,0,0,0,0,0,0,0,0,0,0,0,0,0,0,0,0,0,0,0,0,0,0,0,0,0,0,0,0,0,1,3,2,1,2,0,0,0,0,0,0,1,0,0,0,0,0,1,0,0,0,0,0,0,0,0,0,0,0,0,0,0,0,0,0,0,0,0,0,0,2,0,1,0,0,0,0,0,0,0,0,0,0,0,1,1,0,0,0,0,0,0,0,0,0,0,0,0,0,0,0,0,0,0,0,0,0,0,0,0,0,0,0,0,0,0,0,0,0,0,0,0,0,0,0,0,0,0,0,0,0,0,0,0,0,0,0,0,0,0,0,0,0,0,0,0,0,0,0,0,0,0,0,0,0,0,0,0,0,0,0,1,0,0,0,1,0,0,0,0,0,0,0,0,0,0,0,0,0,0,0,5,0,0,2,0,0,0,0,0,0,0,0,0,0,0,0,0,1,0,0,0,0,1,0,0,0,0,0,0,0,0,0,0,0,0,0,0,1,0,1,0,0,0,5,0,0,0,0,0,0,0,0,0,0,0,0,0,0,1,0,0,0,0,0,0,0,0,0,0,0,0,0,0,0,0,0,1,1,0,0,0,0,0,0,0,0,0,2,0,0,0,0,0,0,0,0,0,0,0,0,0,0,0,0,0,0,0,0,1,0,2,0,0,0,0,0,0,0,0,0,0,0,0,0,0,0,0,0,0,0,0,0,0,0,0,0,0,0,0,0,0,2,0,0,0,0,0,0,3,0,1,1,1,0,0,0,0,0,0,0,0,0,0,0,0,0,0,0,0,0,0,0,0,0,0,0,1,5,0,0,0,0,0,0,0,0,0,0,0,0,0,0,0,0,0,0,0,0,0,0,0,0,0,0,0,0,0,1,0,0,0,0,0,0,0,0,0,0,0,0,0,0,0,0,0,0,0,0,0,0,0,0,0,0,0,0,1,0,0,0,0,0,0,0,1,0,0,0,0,1,0,0,0,1,0,0,0,1,0,0,0,0,0,0,0,0,1,0,0,0,0,0,0,0,0,0,0,0,0,0,0,0,0,0,0,0,0,0,2,0,0,0,0,1,0,0,0,0,0,0,0,0,0,0,0,0,0,0,0,0,0,1,0,0,0,0,0,0,0,0,0,0,0
NA..33,1,0,0,0,0,0,0,0,0,0,1,0,0,0,0,0,1,1,1,0,4,0,0,0,0,0,0,0,0,0,0,0,0,0,0,1,0,0,0,0,0,0,0,0,0,0,0,0,0,0,0,0,0,0,0,1,0,0,0,0,1,0,0,0,0,0,1,0,0,0,0,0,0,0,0,0,0,0,0,0,0,0,0,0,0,0,0,0,0,0,0,0,1,0,0,0,0,0,0,1,0,0,0,0,0,0,0,0,0,0,0,0,0,0,0,1,0,0,0,0,0,0,0,0,0,0,0,0,0,0,0,0,0,0,0,0,0,0,0,1,0,0,0,0,0,0,0,0,0,0,0,0,0,0,0,0,0,0,0,0,0,0,0,0,0,0,0,0,0,0,0,0,0,0,0,0,0,0,0,0,0,2,0,0,0,1,0,0,0,0,0,0,0,0,0,0,0,0,0,0,0,0,0,0,0,0,0,0,0,0,0,0,0,0,0,0,0,0,0,0,0,0,0,0,0,0,0,0,0,0,0,0,0,0,0,0,1,0,0,0,0,0,0,0,0,0,2,0,0,0,0,0,0,0,0,0,0,0,0,0,0,0,0,0,0,0,0,0,0,0,0,0,0,0,0,0,0,0,0,0,0,0,0,0,0,0,0,0,0,0,0,0,0,0,0,0,0,0,0,0,0,0,1,0,0,0,1,0,0,0,0,0,1,0,0,0,2,0,0,1,0,0,0,0,0,0,0,1,0,0,0,0,0,0,0,0,1,0,0,0,0,0,0,0,0,0,0,0,0,0,0,0,0,1,1,0,0,0,0,0,0,0,0,0,1,0,0,0,0,0,0,0,0,0,0,0,0,0,0,0,0,0,1,0,0,0,0,0,0,0,0,0,0,0,0,0,2,0,0,0,0,0,0,0,0,0,0,0,0,0,0,0,0,0,0,1,0,0,0,0,0,0,0,0,0,0,0,0,0,0,0,1,0,1,0,0,0,0,0,0,0,0,1,0,0,0,0,0,0,0,0,0,0,0,0,0,0,0,0,0,0,0,0,0,0,0,1,0,0,0,0,0,0,0,0,0,0,0,0,0,0,1,0,0,1,1,0,0,0,0,0,1,0,0,0,0,0,0,0,0,0,0,0,0,0,0,0,0,0,0,0,1,0,0,0,0,0,0,0,0,0,0,0,0,0,0,0,0,0,0,0,0,0,0,0,0,0,0,0,0,0,0,0,0,0,0,0,0,0,0,0,0,0,1,0,0,0,0,1,0,0,0,1,0,0,0,0,0,0,1,0,0,0,0,0,0,2,0,0,0,0,0,0,0,0,0,0,1,0,0,0,0,0,0,0,0,0,0,0,0,0,0,0,0,0,1,0,0,0,0,1,1,0,0,0,0,1,0,0,0,0,0,0,0,0,1,0,0,0,0,0,0,0,0,0,0,0,0,0,0,0,0,0,2,0,0,0,0,0,0,0,0,0,0,0,0,0,0,0,0,0,0,0,0,0,0,0,0,0,0,0,0,0,0,0,0,0,0,0,0,0,0,0,0,0,0,0,0,0,0,0,0,0,0,0,0,0,0,0,0,0,1,0,0,0,0,1,0,0,0,0,0,0,0,1,0,0,0,1,0,0,1,0,0,1,0,0,0,0,0,0,1,0,0,0,0,0,0,0,0,0,0,0,0,0,0,0,1,0,0,0,0,0,1,0,0,0,0,0,0,0,0,0,0,0,0,0,0,0,0,0,0,0,0,0,0,0,0,0,0,0,0,0,0,0,0,0,0,0,0,0,0,1,0,0,0,0,0,0,0,1,0,1,0,0,0,0,0,0,0,0,0,0,0,0,0,0,0,0,0,0,0,0,0,0,0,0,0,0,0,0,0,0,0,0,1,0,0,0,0,0,0,0,0,0,0,1,0,0,0,0,0,0,0,0,0,0,2,0,0,1,0,0,0,1,0,0,0,0,0,0,0,0,0,1,0,0,0,0,0,0,0,0,1,0,0,0,0,0,0,0,0,0,0,0,0,0,0,0,0,0,1,0,0,0,1,0,2,1,0,0,0,0,0,0,0,0,0,0,0,0,1,0,0,0,0,0,1,0,0,0,0,0,0,0,1,0,0,0,0,0,0,0,0,0,0,0,0,0,0,0,0,0,0,1,0,0,0,0,0,0,0,0,0,0,0,0,0,0,0,0,0,0,0,0,1,0,0,0,0,0,0,0,0,0,0,0,0,0,0,0,0,0,0,0,0,0,1,0,0,0,0,0,0,0,0,0,0,0,0,0,0,0,0,0,0,1,0,0,0,0,0,0,1,0,0,0,0,0,0,1,0,0,0,0,0,0,0,0,0,0,0,0,0,0,0,0,0,0,0,0,0,0,0,0,0,0,1,0,0,0,0,0,0,0,0,0,0,0,0,0,0,0,0,0,0,0,1,0,0,0,0,0,0,0,0,0,0,0,0,0,0,0,0,0,0,0,0,0,0,1,0,0,0,0,0,0,0,0,0,1,0,0,0,0,0,0,0,0,0,0,0,0,0,0,0,0,0,0,0,0,0,0,0,0,1,0,1,0,0,0,0,1,0,0,0,0,0,0,1,0,0,0,0,0,0,2,0,0,0,0,0,0,1,0,0,0,0,0,0,0,0,0,1,0,0,0,0,0,0,0,0,0,0,4,0,0,0,0,0,0,0,0,0,0,0,0,0,0,1,0,0,0,0,0,0,0,0,0,0,1,0,0,1,0,1,2,0,0,0,0,0,0,0,0,0,0,0,0,0,0,0,0,0,2,1,0,0,0,0,0,0,1,0,1,0,0,0,0,2,0,0,0,0,0,0,0,0,0,0,0,1,0,0,0,0,1,0,0,0,2,0,0,0,0,0,0,0,0,0,0,0,0,0,0,0,0,2,0,0,0,0,0,1,0,0,0,0,0,1,0,0,0,0,0,0,0,0,0,0,0,0,0,0,0,0,1,0,0,2,0,0,0,0,0,0,0,0,0,0,0,0,0,0,0,0,0,0,0,0,0,0,0,0,0,0,0,0,0,0,0,0,0,0,0,0,0,1,0,0,1,0,0,0,0,0,0,0,1,0,0,0,0,0,1,0,0,0,2,0,0,0,0,0,0,0,0,0,0,0,0,0,0,1,0,0,0,0,1,0,0,0,0,0,0,0,0,0,1,0,0,0,0,0,0,0,0,0,0,0,0,0,0,0,0,0,0,0,0,0,0,0,0,0,0,0,0,0,0,0,0,0,0,0,0,0,0,0,0,0,0,0,0,0,0,0,0,0,0,0,0,0,0,0,0,0,0,0,0,0,0,0,0,1,0,0,0,0,0,0,0,0,0,0,1,0,0,0,0,2,1,0,0,0,0,0,0,1,0,0,0,0,0,0,0,0,0,0,0,0,0,0,0,0,2,0,0,0,0,0,0,0,0,0,0,0,0,0,0,0,0,0,0,0,0,0
MOB1A,0,0,1,0,1,2,0,1,1,0,1,0,0,0,0,1,0,1,1,1,0,0,3,0,0,1,0,0,0,1,0,0,1,0,0,1,0,3,0,0,0,0,2,0,0,0,3,1,0,0,0,0,3,1,1,0,0,1,1,0,0,1,0,0,0,0,0,0,1,0,0,0,1,0,2,0,0,1,1,0,0,1,0,2,0,0,0,3,1,0,2,0,0,0,0,1,1,1,0,1,2,0,0,0,1,0,1,0,0,0,0,0,0,0,0,0,0,0,2,3,0,0,3,1,1,0,0,0,2,0,0,0,1,0,0,1,0,0,1,1,1,0,0,2,0,0,0,0,1,1,2,0,0,0,1,1,1,0,0,1,1,0,1,0,0,1,1,0,1,3,0,0,0,0,1,0,1,0,1,0,0,1,0,0,0,1,0,0,1,0,0,5,0,0,0,1,0,0,0,1,0,0,0,0,0,2,0,1,1,0,0,0,1,0,1,0,1,1,3,0,0,0,3,0,1,0,0,2,0,1,0,0,1,0,0,0,1,0,0,0,0,0,0,1,1,0,2,2,0,1,0,0,0,0,0,0,0,0,0,0,0,0,0,0,0,0,0,0,1,0,0,2,4,0,0,1,0,1,2,0,1,0,0,1,0,0,0,0,1,0,0,1,3,1,0,0,0,0,1,1,0,0,0,0,4,0,0,0,2,0,0,0,0,2,0,0,1,0,0,0,1,0,1,0,0,0,0,1,0,0,0,0,0,0,0,1,1,0,1,0,4,0,1,0,0,2,1,1,0,3,4,1,2,1,0,1,2,0,1,0,1,0,0,2,0,0,4,1,0,0,0,1,1,0,0,2,0,1,1,0,0,0,0,0,0,0,0,0,0,0,2,0,0,0,0,0,4,1,0,1,0,0,1,0,2,0,0,0,0,1,0,0,0,0,0,0,0,0,0,0,3,0,2,0,2,0,0,1,0,0,1,0,1,1,3,1,1,0,0,1,0,0,3,0,1,1,0,0,1,0,1,0,0,0,0,0,0,1,1,0,1,0,0,1,2,0,0,0,1,0,0,0,0,0,0,4,1,0,0,0,2,0,0,2,0,0,0,1,0,0,0,0,0,1,0,2,0,0,0,0,0,2,1,0,0,0,1,3,0,2,1,0,0,0,0,0,1,0,1,0,0,0,0,1,1,0,1,0,3,0,2,0,0,0,1,3,2,0,0,0,0,0,0,0,1,0,0,0,1,0,0,3,0,0,0,1,1,2,0,0,1,0,0,1,1,0,0,0,0,1,0,1,0,0,0,2,2,0,1,1,0,0,0,0,0,1,1,1,0,0,0,0,0,2,0,2,1,1,2,0,0,3,0,1,0,1,2,0,2,0,0,0,0,1,0,0,0,1,0,0,0,0,0,0,0,1,0,0,1,0,0,1,0,0,1,0,0,0,0,0,0,0,0,0,0,0,2,0,0,0,0,0,0,1,0,3,0,0,0,1,0,1,1,1,2,0,1,0,0,0,0,0,1,0,1,0,1,3,0,0,0,3,0,0,0,0,0,0,0,0,0,0,0,0,0,0,0,0,0,0,0,0,1,0,1,0,0,0,0,1,1,0,0,2,0,0,0,1,0,0,0,0,0,0,0,0,0,0,0,3,0,0,0,0,1,0,1,0,2,0,1,0,0,0,0,0,0,1,0,0,0,0,0,0,0,0,0,0,0,0,0,0,0,0,0,1,0,0,3,0,0,0,0,0,1,1,1,0,1,0,1,0,0,0,0,0,0,0,0,0,1,1,0,0,0,0,0,0,0,1,0,0,2,1,1,0,0,0,0,0,1,3,0,0,1,0,0,0,1,0,0,0,1,0,1,0,0,1,0,0,0,0,1,2,0,0,0,2,0,2,0,1,1,0,0,0,1,1,0,0,0,0,0,0,0,0,0,0,0,1,0,1,1,0,0,1,0,0,0,0,1,1,1,1,1,0,0,0,0,0,0,0,1,0,2,0,0,0,1,1,0,1,0,1,1,1,0,1,0,0,0,1,0,0,0,0,0,0,3,0,1,0,1,0,1,0,1,0,0,1,0,3,1,0,0,0,0,0,3,2,0,2,1,0,0,1,0,1,0,0,0,0,1,1,0,0,0,0,0,0,0,0,1,0,0,0,1,0,0,0,0,0,0,1,0,0,0,0,4,1,0,2,0,1,1,0,0,0,0,0,0,0,0,1,1,1,1,0,0,0,1,0,0,0,0,1,0,0,0,0,0,0,0,1,1,0,1,1,0,1,0,0,0,0,0,0,1,0,0,0,0,1,1,1,0,0,1,0,0,1,0,5,1,0,0,5,1,1,1,0,0,0,0,0,0,0,0,0,0,0,3,0,0,0,0,0,1,0,0,0,0,0,1,2,1,1,0,0,1,4,2,0,0,0,0,2,0,0,0,0,2,0,0,2,2,2,1,0,0,0,0,0,0,3,2,2,0,0,0,0,0,2,1,0,1,0,0,0,0,0,0,0,3,0,0,1,0,1,0,1,0,1,2,1,2,1,0,0,1,3,1,0,0,0,0,1,0,1,0,1,0,0,1,0,2,0,0,0,4,1,0,0,0,1,0,0,0,0,0,0,0,0,0,0,0,1,0,0,0,0,0,0,0,1,1,0,2,0,0,1,1,0,4,0,0,0,0,1,0,0,0,0,0,0,1,0,2,0,0,1,0,0,1,1,0,1,0,2,1,1,0,0,1,3,0,0,3,0,0,0,0,0,0,0,1,0,1,3,0,0,1,1,0,0,2,1,2,0,0,1,0,0,0,0,0,0,0,1,0,0,2,0,0,0,3,1,0,0,0,0,0,0,2,1,1,0,0,0,0,0,1,2,0,0,0,0,2,0,0,1,1,1,1,0,0,0,1,0,0,0,0,0,0,0,1,1,1,0,0,0,3,0,0,0,0,0,0,0,0,1,0,1,0,0,0,0,0,0,0,1,0,0,0,0,0,0,0,1,0,0,1,0,1,0,0,0,0,0,1,0,0,0,0,0,0,1,1,1,0,0,1,1,1,0,2,0,1,0,2,1,0,1,0,1,1,2,1,1,0,0,0,1,0,0,1,0,1,0,1,2,1,1,0,0,1,0,3,0,0,2,0,1,0,0,1,1,0,1,0,0,0,1,2,0,0,2,0,0,0,0,0,1,0,0,0,0,0,0,0,0,0,0,3,1,0,0,0,1,1,0,0,1,1,0,0,0,1,0,0,0,0,0,0,2,0,2,2,0,0,1,0,1,0,0,0,2,0,1,0,2,1,0,0,0,2,2,0,0,0,1,3,0,0,0,2,0,0,0,0,1,1,1,0,1,0,0,0,0,4,0,0,1,0,0,0,0,0,2,2,0,0,3,0,0,1,0,0,0,0,2,0,0,1,0,0,0,0,0,0,0,0,1,1,0,0,1,0,3,0,0,0,0,1,0,0,0
PHIP,0,0,0,0,0,0,0,1,0,0,0,0,0,0,0,0,0,0,1,1,0,0,0,1,0,1,0,0,0,0,0,0,0,1,0,0,0,1,0,0,1,0,0,0,1,1,0,0,0,1,0,0,0,0,0,0,0,0,2,0,1,0,1,0,0,0,0,0,1,0,0,0,0,0,0,0,0,0,0,0,1,1,0,0,0,0,0,0,0,0,0,2,0,0,0,1,0,0,0,0,0,1,0,0,1,0,0,0,0,0,0,0,0,1,0,0,0,0,0,0,0,0,1,0,0,1,0,0,0,0,1,0,0,0,0,0,0,0,0,0,0,0,0,0,0,0,0,1,0,1,0,0,0,0,0,1,0,1,0,0,1,1,0,0,1,0,0,0,0,3,0,0,0,0,1,0,0,1,0,0,0,0,0,0,0,1,0,0,1,0,0,0,1,0,0,1,0,0,0,0,1,0,1,0,0,0,0,1,0,1,0,0,0,0,0,0,0,0,0,1,0,1,1,0,0,0,0,1,0,0,2,0,0,0,1,0,0,1,0,0,0,0,0,0,1,0,0,1,0,0,0,0,0,1,0,0,0,0,1,0,0,0,1,1,0,1,0,0,0,0,0,0,1,0,0,0,1,0,0,0,0,0,1,1,1,1,0,1,0,0,1,0,1,1,0,0,0,0,1,0,1,1,0,0,0,0,0,0,0,0,0,0,0,0,1,0,0,0,1,0,0,0,2,1,0,0,1,1,1,0,0,0,1,0,0,0,0,1,0,0,0,0,0,1,1,0,0,0,0,0,1,0,1,2,1,0,0,0,0,0,0,0,0,0,0,0,0,0,1,2,2,1,0,0,0,3,0,1,0,1,0,0,0,1,0,0,0,1,1,0,0,2,1,1,1,0,0,1,0,0,0,1,0,0,0,0,0,0,0,0,0,0,1,1,0,0,0,0,0,1,0,0,1,1,0,0,0,0,0,0,1,0,0,0,0,0,0,1,0,2,0,0,0,0,1,1,0,0,0,0,0,0,0,0,1,0,0,1,0,1,0,0,0,1,1,0,0,0,0,1,0,0,0,0,0,1,0,0,0,0,1,0,0,0,1,0,0,1,1,1,0,1,0,2,0,1,1,1,0,0,0,1,0,0,0,0,0,0,0,0,0,1,5,0,0,1,0,0,0,0,0,0,0,0,0,0,0,0,0,0,0,0,0,0,1,0,0,1,0,2,3,1,1,0,1,1,0,0,1,1,0,2,0,0,0,2,0,0,1,0,0,0,0,0,0,1,0,0,0,0,1,0,1,0,0,0,0,0,1,1,1,1,0,0,0,0,0,1,0,0,0,0,0,0,1,0,0,0,0,1,0,1,0,0,0,1,1,0,0,0,2,0,0,1,1,0,1,0,0,0,1,0,1,0,0,0,0,0,0,0,0,0,1,0,0,1,0,0,1,1,0,0,0,0,0,0,2,0,0,0,0,0,0,0,0,0,1,0,0,0,2,0,1,0,0,1,0,0,0,0,0,0,0,1,0,0,0,0,0,0,0,0,1,0,1,0,0,0,0,0,0,0,0,0,0,0,0,0,0,0,1,0,0,1,1,2,0,0,1,0,0,0,1,0,0,0,0,1,0,0,1,0,0,0,1,0,0,1,0,0,0,0,0,0,0,0,0,0,0,0,0,0,0,1,0,0,0,0,0,0,2,1,0,2,0,0,0,1,0,0,1,0,0,0,0,0,1,0,1,0,0,1,1,0,1,0,1,1,3,0,0,0,0,0,0,0,0,0,0,0,0,1,0,1,0,0,1,0,1,0,0,0,0,0,0,0,0,0,0,0,1,1,0,1,0,1,0,0,0,0,0,0,2,1,1,2,1,1,0,0,0,0,0,0,0,1,0,0,0,0,0,0,0,0,0,1,0,0,0,1,0,1,1,0,0,0,0,0,0,0,0,0,0,0,0,0,0,0,0,0,0,0,0,2,0,0,0,0,0,0,0,1,0,0,1,0,0,0,0,0,0,0,0,0,0,0,0,1,0,0,0,0,0,0,0,0,0,0,0,0,0,1,1,1,0,0,0,0,0,0,0,0,0,1,0,1,0,0,0,0,0,0,0,0,0,0,0,1,0,0,1,0,1,0,0,0,0,0,0,0,0,0,0,0,0,0,0,0,0,2,0,0,2,1,0,1,0,1,0,1,0,1,0,0,0,0,0,0,0,1,0,0,0,0,1,0,0,0,0,0,0,0,0,0,0,0,0,0,1,0,0,1,0,0,1,0,0,0,0,0,0,0,0,1,0,2,1,0,0,0,0,0,1,1,0,2,0,1,0,1,1,0,1,0,0,0,0,1,0,0,0,0,0,1,0,0,0,0,0,0,0,0,0,2,1,0,0,0,0,0,0,0,0,0,1,0,0,0,0,0,1,0,0,0,0,1,0,2,0,1,0,0,0,0,0,0,0,0,0,1,1,1,0,0,0,0,0,1,1,0,1,0,0,1,0,0,0,0,0,1,1,0,1,0,0,0,0,0,0,0,0,0,0,0,0,0,0,0,2,0,0,0,0,0,0,0,0,1,1,0,0,0,3,1,1,0,1,0,1,0,1,1,0,0,1,0,1,1,1,0,0,0,0,0,0,0,0,0,0,0,1,0,0,1,0,1,0,1,0,1,1,0,0,0,0,0,0,0,1,0,0,0,0,0,0,0,0,0,0,0,0,0,0,0,0,0,0,0,0,0,0,0,0,0,0,0,1,0,0,0,1,0,0,1,0,1,1,0,1,1,0,2,0,0,0,1,1,0,0,0,0,2,0,0,0,0,0,0,0,0,0,0,0,0,0,0,0,0,0,0,1,0,0,0,0,0,0,0,0,1,0,0,0,1,0,0,1,0,1,0,2,0,0,0,0,1,0,0,0,0,0,0,1,0,0,0,0,0,0,0,0,1,0,1,0,0,0,0,2,0,5,1,0,0,2,0,0,0,0,0,1,0,0,0,0,0,0,1,0,0,0,0,0,0,1,0,0,0,2,0,0,0,0,0,1,0,0,0,0,1,1,0,0,0,1,0,0,0,1,0,0,0,0,0,0,0,1,0,0,1,0,0,0,0,1,0,0,0,0,0,0,0,0,0,0,0,0,0,0,0,2,0,0,0,3,0,0,0,0,0,0,0,0,0,4,0,0,0,0,0,0,1,0,0,1,1,0,0,0,0,0,0,0,1,0,1,0,1,0,1,0,0,0,0,0,1,1,2,0,1,0,1,0,0,0,0,0,0,0,0,0,0,0,0,0,0,0,1,0,2,0,0,0,0,0,0,0,0,1,1,1,0,1,1,0,0,1,0,0,1,0,0,0,0,0,0,0,0,0,0,0,0,0,0,0,0,0,5,1,0,0,0,1,0,0,0,0,0,0,0,0,0,1,1,0,1,0,1,1,0,0,0,0,0,0,0,0,3,1,0,0,1,0,0,0,0
RNASEH2C,0,0,1,1,0,1,0,1,2,0,1,0,5,0,0,0,0,0,0,0,0,0,0,0,0,0,0,0,0,0,0,0,0,0,1,0,0,0,0,0,0,0,1,0,0,0,2,0,0,3,0,2,0,0,1,0,0,0,0,0,0,0,0,0,0,2,0,0,0,0,0,0,0,0,2,0,0,0,0,1,0,0,1,0,0,0,0,2,1,0,0,0,0,0,0,0,0,0,0,0,1,0,2,0,1,0,0,0,1,0,0,0,0,1,0,2,0,0,0,0,0,0,1,2,0,0,0,0,0,0,0,0,0,2,0,0,0,0,1,0,1,0,0,0,0,0,0,0,1,0,1,2,0,1,1,0,0,0,0,0,0,3,0,2,0,0,1,0,0,0,0,0,1,0,0,0,0,0,1,0,0,0,0,0,1,0,1,1,0,1,0,0,0,0,0,0,1,0,0,0,1,0,0,0,0,0,0,0,0,1,0,0,0,0,1,0,0,0,2,0,0,0,1,0,1,0,0,0,0,0,2,0,1,1,0,1,0,0,0,0,0,0,0,0,0,0,0,0,0,0,0,0,0,0,0,1,0,0,1,2,1,0,2,0,0,1,0,0,1,1,0,2,1,0,1,0,0,0,1,0,1,0,0,0,1,0,0,0,0,0,0,0,1,1,0,0,0,0,0,0,2,0,0,0,1,0,0,1,0,0,0,0,0,0,1,1,0,0,1,0,0,0,0,0,0,0,0,1,0,0,1,1,1,0,0,1,0,0,0,0,0,0,0,0,1,0,0,0,0,0,1,0,0,0,0,0,0,1,0,0,0,0,0,1,2,1,0,0,0,0,0,0,0,0,0,1,0,1,0,2,0,1,0,0,0,0,1,0,0,0,0,0,0,0,0,0,0,0,0,0,0,0,0,1,0,0,0,0,0,0,1,0,1,0,2,0,0,0,0,2,1,0,0,0,0,0,0,0,0,0,0,0,0,0,1,1,0,0,0,1,0,0,0,0,0,1,0,0,2,0,1,1,0,1,2,0,0,1,1,0,1,1,0,0,0,0,2,0,0,0,0,1,0,0,0,1,0,0,0,1,3,1,0,0,1,0,0,1,1,0,0,0,0,0,0,0,0,0,1,0,0,0,1,0,0,0,0,1,0,0,1,0,0,0,0,1,0,0,0,0,1,1,0,0,1,2,0,1,0,0,0,0,0,0,1,0,0,1,0,0,5,1,1,0,0,0,1,1,0,1,1,0,0,0,1,1,0,0,0,0,0,0,0,0,0,1,0,0,0,1,1,0,0,0,1,0,0,0,0,0,2,0,0,0,0,0,0,1,0,0,0,0,0,1,0,0,0,0,0,0,0,1,0,2,0,2,3,1,0,0,0,0,1,0,0,0,0,1,0,0,0,0,1,0,0,0,0,0,0,0,0,1,0,0,0,0,2,0,2,1,0,1,1,0,0,1,0,1,0,0,0,0,1,0,0,0,0,0,1,0,0,0,0,1,1,0,0,0,1,0,0,0,0,0,4,0,0,0,0,0,0,1,0,1,0,1,0,0,0,0,0,0,0,0,0,0,0,0,0,1,1,0,0,0,0,1,0,0,0,1,0,0,0,0,0,0,0,1,0,0,1,0,0,0,0,0,0,0,0,1,0,0,1,1,1,0,0,0,1,0,0,0,0,1,0,1,0,0,0,0,0,2,0,1,0,0,1,0,1,0,1,0,0,0,0,1,2,0,0,0,0,3,0,0,0,0,0,0,1,0,0,0,1,0,0,0,0,0,1,0,1,0,2,0,0,0,0,0,0,1,0,0,0,0,0,0,1,0,0,0,0,0,0,0,0,0,0,0,0,0,0,1,0,0,0,1,0,0,0,0,0,0,0,1,0,0,0,0,0,0,0,1,1,0,0,0,0,1,0,0,3,0,1,0,0,1,1,1,0,0,0,0,0,0,0,0,1,0,0,0,1,0,0,0,1,1,0,0,0,0,0,0,0,1,0,0,0,0,0,0,0,0,0,0,0,0,0,0,0,0,1,0,0,0,0,0,0,2,0,2,1,1,0,0,0,0,0,0,0,0,1,0,1,0,2,0,0,0,1,2,0,0,0,1,0,0,0,0,1,0,0,1,0,0,0,0,0,1,0,0,0,0,0,0,0,0,1,0,0,0,0,0,1,1,0,2,0,1,0,1,0,4,1,0,1,0,0,0,0,1,0,0,0,0,0,0,0,0,1,0,3,0,2,0,0,1,0,0,1,1,0,0,0,0,0,1,0,0,0,0,0,0,0,2,0,0,1,0,5,0,0,0,0,0,0,0,2,0,0,1,0,1,0,0,0,2,0,0,1,0,0,0,0,0,0,0,0,1,0,1,0,0,0,0,0,0,0,0,2,0,0,0,1,0,0,0,0,0,0,1,0,0,0,0,0,0,0,0,0,2,1,0,0,0,0,0,0,1,0,0,0,0,0,1,0,0,1,0,0,0,1,0,0,0,0,0,1,0,0,0,1,1,0,1,0,0,0,0,0,0,0,1,0,0,0,0,0,1,0,0,0,0,0,0,1,0,0,1,0,0,0,0,1,0,0,0,0,0,1,0,0,1,3,0,0,0,0,0,0,0,0,0,0,0,0,0,0,0,0,1,2,0,0,1,1,0,1,0,0,0,0,0,0,0,0,0,1,1,0,0,0,0,0,0,0,0,0,0,0,0,0,0,0,0,0,0,0,2,0,1,0,0,0,0,0,0,0,1,1,0,0,0,0,0,0,2,0,0,2,0,0,1,2,1,0,1,0,0,0,0,1,0,0,0,0,0,0,0,0,0,0,0,0,0,0,0,0,0,0,0,1,0,0,0,0,0,0,0,0,0,0,0,0,0,0,0,0,0,1,0,1,0,0,0,2,1,0,0,0,1,0,0,0,0,1,0,0,0,0,0,0,1,1,0,0,0,0,0,0,0,0,0,0,0,1,0,1,0,1,0,0,0,0,0,0,0,0,0,0,1,0,0,0,0,0,0,0,0,3,0,0,0,0,0,0,0,0,1,0,1,0,1,0,0,0,0,1,2,0,0,0,1,0,2,0,0,0,0,0,1,0,0,0,0,1,0,0,0,0,2,0,1,0,0,0,0,2,0,0,0,0,2,0,0,0,0,1,1,0,0,0,0,0,0,1,0,2,0,0,3,0,0,0,0,0,0,0,1,1,0,0,2,0,0,0,0,0,0,0,0,0,0,0,0,0,2,0,0,0,0,0,0,0,0,0,0,1,0,0,0,0,0,0,0,0,0,0,0,0,0,1,0,1,1,0,0,0,0,0,0,0,0,0,1,0,0,0,0,0,0,0,0,0,0,1,0,0,0,1,0,1,0,0,0,0,0,1,0,0,0,0,0,0,0,0,1,0,1,0,1,0,0,1,0,0,2,1,0,0,0,0,0,1,0,0,0,0,0,0,0,0,0,0,0,0,0
RASA3,2,0,0,0,1,0,0,0,0,1,0,0,0,0,0,0,0,0,0,0,1,1,0,0,0,1,0,0,0,0,0,0,0,0,0,0,0,1,0,0,0,0,0,0,1,0,0,0,0,0,0,0,1,0,1,0,0,1,0,0,0,0,0,0,0,0,0,0,1,0,0,0,0,0,0,1,0,0,0,0,0,0,0,0,0,0,1,0,0,1,0,0,0,0,0,0,0,0,0,0,0,1,0,2,0,0,0,1,0,0,1,0,1,0,1,1,0,0,0,0,0,0,0,0,1,0,0,0,1,0,0,3,0,0,0,2,0,0,0,0,0,0,1,0,0,1,0,0,1,1,0,0,0,1,0,1,0,0,0,0,0,0,0,0,0,0,0,2,0,0,0,0,0,1,0,0,0,0,0,0,0,0,0,0,0,0,0,0,0,0,0,0,0,1,0,0,0,0,0,0,0,0,1,0,1,0,0,0,0,1,0,0,1,0,0,0,0,0,0,0,0,0,0,0,1,0,0,0,1,0,0,0,0,1,0,1,0,0,0,1,0,0,0,0,0,0,2,0,0,0,0,0,0,0,0,0,1,0,0,0,1,0,1,0,2,0,0,0,1,2,1,0,0,0,0,0,0,0,0,1,0,0,0,0,1,0,0,0,0,0,0,0,0,0,0,0,0,0,0,1,0,0,0,0,0,0,1,0,0,0,0,1,0,1,0,0,0,0,0,0,0,0,0,0,0,0,0,1,0,0,0,0,1,0,0,0,2,0,0,0,1,0,0,0,0,1,0,0,1,0,0,0,1,0,0,0,1,0,0,0,0,0,0,0,0,0,1,1,1,0,0,0,0,0,0,0,0,1,0,0,0,0,0,0,0,0,0,0,1,1,0,0,0,0,0,0,0,1,0,0,0,0,0,0,0,0,1,0,0,0,0,1,0,1,0,0,0,0,0,0,0,0,0,0,1,1,0,0,0,0,0,0,0,1,0,0,0,1,0,0,0,0,1,0,0,0,2,0,0,0,0,0,0,0,0,0,0,0,0,0,0,0,0,0,1,0,0,0,0,0,0,0,1,0,1,0,0,0,0,0,0,0,1,2,0,1,0,0,0,0,0,2,0,0,0,0,0,0,0,0,0,1,0,1,0,1,0,0,0,0,0,0,0,0,1,0,1,1,1,0,0,1,0,0,0,0,0,0,0,1,0,0,0,0,1,0,1,0,1,1,0,0,0,0,0,1,0,1,0,0,0,0,0,0,0,0,0,0,0,0,0,0,0,0,1,0,1,0,0,0,3,0,0,0,1,0,2,1,0,0,1,0,1,0,0,0,0,0,0,0,0,0,0,0,0,0,0,0,1,0,0,0,0,1,1,0,0,0,0,0,0,0,0,0,0,0,0,1,1,0,0,0,0,0,0,0,2,0,1,0,0,0,0,1,0,0,0,0,0,0,0,0,1,0,2,0,0,0,2,0,1,0,0,0,0,0,0,1,0,0,0,0,0,0,2,1,1,0,0,1,0,0,0,0,1,0,0,0,1,1,0,0,0,0,0,1,0,0,0,1,0,0,1,0,0,1,2,0,0,0,0,0,0,0,1,0,1,0,0,0,0,0,0,0,0,0,0,0,0,0,0,0,0,0,0,1,0,2,0,0,0,0,1,0,0,0,0,0,0,0,0,0,0,0,0,0,0,2,0,0,0,0,1,0,0,1,0,0,0,0,0,0,0,1,0,0,0,0,1,0,0,0,1,0,0,1,0,0,0,0,0,0,0,0,0,0,0,0,0,1,0,0,0,0,0,1,0,0,0,1,0,0,0,0,2,0,0,0,0,0,0,0,0,0,2,1,0,0,0,1,0,0,0,1,0,0,1,0,0,0,0,0,0,0,0,0,0,0,0,0,0,0,0,0,0,0,0,0,0,0,0,0,0,0,0,0,0,0,1,0,0,0,0,0,0,0,1,0,0,0,0,0,0,0,1,0,0,1,0,0,0,0,0,0,0,1,0,0,0,0,0,0,1,0,0,0,0,1,0,0,0,0,1,0,0,0,0,0,1,1,0,0,0,1,1,0,0,0,0,0,0,1,0,0,0,0,0,0,0,0,0,0,0,0,0,0,0,0,0,0,0,0,0,0,0,0,0,0,0,0,0,0,0,0,0,0,0,0,2,0,0,1,0,0,0,0,0,1,1,0,0,0,0,0,0,1,0,0,0,0,0,0,0,0,0,1,0,0,0,0,1,0,2,0,0,0,0,0,0,0,0,0,1,0,0,1,0,0,1,0,0,1,0,0,0,0,0,0,0,0,0,0,0,0,0,1,3,0,0,1,0,0,0,0,0,0,0,1,0,0,1,0,0,0,0,0,1,0,0,0,0,0,0,1,0,1,1,0,0,0,0,0,1,0,0,0,0,0,0,0,0,1,0,0,0,0,0,0,0,0,0,0,0,0,0,0,0,0,0,0,0,1,0,0,0,0,0,0,0,1,1,0,0,0,0,1,0,0,0,1,0,0,0,0,0,0,0,0,0,1,0,0,0,0,0,0,0,0,0,0,0,0,0,0,1,1,0,0,0,1,0,3,0,1,1,0,0,0,0,0,0,0,0,0,0,0,0,0,0,0,1,0,0,0,0,1,0,1,0,1,0,1,0,0,0,1,0,0,0,0,2,0,0,0,1,0,2,0,0,0,0,0,1,0,0,1,0,0,0,0,0,0,0,0,0,0,0,0,0,0,0,1,0,0,0,1,0,0,1,2,1,0,0,0,1,0,1,0,0,0,0,0,2,0,2,0,0,0,0,1,0,2,0,0,0,0,0,0,0,0,0,0,0,0,0,0,1,0,0,0,1,0,0,0,0,0,0,1,0,1,0,0,1,0,1,0,0,0,0,0,0,0,0,0,0,0,0,1,0,0,0,0,0,0,0,0,0,1,0,0,0,0,0,0,0,0,0,0,0,0,0,1,0,0,0,0,0,0,0,1,0,0,0,0,0,0,0,1,3,0,0,0,0,0,0,0,0,0,0,0,0,0,0,0,0,0,0,1,0,0,1,1,0,0,0,0,0,0,0,1,0,0,0,0,0,0,0,0,0,0,0,0,0,0,0,0,0,1,0,0,1,1,1,2,0,0,0,1,0,0,0,0,0,1,0,0,0,0,0,0,0,0,0,1,0,0,0,0,0,0,1,0,0,0,0,0,0,1,0,0,0,1,1,0,0,0,0,2,0,0,0,0,0,1,0,0,1,0,0,0,0,0,0,1,0,0,0,0,0,0,0,0,1,0,0,0,0,0,1,1,0,0,0,0,1,0,0,0,1,0,0,0,0,0,0,1,1,0,1,0,0,0,0,0,0,0,0,0,0,0,0,1,0,0,0,0,1,0,1,0,0,0,0,1,0,0,0,0,0,0,0,0,1,0,1,0,0,1,1,1,0,0,0,0,0,0,0,0,0,1,0,1,0,0,0,0
ST3GAL1,0,0,1,0,0,0,0,0,0,0,0,1,0,0,1,0,0,0,0,0,0,1,0,0,0,1,0,0,0,0,1,0,0,0,0,0,1,0,0,0,0,0,0,1,0,0,0,0,0,1,1,0,0,0,0,0,0,0,1,0,1,0,0,0,1,0,1,0,0,1,0,1,1,0,0,0,0,0,0,0,0,0,0,0,0,0,0,1,1,0,0,0,0,0,1,0,0,0,0,0,0,2,0,0,0,1,0,0,0,0,1,0,0,0,1,0,1,1,1,0,1,0,1,1,1,0,0,0,0,0,0,0,0,0,0,0,0,0,0,0,0,1,1,0,0,0,0,0,1,0,0,0,0,0,0,0,0,0,1,0,1,1,0,0,0,0,0,1,0,0,0,0,0,0,0,0,1,1,0,0,1,1,0,0,0,0,1,0,0,0,0,0,0,0,1,2,0,1,0,0,0,1,1,0,0,0,0,0,0,0,0,0,0,1,0,0,0,0,1,0,1,0,0,0,1,0,0,0,0,1,0,0,0,0,0,0,0,0,0,1,0,0,1,0,0,0,0,0,1,0,1,0,1,1,0,1,0,0,0,0,0,0,0,0,1,1,0,0,1,0,0,0,0,0,0,0,1,0,0,1,0,0,0,0,0,0,0,0,0,1,0,0,0,0,0,1,0,1,0,0,0,0,2,0,0,0,0,0,0,1,1,0,0,0,1,0,0,1,0,0,0,0,0,2,0,0,0,1,0,0,0,0,3,0,0,1,0,1,2,0,0,1,0,1,1,0,1,0,1,0,0,0,0,0,0,0,1,0,0,0,0,0,0,0,0,0,1,1,2,0,1,0,0,0,0,0,1,0,0,0,0,0,0,1,0,0,1,1,0,0,0,0,0,1,0,0,1,0,0,0,1,0,2,1,0,0,0,0,1,1,2,0,0,0,0,0,0,0,0,1,0,0,1,0,0,1,0,0,0,0,0,0,0,1,0,0,0,0,1,0,0,0,0,0,1,0,0,1,0,0,0,1,0,0,0,1,0,0,0,0,0,1,0,0,0,0,0,0,0,0,0,0,0,0,0,0,0,2,0,1,0,0,1,0,0,0,0,0,1,0,0,0,0,0,0,0,0,0,0,0,0,0,0,0,0,1,0,0,0,0,0,0,0,0,0,0,0,1,2,0,1,1,1,0,0,0,1,0,0,1,0,0,0,0,0,0,1,0,0,0,1,1,0,0,0,0,0,0,0,0,0,0,0,0,0,0,0,0,1,0,0,2,1,2,0,0,0,0,1,0,1,0,0,0,0,0,0,1,0,0,0,0,0,0,0,0,0,0,0,0,1,0,0,0,0,0,0,0,1,0,0,0,0,0,0,1,0,0,1,0,0,1,0,0,1,1,1,0,0,0,0,0,1,0,1,0,0,0,0,2,0,1,0,1,0,0,0,2,0,1,1,0,1,0,0,0,0,0,1,0,0,0,0,0,0,0,0,0,0,0,0,1,0,0,0,0,1,1,0,0,1,0,0,0,0,0,0,0,0,0,1,0,0,0,0,0,0,0,0,0,0,0,0,0,0,1,0,0,1,0,1,0,0,1,0,0,1,1,0,0,0,0,1,0,0,0,0,0,1,0,0,1,0,0,0,0,0,0,0,1,0,0,1,0,0,0,0,0,0,0,0,0,1,0,0,0,0,0,0,0,0,0,0,1,0,0,0,1,0,1,0,0,0,2,0,0,1,0,0,0,0,0,0,0,0,0,0,1,0,1,0,1,0,1,0,0,0,1,1,1,1,0,1,0,0,1,0,1,0,0,0,0,0,0,1,0,0,1,0,0,0,0,0,0,0,0,0,0,0,0,0,0,1,0,0,0,0,0,1,0,0,0,0,0,0,1,1,2,0,0,0,1,0,0,0,0,0,0,0,1,0,0,1,1,1,0,0,0,1,0,0,0,0,0,0,0,1,0,0,0,0,0,0,1,0,0,0,0,0,0,1,1,0,0,0,0,1,0,0,0,1,0,1,0,0,0,0,1,0,0,0,2,0,0,0,0,1,0,0,0,0,0,0,1,0,1,0,0,1,0,0,0,0,0,0,0,1,0,0,0,0,0,0,0,0,0,0,0,0,0,0,1,0,1,0,0,0,0,0,1,0,0,0,0,1,0,0,0,0,0,0,1,0,0,0,0,0,0,0,0,0,0,0,1,0,0,0,0,0,0,0,0,1,1,1,0,0,2,0,0,0,0,0,1,0,1,0,0,0,0,0,0,0,0,1,0,0,0,0,1,1,0,1,0,0,1,0,0,0,1,0,0,1,0,1,0,0,0,0,0,0,0,1,0,1,0,0,0,0,0,1,0,0,1,0,0,0,0,1,0,0,0,2,0,1,0,0,0,2,1,0,1,0,0,0,0,0,0,0,0,0,0,0,1,0,0,2,0,1,0,0,0,0,1,0,0,0,0,0,0,0,1,0,0,1,0,0,0,0,0,2,1,0,0,0,1,0,0,0,0,0,0,0,0,0,0,0,0,0,0,0,0,0,0,1,0,0,0,0,0,0,0,0,2,0,1,1,0,0,0,0,0,0,0,0,0,0,0,0,0,0,0,0,0,0,0,0,0,0,0,0,0,0,0,0,0,0,0,0,0,0,0,0,0,2,0,0,3,0,0,0,1,0,0,0,0,1,0,0,1,0,1,0,0,0,0,0,0,0,2,0,0,0,1,0,1,0,0,0,0,0,0,0,1,1,0,0,0,0,0,1,0,0,0,0,0,0,0,0,0,0,0,0,0,0,1,0,0,0,1,0,0,0,0,0,1,0,0,0,1,0,0,0,0,0,1,0,0,0,1,0,1,0,0,0,0,0,1,0,0,1,0,0,0,0,0,0,1,0,0,0,1,0,0,0,0,2,1,0,0,0,0,0,0,0,0,0,0,0,0,0,0,0,0,0,0,0,1,1,0,0,0,1,0,0,0,0,0,0,0,0,0,0,0,0,0,1,0,0,0,0,0,2,0,2,0,1,0,2,0,0,1,1,0,0,0,0,0,1,0,0,1,0,0,0,0,0,0,0,0,0,1,0,0,0,0,1,1,0,0,0,0,0,0,0,1,0,0,0,0,0,0,0,0,0,1,0,0,1,0,0,0,0,0,0,0,0,0,0,0,0,0,0,0,0,0,0,0,0,0,1,0,0,0,0,0,0,0,0,1,0,0,0,0,0,0,0,0,0,0,0,0,0,0,0,1,0,0,0,0,1,0,0,1,0,0,0,1,0,0,0,0,2,1,0,0,0,0,1,0,0,0,0,0,1,0,1,0,0,1,0,0,1,0,0,0,1,0,0,0,0,0,0,0,0,0,0,0,0,0,0,1,0,0,0,0,0,0,0,0,1,0,2,0,0,1,0,0,0,0,1,1,0,0,1,1,1,0,0,1,0,0,0,0,0,2,0,0,3,0,0,1,0,0,0,0
SIPA1,0,1,0,2,0,0,0,1,2,0,0,0,0,0,0,0,0,1,0,0,0,0,0,0,0,0,0,0,0,0,1,0,0,0,2,0,0,0,1,1,0,0,0,0,0,0,0,0,0,0,0,0,1,1,0,0,0,0,0,0,1,0,0,0,0,1,2,0,0,0,0,1,2,0,0,2,0,0,0,0,1,0,0,0,0,0,0,0,1,0,0,0,0,0,1,0,0,0,0,5,0,0,1,0,0,0,0,2,0,0,1,0,0,0,0,1,0,0,0,0,0,0,1,0,0,1,0,0,0,0,0,0,0,0,0,0,0,1,0,1,0,0,0,0,1,1,1,0,1,0,0,1,0,1,0,0,0,0,0,0,0,0,0,0,0,2,0,0,0,1,0,0,0,1,1,0,2,0,0,0,0,0,0,0,1,0,0,0,0,0,1,1,0,0,0,1,0,0,0,0,0,0,0,0,0,0,0,0,1,0,0,0,0,1,0,0,0,1,0,0,0,1,0,1,1,0,1,1,0,0,0,0,1,0,0,0,0,0,0,0,0,0,0,0,0,0,1,0,0,0,0,0,1,0,0,0,0,1,0,0,1,0,3,0,0,1,0,1,0,1,2,0,0,0,1,0,0,0,0,0,0,1,0,0,1,0,0,0,0,0,0,1,0,0,0,0,0,0,0,0,0,0,0,0,0,0,0,0,0,0,1,0,1,0,0,0,0,0,1,0,0,1,0,0,0,0,0,3,0,1,0,0,0,1,0,0,0,0,0,0,0,0,0,0,0,1,1,0,0,1,0,0,0,0,0,0,0,1,0,0,0,0,0,0,2,1,1,1,0,1,0,0,0,0,1,0,0,1,0,0,0,0,1,0,0,0,0,0,0,0,0,3,1,1,0,1,0,1,0,1,0,1,0,0,0,0,1,0,2,0,1,1,0,0,0,0,0,0,1,0,1,0,0,0,0,0,1,0,0,0,0,0,0,2,0,1,0,0,0,1,0,1,2,0,0,0,1,0,0,0,1,0,0,1,0,1,0,1,0,1,0,0,0,0,0,0,0,0,0,1,0,0,0,0,0,0,0,0,1,0,0,2,1,0,0,0,0,1,0,0,0,0,1,1,0,0,0,1,0,2,0,0,0,0,2,0,2,0,0,1,0,0,1,1,0,0,0,0,0,0,1,0,0,0,1,0,1,1,1,0,0,0,0,0,0,1,0,1,1,1,1,1,0,0,0,0,0,0,2,0,0,0,0,2,0,0,0,0,1,0,1,1,0,0,0,2,0,0,0,0,0,0,2,0,0,0,1,0,0,0,1,0,1,0,0,0,0,0,1,0,0,0,0,0,1,0,1,0,0,0,0,0,0,0,0,0,0,0,0,0,0,0,1,0,2,2,1,0,0,1,1,1,1,0,0,0,0,0,0,1,0,1,1,3,0,0,0,0,0,0,0,0,1,0,0,0,0,0,0,0,0,0,0,0,0,0,0,0,0,0,0,0,0,0,0,0,0,0,1,1,0,0,0,1,1,1,0,0,0,1,0,0,0,0,0,1,0,0,0,0,0,1,0,1,0,0,1,0,0,1,0,0,0,0,0,1,1,0,0,1,0,0,1,1,0,0,1,1,0,0,0,0,1,0,0,0,0,0,0,2,1,0,0,1,0,0,0,1,0,0,2,0,0,0,0,1,0,0,0,0,0,0,0,0,1,0,0,0,0,1,1,0,0,0,1,0,2,0,0,1,0,0,0,0,1,0,1,0,0,1,0,0,1,0,1,1,1,1,0,0,0,0,0,0,0,0,0,0,0,0,0,1,0,0,1,0,0,0,0,0,0,0,0,0,0,0,0,1,0,1,0,0,2,1,1,0,0,0,0,0,0,1,0,0,1,1,0,0,0,1,0,0,0,0,0,0,0,0,0,1,0,0,0,0,0,0,0,0,0,0,1,0,0,0,0,0,0,0,0,0,1,0,1,1,0,0,0,0,2,0,0,0,0,0,0,1,0,0,0,1,0,0,3,0,0,0,0,0,1,0,0,1,1,0,0,0,0,0,2,1,1,0,0,1,0,0,0,0,0,0,0,2,0,0,0,1,0,0,0,0,0,0,0,0,0,0,0,1,1,1,0,0,0,1,0,0,0,0,1,0,1,0,0,0,0,1,1,0,1,0,0,0,0,0,0,1,0,0,0,1,0,0,0,0,2,0,0,2,1,2,0,0,1,0,2,0,0,0,1,1,1,0,0,0,0,1,0,0,0,0,1,1,0,0,0,0,0,0,0,0,1,0,0,0,1,0,2,0,0,1,0,0,0,1,2,1,1,0,0,0,0,1,0,0,0,0,0,0,0,0,0,0,0,1,3,1,1,1,1,0,1,0,1,0,0,0,0,0,0,1,0,1,0,0,1,1,1,0,1,0,0,0,1,1,0,2,0,0,0,0,0,0,1,1,0,1,0,0,0,0,1,0,1,1,1,0,0,0,1,0,1,0,1,0,0,0,0,0,1,0,1,0,0,0,0,0,0,0,1,0,0,0,1,0,0,0,2,0,0,1,1,0,0,1,0,2,0,2,0,0,0,0,1,0,1,1,0,0,0,0,1,0,0,0,0,0,1,1,0,1,0,0,1,0,0,0,0,1,0,1,0,0,1,2,0,0,0,0,0,2,1,0,0,0,0,1,1,0,0,0,0,0,0,0,0,0,0,1,0,1,0,0,1,0,0,1,0,0,0,0,0,0,1,0,0,1,0,0,0,0,0,0,1,0,0,0,0,0,1,1,0,0,0,0,1,1,0,0,0,1,0,0,0,0,0,1,2,1,1,1,0,1,0,1,0,1,0,0,0,0,1,0,0,0,1,1,0,3,0,0,2,0,1,0,0,0,0,0,0,0,0,0,0,0,0,0,2,0,0,0,0,0,0,0,0,2,0,1,0,0,0,0,0,0,0,0,0,0,0,0,1,0,0,0,0,2,0,0,1,0,0,0,0,0,0,0,2,1,0,0,0,0,0,0,0,0,0,0,2,0,0,2,0,1,0,0,0,0,0,0,0,1,0,1,1,0,0,2,1,0,1,0,0,0,0,0,0,0,0,1,0,0,0,0,0,0,0,0,0,0,0,1,0,0,0,1,0,0,0,0,3,0,0,0,0,0,0,0,0,1,0,0,0,1,2,0,1,2,0,0,0,0,2,0,0,0,0,0,0,0,0,0,0,0,0,0,0,1,0,1,0,0,0,0,0,1,0,1,1,0,0,0,1,0,0,1,0,0,1,0,2,0,1,0,1,0,1,2,0,0,2,0,1,0,0,0,0,0,0,2,0,1,0,0,3,0,0,0,0,0,0,0,0,0,0,0,0,0,1,0,0,0,1,1,0,0,0,0,0,1,0,0,0,0,0,0,0,0,0,0,0,0,0,0,0,1,1,1,0,0,0,0,0,0,0,0,1,1,0,0,0,1,0,0,0,0
DPYD,2,0,0,0,0,0,0,0,0,0,0,0,0,0,0,2,0,1,0,0,0,0,0,0,0,0,0,0,0,0,0,0,0,0,0,0,0,0,0,0,0,0,1,0,0,0,0,0,0,0,0,0,0,0,0,1,0,0,0,0,1,0,0,0,0,0,0,0,0,0,0,0,0,0,1,0,0,0,1,1,0,0,2,0,0,0,0,0,0,0,0,0,0,2,0,1,0,0,0,0,0,0,2,0,0,0,0,0,0,0,0,0,0,0,0,0,0,0,3,0,0,0,0,0,0,0,0,0,0,0,0,0,0,0,0,0,0,0,0,0,0,0,0,0,1,0,0,1,0,0,0,0,0,0,0,0,0,0,0,0,0,0,1,0,0,0,0,0,1,0,0,0,1,0,1,0,0,0,0,0,0,0,0,0,0,0,0,0,0,0,0,0,0,0,0,0,0,0,0,0,0,0,1,0,0,0,0,0,0,0,0,0,0,0,0,0,0,0,0,0,0,0,0,0,0,0,0,0,0,0,0,0,0,0,0,0,0,0,0,0,3,0,0,0,0,0,0,0,0,1,0,1,0,0,0,0,1,0,0,1,0,0,0,0,0,0,0,0,0,0,0,0,1,1,0,0,0,0,0,0,0,0,0,0,0,0,0,0,0,0,0,0,0,0,0,0,0,0,1,0,0,0,0,1,1,0,0,0,0,0,0,0,0,0,0,0,0,0,0,0,0,0,0,0,0,0,0,0,0,1,0,1,0,0,1,0,0,2,0,0,0,1,0,0,0,0,0,1,0,1,1,1,0,0,0,0,0,0,3,0,0,0,0,0,0,0,0,0,0,0,1,1,0,0,0,0,0,0,0,1,0,0,1,0,0,0,0,0,0,0,0,1,1,1,0,0,1,0,0,0,0,0,1,0,0,0,0,0,0,0,0,2,0,0,0,0,0,0,0,0,0,0,0,0,0,0,0,1,0,0,0,0,0,0,0,0,1,0,0,1,0,0,1,0,0,1,0,0,0,0,0,0,3,0,1,0,0,1,0,0,0,0,0,0,1,0,0,0,1,1,1,0,0,1,0,0,0,0,0,0,0,0,0,0,0,0,0,0,0,0,0,0,0,0,0,0,0,0,0,0,0,0,0,0,0,0,0,0,0,0,0,0,0,0,0,0,0,0,0,0,0,0,0,0,1,1,0,0,1,0,0,0,0,0,3,1,0,0,0,0,1,1,0,0,0,0,2,0,0,0,1,0,0,0,1,0,0,1,0,0,0,0,0,1,0,0,0,0,0,0,0,0,0,1,0,1,0,0,1,0,0,0,0,0,1,0,0,0,0,0,0,1,0,0,0,0,0,0,0,0,0,2,0,0,0,0,0,0,0,0,0,0,0,0,0,0,0,0,1,0,0,0,0,0,0,0,0,1,1,0,0,0,0,0,0,0,0,1,0,0,0,0,0,0,0,0,0,0,0,0,0,0,0,1,0,0,0,0,0,0,0,0,0,1,0,0,1,1,1,0,0,0,1,0,0,0,0,0,0,0,0,0,0,0,0,1,0,0,0,0,0,0,0,0,0,0,0,0,0,1,0,0,0,0,0,0,0,0,0,1,0,0,0,0,0,0,0,0,0,0,0,0,0,0,0,0,0,0,0,0,0,0,0,0,0,0,0,0,0,0,0,0,0,1,0,0,0,0,0,0,0,0,0,0,0,0,0,0,0,0,0,0,0,0,0,0,0,0,0,1,0,0,0,0,0,1,1,0,0,0,1,0,0,0,0,0,0,0,0,0,0,0,0,0,0,0,0,0,1,0,0,0,0,0,0,0,1,0,0,0,0,1,0,0,0,0,0,0,0,0,0,0,1,0,0,0,0,0,0,0,0,0,0,0,0,0,0,0,0,0,0,0,0,0,0,0,0,0,0,0,0,0,1,0,0,0,0,2,1,0,0,0,0,0,0,0,0,0,0,0,1,0,0,0,0,0,0,0,0,1,0,0,0,0,1,0,0,0,0,0,0,0,0,1,1,1,0,0,0,0,0,0,0,0,0,0,0,0,1,0,0,0,0,0,1,0,0,0,0,0,0,1,0,0,0,0,0,0,0,1,0,0,0,1,0,0,0,3,0,0,1,0,0,0,0,0,0,1,0,0,0,0,0,0,0,1,1,0,0,0,0,0,0,0,0,1,0,0,0,0,0,1,1,0,0,0,0,0,0,0,0,0,1,1,0,0,0,0,0,0,0,0,1,0,0,0,0,0,0,0,0,1,0,0,0,0,0,0,0,0,0,0,0,0,0,0,0,0,0,0,0,0,0,0,0,0,0,0,0,0,0,0,0,0,0,1,0,0,0,0,0,0,0,0,0,0,0,0,0,0,0,0,0,0,0,0,1,0,0,0,0,0,0,0,0,0,0,0,0,0,0,0,0,1,0,0,1,0,0,0,0,0,0,0,0,0,0,0,0,0,0,0,0,0,0,0,0,0,1,0,0,0,2,0,1,0,0,0,0,0,0,0,0,0,0,0,0,0,1,0,0,0,1,0,0,0,0,0,0,1,0,0,0,0,0,0,0,1,0,0,0,0,1,0,0,0,0,0,0,0,1,0,0,0,0,0,0,0,0,0,0,0,0,0,0,0,0,0,0,0,0,0,0,1,0,0,2,0,0,0,0,0,0,0,0,1,0,0,0,0,0,0,0,0,0,0,0,0,0,0,0,0,0,0,0,0,0,1,0,0,0,0,0,0,0,1,0,0,0,0,0,0,0,0,0,0,0,1,0,0,1,0,1,0,0,1,0,0,0,1,1,0,0,1,0,0,0,1,0,0,1,0,0,0,0,0,0,0,0,0,0,0,0,0,0,0,0,0,0,0,0,0,1,0,0,0,0,0,0,1,0,0,0,1,0,0,0,0,0,1,0,0,1,0,0,0,0,0,1,0,1,0,0,0,0,0,0,0,0,0,0,0,0,0,0,0,0,0,0,0,0,1,0,0,0,0,0,0,0,2,0,0,1,0,0,0,0,0,0,0,2,0,0,0,0,0,0,0,0,0,0,0,0,0,0,0,0,0,0,0,0,0,0,1,0,2,0,0,0,1,1,0,0,0,0,0,0,0,0,1,0,0,0,0,0,0,0,1,0,0,1,0,0,1,0,0,0,0,0,1,0,1,0,0,0,0,0,0,0,0,0,0,0,0,0,0,0,0,0,0,0,0,1,0,0,0,0,0,0,0,0,0,0,0,0,0,0,1,0,0,0,1,0,0,0,0,1,0,0,0,0,0,1,0,0,0,1,0,0,1,0,0,0,0,0,0,0,0,0,0,0,0,0,0,1,0,0,0,0,0,0,0,0,0,0,3,0,0,0,0,0,0,0,3,0,0,0,0,1,0,0,1,0,0,1,0,1,0,0,0,0,0,0,0,0,0,0,0,0,0,0,1,0,0,1,1,0,0,0,0,0,0,2,0,0,0
GPR65,0,0,0,1,1,0,1,1,0,0,0,0,0,0,0,1,1,0,1,0,0,0,0,0,0,0,0,0,0,2,0,0,2,1,1,0,1,0,0,0,1,0,0,0,0,0,0,0,0,0,0,0,0,0,0,1,0,0,0,0,2,0,0,0,0,0,0,0,0,0,1,0,0,0,0,0,0,1,0,0,0,1,0,0,0,0,0,0,1,0,1,0,1,0,0,0,1,0,0,0,0,0,0,0,0,1,1,0,0,0,2,0,0,2,0,0,0,0,0,0,0,0,0,1,0,2,0,0,1,0,0,0,0,0,0,0,0,0,1,0,2,0,1,0,1,0,0,0,0,0,0,1,0,0,0,0,0,0,0,0,0,0,0,1,0,1,0,0,0,1,0,0,0,0,0,0,0,0,1,0,0,0,0,0,0,0,0,0,1,0,0,2,1,0,0,1,0,1,0,2,0,0,1,0,0,0,0,1,0,0,0,0,0,1,0,1,0,1,0,0,0,0,0,1,0,0,0,0,0,0,0,1,1,0,0,0,0,1,1,0,0,0,0,0,0,0,0,0,0,0,0,1,0,0,0,0,0,0,0,0,0,0,0,0,0,0,0,0,0,1,0,0,0,0,0,1,0,0,0,1,0,1,1,0,0,0,0,0,0,0,0,1,0,2,0,0,0,0,0,0,0,0,1,0,0,0,0,0,2,0,0,0,0,0,0,0,0,1,0,1,0,0,0,0,0,0,0,1,0,0,0,0,0,0,0,0,0,0,0,0,0,0,0,1,0,0,0,0,0,0,1,0,1,0,0,1,0,1,0,0,0,0,0,0,0,0,2,0,0,0,0,0,1,0,1,1,0,0,0,0,0,0,0,0,0,1,0,0,0,0,0,0,0,2,0,2,0,0,0,1,0,0,0,0,0,1,0,0,0,0,0,1,0,0,0,1,0,0,0,0,0,1,0,0,0,0,1,1,0,0,0,0,2,0,1,0,0,1,1,0,0,2,0,0,1,0,0,0,1,1,0,1,0,0,0,0,0,0,1,0,1,0,0,0,0,0,1,0,1,0,1,1,0,0,0,1,0,0,0,0,1,0,1,0,1,1,0,1,0,0,0,0,0,0,1,0,0,0,0,2,0,1,0,0,0,0,0,0,0,1,0,0,0,0,0,0,0,0,0,0,1,0,0,0,0,0,1,0,0,0,0,0,1,0,1,0,0,0,0,0,0,0,0,2,0,0,0,0,0,0,0,0,0,0,0,1,0,2,0,0,0,0,0,0,0,0,3,0,0,0,0,2,0,0,0,0,0,1,0,0,0,1,0,0,0,1,0,0,1,0,0,0,0,1,0,0,0,0,0,0,1,0,0,0,0,1,0,0,0,0,0,0,0,0,0,0,0,0,0,0,0,0,0,0,0,0,0,0,0,0,0,0,0,0,1,0,0,0,0,0,1,0,0,0,0,0,0,1,0,0,0,1,0,0,0,0,0,0,0,0,0,2,0,0,0,1,0,0,0,0,0,0,0,0,0,0,0,0,0,0,0,0,0,1,0,1,0,0,0,0,0,0,0,1,0,0,0,0,1,0,0,1,0,1,1,1,0,1,0,0,0,0,0,1,0,0,1,0,0,0,0,0,1,1,0,0,0,1,0,1,0,1,0,0,0,0,0,0,0,0,0,1,1,1,0,0,0,0,0,0,0,0,0,0,0,1,0,0,0,0,0,0,0,0,1,0,0,0,0,0,0,0,0,0,0,0,0,0,0,0,0,0,0,0,0,1,1,0,0,1,0,0,0,0,0,0,1,0,0,0,0,1,0,0,0,0,0,0,1,0,0,0,0,0,0,0,0,0,1,0,0,0,0,0,0,0,0,0,0,0,0,1,0,1,0,0,0,0,0,0,0,0,0,0,1,1,1,0,1,0,0,0,0,1,0,0,0,1,0,0,0,0,0,0,2,0,0,0,0,0,0,0,0,0,0,0,0,0,0,0,0,0,1,0,1,0,0,0,0,0,0,0,0,0,0,0,0,0,0,0,0,0,0,1,0,0,0,0,0,1,0,0,0,0,0,0,0,0,0,0,0,0,0,0,0,1,0,0,1,1,0,0,0,0,0,1,0,0,0,0,1,0,1,1,0,0,0,0,0,0,0,0,1,2,0,0,0,0,1,0,0,0,0,0,0,0,0,0,0,0,1,1,0,0,0,0,0,0,0,0,0,0,0,1,0,0,0,0,0,0,0,0,0,0,0,0,0,0,0,0,0,1,1,1,0,1,0,1,1,0,0,1,0,0,0,0,0,0,0,0,0,0,0,0,0,0,0,0,0,0,0,2,0,0,0,0,0,0,0,0,0,0,0,0,0,0,0,0,0,0,0,0,0,0,0,1,0,0,0,0,1,0,0,1,0,0,0,0,0,0,0,0,0,1,0,0,0,0,0,1,0,0,0,0,0,1,0,0,0,0,1,0,0,0,0,0,0,2,0,0,0,0,0,0,0,0,0,0,0,0,0,0,0,0,1,0,0,1,0,3,0,0,1,0,0,1,2,1,0,0,0,1,0,0,1,0,0,0,0,1,0,0,0,0,0,0,0,0,0,0,1,0,1,1,0,0,0,0,1,0,0,0,0,0,1,0,0,0,0,0,0,0,0,0,0,0,0,0,1,0,0,0,0,0,0,2,0,0,0,1,0,0,0,0,0,0,0,0,0,0,0,0,1,0,0,0,0,0,1,0,0,0,0,0,0,0,2,0,0,0,0,0,0,0,0,0,0,0,0,0,0,1,0,0,0,0,0,0,0,0,0,0,0,0,0,0,0,0,1,0,2,0,0,1,0,0,0,0,1,0,0,0,0,0,0,1,0,0,0,1,0,0,1,0,0,0,0,0,3,0,1,1,0,0,0,0,0,1,0,0,0,0,1,0,0,1,1,0,0,0,1,0,0,0,0,2,0,0,0,0,0,0,1,0,0,0,0,0,2,1,0,0,0,0,0,0,0,1,0,0,0,0,0,0,0,0,0,0,4,0,0,0,0,0,0,0,1,0,0,0,0,0,0,0,0,0,0,0,0,0,0,1,0,0,1,0,0,0,0,0,0,0,0,0,0,0,0,0,0,0,1,0,0,0,0,0,0,0,0,1,0,0,0,0,1,0,0,1,0,1,0,0,0,0,1,0,1,0,0,1,0,0,0,0,0,0,0,0,0,0,0,1,1,1,0,0,0,0,0,2,0,1,0,0,0,0,0,1,0,0,0,0,0,0,0,0,0,0,1,1,0,0,1,0,0,0,0,1,0,0,0,0,0,0,0,0,0,0,0,0,0,0,0,1,0,0,0,1,0,1,0,0,0,0,0,0,0,0,1,1,0,1,1,0,0,0,0,1,0,0,0,1,0,2,0,0,0,0,0,0,0,1,0,0,1,3,0,0,0,0,1,0,0,0,0,0,0,0,0,0,0,0,0,0,0,0
PPP3CA,0,2,0,0,0,2,0,0,0,0,0,0,0,0,0,0,0,0,0,0,0,0,1,0,0,0,0,1,0,0,0,0,0,0,0,0,0,0,0,0,0,0,0,1,0,0,0,0,0,0,0,0,0,0,0,0,0,0,0,0,0,0,0,0,0,0,0,0,0,0,0,0,1,0,0,0,0,0,0,2,0,0,0,0,0,0,1,1,0,0,0,0,1,0,0,0,0,1,1,5,0,1,2,0,0,0,0,0,0,0,0,0,0,1,0,0,0,0,0,0,0,0,0,0,0,0,0,0,1,0,0,0,0,0,0,0,0,0,1,0,0,0,0,1,0,0,0,1,0,0,1,0,0,1,0,0,0,0,0,0,1,0,0,0,0,0,1,0,0,0,0,0,0,0,0,0,1,0,0,0,0,0,0,0,0,0,0,0,0,1,1,0,0,0,0,0,0,0,0,0,1,1,0,0,0,0,0,0,0,0,0,0,0,0,0,0,0,0,1,1,0,1,0,0,0,0,1,0,0,0,0,0,0,1,0,0,0,0,0,0,0,0,0,0,0,0,0,1,0,0,0,0,0,0,0,0,0,0,0,0,0,0,0,0,0,1,0,0,0,0,0,1,0,0,0,0,0,0,1,0,0,0,0,0,0,0,0,0,0,0,0,0,0,0,0,0,0,0,0,0,0,1,0,0,0,0,0,1,0,0,0,0,0,0,0,0,0,0,0,1,0,0,0,0,0,0,0,2,2,0,0,2,0,0,1,0,0,0,0,1,1,0,1,1,0,0,0,2,1,1,1,0,0,0,0,0,0,0,0,1,0,0,0,0,1,0,1,0,1,0,0,1,1,0,0,2,0,0,0,1,0,0,0,1,1,0,0,1,0,0,0,0,0,0,0,0,0,0,0,0,0,0,0,0,0,0,2,0,0,0,0,0,1,0,0,2,0,0,0,0,0,0,0,0,0,0,0,0,0,0,0,0,0,0,1,0,0,0,0,0,0,0,0,1,0,0,0,0,1,0,0,0,0,1,1,0,0,0,0,0,0,0,0,1,0,0,1,0,0,0,0,0,0,0,0,0,1,0,0,0,1,0,0,0,0,0,0,0,0,0,0,0,0,1,0,0,0,0,0,0,0,0,0,0,0,0,0,0,1,0,0,0,0,0,0,0,0,0,0,0,0,0,0,1,0,0,0,0,1,0,0,0,1,0,0,1,0,0,0,0,0,0,0,0,0,0,0,0,0,0,0,0,0,0,0,0,0,0,0,0,0,0,0,0,0,0,0,0,0,1,0,0,0,0,0,0,0,0,0,0,0,0,0,1,1,0,0,0,1,0,0,0,0,1,0,0,0,0,0,0,0,0,0,0,0,0,0,0,0,0,0,0,0,2,0,0,0,0,0,0,0,0,1,0,1,0,0,0,0,0,0,0,1,0,0,0,0,0,0,0,0,0,0,0,0,0,0,0,0,0,1,0,0,0,0,1,0,0,0,1,1,0,1,1,0,0,0,0,0,0,0,0,0,1,1,0,0,1,0,0,0,0,0,0,1,0,0,0,0,0,0,0,0,0,0,0,0,0,2,0,0,1,0,0,0,0,0,0,0,2,0,0,0,0,0,0,0,0,0,0,0,0,0,0,0,0,0,0,0,1,0,0,0,0,0,0,0,0,1,0,0,0,0,0,0,0,1,0,1,0,0,0,0,0,0,1,0,0,0,0,0,0,0,0,0,0,0,0,0,0,0,0,0,1,0,1,0,0,0,0,2,0,0,2,1,0,0,0,0,0,0,2,0,0,0,0,0,0,0,0,0,0,0,0,0,0,0,0,1,0,2,1,0,0,0,0,0,0,0,0,1,0,0,0,0,0,0,0,0,0,0,0,0,0,0,0,0,0,1,1,1,0,0,0,0,0,0,0,0,0,0,0,0,1,1,0,0,0,0,1,0,0,0,0,1,0,1,0,0,0,1,0,0,1,0,0,0,0,0,0,0,1,0,1,1,1,1,0,0,0,0,0,0,1,0,0,0,1,0,0,0,0,0,0,0,0,1,1,0,0,0,0,0,0,0,0,2,0,0,0,0,0,0,0,0,1,0,0,0,1,0,1,0,1,0,0,0,1,0,0,0,0,0,0,0,0,0,0,0,0,0,0,0,0,0,0,1,0,0,0,1,1,0,0,0,0,0,0,0,1,0,0,0,0,0,1,0,0,0,0,0,0,0,0,0,0,0,0,0,0,0,0,0,0,0,1,0,0,0,0,0,0,1,0,0,0,0,0,0,0,0,0,0,0,0,0,0,0,0,0,0,0,1,0,0,0,0,0,0,0,2,1,0,0,0,1,0,1,0,1,0,0,0,0,0,0,1,0,0,1,0,0,0,0,0,0,0,0,0,0,0,0,0,0,0,0,0,1,0,0,0,0,0,0,0,0,0,0,0,0,0,0,0,0,0,0,0,2,0,1,0,0,0,1,0,0,0,0,0,0,0,0,0,0,2,0,0,0,0,0,0,0,0,0,1,0,0,0,0,0,0,0,0,0,1,0,0,0,1,0,0,0,0,0,0,0,1,1,0,0,0,0,1,0,0,1,0,0,0,0,0,1,1,0,2,0,0,0,1,0,0,0,0,0,0,0,1,0,0,0,0,0,0,1,0,0,0,0,1,1,0,0,1,0,0,0,0,0,0,0,0,0,0,0,0,0,0,0,0,0,0,0,0,0,0,0,0,1,0,0,0,0,0,0,0,0,0,1,0,0,0,0,0,0,0,0,0,1,0,0,2,0,0,0,0,0,1,0,0,0,0,0,0,0,0,0,0,0,0,0,0,0,0,1,0,0,0,1,0,0,0,0,1,1,0,1,0,0,0,0,0,0,0,1,0,0,1,1,0,0,0,0,1,0,0,1,0,0,1,2,1,0,0,0,0,0,0,0,0,0,0,0,0,0,0,0,0,1,0,0,0,0,0,0,0,0,0,0,0,0,0,0,0,0,0,0,0,0,0,0,0,0,0,0,0,0,0,0,0,0,0,1,1,1,0,0,0,0,1,0,0,0,0,0,1,0,0,1,0,0,1,0,0,0,0,0,0,0,0,0,0,0,1,0,0,0,0,0,0,0,1,1,0,0,2,0,0,0,1,0,0,0,0,0,0,0,1,0,0,0,0,0,0,0,1,0,0,0,0,1,0,0,0,0,0,0,0,0,0,0,0,1,0,0,0,0,1,0,0,0,0,0,0,0,0,0,0,0,0,0,2,0,0,0,0,0,0,0,0,0,0,0,0,0,0,1,0,1,0,0,0,0,0,0,0,1,0,0,0,0,0,0,0,0,0,0,0,0,0,0,0,0,0,0,0,0,0,0,1,0,0,0,0,1,0,1,0,0,2,0,0,0,0,0,0,0,0,0,1,0,0,0,0,0,0,0,0,0,0,0,0,0,0,0,0,0,0,0,0,0,2,1,0,0,0,0
COL6A2,0,0,0,0,0,0,0,0,0,0,0,0,0,0,0,0,0,0,0,0,0,0,0,0,0,0,0,0,0,0,0,0,0,0,0,0,0,0,0,0,0,0,0,1,0,0,0,0,0,0,0,0,0,0,0,0,0,1,0,0,0,0,0,0,0,0,0,0,0,0,0,0,0,0,0,0,0,0,0,0,0,0,0,0,0,0,0,0,0,0,0,0,0,0,0,0,0,0,0,0,0,0,0,0,0,0,0,0,0,0,0,0,0,0,0,0,0,0,0,0,0,0,0,0,0,0,0,0,0,0,0,0,0,0,0,0,1,0,0,0,0,0,0,0,0,0,0,0,0,0,0,0,0,0,0,0,0,0,0,0,0,0,0,0,0,0,0,0,0,0,0,0,0,0,0,0,0,0,0,0,0,0,0,0,0,0,0,0,0,0,0,0,0,0,0,0,0,0,0,0,0,0,0,0,0,0,0,0,0,0,0,0,0,0,1,0,0,0,0,0,0,0,0,0,0,0,0,0,0,0,0,0,0,0,0,0,2,0,0,0,0,0,0,0,0,0,0,0,0,0,1,0,0,0,0,0,0,0,0,0,0,0,0,0,0,0,0,0,0,1,0,0,0,0,0,0,0,0,0,0,0,0,0,0,0,0,0,0,0,0,0,0,0,0,0,0,1,0,0,0,0,0,0,0,0,0,0,0,0,0,0,0,0,0,0,0,0,0,0,0,0,0,0,0,0,0,0,0,0,0,0,0,0,0,0,0,0,0,0,0,0,0,0,0,0,0,0,0,0,0,0,0,0,1,0,0,0,0,0,0,0,0,0,0,0,0,0,0,0,0,0,0,0,0,0,0,0,0,0,0,0,0,0,0,0,0,0,1,0,0,0,0,0,0,0,0,0,0,0,0,0,0,0,0,0,1,0,0,0,0,0,0,0,1,0,0,0,0,0,0,0,1,0,0,0,0,0,0,0,0,0,0,0,0,1,0,0,1,0,0,0,0,0,0,0,0,0,0,0,0,0,0,0,0,0,0,0,0,0,0,0,0,0,0,0,0,0,0,0,0,0,0,0,0,0,0,0,0,0,0,0,0,0,0,0,0,0,0,1,0,0,0,0,0,0,0,0,0,0,0,0,0,0,0,1,0,0,0,0,0,0,0,0,0,0,0,2,0,0,0,0,0,0,0,0,0,1,0,0,0,0,0,0,0,0,0,0,0,0,0,0,0,0,0,0,0,0,0,0,0,0,0,0,0,0,0,0,0,1,0,0,0,0,0,0,0,0,0,0,0,0,0,0,0,0,0,0,0,0,0,0,0,0,0,0,0,0,0,0,0,0,0,0,0,0,0,0,0,0,0,0,0,0,0,0,0,0,1,0,0,0,0,0,0,0,0,1,0,0,0,0,1,0,0,0,0,0,0,0,0,0,0,0,0,0,0,0,0,0,0,0,0,0,0,0,0,0,0,0,0,0,0,0,0,0,0,0,0,0,0,0,0,0,0,0,1,0,0,0,0,0,0,0,0,0,0,0,0,0,0,0,0,0,0,0,0,1,0,0,0,0,0,0,0,0,0,0,0,0,0,0,0,0,0,0,0,0,0,0,0,0,0,0,0,0,0,0,1,0,0,0,0,0,2,0,0,0,0,0,0,0,0,0,0,0,0,0,0,0,0,0,0,2,0,0,0,0,0,0,0,0,0,0,0,0,0,0,0,1,0,0,0,0,0,0,0,0,0,0,0,0,0,0,0,0,0,0,0,0,0,0,0,0,0,0,0,0,0,0,0,0,0,0,0,0,0,0,0,0,0,0,0,0,0,0,0,0,0,0,0,0,0,0,0,0,0,0,1,0,0,0,0,0,0,0,0,0,0,0,0,0,0,0,0,0,1,0,0,0,0,0,0,0,0,0,0,0,0,0,0,0,0,0,0,0,0,0,0,0,0,0,0,0,0,0,0,0,0,0,0,0,0,0,0,0,0,0,0,0,0,0,0,0,0,0,0,0,0,0,0,0,0,0,0,0,0,0,0,0,0,0,0,0,0,0,0,0,0,0,0,0,0,0,0,0,0,0,0,0,0,0,0,0,0,0,0,0,0,0,0,0,0,0,0,0,0,0,0,0,0,0,0,0,1,0,0,0,0,0,0,0,0,0,0,0,0,0,1,0,0,0,0,0,1,0,0,0,0,0,0,0,0,0,0,0,0,0,0,0,0,0,1,0,0,0,0,0,0,0,1,0,0,0,0,0,0,0,0,0,0,0,0,0,0,0,0,0,0,0,0,0,0,0,0,0,0,0,0,0,0,0,0,0,0,0,0,0,0,0,0,0,0,0,1,0,0,0,0,0,0,0,0,0,0,0,0,0,0,0,0,0,0,0,2,0,0,0,0,0,0,0,0,0,0,0,0,0,0,0,0,0,0,0,0,0,0,0,0,0,0,0,0,0,0,0,1,0,0,0,0,0,0,1,0,0,0,0,0,0,0,0,0,0,0,0,0,0,0,0,0,0,0,0,0,0,0,0,0,0,0,0,0,0,0,0,1,0,0,0,0,0,0,0,0,0,0,0,0,0,0,0,0,0,0,0,0,0,0,0,2,0,0,0,0,0,0,0,0,0,0,0,0,0,0,1,0,0,0,0,0,0,0,0,0,0,0,0,0,0,0,0,0,0,0,0,0,0,0,0,0,0,0,0,0,0,0,0,0,0,0,0,0,0,0,0,0,0,0,0,0,0,0,0,0,0,0,0,0,0,0,0,0,0,0,0,0,0,0,0,0,0,0,0,0,0,0,0,0,0,0,0,0,0,0,0,0,0,0,0,0,0,0,0,0,0,0,0,0,0,0,0,0,0,0,1,0,0,0,0,0,2,0,0,0,0,0,0,0,0,0,0,0,0,0,0,0,0,0,0,0,0,0,0,0,0,0,0,0,0,0,0,0,0,0,1,0,0,0,0,0,0,1,0,0,0,0,0,0,0,0,0,0,0,0,0,0,0,0,0,0,0,0,0,0,0,0,0,0,0,0,0,0,0,0,0,0,0,1,0,0,0,0,1,0,0,0,0,0,0,0,0,0,0,0,0,0,0,0,0,0,0,0,0,0,0,0,0,0,0,0,3,1,0,0,0,0,0,0,0,0,0,1,1,0,0,0,0,0,0,0,0,0,0,0,1,0,0,0,0,0,1,0,1,0,0,1,0,0,0,0,0,0,0,0,0,0,0,0,0,0,1,0,0,0,0,0,1,0,0,0,0,0,1,0,0,0,0,0,0,0,1,0,0,0,0,0,0,0,0,0,0,0,0,0,0,0,0,0,0,0,0,0,0,0,0,0,0,0,0,0,0,0,0,0,0,0,0,0,0,0,0,0,1,0,0,0,0,0,0,0,0,0,0,0,0,0,0,0,0,0,0,0,0,0,0,0,0,0,0,0,0,0,0,0,0,0,0,0,0,0,0,0,0,0,0,1
SEC11A,0,1,0,0,1,0,2,0,0,0,1,0,4,0,0,6,3,0,0,0,0,0,0,2,0,0,1,0,3,1,1,0,1,1,0,0,2,0,0,1,0,0,1,1,1,0,0,1,0,0,0,0,3,0,0,0,0,1,1,0,4,0,0,0,0,0,0,0,2,0,0,1,1,1,1,0,1,5,0,4,1,0,2,2,0,0,0,0,0,0,2,0,1,2,0,1,0,0,0,7,0,0,0,1,0,0,0,1,3,0,1,0,0,1,0,0,0,0,1,0,0,0,2,0,0,1,1,0,3,0,1,0,0,1,0,2,0,1,1,0,1,0,1,1,2,1,2,4,1,0,2,0,2,1,0,1,0,0,0,0,0,0,1,0,0,2,0,1,3,2,0,1,0,1,2,0,1,0,3,1,0,1,1,0,4,1,0,1,4,1,2,1,0,0,0,0,0,0,0,1,0,1,0,0,1,0,0,1,0,0,2,0,0,0,0,0,0,0,3,1,0,1,1,0,1,0,0,1,0,0,0,0,3,4,1,0,1,0,1,1,1,0,0,1,0,0,1,0,7,2,0,4,2,0,0,0,0,0,0,3,1,0,0,5,0,1,1,0,1,1,1,6,0,1,1,1,1,4,2,1,0,2,1,0,0,0,1,0,0,0,0,1,3,0,0,1,1,0,1,0,0,0,0,0,0,0,1,0,2,0,0,0,0,0,0,0,0,0,2,1,0,0,2,0,0,0,3,1,1,0,1,4,0,0,1,1,0,0,2,2,2,0,0,1,0,1,0,0,2,4,2,1,3,1,0,2,0,1,0,0,2,0,0,0,2,0,2,1,0,0,0,4,0,0,0,3,2,0,1,2,2,0,1,0,0,1,0,0,0,0,1,4,2,2,0,0,3,0,0,1,0,1,0,1,2,1,2,0,2,2,1,0,0,0,0,2,0,0,1,1,1,1,2,0,2,0,0,0,0,1,0,0,0,4,2,0,0,2,0,1,0,1,1,0,0,5,3,0,0,0,1,0,2,2,2,0,1,1,3,1,0,0,1,0,3,1,0,1,1,0,4,5,0,1,0,1,0,0,0,0,1,0,0,1,3,0,0,0,1,0,2,1,1,0,0,1,1,0,0,0,0,1,0,1,1,1,1,3,0,0,0,0,0,0,0,0,1,0,0,2,1,0,0,2,2,3,2,0,4,0,2,1,0,0,4,4,0,1,0,1,2,0,1,2,1,1,0,0,1,1,0,2,1,0,1,2,0,2,0,0,0,1,0,0,1,1,0,0,1,0,0,2,0,0,0,5,1,1,0,0,0,2,0,1,1,2,0,1,1,0,1,1,1,2,1,3,0,0,0,0,0,3,0,0,0,1,0,1,1,1,2,0,2,0,1,1,0,1,1,0,2,0,1,0,0,0,0,3,0,1,0,1,0,0,1,1,1,0,0,0,0,0,0,0,0,0,1,1,0,1,0,0,0,0,2,3,0,0,0,1,0,1,1,0,3,2,0,0,0,0,0,0,1,0,2,0,1,0,0,1,2,3,0,0,1,0,0,0,0,0,0,0,0,0,1,0,0,1,1,0,0,1,2,0,0,1,0,0,0,0,0,3,0,0,1,0,0,2,1,0,0,0,0,2,0,0,2,0,0,0,0,3,0,0,0,1,1,0,2,0,0,1,1,2,1,2,0,0,0,0,0,0,0,1,0,0,0,0,1,1,0,1,2,0,1,0,2,0,0,0,0,0,1,0,2,1,2,0,0,0,0,1,0,0,3,2,1,0,0,1,0,0,0,1,4,0,0,0,3,1,0,0,0,0,0,0,0,0,0,0,0,0,0,1,2,2,1,0,0,1,0,0,3,0,0,0,1,0,0,0,2,0,1,1,0,0,1,1,0,1,1,2,1,3,1,2,0,1,2,0,0,0,0,0,0,0,0,2,0,0,1,0,0,1,0,0,0,0,0,1,0,0,3,1,1,1,0,0,2,2,0,0,0,2,1,1,0,0,1,0,0,0,0,2,0,1,0,0,0,0,0,0,1,2,0,0,2,1,1,0,4,1,0,1,3,0,0,0,2,0,0,1,1,0,1,4,1,1,2,1,0,1,0,0,0,0,0,5,2,0,0,2,1,2,1,0,0,0,1,0,0,1,0,1,1,1,0,0,0,4,0,0,0,0,1,3,0,0,2,0,0,4,3,0,2,0,0,1,1,1,0,3,1,1,2,0,0,0,0,1,0,1,0,0,0,0,0,2,0,0,0,5,1,0,1,1,0,0,0,0,0,0,0,1,1,0,0,0,4,0,0,0,0,1,1,1,1,0,0,1,1,1,0,0,0,3,0,2,1,0,0,3,0,0,0,1,0,0,0,0,0,1,1,3,0,0,2,0,1,0,0,0,1,1,2,0,1,3,1,1,2,0,0,1,0,1,0,2,0,4,0,0,0,0,0,1,0,0,0,0,1,0,0,3,0,0,0,0,0,0,0,0,3,0,4,1,0,2,1,2,0,0,0,3,0,0,1,0,0,0,0,0,5,1,0,1,0,0,0,0,1,1,1,0,2,4,0,1,0,1,1,0,2,1,1,0,0,0,1,1,5,0,1,4,1,0,1,1,0,1,0,1,0,0,2,0,0,1,0,0,0,0,0,1,1,1,2,0,0,4,0,1,0,1,0,1,0,0,1,2,1,0,0,0,0,0,2,0,0,0,0,1,1,0,0,0,0,4,2,0,0,1,0,4,0,1,3,0,1,0,0,2,0,0,0,0,0,1,0,1,4,2,0,0,1,0,2,0,0,1,0,1,0,0,0,2,0,2,0,2,2,0,1,2,0,0,3,1,0,0,0,0,0,1,0,1,1,0,1,1,0,2,0,0,2,0,2,1,2,1,2,0,2,4,0,0,0,0,0,4,0,0,0,0,0,0,1,1,0,0,1,0,0,1,0,1,2,1,1,0,0,0,2,1,0,1,0,1,0,0,0,3,0,1,0,0,1,0,0,0,0,1,0,0,0,0,1,0,2,0,0,1,1,0,0,0,1,0,0,0,1,1,0,0,1,0,0,2,1,0,0,4,1,2,1,5,1,1,0,0,2,0,0,0,4,0,1,0,1,3,3,0,0,1,0,1,0,0,1,2,4,1,0,0,0,2,0,2,0,2,1,0,0,1,0,1,0,0,0,1,0,1,1,0,1,0,0,4,0,0,0,2,5,4,0,0,0,0,0,1,0,1,1,1,0,0,0,2,2,1,0,0,0,0,0,1,1,1,1,1,1,0,1,2,2,2,0,0,1,2,1,0,1,0,0,1,1,0,1,2,1,0,0,3,1,0,0,0,0,3,0,0,1,0,0,1,0,0,3,1,0,0,1,2,0,1,0,1,4,1,1,1,0,1,0,0,2,0,0,3,0,0,1,0,0,0,2,1,2,0,1,0,1,1,3,0,0,5,1,0,0,0,1,0,1,0
TMEM40,0,0,0,0,0,0,0,0,0,0,0,0,0,0,0,0,0,0,0,0,0,0,0,0,0,0,0,0,0,0,0,0,0,0,0,0,0,0,0,0,0,0,0,0,0,0,0,0,0,0,0,0,0,0,0,0,0,0,0,0,0,0,0,0,0,0,0,4,0,0,0,0,0,0,0,0,0,0,0,0,0,0,0,0,0,0,0,0,0,0,0,0,0,0,0,0,0,0,0,0,0,0,0,0,0,0,0,0,0,0,0,0,0,0,0,0,0,0,0,0,0,0,8,0,0,0,0,0,0,0,0,0,0,0,0,0,0,0,0,0,0,0,0,0,0,0,0,0,0,0,0,0,0,0,0,0,0,0,0,0,0,0,0,0,0,0,0,0,0,0,0,0,0,0,0,0,0,0,0,0,0,0,0,0,0,0,0,0,0,0,0,0,0,0,0,0,0,0,4,0,0,0,0,0,0,0,0,0,0,0,0,0,0,0,0,0,0,0,0,0,0,0,0,0,0,0,0,0,0,0,0,0,0,0,0,0,0,0,0,0,0,0,0,0,0,0,0,0,0,0,0,0,0,0,0,0,0,0,0,0,0,0,0,0,0,0,0,0,0,0,0,0,0,0,0,0,0,0,0,0,0,0,0,0,0,0,0,0,0,0,0,0,0,0,0,0,0,0,0,0,0,0,0,0,0,0,0,0,0,0,0,0,0,0,0,0,0,0,0,0,0,0,0,0,0,0,0,0,0,0,0,0,0,0,0,0,0,0,0,0,0,0,0,0,0,0,0,0,0,0,0,0,0,0,0,0,0,0,0,0,0,0,0,0,0,0,0,0,0,0,0,0,0,0,0,0,0,0,0,0,0,0,0,0,0,0,0,0,0,0,0,0,0,0,0,0,0,0,0,0,0,0,0,0,0,0,0,0,0,0,0,0,0,0,0,0,0,0,0,0,0,0,0,0,0,0,0,0,0,0,0,0,0,0,0,0,0,0,0,0,0,0,0,0,0,0,0,0,0,0,0,0,0,0,0,0,0,0,0,0,0,0,0,0,0,0,0,0,0,0,0,0,0,0,0,0,0,0,0,0,0,0,0,0,0,0,0,0,0,0,0,0,0,0,0,0,0,0,0,0,0,0,0,0,0,0,0,0,0,0,0,0,0,0,0,0,0,0,0,0,0,0,0,0,0,0,0,0,0,0,0,0,0,0,0,0,0,0,0,0,0,0,0,0,0,0,0,0,0,0,0,0,0,0,0,0,0,0,0,0,0,0,0,0,0,0,0,0,1,0,0,0,0,0,0,0,0,0,0,0,0,0,0,0,0,0,0,0,0,0,0,0,0,0,0,0,0,0,0,0,0,0,0,0,0,0,0,0,0,0,0,0,0,0,0,0,0,0,0,0,0,0,0,0,0,0,0,0,0,0,0,0,0,0,0,0,0,0,0,0,0,0,0,0,0,0,0,0,0,0,0,0,0,0,0,0,0,0,0,0,0,0,0,0,0,0,0,0,0,0,0,0,0,0,0,0,0,0,0,0,0,0,0,0,0,0,0,0,0,0,0,0,0,0,0,0,0,0,0,0,0,0,0,0,0,0,0,0,0,0,0,0,0,0,0,0,0,0,0,0,0,0,0,0,0,0,0,0,0,0,0,0,0,0,0,0,0,0,0,0,0,0,0,0,0,0,0,0,0,0,0,0,0,0,0,0,0,0,0,0,0,0,0,0,0,0,0,0,0,0,0,0,0,0,0,0,0,0,0,0,0,0,0,0,0,0,0,0,0,0,0,0,0,0,0,0,0,0,0,0,0,0,0,0,0,0,0,0,0,0,0,0,0,0,0,0,0,0,0,0,0,0,0,0,0,0,0,0,0,0,0,0,0,0,0,0,0,0,0,0,0,0,0,0,0,0,0,0,0,0,0,0,0,0,0,0,0,0,0,0,0,0,0,0,0,0,0,0,0,0,0,0,0,0,0,0,0,0,0,0,0,0,0,0,0,0,0,0,0,0,0,0,0,0,0,0,0,0,0,0,0,0,0,0,0,0,0,0,0,0,0,0,0,0,0,0,0,0,0,0,0,0,0,0,0,0,0,0,0,0,0,0,0,0,0,0,0,0,0,0,0,0,0,0,0,0,0,0,0,0,0,0,0,0,0,0,0,0,0,0,0,0,0,0,0,0,0,0,0,0,0,0,0,0,0,0,0,0,0,0,0,0,0,0,0,0,0,0,0,0,0,0,0,0,0,0,0,0,0,0,0,0,0,0,0,0,0,0,0,0,0,0,0,0,0,0,0,0,0,0,0,0,0,0,0,0,0,0,0,0,0,1,0,0,0,0,0,0,0,0,0,0,0,0,0,0,0,0,0,0,0,0,0,0,0,0,0,0,0,0,0,0,0,0,0,0,0,0,0,0,0,0,0,0,0,0,0,0,0,0,0,0,0,0,0,0,0,0,0,0,0,0,0,0,0,0,0,0,0,0,0,0,0,0,0,0,0,0,0,0,0,0,0,0,0,0,0,0,0,0,0,0,0,0,0,0,0,0,0,0,0,0,0,0,0,0,0,0,0,0,0,0,0,0,0,0,0,0,0,0,0,0,0,0,0,0,0,0,0,0,0,0,0,0,0,0,0,0,0,0,0,0,0,0,0,0,0,0,0,0,0,0,0,0,0,0,0,0,0,0,0,0,0,0,0,0,0,0,0,0,0,0,0,0,0,0,0,0,0,0,0,0,0,0,0,0,0,0,0,0,0,0,0,0,0,0,0,0,0,0,0,0,0,0,0,0,0,0,0,0,0,0,0,0,0,0,0,0,0,0,0,0,0,0,0,0,0,0,0,0,0,0,0,0,0,0,0,0,0,0,0,0,0,0,0,0,0,0,0,0,0,0,0,0,0,0,0,0,0,0,0,0,0,0,0,0,0,0,0,0,0,0,0,0,0,0,0,0,0,0,0,0,0,0,0,0,0,0,0,0,0,0,0,0,0,0,0,0,0,0,0,0,0,0,0,0,0,0,0,0,0,0,0,0,0,0,0,0,0,0,0,0,0,0,0,0,0,0,0,0,0,0,0,0,0,0,0,0,0,0,0,0,0,0,0,0,0,0,0,0,0,0,0,0,0,0,0,0,0,0,0,0,0,0,0,0,0,0,0,0,0,0,0,0,0,0,0,0,0,0,0,0,0,0,0,0,0,0,0,0,0,0,0,0,0,0,0,0,0,0,0,0,0,0,0,0,0,0,0,0,0,0,0,0,0,0,0,0,0,0,0,0,0,0,0,0,0,0,0,0,0,0,0,0,0,0,0,0,0,0,0,0,0,0,0,0,0,0,0,0,0,0,0,0,0,0,0,0,0,0,0,0,0,0,0,0,0,0,0,0,0,0,0,0,0,0,0,0,0,0,0,0,0,0,0,0,0,0,0,0,0,0,0,0,0,0,0,0,0,0,0,0,0,0,0,0
LRRFIP1,1,0,1,0,0,2,2,2,2,1,2,0,2,1,0,2,0,0,3,0,1,0,0,1,0,2,1,1,0,3,0,0,3,4,0,0,0,0,3,0,0,1,3,3,2,1,0,0,0,1,0,0,0,3,0,0,0,1,1,0,5,1,0,0,1,0,0,0,2,1,0,2,2,0,1,0,0,2,1,1,2,0,1,0,1,0,0,1,1,0,2,1,2,0,1,3,0,1,0,1,0,0,0,1,0,1,0,0,2,0,0,0,0,1,0,2,1,2,1,0,0,1,3,1,2,1,0,1,2,0,0,0,0,0,0,0,0,1,1,1,0,0,0,2,3,0,2,2,3,1,1,0,0,0,0,0,0,0,0,4,1,1,3,2,1,3,3,0,1,5,3,1,2,0,1,0,2,0,1,0,0,0,1,0,1,0,1,0,3,1,1,2,1,0,0,3,0,0,0,3,2,2,1,0,1,0,2,0,0,0,1,0,1,0,1,0,0,0,1,1,0,0,1,3,3,0,1,1,1,0,0,0,3,2,0,1,0,0,2,0,1,0,0,0,0,0,1,2,5,0,0,1,0,0,1,0,0,2,0,2,0,0,0,3,0,2,0,0,0,0,0,1,2,3,0,1,0,4,1,0,2,1,0,3,0,0,2,1,0,0,2,0,1,0,0,0,0,1,5,1,0,0,0,1,3,0,0,1,4,1,0,0,0,1,1,1,1,3,1,2,0,0,0,0,0,0,0,1,0,0,0,1,1,1,2,1,1,1,1,2,2,0,1,2,0,1,0,1,2,3,4,0,9,2,1,2,1,1,4,1,3,1,1,0,2,0,10,1,0,3,1,0,1,0,2,6,1,1,0,2,0,1,1,0,1,0,0,0,0,0,1,3,0,2,0,0,1,1,0,3,0,0,0,0,0,0,1,2,1,1,1,0,0,1,0,2,1,1,0,0,2,0,5,1,5,0,1,0,0,1,0,0,0,2,2,2,2,1,1,0,1,1,1,1,0,1,0,1,0,0,0,0,1,4,2,2,0,1,2,0,2,1,1,0,4,1,0,0,3,0,1,1,2,0,1,3,2,2,0,2,3,2,0,2,2,0,0,2,1,2,0,0,1,1,0,1,2,0,0,1,0,1,0,0,1,1,0,1,1,0,1,1,0,0,1,1,1,0,0,2,0,1,2,1,0,2,0,0,3,3,2,1,2,0,2,3,2,4,2,1,0,0,0,0,0,1,2,1,6,0,2,1,1,0,0,2,0,3,0,0,0,3,0,0,1,0,1,0,1,0,0,0,1,0,0,2,1,0,1,1,0,1,2,1,1,0,0,0,0,1,0,0,0,5,0,1,0,1,1,1,2,6,1,1,3,2,5,1,0,0,3,0,0,0,3,0,0,2,2,1,2,1,2,0,0,0,0,1,0,0,0,1,1,0,2,1,0,1,0,1,0,1,1,0,1,1,2,0,0,3,0,0,1,2,0,2,0,1,0,0,3,2,1,0,1,1,0,0,0,1,0,0,0,1,0,1,1,0,0,0,3,1,1,0,0,0,1,0,0,0,1,0,1,0,3,1,0,2,3,3,1,2,2,0,0,1,1,0,3,5,2,0,0,1,0,2,1,0,0,1,1,0,0,1,0,1,0,0,0,0,1,0,0,0,0,1,0,0,1,1,0,0,1,0,2,1,0,1,0,1,2,0,1,1,0,0,0,0,1,2,0,1,0,0,2,0,3,3,0,0,1,1,0,1,0,0,1,0,1,2,0,0,0,1,0,3,0,0,1,0,1,0,1,0,4,2,3,0,1,0,1,0,0,1,1,0,1,0,1,0,0,1,0,1,0,0,1,0,0,0,1,0,6,0,1,2,0,1,0,1,2,1,0,3,0,0,0,0,1,0,0,1,2,1,0,2,0,2,0,0,0,0,0,2,2,1,0,0,1,0,0,0,0,0,0,0,0,1,0,0,1,0,4,1,0,4,0,0,0,1,0,0,0,1,3,0,0,1,0,0,0,0,0,0,1,5,0,0,3,0,0,0,0,2,0,0,0,0,1,0,2,0,0,1,0,0,1,0,1,0,0,1,0,0,0,0,0,1,1,2,0,2,1,1,0,0,1,9,0,0,0,0,0,0,1,3,0,2,1,0,1,3,0,0,1,0,1,2,0,4,1,0,1,2,1,0,0,0,1,0,0,8,4,0,0,0,1,0,0,0,0,1,0,6,0,1,0,0,2,0,1,0,0,0,0,0,0,0,0,1,0,0,2,0,2,1,1,0,0,2,2,0,0,1,0,0,0,1,2,0,0,0,1,0,1,1,1,0,1,1,5,5,0,0,0,4,0,2,0,0,0,1,0,1,1,1,0,0,1,0,0,0,0,0,1,1,0,0,2,1,0,0,1,4,0,1,0,3,0,1,1,3,0,0,1,1,1,3,0,1,1,1,0,0,0,3,4,0,1,0,3,0,1,2,0,0,0,0,0,0,2,0,2,0,0,1,1,0,0,1,0,0,2,5,0,0,1,0,1,2,1,0,2,0,0,1,1,0,2,0,0,1,1,1,0,2,1,1,0,0,0,0,2,0,0,0,0,2,3,0,0,0,0,1,0,0,0,0,1,0,3,0,0,0,0,0,1,0,0,0,0,2,0,1,0,0,3,0,1,1,0,0,1,1,1,0,0,0,0,2,0,0,2,0,0,1,2,0,0,0,0,0,0,0,0,0,0,1,0,1,1,0,2,1,0,0,6,1,0,1,0,1,0,0,1,0,2,0,0,1,0,2,0,1,1,3,2,0,0,1,1,1,0,0,1,0,0,4,1,0,3,2,1,0,0,0,3,1,0,0,0,1,3,1,0,0,1,0,0,0,0,0,0,0,0,1,2,2,0,0,2,1,1,4,0,0,4,0,0,1,0,0,1,0,1,0,1,0,3,1,4,0,1,1,0,2,1,0,1,0,0,0,0,0,2,0,1,0,1,0,1,2,1,5,1,0,1,0,0,1,1,0,1,2,0,1,0,0,5,0,0,0,3,0,0,0,1,0,3,0,1,3,1,0,2,0,1,2,1,1,0,4,0,3,1,2,0,1,0,2,2,0,0,2,1,0,1,0,1,1,0,0,0,0,1,0,0,0,1,2,3,0,2,0,2,1,0,2,0,3,2,3,0,0,0,1,0,0,0,0,1,2,1,0,0,1,0,5,0,1,0,1,3,3,0,0,0,0,0,1,0,0,0,0,1,0,0,0,0,1,1,0,0,0,0,0,1,0,0,1,1,2,1,0,1,1,0,0,1,6,0,0,2,0,0,0,1,3,1,0,0,0,0,2,7,0,3,1,1,1,1,1,0,0,0,1,0,1,3,1,0,2,0,1,1,0,1,0,2,1,0,4,0,0,1,1,0,0,1,1,2,0,1,1,0,0,0,0,1,0,2,0,2,1,2,1,1,1,1,1,0,0,0,0,0,1
PLEKHA1,0,0,1,0,1,0,0,0,0,0,0,0,0,0,0,0,0,0,0,1,0,0,0,0,0,0,0,0,1,0,0,0,0,0,0,0,0,0,0,0,0,0,0,0,0,0,0,0,1,0,0,0,0,0,3,0,0,0,0,0,1,1,0,0,1,0,1,0,0,0,1,1,0,0,0,0,2,0,0,0,0,0,0,0,0,0,0,0,0,1,0,0,0,0,0,0,0,0,0,1,0,0,0,0,1,0,0,0,0,0,1,1,0,0,0,0,0,0,0,0,0,0,0,0,0,0,0,0,0,0,0,0,0,0,0,0,0,2,0,0,1,0,0,0,0,0,0,0,0,1,0,1,0,0,0,0,0,0,0,1,0,0,0,0,0,0,0,0,0,0,0,1,0,0,0,0,0,0,0,0,1,0,0,0,0,0,0,0,0,0,0,0,0,0,0,0,0,0,0,0,0,0,0,2,0,0,0,0,0,0,0,0,0,0,0,0,0,0,0,0,0,0,0,0,0,0,0,0,0,1,0,1,0,0,0,0,0,0,0,1,0,0,0,0,0,0,0,0,0,0,0,0,0,0,0,0,0,0,0,0,0,0,0,0,0,1,0,1,0,0,0,0,0,0,0,0,0,0,0,0,0,1,0,0,0,0,1,0,0,0,0,0,0,0,0,0,0,1,0,0,0,0,0,0,0,0,0,0,0,0,0,0,0,0,1,0,0,1,0,0,0,1,0,0,0,0,0,0,0,0,0,0,1,0,0,0,0,0,0,0,2,0,0,1,0,0,0,0,0,0,0,0,0,0,1,0,0,0,0,0,0,0,0,0,1,0,0,0,0,0,1,0,0,0,0,0,0,0,0,0,0,0,0,0,0,0,0,0,0,0,0,0,0,0,0,0,0,0,0,0,0,0,0,0,0,0,0,0,0,0,0,0,0,0,0,0,0,0,0,0,0,0,0,0,0,0,0,0,0,0,0,0,1,0,0,0,0,0,0,0,0,0,0,0,0,0,1,1,0,1,0,1,0,0,0,1,0,0,1,0,0,0,0,0,0,0,0,1,0,0,0,0,0,0,1,0,0,0,0,0,1,0,0,0,0,0,1,0,0,0,0,0,0,0,0,0,0,0,0,1,0,0,0,1,0,1,0,0,0,0,0,1,0,0,0,0,0,0,0,0,0,0,0,0,0,0,0,1,0,0,0,0,0,0,0,0,0,0,0,1,0,0,0,0,0,0,0,0,0,0,0,0,0,0,0,0,1,0,0,0,0,0,0,0,0,0,0,0,0,0,0,2,0,0,0,0,0,0,0,1,0,0,0,0,0,0,0,0,0,0,0,0,0,0,0,0,0,0,0,0,0,1,0,1,0,0,0,0,0,0,0,0,0,0,0,0,0,0,0,0,0,1,1,0,0,0,0,0,0,0,2,0,0,1,1,0,1,0,0,0,0,0,0,0,0,0,0,0,0,0,0,0,0,0,0,0,0,0,0,0,0,0,0,0,0,0,0,0,0,0,0,0,0,0,2,0,0,0,0,0,0,0,0,0,0,0,0,0,0,0,0,0,0,0,0,1,1,1,0,0,0,0,0,0,0,0,0,0,0,0,0,1,0,1,0,0,0,0,0,0,2,0,0,1,1,0,0,0,0,0,0,0,0,0,0,0,0,0,0,0,0,1,0,0,1,0,0,0,0,0,0,0,0,0,0,0,0,0,0,0,0,0,0,0,0,0,0,0,0,0,0,0,0,0,0,0,0,0,0,1,0,0,0,0,0,0,0,0,1,0,1,0,0,0,0,0,0,0,0,0,0,0,0,0,0,0,0,0,0,0,0,0,0,0,0,0,0,0,0,0,0,0,1,0,0,0,0,2,0,0,0,0,0,0,0,0,0,1,1,0,0,0,0,0,0,0,0,1,0,0,0,0,0,0,1,0,0,0,0,0,0,0,0,1,0,0,0,0,0,0,0,0,0,0,0,0,0,0,0,0,0,0,0,0,0,0,0,0,0,0,0,0,1,0,0,0,1,0,0,0,0,0,0,0,1,0,0,0,0,0,0,1,0,0,0,0,1,0,0,0,0,0,0,0,0,0,0,0,0,0,0,0,0,0,0,0,0,0,0,0,0,0,0,0,0,0,0,0,0,0,0,0,0,0,0,0,0,0,0,1,0,0,0,0,0,0,0,0,0,0,0,0,0,0,0,0,0,0,0,0,0,0,0,0,0,0,1,0,1,0,0,0,0,0,1,0,0,1,0,0,0,0,0,0,0,0,0,0,0,2,1,0,0,0,0,1,0,0,0,0,0,0,0,1,0,0,0,0,0,1,0,0,0,0,0,0,0,0,0,0,0,0,0,0,0,0,0,1,0,0,0,0,0,0,0,0,0,0,0,0,0,0,0,0,0,0,0,0,0,0,0,0,1,0,0,0,0,0,0,1,0,0,0,0,0,0,1,0,0,0,0,1,0,1,0,0,0,0,0,0,0,0,0,0,0,0,0,0,0,0,0,0,0,0,2,0,0,0,0,1,0,0,0,0,0,1,1,0,0,0,0,0,0,0,1,0,0,1,0,0,0,0,0,0,1,1,0,0,0,0,0,1,0,0,0,1,0,0,0,0,0,1,0,0,0,0,0,0,0,0,0,0,0,1,0,0,0,0,0,0,0,0,0,0,0,0,0,0,0,0,0,0,0,1,0,1,0,0,0,0,0,0,0,0,0,0,0,0,0,0,1,1,0,0,0,0,0,0,0,0,0,0,1,0,0,0,0,0,0,0,0,0,0,0,0,0,0,0,0,0,0,0,0,0,0,0,0,0,0,1,0,0,0,0,0,0,0,0,0,0,0,0,0,0,0,0,0,1,1,0,0,0,0,0,0,0,0,0,0,0,0,0,1,0,0,0,0,0,0,0,0,0,0,0,0,0,0,0,0,0,0,0,0,0,0,0,0,0,0,0,0,0,0,0,0,0,0,1,0,0,0,0,0,0,0,0,0,1,0,0,0,0,0,0,0,0,0,0,0,0,0,0,0,0,0,1,0,0,0,0,0,0,0,0,0,0,0,1,0,1,0,0,2,0,0,0,1,1,0,0,0,0,0,0,0,0,0,0,1,0,0,0,0,0,1,0,0,0,0,0,0,0,0,0,0,0,0,0,0,0,1,0,0,0,0,0,1,1,0,0,0,0,0,0,0,0,0,0,0,0,0,0,0,0,0,0,0,0,0,0,0,1,0,1,0,1,0,0,0,0,0,0,0,0,0,0,0,0,0,0,0,1,0,0,1,0,0,1,0,0,0,0,0,0,0,0,0,0,0,0,0,0,0,0,0,0,0,0,0,0,1,0,0,0,0,0,0,0,0,0,0,0,0,0,1,1,0,0,0,2,1,0,0,0,0,0,0,0,1,0,0,0,0,0,0,0,0,0,0,0,0,0,0,0,0,0,0,0,0,0,0,0,1,0,0,0
PRPF4B,0,1,2,0,0,0,0,2,0,0,0,0,0,0,0,0,0,1,0,0,0,0,0,0,0,0,0,0,1,0,0,1,0,0,0,0,0,0,0,0,0,1,1,0,0,0,0,0,0,0,1,1,1,0,0,2,0,0,0,0,1,0,0,0,0,0,0,0,0,0,0,1,1,0,0,0,2,0,0,1,0,0,0,1,1,0,0,0,1,0,0,2,0,0,0,2,0,0,0,1,0,0,0,0,0,1,0,1,0,0,0,0,0,0,0,0,0,1,0,0,0,0,0,0,0,0,0,1,1,0,0,0,0,0,0,0,0,0,0,0,0,0,0,0,0,0,0,1,1,0,0,0,1,1,0,2,0,0,0,0,0,0,0,0,0,1,1,0,0,2,0,0,0,0,0,0,1,0,0,1,0,0,0,0,0,0,0,1,0,0,0,0,1,0,0,1,1,0,0,0,0,1,0,0,0,0,0,2,1,1,0,0,0,0,0,0,1,0,2,0,0,0,0,0,1,0,0,1,0,0,1,0,0,1,0,1,0,0,0,0,3,0,1,0,0,0,0,0,0,1,0,0,0,0,0,0,0,0,0,0,1,0,0,1,1,0,2,0,0,0,1,2,0,0,0,0,0,1,0,0,0,0,0,0,0,1,0,1,0,1,0,0,0,0,0,0,1,0,0,0,1,0,0,0,0,0,0,1,0,0,0,0,0,0,0,0,0,1,0,0,0,0,1,0,0,0,0,0,0,0,1,1,1,0,0,0,0,1,0,2,1,0,0,0,0,0,0,0,0,0,0,0,1,0,0,0,0,0,0,1,1,0,0,0,2,0,1,0,0,0,0,0,1,0,0,3,0,0,0,1,0,0,0,0,0,1,0,1,0,0,1,1,1,1,0,0,0,0,0,0,1,1,0,0,0,0,0,0,0,0,0,0,0,1,1,0,0,0,1,0,0,0,0,0,0,0,0,0,1,0,0,0,0,0,0,0,0,0,2,0,1,0,1,0,1,3,0,0,1,0,0,0,0,1,1,0,0,1,0,0,2,0,0,0,0,0,0,0,0,0,0,0,2,0,2,0,0,1,1,0,0,0,0,0,1,0,0,2,0,0,0,0,0,0,0,0,0,0,0,0,0,0,0,0,0,1,0,0,1,0,0,0,0,0,0,0,0,0,0,0,0,1,1,1,0,0,0,0,0,0,0,0,0,0,0,0,0,0,0,0,2,0,0,1,1,0,0,1,1,0,0,1,0,0,0,0,1,0,0,0,1,0,0,0,0,0,0,0,0,0,0,0,0,0,0,1,0,0,0,1,1,0,0,0,1,1,1,0,0,0,0,0,0,0,1,0,0,0,0,0,0,0,0,0,0,0,0,0,0,2,0,0,0,0,1,0,0,1,0,1,2,0,0,0,2,0,0,0,1,0,0,0,0,0,0,0,1,0,1,0,0,0,1,1,0,0,1,0,1,0,0,1,1,0,0,0,0,0,0,2,0,0,1,1,1,0,0,0,0,0,0,0,1,0,0,0,0,0,0,1,0,0,1,0,0,0,0,0,0,0,0,0,1,3,0,0,1,0,1,0,0,0,1,0,0,1,0,0,2,0,0,1,1,2,0,0,0,0,0,1,0,1,0,4,0,1,0,0,0,1,1,0,0,0,1,0,0,0,0,0,0,0,0,0,0,0,1,0,1,1,0,1,0,0,0,0,0,0,0,0,0,0,0,0,0,0,0,0,0,0,0,0,0,0,0,0,0,0,0,0,0,0,0,0,0,0,0,1,0,0,2,0,0,0,0,0,0,0,0,0,0,3,0,0,0,0,0,0,1,0,0,0,0,0,0,0,0,0,0,0,0,0,0,0,0,0,0,0,0,0,0,0,0,0,0,0,0,0,0,0,1,0,1,0,1,1,0,1,0,1,0,0,0,0,0,0,0,1,0,0,1,1,0,0,0,0,0,0,0,0,0,0,0,0,1,1,0,0,0,0,0,0,0,1,0,1,1,0,0,1,2,0,0,0,0,0,0,0,0,0,0,0,0,1,0,1,0,1,1,0,0,1,0,0,0,0,1,0,0,0,0,1,1,0,0,0,0,0,0,1,0,0,0,0,0,0,0,0,1,0,0,0,1,0,0,0,0,0,2,0,0,0,0,0,0,0,0,1,0,0,1,0,0,0,0,0,0,0,0,0,0,2,0,0,2,0,0,0,0,0,0,0,0,0,0,2,0,1,0,1,0,0,1,0,0,1,1,0,0,0,0,0,0,0,0,0,0,0,0,0,0,0,1,0,1,0,0,0,0,2,0,0,0,0,1,0,1,0,0,0,1,0,0,0,0,0,0,0,0,1,0,0,0,0,0,0,0,0,0,1,0,0,0,0,0,1,0,0,1,0,1,1,0,0,0,1,0,0,0,2,0,0,0,1,0,1,0,0,1,0,1,0,0,0,0,0,0,1,0,0,0,0,0,2,0,0,0,0,0,0,1,1,0,0,0,1,0,0,2,0,1,1,0,0,0,0,0,0,2,0,1,0,1,0,0,0,0,0,0,0,0,0,0,0,0,0,0,0,0,0,0,0,0,0,0,0,0,0,0,0,0,0,0,1,0,0,0,0,0,0,0,0,1,0,0,1,0,0,0,0,1,0,0,0,2,0,1,0,1,0,0,1,0,0,0,0,0,0,0,0,0,0,0,0,0,0,0,0,2,0,0,0,0,0,0,1,0,0,1,0,0,0,0,2,0,2,0,0,2,0,0,2,1,2,1,1,0,0,0,0,0,0,1,0,0,0,0,0,1,0,0,1,0,0,0,0,0,2,1,1,0,0,0,0,0,1,0,0,0,0,0,0,0,2,0,0,0,0,0,0,0,1,0,0,0,0,0,1,0,1,0,1,1,2,0,0,0,1,1,1,0,0,0,0,0,0,1,0,0,1,0,0,0,0,0,0,0,0,1,0,0,0,0,2,0,0,0,0,0,0,0,1,0,1,0,0,1,0,0,0,0,0,0,0,0,0,0,0,2,0,0,0,1,1,0,0,0,0,0,1,0,1,0,0,0,0,1,2,1,0,0,0,0,0,0,0,0,1,1,0,0,2,0,0,1,2,1,0,0,0,0,0,0,0,1,0,0,0,2,0,1,0,1,0,1,0,1,0,0,0,0,0,0,0,0,0,0,0,0,0,0,1,0,1,0,0,0,0,0,0,0,1,0,0,0,0,1,0,0,0,0,0,0,0,0,0,0,0,0,0,0,0,0,0,0,0,0,0,0,0,0,0,0,0,0,0,0,0,0,0,0,0,0,1,0,0,0,0,0,0,0,0,0,1,1,0,0,0,1,0,1,0,0,0,0,3,0,0,0,0,0,0,0,1,0,0,1,0,1,0,0,0,0,0,0,0,0,0,0,1,0,0,0,0,1,0,1,1,0,0,0,0,0,0,1,0,2,1,0,1,0,1,0,0,0,1
SYNE1,0,0,1,0,0,1,0,0,0,0,1,0,0,0,0,1,0,0,0,0,1,0,0,0,0,0,0,0,0,0,0,0,0,0,0,0,0,1,0,0,0,0,0,0,1,0,0,0,1,0,0,0,0,0,0,0,0,0,0,0,0,0,0,0,0,0,0,0,0,0,0,0,0,0,0,0,0,0,0,0,0,0,0,0,0,0,2,0,1,0,0,0,0,0,0,0,0,0,0,1,2,0,0,0,0,0,0,0,1,0,0,1,0,0,0,0,0,0,0,0,0,0,0,0,0,0,0,0,0,0,0,0,1,0,0,1,0,0,0,0,0,0,0,0,0,1,0,0,0,0,0,0,1,0,0,0,0,0,1,0,0,0,0,0,0,1,0,1,0,0,0,0,0,0,0,1,0,0,0,0,0,0,0,0,0,0,0,0,0,0,0,0,1,1,1,0,0,0,0,0,0,0,1,0,0,2,0,2,0,1,0,0,1,0,0,0,0,0,0,0,0,0,0,0,0,0,0,0,1,0,0,0,0,0,0,0,1,1,0,1,0,0,0,0,0,0,1,0,0,0,0,0,0,0,1,0,0,0,0,0,0,0,0,0,0,0,0,1,0,0,0,0,0,0,0,0,0,0,0,0,0,0,0,0,0,0,0,0,0,0,0,1,0,0,0,0,0,0,0,0,0,0,0,1,0,0,1,0,0,0,0,0,0,0,0,0,0,0,0,0,0,0,0,0,1,0,0,0,1,0,0,0,1,0,0,0,0,0,0,0,1,0,0,0,0,0,0,0,1,0,0,1,0,0,1,0,0,1,0,0,0,0,0,0,0,1,0,0,0,0,0,0,0,0,0,0,0,0,0,0,0,0,0,0,0,0,0,0,0,0,1,0,0,0,0,0,0,0,0,0,0,0,0,1,0,0,0,0,1,0,1,1,0,0,0,0,0,1,0,0,0,0,2,0,0,0,0,0,0,0,0,0,0,0,1,0,0,0,0,0,0,0,0,0,0,0,0,0,0,0,0,0,0,0,0,1,0,0,0,0,0,0,0,0,0,0,0,0,0,0,0,0,0,1,0,0,0,0,0,0,0,2,1,1,0,0,0,0,0,0,0,0,2,0,0,0,0,0,1,0,0,0,0,0,0,0,0,0,0,0,0,1,0,0,0,0,0,0,0,0,1,0,0,0,0,0,2,0,0,0,0,0,0,0,0,0,0,0,0,0,0,0,0,0,0,1,0,0,1,1,0,0,0,0,0,1,0,0,0,0,0,0,0,0,0,1,0,0,0,0,0,0,1,0,0,0,1,0,1,0,0,0,0,0,0,1,0,0,0,0,0,1,1,0,0,0,1,0,0,0,1,0,0,0,0,0,0,0,0,0,0,0,0,0,1,0,0,0,1,0,0,0,0,0,0,0,0,0,0,1,0,0,1,0,0,1,0,0,0,0,0,0,1,1,2,0,0,0,0,0,1,0,0,1,0,0,1,0,0,0,0,0,0,1,1,0,0,0,0,0,0,0,0,1,1,0,0,0,0,0,0,0,0,0,0,1,0,0,0,0,0,0,0,0,0,0,1,0,0,0,0,0,0,0,0,0,0,0,0,0,0,0,0,0,0,0,0,0,0,0,0,0,0,1,0,0,0,0,0,1,0,0,0,0,0,1,0,0,0,0,0,0,1,0,0,0,0,0,0,0,0,0,0,0,0,0,0,0,0,0,0,0,0,0,0,0,0,0,1,0,0,0,0,0,0,0,0,1,0,1,0,0,0,0,0,0,1,0,0,0,1,0,0,0,0,0,1,1,0,1,1,0,0,0,1,2,0,0,1,0,0,0,0,0,1,0,0,0,0,1,1,0,0,0,0,0,0,0,0,0,0,0,0,0,0,0,0,0,0,0,0,0,1,0,0,0,0,1,1,0,0,0,0,0,1,0,1,0,0,1,0,0,0,0,0,0,0,0,0,0,0,0,0,0,0,2,1,0,0,0,0,0,0,0,0,0,0,0,0,0,0,0,0,0,0,0,0,0,0,0,0,0,0,0,0,0,0,0,0,0,0,0,1,0,0,0,0,0,0,0,0,0,0,0,0,0,0,0,0,0,0,0,0,0,0,0,0,0,0,0,0,1,0,2,0,0,0,0,0,0,0,0,0,0,0,0,0,0,0,0,1,0,0,2,0,0,0,0,0,0,0,0,0,0,0,0,0,0,0,1,0,0,0,0,0,0,0,0,0,0,0,1,0,0,0,1,0,0,0,1,0,0,0,0,0,0,0,0,0,1,1,0,0,0,0,1,0,0,0,0,0,0,0,0,0,1,0,0,0,0,0,0,0,0,0,0,0,1,0,0,0,0,0,1,0,2,1,0,0,0,0,0,1,0,0,0,0,0,0,0,1,0,0,0,0,1,0,0,1,0,0,0,0,0,0,0,0,0,0,0,0,0,0,0,0,0,0,0,0,0,0,0,0,0,0,0,0,0,0,0,0,0,0,0,0,0,0,1,0,1,0,0,0,1,0,1,0,1,0,0,0,0,0,0,0,0,0,0,0,0,0,0,0,0,0,0,0,0,1,0,0,0,0,0,0,0,0,0,1,1,0,0,0,0,1,0,0,0,2,0,0,0,0,0,0,0,0,0,0,0,0,0,0,0,0,0,0,0,1,0,0,0,0,0,1,0,0,0,0,0,0,0,0,0,0,0,0,1,0,0,0,0,1,0,0,1,0,0,1,0,0,0,0,0,0,0,0,0,0,2,0,0,0,0,1,0,0,0,0,0,0,1,0,0,1,0,1,1,1,0,0,0,0,0,1,0,0,1,0,0,0,0,0,0,0,0,0,1,0,0,0,0,0,0,0,0,0,0,0,0,0,0,2,0,0,0,1,0,0,0,1,1,0,0,0,0,1,0,0,0,0,0,0,0,0,0,2,0,0,0,0,0,0,0,0,0,0,0,0,0,0,0,2,0,0,0,0,0,0,0,0,0,0,0,0,1,0,0,0,0,0,0,0,0,0,0,0,1,2,0,0,0,0,0,1,0,0,0,0,0,0,0,0,0,0,0,0,0,0,0,0,0,0,0,0,1,0,2,0,0,0,0,0,0,0,0,0,0,0,0,1,0,0,0,0,0,0,0,0,0,0,0,0,0,0,0,0,0,0,0,0,0,0,0,0,0,0,0,0,0,0,0,0,0,0,1,0,0,0,0,0,2,0,0,0,0,0,0,1,0,0,0,0,0,0,0,0,0,0,0,0,0,0,1,0,1,2,0,1,0,0,0,0,1,0,0,0,0,0,1,0,1,0,0,1,1,0,0,1,0,0,0,0,0,0,0,0,0,0,1,0,0,3,0,1,0,1,0,0,0,0,0,0,0,0,0,0,0,0,0,0,0,0,0,0,0,0,0,0,0,0,0,0,0,0,0,1,1,1,0,0,1,0,0,0,0,0,0,0,0,0,0,0,0,0,0
QKI,0,0,0,0,0,1,0,0,0,0,0,0,0,0,0,0,0,0,1,0,0,0,1,0,0,1,0,0,0,0,0,0,0,0,0,0,0,0,1,0,0,0,0,0,0,0,0,0,0,0,0,0,2,0,0,1,0,0,0,0,0,0,0,3,0,0,0,0,2,0,0,0,0,0,1,0,0,0,1,0,0,0,0,0,0,0,0,0,0,0,0,0,0,0,0,1,0,0,0,0,0,0,0,0,0,2,0,0,1,0,0,0,0,0,0,0,0,0,1,0,0,0,1,0,0,0,0,0,0,0,0,0,0,0,0,0,0,0,1,0,0,0,0,0,0,0,0,1,0,0,1,0,0,0,0,0,0,0,0,0,0,0,0,0,0,0,0,0,1,1,0,0,0,0,0,0,0,0,0,0,0,0,0,0,0,0,0,0,0,2,1,0,0,0,0,0,0,0,0,0,0,0,0,0,0,0,0,0,0,0,0,0,0,0,0,0,0,0,1,0,0,0,0,0,0,0,0,1,0,0,0,0,0,0,0,0,0,0,0,0,0,0,0,0,0,0,0,0,2,1,0,0,0,0,0,0,0,0,0,0,0,0,0,0,0,0,0,0,0,0,0,0,0,0,0,0,0,0,1,0,0,0,0,0,0,0,0,0,0,0,0,0,0,0,0,0,0,0,0,0,0,0,0,0,1,0,0,0,0,0,0,0,0,0,0,0,0,0,0,0,0,0,0,0,0,0,0,0,0,0,0,0,0,0,1,0,0,3,0,1,0,0,0,0,0,0,0,1,0,0,2,0,1,0,0,0,0,0,1,1,0,1,0,0,0,0,1,0,0,0,0,0,0,0,0,2,0,0,0,0,0,0,1,0,0,1,0,0,0,0,0,0,0,1,0,1,1,0,0,0,0,0,0,0,0,0,0,0,0,0,0,0,1,0,0,5,0,0,1,0,1,0,0,0,0,0,0,0,0,0,0,0,0,0,0,0,0,1,0,1,0,0,0,0,0,1,0,0,0,0,0,0,4,0,0,0,0,0,1,0,0,0,0,0,2,0,0,0,0,0,0,1,0,0,0,1,0,0,0,0,0,0,0,0,3,0,0,0,1,0,0,0,0,0,0,0,0,0,0,0,0,1,0,0,0,0,0,0,0,0,0,0,0,0,0,0,0,0,0,0,0,0,0,0,0,0,0,0,0,0,0,0,0,0,1,0,0,0,0,0,0,0,0,0,0,0,0,0,0,0,0,1,0,0,0,1,0,0,0,0,0,0,0,0,0,0,0,0,1,0,0,0,0,0,0,0,0,0,2,0,0,1,0,0,0,0,0,0,0,0,0,0,0,1,0,0,0,0,0,0,0,2,0,0,0,0,0,0,0,0,1,0,0,0,1,0,0,0,0,2,0,0,0,0,0,0,0,1,0,0,0,0,0,0,1,0,1,0,0,0,0,0,0,0,0,0,1,0,0,0,0,0,0,0,0,0,0,0,0,0,1,0,0,0,0,1,0,0,0,0,0,0,1,0,0,1,0,1,0,0,0,0,0,0,0,0,0,0,0,0,0,0,0,0,0,0,0,0,0,0,0,0,0,0,0,1,0,0,0,1,0,0,0,0,1,0,0,0,0,0,0,0,0,0,1,0,0,0,0,0,0,0,0,0,1,0,0,0,0,0,0,0,0,1,0,0,0,0,0,0,0,0,0,0,0,0,0,0,0,0,0,1,0,0,0,0,0,0,0,0,0,1,0,0,0,0,0,0,0,0,1,0,0,0,0,0,0,0,0,0,0,0,0,0,1,0,0,0,0,0,0,0,0,1,0,0,0,0,0,0,0,1,0,1,0,0,0,0,0,0,0,0,1,0,0,0,0,0,0,0,0,0,0,1,0,0,0,0,2,0,1,1,0,0,0,0,0,0,0,0,1,0,0,0,0,0,0,1,0,0,0,0,0,0,0,0,0,0,0,0,0,0,1,0,0,1,0,0,0,1,0,0,1,1,1,0,0,0,0,0,1,0,0,0,1,0,0,0,1,0,0,0,0,0,0,0,0,0,0,0,0,0,0,0,0,0,0,0,0,0,0,0,0,0,0,1,0,0,1,0,0,0,0,0,0,0,0,0,0,0,1,0,0,0,0,0,0,0,0,0,0,0,1,0,0,0,0,0,0,1,0,0,0,0,0,0,0,0,0,0,0,2,0,0,0,0,0,0,1,0,0,0,0,1,0,0,0,0,0,0,1,0,0,0,1,0,0,0,0,0,0,0,0,0,0,0,0,0,0,0,0,1,0,0,1,0,0,0,0,0,0,0,0,0,0,0,0,4,0,0,1,0,0,0,0,0,0,0,0,0,0,0,0,0,0,0,1,0,0,0,0,0,0,0,0,0,0,0,0,0,0,0,0,0,0,0,1,2,0,0,1,0,0,0,0,2,0,1,0,0,0,0,0,0,0,0,0,1,0,0,1,0,0,0,0,0,0,0,0,0,0,1,0,4,0,0,0,0,0,0,0,0,0,0,0,0,0,0,0,0,0,0,1,1,0,0,0,0,1,0,0,0,0,0,0,0,0,0,0,0,0,0,1,0,1,0,0,0,1,0,0,0,0,1,0,1,0,0,0,0,0,0,0,0,0,0,0,0,0,0,0,0,0,0,1,0,0,0,0,1,0,0,0,0,0,0,0,0,0,0,0,0,0,0,0,0,0,0,0,0,0,0,0,0,0,0,0,0,0,1,0,0,0,0,0,0,0,0,0,0,0,2,0,0,0,0,0,1,0,0,0,1,0,0,0,0,2,0,0,0,0,0,0,0,0,0,0,0,0,0,0,0,0,0,0,0,1,0,0,0,0,0,0,0,0,0,1,0,0,0,0,0,0,0,0,0,2,0,1,1,1,0,0,0,0,1,0,0,0,0,1,0,0,0,0,0,0,0,0,0,0,0,0,0,0,0,1,0,0,0,0,0,0,0,0,0,0,0,0,0,0,0,0,0,0,0,0,0,0,0,0,0,0,0,0,0,0,0,0,0,2,0,1,0,0,0,0,0,1,0,0,0,0,0,1,0,0,0,0,0,0,0,0,1,0,0,0,0,0,0,0,0,0,0,1,1,0,0,0,1,0,0,0,0,0,1,0,0,0,0,0,0,0,0,0,1,0,0,0,0,0,0,0,0,0,1,0,0,0,0,0,0,0,0,1,0,0,1,0,0,1,0,1,0,0,0,0,0,0,0,0,1,0,0,0,1,0,0,0,1,0,0,0,0,0,0,0,0,0,0,0,0,0,0,0,0,0,0,0,0,0,0,0,0,0,0,0,1,0,0,0,0,0,3,0,0,0,0,0,0,0,0,0,0,0,0,1,0,1,0,0,0,0,1,0,0,0,0,0,0,0,0,0,0,1,0,1,0,0,1,0,0,0,0,0,0,0,0,0,0,0,1,0,0,0,0,0,1,0,0,0,1,0,0,0,0
MIAT,0,0,1,0,0,0,0,0,0,0,0,1,0,0,0,1,0,0,0,0,0,0,0,0,0,0,0,0,0,0,0,0,0,0,0,0,0,0,0,0,0,0,0,1,0,0,0,0,0,0,0,0,0,0,1,0,1,0,0,0,0,0,0,0,0,0,0,0,0,0,0,0,1,0,0,1,0,0,0,0,0,0,0,0,0,0,0,0,0,0,0,1,1,0,0,0,0,0,0,0,0,0,0,0,0,0,0,0,0,0,0,0,0,0,0,0,0,0,0,0,0,0,0,0,0,0,0,0,0,0,0,0,0,0,0,0,0,0,0,0,0,0,0,0,0,0,0,0,0,0,0,0,0,0,0,0,0,0,0,0,0,0,0,0,0,0,0,0,0,0,0,0,0,0,0,0,1,0,0,0,0,0,0,0,0,0,0,0,0,0,0,0,0,0,0,0,0,0,0,0,0,1,0,0,0,0,0,0,0,0,0,1,0,0,0,1,0,0,0,0,0,0,0,0,0,0,0,0,0,0,0,0,0,0,0,0,0,0,0,0,0,0,0,0,0,0,1,0,0,0,0,0,0,0,0,0,0,0,0,0,0,0,0,0,0,0,0,0,0,0,0,0,0,0,0,0,0,0,0,0,0,0,0,0,0,0,0,0,0,0,0,0,0,0,1,0,0,0,0,1,0,0,0,0,0,0,0,0,0,0,0,0,0,0,0,0,0,0,0,1,0,0,0,0,1,0,0,0,0,0,0,0,0,0,0,0,0,0,0,0,0,0,0,0,0,0,0,0,0,0,0,0,1,0,0,0,0,0,0,0,1,0,0,0,0,0,0,0,0,0,0,0,0,0,0,0,0,0,0,0,0,0,0,0,0,0,0,0,0,0,0,0,0,0,0,0,0,0,0,0,0,0,0,0,0,0,0,0,0,0,0,0,0,0,0,0,0,0,0,0,0,0,0,0,0,0,1,0,0,0,0,0,0,0,0,1,0,0,0,0,0,0,0,0,1,0,0,0,0,0,0,0,0,0,0,0,0,0,0,0,0,0,0,0,0,0,0,0,0,0,0,0,0,0,0,0,0,0,0,0,0,0,0,0,0,0,0,0,0,0,0,0,0,0,0,0,0,0,0,0,0,0,0,0,0,0,0,0,1,0,0,0,0,0,0,0,0,0,0,0,0,0,0,0,0,0,0,0,0,0,0,0,0,0,0,0,0,0,0,0,0,0,0,0,0,2,0,0,0,0,0,0,0,0,0,0,0,0,0,0,0,0,0,0,0,0,0,0,0,0,0,0,0,0,0,0,1,0,0,0,0,0,0,0,0,0,0,0,0,0,0,0,1,0,0,0,0,0,0,0,0,0,0,1,0,0,0,0,0,0,0,0,0,4,2,0,0,0,0,0,3,0,0,0,1,0,0,0,0,0,0,0,0,0,0,0,0,0,0,0,0,0,1,0,0,0,0,0,0,0,0,0,0,0,0,0,0,0,0,1,0,0,0,0,0,0,0,0,0,0,0,0,0,0,0,0,0,0,0,0,0,0,0,0,0,0,0,0,0,0,0,0,0,0,0,0,0,0,0,0,0,1,0,0,0,0,0,0,0,0,0,0,0,0,0,0,1,0,0,0,0,0,0,0,0,0,0,0,0,0,0,0,0,0,0,0,0,0,0,0,0,0,1,0,1,0,0,0,0,1,0,0,0,0,0,0,0,0,0,0,0,0,0,0,0,0,0,0,0,0,0,1,0,0,0,0,0,0,0,0,0,0,0,0,0,0,0,0,0,0,1,4,0,0,0,0,0,0,0,0,0,0,0,0,0,1,0,0,0,0,4,0,0,0,0,0,0,0,0,0,0,0,0,0,0,0,0,0,0,0,1,0,0,0,0,0,0,0,0,0,0,0,0,0,0,0,0,0,0,0,0,0,0,0,0,0,0,0,0,0,0,0,0,0,0,0,0,0,2,0,0,0,0,0,0,0,1,0,0,0,0,0,0,0,0,0,0,0,0,0,0,0,0,0,0,0,0,0,0,0,0,0,0,0,0,0,0,0,0,0,0,0,0,0,0,1,0,0,0,0,0,0,0,0,0,0,0,0,0,0,0,0,0,0,0,0,0,0,0,0,0,0,1,0,0,0,0,0,0,0,0,0,0,0,0,0,0,0,0,0,0,0,0,0,0,0,0,0,0,0,0,0,0,2,0,0,0,0,0,0,0,0,0,0,0,0,0,0,0,0,0,0,0,0,0,0,0,0,0,0,0,0,0,0,0,0,0,1,0,0,0,0,0,1,0,0,0,0,0,0,0,0,0,1,0,1,0,0,0,0,0,0,0,0,0,0,0,0,0,0,0,0,0,0,0,0,0,0,0,0,0,0,0,0,0,0,0,0,0,0,0,0,0,0,0,2,0,0,1,0,0,0,0,0,0,0,0,0,0,0,0,0,0,0,0,0,0,0,0,0,0,0,0,0,0,0,0,0,0,0,0,0,0,0,0,0,0,0,0,0,1,1,0,0,0,0,0,0,0,0,0,0,0,0,0,0,0,0,0,0,0,0,0,0,0,0,0,0,1,0,0,0,0,0,0,0,0,0,0,0,0,0,0,0,0,0,0,0,0,0,0,0,0,0,0,0,0,0,0,0,0,0,0,0,0,0,0,0,0,0,0,0,0,0,0,0,0,0,0,0,0,0,0,0,0,0,0,0,0,0,0,0,0,0,0,2,0,0,0,0,0,0,0,0,0,0,0,1,0,0,0,0,0,0,0,0,0,0,1,0,0,0,0,0,1,0,0,0,0,0,0,0,0,0,0,0,0,0,0,1,0,0,0,0,0,0,0,2,0,0,0,0,0,0,0,0,0,0,0,0,1,0,1,0,0,0,0,1,0,0,0,0,0,1,0,0,1,0,0,0,0,0,1,0,0,0,0,0,0,0,0,0,0,0,0,0,0,0,1,0,0,0,0,0,0,0,0,0,0,1,0,0,0,0,0,0,0,0,0,0,0,0,0,0,0,0,0,0,0,0,0,0,0,1,0,0,0,0,0,0,2,0,0,0,0,0,0,0,0,0,0,0,0,0,0,0,0,1,0,0,0,0,0,0,0,0,0,0,0,0,0,0,0,0,0,0,0,0,0,0,0,0,0,0,0,0,0,0,0,0,2,0,0,0,0,0,0,0,0,0,0,0,0,0,0,0,0,0,0,0,0,0,0,0,0,0,0,0,0,0,0,0,0,0,0,0,0,0,0,0,0,0,0,0,0,0,2,0,0,0,0,0,0,1,0,0,0,0,0,1,0,0,0,1,0,0,0,0,2,0,0,0,0,0,0,0,0,0,0,0,0,0,0,0,0,0,0,0,0,0,0,0,0,0,0,0,0,0,0,0,0,0,0,0,0,0,0,0,0,0,0,0,0,0,0,0,0,0,0,0,0,0,0,0,0,0,0,0,0,0,0,0,0,0,0,0
SNHG8,0,0,0,0,0,1,0,3,0,2,2,0,0,1,1,2,1,2,1,1,0,0,2,0,2,0,0,1,2,3,2,6,3,2,0,1,1,0,0,0,7,0,2,3,0,1,1,0,3,3,1,2,0,1,1,1,0,5,1,2,2,0,0,1,0,4,0,0,0,5,0,13,0,0,1,1,1,0,0,1,0,3,1,1,0,3,4,2,0,2,3,0,0,1,1,0,2,2,1,2,0,4,0,1,2,2,2,1,1,2,0,4,0,1,0,2,1,0,1,1,0,0,0,0,3,4,0,1,2,2,0,0,1,0,1,0,2,4,0,1,2,1,2,3,1,0,1,3,4,1,0,1,1,4,0,3,0,2,0,1,0,3,1,0,0,1,0,3,0,4,1,0,2,0,0,1,0,1,1,0,0,0,4,2,1,1,5,2,0,0,2,0,1,3,0,0,1,1,0,3,1,0,0,1,1,0,0,0,1,5,0,0,0,0,1,0,0,1,2,5,0,0,2,2,4,0,1,1,4,3,2,2,4,5,3,0,1,0,1,0,0,0,0,0,0,1,0,0,4,4,0,0,0,0,0,2,2,1,2,0,1,1,1,2,2,1,0,0,1,0,1,1,2,0,2,0,4,1,0,2,0,0,4,1,0,7,2,1,1,1,0,3,1,0,0,1,0,1,1,0,0,3,1,7,0,0,1,1,3,5,0,0,2,0,1,1,1,2,2,0,0,0,0,0,0,0,1,4,1,0,1,1,2,0,0,0,0,0,3,1,0,0,1,4,1,1,1,1,0,0,0,2,6,2,1,0,1,2,1,0,1,0,1,0,0,3,9,3,4,1,1,1,0,0,0,2,0,1,2,0,1,0,3,1,1,0,2,1,1,0,1,3,1,4,2,0,2,1,0,1,3,2,1,3,0,1,1,0,1,2,0,0,1,1,2,10,1,0,1,4,2,1,4,0,0,0,1,0,0,0,0,3,1,0,0,1,1,1,2,3,0,1,1,1,0,2,0,0,3,0,0,2,0,0,0,1,0,1,1,0,0,1,1,1,0,0,1,0,6,0,0,1,0,0,4,1,1,0,1,0,0,2,2,5,0,1,2,3,0,2,0,3,1,3,2,0,1,3,2,2,1,0,3,1,2,0,0,2,1,1,0,1,1,4,2,1,1,0,3,0,2,1,0,0,0,0,0,2,0,1,1,1,1,0,0,0,2,2,1,1,12,0,1,1,3,1,1,3,0,4,2,1,0,1,1,2,0,1,2,0,0,1,1,1,3,2,2,0,2,0,1,0,1,1,2,0,0,2,0,1,0,1,1,1,1,1,3,1,2,0,2,1,0,1,2,1,3,0,1,0,3,0,0,1,2,4,1,1,1,0,0,1,0,2,3,3,2,2,2,3,2,3,1,0,2,1,2,0,0,2,1,2,0,1,0,1,2,0,1,1,2,1,1,2,0,1,3,2,2,0,0,1,0,1,1,1,0,1,1,3,0,1,0,1,4,1,0,0,2,2,3,1,0,0,1,1,0,2,0,0,1,2,1,1,0,2,0,5,1,2,4,0,2,0,0,2,2,1,1,1,0,0,2,0,0,0,1,2,0,7,0,2,2,3,0,2,1,1,2,3,5,0,2,0,0,2,0,3,1,0,0,1,0,2,2,2,0,1,0,0,2,1,3,0,3,0,1,0,0,0,0,0,4,1,4,1,2,1,1,0,0,0,0,4,2,1,0,0,0,2,0,1,2,1,0,1,0,1,0,1,0,1,2,2,0,3,0,2,2,2,0,2,0,0,2,0,1,0,1,1,5,0,0,1,3,0,1,2,2,0,2,0,1,0,0,1,0,1,1,0,0,1,1,2,1,0,2,1,0,0,1,1,1,3,2,2,2,3,0,1,1,2,2,0,1,0,0,2,0,4,0,0,0,2,0,0,0,2,2,0,3,0,3,1,1,0,2,1,1,0,0,0,0,1,1,1,0,1,2,2,0,0,0,1,0,1,2,0,1,1,1,2,1,1,0,0,2,1,0,1,0,0,0,3,2,1,2,0,1,3,0,0,4,1,1,0,0,1,0,2,0,1,1,0,1,1,1,1,2,2,1,3,1,4,2,0,3,5,1,0,0,2,0,0,2,1,1,1,3,0,0,0,0,2,2,0,0,2,2,3,1,0,1,1,0,2,2,0,0,0,2,6,1,1,3,1,0,1,0,2,0,2,3,3,4,0,3,0,2,0,3,1,3,0,0,0,1,0,0,0,0,2,2,2,2,0,1,1,1,2,1,0,3,1,1,3,1,0,0,1,2,0,0,0,0,1,0,2,2,4,5,2,0,2,1,3,2,0,0,0,2,0,1,0,2,1,2,0,2,1,5,0,2,1,2,0,1,2,0,1,6,2,0,2,0,1,0,1,2,2,1,2,0,2,4,2,0,0,3,1,3,0,2,2,0,1,1,1,0,0,0,3,1,0,2,2,1,0,0,0,0,1,3,2,0,2,0,1,1,1,1,2,2,0,3,0,0,0,1,4,3,0,5,0,1,2,2,1,0,0,0,0,2,0,0,0,1,5,1,1,1,0,1,0,2,1,0,4,5,1,2,0,0,3,1,0,2,1,2,0,2,1,2,1,2,1,1,4,0,0,3,2,2,5,3,0,0,2,2,1,3,1,0,1,0,1,0,3,0,0,2,2,0,0,2,4,1,0,0,0,0,3,3,0,0,0,1,1,1,0,2,3,0,2,1,0,0,0,1,0,1,2,3,2,3,3,0,1,3,3,0,2,3,0,0,1,0,2,3,0,1,4,0,2,5,0,0,8,3,0,1,4,0,0,1,1,3,1,2,1,0,3,0,0,0,2,1,1,1,3,0,0,0,3,2,0,0,0,0,0,2,1,4,2,2,1,0,1,0,1,1,2,2,3,0,0,0,4,0,3,2,2,2,1,2,1,1,0,4,1,1,3,1,1,0,1,1,3,0,4,1,2,0,0,1,3,0,3,0,1,0,1,0,0,0,1,2,0,3,0,1,2,0,1,0,1,0,1,1,0,0,4,1,0,3,1,1,0,2,2,0,0,0,1,1,2,0,0,1,1,0,0,5,2,1,1,1,0,0,3,0,0,0,0,0,1,1,1,3,3,3,0,2,2,2,0,1,0,0,1,1,1,0,0,1,2,1,0,1,0,1,5,2,1,0,0,0,1,3,1,0,0,2,0,1,1,0,3,1,4,2,0,1,3,1,2,3,1,1,1,2,1,1,3,0,1,1,1,0,1,2,2,1,0,1,0,2,2,0,0,0,0,0,2,3,0,0,0,1,4,0,2,0,0,6,0,0,0,2,0,1,0,0,0,3,0,0,0,0,0,3,2,0,0,3,1,3,1,0,4,1,2,0,2,0,1,1,1,0,0,3,2,2,1,1,0,3,3,1,0,1,0,1,0,2,0,1,4,2,2,2,1,1,1,3,2
AFF3,0,0,0,0,0,0,0,0,1,0,1,0,0,0,0,0,0,0,0,0,0,0,0,0,0,1,0,0,0,1,0,0,1,0,0,1,0,0,1,1,0,0,0,0,0,0,0,0,0,0,0,0,0,0,0,0,0,0,0,0,1,0,0,0,0,0,0,0,0,0,0,0,0,0,0,0,0,1,0,0,0,0,0,0,0,0,0,1,1,0,1,0,0,0,0,0,1,0,0,1,1,0,0,0,0,0,0,0,0,0,0,0,0,0,0,0,0,0,0,0,0,0,0,0,0,0,0,0,1,0,0,0,1,0,0,0,0,0,0,0,0,0,0,1,0,0,0,0,0,0,0,0,0,0,0,0,0,0,0,0,0,0,0,0,0,1,0,0,0,3,0,0,0,0,1,0,0,0,0,0,0,0,1,2,0,0,0,0,0,1,0,0,0,0,0,0,0,0,0,1,0,0,0,0,0,0,0,0,0,0,0,0,0,0,0,0,0,0,0,0,0,0,0,0,0,0,1,0,0,1,0,0,0,0,0,0,0,0,0,0,0,0,0,0,0,0,0,0,0,0,0,0,0,0,1,0,1,0,0,0,0,0,0,0,1,0,0,0,0,0,0,0,0,0,0,0,0,0,0,0,0,0,0,0,0,0,0,0,0,0,0,0,0,0,0,0,0,0,0,0,0,0,0,0,0,0,0,0,0,0,0,0,0,0,0,0,0,0,0,0,0,0,0,0,0,0,0,2,0,0,0,0,0,0,0,0,0,0,0,0,0,0,0,0,0,0,0,0,0,0,0,0,0,0,0,0,2,0,0,0,0,1,0,0,0,0,0,1,0,0,0,0,0,0,0,0,0,0,0,0,0,1,0,0,0,0,0,1,0,0,0,0,0,0,0,0,1,0,0,0,0,0,0,0,0,0,0,1,0,0,0,0,0,0,0,0,0,1,0,0,0,0,0,0,0,0,0,0,0,0,0,0,0,0,0,2,0,0,0,0,0,0,1,0,0,1,0,0,0,0,0,0,0,0,0,0,0,0,0,0,0,0,0,0,0,0,0,0,0,0,0,0,0,0,0,0,0,0,0,0,0,0,0,0,0,0,0,0,0,0,0,0,0,0,0,0,0,0,0,0,0,0,0,0,0,0,1,1,0,0,0,0,0,0,0,0,0,0,0,0,0,0,0,0,0,0,0,0,0,0,0,0,0,0,0,0,0,0,0,0,0,0,0,0,0,0,0,0,0,0,0,0,0,2,0,0,0,0,0,0,0,0,0,0,0,0,0,0,0,0,0,0,0,0,0,0,0,0,0,0,2,0,0,0,0,0,1,0,0,0,1,0,0,0,0,1,0,0,2,0,0,0,0,0,0,1,0,0,0,0,0,0,0,0,0,0,0,0,0,0,0,0,0,0,0,1,0,0,0,0,0,0,0,0,0,0,0,0,0,0,0,0,0,0,0,0,1,0,1,0,0,0,0,0,2,0,2,1,0,0,0,1,0,0,0,0,0,0,1,0,0,0,0,0,0,0,0,0,0,0,0,1,0,0,0,0,0,0,0,0,0,0,0,0,0,0,0,0,2,0,0,0,0,0,0,0,0,0,0,1,0,0,0,0,0,0,0,0,0,0,1,0,0,0,0,0,0,0,0,0,0,0,0,0,0,0,0,0,0,0,0,0,0,0,0,0,0,0,0,0,1,0,0,0,0,0,0,0,0,0,0,0,0,0,0,3,0,0,0,0,0,0,0,0,0,0,1,0,0,0,0,0,0,0,0,0,0,0,0,0,0,0,0,0,0,0,0,0,0,0,0,0,1,0,0,0,0,0,0,0,0,0,0,0,0,0,0,0,0,0,0,0,0,1,0,0,0,0,0,0,0,0,0,0,0,0,1,0,0,0,0,0,0,0,0,0,0,0,0,0,0,0,0,0,0,0,0,0,0,1,0,0,0,0,0,0,0,0,0,0,3,0,0,0,0,0,0,0,1,0,0,0,0,0,0,0,1,0,0,0,0,0,0,0,0,0,0,0,1,0,0,0,0,0,0,0,0,0,1,0,0,0,1,0,0,0,0,0,0,0,0,1,0,0,0,0,0,0,0,0,0,1,0,0,1,0,0,0,0,0,0,0,0,0,1,0,0,0,0,0,0,0,0,0,0,0,3,0,0,0,0,0,0,0,0,0,0,0,0,0,0,0,0,0,0,0,0,0,0,0,0,0,0,1,0,0,0,0,0,0,0,0,0,0,0,0,0,0,0,0,0,1,0,0,0,0,0,0,0,0,0,0,0,0,0,0,1,0,0,0,2,0,0,0,0,0,0,0,0,0,1,0,0,0,0,0,0,0,0,0,0,0,0,0,0,0,0,0,0,0,0,0,0,0,0,0,0,0,0,0,0,0,0,0,0,0,0,0,0,0,0,0,0,0,0,1,0,0,0,0,0,0,0,0,0,0,0,0,0,0,0,0,0,1,0,0,0,0,0,0,0,0,0,0,0,0,0,0,0,0,0,0,0,0,0,0,0,0,0,0,0,0,0,0,0,0,0,0,0,1,0,0,0,0,0,0,0,2,0,0,0,0,0,0,0,1,0,0,0,0,1,0,0,1,0,0,0,0,0,0,0,0,0,0,0,0,1,0,0,0,1,0,0,2,0,0,0,0,0,1,0,0,0,0,0,0,0,0,0,0,0,0,0,0,0,0,0,0,0,0,0,0,0,0,0,0,0,0,0,0,0,0,0,0,0,0,0,1,1,0,0,0,0,0,0,1,0,1,0,0,0,0,0,0,0,0,0,0,0,0,0,0,0,0,0,0,0,0,0,0,0,0,0,0,0,0,0,0,0,0,0,0,2,0,0,0,0,0,0,0,0,0,0,0,0,0,0,0,0,0,0,0,0,0,0,0,0,0,0,0,3,0,0,0,0,0,0,0,0,0,1,0,0,0,0,0,0,0,0,0,0,0,0,0,0,0,0,0,0,0,0,0,0,0,0,0,0,1,0,0,0,0,0,0,0,0,0,0,0,0,0,0,0,0,0,0,0,0,0,0,0,0,0,0,0,0,2,0,0,0,0,0,0,0,0,0,0,0,0,0,0,0,0,0,1,0,1,0,0,0,0,0,0,0,0,0,0,0,0,1,0,0,0,0,0,0,0,0,0,0,0,0,0,0,0,0,0,0,0,0,0,0,0,0,0,0,0,4,0,0,0,0,0,0,0,0,0,0,1,0,0,0,1,0,0,0,0,0,0,0,0,1,0,0,0,0,0,0,0,0,0,0,0,0,0,0,0,1,1,0,0,0,0,0,0,0,0,0,0,0,0,0,0,0,1,0,0,0,0,0,0,0,0,0,0,0,0,0,0,0,0,0,0,0,0,0,0,0,0,0,0,1,0,0,0,0,0,0,0,0,0,0,0,0,0,0,0,0,0,0,0,0,0,0,0,0,0,1,0,0,0,0,0,0,0,0
MBP,1,3,0,0,1,0,0,1,0,0,0,0,0,0,0,2,1,1,0,0,1,0,0,1,0,0,0,0,0,0,0,0,0,1,0,0,0,0,0,0,0,0,0,1,0,0,1,1,0,0,0,0,2,2,1,0,1,0,0,0,0,0,0,0,0,2,0,0,0,1,0,1,0,0,0,1,0,0,0,0,0,1,0,0,1,0,0,0,0,0,0,1,1,0,1,0,0,0,0,0,0,0,0,0,1,0,0,0,0,1,0,0,1,1,0,0,0,0,0,0,0,0,1,0,0,1,0,0,0,0,1,0,0,0,0,1,1,0,0,0,0,0,1,2,1,0,2,0,1,1,0,0,0,0,1,0,1,0,0,2,0,0,0,0,2,0,0,1,1,0,0,1,0,2,0,0,0,0,0,0,0,0,0,0,0,1,3,0,0,1,0,1,0,1,0,0,0,0,0,0,0,0,0,1,0,0,0,0,0,0,0,1,1,0,0,0,0,0,0,0,0,0,0,1,1,0,0,0,0,0,0,1,1,2,1,0,1,0,0,0,0,0,0,1,0,0,0,0,1,1,0,0,0,0,0,0,0,0,0,0,0,1,2,0,1,1,0,2,0,0,0,2,0,0,0,1,0,0,0,1,0,0,0,3,0,0,0,0,0,0,0,0,0,0,0,0,0,0,1,0,0,0,0,0,1,0,1,0,0,1,0,0,0,0,0,1,1,0,0,1,1,0,0,0,1,0,0,1,0,0,1,0,0,0,0,0,0,1,1,0,1,1,2,0,0,0,0,0,1,0,1,0,1,0,2,0,0,1,0,1,1,0,0,0,0,0,0,1,0,1,1,0,0,0,0,2,0,2,0,0,1,0,0,0,0,0,0,0,0,0,1,1,0,2,0,0,0,0,0,1,0,0,0,0,1,0,1,0,0,0,0,0,0,0,0,0,1,0,0,0,1,0,4,2,0,0,0,0,0,0,0,0,0,0,0,0,0,1,0,0,1,0,0,0,0,0,0,0,0,0,0,1,0,0,0,2,0,1,1,0,0,0,0,1,0,1,0,0,0,1,0,0,2,0,0,0,0,0,0,1,0,0,2,1,1,1,0,1,0,0,0,0,0,0,0,0,1,0,0,2,0,0,0,1,0,0,1,2,0,0,0,2,0,0,0,0,0,0,0,1,0,0,0,0,0,0,1,0,0,0,0,0,2,0,1,0,1,1,0,0,1,0,0,0,0,1,0,0,1,0,0,0,0,1,1,0,0,1,1,0,0,1,0,0,0,0,0,0,0,0,1,0,0,0,0,0,0,1,0,0,1,1,0,0,0,0,0,0,0,0,1,0,2,1,0,1,1,0,0,0,1,0,0,2,0,0,0,2,0,0,0,0,2,0,0,0,1,0,0,0,0,0,1,1,0,0,0,0,0,1,1,0,0,1,0,0,0,0,1,0,0,0,2,0,0,1,1,0,1,0,0,0,0,0,0,0,0,1,0,0,0,0,0,2,0,1,1,0,0,0,0,1,0,0,1,0,0,0,1,0,1,2,0,0,0,1,0,1,0,0,0,0,1,0,0,0,1,0,0,0,1,1,0,0,0,0,0,0,0,3,0,0,0,0,0,1,0,1,0,0,0,0,0,0,0,1,0,0,0,3,0,1,0,0,2,0,0,0,0,0,0,1,1,0,0,0,0,0,0,0,1,0,0,0,0,0,0,0,2,0,0,0,0,1,0,1,1,0,0,0,0,1,0,0,0,0,0,0,0,2,0,0,0,0,0,1,0,0,0,1,0,0,1,0,0,0,1,0,0,0,0,0,0,0,0,1,0,0,0,0,0,0,0,0,1,0,0,0,1,0,0,0,1,1,0,1,0,0,0,0,0,0,0,0,0,1,1,0,0,0,0,0,0,0,0,0,0,0,1,1,0,0,0,0,0,1,0,0,0,0,0,0,2,0,0,0,1,0,1,0,0,0,1,0,1,0,1,0,0,1,0,0,1,1,0,0,0,1,0,0,1,0,1,0,0,0,0,0,0,0,0,0,2,0,0,0,0,1,0,0,0,0,0,1,0,0,0,0,0,0,0,0,0,1,0,1,0,0,1,1,0,2,0,0,0,0,0,0,0,0,0,0,1,1,0,0,0,0,0,1,0,0,1,0,0,0,0,0,0,0,1,0,0,0,0,0,0,0,2,0,2,2,1,0,0,0,0,2,0,0,0,0,0,2,1,0,0,0,0,0,0,0,0,1,0,0,0,0,1,0,0,0,1,0,1,0,0,1,0,0,2,0,0,0,0,0,0,0,0,0,0,0,0,0,1,0,2,0,1,1,0,0,0,1,0,0,0,3,0,0,3,0,0,1,1,0,0,1,0,0,1,0,1,1,0,0,1,0,0,1,0,0,0,0,0,1,0,0,0,0,0,0,0,0,0,0,0,0,0,0,3,0,0,0,0,0,2,0,0,0,0,0,0,1,0,1,0,0,1,0,1,0,0,0,0,0,0,1,1,3,1,1,0,2,0,0,1,1,0,1,0,1,0,0,0,0,2,0,0,1,0,0,1,1,0,0,1,1,0,0,0,0,1,0,0,0,0,0,1,1,0,0,1,0,0,0,0,0,2,0,0,0,2,0,0,0,0,0,0,2,0,0,0,1,0,0,0,0,0,2,1,0,0,0,1,0,0,0,0,0,0,0,0,0,0,0,0,0,0,0,0,0,0,0,0,0,0,0,0,0,0,0,0,2,0,2,0,0,0,0,0,0,0,0,2,0,0,0,2,0,0,0,0,1,0,0,0,0,0,0,0,0,1,0,0,0,0,0,1,0,1,0,1,0,0,0,0,0,0,1,0,0,1,0,1,0,1,1,0,0,0,0,0,0,0,0,0,0,0,0,0,0,3,2,0,0,0,0,0,0,0,1,0,0,0,1,0,0,0,0,1,0,0,0,1,1,0,0,1,0,0,0,1,1,1,2,0,0,0,0,0,0,0,0,0,0,1,0,0,1,0,0,0,0,0,1,0,1,1,0,1,0,0,0,0,0,1,0,0,0,0,1,0,2,0,0,0,0,0,0,0,0,0,0,0,0,1,1,0,0,0,0,0,1,0,1,0,0,0,0,1,0,0,0,0,0,1,0,0,0,1,0,0,0,0,0,0,0,0,1,0,0,0,2,0,0,0,0,0,1,0,0,0,0,2,0,0,0,0,0,0,0,1,0,0,0,0,1,0,1,1,2,0,0,1,0,0,0,0,0,0,0,0,2,0,0,1,0,0,0,0,0,0,0,1,1,0,0,0,0,0,0,0,1,2,0,2,0,1,1,0,0,0,1,1,0,0,0,1,0,0,0,2,1,0,0,0,0,0,0,0,0,1,0,1,0,0,0,0,0,0,1,0,0,0,0,1,0,0,0,0,0,2,0,0,1,0,0,3,0,0,0,0,0,0,0,0,1,1,1,0,0,0,0,0,1
RASSF1,0,1,1,0,0,0,1,0,0,0,0,0,0,0,0,0,1,1,0,0,0,1,1,0,0,0,0,0,1,0,0,0,0,0,0,1,0,0,0,0,0,0,0,1,0,1,0,1,0,0,0,0,0,0,0,0,1,0,0,0,0,0,0,0,0,0,0,0,0,0,0,0,0,0,0,0,0,0,0,0,2,0,0,0,0,1,0,0,0,0,1,0,0,0,0,1,0,0,0,1,0,0,0,0,0,0,0,0,0,1,1,0,0,0,0,0,0,1,0,0,1,0,0,1,0,0,1,0,0,0,0,0,0,1,0,0,0,0,0,1,0,1,0,0,0,0,0,0,0,0,0,1,0,0,0,0,0,0,0,1,0,0,0,0,0,0,0,0,0,2,0,1,0,0,0,0,0,0,0,0,0,0,0,1,0,0,0,0,0,1,0,0,0,0,1,0,0,1,0,0,0,0,0,1,0,0,0,2,0,0,0,2,1,0,0,0,0,0,2,0,1,0,1,0,0,0,0,0,0,0,0,1,0,0,1,0,0,0,0,0,0,0,0,0,1,1,0,0,0,0,0,0,0,0,0,0,0,0,0,0,0,0,0,0,0,2,0,0,0,0,0,0,0,0,0,0,1,0,0,0,1,0,0,0,1,0,1,0,0,0,0,0,0,0,0,0,0,1,0,0,0,1,0,0,0,0,1,0,1,0,1,0,1,0,0,0,0,0,1,0,0,1,0,0,0,0,0,1,1,0,0,0,0,0,0,0,0,1,0,0,0,1,0,0,0,0,0,0,0,0,0,0,0,0,0,0,0,0,0,0,0,0,0,0,0,0,0,1,0,0,1,1,0,0,0,1,0,2,0,0,1,0,0,0,0,0,0,1,0,0,0,0,1,0,0,0,2,0,1,0,0,0,0,0,0,0,1,0,2,0,0,0,0,0,0,0,0,0,0,0,0,0,2,0,0,0,0,0,0,1,0,0,1,0,0,1,0,0,0,0,0,0,0,0,0,0,0,0,0,0,2,0,0,0,0,0,1,0,0,1,0,1,0,0,1,1,0,0,1,1,0,0,1,0,0,0,0,1,0,0,0,0,1,0,0,1,0,0,0,0,0,0,0,0,0,0,0,1,1,0,0,0,1,0,0,0,0,0,0,0,0,0,0,0,0,1,0,0,0,0,0,0,1,0,0,0,1,0,0,0,0,0,4,0,0,0,2,0,0,0,0,0,0,0,0,0,0,0,0,0,0,0,0,0,0,0,0,0,1,0,0,0,0,0,0,0,0,1,0,0,0,0,0,0,0,1,0,0,0,0,0,2,0,0,0,0,0,0,1,0,0,0,0,0,0,0,0,0,0,0,1,0,0,0,0,0,0,2,0,0,0,0,0,0,0,0,1,0,0,0,0,1,2,0,0,1,0,0,1,0,1,0,0,0,0,0,0,1,0,0,0,0,0,0,1,0,1,0,0,0,0,1,0,0,0,0,0,0,1,0,0,0,0,2,0,0,0,0,0,0,0,0,0,0,2,0,0,1,0,0,0,0,0,0,0,0,2,0,0,0,0,0,0,1,0,0,1,0,0,0,0,0,0,0,0,0,0,0,1,1,1,1,0,0,0,0,0,0,0,0,0,0,0,0,0,0,0,0,0,1,0,1,0,0,0,0,0,0,0,0,0,0,0,0,0,1,1,0,1,0,0,0,0,0,1,0,0,0,2,0,0,0,0,0,0,0,1,0,0,0,1,0,0,0,0,0,0,0,0,0,0,0,0,0,0,0,2,0,1,0,1,0,0,0,0,0,0,1,0,0,0,1,0,0,0,0,1,0,0,0,0,1,0,1,0,1,0,0,0,0,1,0,0,1,0,0,0,0,0,0,0,0,0,0,0,1,0,0,0,1,0,0,0,0,0,0,0,0,0,0,0,0,0,0,0,1,0,2,0,0,0,0,1,0,0,0,0,0,1,0,2,0,0,1,0,0,1,0,0,0,0,0,0,0,0,0,0,0,0,0,0,0,0,0,0,1,0,0,0,0,0,0,0,0,0,0,0,1,0,0,0,1,0,0,0,0,0,0,0,0,0,0,0,0,0,0,0,0,0,1,0,0,0,0,0,0,0,0,0,1,0,1,0,1,0,0,1,0,0,0,0,0,0,1,2,0,2,0,0,0,0,1,0,0,0,1,0,0,1,1,0,2,0,0,0,2,0,1,0,0,0,0,0,0,0,0,0,1,0,0,2,0,0,0,1,1,0,0,0,0,0,0,0,0,1,0,0,0,0,0,0,0,0,0,0,0,0,0,0,0,1,0,0,0,1,0,0,0,0,0,0,1,0,0,0,1,0,1,0,1,1,0,1,0,0,0,0,0,0,0,0,0,0,0,0,0,0,0,0,0,0,0,0,0,0,1,0,0,1,0,0,0,1,2,0,2,1,0,0,0,0,1,0,0,1,2,1,0,0,0,1,0,0,1,0,0,0,0,1,0,0,0,0,0,0,1,0,1,0,0,2,0,1,0,0,1,0,0,0,1,0,0,0,0,0,1,0,0,0,0,0,0,0,0,0,0,0,0,0,0,0,0,1,1,0,1,0,0,0,0,0,0,0,0,1,1,0,0,1,0,0,0,1,0,0,0,0,0,0,2,0,0,0,0,0,1,0,0,0,0,0,0,0,0,0,0,1,1,0,1,0,0,0,0,0,0,0,0,1,0,0,1,0,0,0,0,0,0,0,0,0,0,1,0,0,0,2,1,0,1,0,0,0,0,1,0,0,0,0,0,0,0,0,1,0,1,0,1,0,0,1,0,0,0,0,0,0,1,0,0,0,0,0,0,0,0,0,1,0,0,1,0,0,0,0,1,0,0,0,0,0,0,1,1,0,0,0,0,0,0,0,1,1,0,0,0,0,0,0,0,0,0,0,0,0,0,1,0,0,0,0,0,0,1,0,0,1,0,1,0,0,0,0,0,0,1,0,0,3,1,0,1,1,0,0,0,1,0,0,0,0,0,0,0,0,0,0,3,1,0,0,0,0,0,0,0,0,0,0,0,2,0,0,0,1,0,0,0,0,0,1,0,0,0,0,0,0,3,0,0,0,0,0,0,0,0,1,0,1,0,2,1,0,1,0,1,0,1,2,1,0,0,0,0,0,0,0,0,0,0,1,0,1,0,0,0,1,0,0,0,0,0,0,0,0,1,0,0,0,0,0,2,0,0,0,0,0,0,0,0,0,1,0,0,0,0,0,1,0,0,0,0,0,0,0,0,0,0,2,0,0,0,2,0,0,0,0,1,0,0,0,0,0,0,0,0,0,0,0,0,0,0,0,0,0,0,0,0,0,0,0,0,0,0,0,0,0,0,0,0,0,0,0,0,1,1,0,0,1,0,0,0,0,1,0,1,0,0,0,1,0,0,0,0,0,0,0,0,0,0,0,0,0,0,1,0,0,1,0,0,0,1,0,0,1,0
MEGF9,0,0,0,0,0,0,0,0,0,0,0,0,0,0,0,1,0,0,0,0,0,0,0,0,0,0,0,0,0,0,0,0,0,0,0,0,0,0,0,0,0,0,1,0,0,0,0,0,0,0,0,0,0,0,0,1,0,0,0,0,0,1,0,0,0,0,1,0,0,0,0,0,0,0,0,0,0,0,0,0,0,0,0,0,0,0,0,1,0,0,0,0,1,2,0,1,0,0,0,0,0,0,0,0,0,0,0,0,1,0,0,0,0,0,0,0,0,0,0,0,0,1,0,0,0,0,0,0,0,0,0,0,0,0,0,0,0,0,0,0,0,0,0,0,1,0,1,1,0,0,0,2,0,0,0,0,0,0,0,1,0,0,0,0,0,0,2,0,0,1,0,0,0,0,0,0,0,0,0,0,0,0,0,0,1,0,0,0,0,0,1,0,0,0,0,0,0,0,0,0,0,0,0,0,0,0,0,0,0,0,0,0,0,0,0,0,0,0,0,0,0,0,0,0,0,1,0,1,0,0,0,0,1,0,0,0,0,0,0,0,1,0,0,0,0,0,0,0,3,0,0,0,0,0,0,0,1,0,0,0,0,0,0,0,0,0,0,0,0,0,0,1,0,0,0,0,0,0,0,0,0,1,0,0,0,0,0,0,0,0,0,0,1,0,0,0,0,0,0,0,0,0,0,0,0,0,0,0,1,0,0,0,0,0,0,0,0,0,0,1,0,0,0,1,0,0,1,0,0,0,0,0,0,0,0,0,0,0,0,0,0,0,0,0,0,0,0,0,0,1,0,0,0,0,0,1,0,0,0,0,0,0,0,1,0,0,0,0,0,0,0,1,0,0,0,1,0,0,0,0,0,0,1,1,0,0,0,0,0,0,0,0,0,0,0,1,1,0,0,0,0,0,0,0,0,1,0,0,0,0,0,0,0,0,0,0,0,0,0,0,0,1,0,0,0,0,0,0,0,0,0,0,0,0,0,0,0,0,0,0,0,0,1,0,0,0,0,0,0,0,0,0,0,0,0,0,0,0,1,0,0,0,0,0,2,0,0,0,0,0,0,0,0,0,1,0,1,0,0,0,0,0,0,0,0,0,0,0,0,0,0,0,1,0,0,0,0,0,0,0,0,1,0,0,0,0,0,0,0,0,0,0,0,0,0,0,0,0,0,0,0,0,0,1,0,0,0,1,1,0,0,0,0,0,1,1,0,0,0,0,0,0,0,0,0,0,0,0,0,0,0,0,0,0,0,0,0,0,0,0,0,0,0,0,0,0,0,0,0,0,0,0,0,0,0,0,0,0,0,0,0,0,0,0,0,0,0,0,0,0,0,0,1,0,0,0,0,0,0,0,0,0,0,0,0,0,1,0,0,0,1,0,0,0,0,0,0,0,0,0,0,0,0,0,0,0,0,0,0,0,0,0,1,1,0,0,0,0,0,0,0,0,0,0,0,0,0,0,0,0,0,0,0,0,0,0,0,0,0,1,0,0,0,0,0,0,1,0,0,0,0,0,0,1,0,0,2,0,0,0,0,0,0,0,0,0,0,0,0,0,0,0,0,0,0,0,0,0,0,0,0,1,0,0,0,0,0,0,0,0,0,0,0,0,0,0,0,0,0,0,0,0,0,1,0,0,0,0,0,0,0,0,0,0,0,0,0,0,0,0,0,0,0,0,0,0,0,0,0,0,0,0,0,0,1,0,0,0,0,0,0,0,0,0,0,0,0,0,0,0,0,0,0,0,0,0,0,0,1,0,0,0,0,0,0,0,0,0,0,0,0,0,0,0,1,0,0,0,0,0,0,0,0,0,0,0,0,0,0,0,0,0,0,0,0,0,0,0,0,0,0,0,0,0,0,0,0,0,0,0,0,0,0,0,0,0,0,0,0,0,1,1,0,0,0,0,0,0,0,0,0,0,0,0,0,0,0,0,0,0,0,0,0,0,0,0,0,0,0,0,0,0,0,0,0,0,0,0,0,0,0,0,0,0,0,0,0,0,0,0,0,0,1,0,0,0,0,0,0,0,0,0,0,0,0,0,0,0,1,2,0,0,0,0,0,0,0,0,0,0,0,1,0,0,0,1,0,0,1,1,1,0,0,1,0,0,0,0,0,0,0,0,0,0,0,0,0,1,0,1,0,0,0,0,0,0,0,0,0,0,0,0,0,0,0,2,0,0,0,0,0,0,0,0,0,0,0,0,0,0,0,0,0,0,0,0,0,0,0,0,0,0,0,0,0,0,0,0,0,0,0,1,0,0,0,0,0,0,0,0,0,0,0,0,0,0,0,0,0,0,0,0,0,0,0,0,0,1,0,0,0,0,0,0,0,0,0,2,1,0,0,0,0,1,0,1,0,0,0,0,0,0,0,0,0,0,0,0,0,0,0,0,0,0,0,0,0,0,0,0,1,0,0,0,0,0,0,1,0,0,0,0,0,0,0,0,1,0,0,0,1,0,0,0,0,0,0,0,0,0,0,0,0,1,0,0,0,0,0,0,0,0,0,1,0,0,0,0,0,0,0,0,1,0,0,0,0,0,0,0,0,0,0,0,0,0,0,0,0,0,0,0,0,0,0,0,0,0,0,0,1,0,0,0,0,0,0,0,0,0,0,0,0,0,0,0,0,0,0,0,0,0,0,0,0,0,1,0,0,0,0,0,0,0,0,0,0,0,0,0,1,0,0,0,0,0,0,0,0,0,0,0,0,0,0,0,0,0,0,1,0,0,0,0,0,0,0,0,0,0,0,0,0,0,0,0,0,0,0,0,0,0,0,0,0,0,1,0,0,0,0,0,0,0,0,0,0,0,0,1,0,0,0,0,0,0,1,0,0,0,0,0,1,0,0,0,0,1,0,0,0,0,0,0,0,0,1,0,0,0,0,0,0,0,0,0,0,0,0,0,0,0,0,0,0,0,0,0,2,0,0,0,0,0,0,0,0,0,0,0,0,0,0,0,0,0,0,0,0,0,0,0,0,0,0,0,0,0,0,2,0,0,0,0,1,0,0,0,0,0,0,0,0,0,0,0,0,0,1,0,0,0,0,0,0,0,0,0,1,0,0,0,0,0,0,0,0,0,0,0,0,0,0,0,0,0,0,0,0,0,0,0,0,0,0,0,0,0,0,0,0,0,0,0,0,1,0,2,0,1,0,0,0,0,0,1,2,0,0,0,0,0,0,0,0,0,0,0,0,0,0,0,0,0,0,0,0,0,0,0,0,0,0,0,0,0,0,0,0,0,0,0,0,0,1,0,0,0,0,0,0,0,0,0,1,1,0,0,0,0,0,0,0,0,0,0,0,0,0,0,0,0,1,0,0,0,1,0,0,0,0,0,0,0,0,1,0,0,0,0,0,0,0,1,0,0,0,0,1,0,0,0,1,0,0,0,0,0,0,0,0,0,0,0,0,0,0,0,0,0,0,0,0,0,0,0,0,1,0,0,0,1,0,0,0,1
SNX22,0,0,0,0,0,0,0,0,0,0,0,0,0,0,0,0,0,0,0,0,0,0,0,0,0,0,0,0,1,0,0,0,0,0,0,0,0,0,0,0,0,0,0,0,0,1,1,0,0,0,0,0,0,0,0,0,0,0,0,0,0,0,0,0,0,0,0,0,0,0,0,0,0,0,0,0,0,0,0,0,0,0,0,0,0,0,0,1,0,0,0,0,0,0,0,0,0,0,0,1,0,0,0,0,0,0,0,0,0,0,0,0,0,0,0,0,0,0,0,0,0,0,0,0,0,0,0,0,0,0,0,0,0,0,0,0,0,0,0,0,0,0,0,0,0,0,0,0,0,0,0,0,0,0,0,0,0,0,0,0,0,0,0,0,0,0,0,0,0,0,0,0,0,0,0,0,0,0,0,0,0,0,0,0,0,1,0,0,0,0,0,0,0,0,0,0,0,0,0,0,0,0,0,0,0,0,0,0,2,0,0,0,0,0,0,0,0,0,0,0,0,0,0,0,0,0,0,0,0,0,0,0,0,0,0,0,0,0,0,0,0,0,0,0,0,0,0,0,0,0,0,0,0,0,3,0,0,0,1,0,0,0,0,0,0,0,0,0,0,0,0,0,0,0,0,0,1,0,0,0,0,0,0,0,0,0,0,0,0,0,0,0,0,0,0,0,0,0,0,0,0,0,0,0,0,0,0,0,0,0,0,0,0,0,0,1,0,0,0,0,0,0,0,0,0,0,0,0,1,0,0,0,0,0,0,0,0,0,0,0,1,0,0,0,0,0,0,0,0,0,0,0,0,0,0,0,3,1,0,0,0,0,0,0,0,0,0,0,0,0,0,0,0,0,0,0,0,0,0,0,0,0,0,0,0,0,0,0,0,0,0,1,0,0,0,0,0,0,0,0,0,0,0,0,0,0,0,0,0,0,1,0,0,0,0,0,0,3,0,0,0,0,0,0,0,0,0,0,0,0,0,0,0,0,0,0,0,0,0,0,0,0,0,0,0,0,0,0,0,0,0,0,0,0,0,0,0,0,0,1,0,0,0,3,1,0,0,0,0,0,0,0,0,0,0,0,0,0,0,0,0,0,0,0,0,0,0,0,0,0,0,0,0,0,0,0,0,0,0,0,0,0,0,0,0,0,0,0,0,0,0,0,0,0,0,0,0,0,0,0,0,0,0,0,0,0,0,0,0,0,0,0,0,0,0,0,0,0,0,0,1,0,0,0,0,0,0,0,0,0,0,1,0,0,0,0,0,0,0,0,0,0,1,0,0,0,0,0,0,0,0,0,0,0,0,0,0,0,0,0,1,0,0,0,0,0,0,0,0,0,0,0,0,0,0,0,0,0,3,1,0,0,0,0,0,0,0,0,0,0,0,1,1,0,0,0,0,0,0,0,0,0,0,0,0,0,0,0,0,0,0,0,0,0,0,0,0,0,0,0,0,0,0,0,0,1,0,0,0,0,0,0,0,0,0,0,0,0,2,0,0,0,0,0,0,0,0,0,0,0,0,0,0,0,0,0,0,0,0,0,0,0,0,0,0,0,0,0,0,0,0,0,0,0,0,0,0,1,1,0,0,0,0,0,1,0,0,0,0,0,0,1,0,0,0,0,0,0,0,0,0,0,0,0,1,0,0,0,0,0,0,0,0,0,0,0,0,0,0,1,0,0,0,0,0,0,1,0,0,0,0,0,0,0,0,0,0,0,0,0,1,0,0,0,0,0,0,0,0,0,0,0,0,0,0,0,0,0,0,0,0,0,0,0,0,0,0,0,0,0,0,0,0,0,0,0,0,0,0,0,0,0,1,0,0,0,0,1,0,0,0,0,0,0,0,0,0,0,0,0,0,0,0,0,1,0,0,0,0,0,0,0,0,0,0,0,0,0,0,1,0,0,0,0,0,0,0,0,0,0,0,0,0,0,0,0,0,0,0,0,0,0,0,0,0,0,0,0,0,0,1,0,0,0,0,0,0,0,0,0,0,0,0,0,0,0,1,0,0,2,0,0,0,0,0,0,0,0,0,0,0,0,0,0,0,0,0,2,0,0,0,0,0,0,0,0,0,0,0,1,0,0,0,0,0,0,0,0,0,0,0,0,0,0,0,0,0,0,0,0,0,0,0,0,0,0,0,0,0,0,0,0,0,0,0,0,1,0,0,0,0,0,0,0,0,0,0,0,0,0,0,0,0,0,0,0,0,0,0,0,0,0,0,0,0,0,0,0,0,0,0,0,0,0,0,0,0,0,0,0,0,0,0,0,0,0,0,0,0,0,0,0,0,0,0,0,0,1,0,0,0,0,0,0,0,0,0,0,0,1,0,1,0,0,0,0,0,0,0,0,0,0,0,0,0,0,0,0,0,0,0,0,0,0,0,0,0,0,0,0,0,0,0,0,0,0,0,0,0,0,0,0,0,0,0,0,0,0,0,0,0,0,0,0,0,1,0,0,0,0,0,0,0,0,0,0,0,0,0,0,0,1,0,0,0,0,0,0,0,0,0,0,0,0,1,0,0,0,1,0,0,0,0,0,0,0,0,0,0,0,0,0,0,0,0,0,1,1,0,0,0,0,0,1,0,0,0,0,0,0,0,0,0,0,1,0,0,0,0,0,0,0,0,0,0,0,0,0,0,0,0,0,0,1,0,1,0,0,0,0,0,0,0,0,0,0,1,0,0,0,0,0,0,0,0,0,0,0,2,0,0,0,0,0,0,0,1,0,0,0,1,0,0,0,0,0,0,0,0,0,0,0,0,0,0,0,0,0,0,0,0,0,0,0,0,0,0,0,0,0,0,0,0,0,0,0,0,0,1,0,0,0,0,0,0,0,0,0,0,0,0,0,0,0,0,0,0,0,0,0,0,0,0,0,0,0,0,0,0,0,0,0,0,0,0,0,0,0,0,0,0,0,0,0,0,0,0,0,0,1,0,1,0,0,0,0,0,0,0,0,0,0,0,0,0,0,0,0,0,0,0,0,0,0,0,0,0,0,0,0,1,1,0,0,0,0,0,0,0,0,0,0,0,0,0,0,0,0,0,0,0,0,0,0,0,0,0,0,0,0,0,0,0,0,0,0,0,0,0,0,0,0,0,0,0,0,0,0,0,0,0,0,0,0,0,0,1,0,0,0,1,0,0,0,0,0,0,0,0,0,0,0,0,0,0,0,0,0,0,0,0,0,0,0,0,0,0,0,0,0,0,0,0,0,0,0,0,0,0,0,0,0,0,0,0,0,0,0,0,0,0,0,0,0,0,0,0,0,0,0,0,0,0,0,0,0,0,0,0,0,0,0,0,0,0,0,0,0,0,0,0,0,1,0,0,0,0,0,0,0,0,1,0,0,0,0,0,0,0,0,0,0,0,0,0,0,0,0,0,0,0,0,0,0,0,0,0,0,0,0,0,0,0,0,0,0,0,0,0,0,0,0,0,0,0,0,0,0,0,0,0,0,0,0,0,0
PHKG1,0,0,0,0,0,0,0,0,0,0,0,0,0,0,0,0,0,0,0,0,0,0,0,0,0,0,0,1,0,0,0,0,0,0,0,0,0,0,0,0,0,0,0,0,0,0,0,0,0,0,0,1,0,0,0,0,0,0,0,0,0,0,0,1,0,0,0,0,0,0,0,0,0,0,0,0,1,0,0,0,0,0,0,0,0,0,0,0,0,0,0,0,0,0,0,0,0,0,0,0,0,0,0,0,0,0,0,0,1,0,0,0,0,0,0,0,0,0,0,0,0,0,0,0,0,0,1,0,0,0,0,0,0,0,0,0,0,0,0,0,0,0,0,0,0,0,0,0,0,0,0,0,0,0,0,0,0,0,0,0,0,0,0,0,0,0,0,0,0,0,0,0,0,0,0,0,0,0,0,0,0,0,0,0,0,0,0,0,0,0,0,0,1,0,0,0,0,0,0,0,0,0,0,0,0,0,0,0,1,0,0,0,0,0,0,0,0,0,1,0,0,0,0,0,0,0,0,0,0,0,0,0,0,0,0,0,0,0,0,1,0,1,0,2,0,0,0,0,0,0,0,0,0,0,0,0,0,0,0,0,0,0,0,0,0,0,0,0,0,0,0,0,0,0,0,0,0,0,0,0,0,0,0,0,0,0,0,0,0,0,0,0,0,0,0,0,0,0,0,0,0,0,0,0,0,0,0,0,0,0,0,1,0,0,0,0,0,0,0,0,0,0,1,0,0,0,0,0,0,0,0,0,0,0,0,0,0,0,0,0,1,0,0,0,0,0,0,0,0,0,1,0,0,0,0,0,0,0,0,0,0,0,0,0,0,0,0,0,0,0,0,0,0,0,1,0,0,0,0,0,2,0,0,0,1,0,0,0,0,0,1,0,0,0,0,0,0,0,0,0,0,0,0,0,0,0,0,0,0,0,0,0,0,0,1,0,0,0,0,0,0,0,0,0,1,0,0,0,0,0,0,0,0,0,0,0,0,0,0,0,0,0,0,1,0,0,0,0,0,0,0,0,0,0,0,0,1,0,0,0,0,0,0,0,0,0,0,0,0,0,0,0,0,0,0,0,0,0,0,1,1,1,0,0,0,0,0,0,0,0,0,0,0,0,0,0,0,0,0,0,0,0,0,0,0,0,0,0,0,0,0,0,0,0,0,0,0,0,0,0,0,0,0,1,0,0,0,0,0,0,0,0,0,0,0,0,0,1,0,0,0,0,0,0,0,0,0,0,0,0,0,1,0,0,0,0,0,0,0,0,0,0,0,0,0,0,0,0,0,0,0,0,0,0,0,0,0,0,0,0,0,0,0,0,0,0,0,0,0,0,0,0,0,2,0,0,0,0,0,0,0,0,0,0,0,0,0,0,0,0,0,0,0,0,0,0,0,0,0,0,0,0,0,0,0,0,1,0,0,0,0,0,0,0,0,0,1,0,0,0,0,0,0,0,0,0,0,0,0,0,0,0,0,0,0,0,1,0,0,0,0,2,0,0,1,0,0,1,0,0,0,0,0,0,0,0,0,0,0,0,0,0,0,0,0,0,0,0,0,0,0,0,0,0,1,0,0,1,0,0,0,0,0,1,0,0,1,0,0,0,1,0,0,0,0,0,0,0,0,0,0,0,0,0,0,0,0,0,1,0,0,0,0,0,0,0,0,0,0,0,0,0,0,0,0,0,0,0,0,0,0,0,0,0,0,0,0,0,0,0,0,0,0,0,0,0,0,0,0,0,0,0,0,0,1,0,0,0,0,0,0,0,0,0,0,0,0,0,0,0,0,0,0,0,0,0,0,0,0,0,0,0,0,0,0,0,0,0,0,0,0,0,0,0,0,0,0,0,0,0,0,0,0,0,0,0,0,0,0,0,0,0,0,0,0,0,0,0,0,0,0,0,0,0,0,0,0,0,0,0,0,0,0,0,0,0,0,0,0,0,0,0,0,0,0,0,0,0,0,0,0,0,0,0,0,0,0,0,0,0,1,0,0,0,0,0,0,0,1,1,0,0,0,0,0,0,0,0,0,0,0,0,0,0,0,0,0,0,0,0,0,0,0,0,0,0,0,0,0,0,0,0,0,0,0,0,0,0,0,0,0,0,0,0,0,0,0,0,1,0,0,0,0,0,0,0,0,0,0,0,0,1,0,0,0,1,0,0,0,0,0,0,1,0,0,0,0,0,0,0,0,0,0,1,0,0,0,0,0,0,0,0,0,0,0,0,0,0,0,0,0,0,0,0,0,0,0,0,0,0,0,0,0,0,0,0,0,0,0,0,0,0,0,0,0,0,0,0,0,0,0,0,0,0,0,0,0,0,0,0,0,0,0,0,2,0,0,0,0,0,0,0,0,0,0,0,0,0,0,0,0,0,0,0,0,0,0,0,0,0,0,0,0,0,1,0,0,0,0,0,0,0,0,0,0,0,0,0,0,0,1,0,0,0,0,0,0,0,0,0,0,0,0,0,0,0,0,0,0,0,0,0,0,0,0,0,0,0,0,0,0,0,0,0,1,0,0,0,0,0,0,0,0,0,1,0,0,0,0,0,0,0,0,0,0,0,0,0,0,0,0,0,0,0,0,0,0,0,1,0,0,0,0,1,0,0,0,0,0,0,0,0,0,0,0,0,0,0,0,0,0,0,0,0,0,0,0,0,0,0,0,0,0,0,0,0,0,0,0,0,0,0,1,0,1,0,0,0,0,0,0,0,0,0,0,0,0,0,0,0,0,0,0,0,0,0,1,0,0,0,0,0,0,0,1,0,0,0,0,0,0,0,0,0,0,0,0,0,0,0,0,0,0,0,0,0,1,0,0,0,0,0,0,0,0,0,0,0,0,0,0,0,0,0,0,0,0,0,0,0,0,0,0,0,0,0,0,0,0,0,0,0,0,0,0,0,0,1,0,0,0,0,0,0,0,1,1,0,0,0,0,0,0,0,0,0,0,0,0,0,0,0,0,0,0,0,0,0,0,0,0,0,0,0,0,0,0,0,0,0,0,0,0,0,0,0,0,0,0,0,0,0,0,0,0,0,0,0,0,0,0,0,0,0,1,0,0,0,0,0,0,0,0,0,0,0,0,0,0,0,0,0,0,0,0,0,0,0,0,0,0,0,1,0,0,0,0,0,0,0,0,0,0,0,0,0,0,0,0,0,1,0,0,0,0,0,0,0,0,0,0,0,0,0,0,0,0,0,0,0,0,0,0,0,0,0,0,0,0,0,0,0,0,0,0,0,0,0,0,0,0,0,0,0,0,0,0,0,0,0,0,0,0,0,0,0,0,0,0,0,0,0,0,0,0,0,0,0,0,0,0,0,0,0,0,0,0,0,0,0,0,0,0,0,0,0,0,0,0,0,0,0,0,0,0,0,0,0,1,0,0,0,0,0,0,0,0,0,0,0,0,0,0,0,1,0,0,0,0,0,0,0,0,0,0,0,0,0,0,0,0,1,0,1,0,0
EVI2A,1,0,1,1,0,2,0,0,0,0,0,0,2,1,0,0,0,1,2,0,0,0,0,2,0,0,0,0,0,0,0,0,0,0,1,0,1,1,0,0,0,0,0,0,0,0,0,2,0,0,0,3,1,1,1,0,0,1,0,1,0,0,0,1,1,1,2,0,0,1,0,0,1,0,2,0,0,3,1,2,2,1,0,1,0,1,0,0,0,1,1,0,0,0,2,2,0,0,0,1,0,2,0,1,2,0,0,0,2,0,0,0,1,0,0,1,0,0,1,1,0,0,0,0,2,0,0,0,3,0,0,0,0,0,1,1,0,1,0,0,0,0,0,1,0,1,2,2,0,1,3,0,0,0,1,0,1,0,0,1,0,0,1,1,0,1,0,2,4,2,0,0,0,0,1,0,1,0,4,2,0,0,2,0,0,1,1,1,4,0,0,0,0,0,1,0,0,1,0,0,0,1,1,0,0,0,1,1,0,0,0,0,0,0,0,0,0,1,1,2,0,0,0,1,0,0,0,1,2,0,0,1,0,0,1,1,0,0,0,0,1,0,0,1,0,0,0,2,1,0,0,1,0,0,0,0,0,2,0,0,0,0,0,1,2,0,0,0,0,0,0,0,0,0,1,0,0,2,3,0,2,3,0,1,3,0,0,0,0,0,1,0,2,0,0,0,1,1,5,0,0,1,0,1,0,0,0,0,2,1,0,0,0,1,0,0,0,2,1,0,1,0,0,0,0,0,0,0,0,0,0,2,0,0,0,0,0,0,1,3,4,0,0,1,0,1,0,0,1,5,2,0,0,0,0,0,0,2,0,0,0,0,0,1,0,1,6,0,2,0,0,0,1,0,0,1,1,0,0,1,0,0,0,1,0,1,0,1,1,0,0,0,0,2,1,0,1,0,0,0,0,0,0,0,0,0,0,0,0,2,1,0,0,0,3,0,0,0,1,1,1,0,0,0,0,0,1,0,0,0,0,1,0,0,0,0,1,0,0,4,0,1,1,0,0,0,0,1,0,0,0,0,1,0,1,0,0,1,3,0,1,0,0,0,0,0,0,0,0,0,1,0,1,0,2,0,0,0,0,0,3,0,1,0,0,0,1,0,0,3,0,2,0,0,0,2,0,1,0,0,0,3,0,0,0,0,0,0,0,0,0,0,1,0,0,1,0,0,0,1,1,0,0,0,4,0,1,0,5,0,2,0,0,0,0,5,0,0,0,0,0,0,0,0,0,0,1,0,0,0,0,2,0,0,0,2,0,1,0,1,0,0,0,0,0,0,0,0,2,0,0,0,2,1,1,1,0,0,1,0,0,0,0,0,0,0,0,0,0,0,0,0,0,0,0,1,0,0,0,0,0,1,0,1,1,1,4,0,1,0,0,0,0,0,0,0,0,0,0,2,0,0,0,1,0,0,0,0,0,0,0,1,1,0,0,0,0,1,0,0,0,0,2,0,0,0,0,1,2,0,0,0,0,0,0,1,0,0,1,0,2,1,0,1,1,0,1,1,0,0,1,0,0,1,1,0,0,0,0,0,0,0,2,2,2,1,1,0,0,1,0,1,0,0,0,0,1,0,0,1,0,0,0,0,0,0,1,0,1,1,0,0,0,0,0,0,1,1,0,1,4,1,1,2,0,0,0,0,0,0,1,0,0,0,0,0,3,0,0,0,0,2,0,3,0,0,0,0,2,0,0,0,0,0,0,0,0,0,0,0,0,3,0,2,1,0,0,0,1,0,2,0,3,0,0,0,1,2,0,0,0,0,0,0,2,1,1,0,1,0,1,0,0,0,1,0,1,1,1,0,0,0,0,0,0,0,0,0,0,1,0,1,0,0,1,0,1,0,0,1,0,0,1,0,0,0,3,1,0,0,1,0,0,0,0,0,0,0,0,2,0,1,2,1,0,1,0,0,0,0,0,0,0,0,1,0,0,1,0,0,0,0,0,0,1,1,0,1,0,0,0,0,3,1,0,0,0,0,0,2,0,0,1,0,2,0,0,0,0,0,2,0,0,0,1,2,1,1,0,0,0,0,0,0,0,0,0,0,1,2,1,0,0,0,1,0,0,1,1,1,0,1,1,0,0,1,0,0,0,2,0,1,0,0,0,0,0,0,0,0,1,1,0,1,0,0,1,1,0,2,0,0,1,1,0,0,0,1,0,0,0,0,1,0,2,1,0,0,0,1,0,0,0,0,0,0,1,0,0,0,1,1,0,4,0,0,1,0,0,0,1,0,0,0,1,0,0,0,0,1,0,0,1,0,1,0,0,0,0,0,0,0,0,0,1,0,0,0,2,2,0,0,0,1,1,0,0,1,0,0,1,3,0,0,0,2,1,0,1,2,1,1,1,0,0,0,0,0,0,0,0,0,0,0,0,2,1,0,1,2,2,1,0,1,0,0,0,0,0,1,1,1,0,1,0,1,1,0,0,3,0,0,1,0,0,0,1,0,0,0,1,0,0,1,0,0,0,0,0,0,1,0,0,1,1,0,0,0,1,0,0,3,0,1,0,0,2,0,0,0,1,1,0,0,0,1,0,2,1,0,1,0,1,0,0,0,0,0,0,1,0,0,0,0,1,0,0,0,0,0,0,0,0,1,0,1,0,0,0,0,1,1,0,0,0,0,0,0,0,0,0,0,0,0,0,0,1,1,0,1,1,0,2,0,0,1,0,0,0,0,2,0,0,0,2,1,2,0,0,0,0,0,0,0,0,1,0,0,0,0,1,1,1,2,0,1,0,0,0,0,1,3,0,1,0,0,0,2,0,1,1,2,0,0,0,0,2,0,0,1,0,0,0,1,0,0,0,0,0,0,1,0,2,0,1,0,0,0,1,0,3,0,1,1,1,0,0,0,0,1,0,0,0,1,1,0,2,1,0,0,2,0,0,2,0,0,0,1,0,2,0,0,1,1,0,0,1,0,1,0,0,0,0,0,0,0,0,0,1,0,1,0,0,0,0,0,0,0,0,0,0,0,0,2,1,0,1,2,0,0,0,0,0,1,0,2,1,0,2,0,1,0,0,0,0,0,0,1,1,0,0,0,0,0,0,1,0,0,0,0,0,0,1,1,1,1,1,1,0,0,0,1,0,0,1,2,2,0,3,2,1,0,0,0,0,0,0,1,0,1,0,0,1,0,1,0,0,3,0,0,0,1,0,0,0,1,0,1,0,0,2,0,0,0,0,0,0,0,1,0,0,0,2,4,0,0,0,1,0,0,0,1,0,1,2,0,0,1,0,1,0,0,0,0,0,1,0,0,1,1,0,1,0,0,0,1,0,0,1,0,1,0,1,3,0,0,1,1,0,0,0,0,0,0,2,0,2,1,0,1,0,0,0,1,0,1,1,1,0,0,0,1,1,0,1,0,0,0,2,1,0,0,0,0,1,0,0,0,0,1,0,0,0,0,1,0,0,1,0,0,0,0,1,1,0,0,1,1,0,0,0,1,0,0,0,0
SLC38A2,0,0,0,0,1,0,0,0,0,0,0,0,0,1,0,0,1,0,2,0,0,0,0,1,0,0,1,0,1,0,0,0,0,1,0,0,0,0,0,0,0,0,0,0,0,0,0,0,1,0,0,0,0,1,0,0,0,1,0,0,0,0,1,0,0,2,0,0,2,0,1,1,0,0,1,1,2,0,0,0,0,0,0,1,0,0,0,0,0,1,0,0,0,0,0,0,1,0,1,2,0,0,0,0,0,1,1,0,0,2,0,0,0,0,1,1,0,0,0,0,0,0,0,0,0,2,0,0,0,0,0,0,0,0,0,0,0,0,0,2,0,0,0,0,0,1,0,0,0,0,1,1,0,1,0,0,0,0,0,0,0,0,0,1,0,0,0,0,1,1,0,0,0,0,0,0,0,0,0,0,0,2,0,0,0,0,0,2,0,0,0,0,0,0,0,0,0,0,0,0,0,0,2,3,0,1,2,0,0,0,1,1,0,0,0,0,0,0,0,0,0,0,0,0,0,2,0,0,0,1,0,0,0,1,0,0,0,0,0,1,1,0,0,0,1,0,0,1,0,0,0,1,0,1,0,1,0,0,0,1,0,0,0,0,0,0,0,0,0,1,0,0,1,0,1,1,1,0,1,0,0,0,0,0,1,0,0,0,0,0,1,0,0,1,0,0,0,0,2,0,0,0,0,0,1,0,0,0,0,0,0,0,1,0,0,0,1,0,0,0,0,0,3,0,0,0,0,0,2,0,0,0,0,0,0,0,1,0,1,1,0,0,0,0,0,0,1,0,1,2,1,0,0,0,0,0,0,0,3,0,0,0,0,0,1,1,0,0,0,0,0,0,0,0,0,0,0,1,0,0,0,1,0,0,0,0,1,0,0,0,1,0,0,0,0,0,0,0,1,0,0,0,0,0,1,0,0,0,2,0,0,0,0,1,0,0,0,0,0,0,0,0,0,0,0,1,0,2,0,1,0,0,0,1,1,0,2,0,1,0,0,2,0,0,1,1,3,0,0,1,0,0,0,0,0,0,0,0,1,0,0,3,0,0,1,0,0,0,0,0,1,0,0,2,1,0,0,0,0,0,0,0,0,1,0,1,0,0,0,0,0,1,0,0,0,1,0,0,1,1,1,0,0,0,0,1,0,0,0,0,1,0,0,0,0,0,2,0,0,0,0,0,0,0,1,1,0,0,2,1,0,2,0,1,0,2,1,0,2,0,1,0,0,0,0,1,1,0,1,1,0,1,0,0,0,1,0,0,1,1,0,0,1,0,0,0,1,0,0,0,0,1,0,0,0,1,0,0,0,0,1,0,2,0,0,0,0,0,0,0,0,0,0,0,0,0,0,0,0,0,0,0,0,1,0,1,0,0,0,0,0,1,0,0,0,0,1,0,1,1,0,0,0,0,3,0,0,0,0,0,3,1,0,0,0,0,0,1,1,1,0,0,1,0,0,0,0,0,0,0,0,0,0,0,0,0,0,0,0,2,1,0,0,2,0,0,0,0,0,1,0,0,1,0,2,1,0,0,0,1,0,0,1,0,0,0,0,0,1,0,0,0,0,0,1,0,0,0,1,0,1,0,1,1,0,1,0,0,0,0,0,1,2,0,0,1,0,0,0,0,0,1,0,0,0,0,0,0,0,0,1,1,0,0,0,0,0,0,0,0,0,0,0,1,0,2,0,1,2,0,0,0,0,0,0,0,0,0,0,1,1,0,0,0,0,0,1,0,0,0,0,1,1,0,0,0,0,0,1,0,0,0,0,0,0,0,0,1,2,0,0,0,0,1,0,0,2,0,0,0,0,0,1,0,1,0,0,1,0,0,0,0,1,0,0,0,0,0,1,1,0,0,2,1,0,1,1,0,0,0,1,0,0,0,0,1,0,0,1,0,0,0,0,0,0,1,0,0,0,0,0,0,0,0,0,0,0,1,0,0,0,0,1,1,1,0,0,0,0,0,1,1,2,0,0,0,0,0,0,0,1,0,1,2,0,1,1,0,0,0,0,0,0,0,0,0,0,0,0,0,0,0,0,1,0,0,0,2,0,0,1,0,1,0,0,0,0,0,0,0,0,0,1,0,1,0,0,0,0,0,0,0,0,0,0,0,0,0,0,2,0,0,0,0,0,0,1,1,0,1,1,1,1,0,0,0,1,0,0,0,1,0,0,1,0,0,0,0,0,0,0,4,0,0,0,0,1,0,0,0,0,0,0,0,0,0,1,0,0,0,1,0,0,0,0,1,0,0,0,0,0,1,1,1,0,1,0,0,0,0,0,0,0,1,0,1,1,0,0,1,0,1,0,0,0,0,0,0,1,0,2,2,0,1,0,1,0,0,0,2,0,1,1,0,0,0,0,0,3,0,0,0,0,1,0,1,0,0,1,0,0,0,0,0,0,0,0,0,0,0,0,0,0,0,0,0,1,0,0,1,0,1,0,0,0,0,0,0,0,0,0,1,1,0,0,0,0,0,0,0,0,0,0,0,0,0,0,0,1,0,0,0,1,0,0,0,0,0,0,0,0,0,0,0,0,1,1,0,1,0,0,0,1,1,0,1,1,0,0,0,0,0,0,0,1,0,0,0,0,0,1,0,0,0,2,0,0,0,0,0,0,0,0,0,0,0,0,1,0,0,0,0,0,0,1,0,0,0,0,0,0,0,0,0,0,0,2,0,1,0,0,0,1,0,0,0,0,0,0,0,0,1,0,0,0,0,0,2,0,0,0,0,1,0,0,0,2,0,0,0,0,0,1,1,2,0,0,2,0,0,0,1,0,0,0,1,0,0,0,0,0,1,1,1,0,0,1,0,0,0,0,0,0,0,0,0,1,0,1,0,1,0,1,0,0,0,0,0,1,0,0,0,0,0,0,0,0,0,0,1,1,0,0,0,0,0,1,1,0,0,0,0,0,0,1,0,1,1,0,0,1,0,0,0,0,0,1,0,0,0,0,0,0,0,1,0,1,0,0,0,0,0,1,1,0,0,0,1,0,0,0,0,0,2,0,0,0,0,2,0,0,0,0,1,0,0,1,0,0,0,0,0,0,0,1,0,1,1,0,0,0,0,1,0,0,0,0,0,0,0,0,2,0,1,1,0,1,0,0,1,2,0,0,0,0,1,0,0,0,0,0,1,0,0,0,1,0,0,0,0,0,0,0,0,1,0,1,1,0,0,0,0,0,0,0,1,0,1,0,0,0,1,0,0,0,0,0,0,0,2,1,0,0,0,0,0,0,0,0,0,0,0,0,0,0,0,0,0,0,0,0,0,0,0,0,0,0,0,0,0,0,0,0,0,0,0,0,1,1,0,0,0,0,0,2,0,0,0,0,0,0,0,0,0,0,1,0,1,0,0,0,0,0,0,0,0,0,0,1,0,0,1,0,0,0,3,1,0,0,0,0,0,1,0,1,0,0,1,0,1,0,0,2,0,0,0,0,2,0,0,0,0,0,0,1,0
FAM198B,0,0,0,0,0,1,2,0,0,0,1,0,0,0,0,0,0,0,0,0,0,0,1,0,0,0,0,0,0,0,0,0,0,0,0,0,0,0,0,0,0,0,0,0,0,0,0,1,0,0,0,0,0,0,0,0,0,0,0,0,0,0,0,1,0,0,0,0,0,0,0,0,0,0,0,0,0,1,0,0,0,0,0,0,0,0,0,0,0,0,0,0,0,0,0,1,0,0,0,0,0,0,0,0,0,0,0,0,1,0,0,0,0,0,0,0,0,0,0,0,0,0,0,0,0,0,0,0,1,0,0,0,0,0,0,0,0,0,0,0,0,0,0,0,0,0,1,0,0,0,2,0,0,0,0,0,0,0,0,0,0,0,1,0,0,0,1,0,0,1,0,0,0,0,0,0,0,0,0,0,0,0,0,0,0,0,0,0,1,0,0,0,0,0,0,0,0,0,0,0,0,0,0,0,0,0,0,0,0,0,0,0,0,0,0,0,0,0,0,0,0,0,0,0,0,0,0,1,0,0,0,0,1,0,1,0,0,0,0,0,0,0,0,0,0,0,0,0,1,0,0,1,0,0,0,0,0,0,0,0,0,0,0,0,0,0,0,0,0,0,0,0,0,0,0,0,0,0,2,0,0,1,0,0,0,0,0,0,0,0,0,0,1,0,0,0,0,0,1,0,0,0,0,0,1,0,0,0,0,0,0,0,0,0,0,0,0,0,0,0,0,0,0,0,0,0,1,0,0,0,0,0,0,0,0,0,0,0,0,0,0,0,0,0,0,0,0,2,0,0,1,0,0,0,0,0,0,0,1,1,0,0,0,0,0,0,0,0,0,0,0,1,0,0,0,0,0,0,0,0,1,0,1,0,0,0,0,0,0,0,0,1,0,1,0,0,0,0,0,0,1,0,0,0,0,0,0,0,0,0,0,0,0,0,0,0,0,0,0,0,1,0,0,0,1,0,0,0,0,0,0,0,0,0,0,0,1,0,0,0,0,0,0,0,0,0,0,0,0,0,0,0,1,0,0,0,0,1,1,0,0,0,0,0,4,0,0,0,0,0,1,0,0,0,0,0,0,0,0,0,1,0,0,0,0,0,0,0,0,0,0,0,0,0,0,0,0,0,0,0,0,2,0,0,0,0,0,1,0,0,0,0,0,0,0,0,0,0,0,2,0,0,0,0,0,0,0,0,0,0,0,0,0,0,1,0,0,0,0,0,0,0,0,0,0,0,0,0,0,0,0,0,0,0,1,1,0,0,0,0,0,0,0,0,0,0,0,0,0,0,0,0,0,0,0,0,0,0,1,0,0,0,0,0,0,0,0,0,0,0,0,0,0,0,0,0,0,0,0,0,0,1,0,0,0,0,1,0,0,0,1,0,0,0,0,0,0,0,0,0,0,0,0,0,0,0,0,0,0,0,0,0,0,0,0,0,0,0,0,0,0,0,0,0,0,0,0,0,0,0,0,0,0,0,0,0,0,0,0,0,0,0,0,0,0,0,0,0,0,0,0,0,0,0,0,0,0,1,0,0,0,1,0,0,0,0,0,0,0,0,0,0,0,0,0,0,0,0,0,0,0,0,0,0,0,0,0,0,0,0,0,0,0,0,0,0,0,0,0,0,0,0,0,0,0,0,0,0,0,0,0,0,0,0,0,0,0,0,0,0,0,0,0,0,0,0,0,0,0,0,0,0,0,0,0,0,0,0,0,0,0,1,0,0,0,0,0,0,0,0,0,0,0,0,0,0,0,0,1,0,0,0,0,0,1,0,0,0,0,0,0,0,0,0,0,0,0,0,0,0,0,0,0,0,0,0,0,0,0,0,0,0,0,0,0,0,0,0,0,0,0,0,0,0,0,0,0,0,0,0,0,0,0,0,0,0,0,0,0,0,0,0,0,0,0,0,0,0,0,0,0,0,0,0,0,0,1,0,0,0,0,0,0,0,0,0,0,0,0,0,0,1,0,0,0,0,0,0,0,0,0,0,0,0,1,0,0,0,0,0,0,0,0,0,0,0,0,0,0,0,0,0,0,0,0,0,0,0,0,0,2,0,0,0,0,0,0,0,0,0,0,0,0,0,0,0,0,0,1,0,0,0,0,0,0,0,0,0,0,0,0,0,0,0,0,0,0,0,0,0,0,0,0,0,0,0,0,0,0,0,0,0,0,0,0,1,0,0,0,0,0,0,0,0,0,0,0,0,0,0,0,0,0,0,0,0,0,0,0,0,0,0,0,0,0,0,0,0,0,0,0,0,0,0,0,0,0,0,0,0,0,0,1,0,0,0,0,0,0,0,0,0,0,0,0,0,0,0,0,0,0,0,0,0,0,2,0,0,0,0,0,0,0,0,0,0,0,0,0,0,0,0,0,0,0,1,0,0,0,0,0,0,1,0,0,0,0,0,0,1,0,0,0,0,0,0,0,1,1,0,0,0,0,0,0,0,0,0,0,0,0,0,0,0,0,2,0,0,0,0,0,0,1,0,0,0,0,0,0,1,0,0,0,0,0,0,0,0,0,0,0,0,0,0,0,0,0,0,0,0,0,0,0,0,0,0,0,0,0,0,0,0,0,0,0,0,0,0,0,0,0,0,0,0,0,0,0,0,0,0,0,0,0,0,0,0,0,0,0,0,0,0,0,0,0,0,0,0,0,0,0,0,0,0,0,0,0,0,0,0,0,0,0,0,0,0,0,0,0,0,0,0,0,0,0,0,0,0,0,0,0,0,0,0,0,0,0,0,0,0,0,0,0,0,0,0,0,0,0,0,0,1,0,0,0,0,1,0,0,0,0,0,0,0,0,0,0,0,0,0,0,0,0,0,0,0,0,0,0,0,0,0,1,0,0,0,2,0,0,0,0,0,0,0,0,0,1,0,0,0,1,0,0,0,0,0,0,0,0,0,0,0,0,0,0,0,0,0,0,0,0,0,0,0,0,0,0,0,0,0,0,0,0,0,0,0,0,0,0,0,0,0,0,2,0,0,0,0,0,1,0,0,0,0,0,0,0,0,0,0,0,0,0,0,0,0,0,0,0,0,0,0,0,0,0,0,0,0,0,0,0,0,0,0,0,1,0,0,0,0,0,1,0,0,0,0,0,0,0,0,0,0,0,0,0,0,0,0,0,0,1,0,0,0,0,0,0,0,0,0,0,1,0,0,0,0,0,0,0,0,0,0,0,0,1,0,0,0,0,0,2,0,0,1,0,0,0,0,0,0,0,0,0,0,0,0,0,0,0,0,0,0,0,0,0,0,0,0,0,0,0,0,0,0,0,0,0,0,0,0,0,0,0,0,0,0,0,1,0,0,0,0,0,0,0,0,0,0,0,1,0,0,0,0,0,0,0,0,0,0,0,0,0,0,0,0,0,0,0,0,0,0,0,0,0,0,0,0,1,0,0,0,0,0,0,0,0,0,1,0,0,0,0,0,0,0,0,0,0,0,0,0,0,0,0,0
CD96,0,1,1,0,0,0,0,2,0,0,0,0,0,0,1,0,0,0,0,0,0,0,0,0,0,1,0,1,0,0,0,0,0,0,0,0,0,1,0,0,1,1,0,0,0,0,0,0,1,0,1,1,0,0,1,0,0,1,0,2,0,0,0,0,0,2,0,0,1,1,0,0,1,0,0,0,0,0,0,0,3,0,0,0,0,1,0,0,2,0,0,1,1,0,0,0,0,0,0,1,1,1,0,0,0,0,1,0,0,1,0,1,0,0,1,2,0,0,0,0,0,0,0,1,0,1,1,0,0,0,0,0,0,0,1,0,0,1,0,0,0,0,0,0,0,0,0,0,1,1,0,0,0,0,0,0,0,0,0,0,0,0,0,0,0,1,0,0,0,0,1,0,1,0,0,0,1,2,0,1,0,0,0,0,0,0,0,0,0,0,0,0,0,0,0,0,0,0,0,0,0,1,0,0,0,0,0,0,0,0,0,0,1,2,0,1,0,0,0,0,0,0,0,0,1,0,0,0,2,0,0,1,0,0,0,0,0,0,1,0,0,0,0,1,0,0,0,0,0,0,0,0,0,0,0,0,1,0,0,0,0,0,0,0,1,0,0,0,0,0,0,0,0,0,0,2,0,0,0,0,0,0,1,1,0,1,0,0,0,0,2,0,0,0,1,1,0,0,0,0,1,0,0,0,0,1,0,0,0,1,0,0,1,0,1,0,0,0,0,1,0,0,0,0,0,0,0,0,0,0,0,0,0,0,0,0,0,0,1,0,0,0,1,0,0,0,1,0,0,0,0,0,1,1,1,0,0,1,0,0,0,0,0,0,0,0,0,0,1,0,0,0,1,0,1,0,0,2,1,0,0,0,0,1,1,0,0,1,0,0,1,0,0,0,0,0,0,0,0,0,0,1,0,0,0,1,0,0,0,0,2,0,0,2,1,0,0,0,0,1,0,1,2,0,0,1,0,2,0,0,0,2,0,0,0,0,0,0,0,0,0,0,0,1,1,0,2,0,0,0,0,0,0,0,0,0,1,2,0,0,0,0,0,0,1,0,0,0,0,0,0,0,0,1,0,0,0,0,0,0,0,1,0,0,0,0,0,2,0,0,0,0,0,0,0,0,0,2,0,0,0,0,0,0,1,0,0,0,0,1,0,1,0,0,0,1,0,0,0,0,0,0,0,0,0,0,0,0,0,1,0,0,0,0,0,0,0,0,0,0,0,1,0,1,0,0,0,0,0,0,1,0,0,0,0,0,0,0,1,0,0,0,0,0,0,0,1,1,0,0,0,0,0,0,0,0,0,0,0,0,0,3,0,0,0,0,0,0,0,0,0,0,0,0,1,0,0,0,0,0,1,0,0,0,0,0,0,1,0,0,0,0,2,0,0,1,1,0,0,0,0,0,0,0,0,0,0,0,0,1,0,0,0,0,0,0,0,0,0,0,0,0,1,1,0,0,0,0,1,0,1,3,1,0,0,0,0,0,0,0,0,0,0,0,0,0,0,0,0,0,0,0,0,0,3,0,0,0,0,0,0,0,0,0,0,0,1,0,0,0,0,0,0,0,1,0,0,0,0,0,0,1,0,0,0,0,0,0,1,0,0,0,0,0,0,0,0,1,0,1,0,0,0,2,0,0,0,0,0,1,0,0,0,0,0,0,0,0,0,0,1,0,0,0,2,1,0,0,0,0,0,1,0,1,0,2,0,0,1,0,0,0,0,0,0,0,0,0,1,0,0,0,0,0,0,0,0,0,0,0,0,1,0,1,0,0,0,1,0,0,1,0,0,0,0,0,0,0,0,0,0,0,0,0,1,0,0,0,0,0,0,0,0,0,0,1,0,0,0,0,0,0,0,0,0,0,0,0,0,0,0,1,0,0,1,1,0,2,0,0,0,0,0,0,1,0,0,0,0,0,0,0,0,0,0,0,0,0,0,0,0,0,0,1,0,1,0,0,0,0,0,0,0,1,0,1,0,0,0,0,1,0,0,0,0,0,1,0,0,0,0,1,0,0,0,0,0,0,0,0,0,0,0,4,0,1,1,0,0,0,0,0,0,0,0,0,0,0,0,0,0,0,0,0,0,0,1,1,0,0,0,0,0,0,0,0,0,0,0,1,0,0,0,0,0,1,1,0,1,2,0,1,0,0,1,0,0,0,1,0,1,0,1,0,0,0,0,0,0,0,0,0,0,0,0,0,0,0,0,0,1,1,0,0,0,2,0,1,0,2,0,0,1,0,0,0,0,0,0,0,0,0,2,1,0,1,0,0,0,0,0,0,0,2,0,0,0,0,0,0,0,0,0,0,0,0,1,0,0,0,0,0,0,0,0,0,0,1,0,0,1,1,1,0,0,0,0,1,0,0,0,0,1,0,1,0,0,0,0,0,1,0,0,0,0,0,0,0,0,0,0,0,0,0,0,0,0,0,0,0,0,0,1,1,0,0,0,0,0,0,1,0,1,0,1,0,0,1,0,1,0,1,0,0,0,0,2,1,0,1,1,0,0,0,0,0,0,2,0,0,1,0,0,0,0,0,0,0,0,0,0,0,0,1,0,0,1,0,0,0,1,0,0,1,1,0,0,0,0,0,0,0,0,0,0,0,0,0,0,0,0,1,2,0,0,2,0,1,1,2,0,0,1,0,0,1,0,1,0,0,0,0,0,0,0,1,0,0,0,0,0,0,0,0,0,1,0,0,0,0,0,0,0,0,1,0,0,0,0,0,0,0,0,0,1,0,0,0,0,0,1,0,0,0,0,0,0,0,0,0,0,0,1,0,0,0,0,0,0,0,0,0,1,0,0,0,0,0,0,0,0,0,0,0,0,1,0,0,2,0,0,1,0,0,1,0,0,0,1,1,0,1,0,0,0,0,0,1,0,0,0,0,2,1,0,0,0,0,0,0,0,0,0,0,0,0,1,1,0,0,0,0,0,0,0,0,0,1,1,0,0,0,1,0,0,0,0,0,0,0,0,0,0,0,0,0,0,0,0,0,1,0,0,0,0,0,1,0,1,0,0,0,1,0,0,0,2,1,1,0,0,1,0,0,0,0,0,0,0,1,0,0,0,0,0,0,0,0,1,0,0,0,0,0,0,0,0,0,1,0,0,2,0,0,0,1,0,0,1,0,0,0,0,0,1,0,0,0,0,0,0,0,0,0,0,0,0,0,0,0,1,0,1,0,0,0,0,0,0,0,0,1,0,0,0,1,1,0,0,1,0,0,0,0,0,0,0,0,0,0,1,0,0,0,0,0,0,0,0,0,1,1,1,0,0,0,0,0,0,0,0,0,0,0,0,0,0,0,0,0,0,1,0,0,0,0,1,0,0,0,0,1,0,0,0,0,2,0,0,0,0,0,0,0,0,0,0,0,1,1,0,0,0,0,0,0,0,0,0,0,0,0,2,0,0,0,1,2,1,1,1,0,0,0,0,0,0,0,0,0,0,0,1,0,0,0
PIK3R1,0,0,0,0,0,0,0,0,1,0,0,0,0,0,0,1,0,1,0,0,0,0,0,0,0,0,0,1,0,0,0,0,0,0,0,0,0,1,0,0,0,1,0,1,2,0,0,0,1,0,1,1,0,0,0,0,0,0,1,0,1,0,0,0,1,2,0,0,1,0,0,0,0,0,0,0,0,0,0,0,0,0,0,0,1,0,0,1,0,0,0,0,0,0,0,0,0,0,0,0,0,0,0,0,0,0,0,0,0,0,2,2,0,0,0,0,1,0,0,0,0,1,0,0,0,0,0,0,0,0,0,0,0,0,0,0,1,0,0,0,0,0,0,0,1,0,0,0,0,1,0,0,2,1,1,0,0,0,0,0,0,0,0,0,0,2,0,3,1,0,0,0,1,0,0,1,0,1,0,0,0,0,0,0,0,0,0,0,0,0,0,0,1,0,0,0,0,0,0,0,0,0,0,0,1,0,0,0,0,0,1,0,1,0,1,2,1,0,0,0,0,0,0,0,0,0,0,0,0,0,0,0,0,1,0,0,0,0,0,0,0,0,0,0,0,0,0,0,0,0,0,0,0,0,0,0,0,0,0,0,0,0,0,0,0,2,1,0,0,0,0,2,0,0,2,0,0,1,0,0,0,0,0,0,0,1,0,0,0,0,0,0,0,1,0,0,0,0,1,0,0,0,0,1,0,0,0,0,1,0,0,0,0,1,0,0,0,0,0,0,0,0,0,0,0,0,0,0,0,0,0,0,0,0,0,0,0,0,0,0,0,0,0,0,0,0,0,1,1,0,0,0,0,0,0,0,0,0,0,0,1,0,0,0,0,1,1,1,0,0,1,0,1,0,1,1,1,0,1,0,0,0,0,1,1,0,0,0,0,0,0,1,0,0,0,0,0,0,0,0,0,0,0,0,0,0,1,0,0,0,1,1,0,0,1,0,0,0,0,0,0,0,0,0,0,0,1,3,1,0,0,1,1,0,0,1,0,1,1,0,1,0,0,1,1,0,0,1,0,0,0,1,0,1,0,0,0,1,0,0,0,0,0,1,0,1,0,0,0,0,0,0,0,1,0,1,0,2,0,1,0,0,0,0,0,0,0,0,0,0,1,2,0,0,0,1,0,0,0,0,0,0,0,0,0,0,0,1,0,0,0,0,0,2,0,0,0,0,0,0,0,0,0,0,0,0,0,0,0,0,0,0,0,0,0,0,0,0,0,1,1,0,1,0,0,2,0,0,0,0,1,0,0,1,3,1,0,0,0,0,0,0,0,0,0,0,0,0,0,0,0,0,1,2,0,1,0,0,0,0,0,0,0,0,0,0,0,0,0,0,1,0,0,0,0,0,0,0,0,0,1,0,0,0,0,0,1,0,0,1,1,0,1,1,0,0,0,0,0,0,0,0,2,1,0,0,0,0,0,0,0,1,1,0,0,0,0,0,0,0,0,0,1,0,0,0,0,0,0,0,0,0,0,0,0,0,0,0,0,0,0,0,0,0,1,1,0,0,1,0,0,0,0,1,1,0,0,0,0,0,0,1,0,0,1,1,0,2,0,0,0,0,0,0,0,0,0,0,0,0,0,0,0,0,1,0,0,0,0,1,0,0,0,0,0,0,1,0,0,0,0,0,0,1,0,0,0,0,0,0,1,0,0,0,0,0,0,0,1,0,0,0,1,0,1,1,0,0,1,0,1,0,0,0,0,0,0,0,0,1,0,0,0,0,0,1,1,0,1,0,0,0,0,0,1,0,0,1,0,0,0,0,0,1,0,1,0,0,0,0,0,1,0,0,0,0,1,0,0,0,0,0,0,1,0,0,1,1,2,0,1,0,0,0,0,0,0,0,0,0,1,1,0,0,0,2,0,0,0,0,0,0,0,0,0,0,1,0,0,0,0,0,0,0,0,0,1,1,0,0,0,0,0,0,0,0,0,0,0,0,0,1,0,0,0,0,1,0,0,0,0,0,0,0,0,2,0,0,0,0,0,0,0,0,0,0,0,0,0,0,0,1,0,0,0,0,0,0,0,0,1,2,0,1,0,0,0,0,0,0,0,0,0,0,0,0,0,0,1,0,0,0,0,0,0,0,0,0,0,0,0,0,0,0,0,1,0,0,1,0,1,0,0,0,0,0,0,0,0,2,0,0,0,0,0,1,0,2,0,0,0,0,0,0,0,0,0,0,0,0,0,0,0,0,0,0,0,0,0,0,1,0,0,0,0,2,0,0,0,0,0,0,0,1,0,0,0,0,0,0,0,0,0,0,1,0,0,0,0,2,0,0,0,0,0,0,0,0,0,0,0,0,0,0,0,0,0,0,0,0,0,0,0,1,0,1,0,0,0,1,0,0,0,0,0,0,0,0,1,0,0,0,0,0,0,0,0,1,0,0,1,0,0,0,1,0,0,0,0,0,1,0,0,0,0,0,0,1,0,0,2,0,0,0,0,0,0,0,0,0,0,0,1,0,0,0,0,1,0,0,0,1,0,0,1,1,0,0,0,0,1,0,0,0,0,0,0,0,3,0,0,1,1,1,0,0,0,0,0,0,0,0,1,1,1,0,0,0,0,0,0,0,0,0,3,0,0,1,1,0,0,0,0,1,0,0,0,0,0,0,0,0,0,0,0,0,0,0,0,0,0,0,0,0,0,0,0,1,2,0,0,0,0,0,0,0,2,0,0,0,0,0,0,0,0,0,0,0,0,2,0,0,0,0,0,0,0,0,0,0,0,0,1,0,0,0,0,0,0,0,0,0,0,0,0,0,0,0,2,0,1,1,0,0,0,0,0,0,0,0,1,1,0,0,0,0,0,1,1,0,0,0,0,0,0,1,1,0,0,0,0,0,0,0,0,0,0,0,0,1,0,1,0,0,0,0,0,0,0,0,1,0,0,1,1,0,1,0,0,0,0,0,1,0,0,0,0,0,0,1,0,0,0,0,1,1,0,0,0,0,0,0,1,0,2,0,0,0,1,0,0,0,0,0,0,0,0,0,0,0,0,0,0,0,0,1,0,0,2,0,0,0,0,1,0,0,0,0,0,1,0,0,0,0,0,0,0,0,0,1,1,0,0,0,0,0,1,1,0,0,0,0,0,0,0,0,0,0,0,0,0,0,0,0,0,0,0,0,2,0,1,0,2,0,0,0,0,0,0,1,0,1,0,0,0,0,0,1,0,0,1,1,0,0,0,0,0,0,1,1,0,0,0,0,0,0,0,0,0,0,1,0,1,0,1,0,0,0,0,0,1,0,0,0,0,1,1,1,0,0,0,1,0,1,1,0,0,1,0,1,0,0,0,0,0,0,0,0,2,0,0,1,0,0,0,0,0,1,0,0,0,0,1,0,0,0,0,1,0,0,0,0,1,0,1,0,0,0,0,0,0,0,0,1,0,0,0,1,0,0,0,0,1,0,0,2,0,0,0,0,0,1,0,1,0,0,0,1,0,0,0,1,0,0,0,0
TPR,0,0,0,0,0,0,0,0,0,1,0,0,1,0,0,2,0,1,0,0,0,0,0,0,0,0,0,0,0,0,0,0,0,0,0,0,0,0,1,0,0,1,0,0,0,0,0,0,0,0,0,0,0,0,1,0,0,1,0,0,0,1,0,0,0,1,0,0,0,0,1,1,0,0,1,0,1,1,0,0,1,0,0,0,1,0,1,1,1,1,0,0,0,2,1,0,0,0,1,1,0,0,0,0,0,0,0,0,0,0,0,0,0,0,1,0,0,2,0,0,0,0,0,1,0,1,0,0,0,0,1,0,0,0,0,1,0,0,0,0,0,1,1,0,1,0,0,0,0,0,0,0,1,1,0,0,0,0,0,0,1,0,0,0,1,0,1,0,0,1,0,0,1,0,0,0,0,0,0,0,0,1,0,0,0,1,1,3,0,2,0,1,0,0,0,0,0,0,0,0,0,2,0,0,0,0,0,1,2,0,0,0,1,0,0,0,1,2,1,0,0,1,0,0,0,0,0,0,2,1,2,0,1,0,0,1,1,0,1,0,0,0,0,0,0,0,0,0,1,0,0,0,0,2,0,0,0,0,0,0,0,0,0,0,0,0,0,0,0,2,0,1,0,0,0,0,0,1,0,1,0,0,1,0,1,3,0,0,1,1,0,0,0,0,1,0,0,0,1,0,0,0,0,1,0,0,0,0,0,0,0,0,1,0,1,0,1,0,0,0,0,1,0,0,0,0,0,0,1,0,0,0,0,1,0,0,2,0,0,0,0,0,0,2,0,2,0,0,2,1,0,0,1,0,0,0,1,0,1,0,1,1,0,0,1,1,2,0,0,0,2,0,0,0,0,0,0,0,0,0,0,0,0,0,0,0,0,3,0,0,0,0,0,0,0,0,1,0,0,1,0,1,0,1,3,0,1,0,1,1,3,1,1,0,0,2,0,0,1,0,0,0,0,1,0,1,0,0,1,1,0,0,0,0,0,0,0,0,1,1,1,0,0,0,2,1,0,0,0,1,0,0,0,0,0,1,0,0,0,0,1,0,1,1,0,0,0,0,0,0,0,0,1,0,0,0,0,0,1,0,0,0,0,0,1,1,0,0,0,0,0,0,1,0,3,0,0,1,1,0,0,0,0,1,0,0,0,2,1,0,0,0,0,1,1,0,0,0,0,0,1,1,2,0,1,0,0,2,1,1,0,2,0,0,1,1,2,1,1,0,3,1,0,0,1,1,0,0,0,1,1,2,1,1,0,1,0,0,0,1,0,1,0,0,1,1,1,1,2,0,0,1,2,1,0,0,0,1,0,0,1,1,1,0,0,1,2,0,1,0,0,0,0,0,1,0,1,2,1,0,0,0,0,0,0,2,0,1,1,0,0,0,0,0,1,0,0,0,0,0,0,3,0,0,0,0,0,1,0,1,0,0,0,0,1,0,0,0,0,1,0,0,1,1,1,0,1,0,0,1,0,1,0,0,0,1,0,0,0,0,1,1,0,0,0,0,0,0,0,0,0,0,1,0,1,3,0,0,0,0,0,2,0,0,0,0,0,2,0,0,0,0,2,0,0,0,0,1,0,0,1,0,3,0,0,0,0,0,0,1,0,0,0,1,0,0,0,0,1,0,0,1,0,1,0,2,1,0,0,2,0,0,1,0,0,0,0,2,0,0,0,1,0,0,0,0,0,2,0,0,0,0,0,0,1,0,1,0,1,0,0,0,1,0,0,0,3,0,0,0,1,0,2,1,0,0,0,0,0,1,1,0,0,0,0,0,1,0,2,1,0,0,1,0,1,1,0,0,1,1,0,0,0,0,0,0,1,0,0,0,0,0,0,0,1,0,0,0,0,0,0,0,1,0,0,0,2,0,0,0,0,0,0,1,1,0,0,1,0,0,1,1,0,0,1,3,0,0,0,0,0,0,0,0,1,0,0,0,0,0,0,1,0,0,0,0,0,0,1,0,0,0,0,0,1,0,0,0,2,0,0,0,0,0,0,0,0,0,0,2,1,0,0,0,0,0,0,2,1,1,0,0,0,0,0,0,0,0,0,0,0,0,1,0,0,0,0,0,0,1,0,0,0,1,1,0,0,3,0,2,0,0,0,0,0,0,0,1,0,0,2,0,0,0,0,0,0,0,0,1,0,0,0,0,0,0,0,2,0,0,1,1,1,0,0,0,0,0,1,0,0,1,0,0,0,0,0,3,0,1,0,0,0,1,0,2,1,0,0,0,0,0,2,0,0,0,0,0,1,0,0,0,1,0,0,0,0,1,0,0,1,0,0,0,1,1,1,0,1,0,0,0,1,1,0,0,1,1,0,2,2,0,0,0,0,0,0,1,0,0,0,0,0,0,0,1,0,0,0,0,3,0,1,1,0,0,0,0,0,1,0,0,0,1,0,1,0,0,0,1,0,0,1,1,0,1,0,0,0,1,2,0,0,0,0,1,0,3,0,0,0,1,0,2,0,0,0,0,0,0,0,0,1,1,0,1,1,0,1,0,3,0,1,1,0,0,0,1,0,2,0,0,1,0,0,1,0,0,0,1,0,0,0,0,0,0,0,0,0,1,0,0,1,0,0,0,1,0,1,1,0,0,2,2,1,0,0,0,1,0,0,2,0,0,0,1,0,1,0,0,0,0,1,0,0,0,0,0,0,0,1,0,0,1,0,1,0,0,0,0,0,0,3,0,0,0,0,0,1,0,0,1,0,0,0,5,3,0,1,1,0,0,0,1,0,2,1,0,2,1,1,1,0,0,0,0,0,0,0,0,0,1,2,0,0,1,1,1,0,2,1,1,0,1,0,0,1,1,0,1,0,0,0,0,0,0,0,1,0,0,1,1,1,0,0,1,0,0,0,0,1,0,0,0,0,0,1,2,0,1,1,0,2,2,0,1,1,0,0,0,0,0,2,0,0,2,2,1,1,3,0,0,0,0,0,0,0,0,0,1,0,1,1,0,0,3,0,0,0,0,0,0,0,1,1,0,0,1,0,0,1,1,2,0,0,0,0,1,5,0,0,1,0,0,0,1,0,0,0,0,0,0,0,0,0,1,1,1,0,0,1,0,0,0,0,0,2,0,0,0,0,0,0,0,0,1,0,0,1,0,1,2,0,0,0,1,0,0,0,0,0,1,2,1,1,0,0,0,0,1,0,0,0,0,0,0,0,0,0,2,5,0,0,0,0,0,0,2,1,0,0,0,0,0,1,0,1,1,0,1,0,3,0,0,0,0,1,0,0,0,0,2,0,0,0,0,0,0,1,0,0,1,0,0,0,0,0,0,0,1,1,0,1,0,0,0,0,0,1,0,0,0,0,1,1,0,0,0,2,0,0,1,0,0,0,0,0,0,0,0,0,2,1,0,1,0,0,2,2,0,0,0,0,3,0,0,1,0,1,1,0,0,1,0,0,0,2,0,0,1,1,0,0,0,0,2,0,0,1,2,0,4,0,0,1,0
DYNLT1,1,0,1,0,0,0,1,1,0,0,1,0,1,0,0,0,0,0,2,1,0,0,0,0,0,0,0,0,0,0,0,1,0,0,0,0,0,0,1,1,1,0,1,2,0,0,0,0,0,0,0,0,0,0,0,0,0,0,0,1,0,0,0,0,0,0,1,0,0,0,0,0,0,0,1,0,0,2,0,1,0,0,0,1,1,0,0,0,0,0,0,0,0,0,0,4,0,0,0,0,0,1,0,0,1,0,0,0,0,0,0,0,1,1,0,0,0,1,0,0,1,1,0,0,0,0,0,0,2,0,0,0,0,0,0,0,0,0,0,0,0,0,0,0,0,0,0,2,0,0,0,0,1,0,0,0,0,0,0,0,0,0,0,0,0,0,0,0,0,1,0,0,0,0,0,0,0,0,1,0,0,0,0,0,1,0,0,0,1,0,0,0,0,0,1,0,1,0,0,0,0,0,0,0,0,1,0,1,2,0,0,0,2,0,1,0,2,0,0,1,1,0,0,0,0,1,0,0,0,0,1,0,0,1,0,0,0,1,0,0,1,1,0,1,1,0,0,0,2,0,0,0,0,0,0,0,0,0,0,0,0,0,0,1,0,0,0,0,0,0,0,2,0,0,0,1,0,0,0,0,1,0,0,0,0,0,1,0,0,0,1,0,0,0,1,0,0,1,1,0,0,0,0,0,0,0,0,2,0,0,0,0,0,1,0,0,0,0,0,0,0,0,0,1,2,0,1,0,0,0,0,1,0,0,1,0,0,0,0,0,0,1,1,0,0,0,0,0,0,1,2,0,1,0,0,0,0,1,0,0,0,0,0,1,0,1,1,0,1,0,0,0,0,0,1,0,0,0,0,0,0,0,1,1,0,1,0,0,0,0,0,0,0,2,0,0,1,0,0,0,0,0,0,0,2,1,1,2,0,0,0,0,0,0,0,1,0,0,0,0,1,1,2,0,1,0,0,0,0,0,0,0,0,0,3,0,0,0,0,1,1,0,0,0,1,0,0,0,0,0,1,0,1,0,0,0,0,0,1,0,0,0,0,1,0,1,0,1,1,0,0,0,0,0,0,0,0,0,0,0,0,0,0,0,0,1,1,1,0,0,0,0,0,0,0,1,1,0,0,0,1,0,0,0,0,0,0,0,0,0,0,0,0,0,0,0,1,0,1,0,0,0,1,0,0,0,0,0,1,2,2,0,0,0,0,1,0,1,1,0,0,0,0,0,0,0,0,0,1,0,0,0,0,0,0,0,0,1,0,0,0,0,1,0,0,1,1,0,1,0,1,0,2,0,0,0,0,0,2,1,0,0,1,0,1,0,0,0,0,0,1,0,0,0,0,0,0,0,0,0,0,0,0,0,1,2,1,1,1,0,0,1,1,0,0,0,0,0,0,0,0,1,0,0,0,0,2,2,3,1,0,0,1,0,0,0,0,0,0,0,0,0,1,0,0,0,1,1,0,0,0,0,0,0,0,0,0,1,0,0,0,0,0,0,0,0,0,0,0,0,0,0,2,1,0,0,1,0,0,0,0,0,0,0,0,0,0,0,1,0,0,0,0,0,0,0,0,0,0,0,1,0,1,0,0,0,0,0,0,0,0,0,0,1,2,0,0,0,1,0,0,0,0,0,0,0,0,0,0,1,0,0,0,0,0,0,1,0,0,0,0,0,0,1,1,0,0,0,0,0,1,0,0,0,0,0,0,0,1,0,0,0,0,0,1,0,0,0,0,0,0,0,0,0,0,1,0,0,2,0,1,0,0,1,4,0,0,1,0,0,1,0,1,0,1,0,0,1,0,0,0,0,0,0,0,0,0,0,0,0,0,0,0,0,0,0,0,0,0,0,0,0,1,0,0,0,0,0,0,0,0,0,0,1,0,0,1,0,0,0,0,0,1,0,0,0,0,0,0,0,0,0,0,0,0,0,0,1,0,1,0,2,0,1,0,0,0,0,0,0,0,0,0,0,0,0,0,0,0,1,1,0,0,1,0,0,0,0,0,2,1,1,0,1,0,0,0,0,1,0,0,0,0,0,0,0,0,0,0,0,0,0,0,0,1,0,0,0,0,0,0,0,1,0,0,0,0,0,0,1,0,0,0,0,0,0,0,1,0,0,0,0,0,0,0,0,0,0,0,0,0,0,0,1,0,0,0,0,0,0,0,0,0,0,0,0,0,1,0,0,0,0,0,1,0,0,0,0,1,1,0,0,0,0,0,0,0,0,0,0,0,0,0,0,0,0,0,0,0,0,0,0,0,0,0,0,0,0,0,0,0,0,0,0,0,0,0,0,1,4,0,0,0,0,1,0,0,0,0,0,0,0,0,0,0,2,0,0,0,0,0,0,0,0,0,0,0,0,0,0,1,0,1,0,1,0,1,0,1,0,0,0,0,0,0,0,1,1,0,4,0,1,0,1,0,0,0,0,0,2,1,1,1,0,0,0,0,0,0,0,0,1,0,1,0,0,0,0,0,0,0,1,2,0,2,0,1,0,0,0,0,1,0,0,1,1,1,0,2,1,0,0,2,0,0,0,0,0,1,0,0,0,0,0,0,0,0,0,0,0,1,0,0,0,0,0,0,0,1,0,0,0,0,0,0,0,0,0,0,0,1,0,0,0,0,0,0,0,0,0,0,0,0,0,0,0,0,0,0,1,1,0,0,0,0,0,0,0,0,0,0,0,0,0,0,1,2,0,0,0,0,1,0,0,0,0,0,2,0,0,0,0,0,0,0,0,2,0,0,0,0,1,0,0,0,0,2,0,1,0,2,0,0,0,0,0,0,1,0,0,0,0,0,1,0,0,1,2,0,0,1,0,1,0,0,1,0,0,0,0,0,0,0,0,2,0,0,0,1,0,0,0,0,0,0,0,0,0,0,2,0,0,0,0,0,0,0,0,0,1,0,0,0,0,0,0,0,0,0,0,0,0,0,0,0,0,0,0,0,0,0,0,0,0,0,0,0,2,0,0,0,0,1,0,1,0,1,0,0,0,0,0,0,0,1,0,1,0,0,0,1,0,0,0,0,0,1,0,2,0,0,0,0,0,1,0,0,0,1,0,0,1,0,1,0,2,0,0,0,0,0,0,0,0,1,1,0,0,0,1,0,1,0,0,0,0,0,0,0,0,0,1,0,0,0,0,0,0,0,0,0,1,0,0,0,0,0,0,0,0,0,0,0,0,2,0,0,1,0,0,0,0,1,1,0,0,0,1,0,0,0,0,0,0,0,1,0,0,0,0,1,0,0,0,0,0,0,0,0,0,0,0,0,0,0,0,0,0,0,1,0,0,0,1,0,1,0,0,0,0,0,0,0,0,1,0,0,0,0,1,0,0,0,0,0,1,0,1,0,1,0,1,0,0,0,0,0,0,1,0,0,0,1,0,0,0,0,0,0,1,0,0,0,0,0,0,0,0,0,0,0,1,0,0,0,0,0,0,0,0,0,0,0,0,1,0
STRBP,0,0,0,0,0,0,0,0,0,0,1,0,0,0,0,1,0,0,0,0,0,0,0,1,0,1,0,0,0,1,0,0,1,0,0,0,0,1,1,2,1,0,0,0,0,0,0,0,0,0,0,0,0,0,0,0,0,0,0,0,1,0,0,0,0,0,0,0,0,0,0,0,0,0,0,0,0,0,0,0,1,0,0,0,0,0,0,0,0,0,0,0,0,0,0,0,0,1,0,0,1,0,0,0,0,0,0,0,0,0,0,0,0,0,0,0,0,0,0,0,0,0,0,0,0,0,0,0,0,0,0,0,0,1,0,0,0,0,0,0,0,0,0,0,0,0,0,0,0,0,0,0,0,0,0,0,0,0,0,0,0,0,0,0,0,0,0,0,0,0,0,0,0,0,0,0,0,0,0,0,0,0,1,0,0,0,0,0,0,0,0,0,0,0,0,0,0,0,0,1,0,0,0,0,0,0,0,0,1,0,0,0,0,0,0,0,0,0,0,0,0,0,1,0,0,0,0,0,0,0,0,0,0,0,0,0,1,2,0,0,0,0,0,0,0,1,0,0,0,0,0,0,0,0,0,0,0,1,0,0,0,0,0,0,0,0,0,0,0,0,0,0,0,0,0,0,0,0,0,0,0,0,0,0,0,0,0,0,0,0,0,0,0,0,0,0,0,0,0,0,0,0,0,0,0,0,0,0,0,0,0,0,0,0,0,0,0,0,0,0,0,0,0,0,0,0,0,0,1,0,0,0,0,0,0,0,0,0,0,0,0,0,0,0,1,0,0,0,0,0,0,0,0,0,0,0,0,0,0,0,0,1,0,0,0,0,1,0,0,0,0,0,0,0,0,0,0,0,0,0,0,0,0,0,0,0,0,1,0,0,0,0,0,0,0,0,1,0,0,0,0,1,0,0,0,0,0,0,0,0,0,0,0,0,0,0,0,0,0,0,0,0,0,0,0,0,0,0,0,0,0,0,0,0,0,0,0,0,0,0,0,0,0,0,0,0,0,0,2,0,0,0,0,0,0,0,0,0,0,1,2,0,0,0,0,0,0,1,0,0,0,0,0,0,0,0,0,0,0,0,0,0,0,1,0,0,0,0,0,0,0,1,0,0,0,0,0,0,0,0,0,0,0,0,0,1,0,0,0,0,0,0,0,0,0,0,0,0,0,0,1,0,0,0,0,0,0,2,0,0,0,1,0,0,0,0,0,0,0,0,1,0,0,0,0,0,0,0,0,0,0,1,0,0,0,0,1,0,0,0,0,0,0,0,0,0,0,0,0,1,0,0,0,0,0,0,0,0,0,0,0,0,0,0,0,0,1,0,0,0,0,1,0,0,1,1,0,0,0,0,0,0,0,0,0,0,0,0,0,0,0,0,0,0,0,0,0,0,0,0,0,0,0,0,0,0,0,0,0,0,0,0,0,0,0,0,0,0,1,0,0,0,0,0,0,0,0,0,0,0,0,0,0,0,0,0,0,0,0,0,0,0,2,0,0,0,0,0,0,0,0,0,0,0,0,0,0,0,0,0,0,0,0,0,0,0,0,0,0,0,0,0,0,0,0,0,0,1,0,0,0,0,2,0,0,0,0,0,0,2,0,0,0,0,0,0,0,0,0,0,0,0,0,0,0,0,0,0,0,0,0,0,0,0,2,0,0,0,0,0,2,0,0,0,0,0,1,0,0,0,0,0,0,0,0,0,0,0,0,0,1,0,0,0,0,1,0,0,1,0,0,0,0,0,0,0,0,1,0,0,0,0,0,0,0,0,0,0,0,0,0,0,0,0,0,0,0,0,0,0,0,0,0,0,0,0,0,0,1,0,0,0,0,0,0,0,0,0,0,0,0,0,0,0,0,0,0,0,1,0,0,0,0,0,0,0,0,0,0,0,0,0,0,0,0,0,0,0,0,0,0,0,0,0,0,0,0,0,0,0,0,0,0,0,0,0,0,0,0,0,1,0,0,0,0,0,0,0,1,0,0,0,0,0,0,0,2,0,0,1,0,0,0,0,0,0,1,0,1,0,0,1,0,0,0,0,1,0,0,0,0,0,0,0,0,0,1,0,0,0,0,0,0,0,0,0,0,0,0,0,0,0,0,0,0,0,0,0,0,0,0,0,1,0,0,0,0,0,0,0,0,0,0,0,0,0,1,0,0,0,0,0,0,0,0,0,0,0,0,0,0,0,0,0,0,1,0,0,0,0,1,1,0,0,0,0,0,0,0,0,0,0,0,0,0,0,0,0,0,0,0,0,1,0,0,0,0,0,0,0,0,0,0,0,0,0,0,0,0,0,0,0,0,0,1,0,0,0,0,0,0,0,0,0,0,0,0,0,0,0,0,0,0,0,0,0,0,1,0,0,0,0,0,0,0,0,0,0,0,0,0,0,0,0,0,0,0,0,0,0,0,0,0,0,0,2,0,0,0,0,0,0,0,0,0,0,0,0,0,0,0,0,0,0,0,0,0,0,0,0,0,0,0,0,0,0,0,0,1,0,0,0,1,0,0,0,0,0,0,0,0,0,0,0,1,0,0,0,0,0,0,0,0,0,0,0,1,0,0,0,0,0,0,0,0,2,0,0,0,1,0,0,0,0,1,0,0,0,0,0,0,0,0,0,0,0,1,0,0,0,4,0,0,0,2,0,0,0,1,0,0,0,0,0,0,0,0,0,0,0,0,0,0,0,0,0,0,0,0,1,0,0,0,0,0,0,0,0,0,0,1,0,0,0,0,0,0,0,0,0,0,0,0,0,0,4,0,0,0,0,0,0,0,0,0,2,0,0,0,0,0,0,0,0,0,0,0,0,1,0,0,0,0,0,0,0,0,0,0,1,0,0,0,0,0,0,0,0,0,0,0,0,0,0,0,0,0,0,0,0,0,0,0,0,0,0,0,0,0,0,1,1,0,0,0,0,0,0,0,0,0,0,0,0,0,1,0,0,0,0,0,0,0,0,0,0,0,0,0,0,0,0,0,0,1,0,1,0,0,0,0,0,0,0,0,0,0,0,0,0,0,0,0,0,0,0,0,0,0,0,0,0,0,1,0,0,1,0,0,0,0,0,0,0,0,0,0,0,0,0,0,0,0,0,0,0,0,0,0,1,0,0,0,0,1,0,0,0,0,0,0,0,0,0,0,0,0,0,0,0,0,0,0,0,0,0,0,0,0,0,0,0,0,0,0,0,0,0,0,0,0,0,0,0,0,0,0,0,0,0,0,0,0,0,0,0,0,0,0,0,0,0,0,0,0,0,0,0,0,0,0,0,0,0,0,0,0,0,0,0,0,0,0,0,0,0,0,0,0,0,0,0,0,0,0,0,0,0,0,0,0,0,0,0,0,0,0,0,0,0,0,0,0,0,0,0,0,0,0,0,0,0,0,0,0,0,0,0,0,0,0,0,0,0,0,0,0,0,0,0,0,0,0,0,0,0,0,0,0,0,0,0,0,0,0,0
ALOX5,0,0,0,0,0,1,1,0,0,0,0,0,0,0,0,0,0,0,1,0,0,0,1,0,0,0,0,0,0,0,0,0,0,0,0,0,0,0,0,0,0,0,1,0,0,0,2,0,0,0,0,0,0,0,0,0,0,0,0,0,0,0,0,0,0,0,0,0,0,0,0,0,0,0,1,0,0,0,0,0,0,0,2,0,0,0,0,1,0,0,0,0,0,1,0,0,0,0,0,0,0,0,1,0,0,0,0,0,0,0,0,0,1,1,0,0,0,0,0,0,0,0,1,1,0,0,0,0,0,0,0,0,0,0,0,0,0,0,1,0,0,0,0,1,0,0,1,0,0,0,1,0,0,0,0,0,0,0,0,0,0,0,0,0,0,0,0,0,0,2,0,0,0,0,0,0,0,0,1,0,0,0,1,0,2,1,0,0,0,1,1,0,0,0,0,4,0,0,0,0,0,0,0,0,0,0,0,1,1,0,0,0,0,0,0,0,0,0,0,0,0,0,0,0,0,0,0,1,0,0,0,0,0,0,0,0,0,0,0,0,0,0,0,0,0,1,0,0,1,0,0,0,0,0,0,0,0,0,0,0,0,0,0,1,0,0,0,0,0,0,0,0,0,0,0,0,0,0,1,0,1,0,0,0,0,0,0,0,0,0,0,0,0,0,0,0,0,0,0,0,1,0,0,0,0,0,0,0,1,0,0,0,0,0,0,0,0,0,0,0,0,0,0,0,0,0,0,1,1,0,0,0,0,0,0,0,0,0,0,1,1,0,0,0,0,0,0,0,0,0,1,0,0,0,0,0,0,0,0,0,0,1,0,1,0,0,0,0,0,0,0,0,0,0,0,2,0,0,1,0,0,0,0,0,0,0,0,0,0,0,0,0,0,0,0,0,0,1,0,0,0,0,0,0,0,0,0,0,1,2,0,0,1,0,0,1,0,0,0,0,0,0,0,0,1,0,0,0,0,0,0,0,0,0,0,1,0,0,0,0,0,0,0,0,0,1,0,0,0,0,0,0,0,0,0,0,0,0,1,2,0,0,0,0,1,2,0,0,0,0,0,0,0,0,0,0,1,0,0,0,0,1,0,0,0,0,0,0,0,1,0,0,0,0,0,0,0,0,0,0,0,0,0,0,0,1,0,0,0,0,1,0,1,0,0,1,0,0,0,0,0,0,0,1,0,0,0,0,0,0,2,2,0,0,0,0,0,0,0,0,1,0,0,0,0,0,0,0,1,0,0,1,0,0,0,0,0,0,0,0,0,0,0,0,0,0,0,0,0,2,0,0,0,1,0,1,0,0,0,0,0,0,0,0,0,0,0,0,0,0,0,0,0,1,0,0,0,1,0,1,0,0,0,0,0,1,0,0,0,0,0,0,0,0,0,0,0,0,0,0,0,0,0,0,0,0,0,0,0,0,0,0,0,0,0,0,0,0,0,0,0,1,0,0,0,0,0,0,0,0,0,0,0,0,0,0,0,0,0,0,1,0,0,1,0,0,0,0,0,4,0,0,0,0,0,0,0,1,0,0,0,0,0,0,0,0,0,0,0,0,0,0,0,0,0,0,0,0,0,0,0,0,0,0,0,0,0,0,0,0,0,0,0,0,0,0,0,0,0,0,0,0,0,0,0,0,0,0,0,0,0,0,0,0,0,0,0,1,0,0,1,0,0,0,0,0,0,0,0,0,0,1,0,0,0,0,0,0,0,0,0,2,0,0,0,1,0,0,0,0,0,0,0,0,0,0,0,0,0,0,1,0,0,0,1,0,0,0,0,0,0,0,0,0,0,0,0,0,0,0,0,0,1,0,0,0,0,1,0,0,0,0,0,0,0,0,1,0,0,0,0,0,0,1,0,0,0,0,0,0,0,0,1,0,0,0,0,0,0,2,0,1,0,0,0,0,0,0,0,0,0,0,1,0,0,0,0,0,0,1,0,0,0,0,0,0,0,0,0,0,0,1,3,0,0,0,0,0,1,0,0,0,0,0,0,0,1,0,1,1,0,0,0,0,0,0,0,0,0,0,0,0,0,0,0,0,1,0,0,0,0,0,0,0,0,0,0,0,0,0,0,0,0,0,0,0,0,0,0,1,0,1,0,0,2,0,0,0,0,0,0,0,0,0,0,0,0,0,0,0,0,0,0,0,0,0,0,0,0,0,0,0,0,0,1,0,0,0,0,0,0,0,0,0,0,0,0,0,0,0,0,0,0,1,0,0,0,0,0,0,0,0,0,0,0,1,0,0,0,0,0,0,0,0,0,0,0,0,0,0,0,0,0,0,0,0,1,0,0,0,0,0,0,0,0,0,0,0,0,0,0,0,1,0,0,1,0,2,0,0,0,0,0,0,0,0,0,0,0,0,0,0,0,0,0,0,0,0,0,0,0,0,1,0,0,0,0,1,0,1,1,0,0,1,0,0,0,0,0,0,0,0,0,0,0,0,0,0,2,0,0,0,0,1,0,0,0,0,0,0,0,0,0,0,1,0,0,0,0,0,0,0,0,0,0,0,0,0,0,0,0,0,0,0,0,0,0,0,0,0,0,0,0,0,0,0,1,0,0,0,0,0,1,0,0,0,0,0,0,0,0,1,0,0,1,0,0,2,0,0,0,0,0,0,0,0,0,0,0,0,1,0,0,0,0,0,0,0,0,0,0,0,0,0,0,0,0,0,0,0,0,0,0,0,0,1,2,0,0,0,0,0,0,0,0,0,1,1,0,0,0,0,0,2,0,0,0,0,0,0,0,0,0,0,1,1,0,0,0,0,1,0,0,0,0,0,0,0,0,0,0,0,0,0,0,0,0,0,0,0,0,0,0,0,0,0,1,0,0,0,0,0,1,0,0,0,0,0,0,0,0,0,0,0,0,0,0,0,0,0,0,0,0,0,0,1,0,0,0,0,0,0,0,0,1,0,0,0,0,0,0,0,0,1,0,0,0,0,0,0,1,0,0,0,0,0,0,0,0,1,0,0,0,0,0,0,0,0,0,0,0,0,0,0,0,0,0,0,0,1,0,0,0,0,0,0,0,0,0,0,0,0,0,0,0,0,1,0,0,0,0,2,0,0,0,1,0,0,0,0,0,0,0,0,1,0,0,0,0,1,0,0,0,0,0,1,2,0,0,0,0,0,0,0,0,0,0,0,0,0,0,0,0,0,0,0,0,0,0,0,0,0,0,0,1,0,0,1,0,0,0,0,0,0,0,0,0,0,0,0,0,0,0,0,0,0,0,0,1,0,0,0,0,0,0,0,0,0,0,0,0,0,0,0,0,0,0,0,0,0,0,0,2,0,0,0,0,0,0,0,0,0,0,0,1,0,0,0,0,0,0,0,0,0,0,0,0,0,0,0,0,0,0,0,0,0,0,0,1,0,0,0,0,0,0,0,0,0,0,0,0,0,0,0,0,0,0,0,0,0,0,0,0,0,0,0,0,0,0,0,1,0,0,0,0,0
PATL2,0,0,0,0,0,0,0,0,0,0,0,0,0,0,0,0,0,1,0,0,0,0,0,0,0,0,0,0,0,1,0,0,1,0,0,2,0,0,0,0,0,0,0,0,0,0,0,0,0,1,0,0,0,0,1,0,0,0,0,0,0,0,0,0,0,0,0,0,0,0,0,0,0,0,0,0,0,0,0,0,0,0,0,0,0,0,0,0,0,0,0,1,0,0,0,0,1,0,0,1,0,0,0,0,0,0,0,0,0,0,0,0,0,0,0,0,0,0,0,0,0,0,0,0,0,0,0,0,0,0,0,0,0,0,0,0,0,0,0,0,0,0,0,0,0,0,0,0,0,0,0,0,1,0,0,0,0,0,0,0,0,1,0,0,0,0,0,0,0,0,0,0,0,0,0,0,0,0,1,0,0,0,0,0,0,0,0,0,0,0,0,0,0,0,1,0,0,0,0,1,0,0,2,0,0,0,0,0,0,0,0,0,0,0,0,0,1,0,0,0,0,0,0,0,0,0,0,0,0,0,0,0,0,0,0,0,0,0,0,0,0,0,0,0,0,0,0,0,0,0,0,0,0,0,0,0,0,0,0,0,1,0,0,0,0,0,0,0,1,0,0,0,0,0,0,0,0,0,0,0,0,0,0,0,0,0,0,0,0,0,0,0,0,0,0,0,0,0,0,4,0,0,0,0,0,0,0,0,0,0,0,0,0,0,0,0,0,0,0,0,0,0,1,0,1,1,0,0,0,0,0,0,0,0,0,0,0,0,0,0,0,0,0,0,1,0,0,0,0,0,0,0,0,0,0,0,0,1,0,0,0,0,0,0,0,0,0,0,0,0,0,0,0,0,0,0,0,0,0,0,0,0,0,0,0,0,0,0,0,0,1,0,0,0,0,0,0,0,0,0,0,0,0,0,0,0,0,0,0,1,0,0,0,0,0,0,0,0,0,0,0,0,0,0,0,0,0,0,1,0,0,0,0,0,0,0,0,0,1,0,0,0,0,0,0,0,0,0,0,0,0,0,0,0,0,0,0,0,0,0,0,0,0,0,0,0,0,0,0,0,0,0,0,0,0,0,0,0,0,0,0,0,3,0,0,0,0,0,0,0,0,0,0,0,0,0,0,0,0,0,0,0,0,0,0,0,0,0,0,0,0,0,0,0,0,0,1,0,0,0,0,0,0,0,0,0,0,0,0,0,0,0,0,0,0,0,0,0,0,0,0,0,0,0,0,0,0,0,0,0,0,0,0,0,0,0,0,0,0,0,0,0,0,0,0,0,1,0,0,0,0,0,0,0,0,0,0,0,0,2,0,0,0,0,0,0,1,0,0,0,0,0,0,0,0,0,0,0,0,0,0,0,0,0,0,0,0,0,0,0,0,0,0,0,0,0,0,0,0,0,0,0,0,0,0,2,0,0,0,1,0,0,0,0,0,0,0,0,0,0,0,0,1,0,0,0,0,0,0,0,0,0,0,0,0,0,0,0,1,0,0,0,0,0,1,0,0,0,0,0,0,0,0,0,0,0,0,0,0,0,0,0,0,0,0,0,0,0,0,0,0,0,0,0,0,0,0,0,0,1,0,0,0,0,0,0,0,0,0,0,0,0,0,1,0,0,0,0,0,0,0,0,0,0,0,0,0,0,0,0,0,0,0,0,0,0,0,0,0,0,0,0,0,0,0,0,0,0,0,0,1,0,0,0,0,0,0,0,0,0,0,0,0,0,0,0,0,0,0,0,0,0,0,0,0,0,0,0,0,0,0,0,0,0,0,0,0,0,0,0,0,0,0,0,0,0,0,1,0,0,0,0,0,0,0,0,0,0,0,0,0,0,0,0,0,0,0,0,0,0,0,0,0,0,0,0,0,0,0,0,0,0,0,0,0,0,0,0,0,0,0,0,0,0,1,0,0,0,0,0,0,0,0,0,0,0,0,0,0,0,0,1,0,0,0,0,0,0,0,0,1,0,0,1,0,0,0,0,0,0,0,0,0,0,0,0,2,0,0,0,0,0,0,0,0,0,0,1,0,0,0,0,0,0,0,0,0,0,0,0,0,0,0,0,0,0,0,0,0,0,0,0,0,0,0,0,0,0,0,0,0,0,0,0,0,0,0,0,0,0,0,0,0,0,0,0,0,0,1,0,0,0,0,0,0,0,1,0,0,0,0,0,0,0,0,0,0,0,0,0,0,0,0,1,0,0,0,0,0,0,0,0,0,0,0,0,0,0,0,0,0,0,0,0,0,0,0,0,0,0,0,0,0,0,0,0,0,0,0,0,0,0,0,0,0,0,0,0,0,0,0,0,0,0,0,0,0,0,0,0,0,0,0,1,0,0,0,0,0,0,0,0,0,0,0,0,0,0,0,0,0,0,1,0,0,0,0,0,0,0,1,0,0,0,0,0,0,0,0,0,0,0,0,0,0,0,0,0,0,0,0,0,0,0,0,0,0,0,0,0,0,1,0,0,0,0,0,0,0,0,0,0,0,0,0,0,0,0,0,0,0,0,0,1,0,0,0,0,0,0,0,0,0,0,0,0,0,0,0,0,0,0,0,0,1,0,0,0,0,0,0,0,0,0,0,0,0,0,0,0,0,0,0,0,0,0,0,0,0,1,0,0,0,0,0,0,0,0,0,0,0,0,0,0,0,0,0,0,0,0,0,0,0,0,0,0,0,0,0,0,0,0,0,0,0,0,0,0,0,0,1,0,0,0,0,0,1,0,0,0,0,0,0,0,0,0,0,0,0,0,0,0,0,0,0,0,0,0,0,0,0,0,0,0,0,0,0,0,0,0,0,0,0,0,0,0,0,0,0,0,0,0,0,0,0,0,1,0,0,0,0,0,0,0,0,0,0,0,0,0,1,0,1,0,0,0,0,0,0,0,0,0,0,0,0,0,0,0,0,0,0,0,0,0,0,0,0,0,0,0,0,0,0,0,0,0,0,0,0,0,0,0,0,0,0,0,2,0,1,1,0,0,0,0,0,0,0,0,0,0,0,0,0,0,0,0,0,0,0,0,0,0,0,1,0,0,0,0,0,0,0,0,0,0,1,0,0,0,0,0,0,0,0,0,0,0,0,1,0,0,0,0,0,0,0,0,0,0,0,0,1,1,0,0,0,0,0,0,0,0,0,0,0,0,1,0,0,0,0,0,0,0,0,0,0,0,0,0,0,0,0,0,0,0,0,0,0,0,0,0,0,0,0,0,0,0,0,0,0,0,1,0,0,0,0,0,0,0,0,0,0,0,0,0,0,0,0,0,0,0,0,0,0,0,0,0,0,0,0,0,1,0,0,0,0,2,0,0,0,0,0,0,0,0,0,0,0,0,0,0,0,0,0,0,0,0,0,0,0,0,0,0,0,0,0,1,0,0,0,0,0,0,0,0,0,0,0,0,0,0,0,0,0,0,0,0,0,0,0,0,0,0,0,0,0,0,0,0,0,0,0,0,0,0,0,0
RPS19,38,7,19,11,23,32,29,46,29,14,38,32,33,25,22,87,25,22,16,29,14,33,6,15,19,11,25,36,28,53,26,31,53,25,11,14,59,55,23,33,33,48,7,54,25,29,31,19,40,27,25,26,14,23,19,5,6,33,21,13,47,18,21,10,19,32,21,0,15,40,7,79,25,8,12,23,14,16,10,16,27,30,9,16,22,44,20,28,23,25,28,30,25,14,19,28,10,15,3,41,16,27,15,22,15,11,8,8,32,22,25,43,11,25,30,44,27,42,19,25,9,10,26,15,37,25,11,9,17,17,6,30,15,18,23,20,20,28,12,25,28,22,33,52,52,5,15,11,54,13,32,9,16,49,13,38,13,26,10,1,18,27,29,12,4,23,25,37,19,72,35,14,43,19,14,10,25,24,19,20,19,29,33,19,14,28,31,37,14,47,64,35,22,32,48,29,16,12,0,53,5,32,21,21,32,27,22,36,33,33,26,10,14,4,5,10,34,29,30,22,9,30,27,32,54,12,22,10,38,21,35,28,76,58,20,15,16,31,38,24,15,11,29,4,25,14,36,18,31,10,22,7,27,21,17,30,37,42,24,9,30,14,31,29,24,21,15,24,67,22,8,49,8,30,22,44,18,50,32,33,14,12,51,45,40,63,33,23,27,18,24,59,22,19,17,15,6,15,18,11,41,22,24,18,16,22,19,9,56,40,14,5,8,23,25,22,13,43,33,25,13,4,31,14,13,10,23,49,22,36,28,16,30,11,17,18,13,13,52,13,35,25,23,49,40,41,17,16,34,24,16,34,80,24,12,14,18,51,36,3,23,30,33,7,15,27,66,21,27,28,9,10,14,13,14,63,26,35,20,30,13,17,45,23,36,3,30,45,11,1,31,88,15,83,21,12,26,32,9,38,11,32,24,31,9,38,24,18,29,39,17,43,13,31,26,42,14,17,25,32,38,38,52,4,42,30,7,22,20,18,9,37,42,6,15,13,19,18,24,39,22,55,66,36,29,66,18,19,39,7,19,27,8,19,30,39,11,41,18,20,25,50,22,40,37,24,29,30,14,15,7,25,11,46,31,66,7,15,38,25,17,33,6,39,15,51,11,46,31,11,32,23,26,43,22,11,27,40,11,7,4,17,25,8,28,14,27,43,16,24,1,12,22,13,14,33,15,18,18,11,29,33,42,17,19,9,17,30,24,57,17,71,24,21,28,24,25,40,22,41,107,30,21,7,22,30,33,17,47,33,43,69,10,14,17,35,25,54,32,16,15,40,31,24,18,35,27,38,50,12,33,12,20,21,45,17,36,33,7,15,23,17,22,13,20,33,35,12,16,7,14,32,13,29,32,48,26,29,18,16,32,24,4,18,52,60,15,35,13,15,35,31,14,22,58,34,32,24,17,18,29,41,21,13,10,14,28,20,25,45,21,23,23,17,10,11,19,43,40,36,40,6,58,37,19,22,46,47,24,6,7,7,7,10,13,9,27,24,20,23,14,47,28,11,47,18,5,11,26,24,22,24,11,23,23,44,8,6,35,29,9,43,29,36,8,33,16,36,4,31,22,35,18,13,14,36,21,33,39,20,15,25,33,11,31,15,30,40,22,73,19,28,17,40,16,35,7,27,19,28,43,18,14,38,19,18,26,28,5,27,34,25,24,15,40,41,19,48,13,26,16,26,19,7,23,6,23,13,14,17,16,41,25,35,23,25,34,20,35,45,40,10,26,32,16,30,37,11,55,20,39,30,24,23,10,3,14,15,15,39,9,15,15,34,10,54,12,40,59,33,19,22,23,4,30,17,24,48,9,20,36,13,18,19,20,31,25,23,19,16,22,7,20,16,20,46,26,8,17,5,14,9,49,27,28,75,24,21,25,4,36,27,19,14,31,32,14,43,13,51,7,21,25,19,38,57,16,71,28,23,17,4,3,20,21,7,9,12,30,30,41,34,22,23,43,14,26,12,15,17,40,8,42,12,34,18,9,27,15,16,29,16,12,33,18,32,47,20,36,33,27,19,17,13,10,15,48,28,23,14,26,32,19,53,41,4,26,41,66,17,26,12,37,17,11,32,15,17,26,17,9,66,10,25,37,15,15,44,10,47,10,52,20,26,27,16,24,80,20,11,36,27,32,17,24,35,25,11,31,34,4,14,12,27,15,9,40,31,37,15,33,12,8,8,15,25,17,18,56,10,53,86,12,14,24,28,37,17,10,35,12,20,28,51,33,21,26,19,15,28,26,30,19,10,20,15,9,8,9,19,19,14,48,8,30,22,20,27,3,28,39,16,11,27,25,27,31,26,33,34,19,19,18,21,24,24,20,11,28,33,82,72,33,42,23,21,30,43,19,14,44,17,25,13,25,26,19,13,16,22,40,8,45,21,43,47,21,21,53,19,32,21,51,76,10,20,10,13,14,5,11,52,4,25,22,32,43,35,11,22,38,7,23,26,7,13,1,51,27,27,12,45,13,51,26,10,14,24,15,24,38,22,63,11,14,34,19,41,25,26,23,31,46,37,25,18,12,14,18,35,28,13,22,17,21,28,7,36,10,37,18,4,33,18,11,6,12,65,8,24,32,30,17,10,39,26,9,23,74,16,14,24,26,42,22,20,28,14,40,10,52,22,15,18,31,26,25,20,25,16,55,28,31,65,34,10,10,22,19,63,38,35,24,22,14,42,14,25,4,10,40,38,16,12,17,37,17,18,19,32,10,31,59,28,25,33,36,24,33,13,13,32,14,45,22,20,49,12,31,19,18,37,24,34,36,55,9,16,40,30,14,35,19,7,36,36,26,11,26,29,25,38,29,13,36,27,15,59,29,32,54,35,12,12,25,52,40,24,37,28,40,32,47,19,9,16,19,17,23,16,24,16,16,22,15,29,26,32,16,11,35,57,35,45,16,13,55,30,13,16,27,27,21,9,1,30,5,20,17,24,73,24,14,9,20,32,9,35,34,27,22,18,25,10,75,17,31,29,12,30,38,15,7,19,36,26,24,40,30,15,26,25,11,22,14,29,35,12,84,19,11,25,32,6,14,26,44,39,17,10,17,54,17,11,25,33,50,15,9,23,30,54,16,21,11,20,25,48,4,50,15,8,21,35,59,27,19,17,32,17,13,38,5,28,15,40,31,19,28,28,88,33,31,42,65,15,22,12,20,52,24,17,7,19,28,16,9,17,18,26,20,24,28,9,17,9,13,56,20,27,18,3,27,14,11,18,26,38,15,25,42,14,15,32,29,27,18,30,34,10,34,22,8,27,12,29,15,51,12,11,28,49,67,17,15,5,20,33,23,19,20,11,55,31,27,6,57,6,30,33,17,11,29,15,74,17,37,27,18,26,16,26,20,13,22,15,59,13,15,23,3,22,30,21,24,6,17,67,20,28,19,73,14,14,10,50,11,9,14,10,15,40,32,38,30,23,37,28,26,30,38,8,10,21,15,11,9,78,27,18,24,67,45,5,31,12
MSRB1,0,0,0,1,0,0,0,0,0,0,1,0,0,0,0,0,1,0,0,0,0,0,1,0,0,0,0,0,0,0,0,0,0,0,1,0,0,0,0,0,0,0,0,0,0,0,0,2,0,0,0,0,1,0,0,0,0,0,0,0,0,0,0,0,0,0,0,0,1,0,0,0,0,0,0,0,0,1,1,0,0,0,0,0,0,0,0,0,0,0,1,0,0,3,0,2,0,0,0,0,0,0,1,0,0,0,0,0,0,0,0,0,2,0,1,1,0,0,0,0,0,0,1,0,0,0,0,0,1,0,0,0,0,0,0,0,0,0,0,0,0,0,0,0,0,0,1,1,0,0,0,0,0,0,0,0,0,0,0,0,0,0,0,0,0,0,1,0,0,1,0,0,0,0,0,0,0,0,1,1,0,0,0,0,0,0,0,0,0,1,0,0,1,0,0,0,0,1,0,0,1,0,1,0,0,0,0,0,0,0,0,0,0,1,0,0,0,0,0,0,0,0,1,0,0,0,0,0,0,0,0,0,0,1,1,0,0,0,0,0,1,0,0,0,0,0,0,1,1,0,0,0,0,0,0,0,0,0,0,1,0,0,0,0,0,1,0,0,0,0,0,1,1,0,0,0,0,1,0,0,0,1,0,0,0,0,0,0,0,0,0,0,1,0,0,0,0,0,1,0,0,0,1,0,0,0,0,0,0,0,0,0,0,0,0,0,0,0,0,0,0,0,0,0,0,0,1,0,0,0,0,0,0,0,2,0,0,0,0,1,1,0,1,0,0,0,0,0,0,0,0,0,0,0,0,0,0,0,2,1,0,1,0,1,0,0,3,0,0,0,0,0,0,0,0,2,0,0,0,0,0,0,1,0,0,0,0,0,0,0,0,0,0,1,0,0,0,0,1,1,1,0,1,0,0,0,0,0,0,0,1,0,0,0,0,0,0,0,0,0,0,0,1,0,0,1,0,0,0,0,0,0,0,0,1,0,1,1,0,1,0,0,0,0,0,0,0,0,0,0,0,0,0,0,0,0,0,0,0,0,0,0,0,0,0,0,0,0,0,0,0,0,0,0,0,0,0,0,0,0,1,0,0,0,0,0,0,0,0,1,0,0,0,0,0,1,0,0,0,0,0,0,0,0,0,0,0,0,0,0,0,0,0,0,0,0,0,0,0,0,0,0,0,1,2,1,0,0,0,0,0,0,0,0,0,0,0,1,0,0,1,0,0,0,0,0,1,0,0,0,0,0,0,0,1,0,0,1,0,1,0,0,0,1,0,0,0,0,0,0,0,0,0,0,0,0,0,0,0,0,0,0,0,0,0,0,0,0,0,1,0,0,0,0,0,0,0,0,0,0,0,0,0,0,0,1,1,0,0,0,1,0,0,0,0,0,0,0,0,0,0,0,1,0,0,0,0,0,0,0,0,0,1,0,0,0,0,0,0,0,0,0,0,0,0,0,0,0,0,0,0,0,0,0,0,1,0,0,0,1,0,0,0,0,0,1,0,0,0,0,0,0,1,1,1,0,0,1,0,0,0,0,0,0,0,0,0,0,0,0,0,0,0,0,0,0,0,0,0,2,0,0,0,0,0,0,0,0,0,0,0,0,0,0,0,0,0,0,0,0,0,0,0,0,0,0,0,0,0,0,0,1,0,0,0,1,0,0,0,0,1,0,0,2,0,0,0,0,0,0,0,0,0,0,0,0,0,1,0,0,0,1,0,0,1,0,0,0,0,0,0,0,0,0,0,0,0,0,0,0,0,0,0,0,0,0,0,0,1,0,0,0,0,0,0,0,0,0,0,0,0,0,0,0,0,0,0,0,0,0,0,0,0,1,0,0,1,0,0,0,0,0,0,0,0,0,0,0,0,0,0,0,0,0,0,0,0,0,0,0,0,0,0,0,1,0,0,1,0,0,0,0,0,0,0,0,0,2,0,0,0,0,0,0,0,0,0,0,0,0,0,0,0,0,0,0,0,0,0,1,0,0,0,0,1,0,0,0,0,0,0,0,0,0,1,1,0,0,0,0,0,0,0,0,0,0,0,0,0,1,2,0,0,0,0,0,0,0,0,0,0,0,1,0,1,0,0,0,2,1,0,0,0,0,0,0,0,1,0,0,0,0,0,0,0,0,0,0,0,0,0,0,0,0,0,0,0,0,0,0,0,0,0,0,0,1,0,0,0,0,0,2,1,0,0,0,0,0,1,0,0,0,0,2,0,0,0,0,0,0,0,0,0,0,0,0,0,0,0,0,0,2,0,0,0,0,0,0,0,0,0,0,1,0,0,0,0,0,0,0,0,0,0,0,0,1,1,0,0,0,0,1,0,0,0,1,0,3,1,0,0,0,0,0,0,0,0,0,0,0,0,0,0,0,0,0,1,0,0,0,0,0,1,0,0,0,1,0,0,1,3,0,0,0,0,3,0,1,1,1,0,0,0,0,0,0,0,0,0,0,0,0,0,0,0,0,0,0,0,0,0,0,0,0,1,0,0,0,0,0,0,0,0,0,0,0,0,0,0,0,0,0,0,0,0,0,0,0,0,0,0,0,0,0,0,0,0,0,0,0,0,0,1,0,0,0,0,0,0,0,2,0,0,0,0,0,0,0,0,0,0,0,0,0,0,0,0,0,0,0,0,0,0,0,0,0,1,0,0,0,0,0,0,0,0,0,0,0,0,3,0,0,0,0,0,0,0,0,0,0,0,1,0,0,0,0,0,0,0,0,1,0,0,1,0,0,1,0,0,0,0,1,0,0,0,0,1,1,0,0,1,0,0,0,0,0,0,0,0,0,0,0,0,0,0,0,0,0,0,0,1,0,0,0,0,0,1,0,0,0,0,0,1,1,0,0,0,0,0,0,0,0,0,0,0,0,0,0,0,1,0,0,1,1,0,0,0,0,0,0,0,0,0,0,0,0,0,0,0,1,2,0,0,0,0,0,1,0,0,0,0,0,0,0,0,0,0,0,0,0,0,1,0,0,0,0,0,0,0,1,0,0,0,0,0,1,0,0,0,0,0,0,0,0,0,0,0,0,0,0,0,0,0,0,0,0,0,0,0,0,0,0,0,0,0,0,0,0,0,0,0,0,0,0,1,0,0,0,0,1,0,0,0,0,0,0,0,0,0,1,0,0,0,0,0,2,0,0,0,0,0,0,0,0,0,0,0,0,0,0,0,0,0,0,1,0,0,0,0,0,0,0,2,0,0,0,0,0,0,0,0,0,0,0,1,0,0,0,0,1,0,0,0,0,1,0,0,0,0,0,0,0,0,0,0,0,0,0,0,0,0,0,0,0,0,0,0,0,0,0,1,0,0,0,0,0,0,0,0,0,0,0,0,0,0,1,0,0,1,0,0,0,0,0,0,0,0,0,0,0,0,2,0,0,1,0,0,0,0,2,0,0,0,0,0,0,0,0,0,1,0,0,0,0,1,0,0,1,0,0,0,0,1,0,1,0
STMN3,1,0,0,0,0,0,0,0,0,0,0,0,0,0,0,0,0,0,0,0,0,0,0,0,0,1,0,1,0,0,2,0,0,0,0,0,0,0,0,1,2,1,0,1,0,0,0,0,0,0,0,0,0,0,0,0,0,0,0,1,0,0,0,0,0,0,0,0,0,0,0,0,0,0,0,0,0,0,0,0,0,0,0,0,0,0,0,0,0,0,0,0,0,0,0,0,0,1,0,1,0,0,0,1,0,0,0,0,0,0,0,0,0,0,0,2,0,0,0,0,0,0,0,0,1,0,0,0,0,0,0,0,0,0,0,0,0,0,0,0,0,0,0,0,0,0,0,0,0,0,0,0,0,0,0,0,0,0,0,0,0,0,0,0,0,0,0,0,0,0,0,0,0,0,0,0,0,1,0,0,0,0,0,0,0,1,0,0,0,0,0,0,0,0,0,0,0,0,0,0,0,0,0,0,4,0,0,0,0,1,0,1,0,0,0,0,0,0,0,0,0,0,0,0,0,0,0,0,0,1,0,0,0,2,0,0,0,0,0,0,0,0,0,0,0,0,0,0,0,0,1,0,0,0,0,1,0,0,0,0,0,0,0,0,2,0,0,1,0,0,0,0,0,0,1,0,0,0,0,0,0,0,0,0,0,1,0,0,1,0,0,0,0,0,0,0,0,0,0,0,0,0,1,0,0,0,1,0,0,0,0,0,0,1,0,0,0,2,0,0,0,0,0,0,0,0,0,0,0,1,0,0,1,0,0,0,0,0,1,0,0,1,0,0,0,0,0,0,2,0,0,0,0,1,0,0,0,0,0,0,1,0,0,0,0,0,0,0,0,0,0,0,0,0,0,0,0,0,1,0,0,0,0,0,1,0,1,0,1,0,0,0,0,0,0,0,0,0,0,0,0,0,0,0,1,0,0,0,0,0,0,0,0,0,0,0,0,0,0,0,0,0,0,0,1,0,0,0,1,0,0,0,0,0,0,0,0,0,0,0,0,0,0,1,2,0,0,0,0,0,0,2,0,1,0,0,0,0,0,0,0,1,1,0,0,0,0,0,0,0,0,0,1,0,2,0,0,0,1,0,0,0,0,0,0,0,0,0,0,0,2,2,0,0,0,0,0,0,2,0,0,0,0,0,1,0,0,0,1,0,0,0,0,2,0,0,0,1,0,0,1,0,0,0,0,0,0,0,0,0,0,1,0,1,0,0,0,0,0,1,1,0,0,0,0,0,0,0,1,0,0,0,0,0,0,0,0,0,0,2,0,1,0,0,1,1,0,0,0,0,0,0,0,0,0,0,0,0,0,0,0,0,0,0,0,0,0,1,0,0,0,0,0,0,0,0,0,0,0,0,0,1,0,2,0,0,0,0,0,0,0,0,0,1,2,0,0,0,0,0,4,0,0,0,0,0,2,1,0,0,0,1,0,0,0,0,1,0,0,0,0,0,0,1,0,0,0,0,2,0,0,0,0,0,0,0,0,1,0,0,0,0,0,0,0,0,0,1,0,0,0,0,0,0,0,0,0,0,0,0,0,0,0,0,0,0,0,0,0,0,0,1,2,0,1,0,1,0,0,0,2,0,0,1,0,0,0,0,0,0,0,0,0,1,0,0,0,0,0,1,0,0,2,1,1,2,0,0,0,2,0,0,0,0,0,0,0,1,0,0,0,0,0,0,0,0,0,0,0,0,0,0,0,1,1,0,0,0,0,0,0,0,0,2,0,0,0,0,0,0,0,0,0,0,0,0,0,1,0,0,0,0,0,0,0,0,0,1,1,0,0,1,1,0,0,2,0,0,0,2,0,0,1,0,0,0,0,0,0,0,1,0,0,0,0,0,1,0,0,0,0,0,0,0,0,0,0,0,0,0,0,0,0,0,1,0,0,0,0,0,0,0,0,0,1,0,0,1,0,1,0,0,0,0,0,0,0,0,1,0,0,0,0,0,0,0,0,0,0,0,0,0,0,0,0,1,0,0,1,0,0,0,0,0,0,0,0,0,0,0,1,0,0,0,0,0,2,0,0,0,0,0,0,0,0,0,0,0,0,1,0,0,0,0,0,0,0,0,0,0,0,0,0,0,0,0,0,0,0,0,0,0,0,0,0,0,0,0,0,0,0,0,0,0,0,0,2,0,0,0,0,1,0,0,0,0,0,0,0,0,0,0,0,0,0,0,0,0,0,0,0,0,0,0,1,1,1,0,0,1,0,0,2,0,0,0,0,0,1,0,0,1,0,0,0,1,0,0,0,0,1,0,1,0,0,0,0,0,0,1,0,0,0,1,0,0,1,0,0,0,0,0,0,1,0,0,0,0,0,0,0,0,0,0,0,0,0,0,0,0,0,0,2,0,0,0,0,0,0,0,1,0,0,0,1,0,0,0,0,0,0,1,0,0,0,0,0,0,0,0,0,0,0,0,0,0,0,0,0,0,0,0,1,0,0,0,0,0,0,1,0,0,2,0,0,0,0,0,0,0,0,0,0,0,0,0,1,1,1,2,0,0,0,0,0,0,0,0,0,0,1,0,0,0,0,0,0,0,0,0,0,0,0,1,0,0,0,0,0,1,0,0,0,0,1,1,0,0,0,0,0,0,0,0,0,0,0,0,0,0,0,0,0,0,1,1,0,0,0,0,3,0,1,0,0,0,0,0,0,0,0,0,0,1,0,0,0,0,0,0,1,0,0,0,0,0,0,0,0,0,0,0,0,0,0,0,0,0,0,0,0,0,0,0,0,0,0,0,0,0,0,0,1,1,0,3,0,0,1,1,0,0,0,0,0,0,0,0,0,0,0,2,0,0,0,0,0,1,0,1,0,0,0,0,0,0,0,0,1,0,0,1,0,0,0,0,0,0,0,0,0,0,0,0,0,0,0,0,0,0,0,0,0,0,0,0,0,0,0,0,0,0,0,0,0,0,0,0,0,0,0,0,0,0,0,1,0,0,0,1,0,0,0,0,0,0,0,0,0,0,0,0,0,0,0,0,0,0,0,0,0,0,1,0,0,1,0,0,0,1,0,0,0,0,1,0,0,0,0,0,1,0,0,1,0,0,0,0,0,0,0,1,0,0,0,0,0,0,0,0,0,0,0,0,0,1,0,0,0,0,0,0,0,1,0,0,0,0,0,0,0,0,0,1,1,0,0,0,0,0,0,0,0,0,0,0,0,0,0,0,0,1,1,0,0,0,0,0,0,0,0,0,0,0,0,0,0,0,0,0,0,1,1,0,1,0,0,0,0,0,0,0,0,0,0,0,1,1,0,0,1,0,0,0,0,0,0,0,1,0,1,0,0,0,0,0,1,0,0,0,0,1,0,0,0,0,0,0,2,0,1,0,0,0,1,0,0,0,0,0,0,0,0,0,0,1,0,0,0,0,0,0,0,0,0,1,0,0,1,0,0,0,1,0,0,0,0,1,2,0,0,0,0,0,0,1,0,0,1,2,0,0,1,0,0,0
KLF3,0,0,0,0,0,1,0,0,0,0,0,0,1,0,0,0,0,0,0,0,1,0,1,0,0,1,1,0,0,0,0,0,0,1,0,0,0,0,0,1,0,0,0,1,0,0,0,0,0,0,0,1,1,1,0,0,0,0,2,0,0,0,0,0,0,0,0,0,0,0,0,0,0,0,0,1,0,1,0,0,0,0,0,0,1,0,0,1,0,0,0,1,0,0,0,1,1,0,0,0,0,0,0,0,0,0,0,0,0,0,0,1,0,0,1,1,0,3,0,0,0,0,1,0,0,0,1,0,0,0,0,0,0,0,1,0,0,0,0,0,0,1,0,0,2,1,0,0,1,0,0,1,0,0,0,0,0,0,0,0,0,0,1,0,0,2,0,0,0,0,0,1,0,0,0,0,0,0,0,0,0,1,0,0,0,0,2,0,0,2,1,1,2,0,0,0,0,0,0,0,1,1,0,1,0,0,0,1,0,0,0,0,2,0,0,0,0,0,0,0,0,0,0,0,1,0,2,0,0,1,0,0,1,1,1,0,0,0,0,0,0,0,0,0,0,0,0,0,0,0,0,1,0,0,0,0,1,1,1,0,0,0,0,0,0,0,0,0,1,0,0,1,0,1,0,3,0,0,0,0,0,0,0,2,0,0,0,0,1,0,0,0,1,0,1,0,0,0,1,0,0,0,0,0,0,1,0,0,0,0,1,0,0,0,0,0,0,0,0,0,0,0,0,0,1,1,0,0,0,0,0,0,0,0,0,0,0,0,1,0,0,1,0,0,0,0,1,0,0,0,0,0,1,0,0,0,1,0,0,0,0,0,0,0,0,0,0,0,0,0,0,1,0,0,0,0,0,0,0,0,0,0,0,0,0,1,0,0,0,0,0,2,0,1,0,1,0,1,0,1,0,1,0,0,0,1,0,1,1,0,1,0,0,0,1,1,0,0,0,1,0,1,3,0,1,1,0,1,0,0,1,1,0,0,0,0,0,1,0,0,1,0,1,0,1,0,0,0,0,0,0,1,2,0,0,0,1,0,0,1,0,0,0,2,0,1,1,0,0,1,1,0,0,2,0,1,0,0,0,0,0,0,0,0,0,0,0,0,0,0,0,0,0,0,0,0,2,1,0,0,0,1,0,0,2,1,0,0,0,0,2,0,0,0,0,0,1,0,0,0,0,1,3,0,0,0,0,0,0,0,0,0,0,0,0,0,0,0,0,0,0,1,1,1,0,0,0,0,1,0,0,1,0,0,0,2,0,0,0,0,0,0,1,0,0,0,0,1,0,0,0,0,0,0,0,0,0,0,1,0,2,0,0,0,0,1,0,0,0,0,2,0,0,0,1,0,0,0,1,0,0,0,0,1,1,1,1,0,0,0,0,1,2,0,0,0,0,0,0,0,0,0,0,0,0,0,0,1,0,2,1,1,0,0,0,0,0,0,1,0,0,0,3,0,0,0,0,0,0,0,0,0,0,0,0,0,0,0,0,0,0,0,0,0,0,1,0,1,0,0,0,2,0,0,2,1,0,1,0,1,0,0,0,0,0,0,0,0,0,3,0,0,0,0,1,1,0,0,0,0,1,0,1,1,0,0,0,0,1,0,0,0,0,0,0,0,0,1,0,0,1,0,0,0,0,0,0,0,0,0,0,0,0,1,0,0,0,1,0,0,0,0,2,0,0,0,1,0,0,0,0,0,1,0,0,0,0,1,0,0,0,0,0,0,0,0,1,0,0,0,0,0,0,1,3,0,0,0,0,0,1,0,1,0,0,0,0,0,0,0,0,0,0,0,2,0,0,0,1,1,1,0,1,0,1,1,0,0,0,0,0,0,0,0,0,0,0,0,1,1,1,0,0,1,0,0,0,1,1,0,0,0,0,0,0,0,2,0,0,0,0,0,1,0,0,0,0,0,1,0,0,0,0,1,1,0,1,0,0,0,0,0,1,1,0,0,3,0,1,0,0,0,2,0,0,0,0,0,1,0,0,0,0,1,0,0,0,0,0,0,0,0,0,0,0,1,0,2,0,0,0,0,0,0,0,0,0,0,1,0,0,0,0,0,0,0,0,1,0,0,0,1,0,0,0,0,0,0,0,0,0,0,0,0,0,0,0,1,0,0,1,0,2,0,0,0,0,0,1,0,0,1,0,0,0,0,0,0,1,0,0,0,0,0,0,0,0,0,1,0,0,1,0,0,0,0,1,0,0,0,0,0,0,0,0,2,1,0,0,0,0,0,0,0,1,0,0,0,0,1,0,1,0,0,0,0,0,0,0,0,0,0,0,0,0,0,0,0,1,0,0,1,0,0,0,0,0,0,1,0,1,2,0,0,0,2,1,0,0,0,0,0,0,1,0,0,2,1,0,0,0,0,2,0,0,0,0,1,0,0,0,0,2,1,3,1,0,0,0,1,0,1,0,0,0,1,0,0,0,0,0,0,0,0,0,0,0,0,0,0,0,1,0,2,0,1,0,0,1,0,0,0,0,0,0,0,0,0,0,1,0,1,0,0,0,0,0,0,1,0,0,0,1,0,0,0,0,0,0,0,0,0,1,0,1,0,0,0,0,0,0,0,2,0,0,0,0,0,0,0,1,0,1,1,0,1,1,2,1,1,1,0,0,0,0,0,0,1,1,0,0,0,0,0,0,0,0,0,0,2,0,3,0,0,1,0,2,0,0,0,0,2,0,3,0,0,0,0,0,0,1,2,0,0,1,1,0,0,1,0,0,0,1,2,0,0,2,0,0,0,0,0,0,0,0,0,0,0,1,0,0,2,0,0,0,0,0,0,0,0,0,0,0,0,1,0,0,0,0,0,0,0,0,0,0,0,0,0,0,0,0,1,0,0,1,0,0,0,1,0,0,1,0,0,0,0,0,1,0,0,2,0,1,1,0,0,3,0,0,0,0,0,0,0,2,0,0,1,0,0,1,1,0,0,0,0,1,0,1,1,0,0,0,0,0,0,0,0,0,0,0,0,0,0,0,0,0,0,0,0,0,0,0,0,0,0,0,0,0,0,0,0,0,0,0,0,3,0,0,0,2,1,0,1,1,1,0,0,0,0,0,0,1,0,0,1,1,1,0,0,0,0,0,0,1,0,0,0,0,0,1,0,0,0,0,0,0,1,0,0,2,0,0,2,0,0,0,0,0,2,1,0,0,0,0,1,1,1,0,1,0,1,2,0,0,0,0,0,0,0,0,0,3,0,1,1,0,0,0,0,0,1,0,0,0,0,0,0,2,0,0,0,0,0,0,0,0,0,0,0,2,1,0,0,1,0,0,0,0,1,0,1,0,1,0,0,3,0,0,0,0,0,0,0,1,0,1,0,0,0,1,0,0,0,0,0,0,0,0,1,0,0,0,0,1,2,0,0,1,0,1,1,0,0,0,0,0,0,0,0,0,0,1,0,0,0,0,0,1,1,0,0,0,0,0,0,0,0,0,0,0,1,1,0,2,1
RAB29,0,0,0,0,0,0,0,0,0,0,2,1,0,0,0,1,0,0,0,0,0,0,0,1,0,0,0,1,0,1,0,0,1,1,0,0,0,0,0,1,0,0,0,0,0,0,1,0,0,0,0,0,0,0,1,0,0,0,0,0,1,0,2,0,0,0,0,0,0,1,0,0,0,0,0,1,0,0,0,0,0,0,0,0,0,0,0,0,1,0,0,0,0,0,0,0,0,0,0,2,0,0,0,0,0,0,0,0,0,0,0,0,0,0,0,0,1,0,0,0,0,0,0,0,0,0,0,1,0,0,0,0,1,0,0,0,0,0,0,0,0,0,0,0,3,0,0,0,1,0,0,0,0,0,2,0,0,0,0,1,0,0,0,0,0,1,0,0,0,0,0,0,0,0,0,0,0,2,0,0,0,0,0,0,0,0,0,0,0,0,0,0,0,0,0,1,0,0,0,1,0,0,0,0,0,0,0,0,0,1,0,1,0,1,0,0,0,0,0,0,0,0,0,0,1,0,0,0,1,0,0,0,0,0,0,0,0,0,0,0,0,0,0,0,0,0,0,0,0,0,0,0,0,1,0,0,0,0,2,0,0,0,1,0,0,0,0,0,0,0,0,0,0,0,0,0,0,0,0,0,1,1,0,0,0,0,0,0,0,0,0,0,0,0,0,0,1,0,0,0,1,0,0,0,0,0,0,0,0,1,3,0,0,0,0,0,0,3,0,0,0,0,0,0,0,1,0,0,0,0,0,0,0,0,0,0,0,0,0,0,0,0,0,0,0,0,0,0,0,0,0,0,0,0,1,0,0,1,0,0,0,0,0,0,1,0,2,1,0,0,0,0,0,0,0,3,0,0,0,0,0,0,0,0,1,0,0,0,0,0,0,1,0,0,0,0,1,0,0,0,0,0,0,0,0,0,0,0,0,0,0,0,1,0,0,0,0,0,0,0,0,0,0,0,0,0,1,0,0,0,0,0,0,0,2,1,0,0,0,1,0,0,1,1,0,0,0,0,0,0,0,0,0,0,0,1,0,0,0,1,0,1,0,0,1,1,0,0,0,0,0,0,0,0,0,1,0,0,0,0,1,0,0,1,1,0,0,0,0,1,0,0,1,0,0,0,0,0,0,0,0,0,0,0,0,0,1,1,0,0,0,1,0,0,0,0,0,0,0,1,0,0,0,0,0,0,0,0,0,0,0,1,1,0,0,0,1,0,0,0,0,0,0,0,0,1,0,0,0,0,0,0,0,0,0,0,0,0,0,0,0,0,0,0,0,0,0,0,0,0,1,1,0,0,0,0,0,0,0,2,0,0,0,1,0,0,0,0,0,0,0,0,0,0,0,0,0,0,0,1,0,0,0,0,0,2,0,0,0,0,0,0,0,0,0,0,0,0,1,0,0,0,0,0,1,0,0,0,0,0,0,0,0,0,0,0,0,0,0,0,0,0,0,0,0,0,0,0,0,1,0,0,0,0,0,1,0,0,0,0,0,0,0,0,1,0,0,0,0,0,0,0,1,0,0,0,0,0,0,0,0,1,0,0,0,1,0,0,0,0,0,0,0,0,1,0,0,0,1,0,1,0,0,0,2,0,0,0,0,5,2,0,0,0,0,0,1,2,0,0,0,0,0,0,0,0,0,0,0,0,0,0,0,0,0,0,0,0,0,0,0,0,0,0,0,0,0,0,0,0,0,1,0,0,0,0,0,0,0,0,0,0,0,0,0,1,0,0,0,1,0,0,0,0,0,0,0,0,1,1,0,0,0,0,0,0,1,0,0,0,0,0,1,0,0,0,0,0,0,0,0,0,0,0,0,0,0,0,0,1,0,0,0,0,0,0,0,0,0,0,0,0,1,0,0,0,0,0,0,0,0,1,0,0,0,0,0,0,0,0,0,0,1,0,0,0,0,0,0,0,0,0,1,0,0,0,0,0,0,0,0,0,0,0,0,0,0,0,1,0,0,0,0,0,0,0,1,0,0,0,0,0,1,0,0,0,1,0,0,0,0,1,0,0,0,0,0,0,0,0,0,0,0,1,0,0,0,0,1,0,0,0,0,0,0,1,0,0,0,0,0,1,0,0,0,0,0,0,0,0,0,0,1,0,0,0,0,0,0,0,0,0,0,0,0,0,0,0,0,0,0,1,1,0,1,0,0,0,0,0,0,0,0,0,0,0,0,0,0,0,0,1,0,0,0,0,0,0,0,0,0,0,0,0,0,0,0,0,0,1,1,0,0,0,0,2,0,0,0,0,0,0,2,0,0,0,1,0,0,0,1,0,0,1,0,0,0,0,0,0,0,0,0,0,0,0,0,0,1,0,2,2,0,0,0,0,0,1,0,0,0,0,0,0,0,1,0,1,0,0,0,0,0,0,0,0,0,0,0,0,1,0,0,0,0,1,0,0,0,0,0,0,0,0,0,0,0,0,0,0,0,0,0,0,1,0,1,1,0,2,0,0,0,1,0,0,0,0,0,0,0,0,0,0,1,0,0,0,0,1,0,0,0,2,1,0,0,0,0,0,0,2,0,0,1,0,0,0,0,1,0,0,0,1,0,0,0,1,0,0,0,0,0,1,0,0,0,0,0,0,0,0,0,0,0,0,0,0,0,0,0,0,0,0,0,0,0,0,0,1,0,0,0,1,0,1,0,0,0,0,0,0,0,0,0,0,0,0,0,0,0,0,0,0,0,0,0,0,0,0,1,0,0,0,0,0,0,0,0,0,0,1,0,2,0,0,0,0,0,0,0,0,0,0,0,0,0,0,0,0,1,0,0,0,0,0,0,0,0,0,0,0,0,0,0,0,0,1,0,1,0,0,0,0,0,0,1,1,0,0,0,1,0,0,1,0,0,0,0,0,0,0,0,0,0,0,0,0,1,1,0,1,0,0,0,1,1,0,0,0,0,0,0,0,0,1,0,0,0,0,0,2,0,0,0,1,0,1,0,0,0,0,0,0,0,0,1,0,0,0,0,0,0,0,0,0,0,0,0,0,0,0,0,0,0,0,0,2,0,0,0,0,0,0,0,1,0,0,0,0,1,1,1,0,0,0,0,1,0,1,0,0,0,0,0,0,0,0,0,0,0,0,0,0,0,0,0,0,0,1,0,0,0,0,0,0,1,0,1,0,1,0,0,1,0,0,0,0,0,3,0,0,1,0,2,0,0,0,0,0,0,0,0,0,0,1,0,1,2,1,0,0,1,0,0,0,0,0,1,0,0,1,0,1,0,0,0,0,2,0,0,0,0,0,0,0,0,0,1,0,0,0,0,0,2,0,1,0,0,0,0,0,0,0,0,0,0,0,1,0,0,0,1,1,0,0,0,0,0,0,0,0,0,0,0,0,0,0,0,0,0,0,0,0,0,0,0,0,0,0,0,0,0,0,0,1,0,0,0,0,0,0,0,0,0,0,1,0,1,0,0,0,0,0,0,0,1,0,1,0,0,1,0,0,0,0
MMD,0,0,0,0,0,0,0,0,0,0,0,0,0,0,0,0,0,0,0,0,0,0,0,0,0,0,0,0,0,0,0,0,0,1,0,0,0,0,0,0,0,0,0,0,0,0,0,0,0,0,0,0,0,0,0,0,0,0,0,0,0,0,0,0,0,0,0,1,0,0,0,1,0,1,0,0,0,0,0,0,0,0,0,0,0,1,0,0,0,0,0,0,0,0,0,0,0,0,0,0,0,0,0,0,0,0,0,0,0,0,0,0,0,0,0,0,0,0,0,0,0,0,1,0,0,0,0,0,0,0,0,0,0,1,0,0,0,0,0,0,0,0,0,0,1,0,0,0,0,0,0,0,0,0,0,0,0,0,0,0,0,0,0,0,0,0,0,1,0,0,0,0,0,0,0,0,0,0,0,0,0,0,0,0,0,0,0,0,0,0,0,0,0,0,0,0,0,0,1,0,0,1,0,0,0,0,0,0,0,0,0,0,0,0,0,0,0,0,0,0,0,0,0,0,0,0,0,0,0,0,0,0,0,0,0,0,0,0,0,0,0,0,1,0,0,0,0,0,0,0,0,0,0,1,0,0,0,0,0,0,0,0,0,0,0,0,0,0,0,0,0,0,0,0,0,0,0,0,0,0,0,0,0,0,0,0,0,0,0,0,0,0,0,0,0,0,0,0,0,0,0,0,0,0,0,0,0,0,0,0,0,0,0,0,0,0,1,0,1,0,0,0,0,0,0,0,0,0,0,0,0,0,0,0,0,0,0,0,0,1,0,0,0,0,0,0,0,0,0,0,0,0,0,0,0,0,0,0,0,0,0,0,0,0,0,0,0,0,0,0,0,0,0,0,0,1,0,0,0,0,0,0,1,0,0,0,0,0,0,0,0,0,0,0,0,0,0,0,0,0,0,0,0,0,0,0,0,0,0,0,0,0,0,0,0,0,0,0,0,0,0,0,0,0,0,0,0,0,0,0,0,0,0,0,0,0,0,0,0,0,0,0,0,0,0,0,0,0,0,0,0,0,0,0,0,1,0,0,0,0,0,0,0,0,0,0,0,0,0,0,0,0,0,0,0,0,0,0,0,0,0,0,0,0,0,0,0,0,0,0,0,0,0,0,0,0,0,0,0,0,0,0,0,0,0,0,0,0,0,0,0,0,0,0,0,0,0,0,0,0,0,1,0,0,0,0,0,0,0,0,0,0,0,0,0,0,1,0,0,0,0,0,0,0,0,0,0,0,0,0,0,0,0,0,0,0,0,0,0,0,0,0,0,0,0,0,0,0,0,0,0,0,0,0,0,0,0,0,0,0,0,0,0,0,0,0,1,0,0,0,0,0,0,0,0,1,0,0,0,0,0,0,0,0,0,1,0,0,0,0,0,0,0,0,1,0,0,0,0,0,0,1,0,0,0,0,0,0,0,0,0,0,0,0,0,0,0,0,0,0,0,0,0,0,0,0,0,0,0,0,0,0,0,0,0,0,0,0,0,0,0,0,0,0,0,0,0,0,0,0,0,0,0,0,0,0,0,0,0,0,0,0,0,0,0,0,0,0,0,0,0,0,0,0,0,0,0,0,0,0,0,0,0,0,0,0,0,0,0,0,0,0,0,0,0,0,0,0,0,0,0,0,0,0,0,0,0,0,0,0,0,0,0,0,0,0,0,0,0,0,0,0,0,0,0,0,0,0,0,0,0,0,0,0,0,0,0,0,0,0,0,1,0,1,0,0,0,1,0,0,0,0,0,0,0,0,0,0,0,1,0,0,0,0,0,0,0,0,0,0,0,0,0,0,0,0,0,0,0,0,0,0,0,0,0,0,0,0,0,0,0,0,0,0,0,0,0,0,0,0,0,0,0,0,0,0,0,1,0,0,0,0,0,0,0,0,0,0,0,0,0,0,0,0,0,0,1,0,0,0,0,0,0,0,0,0,0,0,0,0,0,0,0,0,0,0,1,0,0,0,0,0,0,0,0,0,0,0,0,0,0,0,0,0,1,0,0,0,0,0,0,0,0,0,0,1,0,0,0,0,0,0,0,0,0,0,0,0,0,0,0,0,0,0,0,0,0,0,0,0,0,0,0,1,0,0,0,0,0,0,0,0,0,0,0,1,0,0,0,0,0,0,0,0,0,0,0,0,0,0,0,0,0,0,0,0,0,0,0,0,0,0,0,0,0,1,0,0,0,0,0,1,0,1,0,0,0,0,0,0,0,0,0,0,0,0,1,0,0,0,0,0,0,0,0,0,0,1,0,0,0,0,0,0,0,0,0,0,0,0,1,0,0,0,0,0,0,0,0,0,0,0,0,0,0,0,0,0,0,0,0,0,0,1,0,0,0,0,0,0,0,0,0,0,0,0,0,0,0,0,0,1,0,0,0,0,0,0,0,0,0,0,0,0,0,0,0,0,0,0,0,0,0,0,0,0,0,0,0,0,0,0,0,0,0,0,0,0,0,0,0,0,0,0,0,0,0,0,0,0,0,0,0,0,0,0,0,0,0,0,0,0,0,0,0,0,1,0,0,0,0,0,0,0,0,0,0,0,0,0,0,0,0,0,0,0,0,0,0,0,1,0,0,0,0,0,0,0,0,0,0,0,0,0,0,0,0,0,0,0,0,0,0,0,0,0,0,0,0,0,0,0,0,0,0,0,0,0,0,0,0,0,0,0,0,0,0,0,0,0,0,0,0,0,0,0,0,0,0,0,0,0,0,0,0,0,0,0,0,0,0,0,0,0,0,0,0,0,0,0,0,0,0,0,0,0,0,0,0,0,0,0,0,0,0,0,0,0,0,0,0,0,0,0,0,0,0,0,0,0,0,0,1,0,0,1,0,0,0,0,0,0,0,0,0,0,0,0,0,0,0,0,0,0,0,0,0,1,0,0,0,0,0,0,0,0,0,0,0,0,1,0,0,0,0,0,0,0,0,0,1,0,0,0,0,0,0,0,0,0,0,0,0,0,0,0,0,0,0,0,0,0,0,0,0,0,0,0,0,0,0,0,0,0,0,0,0,0,1,0,0,0,0,0,0,0,0,0,0,0,0,0,0,0,0,0,0,0,0,0,0,0,0,0,0,0,0,0,0,0,0,0,0,0,0,0,0,0,0,0,0,0,0,0,0,0,0,0,0,0,0,0,0,0,1,0,0,0,1,1,0,0,0,0,0,0,0,0,0,0,0,0,0,0,0,0,0,0,0,0,0,0,0,0,0,0,0,0,0,0,1,0,0,0,0,0,0,0,0,0,0,0,0,0,0,0,0,0,0,0,0,0,0,0,0,0,0,0,0,0,0,0,0,0,0,0,0,0,0,0,0,0,0,0,1,0,0,0,0,0,0,0,0,0,0,0,0,0,0,0,0,0,0,0,0,0,0,0,0,0,0,1,0,0,0,0,0,0,0,0,0,0,1,0,0,0,0,0,0,0,0,0,0,0,0,0,0,0,0,0,0,0,0,0,0,0
CORO1B,0,0,0,0,0,0,1,0,0,0,1,0,0,0,0,0,0,0,1,0,0,0,1,0,0,1,1,0,0,1,0,0,1,0,0,0,0,0,1,0,1,1,0,0,0,0,0,1,0,0,0,0,1,0,0,0,1,0,0,0,0,1,0,2,0,0,0,0,0,0,0,0,0,0,0,0,0,0,0,0,0,0,0,1,0,1,0,0,0,0,1,0,0,0,1,0,0,1,0,1,0,0,0,1,0,1,0,0,1,1,0,0,0,0,0,1,0,0,0,0,0,1,0,0,1,0,0,0,0,0,0,0,0,0,0,0,0,2,0,1,0,0,0,0,1,0,0,0,0,0,0,1,0,0,1,0,0,0,1,0,0,0,2,1,0,2,0,0,0,5,0,0,1,0,0,0,0,1,0,0,0,0,0,0,0,0,0,0,0,0,0,1,1,1,0,0,0,0,0,1,0,0,1,0,0,1,0,1,0,0,0,0,0,0,0,0,0,0,0,0,0,0,1,0,0,0,1,1,0,0,0,0,1,0,0,0,0,0,0,0,1,0,0,0,0,0,0,0,1,0,0,0,0,0,1,0,0,1,0,0,1,0,0,0,0,0,0,0,0,0,0,2,1,0,1,0,0,1,0,0,0,0,0,0,0,0,0,0,0,0,1,0,0,0,0,0,0,0,2,0,1,0,0,0,0,0,0,0,0,0,0,0,0,1,0,0,0,2,1,0,0,0,0,0,0,0,1,0,0,0,0,0,0,0,0,1,1,0,1,0,2,0,0,1,0,7,0,0,0,0,0,1,3,0,0,0,0,0,0,0,0,0,0,0,0,1,1,0,0,0,0,0,1,0,0,0,2,0,0,0,0,0,0,0,0,0,0,0,1,0,2,2,0,4,0,0,0,0,0,1,0,0,0,0,0,0,0,0,0,0,2,0,0,0,0,1,0,1,0,0,0,0,0,0,2,0,0,0,0,0,0,0,0,0,0,0,0,0,0,0,0,0,1,0,0,2,0,0,0,0,0,0,0,0,0,0,0,0,0,0,0,1,0,0,0,0,0,0,0,0,0,0,0,0,0,0,0,0,0,0,0,0,0,1,0,0,0,0,0,1,0,0,2,0,0,0,0,0,0,0,0,0,1,1,0,1,0,1,0,0,0,0,0,0,0,0,0,0,0,0,0,0,0,0,0,0,0,0,0,0,1,1,0,0,2,0,1,0,0,0,0,1,1,0,0,0,0,0,2,0,1,2,0,0,0,1,0,0,2,0,0,1,0,0,1,0,0,1,1,0,0,0,0,0,0,0,0,0,1,0,0,0,0,1,0,1,0,0,0,0,0,0,0,1,0,0,1,0,0,1,1,0,0,0,0,0,0,0,0,0,1,0,0,0,2,1,2,0,0,0,1,0,0,0,0,0,0,1,0,0,0,1,0,0,0,0,0,1,0,0,0,0,0,0,0,0,2,1,0,1,0,0,0,1,0,0,0,0,0,1,0,0,0,0,2,0,0,0,0,0,0,0,0,0,2,0,0,1,0,1,0,1,0,0,0,0,0,0,0,0,0,0,0,0,0,0,0,0,1,0,0,0,0,0,0,1,0,0,0,3,0,0,0,0,0,0,0,0,0,1,0,0,0,0,0,0,0,0,0,0,0,0,0,1,0,0,1,0,0,0,0,0,0,0,0,0,0,1,0,1,0,1,0,0,0,0,0,0,0,0,0,0,0,0,0,0,2,0,0,0,0,3,0,0,1,0,0,0,1,0,0,0,1,0,1,2,0,0,2,0,0,0,0,0,0,1,1,0,0,0,0,0,0,0,0,0,0,0,0,0,0,0,0,1,0,0,1,0,0,0,0,0,3,0,0,1,0,0,0,0,1,0,0,0,0,2,0,0,0,0,0,1,2,0,3,0,0,2,0,0,0,0,0,0,0,0,0,0,0,0,0,0,0,0,0,0,0,0,0,0,0,0,1,0,0,0,0,0,0,0,0,0,1,0,2,1,0,0,0,0,0,0,0,0,0,0,0,0,1,0,0,0,0,0,0,2,0,0,1,1,0,0,0,0,0,0,0,0,2,0,0,1,1,0,0,0,0,1,0,0,0,0,0,1,0,0,0,1,0,0,2,0,0,0,0,0,0,0,1,0,0,0,1,0,0,0,0,0,0,0,0,0,0,0,0,1,0,1,0,0,1,0,0,0,0,0,0,0,1,0,1,0,0,0,0,0,1,0,0,0,0,0,0,0,0,0,0,0,0,1,0,0,0,0,0,0,0,0,0,0,0,3,0,0,0,1,0,0,0,0,0,0,0,0,0,0,0,0,0,0,1,4,0,0,0,0,0,0,0,0,0,0,0,0,2,2,0,1,0,0,3,0,0,0,0,0,0,0,0,1,0,0,1,1,1,0,1,0,0,0,0,0,0,1,0,1,1,1,0,0,2,0,0,0,2,0,0,0,0,0,1,2,0,2,0,0,0,0,0,0,0,0,1,0,1,0,0,0,1,0,0,0,0,1,0,0,0,0,0,0,1,1,1,0,0,0,0,0,1,0,0,0,3,0,0,0,0,0,0,0,0,0,0,0,0,0,0,0,0,0,0,0,0,1,0,0,1,0,0,1,0,0,0,0,0,0,0,0,0,0,0,0,0,0,0,0,0,0,0,1,2,0,0,0,0,0,0,1,0,0,0,0,0,0,0,0,1,0,0,0,0,0,0,0,0,1,0,0,1,0,0,0,0,3,0,0,0,0,0,0,0,0,0,1,0,0,0,1,0,0,1,1,0,0,0,0,3,0,0,0,0,0,0,0,0,0,0,0,0,1,0,0,0,0,0,0,0,0,0,0,0,0,2,0,0,0,0,0,0,1,0,0,1,0,1,0,3,0,1,0,1,0,0,4,1,0,1,0,0,0,0,1,0,0,0,0,0,0,1,0,0,0,0,0,0,1,0,7,0,0,0,0,0,0,1,0,0,0,0,0,0,0,0,0,0,0,0,2,0,0,0,0,0,0,0,0,0,0,5,0,0,0,1,0,0,0,0,0,1,1,0,0,0,0,0,0,0,0,0,0,0,1,0,1,0,0,0,1,2,0,0,0,0,0,1,0,0,0,0,0,0,1,0,0,0,0,0,0,1,1,2,0,0,1,0,0,0,0,0,1,1,0,2,0,0,0,1,0,0,0,0,0,0,0,0,0,0,2,0,0,0,0,1,0,0,0,0,2,0,0,0,0,0,0,0,0,0,1,0,0,0,0,0,0,1,0,0,0,0,0,0,0,0,0,0,0,0,0,1,1,0,0,0,0,0,0,0,0,0,0,0,1,0,0,0,0,1,0,0,0,0,0,0,0,1,1,0,0,0,0,0,0,0,0,2,0,0,0,2,2,0,0,0,1,0,1,0,0,0,0,0,0,1,0,0,0,1,1,0,0,0,0,0,0,0,0,0,2,0,0,0,0,1,0,0,0
ZNF276,0,0,0,0,0,0,0,0,0,0,0,0,0,0,0,1,2,1,0,0,0,0,0,0,0,1,0,0,1,2,0,0,2,0,0,1,0,0,0,0,1,0,0,0,0,0,0,0,0,0,0,0,0,0,0,0,0,0,1,0,0,0,0,0,0,0,0,0,0,1,0,0,0,0,0,0,0,0,0,0,1,1,0,1,1,0,0,0,0,0,0,0,0,0,1,0,0,0,0,0,0,0,0,0,0,0,0,1,0,0,0,0,0,0,0,1,0,1,0,0,1,0,0,0,0,0,0,0,0,0,1,1,0,0,2,0,0,0,0,0,0,0,0,0,0,0,0,0,0,0,0,0,0,0,2,0,0,0,0,0,0,0,0,0,0,0,0,0,0,1,0,0,0,0,0,0,0,2,0,0,0,0,0,0,0,0,1,0,0,0,1,0,0,0,0,0,0,1,0,2,0,0,0,1,0,0,0,0,0,1,0,0,0,0,0,0,0,0,0,0,1,0,1,0,0,0,0,0,1,0,0,0,0,0,0,0,0,0,0,0,1,0,1,0,0,1,0,0,0,0,1,0,0,0,0,1,0,0,0,0,0,0,0,0,0,0,0,1,0,0,1,0,0,0,0,1,0,0,0,0,0,0,0,0,0,0,0,0,0,0,1,0,0,0,0,1,0,1,0,0,0,0,0,0,0,0,1,0,0,1,0,0,0,0,0,0,0,0,0,0,0,0,0,0,0,0,0,2,0,2,0,0,1,0,0,0,0,0,0,0,0,0,0,1,0,0,0,0,0,0,0,0,0,1,0,1,0,0,0,0,0,0,0,0,0,1,0,0,0,0,0,0,0,0,0,0,0,0,0,0,0,0,1,0,0,0,1,1,0,0,0,0,0,1,0,0,0,0,0,0,0,0,0,0,0,0,0,0,0,1,1,0,0,0,0,0,0,0,0,0,0,0,2,0,0,0,1,0,0,1,0,0,0,1,1,0,0,0,0,0,1,0,1,0,0,1,0,0,0,0,0,1,0,1,0,0,0,0,0,0,0,0,0,1,1,0,0,1,0,0,0,0,2,0,0,0,0,0,0,0,0,0,0,0,0,0,0,0,0,0,0,0,0,0,0,0,0,0,0,1,0,0,0,0,0,0,0,0,0,0,0,0,0,1,0,0,0,1,0,0,0,0,1,0,0,0,0,0,0,0,0,0,0,0,0,0,0,0,1,0,0,0,0,0,0,1,0,0,0,1,0,0,0,0,0,1,0,0,0,0,0,1,0,0,0,0,1,0,0,0,0,0,1,0,0,0,0,0,0,0,0,0,1,0,1,0,0,0,0,0,0,0,0,0,0,0,1,0,0,0,0,0,0,2,1,0,0,2,0,0,0,0,0,0,0,1,0,0,0,0,1,0,0,0,1,1,2,0,0,0,1,0,0,0,0,0,0,0,0,0,0,0,0,0,2,0,0,0,0,0,1,0,0,0,0,0,0,2,0,0,0,0,0,3,0,0,0,0,0,0,0,0,0,0,0,0,0,0,1,1,0,0,0,0,0,0,0,0,0,1,0,0,0,0,0,0,0,1,0,0,0,0,0,0,0,0,0,0,1,0,1,1,0,0,0,0,1,0,0,0,0,0,0,0,0,0,0,0,0,1,0,2,0,0,0,0,0,0,0,0,0,0,0,0,0,0,0,0,0,0,0,0,0,0,0,0,0,0,2,0,0,0,0,0,0,0,1,0,0,0,0,0,0,0,0,0,0,0,0,0,0,1,0,0,0,0,0,0,0,0,0,0,1,0,1,0,0,0,0,0,0,0,0,0,0,1,1,0,0,0,0,0,0,0,0,0,0,0,0,0,0,0,0,0,0,0,0,0,1,0,0,1,0,0,2,0,0,0,0,0,0,0,0,0,1,0,0,0,0,2,0,0,0,0,1,0,0,0,0,0,0,0,0,0,0,0,0,0,0,0,0,0,0,2,0,0,0,0,0,0,0,1,0,0,0,0,0,0,0,0,0,0,0,0,0,0,0,0,0,0,0,1,0,2,1,0,0,0,1,0,0,0,0,1,1,0,0,0,0,0,0,1,1,0,0,0,1,0,0,1,0,0,0,0,0,0,0,0,0,0,0,2,0,0,0,0,1,0,0,0,0,0,0,0,0,0,0,0,0,0,1,0,0,0,0,0,0,0,0,0,0,0,0,0,0,0,0,0,0,0,0,0,0,1,0,0,0,0,0,0,0,0,0,0,1,0,0,1,0,0,0,0,0,0,0,0,0,0,0,0,0,0,0,0,0,1,0,0,0,0,0,0,0,0,1,0,0,0,0,0,0,0,0,0,0,0,0,0,0,0,0,0,1,0,0,0,0,0,0,0,0,0,0,0,0,0,0,0,1,1,0,0,0,0,0,0,0,0,1,0,0,1,0,2,0,0,0,0,0,0,0,0,0,0,0,0,0,0,0,0,0,0,0,0,0,0,0,0,0,3,0,1,0,0,0,0,0,0,0,0,0,1,0,1,0,0,0,0,0,0,0,2,0,0,0,0,1,0,0,0,0,0,0,0,0,1,0,0,0,0,0,1,0,0,0,1,0,0,0,0,0,0,0,1,0,1,0,0,0,0,1,0,0,1,0,0,0,0,0,0,0,0,2,0,0,0,0,1,0,0,0,0,0,0,0,0,0,0,0,0,0,0,0,1,0,0,0,0,0,1,0,0,0,0,0,0,0,0,0,0,0,1,0,0,0,1,0,0,0,2,0,0,0,0,0,0,0,0,0,0,0,1,0,0,0,0,0,0,0,1,1,0,0,0,0,0,0,1,0,0,0,0,0,0,0,1,0,0,0,0,0,0,0,0,0,0,0,0,0,0,0,0,0,0,0,0,0,0,0,0,1,0,0,0,1,0,0,0,0,0,0,1,0,0,0,0,1,0,0,1,0,0,1,0,0,0,0,1,0,0,0,0,0,1,0,0,0,0,1,0,0,0,0,0,0,0,1,0,1,0,0,0,0,0,0,0,0,1,0,0,0,0,2,0,0,0,1,0,0,0,0,0,2,0,0,0,0,0,0,0,0,0,0,0,0,0,0,0,0,0,0,0,0,0,0,0,0,0,1,0,1,0,0,0,0,0,0,0,2,0,0,0,0,0,0,0,0,0,0,0,0,0,0,0,1,0,0,0,1,0,1,0,0,0,0,0,0,0,1,0,0,0,0,0,1,0,0,0,0,0,0,0,0,1,0,0,0,0,0,0,0,0,0,1,0,0,1,0,0,0,0,0,0,0,0,0,0,0,0,0,0,0,0,1,1,1,0,0,1,0,0,0,0,0,0,0,0,0,0,0,0,0,0,0,0,1,0,0,0,0,0,1,0,0,0,0,0,0,0,0,0,0,0,0,0,0,0,0,0,0,0,0,1,0,0,0,1,0,0,0,0,0,0,0,0,0,0,0,0,0,0,1,0,0,0,0
PTPN12,0,1,0,0,0,0,0,0,0,0,0,0,0,0,0,0,0,0,0,0,0,0,0,0,0,0,0,0,0,1,0,1,1,0,0,0,0,0,0,0,0,0,0,0,0,0,0,0,0,0,0,0,0,1,0,0,1,0,0,0,0,0,0,0,0,0,0,0,0,0,0,0,0,0,0,0,0,0,0,0,0,0,0,0,0,0,0,0,0,0,0,0,0,0,0,0,0,0,0,0,0,0,0,0,0,0,0,0,1,0,0,0,0,0,0,0,0,0,0,0,0,0,0,0,0,0,0,0,2,0,0,0,0,0,0,0,0,0,0,0,0,0,0,0,0,0,1,0,0,0,0,0,0,0,0,0,0,0,0,0,0,0,0,0,0,0,1,0,0,0,0,1,0,0,1,0,0,0,0,0,0,0,0,0,0,0,0,0,0,0,1,0,0,0,0,0,0,0,0,1,0,0,0,0,0,0,0,0,0,0,0,0,0,0,0,0,0,0,0,0,0,0,0,0,0,1,0,1,0,0,0,0,0,0,0,0,0,0,0,0,0,0,0,1,0,1,0,0,1,0,0,1,0,0,0,0,0,0,0,1,0,0,0,0,0,1,0,0,0,0,0,0,0,0,0,0,0,0,0,0,0,0,0,0,0,0,0,0,0,0,0,0,1,0,0,1,0,0,0,0,0,0,0,0,0,0,0,0,0,0,0,0,0,0,0,0,1,0,0,0,0,0,0,0,0,0,0,0,0,0,0,0,0,0,0,0,0,0,0,0,1,0,0,0,0,0,0,1,0,2,0,0,1,0,0,0,0,0,0,1,0,0,0,0,0,0,0,0,0,0,1,0,1,0,0,0,0,0,0,0,0,0,0,0,0,0,0,0,0,0,0,0,0,0,1,0,1,0,0,1,0,0,0,0,2,0,0,0,0,0,0,0,0,0,0,1,0,0,0,0,0,0,0,0,1,0,0,0,0,0,0,0,0,0,0,0,0,0,0,0,0,0,0,0,0,1,0,0,1,0,0,0,0,0,0,0,0,0,1,0,0,0,0,0,0,0,0,0,0,1,1,1,0,0,0,0,2,0,0,0,0,0,0,0,0,0,0,0,0,0,0,0,0,0,0,0,0,0,0,0,0,0,0,0,0,0,0,0,0,0,0,0,0,0,0,0,0,0,0,0,1,0,0,0,0,1,0,0,2,0,0,0,0,0,0,2,0,0,0,0,0,0,0,0,0,0,0,0,0,0,0,0,0,0,0,0,0,0,0,0,0,0,0,0,0,0,0,0,0,0,0,1,0,0,0,0,0,0,0,0,0,0,0,0,0,0,0,0,0,1,0,0,0,0,0,0,0,0,0,0,0,0,0,0,0,2,0,0,0,0,1,0,0,0,0,0,0,0,0,0,0,0,1,0,0,0,0,0,0,0,0,0,0,0,0,0,0,0,0,0,0,0,0,0,0,0,0,0,0,0,0,0,0,0,0,0,0,0,0,1,0,1,0,0,0,0,0,0,0,0,0,0,0,0,0,0,0,0,0,0,0,0,0,0,1,0,0,0,0,0,0,0,0,0,0,0,0,0,0,0,0,0,0,0,0,0,0,0,1,0,0,0,0,0,0,0,0,0,0,0,0,0,0,0,0,0,0,0,0,1,0,0,0,0,0,0,0,0,0,0,0,0,0,0,0,2,0,0,0,0,0,0,0,0,0,0,0,0,0,0,0,0,0,0,0,0,1,0,0,0,0,0,0,0,0,0,1,0,0,0,0,1,0,0,0,0,0,0,0,0,0,0,0,0,0,0,0,0,0,0,0,0,0,0,0,0,0,0,0,0,0,0,0,0,0,0,1,0,0,0,0,0,0,0,0,0,0,0,0,0,0,0,0,0,0,0,0,0,1,0,0,1,0,0,0,0,0,0,1,0,0,0,0,0,0,0,0,1,0,0,0,0,0,0,0,0,0,0,0,0,0,0,0,0,0,0,2,0,0,0,0,0,2,1,0,0,1,0,0,0,0,0,0,0,0,1,0,0,0,0,0,0,0,0,0,0,0,0,0,1,1,0,0,0,1,0,0,0,0,0,0,0,2,0,0,0,1,0,0,1,0,0,0,0,0,0,0,0,0,0,0,0,0,0,0,0,0,0,0,0,0,0,2,0,0,0,0,0,0,0,0,0,0,0,0,1,0,0,0,0,0,0,1,0,0,0,0,0,0,0,0,1,0,0,0,0,0,0,0,0,1,0,0,0,0,1,0,0,0,0,0,0,0,0,0,0,0,0,0,0,0,0,0,0,0,0,0,0,0,0,0,0,0,0,0,0,0,0,0,0,0,0,0,0,0,0,0,0,0,0,0,0,0,1,0,0,0,0,0,0,0,0,0,0,0,0,0,0,0,0,0,0,0,0,0,0,0,0,0,0,0,0,0,0,0,0,0,1,0,0,0,1,0,0,0,0,0,0,0,1,0,0,0,0,0,0,0,0,1,0,0,0,0,0,0,0,0,0,0,0,0,0,0,0,0,0,0,0,0,0,0,0,1,0,0,0,0,0,0,0,0,0,0,0,0,0,0,0,0,0,0,0,0,1,0,0,0,0,0,0,0,0,0,1,0,0,0,0,0,0,0,0,0,0,0,0,0,0,0,0,0,0,0,0,0,1,0,0,0,0,0,0,0,0,0,0,0,0,0,0,0,0,0,0,0,0,0,0,0,0,0,0,0,0,0,0,0,0,0,0,0,0,2,0,0,0,0,0,0,0,0,0,0,0,0,0,1,0,0,0,0,0,0,0,0,0,0,0,0,0,0,0,0,0,0,0,0,0,0,0,0,0,0,1,0,0,0,0,0,0,0,0,1,1,0,0,0,0,0,0,0,0,0,0,0,0,0,0,0,0,0,0,0,0,0,0,0,0,0,0,0,0,0,0,0,0,2,0,0,0,0,0,0,0,0,0,0,0,0,0,0,0,0,0,0,0,0,0,1,0,0,1,1,0,0,0,0,0,0,0,0,0,0,0,0,0,0,0,0,0,0,1,0,0,0,0,0,0,0,0,0,0,0,0,0,0,0,0,0,0,0,0,0,0,0,0,0,0,0,0,0,0,0,0,0,0,0,1,0,0,1,0,0,0,0,0,0,0,0,0,0,0,0,0,0,0,0,0,0,0,0,1,0,0,0,0,0,0,0,0,0,0,0,0,0,0,0,1,0,0,0,0,1,0,0,0,0,0,0,0,0,0,0,0,0,0,0,0,0,0,0,0,0,0,0,0,0,0,0,0,0,0,0,0,0,0,0,0,0,0,0,0,0,0,0,0,1,0,0,0,1,0,0,0,0,1,0,0,0,1,0,0,0,0,0,0,0,0,0,0,0,0,0,0,0,0,0,0,1,0,0,0,0,0,0,0,0,0,0,0,0,0,1,0,0,0,0,0,0,0,0,0,0,0,1,0,0,1,1,0,0,0,0,0,0,0
CKAP4,0,0,0,0,0,0,0,0,0,0,0,0,0,0,0,1,0,0,0,0,0,0,1,0,0,0,0,0,0,0,0,0,0,0,0,0,0,0,0,0,0,0,0,0,0,0,0,0,0,0,0,0,0,0,0,0,0,0,0,0,0,0,0,0,0,0,0,0,0,0,0,0,0,0,0,0,0,1,0,0,0,0,1,0,0,0,0,1,0,0,0,0,0,0,0,0,0,0,0,0,0,0,0,0,0,0,0,0,0,0,0,0,0,0,0,0,0,0,0,0,1,0,0,0,0,1,0,0,0,0,0,0,0,0,0,0,0,0,0,0,0,0,0,0,0,0,0,0,0,0,1,0,0,0,0,0,0,0,0,0,0,0,0,0,0,0,1,0,1,0,0,0,0,0,0,0,0,0,0,0,0,0,0,0,1,0,0,0,1,1,0,0,0,0,0,0,0,0,0,0,1,0,0,0,0,0,0,0,0,0,0,0,0,0,0,0,0,0,0,2,1,0,0,0,0,0,0,0,0,0,0,1,0,0,0,0,0,0,1,0,0,0,0,0,0,0,0,0,1,0,0,0,0,0,0,0,0,0,0,1,0,0,0,0,0,0,0,0,0,0,0,0,2,0,0,0,0,0,1,0,1,1,0,0,0,0,0,0,0,0,0,0,0,0,0,0,0,0,0,0,0,0,0,0,1,0,0,0,0,0,0,0,0,0,0,0,0,0,0,0,0,0,0,0,0,0,0,0,0,0,0,0,0,0,0,0,0,1,0,0,0,0,1,0,0,0,0,1,0,0,0,0,0,0,0,1,0,0,0,0,0,0,0,3,0,0,0,0,0,0,0,0,0,0,0,0,1,0,0,0,0,0,0,0,0,0,0,0,0,0,0,1,0,0,0,0,0,0,0,0,0,0,0,0,0,0,0,0,0,0,0,0,0,0,0,0,0,0,0,0,1,0,0,0,0,0,0,0,0,0,0,0,0,0,1,0,0,0,0,0,0,0,0,0,0,0,0,0,0,0,0,0,2,0,0,0,0,0,0,0,0,0,0,0,2,0,0,0,0,2,0,0,0,1,0,0,0,0,0,0,0,0,0,0,1,0,0,0,0,0,0,0,0,0,0,0,0,0,0,0,0,1,0,0,0,0,0,0,0,0,0,0,0,0,0,0,0,0,0,0,0,0,0,0,0,1,0,0,0,0,0,0,0,0,1,0,0,0,0,0,0,0,0,0,0,0,1,0,0,0,0,0,0,0,0,0,0,1,0,0,0,0,0,0,0,0,0,0,0,0,0,0,0,0,0,0,0,0,2,0,0,0,0,0,0,0,0,0,0,0,0,0,0,0,0,0,0,0,0,0,0,0,0,0,0,0,0,0,0,0,1,0,0,0,0,0,0,0,0,0,0,0,0,0,0,0,0,0,0,0,0,0,0,0,0,0,0,0,0,1,0,1,1,0,0,0,0,0,0,0,0,0,0,0,0,0,0,0,0,0,0,0,0,0,0,0,0,0,0,0,0,0,0,0,0,0,0,1,0,0,0,0,0,0,1,0,0,0,0,0,0,0,0,0,0,0,0,0,0,0,0,0,0,0,0,1,0,0,0,0,0,0,0,0,0,0,0,0,0,0,0,0,0,0,0,0,0,0,0,0,0,0,0,0,0,0,1,0,0,0,0,0,0,0,0,0,0,0,0,0,0,0,0,0,0,0,0,0,0,0,0,1,0,0,0,0,0,0,0,0,0,0,0,0,1,0,0,0,1,0,1,0,0,0,0,0,0,0,0,0,0,0,0,0,0,0,0,0,0,0,0,0,0,0,0,0,0,0,0,0,0,0,0,0,0,0,0,0,0,0,0,0,0,0,0,0,0,0,1,0,0,0,0,0,0,0,0,1,0,0,0,0,0,0,0,0,0,0,0,0,0,1,2,0,0,0,0,0,0,0,0,0,0,0,0,0,0,0,0,0,0,0,0,0,0,0,0,0,0,0,0,0,0,0,0,0,0,0,1,0,0,0,0,0,0,0,0,0,0,0,0,0,0,0,0,0,0,0,0,1,0,0,0,0,1,0,0,0,1,0,0,0,0,0,0,0,0,0,1,0,0,0,0,0,0,0,0,0,1,0,0,0,0,0,0,0,0,1,0,0,0,0,0,0,0,0,0,0,0,0,0,0,0,0,0,0,0,0,0,0,0,0,0,0,0,0,0,0,2,0,0,0,0,0,0,0,0,0,0,0,0,0,0,0,0,0,0,0,0,0,0,0,0,0,0,0,0,0,0,0,0,0,0,0,0,0,0,0,0,0,0,0,0,0,0,0,0,0,0,0,0,0,0,0,0,0,0,2,0,0,0,0,0,0,0,0,0,0,0,0,0,0,0,0,0,0,0,0,0,0,0,0,0,0,1,0,2,0,0,0,0,0,0,0,0,0,0,1,0,0,0,0,0,1,0,0,0,0,0,0,0,0,0,0,1,1,0,0,2,0,1,0,0,0,1,0,0,0,0,0,0,0,0,1,0,0,1,0,0,0,0,0,0,0,0,0,0,0,0,0,0,0,0,0,0,0,0,0,0,0,0,0,0,0,0,0,0,0,0,0,0,0,0,0,0,0,0,0,0,0,0,0,0,0,0,0,0,0,0,0,0,0,0,0,0,0,0,0,0,0,0,0,0,0,0,0,0,0,0,0,0,0,0,0,0,0,0,0,0,0,0,0,0,0,0,0,0,0,0,1,0,0,0,1,0,0,0,0,0,0,0,2,0,0,0,0,0,0,0,0,1,0,0,0,0,0,0,0,0,0,0,0,0,0,0,0,0,0,0,0,1,0,1,0,0,0,0,0,0,0,0,0,0,1,0,0,0,0,0,0,0,0,0,0,0,0,0,0,0,0,0,0,0,0,0,0,0,0,0,0,0,0,0,1,0,0,0,0,0,0,0,0,0,0,0,1,1,0,0,0,0,0,0,0,0,0,0,0,0,0,0,0,0,0,0,0,0,0,0,1,0,0,0,0,0,0,0,0,0,0,0,1,0,0,0,0,0,0,0,0,0,0,0,0,0,0,0,0,0,0,0,0,0,1,0,0,0,0,0,0,0,1,0,0,0,0,1,0,0,1,0,0,0,0,0,0,0,0,1,0,1,0,0,0,0,0,0,1,0,0,0,0,0,0,0,0,0,0,0,0,0,0,0,0,1,0,0,0,0,0,0,0,0,1,0,0,0,0,0,1,0,0,0,0,0,0,0,0,0,1,0,0,0,0,0,0,0,0,0,0,0,0,0,0,0,0,0,0,0,0,0,0,0,0,0,0,0,0,0,0,0,0,0,1,0,0,0,0,0,0,0,0,0,0,0,0,0,1,0,0,0,0,0,1,0,0,0,2,0,0,0,0,0,0,0,0,0,0,0,0,0,0,0,0,0,0,0,0,0,0,1,0,1,0,0,0,0,0,0,0,0,0,0,0,0,0
PTPRS,0,0,0,0,0,0,0,0,0,0,0,0,0,0,0,0,0,0,0,0,0,0,0,0,0,0,0,0,0,0,0,0,0,2,0,0,0,0,0,0,0,0,0,0,0,0,0,0,0,0,0,0,0,0,0,0,0,0,0,0,0,0,0,0,0,0,0,1,0,0,0,0,0,0,0,0,0,0,0,0,0,0,0,0,0,0,0,0,0,0,3,0,0,0,0,0,0,0,0,0,0,0,0,0,0,0,0,0,0,0,0,0,0,0,0,0,0,0,0,0,0,0,0,0,0,0,0,0,0,0,0,0,0,0,0,0,0,0,0,0,0,0,0,0,0,0,0,1,0,0,0,0,0,0,0,0,0,0,0,0,0,0,0,0,0,0,0,0,0,0,0,0,0,0,0,0,0,0,0,0,0,0,0,0,0,0,0,0,0,0,0,0,0,0,0,0,0,0,1,0,0,0,0,0,0,0,0,0,0,0,0,0,0,0,0,0,0,0,11,0,0,0,0,0,0,0,0,0,0,0,0,0,0,0,0,0,0,0,0,0,0,0,0,0,0,0,0,0,0,0,0,0,0,0,0,0,0,0,0,0,0,0,0,0,0,0,0,0,0,0,0,0,0,0,0,0,0,0,0,0,0,0,0,0,0,0,0,0,0,0,0,0,0,0,0,0,0,0,0,0,0,0,0,0,0,0,0,0,0,0,0,0,0,0,0,0,0,0,0,0,0,0,0,0,0,0,0,0,0,0,0,0,0,0,0,0,0,0,0,0,0,0,0,0,0,0,0,0,0,0,0,0,0,0,0,0,0,0,0,0,0,0,0,0,0,0,0,0,0,0,0,0,0,0,0,0,0,0,0,0,0,0,0,0,0,0,0,0,0,0,0,0,0,0,0,0,0,0,0,0,0,0,0,0,0,0,0,0,0,0,0,0,0,0,0,0,0,0,0,0,0,0,0,0,0,0,0,0,0,0,0,0,0,0,0,0,0,0,0,0,0,0,0,0,0,0,0,0,0,0,0,0,0,0,0,0,0,0,0,0,1,0,0,0,0,0,0,0,0,0,0,0,0,0,0,0,0,0,0,0,0,0,0,0,0,0,0,0,0,0,0,0,0,0,0,0,0,0,0,0,0,0,0,0,0,0,0,0,0,0,0,0,0,0,0,0,0,0,0,0,0,0,0,0,0,0,0,0,0,0,0,0,0,0,0,0,0,0,0,0,0,0,0,0,0,0,0,0,0,0,0,0,0,0,0,0,0,0,0,0,0,0,0,0,0,0,0,0,0,0,0,0,0,0,0,0,0,0,0,0,0,0,0,0,0,0,0,0,0,0,0,0,0,0,0,0,0,0,0,0,0,0,0,0,0,1,0,0,0,0,0,0,0,0,0,0,0,0,0,0,0,0,0,0,0,0,0,0,0,0,0,0,0,0,0,0,0,0,0,0,0,0,0,0,0,0,1,0,0,0,0,0,0,0,0,0,0,0,0,0,0,0,0,0,0,0,0,0,0,0,0,0,0,0,0,0,0,0,0,0,0,0,0,0,0,0,0,0,0,0,0,0,0,0,0,0,0,0,0,0,0,0,0,0,0,0,0,0,0,0,0,0,0,0,0,0,0,0,1,0,0,0,0,0,0,0,0,0,0,0,0,0,0,0,1,0,0,0,0,0,0,0,0,0,0,0,0,0,0,0,0,0,0,0,0,0,0,0,0,0,0,0,0,0,0,0,0,0,0,0,0,0,0,0,0,0,0,0,0,0,0,0,0,0,0,0,0,0,0,0,0,0,0,0,0,0,0,0,0,0,0,0,0,0,0,0,0,0,0,0,0,0,0,0,0,0,0,0,0,0,0,0,0,0,0,0,0,0,0,0,0,0,0,0,0,0,0,0,0,0,0,0,0,0,0,0,0,0,0,0,0,0,0,0,0,0,0,0,0,0,0,0,0,0,0,0,0,0,0,0,0,0,0,0,0,0,0,0,0,0,0,0,0,0,0,0,0,1,0,0,0,0,0,0,0,0,0,0,0,0,0,0,0,0,0,0,0,0,0,0,0,0,0,0,0,0,0,0,0,0,0,0,0,0,5,0,0,0,0,0,0,0,0,0,0,0,0,0,0,0,0,1,0,0,0,0,0,0,0,0,0,0,0,0,0,0,0,0,0,0,0,0,0,0,0,0,0,0,0,0,0,0,0,0,0,0,0,0,0,0,0,0,0,0,0,0,0,0,0,0,0,0,0,0,0,0,0,0,0,0,0,0,0,0,0,0,0,0,0,0,0,0,0,0,0,0,0,0,0,1,0,0,0,0,0,0,0,0,0,0,0,0,0,0,0,0,0,0,0,0,0,0,0,0,0,0,0,0,0,0,0,0,0,0,0,0,0,0,0,0,0,0,0,0,0,0,0,0,0,0,0,0,0,0,0,1,0,0,0,0,3,0,0,0,0,0,0,0,0,0,0,0,0,0,0,0,0,0,0,0,0,0,0,0,0,0,0,0,0,0,0,0,0,0,0,0,0,0,0,0,0,0,0,0,0,0,0,0,0,0,0,0,0,0,0,0,0,0,0,0,0,0,0,0,0,0,0,0,3,0,0,0,8,0,0,0,0,0,0,0,0,0,0,0,0,0,0,0,0,0,0,0,0,0,8,0,0,0,0,0,0,0,0,0,0,0,0,0,0,0,0,0,0,0,0,0,0,0,0,0,0,0,0,0,0,0,0,0,0,0,0,0,0,0,0,0,0,0,0,0,0,0,0,0,0,0,0,0,0,0,0,0,0,0,0,7,0,0,0,0,0,0,0,0,0,0,0,0,0,0,0,0,0,0,0,0,0,0,0,0,0,0,0,0,0,0,0,0,0,0,0,0,0,0,0,0,0,0,0,0,0,0,0,0,0,0,0,0,0,0,0,0,0,0,0,0,0,0,0,0,0,0,0,0,0,0,0,0,0,0,0,0,0,0,0,0,0,0,0,0,0,0,0,0,0,0,0,0,0,0,0,0,0,0,0,0,0,0,0,0,0,0,0,0,1,0,0,0,0,0,0,0,0,0,0,0,0,0,0,0,0,0,0,0,0,0,0,0,0,0,0,0,0,0,0,0,0,0,0,0,0,0,0,0,0,0,0,0,0,3,0,0,0,0,0,0,0,0,0,0,0,0,0,0,0,0,0,0,0,8,0,0,0,0,0,0,0,0,0,0,0,0,0,0,0,0,0,0,0,0,0,0,0,0,0,0,0,0,0,0,0,0,0,0,0,0,0,0,0,0,0,0,0,0,0,0,0,0,0,0,0,0,0,0,0,0,0,0,0,0,0,0,0,0,0,0,0,0,0,0,0,0,0,0,0,0,0,0,0,0,0,0,0,0,0,0,0,0,0,0,0,0,0,0,0,0,0,0,0,0,0,0,0,0,0,0,0,0,0,0,0,0,0,0,0,0,0,0,0,0,0,0,0,0,0,0
PITPNC1,0,0,0,0,0,0,0,0,0,0,0,0,0,0,1,1,1,0,0,1,0,1,0,0,0,0,0,0,0,0,0,0,0,0,0,1,0,0,1,0,0,0,0,0,0,0,0,0,1,0,1,0,0,0,0,0,1,0,0,0,0,1,0,0,0,0,0,0,0,1,0,0,2,0,0,0,0,0,0,0,1,0,0,0,0,0,0,0,0,0,0,0,0,0,0,0,0,0,0,0,2,0,0,1,0,0,0,0,0,1,0,0,0,1,0,1,1,0,0,0,0,0,0,0,0,1,0,0,0,0,0,1,0,0,0,0,0,0,1,0,1,0,0,0,1,1,0,0,0,2,0,0,1,0,0,0,1,0,0,0,0,0,0,0,0,0,0,1,0,0,0,1,0,0,0,0,2,0,0,0,0,0,0,0,0,0,0,1,0,0,1,1,1,0,0,0,0,0,0,0,0,0,0,0,0,0,0,0,0,0,0,0,2,0,0,0,1,1,0,0,0,0,0,0,0,0,0,0,0,0,0,0,1,0,0,0,0,0,1,0,0,0,0,0,0,0,0,0,0,0,0,1,1,1,0,0,1,1,0,0,0,0,0,0,1,0,0,0,0,0,0,1,0,0,0,0,0,1,0,0,0,0,0,0,0,0,0,0,0,0,0,0,0,0,1,0,0,0,0,0,1,0,0,0,0,0,1,0,0,1,0,0,0,0,0,0,0,0,0,0,1,0,0,0,0,1,0,0,0,2,1,0,0,0,0,1,1,0,0,0,0,0,0,2,0,0,0,0,0,0,0,0,1,0,0,0,0,0,0,0,0,0,0,0,0,0,0,0,0,0,1,0,0,0,1,0,0,1,0,0,0,0,1,0,0,0,0,1,0,0,0,0,0,1,0,0,0,1,0,0,0,0,0,0,0,0,0,0,1,0,0,0,0,0,0,0,0,0,0,0,0,0,1,0,0,0,0,1,0,0,0,0,0,0,1,0,0,0,0,0,0,1,0,0,0,0,0,0,1,0,1,0,0,0,0,0,0,0,1,0,0,0,0,0,0,1,1,0,0,0,1,0,0,1,0,0,0,1,0,0,0,0,0,0,0,1,0,0,1,0,1,0,1,0,0,0,0,1,0,2,0,0,0,0,0,1,0,0,0,1,0,0,0,1,0,0,0,0,3,0,0,0,0,0,0,0,0,0,0,0,0,0,0,0,0,0,0,0,0,0,0,0,0,0,0,0,0,0,0,0,0,0,0,0,0,0,0,0,0,0,0,0,0,0,0,0,0,0,0,0,0,3,0,0,0,0,0,0,0,0,0,1,0,0,0,0,0,0,0,0,1,0,0,0,0,0,0,0,0,0,0,0,0,0,0,0,0,0,0,0,0,0,1,0,0,0,0,0,0,0,0,0,0,0,0,1,0,1,0,0,0,0,1,0,0,0,0,2,0,0,0,0,1,0,0,0,0,0,1,0,0,0,0,0,0,0,0,0,0,0,1,0,0,0,0,0,0,0,0,0,0,1,0,1,0,1,0,0,1,0,0,0,0,0,0,0,1,0,0,0,1,0,0,0,0,0,0,0,0,0,0,0,0,0,0,0,1,0,0,0,0,0,0,0,0,0,0,1,1,0,0,1,0,1,0,0,0,1,0,0,0,1,0,0,0,0,0,0,0,0,0,1,1,0,0,1,0,1,2,0,3,1,1,1,0,0,1,0,0,0,0,0,0,0,0,0,0,0,0,0,1,2,0,0,0,0,0,0,0,0,0,0,0,1,0,0,0,0,0,0,0,0,0,0,0,0,0,0,0,1,0,0,0,0,0,0,0,0,0,0,0,0,0,0,0,0,0,0,0,1,0,0,0,0,0,1,0,0,0,0,1,0,0,0,0,0,1,0,0,0,0,0,0,0,0,0,0,0,0,0,1,0,0,0,0,1,0,0,0,0,0,1,2,2,0,0,1,0,0,1,0,0,0,1,0,1,1,0,0,0,0,0,0,0,0,2,0,0,0,0,0,0,0,0,0,0,0,0,1,0,0,0,0,0,0,0,0,0,0,0,0,0,0,0,0,0,0,1,0,0,0,0,0,0,0,0,0,0,0,0,0,0,0,0,0,0,0,0,0,0,0,0,1,0,0,0,1,0,1,1,0,0,0,0,0,0,0,0,0,1,0,0,0,0,0,0,0,0,0,0,0,0,0,0,0,0,0,1,0,0,0,0,0,0,0,0,0,0,0,0,0,0,0,1,0,0,0,0,0,0,0,0,1,0,0,1,0,0,0,0,0,0,0,1,0,0,0,0,0,0,0,0,0,0,0,1,0,0,1,1,0,1,0,0,0,0,0,1,0,2,1,0,1,0,0,1,1,0,0,1,0,0,0,0,0,0,1,0,0,0,0,0,0,0,0,0,0,0,1,0,0,0,0,0,1,0,2,0,0,0,0,0,0,0,0,3,0,0,0,0,0,0,0,2,0,0,0,0,0,0,0,0,0,0,0,0,1,0,0,0,0,1,0,0,0,0,0,0,2,0,0,0,0,0,0,1,2,0,0,0,0,0,0,0,0,0,0,0,0,1,0,1,0,0,0,0,0,0,0,0,0,0,0,0,0,0,0,0,0,0,0,0,1,0,0,0,0,2,1,0,0,0,0,0,0,0,0,0,0,0,0,1,0,0,0,0,0,0,0,0,0,0,0,0,0,0,0,0,0,0,1,0,0,0,1,0,0,0,0,0,0,0,1,0,1,3,0,1,0,0,0,0,0,0,0,0,0,0,1,0,0,0,0,1,0,0,0,0,0,3,0,0,0,3,0,1,0,0,0,0,0,0,0,0,0,0,1,1,0,0,0,1,0,0,1,0,0,0,2,0,0,1,0,0,0,0,0,0,1,0,0,0,0,0,1,0,0,0,0,0,0,0,0,0,0,0,0,2,0,1,0,0,0,0,0,1,0,0,2,0,0,0,0,2,1,1,0,0,1,0,0,0,0,0,0,0,0,0,1,0,1,2,1,0,0,0,0,1,1,0,0,0,0,0,0,0,0,1,0,0,0,0,0,1,0,1,0,0,0,0,0,0,0,0,0,0,1,0,0,0,0,0,0,0,0,0,0,0,0,0,0,0,0,1,0,0,0,0,0,0,0,0,0,0,0,1,1,0,0,1,0,0,0,0,0,0,0,1,0,0,0,0,0,0,0,1,0,1,1,1,0,0,0,0,1,0,1,0,0,1,0,0,0,0,0,0,0,1,0,0,1,0,0,0,0,1,0,0,0,0,0,0,0,0,0,0,0,0,0,0,0,0,0,1,0,0,0,0,0,0,0,0,0,0,1,0,0,1,0,0,0,1,0,1,0,0,0,0,0,0,0,0,1,0,0,0,0,0,0,0,0,0,0,1,0,0,0,0,0,0,0,0,0,0,0,0,0,0,0,0,1,0,0,0,0,1,0,0,2,0,0,0,0,0,0,1
CDK2AP2,0,1,0,1,0,0,0,0,0,0,1,0,0,0,0,3,0,0,0,0,0,1,0,0,0,0,0,0,0,0,0,0,0,1,1,0,0,0,0,0,0,0,0,0,0,0,0,0,0,0,2,0,1,0,1,0,0,0,0,1,0,0,0,0,0,0,0,0,1,0,0,1,0,1,0,0,2,0,0,0,0,0,0,0,0,0,1,0,1,0,0,0,0,0,0,0,1,0,0,0,1,1,0,0,2,0,0,0,0,0,0,0,0,0,0,0,0,1,1,0,0,0,0,0,0,0,1,0,1,1,0,1,0,0,0,0,0,0,0,0,1,1,0,0,0,1,0,0,0,0,0,1,1,0,0,0,2,0,0,0,0,0,0,0,0,1,0,0,1,0,0,0,0,0,0,0,0,2,0,0,0,0,0,0,0,0,1,0,0,0,3,0,1,0,0,0,0,0,0,0,0,2,0,1,0,0,0,1,0,0,0,1,0,0,1,0,1,0,0,0,0,1,1,0,0,0,0,0,0,0,0,0,0,1,0,1,0,0,0,0,0,0,1,0,1,0,1,0,2,0,0,0,0,0,0,1,0,0,0,0,0,0,0,0,0,0,0,0,1,1,0,2,0,0,0,1,0,0,0,0,0,0,0,0,0,0,1,0,1,0,0,1,1,0,0,0,0,0,0,0,0,0,0,1,0,0,2,0,0,0,0,1,0,0,0,0,0,1,0,0,2,0,3,0,0,0,0,0,0,0,0,0,0,0,0,0,0,0,0,0,0,0,0,0,0,1,0,0,0,2,1,0,0,0,0,0,0,1,2,0,1,0,0,0,2,0,1,0,1,0,0,0,1,0,0,2,0,0,0,2,0,0,0,0,0,0,1,0,0,2,1,1,0,0,0,0,1,1,0,0,0,0,0,0,0,0,0,0,0,0,0,2,1,0,0,1,0,0,0,0,1,0,3,0,2,0,0,0,0,2,1,1,2,0,1,0,0,0,3,0,0,0,2,0,1,1,0,0,0,0,2,0,1,1,2,0,1,2,0,0,1,0,0,0,0,1,0,0,0,0,0,2,0,0,1,1,0,0,1,0,1,0,0,0,1,0,0,0,0,0,0,0,0,0,0,0,2,0,1,0,0,0,0,0,0,1,1,1,0,0,0,0,1,0,0,1,0,0,0,0,0,0,1,0,1,0,0,0,2,0,0,0,0,0,0,2,1,0,0,0,0,0,0,0,0,2,0,0,1,1,0,3,0,0,0,1,0,0,0,0,0,0,0,0,0,0,0,0,0,0,0,0,0,0,0,1,1,0,0,0,0,0,0,1,0,0,1,0,1,0,0,0,1,0,0,0,0,1,0,0,2,0,0,1,0,0,0,1,0,0,0,0,1,1,0,0,0,1,1,0,0,0,0,0,0,0,0,0,0,2,1,0,0,1,1,0,0,1,1,1,1,0,1,0,0,0,3,0,0,0,0,0,0,0,0,0,1,0,0,0,0,1,0,0,0,0,0,0,0,0,0,0,1,0,1,0,0,0,0,0,0,1,0,0,1,0,0,0,0,0,0,0,1,0,0,0,0,0,1,0,0,0,4,1,0,1,0,1,0,2,1,0,1,0,0,0,0,0,0,0,0,0,0,0,0,1,0,0,0,1,0,0,0,1,3,0,0,0,0,0,0,0,1,0,1,1,0,0,0,0,1,0,0,0,1,1,0,0,1,0,0,0,0,0,0,0,1,0,0,0,0,0,0,1,0,0,0,0,0,0,0,0,1,0,0,1,0,0,0,0,0,1,0,0,0,0,0,0,0,0,0,0,0,0,1,0,0,0,0,0,1,0,0,0,0,0,0,0,0,1,0,0,0,0,1,0,0,0,0,0,0,1,0,0,0,0,0,0,0,2,0,0,3,0,0,0,0,1,2,0,0,0,0,1,0,1,0,2,0,0,0,1,0,0,0,1,0,0,0,0,0,0,0,0,0,0,0,0,0,1,0,0,1,0,0,1,0,0,1,0,0,0,1,0,0,0,0,1,0,0,0,1,0,0,1,0,0,0,2,1,0,1,0,0,0,0,1,1,0,1,0,2,0,0,2,0,0,0,0,1,0,0,0,0,0,0,0,1,0,0,0,0,1,0,0,0,1,0,0,0,0,0,1,0,0,0,0,0,0,0,1,0,0,0,0,0,1,0,1,0,0,0,0,0,0,0,0,0,0,0,0,0,0,0,0,0,0,0,0,0,1,0,0,1,1,0,0,2,0,0,0,1,1,0,0,1,0,0,0,0,0,0,0,1,0,0,0,0,0,0,0,0,0,0,0,1,0,0,0,0,1,2,0,0,0,0,0,0,0,0,0,0,1,0,0,0,0,0,0,0,0,1,2,0,0,1,0,2,0,0,0,0,1,2,0,0,0,0,0,0,0,0,0,3,0,1,1,0,0,0,6,0,0,0,0,1,0,0,0,0,0,1,0,0,0,0,0,1,0,0,2,0,1,0,0,0,0,0,0,1,0,0,0,2,0,1,0,0,1,0,0,0,0,0,1,1,0,0,0,0,0,1,1,0,0,0,0,0,0,0,1,1,0,1,1,0,0,0,1,0,1,1,1,2,0,1,0,1,0,1,0,0,1,0,0,0,0,0,0,0,1,0,0,0,4,1,0,0,0,0,0,1,1,0,0,0,0,0,0,0,0,0,0,0,0,1,0,0,0,1,0,0,1,0,0,0,0,0,0,0,0,0,1,1,0,1,1,0,0,0,0,0,0,2,1,1,1,0,0,0,0,1,0,1,1,8,0,0,0,0,0,0,0,1,0,0,0,2,0,1,0,0,0,0,0,0,1,0,0,0,0,0,1,0,0,1,0,1,0,0,0,1,0,0,0,0,0,2,0,1,1,0,1,2,0,1,1,0,0,0,0,1,0,2,0,0,2,0,1,0,1,0,0,0,0,0,0,0,1,1,1,0,0,0,0,0,0,0,0,0,0,1,0,0,0,0,0,0,1,0,0,0,0,0,0,0,0,0,2,1,1,0,0,0,0,1,1,0,0,0,0,0,0,0,1,0,0,2,0,0,0,1,0,0,0,0,0,0,0,0,0,0,1,0,1,0,0,0,0,1,1,0,1,0,1,0,0,0,1,0,1,0,0,1,1,0,0,0,0,0,1,0,0,0,1,0,1,0,0,1,0,1,0,0,0,0,0,0,0,0,0,0,1,0,0,0,0,0,0,0,0,0,0,0,0,0,0,0,0,0,0,1,0,0,0,0,0,0,0,0,0,0,0,0,0,0,0,1,0,1,2,0,0,0,0,0,0,0,2,0,0,0,0,1,0,0,0,0,1,0,0,0,0,2,0,0,0,0,0,3,0,1,0,0,0,0,0,3,0,0,0,1,0,0,0,0,0,0,1,0,1,1,0,0,0,1,0,0,1,0,0,0,0,0,1,0,0,3,1,1,0,0,0,0,0,0
SIAH2,1,0,1,0,0,1,0,0,0,0,0,0,1,0,1,0,0,0,0,1,1,0,0,0,0,1,0,0,1,0,0,0,0,0,0,2,0,0,1,0,1,0,0,1,0,0,1,0,0,0,0,0,1,0,0,0,1,0,0,1,0,0,0,0,0,0,0,0,0,0,0,0,0,0,0,0,0,0,0,0,0,0,1,0,0,2,0,0,0,0,1,1,0,0,0,0,0,0,0,1,0,0,0,0,1,1,0,0,0,0,0,0,1,0,0,0,1,0,0,0,0,0,3,0,0,0,0,0,1,0,0,1,0,0,2,1,0,3,0,0,0,0,0,1,1,0,0,0,0,0,0,0,1,0,0,1,1,1,0,0,0,0,3,0,1,0,0,0,0,0,2,0,2,0,0,0,0,0,0,1,0,0,0,0,1,0,0,0,1,0,0,0,0,1,0,0,0,0,0,0,0,0,0,0,0,1,0,0,0,0,0,1,1,1,0,0,0,0,1,0,0,0,0,0,0,0,0,0,0,0,0,0,1,0,0,0,0,0,0,0,0,0,0,0,0,0,0,0,0,0,0,0,2,0,0,0,1,0,0,0,0,0,1,0,1,0,0,0,0,0,0,1,0,0,0,0,0,0,0,0,0,0,0,0,0,1,0,0,0,0,1,0,0,0,0,0,0,1,0,0,0,0,1,0,0,0,1,0,1,0,0,0,3,0,2,0,0,3,0,0,1,0,0,0,0,0,0,1,0,0,0,0,0,0,0,3,1,0,1,0,0,0,0,0,0,1,0,0,0,0,1,2,0,0,0,0,1,1,0,1,0,0,0,0,0,0,2,0,0,1,0,0,0,0,0,1,0,1,0,0,0,0,2,0,0,0,0,0,0,0,0,0,0,0,0,0,0,0,0,1,0,0,0,1,0,0,1,1,0,1,1,0,0,0,0,0,1,0,2,0,0,0,0,1,0,0,0,0,0,0,0,0,0,0,0,0,0,1,0,0,0,0,0,0,0,0,0,0,0,0,0,2,1,0,0,0,0,0,1,0,0,2,1,2,0,0,0,0,1,0,0,0,0,0,0,0,0,1,0,1,0,0,0,0,0,0,0,0,1,0,0,0,0,1,0,0,0,0,0,0,0,0,0,0,0,0,0,1,0,0,0,0,0,0,0,0,0,0,0,0,0,0,0,0,0,0,0,0,0,0,0,0,2,0,0,0,1,0,0,0,1,0,1,0,0,1,0,0,3,1,2,0,0,0,1,0,0,0,1,0,0,0,0,0,0,1,1,1,1,0,1,0,0,0,1,1,0,0,0,1,0,0,0,0,0,0,0,0,0,0,0,4,0,0,0,0,0,0,1,0,0,0,1,1,1,0,0,0,0,0,1,0,0,0,0,1,1,0,0,1,0,0,0,0,0,2,0,0,0,0,0,0,0,0,0,1,0,0,0,0,0,0,0,0,0,0,0,0,1,0,0,1,0,0,1,0,1,0,0,1,0,0,0,0,0,1,1,0,0,0,0,0,0,0,1,1,0,0,1,0,1,1,1,0,0,0,0,0,0,0,0,1,0,0,0,0,0,1,0,1,0,0,0,0,0,0,0,0,2,2,2,1,0,0,0,0,0,2,0,0,0,0,1,0,2,0,0,0,0,1,0,0,0,0,0,1,0,1,0,0,1,0,0,0,0,0,0,1,0,0,0,0,0,1,0,0,1,0,0,0,1,0,0,0,0,0,0,0,0,1,0,0,0,1,0,0,0,1,0,0,0,0,0,0,0,0,0,0,0,0,1,0,0,0,0,1,0,0,0,0,0,0,0,0,0,0,1,0,0,0,0,0,0,0,1,0,0,0,1,0,1,0,2,1,1,1,0,0,0,1,1,1,0,0,0,1,0,0,0,0,1,0,1,0,0,1,0,0,1,0,1,1,0,0,1,0,0,0,0,1,0,0,0,0,0,0,0,0,0,0,0,0,0,1,0,1,0,0,1,0,0,0,0,3,0,1,1,0,1,0,0,0,0,0,0,0,0,0,1,0,0,0,0,0,0,0,0,0,0,0,0,0,1,0,0,0,0,0,0,0,0,0,0,2,0,0,0,0,0,1,0,1,1,0,0,0,0,0,1,0,1,0,0,0,1,2,0,0,0,0,0,0,0,1,0,0,0,0,1,0,0,0,1,0,0,0,0,0,0,1,0,1,0,0,2,1,0,0,0,1,0,1,1,0,0,0,0,0,0,0,4,0,0,0,0,0,0,1,0,0,0,1,0,0,0,1,1,0,0,0,0,0,0,0,2,0,1,0,1,0,0,2,0,0,0,1,0,0,0,1,3,0,0,0,0,2,0,0,0,0,0,0,0,0,0,0,0,0,0,0,2,0,0,0,0,0,0,0,0,0,0,0,1,0,0,5,0,0,0,0,0,1,0,0,0,0,0,1,0,0,0,0,0,1,0,0,0,0,0,1,0,0,1,1,1,0,0,0,0,0,0,0,0,0,0,0,0,0,0,0,0,0,0,1,1,0,1,0,0,0,0,0,0,0,0,0,0,0,0,1,0,1,2,0,0,0,0,0,0,1,0,1,0,1,0,2,0,0,0,0,1,1,0,0,0,0,0,0,1,1,1,1,0,0,0,0,0,0,0,1,1,0,0,0,0,1,0,0,0,2,0,2,0,1,1,0,1,0,0,0,0,1,0,0,0,0,0,0,0,0,0,0,0,0,0,0,0,0,0,0,0,0,0,0,1,0,2,1,1,0,0,0,0,0,0,1,0,0,2,1,0,0,0,0,0,0,0,0,0,0,1,0,0,0,0,2,0,0,0,0,0,0,1,0,0,0,0,0,0,0,0,0,0,0,0,0,0,0,0,0,0,0,0,0,0,1,0,0,0,0,0,0,1,0,0,0,1,0,0,0,0,0,0,1,0,0,1,0,0,0,0,0,0,0,0,1,0,0,0,0,0,0,2,0,1,0,0,0,0,1,0,0,0,0,0,0,0,0,1,0,0,0,0,0,0,0,0,2,0,2,1,0,0,0,1,0,0,0,0,0,0,0,0,1,0,0,0,0,0,1,0,1,1,0,0,0,0,0,0,1,0,0,0,0,1,0,0,0,0,2,0,0,0,1,0,0,1,0,0,1,0,0,0,0,0,0,0,0,0,1,1,0,0,0,1,1,0,0,0,0,0,0,0,0,0,1,0,1,1,1,1,0,1,1,0,0,0,0,0,0,0,1,0,0,0,0,0,0,1,0,0,0,0,1,0,1,0,1,0,0,0,0,1,0,0,0,1,0,0,1,0,0,0,0,1,0,2,0,1,0,0,0,0,0,2,0,0,0,0,1,0,0,0,1,0,0,0,0,1,1,1,0,0,0,0,0,0,0,0,3,0,0,0,0,0,2,0,0,1,0,0,0,1,0,0,0,0,0,0,0,0,0,0,0,0,0,0,0,1,0,1,2,0,0,0,0
AIMP1,0,0,1,0,0,0,1,0,0,0,0,2,2,2,0,0,0,0,0,0,0,0,0,0,0,0,0,0,1,1,2,0,1,1,0,0,0,0,0,1,0,0,2,0,0,0,0,0,1,0,0,0,0,1,1,0,1,1,1,1,1,0,0,0,0,0,0,0,1,0,0,0,0,1,0,0,0,1,0,0,0,1,1,0,0,0,0,0,0,0,1,0,0,0,1,0,2,2,0,2,1,0,0,0,0,2,0,0,0,1,1,0,0,1,1,0,0,0,0,0,0,0,0,0,0,0,0,1,1,0,0,0,1,0,0,1,1,2,0,1,2,0,0,0,2,0,0,0,2,0,0,0,0,1,0,0,1,0,1,1,0,0,1,0,1,1,0,0,0,2,0,0,1,0,1,0,0,0,2,0,0,1,0,0,0,1,1,0,0,0,0,1,0,0,0,0,1,0,0,1,1,0,0,0,0,0,0,0,0,0,0,0,0,0,1,0,0,1,1,0,0,0,1,0,2,0,0,0,0,0,2,1,0,0,0,0,0,0,0,0,3,1,0,0,0,0,0,1,3,0,0,0,0,3,0,0,0,1,0,1,0,0,0,1,0,0,1,0,2,1,0,0,3,0,2,0,0,0,0,0,0,0,0,0,1,0,0,0,1,0,0,0,0,0,1,0,0,0,0,0,2,0,0,0,0,0,0,1,1,0,1,0,1,1,0,0,0,0,0,0,1,0,2,0,0,0,1,0,0,0,1,0,0,0,1,0,0,0,0,0,1,0,0,1,0,0,0,0,1,0,1,0,0,1,1,0,0,0,0,0,0,0,1,0,1,0,1,0,0,0,0,1,1,0,0,2,1,1,0,0,1,0,1,0,0,0,0,0,0,0,0,2,0,0,0,0,2,2,0,0,0,1,1,1,0,0,0,1,0,0,2,1,1,0,0,1,0,0,0,1,2,0,1,1,0,1,1,1,1,0,1,2,0,0,1,0,0,0,0,2,0,2,0,0,1,0,0,0,0,0,0,0,0,0,0,1,0,2,0,1,1,0,0,0,0,0,0,1,0,0,0,1,0,1,0,1,1,1,0,0,0,0,0,0,2,0,3,0,0,0,0,0,0,0,0,0,0,0,0,0,0,0,0,1,0,0,1,1,0,1,0,1,0,0,0,0,0,0,0,0,0,0,0,0,0,1,0,0,0,1,0,1,0,0,2,0,0,0,0,0,1,0,0,0,1,0,1,0,0,2,1,1,0,1,0,0,0,1,0,0,0,1,0,1,0,0,0,0,2,0,0,0,0,0,0,0,0,0,1,0,0,0,0,0,0,0,0,0,0,2,0,0,0,2,1,0,0,0,0,0,0,2,0,0,0,0,0,2,0,1,0,0,0,0,2,0,0,0,0,0,2,0,0,0,0,0,0,0,0,1,0,0,0,1,1,0,0,2,2,0,0,0,1,0,0,0,3,0,0,0,0,0,0,0,1,0,0,0,0,0,0,0,0,0,0,0,0,0,0,0,0,0,0,0,1,0,0,0,0,0,0,1,0,0,0,0,0,0,0,0,1,0,1,0,0,0,0,0,0,0,0,0,2,0,0,0,0,0,1,2,0,1,0,0,0,0,1,0,1,0,4,0,0,1,0,1,1,0,0,0,0,0,0,0,0,0,0,0,0,0,0,0,0,0,0,0,0,0,0,0,0,2,1,0,0,0,0,1,2,0,0,1,1,0,1,0,0,0,0,0,3,0,0,0,0,0,1,0,0,1,1,0,0,0,0,0,0,0,1,0,1,0,0,0,1,2,0,0,0,0,0,0,0,0,0,1,0,0,0,1,0,0,0,0,1,1,0,0,0,0,1,0,3,0,0,0,0,0,0,0,0,2,0,2,0,0,0,0,0,0,1,0,1,0,1,0,0,2,0,0,0,3,0,1,0,0,0,1,1,0,0,0,0,0,0,0,2,1,0,0,0,1,2,0,0,1,0,0,0,1,0,0,1,1,0,0,0,0,1,0,0,2,1,0,0,0,2,2,0,0,0,0,0,2,0,0,0,0,0,0,0,0,0,0,0,2,1,0,1,0,0,0,0,0,0,0,0,0,0,0,0,0,1,1,0,0,0,0,0,0,2,0,0,0,2,0,0,0,0,0,0,0,1,0,0,0,0,0,0,0,0,0,0,0,0,0,0,0,0,0,0,0,0,0,0,0,0,0,0,0,1,0,0,0,1,2,0,0,0,0,0,0,0,0,0,0,0,0,0,0,0,1,0,0,1,0,1,0,0,0,1,1,0,0,0,0,0,0,2,0,0,1,0,0,1,0,0,0,0,0,0,1,0,0,0,0,2,0,0,0,0,0,0,0,1,0,0,0,0,0,0,1,1,1,0,0,0,0,1,1,1,1,0,0,0,0,0,0,0,0,0,0,0,0,1,0,2,0,0,0,0,1,0,0,0,0,1,0,1,0,0,1,0,0,0,0,0,1,0,2,0,0,2,0,0,0,0,0,0,0,0,0,0,0,0,0,0,0,0,0,0,0,1,0,0,0,0,0,0,0,0,1,0,0,0,0,0,0,0,1,0,0,0,1,0,0,0,0,0,0,1,0,0,0,0,0,0,0,0,0,0,0,0,1,0,0,1,0,0,0,0,0,0,0,1,1,1,0,0,0,1,1,0,0,0,0,0,0,0,0,0,1,0,0,0,1,0,0,0,0,0,1,0,0,0,0,0,0,0,0,4,0,0,0,0,2,3,0,0,0,0,0,0,0,1,0,0,0,0,2,0,0,0,0,0,0,1,3,0,0,0,0,0,0,0,0,0,3,0,0,1,0,0,0,0,0,0,0,0,0,1,2,0,1,1,0,0,1,0,0,1,0,0,0,0,0,1,0,1,0,0,1,1,0,0,1,0,2,0,0,0,0,0,0,0,0,0,0,1,0,2,0,1,0,1,0,0,1,0,1,0,0,0,0,0,0,0,0,1,1,1,0,1,0,1,0,1,0,0,0,0,0,0,0,0,0,1,0,1,0,0,0,0,1,0,0,0,2,0,0,1,2,0,0,1,0,0,1,0,0,1,2,0,0,0,1,0,1,0,0,0,0,0,0,0,0,0,1,0,3,1,0,0,0,1,1,0,0,0,1,2,0,0,0,0,0,0,0,0,2,0,1,0,0,1,0,0,0,1,0,0,0,0,0,1,0,0,2,1,0,0,0,1,0,0,0,0,1,1,0,0,1,0,0,0,1,0,0,0,0,0,0,0,2,0,1,0,0,0,0,0,0,2,0,0,0,0,1,0,0,1,0,0,0,2,0,1,0,0,1,0,0,0,2,2,1,2,0,1,1,0,0,0,1,0,3,0,0,0,0,1,1,0,0,0,0,0,0,0,2,1,2,0,0,0,0,0,0,0,0,0,0,1,1,2,0,1,1,0,1,0,1,0,1,0,0,1,1,0,1,0,1,2,0,1,0
BLVRA,0,0,1,0,0,0,1,0,0,0,0,0,0,0,0,1,1,0,0,0,0,0,0,0,0,2,0,0,0,0,0,0,0,0,0,1,1,0,0,0,0,1,2,2,0,0,0,0,0,1,0,0,1,0,0,1,0,0,0,0,0,0,0,1,0,0,0,0,0,0,0,0,0,0,1,0,0,0,0,2,0,0,1,0,0,0,0,0,0,0,1,0,0,1,0,0,0,0,0,0,1,0,1,0,0,3,0,0,1,0,0,0,0,1,0,0,0,0,0,0,0,0,1,0,0,0,0,0,1,0,0,0,0,0,0,0,0,0,0,0,0,0,0,0,0,0,1,1,0,0,0,0,0,0,0,0,0,0,0,0,0,1,2,2,0,0,0,0,0,0,0,0,0,0,2,0,0,1,1,0,0,0,0,0,0,0,0,0,0,0,1,0,0,0,0,0,0,0,0,0,0,0,2,0,0,0,0,0,0,0,0,0,0,0,0,0,0,0,0,0,0,0,0,0,0,0,0,0,0,0,0,0,1,0,0,0,1,0,0,0,0,0,0,0,0,0,0,0,1,1,0,0,0,0,0,0,0,0,0,0,0,0,1,0,0,0,0,0,0,0,0,0,0,0,0,0,0,0,0,0,0,0,0,1,0,0,0,0,0,0,0,0,1,0,0,0,0,0,3,0,0,0,0,0,0,0,0,0,1,0,0,1,1,1,0,0,0,0,1,0,0,0,1,0,0,1,1,0,0,0,0,2,0,1,1,0,0,0,0,2,0,0,0,0,0,0,0,0,0,0,3,0,0,0,0,0,0,0,0,0,0,0,0,1,0,0,0,0,0,0,0,0,0,0,0,1,0,0,0,0,0,0,0,0,0,0,0,0,1,0,0,2,0,0,0,0,0,0,0,0,0,0,0,0,0,0,1,0,0,0,0,0,0,0,0,0,0,0,0,0,0,0,0,0,1,0,0,0,0,0,0,0,0,0,1,0,0,0,0,3,0,0,0,0,0,0,0,0,0,0,0,0,0,0,0,0,0,0,0,0,0,0,0,0,0,0,0,0,0,0,0,0,0,0,0,2,0,0,1,0,0,0,0,0,0,0,0,0,0,1,0,0,0,0,1,0,0,0,0,0,0,0,0,0,0,0,0,0,0,1,1,0,0,0,0,0,0,0,0,1,0,0,0,0,2,0,0,0,0,0,1,0,0,0,0,0,0,0,0,0,0,0,0,0,0,1,1,0,0,0,0,0,0,0,1,2,0,2,0,0,0,0,0,0,0,0,0,0,0,0,0,0,0,0,0,3,0,0,1,0,0,0,0,3,0,0,0,0,0,0,0,0,0,2,0,0,0,0,0,0,0,1,0,2,0,0,0,0,0,0,0,0,0,0,0,0,0,0,0,0,0,0,0,0,0,1,0,0,0,0,0,0,1,0,0,0,0,1,0,0,0,0,0,0,0,0,0,0,0,1,0,0,0,1,0,0,0,0,0,1,1,0,0,0,0,0,0,0,0,0,0,0,0,1,0,0,0,0,0,0,0,0,2,0,0,1,0,0,0,0,0,0,0,0,0,0,0,0,0,0,0,0,0,0,0,0,0,0,0,0,1,0,0,0,0,0,0,0,0,0,1,0,0,0,0,0,0,0,0,0,0,1,0,0,0,0,1,0,0,0,0,0,0,0,0,0,0,0,1,0,0,0,0,0,0,1,0,0,0,0,0,0,0,1,0,0,0,0,0,0,0,0,0,0,1,0,2,0,0,0,0,0,0,0,0,1,1,0,0,0,1,0,0,0,2,0,0,0,0,0,0,0,0,0,0,0,0,0,0,0,0,0,0,0,0,0,0,0,0,0,0,0,0,0,0,1,0,0,0,0,0,0,0,0,0,0,0,0,0,0,1,0,0,0,0,0,0,0,0,0,0,0,0,0,0,0,0,2,0,0,0,0,0,0,0,1,0,0,0,0,0,0,2,0,0,0,0,0,0,0,0,0,0,0,0,0,0,0,0,0,0,0,0,1,0,1,0,0,0,0,0,0,0,0,0,0,0,0,0,0,1,0,0,0,0,0,0,0,0,0,0,0,3,0,0,1,0,0,0,0,0,0,0,0,0,0,0,1,0,0,0,0,0,0,0,0,0,0,0,0,0,0,0,0,0,0,0,0,0,0,1,0,0,0,0,0,0,0,0,0,0,0,0,0,0,0,1,0,1,0,0,1,0,0,0,0,0,0,0,0,0,0,0,0,1,0,0,0,0,0,0,0,0,0,0,0,0,0,0,0,0,0,0,0,0,0,0,0,0,0,0,0,0,0,0,0,1,1,0,0,0,0,0,0,0,0,0,0,0,1,0,0,0,0,0,0,0,1,0,0,1,0,0,0,0,0,2,0,0,0,0,0,3,2,1,0,1,1,0,1,1,0,0,1,0,0,1,0,0,0,0,0,0,0,0,0,0,0,0,0,0,0,0,0,0,0,0,0,0,0,1,0,0,1,1,0,0,0,0,0,1,1,0,0,0,0,0,0,0,0,0,0,1,0,0,0,0,0,0,0,0,0,0,0,0,0,0,0,0,0,0,0,2,0,0,0,0,0,0,1,0,0,0,0,0,1,1,0,0,0,0,0,0,0,0,0,0,0,0,0,0,0,0,0,0,0,0,0,0,2,0,1,1,0,0,0,0,0,0,0,0,1,0,0,0,0,1,0,0,0,1,0,0,0,0,0,0,0,0,0,0,0,0,1,0,0,1,0,0,0,0,0,0,0,0,0,1,0,0,0,1,2,0,0,0,1,1,0,0,0,0,1,0,0,0,0,0,0,0,0,2,0,0,0,0,0,2,0,0,0,0,0,0,0,0,0,0,0,0,1,0,0,0,0,0,0,1,0,0,0,2,0,0,0,0,0,2,0,0,2,0,0,0,0,1,0,0,0,0,0,1,0,0,0,0,0,2,0,0,0,0,0,0,0,1,0,0,0,1,0,0,0,0,1,0,0,0,0,0,1,0,0,0,0,0,0,0,0,5,0,2,0,2,0,0,0,0,0,0,0,0,0,0,0,0,0,0,0,0,0,0,1,0,2,1,2,0,0,0,0,0,0,0,0,1,0,0,0,0,0,0,0,1,0,0,0,0,1,1,1,2,0,0,0,0,0,0,0,0,0,0,1,0,0,0,0,0,0,0,0,0,0,0,0,0,0,0,0,0,0,0,0,2,0,0,0,0,0,0,0,0,0,0,0,0,0,0,0,0,0,0,0,0,0,0,0,0,0,1,1,0,0,0,1,0,1,0,0,0,0,0,0,0,1,0,0,0,1,1,0,1,0,0,0,0,0,0,1,0,2,0,0,0,0,0,0,0,0,0,0,0,0,1,0,0,0,0,0,1,0,0,1,0,0,0,0,0,0,0,0,0,0,0,0,0,0,0,0,0,0,0,0,0,0,0,0,0,1,0,0,0,0,0,0,0,0
TRIM56,1,1,0,0,0,0,1,1,0,1,0,0,0,0,0,1,0,0,0,0,0,1,0,0,1,0,0,0,0,0,0,1,0,1,0,0,0,0,0,0,0,0,0,0,0,0,0,0,1,0,0,0,0,1,1,0,0,0,1,0,0,0,0,0,0,1,1,0,0,0,0,0,0,0,0,1,1,0,0,0,1,0,0,0,0,1,0,0,0,0,1,0,0,0,0,0,0,0,0,1,2,0,0,0,0,0,0,1,0,0,1,1,0,0,0,3,1,0,1,0,0,1,1,1,0,0,0,0,1,0,0,0,0,0,0,0,0,0,0,0,0,0,1,0,0,0,0,1,0,0,0,0,1,1,1,0,0,0,1,0,0,0,2,0,0,1,1,0,0,2,0,1,0,0,0,1,0,0,0,1,0,0,0,0,1,0,0,0,1,0,0,0,0,0,0,0,0,0,0,0,0,0,0,1,1,0,0,0,0,0,0,0,3,0,0,0,0,0,0,0,0,0,0,0,0,0,0,0,0,0,0,0,0,0,0,0,0,1,0,0,1,0,0,0,0,1,0,0,0,0,1,0,0,0,0,0,0,0,0,0,0,0,0,0,1,0,0,0,1,0,1,0,0,0,1,0,0,0,0,1,0,0,1,0,0,0,1,0,1,0,0,1,0,0,0,0,0,0,0,0,0,0,0,0,0,0,0,0,0,0,2,0,1,0,0,0,0,1,2,0,0,1,0,0,0,0,0,0,1,0,0,0,0,0,0,0,0,0,1,0,1,0,1,0,2,0,0,0,0,2,1,0,0,0,0,0,0,2,0,0,0,0,0,0,0,0,0,0,0,0,0,0,0,0,0,0,0,0,0,0,0,0,0,1,0,0,0,0,0,0,0,1,0,0,1,0,0,0,0,0,0,1,1,0,0,1,1,0,3,1,0,0,0,0,0,2,0,0,1,0,0,1,0,0,1,0,0,1,1,1,0,0,0,0,1,0,0,2,1,0,0,0,0,0,0,0,1,0,1,0,0,1,0,0,0,0,0,0,1,0,0,0,0,0,1,0,0,0,0,0,0,0,0,0,0,0,0,0,0,0,0,0,0,0,0,0,0,1,0,0,1,0,0,1,0,1,0,0,0,1,1,0,1,0,0,0,0,0,0,0,0,0,1,0,1,1,0,0,1,0,1,0,0,0,0,0,0,0,2,0,0,1,0,0,0,2,0,0,0,0,2,0,0,0,0,0,0,0,1,0,0,0,0,0,1,0,0,0,0,0,0,0,0,1,0,0,0,0,0,0,0,0,0,0,0,0,0,1,0,0,0,0,0,0,0,1,0,0,0,0,0,0,1,0,1,0,0,0,0,0,1,0,0,0,0,1,0,0,1,0,0,0,0,1,1,0,0,0,0,0,0,0,0,0,0,0,0,0,0,0,1,0,0,0,0,0,1,0,0,0,0,0,0,0,0,0,1,0,1,0,0,0,0,0,0,0,0,0,0,0,0,0,0,0,0,2,0,0,1,0,0,0,0,0,1,0,0,0,0,3,1,0,0,0,0,1,0,0,1,0,0,1,0,1,1,0,1,1,0,0,0,0,1,0,0,0,1,0,1,1,0,0,0,0,0,0,0,0,0,1,0,0,0,1,0,0,0,1,0,0,0,0,0,0,1,0,0,1,0,0,0,0,1,1,0,0,0,0,2,0,0,0,0,0,2,0,0,0,0,0,1,0,0,0,0,0,0,1,0,0,0,0,0,0,0,0,0,0,0,0,1,0,0,0,0,1,0,0,0,1,0,1,0,0,2,1,0,0,2,1,0,1,0,0,0,1,0,0,1,0,1,0,1,0,0,0,0,0,1,0,0,0,1,0,1,1,0,0,0,0,1,0,0,0,1,0,0,1,1,0,0,0,0,0,1,0,0,0,0,0,2,0,0,0,1,1,0,1,0,0,1,0,0,0,0,0,0,0,1,0,0,0,0,1,0,0,0,0,1,0,2,0,0,0,0,0,1,0,0,0,0,0,0,0,0,0,0,0,0,0,0,2,0,1,1,0,1,0,0,0,0,1,0,0,0,0,2,0,0,0,0,0,0,2,0,0,0,0,0,0,0,0,0,0,1,0,0,0,0,0,0,0,0,0,0,0,0,0,0,0,0,1,0,1,0,0,0,0,0,0,0,1,0,0,0,1,0,0,1,0,0,1,0,0,0,0,0,0,0,0,0,0,1,0,0,0,0,0,0,0,2,0,1,0,1,0,0,0,1,0,0,0,0,0,0,0,0,0,0,0,0,0,0,0,1,0,1,0,0,1,0,0,0,0,0,0,0,0,0,0,0,0,0,1,1,0,0,0,0,2,0,0,0,1,0,0,0,1,0,0,0,0,0,1,0,0,1,0,0,0,0,1,1,1,0,1,0,1,0,0,0,0,1,0,0,0,0,0,0,0,0,0,0,0,1,1,0,0,1,0,1,0,0,1,0,0,0,1,0,1,0,0,0,0,1,1,0,1,0,2,0,1,0,0,1,0,0,0,0,1,1,1,1,0,0,0,1,0,0,0,0,0,0,0,1,0,0,2,0,0,0,0,0,1,0,0,0,0,0,0,0,1,0,0,1,1,0,0,0,0,0,0,0,0,0,0,1,0,1,0,2,0,1,2,1,1,0,0,1,0,0,0,0,0,0,1,0,1,0,0,0,0,1,0,0,0,0,0,0,2,0,0,1,1,1,0,0,0,1,0,0,0,0,0,0,0,0,0,0,0,0,0,0,0,0,2,0,0,1,0,1,0,1,1,0,0,0,0,1,1,0,0,1,0,0,0,0,0,1,0,0,0,0,0,0,0,1,0,0,0,0,0,0,0,0,0,0,0,0,0,0,0,0,0,0,0,0,0,0,0,0,0,1,0,0,0,0,0,0,0,0,0,0,0,0,0,0,0,0,0,1,0,0,0,0,0,0,0,0,1,1,0,0,0,1,0,0,0,0,0,0,0,0,1,0,1,0,1,0,1,0,0,0,0,0,0,0,0,1,1,1,0,2,0,0,1,0,0,1,0,0,0,1,0,0,0,2,0,0,0,0,0,0,0,0,0,1,0,0,0,0,0,0,0,0,0,1,1,0,0,1,0,0,0,2,0,0,1,0,1,1,1,0,0,1,1,0,0,0,0,0,0,1,0,0,0,0,0,0,0,0,1,0,0,0,0,0,0,0,1,0,0,0,1,0,0,1,0,0,0,1,0,0,0,0,0,0,1,0,0,0,0,0,0,1,2,0,1,0,0,0,1,2,0,1,0,0,0,0,0,0,0,0,1,0,0,0,0,0,0,0,0,0,0,0,1,0,0,0,1,0,0,0,0,1,1,0,0,1,0,0,1,0,0,1,0,0,1,1,0,0,1,0,1,0,0,0,0,0,0,0,0,0,0,0,1,1,1,2,0,0,0,0,0,0,0,0,3,1,0,0,0,0,0,0,0
TTC39C,0,0,2,0,0,0,0,0,0,1,0,0,0,0,0,0,1,0,0,2,1,0,0,0,0,0,0,0,0,1,0,0,1,1,0,1,0,1,0,0,0,0,0,0,0,0,0,1,0,2,0,0,0,0,0,0,0,0,0,0,0,0,0,0,0,1,1,0,0,0,0,0,1,0,0,0,0,0,0,0,1,0,0,0,0,0,0,0,1,1,0,0,0,0,0,0,0,0,0,1,0,0,0,0,1,0,1,0,0,0,1,1,0,0,0,0,0,0,0,0,0,0,0,0,0,0,1,0,1,0,1,0,0,0,1,0,0,0,0,0,4,1,0,0,0,0,0,0,0,0,0,0,0,0,1,0,0,0,0,0,0,2,0,0,0,2,1,0,0,0,0,0,0,1,0,0,1,0,0,0,0,0,0,0,1,0,0,0,0,0,0,0,1,0,0,0,0,0,0,1,0,0,0,0,1,0,0,0,1,0,0,1,0,0,0,0,0,2,1,0,0,0,0,0,0,0,0,0,0,0,0,0,0,0,0,0,0,0,0,0,0,0,0,1,0,0,0,0,0,0,0,0,0,0,0,0,0,0,0,0,0,0,1,0,3,0,0,0,0,1,0,1,0,0,0,0,0,0,0,0,0,0,0,1,0,0,0,0,1,0,0,0,0,1,1,0,0,0,0,0,0,0,0,0,0,0,0,0,0,0,0,0,0,0,0,0,0,0,0,0,0,0,1,0,0,0,0,0,0,1,1,0,0,0,0,0,0,0,0,0,1,0,0,0,0,0,0,0,0,0,0,0,0,2,0,1,1,0,0,0,1,0,0,0,0,1,0,0,0,0,0,0,0,0,0,0,0,0,0,0,0,0,0,0,0,1,0,0,0,0,0,0,0,0,0,0,1,0,0,0,0,0,0,0,0,0,0,0,0,0,0,1,0,0,0,0,0,0,0,0,0,0,1,0,0,0,0,0,0,2,0,1,0,0,1,1,0,0,2,0,0,1,1,0,0,0,0,0,0,0,0,0,0,0,0,0,1,1,1,0,0,0,0,0,1,0,0,0,0,0,0,0,0,0,0,2,0,0,0,0,0,0,0,0,0,0,0,0,0,0,1,0,0,0,1,0,0,0,0,0,0,0,0,0,1,1,0,0,0,0,0,0,0,2,1,1,0,0,0,0,1,0,0,0,0,0,0,0,0,0,1,0,0,0,0,0,1,0,0,0,1,0,0,0,0,0,0,0,0,1,0,0,1,0,0,0,0,0,0,1,0,0,0,0,0,1,0,1,0,0,1,0,0,1,0,0,0,0,0,0,1,0,0,0,0,0,0,0,0,0,0,0,0,0,0,0,0,0,1,0,0,0,0,1,0,0,0,0,0,0,0,0,0,1,4,2,0,1,0,0,4,0,0,0,0,1,0,0,0,1,0,0,1,0,0,1,0,0,0,0,0,0,1,0,0,0,2,0,3,0,0,0,0,0,0,0,0,0,0,0,0,0,0,0,0,0,0,0,1,0,0,0,0,1,1,0,0,0,0,0,0,0,1,0,0,0,0,0,0,1,0,0,0,1,0,0,1,0,0,0,0,0,0,0,0,0,0,0,0,1,0,0,0,0,0,0,0,0,0,0,0,0,0,0,0,0,0,1,0,0,0,1,0,0,1,0,1,1,0,0,0,0,0,0,0,0,0,0,0,1,0,0,0,0,0,0,1,0,0,0,0,0,0,0,0,0,1,1,1,0,0,1,0,0,0,0,0,0,0,0,0,0,0,0,0,0,0,0,1,0,2,1,0,1,1,0,1,0,0,0,0,1,0,0,0,0,1,0,0,0,1,0,0,0,0,0,0,0,0,0,0,0,0,0,0,2,0,0,0,0,1,0,0,0,1,0,0,0,0,0,0,0,0,0,0,0,0,1,0,1,0,0,0,0,0,0,1,0,0,0,0,0,0,1,0,1,0,0,0,1,1,1,0,0,0,0,0,0,0,0,0,0,2,0,0,1,0,0,0,1,1,0,0,0,0,0,0,0,0,0,2,0,1,1,0,0,0,0,1,0,0,0,0,0,0,0,0,1,0,0,0,1,0,1,0,0,0,1,0,1,0,0,0,0,0,0,0,0,0,0,0,0,1,0,0,0,0,0,0,1,0,0,2,0,0,0,1,0,0,0,2,0,0,0,0,0,0,0,1,0,0,0,1,1,0,0,0,0,0,1,0,1,0,1,1,0,0,0,1,0,0,0,1,1,0,0,0,0,0,0,0,0,1,1,1,0,0,0,0,0,0,0,0,0,0,0,2,0,0,0,0,0,0,1,0,0,0,0,2,0,0,0,0,0,0,0,0,0,0,0,0,1,0,0,0,0,1,0,1,0,0,0,1,1,0,1,0,1,0,0,0,0,0,0,0,0,0,0,0,0,0,0,0,0,0,0,0,0,0,0,0,0,0,1,0,0,0,1,0,0,0,0,0,0,1,0,0,0,0,0,3,2,0,0,0,2,0,1,1,0,0,0,0,1,0,0,0,0,0,0,0,1,0,1,0,0,0,0,0,0,0,0,0,0,0,0,0,0,0,0,2,0,0,0,1,0,0,0,1,0,0,0,0,0,0,0,1,0,0,1,0,2,0,0,0,0,0,1,0,0,0,0,1,0,0,0,0,0,0,0,0,0,0,0,1,0,0,0,1,0,0,0,1,0,0,0,1,0,0,0,0,0,0,1,0,0,0,0,0,0,0,0,0,0,0,0,0,0,1,0,0,0,0,0,1,0,0,0,0,0,0,0,1,0,0,2,2,1,0,0,1,0,0,0,0,0,0,1,0,0,0,0,0,0,0,0,0,0,0,1,0,1,1,0,0,0,0,0,1,0,0,0,1,0,0,0,2,0,0,0,0,0,0,0,0,0,1,0,0,0,0,0,1,0,0,0,0,1,0,0,0,0,0,0,0,1,0,0,0,1,0,0,1,0,2,0,0,1,0,0,0,0,0,0,0,0,0,0,0,1,0,0,1,0,0,1,0,0,1,0,1,0,0,0,0,0,0,0,0,0,0,0,0,0,0,0,0,0,0,0,0,0,0,0,0,0,0,1,0,1,0,0,0,0,0,1,0,1,0,0,1,0,0,0,0,0,0,0,1,0,0,1,0,0,0,0,0,0,0,0,0,0,0,1,1,0,0,0,0,0,0,0,1,0,0,0,0,0,0,0,0,0,0,0,1,1,1,0,0,0,0,0,0,0,1,0,0,0,0,0,0,1,0,0,0,0,0,0,0,0,1,0,0,0,0,0,0,0,0,0,0,0,0,0,0,0,0,0,0,1,0,1,0,0,0,1,0,0,0,0,0,0,0,0,1,0,3,0,0,0,0,1,0,0,0,0,0,2,0,0,0,0,0,1,0,0,0,0,0,0,0,0,1,0,0,1,0,1,0,0,0,0,0,1,0,1,0,0,1,0,0,1,0,0,0,0
LILRA5,0,0,0,0,0,0,0,0,0,0,0,0,0,0,0,0,0,0,1,0,0,0,0,1,0,0,0,0,0,0,0,0,0,0,0,0,0,0,0,0,0,0,0,0,0,0,0,0,0,0,0,0,0,0,0,0,0,0,0,0,0,0,0,0,0,0,0,0,1,0,0,0,0,0,0,0,0,0,0,0,0,0,0,0,0,0,0,0,0,0,0,0,0,0,0,0,0,0,0,0,0,0,0,0,0,0,0,0,1,0,0,0,0,0,0,0,0,0,0,0,0,0,1,0,0,0,0,0,2,0,0,0,0,0,0,0,0,0,0,0,0,0,0,0,0,0,1,0,0,0,1,0,0,0,0,0,0,0,0,0,0,0,2,0,0,0,0,0,0,0,0,0,0,0,0,0,0,0,0,0,0,0,0,0,0,0,0,0,0,1,2,0,0,0,0,0,0,0,0,0,0,0,0,0,0,0,0,0,0,0,0,0,0,0,0,0,0,0,0,1,0,0,0,0,0,0,0,0,0,0,0,0,0,0,0,0,0,0,0,0,0,0,0,0,0,0,0,0,0,0,0,1,0,0,0,0,0,0,0,1,0,0,0,1,0,0,0,1,0,0,0,0,0,0,0,0,0,0,1,0,0,0,0,0,0,0,0,0,0,0,0,0,1,0,0,0,0,0,0,0,0,0,0,1,0,0,0,0,0,0,0,0,0,0,0,0,0,0,0,0,0,0,1,0,0,0,1,0,0,0,0,0,0,0,0,0,0,0,0,1,2,0,0,0,0,0,0,1,0,0,0,0,0,0,0,0,0,0,0,0,0,0,0,0,0,0,0,0,0,0,0,0,0,0,0,0,0,0,0,0,0,0,0,0,0,0,0,0,0,0,0,0,0,1,0,0,0,0,0,2,1,0,0,0,1,0,0,0,0,0,0,0,0,0,0,0,0,0,0,0,0,0,0,0,1,0,0,0,0,0,0,0,0,0,1,0,0,0,0,1,0,0,0,0,0,0,0,0,0,0,0,0,0,0,0,0,0,1,0,0,0,0,0,0,0,0,0,0,0,0,1,0,0,0,0,1,2,0,0,0,0,0,0,0,1,0,0,0,0,0,0,0,0,0,0,0,0,0,0,0,0,1,0,0,0,0,0,0,0,0,0,0,0,0,0,0,0,0,0,0,0,0,0,0,0,1,0,0,0,0,0,0,0,0,0,0,0,0,0,0,0,0,0,0,0,0,0,0,0,0,0,0,0,0,0,2,0,4,0,0,0,0,0,0,0,0,0,0,0,0,0,0,0,0,0,0,0,0,0,0,0,0,0,1,0,0,0,0,0,0,0,0,0,0,0,0,0,0,0,0,1,0,0,0,0,1,0,0,0,0,1,0,0,0,0,0,0,0,0,0,0,0,0,0,0,0,0,0,0,0,0,0,0,0,0,0,0,0,0,0,0,1,0,0,0,0,0,0,0,0,0,0,0,1,0,0,0,0,0,0,0,0,0,0,0,0,1,0,0,0,0,0,0,0,0,0,1,0,0,0,0,0,0,0,1,0,0,0,0,0,0,0,0,0,0,0,0,0,0,1,0,0,0,0,0,0,0,0,0,0,0,0,0,0,0,0,0,0,0,0,0,0,0,0,0,0,0,0,0,0,0,0,0,0,0,0,1,0,0,0,0,0,0,2,0,0,0,0,0,0,0,0,0,0,0,0,0,0,0,0,0,0,0,0,0,0,0,0,0,0,0,0,0,0,0,0,0,0,0,0,0,0,0,0,0,1,0,0,0,0,0,0,0,1,0,0,0,0,0,0,0,0,0,0,0,0,0,0,0,0,0,0,0,0,0,0,0,0,0,0,0,0,0,0,0,0,0,0,0,0,0,0,0,0,0,0,0,0,0,0,0,0,0,0,0,0,0,0,0,0,0,0,0,0,0,0,0,2,0,0,0,0,0,0,0,0,0,1,0,0,0,0,0,0,0,0,0,0,0,0,0,0,0,1,0,0,0,0,0,0,0,0,0,0,0,0,0,0,0,0,0,0,0,0,0,0,0,0,0,0,1,0,0,0,0,0,0,0,0,0,0,0,1,0,0,0,0,0,0,0,0,0,0,0,0,0,0,0,0,0,0,0,0,0,0,0,0,1,0,0,0,0,0,0,0,0,0,0,0,0,0,0,0,0,0,1,0,0,0,1,0,0,0,0,0,0,0,0,1,0,0,0,1,0,0,0,0,0,0,0,0,0,0,0,0,0,0,0,0,0,0,0,0,0,0,0,0,0,0,0,0,0,1,0,0,0,0,0,0,0,0,0,0,0,0,0,0,0,0,0,0,0,0,0,0,0,0,0,0,0,0,0,0,0,0,0,0,0,0,0,0,0,0,0,0,1,0,0,0,0,0,0,0,2,0,0,1,0,0,0,2,0,0,0,0,0,0,1,1,0,0,0,0,0,0,0,0,0,0,0,0,0,0,0,0,0,0,0,0,0,0,0,0,0,1,0,0,0,0,0,0,0,0,0,0,0,0,0,0,0,0,0,1,0,0,0,0,0,0,0,0,0,0,0,0,0,0,0,0,0,0,0,0,0,0,0,0,0,0,0,0,0,0,0,0,0,0,0,0,0,0,0,0,0,0,0,0,0,0,0,0,0,0,0,1,0,0,0,0,1,0,0,0,0,0,0,0,0,1,1,0,0,0,0,0,0,0,0,0,0,0,0,0,0,0,0,0,3,0,0,0,0,0,0,0,0,3,0,0,0,0,0,0,0,0,0,1,1,0,0,1,2,0,0,0,0,0,0,0,0,0,0,0,0,0,0,0,0,0,0,4,0,0,0,0,0,1,0,0,0,0,0,0,0,0,0,0,0,0,0,0,1,0,0,0,0,0,0,0,0,2,0,0,0,0,0,0,0,0,0,0,0,0,0,0,0,0,0,0,0,1,0,0,1,0,0,0,0,0,0,0,0,0,0,0,0,0,0,0,0,0,0,0,0,0,0,0,0,0,2,0,0,0,0,0,0,0,0,0,0,2,0,0,0,0,0,0,0,0,0,0,0,0,0,0,0,0,0,0,0,0,0,0,0,1,1,0,0,0,0,0,1,0,0,0,0,0,0,0,1,0,0,0,0,0,0,0,0,0,0,0,0,0,0,0,0,0,1,0,0,0,0,0,0,0,0,0,0,0,0,0,0,0,0,0,0,0,1,0,0,1,0,2,0,0,0,0,0,0,0,0,0,0,0,0,0,0,0,0,1,0,0,0,0,0,0,0,0,0,1,0,0,0,0,0,0,0,0,0,0,0,0,1,0,0,0,1,1,0,0,0,0,0,1,0,0,0,0,0,1,0,0,0,0,0,0,0,0,0,0,0,0,0,0,0,0,0,0,1,0,0,1,0,0,0,0,0,0,0,0,0,0,0,0,0,0,0,0,0,0,0,0,0,0,0,0,0,0,0,0,0,0,0,0,0,0
CNOT6L,0,0,0,0,0,1,0,2,0,0,0,0,1,0,0,0,0,2,0,0,0,0,0,0,0,0,0,0,0,0,0,0,0,1,0,0,1,0,0,0,0,0,0,2,0,0,0,0,1,0,1,0,0,0,0,0,0,0,0,0,1,0,0,0,0,0,0,0,0,0,0,0,0,1,0,0,0,0,0,0,0,0,0,0,0,1,0,0,0,0,0,0,0,0,0,0,1,0,0,0,1,0,0,1,0,0,0,1,0,0,0,0,0,0,0,0,0,0,0,0,0,0,0,1,0,0,1,0,0,0,0,1,1,0,0,2,0,0,1,0,0,0,0,0,1,0,0,0,0,0,0,1,0,0,0,1,0,0,0,0,0,0,1,0,0,0,1,0,0,0,0,0,0,0,0,1,0,0,1,2,1,0,0,0,0,0,0,0,2,0,0,0,0,1,0,1,2,1,0,0,0,0,0,1,0,0,0,0,1,0,0,2,0,1,0,0,0,0,0,0,0,0,0,2,0,0,0,0,0,0,0,0,0,0,1,0,1,0,0,0,0,0,0,0,0,1,0,0,0,0,0,0,0,0,0,2,0,0,0,0,1,0,1,0,1,1,0,1,0,1,1,0,0,0,0,0,0,0,0,0,0,0,0,0,0,0,0,0,2,0,1,0,0,0,0,0,0,0,1,0,1,0,0,0,0,1,0,0,1,0,0,0,0,0,0,0,0,0,0,0,0,0,0,0,1,0,0,2,0,0,0,0,0,0,0,0,2,0,1,0,0,0,0,0,0,0,0,1,0,0,0,0,0,0,0,0,0,0,0,0,0,0,0,0,0,2,0,0,0,0,0,0,1,0,1,0,0,2,0,0,0,0,0,0,0,0,2,0,0,1,1,1,0,0,0,0,1,0,0,0,1,0,0,0,0,0,1,0,0,0,0,1,0,0,0,1,0,0,1,1,0,0,0,0,1,0,0,1,0,0,0,0,0,0,0,0,0,0,0,0,0,0,0,0,1,0,1,0,0,0,0,0,1,1,0,0,1,0,1,0,0,0,0,0,0,1,0,0,0,0,0,0,0,0,0,0,0,0,0,0,1,1,2,0,0,1,0,2,1,0,0,0,0,1,0,0,0,0,0,1,0,0,0,0,0,0,0,0,0,0,0,0,0,0,0,0,0,0,0,0,1,0,0,0,0,0,1,0,0,1,0,1,2,0,0,0,0,0,1,2,0,0,0,0,0,0,0,0,0,1,0,0,0,0,0,0,0,0,0,0,0,0,0,0,1,0,0,0,0,0,1,0,2,1,0,0,0,0,0,0,0,1,1,0,0,0,0,0,0,0,1,0,0,0,0,1,1,0,0,0,0,0,1,0,0,0,1,0,1,0,0,0,1,0,1,0,0,1,0,0,1,0,1,0,0,0,0,0,0,1,1,0,0,0,0,0,0,0,0,0,0,0,1,0,0,0,0,0,1,0,0,0,1,0,0,1,0,0,0,0,0,0,2,0,0,0,0,0,0,0,0,0,0,0,0,0,0,0,0,0,0,0,0,1,0,0,0,0,0,1,1,0,0,0,1,0,1,1,0,0,0,0,0,0,0,0,0,0,0,1,2,0,0,1,1,0,0,0,0,0,0,0,0,0,0,0,0,0,0,1,0,0,0,0,0,0,1,0,0,0,0,0,0,0,0,1,0,2,1,0,0,1,4,0,0,0,0,0,0,0,0,1,0,0,0,0,0,0,0,0,0,0,0,0,0,0,0,0,0,0,0,0,0,0,1,0,1,0,0,0,0,0,0,0,0,0,0,0,0,0,0,0,0,0,1,0,0,0,0,1,0,1,0,0,2,0,1,0,1,0,0,0,0,0,0,0,0,0,0,1,0,0,0,0,0,0,1,0,0,0,0,1,1,0,0,0,1,0,0,0,0,0,1,0,0,0,0,0,0,0,0,0,1,0,0,0,0,0,1,0,1,0,0,0,0,0,0,0,0,0,0,1,0,0,0,0,0,0,0,1,0,0,0,0,0,0,0,0,0,0,0,0,0,0,0,0,0,0,0,0,0,0,0,1,0,0,0,0,0,0,0,0,0,0,0,0,0,0,1,0,0,0,0,0,0,1,0,0,0,0,0,0,1,1,0,0,2,0,0,0,0,1,0,0,0,1,1,0,0,0,1,0,0,1,0,0,0,0,0,0,0,0,0,0,0,1,0,0,0,0,0,0,0,0,0,0,0,0,0,0,0,0,0,0,0,0,0,0,0,1,0,0,0,0,0,2,0,0,0,0,0,0,1,0,1,0,0,0,1,1,0,0,0,0,0,1,0,0,0,0,1,1,0,0,0,0,0,0,0,1,0,0,2,1,0,0,0,0,0,2,0,1,1,0,1,1,0,0,0,0,1,1,0,1,0,0,0,0,0,1,0,0,0,0,1,0,0,0,1,0,0,0,2,0,0,3,0,0,0,0,0,1,0,0,0,1,0,1,0,0,1,0,0,0,0,0,1,0,0,0,0,0,0,0,0,0,0,0,1,0,0,0,0,0,0,0,1,1,0,1,0,0,1,0,0,0,0,1,0,1,0,1,0,0,1,0,0,0,0,1,0,0,0,0,0,0,0,1,0,0,0,1,0,0,0,0,1,0,0,0,0,0,0,1,0,0,1,1,0,1,0,0,0,0,0,3,0,0,0,0,0,0,0,0,1,0,0,0,0,0,0,0,0,1,0,0,0,0,0,0,1,0,0,0,0,2,1,0,0,0,0,0,0,0,0,0,0,0,0,0,0,0,0,0,0,0,1,0,0,0,0,0,0,1,0,0,0,0,0,0,0,1,0,0,0,0,0,0,0,0,0,0,0,0,0,0,0,0,0,0,0,0,0,0,0,0,1,0,0,0,0,0,1,0,0,0,1,0,0,0,0,1,0,1,0,0,0,0,0,0,1,0,0,0,0,1,0,0,0,2,0,0,0,0,0,0,0,0,1,0,0,0,0,0,0,0,0,0,1,0,0,1,0,0,0,0,0,0,1,0,1,0,0,1,1,0,0,0,0,0,0,0,0,0,0,0,0,0,0,0,1,1,0,0,0,0,0,0,0,0,0,0,0,0,0,0,1,0,0,2,0,0,0,0,0,0,0,0,0,0,1,1,0,0,0,0,2,0,0,1,1,0,0,0,0,0,1,1,0,0,0,0,0,0,0,1,0,1,0,0,0,0,0,2,0,0,0,0,1,0,0,0,0,0,0,0,0,0,0,0,0,0,0,1,0,0,0,0,1,0,0,0,1,0,0,0,0,0,0,0,0,0,0,0,1,0,0,0,0,0,0,0,0,0,0,0,0,0,0,0,0,0,0,0,0,0,0,0,0,1,0,3,0,0,1,0,0,0,0,0,0,1,0,1,0,0,0,0,0,0,0,0,0,0,0,2,1,0,0,0,0,0,0,0,0,0,0,0,0,0,0,0,0,0,0,0
ATP6V0D1,0,1,0,0,0,0,1,0,1,0,0,1,0,0,0,1,0,0,0,0,0,0,0,2,0,0,0,0,0,1,0,0,1,0,0,0,0,0,0,0,0,0,0,0,0,0,0,2,0,0,0,1,1,0,0,0,0,0,0,0,1,2,0,0,1,0,0,0,0,0,0,0,0,0,0,0,0,0,0,1,0,0,0,0,0,0,0,0,0,0,0,0,0,0,0,2,0,0,0,0,0,0,0,0,0,2,0,0,0,0,0,0,0,1,0,1,0,0,0,0,0,1,1,0,0,0,0,0,1,0,0,0,0,0,0,0,0,0,0,0,0,0,0,1,2,0,1,0,0,0,1,0,0,0,0,0,0,0,1,1,0,0,0,1,0,1,1,0,2,4,0,1,0,0,0,0,0,0,0,0,0,0,0,0,0,0,0,0,2,1,3,0,0,0,0,0,0,0,0,1,0,0,0,1,1,0,1,1,0,0,0,1,0,0,0,0,0,0,1,0,0,0,0,1,0,0,0,0,0,0,0,1,1,0,1,0,0,0,0,1,0,0,0,0,0,0,0,2,0,0,0,1,0,0,0,0,0,0,0,0,0,1,0,1,1,0,0,0,0,0,0,3,0,0,1,1,0,0,1,0,2,0,0,0,0,0,0,1,0,1,0,0,0,1,0,0,0,0,0,1,0,0,0,0,0,0,0,0,3,0,0,0,0,0,0,0,0,0,0,0,0,1,2,1,3,0,3,1,1,0,1,1,0,0,2,0,0,0,1,1,2,0,0,0,0,0,0,1,0,1,0,0,1,1,0,0,0,0,0,0,0,0,0,2,0,0,4,1,0,0,0,0,0,0,0,2,0,0,0,1,0,0,0,0,0,0,0,0,1,0,0,1,0,4,0,0,1,0,0,2,0,1,0,0,1,2,1,0,0,2,0,0,0,0,1,3,1,0,0,0,1,2,2,0,1,0,0,0,0,0,0,0,0,0,0,0,1,0,0,2,0,0,3,0,0,3,0,1,0,0,0,0,0,0,1,0,0,0,0,0,0,0,0,0,1,0,0,1,0,1,1,0,0,0,0,1,0,0,1,0,0,0,0,0,1,0,0,0,0,1,0,1,0,0,0,0,0,0,0,1,1,1,0,0,0,1,0,4,0,0,0,0,1,0,0,2,0,0,0,1,0,0,0,0,0,0,0,0,1,1,0,0,1,1,0,1,1,0,0,0,2,0,0,0,0,0,1,0,0,0,0,1,0,0,0,0,0,1,0,0,0,0,0,0,0,0,0,0,0,0,0,1,0,0,0,2,0,0,0,1,0,0,0,0,0,0,0,0,1,1,0,0,0,1,1,0,0,0,0,0,0,0,0,1,0,2,1,1,0,0,1,0,0,0,0,0,0,0,0,0,0,0,0,0,2,0,0,0,1,1,1,0,0,0,1,0,0,0,0,0,1,0,0,0,0,0,0,0,1,0,0,0,0,1,1,1,1,0,1,0,0,1,1,0,0,0,0,0,0,0,1,0,0,0,0,0,1,0,0,0,0,4,0,0,0,0,0,0,1,1,0,0,1,1,0,1,0,0,0,0,0,0,0,2,0,1,0,1,0,2,1,0,2,0,0,0,0,1,0,0,0,0,0,0,0,1,0,0,0,1,0,0,0,0,0,0,1,0,0,0,0,0,0,0,0,0,0,0,0,0,0,0,0,0,0,1,0,0,1,0,0,0,0,0,1,1,0,0,0,0,0,0,0,0,0,0,0,0,1,0,3,0,0,0,0,2,0,0,0,0,0,0,0,0,1,0,0,0,2,0,0,1,0,0,0,0,0,0,0,1,0,0,0,0,0,0,1,0,0,0,0,0,0,0,0,0,0,0,0,0,0,0,1,1,0,0,0,0,1,0,0,0,1,0,0,0,0,0,1,0,0,0,0,0,0,0,0,0,0,0,0,0,0,0,0,0,0,4,0,0,0,1,1,0,0,1,0,0,0,0,0,0,2,0,1,0,0,0,0,0,0,0,0,0,0,0,0,1,0,0,1,0,0,0,0,0,0,0,3,0,1,1,0,0,0,1,0,0,0,0,0,3,0,0,1,2,0,1,0,2,2,1,0,1,1,0,0,2,0,0,0,1,1,0,0,0,0,0,0,1,1,0,2,0,0,0,0,0,1,0,0,0,0,0,0,1,0,1,1,1,0,1,0,0,0,0,0,0,0,0,0,0,0,4,0,0,0,0,0,0,1,0,0,0,0,0,0,0,0,0,0,0,0,0,0,1,0,0,0,0,0,0,0,1,0,0,0,0,0,0,0,1,0,0,0,0,0,2,0,0,3,6,0,0,0,1,0,1,0,0,0,0,0,0,0,0,0,0,0,0,0,0,1,0,0,0,0,0,0,0,0,0,1,2,0,0,0,0,0,0,0,0,1,1,0,1,0,1,0,1,0,0,0,0,0,1,1,1,0,0,0,0,0,1,0,0,0,1,1,0,0,0,3,2,1,0,0,0,0,0,0,0,0,0,0,0,2,0,0,0,0,0,2,1,1,0,1,0,0,1,0,0,0,0,1,0,1,1,1,0,0,0,0,0,0,0,0,0,3,0,0,0,0,3,1,0,0,0,0,0,0,0,0,0,0,1,0,0,0,1,0,0,0,1,0,0,1,0,0,1,0,0,1,0,0,0,0,0,0,0,0,0,0,1,0,0,0,0,1,0,0,0,0,0,0,0,1,2,0,2,0,0,0,0,0,0,0,2,0,0,0,1,0,0,0,0,2,1,0,0,1,0,0,0,0,2,3,0,0,0,0,2,0,1,0,0,1,0,0,0,1,0,2,0,0,0,0,0,0,0,0,0,3,0,1,1,0,0,0,0,0,1,0,0,0,0,3,0,0,0,0,0,1,2,0,0,1,0,0,1,0,0,0,0,0,0,1,0,2,0,3,0,0,1,0,0,0,0,0,0,1,0,0,0,0,0,1,0,0,0,0,1,0,1,0,0,0,0,0,1,0,0,0,1,1,0,0,0,3,0,0,0,0,0,0,0,1,0,0,0,1,0,1,0,0,0,1,0,0,0,1,3,0,2,1,1,0,1,0,1,0,3,0,0,0,0,0,0,0,1,0,0,0,0,0,0,0,1,0,0,1,0,0,0,0,0,0,0,0,2,0,2,0,0,0,0,0,0,0,0,0,0,0,0,1,1,0,1,0,0,0,0,0,2,1,1,1,0,0,0,0,0,0,0,0,1,0,0,0,0,0,0,0,0,1,0,0,0,0,1,0,1,0,0,0,1,0,0,0,1,0,1,1,0,0,1,0,0,0,0,2,0,0,1,4,0,0,1,1,2,0,0,1,0,0,0,0,1,0,0,0,0,0,0,0,0,0,0,1,0,0,3,1,0,0,0,0,0,0,1,0,1,0,0,0,1,0,0,0,0,0,1,0,0,1,0,1,1,0,1,0,0,0,0,0,0
MZF1.AS1,0,0,0,0,0,0,0,0,0,0,0,0,0,0,0,0,0,0,0,0,0,0,0,0,1,0,0,1,0,0,0,0,0,0,0,0,0,0,1,0,0,0,0,0,0,0,0,0,0,0,1,0,0,0,0,0,0,1,0,0,0,0,0,0,0,0,0,0,0,0,0,0,0,0,1,0,1,0,0,0,0,0,0,0,0,0,0,0,0,0,0,0,0,0,0,0,0,0,0,0,0,0,0,1,0,0,1,0,0,0,0,0,0,0,0,1,0,0,0,0,0,0,0,0,0,0,0,0,0,0,0,1,0,0,0,0,0,0,0,0,0,0,0,0,0,0,0,0,0,1,0,0,0,0,0,2,0,0,0,0,0,0,0,0,0,0,0,1,0,0,0,0,0,0,0,0,0,0,0,0,0,1,0,0,0,0,0,0,0,0,0,0,0,0,0,0,0,0,0,0,0,1,0,0,0,0,0,0,0,0,0,0,0,1,0,0,0,1,0,0,0,0,0,0,0,0,0,0,1,4,0,0,0,0,0,0,0,0,0,0,0,0,0,0,0,0,0,0,0,0,0,0,0,0,0,0,0,0,0,0,0,0,0,0,0,0,0,0,0,0,0,0,0,0,0,0,0,0,0,0,0,0,0,0,0,0,0,0,0,0,1,0,0,0,0,0,0,0,0,0,0,0,0,0,0,0,1,0,0,0,0,0,0,0,0,0,0,0,0,0,0,0,0,0,0,0,0,0,0,0,0,0,1,0,0,0,0,0,0,0,0,0,0,0,0,0,0,0,0,1,0,0,0,0,0,0,0,0,1,0,0,0,0,0,0,0,0,1,0,0,0,0,0,0,0,1,0,0,0,0,0,0,0,0,1,0,0,0,0,0,0,0,0,1,0,0,0,0,1,0,0,1,1,0,0,0,0,0,0,0,1,0,0,0,0,0,0,0,0,0,0,0,0,0,0,0,0,0,0,0,0,0,0,0,0,0,0,0,0,0,0,0,0,1,0,0,0,0,0,0,0,0,0,0,0,0,0,0,0,0,0,0,0,0,0,0,0,0,0,0,0,0,0,0,0,0,0,0,0,0,0,0,0,0,0,0,0,0,1,0,0,0,0,0,1,0,0,0,0,0,0,0,0,0,0,0,0,2,0,0,0,0,0,0,0,0,0,0,0,0,0,0,0,0,0,0,0,0,1,2,0,0,0,0,0,1,0,0,0,0,1,0,0,0,0,0,0,0,0,0,0,0,0,0,0,0,0,0,0,0,0,0,0,1,0,0,0,0,0,1,0,0,0,0,0,0,0,0,0,0,1,0,0,0,0,0,0,0,0,0,0,0,0,0,1,0,0,0,0,0,0,0,0,0,1,0,1,0,0,0,0,0,0,0,0,1,0,0,0,0,0,1,0,0,0,0,0,0,0,0,0,0,0,1,0,0,0,0,0,0,0,0,0,0,0,0,0,0,0,0,0,0,1,0,0,0,0,0,0,0,0,0,0,0,0,0,0,0,0,0,0,1,0,0,0,0,0,0,2,0,0,2,0,0,0,0,0,0,0,0,0,0,0,0,0,0,0,1,0,0,0,0,0,0,0,1,0,0,0,2,0,0,0,0,0,0,0,0,0,0,0,0,0,0,0,0,0,0,0,0,2,0,0,1,0,0,0,0,0,0,0,0,0,0,0,0,0,0,0,0,0,0,0,0,0,0,0,0,0,0,0,0,0,0,0,0,0,0,0,0,0,0,0,0,0,0,0,0,1,0,0,0,1,0,0,0,0,1,1,0,0,0,0,0,0,0,0,0,0,1,0,0,0,0,0,0,0,0,0,0,0,0,0,0,0,0,0,0,0,0,0,0,0,1,0,0,0,1,0,0,0,0,0,1,0,0,0,1,0,0,0,0,0,0,0,0,0,0,0,0,0,0,0,0,1,0,0,0,1,0,0,0,0,0,0,0,0,0,0,0,1,0,0,0,0,0,0,0,0,0,0,0,0,0,0,1,0,0,0,0,0,0,1,0,0,0,0,0,1,0,1,0,0,0,0,0,0,0,0,0,0,0,0,0,0,0,2,0,0,1,0,0,0,0,0,0,0,0,0,0,0,0,0,0,0,0,0,0,1,0,0,0,0,0,0,0,0,0,0,0,0,0,0,0,0,0,1,1,0,0,0,0,0,0,0,0,0,0,2,0,0,0,0,0,0,0,0,0,0,0,0,0,0,0,0,0,0,0,0,0,1,1,0,0,0,1,0,0,0,0,0,0,0,1,0,0,0,0,0,0,0,0,0,2,0,0,0,0,0,0,0,0,0,0,0,0,0,0,0,0,0,0,1,0,1,0,0,0,0,0,0,0,0,0,0,0,0,1,0,0,0,0,0,0,0,0,0,0,0,0,0,1,0,0,0,0,0,0,1,0,0,1,0,0,0,0,0,0,0,0,2,0,0,0,0,0,0,0,0,0,0,0,0,1,0,0,0,0,0,0,0,0,1,0,0,0,0,0,0,0,0,0,0,0,2,0,0,0,1,0,0,0,0,0,0,2,0,0,0,1,0,0,0,0,0,0,0,0,0,0,0,1,0,0,1,0,0,0,1,0,0,0,0,0,0,0,0,0,0,0,1,0,0,0,1,0,0,0,0,0,0,0,0,0,0,0,0,0,0,0,0,0,0,0,0,0,0,0,0,0,0,0,0,0,0,0,0,0,0,0,0,0,0,0,0,0,0,0,0,0,0,0,0,0,0,0,0,0,0,0,0,0,0,0,0,0,0,0,0,0,0,0,0,0,0,0,0,0,0,0,0,0,0,0,0,0,0,0,0,0,0,3,0,0,0,0,0,1,0,0,0,0,0,1,0,0,0,1,0,0,0,0,0,0,0,0,0,1,0,0,0,1,1,0,0,0,0,0,0,0,0,0,0,0,0,0,0,0,0,0,0,0,0,0,0,0,0,0,0,0,0,0,0,0,0,0,0,0,0,1,0,0,0,0,0,0,0,0,1,0,0,0,0,0,0,0,0,0,0,0,0,0,0,0,0,0,0,0,0,0,1,0,0,0,1,0,0,0,0,0,0,0,0,0,0,0,0,0,0,0,0,0,0,0,0,0,0,0,0,0,0,0,0,0,2,0,0,0,0,0,0,0,1,0,0,0,0,1,0,0,0,0,0,0,0,0,0,0,0,0,0,0,0,0,0,0,0,0,0,0,0,0,3,0,0,1,0,0,0,0,0,0,0,0,0,0,0,0,0,0,0,0,0,0,0,0,0,0,0,0,0,0,0,0,1,0,0,0,0,0,0,0,0,0,0,0,0,0,0,0,0,0,1,0,0,0,1,2,0,0,0,0,0,0,0,0,0,0,0,0,0,1,0,0,0,0,0,0,0,0,0,0,0,0,0,0,0,0,0,0,0,0,0,0,0,0,1,0,0,0,0,0,0,0,0,0,0,0,0,0,0,0,0,0,0,0
STX11,0,0,0,0,0,0,0,1,0,0,0,0,0,0,0,2,0,0,0,0,0,0,1,0,0,0,0,0,0,0,0,0,0,0,0,0,0,0,0,0,0,0,1,0,0,0,0,0,0,0,0,0,1,0,0,2,0,0,0,1,0,0,0,0,0,0,0,0,0,0,0,0,0,0,0,0,0,0,0,0,0,0,0,0,0,0,0,0,0,0,1,0,0,0,1,0,0,0,0,0,0,0,2,0,0,0,0,0,2,0,0,0,0,0,0,0,0,0,1,0,0,1,2,0,1,0,0,0,0,0,0,0,0,0,0,0,0,0,1,0,0,0,0,0,2,0,0,0,0,1,1,0,0,0,0,0,0,0,0,1,0,0,1,1,0,0,0,0,0,0,0,0,0,0,0,0,0,0,0,0,0,0,0,0,0,0,0,0,0,1,1,0,0,0,0,0,0,0,0,0,1,0,0,0,0,0,0,0,0,0,0,0,0,0,0,0,0,0,0,0,0,0,0,0,0,0,0,0,0,0,0,0,2,1,0,0,0,0,0,0,0,0,0,0,0,0,0,1,0,0,0,0,0,0,0,0,0,0,0,1,0,0,0,0,0,0,0,1,0,0,0,0,0,0,0,0,0,2,1,0,2,2,0,0,0,0,0,0,0,0,0,0,0,0,0,0,0,0,1,0,0,0,1,0,0,0,0,0,0,0,0,0,0,0,0,0,0,0,0,0,0,0,2,0,0,0,0,0,0,0,0,0,0,0,0,0,0,1,0,0,1,0,0,0,0,0,0,1,0,0,0,0,1,0,0,0,0,0,0,0,0,0,0,0,0,0,0,0,0,0,0,0,0,0,0,0,0,0,0,0,0,0,0,0,0,0,0,0,0,0,1,3,0,0,0,0,0,0,0,0,0,0,0,0,0,1,0,0,0,0,0,0,2,0,0,2,0,0,0,0,0,1,0,0,0,0,0,0,0,0,0,0,0,0,0,0,0,0,0,0,0,0,0,0,0,1,0,0,0,0,0,0,0,0,0,0,0,0,0,0,0,0,0,0,2,0,0,0,0,1,0,1,0,0,0,0,2,0,1,0,0,0,0,0,0,0,0,1,0,1,0,0,0,0,0,0,0,0,0,0,0,0,0,0,0,0,0,0,0,0,0,0,0,0,0,0,0,0,0,0,0,0,0,0,0,1,0,0,0,0,2,0,0,0,1,0,0,0,0,0,0,0,0,2,0,0,0,0,2,0,0,0,0,0,0,2,0,1,0,0,0,0,0,0,0,0,0,0,0,0,0,1,0,0,0,2,0,0,0,0,0,0,0,0,1,0,0,0,0,0,0,0,0,1,0,0,0,0,0,0,0,2,1,0,0,0,0,0,0,0,0,0,0,0,0,0,0,0,0,1,0,0,0,0,0,0,0,0,0,0,0,0,0,0,0,0,0,0,0,0,0,1,0,0,0,0,0,0,0,0,0,0,0,0,0,1,0,0,0,1,2,0,0,0,0,0,0,0,0,0,0,0,1,0,0,0,0,1,0,0,0,0,0,0,0,0,0,0,0,0,0,0,0,0,0,0,0,0,0,1,0,0,0,0,0,0,0,0,0,1,0,0,0,0,0,0,0,0,0,0,0,0,0,0,0,0,0,0,0,0,0,0,0,0,0,0,2,0,0,0,0,0,0,1,1,0,0,0,1,0,0,0,0,0,0,0,0,0,0,0,0,0,0,0,1,0,1,0,0,0,0,0,0,0,0,0,0,0,1,0,0,0,0,0,0,2,0,0,0,0,0,0,0,0,1,0,0,0,2,0,0,0,0,0,0,0,0,0,0,0,0,0,0,0,0,0,1,0,0,0,0,0,0,0,0,0,0,0,0,1,0,0,0,1,0,0,0,0,0,0,0,0,0,0,0,0,0,0,0,0,0,1,0,0,0,0,0,1,0,0,0,0,0,0,0,0,0,1,1,0,0,1,0,0,0,0,0,0,0,0,0,0,1,2,2,0,0,0,0,0,0,0,0,1,0,0,0,0,0,0,0,0,0,0,0,0,0,0,0,0,0,0,0,0,0,0,0,0,0,0,0,0,0,0,0,0,0,0,0,4,0,0,0,0,0,0,0,1,1,0,0,0,0,0,0,0,0,2,0,0,0,0,1,0,0,0,0,0,0,0,0,0,0,0,0,1,0,0,0,0,0,0,0,0,0,0,0,0,1,0,0,1,0,0,0,0,0,0,0,0,0,0,0,0,0,0,0,1,0,0,0,1,1,0,0,0,0,0,0,0,0,0,0,0,0,0,0,0,0,0,0,0,0,0,0,0,0,1,0,0,0,1,0,0,0,1,0,0,0,1,0,0,0,0,0,0,0,0,0,0,0,0,0,0,0,0,0,0,0,1,0,0,1,2,0,0,1,1,0,0,0,0,0,0,0,0,0,0,0,0,1,0,0,0,0,0,1,0,0,0,1,0,1,0,0,0,0,0,1,0,0,0,0,1,0,0,0,0,0,0,0,0,0,0,0,0,0,1,0,0,0,0,1,0,0,0,0,0,0,0,0,0,1,0,0,0,0,0,0,0,0,0,1,0,0,0,0,0,0,0,1,0,0,0,0,0,0,0,0,0,0,0,0,0,0,0,0,0,0,0,0,0,0,0,0,0,0,0,0,0,0,0,1,0,0,0,0,0,0,1,0,0,0,0,0,0,2,0,0,0,0,0,0,0,0,1,0,0,0,1,1,0,0,1,0,0,0,0,0,0,0,0,0,0,0,0,0,0,0,0,0,2,0,0,0,0,0,0,0,0,0,0,0,0,0,0,0,0,0,0,1,0,0,0,0,0,1,0,0,0,0,0,1,0,0,0,0,0,0,0,0,0,0,0,0,0,0,0,0,1,2,0,0,1,0,2,1,0,0,0,0,0,0,0,0,0,0,0,0,0,0,0,0,1,0,0,0,0,0,0,0,0,0,0,0,0,0,0,0,0,0,0,0,1,0,0,0,0,0,0,0,0,0,0,0,0,0,0,2,0,1,0,0,0,0,0,0,0,1,0,0,0,0,0,0,0,0,0,0,0,0,2,0,0,0,1,0,1,0,0,0,1,0,0,1,0,1,0,0,1,0,0,0,0,0,0,0,0,0,1,3,0,0,0,0,0,0,1,0,2,0,0,0,0,0,0,0,0,0,0,0,0,0,0,0,0,0,0,0,0,0,0,1,0,0,0,0,0,0,0,0,0,0,0,0,0,0,0,0,0,0,0,0,0,1,0,0,0,0,0,0,0,0,0,0,0,0,0,0,0,0,0,0,0,0,0,2,0,0,0,0,0,0,0,1,0,0,0,0,0,0,0,0,0,0,0,0,0,1,0,0,0,0,0,0,0,0,0,0,0,0,0,0,0,0,0,1,0,0,0,0,0,0,0,0,0,0,0,0,0,0,1,0,0,0,0,0,0,0,0,0,0,0,0,0,0
GNAQ,0,0,0,0,0,1,0,0,0,0,0,0,0,0,0,0,0,0,1,0,0,0,0,0,0,0,0,0,0,0,1,0,0,0,0,0,0,1,0,0,0,0,1,0,0,0,0,0,0,0,0,0,0,0,0,0,0,0,0,0,1,0,0,0,0,0,0,0,0,0,0,0,0,0,1,0,0,1,0,0,0,0,0,0,0,0,0,0,0,0,0,0,0,1,0,1,0,0,0,0,0,0,0,1,0,1,0,0,0,0,0,1,0,0,0,1,0,0,1,0,0,0,0,0,0,0,0,0,0,0,0,1,0,0,0,0,0,0,0,0,0,0,0,0,0,0,2,0,0,0,0,0,0,0,0,0,0,0,0,1,0,0,0,0,0,1,0,0,1,0,0,0,0,0,0,0,0,1,3,0,0,0,0,0,1,0,0,0,0,0,1,0,0,0,0,0,0,0,0,0,0,0,0,0,0,0,0,0,0,1,0,0,0,0,0,0,2,0,0,2,0,0,1,0,0,0,0,0,0,0,0,0,0,1,0,0,0,0,0,0,1,0,0,0,0,0,0,0,2,1,0,0,0,0,0,0,0,0,0,0,0,0,0,0,0,0,0,0,0,0,0,2,0,0,0,0,0,0,0,0,0,0,0,0,0,0,0,0,0,1,0,0,0,0,0,0,0,0,0,0,0,0,0,0,1,0,0,0,1,0,0,0,0,0,0,0,0,0,0,0,0,0,0,0,0,0,1,0,0,0,0,0,0,0,0,0,0,0,0,0,4,0,0,0,0,0,0,2,0,1,2,0,0,0,0,0,0,1,2,1,0,0,0,0,0,0,2,0,0,0,0,0,0,0,0,1,0,0,0,0,1,0,0,0,0,0,0,0,0,0,0,2,0,0,0,2,0,0,0,0,1,0,0,0,0,0,0,0,0,0,0,0,1,0,0,0,0,0,0,0,1,0,0,0,1,0,0,0,0,0,0,0,0,0,0,0,0,0,0,2,0,0,1,0,0,1,0,0,0,0,0,0,0,0,0,0,0,1,0,0,0,0,0,0,1,0,0,0,1,0,0,2,0,0,0,0,1,0,0,0,0,0,0,0,2,0,0,0,0,0,0,0,1,0,0,1,0,0,0,0,1,0,0,0,0,0,0,1,0,0,0,0,0,0,0,0,0,0,0,0,0,0,0,0,0,0,0,0,1,0,1,0,0,0,1,1,1,0,0,0,2,0,0,0,0,0,0,0,0,0,0,1,0,0,0,1,0,0,0,0,0,0,0,0,0,1,0,0,0,0,0,0,0,0,0,1,0,0,0,0,0,0,0,1,0,0,0,0,0,0,0,0,0,0,0,0,0,0,0,0,0,2,0,0,0,2,1,0,0,0,0,0,0,0,1,0,0,0,0,0,0,0,0,0,0,0,1,0,0,0,0,0,0,0,0,0,0,1,0,0,0,0,0,0,0,0,0,0,0,0,0,1,0,0,0,1,0,0,0,1,0,0,0,0,1,0,1,0,0,0,0,0,0,0,1,0,0,0,0,0,0,1,0,0,0,0,0,0,1,0,0,0,0,0,0,0,0,0,0,1,0,0,0,0,0,0,0,0,0,1,0,0,0,0,0,0,0,0,0,0,0,1,0,0,0,0,0,0,0,0,0,0,0,0,0,0,1,0,0,0,0,0,0,1,0,0,0,0,0,0,0,0,0,0,0,0,0,0,0,0,0,1,0,0,1,0,0,0,1,1,0,0,0,0,0,1,0,0,0,0,0,0,0,0,0,0,0,0,0,0,0,0,0,0,0,0,0,0,0,0,0,0,0,1,0,0,0,0,0,0,0,0,0,0,0,0,0,0,0,0,0,0,1,0,0,0,0,0,0,0,0,0,0,0,0,0,0,0,0,0,0,0,0,0,0,0,0,0,0,0,0,0,1,0,0,0,2,0,0,0,0,2,1,0,0,0,0,0,0,0,0,0,0,0,0,0,0,0,0,0,0,0,0,0,1,0,0,0,0,0,0,0,0,0,0,0,0,0,0,0,0,0,0,0,0,0,0,0,1,0,0,0,0,0,0,0,0,0,0,0,0,1,0,0,0,1,0,0,0,0,2,0,0,0,0,0,0,0,0,0,0,0,1,0,0,0,0,0,0,0,0,0,0,0,0,0,0,0,0,0,0,0,0,0,0,0,0,0,0,1,0,2,1,0,1,0,0,0,1,1,0,0,0,0,0,0,0,0,0,0,0,0,0,0,0,0,0,0,0,0,0,1,0,0,0,0,0,0,0,0,0,0,1,0,0,0,0,0,0,0,0,0,0,0,0,0,0,1,0,0,0,0,0,0,0,0,0,0,0,0,0,0,0,0,0,1,0,0,0,0,0,0,0,0,0,0,0,0,0,0,0,0,0,1,0,0,1,0,0,1,0,0,0,0,0,1,1,0,1,0,0,0,0,0,0,2,1,0,0,0,1,0,0,0,0,0,1,0,0,0,0,0,2,1,0,0,0,1,0,0,0,0,0,0,0,0,0,0,0,0,0,0,0,0,0,0,0,0,1,0,0,0,0,0,0,0,0,0,0,0,0,1,0,0,0,0,0,0,2,0,1,0,0,0,0,0,0,0,0,0,0,1,0,0,0,0,0,0,0,0,0,0,0,0,0,0,2,0,0,0,0,0,0,0,0,0,0,0,0,1,0,0,1,0,0,0,1,1,0,0,0,0,0,0,0,3,0,1,0,0,0,0,0,0,0,0,0,0,0,0,0,0,0,0,0,0,0,0,0,0,0,1,0,0,0,0,0,0,0,0,0,0,0,1,0,0,0,0,0,0,0,1,0,1,0,0,0,0,0,0,0,0,0,0,0,0,0,0,0,0,0,0,0,0,0,0,0,0,0,0,1,0,1,0,0,1,0,0,0,0,0,0,0,0,0,0,0,0,1,0,0,0,0,0,0,0,0,0,0,0,0,0,0,0,0,0,0,1,0,0,0,0,0,0,0,0,0,0,1,0,0,0,0,0,0,0,0,0,0,0,0,0,0,0,0,0,0,1,1,0,0,0,0,0,0,0,0,0,1,0,0,0,0,2,1,0,0,0,0,0,0,0,0,0,1,0,0,0,0,0,0,0,0,0,0,0,0,0,0,0,2,0,0,0,1,1,0,0,0,0,0,0,0,0,0,0,0,0,0,0,0,0,0,0,0,0,0,3,0,0,0,0,1,0,0,0,0,0,0,0,0,0,0,0,0,1,0,0,0,0,0,0,0,0,0,0,0,0,0,1,0,0,0,0,0,0,1,0,0,0,0,0,1,0,0,0,0,0,0,0,1,0,0,2,0,0,0,1,0,0,0,0,0,0,0,1,0,0,0,0,0,0,0,0,0,0,0,0,0,0,0,0,0,0,0,0,1,0,0,0,0,0,0,0,0,0,0,0,0,0,0,0,0,0,0,0,0,0,0,0,0,2,0,0,0,0
HES4,0,0,0,0,0,1,0,0,0,0,0,0,0,0,0,1,0,0,0,0,0,0,0,0,0,0,0,0,0,0,0,0,0,0,0,0,0,0,0,0,0,0,1,0,0,0,0,0,0,0,0,0,0,0,0,0,0,0,0,0,0,0,0,0,0,0,0,0,0,0,0,0,0,0,0,0,0,0,0,0,0,0,0,0,0,0,0,0,0,0,0,0,0,0,0,0,0,0,0,0,0,0,0,0,0,0,0,0,0,0,0,0,0,0,0,0,0,0,0,0,0,0,0,0,0,0,0,0,0,0,0,0,0,0,0,0,0,0,0,0,0,0,0,0,0,0,0,0,0,0,0,0,0,0,0,0,0,0,0,0,0,0,1,0,0,0,0,0,0,0,0,0,0,0,0,0,0,0,2,0,0,0,0,0,0,0,0,0,0,0,1,0,0,0,0,0,0,0,0,0,0,0,0,0,0,0,0,0,0,0,0,0,0,0,0,0,0,0,0,0,0,0,0,0,0,0,0,0,0,0,0,0,2,0,0,0,0,0,0,0,0,0,0,0,0,0,0,0,0,0,0,0,0,0,0,0,0,0,0,0,0,0,0,0,0,0,0,0,0,0,0,0,0,0,0,0,0,0,0,0,0,0,0,0,0,0,0,0,0,0,0,0,0,0,0,1,0,0,0,0,0,0,0,0,0,0,0,0,3,0,0,0,0,0,0,0,0,0,0,0,0,0,0,0,0,0,0,0,0,0,0,0,0,0,0,0,0,0,0,0,0,0,0,0,0,0,0,0,0,0,0,0,4,0,0,0,0,0,0,0,0,0,0,0,0,0,0,0,0,0,0,0,0,0,0,0,0,0,0,1,0,0,0,0,0,0,0,0,0,0,0,6,0,0,0,0,0,0,0,1,0,0,0,0,0,0,0,0,0,0,0,0,0,0,0,0,0,0,0,0,0,0,0,0,6,0,0,0,0,0,0,0,0,0,0,0,0,0,0,0,0,0,0,0,0,0,0,0,0,0,0,0,0,0,1,0,0,0,0,0,0,0,0,0,0,2,0,0,0,0,0,0,0,0,0,1,0,0,0,0,0,0,0,0,0,0,0,0,0,0,0,0,0,0,0,0,0,0,0,0,0,0,0,0,0,0,0,0,0,0,0,0,0,0,0,0,0,0,0,0,0,0,0,1,1,0,0,0,0,0,0,1,0,0,0,0,0,0,0,0,0,0,0,0,0,0,0,0,0,0,0,0,0,0,1,0,0,5,0,0,0,0,0,0,0,0,0,0,0,0,0,0,0,0,0,0,0,0,0,0,0,0,0,0,0,0,0,0,0,0,0,0,0,0,0,1,0,0,0,0,0,0,0,0,0,0,0,0,0,0,0,0,0,0,0,0,0,0,0,0,0,0,0,0,0,0,0,0,0,0,0,0,0,0,0,0,0,0,0,0,0,0,0,0,0,0,0,0,0,0,0,0,0,0,0,0,0,0,0,0,0,0,0,0,0,0,0,0,0,0,0,0,1,0,0,0,0,0,0,0,0,0,0,0,0,0,0,0,0,0,0,0,0,0,0,0,0,0,0,0,0,0,0,0,0,0,0,0,0,0,0,0,0,0,0,0,0,0,0,0,0,0,0,0,0,0,0,0,0,0,0,0,0,0,0,0,0,0,0,0,0,0,0,0,0,0,0,0,0,0,0,0,0,0,0,0,0,0,0,0,0,0,0,0,0,0,0,0,0,0,0,0,0,0,0,0,0,0,0,0,0,1,0,0,0,1,0,0,0,0,0,0,0,0,0,0,0,0,0,0,0,0,0,0,0,0,0,0,0,0,0,0,0,0,0,0,0,0,0,0,0,0,0,0,0,0,0,0,0,0,0,0,0,0,0,0,0,0,0,0,0,0,1,0,0,0,0,0,0,0,0,0,0,0,0,0,0,0,0,0,0,0,0,0,0,0,0,0,0,0,0,0,0,0,0,0,0,0,0,0,0,0,0,0,0,0,0,0,0,0,0,0,0,0,0,0,0,0,0,0,0,0,0,0,0,0,0,0,0,0,0,0,0,0,0,0,0,0,0,0,0,0,0,0,0,0,1,0,0,0,0,0,0,0,0,0,0,5,0,0,0,0,0,0,0,0,0,0,0,0,0,0,0,0,0,0,0,0,0,0,0,0,0,0,0,0,0,0,0,0,0,0,1,0,0,0,0,0,0,0,0,0,0,0,0,0,0,0,0,0,0,0,0,0,0,0,0,0,0,0,0,0,0,0,0,0,0,0,0,0,0,0,0,0,0,0,0,0,0,0,0,0,0,0,0,0,0,0,0,0,0,0,0,0,0,0,0,0,0,0,0,0,0,0,0,0,0,0,0,0,0,0,0,0,0,0,0,0,0,0,0,0,0,0,0,0,0,0,0,0,0,0,0,0,0,0,0,0,0,0,0,0,0,0,0,0,0,0,0,0,0,0,0,0,0,0,0,0,0,0,0,0,2,0,0,0,0,0,0,0,0,0,0,0,0,0,0,0,0,0,0,0,0,0,0,0,0,0,0,0,0,0,0,0,0,0,0,0,0,0,0,0,0,0,0,0,0,0,0,0,0,0,0,0,0,0,0,0,0,0,0,0,0,0,0,0,0,0,0,1,0,0,0,0,0,0,0,0,0,0,0,0,1,0,0,0,0,0,0,0,0,0,0,0,0,0,0,0,0,0,0,0,0,0,0,0,0,0,0,0,0,0,0,0,0,0,1,0,0,0,0,0,0,0,0,0,0,0,0,0,0,0,0,0,0,0,0,0,0,0,0,0,0,0,0,0,0,0,0,0,5,0,0,0,0,0,4,0,0,0,0,0,0,0,0,0,0,0,0,0,0,2,0,0,0,0,0,0,0,1,0,0,0,0,0,0,0,0,0,0,0,0,0,0,0,0,0,0,0,0,5,0,0,0,0,0,0,0,0,0,0,0,0,0,0,0,0,0,0,0,0,0,0,0,0,0,0,0,0,0,0,0,0,0,0,0,0,0,0,0,0,0,0,0,0,0,0,0,0,0,0,0,0,0,0,0,0,0,0,0,0,0,0,0,0,0,0,0,0,0,0,0,0,0,0,0,0,0,0,0,0,0,0,0,0,0,0,0,0,0,6,0,0,0,0,0,0,0,0,0,0,0,0,0,0,0,0,0,0,0,0,0,0,0,0,0,0,0,0,0,0,0,0,0,0,0,0,0,0,0,0,0,0,0,0,0,0,0,0,0,0,0,0,0,0,0,0,0,0,0,0,0,0,0,0,0,0,0,0,0,0,0,3,0,0,0,5,0,0,0,0,0,0,0,0,0,0,0,0,0,0,0,0,0,0,0,0,0,0,0,0,0,0,0,0,0,0,0,0,0,0,5,0,0,0,0,0,0,0,0,0,0,0,0,0,0,0,0,0,0,0,0,0,0,0,0,0,0,0,0,0,0,0,0,0,0
BST1,0,0,0,0,0,0,0,0,0,0,1,0,0,0,0,0,0,0,0,0,0,0,0,0,0,0,0,0,0,0,0,0,0,0,0,0,0,0,0,1,0,0,0,0,0,0,0,0,0,0,0,0,0,0,0,0,0,0,0,0,0,0,0,0,0,0,0,0,0,0,0,0,0,0,0,0,0,0,0,0,0,0,0,0,0,0,0,0,0,0,0,0,0,1,0,3,0,0,5,0,0,0,2,0,0,0,0,0,1,0,0,0,0,1,0,0,0,0,0,0,0,0,3,0,0,0,0,0,1,0,0,0,0,0,0,0,0,1,0,0,0,0,0,0,1,0,1,1,0,0,0,0,0,0,0,0,0,0,0,0,0,0,0,0,0,0,1,0,1,0,0,0,0,0,0,0,0,0,0,0,0,0,0,0,2,0,0,0,2,0,0,0,0,0,0,0,0,0,0,0,0,0,0,0,0,0,0,0,0,0,0,0,0,0,0,0,0,0,0,2,0,0,0,0,0,0,0,1,0,0,0,0,0,0,1,0,0,0,0,0,0,0,0,0,0,0,0,0,0,1,0,0,0,0,0,0,0,0,0,0,0,0,0,2,0,0,0,0,0,0,0,1,1,0,0,0,0,0,0,0,0,0,0,0,0,0,0,0,0,0,0,0,2,0,0,0,0,0,0,0,0,0,0,0,0,0,0,0,0,0,0,0,0,0,0,0,0,0,0,0,0,0,1,0,0,0,1,0,0,0,0,0,0,0,0,0,0,1,0,0,1,0,0,0,0,0,0,0,0,0,1,0,0,0,0,0,0,0,0,0,0,0,0,2,0,0,0,0,0,0,0,0,0,0,0,1,0,0,0,0,0,0,0,0,0,0,0,0,0,0,0,0,0,0,0,1,0,0,0,0,0,0,0,0,0,0,0,0,0,0,0,0,0,0,0,0,0,0,0,0,0,0,0,0,0,0,0,0,0,0,0,0,0,0,0,0,0,0,0,0,0,0,0,0,0,0,0,0,0,0,0,0,0,0,0,0,0,0,2,0,0,0,0,0,0,0,0,0,0,0,0,0,0,0,0,1,1,0,0,0,0,0,0,0,0,0,0,0,0,0,0,0,0,0,0,0,0,0,0,0,0,2,0,0,0,0,0,1,0,0,0,0,0,0,0,0,0,0,0,0,0,0,0,0,0,0,0,0,0,0,0,0,0,0,0,0,0,0,0,0,0,0,0,0,0,0,0,0,0,0,0,0,0,0,0,1,0,2,0,0,0,0,0,0,0,0,0,0,0,0,0,0,0,0,0,0,0,0,0,0,0,0,0,0,0,0,0,0,0,0,0,0,0,0,0,0,0,0,0,0,0,2,0,0,0,0,0,0,0,0,0,0,0,0,0,0,0,0,0,1,0,0,0,0,0,0,0,0,0,0,0,0,0,0,0,0,0,0,0,0,0,0,0,0,0,0,1,0,0,1,0,0,0,0,0,0,0,0,0,1,0,0,0,0,0,0,1,0,0,0,0,0,0,0,0,0,1,0,0,0,0,1,0,0,0,0,0,0,0,0,0,0,0,0,0,0,0,0,0,0,0,0,0,0,0,0,0,0,0,0,0,0,0,0,0,0,0,0,0,0,0,0,0,0,0,0,0,0,0,0,0,0,0,0,0,0,0,0,0,0,0,0,0,0,0,0,0,0,0,0,0,0,0,0,0,0,0,0,0,0,0,0,0,0,2,0,0,0,0,0,0,0,0,0,1,0,0,0,0,0,0,0,0,0,0,0,0,0,0,0,0,0,0,0,0,0,0,0,0,0,0,0,0,0,0,0,0,0,0,0,0,0,0,0,0,0,1,0,0,0,0,0,1,0,0,0,0,0,0,0,0,0,0,0,0,0,0,1,3,0,1,0,0,0,0,0,0,0,0,0,0,0,0,0,0,0,1,3,0,0,0,0,0,1,0,0,0,0,0,0,0,0,0,0,0,0,0,0,0,0,0,0,0,2,0,0,0,0,0,0,0,0,0,0,0,0,0,0,0,0,0,0,0,0,0,0,0,0,0,0,0,0,0,0,1,0,0,0,0,0,0,0,0,0,0,0,0,0,0,2,0,0,0,0,0,0,0,0,0,0,0,0,0,0,0,0,0,1,0,0,0,0,0,0,0,0,0,0,0,0,0,0,0,0,0,0,0,0,0,0,0,0,0,0,0,0,0,0,1,0,0,0,0,1,0,0,0,0,0,0,0,0,0,0,0,0,0,0,0,0,0,0,0,0,0,0,0,0,1,0,0,0,0,0,0,0,0,0,0,0,0,0,0,0,0,0,0,2,0,0,0,0,0,0,0,0,0,1,0,0,0,0,0,0,0,0,0,1,0,0,0,0,0,0,0,0,0,0,0,0,0,0,0,0,1,0,1,0,0,0,2,0,0,1,0,0,0,0,0,0,0,0,0,0,0,0,0,0,0,0,0,0,0,0,0,0,0,0,0,0,0,0,0,2,1,0,0,0,0,0,0,0,0,0,0,0,0,0,0,0,0,0,1,0,0,0,0,0,1,0,0,0,0,0,0,0,0,0,0,0,0,0,2,0,0,0,0,0,0,0,0,0,0,0,0,0,0,0,0,0,0,0,0,0,0,0,0,0,0,0,0,0,0,0,1,0,0,0,0,0,0,0,0,0,0,0,0,0,0,0,0,0,0,0,0,0,0,0,0,0,0,0,0,0,0,0,0,1,0,2,0,0,0,1,0,0,1,0,0,0,0,0,0,0,0,0,0,0,0,0,1,1,0,0,0,0,0,0,0,0,0,0,0,0,0,0,0,0,0,0,2,0,0,1,0,0,0,0,0,0,0,0,0,0,0,0,0,0,1,0,0,1,0,0,0,0,0,0,0,0,1,0,0,0,0,0,0,0,0,0,0,0,0,0,0,0,0,0,0,0,0,0,0,0,0,0,0,0,0,0,0,0,1,0,0,0,0,0,0,0,0,1,0,0,0,0,0,0,0,0,0,0,0,0,0,0,0,0,0,0,0,0,0,0,0,0,0,0,0,0,0,0,0,0,0,0,0,0,0,0,0,0,0,2,0,2,0,0,0,0,0,0,0,0,1,0,2,0,0,2,0,0,0,0,0,0,0,0,0,0,0,0,0,0,0,0,0,0,0,1,0,0,0,0,0,2,0,0,0,0,0,0,0,0,0,0,0,0,0,0,0,0,1,2,0,0,0,0,0,0,0,0,0,0,0,0,0,0,0,1,0,0,0,0,0,0,0,0,0,0,0,0,0,0,0,0,0,0,0,0,0,0,0,0,0,0,0,0,0,0,0,0,0,0,0,0,0,0,0,0,0,0,0,0,0,0,0,1,0,0,0,0,0,0,0,0,0,0,1,1,0,0,0,0,0,0,0,0,0,0,0,0,0,0,0,0,0,0,0,0,0,0,0,0,1,0,1,0,0,0,0,1,0,0,0,0
MIB2,0,1,0,0,0,0,0,0,0,0,0,0,0,1,0,0,0,0,0,0,0,1,0,0,0,0,1,0,1,0,0,0,0,0,0,1,0,0,0,0,0,0,0,1,0,0,0,1,0,0,0,0,0,1,0,0,3,0,0,1,0,0,0,0,0,0,1,0,0,0,0,0,0,0,0,0,0,0,0,0,0,0,0,0,1,0,0,0,0,0,0,0,0,1,0,0,0,0,0,1,1,0,0,0,0,0,0,0,0,1,0,0,0,0,0,0,0,1,0,0,0,0,0,0,0,0,0,0,0,0,0,0,1,0,0,0,0,0,0,0,0,1,0,0,1,0,0,0,1,0,0,0,0,0,0,0,0,0,0,0,1,0,0,0,0,0,0,2,1,1,0,0,1,0,0,0,0,0,0,1,1,0,0,1,0,0,1,0,0,0,0,0,0,0,1,0,0,0,0,0,0,1,0,0,0,0,0,0,0,0,0,0,0,0,1,0,0,0,0,0,0,1,0,0,1,0,0,0,0,0,0,1,0,0,0,0,0,0,0,0,0,0,1,0,0,0,0,0,0,0,0,0,0,0,0,0,0,0,0,0,0,1,1,0,0,1,0,0,1,0,0,0,0,0,0,0,0,1,0,0,0,0,1,0,0,0,0,0,1,1,0,0,0,0,1,0,0,0,0,0,0,0,0,0,0,0,0,0,1,0,0,0,0,0,0,0,0,0,0,0,0,0,0,0,0,0,0,0,0,0,0,0,0,0,0,0,0,0,0,0,0,0,0,0,0,0,0,0,0,0,0,1,1,0,0,0,1,0,0,0,1,0,0,0,0,0,1,0,0,0,0,0,0,0,0,0,0,1,1,0,0,0,0,0,0,0,0,0,0,0,0,1,0,0,0,0,0,0,1,0,0,0,0,0,0,1,0,0,0,0,0,0,0,0,0,0,0,0,0,0,0,1,0,0,0,0,0,0,0,0,0,0,2,0,0,0,0,0,0,0,1,0,0,0,0,0,1,0,0,0,0,2,0,0,0,1,0,0,0,0,0,0,0,0,0,0,0,0,0,0,0,0,0,0,0,0,0,1,0,1,0,0,0,0,0,0,0,0,0,0,0,0,0,0,0,0,0,1,0,0,0,0,0,0,1,0,1,0,0,0,0,0,0,0,0,0,0,0,0,0,0,0,1,0,0,0,0,1,0,1,0,0,1,0,0,0,1,0,0,0,0,0,0,0,0,0,0,0,0,0,1,0,0,0,0,1,0,0,0,1,0,0,0,0,0,0,0,0,0,0,1,0,0,0,0,0,0,0,0,0,0,0,0,1,0,0,1,0,0,0,0,0,1,0,0,0,0,0,1,0,0,0,0,1,1,0,0,1,0,0,0,0,1,0,0,0,0,1,0,0,0,0,1,0,0,1,0,0,0,0,0,1,0,0,0,0,0,0,0,0,0,0,0,0,0,0,0,2,0,0,0,0,0,0,0,0,0,0,0,0,0,0,0,1,0,0,0,2,1,0,0,0,0,0,1,0,0,0,0,1,0,0,0,0,0,1,0,0,0,0,0,0,0,0,0,0,0,0,1,0,2,0,2,0,0,0,0,0,0,1,0,1,0,0,0,0,0,0,0,0,0,0,0,0,0,0,0,0,0,0,0,0,0,0,0,0,0,0,0,0,0,0,0,0,0,0,0,0,1,0,0,0,0,0,0,0,0,0,1,0,0,0,0,1,0,0,0,0,0,0,0,0,0,0,0,0,0,0,0,1,0,0,0,0,0,0,0,0,0,0,0,0,0,0,0,0,0,1,0,0,0,0,0,0,1,0,1,0,0,0,0,0,0,0,0,1,0,0,2,0,0,0,0,0,0,0,0,0,0,0,0,0,0,0,0,0,0,0,0,0,0,0,1,1,1,0,0,0,0,0,0,0,0,0,0,0,0,0,0,0,1,0,0,0,0,0,0,0,0,0,0,0,0,0,1,0,0,0,0,0,0,0,0,0,0,0,0,0,0,0,0,0,0,0,0,0,0,0,0,0,0,1,0,1,0,0,0,0,0,0,0,0,0,0,0,0,0,0,0,0,0,0,0,0,0,0,0,0,0,0,0,0,0,0,0,0,0,0,0,0,0,0,0,0,2,0,0,0,0,0,0,0,0,0,0,0,0,0,0,0,0,0,0,0,0,0,0,0,0,0,0,0,0,0,0,0,0,0,0,0,1,0,0,2,0,0,0,0,1,0,0,0,0,0,0,0,0,0,0,0,0,0,1,0,0,0,0,1,0,0,1,1,0,0,0,1,0,0,0,0,1,1,1,0,0,0,1,0,0,0,0,1,0,0,0,1,0,0,0,1,1,1,0,0,0,0,0,0,0,0,0,0,0,0,1,0,0,1,0,0,0,0,0,0,0,0,0,0,0,0,0,1,0,0,0,2,0,0,0,0,1,0,0,0,0,0,0,0,0,0,0,0,0,0,0,0,0,0,0,0,0,0,1,0,0,0,0,0,1,0,0,0,0,0,0,0,0,0,0,0,0,0,0,0,0,1,0,0,0,0,0,0,0,0,0,0,0,0,0,0,0,0,0,0,2,0,0,0,1,0,0,0,0,0,0,0,0,0,0,1,1,0,0,0,0,0,0,0,0,0,0,0,0,0,0,0,0,0,0,1,0,0,0,0,0,1,0,0,0,0,0,0,0,0,0,1,0,0,0,1,0,0,0,0,0,0,0,0,0,0,0,0,0,0,0,0,0,0,0,0,0,0,0,0,0,0,0,0,0,0,0,1,0,0,0,0,0,2,0,0,1,1,0,0,0,0,0,1,0,0,0,1,0,0,0,0,0,0,0,0,0,0,0,0,0,0,0,0,0,1,0,0,0,0,0,0,0,1,0,0,1,0,1,0,0,0,0,0,0,0,0,0,0,0,0,1,1,0,0,0,0,0,0,0,0,0,0,0,0,1,0,0,1,0,0,0,0,0,1,0,0,0,0,0,1,0,0,0,0,0,0,0,0,0,0,0,0,0,4,0,0,0,1,0,0,0,0,1,0,0,0,1,2,0,0,0,1,0,0,0,0,0,0,0,0,0,0,0,0,0,0,0,0,0,0,0,0,0,1,0,0,0,0,0,0,0,0,0,0,0,1,1,0,0,0,0,0,0,0,1,1,0,0,0,0,0,0,0,0,0,0,0,1,0,0,1,0,0,0,0,0,0,0,0,0,0,0,0,1,0,0,0,0,0,0,1,0,0,0,0,0,0,0,0,0,0,0,0,0,0,1,0,0,0,0,0,0,0,0,0,1,0,0,0,0,0,0,0,0,0,0,0,0,0,1,0,0,0,0,0,0,0,0,0,0,0,1,0,0,0,0,0,0,0,0,0,0,0,0,0,0,0,0,1,0,0,0,0,0,0,0,0,0,0,0,0,0,0,0,0,0,0,0,0,0,0,0,0,0,0,0,0,1,0,0,0
PHF1,0,0,1,1,0,0,0,1,0,0,0,3,0,0,0,1,0,0,1,0,0,0,0,0,0,0,2,0,0,0,0,0,0,1,1,0,1,0,0,0,0,0,0,0,0,0,0,0,0,0,0,0,0,0,0,0,0,1,0,0,0,1,0,0,2,0,0,0,0,1,0,0,0,0,0,0,0,0,0,0,0,0,0,0,0,0,1,0,1,0,0,1,0,1,0,0,0,0,0,0,0,0,0,0,0,0,0,0,0,1,0,0,0,0,1,0,0,0,0,0,0,0,0,0,1,0,1,1,0,0,1,0,0,0,0,0,0,0,0,0,0,0,0,0,0,0,0,0,0,0,0,0,0,1,0,0,0,0,0,0,0,0,0,0,0,0,0,1,0,0,0,1,0,0,0,1,0,0,0,0,0,0,0,0,0,1,0,0,0,0,0,0,0,0,0,1,1,0,0,0,0,1,1,0,0,1,0,2,0,0,0,1,0,2,0,0,0,0,0,0,0,1,0,0,0,0,0,1,0,2,0,0,0,0,0,0,0,0,0,0,1,0,1,0,1,0,2,1,0,0,1,0,1,1,0,0,0,0,0,0,0,0,0,0,1,1,0,0,2,0,0,0,0,0,0,0,0,0,0,0,0,0,0,1,0,1,0,0,0,0,0,0,0,0,0,0,0,0,0,0,1,0,0,0,0,0,0,0,0,1,0,0,0,0,0,0,1,0,0,0,0,0,1,0,0,0,0,2,0,0,0,0,0,0,0,0,0,0,0,0,0,0,0,0,0,0,0,0,1,0,0,0,0,2,0,0,0,0,0,0,0,0,0,0,0,0,0,0,0,2,0,0,0,0,1,0,1,0,0,0,0,0,1,0,0,0,0,0,0,1,0,0,1,0,0,0,0,0,0,0,0,2,1,0,0,0,0,1,0,0,0,1,0,0,0,1,0,0,0,1,0,0,0,0,0,1,0,0,0,0,0,0,0,0,0,2,0,0,0,0,0,0,0,0,0,0,0,2,0,0,1,0,0,0,0,1,1,1,0,0,0,0,0,1,0,1,0,0,0,0,0,0,1,0,0,0,0,1,0,1,0,0,0,0,0,2,1,1,2,0,0,0,0,0,0,0,0,0,0,0,0,0,0,1,0,0,0,0,0,0,0,0,1,0,0,0,0,0,0,1,1,0,0,0,0,0,0,0,0,1,0,0,0,0,0,0,1,0,0,0,0,1,1,0,1,2,0,0,0,0,0,1,0,2,0,0,0,0,0,0,0,0,1,1,0,0,0,1,1,1,0,0,0,1,0,0,2,0,0,0,0,0,0,0,0,2,0,0,0,0,0,1,0,0,2,1,0,0,0,0,0,0,0,1,0,0,0,0,0,0,0,1,0,0,1,1,0,0,0,0,0,1,1,1,1,0,0,0,0,0,0,0,1,1,0,0,0,0,0,0,0,0,1,0,1,0,0,1,1,0,0,0,0,0,0,0,1,1,0,0,0,0,0,0,1,0,0,0,1,1,0,1,0,1,0,1,0,0,0,2,0,0,1,1,0,1,0,0,0,1,0,0,1,0,1,0,0,0,0,0,0,0,0,0,2,0,0,0,1,1,0,0,0,0,0,1,0,0,0,0,0,0,0,2,0,1,0,0,0,0,0,0,0,0,0,0,0,2,0,0,0,0,0,0,1,0,0,0,0,0,0,1,0,0,0,0,1,0,0,1,0,0,0,0,0,0,0,0,0,0,0,1,1,0,1,0,0,1,0,1,0,0,0,0,0,0,0,2,0,0,1,0,0,0,0,2,0,0,0,0,0,0,0,0,0,1,1,0,0,0,0,0,1,0,0,1,0,0,1,0,0,0,0,1,0,0,1,0,0,0,0,1,0,0,0,0,0,1,1,0,0,0,0,0,0,0,0,0,0,0,0,0,0,0,0,0,0,0,0,0,1,0,0,0,0,0,0,0,0,0,0,0,0,0,0,0,0,0,1,0,0,0,0,0,0,0,0,0,0,0,1,0,1,0,0,0,0,2,0,0,2,0,0,1,0,0,0,0,0,0,0,0,0,0,0,3,0,0,1,3,0,0,0,0,0,0,0,0,0,0,0,0,0,0,0,0,1,0,0,0,0,0,1,0,1,0,0,0,0,0,0,1,0,0,0,0,0,0,0,0,0,0,0,0,0,0,0,0,0,0,0,0,0,0,0,0,0,0,0,0,0,0,2,1,0,0,1,0,0,1,1,0,0,0,0,0,0,0,0,0,0,0,0,0,0,0,0,0,0,0,1,0,0,0,0,1,0,0,0,0,0,0,0,0,0,0,0,0,1,0,0,0,0,0,0,0,0,0,0,0,0,0,0,1,0,0,2,0,0,0,0,0,0,0,0,1,0,1,0,0,0,0,0,1,1,0,0,0,0,0,0,0,0,0,0,0,0,0,0,0,0,0,0,2,0,0,0,0,0,0,0,1,0,0,2,0,0,0,0,0,0,0,1,0,0,0,0,0,1,0,0,0,0,0,0,1,0,0,1,0,0,0,0,0,1,1,0,1,0,0,0,0,0,0,1,0,0,0,0,0,0,0,0,1,0,0,0,0,0,0,0,0,0,0,0,0,0,0,0,0,0,2,0,0,2,0,0,0,0,0,0,1,0,0,0,1,0,1,0,1,0,0,0,0,0,2,0,0,0,0,0,0,0,0,0,1,0,0,0,0,0,0,0,0,0,0,0,0,2,0,0,0,0,0,0,0,1,0,0,1,0,0,0,0,0,0,0,0,0,0,0,0,0,0,2,0,0,1,0,0,1,1,0,0,0,1,0,1,0,0,0,0,0,0,0,0,0,0,0,1,0,0,0,0,0,0,0,1,0,0,0,0,0,0,0,0,0,1,0,0,0,0,0,1,0,0,0,0,0,0,0,0,2,0,0,0,0,0,0,0,0,0,1,0,0,0,0,0,1,0,1,0,0,0,0,0,0,0,0,0,0,0,0,0,0,0,0,0,0,0,0,0,0,0,0,0,1,0,0,0,0,0,0,0,0,0,0,1,0,0,0,0,0,0,0,0,0,0,0,0,1,0,0,0,1,0,1,1,0,0,0,0,0,1,0,1,0,0,0,0,0,0,0,0,0,0,0,0,0,0,0,1,0,0,0,0,0,0,0,0,0,0,0,0,0,0,0,1,0,0,0,0,0,0,0,0,0,0,0,0,0,0,0,0,0,0,0,0,0,0,0,0,2,0,0,2,0,0,0,0,0,1,0,0,0,1,0,0,0,1,0,0,1,0,0,0,0,1,0,0,0,0,0,0,0,1,1,0,2,0,0,0,1,0,0,0,1,0,1,0,0,0,0,0,1,1,0,0,0,0,0,0,1,0,1,0,0,2,0,0,0,0,0,1,0,0,0,0,0,0,0,0,0,0,0,1,0,0,0,1,0,0,0,0,0,0,0,0,0,1,1,1,0,0,0,0
NA..34,0,0,0,0,0,0,0,0,0,0,1,0,1,1,0,0,0,0,0,0,0,1,0,0,0,0,0,0,0,0,0,0,0,0,0,0,0,0,0,0,0,0,0,0,0,0,0,0,0,0,0,1,0,0,0,0,0,0,1,0,1,0,0,0,1,0,0,0,0,0,0,0,0,0,0,0,0,0,0,0,0,0,0,0,0,0,0,0,0,0,0,0,0,0,0,0,0,1,0,0,0,0,0,0,0,0,0,0,0,1,0,0,0,0,1,0,0,1,0,0,0,0,0,0,1,0,0,0,0,0,0,0,0,0,0,0,1,1,0,0,0,0,0,0,0,0,0,0,0,0,0,0,0,0,0,0,0,0,0,0,1,0,0,1,0,0,0,0,0,0,0,0,0,0,0,1,0,0,1,0,1,0,1,1,0,0,0,0,0,0,0,1,1,1,0,0,0,0,0,0,0,0,0,0,0,0,0,2,0,0,0,1,0,0,1,0,0,1,0,0,0,0,0,0,0,0,0,0,0,0,0,0,1,0,0,0,0,0,0,0,0,0,1,0,0,0,0,0,0,0,2,0,1,0,0,0,0,0,0,0,0,0,0,1,0,0,0,0,1,1,0,0,0,0,1,0,0,0,0,0,0,1,0,0,0,0,0,0,0,0,0,0,0,0,0,0,0,0,0,0,1,0,1,0,0,0,1,0,0,0,0,0,0,0,0,1,0,0,0,0,0,0,0,0,0,0,0,0,0,0,1,0,1,1,0,0,1,0,1,0,0,2,0,0,0,0,0,0,0,0,0,0,0,0,0,0,0,0,0,0,0,0,0,0,0,0,0,0,0,0,0,0,0,0,0,0,0,0,0,0,0,0,0,0,0,0,0,2,0,0,1,1,0,2,0,0,0,0,0,1,0,0,1,0,1,0,0,1,0,0,0,0,0,0,1,2,0,0,0,1,0,0,1,0,0,1,0,0,0,0,0,0,0,0,0,0,0,0,0,0,0,1,0,0,0,1,0,1,1,0,0,0,0,0,0,0,0,0,0,1,0,0,0,0,0,0,0,0,0,0,0,0,0,0,0,0,0,0,1,0,0,0,0,1,1,0,0,0,0,0,0,0,0,0,0,0,0,0,0,0,0,0,0,0,0,0,1,0,0,0,0,0,0,0,0,0,0,0,0,0,0,0,1,0,1,0,0,0,0,0,0,0,1,0,0,0,0,0,0,0,0,0,1,0,0,0,0,0,0,0,0,0,0,0,0,1,0,0,1,0,0,0,0,1,0,0,0,0,0,0,0,0,0,0,0,0,0,0,0,0,0,0,0,0,0,1,0,0,0,0,0,0,0,0,0,0,0,0,0,0,0,1,0,0,0,1,0,0,0,0,0,0,0,0,0,1,1,0,0,0,0,0,0,0,0,0,1,0,0,1,0,0,0,0,0,0,1,0,0,1,0,0,0,0,0,1,0,0,0,0,0,0,0,0,0,0,0,0,0,1,0,0,0,0,0,0,0,0,0,0,0,0,0,0,0,0,0,0,0,0,0,0,0,0,0,0,0,0,0,0,0,0,0,0,2,0,0,0,0,0,0,0,0,0,0,0,0,0,0,0,0,0,0,0,0,0,0,0,1,1,0,1,0,1,0,0,0,0,0,0,0,0,0,0,0,0,0,0,0,0,0,0,0,1,0,0,1,1,0,0,0,1,0,0,0,0,0,0,0,0,0,0,0,0,0,0,0,0,0,0,0,0,0,1,1,0,0,0,0,0,0,0,0,0,0,0,1,0,0,0,0,0,0,0,2,0,0,0,0,0,0,0,1,0,4,0,0,0,0,0,0,0,0,0,0,0,0,0,0,0,0,1,0,0,1,0,0,0,0,0,0,0,0,0,0,1,0,0,0,0,0,0,0,0,1,0,0,0,0,0,0,0,0,0,0,0,0,1,0,0,0,0,1,1,1,0,0,0,0,0,1,0,1,1,0,0,0,0,0,1,0,2,0,0,0,0,0,0,1,0,0,0,0,0,0,1,0,0,0,0,0,0,0,0,1,0,1,0,0,0,1,0,0,0,0,0,0,0,0,0,0,0,0,0,0,0,0,1,0,0,0,0,0,0,0,0,0,0,0,0,1,1,0,0,0,0,0,0,0,0,0,2,0,0,0,0,1,2,0,0,0,0,1,0,0,0,0,0,0,0,0,0,0,0,0,0,0,0,0,0,0,0,0,0,0,0,0,0,0,1,0,0,0,0,0,0,0,0,0,1,0,0,0,0,0,0,0,0,1,0,0,0,0,0,0,0,0,0,1,0,1,0,1,0,0,0,0,1,0,0,0,1,0,0,0,1,0,0,0,0,0,0,0,0,0,0,0,0,0,0,0,0,1,0,0,0,0,0,0,0,0,0,0,0,1,0,0,0,0,0,0,0,0,1,0,0,0,0,0,0,0,0,1,0,0,2,0,0,0,3,0,0,0,1,0,0,0,0,0,0,0,0,0,1,1,0,0,0,0,0,0,0,0,0,0,0,0,0,0,1,1,0,1,0,0,0,0,0,0,0,0,0,0,0,0,0,0,1,1,1,0,0,0,0,0,0,0,0,0,0,0,1,0,1,0,0,0,0,0,0,0,0,1,0,0,0,0,0,0,0,0,0,0,1,1,0,0,2,0,0,0,0,1,0,0,1,0,0,0,0,0,0,0,0,0,0,0,0,0,0,0,1,0,0,0,0,0,0,1,0,0,0,0,0,0,1,1,0,0,0,0,0,0,0,0,0,0,0,0,0,1,1,0,0,0,0,0,0,0,0,0,2,0,0,0,1,1,0,0,1,0,0,0,0,0,0,0,0,0,0,0,0,0,0,0,0,0,0,1,0,0,0,0,0,0,0,0,0,0,0,1,0,0,0,0,0,0,0,0,0,0,0,2,1,0,0,0,0,0,0,0,0,0,0,1,0,0,0,0,0,0,0,0,0,0,0,0,0,0,2,1,0,0,0,0,0,0,1,0,0,0,0,0,0,0,0,0,0,1,1,0,0,0,0,0,0,0,0,0,0,0,0,0,0,1,0,0,0,0,0,0,0,0,0,0,0,0,2,0,0,0,0,0,0,0,0,0,0,0,0,1,0,0,0,0,0,0,0,0,0,1,0,2,0,0,0,0,0,0,0,0,0,0,0,0,0,0,0,0,0,2,0,0,0,0,1,0,0,0,0,0,0,0,0,0,0,0,0,0,0,0,0,0,0,0,0,0,0,0,0,0,0,0,0,0,1,0,1,1,0,0,0,1,0,0,0,0,0,0,1,0,0,0,0,0,1,1,0,0,0,0,0,0,1,0,0,0,0,0,0,0,0,0,0,0,0,1,0,0,0,0,0,0,0,0,0,0,0,0,1,0,0,0,0,0,0,0,1,0,0,0,0,0,1,0,0,0,0,0,1,0,0,0,1,0,0,0,0,1,0,0,0,2,0,1,0
ANKRD28,0,0,0,0,0,0,0,0,0,0,0,0,0,0,0,0,0,0,0,0,0,0,0,0,0,0,0,0,0,0,0,0,0,0,0,0,0,0,0,0,0,0,0,0,0,0,0,0,0,0,0,0,0,0,0,0,0,0,0,0,0,0,0,0,0,0,0,0,0,0,0,3,0,0,1,0,0,0,0,0,0,0,0,0,0,0,0,0,0,0,0,0,0,1,0,0,0,0,0,0,0,0,0,0,0,0,0,0,0,0,0,0,0,0,0,0,0,0,0,0,0,0,4,0,0,0,0,0,0,0,0,0,0,0,0,0,0,0,1,0,0,1,0,1,1,2,1,1,0,0,0,0,0,0,0,0,0,0,0,1,0,0,0,0,0,0,0,0,0,0,0,1,1,0,0,0,0,0,0,0,0,0,0,0,0,0,0,0,1,0,0,1,0,0,0,0,0,0,0,0,0,0,0,0,0,0,0,0,0,0,0,0,0,0,1,0,0,0,0,1,0,0,0,0,0,0,0,0,0,0,0,0,0,0,0,1,0,0,0,0,0,0,0,0,0,0,0,4,0,0,0,0,0,0,0,0,0,0,0,0,0,0,0,0,0,0,0,0,0,0,0,1,2,0,0,0,0,0,0,0,0,0,0,0,0,0,1,0,0,0,0,0,0,0,0,0,0,0,1,0,0,0,0,0,0,0,0,0,0,0,0,0,0,0,0,0,0,0,0,0,0,1,0,0,0,0,0,0,0,0,0,0,0,0,0,0,0,0,1,0,0,2,0,0,0,0,1,0,0,1,1,0,0,0,0,0,0,0,0,0,0,0,0,0,0,0,0,0,0,0,0,0,0,0,0,1,0,0,0,0,0,0,0,0,0,0,0,0,0,0,0,0,0,1,0,0,0,0,0,0,0,0,0,0,0,0,0,0,0,0,0,0,0,0,0,0,0,0,0,0,0,0,1,0,0,0,0,0,0,0,0,0,0,0,0,0,0,1,0,0,0,0,0,0,0,0,0,0,0,0,0,0,0,0,0,1,0,0,0,1,0,0,0,0,0,0,0,0,0,0,0,0,0,0,0,0,0,0,0,0,4,0,0,0,0,0,0,0,0,1,0,0,0,0,0,0,0,0,0,0,0,0,0,0,0,0,0,0,0,0,0,0,0,0,0,0,0,0,0,0,0,0,0,0,0,0,0,0,1,0,1,0,0,0,0,1,0,1,0,0,3,0,0,2,0,0,0,0,0,0,1,0,0,0,0,0,0,0,0,0,0,1,0,0,0,0,0,0,0,0,0,0,0,0,1,1,0,0,0,0,0,0,0,1,0,0,0,0,0,0,0,0,0,0,0,0,0,0,0,0,1,1,0,0,0,0,0,0,0,0,0,0,0,0,0,0,0,0,0,2,0,0,0,0,0,0,0,0,0,0,0,0,0,0,0,0,0,0,0,1,1,0,0,0,0,0,0,0,0,0,0,0,1,0,0,0,0,0,0,0,2,0,0,0,0,1,0,0,0,0,0,0,0,0,1,0,0,0,0,0,0,0,0,0,0,0,1,0,0,0,0,0,0,0,0,0,0,0,0,1,0,0,0,0,0,0,0,1,0,0,0,0,0,0,1,0,0,0,0,0,0,0,0,0,0,0,0,0,0,0,0,0,0,0,0,0,0,0,0,0,0,0,0,0,0,0,0,0,0,0,0,0,0,0,0,0,0,0,0,0,0,1,0,0,1,0,2,0,0,0,0,0,0,0,0,0,0,0,1,1,0,0,0,0,1,0,0,0,0,0,0,0,0,1,0,0,0,0,0,0,0,0,0,0,0,1,0,0,0,0,0,0,0,1,0,0,0,0,0,2,2,0,1,0,0,0,0,0,0,0,0,0,0,1,0,0,0,0,0,0,0,1,0,0,0,0,0,0,0,0,0,0,2,0,0,0,1,0,0,0,0,0,0,0,0,0,0,1,0,0,0,0,0,0,0,0,0,0,0,0,1,0,1,0,0,0,0,0,0,0,0,0,0,0,0,0,0,0,0,0,0,0,0,0,0,0,0,0,0,2,0,0,0,0,0,0,0,0,0,0,0,0,0,0,0,0,0,0,0,0,0,1,0,0,0,0,0,0,0,0,0,0,0,0,0,0,0,0,0,0,0,0,1,0,0,0,0,0,0,0,0,0,0,0,0,0,0,0,0,0,0,4,0,0,0,0,0,0,0,0,0,0,0,0,0,0,0,0,0,0,0,0,0,0,0,0,0,0,0,0,0,0,2,0,0,0,0,0,1,0,1,0,0,0,0,0,0,0,0,0,0,0,0,0,0,0,0,0,0,0,0,0,0,0,0,1,0,0,1,0,0,0,0,0,0,0,0,0,0,0,0,0,0,0,0,0,1,0,0,0,0,0,0,0,0,0,0,0,0,0,0,0,1,0,0,0,0,0,0,1,0,0,0,0,1,0,1,0,0,0,0,0,0,0,0,0,0,0,0,0,0,0,0,0,0,0,0,0,0,2,0,0,0,0,0,0,0,0,0,0,0,0,0,0,0,0,0,0,3,0,0,0,0,0,0,0,0,0,0,0,0,0,0,0,0,0,0,0,0,0,0,0,0,2,0,0,0,0,0,0,0,1,0,0,0,0,0,0,0,0,0,0,0,0,0,0,0,0,0,1,0,0,0,0,0,0,0,0,1,0,0,0,0,0,0,0,1,0,0,0,0,0,0,0,0,0,0,0,0,0,0,0,0,0,0,0,0,0,0,0,0,0,0,0,0,0,0,0,0,0,0,0,0,0,0,0,4,0,0,0,0,0,0,0,0,0,0,0,0,0,0,1,0,0,0,0,0,0,0,0,0,0,1,0,0,0,0,0,0,0,0,0,0,0,0,0,4,0,0,0,0,0,0,0,0,0,0,0,0,0,0,0,0,0,0,0,0,0,0,0,1,0,0,0,0,0,0,0,0,0,0,0,0,0,0,0,0,0,0,0,0,0,0,0,0,0,0,0,0,1,0,0,0,0,0,0,0,0,1,0,0,0,1,0,0,0,0,0,0,0,0,0,0,0,0,0,0,0,0,0,0,0,0,0,1,0,0,0,0,0,0,0,0,0,1,0,0,0,0,0,0,0,0,0,0,0,0,0,0,0,0,0,0,0,0,1,0,2,0,1,0,0,1,0,0,0,0,0,0,0,0,0,0,0,1,0,0,0,0,0,1,0,1,1,0,0,0,0,0,0,0,0,0,0,0,0,0,1,0,1,0,0,0,0,1,0,0,0,0,1,0,0,0,0,0,0,0,0,0,0,0,0,0,0,0,0,0,1,0,0,0,0,0,0,0,0,0,0,0,0,0,0,0,0,0,0,0,1,0,0,0,0,0,3,0,0,0,0,0,0,0,1,0,0,0,0,0,0,0,0,0,1,0,0,0,0,0,0,2,0,0,0,0,0,0,0,0,0,0,0,0,0,0,0,0,0
GGA2,0,0,0,0,0,0,0,0,1,0,0,0,0,0,0,0,0,0,0,0,0,0,0,0,0,0,0,0,0,0,0,0,0,1,0,0,0,0,0,0,0,0,0,0,0,1,0,0,0,0,0,0,0,0,0,0,0,0,0,0,0,0,0,0,0,0,0,0,0,0,0,0,0,0,0,0,0,0,0,0,0,0,0,0,0,0,0,0,0,1,0,0,0,0,0,0,0,0,0,1,0,0,0,0,0,0,0,0,0,0,0,0,0,0,0,1,0,0,0,1,0,0,0,1,0,0,0,0,0,0,0,0,0,1,0,0,0,0,0,0,0,0,0,0,1,0,0,0,1,0,0,0,0,0,0,0,0,0,0,0,0,0,0,0,0,1,0,0,0,0,0,0,0,0,0,0,0,0,0,0,0,0,0,0,0,0,0,0,0,0,0,0,0,0,0,1,0,0,0,0,0,0,0,1,0,0,0,0,1,0,0,0,1,0,0,0,0,0,1,0,0,0,0,2,1,0,0,0,0,0,0,0,0,0,0,0,0,0,0,1,0,0,0,0,0,0,0,0,0,0,0,0,0,0,1,0,0,0,1,0,0,0,0,0,0,0,0,0,1,0,0,0,0,0,0,0,1,0,0,0,0,0,0,0,0,0,0,0,0,0,0,0,0,0,0,0,0,0,0,0,0,1,0,0,0,0,0,0,0,0,0,0,0,0,0,0,0,0,1,0,0,0,0,0,0,0,0,0,0,0,0,0,0,1,0,0,0,0,0,0,1,2,0,0,0,0,0,0,0,0,0,0,0,0,0,0,0,1,0,0,0,1,0,0,0,0,0,0,0,0,0,0,0,0,0,0,1,0,0,0,0,1,0,0,0,0,0,0,0,0,0,1,1,1,0,0,0,0,0,0,0,0,0,0,0,0,0,0,1,1,0,0,0,0,0,0,0,1,0,0,0,0,0,0,0,0,0,0,0,0,0,0,0,0,0,0,0,0,0,0,0,0,0,0,0,0,0,0,1,0,0,0,0,0,0,0,0,0,0,1,1,0,0,1,0,1,0,0,0,0,0,0,0,0,0,0,0,0,1,0,0,0,0,0,0,0,0,0,0,0,0,0,0,1,0,0,0,0,1,0,0,0,0,0,0,0,1,0,0,0,0,0,0,0,0,0,0,0,0,0,1,0,0,0,0,0,0,0,0,0,0,0,0,0,1,0,0,1,0,0,0,0,0,0,0,0,0,0,0,0,0,1,0,0,0,0,0,0,0,0,0,0,1,0,0,0,0,0,0,0,0,0,0,0,0,0,0,0,0,1,0,0,0,0,0,0,0,0,1,0,0,0,0,0,0,0,0,0,0,2,0,0,0,0,1,0,0,0,1,0,0,1,0,0,0,0,0,0,0,0,0,0,0,0,0,0,0,0,0,0,1,1,0,0,0,0,0,0,0,0,0,0,0,0,0,0,2,0,0,0,0,0,0,0,0,0,1,0,1,0,0,0,1,0,0,0,0,0,0,0,0,0,0,0,0,0,0,0,0,0,0,0,0,0,0,0,0,0,0,0,0,0,0,0,0,0,0,0,0,0,0,0,3,0,1,0,0,0,0,0,0,0,0,0,0,0,0,0,0,0,0,0,0,0,1,0,0,0,0,1,0,0,0,0,1,0,0,0,0,1,0,0,1,0,0,0,2,0,1,0,0,0,0,0,1,0,0,1,0,1,1,0,0,0,1,0,0,0,0,0,0,0,0,0,0,0,0,0,0,0,0,0,0,0,0,0,0,0,0,0,0,0,0,0,0,0,0,0,1,0,0,0,0,0,0,0,0,0,1,0,0,0,0,0,0,0,0,0,0,0,0,0,1,1,1,0,0,0,0,0,0,0,2,0,0,0,0,0,0,1,0,1,0,0,0,1,0,0,0,0,0,0,0,0,0,0,0,0,0,1,0,0,0,0,1,0,0,0,1,0,0,0,0,0,1,1,0,0,0,0,0,0,0,1,0,0,0,0,0,1,0,0,0,0,0,0,0,0,0,0,0,0,0,0,0,0,0,0,0,0,0,0,0,0,0,0,0,0,1,0,0,0,0,0,0,0,0,0,0,0,0,0,0,0,0,0,0,1,0,0,1,0,0,0,2,0,0,0,0,0,0,0,0,0,0,0,0,0,0,0,0,0,0,0,1,1,0,0,1,0,0,1,0,0,0,1,0,0,0,0,0,0,0,1,0,0,0,1,0,0,1,0,0,0,1,0,0,1,0,0,0,0,0,0,0,0,0,0,0,0,0,0,0,0,0,0,1,1,0,0,0,1,0,0,0,0,1,0,0,0,0,0,0,0,0,0,0,0,0,1,0,0,0,0,0,0,0,0,0,0,0,0,0,0,0,0,0,1,0,0,1,0,0,1,0,0,0,0,0,0,0,1,0,0,0,0,0,0,0,1,0,0,0,0,0,0,0,2,0,0,0,0,0,0,0,0,0,0,0,1,0,0,0,0,0,0,0,1,0,0,0,0,0,0,0,0,0,0,0,0,0,0,0,0,0,0,0,0,0,0,0,0,0,0,0,0,0,0,0,0,0,0,0,0,0,0,0,0,1,0,0,0,0,0,0,1,0,0,1,0,1,0,0,0,0,0,1,0,0,0,1,0,0,0,2,0,0,0,1,2,0,0,1,0,0,0,0,0,0,0,0,0,0,0,0,0,0,0,0,0,0,0,0,0,0,1,0,0,0,0,1,0,0,0,0,0,0,0,0,0,0,0,0,0,0,1,0,0,0,0,0,0,0,0,0,0,1,0,0,0,0,1,0,0,0,0,0,0,1,0,0,0,0,0,1,0,0,0,0,0,0,0,0,0,0,1,0,0,0,0,0,0,0,1,0,0,1,0,0,0,0,1,0,0,0,0,0,0,0,0,0,0,0,0,0,0,0,0,0,1,0,1,0,0,0,0,0,0,0,0,0,0,0,0,0,0,0,0,0,0,0,0,0,0,0,0,0,1,0,0,0,0,0,0,0,0,0,0,1,0,0,0,1,0,0,1,0,0,0,0,0,1,0,0,0,0,0,0,0,0,0,0,0,0,0,0,0,0,0,0,0,0,0,0,0,0,1,0,0,0,0,0,0,0,0,0,0,0,0,0,1,1,0,0,0,0,0,0,0,1,0,0,0,0,0,0,0,0,0,0,0,1,0,0,0,0,0,0,0,0,0,0,0,0,0,0,0,0,0,0,0,0,2,0,0,0,0,0,0,1,0,0,0,0,0,1,0,0,0,0,0,0,0,0,0,0,0,0,0,0,0,0,0,0,0,0,1,0,0,0,0,0,0,0,0,0,0,0,0,0,0,0,0,0,0,0,0,0,0,0,0,0,1,0,0,0,0,0,0,0,1,0,0,0,0,0,0,0,0,0,2,0,0,0,0,0,0,0,0,0,0,0,0,0,0,0,0,0,0,0,0,0,0,0,0,0
TNFRSF25,0,0,0,0,0,0,0,0,0,1,0,0,0,0,0,0,0,0,1,0,0,1,0,0,0,0,1,0,0,0,0,1,0,0,0,0,0,0,0,0,0,0,0,2,0,0,0,0,1,0,0,0,0,0,0,0,0,0,0,0,0,0,1,0,0,0,1,0,0,0,0,0,0,0,0,0,0,0,0,0,0,0,0,0,0,0,1,0,0,0,0,0,1,0,2,0,0,0,0,0,0,0,0,0,2,0,0,0,0,1,0,1,0,0,0,0,0,1,0,0,1,0,0,0,0,0,0,0,0,0,0,0,0,0,0,0,0,0,0,0,0,1,0,0,0,0,0,0,2,0,0,0,0,0,1,0,1,0,0,0,2,0,0,0,0,0,0,0,1,0,1,0,0,0,0,0,0,0,1,1,0,0,0,0,0,0,0,0,0,0,0,0,0,0,1,0,1,0,0,0,0,0,0,0,0,0,0,0,0,0,0,0,0,0,1,0,0,0,0,1,1,0,0,0,2,0,0,0,1,1,0,0,0,0,0,0,0,0,1,0,0,0,0,0,1,0,0,0,0,0,0,0,0,0,0,0,0,0,0,0,0,0,0,0,0,0,0,0,0,1,0,0,0,0,0,0,0,0,0,0,0,0,0,0,0,0,0,0,0,0,1,1,0,0,0,0,0,1,0,0,0,0,0,0,0,0,0,0,0,0,0,0,0,0,0,0,0,1,0,1,1,0,0,0,0,0,0,1,0,1,0,0,0,0,0,0,0,0,1,0,0,1,0,0,0,0,0,0,3,0,0,0,0,0,1,0,0,0,0,0,1,0,0,0,0,0,0,0,0,0,0,0,0,0,0,0,1,0,1,0,0,0,0,0,0,0,0,0,0,0,1,0,0,0,0,0,0,1,0,0,0,0,0,1,0,0,0,0,0,0,1,2,0,0,0,0,0,0,0,0,0,0,0,0,0,0,0,0,0,0,0,0,0,1,0,0,0,0,0,0,0,0,1,0,0,0,0,0,0,0,0,0,0,2,0,0,0,0,0,0,0,0,0,0,0,0,0,0,0,0,0,0,0,0,0,0,0,0,0,2,0,0,0,2,0,0,1,0,0,0,0,0,0,0,0,0,2,0,0,0,0,1,1,0,1,0,0,0,0,0,0,1,0,0,1,2,0,0,1,0,0,0,1,0,0,0,1,1,0,0,0,0,0,0,0,0,0,0,0,0,0,0,0,1,0,0,0,0,0,0,0,0,0,0,0,0,0,0,1,0,0,2,0,0,1,0,0,0,0,0,0,0,3,0,1,0,0,0,0,1,0,0,0,0,0,2,0,0,0,0,0,0,0,0,0,0,0,0,0,0,0,0,0,0,2,0,0,0,0,0,0,0,1,0,1,0,1,0,0,0,1,2,0,0,0,0,0,0,0,0,0,0,0,0,0,0,0,0,0,0,0,0,0,0,0,0,0,1,0,0,0,0,0,0,0,0,0,0,0,0,0,0,0,0,0,0,0,2,2,0,0,0,0,0,1,0,0,0,1,0,1,0,1,0,0,0,0,1,0,0,0,1,0,0,1,0,1,0,0,0,0,1,0,0,0,0,0,0,0,0,0,0,0,0,1,0,0,0,0,0,0,0,0,1,0,0,0,0,1,0,0,0,0,0,0,1,0,0,0,0,0,0,0,0,1,0,0,0,1,0,0,0,1,0,0,0,0,0,0,1,0,0,0,0,0,0,0,0,0,0,0,1,0,0,1,0,0,0,0,0,0,0,0,0,0,0,0,0,1,0,0,0,0,0,0,0,0,1,0,0,0,0,0,0,0,0,0,0,0,0,0,0,0,0,0,0,0,0,0,0,0,0,0,0,0,1,0,0,0,0,0,0,0,0,1,1,0,0,0,0,0,0,0,0,1,0,0,1,0,0,0,0,0,0,0,0,0,0,0,0,2,0,0,1,0,0,0,0,0,0,0,0,0,0,0,0,0,0,0,0,0,0,0,0,0,1,0,0,0,0,0,0,0,0,0,0,0,0,0,0,0,0,0,0,0,0,0,0,1,0,0,0,0,0,0,0,0,0,1,0,0,1,0,0,0,0,0,0,0,0,0,0,0,0,0,0,1,0,0,0,0,0,1,1,0,1,1,0,1,1,0,1,0,0,0,0,0,1,0,0,0,2,0,0,0,0,0,0,0,0,0,0,0,0,1,0,0,0,0,0,0,0,0,0,0,0,1,0,0,0,0,0,0,0,0,0,0,1,0,0,0,0,1,0,0,0,0,0,0,0,0,1,0,0,0,0,0,0,0,0,0,0,2,0,0,0,0,0,0,1,0,0,0,0,0,0,1,0,0,1,0,0,1,0,0,0,0,0,0,1,0,0,0,0,2,0,0,0,1,2,0,0,0,0,1,0,0,0,0,0,0,2,0,0,0,0,0,0,0,0,0,0,1,0,0,0,0,0,0,0,0,1,0,0,0,0,0,0,0,0,1,0,0,0,0,1,1,1,0,0,0,0,0,0,0,0,0,0,1,0,0,1,0,1,0,0,0,0,0,0,0,0,0,0,0,1,0,0,0,0,0,0,0,0,0,0,0,0,0,0,0,0,0,0,0,0,0,0,1,0,2,1,0,0,0,0,0,0,0,1,0,0,1,0,0,0,0,0,0,0,0,0,0,0,0,0,0,1,0,0,0,0,0,0,0,0,0,0,0,0,0,1,1,0,0,0,0,0,2,0,0,0,0,0,0,1,0,0,0,0,0,1,1,0,0,0,0,0,0,0,0,0,0,0,0,0,0,0,0,0,0,1,0,0,0,0,0,0,0,0,0,0,0,0,0,0,0,0,1,0,0,0,0,0,0,0,0,0,1,0,0,0,0,0,0,0,0,0,0,0,0,0,0,0,0,0,1,0,0,0,0,0,0,0,0,0,0,0,0,0,0,0,1,0,0,0,0,1,0,0,0,0,0,0,1,0,0,0,0,0,0,0,0,0,0,0,0,1,0,0,0,0,0,0,0,0,0,0,5,0,0,0,1,0,0,0,0,1,0,0,0,2,0,1,0,0,0,0,0,0,1,0,1,0,0,0,1,0,0,2,0,0,0,0,0,0,0,0,0,0,0,0,0,0,0,0,0,0,0,0,0,1,1,0,0,0,1,0,0,0,0,0,0,0,1,0,0,0,0,0,0,0,1,0,0,0,0,0,0,0,0,0,0,0,0,0,2,0,0,0,0,0,0,0,0,1,0,1,0,0,0,0,0,1,0,0,0,0,0,0,1,0,0,0,1,0,0,0,0,0,0,0,0,0,1,0,0,0,0,0,0,0,0,0,0,0,0,1,0,0,0,0,0,1,0,0,0,0,0,0,0,1,0,0,0,0,0,0,0,0,0,0,0,0,0,0,0,0,0,0,0,0,0,0,0,0,1,0,0,0,1,0,0,0,0,0,0,0,2,0,0,1,2,1,1,0
CLDND1,0,0,0,0,0,1,0,0,0,0,2,0,0,1,1,1,0,0,0,0,0,0,0,1,0,7,0,1,1,0,0,0,0,1,0,0,1,0,0,0,0,0,1,0,0,0,1,0,0,0,0,0,0,1,0,0,0,0,0,0,0,0,1,0,0,1,1,0,0,0,0,0,0,0,0,0,0,0,0,0,1,0,0,1,0,0,0,0,1,0,0,0,0,0,0,1,0,0,0,1,2,0,0,1,0,0,0,1,0,1,0,1,0,0,0,1,0,0,0,0,0,0,1,0,0,0,4,0,1,0,0,0,0,0,0,0,0,0,0,0,0,0,0,0,0,1,0,0,0,0,0,0,0,0,0,0,1,0,0,0,0,0,0,0,0,0,0,1,1,0,0,1,0,0,0,0,0,0,0,0,0,0,0,1,0,0,0,0,0,0,0,0,0,0,0,0,0,0,0,0,0,0,0,0,0,0,0,0,0,0,0,0,0,0,1,0,0,0,2,0,0,0,0,0,0,0,0,0,0,0,0,0,0,1,0,1,0,0,0,0,1,0,0,0,2,0,0,0,0,0,0,0,0,1,0,1,0,0,0,0,0,0,0,0,0,0,0,0,0,1,1,0,0,0,0,0,1,0,0,0,0,0,0,0,0,0,0,0,0,0,0,0,0,0,0,0,0,0,0,0,0,0,0,0,0,0,0,0,0,0,0,1,0,0,0,0,0,0,0,0,1,0,0,0,1,0,0,0,0,1,0,0,0,0,0,0,0,0,0,0,0,1,0,0,0,0,0,0,0,1,0,0,0,0,0,0,0,0,0,0,0,1,0,0,0,0,0,0,0,0,0,0,0,0,0,0,1,0,0,0,0,0,0,0,1,1,1,0,0,0,1,0,1,0,0,0,1,0,0,1,0,0,0,0,0,0,0,0,0,0,1,0,0,0,0,0,0,0,1,0,0,0,0,0,0,0,0,0,0,0,0,0,0,1,0,0,0,1,0,1,0,0,0,1,0,1,0,0,1,0,1,1,0,0,0,0,4,1,0,0,0,0,0,0,0,1,0,0,0,0,0,0,0,0,0,0,0,0,0,0,0,0,0,0,0,1,0,0,0,1,0,0,1,0,0,0,1,0,0,0,0,0,0,1,0,0,0,0,0,0,0,0,0,0,0,0,0,1,0,1,0,0,0,1,0,0,0,0,1,0,0,1,1,0,0,1,1,1,0,0,1,0,0,0,0,1,0,0,0,0,0,0,0,0,0,0,0,0,0,0,0,0,1,0,0,0,0,1,0,0,0,0,0,0,0,0,0,0,0,1,0,0,0,0,0,0,0,0,0,0,1,0,0,0,0,0,1,0,0,1,0,0,0,0,1,1,0,0,0,0,0,1,0,1,0,0,0,0,0,1,0,0,0,0,0,0,1,0,0,0,0,0,0,1,0,0,0,0,0,0,0,0,0,0,0,0,0,0,0,0,1,1,1,0,0,0,0,0,0,1,0,0,0,0,0,1,0,0,0,0,0,0,0,0,0,0,0,0,0,1,0,0,0,0,0,0,0,0,0,0,0,0,0,0,0,0,0,0,0,0,0,0,0,0,0,0,1,0,0,1,0,1,0,0,1,0,0,1,0,0,0,0,0,0,0,0,0,0,0,0,1,0,0,0,0,0,0,0,0,0,0,0,0,0,0,1,0,0,1,0,1,0,0,0,0,0,0,0,0,0,0,1,0,0,0,0,0,0,0,0,0,0,0,2,0,0,0,0,0,0,0,0,0,0,0,0,0,0,0,0,0,1,0,0,0,0,0,0,0,0,0,0,1,0,1,0,0,0,0,0,1,0,0,0,0,0,0,0,0,1,0,0,0,0,0,1,0,0,0,0,1,1,0,0,0,0,1,0,0,1,0,0,0,1,0,0,0,0,0,0,1,0,0,0,1,0,0,0,0,0,0,0,2,0,0,1,0,0,0,0,0,0,0,0,0,0,1,0,0,0,0,0,0,0,0,0,0,0,0,0,0,0,1,0,0,0,0,0,0,0,0,0,0,0,0,0,0,0,0,0,0,0,0,0,0,0,0,0,1,0,0,0,0,0,0,1,0,0,0,1,0,0,0,0,0,0,0,1,0,1,0,0,2,0,0,0,0,0,0,0,0,0,0,0,0,1,0,0,1,0,0,1,1,0,0,0,0,0,1,0,0,1,0,0,0,0,0,0,0,0,1,0,0,0,0,0,0,0,1,0,0,0,0,0,0,0,0,0,0,0,0,0,2,0,0,0,0,0,0,0,0,0,0,0,1,0,0,0,0,0,1,0,0,0,0,1,0,0,0,0,1,0,0,0,0,0,1,0,0,1,0,0,0,0,0,1,0,3,0,0,1,0,0,0,0,0,0,0,0,0,1,0,1,1,0,0,0,0,0,0,0,1,0,0,0,0,0,0,0,0,1,0,0,0,0,1,0,0,0,0,0,0,0,1,0,1,0,0,0,0,0,0,0,0,0,0,2,1,0,0,0,0,0,0,0,0,0,0,0,0,0,0,0,0,0,1,0,0,0,0,0,1,1,0,1,1,0,0,0,0,0,0,1,0,0,0,0,0,0,0,0,0,0,0,0,0,0,0,1,0,1,2,0,0,0,0,0,0,0,0,0,0,0,0,0,0,1,0,0,0,0,1,0,0,0,0,1,0,0,0,0,0,0,0,0,0,0,0,0,0,0,0,0,0,0,0,0,0,0,0,0,0,0,0,1,0,1,0,0,0,0,0,0,0,0,0,0,0,0,0,0,0,0,0,0,0,0,0,0,0,0,0,0,1,0,0,0,0,0,0,0,0,0,0,0,1,0,0,0,0,0,0,0,0,0,0,1,1,0,0,0,0,0,0,0,0,0,0,0,0,0,0,0,1,0,0,1,0,0,0,0,0,0,0,0,0,1,0,0,0,0,0,0,0,0,0,0,0,0,0,0,0,0,0,1,0,0,0,0,0,0,0,0,0,0,0,0,0,0,0,0,0,0,0,0,0,0,0,0,0,0,0,0,0,0,2,0,0,0,0,2,0,0,0,0,0,0,0,0,1,0,0,2,1,0,0,0,0,0,2,0,0,0,0,0,0,0,0,0,1,0,1,1,0,0,0,1,1,1,0,0,0,0,1,0,0,0,2,0,0,0,0,0,0,1,0,0,0,0,0,0,2,0,0,0,0,0,1,0,0,0,0,0,0,0,0,0,0,0,0,0,1,0,0,0,0,0,0,0,0,0,0,0,0,0,0,0,0,0,0,0,0,0,0,1,0,0,0,0,1,0,0,0,0,0,0,0,0,1,0,0,0,0,0,0,0,0,0,0,1,0,0,0,1,0,1,0,0,0,1,2,0,0,1,1,0,0,0,0,0,0,0,0,1,0,0,0,0,0,0,0,0,0,0,0,0,1,0,0,0,0,0,0,0,0,0,0,1,0,0,0,0,0,0,0,0
SERPINB1,2,0,0,0,0,0,0,0,0,1,1,1,2,1,1,0,0,0,0,0,0,0,1,2,0,0,0,0,0,1,0,1,1,2,0,0,0,0,0,0,1,0,1,2,0,0,0,1,0,0,1,0,2,2,0,1,0,0,0,0,3,0,1,1,1,0,0,2,0,1,0,9,0,0,2,1,0,5,0,1,0,0,0,1,1,0,1,1,0,0,0,0,0,2,0,4,0,0,1,2,0,0,0,1,0,1,0,2,1,1,0,1,1,0,0,0,0,0,0,0,0,0,3,0,0,1,0,0,2,0,0,1,0,1,0,0,1,0,4,0,1,0,0,0,2,0,2,2,1,0,0,0,0,0,0,1,1,0,0,0,0,0,2,2,3,5,0,0,2,5,0,0,0,0,1,0,0,0,1,1,0,1,0,0,0,0,1,0,1,2,0,0,0,0,0,1,0,0,2,1,3,1,1,0,0,1,0,2,1,1,0,0,0,0,0,0,0,0,1,0,0,0,0,0,1,0,1,0,0,0,0,1,0,3,2,0,0,0,1,0,1,1,0,1,0,2,1,1,1,2,0,0,0,0,0,0,0,0,0,1,1,1,0,5,1,0,0,0,0,0,2,3,0,0,1,1,0,1,0,0,0,1,1,0,2,0,0,0,0,0,0,1,2,0,0,0,0,1,2,0,0,0,0,1,2,0,1,0,0,1,1,0,0,0,0,1,0,1,2,0,1,2,2,0,2,1,1,0,0,1,0,1,1,0,0,0,0,1,0,1,1,0,1,0,0,0,0,0,2,2,2,0,3,1,0,1,0,0,1,0,0,0,1,0,0,0,3,1,0,1,1,0,3,0,0,4,1,1,0,2,1,0,3,0,0,0,0,1,0,0,0,4,0,4,0,0,2,0,0,2,4,0,0,0,1,0,1,0,0,1,0,1,3,1,0,1,0,0,0,1,0,0,1,3,0,0,0,0,0,0,0,1,1,1,2,0,2,0,0,1,1,1,2,0,0,4,0,1,0,0,1,0,2,0,2,1,0,0,4,0,0,1,0,0,3,1,1,0,1,0,0,2,1,0,0,2,1,0,0,0,1,0,0,1,1,0,2,0,1,2,0,0,1,0,1,1,2,0,1,1,0,1,0,0,1,1,0,3,0,1,1,0,0,1,1,0,1,0,1,0,0,0,0,0,2,1,2,0,2,0,2,0,0,0,5,2,2,3,0,0,29,2,1,1,0,3,3,1,0,1,0,1,1,0,1,0,1,0,0,1,0,0,0,0,0,0,1,0,0,0,1,1,0,0,0,2,1,0,0,0,0,1,0,0,0,1,0,0,0,2,1,0,0,3,0,0,1,0,0,2,0,1,1,1,1,0,3,1,0,0,2,0,1,0,1,0,0,1,1,2,0,0,0,0,1,0,0,2,1,1,0,0,0,2,2,1,0,0,1,0,0,1,0,0,0,1,0,0,1,0,0,1,1,0,0,1,0,1,0,1,1,2,0,0,0,0,2,0,0,2,0,0,1,0,1,0,3,1,0,0,0,3,0,0,0,1,0,1,0,1,0,0,2,0,1,0,0,0,0,0,0,0,0,0,0,0,0,0,0,4,0,0,0,0,2,0,0,0,0,0,0,0,0,0,1,2,0,0,1,0,0,0,1,0,2,0,2,0,0,0,0,2,0,1,0,0,1,0,1,0,1,0,1,0,0,1,0,0,1,1,0,1,0,0,0,0,1,0,0,0,0,0,1,0,0,0,1,1,0,1,0,0,0,0,1,2,0,0,0,0,0,0,0,0,0,1,1,0,0,1,0,0,1,1,0,0,1,0,0,0,0,0,1,0,0,0,0,0,0,0,1,0,2,1,0,0,1,0,0,1,0,0,0,0,0,0,1,1,0,0,3,2,0,0,0,1,0,0,0,0,0,2,2,0,0,1,0,2,0,1,0,0,0,0,0,0,0,0,0,0,0,0,2,0,0,0,2,1,0,1,0,0,0,2,0,1,0,0,0,1,4,0,2,1,0,1,0,0,0,0,2,0,0,1,0,0,0,0,2,1,1,0,1,1,0,1,0,0,1,0,0,2,1,0,1,2,0,0,0,2,0,0,0,0,0,0,0,1,0,0,0,0,1,2,0,0,0,2,0,2,1,1,0,0,0,0,0,2,1,1,1,0,0,1,1,4,0,0,0,1,0,3,2,0,1,0,1,0,1,0,0,0,0,3,1,1,1,0,1,0,0,0,0,1,0,1,0,3,0,2,0,0,0,0,1,1,0,0,1,2,1,1,4,0,0,0,0,0,2,1,0,0,0,0,1,0,0,1,1,0,0,5,0,0,0,3,0,2,0,1,2,1,0,0,0,1,0,1,1,0,0,0,1,1,0,0,1,0,2,0,1,0,0,5,0,2,1,0,0,0,1,1,2,0,0,1,0,2,4,4,3,0,0,1,1,4,0,0,2,0,0,0,1,1,1,0,0,0,0,0,0,0,0,1,0,0,0,0,0,0,1,0,0,1,0,0,0,0,0,0,0,0,5,0,0,1,1,0,0,0,0,0,1,1,0,1,0,0,0,1,0,1,2,0,0,1,1,0,1,0,0,0,0,0,0,0,1,1,0,1,1,1,1,0,1,2,0,0,0,0,1,0,0,0,0,0,2,1,0,1,0,0,0,0,0,0,0,0,0,3,0,0,0,0,2,0,2,0,0,0,1,0,1,0,0,0,1,2,1,0,0,0,0,4,1,1,3,0,0,0,0,2,0,0,0,1,0,0,0,0,0,0,0,1,1,1,2,1,0,0,1,0,0,0,0,0,0,3,0,0,0,0,0,2,0,1,0,0,1,0,2,0,2,3,2,0,0,2,0,1,1,0,0,0,0,0,2,1,0,1,0,1,1,0,2,3,0,0,1,1,0,0,0,0,1,0,0,0,0,1,2,0,0,0,1,0,1,1,0,0,0,0,0,1,0,0,1,0,0,0,1,1,0,2,1,0,1,0,1,1,0,2,0,0,0,0,1,0,6,0,1,2,0,0,0,0,1,1,2,0,1,1,1,2,1,0,1,0,2,0,0,1,0,1,1,0,0,0,0,0,0,0,0,0,3,4,2,0,0,0,1,0,0,0,0,0,0,1,1,0,4,0,2,0,1,0,0,2,0,2,0,0,1,0,0,0,0,0,0,0,0,0,1,0,1,0,1,2,0,0,1,1,4,1,0,0,0,0,0,1,0,0,1,0,0,0,0,0,1,1,0,1,0,1,0,0,0,1,0,1,1,2,0,0,1,2,0,0,0,0,0,0,0,0,1,0,0,0,3,1,2,0,0,1,2,0,0,1,2,0,0,0,1,1,1,1,0,1,0,1,0,2,0,0,0,1,1,0,0,0,0,2,0,1,0,1,1,0,0,1,0,0,1,1,0,0,0,1,0,0,1,1,0,1,1,0,0,1,0,2,0,1,1,1,0,0
TRADD,0,0,0,0,0,0,0,0,0,0,0,0,0,0,1,0,0,0,0,1,0,0,0,0,0,1,0,0,0,0,0,0,0,0,0,1,0,0,1,0,0,1,0,0,0,0,0,0,0,0,0,0,0,0,0,0,0,0,0,0,0,0,1,0,0,1,1,0,0,0,2,1,0,0,0,0,0,1,1,3,1,1,0,0,0,0,1,0,1,1,1,1,1,0,0,0,0,0,0,0,0,0,0,1,0,0,0,0,0,0,2,0,0,0,1,0,0,0,0,0,0,0,0,0,2,1,1,0,0,0,0,0,0,0,1,0,0,0,0,0,0,0,1,1,0,0,0,0,0,0,1,0,0,0,0,0,0,1,0,0,0,0,0,0,0,2,0,2,0,0,1,0,3,0,0,0,0,1,0,0,0,0,2,0,1,1,0,0,2,0,0,0,1,0,0,0,1,0,0,0,0,0,0,0,0,1,0,0,0,0,0,1,0,0,0,0,0,0,1,0,0,0,0,0,0,0,0,0,1,0,0,0,1,0,0,1,0,0,1,0,0,0,0,0,0,1,0,0,0,0,0,0,0,0,0,0,1,0,0,0,0,0,0,1,0,0,0,1,0,0,0,0,0,1,0,1,2,0,1,1,0,1,1,0,0,0,0,0,0,0,0,0,0,0,0,1,0,0,0,0,0,0,0,0,0,0,0,0,0,0,0,0,0,0,0,0,1,2,0,1,0,0,0,0,0,0,0,0,0,0,0,3,0,0,0,0,1,0,3,0,0,1,2,0,0,0,1,0,4,0,0,0,3,0,2,1,1,0,0,0,0,0,0,0,0,1,1,0,0,0,0,0,0,0,1,1,0,0,0,0,0,0,0,0,0,0,0,0,0,0,1,0,0,0,0,0,1,1,0,0,0,0,0,0,0,1,1,0,2,0,0,0,1,0,0,0,1,0,0,1,0,1,2,0,0,1,0,0,0,0,0,0,0,0,0,0,0,1,0,0,0,0,0,0,0,1,0,0,0,2,1,0,0,0,0,0,1,0,1,1,0,0,0,0,0,1,0,0,1,1,0,0,0,0,0,0,0,0,0,0,0,0,1,1,0,0,0,0,1,0,0,0,1,0,0,0,0,0,0,0,0,0,0,0,0,1,0,0,0,0,0,2,0,1,0,0,0,2,0,0,0,0,0,0,0,0,0,0,0,0,0,0,1,0,0,0,0,2,0,2,1,1,0,0,0,0,0,1,0,0,3,1,0,1,1,0,0,1,1,2,0,1,0,0,0,0,0,0,0,1,1,1,0,0,0,1,0,1,0,1,0,0,0,0,0,0,0,0,0,0,0,0,0,0,0,0,0,0,1,0,1,0,0,0,1,2,0,1,0,0,0,0,0,1,0,0,1,0,0,0,5,0,0,0,0,1,0,0,1,0,0,0,0,0,0,0,0,1,1,0,0,0,0,0,0,0,1,2,0,0,0,0,0,1,0,0,0,0,0,0,0,0,0,0,0,1,0,0,0,0,0,0,0,0,0,1,0,0,0,0,0,0,3,0,0,1,0,0,0,3,0,0,1,1,0,0,0,0,0,0,0,1,1,0,0,0,0,0,0,0,1,0,0,0,0,0,0,2,0,0,0,0,0,0,0,1,0,0,0,0,1,0,0,0,0,0,0,1,0,0,0,0,0,2,1,0,0,1,0,0,1,0,0,0,0,1,0,0,1,0,1,0,0,0,0,0,0,0,0,0,0,1,0,1,0,0,0,0,0,0,0,1,0,0,0,0,0,0,1,1,0,1,0,0,1,0,0,0,1,0,0,1,0,0,0,0,2,0,0,0,1,0,0,0,0,0,0,2,0,0,0,0,0,0,0,1,0,0,0,0,1,0,0,0,0,1,0,2,0,0,0,1,1,0,2,0,0,0,0,1,0,0,0,0,0,0,0,0,0,0,0,0,1,1,0,0,0,1,0,0,0,0,2,0,0,0,0,0,2,1,2,0,0,0,0,0,0,0,1,0,0,0,0,0,1,1,0,0,1,0,0,0,0,0,0,0,0,0,0,0,0,0,0,1,0,0,0,0,0,0,0,0,0,0,1,1,1,0,0,2,0,1,0,0,0,0,1,0,0,0,0,0,0,0,0,1,0,0,0,0,0,0,0,0,0,0,0,0,0,0,1,0,0,1,0,0,0,0,0,0,0,0,0,0,0,0,0,0,0,0,2,0,0,0,0,0,0,0,0,0,0,0,0,0,0,3,0,0,0,0,0,0,1,0,1,0,0,0,0,0,0,1,0,0,0,0,0,0,0,0,0,0,0,1,0,1,0,0,0,1,1,2,0,0,0,0,0,0,0,0,0,0,0,0,0,1,0,0,0,0,0,0,0,0,0,0,0,1,1,0,1,0,1,1,0,0,0,0,0,1,0,1,0,0,0,0,1,0,0,0,1,0,0,0,0,0,0,0,0,0,0,0,0,1,0,0,0,0,1,0,1,3,0,0,0,0,0,0,0,0,0,1,0,4,0,0,0,0,0,0,0,0,1,0,0,0,0,0,0,0,0,0,0,0,0,0,0,0,0,1,1,0,0,1,0,0,0,0,1,0,0,0,0,0,0,0,0,0,0,2,1,0,0,1,0,0,1,0,0,0,0,0,0,0,0,1,0,0,0,0,0,1,0,0,0,0,1,0,0,1,0,0,0,0,0,0,0,0,0,0,0,0,0,0,0,3,0,0,0,1,0,0,0,0,1,1,0,0,0,0,1,0,0,0,0,0,1,0,0,0,0,0,0,0,0,0,0,1,0,0,2,0,0,0,0,0,0,1,0,1,1,0,0,0,0,0,0,0,0,0,0,0,0,0,0,0,0,0,1,0,0,0,1,0,0,0,0,0,0,0,0,1,1,0,1,1,0,0,0,3,0,0,0,0,0,0,0,0,0,0,0,0,0,0,0,2,0,1,1,0,0,0,0,0,1,0,0,0,0,0,0,0,0,0,0,0,0,1,0,0,0,0,0,0,0,0,0,0,2,0,1,0,2,0,0,0,1,0,1,0,2,0,0,0,1,0,0,0,0,0,0,0,1,0,0,1,1,1,0,1,0,0,0,0,1,0,0,0,0,0,0,1,0,0,0,0,0,0,1,1,0,0,0,0,0,1,0,0,0,0,0,0,0,0,2,0,0,0,1,0,0,0,0,0,0,1,0,0,0,0,0,0,0,2,0,1,0,0,0,1,0,1,0,0,0,1,0,0,0,0,0,0,2,0,0,1,0,0,0,0,0,0,0,0,1,0,0,1,0,1,0,0,0,1,0,0,0,0,0,0,0,0,0,0,2,0,0,0,1,0,0,0,0,0,0,0,0,0,0,1,0,2,0,1,0,0,1,0,0,0,0,0,0,1,1,0,0,0,0,0,1,0,2,0,0,1,0,1,0,1,1,0,0,0,0,0,0,1,1,1,0,0,0,0,0,0
NFKBID,0,0,0,0,0,0,0,1,0,0,1,0,0,0,0,0,0,0,0,0,0,0,1,1,0,0,0,0,0,0,0,0,0,0,0,0,0,0,0,0,0,1,0,0,0,0,0,0,0,0,0,0,0,0,0,0,0,0,0,0,1,0,0,0,0,0,0,0,0,0,0,0,0,0,0,0,0,0,0,2,1,0,0,0,0,1,0,0,0,0,0,0,0,0,0,0,0,0,0,0,0,0,0,0,0,0,0,0,0,0,0,0,1,0,0,0,0,0,0,0,0,0,0,0,0,0,0,0,0,0,0,0,0,0,0,0,1,0,1,0,0,0,1,0,1,0,0,0,0,0,0,0,0,0,0,0,0,1,1,0,0,0,0,0,0,1,0,0,0,0,0,0,0,0,0,0,0,0,0,0,0,0,0,0,0,1,0,0,0,0,0,0,0,0,0,1,0,1,0,0,0,0,0,2,0,0,1,0,0,0,0,0,0,0,0,0,0,0,1,0,0,0,0,0,0,0,0,0,1,0,0,0,0,0,0,0,0,1,0,2,0,0,0,0,0,0,0,0,0,0,0,1,0,0,0,0,0,0,1,0,0,0,0,0,0,0,0,0,0,0,0,0,0,0,0,0,0,0,0,1,0,0,0,0,1,0,0,0,0,0,0,0,0,0,0,0,0,0,0,0,0,0,0,0,0,0,0,0,0,0,0,0,0,0,0,0,0,0,1,0,0,0,0,0,0,0,0,1,0,0,0,2,1,0,0,0,0,0,1,0,0,0,0,0,0,0,0,0,0,1,0,0,0,0,0,0,0,0,0,0,0,1,0,0,0,0,2,0,0,0,0,1,0,0,0,0,0,0,0,1,0,0,0,0,0,1,0,0,0,0,0,1,0,0,0,0,0,0,0,1,0,0,0,0,1,0,0,0,0,0,0,0,0,0,0,0,0,0,0,0,0,0,0,0,0,0,0,0,0,0,0,0,0,0,0,0,1,0,0,0,0,0,0,0,0,0,0,0,0,0,0,0,0,1,1,0,0,0,0,0,0,0,0,0,2,1,0,0,0,0,1,0,0,0,0,0,1,0,0,0,0,0,0,0,0,0,0,1,0,0,0,0,0,2,0,0,0,0,0,0,0,0,0,0,1,0,0,0,0,0,0,0,1,0,0,0,0,0,0,0,0,0,0,1,0,0,0,1,1,0,0,0,0,0,0,1,0,1,0,0,0,0,0,0,0,0,0,0,0,0,0,0,0,0,0,0,0,0,0,0,0,0,0,0,0,0,0,0,0,1,0,0,0,0,0,0,0,1,0,0,0,0,0,0,0,0,1,0,1,0,0,0,0,0,0,1,0,0,0,0,0,0,0,1,0,1,0,0,0,0,0,0,0,0,0,0,0,0,1,0,1,0,0,0,0,0,1,0,0,0,2,0,0,0,0,0,0,0,0,1,0,0,0,0,0,0,0,0,0,1,0,0,0,0,0,1,0,0,0,1,0,1,1,0,0,0,0,0,0,0,0,0,0,0,0,0,0,1,0,0,0,0,0,0,0,0,0,0,0,0,0,0,0,0,0,0,0,0,0,0,0,0,1,0,0,0,0,0,0,5,0,0,0,0,0,0,0,0,0,0,0,0,0,0,0,0,0,0,0,0,0,0,0,0,0,0,0,0,0,0,0,0,0,0,1,0,0,0,0,0,0,0,0,0,0,0,1,0,0,0,0,0,0,0,1,0,0,0,0,1,0,0,0,1,0,0,0,0,0,0,0,0,0,0,0,0,0,0,0,1,0,0,0,0,0,0,0,0,0,0,0,0,0,0,0,0,0,0,0,0,0,0,0,0,0,1,0,0,0,0,0,0,1,0,0,0,0,0,0,0,0,0,1,0,0,0,0,1,0,0,1,0,0,0,0,1,0,0,0,0,0,0,0,0,0,0,0,0,2,0,0,0,0,0,1,0,0,1,0,0,0,0,0,0,0,0,0,0,0,0,0,0,0,0,0,0,0,0,0,0,0,0,0,0,0,0,0,0,0,0,1,0,0,0,0,0,0,0,0,3,0,1,0,0,0,0,0,0,0,1,0,0,1,0,0,0,0,0,0,0,0,0,0,1,0,0,0,0,0,0,0,0,1,0,0,0,0,0,0,0,0,0,0,0,0,0,0,0,0,0,0,0,0,3,0,0,0,0,0,0,0,0,0,0,0,0,1,0,0,0,0,0,0,0,0,0,0,0,0,1,0,0,0,0,0,0,0,0,0,0,0,0,1,0,0,0,0,0,0,1,0,0,0,0,0,0,1,0,0,0,0,0,0,0,0,0,0,0,0,0,0,0,0,0,0,1,1,0,0,0,0,0,0,0,0,0,0,1,0,0,1,0,0,0,0,0,0,0,0,0,0,0,1,0,0,0,0,0,0,0,0,0,0,0,0,0,0,0,0,1,0,0,0,0,0,0,0,0,1,0,0,0,0,1,0,2,0,0,0,0,0,0,0,0,0,0,0,0,0,0,0,0,0,0,2,0,0,1,0,0,0,0,0,0,0,0,0,0,0,0,1,0,0,1,0,0,0,0,0,0,0,0,0,0,0,0,0,0,0,0,0,0,0,1,0,0,0,1,0,0,0,0,0,0,0,0,0,0,0,0,0,0,0,0,0,0,0,0,0,0,0,0,0,0,0,0,1,0,0,0,0,0,0,0,0,0,0,0,1,0,0,0,0,0,0,0,1,0,0,0,0,0,0,0,0,0,0,0,0,0,0,0,0,0,0,0,0,0,0,0,0,0,0,0,0,0,0,0,0,0,0,0,0,0,0,0,0,0,0,0,0,0,0,0,0,0,0,0,0,0,1,0,0,0,0,1,0,0,0,0,0,0,0,0,0,0,0,0,0,0,0,0,1,0,1,0,0,0,0,2,0,0,0,0,0,0,0,0,0,0,0,1,0,0,1,0,0,0,0,0,1,0,0,0,0,0,2,0,0,0,0,0,0,0,0,0,0,0,0,0,0,0,1,1,0,0,0,0,0,0,0,0,0,0,0,2,0,0,0,0,0,0,0,0,0,1,0,0,0,0,0,0,0,0,0,0,0,0,0,0,1,0,0,0,1,0,1,0,1,1,0,0,0,0,0,0,0,0,0,0,1,0,0,0,0,1,0,0,1,1,0,0,0,0,0,0,0,0,0,0,0,0,1,0,0,0,0,0,1,0,0,0,0,0,0,1,0,0,0,0,0,0,0,0,0,0,0,0,0,0,0,0,0,0,0,0,0,0,0,0,1,0,0,0,0,0,1,1,0,0,0,0,0,0,0,0,0,0,0,0,0,0,1,0,2,0,0,1,0,1,0,0,0,0,0,0,0,0,1,0,0,0,0,0,0,0,0,2,0,0,0,0,0,0,0,0,0,0,0,0,0,0,0,0,0,0,0,0,0,0,0,0,0,0,0,1,0,1,0,0,0,1,0,0,0,0
SERINC5,0,0,1,0,0,0,0,0,0,0,0,0,0,0,0,0,0,0,0,0,0,0,0,0,0,0,0,0,0,0,0,0,0,0,0,0,2,3,0,1,0,0,0,0,0,0,0,0,0,0,1,0,0,0,0,0,0,0,1,0,0,0,0,0,0,0,1,0,0,0,0,0,0,1,0,0,0,0,0,0,0,0,0,0,0,2,0,0,0,0,0,0,0,0,0,1,0,0,0,0,0,0,0,1,0,0,0,0,0,0,0,0,0,0,0,1,0,1,0,0,0,0,0,0,1,0,0,0,0,0,0,0,0,0,0,0,0,0,0,0,0,0,0,0,0,0,0,0,0,0,0,0,0,0,0,0,0,0,0,0,1,0,0,0,0,2,2,0,0,2,0,0,1,1,0,0,0,0,1,1,1,0,0,0,0,0,0,2,1,0,1,0,0,0,0,0,0,0,0,0,0,0,0,0,2,0,0,0,0,0,0,0,0,0,0,0,0,0,0,0,0,0,0,0,0,0,0,0,0,1,1,0,0,0,0,2,0,0,1,0,1,0,0,0,0,2,0,0,1,1,0,1,0,0,0,0,1,0,0,0,1,0,0,0,1,0,0,1,1,0,0,1,0,0,0,0,0,0,0,0,0,0,1,1,0,0,1,0,0,0,0,0,0,0,0,0,0,0,0,0,0,0,0,0,0,0,0,0,0,0,0,0,0,1,0,0,0,0,0,0,0,0,0,0,0,0,0,1,0,0,0,0,1,0,0,0,0,0,0,0,0,0,0,0,0,0,0,0,2,0,0,0,1,0,0,0,0,1,0,0,0,0,0,0,0,0,0,0,0,2,0,0,0,0,0,0,0,1,0,0,0,0,0,0,0,0,0,1,0,0,0,0,0,0,0,0,0,0,0,0,0,0,0,0,0,0,1,1,0,0,0,1,0,0,0,0,0,0,1,0,0,0,0,0,0,0,1,0,0,1,0,1,0,0,0,0,0,0,0,0,0,0,0,0,0,1,0,0,0,0,0,0,1,0,0,0,0,1,0,0,0,2,0,0,0,0,0,0,0,1,1,0,0,0,0,0,0,0,0,0,1,0,0,1,0,1,0,0,0,1,1,1,0,0,0,0,1,1,0,0,0,0,0,0,2,0,0,0,0,1,0,0,0,0,0,0,0,1,0,0,1,0,1,1,0,0,0,0,0,0,0,0,0,0,0,0,0,0,0,1,0,0,0,0,0,1,0,0,0,0,1,1,0,0,0,0,0,0,0,0,0,0,0,0,1,4,0,0,0,0,2,0,0,0,0,0,0,0,0,0,0,0,0,0,0,1,0,0,0,0,0,0,0,0,0,0,1,0,0,0,0,0,0,0,1,1,0,0,0,0,0,0,0,0,0,1,0,0,1,0,4,0,0,0,0,0,0,1,0,0,0,0,0,0,0,0,0,1,0,0,0,0,1,0,0,0,0,0,1,0,0,0,1,0,0,0,0,0,0,0,0,0,0,0,0,0,0,0,0,0,2,0,1,0,1,0,0,0,1,2,0,0,1,0,0,0,0,0,0,0,0,0,0,0,1,1,0,0,0,0,0,0,0,0,0,0,1,0,1,0,0,0,0,1,0,0,1,0,0,0,0,0,0,0,0,0,0,0,0,0,0,0,0,0,0,1,0,0,0,0,0,0,0,0,1,0,0,0,0,0,0,0,1,1,0,0,1,0,0,1,0,0,0,0,0,0,1,0,3,0,0,2,1,0,0,0,0,0,0,0,0,0,0,0,0,0,0,0,3,0,1,0,1,0,0,0,0,0,0,0,0,0,0,0,0,0,1,0,0,0,0,0,0,0,0,0,0,0,0,0,0,0,0,0,0,1,1,0,0,0,0,0,0,0,1,0,0,1,0,0,0,1,0,0,1,0,0,0,0,0,0,0,0,0,0,0,0,0,0,0,1,0,0,0,0,0,0,0,0,0,0,0,0,0,0,0,0,0,0,0,0,0,0,0,0,1,0,0,1,0,0,0,0,0,0,1,0,1,0,0,0,1,1,0,2,0,0,0,0,0,0,0,0,0,0,0,0,0,0,0,1,0,0,0,0,0,0,1,0,3,0,0,0,0,0,0,1,0,0,0,0,1,0,0,0,0,0,0,0,0,0,1,0,0,0,1,0,0,0,0,0,0,0,0,0,0,0,0,0,0,0,0,0,0,1,0,0,0,0,4,0,0,0,1,0,2,2,1,0,0,0,0,2,0,0,0,0,0,0,0,0,0,0,0,1,0,0,1,0,0,0,0,0,0,1,1,0,0,0,0,0,0,1,0,0,0,1,0,0,1,0,0,0,0,0,0,0,2,0,0,1,0,0,0,0,0,1,0,1,0,0,1,0,1,0,1,0,1,0,0,0,0,0,0,0,0,0,0,0,1,0,1,0,0,0,1,1,0,0,1,0,0,0,1,0,0,0,0,0,0,0,0,0,0,1,0,0,0,1,0,2,0,0,0,0,1,0,1,1,0,0,0,0,1,0,1,0,0,0,0,0,0,0,0,0,0,0,0,0,0,0,0,0,0,0,0,0,0,0,0,0,0,0,0,2,0,0,0,0,0,0,0,0,1,0,0,0,0,0,0,1,1,0,0,0,1,0,1,0,0,0,0,1,0,0,0,0,0,0,0,1,0,0,0,0,0,0,0,0,0,0,0,1,0,0,0,0,0,0,1,0,1,0,0,0,1,0,1,1,0,0,0,0,0,0,1,0,0,0,0,1,0,0,0,0,0,0,0,0,0,0,0,2,0,0,0,0,0,0,0,1,1,0,0,0,0,0,0,0,0,0,2,0,0,0,3,0,0,2,1,0,3,0,0,0,0,0,0,0,0,0,1,0,0,0,0,0,0,1,1,0,1,0,3,1,0,0,0,0,0,0,0,1,0,0,0,0,1,0,1,0,0,0,1,0,0,0,1,1,0,0,1,1,0,1,0,0,0,0,0,1,0,0,0,0,1,0,0,0,0,1,0,0,0,0,0,0,0,2,0,1,0,0,0,0,0,0,1,0,1,0,0,0,0,0,1,0,0,0,0,0,0,0,0,0,0,0,1,0,0,0,0,0,0,0,0,0,0,0,0,0,0,0,0,0,0,0,0,1,0,0,0,0,0,0,0,0,0,0,0,1,0,0,1,0,0,0,1,0,0,0,0,2,0,0,0,0,0,0,0,0,0,0,1,3,0,1,1,0,0,0,0,0,0,0,0,1,0,0,0,0,0,0,0,0,0,0,0,0,0,2,2,0,0,0,0,0,0,0,0,2,0,0,0,0,0,0,0,1,0,0,0,0,0,1,0,1,0,0,1,0,1,0,0,1,1,0,0,0,0,0,2,1,0,0,0,0,0,0,0,0,0,0,0,0,2,0,0,0,0,0,0,0,1,0,0,0,3,0,0,1,0,0,0,0,0,0,0,0,0,1,1,0,0,1,0
ZNF600,0,0,0,1,0,0,0,0,0,0,0,0,0,1,0,0,0,0,0,0,0,0,0,0,0,0,0,0,0,1,0,0,1,0,1,0,0,0,0,0,0,0,0,0,0,0,0,0,0,0,0,0,0,1,1,0,1,0,0,0,0,0,0,0,0,0,0,0,0,0,0,0,0,0,0,0,1,0,0,0,0,0,0,0,1,0,0,0,1,0,0,0,0,0,0,0,0,0,0,0,0,0,0,0,0,0,0,2,0,0,0,0,0,1,0,0,0,0,0,0,0,0,0,0,0,0,0,0,0,0,0,0,0,0,0,0,0,0,0,1,0,0,0,0,0,2,0,0,0,0,0,1,0,0,0,0,0,0,0,0,0,0,0,0,1,1,0,0,0,0,0,0,1,0,0,0,0,0,0,0,0,0,0,0,0,0,0,0,0,0,0,0,0,0,1,0,0,0,0,1,0,0,0,0,0,0,0,0,0,0,0,0,0,0,0,0,0,0,0,0,0,0,1,0,0,0,0,0,0,0,0,0,0,0,0,0,1,0,0,0,0,0,0,0,0,0,0,0,0,0,0,1,0,0,0,0,0,0,0,0,1,0,0,0,0,0,0,0,0,0,2,0,0,0,0,0,0,0,0,0,0,0,0,0,1,0,0,0,0,0,0,0,0,1,0,0,0,0,0,0,0,0,0,0,0,0,0,0,0,0,0,0,0,0,0,0,0,0,0,0,0,1,0,0,0,0,0,0,0,0,0,0,0,0,0,0,0,0,0,0,0,0,0,0,0,0,0,0,0,0,0,0,0,0,0,0,0,0,0,0,0,0,0,0,1,0,0,0,0,0,0,0,0,0,0,0,0,0,0,0,0,0,0,0,0,0,0,0,0,0,0,0,0,0,0,0,0,0,0,0,0,0,1,0,0,0,0,0,0,0,0,0,0,0,0,0,0,0,0,0,0,0,0,1,0,0,0,0,0,0,0,0,0,0,0,0,0,0,0,0,1,1,0,0,0,0,1,0,2,0,0,0,0,0,0,0,0,0,0,0,0,0,0,0,0,0,0,0,0,0,1,0,0,0,0,0,0,0,1,0,0,0,0,0,0,0,0,0,0,0,0,0,0,0,0,0,0,0,0,2,0,0,0,0,0,0,0,0,0,0,0,0,0,0,0,0,1,0,0,0,0,0,0,0,0,0,0,0,0,0,0,0,0,0,0,0,0,0,0,1,0,0,0,0,0,0,0,0,0,0,1,0,0,0,0,0,0,0,0,0,1,0,0,1,0,0,0,0,0,0,0,0,0,0,0,0,0,0,0,0,0,0,0,0,0,0,0,0,0,1,0,0,0,0,0,0,0,0,0,0,0,0,0,0,0,0,0,1,0,0,0,0,0,0,0,0,0,0,0,0,0,0,0,0,0,0,0,0,0,0,0,1,0,0,0,0,0,0,0,0,0,0,0,0,0,0,0,0,0,0,1,0,0,0,0,0,0,0,0,0,0,1,0,0,0,0,0,0,0,0,1,0,0,0,2,0,0,0,0,0,0,0,0,0,0,0,0,0,0,0,0,0,0,0,0,0,0,0,0,0,0,0,0,0,0,0,0,0,0,0,0,0,0,0,0,0,0,0,0,0,0,0,0,0,0,0,0,0,0,1,0,0,0,0,0,0,0,0,0,0,0,0,0,0,0,1,0,0,0,0,0,0,0,0,0,0,0,0,1,0,0,0,0,0,0,0,0,0,0,0,0,0,0,0,0,1,0,0,0,0,0,0,0,0,0,0,0,0,0,0,0,0,0,0,0,0,0,1,0,1,0,0,0,0,0,0,0,0,1,0,0,0,0,0,0,0,0,0,0,2,0,0,0,0,0,0,0,0,0,0,0,0,0,0,0,0,0,0,0,0,0,0,1,0,0,0,0,0,2,0,0,0,0,0,0,0,0,0,0,0,0,0,1,0,0,1,0,0,0,0,1,0,0,0,0,0,0,0,0,0,0,0,0,0,0,0,0,0,0,0,0,0,0,0,0,1,0,0,0,0,0,0,0,0,0,0,0,0,0,0,0,1,0,0,0,0,0,0,0,0,0,0,0,0,0,0,0,0,0,1,0,0,0,0,0,0,0,0,0,0,0,0,0,0,0,0,0,0,0,0,0,0,0,0,0,0,1,0,0,0,0,0,0,1,0,0,0,0,1,0,0,0,0,0,0,0,1,0,0,0,0,0,0,0,0,0,0,0,0,0,0,0,0,0,1,0,0,0,0,0,0,0,0,0,0,0,0,0,0,0,0,1,0,0,0,0,0,0,0,0,0,0,0,0,0,0,0,0,0,0,1,0,0,0,0,0,0,0,0,0,0,0,0,0,0,0,0,0,0,0,0,0,0,0,0,0,0,0,0,0,0,0,0,1,0,0,0,0,0,0,0,0,1,0,0,0,0,0,0,0,1,0,0,0,0,0,0,0,0,0,0,0,0,1,0,0,0,0,0,0,0,0,1,0,0,0,0,0,0,0,0,0,1,0,0,0,0,0,0,0,0,0,0,0,0,0,2,0,0,0,0,0,0,1,0,0,0,0,0,0,0,0,0,1,0,0,0,0,0,1,0,0,0,0,0,1,0,0,0,0,0,0,0,0,0,0,0,0,0,1,0,0,0,0,0,1,0,0,1,0,0,0,0,0,0,0,0,0,0,0,0,0,0,0,0,0,0,0,0,0,0,0,0,0,0,0,0,0,0,0,0,0,0,0,0,0,0,0,0,0,0,0,0,0,0,0,0,1,0,0,0,0,0,0,0,0,0,0,0,0,0,0,0,0,0,0,0,0,0,0,0,0,0,0,0,0,0,0,0,0,1,0,0,0,0,0,0,0,0,0,0,0,1,0,0,0,0,0,0,0,0,0,0,0,0,0,0,0,0,0,0,0,0,0,0,0,0,0,0,0,0,0,0,0,0,0,0,0,0,0,0,0,0,0,0,0,0,0,0,0,0,0,0,0,0,0,0,0,0,0,0,0,0,0,0,0,0,0,0,0,0,1,0,0,0,0,0,0,0,0,0,0,0,0,0,0,0,1,0,0,0,0,0,1,0,0,0,0,0,0,0,0,0,0,0,0,0,0,0,0,2,0,0,0,0,0,0,1,0,0,0,0,0,0,0,0,0,0,0,0,0,0,0,0,0,1,1,0,0,0,0,0,0,0,0,0,0,1,0,0,0,2,0,0,0,0,0,0,0,0,0,0,0,0,0,0,0,0,0,0,0,1,0,0,0,0,0,0,0,0,0,0,0,0,0,0,0,0,0,0,0,0,0,0,0,0,0,0,0,0,0,0,0,0,0,0,0,0,0,0,0,0,2,0,0,0,0,0,0,0,0,0,0,0,0,0,0,0,0,0,0,0,0,0,0,0,0,0,0,0,0,0,0,0,0,0,0,0,0,0,0,0,0,0,0,0,0,0,0,0,0,0,0,0,0,0
CD55,1,0,0,0,0,0,1,0,0,0,1,0,2,1,0,0,0,0,0,0,0,0,2,0,1,0,1,0,0,1,1,0,1,1,0,0,0,0,0,0,0,0,0,0,0,0,0,0,1,0,0,0,0,0,1,0,0,0,0,1,1,0,0,1,0,0,0,0,0,0,0,0,0,0,0,0,0,1,0,2,1,0,0,0,1,1,0,0,0,1,0,0,0,1,1,2,0,0,1,0,0,0,0,0,0,0,0,0,0,1,0,0,0,1,0,2,0,2,0,1,0,0,2,0,0,0,1,0,0,1,0,1,0,2,0,0,0,0,0,0,1,0,0,1,1,0,1,2,0,0,2,0,0,0,0,1,0,0,0,2,0,0,0,0,0,1,0,0,0,2,0,0,0,1,2,0,0,1,0,0,1,0,0,2,0,1,0,1,0,0,0,3,0,0,0,1,0,0,0,1,0,0,0,1,0,0,1,0,0,0,0,0,0,0,0,0,0,0,0,0,0,1,0,1,0,0,0,0,0,0,0,2,0,1,2,0,0,0,1,1,2,0,1,0,0,1,0,1,2,0,0,0,0,0,1,0,0,0,0,0,0,0,1,0,0,0,0,0,1,0,0,0,2,0,0,0,0,0,2,0,1,1,1,0,0,0,1,0,0,1,0,0,0,0,0,0,1,1,1,0,1,0,0,0,1,0,2,0,1,0,1,0,0,0,0,1,0,0,1,0,0,0,0,0,0,0,0,3,1,0,0,2,0,0,0,0,0,1,1,1,0,0,1,1,0,0,0,0,1,1,0,0,0,1,0,0,0,2,4,1,0,0,0,1,0,1,0,0,0,0,0,0,1,0,0,2,0,0,0,1,0,0,1,0,0,0,0,3,0,0,0,1,0,1,0,0,0,0,0,0,0,1,0,0,2,0,0,0,0,0,0,0,0,1,0,1,0,1,1,2,0,0,0,0,2,0,0,0,0,0,1,0,0,0,2,0,1,0,0,1,1,2,2,0,0,0,0,0,1,0,0,0,0,0,1,1,1,0,2,0,0,1,1,1,1,0,0,0,1,0,0,0,0,0,1,0,0,0,0,0,0,0,0,1,0,0,0,0,1,0,0,0,0,0,1,0,0,1,1,0,1,1,0,0,2,1,0,3,0,0,0,0,0,1,0,0,0,0,0,0,0,0,2,1,0,0,0,0,1,0,0,0,0,0,1,1,0,1,0,0,0,0,0,1,0,0,0,0,0,1,0,0,2,0,0,0,0,1,0,0,0,2,0,0,0,0,0,2,0,2,2,0,0,1,2,1,0,0,1,0,0,0,0,0,0,0,0,0,1,0,0,1,0,0,1,0,0,0,0,0,0,3,0,0,0,3,1,0,0,0,2,0,0,2,1,0,0,0,2,1,0,0,0,0,1,0,2,1,1,1,1,0,0,1,0,0,0,1,1,4,0,1,0,0,0,1,1,0,0,0,1,0,0,1,0,0,1,0,2,0,0,1,0,0,0,0,0,0,0,0,0,1,0,0,0,0,1,2,0,0,0,3,1,0,0,0,0,0,1,0,0,0,1,0,1,0,0,0,1,0,0,0,2,0,0,1,0,0,0,1,0,0,0,0,1,2,0,0,1,0,0,1,0,0,0,1,1,3,0,0,0,0,0,0,0,1,0,0,0,1,0,0,1,0,0,0,1,0,0,0,0,1,0,0,1,0,0,2,0,0,1,0,1,1,2,1,0,0,0,2,0,0,0,0,0,0,2,0,1,1,1,0,0,0,0,1,0,0,0,0,0,2,0,1,0,0,0,0,1,1,1,0,0,0,0,0,0,0,0,0,2,1,0,0,0,0,0,0,0,0,0,0,1,0,0,0,0,0,0,0,0,0,2,1,0,0,0,1,0,0,0,0,0,0,0,2,0,1,0,1,0,0,1,0,0,0,0,1,2,0,0,0,1,0,1,0,1,0,0,0,0,1,2,0,0,0,0,1,0,0,0,0,0,0,2,0,0,0,0,0,1,1,1,0,0,2,0,2,0,0,0,0,1,0,0,0,0,0,2,0,3,0,0,0,1,0,0,0,0,1,1,2,0,0,0,0,0,0,0,0,1,1,1,1,1,0,0,0,0,0,1,0,0,0,2,0,0,1,0,0,0,1,0,0,0,0,0,0,1,0,0,0,0,0,2,0,1,0,1,0,0,3,0,0,0,0,0,1,1,0,0,0,0,1,1,0,0,0,0,1,0,0,2,0,0,0,0,0,1,0,0,1,1,0,0,0,1,0,1,0,1,0,0,0,1,0,2,1,2,1,2,0,0,0,0,0,0,0,0,1,1,1,0,1,0,1,1,1,4,0,1,0,0,0,0,0,0,0,0,0,1,0,1,0,0,0,1,0,0,1,1,0,1,0,0,0,1,0,0,0,1,0,0,1,0,0,1,2,0,1,0,0,1,0,0,0,2,0,0,0,0,0,0,1,0,0,0,0,0,0,1,0,0,0,0,0,0,0,1,0,0,0,2,1,1,1,0,0,1,0,0,0,2,0,1,0,0,0,0,1,0,0,1,0,0,0,0,0,2,0,0,1,0,0,0,1,0,0,0,0,1,0,0,2,1,0,0,0,0,0,0,0,0,0,0,0,0,0,0,1,0,0,0,0,1,0,1,0,0,1,0,2,3,1,0,0,0,0,1,2,0,1,0,0,1,0,0,0,4,0,0,1,0,0,0,0,0,1,0,0,2,0,0,2,0,0,0,0,0,0,0,1,0,0,2,0,1,0,3,0,0,0,2,0,0,1,0,0,2,1,0,1,0,2,1,0,0,0,0,0,1,0,0,1,1,1,1,1,1,0,0,1,3,0,0,1,0,1,0,1,0,0,0,0,0,2,0,0,0,0,0,0,0,1,0,0,1,0,1,2,0,0,0,0,0,0,1,0,0,0,0,0,0,0,0,0,0,0,0,0,0,0,1,0,0,1,2,0,0,0,1,1,0,0,0,0,0,0,1,1,0,0,0,1,0,1,0,0,0,0,1,0,0,0,0,0,0,1,0,0,0,0,0,0,0,0,0,0,0,0,0,2,1,0,0,0,0,0,0,0,0,0,0,2,0,1,0,0,0,0,0,0,0,0,0,0,0,0,0,0,1,0,0,1,0,0,0,0,0,1,0,0,0,1,1,1,0,0,0,0,0,0,2,0,0,0,0,0,0,0,0,0,1,0,0,0,1,0,0,0,1,0,0,0,1,0,0,0,2,0,0,0,0,1,1,0,0,0,0,0,2,1,1,0,0,0,2,0,2,0,0,0,0,0,1,1,0,1,0,1,0,0,0,0,3,0,0,0,1,1,0,0,0,0,0,2,0,2,0,1,0,0,0,0,0,0,0,4,1,0,0,0,0,0,0,1,0,0,0,0,1,0,0,1,0,0,1,0,0,0,1,0,1,0,1,0,0,0,0,1,1,0,0,0,1,1
CEP78,0,0,0,0,0,0,0,0,0,0,0,0,0,0,0,0,0,0,0,0,0,0,0,0,0,0,0,0,0,0,0,0,0,0,0,0,0,0,0,0,0,0,0,0,0,0,0,0,0,0,0,0,0,0,0,0,0,0,0,0,0,0,0,0,0,1,0,0,0,0,0,0,0,0,0,0,0,0,0,0,1,0,0,0,0,0,0,0,0,1,0,0,0,0,0,0,0,0,1,0,0,0,0,0,0,0,0,0,0,1,0,0,0,0,0,0,0,0,0,1,0,0,0,0,0,0,0,0,0,0,0,0,0,0,0,0,0,0,0,0,0,0,0,0,0,0,0,0,0,1,0,0,0,0,0,0,0,0,0,0,0,0,0,0,1,0,0,0,0,0,0,0,1,0,1,0,0,0,0,1,0,0,0,0,0,0,0,1,0,0,1,0,0,0,1,0,0,1,0,0,0,0,0,0,0,0,0,0,0,0,0,0,1,0,1,0,1,0,1,0,0,0,0,0,0,0,0,0,0,0,1,0,0,0,0,0,0,0,0,0,0,0,0,0,0,0,0,0,0,0,0,0,0,0,0,0,0,0,0,0,0,0,0,0,0,0,0,0,0,0,0,0,0,0,0,0,0,0,0,0,0,0,0,0,0,0,0,0,0,0,0,1,0,0,0,0,0,0,0,0,0,0,0,0,0,0,0,0,0,0,0,0,0,0,0,0,0,0,0,0,0,0,0,0,0,0,0,0,0,0,0,0,0,0,0,0,0,0,0,1,0,1,0,0,0,0,0,0,0,0,0,0,0,0,1,0,0,0,0,0,0,0,0,0,0,0,0,0,0,0,0,0,0,0,0,0,0,0,0,0,0,0,0,0,0,0,0,1,0,0,0,0,1,0,0,0,0,0,0,0,0,0,0,1,0,0,0,0,1,0,0,0,0,0,0,0,0,0,0,0,0,0,0,1,0,0,0,0,0,0,0,0,0,0,0,0,0,0,0,0,0,0,0,0,0,0,0,0,0,0,0,0,0,0,0,0,0,1,0,0,2,0,0,0,0,0,0,0,0,0,0,0,1,0,0,0,0,0,0,0,0,0,2,0,0,0,0,0,0,0,0,0,1,0,0,0,0,0,0,0,0,0,0,0,0,0,0,0,0,0,0,1,0,0,0,0,0,0,0,0,0,0,0,0,0,0,0,0,0,0,0,0,0,1,0,0,3,0,0,0,0,0,0,1,0,2,0,0,0,0,1,0,0,0,0,0,0,0,0,0,0,0,0,0,0,0,0,0,0,0,0,0,0,0,0,0,0,0,0,0,0,0,0,0,0,0,0,0,0,0,0,0,1,0,0,0,0,0,0,1,0,0,0,0,0,0,0,0,0,0,0,0,0,0,0,0,0,0,0,0,1,0,0,0,0,0,0,0,0,0,0,0,0,0,0,0,0,0,0,0,0,0,0,0,0,0,0,0,0,0,0,0,0,0,0,0,0,0,0,0,0,0,0,0,0,0,0,0,0,0,0,0,0,0,1,0,0,0,0,0,0,0,0,0,0,0,0,0,0,1,0,0,0,0,0,0,0,0,0,0,0,0,0,0,0,0,0,0,0,0,0,0,0,0,0,0,0,0,0,0,0,0,0,0,0,0,0,1,0,0,0,0,0,0,1,0,0,0,1,0,0,0,0,0,0,0,0,0,0,0,0,0,0,0,0,0,0,0,0,0,0,1,0,0,0,0,0,0,0,0,0,0,0,0,0,0,1,0,0,0,0,0,0,0,0,0,1,0,0,0,0,0,0,0,0,0,0,1,0,0,1,0,0,0,0,0,0,0,0,0,0,0,0,0,0,0,0,0,0,0,0,0,0,0,0,0,0,0,0,0,0,0,0,0,0,0,0,0,0,0,0,0,2,0,0,0,0,1,0,0,0,0,1,0,0,0,0,0,0,0,0,1,0,0,0,0,0,0,0,0,0,0,0,0,0,0,0,0,0,0,0,0,0,0,0,0,0,0,0,0,0,0,0,0,0,0,0,0,0,0,0,1,0,0,0,0,0,0,0,0,0,1,0,0,0,0,0,0,0,0,0,0,0,0,0,0,0,0,0,0,0,0,0,0,0,0,0,0,0,0,0,0,0,0,0,0,1,0,0,0,0,0,0,0,0,0,0,0,0,0,0,0,0,2,0,0,0,0,0,0,0,0,0,0,0,0,0,0,0,0,0,0,0,1,0,0,0,0,0,0,0,1,0,4,0,0,0,0,0,0,0,0,0,0,1,0,0,0,0,0,0,0,0,0,0,0,0,0,0,0,0,0,0,0,0,0,0,0,0,0,1,0,0,0,0,0,0,0,0,0,1,0,1,0,0,1,0,0,0,0,0,0,0,0,1,0,0,0,0,0,0,0,0,0,0,0,0,0,0,0,0,0,0,0,0,0,0,0,0,0,0,0,0,0,0,0,0,1,1,0,0,0,0,0,0,0,0,0,0,0,0,0,0,0,0,1,0,0,0,0,0,0,0,0,0,0,0,0,0,0,0,0,0,1,0,0,0,0,0,0,0,0,0,0,0,0,0,0,0,0,0,0,0,1,1,0,0,0,0,0,0,0,0,0,0,0,0,0,0,0,0,0,0,0,0,0,0,0,0,0,0,0,0,0,0,1,0,0,0,0,0,0,0,0,0,0,0,0,0,0,0,0,0,0,0,0,0,0,0,1,0,0,1,0,0,0,0,0,0,0,0,0,0,0,0,1,1,0,0,0,0,0,0,0,0,0,0,0,0,0,0,0,0,0,0,0,0,0,0,1,0,0,0,0,1,0,0,0,1,1,0,0,0,0,1,1,0,0,0,0,0,0,0,0,1,0,0,0,0,1,0,0,0,0,0,0,0,0,0,0,0,0,0,0,0,0,0,1,0,0,0,1,0,0,0,0,0,0,0,0,0,0,0,0,0,0,0,0,0,0,0,0,0,0,0,0,0,0,2,0,0,0,0,0,0,0,0,0,0,0,0,0,0,0,0,0,0,0,3,0,0,0,0,0,0,0,0,0,0,0,0,0,0,0,0,0,1,0,0,0,0,1,0,0,0,0,0,0,0,0,0,0,0,0,0,0,0,0,0,0,0,0,0,0,0,1,0,0,0,0,0,0,0,0,0,0,0,0,0,0,0,0,0,0,0,0,0,0,0,0,0,0,0,0,0,0,0,0,0,0,0,1,1,0,0,0,0,0,0,0,0,0,1,0,0,0,0,0,0,0,0,0,0,0,0,3,0,0,1,0,0,0,0,1,0,0,0,0,0,0,0,0,0,0,0,0,0,0,2,0,0,0,0,0,0,0,0,0,0,0,0,0,1,0,0,0,0,0,0,0,0,1,0,0,0,0,0,1,0,0,0,0,0,0,0,0,0,0,0,0,0,0,0,0,1,1,0,0,0,0,0,0,0,0,0,0,0,0,0,0,0,0,0,0,0,0
PLEKHA2,0,0,0,0,0,1,1,0,1,0,0,0,0,0,0,0,0,0,0,0,0,0,0,1,0,0,0,0,0,0,0,0,0,0,0,0,0,0,0,2,0,0,0,0,0,0,1,0,0,0,0,0,0,0,0,0,0,0,0,0,0,0,0,1,0,0,0,0,0,0,0,0,0,0,0,0,0,0,0,0,0,0,0,0,0,0,0,0,1,0,1,0,0,0,0,0,0,0,0,0,0,0,0,0,0,0,0,0,0,0,0,0,0,2,0,0,0,0,0,0,0,0,0,0,0,0,0,0,0,0,0,0,0,1,0,0,0,0,0,0,0,0,0,0,0,0,1,0,0,0,0,0,0,0,0,0,1,0,0,0,0,0,0,0,0,0,0,0,0,0,0,1,1,0,0,0,0,0,0,0,0,0,0,1,1,0,0,0,0,0,0,1,0,0,0,0,0,0,0,0,0,0,1,0,0,0,1,0,0,0,0,0,0,0,0,0,0,0,1,0,0,0,0,0,0,0,0,0,0,0,0,0,0,0,0,0,0,0,0,0,0,0,1,0,0,0,0,0,0,0,0,0,0,0,0,0,0,0,0,1,1,0,0,0,0,0,0,0,0,0,0,1,0,0,0,0,0,0,0,0,1,1,0,0,0,0,0,0,0,0,0,0,0,0,0,0,0,0,0,0,0,0,0,0,0,0,0,0,0,0,0,0,0,0,0,1,0,0,1,0,1,0,0,0,0,0,0,1,0,0,0,0,0,0,0,1,0,0,0,1,0,0,0,0,0,0,0,0,0,0,0,0,0,0,0,1,0,0,0,0,3,0,0,0,0,0,0,0,0,1,0,0,0,0,0,0,0,0,0,0,0,0,0,0,0,0,0,0,0,0,0,1,0,0,0,0,0,0,0,0,0,0,0,0,0,0,0,0,1,0,0,1,0,0,0,1,0,0,0,0,0,0,0,0,0,0,0,0,0,0,1,0,0,0,0,0,0,0,0,1,0,0,0,0,0,0,0,0,0,0,0,0,0,0,0,0,0,0,0,0,1,1,0,1,1,0,0,0,1,1,0,0,0,0,0,0,0,0,1,0,2,0,0,0,1,0,0,0,0,0,1,0,0,0,0,0,0,0,0,0,0,1,0,0,0,0,1,0,0,0,1,0,0,0,0,0,0,0,0,0,0,0,0,0,0,1,0,0,0,0,1,1,0,0,0,0,0,0,0,0,0,0,0,0,0,0,0,0,0,0,1,0,0,0,0,0,0,0,0,0,0,0,0,0,0,1,1,0,0,0,0,0,1,0,0,0,0,0,0,0,3,0,0,1,0,1,0,0,1,0,0,0,0,0,0,1,0,0,0,2,0,0,0,0,0,0,0,0,0,0,0,0,0,0,0,0,0,0,0,1,0,0,0,0,0,0,0,1,0,0,0,0,0,0,0,0,0,0,0,0,0,0,0,0,0,1,0,0,0,1,0,0,0,0,0,0,0,0,1,1,0,1,0,0,0,0,0,0,0,0,0,0,0,0,0,0,0,0,0,0,0,0,0,0,0,0,0,0,0,0,0,0,0,0,0,0,0,0,0,0,0,0,0,0,0,0,0,0,0,0,0,0,0,0,0,1,0,1,0,0,1,0,0,0,0,0,0,0,0,0,0,0,1,0,0,0,0,0,0,1,0,0,0,1,0,1,0,0,0,0,0,0,0,0,0,0,0,0,0,0,0,0,0,1,0,2,0,1,0,0,1,0,1,0,0,0,0,0,0,0,0,0,0,0,0,0,0,0,0,0,0,0,0,0,1,0,0,0,0,0,0,0,0,0,1,0,0,0,0,0,0,1,0,0,0,0,1,0,0,0,0,0,1,0,0,0,1,0,0,0,0,0,0,0,0,0,0,0,0,0,0,0,0,0,0,0,0,0,0,0,0,0,0,0,0,0,0,0,0,0,0,0,0,0,0,0,0,0,0,0,0,0,1,0,0,0,0,0,1,0,0,1,0,0,0,0,1,0,0,0,0,0,0,1,0,0,0,0,0,0,0,0,0,0,0,0,0,1,0,0,0,0,0,0,0,0,0,0,0,0,0,0,0,0,0,1,0,0,0,0,0,0,0,0,0,0,0,0,0,0,0,0,0,0,1,0,1,0,0,0,1,0,0,0,0,0,0,0,0,0,0,0,0,0,0,0,0,0,0,0,0,0,0,0,0,2,0,0,0,1,0,0,0,0,0,0,0,1,0,0,0,0,0,0,0,0,1,0,0,0,0,0,0,0,0,0,0,0,0,0,0,1,0,0,0,0,0,1,0,0,1,1,0,0,0,0,0,0,0,0,1,0,1,0,0,1,0,0,1,0,0,0,1,1,0,0,0,0,0,0,1,0,0,0,0,0,0,0,0,0,0,0,1,0,0,0,0,0,0,0,1,0,0,1,0,0,0,0,0,0,0,0,0,0,0,0,0,0,0,0,0,0,0,1,0,0,0,1,1,0,0,0,0,0,0,0,0,0,1,0,0,0,0,0,1,0,0,0,0,0,0,0,0,0,0,0,0,0,0,1,0,0,0,0,0,0,0,1,0,0,0,0,1,0,0,0,0,0,0,0,0,0,1,2,0,0,0,0,0,0,0,0,0,1,1,0,0,0,0,0,0,0,0,1,0,0,1,0,0,0,0,0,0,0,0,1,0,0,0,0,0,0,0,0,0,0,1,0,1,0,0,0,0,0,0,0,0,0,1,0,0,0,0,0,0,0,0,0,0,0,0,2,0,1,0,0,0,0,0,0,0,0,0,0,0,0,0,0,0,0,0,0,0,0,0,0,0,0,0,0,0,0,0,0,0,0,0,0,0,0,0,0,0,1,0,1,0,0,0,0,0,0,0,0,0,0,0,0,0,0,0,0,0,1,0,0,0,0,0,0,1,1,0,0,1,0,0,0,0,0,0,0,0,0,0,0,0,0,0,0,0,0,0,0,0,0,2,0,0,3,0,0,0,0,2,0,0,0,0,0,0,0,0,1,0,0,0,0,0,0,1,0,0,0,0,0,0,0,0,0,0,0,0,0,0,0,0,0,0,0,0,0,0,0,0,0,0,0,0,0,0,0,0,1,1,0,2,0,1,0,1,0,0,0,0,1,1,0,1,1,1,0,0,0,0,2,0,1,0,0,0,1,0,0,0,0,0,0,1,1,0,0,0,1,0,0,0,0,0,0,0,0,0,0,0,0,0,0,0,0,0,0,0,0,0,0,0,0,0,0,0,0,0,0,0,0,0,0,0,0,0,0,0,0,0,0,0,1,0,0,0,0,0,0,0,0,0,0,0,0,0,0,1,1,0,0,0,0,0,0,0,0,0,1,0,0,0,0,0,0,0,0,0,0,0,0,0,0,0,0,1,0,0,0,0,1,0,0,0,0,0,0,0,0,0,0,0,0,0,0,0,1,0,0,0,0,0,0,0,0,0,0,0,0,0,0
POU2AF1,0,0,0,0,0,0,0,0,0,0,1,0,0,0,0,0,0,0,0,0,0,0,0,0,0,1,0,0,0,0,0,0,0,0,0,0,0,0,0,0,0,0,0,0,0,0,1,0,0,0,0,0,0,0,0,0,0,0,0,0,0,0,0,0,0,0,0,0,0,0,0,0,0,0,0,0,0,0,0,0,0,0,0,0,0,0,0,1,0,0,0,0,0,0,0,0,0,0,0,1,0,0,0,0,0,0,0,0,0,0,0,0,0,0,0,0,0,0,0,0,0,0,0,1,0,0,0,1,0,0,0,0,0,0,0,0,1,0,0,0,0,0,0,1,0,0,0,0,0,0,0,0,0,0,0,0,0,0,0,0,0,0,0,0,0,0,0,0,0,0,0,0,0,0,0,0,0,0,0,0,0,0,0,0,0,1,0,0,0,0,0,0,0,0,0,2,0,0,0,0,0,0,0,0,0,0,1,1,0,0,0,0,0,0,0,0,0,0,0,0,0,0,0,0,0,0,0,0,0,0,0,0,0,0,0,0,0,1,0,0,0,0,0,0,0,0,0,0,0,0,0,0,1,0,0,0,0,0,1,0,0,0,0,0,0,0,0,0,0,0,0,0,0,0,0,0,0,0,0,0,0,0,1,0,0,0,0,0,0,0,0,0,0,0,0,0,0,0,0,0,0,0,0,0,0,0,0,0,0,0,0,0,0,0,0,0,0,0,0,0,0,0,0,0,0,0,0,0,0,0,0,0,0,0,0,0,0,0,0,0,0,0,0,0,1,0,0,0,0,0,0,0,0,0,0,0,0,0,0,0,0,0,0,0,0,0,0,0,0,0,0,0,0,0,0,0,0,0,0,0,0,0,0,0,0,0,0,0,0,0,0,0,0,0,0,0,0,0,0,0,0,0,0,0,0,0,0,1,1,1,0,0,0,0,0,0,0,0,0,0,0,0,0,0,0,0,0,0,0,0,0,0,0,0,0,0,0,0,0,0,0,0,0,0,0,0,0,0,0,0,0,0,0,0,0,0,0,0,0,0,0,0,0,1,0,0,0,0,0,0,0,0,0,0,0,0,0,0,0,0,0,0,0,0,0,0,0,0,0,0,0,0,0,0,0,0,0,0,0,0,0,0,0,0,0,0,0,0,0,0,0,0,0,0,0,0,0,0,0,0,0,0,0,0,0,0,0,0,0,0,0,0,0,0,0,0,0,0,0,0,0,0,0,0,0,0,0,0,0,0,0,1,0,0,0,0,0,0,0,0,0,0,0,0,0,0,0,0,0,1,0,0,0,0,0,0,0,0,0,0,1,0,0,0,0,0,2,0,0,0,0,1,0,0,0,0,0,0,0,0,0,0,0,0,0,0,0,0,0,0,1,0,0,0,0,0,0,0,0,0,0,0,0,0,0,0,0,0,0,0,0,0,0,0,0,0,0,0,0,1,0,0,0,0,0,0,0,0,0,0,0,0,0,0,0,0,0,0,1,0,0,0,0,0,0,0,0,0,0,0,0,0,0,0,0,0,0,0,0,0,0,0,0,0,0,0,0,0,0,0,0,0,0,0,0,0,0,0,1,0,0,0,0,0,0,0,0,0,0,0,0,0,1,0,0,0,0,0,0,0,0,0,0,0,0,0,0,0,0,0,0,0,1,0,0,0,0,0,0,0,1,0,0,0,0,0,0,0,0,0,0,0,0,0,0,0,0,1,0,0,1,0,0,0,0,0,0,0,0,0,0,0,0,0,0,0,0,0,0,0,0,0,0,0,0,0,0,0,0,0,0,0,0,0,0,0,0,0,0,0,0,0,1,0,0,0,0,0,0,0,0,0,0,0,0,0,0,0,0,0,0,0,0,2,1,0,0,1,0,0,0,0,0,0,0,0,0,0,0,2,0,0,1,0,0,1,0,0,0,0,0,0,0,0,0,0,0,0,0,0,0,0,0,0,0,0,0,0,0,0,0,0,0,0,0,0,0,0,0,0,0,0,0,0,0,0,1,0,0,0,0,0,0,0,0,0,1,0,0,0,0,0,0,0,0,0,0,0,0,0,0,0,0,0,0,0,1,0,0,0,0,0,0,0,0,0,0,0,0,0,0,1,0,0,0,0,0,0,0,0,3,0,0,0,0,0,0,0,0,0,0,0,0,0,0,0,0,0,0,0,0,0,0,0,0,0,0,0,0,0,0,0,0,0,1,0,0,0,0,0,0,0,0,0,0,0,0,0,0,0,0,0,0,0,0,0,0,0,0,0,0,0,0,0,0,0,0,0,0,0,0,0,0,0,0,0,1,0,0,0,0,0,0,0,0,0,0,0,0,0,0,0,1,0,0,0,0,0,0,0,0,0,0,0,0,0,0,0,0,0,0,0,0,0,0,0,0,0,0,0,0,0,0,0,0,0,0,0,0,0,0,0,0,0,0,0,0,1,0,0,0,0,0,0,0,0,0,0,0,0,0,0,0,0,0,0,0,0,0,0,0,0,0,0,0,0,0,0,1,0,0,0,0,0,0,0,0,0,0,0,0,0,0,0,0,0,0,0,0,1,0,0,0,0,0,0,0,0,0,0,0,0,0,0,0,1,0,0,0,0,0,0,0,0,0,0,0,0,0,0,0,0,0,0,0,0,1,0,0,0,0,0,0,0,0,0,0,0,0,0,0,0,0,0,0,0,0,0,0,0,0,0,0,0,0,0,0,0,0,0,0,0,0,0,0,0,0,0,0,0,0,0,0,0,0,0,0,0,0,0,0,0,0,0,0,0,0,0,0,0,0,0,0,0,0,0,0,0,0,0,0,0,0,0,0,1,0,0,0,0,0,0,0,0,0,0,0,0,0,0,0,0,0,0,0,0,0,0,0,0,0,0,0,0,0,0,0,0,0,0,0,0,0,0,0,0,0,0,0,0,0,0,0,0,0,0,0,0,0,0,0,1,0,0,1,0,0,0,0,0,0,0,0,0,0,0,0,0,0,0,0,0,0,0,2,0,0,0,0,0,0,0,0,1,0,0,0,0,0,0,0,0,0,0,0,1,0,0,0,0,0,0,0,0,0,0,2,0,0,0,0,0,0,0,0,0,0,0,0,0,0,0,0,0,0,0,0,0,0,0,0,0,0,0,1,0,1,0,0,0,0,0,0,0,0,0,0,0,3,0,0,0,0,0,0,0,0,0,0,0,0,0,0,0,0,0,0,0,0,0,0,0,0,0,0,0,0,0,0,0,0,0,0,0,0,0,0,0,0,0,0,0,0,0,0,0,0,0,0,0,0,0,0,0,0,0,0,0,0,0,0,0,0,0,0,0,0,0,0,0,0,0,0,0,0,0,0,0,0,0,0,0,0,0,0,0,0,0,0,0,0,0,0,0,0,0,0,0,0,0,1,0,0,0,0,0,0,0,0,0,1,0,0,0,0,0,0,0,0,0,0,0,0,0,0,0,0,0,0,0,0,0,0,0,0,0
SATB1,0,1,0,0,0,0,1,0,0,0,0,0,0,0,0,0,0,0,1,0,0,0,0,0,0,0,0,0,1,0,0,0,0,0,0,0,3,0,0,0,1,0,0,1,0,0,0,0,0,1,0,0,0,0,0,0,0,0,0,1,1,0,0,0,0,0,0,0,0,1,1,1,0,0,0,0,0,0,0,0,0,0,0,0,0,1,0,0,0,0,1,0,1,0,2,0,1,0,0,0,0,0,0,1,0,0,0,0,0,0,1,0,0,0,0,3,1,1,0,0,2,0,1,0,0,0,0,0,0,2,0,0,0,0,0,0,1,0,0,1,0,0,0,0,0,1,0,1,1,0,0,0,0,0,0,1,0,2,0,0,0,1,1,0,0,1,0,1,0,0,0,0,0,0,0,0,0,1,0,2,0,2,0,0,0,1,0,2,0,0,0,0,0,1,0,0,0,0,0,0,0,1,0,1,0,0,0,0,0,1,0,0,0,0,1,0,0,1,1,0,2,0,0,0,1,0,0,0,1,0,1,0,0,1,0,0,0,1,1,0,0,0,0,0,0,0,0,0,0,0,1,0,0,0,1,0,0,0,0,1,0,0,0,0,0,1,0,0,0,1,0,0,0,0,0,0,0,0,0,0,0,0,1,0,0,0,0,0,0,1,0,0,0,1,0,0,1,0,0,0,0,0,0,1,0,1,1,0,0,1,0,0,0,0,0,0,0,0,0,1,0,0,0,0,0,0,1,0,0,1,0,0,0,0,0,0,0,1,0,0,0,0,0,0,0,0,0,0,0,1,0,1,0,0,0,0,0,1,0,1,0,0,0,0,1,0,0,0,0,0,1,0,0,2,0,1,0,0,0,0,0,0,0,1,0,0,0,1,0,0,0,0,0,0,0,0,0,0,0,0,0,0,0,0,0,1,0,0,1,0,0,0,0,0,0,1,0,1,1,0,0,1,0,0,0,0,0,0,0,0,0,0,0,0,0,0,0,1,0,0,0,0,1,0,0,0,0,0,0,1,0,0,0,0,0,0,0,1,0,0,0,0,0,0,0,0,0,0,0,0,0,0,0,1,1,0,0,0,0,0,0,0,0,0,0,1,0,0,1,1,0,0,0,0,0,0,0,0,1,0,0,0,0,0,0,0,0,0,0,0,0,0,0,0,0,0,0,0,2,0,0,2,1,1,0,1,0,0,1,1,0,1,0,0,0,1,0,0,1,1,0,5,0,0,0,0,0,1,0,0,0,0,0,1,0,0,0,0,0,0,0,0,0,0,1,1,1,1,1,0,1,0,0,0,0,0,0,0,0,0,0,0,1,1,0,0,1,0,0,0,0,0,0,0,0,0,0,0,0,0,0,0,0,0,3,0,0,0,1,0,0,0,1,0,1,1,0,0,0,1,0,0,1,0,0,0,0,0,1,0,1,1,0,0,1,1,0,0,1,0,0,0,2,0,0,0,1,0,0,0,0,0,0,0,0,2,0,0,0,0,0,0,0,0,0,1,0,0,1,0,1,2,0,0,2,0,0,0,1,0,1,0,0,0,0,0,1,0,0,1,0,0,0,0,1,0,1,0,0,0,0,1,0,0,0,0,0,0,0,0,0,1,0,0,0,0,0,1,1,1,0,0,0,0,0,0,0,2,0,0,0,0,0,0,0,0,0,0,0,0,0,0,0,0,0,0,0,0,0,0,0,0,0,0,0,0,0,0,0,1,0,0,0,0,0,0,0,0,0,0,0,0,1,0,0,0,0,1,0,0,0,0,0,0,0,0,0,0,1,0,0,0,0,1,1,0,1,0,0,0,3,0,0,0,0,0,0,0,0,0,0,0,0,0,0,0,0,0,1,1,0,0,1,0,0,0,1,0,1,0,0,0,0,0,0,0,0,0,0,0,0,0,1,0,0,0,0,0,0,0,0,0,0,3,0,0,0,0,1,0,1,0,1,0,0,0,0,0,0,0,0,0,0,0,0,0,0,1,0,0,0,0,0,1,0,0,2,0,0,0,1,0,0,0,0,0,0,1,0,0,0,2,0,0,1,0,0,0,1,0,0,0,0,0,0,0,0,1,0,0,0,1,0,0,0,0,0,0,1,0,1,0,0,0,0,0,1,0,0,0,0,0,0,0,0,0,0,0,1,1,0,1,0,1,0,1,0,2,0,0,1,0,0,0,0,0,2,0,0,0,0,0,0,0,0,0,1,1,0,1,1,0,1,0,1,1,0,0,0,1,0,0,0,0,0,0,0,0,0,0,0,0,0,0,1,0,0,0,0,1,0,0,0,0,1,0,0,0,0,0,0,0,0,0,0,1,0,0,0,1,0,0,1,0,0,0,0,0,0,0,0,0,0,0,0,0,1,1,1,2,0,0,0,0,0,0,0,2,2,2,1,1,1,0,0,1,0,0,1,0,0,3,0,0,0,0,0,0,0,0,1,0,0,3,0,0,0,0,0,0,0,0,0,0,3,0,0,1,0,1,0,0,0,0,0,0,1,0,0,1,1,1,0,0,0,1,1,0,0,0,1,0,1,0,1,0,0,0,0,0,0,0,0,0,0,0,0,0,0,1,1,0,0,1,0,0,1,0,0,0,0,0,0,0,0,0,0,0,0,0,3,0,0,0,2,0,0,0,1,0,0,0,0,0,0,1,0,0,0,0,0,0,0,0,0,0,0,0,1,0,1,0,0,0,1,0,0,0,0,2,0,1,0,0,1,1,0,0,0,0,0,1,0,0,0,0,0,0,1,0,0,0,0,1,0,0,0,0,0,0,0,0,0,0,0,0,0,0,1,1,0,0,0,0,3,0,0,0,0,1,0,0,1,0,0,1,0,1,0,1,0,1,0,0,1,0,0,0,0,0,0,0,0,0,0,0,0,1,0,0,0,1,0,0,0,0,0,0,0,0,0,0,0,1,0,0,0,0,0,0,0,0,0,0,1,0,0,0,0,0,0,0,0,0,0,1,0,1,0,0,0,0,0,0,0,1,0,1,0,0,1,0,0,0,0,0,0,1,0,0,0,0,1,0,0,0,0,0,1,0,0,1,0,1,0,0,0,1,0,0,0,0,0,0,0,0,1,1,0,2,0,0,0,0,1,1,0,0,0,0,0,0,0,0,0,0,0,0,1,1,0,0,2,1,1,0,2,0,0,0,1,0,0,0,0,0,0,0,0,0,1,0,0,0,0,0,0,0,0,1,0,0,0,0,0,0,1,0,0,0,0,0,0,1,0,0,0,0,0,0,0,1,0,0,0,0,0,0,0,0,0,0,0,0,1,0,0,0,0,0,2,1,0,1,0,0,0,0,0,1,0,0,0,0,0,0,0,0,0,0,0,1,0,0,1,0,3,0,0,1,0,0,0,0,0,1,1,0,0,0,0,0,0,0,0,0,0,0,0,0,0,0,2,0,0,0,0,1,1,0,1,0,0,0,0,0,0,0,0,0,0,2,0,0,1,0
MRPL1,0,0,0,1,0,0,0,1,0,0,0,0,0,0,0,1,0,0,0,0,0,0,0,0,0,0,0,0,0,0,0,0,0,0,1,0,0,1,0,0,0,0,0,0,2,0,0,0,1,1,0,0,0,0,0,0,0,1,0,0,0,0,0,1,0,0,0,0,0,0,0,0,0,0,1,1,0,0,0,0,0,0,0,0,0,0,2,0,0,0,0,0,0,0,1,0,0,0,0,0,0,0,0,0,0,0,0,0,0,0,0,0,0,0,0,0,0,1,0,0,0,0,0,0,0,2,0,0,0,0,0,0,1,0,0,1,0,0,0,0,0,0,0,0,0,1,0,0,0,1,0,0,0,0,0,0,0,0,0,1,2,1,0,0,0,0,0,0,0,2,0,0,0,0,0,0,0,0,0,0,0,0,0,0,0,2,0,0,0,0,0,0,0,0,0,0,0,0,0,0,0,0,0,1,0,1,0,0,0,1,0,0,0,1,0,0,0,0,0,0,0,0,0,0,0,0,0,0,0,0,0,2,1,0,0,0,0,0,0,0,1,0,0,1,0,0,0,0,0,0,0,0,1,0,1,1,0,0,0,0,0,0,0,0,0,0,0,1,0,1,0,1,0,0,0,0,0,0,0,0,0,0,0,0,0,0,0,0,1,0,0,0,0,0,0,0,0,0,0,1,0,0,0,0,0,0,0,0,0,0,0,0,0,0,2,0,0,0,0,0,0,0,0,0,0,0,1,1,1,0,0,0,0,0,0,0,0,0,0,0,0,0,0,0,2,0,0,0,0,0,0,0,0,0,0,1,0,0,0,0,0,0,0,0,0,1,0,0,0,0,1,0,1,0,1,0,0,0,0,1,0,0,0,0,0,0,1,1,0,0,1,0,1,0,0,0,0,0,0,0,0,0,0,0,0,1,0,0,1,0,0,0,0,0,0,0,0,1,0,0,0,1,1,0,0,0,0,0,2,0,0,0,0,0,0,0,0,0,0,0,0,0,1,0,0,0,0,0,1,0,0,0,0,0,1,0,0,1,0,0,0,2,0,0,0,0,1,0,0,1,0,0,0,0,0,0,0,0,0,0,0,0,0,0,0,0,0,1,0,0,1,0,0,0,0,0,0,0,0,0,0,0,0,0,1,0,0,0,0,0,0,0,0,0,0,0,0,0,0,0,1,2,1,0,0,0,0,0,0,0,0,0,0,0,0,0,0,0,0,0,2,0,0,0,1,3,0,0,1,0,0,0,0,0,0,1,0,0,1,0,0,0,0,0,0,1,0,0,0,0,0,0,0,0,0,0,0,0,0,0,0,0,0,0,0,0,0,0,0,0,1,0,0,0,0,1,0,0,0,0,0,0,0,0,0,0,0,0,0,0,0,0,0,0,0,1,1,1,0,0,0,1,0,0,0,0,0,0,0,0,1,1,0,0,0,0,0,0,0,0,0,0,0,1,3,0,0,0,0,0,0,0,0,0,1,1,0,0,0,0,0,0,2,0,0,0,0,0,0,0,0,0,0,0,1,0,0,0,1,0,1,0,0,0,0,1,0,1,0,0,0,0,0,0,0,0,0,0,0,0,0,0,0,0,1,0,0,0,0,0,0,0,0,0,0,0,0,0,0,0,0,1,0,0,0,0,1,0,0,0,0,0,0,0,1,0,0,0,0,1,0,0,0,0,0,0,0,0,0,0,3,0,0,0,0,0,0,0,0,0,0,0,1,1,0,0,0,0,1,0,1,0,0,0,0,0,0,0,0,0,0,0,0,0,0,0,0,0,0,0,0,0,0,0,1,0,0,0,0,0,0,0,0,0,0,0,0,0,0,0,0,0,0,0,1,0,0,0,0,1,0,0,0,0,0,1,0,0,0,0,1,0,0,0,1,1,1,0,0,0,0,1,0,0,0,0,0,0,0,0,0,0,0,1,0,0,0,0,0,0,0,0,0,2,1,0,0,0,0,0,0,0,0,0,0,0,0,0,0,0,0,0,0,0,0,0,0,0,0,0,0,0,0,0,0,0,0,0,0,0,1,0,0,0,0,0,0,0,1,0,0,0,0,0,0,0,0,0,0,1,0,1,0,0,0,1,0,1,0,0,0,0,0,1,0,0,0,0,0,1,0,1,0,0,0,0,1,0,0,0,0,0,0,0,0,0,0,0,0,0,0,0,0,0,0,1,0,0,0,0,0,0,0,1,0,0,0,0,0,1,0,0,0,0,0,0,0,0,0,0,0,1,0,0,0,1,1,0,0,0,0,0,0,0,0,0,0,0,0,0,0,0,0,0,0,0,0,1,0,0,0,0,2,0,0,0,1,0,0,0,0,1,0,0,1,0,0,0,0,0,0,0,1,0,0,0,0,0,1,0,0,0,0,0,0,0,0,0,0,1,0,2,1,0,0,0,0,0,0,0,0,0,0,0,0,0,0,0,0,0,0,0,0,0,0,0,1,0,1,0,0,0,0,0,0,0,0,1,1,0,2,0,0,0,1,0,0,0,1,1,1,0,0,0,0,2,0,0,0,1,0,0,0,1,0,0,0,0,1,0,0,0,0,0,0,0,0,0,0,0,0,0,0,0,1,0,0,0,0,0,0,0,0,1,1,0,0,1,0,0,0,0,0,0,0,0,1,0,0,0,0,0,1,0,0,0,0,0,0,2,0,0,0,0,0,1,0,0,0,0,0,0,0,0,0,0,0,0,0,0,0,0,0,0,0,0,0,0,0,0,0,0,0,0,0,1,1,0,0,3,0,0,0,0,0,0,0,0,0,0,1,1,0,0,0,0,0,1,0,0,0,0,0,0,0,1,1,0,0,0,0,2,0,0,0,0,0,0,2,0,0,0,0,0,0,0,1,0,2,0,0,0,0,0,1,0,0,0,0,0,1,0,0,0,0,0,3,0,0,0,1,0,0,1,0,0,0,0,0,0,2,0,0,0,0,0,0,0,0,1,0,0,0,0,1,0,0,0,0,0,0,0,0,0,0,0,0,0,0,0,1,0,0,0,0,0,0,0,1,0,1,0,0,0,0,0,0,0,0,0,1,0,0,0,0,0,0,0,0,0,0,2,0,0,0,0,0,0,0,0,0,0,0,0,0,0,0,0,0,0,0,0,0,1,0,0,0,0,0,0,0,0,0,0,0,0,0,0,0,0,0,0,0,0,0,2,0,2,0,0,0,0,1,1,0,0,0,1,0,0,0,1,0,0,0,0,0,0,1,2,0,0,0,0,0,2,0,0,0,0,0,0,0,0,0,0,0,0,0,0,1,0,0,0,0,0,0,0,0,0,0,0,0,0,0,1,0,0,3,0,0,0,0,0,1,0,0,0,0,0,0,1,0,0,0,1,0,0,0,0,0,0,0,0,0,0,0,0,0,0,0,2,0,1,0,2,0,0,0,0,0,0,0,0,0,0,0,1,1,0,0,0,0,0,0,0,0,0,0,0,1,0,0,0,0,0
LPCAT1,0,0,0,0,1,0,0,0,0,0,0,0,1,0,0,0,0,1,0,0,0,0,2,0,0,1,0,0,0,0,0,0,0,0,0,0,0,0,0,0,0,0,0,0,0,0,0,0,0,0,0,0,1,1,0,0,0,0,0,0,0,0,0,0,0,0,0,0,1,0,0,0,0,0,0,0,1,0,0,0,0,0,0,1,0,0,0,1,0,0,0,0,0,0,0,0,0,0,0,2,0,0,2,0,0,0,0,1,0,0,0,0,0,0,0,0,0,0,0,0,0,0,0,0,0,0,0,0,0,0,1,0,0,0,0,0,0,0,0,0,0,0,0,0,0,1,0,0,0,0,0,0,2,0,0,0,0,0,0,0,0,0,0,0,0,0,0,0,0,2,0,0,0,0,0,0,0,0,0,0,0,0,0,1,0,0,0,0,1,0,0,0,0,0,0,1,0,1,0,0,0,0,0,1,0,0,0,0,0,0,0,0,0,0,1,0,0,0,0,0,0,0,0,1,0,0,0,0,0,0,0,0,0,0,0,1,0,0,0,0,0,0,0,0,0,1,0,0,0,0,0,0,0,1,0,0,0,1,0,0,0,0,0,0,0,0,0,0,0,0,1,0,0,0,0,0,0,0,0,0,0,0,0,0,1,0,0,0,0,0,0,0,0,0,0,0,0,0,0,1,0,0,0,0,0,0,0,0,1,0,0,0,0,0,0,0,0,0,0,0,0,2,1,1,1,0,0,0,0,0,0,0,0,0,0,0,0,0,0,0,0,0,0,0,0,0,0,0,0,0,2,0,0,0,1,0,0,1,0,0,0,0,0,0,1,0,0,0,0,0,0,0,1,0,0,0,0,0,0,0,0,0,0,0,0,0,0,0,0,0,0,0,0,1,0,0,0,0,0,0,0,0,0,0,0,0,0,0,0,0,0,0,0,0,0,0,0,0,0,0,0,0,1,0,0,0,0,0,0,1,0,0,0,0,0,0,1,0,0,0,0,0,0,0,0,0,1,0,0,0,0,0,0,0,0,0,0,1,0,0,0,0,0,0,0,0,0,0,0,0,0,0,0,0,0,0,0,0,0,0,0,0,0,0,1,0,1,0,0,1,0,0,0,0,0,0,0,0,0,0,0,0,0,0,0,0,0,1,1,0,1,1,0,0,0,0,0,0,0,0,0,0,0,0,0,0,0,0,0,0,0,0,0,0,0,0,3,0,0,0,0,0,0,0,0,1,0,0,0,0,0,0,0,0,0,0,0,0,0,0,0,0,0,0,0,0,0,0,0,0,0,0,0,0,0,1,0,0,0,0,0,0,0,0,0,0,0,0,0,0,0,0,0,0,0,1,0,0,0,0,0,0,0,1,0,0,0,0,0,0,0,0,1,0,0,0,0,0,0,0,0,0,0,0,1,0,0,0,0,0,1,0,2,1,0,0,0,0,0,1,0,0,0,0,0,0,0,0,0,0,0,0,0,0,0,0,1,0,0,0,0,0,0,0,0,0,0,0,0,0,0,0,0,2,2,0,0,2,0,0,1,1,0,0,1,0,0,0,0,0,0,0,0,0,0,0,2,1,1,0,0,0,0,0,0,0,0,0,0,0,0,0,0,0,0,0,0,0,0,1,0,0,0,0,0,0,0,0,0,1,0,0,0,0,0,0,0,1,1,0,0,0,1,0,0,0,0,0,0,0,1,0,0,0,1,0,0,0,0,0,0,0,0,0,1,0,0,1,0,0,0,0,0,0,0,0,0,0,1,0,1,0,0,0,0,0,0,0,0,0,0,0,0,0,0,0,1,0,1,1,0,0,0,0,0,1,0,0,0,0,0,0,0,0,0,0,0,0,1,1,0,0,0,0,1,0,0,0,1,0,0,0,0,1,0,0,0,0,0,2,0,0,0,0,0,1,0,0,0,0,0,0,0,1,0,0,0,0,0,0,0,0,0,0,1,0,0,0,1,0,0,0,0,0,0,0,0,0,0,0,0,0,0,0,1,0,0,0,0,0,0,0,1,0,0,0,0,0,0,0,0,0,0,0,0,0,0,0,0,0,0,1,0,0,0,0,1,0,0,0,0,0,0,1,0,1,0,0,0,0,0,0,0,0,1,0,0,0,0,0,0,0,0,0,0,0,1,1,1,1,0,0,0,0,1,0,0,0,0,0,1,0,0,1,0,0,0,0,0,0,0,0,0,0,0,0,0,0,0,0,0,1,0,0,0,0,0,0,0,0,0,0,0,0,1,0,0,1,0,0,1,0,0,0,0,0,0,0,0,0,0,0,0,0,0,0,1,0,1,0,1,0,0,0,0,1,0,0,0,0,0,1,0,0,0,0,0,0,0,0,0,1,1,0,0,0,0,0,0,0,0,0,0,0,0,0,0,0,0,0,0,0,0,0,0,0,0,0,0,0,0,0,2,0,0,0,0,0,0,0,0,0,0,0,0,0,0,0,0,0,0,0,0,0,0,0,0,0,0,0,0,1,1,0,0,0,0,0,0,0,0,0,0,0,0,0,0,0,0,0,1,0,0,0,0,0,0,0,0,1,0,0,0,1,1,0,0,0,0,0,0,0,1,1,0,0,0,0,0,0,0,0,0,0,0,1,0,0,0,0,0,0,0,0,0,0,1,0,0,1,0,0,0,0,0,1,0,1,0,0,0,0,0,0,0,0,0,0,0,0,0,0,0,0,0,0,0,0,0,0,0,0,0,0,0,0,0,0,0,0,0,0,1,1,0,0,1,0,0,0,0,0,0,0,0,0,0,0,0,0,0,0,0,0,0,0,0,0,0,0,0,0,0,0,0,0,0,1,0,0,0,0,0,0,0,0,0,0,0,0,1,0,0,0,0,0,0,1,0,0,0,0,0,0,0,0,0,0,0,0,0,0,0,0,0,0,0,0,0,0,0,0,0,0,1,0,0,0,0,0,0,0,0,0,0,0,0,0,0,0,0,0,0,0,0,0,0,0,0,0,0,0,0,0,0,0,0,1,0,0,0,0,0,0,1,0,0,0,5,0,0,0,0,1,0,0,0,0,0,0,0,0,0,0,0,1,0,1,0,0,0,0,1,0,0,0,0,1,0,0,0,0,0,0,0,0,0,0,0,0,0,1,0,1,1,0,0,0,0,0,0,1,0,0,0,0,0,0,0,0,0,0,0,0,0,0,0,0,0,0,0,0,0,0,0,0,0,1,0,0,0,0,0,1,0,0,0,0,0,0,0,0,0,0,0,0,0,0,0,0,0,0,0,0,0,0,0,0,0,0,0,0,0,0,0,1,0,0,0,0,0,0,0,0,0,0,0,0,1,0,0,0,0,1,0,0,0,0,0,0,0,0,0,0,0,0,0,0,0,0,0,1,0,0,0,0,0,0,0,0,0,0,1,0,0,0,0,0,0,0,0,0,0,0,0,1,0,0,0,0,0,0,0,0,0,0,0,0,0,0,0,0,0,0,0,1
MYBL1,0,1,0,1,0,0,0,1,0,0,0,0,0,0,0,1,0,0,0,0,0,0,0,0,0,0,0,0,0,0,0,0,0,0,1,0,0,0,0,0,0,0,0,0,0,0,0,0,0,0,0,0,0,0,0,0,0,0,0,0,0,0,0,0,0,0,0,0,0,0,1,0,0,0,0,0,0,0,0,0,0,0,0,0,0,0,0,0,0,0,0,0,0,0,0,0,0,0,0,0,0,0,0,0,0,0,0,0,0,0,0,0,0,0,0,0,1,0,0,0,0,0,0,0,0,0,0,0,0,0,0,0,0,0,0,0,0,0,0,0,0,0,0,0,0,0,0,0,0,0,0,0,0,0,0,0,0,0,0,0,0,0,0,0,0,0,0,0,0,0,0,0,0,0,0,0,0,0,0,0,0,0,0,0,0,0,0,0,0,0,0,0,0,0,0,0,0,0,0,0,0,1,0,0,0,1,0,0,0,0,0,0,0,0,0,0,0,1,0,0,0,0,0,0,0,0,0,0,0,0,0,0,0,0,0,0,1,0,0,0,0,0,0,0,1,0,0,0,0,0,0,0,0,0,0,0,0,0,0,0,0,0,0,0,0,0,0,0,0,1,0,0,0,0,0,0,0,0,0,0,0,0,0,0,0,0,0,0,0,0,0,0,0,0,0,0,0,0,0,1,0,0,0,0,0,0,0,0,0,0,0,0,0,0,1,0,0,0,0,0,0,1,0,0,0,0,0,0,0,0,0,0,0,0,0,0,0,0,0,0,0,0,0,0,0,0,0,0,1,0,0,0,0,0,1,0,0,0,0,0,1,0,0,0,0,0,0,0,0,0,0,0,0,0,1,0,0,1,0,0,0,0,0,0,0,0,0,0,0,0,0,0,0,0,0,0,0,0,0,0,0,0,1,0,0,0,0,0,0,0,0,0,0,0,0,0,0,0,0,0,0,0,0,0,0,0,0,1,0,1,0,0,0,0,1,0,0,0,0,0,0,0,0,0,0,0,0,0,0,1,0,0,0,0,0,0,0,0,0,0,0,0,0,0,1,0,0,0,0,0,0,0,0,0,0,0,0,0,0,0,0,0,2,0,0,0,1,1,0,0,0,0,0,0,0,0,0,0,0,1,0,0,0,0,0,0,0,0,0,0,0,1,0,0,0,0,0,0,0,0,0,0,0,0,0,0,0,0,0,0,0,0,0,0,0,0,0,0,0,1,0,0,0,0,0,0,0,0,0,0,0,0,0,0,0,0,0,0,0,0,0,1,0,1,0,0,0,0,0,0,0,1,0,0,0,0,0,0,0,0,0,1,0,0,0,0,0,0,0,0,0,0,0,0,0,0,0,0,0,0,0,0,0,0,0,0,0,1,0,0,0,0,0,0,1,0,0,0,0,0,0,0,0,0,0,0,0,0,0,0,0,0,1,0,0,0,0,0,0,0,0,0,0,0,0,0,0,0,0,0,0,0,0,0,0,0,0,0,0,0,0,0,0,0,0,0,0,0,0,0,0,0,0,1,0,0,0,0,0,0,1,0,0,0,0,0,0,0,0,0,0,0,0,0,0,0,0,0,0,0,0,0,0,0,0,0,0,0,0,0,0,0,0,0,0,0,0,2,0,0,0,0,0,0,0,0,0,0,0,0,0,0,0,0,0,0,0,0,0,0,0,0,0,0,0,1,0,0,0,0,0,0,0,0,0,0,0,0,1,0,0,0,0,0,0,0,2,0,0,0,0,0,0,0,0,0,0,0,0,0,0,0,0,0,0,0,0,0,0,0,0,0,0,0,0,0,0,0,0,0,0,0,0,0,0,0,0,0,0,1,0,0,0,0,0,0,0,0,0,0,0,0,0,0,0,0,0,0,0,0,0,0,0,0,0,0,0,0,0,0,0,0,0,0,0,0,0,1,0,0,0,0,0,0,0,0,0,0,0,0,0,0,0,0,0,0,0,0,1,0,0,0,0,0,0,0,2,0,0,0,0,0,0,0,0,0,0,0,0,0,0,0,0,0,0,0,0,0,0,0,0,0,0,0,0,0,0,0,0,0,0,1,0,0,0,0,0,0,0,0,0,0,0,0,0,0,0,0,0,0,0,0,0,0,0,0,0,0,0,1,0,0,0,0,0,0,0,0,0,0,0,0,0,0,1,0,0,0,0,0,0,0,0,0,0,0,0,0,0,0,0,0,0,0,0,0,0,1,0,0,0,0,0,0,0,0,0,0,0,0,0,0,0,0,0,0,0,0,0,0,0,0,0,0,0,0,0,0,0,0,0,0,0,0,0,0,0,0,0,0,0,0,0,0,0,0,0,0,0,0,0,0,0,0,0,0,0,0,0,0,0,0,0,0,0,0,0,0,0,1,0,0,0,0,0,0,0,0,1,0,0,0,0,0,0,0,0,0,0,0,0,0,1,0,0,0,0,0,0,0,0,0,0,0,1,1,0,0,0,0,0,0,1,0,0,0,1,1,0,0,0,0,0,0,0,0,1,0,0,0,1,0,0,0,0,0,0,1,0,0,0,0,0,0,0,0,1,0,0,0,0,0,0,1,0,0,0,0,0,0,0,0,0,0,0,0,0,0,0,1,0,0,0,0,0,0,0,0,0,0,0,0,0,0,0,0,0,0,0,0,0,0,0,0,0,0,0,0,0,0,1,0,0,0,0,0,2,0,0,0,0,0,0,0,0,0,0,0,1,0,0,0,0,0,0,0,0,0,0,0,0,0,0,0,0,0,0,0,0,0,0,0,0,0,0,0,0,0,0,0,0,0,0,0,0,0,1,0,0,0,0,0,0,0,0,0,0,0,0,0,0,0,0,0,0,0,0,2,0,0,0,0,0,0,0,0,0,0,0,0,0,0,0,0,0,0,1,1,0,0,0,0,0,0,0,0,0,0,0,0,0,0,0,0,0,0,0,0,0,0,0,0,0,0,0,2,0,0,1,0,0,0,0,1,0,1,0,0,1,0,0,0,0,0,0,0,0,0,0,0,0,0,0,0,0,0,0,1,2,0,0,0,0,0,0,0,0,0,0,0,0,0,1,0,0,0,0,0,0,0,0,0,0,0,0,0,0,0,0,0,0,0,0,0,0,0,0,0,1,0,0,1,0,0,0,0,0,0,0,0,0,0,0,0,1,0,1,0,0,0,0,0,1,0,0,0,0,0,0,0,0,0,0,0,0,0,0,0,0,1,0,1,0,0,0,0,0,1,0,0,0,1,0,0,0,0,0,0,0,0,0,1,0,0,0,0,1,0,0,0,0,0,0,0,0,0,0,0,0,0,0,0,0,0,0,0,0,0,0,0,0,0,0,0,0,0,0,0,0,0,0,0,0,0,0,0,0,0,0,0,0,0,0,0,0,0,0,0,0,0,0,0,0,0,0,0,0,0,1,0,0,0,1,0,0,0,0,0,0,0,0,0,0,0,0,0,0,0,0,0,0,0,0,0,0,0
MCTP2,0,1,0,0,0,0,0,0,0,0,0,0,0,0,0,0,0,0,0,0,0,0,0,0,0,0,0,0,0,0,0,0,0,0,0,0,0,0,0,0,0,0,0,0,0,1,0,0,0,0,0,0,0,1,1,0,0,0,0,0,0,0,0,0,0,0,0,0,0,0,0,0,0,0,0,0,0,0,0,0,0,0,0,0,0,0,0,0,0,0,0,0,0,0,0,0,0,0,0,0,0,0,0,0,0,0,0,1,0,0,1,0,0,0,0,0,0,0,0,0,0,0,0,0,0,0,0,0,0,0,0,0,0,0,0,0,0,0,0,0,0,0,0,0,0,0,0,0,0,0,0,0,0,0,0,0,1,0,0,0,0,0,0,0,0,0,0,0,0,0,0,0,0,0,0,0,0,0,0,0,0,0,0,0,0,0,0,0,0,0,0,0,0,0,0,0,0,0,0,0,0,0,0,0,0,0,0,0,1,0,0,0,0,0,0,0,0,0,0,0,0,0,0,0,0,0,0,0,0,0,0,1,0,0,0,0,2,0,0,0,0,0,0,0,0,0,0,0,0,0,0,0,0,0,0,0,0,0,0,0,0,0,0,0,0,0,0,0,0,1,1,0,0,0,0,0,0,0,0,0,0,0,0,0,0,0,0,0,0,0,0,0,0,0,0,0,0,0,0,1,0,0,0,0,0,0,0,0,0,0,0,0,0,0,0,0,0,0,1,0,1,0,0,0,1,0,0,0,0,0,0,0,0,0,0,0,0,0,1,0,0,0,0,0,0,0,0,0,0,0,0,0,0,0,0,0,0,0,0,0,0,0,0,0,0,0,0,0,0,0,0,0,0,0,0,0,0,0,0,0,0,0,0,0,0,0,0,0,0,0,0,0,0,0,0,0,0,0,0,0,0,0,0,0,0,0,0,0,0,0,0,0,0,0,0,0,0,0,0,0,0,0,0,0,0,0,1,0,0,0,0,0,0,0,0,0,0,0,0,0,0,0,0,0,0,0,0,0,0,0,0,0,0,0,0,0,0,0,0,0,0,0,0,0,0,0,0,0,0,0,0,0,0,0,0,0,0,0,0,0,0,0,1,0,0,1,0,0,0,0,0,0,0,0,0,0,0,0,0,0,0,0,0,0,0,0,0,0,0,0,0,0,0,0,0,0,0,0,0,0,0,0,0,0,0,0,0,1,0,0,0,0,0,0,0,0,0,0,0,0,0,0,0,0,0,0,0,0,0,0,0,0,0,0,0,0,0,0,0,0,0,0,0,0,0,0,0,0,0,0,0,0,0,0,0,0,0,0,0,0,0,0,0,0,0,0,0,0,0,0,0,0,0,0,0,0,0,0,0,1,0,0,0,0,0,0,0,0,0,0,0,0,0,0,0,0,0,0,0,0,0,0,0,0,0,0,0,0,0,0,0,0,0,0,0,0,0,0,0,0,0,0,0,0,0,0,0,0,0,0,0,0,0,0,0,0,0,0,0,0,0,0,0,0,0,0,0,0,0,0,0,0,0,0,1,0,0,0,0,0,0,0,0,0,0,0,0,0,0,0,0,0,0,0,0,0,0,0,0,0,0,0,0,1,0,0,0,0,0,0,0,0,0,0,0,0,1,0,0,0,0,0,0,0,0,0,0,0,0,0,0,0,0,0,0,0,0,0,0,0,0,0,0,0,0,1,0,0,0,0,0,0,0,0,0,0,0,0,0,0,0,0,0,0,0,0,0,0,0,0,0,0,0,0,0,0,0,0,0,0,0,0,0,0,0,0,0,0,0,0,0,0,0,0,0,0,0,0,0,0,0,0,0,0,0,0,0,0,0,0,0,0,0,0,0,0,0,0,0,0,0,0,0,0,0,0,0,0,0,0,0,0,1,0,0,0,0,0,0,0,0,0,0,0,0,0,0,0,0,0,0,1,0,0,0,0,0,0,0,0,0,0,0,0,0,0,0,0,0,0,0,0,0,0,0,0,2,0,0,0,0,0,0,0,0,0,1,0,0,1,0,0,0,0,0,1,0,0,0,0,0,0,0,0,0,0,0,0,0,0,0,0,0,0,0,0,0,0,0,0,0,0,0,0,0,0,0,0,0,0,0,0,0,0,0,0,0,0,0,0,0,0,0,0,0,0,0,0,0,0,0,0,0,0,1,0,0,0,0,0,0,0,0,1,0,0,0,0,0,0,0,0,0,0,0,0,0,1,0,0,0,0,0,0,0,0,0,0,0,0,0,0,0,0,0,0,0,0,0,0,0,0,0,0,0,0,0,0,0,0,0,0,0,0,0,0,0,0,0,0,0,0,0,0,0,0,0,0,0,0,0,0,0,0,0,0,0,0,0,0,0,0,0,1,0,0,0,0,0,0,0,0,0,0,0,0,0,0,0,0,0,0,0,0,0,0,0,0,0,0,0,0,0,0,0,0,0,0,0,0,0,0,0,0,0,0,0,0,0,0,0,0,0,0,0,0,0,0,0,0,0,0,0,0,0,0,0,0,0,0,0,0,0,0,0,0,0,0,0,0,0,0,0,0,0,0,0,0,0,0,0,0,0,0,0,0,0,0,1,0,0,0,0,0,0,0,0,0,0,2,0,0,0,0,0,0,0,0,0,0,0,0,0,0,0,0,0,0,0,0,0,0,0,0,0,0,0,0,0,0,0,0,0,0,0,0,0,0,0,1,0,0,0,0,0,0,0,0,0,0,0,0,0,0,0,0,1,0,0,0,0,1,0,0,0,0,0,0,0,0,0,0,0,0,0,0,0,0,0,0,0,0,0,0,0,0,0,0,0,0,0,0,1,0,0,0,0,0,0,0,0,0,0,0,0,0,0,0,0,0,0,0,0,0,0,0,0,0,0,0,0,0,0,0,0,0,0,0,0,0,0,0,0,0,0,0,0,0,0,0,0,0,0,0,0,0,2,0,0,0,0,0,0,0,0,0,0,0,0,0,0,0,0,0,0,1,0,0,0,0,0,0,0,0,0,0,0,0,0,0,0,0,0,0,0,0,0,2,0,0,0,0,0,0,0,1,0,0,0,0,0,0,0,0,0,0,0,0,0,0,0,0,0,1,0,0,0,0,0,0,0,0,0,0,0,0,0,0,0,0,0,0,0,0,0,1,0,0,0,0,0,1,0,0,0,0,0,0,0,0,0,0,0,0,0,0,0,0,0,0,0,0,0,0,0,0,0,0,0,0,0,0,0,0,0,0,0,0,0,0,0,0,0,1,0,0,0,0,0,0,0,0,0,0,0,0,1,0,0,0,0,0,0,0,0,0,0,0,0,0,0,0,0,0,0,0,1,0,0,0,0,0,0,0,0,0,0,0,0,0,0,0,0,1,1,0,0,0,0,0,0,0,0,0,0,0,0,0,0,0,0,0,0,0,0,0,0,0,0,0,0,0,0,0,0,0,0,0,0,0,0,0,0,0,0,0,1,0,0,0,0,0,0,0,0,0
RUBCNL,0,0,0,0,0,0,0,0,0,0,1,0,0,0,0,0,0,0,0,0,0,0,0,0,0,0,0,0,0,3,0,0,3,0,0,0,0,0,0,0,0,0,0,0,0,0,0,0,0,0,0,0,0,0,0,0,0,0,0,0,0,0,0,0,0,0,0,0,0,0,0,0,0,0,0,0,0,0,0,1,0,0,0,0,0,0,0,0,0,0,1,0,0,0,0,0,0,1,0,2,0,0,0,0,0,0,0,0,1,0,0,0,0,0,0,0,0,0,0,0,0,0,0,0,0,0,0,0,0,0,0,0,0,1,0,0,0,0,0,0,0,0,0,0,0,0,0,0,0,0,0,0,0,0,0,1,0,0,0,0,0,0,0,0,0,0,0,0,0,0,0,0,0,0,0,0,0,0,0,0,0,0,0,0,0,0,0,0,0,0,0,0,0,0,0,0,0,0,0,3,0,0,0,1,0,0,0,0,1,0,0,0,0,0,0,0,0,0,0,0,0,0,0,0,0,0,0,0,0,0,0,0,0,0,0,0,0,0,0,0,0,0,1,0,0,0,0,0,0,0,1,0,0,0,0,0,0,0,0,0,0,0,1,0,0,0,0,0,0,0,0,0,0,0,0,0,0,0,0,0,0,1,0,0,0,0,0,0,0,0,0,0,0,0,0,0,0,0,0,0,0,0,0,0,0,0,0,0,0,0,0,0,0,0,0,1,0,0,0,0,0,0,0,0,0,0,0,1,0,0,0,1,0,0,0,0,0,0,0,0,0,0,0,0,0,0,0,0,0,0,0,0,0,0,0,0,0,0,0,0,0,0,0,0,0,0,0,0,0,0,0,0,0,0,0,0,0,0,0,0,0,0,0,0,0,0,0,0,0,0,0,0,0,1,0,0,0,0,0,0,0,0,0,0,0,0,0,0,0,0,0,0,0,0,0,0,0,0,0,0,0,0,0,0,0,0,0,0,0,0,0,0,0,0,0,0,0,0,0,0,0,0,0,0,0,0,0,0,0,0,0,0,0,0,0,0,0,0,0,0,5,0,0,0,0,0,0,0,0,0,0,0,0,0,0,0,0,0,0,0,0,0,0,0,0,0,0,0,1,0,0,0,0,0,0,0,0,0,0,0,0,0,0,0,0,0,1,0,0,0,0,0,2,0,0,0,0,0,0,0,0,0,0,0,0,0,0,0,0,0,0,0,0,0,0,0,0,1,0,0,0,0,0,0,0,0,0,0,0,0,0,0,0,0,0,0,1,0,0,0,0,0,0,0,0,0,0,0,0,0,0,0,0,0,0,0,0,0,0,0,0,0,0,0,0,0,0,0,0,0,0,0,0,0,0,0,0,0,0,0,0,0,0,0,0,0,0,0,0,0,1,0,0,0,0,0,0,0,0,0,0,0,0,0,0,0,0,0,0,0,1,0,0,0,0,0,0,0,0,2,0,0,0,0,0,1,3,0,0,0,0,0,0,0,0,0,1,0,1,0,0,1,0,0,0,0,0,0,0,1,0,0,0,0,0,0,0,0,0,0,0,0,0,0,0,0,0,0,0,0,0,0,0,0,0,0,0,0,2,0,0,0,0,0,1,0,0,0,0,0,0,0,1,0,0,0,0,0,0,0,0,0,0,0,0,0,1,0,0,0,0,0,0,0,0,0,0,0,0,0,0,0,0,0,0,0,0,0,0,0,0,0,0,0,2,0,0,1,0,0,1,0,1,0,0,0,0,0,0,1,0,0,0,0,0,0,0,0,0,0,0,0,0,0,0,0,0,0,0,0,0,0,0,0,0,0,0,0,0,0,0,0,0,0,0,0,0,1,1,0,0,0,0,0,0,0,0,0,0,0,0,0,0,0,0,0,0,0,0,0,0,0,0,0,0,0,0,0,0,0,1,0,0,0,0,0,0,0,0,0,0,0,0,0,0,0,0,0,0,0,0,0,0,0,0,0,0,0,0,0,0,1,0,0,0,0,0,0,0,0,0,1,0,0,0,0,2,0,1,1,0,0,0,0,0,0,0,0,0,0,0,0,0,0,0,0,0,0,0,0,0,0,0,0,0,0,0,0,0,0,0,0,0,0,0,0,0,0,0,0,0,0,0,0,0,0,0,0,0,0,1,0,0,0,0,0,0,0,0,0,0,0,0,0,0,0,0,0,0,0,0,0,0,0,0,0,0,0,0,0,0,0,0,0,0,1,0,0,0,0,0,0,0,0,0,0,0,0,0,0,0,0,0,0,0,0,0,0,1,0,0,0,0,0,0,0,0,0,0,0,0,0,0,0,0,0,0,0,0,0,0,0,0,0,0,0,0,0,0,0,0,4,1,0,0,0,0,0,0,0,0,0,0,0,0,0,0,0,0,0,0,0,0,0,0,0,0,0,0,0,0,0,0,0,0,0,0,0,0,0,0,0,0,0,0,0,0,1,0,0,0,0,0,0,0,0,0,0,1,0,0,0,0,0,0,0,0,0,0,0,0,0,0,0,0,0,0,0,0,0,0,0,0,0,1,0,0,0,0,0,0,0,0,0,0,0,0,0,0,1,0,0,0,0,0,0,0,1,0,0,0,0,0,0,0,0,0,0,2,0,0,0,0,0,0,0,0,0,0,0,0,0,0,0,0,0,0,0,0,0,1,0,0,1,1,0,1,0,1,0,0,0,0,0,0,0,0,0,0,0,0,0,0,0,0,0,0,0,0,0,0,0,0,0,0,0,0,0,0,0,0,0,0,0,0,0,0,0,0,0,0,0,0,0,0,1,0,0,0,0,0,0,0,0,0,1,0,0,0,0,0,0,0,0,0,0,0,0,1,0,0,0,0,0,0,0,0,0,0,0,0,0,0,0,0,0,0,0,0,0,0,0,0,0,0,0,0,0,0,0,0,0,0,0,0,0,0,0,0,1,0,0,0,0,0,0,0,0,0,0,0,0,0,0,0,0,0,0,0,0,2,0,0,0,0,0,0,0,0,1,0,0,0,0,0,0,0,0,0,0,0,0,0,0,0,0,1,0,0,0,0,1,0,0,0,0,0,0,0,0,0,0,0,0,0,0,0,0,0,0,0,0,0,0,0,0,0,0,0,0,0,0,0,0,0,0,1,0,0,0,0,0,0,0,0,2,0,0,0,1,0,0,0,0,0,0,0,0,0,0,0,0,0,0,0,0,0,0,0,0,0,0,0,0,0,0,0,0,0,0,0,0,0,0,0,0,0,0,0,0,0,0,0,0,0,0,0,0,0,0,0,0,0,0,0,0,0,0,0,0,0,0,0,0,0,0,1,0,0,0,0,0,0,0,0,0,0,0,0,0,0,0,0,0,0,0,0,0,0,0,0,0,0,0,0,0,0,0,0,0,0,0,0,0,0,0,0,1,0,0,0,0,0,0,0,0,0,0,0,0,0,0,0,0,0,0,0,0,0,0,0,0,0,0,0,0,0,0,0,0,0,0,0,0,0,0
PPP3CC,0,0,0,0,0,0,0,2,1,1,1,0,0,0,0,2,0,0,0,1,1,0,0,0,0,0,0,0,0,0,1,0,0,0,0,1,0,0,0,0,0,0,1,0,1,0,0,0,0,0,0,1,0,0,1,0,0,0,0,0,0,0,0,0,0,0,0,0,0,0,0,0,0,0,0,0,0,0,0,0,1,0,0,0,0,0,1,1,0,0,1,0,0,0,0,0,0,0,0,1,0,0,0,1,0,0,1,0,0,0,0,0,0,0,1,2,0,0,0,0,0,1,0,0,1,0,2,0,0,0,0,0,1,0,0,0,0,1,0,0,0,0,0,0,0,1,0,0,0,1,0,1,1,0,1,0,0,0,0,0,0,0,0,0,1,1,0,0,0,0,1,0,0,0,0,0,0,0,0,0,0,0,0,0,0,0,0,0,0,0,0,0,0,0,0,1,1,0,0,0,0,0,0,0,0,0,0,0,0,1,0,0,0,1,0,0,0,0,1,0,0,1,3,0,0,0,0,0,0,0,0,0,0,0,0,0,1,1,0,0,0,0,0,0,0,0,0,0,0,0,0,0,0,2,1,0,0,0,3,0,1,0,1,0,0,0,0,0,0,2,0,0,0,0,0,0,1,0,0,0,0,0,0,0,0,0,0,1,0,0,0,1,0,0,1,0,0,0,1,0,0,0,1,0,0,0,0,0,0,0,0,1,0,1,0,0,0,0,0,0,0,1,0,0,1,1,0,0,0,0,0,0,1,0,0,0,0,0,1,0,0,0,0,0,0,0,0,0,0,0,1,0,2,1,0,0,0,1,0,0,0,1,0,0,1,0,1,0,0,1,0,0,0,0,0,0,0,1,0,0,0,1,0,0,0,0,0,2,0,1,0,0,1,2,0,0,0,0,0,0,0,0,1,1,0,0,0,1,1,0,2,1,0,0,1,0,0,1,1,1,0,0,2,1,0,1,1,0,0,0,2,1,0,0,0,0,0,0,0,0,0,0,0,0,1,0,0,0,0,0,0,0,0,0,0,1,2,0,0,0,0,0,0,0,0,0,0,0,0,0,0,0,0,1,1,0,0,0,0,0,0,1,0,0,0,0,0,2,1,0,0,0,0,0,0,0,1,0,0,0,0,0,0,0,0,0,0,0,0,0,0,0,0,0,1,0,0,0,0,0,0,0,0,0,0,0,0,0,0,0,0,0,0,0,0,0,0,0,0,0,0,0,0,0,0,1,0,0,1,1,0,0,0,0,0,1,0,0,0,0,0,1,0,1,0,0,0,0,0,0,0,0,0,0,0,0,0,0,0,0,0,0,0,0,1,0,1,0,0,0,0,0,2,0,0,1,0,0,0,0,0,0,0,0,0,0,0,0,0,0,0,0,0,0,4,1,0,1,0,0,1,1,0,0,1,1,0,0,0,0,0,0,0,0,0,1,0,0,0,0,0,0,1,0,0,0,1,0,0,0,0,0,0,0,0,0,0,0,0,0,0,0,0,1,0,0,0,0,0,0,0,0,1,0,0,1,0,0,0,0,0,0,3,0,0,1,1,0,0,0,0,0,0,0,0,1,1,0,0,0,1,0,1,0,0,0,0,0,0,1,0,0,0,0,0,0,1,0,0,0,0,0,0,0,0,0,0,0,0,1,0,0,0,1,0,0,0,0,0,0,0,0,0,0,0,2,0,0,0,0,0,0,0,1,1,0,0,0,0,0,1,0,0,0,0,0,1,0,0,1,1,0,0,0,0,1,0,0,0,1,0,0,1,0,0,0,0,0,0,0,0,0,0,0,1,0,0,0,0,0,0,0,0,0,0,0,1,0,0,0,0,0,0,0,0,0,0,0,0,1,0,0,0,1,0,0,0,0,0,0,1,0,0,1,0,0,0,2,0,1,0,0,0,0,0,0,0,0,0,0,0,0,0,0,2,0,0,0,1,0,1,0,0,0,1,0,0,0,2,0,1,0,0,1,1,0,1,0,0,0,0,0,0,0,0,0,0,0,1,0,0,0,0,0,0,0,0,0,0,0,0,0,0,0,0,0,0,0,0,0,0,1,0,0,0,0,1,0,0,0,0,0,0,0,0,0,0,0,0,0,0,0,0,0,0,0,0,0,0,0,0,0,0,0,0,1,0,0,0,0,0,0,0,0,0,0,1,0,0,0,1,0,0,0,0,0,0,0,0,0,0,0,0,1,0,2,0,0,0,0,0,0,0,1,0,0,0,0,0,0,1,0,1,0,0,0,0,0,0,0,1,0,1,1,0,0,0,0,0,0,1,1,0,0,1,1,2,0,0,0,0,0,0,0,0,0,0,0,0,0,0,0,0,0,0,0,0,0,0,0,1,0,0,0,0,0,0,1,0,0,0,0,0,0,1,0,1,0,0,0,0,0,0,0,0,1,0,0,0,0,0,0,1,0,0,0,0,0,0,0,0,0,0,0,0,0,0,0,0,0,0,0,1,0,0,0,0,0,0,0,1,0,1,0,0,0,0,0,0,0,0,0,0,0,1,0,0,0,1,0,0,1,0,1,0,0,0,0,0,0,0,0,0,0,0,0,1,0,0,0,0,0,0,0,1,0,0,0,1,1,0,0,0,0,0,0,0,1,0,1,0,0,1,0,0,0,0,0,0,0,0,1,0,0,1,0,0,0,0,0,0,0,0,0,1,0,1,0,0,0,0,0,0,0,0,1,0,1,0,0,1,0,1,0,0,0,2,0,0,0,0,0,0,0,0,2,0,0,0,0,0,0,0,0,0,0,0,0,0,0,0,1,1,0,0,0,0,0,0,0,1,0,0,0,0,0,0,0,1,0,0,0,0,0,0,0,0,0,0,0,0,0,0,0,0,0,0,0,0,1,0,0,0,0,0,0,0,0,0,1,1,0,0,1,0,0,0,0,0,0,0,0,0,0,0,0,0,0,0,0,0,3,0,0,0,0,0,0,0,0,0,0,1,0,0,0,0,0,0,0,0,0,0,0,0,0,0,0,0,0,0,0,0,0,0,0,0,2,1,0,0,0,0,0,0,1,0,0,0,0,0,0,0,0,0,0,0,1,0,0,0,0,0,0,0,0,0,1,0,0,0,0,0,0,0,0,0,0,0,0,1,0,1,0,1,0,0,0,0,1,0,0,0,0,0,0,0,0,0,0,0,0,0,0,0,0,1,1,0,0,0,0,0,0,0,0,0,0,1,0,0,0,0,0,0,0,0,0,1,0,0,0,0,0,0,0,0,0,0,0,0,0,0,0,0,1,0,0,0,0,0,1,0,0,0,0,1,0,0,0,1,0,0,0,0,0,0,0,1,0,0,1,0,0,0,0,0,1,0,0,0,0,3,0,1,0,0,0,0,0,0,0,0,0,1,0,0,1,0,1,0,0,0,0,0,0,0,0,0,1,0,0,1,0,0,1,0,1,0,1,0,0,0,0,0,0,0,0,0,0,0,0,0,0,0,1
ARHGAP25,0,0,1,0,0,0,0,1,1,0,0,0,0,0,0,0,0,0,0,0,0,0,0,0,0,0,0,0,1,2,0,0,2,1,0,0,0,0,1,0,0,0,1,0,1,0,0,0,0,0,0,0,0,0,0,0,0,0,0,0,0,1,0,0,0,0,1,0,0,0,0,0,0,0,0,0,0,0,0,0,2,0,0,0,2,0,0,0,2,0,0,0,0,0,0,0,0,0,0,2,2,0,0,0,0,0,0,0,0,0,2,0,0,0,0,0,1,0,1,0,0,0,0,0,0,0,0,2,0,0,0,0,2,2,0,0,0,0,0,0,0,0,0,0,1,1,0,0,0,0,0,1,2,0,1,0,0,0,0,1,0,0,0,0,1,0,0,0,0,0,0,1,0,0,0,0,0,0,0,0,0,0,0,1,0,0,0,0,0,1,0,0,1,0,0,2,0,0,0,2,0,0,0,0,0,1,1,2,0,0,0,0,1,0,0,1,0,0,0,0,0,0,0,1,0,0,0,0,0,0,0,1,0,0,0,0,0,0,0,0,0,0,0,0,0,0,0,0,0,0,1,0,1,0,0,0,1,0,0,0,0,0,0,0,0,0,0,1,0,0,0,1,0,0,0,1,0,0,0,0,0,0,0,2,0,0,0,0,0,1,0,0,0,0,1,0,0,0,0,0,0,0,0,0,0,0,0,0,1,0,0,0,0,0,0,1,0,0,0,0,0,0,1,0,0,0,0,0,0,0,0,0,0,0,0,0,1,1,1,0,0,1,0,0,1,0,0,0,0,0,0,0,0,0,1,1,0,2,0,0,0,0,0,0,1,0,2,0,0,0,0,0,0,0,0,0,0,0,1,0,0,0,0,0,0,0,0,4,0,0,0,1,0,1,0,0,1,0,1,0,0,1,0,0,0,0,0,0,0,0,1,1,0,1,0,0,0,0,0,0,0,0,3,1,0,0,0,3,1,0,0,0,1,0,0,0,0,0,1,1,2,0,0,0,0,0,0,0,0,0,0,0,0,1,0,0,0,0,0,0,0,0,0,0,0,0,0,0,0,0,0,0,0,0,0,0,0,0,0,0,0,1,0,1,0,1,1,1,0,0,0,0,0,0,0,0,0,0,0,0,0,0,0,0,0,0,0,0,1,1,0,1,0,0,0,1,1,0,0,0,1,0,0,0,0,0,0,1,0,0,0,0,1,1,0,0,1,0,0,0,0,0,0,0,0,0,0,0,0,0,0,0,0,0,0,0,0,0,0,1,1,1,0,0,0,0,1,0,0,0,0,1,0,1,0,0,0,0,0,0,0,1,0,0,1,0,1,0,0,0,0,0,0,0,1,1,0,0,0,1,0,1,0,1,0,0,0,0,0,0,0,0,0,0,0,0,0,0,0,0,0,0,0,0,0,0,0,0,0,0,0,0,0,0,0,2,0,0,0,0,0,0,1,0,0,1,0,0,0,0,0,1,0,0,0,0,2,0,0,0,1,1,1,0,0,0,0,0,0,1,0,0,0,0,1,0,0,0,0,0,1,0,0,0,0,0,0,0,0,0,2,1,0,0,0,0,1,0,0,0,0,0,0,3,1,0,0,0,0,0,0,1,0,0,0,0,0,1,0,0,0,0,0,0,0,0,0,0,0,0,1,0,0,0,1,0,0,0,0,0,0,0,0,0,0,1,0,1,0,0,0,0,0,1,0,0,0,1,0,0,0,0,0,0,0,0,1,0,0,0,0,0,0,0,0,0,0,0,0,0,0,0,0,0,0,0,0,1,0,0,1,0,0,0,0,1,0,0,0,0,0,0,0,0,0,0,0,0,0,2,0,0,0,1,0,0,1,0,1,1,0,0,0,0,1,0,0,0,0,0,2,0,0,0,1,0,0,0,0,2,0,1,0,0,1,1,0,1,0,0,0,0,0,0,0,0,0,0,0,0,0,0,0,0,0,2,0,0,0,0,1,0,0,1,0,0,0,0,0,0,0,0,0,0,0,0,0,0,2,0,1,2,0,0,0,0,0,0,1,0,0,0,0,1,0,0,1,0,0,0,1,0,0,0,0,0,0,0,0,0,0,0,0,1,0,0,0,0,0,0,0,0,0,0,0,0,0,1,0,1,0,0,3,0,0,0,0,0,1,1,0,0,0,1,0,0,1,0,0,0,0,0,0,0,0,0,0,0,0,0,0,0,0,0,0,1,0,0,0,0,0,0,0,0,0,1,0,0,1,0,1,0,0,1,0,0,0,0,0,0,0,0,0,0,0,0,0,0,0,0,0,0,0,0,0,0,0,0,0,0,1,0,0,0,1,1,0,0,0,0,0,0,0,0,0,0,1,0,0,0,0,0,0,0,0,0,0,2,0,0,0,0,0,1,1,1,0,0,1,0,0,0,0,0,0,0,0,0,0,0,0,0,0,0,2,1,0,0,0,0,0,0,0,1,0,0,1,0,0,0,0,0,0,1,1,0,0,0,0,0,0,0,0,0,0,0,0,0,0,0,0,0,1,0,0,0,0,0,0,1,0,1,0,0,0,0,0,0,0,0,0,0,2,1,0,0,0,0,0,0,0,0,0,0,0,0,1,0,0,0,0,0,0,0,0,0,0,0,0,0,0,0,0,0,0,0,1,0,0,1,0,0,1,0,1,0,1,0,0,0,0,0,0,0,0,0,1,0,0,0,0,0,0,0,0,0,0,0,0,0,0,0,0,0,0,1,0,0,0,0,0,0,1,0,0,0,0,1,0,0,0,1,0,0,0,0,0,0,0,1,0,0,0,0,0,0,0,1,0,0,0,0,0,0,0,1,0,0,0,1,0,1,0,0,0,0,0,0,0,0,0,0,1,0,1,0,0,0,0,0,0,0,2,0,0,0,0,0,0,0,0,0,0,0,0,0,2,0,0,0,0,0,0,0,0,0,0,0,1,0,0,0,0,0,0,0,0,1,0,0,0,0,1,0,0,0,0,0,0,0,0,0,0,0,0,0,1,1,0,0,1,1,0,1,0,0,0,0,1,0,0,1,0,0,2,0,1,0,0,0,0,0,1,0,0,0,0,1,0,0,0,0,0,0,0,0,1,0,0,0,0,0,0,0,0,1,0,0,0,1,1,0,0,0,0,0,0,0,0,0,1,0,0,1,0,0,0,0,0,1,1,0,0,0,0,0,1,0,0,0,0,0,0,0,0,0,0,1,1,1,0,1,0,0,0,1,0,0,2,0,0,1,0,0,0,0,0,0,0,0,0,0,0,0,0,0,0,0,0,0,0,0,0,0,0,0,0,0,0,1,1,0,1,0,0,0,0,0,0,0,0,0,0,0,0,0,0,0,0,0,0,1,1,0,0,0,0,0,0,1,0,2,1,0,0,0,0,2,1,0,0,0,0,1,0,0,0,0,1,0,0,0,0,0,0,0,0,0,0,0,0,0,0,0,0,0,0,0,0,0,0,0,0,0,0,0
CHST2,0,1,0,0,0,0,0,0,0,0,0,0,0,0,0,0,0,0,0,0,0,0,0,0,0,0,0,0,0,0,0,0,0,0,0,0,0,0,0,0,0,0,0,0,0,0,0,0,0,0,0,0,0,0,0,0,1,0,0,0,0,0,0,0,1,0,0,0,0,0,0,0,0,0,0,0,0,0,0,0,0,0,0,0,1,0,0,0,0,0,0,0,0,0,0,0,0,0,0,1,0,0,0,0,0,0,0,1,1,0,0,0,0,1,0,0,0,1,0,0,0,0,0,0,0,0,0,0,0,0,0,0,0,0,0,2,0,0,0,0,0,0,0,0,0,1,0,0,0,1,0,0,0,0,0,0,0,0,0,0,0,0,0,0,0,0,0,0,0,1,0,0,0,0,0,0,0,0,1,0,0,0,0,0,1,0,0,0,0,0,0,0,0,1,0,0,0,0,0,0,0,0,0,0,0,0,0,0,0,0,0,0,0,0,0,0,0,0,0,0,0,0,0,0,0,0,0,0,0,0,0,0,0,0,0,0,0,0,0,0,0,0,0,0,0,0,0,0,0,0,0,0,0,0,0,0,0,0,0,0,0,0,0,0,0,0,0,0,0,0,1,0,0,0,0,0,0,0,0,0,0,0,0,0,0,0,0,0,0,1,0,0,0,0,0,0,0,0,0,0,0,0,0,0,0,0,1,0,0,0,0,0,1,0,0,0,0,0,0,0,0,0,0,0,0,0,0,0,0,0,0,0,0,0,0,0,0,0,0,0,0,0,0,0,0,0,0,0,0,0,0,0,2,0,0,0,0,0,0,0,0,0,0,0,3,0,1,0,0,0,0,0,2,0,0,0,0,0,0,0,0,0,0,0,0,0,0,0,0,0,0,2,0,0,0,0,1,0,0,1,0,0,0,0,0,0,0,1,0,0,0,0,0,0,0,0,0,0,1,0,0,0,0,0,0,0,0,0,0,0,0,0,0,0,0,0,1,0,0,0,1,0,0,0,0,1,1,1,0,0,0,0,0,0,0,0,0,0,0,0,0,0,0,0,0,0,0,0,0,0,0,0,0,0,1,1,0,0,0,0,0,0,0,0,0,0,0,0,0,0,0,0,0,0,0,0,0,0,0,2,0,0,0,0,0,0,0,0,0,0,0,0,0,0,0,0,0,0,0,0,0,0,1,0,0,0,0,0,0,0,0,0,0,0,0,0,0,1,0,0,0,0,0,0,0,1,0,1,1,0,0,0,0,0,0,0,0,0,0,0,0,0,0,0,0,0,0,0,0,0,0,0,0,0,0,0,0,0,0,0,0,0,0,0,0,0,0,0,0,0,0,0,0,0,0,0,0,0,0,0,0,1,0,0,0,0,0,0,0,0,0,0,1,0,1,0,0,0,0,0,0,0,0,0,0,0,0,0,0,0,0,0,0,0,0,1,0,0,0,0,0,0,0,0,0,0,0,0,0,0,2,0,0,0,0,0,0,0,0,0,0,0,0,0,0,0,0,0,0,0,0,0,0,0,1,0,0,0,0,0,0,0,0,0,0,0,0,0,0,0,0,0,0,0,0,0,0,0,0,0,0,0,0,0,0,0,0,0,0,2,0,0,0,0,0,0,0,0,0,0,1,0,0,1,0,0,0,0,0,0,0,0,0,0,0,0,0,0,0,0,0,0,0,0,0,0,0,0,0,0,0,0,0,0,0,0,0,1,0,0,0,0,0,0,0,0,0,0,0,0,1,0,0,0,1,0,0,0,0,0,0,0,0,0,0,0,0,0,0,0,0,0,0,0,0,0,0,0,0,0,0,0,0,0,0,0,0,0,0,0,0,0,0,0,2,0,0,0,0,1,2,0,0,0,0,0,0,0,0,0,0,0,0,0,2,0,0,0,0,0,0,0,0,0,0,0,0,0,1,0,0,0,0,0,0,0,0,0,0,0,0,0,0,0,0,0,0,0,0,0,0,0,0,0,0,0,0,0,0,0,0,0,0,0,0,0,0,0,0,0,0,0,0,0,0,0,0,0,0,0,0,0,0,0,0,0,1,0,0,0,0,0,0,0,0,0,0,0,0,0,0,0,0,0,0,0,0,0,0,0,0,0,0,0,0,0,0,1,0,0,0,0,0,0,0,0,0,0,0,0,0,0,0,0,0,0,0,0,0,0,0,0,0,1,0,0,0,0,0,0,0,1,0,0,0,0,0,0,0,0,0,0,0,0,0,0,0,0,0,1,0,0,0,0,0,2,0,0,0,0,0,0,0,0,1,0,0,0,0,1,0,0,0,0,1,0,0,0,0,0,0,0,0,0,0,0,0,0,0,0,0,1,0,0,0,0,0,0,0,0,0,0,0,0,0,0,0,0,0,0,0,0,0,0,0,0,0,0,0,0,0,0,0,0,1,0,0,0,0,0,0,0,0,0,0,0,0,0,0,0,0,0,0,1,0,1,0,0,0,0,0,0,0,0,1,0,0,0,0,0,0,0,0,0,0,0,0,0,0,0,0,0,0,0,0,0,0,0,0,0,0,0,0,0,0,0,2,0,0,0,0,0,0,0,0,0,0,0,0,0,0,0,0,1,0,0,0,0,0,0,0,0,0,0,0,0,0,0,0,0,0,0,0,0,0,0,0,0,0,1,0,0,2,0,0,1,0,0,0,2,0,0,0,0,0,0,0,0,0,0,0,1,0,0,0,0,0,1,0,0,0,0,0,0,0,0,0,0,0,0,0,0,2,1,0,0,0,0,0,0,0,0,0,0,0,0,0,0,0,0,0,0,0,0,0,0,0,0,0,0,0,0,0,0,0,0,0,0,0,0,0,0,0,0,0,0,0,0,0,0,0,0,0,0,1,0,0,0,0,0,0,0,0,0,0,0,0,0,0,0,0,0,0,0,0,0,0,0,0,0,0,0,0,0,0,0,1,0,0,0,2,0,0,0,0,0,0,0,0,0,0,0,0,0,0,0,0,0,0,0,0,0,0,0,0,0,0,1,0,0,0,0,0,0,0,0,0,0,0,0,0,0,0,0,0,0,0,0,1,0,0,0,0,0,0,0,0,3,0,0,0,0,0,1,0,0,0,0,0,0,0,0,0,0,0,0,0,0,0,0,1,0,0,0,0,0,0,0,0,0,2,0,0,0,0,0,0,0,1,0,0,0,0,0,0,1,0,1,0,0,0,0,0,0,0,0,0,0,0,0,0,0,0,0,0,0,0,0,0,0,0,0,0,0,0,0,0,0,0,0,0,0,0,0,0,0,0,0,0,0,0,0,0,0,0,0,0,0,0,0,0,0,0,0,0,0,1,0,1,0,0,0,0,0,0,0,0,0,0,0,0,0,0,0,0,0,0,0,0,0,0,0,0,0,0,0,1,0,1,0,0,2,0,0,0,0,0,0,0,0,0,0,0,0,0,0,0,0,0,0,0,0,0,0,0,0,0,0,0,0,0,0,0,0,0,0
TAF1D,0,0,0,0,0,1,0,0,1,0,2,0,0,1,0,2,1,0,0,0,0,0,1,0,0,1,1,3,1,1,0,2,1,0,0,1,0,2,1,0,0,0,0,0,0,0,0,0,0,0,1,0,1,0,0,0,0,0,0,1,4,0,1,0,0,0,1,0,0,1,0,0,0,0,0,1,0,1,0,0,0,1,0,0,0,2,0,1,0,0,0,0,1,0,0,1,2,0,0,0,0,0,0,0,0,1,0,0,2,1,0,0,0,0,0,0,0,0,0,0,0,0,0,0,2,1,0,0,0,0,0,0,0,0,0,0,0,2,0,1,0,0,1,0,0,1,1,1,1,0,0,0,1,0,0,2,0,0,2,0,1,0,0,0,0,0,0,0,1,1,0,0,2,0,0,1,0,0,0,0,0,0,0,0,1,0,0,3,0,0,0,1,0,1,0,0,0,0,0,1,0,1,1,0,3,0,1,0,1,3,0,1,0,1,1,0,1,0,2,0,0,0,1,1,1,0,0,0,1,2,2,0,0,1,0,0,0,0,0,1,0,0,2,0,0,0,0,0,1,1,1,1,0,0,0,1,1,0,0,0,1,1,0,0,1,0,0,0,0,0,0,2,0,0,0,0,0,0,0,1,0,1,1,2,1,0,0,0,2,1,0,1,1,0,0,0,0,0,0,1,1,0,1,0,0,1,2,0,0,1,0,0,0,1,0,0,0,1,0,1,0,0,0,0,0,3,0,2,0,0,0,0,0,0,0,0,0,0,1,0,2,0,0,1,0,0,0,0,0,0,0,1,1,1,0,0,1,1,1,0,0,1,0,0,0,0,1,1,0,1,0,0,0,0,0,0,1,3,1,0,0,0,2,0,3,0,1,1,0,0,0,0,0,0,0,0,0,0,0,0,1,2,2,0,0,0,2,0,1,0,0,2,0,0,0,0,0,0,0,1,0,0,0,0,0,0,0,1,1,0,0,0,1,0,0,1,0,0,0,0,0,1,2,3,2,1,0,0,1,0,0,0,1,0,0,0,0,1,0,0,0,2,2,1,0,0,0,0,0,0,1,1,0,0,0,0,0,1,0,0,0,0,0,0,0,0,1,0,0,0,0,0,0,0,1,0,1,1,0,0,0,0,0,0,0,0,1,2,0,0,0,0,1,0,0,0,0,0,0,0,0,0,0,1,1,0,0,0,0,0,0,2,0,0,0,0,1,0,0,1,12,1,0,0,2,1,0,0,1,0,2,1,0,0,1,2,0,0,0,0,0,0,0,2,1,2,0,2,0,0,0,0,1,0,0,0,0,1,0,1,1,0,0,0,0,0,0,0,0,0,0,0,1,0,2,0,0,1,1,0,0,1,0,1,1,1,1,1,1,0,1,0,3,0,3,1,0,0,0,0,0,0,0,0,0,1,0,0,1,0,0,2,0,0,0,0,0,0,3,0,0,0,2,1,0,0,0,1,1,0,0,0,0,0,0,0,1,0,2,0,1,0,0,1,0,0,0,0,0,0,0,1,0,0,0,0,1,1,0,0,0,2,0,1,0,0,0,0,0,0,0,0,0,0,2,0,0,0,0,0,0,1,3,0,0,1,0,0,0,2,1,1,0,1,0,0,0,1,0,0,0,1,1,0,0,0,0,0,0,2,0,1,0,0,0,1,0,0,0,1,0,0,0,0,0,1,1,0,0,0,0,1,0,0,0,0,0,0,1,1,0,0,0,0,0,0,0,0,2,1,0,0,0,0,0,0,0,1,0,0,1,0,0,2,1,1,0,2,0,1,0,0,3,0,0,1,0,0,0,0,1,0,1,2,0,1,0,0,0,0,0,0,2,0,0,1,0,0,0,1,1,0,0,3,0,2,0,0,0,0,0,0,1,0,0,0,0,2,0,0,0,0,2,0,0,1,0,0,0,1,0,0,0,0,0,0,0,0,1,2,1,1,0,0,0,0,1,0,0,0,0,0,2,2,1,0,0,1,1,0,0,0,1,0,0,0,1,0,0,1,1,0,0,0,0,0,0,0,1,0,0,1,0,0,1,0,0,1,2,2,2,0,1,0,0,0,0,1,1,1,0,2,0,0,0,0,0,0,0,0,0,0,0,1,2,0,1,1,0,0,0,0,1,0,0,0,0,0,0,1,0,2,1,0,0,0,0,0,0,1,0,0,0,1,0,2,0,0,0,0,1,0,0,1,2,0,0,0,0,2,0,0,1,1,1,0,0,0,0,0,0,0,0,1,0,1,0,0,0,0,0,1,0,0,1,0,0,2,1,0,0,1,1,0,0,0,1,1,0,1,0,1,1,0,1,0,1,0,1,0,0,2,2,0,2,1,0,0,0,0,0,1,0,0,1,0,0,0,0,1,0,0,0,0,0,0,0,1,1,0,0,1,0,0,0,3,0,0,0,1,1,1,0,0,0,0,0,1,1,0,1,0,0,0,1,1,0,0,0,1,0,3,0,0,0,1,1,1,0,0,2,1,0,0,0,1,0,4,1,1,1,1,0,0,0,0,0,0,1,0,0,0,0,0,1,2,0,1,0,0,0,0,2,1,0,0,1,0,0,1,0,0,0,0,0,0,0,1,0,0,1,0,0,0,0,0,1,0,0,0,1,1,0,0,0,0,0,1,0,0,0,0,0,0,0,0,1,0,0,0,0,0,1,2,0,0,0,0,0,0,0,0,0,0,0,0,0,1,1,1,3,2,1,0,0,0,0,0,0,0,0,1,0,0,0,1,0,0,1,0,0,0,0,0,0,0,0,0,1,1,0,2,0,0,0,0,0,0,0,0,0,1,0,0,1,0,0,0,0,0,0,2,0,1,0,0,0,0,0,0,1,0,0,2,0,0,0,0,0,0,0,0,0,0,1,0,0,1,0,0,2,3,1,4,0,0,0,0,0,0,1,1,3,0,0,0,0,1,1,0,0,0,0,1,0,0,0,1,2,2,1,0,0,0,2,0,0,2,1,0,0,0,0,1,0,0,1,0,0,0,2,0,1,1,0,0,0,0,2,0,1,0,1,0,1,0,0,1,0,0,1,1,0,1,0,2,0,0,0,1,1,1,1,0,0,0,0,0,0,1,0,1,0,0,0,1,0,0,2,0,0,0,0,0,0,1,0,1,0,0,0,0,0,1,0,0,1,0,0,0,0,0,1,0,2,0,0,0,0,0,0,2,0,0,0,0,0,0,0,0,0,0,0,0,0,0,0,0,0,1,0,1,0,1,0,0,0,0,0,0,2,2,0,1,0,0,0,2,0,0,0,1,0,0,0,0,1,1,0,1,1,0,0,1,1,0,0,0,1,1,0,0,0,0,1,0,0,0,0,0,0,2,1,0,1,0,1,0,0,1,0,0,1,0,1,0,0,0,2,2,0,0,0,0,0,2,0,0,0,1,0,0,1,0,0,0,1,0,1,0,0,0,0,0,0,1,0,2,0,0,0,1,2,0,2,1
TPM2,0,0,0,0,0,0,0,0,0,0,0,0,0,0,0,0,0,0,0,0,0,0,0,0,0,0,0,0,0,0,0,0,0,5,0,0,0,0,0,0,0,0,0,0,0,0,0,0,0,0,0,0,0,0,0,0,0,0,0,0,0,0,0,0,0,0,0,0,0,0,0,0,0,0,0,0,0,0,0,0,0,0,0,0,0,0,0,0,0,0,8,1,0,0,0,0,0,0,0,0,0,0,0,0,0,0,0,0,0,0,0,0,0,0,0,0,0,0,0,0,0,0,0,0,0,0,0,0,0,0,0,0,0,0,0,0,0,0,0,0,0,0,0,0,0,0,0,0,0,0,0,0,0,0,0,0,0,0,0,0,0,0,0,0,0,0,0,0,0,0,0,0,0,0,0,0,0,0,0,0,0,0,0,0,0,0,0,0,0,0,0,0,0,0,0,0,0,0,0,0,0,0,0,0,0,0,0,0,0,0,0,0,0,0,0,0,0,0,1,0,0,0,5,0,0,0,0,0,0,0,0,0,0,0,0,0,0,0,0,0,0,0,0,0,0,0,0,0,0,0,0,0,0,0,0,0,0,0,0,0,0,0,0,0,0,0,0,0,0,0,0,0,0,0,0,0,0,0,0,0,0,0,0,0,0,0,0,0,0,0,0,0,0,0,0,0,0,0,0,0,0,0,0,0,0,0,0,0,0,0,0,0,0,0,0,0,0,0,0,0,0,0,1,0,0,0,0,0,0,0,0,0,0,0,0,0,0,0,0,0,0,0,0,0,0,0,0,0,0,0,0,0,0,0,0,0,0,0,0,0,0,0,0,0,0,0,0,0,0,0,0,0,0,0,0,0,0,0,0,0,0,0,0,0,0,0,0,0,0,0,0,0,0,0,0,0,0,0,0,0,0,0,0,0,0,0,0,0,0,0,0,0,0,0,0,0,0,0,0,0,0,0,0,0,0,0,0,0,0,0,0,0,0,0,0,0,0,0,0,0,0,0,0,0,0,0,0,0,0,0,0,0,0,0,0,1,0,0,0,0,0,0,0,0,0,0,0,0,0,0,0,0,0,0,0,0,0,0,0,0,0,0,0,0,0,0,0,0,0,0,0,0,0,0,0,0,0,0,0,0,0,0,0,0,0,0,0,0,0,0,0,0,0,0,0,0,0,0,0,0,0,0,0,0,0,0,0,0,0,0,0,0,0,0,0,0,0,0,0,0,0,0,0,0,0,0,0,0,0,0,0,0,0,0,0,0,0,0,0,0,0,0,0,0,0,0,0,0,0,0,1,0,0,0,0,0,0,0,0,0,0,0,0,0,0,0,0,0,0,0,0,0,0,0,0,0,0,0,0,0,0,0,0,0,0,0,0,1,0,0,0,0,0,0,0,0,0,0,0,0,0,0,0,0,0,0,0,0,0,0,0,0,0,0,0,0,0,0,0,0,0,0,0,0,0,0,1,0,0,0,0,0,0,0,0,0,0,0,0,0,0,0,0,0,0,0,0,0,0,0,0,0,0,0,0,0,0,0,0,0,0,0,0,0,0,0,0,0,0,0,0,0,0,0,0,0,0,0,0,0,0,0,4,0,0,0,0,0,0,0,0,0,0,0,0,0,0,0,0,0,0,0,0,0,0,0,0,0,0,0,0,0,0,0,8,0,0,0,0,0,0,0,0,0,0,0,0,0,0,0,0,0,0,0,0,0,0,0,1,0,0,0,0,0,0,0,0,0,0,0,0,0,0,0,0,0,0,0,0,1,0,0,0,0,0,0,0,0,0,0,0,0,0,0,0,0,0,0,0,0,0,0,0,0,0,0,0,0,0,0,0,0,0,0,0,0,0,0,0,0,0,0,0,0,0,0,0,0,0,0,0,0,0,0,0,0,0,0,0,0,0,0,0,0,0,0,0,0,0,0,0,0,0,0,0,0,0,0,0,0,0,0,0,0,0,0,0,0,0,0,0,0,0,0,0,0,0,0,0,0,0,0,0,0,0,0,0,0,0,0,0,0,0,0,0,0,0,0,0,0,0,0,0,0,0,0,0,0,0,0,0,0,0,0,0,0,0,0,0,0,0,0,0,0,1,0,0,0,0,0,0,0,0,0,0,0,0,1,0,0,0,0,0,0,0,0,0,0,0,0,0,0,0,0,0,0,0,0,0,0,0,0,0,0,0,0,0,0,0,0,0,0,0,0,0,0,0,0,0,0,0,0,0,0,0,0,0,0,0,0,0,0,0,0,0,0,0,0,0,0,0,0,0,0,0,0,0,0,0,0,1,0,0,0,0,0,0,0,0,0,0,0,0,0,0,0,0,0,0,0,0,0,0,0,0,0,0,0,0,0,0,0,0,0,0,0,0,0,0,0,0,0,0,0,0,0,0,0,0,0,0,0,0,0,0,0,0,0,0,0,0,0,0,0,0,7,0,0,0,0,3,0,0,0,0,0,0,0,0,0,0,0,0,0,0,0,0,0,0,0,0,0,0,0,0,0,0,0,0,0,0,0,0,0,0,0,0,0,1,0,0,0,0,0,0,0,0,0,0,0,0,0,0,0,0,0,0,0,0,0,0,0,0,0,0,0,0,0,4,0,0,0,3,0,0,0,0,0,0,0,0,0,0,0,0,0,0,0,0,0,0,0,0,0,0,0,0,0,0,0,0,0,0,0,0,0,0,0,0,0,0,0,0,0,0,0,0,0,0,0,0,0,0,0,0,0,0,0,0,0,0,0,0,0,0,0,0,0,0,0,0,0,0,0,0,0,0,0,0,0,0,0,0,0,0,5,0,0,0,0,0,0,0,0,0,0,0,0,0,0,0,0,0,0,0,0,0,0,0,0,0,0,0,0,0,0,0,0,0,0,0,0,0,0,0,0,0,0,0,0,0,0,0,0,0,0,0,0,0,0,0,0,0,0,0,0,0,0,0,0,0,0,0,0,0,0,0,0,0,0,0,0,0,0,0,0,0,0,0,0,0,0,0,0,0,0,0,0,0,0,0,0,0,0,0,0,0,0,0,0,0,0,0,0,0,0,0,0,0,0,0,0,0,0,0,0,0,0,0,0,0,0,0,0,0,0,0,0,0,0,0,0,0,0,0,0,0,0,0,0,0,0,0,0,0,0,0,0,0,8,0,0,0,0,0,0,0,0,0,0,0,0,0,0,0,0,0,0,0,3,0,0,0,0,0,0,0,0,0,0,0,0,0,0,0,0,0,0,0,0,0,0,0,0,0,0,0,0,0,0,0,0,0,0,0,0,0,0,0,0,0,0,0,0,0,0,0,0,0,0,0,0,0,0,0,0,0,0,0,0,0,0,0,0,0,0,0,0,0,0,0,0,0,0,0,0,0,0,0,0,0,0,0,0,0,0,0,0,0,0,0,0,0,0,0,0,0,0,0,0,0,0,0,0,0,0,0,0,0,0,0,0,0,0,0,0,0,0,0,0,0,0,0,0,0,0
LOC101927596,0,0,0,0,0,0,0,0,0,0,0,0,0,0,0,0,0,0,0,0,1,0,0,0,0,0,0,0,0,0,0,0,0,0,0,0,0,0,0,0,0,0,0,1,0,0,0,0,1,1,0,0,0,0,0,0,0,1,0,0,0,0,0,0,1,0,0,0,0,1,0,0,0,0,0,0,0,0,0,0,0,0,0,0,0,0,0,0,0,0,0,1,0,0,0,0,0,0,0,0,0,0,0,0,1,0,0,0,0,0,0,0,0,0,0,0,0,1,0,0,0,0,1,0,0,0,0,0,0,0,0,0,0,0,0,0,0,0,0,0,0,1,0,0,0,0,0,0,0,0,0,0,0,0,0,0,0,0,0,0,0,1,0,0,0,0,0,1,0,1,0,0,1,0,0,1,0,0,0,0,0,0,0,0,0,0,1,0,0,0,0,0,0,0,0,0,0,0,0,0,0,0,0,0,0,0,0,0,0,0,0,0,0,0,0,0,0,0,0,0,0,0,0,0,0,0,0,0,0,0,2,0,0,0,0,0,0,0,0,0,0,0,0,0,0,0,0,0,0,0,2,0,0,0,0,0,0,1,0,0,0,0,0,0,0,0,0,0,1,1,0,0,0,0,0,0,0,0,0,0,0,0,0,0,0,0,1,0,0,1,0,0,0,0,0,0,0,0,0,0,0,0,0,0,0,0,0,0,0,1,0,0,0,0,0,0,0,0,0,0,0,0,0,1,0,0,0,0,0,0,0,0,0,0,0,0,0,0,0,0,0,2,0,3,0,0,0,0,1,0,0,0,0,0,0,0,0,0,0,0,0,0,0,0,0,0,0,1,0,0,0,0,0,0,0,0,0,0,0,0,0,0,0,0,0,0,0,0,0,0,0,0,0,0,0,0,0,0,0,0,0,0,0,0,0,0,0,0,0,0,0,2,0,0,0,0,1,0,0,0,0,0,0,0,0,0,0,0,0,0,0,1,0,0,0,0,0,0,0,0,0,0,0,0,0,0,0,1,0,0,0,0,0,0,0,1,0,0,0,0,0,0,0,0,0,0,0,0,0,0,0,0,0,2,0,0,0,0,0,0,0,0,0,0,0,2,0,0,1,0,0,0,0,0,0,0,0,0,0,0,0,0,0,1,1,0,0,0,0,0,0,0,0,0,0,0,0,0,0,0,0,0,1,0,0,0,0,0,0,0,0,0,0,0,0,0,0,0,0,0,0,0,0,0,0,0,0,0,0,0,1,0,0,0,0,0,0,0,0,0,0,0,0,0,0,1,0,0,0,0,0,0,0,0,0,0,0,0,0,0,0,0,0,0,0,0,0,0,0,0,0,0,0,0,0,0,0,0,0,0,0,0,0,0,0,0,0,1,0,0,0,0,0,0,0,0,0,0,0,0,0,1,0,0,0,0,1,0,0,0,0,0,0,0,0,2,0,0,0,0,0,0,0,0,0,0,0,0,0,0,0,0,0,0,0,0,0,0,0,0,0,0,0,0,0,0,0,0,0,0,0,0,0,0,0,0,0,0,0,0,0,0,0,0,0,1,0,0,0,1,0,0,0,0,0,0,0,0,0,0,0,0,0,0,0,0,1,0,0,0,0,0,0,0,0,0,0,0,0,0,0,0,0,0,0,0,0,0,0,0,0,0,0,0,0,0,0,0,0,0,0,0,0,0,0,0,0,0,0,0,0,0,0,0,0,0,0,0,1,3,0,0,0,0,0,0,0,0,0,1,0,1,0,0,1,0,0,0,0,1,0,0,0,0,0,0,0,0,0,0,0,0,0,0,0,0,0,0,0,0,0,0,0,0,0,0,1,0,0,0,0,0,0,0,0,0,0,0,0,0,0,0,0,0,0,1,0,0,0,0,0,0,0,0,0,0,0,0,0,0,0,0,0,0,0,0,0,0,0,0,0,0,0,0,1,0,0,0,0,0,0,0,0,1,0,0,0,0,0,1,0,0,0,0,1,0,0,0,0,0,0,0,0,0,0,0,0,0,0,0,0,0,0,0,0,0,0,0,0,0,0,0,0,0,0,0,0,0,0,0,0,0,0,0,0,0,0,0,0,0,0,0,0,0,0,0,0,0,0,0,0,0,0,0,0,0,0,0,0,0,0,0,0,0,0,0,0,0,0,0,0,0,0,1,0,0,0,0,0,0,0,0,2,0,0,0,0,0,0,0,0,0,0,0,0,0,2,1,0,1,0,0,0,0,0,0,0,0,0,2,0,0,0,0,0,0,0,0,0,1,0,0,0,0,0,0,0,0,0,2,1,0,0,3,0,1,0,0,0,0,0,0,0,0,0,0,0,0,0,0,0,0,0,0,0,0,0,1,0,0,0,0,0,0,0,0,0,0,0,0,0,0,0,0,1,0,0,0,0,0,0,0,0,1,1,0,0,0,0,0,0,0,0,0,0,0,0,0,0,0,0,0,1,0,0,0,0,0,0,0,0,0,0,0,0,0,0,0,0,0,0,2,0,0,0,0,0,0,0,0,0,0,0,0,0,0,0,1,0,0,0,0,0,0,0,0,0,0,0,0,0,0,0,0,0,0,0,0,0,0,0,0,0,0,0,0,0,0,0,0,0,0,0,0,0,0,0,0,0,0,0,0,0,0,0,1,0,0,1,0,0,0,0,0,0,0,0,0,0,0,0,1,0,0,1,0,0,0,0,1,0,0,0,0,0,0,0,0,0,0,0,0,0,0,1,0,0,0,0,0,0,0,0,0,0,0,0,0,0,0,0,0,0,0,0,0,0,0,0,0,0,0,0,0,0,0,0,0,0,0,1,0,1,0,0,0,0,0,0,0,0,0,0,0,0,1,0,0,0,0,0,1,0,0,0,0,0,0,1,0,0,0,0,0,0,0,0,0,0,0,0,0,0,0,0,0,1,1,0,0,0,0,0,0,0,0,0,0,0,0,0,0,0,0,0,0,0,0,0,0,0,0,0,0,1,1,0,0,0,0,1,0,0,0,0,0,0,0,0,0,0,0,0,0,1,0,0,0,0,0,0,0,0,0,0,0,0,0,0,0,0,0,0,0,0,0,0,0,0,0,0,0,0,0,0,0,0,0,0,0,0,0,0,0,0,0,0,0,0,0,0,0,0,0,0,0,0,0,0,0,0,0,0,0,0,0,0,0,0,0,0,0,0,0,0,0,0,0,0,0,0,0,1,0,0,0,0,0,0,0,0,0,0,0,1,0,0,0,0,0,0,0,0,0,0,0,0,0,1,0,0,0,0,0,0,0,0,0,0,0,1,0,0,0,0,0,1,0,0,1,1,0,0,0,0,0,0,0,0,0,0,0,0,0,0,0,0,0,0,0,0,0,0,0,0,0,0,0,0,0,0,0,1,0,0,0,0,0,0,0,0,0,1,0,0,0,0,0,0,0,0,0,0,1,1,0,0,1,0,0,0,0,0,0,0,0,0,0,0,0,0,3,1,0,0,0
MTPN,0,1,0,0,0,0,0,0,0,0,2,0,2,0,0,1,0,1,2,0,0,0,0,0,0,1,0,1,0,0,0,0,0,0,0,0,0,0,1,1,0,0,0,1,1,0,0,1,0,0,0,0,0,0,1,0,0,0,1,1,0,0,0,1,0,0,1,0,0,0,0,0,0,1,1,0,0,1,0,1,2,0,0,1,0,0,0,1,1,0,1,0,2,1,0,1,1,0,2,3,0,0,1,0,0,0,0,0,0,0,0,0,0,1,0,0,0,1,0,0,0,1,1,0,1,0,0,0,1,0,0,1,0,1,0,0,1,0,1,0,1,1,0,0,2,0,2,0,0,1,0,0,0,0,0,0,0,0,0,0,1,0,2,0,0,0,1,0,3,1,0,0,0,0,2,0,0,1,0,0,1,0,0,0,1,0,0,0,0,1,2,0,0,0,0,0,0,0,0,0,2,0,1,0,0,0,1,0,1,0,0,0,0,1,0,0,1,0,0,1,0,0,2,0,0,0,0,2,0,0,0,0,1,1,0,0,0,1,0,0,0,1,0,0,0,0,0,1,1,0,0,0,0,0,0,1,0,0,0,2,0,0,0,1,0,0,0,1,0,0,0,4,0,2,0,0,0,1,0,0,0,0,0,1,1,0,0,0,0,0,0,1,0,0,0,0,0,0,1,1,0,0,1,0,0,0,0,1,0,0,0,0,0,0,0,1,0,0,0,2,0,0,0,0,0,0,1,1,1,0,0,1,0,0,1,0,0,0,0,1,0,0,1,0,0,0,0,0,0,0,0,0,0,0,0,0,0,0,4,0,0,2,0,0,0,1,5,0,0,0,0,0,0,0,1,3,0,0,0,4,0,0,1,0,1,0,1,1,0,0,0,5,0,1,0,0,1,0,0,1,0,0,0,0,0,2,0,1,0,0,1,0,0,0,0,1,0,0,0,0,1,2,0,0,1,0,0,0,0,1,1,0,0,0,2,2,1,0,0,2,0,0,3,1,1,2,0,0,0,0,0,0,1,0,4,0,0,1,3,2,2,0,0,0,0,1,0,0,0,1,0,0,0,0,0,0,0,0,0,0,0,0,1,0,0,0,0,0,0,0,2,0,0,0,0,1,0,0,0,0,0,0,0,0,1,0,1,0,0,1,0,0,0,0,0,0,0,0,0,0,0,0,1,0,1,2,0,0,0,0,0,2,0,0,1,0,0,1,0,0,3,1,0,2,0,1,3,0,1,2,0,3,0,0,0,0,2,0,0,0,1,0,0,0,0,0,1,0,1,1,0,0,0,0,0,0,0,0,1,0,0,2,0,0,0,0,2,0,0,0,0,0,0,1,0,0,0,0,0,1,1,0,0,0,0,0,0,0,1,0,1,0,0,0,2,0,0,0,1,0,0,1,0,0,1,0,0,2,0,1,0,0,0,1,0,0,0,0,0,1,0,0,0,0,0,1,0,0,0,0,0,0,0,0,0,0,0,0,0,2,2,2,1,0,1,0,0,0,0,0,0,0,1,0,0,0,0,0,0,0,0,0,0,0,0,1,0,0,0,0,0,0,0,0,0,0,0,0,1,0,0,2,2,0,0,0,0,0,0,5,0,0,0,0,1,1,0,0,0,0,0,0,1,0,0,0,1,0,0,1,0,0,0,0,2,0,0,0,1,0,1,0,0,0,0,1,1,0,0,0,0,0,0,0,2,0,0,0,0,0,0,0,1,0,0,0,0,1,0,0,0,0,0,1,0,1,2,2,0,0,0,0,0,0,1,1,0,1,0,0,0,0,0,0,0,1,0,0,1,0,0,0,0,1,2,0,0,0,1,0,0,0,0,0,0,0,0,0,0,0,0,1,0,0,0,1,0,0,0,0,0,0,0,1,0,0,0,0,1,0,0,1,0,0,0,2,1,0,1,0,0,2,0,1,0,0,0,1,0,1,0,1,0,1,0,0,0,0,1,0,0,0,1,0,0,0,1,0,0,1,0,0,0,3,1,0,1,0,0,1,0,0,1,0,0,1,0,0,1,0,0,0,0,0,0,0,0,1,3,0,2,0,0,0,0,0,1,0,0,1,0,3,2,0,0,1,0,0,0,1,0,0,1,1,0,1,0,3,1,1,1,1,0,0,2,0,0,0,1,0,0,0,0,0,0,0,0,0,0,3,0,0,0,0,0,3,0,0,2,1,0,2,0,0,0,1,0,0,3,0,0,0,0,3,0,0,0,0,0,0,0,0,0,1,1,0,0,0,0,0,0,0,1,0,0,0,1,0,2,0,0,0,0,1,0,0,1,0,2,0,0,1,1,1,0,0,1,1,0,0,0,2,1,0,0,1,0,1,0,0,0,1,0,1,0,0,0,0,0,0,0,1,1,0,0,1,0,0,0,0,0,0,2,2,0,0,3,1,0,1,2,0,0,1,0,1,0,1,0,2,2,1,1,0,0,0,0,0,0,0,0,0,0,2,0,1,0,0,1,0,0,0,3,1,0,0,0,0,0,0,1,0,1,0,2,0,0,0,0,0,0,0,2,0,0,0,0,0,1,1,0,1,0,0,1,0,1,0,1,0,0,1,0,0,0,0,0,0,2,0,0,0,0,0,1,1,0,1,0,0,0,0,0,1,0,0,1,0,0,1,2,0,0,0,2,0,3,0,1,0,1,0,2,0,0,0,0,0,0,1,0,0,0,0,0,0,0,0,4,0,0,0,1,1,0,1,1,0,0,0,0,0,0,1,0,1,3,0,0,0,0,1,0,0,1,2,0,0,1,0,0,0,0,0,0,1,0,0,0,0,0,0,0,0,0,0,0,1,0,0,0,0,0,0,0,0,5,0,0,1,1,0,3,0,0,0,0,1,1,0,0,2,0,0,0,0,0,0,1,1,0,0,0,0,0,0,0,0,0,1,1,1,0,0,0,0,1,0,0,0,1,0,0,0,1,1,0,0,0,0,0,0,0,0,1,0,0,0,1,1,0,0,1,0,2,0,0,0,1,1,0,0,0,1,0,0,0,1,1,1,1,1,0,0,0,0,0,0,1,0,0,0,0,0,1,0,0,0,0,0,0,1,1,0,0,1,0,2,0,0,0,0,0,1,0,0,3,0,0,0,1,0,0,0,1,0,0,0,0,1,5,2,0,2,1,1,0,0,0,2,0,0,0,0,0,2,0,0,1,0,0,0,1,0,1,0,0,5,0,0,0,1,1,0,0,0,0,1,0,0,0,0,1,0,0,0,0,0,0,1,0,0,0,1,0,1,0,0,0,0,1,0,1,1,0,2,0,0,0,4,1,0,0,0,1,0,2,0,1,0,0,0,0,0,0,0,0,0,0,2,0,0,1,0,0,0,1,0,1,0,0,0,0,1,1,0,0,2,1,0,0,1,0,0,0,0,1,1,0,0,2,0,0,0,0,0,0,0,0,0,0,0,0,0,0,0,0,3,0,0,0,0,0,0,0,0
TGFBR3,0,0,0,0,0,0,0,0,0,0,0,0,0,0,0,0,1,0,0,0,0,0,0,0,0,0,0,0,0,1,0,0,1,0,0,0,0,0,0,0,0,1,0,0,0,0,0,0,0,0,0,0,0,1,0,0,0,0,0,1,0,0,0,0,0,0,0,0,0,0,0,0,0,0,0,1,1,0,0,0,0,0,0,0,1,0,0,0,0,0,0,1,0,0,0,0,0,0,0,0,0,0,0,0,0,0,0,1,0,0,0,0,0,0,0,0,0,0,0,0,0,0,0,0,0,0,0,0,0,0,0,0,0,0,0,0,0,0,0,0,0,0,0,0,0,1,0,0,0,0,0,0,0,1,0,0,0,0,0,0,0,0,0,0,0,0,0,0,0,0,0,1,0,0,0,0,0,0,0,0,0,0,0,0,0,0,0,0,0,0,0,0,0,0,1,0,0,0,0,1,0,1,0,0,0,0,0,0,0,0,0,0,0,0,0,0,0,0,1,0,0,0,0,0,0,0,0,0,0,0,0,0,0,0,0,0,0,0,0,0,0,0,0,0,0,0,0,0,0,0,0,0,0,0,0,0,0,0,0,0,0,0,0,0,0,0,0,0,0,0,1,0,0,0,0,0,0,0,0,0,0,0,0,0,0,0,0,0,0,0,0,0,0,0,0,0,0,0,0,0,0,0,0,0,0,0,0,0,0,0,0,0,0,0,0,0,0,0,0,0,0,0,0,0,0,0,0,0,0,0,0,0,0,0,0,0,0,0,0,0,0,0,0,0,0,0,0,0,0,0,0,0,0,0,1,0,0,0,0,0,0,0,0,0,0,0,0,0,0,0,0,0,0,0,0,0,0,0,0,0,0,0,0,0,0,0,0,0,0,0,0,0,0,0,0,0,0,0,1,0,0,0,0,0,0,0,0,0,0,0,0,0,0,0,0,0,0,0,0,0,0,0,0,0,0,0,0,0,0,0,0,0,0,0,0,0,0,0,0,0,1,0,0,0,0,0,0,0,0,0,0,0,0,0,0,0,0,0,0,0,0,0,0,0,0,0,0,0,0,0,0,0,0,0,0,0,0,0,0,0,0,0,0,1,0,0,0,0,0,0,0,0,0,0,0,0,0,0,0,0,0,0,0,0,0,0,0,0,0,0,0,1,0,0,0,0,0,0,0,0,0,0,0,0,0,0,0,0,0,0,0,0,1,0,0,0,1,0,0,0,0,0,0,0,0,0,0,0,0,0,0,0,0,0,0,0,0,0,0,1,0,1,0,0,0,0,0,0,0,0,0,0,0,0,0,0,0,0,0,0,0,0,0,0,0,0,0,0,0,0,0,0,0,0,0,0,0,0,0,0,0,0,0,0,0,0,0,1,0,0,0,0,0,0,0,0,0,0,0,0,0,0,0,0,0,0,0,0,0,0,0,0,1,0,0,0,0,0,0,0,0,0,0,0,0,0,0,0,0,0,0,0,0,0,0,0,0,0,0,0,0,0,0,1,0,0,0,0,0,0,0,0,0,1,0,0,0,0,0,0,0,0,0,0,0,0,0,0,0,0,0,0,0,0,0,0,0,0,0,0,0,0,0,0,0,0,0,0,0,0,0,0,0,0,0,0,0,0,0,0,0,0,0,1,0,0,0,0,0,1,0,1,0,0,0,0,0,0,0,0,0,0,0,0,0,1,0,0,1,0,0,0,0,0,0,0,0,0,1,0,0,0,0,0,0,0,0,1,0,0,0,0,0,0,0,0,0,0,0,0,0,0,0,0,0,0,1,0,0,0,0,0,0,0,0,0,0,1,0,0,0,0,0,0,0,0,0,0,0,0,0,0,0,0,0,0,0,0,0,1,0,0,0,0,0,0,0,0,0,0,0,0,0,0,0,0,0,0,0,0,0,0,0,0,0,0,0,0,0,0,0,0,0,0,0,0,0,0,0,0,0,0,0,0,0,0,0,0,0,0,0,0,0,0,0,0,0,0,0,0,0,0,0,0,0,0,0,0,0,0,0,0,0,0,0,1,0,0,0,0,0,0,0,0,0,0,0,0,0,0,0,0,0,0,0,0,0,0,0,0,0,0,0,0,0,0,0,0,0,0,0,0,0,0,0,0,0,0,0,2,0,0,0,0,0,0,0,0,0,0,0,0,0,0,0,0,0,0,0,0,0,0,0,0,0,0,0,0,0,0,0,0,0,0,0,0,0,0,0,0,0,0,0,0,0,0,0,0,0,0,0,0,0,0,0,0,0,0,0,0,0,0,0,0,0,0,0,0,0,0,0,1,0,0,0,0,0,0,0,0,0,0,0,0,2,0,0,0,0,0,0,0,0,0,0,0,0,0,0,1,0,0,0,0,0,0,0,0,0,0,0,0,0,0,0,0,0,0,0,0,0,0,0,0,0,0,0,0,0,0,0,0,0,0,0,0,0,0,0,0,0,0,0,0,0,0,0,1,0,0,0,0,0,0,0,0,0,0,0,0,0,0,0,0,0,0,0,0,0,0,0,0,0,0,0,0,0,0,0,0,0,0,0,0,0,0,0,0,0,0,0,0,0,0,0,0,0,0,0,0,1,0,0,1,0,0,0,0,0,0,0,0,0,0,0,0,0,0,2,0,0,0,0,0,0,0,0,0,0,0,0,0,0,0,0,1,0,0,0,0,0,0,0,0,0,0,0,0,0,0,0,0,0,0,0,0,0,0,0,0,0,0,0,0,0,0,0,0,0,0,0,0,1,0,0,0,0,0,0,0,0,0,0,0,0,0,0,0,0,0,0,0,0,0,0,0,0,0,0,0,0,0,0,0,0,0,0,0,0,0,0,0,0,0,0,0,0,0,0,0,0,1,0,0,0,0,0,0,0,0,0,0,0,0,0,0,0,1,0,0,0,0,0,0,0,0,0,0,0,0,0,0,0,0,0,0,0,0,0,0,0,0,0,0,0,0,0,0,0,0,0,0,0,0,0,0,0,0,0,0,0,0,0,0,0,0,2,0,0,0,0,0,0,0,0,0,0,0,0,0,0,0,0,1,0,0,0,0,0,0,0,0,0,0,0,0,0,0,0,0,0,0,0,0,0,0,0,0,0,0,0,0,0,0,0,0,0,0,0,0,1,0,0,0,0,0,0,0,0,0,0,0,0,0,0,0,0,0,0,0,0,0,0,0,0,0,0,0,0,0,0,0,0,0,0,1,0,0,0,0,0,0,0,0,0,0,0,0,0,0,0,0,0,0,0,0,0,0,0,0,0,0,0,0,0,0,0,0,1,0,0,0,0,0,0,0,0,0,0,0,0,0,0,0,0,0,0,0,0,0,0,0,0,0,0,0,0,0,0,0,0,0,0,0,0,0,0,0,0,0,0,0,0,0,0,0,0,0,0,0,0,0,0,0,0,0,0,0,0,0,0,0,0,0,0,0,0,0,0,0,0,0,0,0,0,0,0,0,0,0,0,0,0,0,0,0
CYP20A1,0,0,0,0,3,0,0,2,0,0,0,0,1,1,0,0,0,0,0,0,1,0,0,1,0,1,0,0,1,0,0,1,0,0,0,0,0,0,0,0,0,0,0,1,0,0,0,0,0,0,0,2,0,0,0,0,0,0,0,0,0,0,0,0,0,0,0,0,0,0,0,1,0,0,0,0,0,0,0,2,2,0,0,0,0,0,0,1,0,0,0,1,0,0,0,1,0,0,0,0,1,0,0,0,0,0,1,0,0,0,0,0,0,0,0,1,0,0,0,0,0,0,1,0,1,1,0,0,0,0,0,0,0,0,1,0,0,0,0,0,1,0,0,0,0,0,0,0,0,0,0,0,0,0,0,0,0,0,0,0,0,0,2,1,0,1,0,0,0,0,0,0,0,1,0,0,0,0,1,0,2,0,0,0,0,0,0,0,0,0,1,0,0,0,1,0,0,0,0,0,0,0,0,0,0,1,0,0,0,0,0,0,0,0,0,0,0,0,0,0,0,2,0,0,0,0,0,0,0,0,2,1,0,0,1,0,1,0,0,0,1,0,0,1,0,0,1,0,0,0,0,2,0,0,1,0,0,0,0,0,0,0,0,0,0,0,0,0,0,0,0,0,0,0,0,0,0,2,0,0,0,0,0,0,0,0,0,0,0,0,0,0,0,0,1,0,0,0,0,0,0,0,0,0,0,0,0,0,0,0,0,0,0,1,0,0,0,0,0,0,0,0,0,0,0,0,0,0,0,1,0,2,0,0,0,0,0,0,0,0,0,1,0,0,0,0,0,0,0,0,0,0,1,3,0,1,0,0,0,0,0,0,0,0,0,0,0,0,0,0,0,0,0,1,0,0,0,3,1,0,0,0,0,0,0,1,0,0,0,0,1,1,0,2,0,0,0,0,0,1,0,0,0,1,0,0,0,0,3,0,0,1,0,0,2,0,0,1,0,0,0,0,0,0,1,0,0,0,0,0,0,0,0,0,0,0,0,0,0,0,0,1,0,0,0,1,0,0,0,0,0,0,0,0,0,0,0,0,0,0,0,0,0,0,0,0,1,0,1,0,2,0,1,0,0,0,0,0,0,0,0,0,0,0,0,0,0,2,0,0,0,0,0,1,0,0,0,0,0,1,0,1,1,0,0,0,0,0,0,0,0,0,0,0,0,0,0,0,0,0,0,0,0,0,0,0,0,0,0,1,0,0,0,0,0,0,0,0,0,0,0,1,1,0,0,0,2,0,1,0,0,2,0,0,0,0,0,1,0,1,0,0,0,0,0,0,0,0,1,0,0,0,0,0,2,0,1,0,0,0,0,1,0,0,0,2,0,0,1,0,0,1,0,1,0,0,1,0,0,0,0,1,0,1,1,1,0,0,0,0,1,0,0,0,0,0,0,0,0,0,2,0,0,0,0,0,0,0,0,0,0,0,0,0,0,0,0,0,0,0,1,0,1,0,0,0,0,0,0,0,0,0,0,0,0,0,0,0,1,0,0,0,0,0,0,0,0,0,1,1,1,1,0,0,0,1,0,0,0,0,0,0,1,0,0,0,0,0,0,0,0,0,0,0,0,0,1,0,0,0,0,0,2,0,1,0,0,1,0,0,0,1,0,0,0,1,0,0,0,0,0,0,0,1,1,0,0,0,0,0,1,0,0,0,1,0,0,0,0,0,0,0,0,0,0,0,2,0,1,0,0,0,1,1,2,0,0,0,0,1,1,0,0,0,0,0,0,0,0,0,0,2,0,0,0,0,0,0,0,0,0,0,0,0,0,0,1,0,0,0,0,0,0,0,0,0,0,1,0,0,2,0,0,0,1,0,0,0,0,0,0,1,0,0,0,0,0,0,0,0,0,0,2,0,0,1,0,0,0,0,0,0,0,0,0,0,0,0,0,0,0,0,0,0,0,1,0,0,0,0,0,0,0,0,0,0,0,0,0,0,2,0,0,0,0,0,0,1,0,2,0,0,0,0,0,0,0,0,0,0,0,0,0,0,2,0,2,0,0,0,0,0,0,0,0,0,0,0,0,0,0,0,1,1,0,0,0,0,0,0,0,0,1,0,0,0,1,0,0,1,0,0,0,0,0,0,0,0,0,0,0,0,0,0,0,0,0,1,0,1,3,0,0,0,0,0,0,0,0,0,0,0,0,1,0,2,0,2,0,1,0,0,0,0,0,0,0,1,0,0,0,0,0,0,1,0,2,0,0,0,0,0,0,0,0,1,0,0,2,0,0,0,0,0,1,0,0,0,0,0,0,0,0,1,1,0,0,1,0,0,0,0,0,0,0,0,0,0,1,0,0,0,0,0,0,0,0,0,0,0,0,0,0,0,0,0,0,0,0,1,1,0,0,0,0,0,0,1,0,1,0,0,0,0,1,0,0,0,0,0,0,1,1,0,0,0,0,0,0,0,0,1,0,0,0,0,0,1,0,0,1,0,1,0,0,0,0,0,0,0,0,1,1,0,0,0,0,0,0,0,3,1,0,0,1,0,0,0,0,0,0,0,0,0,0,0,1,1,0,0,0,0,0,0,2,1,1,0,0,1,0,0,0,0,0,0,0,0,0,0,0,0,0,0,1,1,0,0,1,1,0,0,0,0,0,1,0,0,0,0,1,1,0,0,1,0,0,1,1,0,0,0,0,0,1,0,0,0,0,0,0,0,0,0,1,0,0,1,0,1,0,0,0,0,0,0,0,1,0,0,0,0,0,1,1,0,0,0,2,0,0,1,0,1,0,0,0,1,0,0,0,0,0,0,0,0,0,0,0,0,1,0,0,0,1,0,1,0,0,0,0,0,1,0,2,0,0,0,0,0,1,0,1,0,0,1,0,0,1,0,0,0,0,0,0,1,0,0,0,1,0,0,0,0,0,1,1,0,0,0,0,0,0,2,0,0,0,0,0,2,0,0,0,0,0,0,0,1,0,0,0,0,0,0,0,1,0,0,1,0,0,0,0,0,1,0,0,0,0,0,0,0,0,0,1,1,0,1,0,0,0,1,0,0,0,0,1,0,0,0,0,0,1,0,0,0,0,0,0,0,0,0,0,0,0,0,0,0,0,0,0,1,1,0,0,0,0,1,0,0,0,1,0,1,0,0,0,1,0,0,0,0,0,0,1,0,0,0,0,0,1,1,2,0,0,0,1,1,2,0,1,0,0,1,0,0,0,0,0,0,2,0,0,0,0,0,0,0,0,0,0,0,0,0,0,0,0,0,0,1,0,0,0,1,0,2,0,1,0,0,0,0,0,0,0,0,0,0,1,0,0,0,0,0,0,0,0,0,0,1,0,0,0,0,0,0,0,0,0,0,0,0,0,0,1,1,0,0,0,2,0,0,1,0,0,1,0,0,0,0,0,0,0,0,0,0,0,0,1,0,0,0,0,0,0,0,0,0,1,0,0,1,0,0,0,0,0,0,0,0,0,0,0,0,0,0,0,0,0,0,0,0,0,0,0,0
LAG3,0,0,1,0,0,0,0,0,0,0,0,0,0,0,0,0,0,1,0,0,0,0,0,0,0,0,0,0,1,0,0,0,0,0,0,0,0,0,0,0,0,0,0,0,0,0,0,0,0,0,0,0,0,0,0,0,0,0,0,1,0,0,0,0,0,0,0,0,0,0,0,0,0,0,0,0,0,0,0,0,0,0,0,0,0,1,0,0,0,0,0,0,0,0,0,0,0,0,0,0,0,0,0,0,0,0,1,0,0,0,0,0,0,0,0,0,2,0,0,0,0,0,0,0,0,0,1,0,0,0,0,0,0,0,0,0,0,0,0,0,0,0,0,0,0,0,0,0,0,0,0,0,0,0,0,0,0,0,0,0,0,0,0,0,0,0,0,0,0,0,0,0,0,0,0,0,0,0,0,0,0,0,0,0,0,0,0,0,0,0,0,0,0,0,0,0,0,0,0,0,0,0,0,0,0,1,0,0,0,0,0,0,0,0,0,0,0,1,0,0,0,0,0,0,0,0,0,0,0,0,0,0,0,0,0,0,0,0,0,0,0,0,0,0,0,0,0,0,0,0,0,0,0,0,0,0,0,0,0,0,0,0,0,0,0,0,0,0,0,0,0,0,0,0,0,0,0,0,0,0,0,0,0,0,0,0,0,0,0,0,0,0,0,0,0,0,0,0,0,0,0,0,0,0,0,0,0,0,0,0,0,0,0,0,0,0,0,1,0,0,0,0,0,0,0,0,0,0,0,0,0,0,0,0,0,0,0,0,0,0,0,0,0,0,0,0,0,0,0,0,0,0,0,0,0,0,0,0,0,0,0,0,0,0,0,0,0,0,0,0,1,0,0,0,1,0,0,1,0,0,0,0,0,0,0,0,0,0,0,0,0,0,0,0,0,0,0,0,0,0,0,0,1,0,0,0,0,0,0,0,0,0,0,0,0,0,0,0,0,0,0,0,1,0,0,0,0,0,0,0,0,0,0,0,2,0,0,1,0,0,0,0,0,0,0,0,0,0,0,0,0,0,0,0,0,0,1,0,0,0,0,0,0,0,0,0,0,0,0,0,0,0,0,0,0,0,0,0,0,0,0,0,0,0,0,0,0,0,0,0,0,0,0,0,0,0,0,0,0,0,0,0,0,0,0,0,0,0,1,0,0,0,0,0,0,1,1,0,0,0,0,0,0,0,0,0,1,0,0,0,0,0,0,0,0,0,0,0,0,0,0,0,0,0,0,0,0,0,0,0,0,0,0,0,0,0,0,0,0,0,0,0,0,1,0,0,0,0,0,0,0,0,0,0,0,0,0,0,0,0,0,0,0,0,0,0,0,0,0,0,0,0,0,0,0,0,0,0,0,0,0,0,0,0,0,0,0,1,0,0,0,0,0,0,0,0,0,0,0,0,0,0,0,0,0,0,0,0,0,0,0,0,0,0,0,0,0,0,1,0,0,0,0,0,1,0,0,0,0,0,0,1,0,0,0,0,0,0,0,0,0,0,0,0,0,1,0,0,0,0,0,0,0,0,0,0,0,0,0,0,0,0,0,0,0,0,0,0,0,0,0,0,0,1,0,0,1,0,0,0,0,0,0,0,0,0,0,0,1,0,0,1,0,0,0,0,0,0,0,0,0,0,0,0,0,0,0,0,0,1,0,0,0,0,0,0,0,0,1,0,0,0,0,0,0,0,0,0,0,0,1,0,0,0,0,0,0,0,1,0,0,0,0,0,0,0,0,0,0,0,0,0,0,0,0,0,0,0,0,0,0,0,0,0,0,0,0,0,0,0,1,0,0,0,0,0,1,0,0,0,0,1,0,0,0,0,0,0,0,0,0,0,0,0,0,0,0,0,0,0,0,0,0,0,0,0,0,0,0,0,0,0,0,0,0,0,0,0,0,0,0,0,0,1,0,0,0,1,0,0,0,0,0,0,2,0,0,0,0,0,0,0,0,0,0,0,0,0,1,0,0,0,0,0,0,1,0,0,0,0,0,0,0,0,0,0,0,0,0,0,0,0,0,0,0,0,0,0,0,0,0,0,0,0,0,0,0,0,0,0,0,0,0,0,0,0,0,0,0,0,0,0,0,0,0,0,0,0,0,0,0,0,0,0,0,0,0,0,0,0,0,0,0,1,0,0,0,0,0,0,0,0,0,0,1,0,0,0,0,0,0,0,0,0,0,0,0,0,0,0,0,0,0,0,0,0,0,0,0,0,0,0,0,0,0,0,0,0,0,0,1,0,0,0,0,1,0,0,0,0,0,0,0,1,0,0,0,0,0,0,0,0,0,0,0,0,0,0,0,0,0,0,0,0,0,0,0,0,0,0,0,0,0,0,0,0,0,0,0,0,0,0,0,0,0,0,0,0,0,0,0,0,0,0,0,0,0,0,0,0,0,0,0,0,0,2,0,0,0,0,0,0,0,0,0,0,0,0,0,0,0,0,0,0,0,0,0,0,0,0,1,0,0,0,0,0,0,0,0,0,0,1,0,0,0,0,2,0,0,0,0,0,0,0,0,0,0,1,0,1,0,0,0,0,0,0,0,0,0,0,0,0,0,0,0,0,0,0,0,0,0,0,0,0,0,0,0,0,0,0,0,0,0,0,0,0,0,0,0,0,0,1,0,0,0,0,0,0,0,0,0,0,0,0,0,0,0,0,0,0,0,0,0,0,0,0,0,0,0,0,0,0,0,0,0,0,0,0,0,0,0,0,0,0,0,2,0,0,0,0,0,0,0,0,0,0,0,1,0,1,0,0,0,0,0,0,0,0,0,0,0,0,0,0,0,0,0,0,0,0,0,0,0,0,0,0,0,0,0,0,0,0,0,0,0,0,0,0,0,0,0,0,0,0,0,0,0,0,0,0,2,0,1,0,0,0,0,0,0,0,0,0,0,2,0,0,0,0,0,0,0,0,0,0,0,0,0,0,0,0,0,0,0,0,0,0,0,0,0,0,0,0,0,0,0,0,0,0,0,0,0,0,0,0,0,0,0,0,0,0,0,0,0,0,0,0,0,1,1,0,0,0,0,0,0,0,0,0,0,0,0,0,0,0,0,0,0,0,0,0,0,0,0,0,0,0,0,1,0,0,0,0,0,0,0,0,0,0,0,0,0,1,0,0,0,0,0,0,0,0,0,2,0,0,0,0,0,0,0,0,0,0,0,0,0,0,0,0,0,0,0,0,0,0,0,3,0,0,0,2,0,0,0,0,0,0,0,0,0,0,0,0,0,0,0,0,0,0,0,0,0,0,0,0,0,0,0,0,0,0,0,0,1,0,0,0,0,0,0,0,0,0,0,0,0,1,0,0,0,0,0,0,0,0,0,0,0,0,0,0,0,0,0,0,0,0,0,0,0,2,0,0,0,0,0,0,0,0,0,0,0,0,0,0,0,0,0,0,1,0,0,0,0,0,0,0,0,0,0,0,0,0,0,0,0,0,0,0,0,0,0,0,0,0,0,0
NAGK,0,0,0,1,0,0,0,0,0,0,0,0,0,0,0,0,0,0,1,0,0,0,1,1,0,0,0,0,0,0,0,0,0,0,1,0,0,0,0,0,0,1,1,0,0,0,0,1,0,0,0,0,1,0,0,0,0,0,0,0,0,0,0,0,0,0,0,0,0,0,0,1,1,0,2,0,0,0,0,0,0,0,0,0,0,0,0,0,0,0,1,0,0,1,0,1,0,0,0,0,0,0,2,0,0,1,0,0,1,0,1,0,0,0,0,0,0,0,0,0,0,0,1,0,0,0,1,0,1,1,0,0,0,0,0,0,0,0,1,0,0,0,0,0,2,0,1,0,0,0,0,0,0,0,0,0,0,0,0,1,0,0,4,0,0,0,0,0,0,3,0,0,1,0,1,0,1,0,1,0,0,0,0,0,0,0,0,1,1,2,0,0,0,0,0,0,0,0,0,0,0,0,0,0,0,0,0,0,0,0,0,0,1,0,0,0,0,0,0,2,0,0,1,0,0,0,0,1,0,0,0,0,2,0,1,0,0,0,0,0,2,0,0,0,0,1,0,0,2,0,0,0,0,0,0,0,0,0,0,2,0,0,0,1,0,0,0,0,0,0,0,1,0,0,0,0,0,0,0,0,1,1,0,0,0,0,0,0,0,0,0,0,0,0,0,0,0,0,0,0,0,0,0,0,0,0,0,0,1,0,1,0,0,0,0,0,0,0,0,0,0,1,1,0,0,0,0,0,0,0,0,0,0,0,1,0,0,0,0,2,0,0,0,0,0,0,0,1,0,0,0,0,0,0,0,0,0,0,0,0,0,0,0,0,0,0,0,0,0,0,0,2,0,0,0,0,0,0,0,0,0,0,1,0,0,0,0,0,0,0,0,6,1,2,1,0,3,0,0,0,2,0,0,0,1,0,0,0,0,1,0,0,1,0,0,5,0,0,0,0,0,0,0,0,0,0,0,0,0,0,0,0,0,0,1,0,0,0,0,1,0,0,2,0,1,3,0,0,1,0,0,0,1,0,0,1,1,1,0,1,0,0,0,0,2,1,0,0,1,0,0,0,0,0,0,1,0,0,0,0,1,0,0,1,1,0,0,0,0,0,0,0,1,0,0,0,0,0,0,0,2,0,0,0,0,0,1,0,0,0,0,0,0,0,0,0,0,0,0,1,0,1,0,0,1,2,0,0,0,0,0,0,1,0,0,0,0,1,0,0,0,0,0,0,0,0,0,0,4,0,1,0,0,0,2,0,1,0,0,0,0,1,0,0,0,0,0,0,0,0,0,1,0,0,0,0,0,0,1,0,1,0,0,2,0,0,0,0,0,0,0,0,0,0,0,0,0,0,0,0,0,0,0,0,0,1,0,0,0,0,0,0,0,0,1,0,0,0,0,1,0,0,0,0,0,0,0,0,0,0,0,0,0,0,0,0,0,0,0,1,0,0,0,0,0,0,0,0,0,0,0,0,0,0,0,1,0,1,0,0,1,0,0,0,0,0,1,0,0,0,0,0,0,0,0,0,0,1,0,0,0,0,0,0,0,0,0,0,2,0,0,0,0,0,1,0,0,1,0,0,0,0,0,0,0,1,0,0,0,1,0,0,0,0,0,0,0,0,0,0,0,0,0,0,1,0,0,0,0,0,0,0,0,0,0,0,0,0,0,0,0,0,0,1,0,0,1,0,0,0,0,0,0,0,0,0,0,0,0,0,0,0,0,0,2,0,0,0,0,0,0,0,0,0,0,1,1,0,0,1,0,0,0,1,0,0,0,0,0,0,0,0,0,0,0,0,0,0,1,0,0,0,0,1,0,0,0,0,0,1,0,0,0,0,0,0,0,0,0,0,1,1,1,1,0,0,0,0,0,0,0,0,0,1,1,0,0,0,2,0,0,0,0,0,0,0,0,0,0,0,0,0,0,0,0,0,0,0,0,0,0,0,0,0,0,0,1,0,2,0,0,2,1,0,0,0,0,0,0,0,0,0,2,0,2,0,0,0,0,0,0,0,0,1,0,0,0,0,0,0,0,0,0,0,0,0,0,0,2,0,2,1,0,0,1,0,0,0,0,0,0,2,1,0,0,1,0,0,3,1,0,0,0,0,0,0,0,4,1,0,0,0,0,0,0,0,0,0,0,0,0,1,2,0,0,0,0,0,0,0,1,0,0,0,0,1,1,0,0,3,0,3,0,0,0,0,0,0,0,0,0,0,0,0,0,0,0,0,0,0,0,0,0,1,0,2,0,0,0,0,0,0,1,0,0,0,0,0,1,0,1,0,2,0,0,0,1,0,0,0,0,0,0,0,1,0,0,0,0,0,0,0,0,0,0,2,1,0,1,0,0,0,0,0,0,1,0,0,0,0,0,0,0,0,0,0,0,0,0,0,0,0,1,0,0,1,0,0,0,1,1,0,1,1,0,1,0,0,2,0,3,0,0,1,0,0,1,0,0,0,1,0,0,1,1,0,0,0,0,0,0,1,4,0,0,0,0,0,0,1,0,0,1,1,0,0,0,0,0,1,0,0,1,0,1,1,0,0,0,0,0,0,0,0,0,0,0,0,0,0,0,0,0,0,0,0,0,1,1,0,0,0,0,2,0,0,0,1,0,0,0,0,1,0,0,0,0,0,0,0,1,0,1,0,0,0,1,0,0,2,0,0,2,0,0,0,0,0,0,0,0,0,0,0,0,0,0,1,0,0,0,0,0,1,0,0,0,1,0,0,0,0,1,3,0,0,2,0,0,0,0,1,0,0,0,1,0,0,0,0,0,0,0,0,0,0,0,0,0,0,0,1,0,0,0,0,0,0,0,0,0,0,0,0,0,0,0,0,0,1,0,0,1,0,0,0,1,0,0,0,0,0,0,0,0,0,0,0,1,0,0,0,0,1,0,1,0,0,0,0,1,0,0,0,0,0,0,0,0,1,0,0,0,0,0,0,0,0,0,0,0,0,0,0,0,0,0,0,0,0,0,0,0,0,0,0,1,0,0,0,0,0,0,0,0,0,0,0,1,0,2,1,0,0,0,0,0,0,1,0,0,0,0,0,0,0,0,0,0,0,0,3,0,1,2,0,0,0,0,1,1,0,0,0,2,0,0,0,1,1,0,0,0,0,0,0,0,0,0,1,6,0,0,0,1,0,0,0,0,2,0,0,0,0,0,0,0,0,0,0,0,0,0,0,1,0,0,1,0,0,0,2,2,1,0,0,0,0,0,0,0,0,0,0,0,0,0,0,0,0,1,0,0,0,0,0,0,0,0,2,0,0,0,1,0,0,0,0,0,0,0,0,0,0,0,0,0,0,0,0,0,0,0,1,2,0,0,1,0,3,0,0,0,0,0,2,0,0,0,0,0,0,0,0,0,0,0,0,2,0,0,0,0,0,0,0,1,1,0,1,0,0,0,0,0,0,0,0,1,0,0,0,0,0,0,0,1,4,1,0,0,1,0,0,0,0
PLA2G16,0,0,0,0,0,0,0,0,0,0,0,0,1,0,0,0,0,0,0,0,0,0,0,0,0,0,0,0,0,0,0,0,0,3,0,1,0,0,0,0,0,0,0,0,0,0,0,0,0,0,0,0,0,0,2,0,0,0,0,0,0,0,0,0,0,0,0,0,0,0,0,0,0,0,0,0,1,0,0,0,0,0,0,0,0,0,0,0,0,0,2,0,0,0,0,0,0,0,1,1,0,0,0,0,0,0,0,1,0,0,1,0,0,0,0,0,0,0,0,0,0,0,0,0,0,0,0,0,0,0,0,0,0,0,0,0,0,0,0,0,0,0,0,0,0,1,0,0,0,1,0,0,0,0,0,0,1,0,0,0,0,0,0,0,0,0,0,0,0,0,0,0,0,0,0,0,0,0,0,1,0,0,0,0,1,0,0,0,0,0,0,0,0,0,0,0,0,0,0,0,0,0,0,0,0,0,0,0,0,0,0,0,0,0,0,0,0,0,2,1,0,0,2,0,0,0,0,1,0,0,0,0,1,0,0,0,0,0,0,0,0,0,0,0,0,0,0,0,0,0,0,0,0,0,0,0,0,0,0,0,0,0,0,1,0,0,0,0,0,1,1,0,0,0,0,0,0,0,0,0,0,0,0,0,0,0,0,0,0,0,0,0,0,0,0,0,0,0,0,0,0,0,0,0,0,0,0,0,0,0,0,0,0,0,0,0,0,0,0,0,1,0,0,0,0,0,0,0,0,0,0,0,0,0,0,0,0,0,0,0,1,0,0,0,0,0,0,1,0,0,1,0,0,0,0,1,0,0,0,0,1,0,0,0,1,0,0,0,0,0,0,0,0,0,0,0,0,0,0,1,0,0,0,0,0,0,0,0,0,0,0,0,0,0,0,0,0,0,0,0,0,0,0,0,0,0,0,0,0,0,0,0,0,0,0,0,0,0,0,0,0,0,1,0,0,0,0,0,0,0,0,0,0,1,1,0,0,0,0,0,0,0,0,0,0,0,0,0,0,0,0,0,0,0,1,0,0,1,2,0,2,0,0,0,0,0,0,0,0,0,0,0,0,0,0,0,0,1,0,0,0,0,0,1,0,0,0,0,0,0,0,0,0,0,0,0,0,0,0,0,0,0,0,0,0,0,0,0,0,0,0,0,0,0,0,0,0,0,1,0,0,0,0,2,0,0,0,0,0,0,1,0,1,0,0,0,0,0,0,0,0,0,0,0,0,0,0,0,1,0,0,0,0,0,0,0,0,0,0,0,0,0,0,0,0,0,0,0,0,0,0,0,0,0,0,0,0,0,0,0,0,1,0,0,2,0,0,0,0,0,0,0,0,0,0,0,0,0,0,0,0,0,0,1,0,0,0,0,0,0,0,0,0,0,0,0,0,0,0,1,0,0,0,0,0,1,0,0,0,0,0,0,0,0,0,0,0,0,0,0,0,0,0,0,0,0,0,0,0,0,0,0,0,0,0,0,0,0,0,0,0,0,0,0,0,0,0,0,0,0,0,0,1,0,0,0,0,0,0,0,0,0,0,0,1,0,1,0,0,0,0,0,0,0,0,0,0,0,0,0,0,0,1,0,0,0,0,0,0,0,0,0,0,0,0,0,0,0,0,0,0,0,0,0,0,0,0,0,0,0,0,0,0,0,0,0,0,0,1,0,0,0,1,0,0,1,0,0,0,0,0,0,0,0,0,0,0,0,0,0,0,0,0,0,0,0,0,0,0,0,0,0,0,0,0,0,0,0,0,0,0,0,0,0,0,0,0,0,0,0,0,0,0,0,0,0,0,0,1,0,0,0,0,0,0,0,0,0,0,1,0,0,0,0,0,0,0,0,0,1,0,0,0,0,0,0,0,0,0,0,0,0,0,0,0,0,0,0,0,0,0,0,0,0,0,0,0,0,0,0,1,1,0,0,0,0,0,0,0,0,0,0,0,0,0,0,0,0,0,0,0,0,0,0,0,0,0,0,0,0,0,0,0,0,0,0,0,0,0,0,0,0,0,0,0,0,0,0,0,0,0,0,0,0,0,0,0,0,0,0,0,0,0,0,0,0,0,0,0,0,0,0,0,0,0,0,0,0,0,1,0,0,0,0,0,0,0,0,1,1,0,0,0,0,0,0,0,0,0,0,1,0,0,0,0,0,0,0,0,0,1,0,0,0,0,0,0,0,0,0,0,0,0,0,0,0,0,0,0,0,0,0,0,0,0,0,0,0,0,0,0,0,0,0,1,0,0,0,0,0,0,0,0,0,0,0,0,0,0,0,0,1,0,0,0,0,0,0,1,0,0,0,0,0,0,0,0,0,0,0,2,0,0,0,0,0,0,1,0,0,0,0,0,0,0,0,0,0,0,1,0,0,0,0,0,0,1,0,0,0,0,0,0,0,0,0,0,0,0,0,1,0,0,0,0,4,0,0,0,0,2,0,0,0,0,0,0,0,0,0,0,0,0,0,0,0,0,0,0,0,0,0,0,0,0,0,0,0,0,0,1,0,0,0,0,0,0,0,0,0,0,0,1,0,0,0,0,0,0,0,0,0,0,0,0,1,0,0,0,0,0,0,0,0,0,0,0,0,1,0,0,0,2,0,0,1,0,0,0,0,0,0,0,0,0,0,0,0,0,1,0,0,0,0,0,0,0,0,0,0,0,0,0,0,0,0,0,0,0,0,0,0,0,0,0,0,1,0,0,0,0,0,0,0,0,0,0,0,0,0,0,0,1,0,0,0,0,0,0,0,0,0,0,0,0,0,0,0,0,0,0,0,0,0,0,1,0,0,0,0,0,0,0,0,0,0,0,0,0,0,0,0,0,0,0,0,0,2,0,0,0,0,0,0,0,0,0,0,0,0,0,0,0,0,0,0,0,0,0,1,0,0,0,0,0,0,0,0,0,0,0,0,0,0,0,0,0,0,0,0,0,0,0,0,0,0,0,0,0,0,0,0,0,1,0,0,0,0,0,0,0,0,0,1,0,0,0,0,0,0,0,0,0,0,0,0,0,0,0,0,0,0,0,0,0,0,0,0,0,0,0,0,0,0,0,0,0,1,0,0,0,0,0,0,0,1,0,0,0,0,0,0,0,0,1,0,0,0,0,0,1,1,0,0,0,0,0,0,0,2,0,1,0,0,0,0,1,0,0,0,0,0,0,0,0,0,0,0,0,2,0,0,0,0,0,0,0,0,0,0,0,0,0,0,0,0,0,0,0,0,0,0,0,0,0,0,0,1,0,0,0,0,0,0,0,0,1,0,0,0,0,0,0,0,0,0,0,0,0,0,0,0,0,0,0,0,0,0,0,0,0,0,0,0,0,0,0,0,0,0,0,0,0,1,0,0,0,0,0,1,0,0,0,0,0,0,0,0,0,0,0,0,0,0,0,0,0,0,0,1,0,0,0,0,0,1,0,0,0,0,0,0,0,0,0,0,0,0,1,0,0,0,0,0,0,0
TLE1,0,1,0,1,0,0,0,0,0,0,1,0,0,0,0,0,0,0,0,0,0,0,0,0,0,0,0,0,0,0,0,0,0,0,1,0,0,0,0,0,0,0,0,0,0,2,0,0,0,0,0,0,0,0,0,0,0,0,0,0,0,0,0,0,0,0,0,0,0,0,0,0,0,0,0,0,0,0,0,0,0,0,0,0,0,0,0,0,0,0,0,0,0,0,0,0,0,0,0,2,0,0,0,0,0,0,0,0,0,0,0,0,0,0,0,0,0,0,0,0,0,0,0,0,0,0,0,0,0,0,0,0,0,0,0,0,0,0,0,0,0,0,0,0,0,0,0,0,0,0,0,0,0,0,0,0,0,0,0,0,0,0,0,0,0,0,0,0,0,0,0,0,0,0,0,0,0,0,0,0,0,0,1,0,0,0,0,0,0,0,0,0,0,0,0,0,0,0,0,0,0,0,0,0,0,0,0,0,0,0,0,0,1,0,0,0,0,0,0,0,0,0,0,0,0,0,0,0,0,0,0,0,0,0,0,0,1,1,0,0,0,0,0,0,0,0,0,0,0,0,0,0,0,0,0,0,0,0,0,0,0,0,0,0,0,0,0,0,0,0,0,0,0,0,0,0,0,0,0,0,0,0,0,0,0,0,0,0,0,0,0,0,0,0,0,0,0,0,0,0,0,0,0,0,0,0,0,0,0,0,0,0,0,0,0,1,0,0,0,0,0,0,0,0,0,0,0,0,1,0,0,0,0,0,0,0,0,0,0,0,0,0,0,0,0,0,0,0,0,0,0,0,0,0,0,0,1,0,0,0,1,0,0,0,0,0,0,0,0,0,0,0,0,0,0,0,0,0,0,0,0,0,0,0,0,0,0,0,0,0,0,0,0,0,0,0,2,0,0,0,0,0,0,0,0,0,0,0,0,0,0,0,0,0,0,0,0,0,0,0,0,0,0,0,0,0,0,0,0,0,0,0,0,0,0,0,0,0,0,0,0,0,0,0,0,0,0,0,1,0,0,0,0,0,0,0,0,0,0,0,1,0,0,0,0,0,0,0,0,0,0,0,0,0,0,0,0,0,0,0,0,0,1,0,0,0,0,0,0,0,0,0,0,0,0,0,0,0,0,1,0,0,0,0,0,0,1,0,0,0,0,0,0,0,0,0,0,0,0,0,0,0,0,0,0,0,0,0,0,0,0,2,0,0,0,0,0,0,0,0,0,0,0,2,0,0,0,0,0,0,0,0,0,0,0,0,0,0,0,0,0,0,1,0,0,0,0,0,0,2,0,0,0,0,0,0,0,0,0,0,0,0,0,0,0,0,0,0,0,0,0,0,0,0,0,0,0,0,1,1,0,0,0,0,0,0,0,0,0,0,0,1,1,0,0,0,0,0,0,0,0,0,0,0,0,0,0,0,0,0,0,0,0,0,1,0,0,0,0,0,0,0,0,0,0,1,0,0,0,0,0,0,0,0,0,0,0,0,0,0,0,1,0,0,0,0,0,0,0,0,0,0,0,0,0,0,0,0,0,0,0,0,0,0,0,0,0,0,0,0,0,0,0,0,0,0,0,0,0,0,0,0,0,0,0,0,0,0,0,0,0,0,0,0,0,0,0,0,0,0,0,0,0,0,0,0,1,0,0,0,0,0,0,0,0,0,0,0,0,0,1,0,0,0,0,0,0,0,0,0,0,0,0,0,0,0,0,0,0,0,0,0,1,0,0,0,0,0,0,0,0,0,0,0,0,0,0,0,0,0,0,0,0,0,0,1,0,0,0,0,0,0,0,0,0,0,0,0,0,0,0,0,1,0,0,0,0,0,0,0,0,0,0,0,0,0,0,0,0,0,0,0,0,0,3,0,0,0,0,0,0,0,1,0,0,0,0,0,0,0,0,0,0,0,0,2,0,0,0,0,0,0,0,0,0,0,0,0,0,0,0,0,0,0,0,0,0,0,0,0,0,0,0,0,0,0,0,0,0,0,0,0,0,0,0,0,2,0,0,0,0,0,0,0,0,0,0,0,0,0,0,0,0,0,0,0,0,0,0,0,0,0,0,0,0,0,1,0,0,0,0,0,0,0,0,0,0,0,0,0,0,0,0,0,1,0,0,0,0,0,0,0,0,0,0,0,0,0,0,0,0,0,0,0,0,0,0,0,0,0,0,0,0,1,0,0,0,0,0,0,0,0,0,0,0,0,0,0,0,0,0,0,0,0,0,0,0,0,0,0,0,0,0,0,0,0,0,0,0,0,0,0,0,0,0,0,0,0,0,0,0,0,0,0,0,0,1,0,0,0,0,0,0,0,0,0,0,0,1,0,0,0,0,0,0,0,0,0,0,0,0,0,0,1,0,0,0,0,0,2,0,0,0,0,0,1,0,0,0,0,0,0,0,0,0,0,0,0,0,0,0,0,0,0,0,0,0,0,0,0,0,0,0,0,0,0,0,0,1,1,0,0,0,0,0,0,0,0,0,0,0,0,0,0,0,0,0,0,0,0,0,0,0,0,0,0,0,0,0,0,0,0,0,0,0,0,1,0,0,0,0,0,0,0,0,0,0,1,0,0,0,0,0,0,0,0,0,0,0,1,0,1,0,0,1,0,0,0,0,0,0,0,0,0,0,0,0,0,0,0,0,0,0,1,0,0,0,0,0,0,0,0,0,0,0,0,0,0,0,0,0,0,0,0,0,0,0,0,0,0,0,0,0,0,0,0,0,0,0,0,0,0,0,0,0,0,1,0,0,0,0,0,0,0,0,0,0,0,0,0,0,0,0,0,0,0,0,0,0,0,0,0,0,0,0,0,0,0,0,0,0,0,0,0,0,0,0,0,0,0,0,0,0,0,0,0,0,0,0,0,0,0,0,0,0,0,0,0,0,0,0,0,0,0,0,0,0,0,0,0,0,0,0,0,0,2,0,0,0,0,0,0,0,0,0,0,0,0,0,0,0,0,0,0,0,0,1,0,0,0,0,0,0,0,0,0,0,0,0,0,0,0,0,0,0,0,1,1,0,0,0,1,0,0,0,0,0,0,0,0,0,0,0,0,0,0,0,0,0,0,0,0,0,0,0,0,0,0,0,0,0,0,0,0,0,0,0,0,0,0,1,0,0,0,1,0,0,0,0,0,0,1,0,0,0,0,2,0,0,0,0,0,0,0,0,0,0,0,0,0,0,0,0,0,0,0,0,0,0,0,0,0,0,0,0,0,0,0,0,0,0,0,0,0,0,0,0,0,0,0,0,0,0,0,0,0,0,0,0,0,0,0,0,0,0,0,0,0,0,0,0,0,0,0,0,0,0,0,0,0,0,0,0,0,0,0,0,0,0,0,0,0,0,0,0,0,0,0,0,0,0,0,0,0,0,0,0,0,0,0,0,0,0,0,0,0,0,0,0,0,0,0,0,0,0,0,0,0,0,0,0,0,0,0,0,0,0,0,0,0,0,0,1,0,0,0
RUFY1,0,0,0,0,0,0,0,0,0,0,0,0,0,0,0,0,0,0,0,0,0,0,1,0,0,0,0,0,0,0,0,0,0,0,0,0,0,0,0,0,0,0,0,0,0,1,0,0,0,0,0,0,0,1,0,0,0,0,0,0,0,0,0,0,0,0,0,5,1,0,0,0,0,0,0,1,0,1,0,0,0,0,0,0,0,0,0,0,0,0,0,0,1,0,0,0,0,0,0,0,0,0,0,0,0,0,0,0,0,0,0,0,0,0,0,0,0,0,0,0,0,0,5,0,0,0,0,0,0,0,0,0,0,0,0,0,0,0,0,0,0,0,0,0,1,0,0,0,0,0,0,0,0,0,0,0,0,0,0,0,0,0,0,0,0,0,0,0,0,0,0,1,0,0,0,0,0,0,0,0,0,0,1,0,0,1,0,0,0,1,0,0,0,0,0,0,0,0,5,0,0,0,0,1,0,0,0,1,0,0,0,0,1,0,0,0,0,0,2,2,0,0,0,0,0,0,0,0,0,0,0,0,0,0,0,0,0,0,0,0,0,0,0,0,0,1,0,0,0,0,0,0,0,0,0,0,0,0,0,0,0,0,0,0,0,0,0,0,0,0,0,0,0,0,0,0,0,1,0,0,0,0,0,0,0,0,0,0,0,0,0,0,0,0,0,0,0,0,0,0,0,0,0,0,0,0,0,0,0,0,0,0,0,0,0,0,0,0,0,1,0,0,0,0,0,0,0,0,0,0,0,0,0,0,0,0,0,0,0,0,0,0,0,0,0,1,0,0,0,0,0,0,0,0,0,0,0,0,0,0,1,0,1,0,0,1,2,0,0,0,0,0,0,0,0,0,0,0,0,0,0,0,0,0,0,0,0,1,0,0,0,0,1,0,0,0,0,0,0,0,1,0,0,0,0,0,0,0,0,0,0,1,0,0,0,0,0,0,0,0,0,0,0,0,0,0,0,0,0,0,0,0,0,1,0,0,0,0,0,0,0,0,0,0,0,1,0,0,0,0,0,0,0,0,0,0,0,0,0,2,2,0,0,0,0,0,0,0,0,0,0,0,0,0,0,0,0,0,0,0,1,0,1,0,0,0,0,0,0,0,1,0,0,0,0,0,0,0,0,0,0,1,0,0,0,0,1,0,0,0,0,0,0,0,0,0,0,0,0,0,0,0,0,0,0,0,0,0,0,0,0,0,0,0,1,0,0,0,0,0,0,0,0,0,0,0,0,0,0,0,0,1,0,0,0,0,0,0,0,0,0,0,0,0,0,0,0,1,0,1,0,0,0,0,0,1,0,0,0,2,0,0,0,1,0,0,1,0,0,0,0,0,0,0,0,0,0,0,0,0,0,0,0,0,0,3,0,0,0,0,0,0,0,0,0,1,0,0,0,0,0,0,0,0,0,0,0,0,0,0,1,0,0,0,0,0,0,0,0,1,0,0,0,0,1,0,0,0,0,1,0,0,0,0,0,0,0,0,0,0,0,0,0,0,0,0,0,0,0,0,0,0,0,0,0,0,1,1,0,0,0,0,0,0,0,0,0,1,0,0,0,0,0,0,0,0,0,0,0,0,0,1,0,0,0,0,1,0,0,1,0,0,0,0,0,0,0,0,0,0,0,0,0,0,0,0,0,0,0,0,1,0,0,1,0,0,0,0,0,0,0,0,0,0,0,0,0,0,0,0,0,0,0,0,0,0,0,0,0,0,0,0,0,0,0,0,0,0,0,0,0,0,0,0,0,0,0,0,0,0,0,0,1,0,0,0,0,0,0,0,0,0,0,0,1,0,0,0,0,0,0,0,0,0,1,0,0,0,1,0,0,0,0,0,0,0,0,0,0,0,0,0,2,0,0,0,0,0,0,0,0,0,0,0,0,0,0,0,0,0,0,0,0,0,0,1,1,0,0,0,0,0,0,0,0,0,0,1,1,2,0,0,0,0,0,0,0,0,0,0,1,0,0,0,0,0,0,0,0,0,0,0,0,0,0,0,0,0,0,0,0,0,0,0,0,0,0,1,0,0,0,0,0,0,0,0,0,0,0,0,0,0,0,0,0,0,0,0,0,0,0,0,0,0,0,0,0,0,0,0,0,0,0,0,0,1,0,0,0,0,0,0,0,0,0,0,0,0,0,0,0,0,0,0,0,0,1,0,0,0,0,0,0,0,0,0,0,0,0,0,0,1,0,0,0,0,0,1,1,0,0,0,0,0,0,0,0,0,0,0,0,0,0,0,0,0,0,0,0,0,0,0,0,0,0,0,0,0,0,0,0,0,1,0,0,0,0,0,0,0,0,0,0,0,0,0,0,0,0,0,0,0,0,0,0,0,0,0,0,0,0,0,0,0,1,0,0,0,0,0,0,0,0,1,0,0,0,0,0,0,0,0,0,0,0,0,1,0,0,0,0,0,0,0,0,0,0,0,1,0,0,0,0,0,0,0,0,0,0,0,0,0,0,0,0,0,0,0,0,0,0,0,0,0,0,0,0,1,0,0,1,0,0,0,0,0,0,1,0,0,0,0,0,0,0,0,0,0,0,0,0,0,0,0,0,1,0,1,0,1,0,0,0,0,0,0,0,0,0,0,0,0,0,0,0,0,0,0,0,0,0,0,0,0,0,0,0,1,0,1,2,0,0,1,1,0,0,0,1,1,0,0,0,0,0,0,0,0,0,0,0,0,0,0,0,0,0,0,0,0,0,0,0,0,0,0,0,1,0,0,0,0,0,1,0,0,0,0,0,1,0,0,0,0,0,2,0,0,0,0,0,0,0,0,0,0,0,0,0,0,0,0,0,0,0,0,0,0,0,0,0,0,0,0,0,1,0,0,0,0,0,0,0,0,0,0,0,0,0,0,0,0,0,0,0,0,0,0,0,0,0,0,0,1,0,0,0,0,0,0,0,0,0,0,0,0,0,1,0,0,0,0,0,0,0,0,0,0,0,0,0,0,0,0,0,1,0,0,0,0,0,0,0,0,0,0,0,0,0,0,0,1,0,0,0,0,0,0,0,0,1,0,0,0,0,0,0,1,0,0,0,0,0,0,0,0,1,0,0,0,0,1,0,0,0,0,0,0,0,0,0,0,0,0,0,0,0,0,0,0,1,1,0,0,0,0,0,0,0,0,0,0,0,0,0,0,0,0,1,1,0,0,0,0,0,0,0,0,0,0,0,0,0,0,0,0,0,1,0,0,0,0,0,0,0,0,0,0,0,0,0,0,0,0,0,0,0,0,0,0,0,0,0,0,0,0,0,0,0,0,0,0,0,0,0,0,0,0,0,0,0,0,0,0,0,0,0,0,0,0,0,0,0,0,1,0,0,0,0,0,0,0,0,0,0,0,0,0,0,0,0,0,0,0,0,0,0,0,0,0,0,0,0,0,0,0,0,0,0,0,0,0,0,0,0,0,0,0,0,0,0,0,0,0,0,0,0,0,0,0,0,0,0,0,0,0
CANX,1,1,2,1,1,2,1,1,0,0,0,0,3,1,0,2,0,1,0,0,0,0,1,0,0,1,0,0,0,0,0,0,0,3,1,0,2,1,0,0,1,1,1,2,0,2,1,1,0,0,0,0,1,0,0,0,1,0,0,1,2,0,0,0,1,0,0,0,2,0,0,1,0,0,0,0,1,1,0,2,1,0,0,0,0,0,0,0,1,0,2,0,0,1,2,1,0,2,1,0,0,0,1,1,0,0,0,0,1,0,1,0,2,1,0,1,0,0,1,0,0,0,0,0,0,0,0,0,1,0,0,1,1,1,0,0,1,0,0,1,1,1,0,0,3,0,0,1,0,0,2,0,0,0,1,0,1,0,0,1,0,0,4,0,0,0,0,0,2,3,0,1,1,0,1,0,0,1,1,0,0,0,1,0,0,0,1,0,1,0,1,2,0,0,0,2,0,0,0,0,0,0,0,1,0,0,0,1,0,0,0,1,0,0,1,0,0,0,2,3,0,0,3,0,0,0,0,1,0,0,1,0,2,0,0,0,0,0,0,0,0,0,0,2,0,1,0,0,2,1,0,1,0,2,2,0,0,0,0,0,0,0,0,0,0,0,0,0,0,1,0,0,0,0,0,1,0,4,2,0,1,0,0,1,1,0,0,1,0,0,0,0,1,1,1,0,0,0,2,0,0,0,0,0,1,0,0,0,0,0,0,0,0,0,0,0,0,1,0,0,1,1,1,0,1,0,0,0,0,0,0,2,0,0,1,0,0,0,0,0,2,0,2,0,0,0,0,0,1,5,1,0,2,0,0,2,0,1,0,0,0,0,0,0,0,0,3,0,0,1,0,1,0,0,0,4,1,0,0,1,0,0,1,2,0,0,0,1,0,0,0,2,0,0,0,1,0,0,0,0,0,1,1,0,0,2,0,0,0,0,0,0,0,0,0,2,0,2,2,0,3,2,0,0,0,0,0,2,0,1,0,1,0,0,0,1,3,0,0,2,0,1,0,0,1,1,2,1,0,0,0,0,1,0,1,0,0,1,0,0,1,0,1,0,4,1,0,0,0,1,1,1,0,0,0,1,2,0,0,0,1,0,0,1,3,0,0,1,0,3,0,0,0,0,0,2,0,0,0,0,0,1,0,0,0,1,0,2,0,0,0,0,0,1,0,0,0,0,1,0,0,1,0,1,0,0,0,0,5,1,1,1,0,0,1,5,1,1,0,0,1,1,0,0,0,0,1,0,0,0,1,3,0,0,0,0,1,3,0,0,0,0,0,1,0,1,0,1,0,0,0,1,0,0,0,1,0,0,0,0,1,0,0,0,0,0,0,0,0,0,0,0,1,1,1,0,2,0,0,0,0,1,0,0,1,1,1,0,0,0,1,0,1,0,0,0,0,0,1,0,1,1,0,0,0,0,0,1,2,0,1,0,0,0,0,0,0,0,1,0,0,0,0,0,0,0,1,0,0,0,0,0,0,1,0,0,0,0,0,0,0,0,0,0,0,0,0,1,0,0,0,0,1,0,0,0,0,1,0,1,1,2,0,0,3,1,1,0,0,0,0,1,0,0,0,0,1,0,0,1,2,0,3,0,0,0,1,0,0,0,1,0,0,1,1,0,0,0,0,0,0,0,0,0,0,0,0,0,0,0,0,0,1,1,3,0,3,0,0,0,0,0,0,1,1,1,0,0,0,0,0,0,0,2,0,0,1,0,0,1,0,1,0,1,0,0,0,0,1,1,1,0,0,0,0,1,1,0,1,0,0,0,1,1,2,1,0,0,0,0,2,0,0,0,1,0,0,0,2,0,2,0,0,0,1,0,0,0,1,0,0,1,0,3,0,2,0,0,1,0,0,0,3,1,0,0,0,2,0,0,0,0,0,0,0,0,0,0,1,0,0,0,1,0,0,0,0,0,0,0,1,0,0,0,0,0,2,1,0,1,0,0,1,1,0,0,0,1,0,0,0,0,0,0,0,1,0,0,0,0,0,0,0,0,2,0,0,1,1,0,0,0,0,0,0,0,0,1,0,0,1,0,0,0,0,0,1,0,0,2,1,1,0,0,0,0,0,0,1,0,0,0,2,0,0,0,0,2,0,1,0,0,0,0,0,0,0,1,1,1,1,0,0,0,0,0,1,0,1,3,0,0,0,1,0,0,0,1,1,0,1,0,1,0,0,1,0,1,0,1,0,0,0,0,0,0,1,0,0,1,0,1,0,1,2,0,1,1,0,0,1,0,0,0,0,0,0,1,0,0,0,1,0,0,0,0,0,0,2,0,0,1,0,0,2,0,0,0,3,0,0,0,0,0,0,0,0,1,0,0,2,2,1,3,0,1,0,3,0,0,0,1,1,1,1,0,0,0,0,0,0,0,0,0,0,0,0,0,0,2,0,0,1,1,0,1,0,1,0,2,0,1,1,0,0,1,0,1,0,3,2,1,0,0,0,2,1,1,0,0,4,0,0,0,0,1,0,1,1,0,1,0,0,1,0,0,0,0,0,1,0,0,0,0,0,0,1,1,0,2,0,1,4,0,1,2,0,0,1,0,0,0,0,0,0,0,1,1,0,0,2,1,1,0,1,0,0,0,0,0,1,0,0,1,0,0,0,0,0,0,1,0,0,0,1,0,0,2,0,0,1,1,0,1,3,0,1,0,1,1,0,0,2,1,0,1,0,0,0,2,0,1,0,0,0,0,1,0,0,0,0,0,0,0,0,1,1,0,0,2,0,0,0,0,0,0,0,1,0,0,0,0,0,0,0,1,0,0,0,0,0,0,0,0,0,4,1,0,0,0,0,0,0,0,2,0,0,10,1,0,3,1,1,0,0,1,0,1,1,0,1,0,0,0,2,0,0,0,1,1,0,0,0,0,0,0,1,0,0,1,0,1,2,3,0,0,0,0,0,2,0,0,0,0,0,0,1,2,1,0,0,0,1,0,1,0,0,0,0,0,0,0,0,1,0,0,0,0,1,1,0,2,1,0,0,0,0,0,1,1,1,2,0,0,0,0,0,0,2,0,0,0,2,0,0,1,1,1,0,0,1,0,0,1,0,0,0,0,0,0,1,1,0,0,2,1,2,0,0,1,2,1,0,0,4,0,1,0,0,0,0,0,0,0,0,0,1,0,0,2,2,0,1,0,0,0,0,1,1,3,0,1,0,0,1,0,0,0,0,0,1,0,0,0,1,1,0,1,0,0,0,2,2,1,1,0,0,0,1,0,3,1,0,0,0,0,0,0,0,0,1,0,0,0,1,1,0,2,0,2,0,0,0,0,0,1,1,1,0,1,0,0,0,0,0,0,0,0,0,2,0,0,1,3,1,0,1,1,0,2,0,1,1,1,0,0,0,2,0,2,0,0,2,0,0,0,0,1,3,0,0,0,0,0,0,0,0,0,0,0,0,0,0,0,0,0,0,0,1,0,0,0,0,0,2,0,0,0,1,0,0,0,0,0,0,1
ODF3B,0,0,0,0,0,2,1,0,0,0,0,0,0,0,0,1,0,0,0,0,0,0,1,0,0,0,0,0,0,0,0,0,0,0,0,0,0,0,0,0,0,0,1,0,0,0,0,1,0,0,0,0,1,0,0,0,0,0,0,0,0,1,0,0,0,0,0,0,1,0,0,0,0,0,3,0,0,0,0,0,0,0,0,0,0,0,0,0,0,0,0,0,0,0,0,2,0,0,0,1,0,0,2,0,0,0,0,0,2,0,0,0,0,1,0,1,0,0,0,0,0,1,0,0,0,0,0,1,0,0,0,0,0,0,0,0,1,0,0,0,0,0,0,0,0,0,1,0,0,0,1,0,0,0,0,0,0,0,0,2,0,0,2,0,0,0,1,0,0,0,0,0,0,0,0,0,0,0,0,0,0,0,0,0,0,0,0,0,0,0,0,0,0,0,0,0,0,0,0,0,0,0,1,0,0,0,0,0,0,0,0,0,0,0,0,0,0,0,0,1,0,0,0,0,0,0,0,0,0,0,0,0,0,0,0,0,0,0,0,0,1,0,0,0,0,0,0,0,0,1,0,0,0,0,0,0,0,0,0,1,0,0,0,1,0,1,0,0,0,0,0,2,0,0,1,0,0,1,1,0,0,0,0,0,0,0,0,0,0,0,0,0,0,0,0,0,0,0,0,0,0,0,0,0,2,0,0,0,1,0,0,0,0,0,0,0,0,0,0,0,0,0,2,0,0,0,2,0,0,0,0,0,0,0,0,0,0,3,0,2,1,0,2,0,0,0,0,0,0,0,0,0,1,0,0,0,0,0,1,0,0,0,0,0,1,0,1,0,0,0,0,0,0,0,0,0,0,0,0,0,1,0,1,0,0,1,0,0,0,0,0,3,0,0,0,1,0,0,0,0,0,0,0,0,1,0,0,0,0,0,0,0,1,0,0,2,0,0,0,0,0,0,0,0,0,0,0,0,0,0,0,0,0,0,0,0,0,0,0,0,0,0,1,0,0,1,0,0,0,0,0,0,0,0,0,0,0,0,1,0,0,0,0,0,0,0,0,0,0,0,0,0,0,0,0,0,1,0,0,0,2,0,0,0,0,0,0,0,0,0,0,0,0,0,0,0,0,0,0,0,0,0,0,0,0,0,0,0,0,0,0,0,0,0,0,0,0,0,0,0,0,0,0,1,1,1,0,0,0,0,0,0,0,0,0,0,0,0,0,0,1,0,0,0,0,0,0,0,0,0,0,0,0,0,0,1,0,1,0,0,0,0,0,0,0,0,0,0,0,0,0,0,0,0,0,2,0,0,1,0,0,0,0,0,0,0,0,0,0,1,0,0,0,0,0,0,0,0,0,0,0,0,0,0,0,1,1,0,0,0,3,0,0,0,0,0,0,0,0,0,0,0,1,0,0,0,0,0,0,0,0,0,0,0,0,0,0,1,0,0,0,1,0,0,0,0,0,0,0,0,0,0,0,0,0,1,0,0,0,0,1,0,0,0,0,0,0,0,0,0,0,0,0,0,0,0,0,1,0,1,0,0,0,0,0,0,0,0,0,0,0,1,0,0,0,0,0,0,0,0,0,0,0,0,0,2,0,0,0,1,0,0,0,0,1,0,0,0,0,0,0,0,0,0,0,0,0,0,0,0,0,0,0,0,0,0,1,0,0,0,0,0,0,1,0,0,0,0,0,0,0,0,0,0,0,0,0,0,0,0,0,0,0,0,0,0,0,0,0,0,0,0,0,1,1,0,0,0,1,0,0,0,0,0,0,0,0,0,0,0,0,0,0,0,1,0,0,0,1,0,0,0,0,0,0,0,0,0,0,0,0,1,0,0,0,0,1,0,0,0,0,0,1,0,0,0,0,0,0,0,0,0,0,1,0,0,0,0,1,0,1,0,0,0,0,0,0,0,0,0,0,1,0,0,1,0,0,0,0,0,0,0,0,0,0,0,0,0,0,0,0,0,0,0,0,0,0,0,0,0,0,0,0,0,0,1,0,0,0,0,0,0,0,0,0,0,0,0,0,0,0,0,0,0,0,0,0,0,1,2,1,0,0,0,0,0,0,0,0,0,0,1,1,0,0,1,0,0,0,0,1,0,0,0,0,0,0,2,0,0,0,0,0,0,0,0,0,0,0,0,0,0,0,0,0,0,0,0,0,0,0,0,0,0,0,1,0,0,0,0,0,1,1,0,0,1,0,0,0,0,0,0,0,0,0,0,0,0,0,0,0,0,0,0,0,0,0,0,0,0,0,0,0,0,0,0,0,0,0,0,0,0,0,0,0,0,0,0,0,0,0,0,0,0,0,1,1,0,0,0,1,1,0,0,0,0,0,0,1,0,0,0,0,0,0,0,0,0,0,0,0,0,0,0,0,0,1,0,0,0,0,0,1,0,1,0,0,1,0,0,1,0,0,0,0,0,1,3,0,0,0,0,0,0,0,0,2,0,0,0,0,0,0,2,0,1,0,0,0,0,0,0,2,0,0,0,0,0,0,0,0,0,0,0,0,0,0,0,0,0,0,0,1,0,0,0,0,0,0,0,0,0,0,0,0,0,0,1,0,0,0,0,0,0,0,0,0,0,1,0,0,0,0,0,0,0,0,0,0,0,0,0,0,0,0,0,0,0,0,0,0,0,0,1,0,0,0,0,0,1,0,0,0,0,0,0,0,0,0,0,0,0,0,0,0,0,0,0,0,0,0,0,0,0,0,0,0,0,0,0,0,0,0,0,0,0,1,0,0,0,0,0,0,0,0,0,0,1,0,0,0,1,0,0,0,1,1,0,0,0,0,0,0,0,0,0,1,0,0,0,1,0,0,0,0,0,0,0,0,0,0,0,4,1,0,0,0,0,0,0,0,0,0,0,0,0,1,0,1,0,1,0,0,0,0,1,0,0,0,0,0,0,0,0,0,0,0,0,0,0,1,0,0,0,1,0,0,0,0,0,0,0,0,0,0,0,0,0,0,0,0,0,0,1,0,0,0,0,0,0,0,0,0,0,0,0,0,0,0,0,0,0,0,0,0,0,0,0,1,0,0,0,0,0,0,0,0,1,0,0,0,0,0,0,0,1,0,0,0,0,1,0,0,0,0,0,0,0,0,1,0,0,0,0,0,0,0,0,0,0,3,0,0,0,0,0,0,0,0,0,0,0,0,0,0,1,0,0,0,0,0,0,0,0,0,0,0,0,0,0,0,0,2,0,0,0,0,0,0,0,0,0,0,0,0,0,0,0,0,0,0,0,0,0,0,0,0,0,0,0,0,0,0,0,0,0,0,0,0,0,0,0,0,0,0,0,1,0,0,0,0,0,0,0,0,0,0,0,0,0,0,0,0,0,0,1,0,1,1,0,0,0,0,1,0,0,0,0,0,0,0,1,0,0,0,0,0,0,0,1,0,0,0,0,0,0,0,0,0,0,0,1,1,0,0,0,2,0,0,0,0,0,0,0,0,0
BID,0,0,0,0,0,0,0,0,0,0,0,0,0,0,0,3,0,0,1,0,0,0,1,0,0,0,0,0,0,0,0,0,0,1,0,0,0,0,1,0,0,0,2,1,0,0,0,1,0,0,0,0,0,0,0,0,0,1,0,0,0,0,0,0,0,0,0,1,1,0,0,1,0,0,0,0,0,1,0,1,0,0,1,0,0,0,0,0,0,0,1,0,1,1,0,0,1,0,0,0,0,0,0,0,0,0,0,0,0,0,0,1,1,0,0,0,0,0,1,0,1,0,0,0,1,0,0,0,0,0,1,0,0,0,0,1,0,0,0,0,0,0,1,1,1,0,1,0,0,0,2,0,0,0,0,0,0,0,0,0,1,0,1,0,0,0,0,0,0,3,0,0,1,0,0,0,0,0,1,0,0,0,0,0,2,0,0,0,0,0,0,0,0,0,0,0,1,0,1,0,1,0,0,0,0,0,0,0,0,0,0,0,0,0,0,0,0,0,0,1,1,0,1,1,0,0,0,0,0,0,0,0,2,2,1,0,0,0,0,0,0,0,0,1,0,0,0,1,1,0,0,1,0,0,0,1,0,0,0,0,0,0,0,1,0,1,0,0,0,0,0,0,0,0,1,0,1,1,2,1,0,1,0,0,0,0,0,0,0,0,0,0,0,0,0,0,0,0,1,0,0,0,0,0,0,0,0,0,1,0,0,0,0,0,0,0,0,1,0,1,0,0,0,0,0,0,0,0,0,0,0,1,0,0,0,0,1,0,0,1,2,0,0,0,0,0,0,1,0,0,1,0,3,0,0,0,0,0,0,0,0,0,0,1,0,0,5,0,0,0,0,0,0,0,0,2,1,0,0,1,1,0,0,0,0,0,1,0,0,0,0,4,2,1,0,0,1,0,0,2,0,0,0,0,0,0,0,1,0,0,0,0,0,0,0,1,1,0,0,0,1,0,0,0,0,0,0,0,0,0,0,0,0,0,1,0,0,0,0,0,0,0,0,0,0,1,0,0,0,0,0,0,0,1,1,0,0,2,0,0,0,1,0,0,1,1,0,0,1,0,1,0,0,1,0,0,0,0,0,0,1,0,0,1,2,0,0,0,0,0,0,0,0,0,0,0,0,0,0,0,0,1,0,0,0,0,0,1,0,0,1,0,0,0,0,0,0,0,0,0,0,0,0,0,0,0,0,0,0,0,2,0,0,0,0,0,0,1,0,0,1,0,0,0,0,0,2,0,0,0,1,4,0,0,0,2,0,3,0,0,0,0,0,0,0,1,0,0,0,0,0,0,1,0,0,0,0,1,0,0,0,2,0,0,0,1,0,0,0,0,0,1,1,4,0,0,0,0,0,0,0,2,0,0,0,3,0,0,0,0,0,0,0,0,0,0,0,0,0,1,0,0,1,0,0,0,1,1,1,0,0,0,0,0,0,0,0,0,0,0,0,0,0,0,0,0,0,0,0,1,0,0,0,0,0,2,0,0,0,1,0,0,0,0,0,0,0,0,0,0,0,0,0,0,1,0,1,1,0,0,0,1,0,0,0,0,3,0,0,1,0,0,0,0,0,0,0,0,0,0,0,1,1,0,0,2,0,0,0,2,0,0,0,0,0,1,0,0,0,0,0,0,0,0,0,0,0,0,0,0,0,0,0,0,0,0,1,0,0,0,0,0,1,0,0,0,0,1,0,0,0,0,0,0,0,0,0,0,0,0,0,0,0,0,0,0,1,0,0,0,0,0,0,0,0,0,0,0,0,0,0,0,0,0,0,0,1,0,1,1,0,0,0,0,1,0,0,0,1,0,0,0,0,0,0,0,0,0,0,0,0,2,0,0,1,0,1,0,0,0,0,0,2,0,0,0,0,0,1,0,0,0,0,1,0,0,0,0,0,2,0,1,0,2,0,1,0,0,1,0,1,0,0,0,0,0,0,0,0,0,0,0,0,0,1,0,0,0,0,0,0,0,2,0,0,0,0,0,0,0,0,0,1,0,0,1,0,0,0,0,0,0,0,1,0,0,0,0,1,0,0,0,0,0,0,0,0,0,0,0,1,0,0,0,1,0,0,0,1,0,0,0,1,0,0,0,0,0,0,0,0,1,0,0,0,0,0,5,0,0,0,2,0,0,0,0,0,0,0,0,0,0,1,0,0,0,0,0,0,1,0,0,0,0,0,0,0,0,0,2,0,2,0,0,0,0,0,2,1,1,0,0,0,0,0,0,0,0,1,0,0,0,0,0,0,0,0,0,0,0,0,2,0,0,0,0,0,0,0,0,0,0,0,1,0,0,0,0,0,0,0,0,1,0,0,1,1,0,0,0,3,3,0,0,0,1,0,2,2,0,0,1,0,0,0,0,0,0,0,0,0,0,0,0,0,0,0,0,0,0,0,0,3,2,0,0,1,1,0,0,6,0,0,1,0,0,0,0,0,0,0,0,0,0,0,0,0,0,0,0,0,0,0,2,0,0,0,0,0,0,0,0,5,0,1,0,0,0,0,1,0,0,0,0,0,0,1,0,1,1,0,0,0,0,0,1,0,0,0,1,0,0,1,0,0,0,0,0,0,0,0,0,0,0,0,0,0,0,0,0,2,0,0,0,0,0,0,0,1,0,0,0,0,0,0,0,0,0,1,0,0,0,0,0,0,0,1,0,0,3,0,0,1,0,0,0,0,0,0,1,0,0,0,0,1,0,2,0,0,0,0,0,0,0,1,0,0,3,1,0,0,1,1,1,0,0,3,0,0,0,1,2,0,0,0,0,1,0,0,0,1,2,0,0,0,2,0,0,0,0,0,0,0,1,0,0,0,0,0,0,3,2,1,0,0,0,2,1,0,0,0,0,2,0,1,0,0,0,0,0,0,0,0,0,0,0,0,0,0,0,2,0,2,0,1,0,0,0,0,1,0,0,0,0,1,0,0,0,1,0,1,0,0,0,0,0,0,0,0,0,0,0,0,0,0,2,1,0,1,0,1,0,0,0,0,0,0,0,0,1,0,0,0,0,0,0,0,0,0,0,0,0,0,0,0,0,0,0,1,0,0,0,0,0,1,0,0,0,0,0,0,0,0,2,0,1,0,1,0,0,1,0,0,1,2,0,0,0,0,2,0,0,0,0,0,0,0,0,0,1,4,0,0,0,0,0,0,0,0,1,0,0,0,0,0,1,0,0,0,0,0,0,0,0,1,0,0,3,0,0,0,0,1,0,0,0,0,0,0,0,0,0,0,1,0,0,0,0,0,0,0,0,0,0,0,0,0,2,1,0,0,1,0,0,0,0,0,0,0,0,0,0,0,0,0,0,2,0,0,0,1,0,0,2,2,0,0,0,0,0,0,0,0,0,0,0,0,0,0,0,0,0,0,0,0,0,0,0,0,0,0,1,0,0,0,1,0,0,0,0,0,0,0,1,0,0,0,0,1,0,0,0,0,0,0,0,0,2,0,0,0,0,0,0,0,0
CD84,0,0,1,0,0,0,0,0,0,0,0,1,0,0,0,1,1,0,0,0,0,0,0,0,0,0,0,0,0,0,0,0,0,0,0,0,0,0,0,0,0,0,0,1,0,0,0,0,0,0,0,0,0,0,0,0,0,0,0,0,0,0,0,0,0,0,0,0,0,0,0,0,0,0,0,0,0,1,0,0,1,0,0,0,0,0,0,0,0,0,0,0,0,0,0,1,0,0,0,0,2,0,0,0,0,0,0,0,1,0,0,1,0,0,2,0,0,0,0,0,0,0,0,0,0,0,1,0,0,0,0,0,0,0,0,0,0,0,0,0,0,0,0,0,0,1,0,0,0,0,0,0,0,0,0,0,0,0,0,0,0,0,0,0,0,0,0,0,0,0,0,0,0,0,0,0,0,0,1,0,0,0,0,0,0,0,0,0,0,0,0,1,0,0,0,0,0,0,0,0,0,0,0,0,0,1,0,1,0,0,0,0,0,0,0,0,0,0,0,2,0,0,0,0,0,0,0,0,1,0,0,0,1,0,0,0,0,0,0,0,0,0,0,0,0,0,0,0,1,0,0,0,0,0,0,0,0,0,0,0,0,0,0,0,0,0,0,0,0,0,0,0,0,0,0,0,0,0,0,0,0,0,1,0,0,0,0,0,0,0,0,0,0,0,0,0,0,0,1,0,0,0,0,0,1,0,1,0,0,0,0,0,0,1,0,0,0,0,0,0,0,0,0,0,1,0,0,1,0,0,0,0,1,0,1,0,0,0,1,0,1,0,0,2,0,1,1,0,1,0,0,0,0,1,0,0,0,0,0,0,1,0,0,0,0,0,0,0,0,0,0,1,0,0,0,0,0,0,0,0,0,0,0,0,0,0,0,0,0,0,0,0,0,1,0,0,0,0,0,0,0,1,0,0,0,0,0,0,0,0,0,0,0,0,0,0,0,0,0,0,0,0,0,0,0,2,0,1,1,0,0,0,0,0,0,0,0,0,0,1,0,0,0,0,0,2,0,0,0,0,1,1,0,0,0,0,1,0,0,0,0,0,0,0,0,1,0,0,0,0,0,0,0,0,0,0,0,0,1,0,0,0,0,0,0,0,1,0,0,0,0,0,0,0,0,0,0,0,0,0,0,0,0,1,0,0,0,0,0,0,0,0,0,0,0,1,0,0,0,0,0,0,0,0,1,0,0,0,0,0,0,0,2,0,0,0,1,0,0,0,0,0,0,0,0,1,0,0,0,0,0,0,1,0,0,0,0,0,0,2,0,0,0,0,0,0,0,0,0,0,1,0,0,0,2,0,0,0,0,1,1,0,0,0,1,0,0,0,0,0,0,1,0,0,1,0,0,0,0,0,0,0,1,1,0,0,1,0,0,0,0,0,0,0,1,0,0,0,0,0,0,1,0,0,0,0,0,2,0,0,0,2,0,0,0,0,0,0,0,0,0,0,0,0,0,0,0,0,0,0,0,0,0,0,0,0,0,0,0,0,1,0,0,0,0,0,0,0,0,0,0,0,1,0,0,0,0,0,0,1,0,0,0,0,1,0,0,0,0,1,0,0,0,0,0,0,0,1,0,0,1,0,0,0,0,0,0,0,1,0,1,0,0,0,0,0,0,0,0,2,0,0,1,1,0,0,0,0,0,0,0,1,0,0,1,0,0,0,0,0,0,0,0,0,0,0,0,0,0,0,0,0,0,0,0,0,1,0,0,0,0,0,0,0,0,0,0,0,0,0,0,0,0,1,0,0,0,0,1,0,0,0,0,0,0,0,0,0,0,0,1,0,0,0,0,0,0,0,0,0,0,0,0,0,1,0,1,0,0,0,0,0,1,0,0,0,0,0,0,1,1,0,0,0,0,0,0,0,0,1,1,0,0,0,0,0,0,0,0,0,0,0,0,0,0,0,0,0,0,0,0,1,0,0,0,1,0,0,0,1,0,0,0,0,0,0,0,0,0,0,0,0,1,0,0,0,0,0,0,0,0,0,0,0,0,0,0,0,0,0,0,0,0,0,0,0,0,0,0,0,0,0,0,0,0,0,0,0,0,0,0,0,0,0,0,1,0,0,0,0,0,0,0,0,0,1,0,0,0,0,0,0,0,0,0,0,0,0,0,0,1,0,0,0,0,0,0,0,0,0,0,0,0,0,0,0,0,1,1,0,0,0,0,0,1,0,0,0,0,0,0,0,0,0,0,0,0,1,1,0,1,0,0,0,0,0,0,0,0,0,0,0,0,0,0,0,0,1,0,0,0,0,0,0,0,0,0,0,0,0,0,0,0,0,0,0,0,0,0,0,0,0,0,0,1,0,0,0,0,0,0,0,0,0,0,0,0,1,0,0,0,0,0,0,0,0,0,0,0,0,1,0,0,0,0,0,0,0,0,0,0,0,0,0,0,0,1,0,0,1,1,0,0,0,0,0,0,0,0,0,0,0,0,0,0,0,0,0,0,0,1,0,0,0,0,1,0,0,0,0,0,0,0,0,0,0,0,0,0,0,0,0,0,0,0,0,0,0,0,0,2,0,0,0,0,0,0,0,0,0,0,0,0,0,0,0,0,1,0,0,0,0,0,0,0,0,0,0,0,0,0,0,0,1,0,0,0,0,1,0,0,0,0,0,0,0,0,0,0,0,0,0,0,1,0,0,0,0,0,0,0,0,0,0,0,0,0,0,0,0,0,0,1,0,1,0,0,0,0,0,0,0,0,0,0,0,0,0,0,0,0,0,0,0,0,1,0,0,0,0,1,0,0,0,0,0,0,0,0,0,0,0,0,1,0,3,0,0,0,0,1,0,0,0,0,0,0,0,0,0,0,0,0,0,0,0,0,0,0,0,0,0,0,0,0,0,0,0,0,0,0,1,0,0,0,0,0,0,0,1,0,0,0,0,1,0,0,0,0,0,0,0,0,0,0,0,0,0,0,0,0,0,0,0,0,0,0,0,0,0,0,1,0,0,0,1,0,0,0,0,0,0,0,0,0,0,1,0,0,0,0,0,0,0,0,0,0,1,1,0,0,0,0,0,0,0,0,0,0,0,1,0,2,0,0,0,0,0,1,0,0,0,0,1,0,0,0,2,0,0,0,1,0,0,0,0,0,0,0,0,0,0,0,0,0,1,0,0,0,0,0,0,1,0,0,1,0,0,0,0,0,0,0,0,0,0,0,0,0,0,0,1,0,0,0,0,0,2,0,0,0,0,0,0,0,0,0,0,0,0,0,0,0,0,0,0,1,0,0,1,0,1,0,0,0,0,0,0,0,0,0,0,0,1,1,0,0,1,0,0,0,0,0,0,0,0,0,0,1,0,0,0,0,0,0,0,0,1,0,0,0,0,0,0,0,0,0,0,0,0,0,0,0,0,0,0,0,0,0,0,0,0,0,0,0,0,0,0,0,0,1,0,0,0,0,2,0,0,0,2,0,0,0,0,0,0,0,0,0,0,0,0,0,0,0,0
AOAH,0,0,1,0,0,1,2,0,0,0,0,0,0,0,0,0,0,1,0,0,0,0,1,0,0,0,0,0,0,0,0,0,0,0,0,1,0,0,1,0,0,0,2,0,0,0,0,2,0,0,0,0,1,1,0,0,0,0,0,0,0,0,0,0,0,0,0,0,1,0,0,0,0,1,1,0,0,0,0,3,0,0,0,0,0,1,0,0,0,0,0,0,0,0,0,1,0,0,1,0,0,0,0,0,0,0,0,2,0,0,0,0,0,1,0,0,0,0,1,0,0,0,1,0,0,0,0,0,1,0,0,0,0,0,0,0,0,0,0,0,0,0,0,0,1,1,0,0,0,0,0,0,0,0,0,0,0,0,0,0,0,0,0,1,1,0,1,0,1,1,0,0,0,1,0,0,0,0,0,0,0,0,0,0,0,0,0,0,0,1,0,1,0,0,0,0,0,0,0,0,0,0,0,0,0,0,0,0,1,0,0,0,2,0,1,0,0,0,0,0,0,0,0,0,0,0,0,0,0,0,0,0,0,1,0,0,0,0,0,0,0,0,0,0,0,0,0,0,0,0,0,2,0,0,0,0,0,0,0,0,0,0,0,0,0,0,0,0,0,0,2,0,0,1,0,2,0,1,0,0,0,0,0,0,0,0,0,0,0,0,0,0,0,0,0,0,0,0,1,0,0,0,1,0,0,0,0,0,0,0,0,0,0,0,0,0,0,0,0,0,0,0,1,0,0,0,0,0,0,0,0,3,1,0,0,0,0,1,0,0,0,0,0,0,0,0,0,0,0,0,1,0,0,0,0,0,0,0,0,0,0,0,0,0,0,0,0,0,0,0,0,1,2,0,0,3,0,0,0,1,0,0,1,0,0,0,0,0,0,2,0,3,0,0,0,0,0,0,1,0,1,0,0,0,1,0,0,0,1,0,0,0,0,0,0,2,0,0,0,0,1,0,0,1,0,0,0,0,0,0,0,0,0,0,1,0,1,0,0,0,0,0,0,0,0,2,0,0,0,0,0,0,0,0,1,0,0,2,1,0,0,0,0,0,2,1,0,0,1,1,2,2,0,0,0,1,0,0,0,0,2,0,0,0,1,0,0,0,0,0,0,0,0,0,0,1,0,0,0,0,0,0,0,0,0,0,0,0,0,0,0,0,0,1,0,0,0,0,0,2,0,0,0,1,1,0,0,0,0,0,0,0,0,0,1,0,0,0,0,0,0,0,0,2,0,0,0,0,0,0,0,2,0,0,1,0,0,0,0,0,0,0,0,0,0,0,0,0,0,0,0,0,0,0,0,0,0,0,0,0,0,0,0,0,0,0,0,0,0,0,0,0,0,1,0,0,0,0,0,0,0,0,0,0,0,1,0,0,0,0,0,0,1,0,0,0,0,0,0,0,0,0,0,0,0,1,0,0,0,0,0,0,0,2,0,0,0,0,0,0,0,0,1,0,0,0,0,0,0,0,0,0,0,0,0,0,0,0,0,3,0,0,0,1,1,0,0,0,0,0,0,0,1,0,1,0,1,1,0,0,0,0,0,0,0,0,0,0,0,0,0,0,0,0,0,0,0,0,0,0,0,0,0,0,0,0,0,0,0,0,0,0,0,0,1,0,0,0,0,0,0,0,0,1,0,0,0,0,0,0,1,0,0,0,0,0,1,0,0,0,0,0,0,2,0,2,0,0,0,0,0,0,0,0,0,0,0,0,0,0,0,0,0,0,0,0,0,0,0,0,0,0,0,0,0,0,0,0,0,0,0,0,0,0,1,0,0,0,0,0,1,0,0,0,1,0,0,0,0,0,0,0,0,0,0,0,0,0,0,0,0,0,0,1,0,0,1,0,0,1,0,0,0,0,0,0,0,0,0,0,0,0,0,0,1,0,0,0,0,0,0,0,0,0,0,0,0,0,1,0,0,0,0,0,0,0,1,0,0,0,0,0,0,0,1,0,0,1,0,0,0,0,0,0,0,0,1,0,0,0,0,0,0,1,0,0,0,0,0,1,0,0,2,0,0,0,0,0,1,0,0,0,1,0,0,0,0,0,0,1,0,0,0,0,0,0,0,0,0,0,0,0,0,0,0,0,0,0,0,0,0,0,0,1,0,0,0,0,0,0,0,0,0,0,0,0,0,0,0,0,0,0,0,0,0,0,0,0,0,0,0,0,0,0,0,0,0,0,0,1,0,2,0,0,0,0,0,0,0,0,0,0,0,1,0,0,0,0,0,0,0,0,0,0,0,1,0,0,0,0,0,0,0,0,0,1,0,0,0,0,0,0,1,0,0,0,0,0,0,0,0,0,0,0,0,0,0,0,0,0,0,0,0,0,0,0,0,3,0,0,0,1,0,1,0,0,0,0,0,0,0,1,0,0,0,0,0,0,0,0,0,0,1,1,0,0,0,0,0,0,1,0,0,3,0,0,0,0,1,1,0,0,0,0,0,0,0,0,0,0,0,0,0,4,0,0,0,0,1,1,0,0,0,0,0,0,0,0,0,0,1,0,0,0,0,0,0,0,0,0,0,0,0,0,0,0,0,0,0,0,0,1,0,0,0,0,0,0,0,0,1,0,0,2,0,0,0,1,0,0,0,0,0,1,0,0,0,0,0,0,0,0,0,0,0,0,0,0,1,2,0,0,1,0,0,2,0,1,0,1,0,0,1,0,0,0,0,0,0,0,0,0,0,0,0,0,0,1,0,0,0,0,0,0,1,0,0,0,0,1,0,0,0,0,0,0,0,0,0,0,0,0,0,0,0,0,1,0,0,0,0,0,0,0,0,1,2,0,0,0,0,0,0,0,0,0,0,0,0,0,0,0,0,0,0,0,0,0,0,0,0,0,0,0,0,0,0,2,0,0,0,1,0,0,0,0,2,0,1,1,0,0,0,0,0,0,0,0,0,3,0,0,0,0,0,0,0,0,1,0,0,0,0,0,0,0,0,0,0,0,0,0,0,1,0,0,0,0,0,0,0,2,0,1,0,0,0,0,0,0,0,0,0,0,0,0,0,0,0,0,2,0,0,0,0,0,2,0,1,0,0,0,0,0,0,0,0,0,0,0,0,0,0,0,1,0,0,1,0,0,0,0,0,0,0,0,0,0,0,1,0,0,0,0,0,0,0,0,0,0,3,0,0,0,0,0,0,0,0,1,0,0,0,1,0,0,0,0,0,0,0,1,0,0,0,0,0,0,0,0,0,0,1,0,0,0,0,0,0,0,0,0,0,0,0,0,0,0,0,0,0,0,0,0,0,0,0,0,0,1,0,0,0,0,0,1,0,0,0,0,0,0,0,0,0,0,0,0,0,0,0,0,0,1,1,0,0,0,0,0,0,0,0,0,0,0,0,0,2,1,0,0,0,0,0,0,0,0,0,0,0,0,0,0,0,0,0,0,0,0,0,0,0,0,0,0,0,0,0,0,0,0,0,0,2,0,0,1,0,0,0,0,0,0,0,0
PRKACB,1,2,0,1,1,0,0,0,0,0,0,0,0,0,0,2,0,0,0,0,0,0,0,0,0,0,0,0,1,0,0,0,0,0,1,1,0,0,0,0,0,0,0,0,0,0,0,0,1,1,0,1,0,0,0,0,0,0,0,0,1,0,0,0,0,0,0,0,0,1,0,1,0,0,0,0,0,0,0,0,0,0,0,0,0,0,0,0,1,0,0,0,2,0,1,0,0,0,0,1,0,0,1,0,0,0,1,0,0,0,0,1,0,0,0,0,0,0,0,0,0,0,1,0,0,0,0,0,0,0,0,0,0,0,0,0,1,0,0,0,0,0,0,0,0,0,0,0,0,0,0,0,0,0,1,0,0,0,0,0,0,1,0,0,0,0,0,0,0,0,0,0,0,0,0,1,0,0,0,0,0,0,0,0,1,0,1,0,0,0,0,0,1,1,1,0,0,0,0,0,0,0,0,0,0,1,0,0,1,0,0,0,1,0,1,0,0,0,0,0,0,0,1,1,0,0,0,0,0,0,0,0,0,0,0,0,0,0,0,1,0,0,0,0,0,0,0,0,0,0,0,0,0,1,0,1,0,0,0,0,0,0,0,0,0,1,0,0,0,1,0,0,0,0,0,1,0,0,0,0,0,1,1,0,0,1,0,0,0,0,0,0,0,0,0,0,0,0,0,0,1,0,0,0,0,0,0,0,0,1,2,1,1,0,0,0,0,0,0,2,0,0,0,0,0,0,0,0,0,0,1,0,1,1,0,0,0,0,0,0,1,0,1,0,1,0,0,0,0,0,0,0,0,0,0,0,0,1,0,0,0,0,0,0,0,0,0,0,0,0,0,0,1,0,0,0,0,0,0,0,0,0,0,0,0,0,1,0,0,0,0,0,0,0,0,0,2,0,0,0,0,1,0,0,0,0,1,0,0,0,0,0,0,0,1,0,0,0,0,0,0,0,1,0,1,0,1,0,0,0,0,0,0,0,0,0,0,0,0,1,0,0,0,0,0,0,0,0,1,0,0,0,0,0,0,0,0,0,0,1,1,1,1,0,0,1,0,1,0,0,0,0,1,2,0,0,0,0,0,0,0,0,0,1,0,3,0,0,0,0,1,0,0,0,0,0,0,0,2,3,0,1,1,0,0,0,0,0,0,0,0,0,0,0,0,0,0,0,0,0,1,0,0,0,0,0,0,0,0,0,0,0,0,0,0,0,1,0,0,0,0,0,0,2,1,1,0,0,0,0,0,1,0,0,0,1,0,0,0,0,0,0,0,0,0,0,0,1,0,0,0,0,0,0,0,1,0,0,0,0,2,0,0,0,0,0,0,0,0,0,0,0,0,0,1,0,0,0,0,0,0,0,0,0,0,0,0,0,0,0,0,0,0,0,2,2,0,0,0,0,0,0,1,0,0,1,0,0,1,0,0,0,0,0,0,0,0,0,1,0,0,0,0,0,0,0,0,1,0,0,0,1,0,0,0,0,1,0,0,0,1,0,0,1,0,0,0,0,0,0,0,1,0,0,0,1,0,0,0,2,1,0,0,0,0,0,2,0,0,0,0,0,0,1,0,0,0,0,0,0,0,2,0,1,1,0,0,0,1,0,1,1,0,0,0,0,1,0,0,1,0,0,0,1,0,0,0,0,0,0,0,0,0,0,1,0,0,0,0,0,0,0,2,0,0,1,0,0,1,0,0,1,0,1,0,0,0,0,0,0,0,0,0,0,0,0,0,0,0,2,0,0,0,0,0,0,0,0,0,0,0,0,0,1,0,0,1,0,1,0,0,0,0,0,0,0,0,1,0,0,0,1,0,0,0,1,0,0,0,1,0,0,0,0,0,0,0,0,0,0,0,0,0,0,0,1,0,0,0,0,0,0,0,0,0,0,0,0,0,0,0,0,0,0,0,0,0,0,0,0,0,0,0,0,0,0,0,0,0,0,0,0,0,0,0,0,0,0,0,0,0,0,0,0,0,0,0,0,1,0,0,0,0,1,0,0,0,0,0,1,0,1,0,0,0,1,0,0,0,0,1,0,0,1,0,0,1,0,0,0,0,0,0,1,0,0,1,0,0,0,0,0,0,0,0,0,0,0,0,0,0,0,0,0,0,0,0,0,0,0,0,0,0,0,0,0,0,0,0,0,0,0,0,0,0,0,0,0,0,0,0,1,0,0,0,0,0,0,1,0,0,0,0,2,0,1,0,0,0,0,0,0,0,0,0,0,0,0,1,2,1,0,0,0,0,2,0,0,0,0,0,0,1,1,0,0,0,0,0,0,0,0,0,0,0,0,0,0,0,0,0,0,0,0,0,0,0,0,0,0,1,0,0,1,0,0,0,1,0,1,0,0,0,0,1,0,1,1,0,0,0,0,0,0,0,0,0,1,0,1,0,0,0,0,0,1,0,0,1,0,0,0,0,0,0,0,0,0,0,0,0,0,0,1,0,0,0,0,0,0,0,1,1,0,1,0,2,0,0,1,0,0,0,0,0,1,0,0,0,1,0,0,0,0,0,0,0,0,0,0,1,1,0,0,0,0,3,0,0,0,0,0,0,0,0,0,0,0,0,0,0,0,0,1,0,0,0,0,0,0,0,0,0,0,0,0,0,0,0,0,0,0,0,0,0,0,0,0,0,0,0,0,0,0,0,1,0,0,0,0,0,1,0,1,0,0,0,1,0,0,0,1,0,0,1,0,0,0,0,0,0,1,0,0,0,2,0,0,0,0,0,0,0,0,0,0,0,0,0,0,1,0,0,0,0,0,0,0,0,0,0,1,0,0,0,0,0,0,0,0,0,0,0,0,0,0,0,5,0,0,0,0,0,0,0,0,0,0,0,0,0,0,0,0,0,0,0,0,0,0,0,0,0,0,0,0,0,0,0,0,1,0,0,1,1,0,0,0,0,0,0,0,0,0,0,0,0,0,0,1,1,0,0,0,1,0,0,0,0,0,0,0,0,0,1,0,0,0,0,0,0,0,0,0,0,0,0,0,0,0,1,1,0,0,0,1,1,0,2,0,0,0,0,0,0,0,1,0,0,0,0,0,0,0,0,0,0,0,0,1,0,0,0,0,0,0,0,0,0,0,0,0,1,0,0,0,0,0,0,0,0,0,1,1,1,0,0,1,3,0,0,0,0,0,0,0,0,0,0,0,0,0,0,0,1,0,0,0,0,0,1,0,0,0,0,0,0,0,0,0,0,0,1,0,1,0,0,0,0,0,1,0,0,0,1,0,0,0,1,1,1,0,0,0,0,0,0,0,1,0,0,1,0,0,1,0,2,0,0,0,0,0,0,0,0,0,0,0,1,0,0,0,0,0,1,0,0,1,0,0,0,1,0,0,0,0,0,0,0,0,0,0,1,0,0,0,0,0,0,0,0,1,0,0,0,1,0,0,0,0,0,0,0,0,0,0,0,0,1,0,0,0,0,0,0,0,0,1,0,0,0,0,0,0,1,1
RB1CC1,0,0,0,0,0,0,0,0,0,0,2,0,0,1,0,2,0,0,0,0,0,0,0,0,0,0,0,0,0,0,0,1,0,0,0,0,0,0,0,1,0,1,0,0,0,0,0,0,1,0,0,0,0,1,0,1,0,0,0,0,0,0,0,0,0,0,0,0,0,0,0,0,0,0,0,0,0,1,0,0,0,0,0,0,0,0,0,0,0,0,0,0,1,0,0,0,0,0,0,0,0,1,0,0,0,1,0,0,0,0,0,0,0,0,0,0,1,1,1,0,0,0,0,0,0,0,0,0,0,0,0,0,0,0,0,0,1,0,0,0,0,1,0,0,0,0,0,0,1,1,0,0,0,0,1,0,0,0,0,1,1,0,2,0,0,0,0,0,0,0,0,0,0,0,0,0,0,0,0,0,0,0,0,0,0,0,0,1,0,0,0,0,0,0,0,0,0,1,0,0,0,0,0,0,0,0,0,2,0,0,0,0,0,0,0,0,1,0,0,2,0,0,0,0,1,0,0,0,0,0,0,0,0,0,0,0,0,1,0,0,0,0,0,1,0,0,2,0,0,0,0,0,0,1,0,0,1,0,1,0,2,0,0,0,0,0,0,0,1,0,0,0,0,0,0,0,0,2,0,0,0,0,0,0,0,0,0,0,0,0,0,0,0,0,0,0,0,0,0,0,0,0,0,0,0,0,0,0,0,0,0,0,1,0,0,0,0,0,0,1,0,0,0,0,0,0,0,0,0,0,0,0,0,0,1,0,2,0,0,0,1,0,0,0,1,0,0,0,0,0,1,0,1,0,0,0,0,0,1,0,0,0,0,0,0,0,0,0,1,0,0,0,0,0,1,0,1,0,0,0,2,0,0,1,0,0,0,0,0,1,0,1,0,0,0,0,0,0,0,1,0,0,0,0,1,0,0,1,1,0,1,0,0,0,0,0,0,0,0,0,1,0,1,0,0,0,0,0,0,0,0,0,0,0,1,0,0,0,0,1,0,0,0,0,0,1,0,0,0,0,1,1,0,0,0,0,0,0,0,0,0,0,0,0,0,0,0,0,0,0,0,0,0,0,0,0,0,0,0,0,0,0,1,0,0,0,0,0,0,0,0,0,0,0,0,0,0,0,0,0,0,0,0,0,1,0,0,1,0,1,0,0,0,0,0,0,0,1,0,0,0,0,1,0,0,0,0,0,0,1,0,2,0,0,0,0,0,0,0,0,1,1,0,0,1,0,1,0,1,0,0,1,0,1,0,0,0,0,0,0,0,0,1,0,0,0,0,0,0,0,0,0,0,0,0,0,2,0,0,0,0,1,0,0,0,0,0,1,0,0,0,0,0,0,0,0,0,0,0,0,1,0,1,0,1,0,0,0,0,0,0,1,0,0,0,0,0,0,0,0,0,1,0,0,0,0,0,0,0,0,0,0,0,0,0,0,1,0,0,0,0,0,1,1,0,0,0,0,0,0,0,0,0,0,1,0,0,0,0,0,0,0,0,0,0,0,0,0,0,0,1,0,0,0,1,0,0,0,2,1,0,1,0,0,0,0,0,0,0,0,0,0,0,0,0,0,0,1,0,0,1,1,0,1,0,0,0,0,0,0,0,0,1,2,0,0,0,0,0,0,0,0,0,0,0,0,0,0,0,0,0,0,0,0,0,0,0,1,1,0,0,0,0,0,0,0,1,2,0,0,0,0,0,0,0,0,1,1,0,0,0,1,0,0,0,0,0,0,0,0,0,0,0,0,0,0,0,0,0,0,0,0,0,0,0,1,0,0,0,0,0,0,0,0,0,0,0,0,1,0,0,0,0,1,1,0,0,0,0,0,0,0,0,0,0,0,0,0,0,0,0,0,0,2,0,3,0,0,0,1,0,0,0,1,0,0,0,0,0,0,0,0,1,0,0,0,0,0,0,0,0,0,0,0,0,0,0,1,0,1,0,1,0,0,0,0,0,0,0,0,0,0,1,1,0,0,0,0,0,0,0,0,0,0,0,1,2,0,0,0,0,0,0,0,0,0,0,0,0,1,1,0,0,1,0,1,0,0,0,1,0,0,0,0,1,0,0,0,1,0,0,0,0,0,0,0,0,0,0,1,0,0,0,0,0,0,0,0,0,0,0,0,0,0,0,0,0,0,1,0,0,0,0,0,0,0,0,0,0,0,0,0,0,0,0,0,0,0,0,0,1,0,1,0,0,0,1,0,0,0,0,0,0,0,0,0,0,0,0,0,0,0,0,0,1,0,0,0,0,1,1,0,1,0,0,0,0,0,1,0,0,0,0,0,0,0,0,0,0,0,0,0,1,0,0,0,0,0,0,2,0,1,0,0,1,0,0,0,0,0,0,0,0,0,0,0,0,0,0,0,0,0,0,0,0,0,0,0,0,0,0,0,0,1,0,0,0,1,0,0,1,1,0,0,0,0,0,0,0,1,0,0,0,0,0,0,1,0,0,0,0,0,0,0,0,1,0,0,0,0,0,0,1,0,0,1,0,0,0,0,0,0,0,0,0,0,0,0,0,0,0,1,0,0,0,0,0,0,1,0,0,0,0,1,1,0,0,0,0,0,0,0,1,0,0,0,0,0,0,0,0,0,0,0,0,1,0,0,0,0,1,1,0,2,0,1,0,2,1,0,0,0,0,0,0,0,1,0,0,0,0,0,0,0,0,0,0,0,0,0,0,0,0,0,0,0,0,0,0,0,0,1,0,1,1,0,0,0,0,0,0,0,1,0,0,0,0,0,0,0,0,0,0,0,1,0,0,0,1,0,0,0,0,0,2,0,1,0,0,0,0,1,0,0,0,0,0,1,0,0,0,0,0,0,0,2,0,1,0,0,0,0,0,0,0,0,0,0,0,0,0,1,1,0,0,0,1,0,0,0,0,0,0,1,0,0,0,0,0,0,0,0,0,0,0,0,0,2,0,0,0,1,0,0,1,0,0,0,0,0,0,0,0,1,3,0,0,0,0,0,0,0,0,0,0,0,0,0,0,0,0,0,0,0,0,0,0,0,1,0,0,0,0,0,0,0,0,0,0,0,0,1,1,0,0,1,1,0,0,0,0,1,0,0,0,0,0,0,1,0,0,0,0,0,1,0,0,1,0,0,1,0,0,0,0,0,0,0,0,0,1,0,0,0,0,0,0,0,0,0,1,0,0,0,0,0,0,0,2,0,0,0,1,0,0,0,0,0,0,1,0,0,0,0,0,0,0,0,0,0,0,1,0,0,0,0,0,0,0,0,0,0,0,0,0,0,0,0,0,0,1,0,0,0,1,0,0,0,0,0,1,0,0,0,0,0,0,0,0,0,1,0,0,0,0,1,1,1,0,1,0,0,0,0,1,0,0,1,0,0,0,0,0,0,0,2,0,0,0,0,0,0,0,0,0,0,0,0,0,0,0,0,0,0,0,0,0,0,0,0,0,0,0,0,0,0,0,0,0,0,0,0,0,0,1,0
HIST1H1E,0,0,1,0,0,0,2,0,0,0,0,0,0,0,0,2,0,0,0,0,0,0,0,0,0,0,0,1,0,0,0,0,0,1,0,0,0,0,0,1,0,0,0,1,0,0,0,0,0,0,0,0,0,0,0,0,0,0,0,1,0,0,0,0,0,0,0,0,0,0,0,0,0,0,0,0,0,0,0,0,0,0,0,0,0,0,0,0,1,0,0,0,0,0,0,0,0,0,0,1,0,0,0,0,0,1,0,0,0,0,0,0,0,0,1,1,0,0,0,0,0,0,1,0,0,0,1,0,0,0,0,0,0,0,0,0,0,0,0,0,0,1,0,0,0,0,0,0,1,0,0,1,0,1,0,0,0,0,0,0,0,0,0,0,0,1,0,0,0,0,0,0,0,0,0,0,0,0,0,0,1,0,0,0,0,0,0,0,0,0,0,0,1,0,1,0,0,0,0,0,0,0,0,0,0,1,0,1,1,0,0,0,0,0,0,0,0,0,0,1,0,2,0,0,1,0,0,0,0,0,0,0,0,0,0,0,0,0,0,0,0,0,1,0,0,1,0,0,0,0,0,0,0,1,0,0,0,0,0,0,0,0,0,0,0,1,0,0,0,1,0,0,0,0,0,1,0,0,0,0,0,0,0,0,0,0,0,0,0,1,0,0,0,0,0,0,0,0,0,0,0,1,0,0,0,0,0,0,1,0,0,0,0,0,0,0,0,0,0,0,0,0,0,0,0,0,0,1,1,3,0,0,0,0,0,0,0,0,0,0,0,0,0,0,0,1,0,0,0,0,0,0,0,0,0,0,0,1,0,0,0,0,0,0,1,0,2,0,0,0,0,0,0,0,0,1,0,0,1,0,0,0,0,0,1,0,0,0,0,0,0,0,0,0,0,0,0,0,0,0,0,0,0,0,1,0,0,0,0,1,0,0,0,0,0,0,0,0,0,0,0,0,2,0,0,1,0,0,1,0,0,0,0,1,0,0,0,1,0,1,0,0,2,1,0,5,0,0,0,0,0,0,0,0,0,0,1,0,0,0,0,0,0,0,2,0,0,0,0,0,0,0,0,0,0,0,0,0,0,0,0,0,0,0,0,0,1,0,0,0,0,0,0,0,0,0,0,0,0,0,0,0,0,0,0,0,2,0,0,0,0,0,0,0,0,0,0,1,0,0,0,0,0,0,0,0,2,1,0,0,0,2,1,0,0,0,0,2,0,0,0,0,0,0,1,1,0,0,0,1,0,1,0,0,0,0,0,0,0,0,0,0,0,0,0,0,0,0,0,0,0,0,0,0,0,1,0,0,0,0,0,1,0,0,0,0,0,0,0,0,0,0,0,0,0,1,0,0,0,0,0,0,0,0,0,2,1,0,0,0,0,0,0,1,0,0,0,0,0,0,0,0,1,0,0,0,0,0,0,0,0,0,2,1,0,0,0,0,0,0,0,0,1,0,1,0,0,1,0,0,0,0,0,0,0,0,0,0,0,1,0,0,0,0,0,1,0,1,0,1,0,0,0,2,0,0,0,0,0,0,0,0,1,1,0,0,0,0,0,0,0,0,0,1,0,0,0,0,1,0,0,0,0,1,0,0,0,0,0,1,0,0,0,0,0,0,0,0,0,1,0,0,0,0,0,0,0,0,0,0,0,0,0,0,0,0,0,2,1,0,1,0,0,0,0,0,0,0,0,0,0,0,0,0,0,0,0,0,0,0,0,0,0,0,0,0,1,0,0,0,1,0,0,0,0,0,0,0,0,0,0,0,0,3,0,0,0,0,0,0,1,1,0,0,0,0,0,1,0,0,0,1,0,0,0,0,0,1,0,0,1,0,0,0,0,0,0,0,0,0,0,1,0,0,0,1,0,0,0,0,0,2,0,0,0,0,0,0,0,0,0,0,2,0,1,0,1,1,0,0,0,0,0,0,0,0,0,0,0,1,0,0,0,0,0,1,0,0,0,0,1,0,0,0,0,1,1,0,0,0,0,1,0,0,0,0,0,0,0,1,0,1,1,0,0,0,3,0,0,0,0,0,0,0,0,0,0,0,2,0,0,1,0,0,1,0,0,0,0,2,1,2,0,0,0,0,0,0,0,2,0,0,0,0,0,1,0,0,0,0,0,0,0,2,0,0,0,0,0,1,0,0,0,1,1,0,1,0,0,0,0,0,0,0,0,0,0,0,0,0,0,0,0,0,0,0,0,0,0,0,0,1,0,0,0,0,0,0,0,0,0,0,0,0,0,0,0,0,0,0,0,0,0,0,0,0,0,0,0,0,0,0,0,0,0,0,0,0,0,0,0,0,0,0,0,0,0,0,0,0,1,0,0,0,0,2,0,1,0,0,0,0,0,0,0,0,0,0,0,0,0,0,0,1,0,0,0,0,0,0,0,0,0,0,0,0,0,0,0,0,0,0,0,0,0,0,0,0,0,0,0,0,1,0,0,0,0,0,1,1,0,0,1,0,0,0,0,0,0,0,0,3,0,0,0,0,1,0,0,0,0,0,0,0,0,0,0,0,0,0,1,0,0,0,1,0,0,1,0,0,0,0,0,0,0,1,0,1,0,0,0,0,0,0,0,0,0,0,0,0,0,0,1,0,1,0,0,0,0,0,0,0,0,0,0,0,0,0,0,0,0,0,0,1,1,0,0,0,0,3,0,0,1,0,0,0,0,0,0,0,0,0,0,0,0,0,0,0,0,0,0,0,0,0,0,0,0,0,0,0,0,0,0,0,0,1,0,0,0,1,0,0,1,0,0,0,0,0,0,0,0,0,0,0,0,0,0,0,0,0,0,0,0,0,0,0,0,0,0,0,0,0,0,0,0,0,0,0,0,0,0,0,0,0,0,0,0,1,0,0,0,0,0,1,0,0,0,0,0,0,0,0,2,1,0,0,0,0,0,0,1,0,0,0,0,0,0,0,1,0,1,0,0,0,0,0,0,0,0,0,0,0,1,0,1,0,1,1,0,0,0,0,0,0,0,0,0,0,0,0,0,0,0,0,0,0,0,0,2,0,0,0,0,0,0,0,1,0,0,0,0,1,1,0,1,0,0,1,0,0,0,0,0,0,0,2,0,0,0,0,1,0,0,0,1,0,0,0,0,0,0,1,0,0,0,1,0,1,1,0,0,0,0,0,0,0,0,0,0,0,0,0,0,0,1,0,1,0,0,1,0,0,0,0,0,0,1,0,0,0,0,1,2,0,0,0,1,0,0,0,0,0,0,0,0,0,0,0,0,2,3,1,0,0,0,0,0,0,0,0,0,0,1,0,0,0,0,0,0,1,1,0,1,0,0,0,0,0,1,0,0,0,0,0,1,0,0,1,0,0,0,0,1,0,0,0,0,0,0,0,0,0,0,0,1,0,0,0,0,0,0,1,0,0,0,0,0,1,0,0,0,0,0,0,0,0,0,0,0,1,0,0,0,0,0,0,0,0,0,0,0,1,0,0,0,0
NR3C1,0,0,0,0,0,0,1,0,0,0,0,0,0,0,0,0,0,0,0,0,0,0,0,1,0,0,0,0,0,1,1,0,1,1,0,0,1,0,1,0,0,0,0,0,0,0,1,0,0,1,0,0,0,0,1,0,0,0,0,1,0,0,0,0,1,1,0,0,0,0,0,0,0,0,0,0,0,0,0,0,0,0,0,0,0,0,0,0,0,0,1,0,0,1,0,0,0,0,0,1,0,0,0,0,0,0,0,0,0,0,0,0,0,0,0,1,0,0,0,0,1,1,0,0,0,0,1,0,0,0,0,1,1,0,0,0,0,0,0,0,0,0,0,0,2,0,0,0,0,1,0,0,0,0,0,0,0,0,0,0,0,1,0,2,1,0,1,0,0,0,1,0,1,0,0,0,0,0,1,1,0,0,0,0,0,0,0,0,0,1,0,0,0,1,0,0,5,0,0,1,0,1,0,1,0,0,0,0,0,0,0,0,0,0,0,0,0,0,1,0,1,0,1,0,0,0,0,0,0,0,0,1,1,2,0,0,0,0,0,1,1,0,0,0,0,1,0,0,0,0,0,0,0,0,0,1,0,1,0,0,0,0,0,1,0,0,0,0,0,0,0,0,0,0,0,1,0,0,0,0,0,1,0,0,0,0,0,0,0,0,0,2,0,0,0,0,0,1,0,1,0,0,0,0,0,1,0,0,0,0,0,0,0,0,0,0,0,1,0,0,0,0,1,0,0,1,1,0,0,0,0,0,1,1,0,0,1,0,0,0,0,0,0,0,0,0,0,0,0,0,1,0,0,0,1,0,0,0,1,0,0,1,0,1,1,0,1,0,0,0,0,0,0,0,0,4,0,1,0,0,0,0,0,0,0,0,1,0,0,0,1,2,0,1,0,0,0,1,1,0,0,0,0,0,0,0,1,0,0,2,0,1,0,1,0,1,1,0,0,0,0,0,0,1,1,0,0,0,0,0,0,1,1,0,1,0,0,1,0,0,0,2,0,0,1,0,0,1,0,0,1,1,0,0,0,0,1,0,1,3,0,2,0,0,0,0,0,0,0,0,0,0,1,1,0,0,0,0,0,0,0,0,0,0,0,0,0,0,0,1,0,0,0,0,0,0,0,1,0,0,0,0,0,0,1,0,0,0,0,0,0,1,0,0,0,0,0,0,0,0,0,1,0,1,1,0,0,0,0,0,0,0,0,0,0,0,0,1,0,0,1,0,0,1,1,0,0,0,1,0,1,1,1,1,1,0,0,0,0,0,0,0,0,0,0,0,0,0,0,0,0,0,0,0,0,0,0,0,0,0,0,0,0,0,0,0,0,0,0,0,0,0,0,0,0,0,0,0,0,0,1,1,0,0,0,1,0,0,0,0,0,0,0,0,0,1,0,0,1,0,1,0,0,0,0,0,1,0,0,0,1,0,0,0,0,0,0,0,0,0,0,0,0,1,0,0,2,0,0,0,0,0,1,0,1,0,1,1,0,0,0,0,0,0,0,1,0,0,0,0,0,0,1,0,0,1,0,0,0,0,0,0,0,0,0,0,0,0,0,1,0,0,0,0,0,0,0,0,0,0,0,0,0,1,0,0,0,0,0,2,0,0,0,0,1,0,0,0,0,0,0,0,0,0,0,0,0,0,0,1,0,0,0,0,4,0,0,1,1,0,0,0,1,1,0,0,0,1,0,1,0,0,0,1,0,0,0,0,0,0,0,1,0,0,0,0,1,0,0,0,0,1,0,2,0,0,0,0,0,0,0,0,0,0,0,0,0,0,0,0,0,0,0,0,1,1,0,0,1,0,0,0,1,1,1,0,0,1,1,0,0,1,0,0,0,0,0,0,0,0,1,0,0,0,1,0,0,0,0,0,0,0,0,0,3,0,0,0,0,0,0,1,0,0,0,0,0,0,0,0,0,0,0,0,0,0,1,1,0,0,1,0,0,1,0,0,0,0,0,0,0,0,0,1,0,0,0,1,1,1,2,1,0,0,1,1,1,0,0,0,0,1,0,0,0,0,1,1,1,0,0,0,0,0,0,0,0,0,0,1,0,0,0,1,0,0,0,0,0,0,0,0,0,0,0,1,0,0,0,0,0,0,0,0,1,0,1,0,0,0,0,0,0,0,2,1,1,0,1,0,0,0,0,0,0,0,0,1,0,0,0,1,1,1,0,1,0,0,1,0,0,0,0,0,1,0,0,3,0,0,0,0,0,1,0,0,0,0,0,1,0,0,0,0,0,0,0,1,0,0,1,0,0,0,1,0,0,0,0,1,0,1,0,0,0,0,0,0,0,0,0,0,0,0,1,1,1,0,0,0,1,0,0,0,0,1,0,0,2,0,0,0,1,0,0,0,0,0,0,0,1,0,0,0,1,0,0,0,0,0,1,0,0,1,0,1,0,0,0,0,0,0,0,0,0,1,0,0,0,1,0,1,0,0,0,0,0,0,0,0,0,0,0,1,0,0,0,0,0,0,1,0,1,0,0,1,0,0,0,1,0,0,0,0,0,0,0,0,1,0,0,0,1,0,1,0,0,0,0,0,1,0,0,1,0,0,0,0,0,1,0,1,1,0,0,0,0,1,0,0,0,0,2,0,0,0,0,0,2,0,0,0,0,0,1,0,0,0,0,1,1,0,3,0,0,0,0,0,1,0,0,0,1,0,0,0,0,0,0,0,0,0,0,1,0,0,0,1,0,0,1,0,2,0,0,0,0,0,0,0,0,0,0,1,0,0,0,0,0,0,0,0,0,0,0,1,0,1,0,0,0,0,0,0,0,2,0,0,0,0,0,1,1,0,0,0,1,0,0,1,0,0,0,0,0,0,1,1,0,0,0,0,0,0,0,0,0,0,1,1,0,1,1,0,0,0,0,1,0,1,0,0,2,0,0,0,1,0,0,0,1,0,0,0,0,1,0,0,0,0,0,0,0,0,0,0,0,0,0,0,0,0,0,0,0,3,0,0,0,0,0,0,1,0,0,0,1,1,1,0,0,0,0,0,0,1,0,0,0,0,0,1,0,0,0,0,1,0,1,0,0,0,0,0,0,0,0,1,0,0,0,0,0,0,0,0,1,0,0,0,0,0,2,0,0,0,2,0,0,0,1,3,0,0,0,0,1,0,0,1,2,0,1,0,0,0,0,0,0,2,0,0,0,0,1,0,0,0,0,2,0,0,1,0,0,0,0,1,0,0,0,0,0,0,1,0,1,0,1,0,0,0,0,0,1,0,0,0,1,0,0,1,0,3,0,0,0,0,0,0,1,1,0,0,0,2,0,1,0,0,0,0,1,0,3,1,0,0,0,0,0,0,0,0,0,0,0,0,0,0,0,0,0,0,0,1,0,0,0,4,0,1,0,1,0,0,0,0,0,0,0,0,0,0,0,2,0,0,0,0,0,0,0,0,0,0,1,0,1,0,0,0,0,0,0,0,1,0,0,0,1,0,0,0,0,0
LAIR1,0,1,0,0,0,0,0,0,0,0,0,0,0,0,1,0,0,0,1,0,0,0,0,0,0,0,0,0,0,0,0,0,0,2,0,0,0,0,0,0,2,0,0,0,1,0,0,1,0,0,0,0,1,0,0,0,0,0,0,1,0,0,0,0,1,0,1,0,1,0,0,0,0,0,0,1,0,2,0,0,0,0,0,0,1,0,0,0,0,0,1,0,1,1,0,0,0,1,0,0,0,0,0,0,0,0,0,0,0,0,0,0,0,0,0,1,0,0,0,0,0,0,0,0,0,0,0,0,0,0,0,0,0,0,0,0,0,0,0,0,0,1,0,0,0,0,0,0,0,1,1,1,0,0,0,0,0,0,0,0,0,0,3,0,0,0,0,0,0,0,0,1,0,0,0,0,0,0,0,0,0,0,0,0,0,0,0,0,0,0,1,0,0,0,0,1,0,1,0,0,1,1,0,0,0,0,1,0,0,0,0,0,0,1,0,0,0,1,0,0,0,0,0,1,0,0,0,0,1,0,0,0,0,1,0,0,0,0,0,0,0,0,0,0,0,0,0,0,0,0,0,0,0,0,1,0,0,1,0,0,0,0,0,0,1,0,0,0,0,1,0,0,0,0,0,0,0,0,1,0,0,2,1,0,0,0,0,0,1,0,0,0,0,0,0,0,0,0,0,0,0,0,1,0,0,0,0,1,1,0,1,0,0,0,0,1,0,0,0,1,0,1,0,0,1,0,0,0,1,0,0,0,0,0,0,0,0,0,0,0,0,0,0,1,0,0,0,0,0,0,0,1,0,0,0,0,2,0,0,0,0,0,0,0,1,0,0,0,0,0,0,0,0,0,0,0,0,0,0,1,0,0,0,0,0,0,0,0,0,1,0,1,0,0,0,0,0,0,0,0,1,0,0,0,0,0,1,0,1,0,1,0,0,0,0,0,0,1,0,0,0,0,4,0,0,0,0,0,0,0,0,0,0,0,0,0,1,1,0,0,1,1,0,0,0,0,1,1,0,0,0,0,0,0,1,0,0,0,1,0,0,0,0,0,0,2,0,0,0,0,0,0,0,0,0,0,0,0,0,0,0,0,0,0,0,0,0,0,1,0,0,0,0,1,0,0,0,0,1,2,0,0,0,0,0,0,0,0,0,0,0,0,1,0,0,0,0,0,0,0,0,0,0,0,1,0,0,1,0,0,0,0,0,0,0,0,1,0,0,0,0,0,0,1,0,0,0,0,0,0,0,1,0,0,0,1,1,0,1,1,0,0,0,0,0,1,0,0,0,0,0,0,0,0,0,0,0,0,0,0,0,0,0,0,0,0,0,0,0,0,0,0,1,1,0,0,0,0,2,1,1,0,0,0,0,0,0,0,0,0,0,0,2,0,0,1,1,0,0,0,0,0,0,0,4,0,0,1,0,0,0,0,0,0,0,0,0,0,0,0,0,0,0,1,0,1,0,0,1,0,1,0,0,0,0,1,0,1,1,0,0,0,0,0,0,1,0,0,0,0,0,0,0,0,0,1,0,0,0,0,0,0,0,0,0,0,0,1,0,0,0,0,0,0,0,0,0,0,1,0,0,1,0,0,0,0,0,0,1,0,0,0,0,1,0,0,0,0,0,0,0,0,1,0,1,0,0,0,0,0,0,0,0,0,2,0,0,0,0,0,0,0,0,1,0,0,1,0,0,0,1,0,0,0,1,0,0,0,0,0,0,0,0,0,0,1,0,0,0,0,0,0,0,0,0,0,0,0,0,0,0,0,0,0,0,0,1,0,0,0,0,0,1,0,0,0,0,0,1,0,0,0,0,1,0,1,0,0,0,0,0,0,0,0,0,1,0,0,0,0,1,0,0,0,1,0,0,0,0,0,0,0,0,0,0,1,0,0,1,0,0,0,0,0,0,0,1,0,1,0,0,0,0,1,0,0,0,0,0,0,0,0,0,0,0,0,0,0,0,0,0,0,0,0,0,0,1,1,0,0,0,0,2,1,0,0,0,0,0,0,0,0,0,0,0,0,0,0,0,0,0,0,0,0,0,0,0,0,0,0,0,1,0,0,0,0,0,0,0,0,0,0,0,0,1,0,0,0,0,1,0,0,0,2,0,1,0,1,0,0,0,0,0,0,0,0,0,0,1,0,0,0,2,0,0,0,0,0,0,0,0,0,0,0,0,0,0,0,0,2,0,0,0,0,0,0,0,0,0,1,0,0,0,0,0,0,0,0,0,0,0,1,0,1,0,0,0,0,1,0,0,1,0,0,0,0,0,0,0,0,0,0,1,0,0,0,0,0,0,1,0,0,0,0,0,0,0,0,0,0,0,0,0,0,0,0,1,1,0,0,0,1,0,1,0,0,0,0,0,0,0,0,0,0,0,0,0,0,0,0,1,0,2,0,0,0,0,0,0,0,0,0,1,1,0,0,0,0,1,0,1,0,0,0,3,0,0,0,1,0,0,0,0,0,0,0,0,1,0,0,0,0,0,0,0,0,0,0,0,0,0,0,0,0,0,0,0,0,0,0,0,0,0,0,0,0,2,0,1,0,0,0,0,2,1,0,0,0,0,0,0,0,1,0,0,1,0,0,1,0,1,0,3,0,1,0,0,0,1,0,0,0,1,0,0,0,0,0,0,0,0,0,0,0,0,0,0,0,0,1,1,0,1,0,0,0,1,0,0,0,0,0,0,0,0,0,0,0,0,0,0,1,0,0,0,0,0,0,0,0,0,0,1,0,1,0,0,0,0,0,0,0,0,0,1,0,0,1,0,0,0,1,0,0,0,2,1,1,0,0,0,0,1,0,0,0,0,1,0,0,0,0,0,0,0,0,1,0,0,0,0,1,0,0,0,0,0,0,0,0,0,0,0,0,0,0,1,1,0,0,1,0,0,3,0,0,1,0,0,0,1,1,0,0,0,0,2,0,1,0,0,0,0,0,0,0,0,0,1,1,1,0,0,0,0,0,0,0,1,0,0,1,0,0,0,1,0,0,0,0,0,1,0,1,0,0,0,0,0,0,0,0,0,0,0,0,0,0,0,0,0,0,0,0,0,1,0,1,0,0,0,1,0,2,0,1,0,0,0,0,0,0,0,0,0,0,0,0,0,0,0,0,0,0,0,0,0,0,0,1,1,0,0,0,0,0,0,0,0,0,0,0,3,0,1,0,1,0,0,3,0,0,0,0,0,0,0,0,0,0,0,1,0,0,0,0,0,1,0,0,0,0,3,0,0,0,0,0,0,0,0,0,0,0,0,1,0,1,1,0,0,0,0,0,0,0,0,0,1,0,0,0,0,0,0,0,0,0,0,0,0,0,0,0,0,0,0,0,0,2,0,0,0,0,0,0,0,0,0,1,0,0,0,0,0,0,0,0,0,0,1,0,0,0,0,0,0,0,0,0,0,0,0,0,0,0,0,0,0,0,0,0,0,0,1,0,0,1,0,0,0,0,1,0,1,0
NA..35,0,1,0,0,0,0,0,0,1,0,0,0,0,0,0,0,0,0,0,0,0,0,0,0,0,0,0,0,0,0,0,0,0,0,0,0,1,0,2,0,0,0,0,0,0,0,0,0,0,1,0,0,0,1,0,0,0,0,0,0,0,0,0,0,0,0,0,0,0,1,0,0,0,0,0,0,0,0,0,0,0,0,0,0,0,0,0,0,1,0,1,0,0,0,0,0,0,0,0,0,0,0,0,0,0,0,0,0,0,0,0,0,0,0,0,0,0,0,0,0,0,0,0,0,0,1,0,0,0,0,0,0,0,0,0,1,0,1,0,0,0,1,0,0,0,0,0,0,0,0,0,0,0,0,0,0,0,0,0,0,0,1,0,0,1,0,0,0,0,0,0,0,0,1,0,0,0,0,0,1,1,0,0,2,0,0,0,0,0,0,0,0,0,0,2,0,0,0,0,0,0,0,0,0,0,0,0,0,0,0,0,0,0,0,0,0,0,0,0,0,0,1,0,0,0,0,0,0,0,0,0,1,0,0,0,0,0,0,0,0,0,0,0,0,0,0,0,0,0,1,0,0,0,0,0,0,1,0,0,0,0,0,0,0,0,0,0,0,0,0,0,0,0,0,0,0,0,0,0,0,0,2,0,0,0,1,0,0,0,1,1,0,0,0,0,0,0,0,0,0,0,2,0,0,2,0,1,0,0,1,0,0,0,0,0,0,0,0,0,0,0,0,0,0,0,0,0,0,1,0,1,0,0,0,0,1,0,0,0,0,0,0,0,1,0,0,0,0,0,0,0,0,0,0,0,0,0,0,0,0,0,0,0,0,0,0,0,0,0,0,0,0,0,0,0,0,2,0,2,1,0,0,0,0,0,0,0,0,0,0,0,0,0,0,0,0,0,1,0,0,0,0,0,0,0,0,0,0,0,0,0,0,0,0,0,0,0,0,0,0,0,0,0,1,0,0,0,0,1,0,0,1,0,0,0,1,0,0,0,0,0,0,0,0,0,1,0,0,0,0,0,0,0,0,1,0,0,0,0,2,0,0,0,0,0,0,0,0,0,0,0,0,0,0,0,0,0,1,0,0,0,0,0,0,0,1,0,0,0,0,1,1,0,0,0,0,0,0,0,1,0,0,0,0,1,0,0,1,0,0,0,0,1,0,0,0,1,0,1,0,0,0,0,0,0,0,0,0,0,0,0,1,0,0,0,0,0,0,0,0,0,0,0,0,0,0,0,0,0,0,0,1,0,0,0,0,0,0,0,0,0,0,1,0,1,0,1,0,1,0,0,0,0,1,0,0,0,0,0,1,0,0,0,0,0,0,0,0,0,0,0,0,0,0,0,0,0,0,0,1,0,0,0,0,0,0,1,0,0,0,0,1,0,0,0,0,0,0,0,0,0,0,0,0,0,0,0,0,0,0,0,0,0,1,0,0,0,0,0,0,0,0,0,0,0,0,0,0,0,0,0,0,0,0,0,0,1,0,0,0,0,1,0,0,0,0,0,0,0,0,0,0,0,0,0,0,0,0,0,0,0,1,0,0,0,1,0,0,0,0,0,0,0,0,0,0,0,0,0,0,0,0,0,0,0,0,0,0,0,1,0,0,0,0,0,0,0,0,0,0,0,0,0,0,0,0,0,0,0,0,1,0,0,0,0,0,0,0,0,0,0,0,0,0,0,0,0,0,0,0,0,0,0,0,2,0,0,0,0,0,1,0,0,0,0,0,0,0,0,0,0,0,0,0,0,0,0,0,0,0,0,0,0,0,0,0,0,0,0,0,0,0,0,0,0,0,0,2,0,1,0,0,0,0,0,0,0,0,0,0,0,0,1,0,1,0,1,0,0,0,0,0,0,0,0,0,0,0,0,0,0,0,0,0,0,0,0,0,0,0,0,0,0,0,0,0,0,0,0,0,0,0,0,0,0,0,0,0,0,0,0,0,0,1,0,0,0,0,0,0,0,0,0,0,0,1,0,0,0,1,0,0,0,0,0,0,0,0,0,0,0,1,1,0,0,1,0,0,2,0,0,2,1,0,0,0,0,0,0,0,0,0,0,0,0,0,0,0,2,0,0,0,0,0,0,0,0,0,0,0,0,0,0,0,0,0,0,0,0,0,0,1,0,0,0,0,0,0,0,0,0,0,0,0,0,0,0,0,0,0,0,0,0,0,0,0,0,0,0,0,0,2,0,0,0,0,0,2,0,0,0,0,0,0,0,0,0,0,0,0,1,1,0,0,0,0,0,1,0,0,0,0,0,0,0,0,0,0,0,0,0,0,0,0,0,0,0,0,0,0,2,0,0,0,0,0,0,0,1,0,0,0,0,1,0,1,0,1,0,0,0,0,0,0,0,0,0,0,0,0,0,0,0,0,0,0,1,0,0,0,0,1,0,0,0,0,0,0,0,0,0,0,0,0,0,1,0,0,0,0,2,0,0,0,0,0,0,0,0,0,0,0,0,0,0,0,0,0,0,0,0,0,0,0,0,0,0,0,0,0,1,0,0,0,0,0,0,0,0,0,0,0,0,0,1,0,1,0,0,0,0,1,0,0,0,0,0,0,0,0,0,0,0,0,0,0,0,0,0,0,0,0,0,0,1,0,0,1,0,0,0,0,0,0,0,0,0,2,0,0,0,0,0,0,0,0,0,0,0,0,0,0,0,0,0,0,0,0,0,0,0,0,0,0,0,0,0,0,0,2,0,0,0,0,0,0,0,0,0,0,1,0,0,0,0,0,0,0,0,0,0,0,0,0,0,0,0,0,0,0,0,0,0,0,0,0,0,0,0,1,0,0,0,0,0,0,0,0,0,0,0,0,0,0,0,0,0,0,0,0,0,0,0,0,0,0,0,1,1,0,0,0,0,2,0,0,0,0,0,0,0,0,0,0,1,0,2,0,0,0,0,0,0,0,0,0,0,2,0,0,0,0,0,0,0,0,0,0,0,0,1,0,0,0,0,2,0,0,0,0,0,0,0,0,0,0,0,2,0,0,0,0,0,0,0,0,0,1,0,0,0,0,1,0,0,0,0,0,0,0,0,0,0,0,0,0,0,0,0,0,0,0,0,0,0,0,0,0,0,0,0,0,1,0,0,0,0,0,1,0,0,0,0,0,0,0,0,0,0,1,0,0,0,0,2,0,0,0,1,0,0,0,0,1,0,0,0,1,0,0,1,0,1,0,0,0,0,0,1,0,0,0,0,0,0,0,0,0,0,1,1,0,0,0,0,0,0,0,0,0,0,0,0,0,0,0,0,0,0,0,1,1,0,0,0,0,0,0,0,0,1,0,0,0,0,0,0,0,0,0,0,0,0,0,0,0,0,0,0,0,0,0,0,0,0,0,0,0,0,0,0,0,0,0,0,0,0,0,0,1,0,0,0,0,0,0,0,0,0,0,0,0,0,0,0,0,0,0,0,0,0,0,0,0,0,0,0,2,0,0,0,0,0,0,0,0
ZBTB16,0,0,0,1,0,0,0,0,0,0,0,0,0,0,0,0,0,0,0,0,0,0,0,0,0,0,0,0,0,0,0,0,0,0,1,0,0,0,0,0,0,0,0,0,0,1,0,0,0,0,0,0,0,0,0,0,0,0,0,0,0,0,0,0,0,0,0,0,0,0,0,0,0,0,0,0,0,0,0,0,0,0,0,0,0,0,0,0,0,0,0,0,0,0,0,0,0,0,0,0,0,0,0,0,1,0,0,1,0,0,1,0,0,0,0,0,0,0,0,0,0,0,0,0,0,0,0,0,0,0,0,0,0,0,0,0,0,0,0,0,0,1,0,0,0,0,0,0,0,0,0,0,0,0,0,1,1,0,0,0,0,0,0,0,0,0,0,0,0,0,0,0,0,0,0,0,0,0,0,0,0,0,0,0,0,0,0,0,0,0,0,0,0,0,0,0,0,0,0,0,0,0,0,0,0,0,0,0,0,0,0,1,1,0,0,0,0,0,0,0,0,0,0,0,0,0,0,0,0,0,0,0,0,0,0,0,0,0,0,0,0,0,0,0,0,0,0,0,0,0,0,0,0,0,0,0,0,0,0,0,0,0,0,0,0,0,0,0,0,0,1,0,0,0,0,0,0,0,0,0,0,0,0,0,0,0,0,0,0,0,0,0,0,0,0,0,0,0,0,0,0,0,0,0,0,0,0,0,0,0,0,0,0,0,0,0,0,0,0,0,1,0,0,0,0,0,0,0,0,1,0,0,0,0,0,0,0,0,0,0,0,0,0,0,0,0,0,0,0,0,0,0,0,0,0,0,0,0,0,0,1,0,0,0,0,0,0,0,0,0,0,0,0,0,0,0,0,0,0,0,0,0,0,0,0,0,0,0,0,0,0,0,0,0,0,0,0,0,0,0,0,0,0,0,0,0,1,0,0,0,0,0,0,0,0,0,0,0,0,0,0,0,0,0,0,0,1,0,0,0,0,0,0,0,1,0,0,1,0,0,0,0,0,0,0,0,0,0,0,0,0,0,0,0,0,0,0,0,0,0,0,0,0,0,0,0,0,0,0,0,0,0,0,0,0,0,0,0,0,0,0,0,0,0,0,0,0,0,0,0,0,0,0,0,0,0,0,0,0,0,0,0,0,0,0,0,0,0,0,0,0,0,0,0,0,0,0,0,0,0,0,0,0,0,0,0,1,0,0,0,0,0,0,0,0,0,0,0,0,0,2,0,0,0,0,0,0,0,0,0,0,0,0,0,0,0,0,0,0,0,0,1,0,0,0,0,1,0,0,0,0,1,0,0,0,0,0,0,0,0,0,0,0,0,0,0,0,0,0,0,0,0,1,0,0,0,0,0,0,0,0,1,0,0,0,0,0,0,0,0,0,0,0,0,0,0,0,0,0,0,0,0,0,0,0,0,0,0,0,0,0,0,0,0,0,0,0,0,0,0,0,0,0,0,0,0,0,0,0,0,0,0,0,0,0,0,0,0,0,0,0,0,0,0,0,1,0,0,0,0,0,0,0,0,0,0,0,0,0,0,1,0,2,0,0,0,0,0,0,0,0,0,0,0,0,0,0,0,0,0,0,0,0,0,0,0,0,0,0,0,0,0,0,0,0,0,1,0,0,0,0,0,0,0,0,0,0,0,0,1,0,0,0,0,0,0,0,0,0,0,0,0,0,0,0,0,0,0,0,0,0,0,0,0,0,0,0,0,0,0,0,0,0,0,0,0,0,0,0,0,0,0,0,0,0,0,0,0,0,0,0,0,0,0,0,0,0,0,0,0,0,0,0,0,0,0,0,0,0,0,0,0,0,0,1,0,0,0,0,0,0,0,0,0,0,0,0,0,1,0,0,0,0,0,0,0,0,0,0,0,0,0,0,0,0,0,0,0,0,0,0,0,0,0,0,0,0,0,1,0,0,0,0,0,0,0,0,0,0,0,0,0,0,0,0,0,0,0,0,0,0,0,0,1,0,0,0,0,0,0,0,0,0,0,0,0,0,0,0,0,0,0,0,0,0,0,0,0,0,0,0,0,0,0,0,0,0,0,0,0,0,0,0,0,0,0,0,0,0,0,0,0,0,0,0,0,0,0,0,0,0,0,0,0,0,0,0,0,0,0,0,0,0,1,0,0,2,0,0,0,0,0,0,0,0,0,0,0,0,0,0,0,0,1,0,0,0,0,0,0,0,0,0,0,0,0,0,0,0,0,0,0,0,0,0,0,0,0,0,0,0,0,0,0,0,0,0,0,0,0,0,0,0,0,0,0,0,0,0,0,0,0,0,0,0,0,0,0,0,0,0,0,0,0,0,0,0,0,0,0,0,0,0,0,0,0,0,0,0,0,0,0,2,1,0,0,0,0,0,1,0,0,0,0,0,0,0,0,0,0,0,0,0,0,0,1,0,0,0,0,0,0,0,0,0,0,0,0,0,0,0,0,0,0,0,0,0,0,0,0,0,0,0,0,0,0,0,1,0,0,0,0,0,0,0,0,0,0,0,0,0,0,0,0,0,0,0,0,0,3,0,0,0,0,0,0,0,0,0,0,0,0,0,0,0,0,0,0,0,0,1,0,0,0,0,0,0,0,0,0,0,0,0,0,0,0,0,0,0,0,0,0,0,0,0,0,0,0,0,1,0,0,0,0,0,0,0,0,0,0,0,0,0,0,0,0,0,0,0,0,0,0,0,0,0,0,0,0,0,0,0,0,0,0,0,0,0,0,0,0,0,0,1,0,0,0,0,0,0,0,0,0,0,0,0,0,0,0,0,0,0,0,0,0,0,0,0,0,0,0,0,0,0,0,0,0,0,0,0,0,0,0,0,0,0,0,0,1,0,0,0,0,0,0,0,0,0,0,0,0,0,0,0,0,0,0,0,0,0,0,0,0,0,0,0,0,0,0,0,0,0,0,0,0,0,0,0,0,0,0,0,0,0,0,0,0,0,0,0,0,0,0,0,0,0,0,0,0,0,0,0,0,0,0,0,0,0,0,0,0,0,0,0,0,0,0,0,1,0,0,0,0,0,0,0,0,0,0,0,0,0,0,0,0,0,0,0,0,0,0,0,0,0,0,0,0,0,0,0,1,0,0,0,0,0,0,0,0,0,0,0,0,0,0,0,0,0,0,0,0,0,0,0,0,0,0,1,0,0,0,0,0,0,0,0,0,0,0,0,0,0,0,0,0,0,0,0,0,0,0,0,0,0,0,0,0,0,0,0,0,0,0,0,0,0,0,0,1,0,0,0,0,0,0,0,0,0,0,0,0,0,0,0,0,0,0,0,0,0,0,0,0,0,0,0,0,0,0,0,0,0,0,0,0,0,0,0,0,0,0,0,0,0,1,0,0,0,0,0,0,0,0,0,0,0,1,0,0,0,0,0,0,0,0,0,0,0,0,0,0,0,0,0,0,0,0,0,0,0,0,0,0,0,0,0,0,0,0,0,0,0,0,0,0,0,0
TMEM63A,0,0,1,0,0,0,0,1,0,0,0,0,0,0,0,0,0,0,0,0,1,0,0,0,0,0,1,0,1,0,0,0,0,1,0,0,0,0,0,0,0,0,0,0,2,0,0,0,1,0,0,0,0,0,2,0,0,0,1,0,0,0,0,0,1,0,0,0,0,0,0,0,1,0,0,0,0,0,0,0,0,1,0,0,0,2,0,0,0,0,0,0,0,0,0,0,0,0,0,0,0,0,0,2,0,0,1,0,0,1,0,1,0,0,0,1,0,0,0,0,0,0,0,1,1,0,0,0,0,0,1,0,0,1,0,0,0,2,0,1,1,1,0,0,0,0,0,0,0,0,0,0,0,1,0,1,0,0,1,0,0,0,0,0,0,0,1,2,0,0,1,0,1,2,0,0,1,1,0,0,0,0,1,0,0,0,3,1,0,0,0,0,0,0,0,0,2,0,0,0,0,0,0,0,2,0,0,2,0,0,0,0,0,0,0,1,0,0,0,0,0,1,0,0,0,0,0,0,0,0,0,0,0,1,0,1,0,0,0,0,0,0,1,0,1,0,0,0,0,0,0,0,1,0,0,2,0,1,0,0,0,0,2,0,0,0,1,0,0,0,0,0,0,0,1,0,0,0,0,0,0,0,1,0,0,0,0,0,0,0,0,0,0,0,0,0,0,0,0,0,1,0,0,0,0,0,1,0,0,0,1,0,1,1,0,0,0,1,0,0,0,0,0,0,0,0,0,0,1,0,2,0,3,1,0,0,1,0,0,0,1,0,0,0,0,0,0,0,2,0,0,0,1,1,0,0,0,1,0,0,1,1,0,0,0,1,0,1,0,0,0,0,0,0,0,0,1,1,0,0,0,1,0,0,0,0,2,0,1,0,0,0,0,0,0,0,0,0,0,0,0,0,1,0,0,1,0,0,0,2,0,0,0,0,0,0,0,0,0,0,0,1,3,0,0,0,0,0,0,0,0,0,0,0,0,0,0,0,1,0,0,0,0,0,0,0,0,1,1,0,0,0,0,0,0,0,0,0,0,0,0,0,0,0,0,0,0,0,0,0,0,0,0,0,0,0,0,1,0,0,0,1,0,0,0,1,0,1,0,0,1,0,0,0,0,0,0,0,0,0,0,0,0,0,0,2,0,0,0,0,0,0,1,0,0,2,0,2,0,0,0,0,0,0,0,0,1,0,0,0,0,0,0,0,0,0,0,0,1,1,0,0,0,0,1,0,0,0,0,0,1,1,0,1,0,0,0,0,0,1,0,0,0,1,0,1,0,0,0,0,1,0,0,0,1,0,0,0,0,0,0,0,1,0,1,0,0,0,1,0,0,0,0,0,0,0,0,0,0,1,0,0,1,0,0,0,0,0,0,1,0,0,0,1,1,0,0,0,0,0,1,1,0,1,0,0,1,0,0,2,0,0,1,0,0,0,0,0,0,0,1,0,0,0,0,0,0,2,0,0,0,0,0,0,0,0,0,0,0,0,0,0,0,0,1,0,0,0,0,0,0,0,0,1,0,1,0,0,0,0,0,0,1,0,0,2,3,0,0,0,0,0,0,0,0,0,0,0,0,0,1,0,0,1,0,0,0,1,0,0,0,1,1,0,0,0,0,0,0,0,1,1,0,0,0,0,1,2,0,0,0,0,0,0,0,0,0,0,0,0,0,0,1,0,0,0,0,1,1,1,0,1,0,0,0,1,0,0,0,1,0,0,1,0,0,0,0,1,0,0,0,1,0,0,0,0,0,0,0,0,0,0,0,1,0,0,1,0,0,0,1,1,0,0,1,0,0,0,0,0,0,0,1,0,0,0,0,0,0,0,1,0,2,0,0,0,0,0,0,0,0,0,1,0,0,0,0,0,1,1,1,0,0,0,0,0,0,2,0,0,0,0,0,0,0,0,0,0,1,1,0,0,0,1,0,0,0,0,0,0,1,0,1,0,0,1,0,0,0,0,0,0,0,0,0,1,0,0,0,0,0,0,0,0,0,0,0,0,0,0,0,1,0,0,0,0,1,0,0,0,0,0,2,2,1,0,0,0,0,0,0,0,0,0,0,0,0,1,1,0,0,0,0,0,1,0,0,1,0,0,0,0,1,1,1,0,0,0,0,0,0,0,1,1,0,1,0,0,0,0,0,0,0,1,0,0,0,1,0,0,1,0,0,0,0,0,0,0,0,1,0,0,0,0,1,0,1,0,0,1,1,1,0,1,0,0,1,0,0,0,1,0,0,1,0,0,0,0,0,0,0,0,0,1,0,0,1,0,0,1,0,0,0,0,0,0,0,0,0,1,0,0,0,0,0,0,1,0,0,1,0,0,0,0,0,0,0,0,0,1,0,0,0,0,0,0,0,0,1,0,0,0,2,0,0,1,1,0,1,0,1,0,0,0,0,0,0,0,0,0,0,0,0,0,0,1,0,0,0,0,0,0,1,0,0,0,0,0,0,0,0,0,0,0,0,0,0,1,0,0,1,0,0,0,0,0,0,0,0,0,1,0,0,1,0,0,1,0,1,0,0,0,0,0,0,0,0,0,0,0,0,0,0,0,0,0,0,0,0,1,0,0,0,0,0,0,0,1,0,0,0,0,0,1,1,0,1,0,0,0,0,0,0,0,0,0,0,1,0,0,1,0,0,0,0,0,0,0,0,0,0,1,0,0,1,0,0,0,0,0,0,0,0,0,1,0,0,0,0,0,0,0,0,0,0,1,0,0,0,0,0,0,0,0,0,0,0,0,0,0,2,0,1,0,0,1,0,0,0,0,0,0,0,0,0,0,0,1,0,2,0,1,0,0,0,1,1,0,0,0,0,1,1,0,0,0,0,0,0,0,0,0,0,0,0,1,0,0,0,0,0,0,0,0,0,0,0,0,0,0,0,0,0,0,0,0,1,0,0,0,0,0,0,0,0,0,0,1,0,0,0,0,0,0,0,0,0,0,0,0,1,0,0,0,0,0,1,0,0,0,0,0,0,0,0,2,0,0,0,0,0,0,0,0,0,2,1,0,0,0,0,0,0,0,0,0,0,1,0,0,0,0,0,1,0,0,0,0,0,0,0,0,0,0,0,0,0,1,0,1,0,0,1,0,0,0,0,0,0,0,0,0,0,0,0,0,0,0,0,0,0,0,1,0,0,0,0,0,0,0,0,0,0,2,0,0,0,0,0,0,0,0,0,0,0,0,0,0,1,0,0,0,1,0,0,0,0,0,0,0,0,0,0,0,2,0,0,0,1,0,1,0,0,0,0,0,0,3,1,0,0,0,0,0,0,0,0,1,0,1,0,0,0,0,0,0,0,0,0,0,0,0,0,0,0,0,0,0,0,0,0,0,0,0,0,0,1,0,0,1,0,0,0,0,0,0,0,0,0,2,0,0,0,0,0,0,0,0,0,0,0,1,0,0,0,0,1,0,0,0,0,0,0,0,0,0,0,0,0,0,0,0,1,0,0,0
TTC3,0,1,0,0,0,1,0,1,0,0,0,0,1,0,1,0,0,1,3,0,2,1,2,0,0,0,1,0,0,1,0,3,1,3,0,0,1,3,0,0,3,0,1,1,0,0,0,0,0,1,1,0,0,0,0,0,0,1,1,2,0,0,0,0,0,0,2,0,0,3,0,5,0,0,0,1,0,1,0,1,0,0,0,0,0,0,0,0,0,0,1,0,1,0,1,2,0,0,0,0,0,1,0,0,1,0,1,0,0,0,0,3,0,0,1,0,0,0,2,0,0,0,0,0,1,0,0,0,0,0,0,2,0,2,0,0,0,1,0,0,0,0,0,0,2,0,0,1,1,0,0,0,0,0,0,0,0,0,0,0,0,1,2,0,0,0,0,0,0,0,0,0,1,1,0,0,0,1,0,1,0,1,0,0,1,0,0,1,0,0,1,1,0,0,1,0,1,0,0,1,0,0,2,0,0,0,0,1,1,0,0,0,0,0,0,0,2,0,1,0,0,0,3,0,1,0,0,0,0,0,2,0,2,0,0,0,0,1,2,0,0,0,0,1,0,1,0,0,2,1,0,0,0,0,1,0,1,0,0,0,0,1,1,0,1,2,0,1,1,0,0,1,0,0,0,1,0,1,0,0,1,0,0,0,1,0,1,0,0,0,0,1,0,1,0,0,0,1,0,0,3,0,0,0,0,0,1,0,0,3,1,1,0,0,1,0,0,2,0,1,0,0,0,0,1,1,0,2,1,1,1,1,0,1,0,1,0,1,4,1,1,0,0,0,0,0,0,0,1,0,0,0,1,2,1,0,1,1,0,0,0,1,0,1,1,0,5,0,1,0,0,0,0,0,1,0,0,0,0,0,0,0,0,1,0,0,0,3,0,0,0,0,0,1,0,0,1,0,0,0,0,1,1,0,0,0,0,0,0,1,0,0,0,0,0,1,0,1,0,2,1,0,0,0,0,1,0,1,0,0,0,1,1,1,0,0,0,0,0,2,0,0,2,0,0,2,0,0,0,0,0,0,0,1,0,2,0,3,1,0,0,0,2,0,0,1,0,1,0,0,0,0,0,1,0,1,0,0,0,1,0,0,1,2,0,0,0,1,0,0,0,0,1,0,0,0,0,0,0,0,0,0,0,0,0,0,0,2,0,0,0,1,1,0,0,0,1,2,0,1,0,1,0,1,0,0,0,0,0,0,1,4,0,1,0,0,0,2,2,1,2,1,2,0,2,0,1,0,1,1,1,2,0,0,0,0,1,1,0,0,1,2,0,1,0,2,1,2,1,0,1,0,1,1,1,0,0,0,0,0,0,1,2,0,0,0,2,1,1,0,0,0,0,0,1,0,0,0,1,0,0,2,0,0,0,3,0,0,0,0,0,0,0,2,2,1,0,0,0,0,2,4,2,0,1,0,0,1,0,1,0,0,0,0,0,1,0,0,1,1,0,0,0,0,1,0,1,1,1,0,0,1,0,0,1,0,0,0,1,0,1,0,0,0,0,0,0,0,0,0,1,1,0,0,0,1,0,2,2,0,0,2,1,0,0,0,1,0,0,1,1,0,1,0,0,0,0,2,0,0,0,1,0,0,0,0,1,0,0,4,0,0,0,0,1,3,0,1,0,0,0,1,0,1,0,1,1,0,0,0,0,0,0,0,3,3,0,0,0,0,0,0,0,0,0,0,0,0,0,0,1,3,1,1,0,0,1,0,0,0,0,0,1,0,0,0,0,0,3,0,1,0,0,0,0,0,0,0,1,2,0,0,0,0,0,0,0,1,1,0,0,2,0,0,0,0,0,1,0,0,0,0,0,2,0,0,0,0,0,0,2,0,0,0,0,1,0,1,1,0,0,0,1,2,0,0,0,0,1,0,1,0,0,0,0,0,0,0,1,0,0,1,1,0,0,1,0,2,0,0,1,0,0,3,0,0,0,0,0,0,1,2,0,0,0,1,1,0,1,2,0,0,1,1,1,0,0,0,1,0,0,0,0,1,0,0,1,1,1,1,0,1,0,0,0,0,1,2,0,0,1,2,1,2,0,0,0,0,2,0,0,0,2,0,0,0,0,0,0,0,0,2,1,0,1,0,0,2,0,1,0,0,0,0,0,0,0,1,1,2,0,0,0,0,0,0,2,0,0,0,0,0,0,1,1,0,0,0,0,0,0,0,0,0,0,0,0,0,1,0,0,2,0,1,0,1,0,0,2,2,0,1,0,0,0,0,0,2,0,1,0,0,2,0,0,0,1,0,0,0,0,2,0,1,1,0,0,0,0,0,2,0,0,2,0,0,0,0,1,2,0,0,0,0,1,2,0,0,0,1,0,2,2,2,0,0,1,1,0,0,1,0,2,0,0,1,0,0,0,0,0,0,1,0,0,0,1,0,1,1,1,2,0,0,0,0,2,0,0,0,2,0,0,1,1,0,0,0,0,1,4,0,0,1,0,0,0,0,0,1,0,1,0,1,1,0,1,2,0,2,0,0,0,0,0,1,0,1,1,0,0,2,0,2,0,0,0,0,0,3,0,0,0,0,1,0,0,0,0,0,0,0,0,0,0,1,2,1,2,0,0,2,0,0,0,0,0,0,1,0,2,0,0,0,1,0,0,0,0,1,0,1,0,0,0,0,0,2,0,0,1,1,0,1,1,0,1,0,0,0,0,0,0,2,2,2,0,0,0,1,0,1,0,0,2,0,1,1,0,2,1,0,1,1,0,0,1,0,0,0,0,0,0,0,1,1,2,0,0,1,0,0,1,0,0,1,0,1,0,0,0,0,2,0,0,4,0,0,0,2,0,1,0,0,0,0,1,2,0,1,1,0,0,0,0,3,0,0,0,0,1,0,2,0,2,1,0,0,0,3,0,0,0,0,0,1,0,0,0,0,0,0,0,0,1,0,0,1,0,1,0,2,2,1,0,0,0,2,3,0,0,0,3,0,0,0,0,0,0,0,1,1,0,0,0,0,0,0,0,0,0,0,0,0,1,0,1,1,2,0,2,2,2,0,0,1,0,1,0,0,1,0,1,0,0,2,1,1,0,0,0,1,0,0,0,0,3,1,0,0,0,0,0,1,0,1,1,0,0,0,0,0,1,3,1,0,0,0,0,0,0,0,1,1,0,1,0,0,0,1,0,0,0,0,0,1,0,0,1,2,0,0,0,1,0,0,0,0,0,0,0,2,0,1,0,2,1,1,0,0,0,0,0,0,0,0,0,0,0,0,2,0,2,0,1,1,1,0,2,0,0,3,1,1,1,0,1,0,0,0,0,0,1,0,1,0,0,0,0,0,2,0,0,2,1,0,0,0,0,0,2,3,2,0,0,0,1,1,1,1,0,2,0,0,1,0,0,0,1,1,0,0,1,0,0,0,0,0,0,1,0,0,0,1,0,0,0,0,0,0,1,0,0,0,1,2,1,0,0,1,2,0,0,0,0,2,0,3,0,1,0,1,0,0,0,0
OSBPL8,1,0,0,0,0,3,2,0,0,0,1,0,1,0,1,3,0,0,0,1,0,1,0,1,0,0,0,0,2,0,0,0,0,0,0,0,0,0,1,0,0,0,0,1,0,0,0,0,1,0,1,1,1,1,1,2,0,1,0,0,1,0,0,2,0,1,0,1,0,0,0,1,1,1,0,0,0,0,0,0,0,0,1,1,0,0,0,0,1,0,0,1,0,1,0,0,0,0,0,2,0,0,0,0,0,0,0,0,0,0,0,0,0,0,0,3,0,1,0,0,0,0,2,0,0,0,0,0,3,0,0,0,0,2,0,0,0,1,0,0,0,0,0,1,0,0,0,0,0,1,1,1,0,1,1,1,0,0,0,0,2,0,0,0,0,0,0,0,0,0,1,1,0,0,0,0,1,1,2,2,0,0,0,0,1,0,0,0,1,0,0,2,1,0,0,0,1,0,1,0,0,1,0,0,0,0,0,0,0,0,0,1,0,0,0,0,0,0,0,1,0,0,1,0,0,1,0,1,0,0,0,0,1,1,0,0,0,0,1,2,4,0,1,0,0,0,1,0,2,0,1,3,0,0,0,1,0,0,0,0,1,0,1,0,0,0,0,0,0,1,0,5,0,2,0,0,0,0,1,0,0,2,0,0,0,0,0,0,0,1,1,2,1,0,0,0,0,0,0,0,0,0,0,1,0,0,0,0,2,0,1,0,0,0,0,0,0,1,0,0,0,0,0,0,1,0,0,0,0,0,0,0,1,0,1,0,1,0,0,0,4,0,1,0,1,1,0,0,0,1,0,0,1,0,0,1,1,0,0,3,0,0,0,0,0,1,1,0,0,1,0,1,0,0,0,2,1,0,1,1,0,0,1,0,0,0,1,2,0,0,0,7,0,2,0,1,0,0,0,0,0,0,0,1,0,0,0,1,0,1,0,0,1,0,1,2,0,0,1,0,1,0,0,0,3,0,0,1,0,0,0,0,1,0,0,0,0,0,1,0,0,0,0,0,1,3,1,0,0,0,1,0,0,0,1,1,0,0,2,0,0,0,0,0,4,0,0,0,0,2,3,1,0,0,0,0,0,0,0,0,0,0,0,0,0,0,0,0,0,5,2,1,0,0,1,1,1,0,0,0,0,0,0,0,0,0,1,2,1,0,0,0,0,0,0,1,0,0,0,1,0,0,1,0,1,0,0,1,1,1,2,2,1,0,0,1,0,1,2,0,2,0,0,0,0,0,1,0,0,0,0,0,0,0,0,0,0,0,0,0,0,0,0,0,0,0,0,0,1,1,0,1,0,0,1,2,1,0,0,0,1,0,2,0,0,0,1,0,0,0,0,0,1,1,0,0,1,0,1,0,1,1,1,0,0,3,1,1,0,0,0,0,0,1,0,1,0,0,0,1,0,0,0,0,1,0,0,0,0,0,0,1,0,0,1,0,0,1,1,0,0,0,1,1,0,0,0,0,0,0,0,0,0,0,1,0,0,0,0,0,1,0,0,1,0,0,1,0,0,0,0,0,0,0,0,2,0,0,0,0,0,2,0,0,0,0,0,1,0,0,0,0,2,0,0,0,0,1,0,1,0,0,0,0,0,0,0,0,1,2,0,2,0,0,1,0,0,0,2,1,1,0,1,0,0,2,0,0,0,0,1,0,0,0,1,1,0,0,1,0,0,0,0,1,0,0,0,1,0,0,0,0,2,1,0,0,0,0,1,0,0,0,0,0,0,0,1,0,0,0,1,1,0,0,1,1,0,1,1,1,0,0,0,0,0,3,0,0,0,0,0,1,1,1,1,1,0,0,0,0,0,0,0,0,0,0,0,0,0,0,1,0,0,1,0,0,0,0,0,0,0,0,0,1,0,2,0,0,0,1,0,0,0,0,0,0,0,0,0,0,1,2,0,0,0,0,0,1,0,0,0,0,0,0,1,0,1,0,0,1,0,0,0,0,1,0,0,0,0,0,0,1,0,1,0,0,2,0,0,0,2,0,1,1,0,0,0,0,2,0,0,1,0,0,0,1,1,2,1,0,1,0,0,1,0,0,0,1,0,0,0,1,0,0,0,0,0,0,1,1,0,0,0,0,0,0,0,0,1,3,0,1,1,0,1,0,0,0,0,0,0,0,1,0,0,1,0,1,0,0,1,0,1,0,0,0,0,0,0,0,0,0,3,0,0,1,0,0,1,0,0,0,1,0,0,0,0,0,0,0,0,0,0,3,1,0,1,1,0,0,0,0,0,0,0,0,0,0,0,1,0,0,0,0,0,0,1,1,0,0,1,0,0,0,1,0,1,0,1,0,0,1,2,1,0,0,0,0,1,0,2,3,0,0,0,2,0,2,1,0,1,0,0,0,0,0,0,1,0,0,3,1,0,0,0,2,2,0,0,0,0,1,0,1,1,0,0,2,0,1,2,0,0,2,0,2,1,0,0,0,1,0,0,0,0,0,0,0,1,0,0,0,0,1,0,0,0,0,2,0,0,0,0,0,0,0,0,0,0,1,2,0,0,0,0,0,1,1,0,1,1,1,0,0,0,0,0,0,0,1,0,0,0,0,0,0,0,1,0,0,0,0,0,0,0,0,0,0,0,0,0,0,0,0,0,0,0,0,0,0,0,0,0,0,0,0,0,0,1,0,0,0,0,1,0,0,1,2,0,4,1,1,1,0,0,1,1,0,1,1,0,0,2,0,0,0,2,0,0,0,0,0,2,0,1,0,1,0,0,0,0,0,0,1,1,0,3,0,0,0,0,0,0,0,0,0,1,1,0,0,0,0,0,0,1,0,0,0,0,0,0,0,0,1,0,0,0,0,1,0,0,0,1,0,0,1,0,0,1,0,0,1,3,2,0,0,0,0,0,1,0,0,0,0,0,0,0,1,0,0,0,1,0,1,0,1,2,2,0,0,0,0,0,0,0,0,0,0,0,0,0,0,1,0,0,0,0,0,0,0,0,0,0,0,2,0,0,0,1,0,0,2,0,1,1,0,0,1,0,0,0,0,0,0,0,0,1,0,1,1,0,0,0,1,0,2,0,2,0,0,0,0,0,0,0,0,1,0,1,0,0,2,0,2,0,1,0,3,0,0,0,1,0,0,1,0,1,1,0,2,3,1,0,0,0,0,0,0,1,0,7,0,0,0,3,1,0,1,0,0,0,0,0,0,2,0,1,1,0,0,0,0,0,0,2,0,0,2,1,0,0,0,1,1,0,0,0,1,0,0,0,0,0,0,0,1,0,0,0,0,0,0,0,0,1,1,0,0,0,0,0,1,2,0,1,2,0,0,0,1,0,0,0,0,0,0,0,0,0,1,0,0,0,0,1,1,0,1,2,4,0,0,0,0,1,4,1,0,0,0,0,0,1,0,1,0,0,0,1,1,0,0,0,0,0,0,1,0,0,0,0,0,0,0,2,0,0,1,1,0,1,0,1,0,2,0,0,3,0,2,0,1,1,0,0,0
CD5,0,0,2,0,0,0,0,0,0,1,0,0,0,0,0,0,0,0,0,1,0,0,0,0,0,0,0,0,0,0,1,0,0,0,0,0,0,0,0,1,0,0,0,0,0,0,0,0,1,0,0,0,0,0,0,0,0,0,0,0,0,1,0,0,0,0,0,0,0,0,0,0,0,0,0,0,0,0,0,0,0,0,0,0,0,1,1,0,0,0,0,0,0,0,1,0,0,0,0,0,0,0,0,0,0,0,0,0,0,0,1,0,0,0,0,1,0,0,0,1,1,0,0,0,1,1,0,0,0,0,1,0,1,0,0,0,0,0,0,0,1,0,0,0,0,0,0,0,2,0,0,0,0,0,0,0,0,0,0,0,0,0,0,0,0,0,0,2,0,0,0,0,0,0,0,0,0,0,0,0,0,0,0,0,0,0,0,0,0,0,0,0,0,0,0,0,1,0,0,0,0,0,0,0,0,1,0,0,0,0,1,0,0,0,0,0,0,0,0,0,1,0,0,0,2,0,0,0,0,0,1,1,0,0,0,0,0,0,0,0,0,0,0,1,0,0,0,0,0,0,0,0,0,0,0,2,1,0,0,0,0,0,0,0,0,1,0,0,1,0,0,0,0,0,0,0,0,0,0,0,0,0,0,0,0,0,0,0,0,0,2,0,0,0,0,1,0,0,0,0,0,0,0,0,0,0,0,0,0,0,1,0,1,0,0,0,1,0,0,0,0,0,0,0,1,0,0,0,0,0,0,0,0,0,0,0,0,0,0,0,0,0,0,0,0,0,0,0,1,0,0,0,1,0,0,0,0,0,0,0,0,0,0,0,0,0,0,0,0,1,1,0,0,1,0,0,0,0,1,0,0,0,0,0,0,0,2,0,0,0,1,0,0,0,0,0,0,1,0,0,0,0,1,0,0,1,0,0,0,0,0,0,0,0,0,0,0,0,0,0,0,1,0,0,0,0,0,0,0,0,0,0,0,1,0,1,0,0,0,0,0,1,1,0,0,0,0,0,0,0,0,2,0,1,0,1,0,0,0,0,0,1,0,0,0,0,0,0,0,0,0,0,0,0,0,0,0,0,0,0,0,0,0,0,0,1,0,0,1,1,0,0,0,0,0,0,0,0,0,0,0,0,4,0,0,0,0,0,0,0,0,0,0,0,1,0,0,0,1,0,2,0,0,0,0,0,0,0,0,0,0,0,0,0,0,0,0,0,0,0,0,1,0,0,0,0,0,0,0,0,0,0,0,0,0,0,0,0,0,0,0,0,0,1,0,1,0,0,0,0,1,0,1,0,0,0,0,0,0,0,0,0,0,0,0,0,0,0,0,0,0,0,0,0,0,0,0,0,0,0,0,0,0,2,0,1,0,0,1,0,0,0,0,0,0,1,0,0,0,0,1,2,1,0,0,0,0,0,1,0,0,0,0,0,0,0,0,1,1,0,2,0,1,0,1,0,0,1,0,0,0,0,1,0,0,0,0,0,0,0,0,0,0,0,1,0,0,0,0,0,0,0,0,0,0,0,0,0,1,1,0,0,1,0,0,0,0,0,0,0,0,0,0,0,0,0,0,0,0,0,0,0,0,0,0,0,0,2,0,0,0,0,0,2,0,0,0,0,0,0,1,0,0,0,0,0,0,0,0,0,0,0,0,0,0,1,0,0,1,0,0,1,0,0,0,0,0,0,2,0,0,0,0,0,0,0,0,0,0,0,0,0,0,0,0,0,0,0,0,0,0,1,0,0,0,0,0,0,0,1,0,1,0,2,0,0,0,0,1,0,2,0,0,0,0,1,0,0,0,0,0,0,0,1,0,0,0,1,0,0,0,0,1,0,0,1,0,0,0,0,0,0,0,0,0,2,0,0,0,0,0,0,0,0,0,0,0,0,0,0,0,0,2,0,0,0,0,1,0,0,0,0,0,0,0,0,0,0,0,0,0,0,0,1,0,1,0,0,0,0,0,0,0,0,0,0,0,0,0,0,0,0,0,0,0,0,0,0,0,0,0,0,0,0,0,1,0,0,0,0,0,0,0,0,0,0,0,0,1,0,0,0,0,0,0,0,0,0,0,0,0,1,0,0,0,0,1,0,0,1,0,0,0,0,0,0,1,0,0,0,0,0,5,0,0,0,0,1,1,0,0,0,0,0,0,1,0,0,0,0,0,0,0,0,0,0,0,0,0,0,0,1,0,0,0,0,0,0,0,1,1,0,0,0,1,0,0,0,0,0,0,0,0,0,0,0,0,0,1,0,0,0,0,0,0,0,0,0,0,0,1,0,0,0,0,0,0,0,0,0,0,0,0,0,0,0,0,0,0,0,1,0,0,0,0,0,0,1,0,2,0,0,0,0,0,0,0,0,0,0,0,0,0,0,0,0,0,0,1,1,0,0,0,0,0,1,0,0,0,0,0,0,0,0,0,0,1,0,0,0,0,0,0,0,0,0,0,0,0,0,0,1,0,0,0,0,0,1,0,0,0,0,0,0,0,1,0,0,0,0,0,0,0,1,0,0,0,0,1,0,0,0,0,0,0,0,0,0,0,0,0,0,2,0,0,1,0,0,0,0,0,0,0,0,0,0,0,0,0,0,0,0,0,0,0,0,0,0,0,0,0,0,0,0,0,0,0,1,1,0,0,0,0,0,0,0,0,1,0,0,1,1,0,0,0,0,0,4,0,0,0,0,0,1,0,1,0,0,1,0,0,1,0,0,1,0,0,0,0,0,0,0,0,0,0,0,0,0,0,1,0,0,1,2,0,0,0,0,0,1,0,0,0,0,0,0,0,0,0,0,0,0,0,0,0,0,0,0,0,0,0,0,0,0,1,1,0,0,0,0,0,2,0,0,0,0,0,0,1,1,1,0,0,0,0,0,0,0,0,0,0,0,0,1,0,0,0,1,0,0,0,0,1,0,0,0,0,1,0,0,0,0,0,0,0,0,0,0,0,0,0,0,0,0,2,0,0,0,0,0,1,0,0,0,0,1,0,0,0,0,0,0,0,0,0,1,0,1,0,1,0,0,0,0,0,0,0,0,0,0,1,2,0,0,0,0,0,0,0,1,0,0,1,0,0,0,0,1,0,0,0,0,0,0,0,0,0,0,0,0,0,2,0,0,0,0,0,2,0,0,0,0,0,0,1,0,0,0,0,0,1,0,0,0,0,0,0,0,0,0,0,0,0,0,0,0,0,0,0,0,0,0,0,0,0,0,0,1,1,1,0,1,0,0,1,0,0,0,0,0,2,1,0,0,0,0,1,0,0,0,0,0,1,0,0,0,0,0,0,1,0,0,0,0,0,0,0,0,0,1,0,0,0,0,0,0,3,2,0,0,0,0,0,0,0,0,0,0,0,0,0,0,0,0,0,0,0,0,0,0,0,0,0,2,0,1,0,0,0,0,0,2,0,1,1,0,0,0,0,0,0,0,0,0,0,0,0,0,0,0,0,2,0,0,1,0
WARS,0,0,1,0,0,0,0,0,0,0,0,0,1,0,0,2,0,0,0,0,0,0,0,0,0,0,0,0,0,0,0,0,0,1,0,0,0,0,0,0,0,0,0,0,0,0,0,0,0,0,0,0,0,0,0,1,0,0,0,0,1,0,0,0,0,0,0,0,0,0,0,0,0,0,0,0,0,0,0,0,0,0,0,0,0,0,0,0,0,0,1,0,0,1,0,0,0,0,0,0,0,0,0,0,0,0,0,0,2,0,0,0,0,0,0,0,0,0,0,0,0,0,0,0,0,0,0,0,0,0,0,0,0,0,0,0,0,0,0,0,0,0,0,0,0,0,0,0,0,0,0,0,1,0,0,0,0,0,0,0,0,0,2,2,0,0,0,0,0,1,0,0,0,0,0,0,0,0,3,0,0,0,0,0,1,0,0,0,0,1,3,1,0,0,0,0,0,0,0,0,0,0,0,0,0,0,0,0,0,0,0,0,0,0,0,0,0,0,0,0,0,0,0,0,0,0,0,1,0,0,0,0,4,1,0,0,0,0,0,0,0,0,0,0,0,0,0,0,0,0,0,1,0,0,0,0,0,0,0,2,0,0,0,0,0,0,0,0,0,0,0,1,0,1,0,0,0,1,0,0,0,1,0,0,1,0,0,0,0,0,0,0,0,0,0,0,0,0,0,0,0,0,0,0,2,0,0,0,0,0,0,0,0,0,0,0,0,0,0,0,0,0,1,0,0,0,0,0,0,0,0,0,0,0,1,0,0,1,0,0,0,0,0,0,0,0,0,0,0,0,0,0,0,0,0,0,0,0,0,0,0,0,0,0,0,0,1,0,0,0,1,0,0,1,0,0,0,0,0,0,0,0,0,0,0,0,0,1,0,0,0,4,0,2,0,0,0,0,0,0,0,0,0,0,0,0,0,1,0,0,0,0,0,0,0,1,1,0,0,0,0,0,0,0,1,0,0,0,0,0,0,0,0,0,0,0,0,0,0,0,0,0,3,0,0,1,1,0,0,0,0,0,0,0,0,0,0,0,0,0,0,0,0,0,0,1,0,0,0,0,1,0,0,0,0,1,0,0,0,0,0,0,0,0,0,0,0,0,0,0,0,0,0,0,0,0,0,0,0,1,0,0,0,0,0,0,0,0,0,0,0,0,0,0,0,0,0,0,0,1,0,0,0,0,1,2,0,0,0,0,0,0,0,0,0,0,0,0,0,0,0,0,0,0,0,0,0,0,0,0,0,0,0,0,1,0,0,1,0,0,0,0,0,0,0,0,0,0,0,0,0,0,0,0,0,0,0,0,0,0,0,0,0,0,0,0,0,0,0,0,1,0,0,1,0,0,0,0,0,0,0,0,0,0,0,0,0,0,0,0,0,0,0,0,0,0,0,0,0,1,0,0,0,0,0,0,0,1,0,0,0,1,0,0,0,0,0,0,0,0,0,0,0,0,0,0,0,0,0,0,0,0,0,0,0,2,0,0,0,0,1,0,0,0,0,0,0,0,1,0,0,0,0,0,0,0,0,0,1,0,0,0,0,0,0,0,0,0,0,0,0,0,0,0,0,0,1,0,0,0,0,0,0,0,0,0,0,0,0,2,0,0,0,0,0,0,0,0,0,0,0,0,0,0,0,0,0,0,0,0,0,0,0,0,0,0,1,0,0,0,0,0,0,2,0,0,0,0,0,0,0,0,1,0,0,0,1,0,0,0,0,0,0,0,0,0,0,0,0,0,0,0,0,1,0,0,0,0,1,0,0,0,0,0,0,3,0,0,1,0,1,0,0,0,0,0,0,0,0,0,0,0,0,0,0,0,0,0,0,0,0,0,0,0,0,0,0,0,0,0,0,0,0,0,0,0,0,0,0,0,0,0,0,0,0,0,1,0,0,0,0,0,0,0,1,1,0,0,0,0,0,0,0,0,1,0,1,0,0,1,0,0,0,0,0,0,0,0,0,0,0,0,2,0,0,2,0,0,0,0,0,0,0,1,0,0,0,0,0,0,0,0,0,1,0,1,0,0,0,0,0,0,0,0,0,0,0,0,3,1,0,0,0,0,1,0,0,0,0,0,0,3,0,0,0,0,0,0,1,0,0,0,0,0,0,0,0,6,0,0,0,0,0,0,0,0,0,1,0,0,0,0,0,0,0,0,0,0,0,1,0,0,0,0,1,0,0,0,0,1,0,1,0,0,0,0,0,0,0,0,0,0,0,0,0,0,0,0,0,0,0,0,0,0,0,0,0,0,0,0,0,0,0,0,0,0,0,0,0,0,0,0,0,0,0,0,0,0,1,0,0,0,0,0,0,0,1,0,0,0,3,2,0,0,0,1,0,1,0,0,0,0,0,0,0,0,0,0,0,0,0,0,0,0,0,0,0,0,0,0,0,0,2,5,0,0,0,0,0,1,1,0,0,1,0,0,0,0,0,0,1,0,0,0,0,0,0,0,0,0,0,0,0,0,0,1,0,0,0,0,0,0,2,0,0,0,0,0,0,0,0,0,0,0,0,0,0,0,0,0,0,0,1,0,0,0,1,0,0,0,0,0,0,0,0,0,0,0,0,0,0,0,1,0,0,0,0,0,0,0,0,0,0,1,0,0,0,0,0,1,0,0,0,0,0,0,0,0,0,1,1,0,0,0,1,0,0,0,0,0,0,0,2,0,0,0,0,0,0,0,0,0,0,0,0,0,0,0,0,0,0,0,0,0,0,0,0,1,0,0,0,0,0,1,0,0,2,0,0,0,0,0,0,0,0,1,0,1,0,0,0,0,0,0,0,2,0,0,0,0,0,0,0,0,0,0,0,0,0,0,1,0,0,0,0,0,4,0,0,0,1,0,1,0,0,0,0,0,0,0,0,0,0,0,0,0,0,0,1,0,0,0,0,0,0,0,0,0,0,0,0,0,0,0,0,0,0,0,0,0,2,0,0,0,0,0,0,0,0,0,0,0,0,0,0,0,0,0,0,0,0,0,0,0,0,0,0,0,0,1,0,0,0,0,0,0,0,0,0,0,0,0,0,0,0,0,0,0,0,0,0,0,0,0,0,0,0,0,1,0,0,1,0,0,0,1,0,0,0,0,0,1,0,0,0,0,0,0,0,1,0,0,0,1,0,0,0,0,0,1,4,0,0,0,0,1,0,0,0,0,0,0,0,0,1,1,0,0,0,0,0,0,0,0,0,0,0,0,0,0,0,0,2,0,0,0,0,0,0,0,0,0,1,0,0,0,0,0,0,0,0,0,0,0,0,0,0,0,0,0,0,0,0,0,0,1,0,0,0,0,0,0,2,0,0,0,0,0,0,0,1,0,0,0,0,0,0,0,0,0,0,0,0,0,0,0,0,0,0,0,0,0,0,0,0,0,0,0,2,0,0,2,0,0,0,0,0,0,0,1,0,0,0,0,0,0,0,0,0,0,0,0,0,0,0,0,0,1,0,0,0,0,0,0,0,0
GNS,0,0,0,0,0,1,0,0,0,0,0,0,1,0,0,0,0,0,0,0,0,0,0,0,0,0,0,0,0,0,0,0,0,1,0,0,0,0,0,0,0,0,1,0,0,0,0,0,0,0,0,0,1,0,0,0,0,0,0,0,0,0,0,0,0,0,0,0,0,0,0,0,0,0,0,0,0,3,1,0,0,0,0,0,0,0,0,0,0,0,0,0,0,0,0,0,0,0,1,0,0,0,0,0,0,1,0,0,1,0,0,0,0,0,0,0,0,0,0,0,0,0,0,0,0,0,0,0,0,0,0,0,0,0,0,0,0,0,1,0,0,1,0,0,0,0,3,0,0,0,0,0,0,0,0,0,0,0,0,0,0,0,0,0,0,0,0,0,0,0,0,0,0,0,0,0,0,0,0,0,0,0,0,0,0,0,0,1,0,0,0,0,0,0,0,0,0,0,0,0,0,0,3,0,0,0,0,0,0,0,0,0,0,0,0,0,0,0,2,0,0,0,0,0,0,0,0,0,0,0,0,0,1,1,0,0,0,0,0,0,1,0,0,1,0,0,0,0,1,1,0,2,0,0,0,0,0,0,0,0,0,0,0,0,0,0,0,0,0,0,0,0,0,1,0,0,0,0,0,0,2,2,0,0,0,0,0,0,0,0,0,0,1,0,0,0,0,0,1,0,0,0,0,0,0,0,0,0,0,0,0,0,0,0,0,0,0,0,0,0,0,0,0,0,0,0,2,0,0,0,0,0,0,0,0,0,0,0,0,0,0,0,0,0,1,0,0,0,0,1,0,0,0,0,0,0,0,0,0,0,0,0,0,0,0,0,0,0,0,0,0,0,0,0,0,0,0,0,0,1,0,0,1,0,0,0,0,0,0,0,0,1,0,1,0,0,0,0,0,0,0,0,0,0,1,1,0,0,0,0,0,0,1,0,0,0,0,0,0,0,1,1,0,0,0,0,0,0,0,0,0,0,0,0,0,0,0,0,0,0,0,0,0,0,0,1,0,0,0,0,0,0,0,0,1,0,0,1,0,0,0,0,0,0,2,0,0,0,1,0,2,0,0,0,0,0,1,0,0,0,0,1,0,0,1,0,0,0,0,1,0,0,0,0,0,0,0,0,0,0,0,0,0,0,0,0,0,0,0,0,0,0,0,0,0,0,0,0,0,0,0,0,0,2,0,0,0,0,1,0,0,0,0,0,0,1,0,0,0,0,0,0,0,0,0,0,0,0,0,0,0,0,0,0,1,3,0,0,0,0,0,0,0,0,0,1,0,0,0,0,0,1,0,0,0,0,0,0,1,0,0,0,0,0,0,0,0,0,0,0,0,0,0,0,0,0,0,0,0,0,0,1,0,0,0,0,1,0,0,0,1,0,0,0,0,0,0,0,1,0,0,0,0,0,0,0,0,1,0,0,0,0,0,0,0,0,0,0,0,0,0,0,0,0,0,0,0,0,0,2,0,0,0,1,0,0,0,0,0,1,0,0,0,0,0,0,0,0,0,0,0,0,0,0,0,0,0,0,0,0,0,0,0,0,0,0,0,0,0,0,0,0,0,0,1,0,0,0,0,0,0,0,0,0,0,2,0,0,0,2,1,0,0,0,1,0,0,0,0,0,0,0,0,0,0,0,0,0,0,0,0,0,0,0,0,0,1,0,0,0,0,0,0,0,0,0,0,0,0,0,0,0,0,0,0,0,0,0,0,0,0,0,0,0,0,0,1,0,0,0,0,0,0,0,0,0,0,0,1,0,0,0,0,0,1,0,0,0,0,0,0,0,0,1,0,0,0,0,0,0,0,0,0,0,0,0,0,0,0,0,0,0,0,1,0,0,0,0,0,0,0,0,0,0,0,0,0,0,0,0,0,0,0,0,0,0,0,0,0,0,0,1,1,0,0,0,0,0,0,0,0,0,0,0,0,0,0,0,0,0,0,0,0,0,0,0,0,1,0,0,0,0,0,0,0,0,0,0,0,0,0,0,2,0,0,0,0,0,0,0,0,0,0,0,1,0,0,0,0,0,0,0,0,0,0,0,0,0,0,0,0,1,0,0,0,0,0,0,0,0,0,0,0,0,0,1,0,0,0,0,0,0,0,0,0,0,0,1,0,0,0,0,0,0,0,0,0,0,0,0,0,1,2,0,0,0,0,0,0,0,1,0,0,0,0,1,0,0,0,0,0,0,0,0,0,0,0,0,0,1,0,0,0,0,0,0,0,0,0,0,0,0,0,0,0,0,0,0,0,0,0,0,0,0,0,0,0,0,1,0,0,0,0,1,0,0,0,0,1,0,0,0,0,0,0,0,0,0,0,0,0,0,0,0,0,0,0,0,0,0,0,0,0,0,0,0,0,0,0,0,0,0,0,0,0,0,0,0,0,0,0,0,0,0,0,0,0,0,0,0,0,0,0,0,0,0,0,1,0,0,0,0,0,0,0,0,0,0,0,0,1,0,0,0,0,0,0,0,0,0,0,0,0,0,1,0,0,0,0,0,0,0,0,0,0,0,1,0,0,0,0,0,0,0,0,0,0,0,1,0,0,0,0,0,0,0,0,0,0,0,0,0,0,0,0,0,0,0,0,0,0,0,0,0,0,0,0,0,0,0,0,0,0,0,0,0,0,0,0,0,0,0,0,0,0,0,0,0,0,0,0,0,0,0,0,0,0,0,1,0,0,0,0,0,0,0,0,0,0,0,0,0,0,0,0,0,0,0,0,0,0,0,0,1,0,0,2,0,0,0,0,0,0,0,0,0,0,1,0,0,1,3,0,0,0,0,0,0,0,0,0,0,0,0,0,0,0,0,0,0,0,0,1,0,0,0,1,0,0,0,0,0,0,0,0,0,0,0,0,0,0,0,0,0,0,0,0,0,0,0,3,0,0,0,0,1,0,0,0,0,0,0,0,0,0,0,0,0,0,0,1,0,0,0,0,0,0,0,0,0,0,0,0,0,0,0,0,0,0,0,0,2,0,1,0,0,0,0,0,0,0,0,0,0,0,0,0,0,0,0,1,0,0,0,0,0,0,0,0,0,0,0,0,0,1,0,0,0,2,0,0,0,0,0,0,1,0,0,0,0,0,0,0,0,0,0,0,0,0,0,0,0,0,0,0,0,0,0,0,0,1,0,0,0,0,0,0,3,0,0,0,0,0,0,0,1,0,0,0,0,0,0,0,0,0,0,0,0,0,0,0,0,0,0,0,0,0,0,0,0,0,0,0,0,0,0,0,0,0,0,0,0,0,0,1,1,0,0,0,0,0,0,0,0,0,0,0,0,0,0,0,0,0,0,0,0,0,0,0,0,0,0,0,1,2,0,0,0,0,0,0,0,0,0,0,1,0,0,0,0,0,0,0,0,0,0,0,0,0,0,0,1,0,0,1,0,1,0,0,1,0,0,0,0,0,0,0,0,0,0,0,0,1,0,2,0,0,0,0,0,0,0,0,0,0,0
PDE7A,0,0,0,0,0,0,1,0,0,1,0,0,0,0,0,0,0,0,0,3,0,1,1,0,0,0,0,0,0,0,0,0,0,0,0,0,0,1,1,0,1,0,0,0,0,0,0,0,0,1,0,0,0,0,1,1,0,0,2,0,0,0,0,0,0,0,0,0,0,2,0,0,1,0,0,0,1,0,0,0,0,0,0,0,0,1,0,0,0,1,0,0,1,0,0,0,0,0,0,2,2,0,0,0,0,0,0,0,0,0,0,0,0,0,0,2,0,0,0,0,0,0,0,0,0,0,0,0,0,0,0,0,0,0,0,0,1,1,0,0,1,0,0,0,0,0,0,0,1,0,0,0,0,0,2,0,0,0,0,0,1,1,0,0,1,1,0,0,0,0,1,0,0,0,0,1,1,0,1,0,0,0,0,0,0,0,0,0,0,0,0,0,0,0,0,0,0,0,0,0,0,0,0,0,0,0,0,0,0,1,0,0,0,0,0,0,0,3,0,0,0,1,0,0,1,0,0,0,0,0,0,0,0,0,0,0,0,0,0,0,0,0,1,0,2,0,0,0,0,0,1,0,0,0,0,0,0,0,0,0,0,0,0,1,0,0,1,1,1,1,0,0,0,0,2,0,0,0,0,0,0,0,0,1,1,0,0,0,0,1,0,0,0,0,1,0,1,0,0,0,0,0,0,1,0,0,1,0,0,2,1,0,0,0,1,0,0,0,0,1,0,0,0,1,1,0,0,0,0,0,0,0,1,0,0,0,0,0,1,0,0,0,0,0,0,0,1,0,0,0,0,0,0,0,0,0,0,1,0,0,1,0,0,0,0,0,2,0,0,0,0,0,0,0,0,0,1,0,0,0,0,2,0,1,0,0,0,0,0,0,1,0,0,0,0,0,0,0,0,0,0,0,0,0,0,0,0,0,0,0,0,0,0,1,0,0,1,0,0,1,0,0,0,1,0,0,0,0,0,1,0,1,0,0,0,0,0,1,0,0,0,0,0,0,1,0,0,0,0,0,0,1,0,1,0,0,0,0,0,0,1,0,3,0,1,0,0,0,0,0,0,0,0,0,0,0,0,0,0,0,0,0,0,0,0,2,0,0,0,0,0,0,0,0,0,0,0,0,0,0,0,0,0,1,0,0,0,0,0,1,0,0,0,0,1,0,1,0,0,0,0,0,0,0,0,0,1,0,0,0,0,1,0,0,0,0,0,0,0,1,0,0,0,0,0,0,0,0,0,0,0,0,0,0,0,1,1,0,1,0,0,0,1,0,1,1,0,0,1,0,0,0,0,0,0,0,0,0,0,1,0,1,0,0,0,0,0,1,0,0,1,0,0,0,0,0,0,0,0,0,0,0,0,0,0,0,0,1,0,1,1,1,0,0,1,0,1,0,0,0,1,0,0,0,0,0,0,0,0,0,0,1,0,0,0,0,0,0,0,1,0,0,2,0,0,0,0,0,0,0,0,0,0,0,0,0,0,0,0,0,0,1,0,1,2,1,0,1,0,0,0,0,0,0,0,0,0,1,0,0,0,0,0,0,0,1,0,1,0,0,0,0,0,0,0,0,0,1,1,1,0,1,0,0,0,0,0,0,0,0,0,0,0,1,0,1,0,0,0,2,0,0,0,0,0,0,0,0,1,0,0,0,1,1,1,0,0,0,1,0,0,0,0,0,0,0,0,0,0,0,0,0,0,1,0,0,0,0,1,0,0,0,0,0,0,0,0,0,1,0,0,0,0,0,0,0,0,0,0,0,0,0,1,0,0,0,0,0,0,0,0,0,1,0,0,0,1,0,0,1,0,0,0,0,0,0,0,0,0,0,0,0,0,0,0,2,0,0,0,0,0,0,0,0,0,0,0,0,1,0,0,0,0,0,0,1,1,0,0,0,0,0,0,0,0,0,0,0,1,0,0,0,0,0,0,0,0,0,0,0,0,0,0,0,1,1,0,0,0,0,1,0,0,0,0,0,0,0,0,0,0,0,0,0,0,0,0,0,0,0,1,1,0,0,0,0,0,2,1,0,0,0,0,0,0,0,0,0,0,0,1,0,2,0,0,0,0,0,1,0,1,0,0,0,0,0,0,1,0,1,0,0,0,0,0,0,0,1,0,0,0,0,0,1,0,1,0,0,0,0,0,0,0,0,0,0,1,0,0,0,0,0,0,0,0,0,0,0,0,0,0,0,0,0,0,0,0,0,0,1,0,0,0,0,0,0,0,0,0,0,0,0,0,1,0,0,0,0,0,0,0,0,1,0,0,0,0,0,0,0,0,0,0,0,0,0,1,0,0,0,0,0,1,0,0,0,1,0,0,0,0,0,0,0,0,2,1,0,0,0,0,0,0,0,0,0,1,0,0,0,2,0,0,0,1,0,1,0,0,0,1,1,0,0,0,1,0,0,0,0,0,0,0,0,0,0,0,1,0,0,0,0,0,2,0,0,0,0,1,1,0,0,0,0,2,0,0,1,0,1,0,1,1,0,0,1,0,0,0,1,1,0,0,0,0,0,0,0,0,0,2,2,0,0,0,0,0,0,0,0,0,0,0,0,1,0,0,1,0,2,0,0,0,0,0,0,0,0,0,0,0,0,0,1,0,0,0,0,0,0,0,0,0,0,0,1,0,0,0,0,0,0,0,1,0,0,0,0,0,0,0,0,0,3,0,0,0,0,0,0,0,0,0,0,0,0,0,0,0,0,0,1,0,0,0,0,0,0,0,1,0,1,0,0,0,0,0,0,0,0,2,0,0,0,0,0,0,0,0,0,0,1,0,0,0,0,0,0,0,0,0,0,0,0,0,0,0,0,0,0,0,0,0,0,0,0,0,0,1,0,1,0,0,0,0,0,0,0,0,0,0,0,0,0,0,0,0,0,0,0,1,0,0,0,0,0,0,0,0,0,0,0,2,1,0,0,0,0,0,2,0,0,1,0,1,0,0,0,0,0,0,0,0,0,0,0,0,0,0,1,0,1,0,0,0,1,0,3,0,0,0,0,0,0,1,0,0,0,0,0,0,0,1,0,1,0,0,0,0,0,0,1,0,1,0,1,0,0,0,1,0,1,0,0,0,0,0,0,0,0,0,0,1,1,0,1,0,0,1,0,0,0,0,0,0,0,0,0,1,0,0,0,0,0,1,0,0,0,0,0,0,0,0,0,0,0,0,0,0,0,0,0,0,0,0,0,0,0,0,0,0,0,0,0,0,0,1,0,0,0,0,0,1,1,0,0,0,1,0,0,0,1,0,2,0,0,1,1,0,0,0,0,1,0,0,0,0,1,0,0,0,0,0,0,2,0,0,0,0,0,0,0,0,0,0,0,0,0,0,0,0,0,0,0,0,0,0,0,0,0,0,0,0,0,0,0,0,0,0,1,0,0,1,0,0,0,0,0,0,1,0,0,0,0,0,0,0,1,1,0,0,0,0,0,1,0,0,0,0,0,0,0,0,1,1,0
MFSD1,1,1,0,0,0,1,1,0,0,0,0,0,1,0,0,1,0,0,1,0,0,0,2,0,0,0,0,0,0,0,0,0,0,0,0,1,0,0,0,0,0,0,2,0,0,0,0,0,0,0,0,0,0,1,0,0,0,0,0,0,2,0,0,1,0,0,1,1,2,0,0,1,0,1,0,0,0,2,0,1,0,0,1,0,0,0,0,0,0,0,0,1,0,1,0,0,0,0,0,0,0,0,1,0,0,0,0,0,0,0,1,0,0,0,0,1,1,0,1,0,0,0,1,0,0,0,0,0,0,0,0,0,0,1,0,0,0,0,0,0,0,0,0,0,1,0,0,3,0,0,0,0,0,0,0,0,0,0,0,0,0,0,2,0,0,0,0,1,0,1,1,0,0,0,1,0,0,1,0,0,0,0,0,0,0,0,0,0,0,1,0,0,0,0,0,0,0,0,1,0,0,0,0,0,0,1,0,0,0,0,0,0,0,0,0,0,0,0,0,0,0,0,0,0,0,0,0,0,0,0,0,1,0,1,0,0,0,0,0,0,1,0,0,0,0,0,0,0,1,0,0,1,0,0,0,0,0,0,0,0,0,0,0,2,0,0,0,0,0,0,0,2,0,1,0,0,0,1,0,0,0,1,0,0,0,0,0,0,0,0,0,0,0,0,0,0,0,0,0,0,0,1,2,0,0,0,0,0,1,0,0,0,0,0,0,0,0,0,0,0,0,0,0,0,0,0,0,1,0,0,0,1,0,0,0,0,0,0,0,0,1,0,1,0,0,0,0,0,0,0,0,0,1,0,0,0,0,0,0,0,0,0,0,0,0,0,2,0,0,0,0,0,0,0,0,2,0,0,0,2,0,0,0,0,0,0,0,0,0,0,0,0,0,2,0,0,0,0,0,1,0,1,0,0,0,0,0,0,0,0,1,0,1,0,0,0,0,0,0,0,1,0,0,0,0,0,0,0,0,0,0,0,0,0,0,0,0,0,0,0,0,0,1,0,0,2,0,0,0,0,0,0,0,0,2,0,0,0,0,1,0,0,0,0,2,1,0,0,1,0,1,0,0,0,0,2,1,0,0,0,0,0,0,0,0,0,0,0,1,0,0,0,0,0,0,0,0,0,1,0,1,0,0,0,0,0,0,0,0,0,0,0,0,1,0,0,0,0,0,1,0,0,0,0,0,0,0,0,0,0,0,0,0,0,1,0,0,2,0,0,4,1,0,0,0,0,0,0,1,0,0,1,0,0,1,1,0,0,0,0,0,0,0,0,0,0,0,0,0,0,0,0,0,0,0,1,0,0,1,0,0,0,0,0,0,0,1,1,0,0,0,0,0,1,1,0,1,0,0,0,0,0,0,0,0,1,0,0,0,0,1,0,0,0,0,0,0,0,1,0,0,0,0,0,0,1,0,0,0,0,0,0,0,0,1,0,0,0,0,0,0,2,0,0,0,0,0,0,0,0,0,0,0,0,1,0,0,0,0,0,0,0,0,0,0,0,0,0,0,0,0,0,0,0,0,0,2,2,0,0,0,0,0,0,0,0,0,0,1,0,0,0,0,0,0,1,0,0,0,1,0,0,0,0,0,3,0,0,0,0,0,0,0,1,0,0,0,1,0,0,0,0,0,0,0,0,0,0,0,0,0,0,0,0,0,0,1,0,0,0,0,0,0,1,0,0,0,0,0,0,0,0,0,0,1,0,0,0,0,0,0,0,0,0,0,0,0,0,0,0,0,0,1,0,0,0,1,0,1,0,0,0,0,0,1,1,0,0,0,0,0,0,0,0,2,0,0,0,0,0,0,0,0,0,0,0,0,0,0,0,0,1,0,1,0,0,1,0,0,0,0,0,3,0,0,0,1,0,0,0,0,1,0,0,0,0,0,0,1,0,1,1,0,0,0,0,0,0,0,0,0,0,0,0,0,0,0,1,0,0,0,0,0,0,0,0,0,0,0,0,0,0,0,0,0,0,0,0,0,0,0,0,1,3,1,0,0,0,0,0,0,0,0,1,0,1,0,0,0,0,0,0,0,0,0,0,0,0,1,1,1,0,0,0,0,0,0,0,0,1,0,1,1,0,1,0,0,1,0,0,0,0,0,0,0,0,0,1,0,0,0,0,0,0,0,1,1,0,0,0,0,0,1,1,0,0,0,0,0,1,0,0,0,0,0,2,0,0,0,0,0,1,2,0,0,0,0,0,1,0,0,0,0,0,0,0,0,0,0,0,0,0,0,0,0,0,0,0,0,0,0,1,0,0,0,0,0,0,0,0,0,0,0,0,0,0,0,0,1,0,0,0,0,0,0,0,0,1,0,0,3,1,0,0,0,0,0,2,0,0,0,0,1,0,0,0,0,1,0,0,0,1,0,0,0,0,3,0,1,0,0,0,0,1,0,0,1,0,0,1,0,0,0,0,0,1,0,1,0,2,0,0,0,0,0,1,0,0,0,0,0,0,1,1,0,1,0,0,0,0,0,0,1,1,1,0,0,0,0,0,0,0,0,0,0,1,0,0,1,0,0,0,0,0,0,0,0,0,0,0,0,0,0,0,0,0,0,0,0,0,0,0,1,0,0,0,0,0,0,0,1,0,0,1,0,0,0,0,0,0,0,0,0,0,0,0,1,0,0,0,0,0,0,0,0,0,1,1,0,3,0,0,1,0,0,0,0,0,0,2,0,0,0,0,0,0,0,0,0,0,0,0,0,0,0,0,1,0,0,0,1,0,0,2,0,0,1,0,0,0,0,0,0,1,0,0,0,0,0,0,1,1,0,0,0,0,0,0,0,0,0,0,0,0,0,0,0,0,0,0,0,0,0,0,0,0,0,0,0,0,0,0,1,0,0,0,0,0,0,0,0,0,0,1,0,0,0,0,0,0,1,0,0,0,0,1,0,0,0,1,0,0,0,0,0,0,1,0,0,0,0,0,0,0,0,0,0,0,0,0,0,0,0,0,0,0,0,0,0,0,0,3,0,0,0,0,0,0,0,0,0,0,0,0,0,1,0,0,0,0,0,0,0,0,0,0,0,0,0,0,0,0,0,0,0,0,0,0,0,0,0,0,0,0,0,2,0,0,0,0,0,0,0,0,4,0,0,0,1,0,0,0,0,0,0,0,0,0,0,0,0,0,0,0,0,0,0,1,0,1,0,0,0,0,0,1,0,0,0,0,0,0,0,0,2,0,0,2,0,1,1,0,0,0,0,0,0,0,0,0,0,0,0,0,1,0,0,0,0,0,0,0,0,0,0,0,1,0,0,0,0,0,0,0,0,0,0,0,0,0,0,0,0,0,0,0,0,0,0,0,0,0,0,0,1,0,0,0,0,0,0,0,1,0,0,1,0,0,0,0,0,1,1,0,0,0,0,1,0,0,0,0,0,0,0,0,0,0,0,0,0,0,0,0,0,0,0,0,0,0,0,0,3,0,3,0,0,2,1,0,0,0,0,0,0,0
CDC42SE2,0,1,1,2,0,0,0,2,0,1,2,1,1,1,0,0,0,2,1,2,1,0,2,0,1,0,1,2,4,0,1,0,0,0,2,0,0,0,1,0,1,1,0,1,2,0,1,1,1,0,1,0,0,0,1,1,0,1,2,2,0,1,1,0,0,0,1,1,1,0,1,1,1,0,0,1,2,0,1,0,1,0,0,0,0,1,0,0,1,0,0,1,0,0,2,0,0,0,0,0,1,2,0,1,0,0,1,1,0,1,1,1,0,0,0,0,2,3,2,0,0,0,0,0,1,1,3,0,0,2,1,0,2,1,1,0,0,0,1,1,0,1,1,0,1,1,0,0,3,1,1,0,0,1,1,2,0,0,0,0,2,0,1,0,0,1,0,1,0,0,0,1,1,0,0,0,1,0,0,0,0,0,0,0,1,0,3,1,0,0,0,1,0,0,2,0,1,2,1,0,0,1,0,1,0,2,0,1,3,0,0,0,0,1,0,0,0,0,1,2,0,0,0,0,3,0,0,0,0,2,0,0,1,2,0,0,0,0,1,0,1,0,0,0,0,0,0,0,1,1,1,1,0,0,0,3,0,0,0,0,0,0,0,0,1,0,1,0,0,1,1,0,0,0,1,0,2,0,1,1,1,2,1,1,2,1,0,0,3,1,2,0,0,0,0,0,0,0,2,1,1,0,0,0,1,1,0,0,2,0,0,1,1,0,2,1,1,1,0,0,0,0,0,0,1,2,0,2,0,0,2,0,1,0,0,1,0,0,0,0,0,1,0,2,1,0,0,0,0,1,0,1,2,0,1,1,0,2,0,0,1,0,1,0,0,0,2,0,2,0,0,0,2,0,2,2,0,2,1,0,0,0,0,0,2,0,3,2,1,3,1,1,0,1,0,0,0,1,1,0,0,0,2,1,0,1,1,0,0,0,1,2,0,2,0,0,1,0,0,3,0,1,4,0,0,0,1,2,0,1,0,1,0,1,1,0,0,1,0,0,0,1,3,2,0,1,0,0,0,1,1,0,1,1,0,0,3,1,0,1,0,2,1,0,0,1,1,1,0,0,1,0,0,0,1,1,0,0,0,1,0,0,0,1,0,1,0,2,0,0,1,1,1,1,0,0,1,0,0,0,0,0,0,0,0,2,1,0,0,0,0,1,1,1,1,0,2,1,0,1,1,1,3,0,0,0,0,0,1,0,1,2,2,0,0,1,1,4,0,0,2,1,1,0,0,1,2,0,1,0,1,1,1,1,0,0,1,0,0,0,0,0,0,2,0,1,0,0,1,1,1,0,1,0,1,1,0,1,0,0,0,0,0,1,2,0,0,0,0,0,1,0,0,0,0,2,0,3,0,0,0,0,0,1,0,2,0,0,0,1,0,0,0,1,1,2,0,0,0,1,1,0,0,1,0,0,2,0,0,0,1,2,1,0,0,0,2,0,2,2,0,0,1,0,0,1,1,1,1,0,0,0,1,0,0,0,0,0,0,0,0,0,0,0,1,1,0,0,1,0,1,0,0,1,3,2,0,2,2,1,0,0,0,2,0,0,0,0,0,0,1,0,2,0,2,1,0,0,0,1,0,0,1,0,0,1,0,0,0,2,1,4,0,1,0,2,1,0,0,1,1,0,0,0,0,2,0,0,0,1,0,0,0,1,1,0,0,0,0,1,0,2,0,0,0,3,0,0,1,1,3,1,3,0,0,1,0,0,0,2,0,0,0,1,0,0,0,0,0,3,1,0,1,1,2,0,0,0,1,0,0,0,1,0,0,0,2,5,2,1,1,1,0,0,0,0,2,2,0,0,0,0,0,1,0,0,0,0,1,1,1,0,0,2,0,0,2,0,0,1,1,0,3,1,0,2,1,0,0,0,1,0,0,0,0,0,1,0,0,1,0,0,1,0,0,0,0,7,1,0,1,1,0,2,0,0,0,0,0,0,1,0,1,0,0,0,0,0,0,0,1,0,0,0,1,0,0,1,0,1,1,1,1,2,0,2,1,0,0,3,1,0,0,1,1,1,0,0,1,2,0,0,0,1,1,0,0,0,3,1,0,0,1,0,0,1,0,1,0,0,1,3,0,0,0,0,0,0,0,1,0,0,2,0,0,0,1,0,2,1,0,1,0,0,0,0,0,1,0,0,0,2,1,0,0,0,1,0,0,1,1,1,0,0,0,2,2,0,0,0,0,1,0,0,1,1,4,0,0,1,0,0,1,1,0,1,0,1,0,0,0,1,1,0,2,0,0,2,0,0,0,1,2,1,0,0,2,2,0,0,0,0,0,2,0,2,1,1,1,1,0,0,2,0,0,1,0,0,1,2,1,6,0,0,0,1,0,0,0,1,1,0,0,1,2,1,0,0,0,2,0,0,0,1,1,0,0,0,0,2,1,2,0,2,2,1,0,0,0,0,0,0,0,0,1,1,0,0,0,1,1,0,1,1,1,0,0,0,1,0,0,2,1,1,1,0,1,2,0,1,1,2,0,0,0,0,2,0,0,0,0,0,1,0,0,0,0,1,1,0,1,1,1,1,0,1,0,2,0,0,0,0,0,0,0,1,0,0,0,1,0,0,2,0,0,0,0,1,0,0,1,0,0,0,0,2,3,0,0,0,0,1,1,0,0,1,1,1,0,0,0,0,0,0,2,0,0,1,1,2,1,1,0,1,1,1,1,0,0,0,1,0,0,0,1,2,1,0,0,0,2,2,0,0,0,0,0,1,0,1,1,1,1,0,0,1,0,0,1,0,1,0,0,2,0,0,0,0,0,0,0,0,1,0,0,3,2,0,1,1,0,1,1,1,0,0,0,1,0,2,0,2,0,0,0,0,0,3,0,0,2,0,3,2,1,0,0,0,0,1,0,1,0,0,0,0,2,1,0,0,0,1,1,2,1,0,0,1,1,0,1,1,1,0,0,0,0,1,2,1,1,0,0,0,0,1,0,0,2,3,1,0,0,0,2,0,0,0,0,0,0,0,0,0,1,1,0,1,0,0,1,0,0,0,0,0,0,1,2,0,0,3,0,1,1,1,0,0,0,1,0,3,0,0,0,0,0,0,0,1,0,2,1,0,0,0,0,0,0,3,0,0,2,2,0,1,0,1,3,1,1,0,1,0,0,0,1,0,1,0,1,1,0,1,0,1,2,0,1,1,0,0,1,0,0,0,0,0,0,0,0,3,0,0,1,0,1,2,2,2,0,0,1,0,1,0,0,1,2,1,0,2,0,1,0,0,0,0,0,1,0,1,0,0,0,0,1,0,2,0,0,1,1,0,1,1,3,1,1,1,1,0,1,0,0,1,1,0,1,0,0,2,0,0,1,1,0,2,2,1,1,1,0,0,0,1,0,0,0,2,0,0,0,2,1,0,0,2,0,0,0,1,0,0,1,2,0,0,1,0,0,0,0,0,1,2,3,0,0,0,1,1,0,1,0,0,0,2,0,2,1,4,4,0,2,0
HLA.DOA,0,0,0,0,0,0,0,0,0,0,0,0,0,0,0,0,0,0,0,0,0,0,0,0,0,0,0,0,0,0,0,0,0,1,0,0,0,0,0,1,0,0,0,0,0,1,1,0,0,0,0,0,0,0,0,0,0,0,0,0,2,0,0,0,0,0,0,0,0,0,0,1,0,0,0,0,0,0,0,0,0,0,1,0,0,0,0,0,0,0,1,0,0,0,0,0,0,1,0,0,0,0,0,0,0,0,0,0,0,0,0,0,0,0,0,0,0,0,0,0,0,0,0,0,0,0,0,0,0,0,0,0,0,1,0,0,0,0,0,0,0,0,0,0,0,0,0,0,0,0,0,0,0,0,0,0,0,0,0,0,0,0,0,0,0,0,0,0,0,0,0,0,0,0,0,0,0,0,0,0,0,0,0,1,0,0,0,1,0,0,0,0,0,1,0,1,1,0,0,0,0,1,0,0,0,0,0,1,0,0,0,0,0,0,0,0,0,0,0,0,0,0,0,1,0,0,0,0,1,0,0,0,0,0,0,0,0,0,0,0,0,0,0,0,0,0,0,0,0,0,0,0,0,1,0,0,0,0,0,0,0,0,0,0,0,0,0,0,0,0,0,2,0,0,0,0,1,1,0,0,0,0,0,0,0,1,0,0,0,0,0,0,0,0,0,0,0,0,0,0,0,0,0,0,0,0,0,0,0,0,0,0,0,0,0,0,0,0,1,0,0,0,0,0,0,0,0,0,0,0,0,0,0,1,0,0,0,0,0,0,0,0,0,0,0,0,0,0,0,0,0,0,0,0,0,0,0,0,0,0,0,2,0,0,0,0,0,0,0,0,0,0,0,0,0,2,0,0,0,0,0,0,0,0,0,0,0,0,0,0,0,1,0,0,0,0,0,0,0,0,0,0,0,0,0,0,0,1,0,0,0,0,0,0,0,0,0,0,0,0,0,0,0,0,0,0,0,0,0,0,0,0,0,0,0,0,0,0,0,1,0,0,1,0,0,1,0,0,0,0,0,0,0,0,0,0,0,0,0,0,0,1,0,1,0,0,0,0,0,0,0,0,0,0,0,0,0,0,0,0,1,0,0,0,0,0,0,0,0,0,0,0,0,1,0,0,0,0,0,0,0,0,0,0,0,0,0,1,0,0,0,0,0,0,0,0,0,0,0,0,0,0,0,0,0,0,0,0,0,0,0,0,0,0,0,0,0,1,0,0,0,0,0,0,0,0,0,0,0,0,0,2,0,0,0,0,0,0,0,0,0,0,0,0,0,0,0,0,0,0,0,0,0,0,0,0,0,0,0,0,0,0,0,0,0,0,0,0,0,0,0,1,0,0,0,0,0,1,0,0,0,0,0,0,0,0,0,0,0,0,0,0,0,0,0,0,0,0,0,1,0,0,0,0,0,0,0,0,0,0,0,0,0,0,0,0,0,0,0,0,0,0,0,0,0,0,0,0,0,0,0,0,0,0,0,0,0,0,0,0,0,1,0,0,0,0,0,0,0,0,0,0,0,0,0,0,0,0,0,0,0,1,0,0,0,0,0,0,0,0,0,0,0,0,0,0,0,0,0,0,0,0,0,0,0,0,0,0,0,0,0,0,1,0,0,0,0,0,0,0,0,0,0,0,0,0,0,0,0,0,0,0,1,0,0,0,1,0,0,0,1,0,0,0,0,0,0,0,0,0,0,0,0,0,0,0,0,1,0,0,0,0,0,0,0,0,0,0,0,0,0,0,0,0,0,0,0,0,0,0,0,0,0,0,0,0,0,0,0,0,0,0,0,0,0,0,0,0,0,0,0,0,0,0,0,0,0,0,1,0,0,0,0,0,0,0,0,0,0,0,0,2,1,1,0,0,0,0,1,0,0,0,0,0,0,0,0,0,0,0,0,0,0,0,0,3,0,0,0,0,0,0,0,0,0,0,0,0,0,0,0,0,0,0,0,0,0,0,0,0,0,0,0,0,0,0,0,0,0,0,0,0,0,0,0,0,0,0,0,0,0,1,0,0,0,0,0,0,0,0,0,0,0,0,0,0,0,0,1,0,0,0,0,0,0,0,0,0,0,1,0,1,0,0,0,0,0,0,0,0,0,0,0,2,1,0,0,0,0,0,0,0,0,0,1,0,0,0,0,0,0,0,0,0,0,0,0,0,0,0,0,0,0,0,0,0,0,0,0,0,0,2,0,0,0,0,0,0,0,0,0,0,0,0,0,0,0,0,0,0,0,0,0,0,0,0,0,0,0,0,0,0,0,0,0,0,0,0,0,0,0,0,0,0,0,0,0,0,0,0,1,0,0,0,0,0,0,0,0,0,0,1,1,0,0,0,0,0,0,0,0,0,0,0,0,0,0,0,0,0,0,0,0,0,0,0,0,0,0,0,0,0,0,0,0,0,0,0,0,0,0,0,0,0,0,0,0,0,0,0,0,0,0,0,0,0,0,0,0,0,0,0,0,3,0,0,0,0,0,0,0,0,0,0,0,0,0,0,0,0,0,0,1,0,2,0,0,0,0,0,0,0,0,0,0,0,0,0,0,0,0,0,0,0,0,0,1,0,0,0,0,0,0,0,0,3,0,0,0,0,0,0,0,2,0,0,0,0,0,0,0,1,0,0,0,0,0,0,0,0,0,0,0,0,1,0,0,0,1,0,0,0,0,0,0,0,0,0,0,0,0,0,0,0,0,0,0,0,1,0,0,0,0,0,0,0,0,0,0,0,0,0,0,0,0,0,0,0,0,0,0,0,0,0,0,0,0,0,0,0,0,0,0,0,0,2,0,0,0,0,0,0,0,0,0,0,0,0,0,0,0,0,0,0,0,0,0,0,0,0,0,0,0,0,0,0,0,0,0,0,0,0,0,0,0,0,0,1,0,0,0,0,0,0,0,0,0,0,2,0,0,0,0,0,0,1,0,0,0,0,0,0,0,0,0,0,0,0,0,0,0,0,0,0,0,0,0,0,0,1,0,0,0,0,0,0,0,0,0,0,0,0,0,0,0,0,0,0,0,0,0,0,0,0,0,1,0,0,1,0,0,0,0,0,0,1,0,0,0,0,0,0,0,0,0,0,0,0,0,0,0,0,0,0,0,0,0,0,0,0,0,0,0,0,0,0,1,0,0,1,1,0,0,0,0,0,0,0,0,0,0,0,0,0,0,0,0,0,0,0,0,0,0,0,0,0,0,3,0,0,0,0,0,0,0,0,0,0,0,0,0,0,1,0,0,0,0,0,0,0,0,0,0,0,0,0,0,0,0,0,0,0,0,0,0,0,0,1,0,0,0,0,0,0,0,0,0,0,0,0,0,0,0,0,2,0,0,0,0,0,0,0,0,0,0,0,0,0,0,0,1,0,0,0,0,0,0,1,0,0,0,0,0,0,0,1,0,2,0,0,0,0,0,0,0,0,0,0,0,0,0,0,0,0,0,0,0,0,0,0,0,0,0,0,0,0
KIR2DL3,0,0,0,0,0,0,0,0,0,0,0,0,0,0,0,0,0,0,0,0,0,0,0,0,0,0,0,0,0,0,0,0,0,0,0,2,0,0,0,0,0,0,0,0,0,0,0,0,0,0,0,0,0,0,0,0,0,0,0,0,0,0,0,0,0,0,0,0,0,0,0,0,0,0,0,0,0,0,0,0,0,0,0,0,0,0,0,0,0,0,0,0,0,0,0,0,0,0,0,0,0,0,0,0,0,0,0,0,0,0,0,0,0,0,0,0,0,0,0,0,0,0,0,0,0,0,0,0,0,0,0,0,0,0,0,0,0,0,0,0,0,0,0,0,0,1,0,0,0,0,0,0,0,0,0,0,0,0,0,0,0,0,0,0,0,0,0,0,0,0,0,0,0,0,0,0,0,0,0,0,0,0,0,0,0,0,0,0,0,0,0,0,0,0,0,0,0,0,0,0,0,0,0,0,0,0,0,0,0,0,0,0,1,0,0,0,0,0,0,0,0,0,0,0,0,0,0,0,0,0,0,0,0,0,0,0,0,0,0,0,0,0,0,0,0,0,0,0,0,0,0,0,0,0,0,0,0,0,0,0,0,0,0,0,0,0,0,0,0,0,0,0,0,0,0,0,0,0,0,0,0,0,0,0,0,0,0,0,0,0,0,0,0,0,0,0,0,0,0,0,0,0,0,0,0,0,0,0,0,0,0,0,0,0,0,0,0,0,0,0,0,0,0,0,0,0,0,0,0,0,0,0,0,0,0,0,0,0,0,0,0,0,0,0,0,0,0,0,0,0,0,0,0,0,0,0,0,0,0,0,0,0,0,0,3,0,0,0,0,0,0,0,0,0,0,0,0,0,0,0,0,0,0,0,0,0,0,0,0,0,0,0,0,0,0,0,0,0,0,0,0,0,0,0,0,0,0,0,0,0,0,0,0,0,0,0,0,0,0,0,0,0,0,0,0,0,0,0,0,0,0,0,0,0,0,0,0,0,0,0,0,0,0,0,0,0,0,0,0,0,0,0,0,0,0,0,0,0,0,0,0,0,0,0,0,0,0,0,0,0,0,0,0,0,0,0,0,0,0,0,0,0,0,0,0,0,0,0,0,0,0,0,0,0,0,0,0,0,0,1,0,0,0,0,0,0,0,0,0,0,0,0,0,0,0,0,0,0,0,0,0,0,0,0,0,0,0,0,0,0,0,0,0,0,0,0,0,0,0,0,0,0,0,0,0,0,0,0,0,0,0,0,0,0,0,0,0,0,0,0,0,0,0,0,0,0,0,0,0,0,0,2,0,0,0,0,0,0,0,0,0,0,0,0,0,0,0,0,0,0,0,0,1,0,0,0,0,0,0,0,0,0,0,0,0,0,0,1,0,0,0,0,0,0,0,0,0,0,0,0,0,0,0,0,2,2,0,0,0,0,0,0,0,0,0,0,0,0,0,0,0,0,0,0,0,0,0,0,0,0,0,0,0,0,0,0,0,0,0,0,0,0,0,0,0,0,0,0,0,0,0,0,0,0,1,0,0,0,0,0,3,0,0,0,0,0,0,0,0,0,0,0,0,0,0,0,0,0,0,0,0,0,0,0,0,0,0,0,0,0,0,0,0,0,0,0,0,0,0,0,0,0,0,0,0,0,0,0,0,0,0,0,0,0,0,0,0,0,0,0,0,0,0,0,0,0,0,0,0,0,0,0,0,0,0,0,0,0,1,0,0,0,0,0,0,0,0,0,0,0,0,0,0,0,0,0,0,0,0,0,0,0,0,0,0,0,0,0,0,0,0,0,0,0,0,0,0,0,0,0,0,0,0,0,0,0,0,0,0,0,0,0,0,0,0,0,0,0,0,1,0,0,0,0,0,0,0,0,0,0,0,0,0,0,0,0,0,0,0,0,0,0,0,0,0,0,0,0,0,0,0,0,0,0,0,0,0,0,0,0,0,0,0,0,0,0,0,0,0,0,0,0,0,1,0,0,1,0,0,0,0,0,0,0,0,0,0,0,0,0,0,0,0,0,0,0,0,0,0,0,0,0,0,0,0,0,0,0,0,0,0,1,0,0,0,0,0,0,0,0,0,0,0,0,0,0,0,0,0,0,0,0,0,0,0,0,0,0,0,0,0,0,0,0,0,0,0,0,0,0,0,0,0,0,0,0,0,0,0,0,0,0,0,1,0,0,0,0,0,0,0,0,0,0,0,0,0,0,0,0,0,2,0,0,0,0,0,0,0,0,0,0,0,0,0,0,0,0,0,0,0,0,0,0,0,0,0,0,0,0,0,0,0,0,0,0,0,0,0,0,0,0,0,0,0,0,0,0,0,0,0,0,0,0,0,0,0,0,0,0,0,0,0,0,0,0,0,0,0,0,0,0,0,0,0,0,0,0,0,0,0,0,0,0,0,0,0,0,0,0,0,0,0,0,0,0,0,0,0,0,0,0,0,0,0,0,0,0,0,0,0,0,0,0,0,0,0,0,0,0,0,0,0,0,0,0,0,0,0,0,0,0,0,0,0,0,0,0,0,0,0,0,0,0,0,0,1,0,0,0,0,0,0,0,1,0,0,0,0,0,0,0,0,0,0,0,0,0,0,0,0,0,0,0,0,0,0,0,0,0,0,0,0,0,0,0,0,0,0,0,0,0,0,0,0,0,0,0,0,0,0,0,0,0,0,0,0,0,0,0,0,0,0,0,0,0,0,0,0,0,0,0,0,0,0,0,0,0,0,0,0,0,0,0,0,0,0,0,0,0,0,0,0,0,0,0,0,0,0,0,0,0,0,0,0,0,0,0,0,0,0,0,0,0,0,0,0,0,0,0,0,0,0,0,0,0,0,0,0,0,0,0,0,0,0,0,0,0,0,0,0,0,0,0,0,0,0,0,0,0,0,0,0,0,0,0,0,0,0,0,0,0,0,0,0,0,1,0,0,0,0,0,0,0,0,0,0,0,0,0,0,0,0,0,0,0,0,0,0,0,0,0,0,0,0,0,0,0,0,0,0,0,0,0,0,0,0,0,0,0,0,0,0,0,0,0,0,0,0,0,0,0,0,0,0,0,0,3,0,0,0,0,0,0,0,0,0,0,0,0,0,0,0,0,0,0,0,0,0,0,0,0,0,0,0,0,0,0,0,0,0,0,0,0,0,0,0,0,0,0,0,0,0,0,0,0,0,0,0,0,0,0,0,0,0,0,0,0,0,0,0,0,0,0,0,0,0,0,0,0,0,0,0,0,0,0,0,0,0,0,0,0,0,0,0,0,0,0,0,0,0,0,0,0,0,0,0,0,0,0,0,0,0,0,0,0,0,0,0,0,0,0,0,0,0,0,0,0,0,0,0,0,1,0,0,0,0,0,0,0,0,0,0,0,0,0,0,0,0,0,0,0,0,0,0,0,0,0,0,0,0,0,0,0,0,0,0,0,0,0,0,0,0,0,0,0,0,0,0,0,0,0,0,0,0,0
UTRN,0,0,0,0,1,1,0,1,0,0,0,0,0,0,0,1,0,0,2,0,0,0,0,1,0,3,0,0,0,0,0,0,0,0,0,1,0,0,0,0,0,0,1,0,0,0,0,0,0,0,0,0,0,0,0,1,0,0,0,0,0,1,0,1,0,1,0,0,1,1,0,0,0,0,0,1,0,0,0,0,0,0,1,0,0,0,0,0,0,0,1,0,0,1,0,0,0,0,0,0,0,0,1,0,1,0,0,0,3,0,0,0,0,1,0,0,0,0,2,0,0,0,1,0,1,0,0,0,0,0,0,0,1,2,0,0,0,1,1,0,0,0,0,0,1,1,0,0,0,1,0,0,1,0,0,0,0,0,0,0,0,0,1,0,0,1,0,0,0,0,0,0,0,0,0,0,0,0,0,0,0,0,1,0,0,0,0,0,0,0,1,0,0,0,0,0,0,1,0,0,0,0,0,0,0,0,0,1,1,0,0,0,1,1,0,0,0,0,0,0,0,0,0,0,0,0,1,0,0,0,1,0,4,2,0,0,0,1,0,0,0,0,0,0,0,0,0,0,0,0,1,0,0,0,0,0,0,0,0,0,0,0,1,0,0,0,1,1,0,1,0,0,0,0,0,1,0,1,0,0,0,2,0,0,0,0,0,0,1,0,1,0,0,0,1,0,0,0,1,0,0,0,0,0,0,0,0,0,2,1,0,0,0,0,0,0,0,0,0,0,0,1,0,0,0,0,0,0,0,0,0,0,0,0,0,0,0,1,1,0,0,0,0,1,0,0,0,0,0,0,0,0,0,0,1,0,0,0,0,0,1,0,0,1,0,0,0,0,0,1,0,0,1,0,0,0,0,0,0,0,0,0,0,0,0,0,0,1,0,0,0,4,0,2,0,0,0,0,0,1,0,0,1,0,0,0,0,0,0,0,0,0,0,0,0,0,0,0,0,0,1,0,0,0,1,0,0,0,0,0,0,0,0,0,0,0,0,0,0,0,0,0,0,0,0,1,0,0,0,0,0,0,0,0,0,1,0,1,0,0,0,0,0,0,0,0,0,0,0,0,0,0,0,0,0,5,0,0,0,0,0,0,1,1,0,0,0,1,1,0,0,0,0,0,0,1,0,0,0,0,0,0,0,0,0,0,0,0,0,0,0,1,0,0,0,0,0,0,1,2,0,0,0,1,1,0,0,1,0,0,1,0,0,0,0,0,0,3,0,0,0,0,0,0,0,0,0,0,0,0,0,1,0,0,1,0,0,1,0,0,0,0,0,1,0,0,0,2,1,0,0,0,0,1,0,0,0,0,0,0,2,1,0,1,1,1,0,0,0,0,0,0,2,3,0,0,0,0,0,1,0,1,0,0,0,0,0,1,0,1,0,0,0,1,1,1,0,0,0,0,0,0,0,0,0,1,0,0,0,0,0,1,0,0,0,0,0,0,1,1,0,0,1,0,0,0,2,0,0,0,0,0,0,2,0,0,1,0,0,0,0,0,1,0,0,0,0,1,0,1,0,0,0,0,0,0,0,0,0,0,0,0,0,0,1,0,2,1,0,0,0,0,2,1,0,0,0,0,0,1,0,0,1,0,0,1,0,0,0,1,1,0,0,0,1,0,0,0,0,0,1,0,0,0,0,2,0,0,0,1,1,0,0,0,0,0,0,0,0,1,0,0,0,0,0,0,0,0,0,1,0,0,0,0,0,0,0,0,1,0,0,0,0,0,0,0,0,0,0,1,0,0,0,0,0,0,0,0,1,1,0,0,0,1,0,1,0,0,2,0,0,1,0,0,0,0,0,0,0,0,0,1,0,0,0,0,0,0,1,1,1,0,0,0,0,0,0,0,0,1,1,0,0,0,0,1,0,0,0,0,1,0,0,0,0,0,0,3,0,0,0,0,0,0,0,0,0,0,0,0,0,0,0,0,0,0,0,0,0,0,0,0,0,0,0,0,0,0,0,0,0,0,0,0,1,1,0,0,0,0,0,0,0,0,0,0,0,0,0,1,0,0,0,1,0,1,1,0,0,0,1,0,0,0,0,0,0,0,0,0,1,1,0,0,0,0,0,0,0,0,0,0,0,0,0,0,0,0,0,0,0,0,0,1,0,0,0,2,1,0,1,0,0,0,0,0,3,0,0,0,0,0,0,0,0,0,0,0,0,0,0,0,0,2,0,1,0,0,0,0,0,0,0,0,0,0,0,0,0,0,1,1,0,0,1,0,1,0,0,0,0,0,0,0,0,2,0,0,0,0,0,0,1,0,0,0,0,0,0,0,1,0,0,0,0,0,1,1,0,0,0,0,0,0,1,1,0,1,0,0,0,0,0,0,0,0,0,0,1,0,1,0,3,0,0,0,0,0,1,0,0,0,0,0,0,0,1,0,0,0,0,0,0,1,0,1,0,0,1,0,1,0,1,1,0,0,0,0,0,0,1,0,0,0,0,0,0,0,0,0,2,0,0,0,0,0,0,0,0,0,0,0,1,1,1,0,1,0,0,0,1,0,0,0,0,0,1,0,0,0,0,0,1,1,0,0,0,0,0,0,0,0,0,0,0,0,0,1,0,0,0,0,0,0,0,0,0,0,1,0,0,0,0,0,0,0,0,1,0,0,0,0,0,0,0,1,0,0,0,0,0,1,0,1,0,0,1,0,1,2,1,0,0,0,0,0,0,0,0,0,0,0,0,0,0,0,1,1,2,0,0,1,0,0,0,0,0,0,1,0,0,0,2,5,0,0,2,0,0,0,0,0,0,0,1,0,1,0,0,0,1,0,0,0,0,1,0,0,0,0,0,0,0,0,0,0,1,0,0,1,1,0,1,0,0,0,3,0,0,0,0,0,0,0,2,0,0,0,0,0,0,2,0,0,0,0,0,0,1,0,0,0,0,0,0,0,2,0,0,0,0,0,1,0,0,0,1,0,0,0,3,0,0,0,0,1,0,0,0,1,0,1,0,0,1,0,0,0,0,1,0,1,0,0,0,0,1,0,0,0,0,0,0,0,0,0,0,0,0,0,1,0,1,0,0,0,1,0,0,0,0,0,0,0,1,0,2,0,0,0,0,2,0,0,0,0,0,1,0,0,1,0,0,0,0,0,0,0,0,2,2,0,0,0,0,0,0,1,0,1,4,0,0,1,0,0,0,2,0,1,0,0,0,0,1,0,0,0,0,0,0,0,0,0,0,0,0,2,0,0,0,0,1,0,0,0,0,1,1,0,0,0,0,0,0,0,1,0,0,0,1,0,0,1,0,0,0,0,0,0,0,0,1,0,0,0,1,0,0,3,1,0,1,0,1,0,1,0,0,1,0,0,0,0,0,0,0,0,2,0,1,0,0,0,0,0,0,0,1,0,0,0,0,1,0,0,0,1,0,1,0,3,0,0,0,0,0,0,0,0,0,0,0,0,0,1,0,0,0,0,0,0,0,0,1,0,0,1,0,2,0,1,0,0,1,1
CCDC25,0,0,0,0,0,0,0,2,0,0,0,0,0,0,0,0,0,0,0,0,0,0,0,0,0,1,1,0,0,0,0,0,0,0,0,0,0,0,0,0,0,1,0,0,0,0,0,0,0,0,0,0,0,0,0,0,0,0,0,0,2,0,0,0,0,0,0,0,0,0,0,0,0,2,0,0,1,0,0,0,0,0,0,0,0,0,0,0,1,0,0,0,0,0,0,0,2,0,0,2,0,0,0,0,0,0,0,0,0,0,0,0,0,0,1,1,1,0,0,0,0,0,0,0,0,0,0,0,0,0,0,0,0,0,0,0,0,0,0,0,0,0,0,0,0,0,0,0,0,0,0,0,0,0,1,0,0,0,0,0,0,0,0,0,0,0,0,0,1,0,0,0,0,0,0,0,0,1,0,0,0,1,1,0,0,0,0,0,0,1,1,0,0,0,0,2,0,0,0,0,0,0,0,0,0,0,0,0,0,0,1,0,0,0,0,0,0,0,0,0,0,0,0,0,0,0,0,0,0,0,0,0,0,0,0,0,0,0,0,0,0,0,0,0,0,0,0,1,0,0,0,0,0,1,0,0,0,0,0,0,0,0,0,0,0,0,0,0,1,0,0,0,1,0,2,0,0,0,0,0,0,0,0,0,1,0,0,0,2,0,0,0,0,0,0,0,0,0,0,0,0,1,1,0,0,0,1,0,0,0,0,0,0,0,0,0,0,0,0,0,0,0,0,0,0,0,0,0,0,0,0,0,0,0,2,1,0,0,0,0,2,0,0,0,0,0,0,0,1,0,0,1,1,0,0,0,0,0,0,0,0,0,0,0,0,0,0,0,0,0,0,0,0,0,0,0,0,0,0,0,0,0,1,0,0,0,0,0,0,0,0,0,0,0,0,0,0,0,0,0,1,0,0,0,0,0,1,0,0,0,0,0,0,0,0,0,0,0,1,1,0,0,0,0,0,1,0,1,0,0,0,0,0,0,0,0,0,0,0,0,0,0,0,0,0,0,0,0,0,0,1,0,0,0,0,0,0,0,0,0,0,1,0,0,1,0,0,0,0,0,0,0,0,0,0,0,0,0,0,0,0,0,1,0,0,1,0,2,0,0,0,0,0,0,0,0,1,0,0,0,0,0,0,0,0,0,1,0,0,0,0,0,0,0,0,0,0,0,0,0,0,0,0,0,0,0,0,1,0,0,0,0,0,0,0,0,0,0,1,0,0,0,0,0,0,0,0,1,0,1,0,0,0,0,0,0,1,1,1,0,0,0,0,0,0,1,0,0,0,0,0,0,0,2,0,0,0,0,0,0,0,0,1,0,0,0,1,0,0,0,0,0,0,2,0,0,0,0,0,0,1,0,0,0,0,1,0,0,0,0,0,0,0,0,0,0,1,0,1,1,1,0,0,0,0,0,0,0,0,0,0,1,0,0,0,0,1,0,0,0,0,0,1,0,0,0,0,0,0,0,0,0,0,1,0,0,0,0,0,1,2,0,0,0,0,0,0,0,0,0,0,0,0,0,0,0,0,0,0,0,0,0,0,2,0,0,2,0,0,0,0,0,0,0,0,0,0,0,0,0,0,0,0,0,0,0,0,0,0,2,1,0,0,0,0,0,0,1,0,0,2,0,0,0,0,0,0,0,0,0,0,0,0,1,0,0,0,0,0,0,0,0,0,0,0,3,0,0,0,0,0,0,0,0,0,0,0,0,0,0,0,0,0,0,0,0,0,0,0,0,0,0,0,0,0,0,0,0,0,0,0,0,1,0,0,0,0,1,0,0,0,0,0,0,0,0,1,0,0,0,1,0,1,0,0,1,0,0,0,2,0,0,0,0,0,0,0,0,0,0,0,0,1,0,1,0,0,0,0,0,0,1,0,0,1,1,0,0,0,1,0,0,0,0,0,2,0,0,1,0,0,0,0,0,0,0,0,0,0,0,0,0,0,0,0,0,0,0,0,0,0,0,0,0,2,0,1,0,1,0,0,0,0,0,0,0,0,0,1,0,0,0,0,0,0,0,0,0,0,0,1,0,0,0,0,0,0,0,0,0,0,0,0,0,0,0,0,0,0,0,0,0,0,0,0,0,0,0,0,0,0,0,0,0,0,0,0,0,1,0,0,0,0,0,0,0,0,0,0,0,1,0,0,1,0,1,0,0,0,0,0,1,1,0,0,0,0,0,0,0,0,1,0,1,0,1,0,0,0,1,0,1,0,1,0,1,0,0,0,0,1,0,0,0,0,0,0,0,0,0,0,0,0,0,0,0,0,0,0,0,0,0,1,0,1,0,0,0,0,0,0,0,0,0,0,0,0,0,0,0,1,0,0,1,0,0,0,0,0,0,0,0,0,1,0,0,1,0,0,1,0,2,0,0,0,0,0,0,0,0,1,0,0,0,0,1,0,0,0,0,0,0,0,0,0,0,0,0,1,0,0,0,0,0,0,0,0,0,0,0,0,0,0,0,0,0,0,1,0,1,0,0,1,0,0,1,0,0,0,0,0,0,0,0,0,0,0,1,0,1,0,1,0,0,1,0,0,2,0,0,0,0,1,0,0,0,0,1,0,0,1,0,1,0,0,1,0,1,0,0,0,0,0,0,0,0,1,0,0,1,0,0,0,0,0,0,0,1,0,0,0,0,1,1,0,0,0,0,0,0,0,0,0,0,0,0,0,0,0,0,0,0,0,0,0,0,0,0,0,0,0,0,0,0,0,0,0,0,0,0,0,1,0,0,0,0,0,0,0,0,1,0,0,0,0,0,0,0,0,0,0,0,0,0,0,0,0,0,0,1,0,0,0,0,1,0,0,0,0,0,1,0,0,0,0,0,0,0,0,0,1,1,0,0,0,0,0,0,0,0,0,1,1,1,0,0,0,0,0,0,0,1,0,1,0,0,0,0,0,0,0,0,0,0,0,0,0,1,0,0,0,0,0,0,0,0,0,0,0,2,0,0,0,0,0,0,0,0,0,0,0,0,0,0,0,0,0,0,0,0,0,1,0,0,0,0,0,0,2,0,0,0,0,0,0,0,0,0,0,0,0,0,1,0,0,0,0,0,0,0,0,0,0,0,0,0,0,0,0,0,0,0,0,0,0,0,0,0,0,0,1,0,0,0,0,1,0,1,0,0,0,1,0,0,0,0,1,0,0,0,0,0,0,0,0,1,0,0,0,0,0,0,0,0,0,0,0,0,0,1,0,0,0,0,1,0,3,0,0,0,1,0,0,1,0,0,0,0,0,0,0,0,0,0,0,0,0,0,0,0,0,0,0,0,0,0,0,0,0,1,2,0,0,0,0,1,0,0,0,0,0,0,0,0,0,0,0,0,0,0,0,0,0,0,0,0,0,0,0,0,0,0,0,0,0,0,1,0,0,0,0,0,0,0,0,1,0,0,0,0,0,0,0,0,0,1,0,0,0,1,0,0,0,0,0,0,1,0,0,0,0,0,0,0,0,1
TMEM176B,0,0,0,0,0,1,0,0,0,0,0,0,1,0,0,0,0,0,0,0,0,0,0,0,0,0,0,0,0,0,0,0,0,0,0,0,0,0,0,0,0,0,4,0,0,0,0,0,0,0,0,0,1,0,0,0,0,0,0,0,0,0,0,0,0,0,0,0,0,0,0,0,0,0,1,0,0,0,0,0,0,0,0,0,0,0,0,0,0,0,0,0,0,0,0,3,0,0,0,0,0,0,0,0,0,0,0,0,0,0,0,0,0,0,0,0,0,0,0,0,0,0,1,0,0,0,0,0,0,1,0,0,0,0,0,0,0,0,1,0,0,0,0,0,0,0,0,0,0,0,0,0,0,0,0,0,0,0,0,0,0,0,0,0,0,0,0,0,0,0,0,0,0,0,1,0,0,0,3,0,0,0,0,0,0,0,0,0,0,0,3,0,0,0,0,0,0,0,0,0,0,0,0,0,0,0,0,0,0,0,0,0,0,0,0,0,0,0,0,1,0,0,0,0,0,0,0,0,0,0,0,0,0,3,0,0,0,0,0,0,2,0,0,0,0,0,0,1,0,1,0,0,0,0,0,0,0,0,0,0,0,0,0,0,0,0,0,0,0,0,0,1,0,0,0,0,0,0,0,0,0,0,0,0,0,0,0,0,0,0,0,0,0,0,0,0,0,0,0,0,0,0,0,0,0,0,0,0,0,0,0,0,0,0,0,0,0,0,0,0,0,0,2,0,0,0,0,0,0,0,0,0,0,0,0,0,0,0,1,0,1,0,0,0,0,0,0,0,0,0,0,0,0,0,0,0,0,0,0,0,0,0,0,0,0,0,0,0,0,0,0,0,0,0,0,0,0,0,0,0,0,0,0,0,0,0,0,0,0,0,0,4,0,1,0,1,0,0,0,2,0,0,0,0,2,0,0,0,0,0,0,0,0,0,0,0,0,0,0,0,1,0,0,0,0,0,0,0,0,0,0,0,0,0,0,0,0,0,0,0,0,0,0,0,0,0,0,0,0,0,0,0,0,0,0,0,0,0,1,0,0,0,0,0,1,0,0,0,0,0,0,0,0,0,0,0,0,0,0,0,1,0,0,0,0,0,0,0,0,1,0,0,0,0,0,0,0,0,0,0,0,0,0,0,0,0,0,0,0,0,0,0,0,0,0,0,0,0,0,0,0,0,0,0,0,0,0,0,0,0,0,0,0,0,0,0,0,0,0,0,0,0,0,0,0,0,0,0,0,0,0,0,0,0,0,1,0,0,0,0,0,0,0,0,0,0,0,0,0,0,0,0,0,0,0,0,0,0,0,0,0,0,0,1,0,0,0,0,0,0,0,0,0,0,0,0,0,0,0,0,0,0,0,0,0,0,0,0,0,0,3,0,0,0,0,0,0,0,0,1,0,0,0,0,0,0,0,0,0,0,0,0,0,0,0,0,0,0,0,0,0,0,0,0,0,0,0,0,0,0,0,0,0,0,0,0,0,0,0,0,2,0,0,0,0,0,0,0,0,0,0,0,0,0,0,0,0,0,0,0,0,0,0,0,0,0,0,0,0,0,0,0,0,0,0,0,0,0,0,0,0,0,0,0,0,1,0,0,0,0,0,0,0,0,0,0,0,0,0,0,0,0,0,0,0,0,0,0,0,0,0,0,0,0,0,0,0,0,0,0,0,0,0,0,0,0,0,0,0,0,0,0,0,0,0,0,0,0,0,0,0,0,0,0,1,0,0,0,0,0,0,0,0,0,0,0,1,0,0,0,0,0,0,0,0,0,0,0,0,0,0,0,0,0,0,0,0,0,0,0,0,0,0,0,0,0,0,0,0,0,0,0,0,2,0,0,0,0,0,0,0,0,0,0,0,0,0,0,0,0,0,0,0,0,0,0,0,0,0,0,0,2,0,0,0,0,0,0,0,0,0,0,0,0,0,0,0,0,0,0,0,0,0,0,0,0,0,0,0,0,0,0,1,0,0,0,0,0,0,1,0,0,0,0,0,0,0,0,0,0,0,0,0,0,0,0,0,0,0,0,0,0,0,0,0,0,0,0,0,0,1,0,0,0,0,0,0,0,0,0,0,0,6,0,0,0,0,0,0,0,0,0,0,0,0,0,0,0,0,0,0,0,0,0,0,0,0,0,0,0,0,0,0,0,0,0,0,0,0,0,0,0,0,0,0,0,1,0,0,0,0,0,0,0,0,0,0,0,0,0,0,0,0,0,0,0,0,0,0,0,0,0,0,0,0,0,0,0,0,0,0,1,0,0,0,0,0,0,0,0,0,0,0,0,0,0,0,0,1,0,0,0,0,0,0,0,0,0,0,0,0,0,0,0,0,0,0,0,0,0,0,0,0,0,0,0,0,0,0,0,0,0,0,0,0,0,0,0,0,0,0,0,5,1,0,0,0,0,0,0,2,0,0,0,0,0,0,3,0,0,0,0,0,0,0,0,0,0,0,0,0,0,0,0,0,0,0,0,0,0,0,0,0,0,0,0,0,0,0,0,0,0,0,0,0,0,1,0,0,0,0,0,0,0,0,0,0,0,0,0,0,0,0,0,0,0,0,0,0,0,0,0,0,0,0,0,0,0,0,0,1,0,0,0,0,0,0,0,0,0,0,0,0,0,0,0,0,0,0,0,0,0,0,0,0,0,0,0,0,0,0,0,1,0,0,0,0,0,0,0,0,0,0,0,0,0,0,0,0,0,0,0,0,0,0,0,0,0,0,0,0,0,0,4,0,0,1,0,0,0,0,0,0,0,0,0,2,0,0,0,0,1,0,0,0,0,4,0,0,0,0,0,0,0,0,0,0,0,0,0,0,0,1,0,0,0,0,0,0,0,0,0,0,0,0,0,0,0,0,0,0,0,0,0,0,0,4,0,0,0,1,0,0,0,0,0,0,0,0,0,0,0,0,0,0,0,0,0,0,0,0,0,0,0,0,0,0,0,0,0,0,0,0,0,0,0,0,0,0,0,0,0,0,0,0,0,0,0,0,0,0,0,0,0,0,0,0,0,0,0,0,0,0,0,0,0,0,0,0,0,0,0,0,0,0,0,0,0,0,0,0,0,0,0,0,0,0,0,0,0,0,0,0,0,0,0,0,0,0,1,0,0,0,0,0,0,0,0,0,0,4,0,0,0,0,0,0,0,0,0,0,0,0,0,0,0,0,0,0,0,0,0,0,0,0,0,0,0,0,0,0,0,2,0,0,0,0,0,0,0,0,0,0,0,0,0,0,0,0,0,0,0,0,0,0,0,0,0,0,0,0,0,0,0,0,0,0,0,0,0,1,0,0,0,0,0,0,0,0,0,4,0,0,0,0,0,0,0,0,3,0,0,0,0,0,2,0,0,0,0,0,0,0,0,0,0,0,0,1,0,0,0,0,0,0,0,0,0,0,0,0,0,0,0,0,0,0,0,0,0,0,0,0,0,0,0,0,0,0,0,0,1,0,0,0,0
RPL34,46,8,26,18,30,24,33,86,36,34,49,48,51,70,53,54,32,24,31,40,37,64,26,37,33,23,60,37,30,57,91,40,57,41,18,15,76,53,41,30,75,37,40,85,41,38,56,60,71,38,38,64,24,23,32,21,10,55,64,22,68,44,29,17,50,39,45,2,36,66,9,123,61,14,23,17,13,47,17,40,59,27,18,34,19,94,49,50,25,55,63,31,38,33,46,42,18,24,38,72,17,68,35,68,37,37,22,14,39,74,39,76,22,67,59,147,30,64,23,39,26,5,80,21,62,53,25,24,41,32,12,90,19,24,50,36,31,50,44,32,43,41,61,67,83,8,65,46,90,20,47,11,22,37,33,52,16,28,11,17,30,38,63,20,8,31,49,60,50,83,60,9,88,38,46,17,61,41,63,61,37,49,33,21,25,55,56,66,28,43,52,43,32,53,72,51,28,12,2,57,25,33,49,39,56,18,27,67,37,49,37,11,24,4,15,20,56,32,61,41,26,35,39,34,90,6,21,23,90,57,74,23,45,75,29,33,26,35,49,39,35,19,30,8,43,27,35,45,84,32,49,28,19,31,39,54,41,76,22,35,49,12,52,48,61,33,37,16,62,51,14,75,28,11,45,14,37,68,47,61,26,18,90,52,82,74,48,34,68,40,68,68,37,34,17,27,16,43,40,19,56,50,20,68,29,22,43,18,30,66,36,14,22,43,48,18,42,97,50,38,16,6,47,27,24,36,24,108,42,57,57,40,55,18,27,46,40,23,88,40,45,45,35,59,41,44,45,36,38,56,45,44,58,55,10,29,27,121,37,9,36,54,28,23,8,47,99,41,68,69,13,35,15,30,8,95,69,52,43,52,25,14,64,54,37,16,54,74,46,13,56,106,39,35,31,25,55,63,4,29,28,66,22,50,23,73,33,21,33,48,53,56,19,72,64,85,42,39,56,61,61,73,28,8,48,59,29,26,36,24,21,38,54,33,64,33,22,14,54,72,19,85,82,37,50,120,16,50,29,9,30,46,40,28,52,53,25,68,59,34,46,73,51,36,100,45,60,38,43,28,28,58,21,65,60,31,24,39,22,18,35,56,12,45,44,88,24,86,52,41,49,49,40,23,46,24,72,71,23,11,4,25,44,9,55,62,27,67,17,42,11,10,35,34,34,53,18,21,36,25,59,70,64,29,45,35,31,30,56,98,41,82,28,32,92,56,21,64,41,69,136,60,44,9,34,49,44,37,64,52,88,92,32,30,30,37,35,37,42,29,21,57,30,22,39,75,54,52,65,27,55,10,75,27,55,55,35,61,24,33,28,9,41,29,26,51,47,13,29,22,23,43,13,46,66,76,46,27,27,47,47,42,17,21,116,120,43,25,29,37,37,30,12,43,99,60,42,13,31,40,75,52,33,28,14,15,63,21,31,86,39,49,27,15,34,29,28,58,61,37,37,17,57,44,26,18,54,73,61,9,11,27,19,23,30,34,22,39,13,55,35,58,25,15,59,14,28,17,76,33,52,64,23,27,42,55,9,26,71,30,6,67,59,76,14,69,26,62,4,25,44,36,44,17,55,54,28,54,34,21,20,38,36,13,23,31,70,37,34,118,27,30,14,47,37,61,29,37,23,44,73,47,17,76,22,44,28,50,11,41,34,32,22,30,45,75,35,59,13,40,19,39,31,40,66,11,25,40,38,20,16,56,58,69,29,35,37,22,25,84,47,23,28,68,45,33,46,14,53,51,67,39,46,28,2,21,46,36,30,53,19,27,30,55,45,34,12,58,77,61,26,43,32,21,63,32,17,72,15,30,56,17,21,44,38,33,37,34,24,28,43,25,29,16,36,39,38,9,21,8,12,13,74,45,40,93,46,34,37,17,53,17,38,34,44,42,23,70,31,68,25,59,21,35,54,67,28,92,9,71,24,15,12,49,26,27,28,27,68,24,72,56,64,31,67,24,62,25,25,37,59,30,64,21,45,23,16,48,20,32,28,18,34,54,38,59,49,38,36,37,55,31,15,25,17,34,83,78,41,26,28,60,38,100,44,18,26,30,82,34,57,14,49,39,36,48,22,52,69,47,12,82,34,34,27,59,27,55,33,73,24,67,47,32,26,28,50,63,27,15,39,49,46,31,30,60,38,21,60,43,14,55,34,65,19,30,59,39,67,41,39,22,25,5,42,40,32,39,86,22,60,142,22,24,47,48,70,24,34,75,32,28,53,87,38,48,38,51,45,49,41,47,22,21,31,28,22,29,25,39,46,33,109,22,76,28,47,60,10,69,53,17,28,46,56,32,41,40,51,60,21,26,30,62,31,42,38,19,50,63,61,84,30,52,21,67,48,66,29,38,79,16,38,15,51,40,45,30,40,37,59,14,86,25,40,56,35,24,86,46,71,64,24,79,2,21,34,14,18,33,42,116,6,24,44,46,58,37,28,47,69,8,32,51,12,23,17,59,39,23,49,84,35,72,51,10,31,40,28,47,86,37,32,19,18,63,31,40,32,34,35,60,46,77,38,25,35,20,29,44,44,33,34,40,29,44,11,76,29,50,43,13,28,35,18,33,23,83,23,32,39,90,24,9,75,34,20,32,53,26,33,31,18,103,42,31,29,30,52,42,116,58,20,13,57,46,38,41,39,12,66,43,44,83,43,9,18,47,24,101,76,70,42,51,37,53,26,44,21,30,68,74,22,38,48,65,41,28,39,60,36,54,68,53,39,53,30,74,51,34,25,84,8,30,53,33,42,40,46,26,40,54,55,67,31,66,25,22,60,66,18,37,22,27,35,45,44,26,67,36,37,70,52,36,56,19,20,64,64,42,37,71,35,32,39,83,49,41,71,35,82,55,71,39,14,29,37,15,31,49,33,19,13,50,49,39,44,33,27,23,37,76,37,37,38,19,40,49,19,40,23,47,54,38,11,56,9,41,16,36,60,22,39,20,31,51,28,57,62,68,35,17,55,13,93,24,40,70,6,56,43,49,8,47,49,42,31,72,90,52,42,39,52,27,27,72,72,20,56,29,19,41,69,9,38,44,14,67,35,8,41,90,42,25,18,45,71,8,44,35,47,42,36,23,18,42,32,51,18,107,20,19,48,61,78,55,52,28,40,54,7,61,14,54,22,40,56,42,63,63,106,63,39,43,110,32,37,40,35,83,60,24,12,38,20,27,11,48,13,18,48,44,55,22,26,20,19,101,27,30,25,10,60,28,47,38,49,76,19,53,52,39,22,84,72,60,17,28,63,22,55,52,9,78,11,53,34,88,12,18,55,72,94,28,35,32,51,60,37,30,54,31,35,60,78,17,34,15,49,38,39,41,36,44,99,28,69,33,44,67,39,42,19,16,71,35,67,43,28,29,11,50,52,33,36,15,37,50,49,50,30,60,27,34,17,73,16,13,23,26,29,37,33,43,49,40,64,67,34,59,49,24,30,23,49,52,23,84,35,44,42,131,54,11,54,33
CD33,0,0,0,0,0,0,0,0,0,0,0,0,3,0,0,0,0,0,0,0,0,0,0,1,0,0,0,0,0,0,0,0,0,0,0,0,0,0,1,0,0,0,0,0,0,0,0,2,0,0,0,0,0,0,0,0,0,0,0,0,4,0,0,1,0,0,0,0,1,0,0,0,0,0,0,0,0,1,0,1,0,0,0,1,0,0,0,0,0,0,0,0,0,1,0,2,0,0,1,0,0,0,0,0,0,1,0,0,0,0,0,0,0,0,0,0,0,0,0,0,0,0,0,0,1,0,0,0,0,0,0,0,0,0,0,0,0,0,0,0,0,1,0,0,0,0,1,0,0,0,0,0,0,0,0,0,0,0,0,1,0,0,1,0,0,0,0,0,2,3,0,0,0,0,1,0,0,0,1,0,0,0,0,0,0,0,0,0,0,2,1,1,0,0,0,0,0,0,0,0,0,0,0,0,0,0,0,0,0,0,0,0,0,0,0,0,0,0,0,2,0,0,0,0,0,0,0,0,0,0,0,0,0,0,0,0,0,0,0,0,0,0,0,0,0,0,0,1,0,0,0,0,0,0,0,0,0,0,0,0,0,0,0,6,0,0,1,0,0,0,0,2,0,0,0,0,0,2,0,0,0,0,0,0,0,0,0,0,0,0,0,0,2,0,0,0,0,0,1,0,0,0,0,0,0,0,0,0,1,0,0,0,0,0,0,1,0,0,0,0,0,0,0,0,0,0,0,0,0,0,0,1,0,0,0,0,0,0,0,1,0,0,2,0,0,0,0,0,0,3,1,0,1,0,0,0,0,0,0,0,0,0,0,0,0,0,2,0,0,0,0,0,0,0,0,4,0,0,0,1,0,0,0,0,0,0,0,0,0,0,0,0,0,0,0,0,0,0,0,0,3,0,0,0,0,0,0,0,0,0,0,0,1,0,0,1,0,0,0,0,1,0,0,0,1,0,0,0,0,0,0,0,0,1,0,0,0,0,0,2,0,0,4,0,0,4,0,0,0,0,0,0,0,0,1,1,0,0,3,0,0,0,0,0,0,0,0,0,0,1,0,0,0,0,0,1,1,0,0,0,0,0,0,0,0,0,0,0,0,1,0,0,0,0,0,0,0,0,0,0,0,0,0,0,0,0,0,4,0,0,0,0,0,0,0,0,0,0,0,0,0,0,0,1,0,0,0,0,3,0,0,0,0,0,0,3,0,0,0,0,0,0,0,0,0,0,2,0,5,0,0,2,0,0,1,0,0,0,0,0,0,0,0,0,0,0,0,0,0,0,0,0,0,0,0,0,0,0,0,0,0,0,0,0,0,0,0,0,0,0,0,0,0,0,0,0,0,0,0,0,0,0,1,0,0,3,0,0,0,1,0,0,0,0,0,0,0,0,0,0,0,0,0,0,0,0,0,0,0,0,0,0,0,0,0,0,0,0,0,0,1,0,0,0,0,1,0,0,0,0,0,0,0,0,0,0,0,0,0,0,1,0,0,0,0,0,1,0,0,0,0,0,0,0,0,0,0,0,0,0,0,4,0,0,0,0,0,1,0,0,0,0,0,0,0,0,0,0,0,0,0,0,0,0,0,1,0,1,0,0,0,0,0,0,0,0,0,0,0,0,0,0,0,0,0,0,0,0,0,0,0,0,0,0,0,0,1,0,0,0,0,1,0,0,0,0,0,0,0,0,0,0,0,0,0,0,0,0,0,0,0,0,0,0,0,0,0,0,0,0,0,0,0,0,0,0,1,0,0,1,0,0,0,0,0,0,0,0,0,0,0,0,0,0,0,0,0,0,0,0,0,0,0,0,0,0,0,0,0,0,0,0,0,1,0,0,0,0,0,0,0,0,0,0,0,0,0,0,0,1,0,0,0,0,0,0,0,0,0,0,2,1,0,0,0,0,0,0,0,0,0,0,0,0,0,0,0,2,0,0,0,0,0,0,0,0,0,0,0,0,0,0,0,0,0,0,0,0,0,0,0,0,0,2,1,0,0,0,0,0,0,0,0,0,0,1,0,1,1,0,0,0,0,0,0,0,0,0,4,2,1,0,0,0,0,0,0,0,0,0,0,4,0,0,0,1,0,0,1,0,0,0,0,0,0,0,0,0,0,0,0,0,0,0,0,0,0,0,0,0,0,0,0,0,0,0,0,0,0,2,0,0,0,0,0,0,0,0,0,0,0,2,0,0,0,0,0,0,1,0,0,0,0,4,0,0,0,0,0,0,0,0,0,0,0,0,0,0,0,0,0,0,0,0,0,0,0,0,0,0,1,0,3,0,0,0,0,0,3,0,0,0,0,0,0,0,0,0,0,0,2,1,0,0,0,2,0,0,0,0,0,0,0,1,0,0,0,0,0,0,0,0,0,0,0,0,1,0,0,0,0,0,0,0,0,0,1,0,0,0,1,0,0,2,0,0,0,0,3,0,0,0,0,0,0,0,1,0,0,0,0,0,0,2,0,0,0,0,1,0,0,0,0,0,0,0,0,0,0,0,0,0,0,0,0,0,0,0,0,0,0,0,1,0,0,0,0,0,0,0,0,0,0,0,0,1,0,0,0,0,0,0,0,0,0,0,0,0,0,0,0,0,0,1,0,0,0,0,0,0,0,0,0,0,0,0,0,0,0,0,0,0,0,0,0,0,0,0,0,4,0,0,1,0,0,0,0,0,0,3,0,0,0,0,0,0,0,0,0,0,0,0,0,0,0,0,0,0,0,0,0,0,0,0,0,0,1,0,0,0,0,0,0,0,0,0,0,0,0,0,0,0,0,0,0,0,1,0,0,0,0,0,0,0,0,0,0,1,0,0,0,0,0,0,0,0,0,0,0,0,0,0,2,2,0,0,0,0,0,0,0,0,0,0,0,0,1,0,0,0,0,0,0,0,0,1,0,0,0,1,0,0,0,0,0,0,0,0,2,0,0,0,0,0,0,0,0,0,0,0,0,0,0,0,0,0,0,0,0,0,0,2,0,0,0,0,0,0,0,0,0,0,0,0,0,0,0,0,0,0,1,0,0,0,0,0,0,0,2,0,0,0,0,0,0,0,0,0,0,0,0,1,0,1,1,3,0,0,0,0,0,1,0,0,4,0,1,0,0,0,0,0,0,0,0,0,0,0,0,0,0,0,0,0,1,0,0,0,0,0,0,0,0,0,0,1,0,0,0,0,0,0,0,0,0,0,0,2,0,0,0,0,0,0,0,0,0,0,0,0,0,0,0,0,0,0,0,0,1,1,0,0,0,0,0,0,0,0,0,1,0,0,0,0,0,1,0,0,0,0,0,0,0,0,0,0,0,0,0,0,0,0,0,0,6,0,0,0,0,3,0,0,0,0,0,0,1,1,1,0,0,0,0,0,0,1,0,0,2,0,0,0,0,0,0,0,0,0,0,0,0,1,0,0,0,0,0,0,0,0,0,0,0,0,2,0,0,3,0,0,0,0,0,0,0,0
RAB3D,0,0,0,0,0,0,0,0,0,0,1,0,0,0,0,0,0,0,0,0,0,0,0,0,0,0,0,0,0,0,0,0,0,0,0,0,0,0,0,0,0,0,0,0,0,0,0,0,0,0,0,0,0,0,0,0,0,0,0,0,0,0,0,0,0,0,0,0,0,0,0,1,0,0,0,0,0,2,0,0,0,0,1,0,0,0,0,0,0,0,0,0,0,0,0,0,0,0,0,0,0,0,0,0,0,0,0,0,1,0,0,0,0,0,0,0,0,0,0,0,0,0,0,0,0,0,0,0,0,0,0,0,0,0,0,0,0,0,0,0,0,0,0,0,0,0,0,0,0,0,0,0,0,0,0,0,0,0,0,1,0,0,0,0,1,0,0,0,0,0,0,0,0,0,0,0,0,1,0,0,0,0,0,0,0,0,0,0,0,0,0,0,0,0,0,0,0,0,0,0,0,0,0,0,0,0,1,0,0,0,0,0,0,0,0,0,0,0,0,0,0,0,0,0,0,0,0,1,0,0,0,0,1,0,0,0,0,0,0,0,0,0,0,0,0,0,0,0,1,0,0,0,0,0,0,0,0,0,0,0,0,0,1,0,0,0,0,0,0,0,0,0,1,0,0,0,0,1,0,0,0,0,0,0,0,0,0,0,0,0,0,0,0,0,0,0,0,0,0,0,0,0,0,0,0,0,0,0,0,0,0,0,0,0,0,0,0,0,0,0,0,0,0,0,0,0,0,0,0,0,0,0,0,0,0,0,0,0,0,0,1,1,2,0,0,0,0,1,0,0,0,0,0,0,0,0,0,0,1,0,0,0,0,0,0,0,0,0,0,0,0,0,0,0,0,0,0,0,0,1,0,0,0,0,0,0,0,0,0,0,0,1,0,0,0,1,1,0,0,0,0,0,0,0,0,1,0,0,0,0,0,0,0,0,0,0,0,0,0,0,0,1,0,1,1,0,0,0,0,0,0,0,0,0,0,0,1,0,0,0,0,0,0,0,0,0,0,0,0,0,0,0,0,0,1,0,0,0,0,0,0,0,0,0,0,0,0,0,0,0,0,0,0,0,0,0,0,0,0,0,0,0,0,0,0,0,0,0,0,0,0,0,0,0,0,0,0,0,0,0,0,1,0,0,0,0,0,0,0,0,0,0,0,0,0,0,0,0,0,0,0,0,0,0,0,0,0,0,0,0,0,0,0,0,0,0,1,0,0,0,1,0,0,0,0,0,0,0,0,0,0,0,0,0,0,1,0,0,0,0,0,0,0,0,0,0,0,0,0,0,0,0,0,0,0,0,0,0,0,0,0,0,0,0,0,0,0,0,0,0,0,0,0,0,0,0,0,0,0,0,0,0,0,0,0,0,0,0,0,0,1,0,0,1,0,0,0,0,0,0,0,0,0,0,0,0,0,0,0,0,0,0,0,0,0,0,0,0,0,0,0,0,0,0,0,0,0,0,0,0,0,0,0,1,0,0,0,0,0,0,0,0,0,0,0,0,0,0,0,0,0,0,1,0,0,0,0,0,0,0,0,0,0,0,0,0,0,0,0,0,0,0,0,0,0,0,0,0,0,0,0,0,0,0,0,0,0,0,0,0,0,0,0,0,0,0,0,0,0,0,0,0,0,0,0,0,0,0,0,0,0,0,0,0,0,0,1,0,0,0,0,0,0,0,0,0,0,0,0,0,0,0,0,0,0,0,0,1,0,0,0,1,0,0,0,0,0,0,0,0,0,0,1,0,0,0,0,0,0,0,2,0,0,0,1,0,0,0,0,0,0,1,0,0,0,0,0,0,0,0,0,0,1,0,0,0,0,0,0,0,1,0,0,1,0,0,0,0,0,0,0,0,0,0,0,0,1,0,0,0,0,0,0,0,0,0,0,0,0,0,0,2,0,0,0,0,0,0,0,0,0,1,0,0,0,0,0,0,0,0,0,0,0,0,0,0,0,1,0,0,0,0,0,0,0,0,0,0,0,0,0,0,0,0,0,0,0,0,0,0,0,0,0,0,0,0,0,1,0,0,0,0,0,0,0,0,0,0,0,0,0,0,0,0,0,0,0,0,0,0,0,0,0,0,0,1,0,0,0,0,0,0,0,0,0,0,0,0,0,0,0,0,0,0,0,0,0,0,0,0,0,0,0,0,0,0,0,0,0,0,0,0,0,0,1,0,0,0,0,0,0,0,1,0,0,0,0,0,1,0,0,0,0,0,0,0,0,0,0,0,0,0,0,0,0,0,0,0,0,0,0,0,0,0,0,0,0,0,0,0,0,0,0,0,0,0,0,0,0,0,0,0,0,0,0,0,0,0,0,0,0,0,0,0,0,0,1,1,0,0,0,0,0,0,0,0,0,0,0,0,0,0,0,0,0,0,1,0,0,0,0,0,0,2,0,0,1,0,0,0,0,0,0,0,0,0,0,1,0,1,0,0,0,0,0,0,1,0,0,0,1,0,0,0,0,0,0,0,0,0,0,0,0,0,0,0,0,0,0,0,0,0,0,0,0,0,0,1,0,0,0,0,1,0,0,0,0,0,1,0,0,0,0,0,0,0,0,0,0,0,0,0,0,0,0,0,0,0,0,0,0,0,0,0,0,0,0,0,0,0,0,0,0,0,0,0,0,0,0,0,0,0,0,0,0,0,1,0,0,0,0,0,0,0,0,0,0,0,0,1,0,0,0,0,0,0,0,0,0,0,0,0,0,0,0,0,0,0,0,0,0,0,0,0,0,0,2,1,0,0,0,0,0,0,0,0,0,1,0,0,0,1,0,0,0,0,1,0,0,0,0,0,0,0,0,0,0,0,1,0,0,0,0,0,0,0,0,0,0,0,0,0,1,0,0,0,1,0,0,0,0,0,0,0,0,0,1,0,0,1,1,0,0,0,0,0,0,0,0,0,0,0,0,0,0,0,1,0,0,0,0,0,0,0,0,0,1,0,0,0,0,0,0,0,0,0,0,0,0,0,0,1,0,0,0,0,0,0,0,0,0,0,0,1,0,0,0,0,0,0,0,0,0,0,0,0,0,0,0,0,0,0,0,0,1,0,0,0,0,0,0,0,0,0,0,0,0,0,0,0,0,0,0,0,1,0,0,0,0,0,0,0,0,0,0,0,0,0,0,0,1,0,0,0,0,0,0,0,0,0,0,0,0,0,0,0,0,0,0,0,0,1,0,0,1,0,0,0,0,0,0,0,0,0,0,0,0,0,0,0,0,0,0,0,0,0,0,0,1,0,0,0,0,0,0,0,0,0,0,0,0,0,0,0,0,0,0,0,0,0,0,0,0,0,0,0,0,3,0,0,1,0,0,0,0,0,0,0,0,0,0,0,0,0,0,0,0,0,1,0,0,0,0,0,0,0,0,0,0,0,0,0,0,0,0,0,0,0,0,0,0,0,0,0,0,0,0,0,0,0,0,0,0,0,1,0,0,0,0,0,0,0,0,0,0,0
MEG3,0,0,0,0,0,0,0,0,0,0,0,0,0,0,0,0,0,0,0,0,0,0,0,0,0,0,0,0,0,0,0,0,0,0,0,0,0,0,0,0,0,0,0,0,0,0,0,0,0,0,0,0,0,0,0,0,0,0,0,0,0,0,0,0,0,0,0,0,0,0,0,0,0,0,0,0,0,0,0,0,0,0,0,0,0,0,0,0,0,0,0,0,0,0,0,0,0,0,0,0,0,0,0,0,0,0,0,0,0,0,0,0,0,0,0,0,0,0,0,0,0,0,0,0,0,0,0,0,0,0,0,0,0,0,0,0,0,0,0,0,0,0,0,0,0,0,0,0,0,0,0,0,0,0,0,0,0,0,0,0,0,0,0,0,0,0,0,0,0,0,0,0,0,0,0,0,0,0,0,0,0,0,0,0,0,0,0,0,0,0,0,0,0,0,0,0,0,0,0,0,0,0,0,0,0,0,0,0,0,0,0,0,0,0,0,0,0,0,0,0,0,0,0,0,0,0,0,0,0,0,0,0,0,0,0,0,0,0,0,0,0,0,0,0,0,0,0,0,0,0,0,0,0,0,0,0,0,0,0,0,0,0,0,0,0,0,0,0,0,0,0,0,0,0,0,0,0,0,0,0,0,0,0,0,1,0,0,0,0,0,0,0,0,0,0,0,0,0,0,0,0,0,0,0,0,0,0,0,2,0,0,0,0,0,0,0,0,0,0,0,0,0,0,0,0,0,0,0,0,0,0,0,0,0,0,0,0,0,0,0,0,0,0,0,0,0,0,0,0,0,0,0,10,0,0,0,0,0,0,0,0,0,0,0,0,0,0,0,0,0,0,0,0,0,0,0,0,0,0,0,0,0,0,0,0,0,0,0,0,0,0,1,0,0,0,0,0,0,0,0,0,0,0,0,0,0,0,0,0,0,0,0,0,0,0,0,0,0,0,0,0,0,0,0,0,0,0,0,0,0,0,0,0,0,0,0,0,0,0,0,0,0,0,0,0,0,0,0,0,0,0,0,0,0,0,0,0,0,0,0,0,0,0,0,0,0,0,0,0,0,0,0,0,0,0,9,0,0,0,0,0,0,0,0,0,0,0,0,0,0,0,0,0,0,0,0,0,0,0,0,0,0,0,0,0,0,0,0,0,0,0,0,0,0,0,0,0,0,0,0,0,0,0,0,0,0,0,0,0,0,0,0,0,0,0,0,0,0,0,0,0,0,0,0,0,0,0,0,0,0,0,0,0,0,0,0,0,0,0,0,0,0,0,0,0,0,0,0,0,0,0,0,0,0,0,0,0,0,0,1,0,0,0,0,0,0,0,0,0,0,0,0,0,0,0,0,0,0,0,0,0,0,0,0,0,0,0,0,0,0,0,0,0,0,0,0,0,0,0,0,0,0,0,0,0,0,0,0,0,0,0,0,0,0,0,0,0,0,0,0,0,0,0,0,0,0,0,0,0,0,0,0,0,0,0,0,0,0,0,0,0,0,0,0,0,0,0,0,0,0,0,0,0,0,0,0,0,0,0,0,1,0,0,0,0,0,0,0,0,0,0,0,0,0,0,0,0,0,0,0,0,0,0,0,0,0,0,0,0,0,0,0,0,0,0,0,0,0,0,0,0,0,0,0,0,0,0,0,0,0,0,0,0,0,0,0,0,0,0,0,0,0,0,0,0,0,0,0,0,0,0,0,0,0,0,0,0,0,0,0,0,0,0,0,0,0,0,0,0,0,0,0,0,0,0,0,0,0,0,0,0,0,0,0,0,0,0,0,0,0,0,0,0,0,0,0,0,0,0,0,0,0,0,0,0,0,0,0,0,0,0,0,0,0,0,0,0,0,0,0,0,0,0,0,0,0,0,0,0,0,0,0,0,0,0,0,0,0,0,0,0,0,0,0,0,0,0,0,0,0,0,0,0,0,0,0,0,0,0,0,0,0,0,0,0,0,0,0,0,0,0,0,0,0,0,0,0,0,0,0,0,0,0,0,0,0,0,0,0,0,0,0,0,0,0,0,0,0,0,0,0,0,0,0,0,0,0,0,0,0,0,0,0,0,0,0,0,0,0,0,0,0,0,0,0,0,0,0,0,0,0,0,0,0,0,0,0,0,0,0,0,0,0,0,0,0,0,0,0,0,0,0,0,0,0,0,0,0,0,0,0,0,0,0,0,0,0,0,0,0,0,0,0,0,0,0,0,0,0,0,0,0,0,0,0,0,0,0,0,0,0,0,0,0,0,0,0,0,0,0,0,0,0,0,0,0,0,0,0,0,0,0,0,0,0,0,0,0,0,0,0,0,0,0,0,0,0,0,0,0,0,0,0,0,0,0,0,0,0,0,0,0,0,0,0,0,0,0,0,0,0,0,0,0,0,0,0,0,0,0,0,0,0,0,0,0,0,0,0,0,0,0,0,0,0,0,0,0,0,0,0,0,0,0,0,0,0,0,0,0,0,0,0,0,0,0,0,0,0,0,0,0,0,0,0,0,0,0,0,0,0,0,0,0,0,0,0,0,0,0,0,0,0,0,0,0,0,0,0,0,0,0,0,0,0,0,0,0,0,0,0,0,0,0,0,0,0,0,0,0,0,0,0,0,0,0,0,0,0,0,0,0,0,0,0,0,0,0,0,0,0,0,0,0,0,0,0,0,0,0,0,0,0,0,0,0,0,0,0,0,0,0,0,0,0,0,0,0,0,0,0,0,0,0,0,0,0,0,0,0,0,0,0,0,0,0,0,0,0,0,0,0,0,0,0,0,0,0,0,0,0,0,0,0,0,0,0,0,0,0,0,0,0,0,0,0,0,0,0,0,0,0,0,0,0,0,0,0,0,0,1,0,0,0,0,0,0,0,0,0,0,0,0,0,0,0,0,0,0,0,0,0,0,0,0,0,0,0,0,0,0,0,0,0,0,0,0,0,0,0,1,0,0,0,0,0,0,0,0,0,0,0,0,0,0,0,0,0,0,0,0,0,0,0,0,0,0,0,0,0,0,0,0,0,0,0,0,0,0,0,0,0,0,0,0,0,0,0,0,0,0,0,0,0,0,0,0,0,0,1,0,0,0,0,0,0,0,0,0,0,0,0,0,0,0,0,0,0,0,0,0,0,0,0,0,0,0,0,0,0,1,0,0,0,0,0,0,0,0,0,0,0,0,0,0,0,0,0,0,0,0,0,0,0,0,0,0,0,0,0,0,0,0,0,0,0,0,0,0,0,0,0,0,0,0,0,0,0,0,0,0,0,0,0,0,0,0,0,0,0,0,0,0,0,0,0,0,0,0,0,0,0,0,0,0,0,0,0,0,0,0,0,0,0,0,0,0,0,0,0,0,0,0,0,0,0,0,0,0,0,0,0,0,0,0,0,0,0,0,0,0,1,0,0,0,0,0,0,0,0,0,0,0,0,0,0,0,0,0,0,0,0,0,0,0,0,0,0,0,0,0,0,0,0,0,0
TMEM205,0,0,0,0,0,0,0,1,0,1,1,0,2,0,0,1,1,0,1,0,0,0,1,0,0,0,0,0,0,1,0,0,1,1,0,0,0,0,0,0,0,0,0,0,0,0,0,0,0,0,0,0,0,0,0,0,0,0,0,0,1,0,0,0,0,0,0,0,1,0,0,1,0,0,0,0,0,0,1,1,0,0,0,1,0,0,0,0,1,0,3,0,1,0,0,2,0,0,2,0,0,0,0,0,1,0,0,0,0,0,0,0,0,0,0,0,0,0,0,0,1,0,0,0,0,0,0,0,0,0,0,0,0,0,0,0,0,0,1,0,0,0,0,0,0,0,1,0,0,0,0,0,0,0,0,0,0,0,0,0,0,0,1,0,0,0,0,0,2,0,1,0,0,0,0,0,0,0,1,0,0,0,0,0,0,0,0,0,0,0,0,0,0,0,0,0,0,0,0,1,1,0,0,0,0,0,0,0,0,0,0,1,0,0,0,0,0,0,1,0,1,0,0,0,0,0,0,0,0,0,0,0,0,2,4,0,0,0,0,0,0,0,0,0,0,0,0,0,1,0,2,0,0,0,0,0,0,0,0,1,0,0,0,2,0,0,0,0,0,0,0,0,0,1,0,0,1,0,0,0,1,0,1,0,0,0,0,1,0,0,0,0,0,0,0,0,0,0,0,0,0,0,0,0,0,0,0,1,1,0,0,0,0,0,0,0,0,0,0,1,0,0,0,0,0,0,1,0,0,0,0,1,0,0,0,0,0,0,0,0,0,0,0,0,0,0,0,0,0,0,1,0,0,0,0,0,0,0,1,0,0,0,0,0,0,0,1,0,0,0,0,1,0,1,0,1,0,0,0,0,0,0,0,0,0,0,0,1,0,0,1,0,1,1,0,0,0,0,0,0,0,0,0,0,2,0,0,0,0,0,0,0,0,1,0,1,0,0,0,0,0,0,0,0,1,0,0,0,0,1,0,0,0,0,0,0,0,0,0,1,0,0,0,0,0,0,1,0,0,0,0,0,1,0,0,0,0,0,1,1,0,0,0,0,0,0,0,0,0,0,0,0,0,0,0,0,1,0,0,0,1,0,0,1,0,0,1,1,0,1,0,0,0,0,0,1,0,0,0,0,0,1,0,0,0,0,0,1,0,0,0,0,0,0,1,0,0,0,0,0,0,0,0,1,0,1,0,0,0,0,1,0,1,0,0,0,0,0,0,0,0,0,0,0,0,0,1,0,0,0,0,0,1,0,1,1,0,1,0,0,0,0,1,0,0,0,0,0,0,0,0,0,0,0,2,0,0,0,0,0,0,0,0,0,0,0,0,0,0,1,0,0,0,0,0,0,1,0,0,0,0,1,0,1,0,0,0,0,0,0,0,1,0,0,0,0,0,0,4,1,0,0,0,0,0,0,0,0,0,0,0,0,0,1,0,0,0,0,1,2,0,0,0,0,0,0,2,0,0,0,0,0,0,0,0,1,0,0,0,2,0,0,0,0,1,0,0,0,0,0,0,0,0,0,1,0,0,1,0,0,0,1,0,0,0,0,0,0,0,0,0,0,0,1,0,0,0,0,0,1,0,1,3,0,1,0,0,0,0,0,0,0,0,0,0,0,0,0,0,0,0,0,0,1,0,0,0,0,0,0,0,1,0,0,0,0,0,0,1,0,0,0,0,1,0,0,0,0,0,0,0,0,0,0,1,0,0,0,0,0,0,0,0,0,0,0,0,0,0,0,0,0,0,0,0,0,0,0,1,0,0,0,0,0,0,0,0,0,0,0,0,0,0,1,0,0,0,0,0,0,0,1,0,0,0,0,0,0,0,0,0,1,0,0,0,0,0,0,0,0,0,0,0,0,0,0,0,0,1,0,0,0,0,0,0,0,0,0,0,0,0,0,0,0,0,0,0,1,0,0,1,0,0,0,0,0,0,1,0,0,0,0,0,0,0,0,0,0,0,0,1,2,0,0,0,0,0,0,0,1,0,0,0,0,1,0,0,0,0,0,0,0,1,1,1,1,0,0,0,0,0,0,0,0,0,0,0,0,0,1,2,0,0,0,0,0,0,0,0,0,0,0,1,0,3,0,0,0,1,0,0,0,0,0,0,0,0,0,0,0,0,0,1,0,0,1,0,1,0,0,0,0,0,0,0,0,1,0,0,0,0,0,0,0,0,1,0,0,0,0,0,3,1,0,0,0,0,0,0,0,1,0,0,0,0,1,0,0,1,0,0,0,0,0,0,0,0,0,0,0,0,2,0,0,0,0,0,0,1,0,0,0,0,0,0,1,0,0,2,0,0,0,0,0,0,0,0,0,0,1,0,0,0,0,0,0,0,0,0,0,0,0,0,1,0,0,0,0,0,0,0,0,0,0,0,0,0,0,0,0,0,0,1,0,0,0,0,0,0,1,0,0,0,1,0,0,0,0,0,3,1,0,0,1,0,0,0,0,0,0,0,0,1,0,1,1,0,0,0,0,0,1,3,0,0,0,0,0,0,0,0,0,0,0,2,0,0,0,0,0,0,0,1,0,1,1,0,0,0,1,0,0,0,0,1,0,0,1,0,0,0,0,0,0,0,0,0,0,1,0,2,0,0,0,0,0,0,0,0,0,0,0,0,0,0,0,0,0,0,0,0,0,0,1,0,0,1,0,0,1,0,0,0,0,0,0,0,0,1,0,0,0,0,0,1,0,1,0,2,0,0,0,0,1,0,0,0,1,0,0,0,0,0,0,0,0,0,0,0,0,0,0,0,0,0,0,0,0,0,0,0,1,0,0,0,0,1,0,0,0,0,0,0,0,0,0,0,1,4,0,1,0,0,0,0,0,0,0,0,0,0,0,2,0,1,0,0,1,0,0,0,0,0,0,0,0,1,0,0,0,1,0,0,0,0,0,0,0,0,1,0,0,0,0,0,1,0,0,3,1,0,0,0,0,0,0,0,0,0,0,0,0,0,0,0,0,0,0,0,0,0,1,0,0,0,0,0,0,0,2,0,0,0,0,0,0,0,1,0,0,0,0,0,0,0,0,0,0,1,0,0,0,1,0,0,0,0,0,0,0,0,0,1,0,0,2,0,0,0,0,0,0,0,0,0,0,0,0,0,0,1,0,0,0,0,1,0,0,0,3,0,0,0,0,0,0,0,0,0,0,0,0,0,0,0,0,0,0,0,0,0,2,0,0,0,0,0,0,0,0,0,0,0,0,0,0,0,0,0,0,0,0,0,0,0,0,0,0,0,0,0,0,0,0,0,0,0,0,0,0,0,0,1,0,0,0,0,0,0,0,0,0,0,0,0,0,1,0,0,0,1,0,0,0,0,0,0,0,0,1,0,0,0,0,0,0,0,0,0,0,0,0,1,0,0,0,0,0,0,0,0,0,0,0,1,0,0,0,0,0,0,0,0,0,0,0,0,1,0,0,0,0,0,0,1,0,0,0,0,0,0,0,0,0,0,0
KIF2A,1,0,1,0,0,0,0,0,0,0,0,0,0,1,0,1,2,0,0,0,1,0,0,0,0,0,0,0,0,0,1,0,0,1,0,0,1,0,0,0,0,0,0,1,0,0,0,0,0,0,0,0,0,1,2,0,0,0,0,0,0,1,0,0,0,1,0,1,0,0,0,2,0,0,0,0,0,0,0,0,0,0,0,0,0,0,0,0,1,0,0,0,0,0,0,0,0,0,0,2,0,0,0,2,0,0,0,0,0,0,1,0,0,0,0,1,0,0,0,0,0,0,2,0,0,0,0,0,0,0,0,1,1,0,0,0,0,1,0,0,0,1,1,0,0,0,0,0,2,0,0,0,1,0,0,0,0,0,0,0,0,0,0,0,0,1,0,0,0,0,0,0,2,0,0,0,0,0,0,0,0,0,0,0,0,0,0,1,0,0,0,0,0,0,1,0,0,0,1,0,0,0,0,0,0,0,0,0,0,0,0,0,0,0,0,0,0,0,1,0,0,0,0,0,2,0,0,0,0,1,0,0,0,1,0,0,0,0,0,0,0,0,0,0,0,0,1,0,0,0,0,0,1,0,0,0,0,0,0,0,0,0,0,0,0,0,0,1,0,0,0,0,0,0,0,0,0,0,0,1,0,0,0,0,0,0,0,0,1,0,0,0,0,0,0,0,0,0,0,0,0,0,0,0,0,0,0,0,0,0,0,0,0,0,0,0,0,0,0,0,0,1,0,0,0,0,0,1,0,0,0,0,0,0,0,0,1,0,1,1,0,0,1,0,0,0,1,0,0,0,1,0,0,0,0,0,0,0,0,0,1,0,0,0,1,0,2,0,0,1,0,0,0,0,0,0,0,0,0,0,0,0,0,0,0,0,0,0,0,0,3,0,1,0,0,0,0,0,0,1,0,2,0,2,0,0,0,0,0,0,0,0,0,0,0,0,0,0,0,1,0,0,1,0,0,0,0,0,1,0,0,1,0,1,0,0,0,0,0,0,0,0,0,0,0,0,1,0,1,0,0,0,0,0,0,0,0,0,0,0,0,1,0,0,1,0,0,1,0,0,0,0,1,0,0,0,0,0,0,1,0,1,0,0,0,2,2,0,0,0,0,0,0,0,0,1,1,0,0,0,0,0,1,1,0,0,0,0,0,2,0,0,0,0,0,0,0,0,0,0,0,2,0,0,0,0,0,0,0,0,0,0,1,1,0,0,1,0,0,0,2,0,0,1,0,2,0,0,1,0,2,1,0,1,0,0,0,0,0,0,1,0,0,0,0,1,0,0,0,0,0,0,0,1,0,0,1,1,0,1,0,0,0,0,0,0,0,0,0,0,0,0,1,0,2,0,0,0,0,0,0,0,0,0,0,1,0,0,0,0,0,0,0,0,1,0,0,0,0,0,0,0,0,1,0,0,1,0,0,0,0,0,0,0,0,0,0,1,0,0,0,0,1,0,0,0,0,0,0,0,0,0,0,0,0,0,0,0,0,0,0,0,0,0,0,0,0,2,0,1,0,0,0,0,0,0,0,0,0,0,0,0,0,1,0,1,0,0,0,0,1,0,0,0,0,0,0,0,0,0,0,0,1,0,0,0,0,0,0,0,0,0,0,1,0,0,0,1,0,0,0,0,0,0,0,0,0,1,0,0,0,2,0,0,0,0,1,1,0,0,2,0,0,0,1,0,1,1,0,0,0,0,0,0,0,0,0,0,0,0,0,0,0,0,0,0,2,0,0,1,0,1,0,0,0,0,0,0,0,0,0,0,0,0,0,0,1,0,0,1,1,0,0,0,0,0,1,1,0,0,1,0,0,0,2,2,1,0,0,1,0,0,0,0,0,0,1,0,0,0,0,0,1,0,0,0,0,1,0,0,0,0,0,0,0,0,0,0,0,1,0,0,0,0,0,0,0,0,0,0,0,0,0,0,0,0,0,0,0,0,0,0,0,0,0,0,0,0,1,0,0,1,0,0,0,0,0,0,0,0,0,0,0,0,0,1,0,0,0,0,0,1,0,0,0,0,0,1,0,3,0,0,0,0,1,0,0,0,0,0,0,2,0,1,0,0,0,1,0,0,0,0,0,0,0,1,0,1,0,0,0,0,0,0,0,0,0,0,0,0,0,0,0,0,1,0,0,0,0,1,0,0,0,1,1,0,0,0,0,0,0,0,0,0,0,0,0,0,0,0,0,1,2,0,0,0,1,0,0,1,0,1,0,2,1,0,0,0,0,0,0,0,0,0,1,0,0,0,0,0,0,0,0,0,0,0,0,0,0,0,0,1,0,0,0,0,1,0,0,0,0,0,0,0,0,0,0,0,0,0,2,2,0,2,1,0,0,0,0,0,0,1,0,0,0,0,0,0,1,0,1,0,0,0,0,0,0,0,0,0,3,0,0,0,0,0,0,0,0,0,0,0,1,0,1,0,1,0,0,1,0,0,1,0,1,1,0,0,0,0,0,0,1,0,0,0,0,0,0,1,1,0,1,0,0,1,0,1,0,0,0,0,0,1,1,1,0,0,0,0,0,0,0,0,0,0,0,1,0,0,0,0,0,0,1,1,0,1,1,1,0,1,1,1,0,1,0,0,0,0,0,0,0,0,0,1,1,0,1,0,0,0,0,0,0,1,1,0,1,0,0,1,0,1,0,1,0,2,0,0,0,0,0,0,1,0,0,1,0,0,0,0,0,0,1,0,0,0,0,0,0,1,0,0,1,0,0,0,0,0,0,1,0,0,0,0,0,0,0,0,0,0,0,0,0,0,0,0,0,0,0,0,0,0,1,0,0,0,0,1,1,1,0,0,1,1,0,0,0,0,0,0,0,0,0,0,0,0,0,0,0,0,0,0,0,0,1,0,0,1,0,0,0,0,0,0,0,0,0,0,0,0,0,0,0,0,3,1,0,0,0,0,1,0,0,1,0,0,0,0,0,0,0,0,0,1,0,0,0,1,0,1,0,1,0,0,0,0,1,0,1,0,0,0,0,0,0,0,1,0,0,0,0,0,0,0,0,0,1,0,0,0,0,0,1,1,0,0,0,0,0,2,1,3,0,1,0,1,0,0,0,0,1,0,0,0,0,2,0,1,0,0,0,0,0,0,0,0,0,0,0,0,0,0,0,0,0,0,0,0,0,0,0,0,0,0,0,0,0,0,1,0,1,0,0,0,0,1,0,0,0,0,0,0,0,0,0,0,0,0,0,0,0,0,0,1,1,0,1,0,2,0,1,1,0,1,1,0,0,0,0,2,0,1,0,1,0,1,1,0,0,1,1,0,0,0,1,0,0,1,1,0,0,0,1,0,0,0,2,1,0,1,0,0,0,0,1,2,0,0,1,0,0,0,0,0,1,0,0,0,0,0,0,0,0,0,0,0,0,1,0,0,0,1,0,1,0,0,0,0,0,0,0,1,1,1,1,1,0,0,0,0,0,0,0,0,0,2,0,0,0,0,1,0,1,0
DGKZ,0,0,2,0,0,0,0,1,0,0,0,0,1,0,0,0,0,1,0,0,0,0,0,0,0,3,0,0,0,0,1,0,0,0,0,0,1,1,0,0,0,0,1,0,0,0,1,0,1,0,0,1,0,3,0,0,1,0,0,0,2,0,1,0,2,0,0,0,0,2,1,1,0,0,0,0,0,0,0,0,0,0,0,0,0,0,0,0,0,0,0,2,0,0,0,1,0,0,1,1,1,1,0,1,0,0,0,1,0,1,1,0,0,1,0,1,0,0,0,0,0,0,0,0,1,0,1,0,0,0,0,1,0,0,0,1,0,1,0,0,0,0,0,0,0,0,0,1,1,0,0,0,0,0,0,0,2,0,0,0,0,0,0,1,0,1,2,2,0,1,0,1,3,0,1,0,0,2,0,0,0,0,1,0,1,1,1,0,0,0,0,0,1,0,0,0,1,0,0,0,0,0,2,0,0,0,0,0,0,0,0,0,1,0,0,0,1,0,1,0,0,0,2,0,1,0,0,0,0,0,1,1,0,1,0,1,0,0,0,0,1,0,0,0,0,0,0,0,1,0,0,1,0,0,0,2,0,1,0,0,0,1,0,1,0,0,0,0,0,1,1,1,0,0,0,0,0,0,0,0,0,0,0,1,0,0,0,0,0,0,0,0,1,1,2,0,0,0,2,0,0,0,2,0,0,0,0,0,0,2,1,0,2,1,0,0,0,0,0,0,2,2,1,1,0,2,0,0,0,0,0,0,0,0,0,0,1,0,2,0,1,0,0,0,0,0,0,1,1,0,0,0,1,0,0,0,0,0,1,0,0,0,0,1,0,0,1,0,1,1,0,1,1,0,0,0,0,1,1,0,0,0,0,0,0,0,2,0,0,0,1,0,0,0,1,1,0,0,0,0,3,0,1,1,0,0,1,0,0,0,3,0,0,2,1,1,0,0,0,0,0,0,1,0,0,0,0,0,0,0,0,0,1,1,0,0,0,1,0,1,0,1,0,0,0,1,3,2,0,1,0,0,0,0,0,0,1,0,1,0,0,0,1,0,1,0,0,0,0,0,1,0,0,0,2,0,0,1,0,0,1,1,0,1,0,0,0,1,0,0,0,0,1,1,0,1,0,1,0,1,1,0,0,1,0,0,0,0,0,1,0,0,0,2,0,0,3,0,0,0,1,0,0,0,0,0,1,0,0,0,0,0,1,0,0,0,1,1,1,0,0,0,0,1,0,0,0,0,0,0,3,0,0,0,0,0,0,0,0,1,0,0,0,1,0,0,0,0,2,0,1,1,2,1,2,1,0,0,0,1,0,0,1,0,0,0,0,0,0,0,0,0,0,0,0,0,0,0,0,0,2,0,1,0,0,2,0,1,1,0,0,0,0,0,1,0,0,0,0,0,0,0,0,0,1,0,0,0,0,0,0,0,1,0,0,0,1,0,0,0,0,0,1,0,0,0,0,2,0,0,0,0,0,1,0,0,0,0,0,0,1,0,0,0,1,1,0,0,0,0,0,0,0,1,1,0,0,0,0,1,0,0,0,1,1,1,0,0,1,0,1,0,0,0,1,1,0,0,0,2,0,0,0,0,0,0,0,0,1,0,0,0,0,0,0,2,0,0,0,0,1,0,0,0,0,0,0,0,0,1,2,0,0,0,0,0,0,0,0,0,0,0,0,1,0,1,0,1,0,0,0,0,0,1,0,0,0,0,1,0,0,0,0,1,0,0,1,1,1,1,0,1,0,0,0,0,1,0,0,0,0,0,0,0,1,0,1,1,1,0,2,0,0,0,0,0,1,0,0,0,2,0,0,0,0,0,1,0,0,0,0,0,0,0,1,0,0,0,0,0,0,0,2,1,0,0,0,0,0,1,0,1,0,0,1,0,0,0,0,0,0,1,1,0,0,0,1,0,0,0,0,1,0,0,0,0,0,0,0,0,3,1,0,0,0,0,0,1,0,0,0,0,0,0,0,2,2,0,0,0,0,0,0,0,0,1,0,0,0,0,1,0,0,0,0,0,0,0,0,0,0,2,0,0,0,0,0,0,0,0,0,0,0,0,2,0,0,0,0,0,0,0,1,0,0,0,0,0,0,0,0,0,1,0,1,1,0,0,0,2,1,0,1,1,0,0,0,0,0,0,0,1,0,0,0,0,0,1,1,0,0,0,0,1,0,1,0,0,1,0,0,1,0,0,0,0,0,0,0,0,0,1,0,1,1,0,1,1,0,0,0,0,0,1,1,4,0,0,0,0,0,1,0,0,0,0,1,1,0,0,0,3,3,0,0,0,0,0,1,0,0,0,0,1,0,1,2,0,2,0,0,0,0,0,0,0,0,1,0,0,1,1,0,1,0,1,0,2,0,0,0,0,0,0,0,1,0,0,0,0,1,0,1,0,0,0,0,0,2,0,0,0,2,0,1,1,0,0,3,0,0,0,0,0,0,0,0,0,0,0,0,0,1,1,0,1,0,1,0,1,0,0,0,0,0,1,0,0,0,0,0,0,0,0,0,1,0,1,0,1,0,0,0,0,0,0,1,1,0,0,0,0,0,1,0,1,0,0,0,0,2,1,0,0,0,0,0,0,2,0,1,0,0,0,0,1,0,0,0,1,0,0,0,0,0,1,0,0,0,1,0,0,1,0,0,0,0,0,0,0,1,0,0,1,0,0,0,0,0,0,0,0,0,0,0,1,0,0,0,2,2,0,0,0,0,1,0,1,0,0,0,0,0,0,0,0,1,0,0,0,0,0,0,1,0,0,0,0,0,0,0,0,0,0,0,1,1,1,0,1,1,0,1,0,2,0,0,0,0,0,0,1,0,0,0,0,0,0,0,0,0,0,0,0,1,0,0,0,0,0,0,0,1,0,0,0,1,0,0,0,0,0,0,1,2,0,0,0,0,0,0,0,1,0,0,0,2,0,0,0,0,0,0,1,0,0,0,0,0,0,0,1,1,1,0,0,0,0,2,0,1,0,0,0,0,0,0,0,1,0,0,1,0,0,1,0,0,1,1,0,0,0,0,0,0,0,0,1,1,0,0,1,0,1,0,0,0,0,0,0,0,0,0,0,0,1,1,0,0,0,0,0,0,2,1,1,0,0,0,0,1,0,0,0,0,0,1,0,0,0,0,1,1,1,2,0,0,1,0,0,1,0,0,0,0,0,0,0,0,0,0,1,0,0,0,0,0,1,1,0,0,1,1,0,0,0,1,1,0,0,0,1,0,0,0,0,1,0,0,0,0,1,0,1,0,2,0,0,1,0,0,0,0,1,1,0,1,0,1,0,0,1,0,0,1,0,0,0,0,1,0,1,0,0,1,0,0,0,0,4,0,0,0,2,0,1,0,0,0,0,0,1,1,0,0,0,0,0,1,1,0,0,1,1,0,0,0,0,1,0,0,0,1,1,0,1,0,1,0,0,0,0,0,0,0,0,0,1,1,0,1,0,1,0,0,0
RIC3,0,0,0,0,1,0,0,1,0,1,0,0,0,0,0,0,0,0,0,0,0,0,0,0,0,0,1,0,0,1,0,0,1,0,0,0,2,0,0,0,0,0,0,0,0,1,1,0,0,0,0,0,0,0,3,0,0,0,0,0,0,0,0,0,0,0,0,0,0,0,0,0,0,0,0,0,0,0,0,0,0,0,0,0,0,0,0,1,0,0,0,0,0,0,0,0,0,0,0,1,0,0,0,0,0,0,0,0,0,0,0,0,0,0,0,0,0,0,0,0,0,0,0,0,0,0,0,0,0,0,0,1,0,0,0,0,0,0,0,0,0,0,1,1,0,0,0,0,0,1,0,0,1,0,0,0,0,0,0,0,0,0,0,0,0,0,0,0,0,0,1,0,0,0,0,0,0,0,0,1,0,2,0,0,0,0,0,1,0,0,0,0,0,0,0,1,0,0,0,1,0,0,0,0,0,0,1,0,0,0,1,0,0,0,0,0,0,0,0,0,0,0,0,0,0,0,0,0,1,0,0,0,0,0,0,0,0,0,0,0,0,0,0,0,0,1,0,0,0,0,2,0,0,0,0,0,0,0,0,0,0,0,0,0,1,0,0,0,0,0,0,0,0,0,2,0,0,0,0,1,0,0,0,0,0,1,0,0,0,0,0,0,0,0,0,1,1,0,0,0,0,1,0,0,0,0,2,0,0,0,0,0,0,0,0,0,0,1,1,0,0,0,0,0,0,0,0,0,0,0,0,0,0,1,0,0,0,0,0,0,0,0,0,0,0,0,0,0,0,0,0,0,0,0,0,0,0,0,0,0,0,0,1,0,0,0,0,0,0,1,0,0,0,0,0,0,1,1,1,0,0,0,0,0,0,0,0,0,0,0,0,0,0,0,0,0,0,0,0,0,0,0,0,0,0,1,0,0,0,0,0,0,0,0,0,0,1,0,0,0,0,1,0,0,0,0,0,0,1,0,0,0,0,0,0,0,0,0,3,0,0,0,0,0,0,0,0,0,0,0,0,0,0,0,0,1,0,0,0,1,0,1,0,1,0,0,0,0,0,0,0,0,0,0,1,0,0,0,0,0,0,0,0,0,0,2,0,1,0,0,0,0,0,1,0,0,0,0,0,0,0,0,0,0,0,1,0,0,0,0,0,0,0,0,1,0,0,0,0,0,1,2,0,0,0,0,0,1,0,0,0,0,1,0,0,0,0,0,0,0,0,0,0,0,0,0,0,0,0,0,0,0,0,0,0,0,1,0,0,0,0,2,0,0,0,0,1,1,0,0,1,0,0,0,1,0,0,1,0,0,0,0,0,0,1,0,1,0,0,0,0,0,0,0,0,1,0,0,0,0,0,0,0,0,0,0,0,0,0,0,0,0,0,0,2,0,0,0,0,0,1,0,0,0,0,0,0,0,1,1,0,0,0,0,0,0,1,0,1,0,2,0,0,0,0,0,0,0,1,0,0,0,0,0,0,0,0,0,0,0,0,0,0,0,0,0,0,0,0,0,0,1,0,0,0,0,0,0,0,0,0,0,0,0,0,1,0,0,0,0,0,0,1,0,0,0,0,0,0,0,0,0,0,0,0,0,0,2,1,0,1,0,0,0,0,0,0,0,0,0,0,0,0,0,0,1,0,0,0,0,0,0,0,0,0,0,0,1,0,0,0,0,0,0,0,0,0,0,0,0,0,0,1,0,0,1,0,0,0,0,0,0,0,0,0,0,1,0,0,0,0,0,0,0,0,0,0,0,0,1,0,1,0,0,0,0,0,0,1,1,0,0,0,0,0,0,0,0,0,0,0,0,0,0,0,1,0,1,0,0,0,0,0,0,0,0,0,0,0,0,0,0,0,0,0,0,0,1,0,0,0,0,0,0,0,0,0,0,0,1,0,0,0,0,0,0,0,1,0,1,0,0,0,0,1,1,0,0,0,0,0,0,1,0,0,0,1,0,0,0,1,0,0,0,2,0,0,0,0,0,0,0,0,0,0,0,1,0,1,0,0,0,0,0,0,0,1,0,0,0,0,0,0,2,0,0,0,1,0,0,0,0,0,0,0,0,0,0,1,1,0,0,0,0,0,0,1,2,0,0,0,1,0,0,0,0,0,0,0,0,0,0,0,0,0,1,0,0,0,0,0,0,0,0,0,0,1,0,0,0,0,0,0,0,0,0,0,0,0,0,1,1,0,0,1,1,0,0,0,0,1,0,0,0,0,0,0,0,0,0,1,0,0,0,0,0,0,0,0,0,0,0,0,0,1,0,0,1,0,0,1,0,0,0,0,0,2,0,0,1,0,0,0,0,0,1,0,0,1,0,0,0,1,1,0,0,0,0,0,0,0,0,0,0,0,0,0,0,0,0,0,0,1,0,0,0,0,1,0,0,0,0,0,0,0,0,0,0,0,0,0,0,0,0,0,0,0,0,0,0,0,0,0,1,0,0,0,0,0,0,0,0,0,0,1,0,0,0,0,1,1,0,0,0,0,0,0,1,1,0,0,2,0,0,0,0,0,1,0,0,0,0,0,0,0,0,0,0,0,0,0,0,1,0,0,0,0,0,0,0,0,1,0,0,0,0,0,0,0,0,0,0,0,0,0,0,0,0,0,0,0,0,0,0,1,0,0,0,0,0,0,0,0,0,0,0,0,0,0,0,0,0,0,0,0,0,1,0,0,0,0,1,0,1,0,0,0,0,0,0,0,0,0,0,0,0,0,0,0,0,0,0,0,0,0,0,0,1,0,0,0,0,1,0,0,0,0,0,0,0,0,0,0,1,0,0,0,0,0,0,0,0,1,0,0,0,0,0,2,0,0,0,0,0,0,0,0,1,0,0,0,0,0,0,0,0,0,0,0,0,0,0,0,1,0,0,0,0,0,0,0,0,0,1,0,0,0,0,0,0,0,0,0,0,0,0,0,0,0,0,0,0,0,0,0,0,0,0,0,0,0,0,0,0,0,0,1,0,0,0,0,0,0,0,0,0,0,0,1,0,0,0,0,1,0,0,0,0,0,0,0,1,0,0,0,0,0,0,0,0,0,0,0,0,0,0,1,0,0,0,0,0,0,0,0,0,0,0,0,0,0,0,0,0,0,0,2,0,0,0,0,1,0,0,0,0,1,0,1,0,0,0,0,0,0,0,0,0,0,0,0,0,0,0,0,0,0,0,0,0,0,0,0,0,0,0,0,2,0,0,0,0,0,0,0,1,0,0,0,0,1,0,1,0,0,1,0,0,1,0,0,0,0,0,0,0,0,0,0,0,0,0,0,0,0,0,0,0,0,0,0,0,0,2,0,0,0,0,0,0,0,0,0,0,0,0,0,0,1,0,1,0,0,0,0,0,0,0,0,0,0,0,0,0,1,0,0,1,0,0,0,0,0,0,0,1,0,0,0,0,0,2,0,0,0,0,0,0,0,0,0,0,0,0,0,0,0,0,0,1,0,2,0,0,0,0
NINJ1,0,0,0,0,0,1,1,2,0,0,0,0,1,0,0,0,0,0,0,0,0,0,0,0,0,0,0,0,0,0,0,0,0,0,0,0,0,0,0,0,0,0,0,0,0,0,0,1,0,1,0,0,0,0,0,0,0,0,0,0,0,0,1,0,0,1,0,0,0,0,0,0,0,0,1,0,0,0,0,0,0,1,0,0,0,1,0,0,0,1,0,0,0,0,0,0,0,0,2,0,0,0,0,0,0,0,0,0,1,1,0,0,1,0,0,1,1,1,0,0,0,1,0,0,1,0,1,0,2,2,0,0,0,0,0,0,0,0,0,1,0,0,0,0,0,0,1,0,2,0,6,0,0,1,0,0,0,0,0,1,0,1,0,2,0,1,0,0,0,0,1,0,0,0,0,0,0,0,3,0,0,0,0,0,0,0,0,0,0,0,3,0,0,0,0,0,0,0,0,0,0,0,0,0,0,0,0,0,0,0,0,2,0,0,0,0,0,0,0,0,0,0,0,0,2,0,0,0,0,0,0,0,2,1,1,0,0,0,1,0,0,0,0,0,0,0,0,0,0,1,0,0,0,0,0,0,0,0,0,0,0,0,0,1,0,0,0,0,0,0,0,0,0,0,0,1,0,0,6,0,0,0,1,0,0,0,0,0,0,1,1,0,1,0,0,0,1,0,0,0,0,0,0,0,0,0,0,1,1,0,0,0,0,0,0,0,0,0,0,0,0,0,0,0,0,0,1,0,0,1,0,0,0,0,0,0,0,2,0,0,1,0,1,0,0,0,0,0,0,1,1,1,1,0,0,0,0,1,0,1,0,0,0,0,0,0,0,0,0,0,1,1,0,0,0,2,0,1,0,0,0,0,1,0,0,0,0,0,0,0,0,1,0,2,0,0,0,0,1,0,1,0,0,0,0,0,1,0,0,0,0,0,0,0,0,0,0,0,0,0,0,0,1,0,0,0,0,0,1,2,0,1,1,1,0,0,0,0,0,0,0,0,0,0,0,1,0,0,1,0,1,0,2,0,0,1,1,0,1,0,0,0,0,0,3,1,0,0,1,1,0,2,0,0,0,0,0,0,0,0,0,1,0,1,1,0,0,2,0,0,0,1,0,0,0,0,0,0,0,0,1,1,0,0,0,0,0,0,0,0,0,0,0,0,0,0,0,0,0,0,1,0,1,0,0,0,0,0,1,0,1,0,0,0,0,1,0,0,0,0,0,0,0,0,0,0,0,0,0,0,0,1,0,0,1,2,0,1,0,0,0,0,0,0,0,0,1,0,0,0,0,0,0,0,0,1,0,0,0,0,0,0,0,0,0,0,0,0,0,0,1,0,0,4,0,0,0,0,0,0,0,0,0,0,0,1,1,1,0,0,0,0,0,0,1,0,0,0,0,1,0,1,0,0,0,0,0,0,1,1,0,0,0,0,0,0,1,0,0,0,0,0,1,0,0,0,0,1,0,1,0,0,0,0,0,0,0,1,0,0,1,0,0,0,0,0,1,0,0,0,0,0,0,0,1,0,0,0,0,1,0,0,0,0,1,1,0,0,1,1,0,0,0,1,0,0,0,0,0,0,0,0,0,0,0,2,0,0,0,0,0,0,0,0,1,0,0,0,0,0,0,0,0,0,1,0,0,0,0,0,1,0,1,0,0,0,0,0,0,0,0,0,1,0,0,0,0,0,0,0,0,0,0,2,0,0,0,0,1,1,0,0,0,0,0,0,1,0,0,0,0,0,0,0,1,0,0,0,0,1,1,0,0,0,1,2,0,0,1,0,0,0,0,0,2,1,0,0,1,0,0,1,0,0,1,0,0,0,0,0,0,1,1,1,0,0,0,0,0,0,0,0,0,0,0,0,0,0,0,0,0,0,0,2,0,0,1,0,0,0,0,1,0,0,0,0,0,0,0,0,0,0,0,0,0,0,0,1,0,0,0,0,1,0,0,0,0,0,1,0,0,0,0,1,0,0,1,0,0,1,0,0,0,0,0,1,0,0,0,0,0,0,0,0,0,0,0,0,0,0,0,0,0,0,0,0,0,0,0,0,0,0,0,0,0,0,0,0,0,0,0,0,3,0,0,1,0,0,1,2,0,0,0,0,0,0,0,1,0,0,0,1,2,0,0,1,0,0,0,0,0,0,0,0,1,0,0,1,0,1,1,0,0,1,1,1,2,1,1,0,0,0,2,1,0,0,0,1,0,0,1,0,0,0,0,0,0,0,0,0,0,0,0,0,0,0,1,0,0,0,0,0,0,0,1,0,0,0,0,0,1,0,1,0,0,0,0,0,1,0,0,0,0,0,0,0,0,1,0,0,0,0,0,0,0,2,1,0,0,0,0,0,0,0,0,0,0,0,0,0,0,0,1,0,1,0,0,0,0,0,1,0,1,0,1,1,0,0,0,1,1,0,0,1,0,0,0,0,1,2,0,1,0,0,0,0,1,0,0,0,1,0,0,1,0,0,0,0,1,0,1,0,1,1,2,0,0,1,0,1,0,1,0,0,0,0,0,0,0,1,0,0,1,0,0,0,0,0,2,0,0,0,0,0,0,1,0,0,0,0,1,0,0,0,0,0,0,0,0,0,0,1,0,0,0,0,0,0,0,0,0,0,0,0,0,0,0,0,0,1,0,0,0,0,0,0,3,0,0,1,0,0,3,0,0,0,0,0,0,1,0,0,0,1,0,0,1,0,0,0,0,0,0,0,0,0,0,1,0,0,0,0,0,1,0,1,0,0,0,0,0,0,0,0,1,0,0,1,0,0,2,2,0,0,0,0,2,0,0,0,0,0,0,0,0,0,0,0,0,0,1,1,0,0,0,0,0,1,0,0,0,0,0,0,0,0,0,0,0,0,0,0,0,0,0,0,2,0,1,0,2,0,0,0,0,0,0,0,0,0,0,0,0,0,0,0,0,0,0,0,1,0,0,0,0,0,0,0,0,0,0,0,0,0,0,1,0,0,0,0,0,1,1,0,0,0,0,0,0,0,0,0,0,0,0,0,0,0,0,0,2,0,0,1,0,0,1,0,0,0,1,2,0,0,0,1,0,0,0,0,0,0,0,0,1,0,0,0,0,1,2,0,0,0,0,0,0,1,0,0,0,0,0,0,0,0,0,0,0,0,1,0,1,1,0,0,0,0,0,0,0,0,0,0,1,0,0,0,0,0,0,0,0,1,0,0,0,0,0,1,0,0,2,0,0,0,0,0,0,0,0,0,0,0,0,2,0,1,0,0,0,0,0,0,0,1,0,0,0,1,0,1,0,0,0,2,0,0,0,1,0,0,1,1,0,1,0,0,0,0,1,0,0,1,0,1,0,0,0,0,0,0,0,0,0,0,0,0,0,1,1,0,1,0,0,0,0,0,1,0,0,1,0,0,0,0,1,0,1,1,0,0,0,0,0,0,0,0,1,0,1,2,0,0,1,0,0,0,0,0,0,0,2,0,0,0
SCGB3A1,0,0,0,0,0,0,0,0,0,0,0,0,0,0,0,0,0,0,0,0,2,0,0,0,0,0,0,0,0,0,0,0,0,0,0,0,0,1,1,0,0,0,0,0,0,0,0,0,0,1,0,0,0,0,0,0,0,0,0,0,0,0,0,0,0,0,0,0,0,0,0,0,0,0,0,0,0,0,0,0,1,0,0,0,0,0,0,0,0,0,0,0,0,0,1,0,0,0,0,0,0,0,0,0,1,0,0,0,0,0,0,1,0,0,0,1,0,0,0,0,0,0,0,0,0,0,0,0,0,0,0,0,0,0,0,0,0,1,0,0,0,1,0,0,0,0,0,0,0,0,0,0,0,0,0,0,0,0,0,0,0,1,0,0,0,0,0,0,0,0,0,0,0,0,0,0,0,0,0,0,0,0,0,0,0,0,0,0,0,0,0,0,0,0,0,0,0,0,0,0,0,0,0,0,0,0,0,0,0,1,0,0,0,0,0,0,1,0,0,0,0,0,0,0,0,0,0,0,0,0,0,2,0,0,0,0,0,0,0,0,0,0,0,0,0,0,0,0,0,0,0,0,0,0,0,0,0,0,0,0,0,0,0,0,0,0,0,0,0,0,0,0,0,0,1,0,0,0,0,0,0,0,0,1,0,0,0,0,0,0,0,0,0,0,0,0,0,0,0,0,0,0,0,0,0,0,0,0,0,0,0,0,0,0,0,0,0,0,0,0,0,0,0,0,0,0,0,1,0,0,1,0,0,0,0,0,0,0,0,0,0,0,0,1,0,0,0,0,0,0,0,0,0,0,0,0,0,2,1,0,1,0,0,0,0,0,0,0,0,0,0,0,0,0,0,0,0,0,0,0,0,0,0,0,0,0,0,0,0,0,0,0,0,0,0,0,0,2,0,0,0,1,0,0,0,0,0,0,0,0,0,0,0,1,0,0,0,0,2,0,0,0,0,0,2,0,0,0,0,0,0,0,1,0,0,0,0,0,0,0,0,1,1,0,0,0,0,0,0,0,0,0,0,0,0,0,0,0,0,0,0,1,0,0,0,0,0,0,0,0,0,1,0,1,0,1,0,0,0,0,0,0,0,0,0,1,0,0,0,0,0,0,1,0,0,0,0,0,0,1,1,0,0,0,0,0,0,0,0,0,0,0,0,0,0,0,0,0,2,0,1,1,0,0,0,0,0,0,0,0,0,0,0,0,0,0,0,0,0,0,0,0,0,0,0,1,0,0,0,0,0,0,0,0,0,0,0,3,0,0,0,0,0,0,0,0,0,0,0,0,1,0,0,0,0,0,0,0,0,0,0,0,0,0,0,1,0,0,0,0,0,0,0,0,1,0,0,0,0,0,0,0,0,0,0,0,0,0,0,0,0,0,0,0,0,0,0,0,0,0,0,0,0,0,0,0,0,0,0,2,0,1,0,0,0,0,1,1,0,0,0,0,0,0,0,0,0,0,0,0,0,0,0,0,0,0,0,0,0,0,0,0,0,0,0,0,0,0,1,0,0,0,0,0,0,0,0,0,1,1,0,0,1,0,0,0,0,1,1,0,0,0,0,0,0,1,1,1,0,0,0,0,0,0,0,0,1,0,1,0,0,0,0,0,0,1,0,0,0,1,0,0,0,0,0,0,0,0,0,0,0,0,0,0,0,0,0,0,0,0,0,0,0,0,0,0,0,0,0,0,0,0,0,1,0,0,0,0,0,1,0,0,0,1,0,0,0,0,1,0,0,0,1,0,0,0,0,1,0,0,0,0,0,0,0,0,0,0,0,0,0,0,0,0,0,0,0,0,0,0,1,0,0,0,0,1,0,0,0,0,0,0,0,0,0,0,0,0,1,0,0,0,0,0,0,0,1,0,0,0,0,0,0,0,0,0,0,0,0,0,0,0,0,0,0,0,0,3,0,0,0,0,0,0,0,0,0,0,0,0,0,1,0,0,0,0,0,0,0,0,0,0,0,0,0,0,0,0,0,0,0,0,0,0,0,0,0,0,0,0,1,0,0,0,0,0,0,0,1,0,0,1,0,0,0,0,0,0,1,0,0,0,0,0,0,0,0,0,0,0,0,1,0,0,0,0,0,1,0,0,0,0,0,0,0,0,0,0,0,0,0,0,0,0,0,0,0,0,0,0,0,0,0,0,0,0,0,0,1,0,0,0,1,0,0,0,0,0,0,0,0,1,0,0,1,0,0,0,0,0,0,1,0,0,2,0,0,0,0,0,0,0,0,0,0,0,0,0,0,0,0,0,0,0,0,0,0,0,0,0,0,0,0,0,2,0,0,0,0,0,0,0,0,0,0,0,0,0,0,3,0,0,0,0,0,0,0,0,0,0,0,0,0,0,0,1,0,1,0,0,0,0,2,0,0,0,0,0,1,1,1,0,0,0,0,0,0,0,0,0,0,0,0,0,0,0,1,0,0,0,0,0,0,0,0,0,0,0,0,0,0,1,0,1,0,0,0,0,0,0,0,0,0,0,0,0,0,0,0,0,0,0,0,0,0,0,0,0,1,1,1,0,0,0,0,1,1,0,0,0,0,0,0,0,0,0,0,0,1,0,0,0,0,0,0,0,0,1,0,0,0,0,0,0,0,0,0,0,0,0,0,0,0,0,0,0,0,0,0,0,0,0,0,0,0,0,0,0,0,1,0,0,0,0,2,0,0,0,0,0,0,0,0,1,2,0,0,0,0,1,0,0,0,0,0,0,0,0,1,0,0,0,0,0,0,0,0,0,0,0,0,0,0,0,0,0,0,0,0,0,0,0,0,0,0,0,0,0,0,0,0,1,0,0,1,0,0,0,0,0,3,0,0,0,0,0,0,0,1,0,0,0,0,0,0,0,0,0,0,0,0,0,0,0,1,0,0,0,0,0,0,0,0,0,0,0,0,0,0,0,0,1,0,0,0,0,0,0,0,0,1,0,0,0,0,0,0,0,0,0,0,0,0,0,0,0,0,1,0,0,0,0,0,0,0,0,0,0,0,0,0,0,0,0,0,0,0,0,0,0,0,0,0,1,0,0,0,0,0,0,0,0,1,0,0,0,0,0,0,0,0,0,0,0,0,0,0,1,0,1,0,0,0,1,0,1,0,0,0,0,0,1,0,0,0,0,0,0,0,0,0,0,0,0,0,0,0,0,0,0,0,0,0,0,0,0,0,0,0,0,0,1,0,0,0,0,0,0,0,0,0,0,0,0,0,0,0,0,0,0,0,0,0,0,0,0,0,0,0,0,0,2,0,0,0,1,2,0,0,0,0,1,0,0,1,0,0,0,0,0,0,0,0,0,0,0,0,0,1,2,0,0,0,0,0,0,0,0,0,0,0,0,0,0,0,0,0,0,0,0,0,0,0,0,0,0,0,0,0,1,0,1,0,0,0,1,0,0,0,0,0,0,0,0,0,0,2,0,0,0,0,0,0,0,0,0,0,1,0,0,0,0,0,0,0,0
SCT,0,0,0,0,0,0,0,0,0,0,0,0,0,0,0,0,0,0,0,0,0,0,0,0,0,0,0,0,0,0,0,0,0,3,0,0,0,0,0,0,0,0,0,0,0,0,0,0,0,0,0,0,0,0,0,0,0,0,0,0,0,0,0,0,0,0,0,0,0,0,0,0,0,0,0,0,0,0,0,0,0,0,0,0,0,0,0,0,0,0,1,0,0,0,0,0,0,0,0,0,0,0,0,0,0,0,0,0,0,0,0,0,0,0,0,0,0,0,0,0,0,0,0,0,0,0,0,0,0,0,0,0,0,0,0,0,0,0,0,0,0,0,0,0,1,0,0,0,0,0,0,0,0,0,0,0,0,0,0,0,0,0,0,0,0,0,0,0,0,0,0,0,0,0,0,0,0,0,0,0,0,0,0,0,0,0,0,0,0,0,0,0,0,0,0,0,0,0,0,0,0,0,0,0,0,0,0,0,0,0,0,0,0,0,0,0,0,0,1,0,0,0,2,0,0,0,0,0,0,0,0,0,0,0,0,0,0,0,0,0,0,0,0,0,0,0,0,0,0,0,0,0,0,0,0,0,0,0,0,0,0,0,0,0,0,0,0,0,0,0,0,0,0,0,0,0,0,0,0,0,0,0,0,0,0,0,0,0,0,0,0,0,0,0,0,0,0,0,0,0,0,0,0,0,0,0,0,0,0,0,0,0,0,0,0,0,0,0,0,0,0,0,0,0,0,0,0,0,0,0,0,0,0,0,0,0,0,0,0,0,0,0,0,0,0,0,0,0,0,0,0,0,0,0,0,0,0,0,0,0,0,0,0,0,0,0,0,0,0,0,0,0,0,0,0,0,0,0,0,0,0,0,0,0,0,0,0,0,0,0,0,0,0,0,0,0,0,0,0,0,0,0,0,0,0,0,0,0,0,0,0,0,0,0,0,0,0,0,0,0,0,0,0,0,0,0,0,0,0,0,0,0,0,0,0,0,0,0,0,0,0,0,0,0,0,0,0,0,0,0,0,0,0,0,0,0,0,0,0,0,2,0,0,0,0,0,0,0,0,0,0,0,0,0,0,0,0,0,0,0,0,0,0,0,0,0,0,0,0,0,0,0,0,0,0,0,0,0,0,0,0,0,0,0,0,0,0,0,0,0,0,0,0,0,0,0,0,0,0,0,0,1,0,0,0,0,0,0,0,0,0,0,0,0,0,0,0,1,0,0,0,0,0,0,0,0,0,0,0,0,0,0,0,0,0,0,0,0,0,0,0,0,0,0,0,0,0,0,0,0,0,0,0,0,0,0,0,0,0,0,0,0,0,0,0,0,0,0,0,0,0,0,0,0,0,0,0,0,0,0,0,0,0,0,0,0,0,0,0,0,0,0,0,0,0,0,0,0,0,0,0,0,0,0,0,0,0,0,0,0,0,0,0,0,0,0,0,0,0,0,0,0,0,0,0,0,3,0,0,0,0,0,0,0,0,0,0,0,0,0,0,0,0,0,0,0,0,0,0,0,0,0,0,0,0,0,0,0,0,0,0,0,0,0,0,0,0,0,0,0,0,0,0,0,0,0,0,0,0,0,0,0,2,0,0,0,0,0,0,0,0,0,0,0,0,0,0,0,0,0,0,0,0,0,0,0,0,0,0,0,0,0,0,0,0,0,0,0,0,0,0,0,0,0,0,0,0,0,0,0,0,0,0,0,0,0,0,0,0,0,0,0,0,1,0,0,0,0,0,0,0,0,0,0,0,0,0,0,0,0,0,0,0,0,0,0,0,0,0,0,0,0,0,0,0,0,0,0,0,0,0,0,0,0,0,0,0,0,0,0,0,0,0,0,0,0,0,0,0,0,0,0,0,0,0,0,0,0,0,0,0,0,0,0,0,0,0,0,0,0,0,0,0,0,0,0,0,0,0,0,0,0,0,0,0,0,0,0,0,0,0,0,0,0,0,0,0,0,0,0,0,0,0,0,0,0,0,0,0,0,0,0,0,0,0,0,0,0,0,0,0,0,0,0,0,0,0,0,0,0,0,0,0,0,0,0,0,0,0,0,0,0,0,0,0,0,0,0,0,0,0,0,0,0,2,0,0,0,0,0,0,0,0,0,0,0,0,0,0,0,0,0,0,0,0,0,0,0,0,0,0,0,0,0,0,0,0,0,0,0,0,0,0,0,0,0,0,0,0,0,0,0,0,0,0,0,0,0,0,0,0,0,0,0,0,0,0,0,0,0,0,0,0,0,0,0,0,0,0,0,0,0,0,0,0,0,0,0,0,0,0,0,0,0,0,0,0,0,0,0,0,0,0,0,0,0,0,0,0,0,1,0,0,0,0,0,0,0,0,0,0,0,0,0,0,0,0,0,0,0,0,0,0,0,0,0,0,0,0,0,0,0,0,0,0,0,0,0,0,0,0,0,0,0,0,1,0,0,0,0,2,0,0,0,0,0,0,0,0,0,0,0,0,0,0,0,0,0,0,0,0,0,0,0,0,0,0,0,0,0,0,0,0,0,0,0,0,0,0,0,0,0,0,0,0,0,0,0,0,0,0,0,0,0,0,0,0,0,0,0,0,0,0,0,0,0,0,0,3,0,0,0,5,0,0,0,0,0,0,0,0,0,0,0,0,0,0,0,0,0,0,0,0,0,0,0,0,0,0,0,0,0,0,0,0,0,0,0,0,0,0,0,0,0,0,0,0,0,0,0,0,0,0,0,0,0,0,0,0,0,0,0,0,0,0,0,0,0,0,0,0,0,0,0,0,0,0,0,0,0,0,0,0,0,0,6,0,0,0,0,0,0,0,0,0,0,0,0,0,0,0,0,0,0,0,0,0,0,0,0,0,0,0,0,0,0,0,0,0,0,0,0,0,0,0,0,0,0,0,0,0,0,0,0,0,0,0,0,0,0,0,0,0,0,0,0,0,0,0,0,0,0,0,0,0,0,0,0,0,0,0,0,0,0,0,0,0,0,0,0,0,0,0,0,0,0,0,0,0,0,0,0,0,0,0,0,0,0,0,0,0,0,0,0,0,0,0,0,0,0,0,0,0,0,0,0,0,0,0,0,0,0,0,0,0,0,0,0,0,0,0,0,0,0,0,0,0,0,0,0,0,0,0,0,0,0,0,0,0,1,0,0,0,0,0,0,0,0,0,1,0,0,0,0,0,0,0,0,0,5,0,0,0,0,0,0,0,0,0,0,0,0,0,0,0,0,0,0,0,0,0,0,0,0,0,0,0,0,0,0,0,0,0,0,0,0,0,0,0,0,0,0,0,0,0,0,0,0,0,0,0,0,0,0,0,0,0,0,0,0,0,0,0,0,0,0,0,0,0,0,0,0,0,0,0,0,0,0,0,0,0,0,0,0,0,0,0,0,0,0,0,0,0,0,0,0,0,0,0,0,0,0,0,0,0,0,0,0,0,0,0,0,0,0,0,0,0,0,0,0,0,0,0,0,0,0
FCGR2A,0,0,0,0,0,0,1,0,0,0,0,0,0,0,0,1,0,0,2,0,0,0,0,0,0,0,0,0,0,0,0,0,0,0,0,0,0,0,0,0,0,0,0,0,0,0,0,0,0,0,0,0,0,0,0,0,0,0,0,0,0,0,0,0,0,0,0,0,0,0,0,0,0,0,0,0,0,1,1,0,0,0,0,0,0,0,0,0,0,0,0,0,0,1,0,0,0,0,0,0,0,0,1,0,0,0,0,0,1,0,0,0,0,0,0,0,0,0,1,0,0,0,1,0,0,0,0,0,2,0,0,0,0,0,0,0,0,0,1,0,0,0,0,0,0,0,1,0,0,0,1,0,0,0,0,0,0,0,0,0,0,0,0,0,0,0,0,0,3,0,0,0,0,0,0,0,0,0,0,0,0,0,0,0,0,0,0,0,1,1,1,0,0,0,0,0,0,1,0,0,0,0,0,0,0,0,0,1,0,0,0,0,0,0,0,0,0,0,0,0,0,0,0,0,0,0,0,0,0,0,0,0,0,0,0,0,0,0,0,0,0,0,0,0,0,0,0,0,1,0,0,0,0,0,0,0,0,0,0,2,0,0,0,0,0,0,0,0,0,0,0,3,0,2,0,0,0,1,1,0,0,0,0,0,0,0,0,0,0,0,0,0,0,0,0,0,0,0,1,0,0,0,0,0,0,0,0,1,0,0,0,0,0,0,0,0,0,0,0,0,0,0,0,0,0,0,1,0,0,0,0,0,1,0,0,0,0,0,0,0,1,0,0,0,0,0,0,1,0,1,0,0,2,0,0,0,0,0,0,0,0,0,0,0,0,0,0,0,0,0,1,1,0,0,0,0,0,0,0,0,0,0,0,0,0,1,0,0,0,0,0,1,0,0,0,1,0,0,0,0,0,0,0,0,1,0,0,0,0,0,0,0,1,0,0,1,0,0,0,0,0,0,0,0,0,0,0,0,0,0,0,0,0,0,0,0,1,0,0,0,0,0,0,0,0,1,0,0,0,0,0,0,0,0,0,0,0,0,0,0,0,0,0,0,0,0,0,0,1,0,0,0,0,0,0,0,0,0,0,0,0,0,0,0,2,0,0,0,0,1,0,0,0,0,0,0,0,0,0,0,0,0,0,0,0,0,0,0,0,0,0,0,0,0,0,0,0,0,0,0,0,0,0,0,1,2,0,0,1,0,0,0,0,0,0,1,0,0,0,0,1,1,0,0,0,0,0,0,0,0,0,0,0,0,2,1,0,0,0,0,0,0,0,0,0,0,0,0,0,0,0,0,0,0,0,1,0,0,0,0,0,0,0,1,0,0,0,0,0,0,0,0,0,2,0,0,0,0,0,0,0,0,0,0,0,1,0,0,0,0,0,0,0,0,0,0,0,0,1,0,0,0,0,0,0,0,0,0,0,0,0,0,0,0,1,0,0,0,0,0,0,0,0,0,0,0,0,0,0,0,0,0,0,0,0,0,0,0,0,0,0,0,0,0,0,0,0,0,0,0,0,0,0,0,0,0,0,0,0,0,0,0,0,0,0,0,0,0,0,0,0,0,0,0,0,0,0,0,0,0,0,0,0,0,0,0,0,0,0,0,0,0,0,0,0,0,0,0,0,0,0,0,0,0,0,0,0,0,0,0,0,0,0,0,0,0,0,1,0,0,0,0,0,2,0,0,0,0,0,0,0,0,0,0,0,0,0,0,0,0,0,1,0,0,0,0,0,0,0,0,0,0,0,0,0,0,0,0,0,0,0,0,0,0,1,0,0,0,0,0,0,0,0,0,0,0,0,0,0,0,0,0,0,0,0,0,0,0,0,0,0,1,0,1,0,0,0,0,0,0,0,0,0,0,0,0,0,0,0,0,0,0,0,0,0,0,0,0,1,0,0,0,0,0,0,0,0,0,0,0,0,0,0,0,0,0,0,1,0,0,0,0,0,0,0,0,0,1,0,0,0,0,0,0,0,0,0,0,0,0,0,0,0,0,0,0,0,0,0,0,0,0,0,1,1,1,0,0,0,0,0,0,0,0,0,0,0,0,0,0,0,0,0,0,0,0,0,0,0,0,0,0,1,0,0,1,0,0,0,0,0,0,0,0,0,0,0,0,0,0,0,0,0,0,0,0,0,0,0,0,0,0,0,0,0,0,0,0,0,0,0,0,0,0,0,2,0,0,0,0,0,0,0,0,0,0,0,0,1,0,0,0,0,1,0,0,0,0,0,0,0,0,0,0,0,0,0,0,0,0,0,0,0,0,0,0,0,0,0,0,0,0,0,0,0,0,0,0,0,0,0,0,0,0,0,0,0,0,0,0,0,0,0,0,0,0,0,2,0,0,0,0,0,0,0,0,0,0,0,0,0,0,0,0,0,0,1,0,0,0,0,0,2,0,0,0,1,0,0,2,1,0,0,1,0,0,0,0,0,0,0,1,0,0,0,0,0,0,0,0,0,0,0,0,0,1,0,0,0,0,0,0,1,0,1,0,0,0,0,0,0,0,0,0,0,0,0,0,0,0,0,0,0,0,0,0,0,0,2,1,0,0,0,0,0,0,0,0,0,0,0,0,1,0,0,0,0,0,0,0,0,0,0,0,0,0,0,0,0,0,0,0,0,0,0,0,0,0,0,0,0,0,0,0,0,0,0,0,0,0,0,0,1,0,0,0,0,0,0,0,0,0,0,0,0,0,0,0,0,0,0,0,0,0,0,0,0,3,0,1,0,0,0,0,0,0,0,0,0,0,0,0,0,0,0,0,0,1,0,0,1,1,0,0,0,0,2,0,0,0,0,0,0,0,0,0,0,0,0,0,0,0,0,0,0,0,0,0,0,0,0,0,0,1,0,0,1,0,0,0,0,0,0,0,0,0,2,0,0,0,1,0,0,0,0,1,0,0,0,0,0,0,0,0,0,0,0,0,5,0,0,0,0,0,0,0,0,0,0,0,0,0,0,0,0,0,1,0,0,0,0,0,1,1,0,0,0,0,0,0,0,0,0,0,0,0,0,0,0,0,0,0,0,0,0,0,0,0,0,0,0,0,0,0,0,0,0,0,0,0,0,0,0,0,1,1,0,0,0,0,1,0,0,0,1,0,1,0,0,0,0,0,0,0,0,0,0,0,0,0,1,0,0,0,0,1,0,0,0,0,0,0,0,0,0,1,0,0,0,0,0,0,0,0,3,0,0,1,0,0,0,0,1,1,0,0,0,0,0,0,0,0,0,0,0,0,0,0,0,0,0,0,0,0,0,0,0,0,0,1,0,0,0,0,0,0,0,0,0,0,0,0,0,0,0,0,2,0,0,0,1,0,0,2,0,0,0,0,0,0,0,0,0,0,0,0,0,0,1,0,0,0,0,0,0,0,0,0,0,0,0,0,0,0,1,0,0,0,0,2,0,0,0,0,0,0,0,0,0,0,0,0,0,0,0,0,0,0,0,0,0,0,0,0,0,0
IRAK3,0,0,0,0,0,0,0,0,0,0,0,0,0,0,0,1,0,0,1,0,0,0,0,1,0,0,0,0,0,0,0,0,0,0,0,0,0,0,1,0,0,0,1,0,0,0,0,0,0,0,0,0,0,0,0,0,0,0,0,0,0,0,0,0,0,0,0,0,0,0,0,0,0,1,0,0,0,2,0,0,0,0,0,0,0,0,0,0,0,0,0,0,0,0,0,0,0,0,1,0,0,0,0,0,0,0,0,0,0,0,0,0,0,0,0,0,0,0,0,0,0,0,0,0,0,0,0,0,0,0,0,0,0,0,0,0,0,0,0,0,0,0,0,0,0,0,1,0,0,0,0,0,0,0,0,0,0,0,0,1,0,0,0,0,0,0,0,0,0,0,0,0,0,0,3,0,0,0,0,0,0,0,0,0,1,0,0,0,1,0,3,0,0,0,0,0,0,1,0,0,0,0,1,0,0,0,0,0,0,0,0,0,0,0,0,0,0,0,0,1,0,0,0,0,0,0,1,0,0,0,0,0,0,0,0,0,0,0,0,0,1,0,0,0,0,0,0,0,0,0,0,0,0,0,0,0,0,0,0,0,0,0,0,1,0,0,0,0,0,0,0,0,1,0,0,0,0,0,0,0,0,0,0,0,0,0,0,0,0,0,0,0,1,0,0,0,0,0,0,0,0,0,0,0,0,0,0,0,0,0,0,0,0,0,0,0,0,0,0,0,0,0,0,0,0,0,1,0,0,0,0,0,0,0,0,0,0,0,0,0,1,0,0,0,0,0,0,3,0,0,0,0,1,0,0,0,0,0,1,0,0,0,0,0,0,0,0,0,0,0,0,0,0,0,0,0,0,0,0,0,0,0,0,0,0,0,0,0,0,0,0,0,0,0,0,2,0,0,0,1,1,0,0,0,1,0,0,0,0,0,0,0,2,0,0,0,0,0,0,0,1,0,0,0,1,0,0,0,0,0,0,0,0,0,0,0,1,0,0,0,0,0,0,0,0,0,0,0,0,0,0,0,1,0,0,0,0,0,0,0,0,0,0,0,2,0,0,0,0,1,0,0,0,0,0,0,0,0,0,0,0,0,0,0,0,0,0,0,0,0,0,0,0,0,0,1,0,0,0,0,0,0,0,0,0,0,0,0,0,0,0,0,0,0,0,0,0,0,0,0,0,0,0,1,0,0,0,0,0,0,0,0,0,0,0,0,0,0,0,0,0,0,0,0,0,0,0,0,0,0,0,2,0,0,0,0,2,4,0,0,0,0,0,0,0,0,0,1,0,0,0,0,0,0,0,1,0,0,0,0,0,0,0,0,0,0,0,0,0,0,0,0,0,0,0,0,0,0,0,0,0,0,0,0,0,0,0,0,0,0,0,0,0,0,0,0,0,0,0,0,0,0,0,0,0,0,0,0,0,0,0,0,0,0,0,0,0,0,0,0,0,0,0,0,0,0,0,0,0,0,0,0,0,0,0,1,0,0,0,0,0,0,0,0,0,0,0,0,0,0,0,0,0,0,0,0,1,0,0,0,0,0,0,0,0,0,0,0,0,0,0,0,0,0,0,0,0,0,0,2,0,0,0,0,0,1,0,0,0,0,0,0,0,0,0,0,0,0,0,0,0,0,0,0,1,0,0,0,0,0,0,0,0,0,0,0,0,0,1,0,0,0,0,0,0,0,0,0,0,0,0,0,0,0,0,0,0,0,0,0,0,0,0,0,0,0,0,0,0,0,0,0,0,0,0,0,3,0,1,0,0,0,0,0,0,1,0,0,0,0,0,0,0,2,0,0,0,0,0,0,0,0,0,0,0,0,0,0,0,0,0,0,0,1,0,0,3,0,0,0,0,0,1,0,0,0,0,0,0,0,0,0,0,0,0,0,0,0,0,0,0,1,0,0,0,0,0,0,0,0,0,1,0,0,0,0,0,0,0,0,0,0,0,0,0,0,0,1,0,0,0,1,0,0,0,0,0,0,0,0,0,0,0,0,0,0,0,0,0,0,0,0,0,0,0,0,0,0,1,0,0,0,0,0,0,0,0,0,0,0,1,0,0,0,0,0,0,0,0,0,0,0,0,0,0,0,0,0,1,1,0,0,0,0,0,0,0,0,0,0,0,0,0,0,0,0,0,0,0,0,0,0,0,0,0,0,0,0,0,3,0,0,0,0,2,0,0,0,0,0,0,0,0,0,0,0,0,0,1,0,0,0,0,0,0,0,0,0,0,0,0,0,0,0,0,0,0,0,0,0,0,0,0,0,0,0,0,0,0,0,0,0,1,0,0,0,0,0,0,0,0,0,0,0,0,0,0,1,0,0,0,0,0,0,0,0,0,0,1,0,0,0,0,0,0,0,0,0,0,0,0,1,0,0,0,0,0,0,0,0,0,0,0,0,0,0,1,0,0,0,1,0,0,1,0,0,0,0,1,1,0,0,0,0,0,0,1,0,0,1,0,0,0,1,0,0,0,0,1,0,0,0,3,1,0,0,0,0,0,0,0,0,0,0,0,0,0,0,0,0,0,0,0,0,0,1,0,0,0,0,0,0,0,0,0,0,0,0,0,0,0,0,0,0,0,0,0,0,0,0,0,0,0,0,0,0,0,0,0,0,0,1,0,0,0,0,0,0,0,0,1,0,0,0,0,0,0,0,0,1,0,0,0,0,0,0,0,0,2,1,0,0,0,0,1,0,0,0,0,0,0,0,0,0,0,0,0,0,0,0,0,0,0,0,0,0,0,0,0,0,0,0,0,0,0,1,0,0,0,0,0,0,0,0,0,0,0,0,0,0,0,0,0,0,0,0,0,0,0,0,4,0,0,0,0,0,1,0,0,0,0,0,0,2,0,0,1,0,0,0,0,0,0,0,0,0,0,0,0,0,0,0,0,0,0,2,0,0,0,0,0,0,0,0,0,0,0,0,0,0,2,0,0,1,0,0,0,0,0,0,0,0,0,0,0,0,0,0,0,0,0,1,0,0,0,0,0,0,0,2,0,0,0,0,0,0,0,0,0,0,0,0,0,0,0,0,0,0,0,0,0,0,0,0,0,0,0,0,0,0,0,0,0,3,0,0,0,0,0,0,1,0,0,0,0,0,0,0,0,1,0,0,0,0,0,0,0,0,0,0,0,0,0,0,0,0,0,0,0,0,0,0,0,0,0,0,0,0,0,0,0,0,0,0,0,0,0,0,0,0,0,0,0,1,0,0,0,0,0,0,0,0,0,0,0,0,0,0,0,0,0,0,0,0,0,0,0,0,0,0,0,0,0,0,0,0,0,0,0,0,0,0,0,0,0,0,0,0,0,0,0,0,0,0,0,0,0,0,0,0,0,0,0,0,0,1,0,0,1,0,0,0,0,1,0,0,0,0,0,0,0,2,0,0,0,0,0,0,0,0,0,0,0,0,0,0,0,0,0,0,0,1,0,0,1,0,1,0,0,0,0,0,0,0,0,0
LRMP,0,1,0,0,0,0,1,1,2,0,0,0,0,0,0,1,0,0,1,0,1,0,0,0,0,0,0,0,0,2,0,0,2,0,0,0,0,0,1,0,0,0,0,0,0,0,1,0,0,0,1,0,0,0,0,0,1,0,0,1,0,1,0,0,0,0,0,0,1,0,0,0,0,0,0,0,0,0,0,0,0,0,0,0,0,0,0,0,0,0,0,0,0,0,0,0,0,0,0,2,0,0,0,0,0,0,0,1,0,0,0,0,0,0,0,0,0,0,0,0,0,0,1,2,0,0,0,0,0,0,0,0,0,0,0,0,0,0,0,0,0,0,0,1,0,1,0,0,0,0,0,0,0,0,0,0,0,0,1,0,0,0,0,0,0,0,0,1,0,0,0,0,1,0,0,0,0,0,0,0,0,0,0,0,1,0,0,1,0,0,0,1,0,0,0,2,0,1,0,2,0,0,0,0,0,0,0,0,0,0,0,2,1,0,0,0,0,0,0,0,0,0,0,1,0,2,0,0,0,0,0,0,0,0,0,0,0,0,0,0,0,0,0,0,0,0,0,0,0,0,0,1,0,0,0,0,1,0,0,0,0,0,0,0,0,0,0,0,1,0,1,1,1,0,1,0,0,0,0,0,0,0,0,0,0,0,0,0,0,0,1,0,0,0,0,0,0,0,0,0,0,0,0,0,0,0,0,0,1,0,0,0,0,0,1,1,1,0,0,0,0,0,0,1,0,0,1,0,0,0,0,0,0,0,0,0,0,0,0,0,0,0,0,0,0,0,0,0,0,0,0,0,1,1,1,0,0,0,0,0,0,1,0,0,0,0,0,0,0,0,0,0,0,1,0,0,0,1,0,0,0,0,1,0,0,0,0,0,0,0,0,1,0,0,0,0,0,0,0,0,0,0,0,0,0,1,0,0,0,0,0,0,0,0,0,0,0,0,0,0,0,1,0,0,0,0,0,0,0,0,0,0,0,0,0,0,0,0,0,1,0,0,1,0,0,0,0,0,0,0,0,0,0,0,0,0,0,0,0,1,0,1,0,0,0,0,0,0,0,0,1,0,1,0,0,0,0,0,0,0,1,1,0,0,0,0,0,1,0,0,0,0,0,0,0,0,1,0,0,1,0,0,0,0,1,0,0,0,0,0,0,1,0,0,0,0,0,0,0,0,0,0,0,0,0,0,0,0,0,0,1,0,0,0,0,0,0,0,0,0,1,0,0,0,0,0,0,0,0,0,1,1,0,0,0,0,1,0,0,0,0,0,0,0,0,0,0,0,2,0,0,1,0,0,0,0,0,0,0,0,0,0,0,0,0,0,1,0,0,0,0,0,0,0,0,1,1,1,0,0,0,0,0,0,1,0,0,0,1,0,0,0,0,1,0,0,0,0,0,0,0,0,0,0,0,0,1,1,0,1,0,0,0,0,0,0,0,0,0,0,0,0,1,0,0,1,0,0,0,0,0,0,0,0,1,0,0,0,0,1,0,0,0,0,0,0,0,0,0,1,0,0,0,0,0,0,0,0,0,0,1,0,0,0,0,0,1,0,0,0,0,0,0,0,0,0,0,1,0,0,0,0,0,0,0,0,0,0,0,0,0,0,0,0,0,0,0,0,0,1,0,0,0,0,0,0,0,0,0,0,1,0,0,0,0,1,0,1,0,3,0,0,0,0,0,0,0,0,0,0,0,0,0,0,0,1,0,0,0,0,0,0,0,0,0,1,0,0,0,0,0,0,0,0,1,0,0,0,0,0,0,0,0,1,0,0,0,0,0,0,0,1,0,0,1,0,0,0,0,0,0,0,0,0,0,0,0,0,0,0,1,0,0,0,0,0,0,0,0,1,0,0,0,1,0,0,0,0,1,0,0,0,2,0,0,0,0,1,0,1,0,0,0,0,0,0,1,0,0,0,0,0,0,0,0,0,0,1,0,0,1,0,0,0,0,0,0,1,0,0,0,0,0,0,0,0,0,0,0,1,0,0,0,1,1,0,0,0,0,0,0,0,0,0,0,0,1,0,1,0,0,0,0,0,1,0,0,0,1,0,0,0,0,0,0,0,1,0,0,0,0,1,0,0,0,0,0,0,0,0,0,1,0,0,0,1,0,0,0,0,1,0,0,0,0,0,0,0,0,0,0,0,0,0,0,0,0,0,0,0,0,0,0,0,0,0,0,0,0,0,0,0,0,0,0,0,0,0,0,0,0,0,0,0,0,0,1,1,0,0,0,0,0,0,0,0,1,0,0,0,0,0,0,0,0,0,0,0,1,0,0,0,0,0,0,0,1,3,0,0,0,0,0,0,0,0,0,0,0,1,1,0,0,0,0,0,0,1,0,0,0,0,0,0,0,0,0,0,0,0,0,0,1,0,0,0,0,0,0,0,0,0,0,0,1,0,0,0,0,0,1,1,0,0,0,0,0,0,0,0,0,0,0,0,1,0,0,0,0,0,0,0,0,0,0,1,0,0,0,0,0,0,1,0,1,0,1,0,0,0,0,0,0,0,0,0,0,0,0,0,1,0,0,0,1,0,1,0,0,0,0,0,0,0,0,0,0,2,0,0,0,0,0,0,0,1,0,0,1,0,0,1,0,0,0,0,0,0,1,0,1,0,0,0,1,0,3,0,0,0,0,0,0,2,1,0,0,0,0,1,0,0,0,0,1,1,0,0,0,0,0,1,0,0,0,0,1,0,2,0,0,2,0,0,0,0,0,0,0,0,0,0,0,0,0,0,0,0,0,0,0,0,0,0,0,0,0,1,0,1,1,0,0,0,0,0,0,0,1,0,0,1,0,0,0,0,1,0,1,0,0,0,0,0,0,0,1,1,0,0,0,0,0,0,0,0,0,0,0,0,0,0,0,0,0,0,0,0,0,0,0,0,0,0,0,0,0,0,0,0,0,0,0,0,0,1,0,0,1,0,1,0,0,0,0,0,0,0,0,0,0,0,0,0,0,0,0,0,0,1,0,1,0,0,0,0,0,0,0,0,0,0,0,0,1,0,0,0,1,0,0,0,0,0,0,0,0,0,0,0,0,0,0,0,0,0,0,0,0,0,0,0,0,2,0,0,0,0,0,0,0,1,0,0,0,0,1,0,0,0,0,0,0,0,1,0,1,0,0,0,1,0,0,0,0,0,0,0,0,0,0,0,1,0,0,0,0,0,0,0,0,0,1,1,0,0,0,0,0,0,0,0,0,0,0,0,0,0,0,0,0,0,0,0,0,0,0,0,0,0,1,1,0,0,0,0,0,0,0,0,1,0,1,1,0,0,0,0,0,0,0,1,0,0,0,0,0,0,0,0,0,0,0,0,0,0,0,0,0,0,0,0,0,0,0,0,0,0,0,0,0,0,0,0,0,0,0,3,1,0,0,1,1,0,0,1,0,0,0,0,0,0,0,0,0,0,0,0,0,0,0,0,0,0,1,0,1,1,0,0,0,0,0,0,2,0
SLC40A1,0,0,0,0,0,0,0,1,0,0,0,0,0,0,0,0,0,0,0,0,0,0,0,1,0,0,0,0,0,0,0,0,0,0,0,0,0,0,0,0,0,0,1,2,0,0,0,0,1,0,0,0,0,0,1,0,1,0,0,0,0,0,0,0,0,0,0,1,1,0,0,0,0,0,0,0,0,0,0,0,0,0,0,0,0,0,0,0,0,0,0,1,0,0,0,0,0,0,0,0,0,0,0,0,0,0,0,0,0,0,0,0,0,0,0,0,0,0,0,0,0,0,6,0,1,0,0,0,0,0,0,0,0,0,0,0,0,0,0,0,0,0,0,0,0,0,0,0,3,0,0,0,0,0,0,0,0,0,0,0,0,0,0,0,0,0,0,0,0,0,0,0,0,0,0,0,0,0,0,0,0,0,0,0,0,0,0,0,0,0,0,0,0,0,0,0,0,0,1,0,0,0,0,0,0,0,0,0,0,0,0,0,0,0,0,0,0,0,0,0,0,0,0,0,3,0,0,0,0,2,0,0,0,0,0,0,0,0,0,0,0,0,0,0,0,0,0,0,1,0,0,0,0,0,0,0,0,0,0,0,0,0,0,0,0,0,1,0,0,0,0,0,0,0,1,0,0,0,0,0,0,0,0,0,0,0,0,0,0,0,0,0,0,0,0,0,0,0,0,0,0,0,0,0,0,1,0,0,0,0,0,0,0,0,0,0,0,0,0,0,0,0,0,0,0,0,0,0,0,0,0,0,0,0,0,0,0,0,0,0,0,0,0,0,0,1,0,1,0,0,0,0,0,0,0,0,0,0,0,0,0,0,0,0,0,0,0,0,0,0,0,0,0,0,0,0,0,1,0,1,0,0,0,1,0,0,0,0,0,0,1,0,0,0,0,0,0,0,0,0,0,0,0,0,0,0,0,0,0,0,0,0,0,0,0,1,0,0,0,0,0,0,0,0,0,0,0,0,0,0,0,0,0,0,0,0,0,0,0,1,0,0,0,0,0,0,0,0,0,0,0,0,0,0,1,1,0,0,0,0,0,0,0,0,0,0,0,0,0,0,0,1,0,0,0,0,0,0,0,0,0,0,0,0,0,0,0,1,0,0,0,0,0,0,0,0,1,0,0,0,0,0,0,0,0,0,0,1,0,0,0,0,0,0,0,0,0,0,0,0,0,0,0,0,0,0,0,0,0,0,0,0,0,0,0,0,0,0,0,0,4,0,0,0,0,0,0,0,1,0,0,0,0,0,0,0,0,0,0,0,0,0,0,0,0,1,0,0,1,0,0,0,0,1,0,0,0,0,0,0,0,0,0,0,1,0,0,0,0,0,0,0,0,0,0,0,1,0,0,0,0,0,0,0,0,0,0,0,0,1,0,0,0,0,0,0,0,0,2,0,0,0,0,0,0,0,0,0,0,0,0,0,0,0,0,0,0,0,0,0,0,0,0,1,0,0,0,0,0,0,0,0,0,0,0,0,0,0,0,0,0,0,0,0,2,0,0,0,0,0,0,0,0,0,0,0,1,0,0,0,0,1,0,0,1,0,0,0,0,0,0,0,0,0,0,0,0,0,0,0,0,0,0,0,0,0,0,0,0,0,0,0,0,0,1,0,0,0,1,0,0,0,0,1,0,0,0,0,0,0,0,0,0,0,0,0,0,0,0,0,0,0,0,0,0,0,0,0,0,0,0,0,0,0,0,0,0,0,0,0,0,0,0,0,0,0,0,0,0,0,0,0,0,1,0,0,0,0,0,1,0,0,0,0,0,0,0,0,0,0,0,0,0,0,0,0,0,0,0,0,0,0,0,0,0,0,0,0,0,0,0,0,0,0,0,0,0,0,0,0,0,0,0,0,0,0,0,0,0,0,0,0,0,0,0,0,0,0,0,0,0,0,0,0,0,0,0,0,0,0,0,0,0,0,0,0,0,0,0,0,0,0,0,0,0,0,0,0,0,0,0,0,0,0,0,0,0,0,0,0,0,0,0,0,0,0,0,0,0,0,0,0,0,0,0,0,0,1,0,0,0,0,0,0,0,0,0,0,0,0,0,0,0,1,0,0,0,0,0,0,0,0,0,0,0,1,0,0,0,0,0,0,0,0,0,0,0,0,0,0,0,0,0,0,0,0,0,0,0,0,0,0,0,0,0,0,0,0,0,0,0,0,0,0,0,0,0,0,0,0,0,0,0,0,0,0,0,0,0,1,0,0,0,1,0,0,0,0,0,0,0,0,0,0,0,0,0,0,0,0,0,0,0,0,0,0,0,0,0,0,1,0,0,0,0,0,0,0,0,0,0,0,0,0,0,0,1,0,0,0,0,0,0,0,0,0,0,0,0,0,0,0,0,0,0,0,0,0,0,0,0,0,0,0,0,0,0,0,0,0,0,0,0,0,0,0,0,0,0,0,0,0,0,0,0,0,0,0,0,0,0,0,0,0,0,0,0,0,0,0,0,0,0,0,0,0,0,0,0,0,0,0,0,0,0,0,0,0,0,0,0,0,0,0,0,0,0,0,0,0,0,0,0,0,0,0,0,0,0,0,0,0,0,0,0,0,0,0,1,0,0,0,0,0,0,0,0,0,0,0,0,0,0,0,0,0,1,0,0,0,0,0,0,0,0,0,0,0,0,0,0,0,0,0,1,0,0,0,0,0,0,0,0,0,0,0,0,0,0,0,0,0,0,0,0,0,0,0,0,0,0,0,0,0,0,0,0,0,0,0,0,0,0,0,0,0,0,0,0,0,0,0,0,0,0,0,0,0,0,0,0,0,0,0,0,0,0,0,0,0,0,0,0,0,0,0,0,0,0,0,0,0,0,1,0,0,1,0,0,0,0,0,1,0,0,0,0,0,0,0,0,0,0,0,0,0,0,0,0,0,0,0,0,0,0,0,0,0,0,0,0,0,0,0,0,0,0,0,0,0,0,0,0,0,0,0,0,0,0,0,0,0,0,0,0,0,0,0,0,0,0,0,0,2,0,0,0,0,0,0,0,1,0,0,0,1,0,0,0,0,0,0,0,0,0,0,0,0,0,0,0,3,0,0,0,0,0,0,0,1,0,0,0,0,0,0,0,0,0,1,1,0,0,0,1,0,0,0,0,1,0,0,0,0,0,0,0,0,0,0,0,0,0,0,0,0,0,0,0,0,0,0,0,0,0,0,0,1,0,0,0,0,0,0,0,0,0,0,0,0,0,0,0,0,0,0,0,0,0,0,0,0,0,0,1,0,0,0,0,0,0,0,0,0,0,0,0,0,0,0,0,0,0,0,0,0,0,0,0,0,0,0,0,0,0,0,0,0,0,0,0,0,0,0,1,0,0,0,0,1,0,0,0,0,1,0,1,0,0,0,0,0,0,0,0,0,0,0,0,0,0,0,0,0,0,0,1,0,0,0,0,0,0,0,0,0,0,0,0,0,0,1,0,0,0,0,0,0,0,0,0,0,1,0,0,0
LPAR6,0,0,0,0,0,0,0,0,0,0,0,0,0,0,0,0,0,0,1,0,0,0,0,1,0,0,0,0,0,0,0,0,0,0,0,1,0,0,0,0,0,2,0,0,0,0,0,1,0,0,0,0,0,0,0,0,0,0,0,0,0,1,1,0,0,1,0,0,1,0,0,0,0,1,0,0,0,1,0,0,0,2,0,0,0,0,0,0,0,0,0,1,0,0,1,0,0,0,0,0,0,0,2,0,0,0,0,0,0,0,0,0,0,1,0,0,0,0,0,0,1,0,0,0,0,0,0,0,0,1,0,0,0,0,0,1,0,0,1,0,0,0,1,0,0,1,1,0,0,0,0,0,0,0,1,0,0,0,0,1,0,0,0,0,0,1,0,1,0,1,0,0,0,0,0,0,0,0,0,0,0,0,0,0,0,0,0,0,0,2,1,0,0,0,0,0,1,0,0,0,0,0,0,0,0,0,0,0,0,0,0,0,0,0,0,0,0,0,0,0,1,0,0,0,0,0,0,0,1,0,0,0,0,0,0,0,1,0,0,0,0,1,0,0,0,0,0,1,0,0,0,0,0,0,0,1,0,0,0,0,0,0,0,0,1,0,0,0,0,0,0,0,0,0,1,0,0,0,0,1,1,0,0,0,0,0,0,0,0,0,0,0,0,0,0,0,0,0,0,0,0,1,1,0,0,0,0,0,1,0,0,0,0,2,0,0,1,0,0,0,0,0,2,0,1,0,1,0,0,0,1,0,0,0,0,0,0,0,0,1,3,0,0,0,0,0,1,1,0,0,1,0,1,0,1,0,0,0,0,0,0,0,0,0,0,0,1,1,0,2,0,0,0,0,0,0,0,0,0,0,1,0,0,0,0,2,1,0,0,0,0,1,0,0,0,0,0,0,0,1,0,0,0,0,1,0,0,0,0,0,0,0,0,0,0,0,1,0,0,0,0,0,1,0,1,0,0,0,0,0,0,0,0,0,0,0,0,0,0,0,0,0,0,0,2,0,0,0,0,0,1,0,0,0,0,0,0,1,2,0,0,0,0,0,0,0,0,0,0,0,0,0,0,0,0,0,0,0,0,0,1,0,0,0,1,0,0,0,0,0,0,0,0,0,0,0,0,0,0,0,0,0,0,0,0,0,0,0,0,0,0,1,0,0,0,2,0,1,0,0,1,0,0,1,1,0,0,0,0,0,0,0,0,0,0,0,0,0,0,1,0,0,1,0,0,0,0,0,1,0,0,0,0,0,0,0,0,0,0,0,0,0,1,0,0,0,0,0,1,0,0,0,1,1,0,1,0,1,0,0,0,0,0,0,0,0,0,0,0,0,0,0,0,1,0,0,0,0,0,0,0,0,0,0,0,0,0,0,0,0,0,1,0,2,2,0,0,0,0,0,2,0,0,0,0,1,0,0,0,0,0,0,0,0,0,0,0,0,0,0,0,0,0,0,0,0,0,0,1,0,0,1,1,0,0,0,0,0,0,0,1,1,0,0,0,0,1,0,0,0,0,0,0,0,0,1,0,0,0,0,0,0,0,0,0,0,0,2,0,0,0,1,1,0,1,0,0,0,0,0,2,0,0,0,0,0,0,0,0,0,0,0,0,0,0,0,0,0,0,1,0,0,0,1,0,1,0,0,0,0,0,0,0,0,0,0,0,0,0,0,0,0,1,0,0,0,0,0,0,0,0,0,0,0,0,0,0,0,0,0,1,0,0,0,0,1,1,1,0,0,0,0,0,0,0,0,0,1,0,0,1,0,0,0,0,1,0,0,0,1,0,2,0,0,0,0,0,0,0,0,0,0,0,0,0,2,0,0,0,0,2,0,0,0,1,0,1,0,0,1,0,0,0,0,0,0,0,0,0,0,1,0,0,0,0,0,0,0,0,0,1,0,1,1,0,0,0,0,0,1,0,0,0,0,0,0,0,0,0,0,0,0,1,0,0,0,0,0,1,0,0,0,0,0,0,0,0,0,0,0,0,0,1,0,0,0,0,0,0,0,1,0,0,0,0,0,0,0,0,0,0,1,0,0,0,1,0,0,0,0,0,0,0,0,0,0,0,0,0,0,0,0,0,0,0,0,0,0,0,0,0,0,0,0,0,0,1,0,0,0,0,0,0,0,0,0,0,0,0,1,0,1,1,0,0,0,0,0,0,0,0,0,0,0,0,0,1,0,0,1,0,0,0,0,0,0,0,0,0,0,0,0,0,3,1,0,2,1,0,0,0,0,0,0,1,0,0,0,0,0,0,0,0,0,0,0,0,0,0,0,0,0,0,1,0,0,0,0,0,0,0,0,0,0,0,0,1,0,0,0,0,0,0,1,0,0,0,0,0,0,0,0,0,0,0,0,0,0,0,0,1,1,0,1,0,0,0,0,0,1,0,0,0,0,0,0,0,0,0,1,1,0,0,1,0,0,0,0,0,1,0,0,0,0,0,0,1,0,0,0,0,0,0,2,0,0,0,0,0,0,0,0,0,0,0,0,0,0,0,1,1,0,0,1,0,0,0,0,0,0,1,1,1,0,0,0,0,0,0,0,0,0,0,0,0,0,0,0,1,0,0,0,0,0,0,0,0,0,0,1,0,0,0,0,0,1,0,0,0,0,0,1,0,0,0,0,0,0,0,0,0,0,0,0,0,0,0,0,0,0,0,1,1,0,0,0,0,0,0,0,1,0,0,0,0,0,0,0,0,1,0,0,0,0,0,0,0,0,0,0,0,0,0,1,0,0,0,0,0,0,0,0,0,0,0,0,0,0,0,0,0,0,0,0,0,0,0,0,0,0,0,0,0,0,0,0,0,0,0,0,0,0,0,0,0,0,0,0,0,0,0,1,0,0,0,0,0,0,0,0,0,0,0,1,0,0,0,0,0,0,0,0,0,0,0,0,0,0,0,0,0,0,0,0,0,0,0,0,1,0,0,0,0,0,0,0,0,0,0,0,0,0,0,0,0,0,0,0,1,0,0,0,0,1,0,0,0,0,0,0,0,0,0,0,0,1,1,0,0,0,0,0,1,0,0,0,0,0,0,0,0,0,0,0,0,0,0,0,0,0,0,3,0,0,1,0,0,0,1,0,0,0,0,0,0,1,0,0,2,0,0,0,0,0,0,0,0,0,0,0,1,0,0,0,1,0,0,0,0,0,0,0,0,0,1,0,0,1,0,0,0,0,0,0,0,0,0,0,0,0,1,0,0,0,0,0,0,0,0,0,1,1,0,0,1,0,0,0,0,1,0,0,0,0,0,0,0,0,0,1,0,0,0,1,0,0,0,0,0,0,0,0,0,0,0,0,0,0,0,1,1,0,0,1,0,0,2,0,1,2,0,0,1,0,0,0,1,0,1,0,0,0,0,0,1,0,0,0,1,0,0,0,0,0,0,0,0,0,2,1,0,0,0,0,0,0,0,0,1,0,0,0,0,0,0,0,0,0,1,1,0,0,0,0,0,0
IRF2BP2,0,0,0,0,0,3,0,0,0,0,0,1,0,1,0,1,0,0,0,0,0,0,1,1,0,0,0,0,0,0,0,0,0,1,0,0,0,0,0,0,0,0,4,0,0,0,0,0,0,0,0,0,0,1,0,0,0,0,0,2,1,0,0,1,0,1,0,0,0,0,0,0,0,0,1,0,0,2,0,1,0,0,0,0,0,0,0,0,0,0,2,0,0,0,0,0,0,0,1,0,0,0,0,0,0,0,1,0,0,0,1,0,1,0,0,0,0,0,1,0,0,0,1,0,0,0,0,0,0,0,0,0,0,1,0,0,0,0,1,0,0,1,1,0,1,0,2,1,0,2,4,1,0,0,0,0,0,0,0,0,0,0,1,1,0,0,0,1,3,0,0,0,1,1,1,0,0,1,0,0,0,2,1,0,0,0,0,0,0,0,0,1,0,1,0,0,1,1,0,0,0,0,0,0,0,0,0,0,0,0,0,0,1,0,0,0,0,0,2,2,0,0,1,0,0,0,0,0,0,0,1,1,0,0,1,0,0,0,0,0,0,0,0,0,0,0,0,0,3,2,0,1,0,0,0,1,0,0,0,1,0,0,0,0,0,0,0,0,0,0,0,2,1,0,0,0,0,0,4,1,0,1,0,0,0,0,0,0,0,0,0,0,1,0,0,0,0,0,2,0,0,0,0,1,2,0,1,0,0,0,0,0,0,0,0,0,0,0,0,0,0,0,0,0,0,0,2,0,0,0,0,1,0,0,0,0,0,0,0,0,1,0,1,0,0,1,0,0,1,0,0,0,0,0,0,1,1,0,1,0,0,0,0,2,0,0,1,0,0,0,0,1,0,0,0,0,1,0,1,1,0,0,0,1,0,0,1,0,0,0,0,2,2,0,0,0,0,0,0,0,0,0,1,0,0,1,0,0,0,0,1,1,0,0,0,1,0,0,0,0,1,1,0,0,0,0,0,0,0,0,0,0,0,0,2,0,0,0,0,2,0,0,0,0,0,2,0,0,0,0,0,0,1,0,1,0,0,1,0,0,0,0,0,0,1,0,0,0,0,0,1,0,0,2,0,1,0,0,0,0,0,0,0,0,0,1,0,0,1,0,0,0,0,1,0,1,0,0,0,0,0,2,0,0,0,0,0,1,0,0,0,0,0,0,0,0,1,0,1,2,1,1,0,1,0,1,0,0,0,0,1,0,2,0,0,0,0,0,0,0,3,0,0,0,0,0,1,0,1,0,1,0,1,0,0,2,0,0,0,0,0,0,0,1,0,0,0,0,0,0,1,0,1,0,0,0,0,1,1,0,0,1,0,1,0,0,1,0,0,0,0,0,0,1,0,0,0,1,1,0,1,2,0,0,0,1,0,0,1,0,0,0,0,1,1,0,0,0,0,2,0,0,0,0,0,0,0,1,0,1,0,0,0,1,0,0,0,0,0,0,0,0,0,0,0,0,1,0,0,1,0,0,0,1,0,0,0,0,0,0,1,0,0,0,0,0,1,0,0,0,0,0,0,0,0,0,0,1,0,2,0,1,1,0,0,1,0,0,0,0,0,0,2,0,0,0,0,1,0,2,0,0,0,0,0,1,0,0,0,0,0,0,0,0,1,0,0,0,0,0,0,0,0,1,0,2,1,0,0,0,1,0,1,0,1,1,1,0,0,0,0,0,0,2,0,0,0,0,0,0,1,0,0,0,0,0,0,0,0,1,0,1,1,0,0,0,0,0,0,0,0,0,0,0,0,0,1,0,1,0,0,0,0,0,1,0,0,0,0,1,0,1,0,2,2,0,0,0,0,0,0,0,0,0,1,0,0,0,0,1,1,1,0,0,0,0,0,0,0,0,0,0,3,0,0,0,0,0,0,0,0,0,0,0,1,0,0,1,0,0,0,2,0,0,0,1,0,1,0,0,0,0,0,1,0,0,0,2,0,0,0,0,0,0,0,0,0,0,0,0,1,0,1,0,0,1,0,1,0,1,0,0,1,0,2,0,0,0,0,0,1,0,1,0,0,0,0,1,0,0,0,0,1,0,0,0,0,0,0,0,0,0,0,0,0,1,1,0,1,0,0,0,1,0,0,2,0,1,1,2,0,0,0,0,0,0,1,1,0,0,1,0,0,0,0,0,0,1,1,0,1,0,1,0,0,0,1,0,0,2,2,0,1,0,0,1,0,0,0,1,0,0,1,0,0,0,0,0,1,0,0,0,0,0,0,0,0,0,0,0,0,1,0,1,0,1,0,0,0,0,0,2,1,1,1,0,0,0,0,0,0,0,0,0,0,1,0,0,0,0,0,0,0,0,0,0,0,1,0,0,0,0,0,1,0,1,0,0,0,0,0,0,0,0,0,0,1,0,0,0,0,0,1,0,0,0,1,1,0,0,0,0,1,0,0,0,1,0,0,1,0,0,0,0,0,2,0,0,0,1,3,1,0,0,0,0,0,0,0,0,1,2,0,2,0,0,0,0,0,0,1,0,0,1,0,0,0,0,0,1,0,0,0,1,1,0,1,0,0,0,0,0,4,0,0,0,0,0,0,0,0,2,0,0,0,0,0,0,0,0,0,0,0,0,0,0,0,0,3,0,2,0,1,1,0,0,0,0,0,0,0,0,0,0,0,0,0,0,0,0,0,0,1,0,1,0,0,1,0,1,1,0,2,0,0,0,0,0,2,0,0,0,1,0,1,1,1,0,1,0,0,0,0,0,0,0,0,0,0,0,0,0,0,0,0,1,0,0,0,0,0,2,0,0,1,0,0,0,0,0,0,2,0,0,0,2,1,0,0,1,0,2,0,0,0,0,0,1,0,0,0,0,1,0,0,0,0,0,0,0,0,1,2,0,0,0,0,1,0,0,0,1,0,0,0,0,1,0,1,0,2,0,0,1,0,0,0,0,0,1,0,0,0,0,0,0,0,0,0,0,0,0,0,1,0,0,1,0,0,0,0,0,0,1,0,0,0,1,0,2,0,2,1,0,0,0,0,0,0,0,0,0,0,0,0,0,0,0,0,0,0,0,0,0,0,0,0,0,0,0,0,0,0,0,0,0,1,0,1,0,0,0,0,0,0,1,0,1,0,0,0,0,0,0,1,1,0,1,0,0,1,0,0,0,1,0,0,0,0,2,2,0,0,0,0,1,0,1,0,1,0,0,0,1,0,0,1,0,0,1,0,0,0,0,0,0,0,1,0,0,0,0,0,0,0,1,0,1,0,0,1,1,1,0,0,0,0,0,0,0,0,0,0,0,0,0,0,0,0,0,0,0,0,0,0,2,0,0,1,0,0,2,0,0,0,0,0,0,0,0,1,0,0,0,1,1,2,0,2,0,0,0,0,0,1,0,0,0,0,0,1,0,0,0,0,1,0,0,1,0,0,0,0,0,0,0,1,0,0,2,0,0,0,0,0,0,1,0,1,0,0,0,1,0,2,0,0,1,0,2,1,1,1,0,0,0
ABLIM1,1,0,0,0,0,0,0,0,0,0,0,0,0,0,0,0,0,0,0,0,1,0,0,0,1,0,0,0,0,0,0,0,0,0,0,0,0,0,0,0,0,0,0,0,0,0,0,0,0,1,1,0,0,0,0,0,0,0,0,0,0,0,0,0,0,1,0,0,0,0,0,0,1,0,0,0,0,0,0,0,0,0,0,0,1,0,2,0,0,0,0,0,0,0,0,0,1,0,0,0,0,0,0,3,0,0,0,0,0,0,0,0,0,1,1,2,0,0,0,1,0,0,0,0,0,0,0,0,0,0,0,0,0,0,0,0,0,0,0,0,0,0,0,0,0,0,0,0,0,0,0,0,0,0,0,1,0,0,0,0,1,1,0,0,0,1,0,0,0,0,0,0,0,0,0,0,1,0,0,0,0,0,0,0,0,0,0,0,0,0,0,0,0,1,0,0,0,0,0,0,0,0,0,0,1,0,0,0,0,0,0,0,0,1,0,0,1,1,0,0,0,0,0,0,0,0,0,0,1,0,0,0,0,0,0,0,0,0,0,0,0,0,0,0,0,0,0,0,0,0,0,0,0,0,0,0,0,0,0,0,2,0,0,1,0,0,0,0,0,0,0,0,0,0,0,0,0,1,0,0,0,0,2,0,0,0,1,0,0,0,1,0,0,0,1,0,0,0,0,1,0,0,0,1,0,1,0,0,0,0,0,0,2,0,0,0,0,0,0,0,0,0,0,0,0,0,0,0,0,0,0,0,0,0,0,0,0,0,0,0,0,0,0,0,0,0,2,0,0,0,0,0,0,0,0,0,0,1,0,0,0,0,0,0,0,0,0,0,0,0,0,0,0,0,0,0,0,0,0,0,0,0,0,1,0,0,0,0,0,0,0,0,0,0,0,0,0,0,0,0,0,1,0,0,0,1,0,0,0,0,0,0,0,0,0,0,0,0,0,0,0,1,1,0,0,1,1,0,1,0,0,0,0,0,0,0,0,1,1,0,1,2,0,0,0,0,0,0,0,0,0,0,0,0,0,0,0,0,0,0,0,1,0,0,0,0,0,1,0,0,0,0,0,0,0,0,0,0,1,0,0,0,0,0,0,0,0,0,0,0,1,0,0,1,0,0,0,0,1,0,0,0,0,0,0,1,0,0,0,0,0,0,0,0,0,0,0,0,0,0,0,0,0,0,0,0,0,0,0,0,0,0,0,0,0,0,1,0,0,0,0,0,0,0,1,0,0,0,0,1,0,0,0,1,0,0,0,0,0,0,1,1,0,0,0,0,0,0,3,0,0,0,0,0,2,0,0,0,0,0,0,0,0,0,0,0,0,0,0,0,0,0,0,0,1,0,0,0,0,0,0,0,0,0,0,0,0,0,0,0,1,0,1,0,0,1,0,0,0,0,0,0,0,0,0,0,1,0,0,0,0,0,0,0,0,0,0,0,0,0,0,0,0,0,0,0,0,0,0,0,0,0,0,0,0,0,0,0,0,0,0,0,0,0,0,1,0,0,1,0,0,0,0,0,0,0,0,0,0,0,0,0,0,0,0,2,0,0,0,0,0,0,0,0,1,0,0,0,0,0,0,0,0,0,0,0,0,0,0,0,1,0,1,0,0,0,1,0,0,0,2,0,0,0,0,0,0,0,1,0,0,0,0,0,0,0,0,0,0,0,0,0,0,0,0,0,1,0,0,1,0,0,0,1,0,0,0,0,0,1,0,0,0,1,0,1,0,0,0,0,1,0,1,0,0,0,0,1,0,0,0,0,0,0,0,0,0,1,0,0,0,0,0,0,0,0,0,0,0,1,0,0,0,0,0,0,0,0,0,0,0,0,0,0,0,0,0,0,0,0,0,0,0,0,0,0,1,0,0,0,0,0,0,0,0,0,0,1,1,1,0,0,1,0,0,0,0,0,0,0,0,0,0,0,0,1,0,0,0,0,0,1,0,1,0,0,0,0,0,0,0,0,0,0,1,0,0,1,0,0,1,0,0,0,0,0,0,0,0,0,0,0,0,0,0,0,0,1,0,1,0,0,0,0,0,3,0,0,0,0,0,0,0,0,0,0,1,0,0,0,0,0,0,0,0,0,0,0,0,1,0,0,0,0,1,0,0,0,0,0,0,0,1,0,0,0,0,0,0,0,0,1,0,0,0,0,0,0,0,0,0,0,0,0,0,0,0,0,0,0,0,0,0,0,1,0,0,0,0,0,0,1,0,0,0,1,0,0,0,0,0,0,0,0,0,0,0,0,0,0,1,0,0,0,0,0,0,1,0,1,0,0,0,0,0,0,0,0,0,2,0,0,1,0,0,0,0,0,0,0,0,1,0,0,0,0,0,0,0,0,0,0,0,1,0,0,1,0,0,0,0,0,0,0,1,0,0,0,1,0,0,0,0,0,0,0,0,0,1,0,0,0,0,0,0,0,0,1,0,0,0,0,0,0,0,1,0,0,0,0,0,2,0,0,0,0,0,0,0,0,1,0,0,0,0,0,0,0,0,0,0,0,0,2,0,0,0,1,0,0,0,0,0,0,0,0,0,0,0,0,0,0,0,0,0,0,0,0,0,0,0,0,0,0,0,0,0,0,0,0,0,0,0,0,0,0,0,0,0,0,0,0,0,0,0,0,0,0,0,0,0,0,0,0,0,0,0,0,0,0,1,0,1,0,1,1,0,0,0,0,0,0,0,0,0,0,0,0,0,0,0,0,0,0,0,0,0,0,0,0,0,1,0,0,0,0,0,0,0,0,0,0,0,0,1,0,0,0,0,0,0,0,0,1,0,0,0,0,0,0,0,1,0,1,0,0,0,0,0,0,0,1,0,0,1,2,0,0,0,0,0,0,0,0,0,0,0,0,1,0,0,0,0,0,0,1,0,0,0,0,0,0,0,0,0,0,1,0,0,0,0,0,0,0,0,0,0,0,0,0,0,0,0,0,0,2,1,0,1,0,0,0,0,0,0,0,0,0,0,2,1,0,0,0,0,1,0,0,0,0,1,1,2,0,0,0,0,0,0,0,0,0,0,1,0,0,0,0,0,0,0,0,1,0,0,0,0,0,0,0,0,0,0,0,0,0,0,0,3,0,0,0,1,0,0,0,0,0,0,0,0,0,0,0,1,0,0,0,0,0,0,0,0,0,0,0,0,0,0,0,0,0,0,0,0,0,0,0,0,0,0,0,0,0,0,0,0,0,0,0,0,0,0,0,0,0,0,1,0,0,0,0,0,1,0,0,0,0,0,0,0,0,0,0,0,0,0,0,0,0,0,0,1,0,0,0,0,0,0,0,1,0,0,0,0,0,0,0,0,0,0,0,0,0,0,0,0,0,0,0,0,1,0,0,0,0,0,0,0,0,0,1,0,0,0,0,0,1,0,0,0,0,0,0,0,1,0,0,0,0,0,0,0,1,0,0,0,0,0,1,0,0,0,0,0,2,0,0,0,0,0,0,1,1,0,0
ILF3.DT,1,1,1,0,0,0,0,0,1,1,0,0,0,0,0,2,0,0,0,1,1,0,1,0,0,0,1,1,0,0,1,0,0,0,0,1,1,2,0,0,0,0,0,0,0,0,0,0,0,0,0,0,0,0,0,0,0,0,0,0,0,2,0,0,1,0,0,0,0,0,0,3,1,0,1,0,1,0,0,0,0,0,0,0,1,1,1,0,0,0,1,0,0,0,1,0,0,0,0,0,0,0,0,1,0,2,0,0,0,0,0,0,0,0,1,2,0,1,0,0,0,0,0,0,1,0,0,1,1,0,0,0,0,1,0,0,0,1,0,0,1,0,0,1,1,0,1,1,0,0,1,1,0,1,0,2,0,0,0,0,0,0,0,0,0,0,0,1,0,1,0,0,0,0,0,0,1,0,0,1,0,0,0,0,0,0,0,0,0,0,0,0,0,0,2,0,0,0,0,0,0,0,0,1,0,0,0,0,0,2,0,1,0,0,0,0,0,0,1,0,0,1,1,0,0,0,0,0,0,1,0,0,1,0,0,0,0,0,1,0,0,0,1,0,0,1,0,1,0,0,1,0,0,1,0,0,0,0,0,0,0,0,0,2,1,0,0,3,0,0,0,0,0,0,0,0,1,0,1,0,0,0,0,0,0,0,0,0,1,1,0,0,1,1,0,0,0,0,0,1,1,3,0,0,0,0,0,0,4,0,1,0,1,0,0,0,0,0,0,0,0,0,1,0,0,3,0,0,0,0,1,0,0,0,1,1,0,0,0,0,0,0,0,1,0,1,0,0,0,1,0,0,0,1,0,0,0,0,0,0,1,0,0,0,2,2,0,0,0,0,0,0,0,0,0,0,1,2,1,0,0,1,1,1,1,0,0,0,0,0,1,1,0,1,1,0,0,0,1,2,0,0,0,1,0,1,0,1,1,0,0,0,1,0,0,0,0,0,0,0,0,1,0,0,0,1,0,0,0,0,0,0,1,0,1,1,0,0,0,1,1,2,0,1,2,0,0,1,2,0,0,0,0,0,0,0,0,2,0,1,0,0,0,0,1,2,0,0,0,0,0,0,0,0,0,0,0,0,0,0,0,1,0,1,0,1,0,0,0,0,0,0,0,1,0,0,0,0,0,0,0,0,1,0,1,0,0,1,0,0,0,0,0,0,1,0,0,0,1,0,1,0,1,0,0,0,0,0,1,0,1,1,1,0,2,1,1,0,0,0,0,0,0,0,0,1,0,1,1,0,0,3,0,0,0,0,0,0,0,0,0,0,0,0,1,1,0,0,0,0,0,0,0,0,0,0,0,0,0,0,1,0,0,0,1,0,0,0,0,0,0,0,0,0,0,0,0,0,0,0,1,1,0,0,1,0,0,1,0,0,0,0,0,0,0,2,0,0,0,0,1,3,0,0,1,1,0,0,1,0,1,2,0,1,0,1,0,0,0,0,0,0,1,0,0,0,0,0,1,0,0,0,0,0,0,0,0,0,0,0,0,0,0,0,2,0,0,0,0,0,2,0,0,0,0,2,0,1,1,1,1,1,2,0,0,0,0,0,0,0,1,0,1,0,0,0,1,1,0,0,0,0,0,0,1,0,0,0,0,2,0,0,2,1,0,0,0,0,0,0,0,0,1,3,0,1,2,0,0,0,1,0,0,0,0,0,0,0,0,0,0,0,0,0,2,0,1,0,0,0,0,1,1,0,0,0,0,1,1,1,0,0,2,0,0,0,0,0,2,0,0,0,0,0,0,0,0,1,0,0,0,0,0,1,0,1,0,3,0,0,1,0,0,0,1,0,0,2,0,0,2,0,0,0,0,0,1,0,0,0,0,0,0,0,0,0,0,0,0,0,0,1,1,0,1,0,0,1,0,0,2,0,0,0,0,0,0,0,1,0,0,1,2,0,0,0,1,0,0,1,0,0,1,0,0,0,0,0,0,0,1,0,0,0,0,0,1,1,0,0,1,0,0,0,0,0,0,2,0,0,0,0,0,0,0,1,0,1,0,0,0,0,1,0,0,0,0,2,0,0,0,0,0,0,1,1,0,0,0,0,1,0,0,0,1,0,0,1,1,2,0,0,0,1,0,0,0,0,0,0,0,1,0,1,0,1,2,1,0,0,1,1,0,0,0,0,1,1,0,1,0,0,0,0,0,0,1,0,0,0,1,0,0,1,1,0,0,0,0,0,0,0,0,1,1,0,1,0,0,1,0,0,1,0,1,4,0,0,0,1,0,1,0,0,1,1,0,0,0,0,0,0,0,0,1,0,0,0,0,0,0,1,0,1,0,1,0,0,0,2,0,0,0,1,0,0,0,0,0,1,0,0,2,1,0,1,0,0,0,0,1,0,1,0,0,0,0,0,0,0,0,0,0,1,1,1,0,1,1,1,1,0,0,0,0,1,0,0,0,0,0,1,0,1,1,1,0,0,0,2,0,0,0,0,0,0,0,1,0,0,0,0,0,0,0,0,0,0,0,0,0,0,0,0,0,0,0,2,0,1,0,2,0,0,0,2,0,0,0,0,0,0,0,0,0,0,0,0,0,0,0,0,0,0,0,0,0,0,0,0,0,0,0,0,2,1,0,0,1,0,0,0,1,0,0,1,1,1,0,1,1,1,3,0,2,0,0,0,0,0,1,1,0,0,0,0,0,0,0,1,0,0,0,0,1,2,0,1,0,0,1,1,1,0,0,0,1,0,0,0,3,0,0,0,0,0,0,0,0,0,0,0,0,0,0,1,2,0,0,0,0,0,1,0,0,1,0,0,0,0,0,0,0,0,0,0,0,2,0,0,1,1,1,0,2,0,0,0,0,0,0,0,0,0,0,0,0,0,0,0,0,0,0,1,0,0,0,1,0,0,0,0,0,3,0,0,0,0,0,0,0,1,0,0,0,1,0,1,0,0,2,1,0,0,0,0,0,0,0,0,0,0,1,0,0,0,0,0,0,1,0,1,0,0,0,0,0,0,0,1,1,0,0,0,0,0,0,0,0,1,0,1,0,0,0,1,1,1,1,0,1,1,0,0,0,0,0,0,0,0,0,0,1,0,0,0,0,2,0,0,0,0,0,0,0,1,1,1,1,0,0,0,0,0,0,0,0,0,0,1,1,0,0,1,0,1,0,0,1,1,1,0,0,0,1,0,0,0,0,1,0,1,0,0,0,0,1,0,0,1,0,0,1,0,0,0,0,0,0,0,0,1,2,0,0,0,0,0,0,0,1,0,0,0,1,0,1,3,1,0,1,0,0,0,0,0,0,0,0,0,1,0,0,0,0,0,0,1,0,0,2,1,0,2,0,0,1,0,1,1,0,0,0,0,3,0,0,1,1,1,0,0,0,0,0,0,1,0,0,0,0,3,1,0,0,0,1,0,1,1,0,0,0,1,0,0,0,1,0,0,0,0,2,1,1,0,1,2,1,1,1,0,0,0,0,0,0,1,1,1,0,1,1,0,0,0
PHKB,0,0,0,0,0,0,0,0,0,0,0,0,0,0,0,0,0,0,1,0,0,0,0,0,0,0,0,0,1,0,0,0,0,0,0,0,0,0,0,0,0,0,0,2,0,0,1,0,0,0,0,0,1,0,0,0,0,0,0,0,0,0,0,0,0,0,0,0,0,0,0,0,0,0,0,0,0,0,0,0,0,0,0,0,1,0,0,0,0,0,0,0,0,0,0,0,0,0,1,0,0,0,0,0,0,0,0,0,0,0,0,0,0,0,0,0,0,0,0,0,0,1,2,0,0,0,0,1,0,0,0,0,0,0,0,0,1,0,0,0,0,0,0,2,1,1,1,0,2,1,1,1,0,0,0,0,0,0,0,0,0,0,0,0,0,0,0,0,0,0,0,0,0,0,3,0,0,0,0,1,0,0,0,0,1,0,0,0,0,0,0,0,0,0,0,0,0,0,0,0,0,0,0,1,0,0,0,0,0,0,0,0,0,0,0,0,0,0,0,1,0,0,0,0,2,0,0,0,0,0,0,0,0,0,0,0,0,0,0,0,0,0,0,0,0,0,0,0,0,0,0,0,0,0,0,0,0,1,1,0,0,0,0,0,0,0,0,0,0,0,0,0,0,0,0,0,0,0,1,0,0,0,1,0,0,0,0,0,0,0,0,0,0,0,0,0,0,1,0,0,0,0,0,0,0,0,0,0,1,0,0,0,1,0,0,0,0,0,0,0,0,0,2,0,0,1,0,0,0,0,0,0,1,0,0,0,0,0,0,0,0,0,0,0,0,0,0,0,0,0,0,0,1,0,0,0,0,0,0,0,0,0,0,0,0,0,0,0,0,0,0,0,0,0,0,1,1,0,0,0,0,0,1,0,0,0,0,0,0,1,0,1,0,0,0,0,0,0,0,0,0,0,0,0,0,0,0,0,0,2,0,0,1,0,0,1,0,0,0,0,0,0,0,0,0,0,0,0,2,0,0,0,0,1,0,0,0,0,0,0,1,0,0,0,0,1,0,0,0,0,0,0,0,0,0,0,0,1,0,0,0,0,1,0,0,1,0,0,0,0,0,0,0,0,1,0,0,0,0,0,0,1,0,0,0,0,0,0,0,0,0,0,0,0,0,1,0,0,0,0,0,0,0,0,0,1,1,1,0,0,1,0,0,0,0,0,0,0,0,0,0,1,0,0,1,0,1,1,0,0,0,0,0,0,0,0,1,0,0,0,0,0,0,0,0,0,0,0,0,0,0,0,0,0,1,0,0,0,0,1,1,0,0,0,0,1,0,0,0,0,0,0,0,0,0,0,0,0,0,0,1,0,0,0,0,0,0,0,0,1,1,0,0,0,0,0,0,0,0,0,0,0,0,0,0,0,0,0,0,0,0,0,0,0,0,0,0,0,0,0,0,0,0,0,0,0,0,0,0,0,1,0,0,0,0,0,0,0,0,0,0,0,0,0,0,0,1,0,0,0,0,0,0,0,0,0,0,0,0,0,0,1,0,0,0,0,0,0,0,0,0,0,0,0,1,0,0,0,0,0,0,1,0,0,1,0,0,0,0,0,0,0,0,0,0,1,0,0,0,1,0,0,0,0,0,0,0,0,0,0,0,1,0,0,0,0,0,0,0,0,0,0,2,0,0,0,0,0,0,0,0,0,0,0,1,0,1,0,0,0,0,0,0,0,0,0,0,0,0,0,0,0,0,0,0,0,0,0,0,0,0,1,0,0,0,0,0,0,0,0,1,2,0,0,0,1,3,0,0,0,0,0,0,1,0,0,0,0,0,0,0,0,0,0,0,0,0,0,0,0,0,0,0,0,0,1,0,0,0,1,0,0,0,0,0,0,0,0,0,1,0,0,1,1,1,0,0,0,0,0,0,0,0,0,0,0,1,0,0,0,0,0,0,0,0,0,0,0,0,0,1,0,0,0,0,0,0,1,0,0,0,0,0,0,2,0,0,0,0,0,1,0,1,0,0,0,0,0,0,1,0,0,0,0,0,0,0,0,0,0,0,1,0,0,0,1,1,0,0,0,0,1,0,0,0,0,0,0,0,0,0,0,0,0,0,0,0,0,1,0,0,0,1,0,0,0,0,0,0,1,2,2,0,0,0,0,0,0,0,0,0,0,0,1,0,0,0,0,1,0,0,0,0,0,0,0,1,0,0,0,0,0,0,0,0,1,0,0,0,0,0,0,0,0,2,0,0,0,0,1,0,0,1,0,0,2,0,0,0,0,1,0,0,0,0,0,0,1,1,0,0,0,0,0,0,0,0,0,0,1,0,0,0,0,0,1,2,0,0,0,0,0,0,0,0,0,0,0,0,0,0,0,0,0,0,0,0,0,0,0,0,0,0,0,0,0,0,0,0,1,0,0,0,0,0,0,0,1,0,0,0,0,0,0,0,0,0,0,0,0,1,0,0,2,0,2,0,0,0,0,0,0,0,0,0,0,0,0,0,2,0,1,1,0,0,0,0,0,0,0,0,0,2,0,0,0,0,0,0,0,0,0,1,0,0,0,0,0,0,0,0,0,0,0,0,0,0,0,0,0,0,0,0,0,0,1,0,0,0,0,0,0,0,1,0,0,0,0,0,0,0,0,0,0,0,0,0,0,0,0,0,0,0,0,0,0,1,0,1,0,0,0,0,0,0,1,0,0,0,2,0,0,1,1,0,0,0,0,0,0,0,0,0,0,0,0,0,0,0,1,1,0,0,0,1,0,0,1,0,0,0,0,0,0,0,0,0,0,0,0,0,0,0,0,0,0,0,0,0,0,0,0,0,0,0,0,0,0,0,0,0,1,0,0,0,0,0,0,1,0,0,0,0,0,0,0,0,0,0,0,0,0,0,0,0,0,0,0,0,0,0,0,0,0,0,0,0,0,0,0,0,0,0,0,0,1,0,0,1,0,0,0,0,0,1,0,0,0,0,0,0,1,0,0,1,0,0,0,0,0,0,0,0,0,0,0,1,0,0,0,0,0,0,0,0,0,0,0,0,0,0,0,0,0,0,0,0,0,1,0,0,2,0,0,0,1,0,0,0,0,0,2,0,0,0,0,1,0,0,0,0,0,0,0,0,0,0,0,0,0,0,0,0,0,0,0,0,0,0,0,0,0,0,0,0,1,1,0,0,0,1,1,0,0,0,0,1,1,0,1,0,0,0,0,0,0,1,0,0,0,0,0,0,0,0,0,0,0,0,0,0,0,0,0,0,0,0,0,0,0,0,0,0,0,0,0,0,0,0,0,1,0,0,0,0,0,0,0,0,0,0,0,0,0,0,0,0,0,0,0,0,0,0,0,0,0,0,0,0,0,0,0,0,0,0,0,0,0,0,0,0,0,0,0,0,0,0,0,0,0,0,0,0,0,0,0,0,0,1,0,0,0,0,0,0,0,0,0,0,0,0,0,0,0,0,1,0,0,0,0,0,0,0,0,0,0,0,0,0,0,0,0,0,0,0,0
LILRB2,0,0,0,0,0,0,1,0,0,0,0,0,0,0,0,4,0,0,0,0,0,0,0,0,0,0,0,0,0,0,0,0,0,0,0,0,0,0,0,0,0,0,2,0,0,0,0,1,0,0,0,0,1,0,0,0,0,0,0,0,0,0,0,0,0,0,0,0,1,0,0,0,0,0,0,0,0,2,1,1,0,0,0,0,0,0,0,0,0,0,0,0,0,0,0,0,0,0,1,0,0,0,0,0,0,0,0,0,0,0,0,0,0,1,0,0,0,0,0,0,0,0,1,0,0,0,0,0,0,0,0,0,0,0,0,0,0,0,0,0,0,0,0,0,1,0,0,0,0,0,0,0,0,0,0,0,0,0,0,1,0,0,2,0,0,0,0,0,0,2,0,0,0,0,0,0,0,0,0,0,0,0,0,0,0,0,0,0,1,0,2,1,0,0,0,0,0,0,0,0,0,0,0,0,1,0,0,0,0,0,0,0,0,0,0,0,0,0,0,0,0,0,0,0,0,0,0,1,0,0,0,0,2,2,1,0,0,0,0,0,0,0,0,0,0,0,1,0,0,0,0,0,0,0,0,0,0,0,0,0,0,0,0,1,0,0,0,0,0,0,0,0,0,2,0,0,0,2,0,0,0,1,0,0,0,0,0,0,0,0,0,0,1,0,0,0,0,0,0,1,0,0,0,0,1,0,0,0,6,0,0,0,0,0,0,0,0,0,0,0,0,0,0,0,0,0,0,0,0,0,0,1,0,0,0,0,0,0,0,0,2,0,0,0,0,0,0,1,0,0,1,0,0,0,0,0,0,0,0,0,0,0,0,1,0,0,0,0,0,0,0,0,0,0,0,0,0,0,0,1,0,0,1,0,0,1,0,0,0,0,0,3,0,4,0,1,0,0,0,2,0,0,0,0,0,0,0,0,0,0,0,0,0,0,0,0,0,0,0,0,0,0,0,0,0,0,0,0,0,0,0,0,0,0,1,0,0,0,0,0,0,0,0,0,0,1,0,0,0,0,0,0,0,0,1,0,0,1,1,0,3,0,0,0,0,1,0,0,0,0,0,1,0,0,0,1,0,0,0,0,1,0,0,0,2,0,0,0,0,1,0,0,0,0,0,0,0,0,0,0,0,0,0,0,0,0,0,0,0,0,0,0,0,0,0,0,0,0,0,0,0,0,0,1,0,0,0,0,0,0,1,0,0,0,1,0,0,0,0,0,0,0,0,0,0,0,1,0,0,0,0,1,0,0,0,3,0,2,0,0,0,0,0,0,0,0,0,0,0,0,0,0,0,0,0,1,1,0,0,0,0,0,0,0,0,0,0,0,0,0,0,0,0,1,0,0,0,0,0,0,0,1,1,0,0,1,1,0,0,0,0,0,0,0,0,0,0,0,0,0,0,0,0,0,0,0,0,1,0,0,0,0,0,0,1,0,0,0,0,0,0,0,0,0,0,0,0,0,0,0,0,0,0,0,0,0,0,0,0,0,0,0,0,0,0,0,1,0,0,0,1,0,0,0,0,0,0,0,0,0,0,0,0,0,0,0,0,0,0,0,0,0,0,0,0,0,0,0,0,0,0,0,2,0,0,0,0,0,0,0,0,0,0,0,1,0,0,0,0,0,0,0,0,0,0,0,0,0,0,0,0,0,0,0,0,0,0,0,0,0,0,0,0,0,0,0,0,0,0,0,0,0,0,0,0,0,0,0,0,0,0,0,0,0,1,0,0,0,0,0,0,0,0,0,2,0,0,0,0,0,0,0,0,0,0,1,0,0,0,0,0,0,0,0,1,0,0,0,0,0,0,0,0,0,0,0,0,0,0,0,0,0,0,0,0,0,1,0,0,0,0,0,0,0,0,0,0,0,0,1,0,0,0,0,0,0,0,0,0,0,0,0,0,0,0,0,0,0,0,0,0,0,0,0,0,0,1,1,0,0,0,0,0,0,0,0,0,0,0,0,0,0,3,0,0,0,0,0,0,0,0,0,0,1,3,0,0,0,0,0,0,0,0,0,1,0,0,0,0,0,0,0,0,0,0,0,0,0,0,0,0,0,0,0,1,0,0,0,0,0,0,0,0,0,0,3,0,0,1,0,0,0,0,0,0,0,0,4,0,0,0,0,0,0,0,0,0,1,0,0,0,0,0,0,0,0,0,0,0,0,0,0,0,0,0,0,0,0,0,0,0,0,1,0,0,0,0,0,0,0,0,0,0,0,0,0,0,0,0,0,1,0,0,0,0,0,0,0,0,0,1,0,0,0,0,0,0,0,0,0,0,0,0,0,0,0,0,0,0,0,0,0,0,0,0,0,0,1,0,0,0,0,0,0,0,1,0,0,0,0,0,0,0,0,0,0,0,0,0,0,0,0,0,0,0,0,0,0,0,0,0,0,1,5,2,0,0,0,0,1,0,0,0,1,0,1,0,0,0,0,0,0,0,0,0,0,1,0,0,0,0,0,0,0,0,0,0,0,0,0,0,0,1,1,2,0,0,0,0,0,0,0,0,0,0,0,0,0,0,0,0,0,2,0,0,0,0,0,1,0,0,0,0,0,0,0,0,0,0,0,0,0,0,0,0,0,0,0,0,0,0,0,0,0,0,0,0,0,0,0,0,0,0,0,0,0,0,0,0,0,0,0,0,0,0,0,1,0,0,1,0,0,0,0,0,0,0,0,0,0,0,0,0,0,0,0,1,0,0,0,0,0,0,0,0,0,0,2,0,0,0,0,0,1,0,0,4,0,0,0,0,0,0,0,0,0,1,0,0,0,2,3,0,0,1,2,1,0,0,0,0,0,0,0,0,0,0,0,0,0,2,0,0,0,0,0,1,0,0,0,0,0,0,0,0,0,0,0,0,0,0,1,0,0,0,0,1,0,1,0,3,0,0,0,0,0,0,0,0,1,0,0,0,0,0,0,0,0,0,0,1,0,1,0,0,0,0,0,0,0,0,0,0,0,0,0,0,0,0,0,0,0,0,1,0,0,0,0,0,0,0,1,0,0,0,0,0,0,0,0,2,0,0,0,0,0,0,0,0,0,0,0,0,0,1,0,0,0,0,0,0,5,0,1,0,1,0,0,0,0,0,1,0,0,2,0,0,0,0,1,0,0,0,0,0,0,0,0,0,0,3,0,0,0,0,0,0,0,0,1,0,0,0,0,0,0,0,0,0,0,0,0,0,0,0,0,0,0,0,0,0,0,0,1,0,0,0,0,0,0,0,0,0,0,0,0,0,0,0,0,0,0,0,0,1,0,0,0,0,0,0,0,0,0,0,0,0,0,0,0,0,0,0,0,0,0,1,1,0,0,0,0,0,2,0,0,0,0,0,4,0,0,0,0,0,0,0,1,3,0,0,0,0,1,0,0,0,0,0,0,0,1,0,0,1,0,0,0,0,0,0,0,0,0,0,0,0,0,0,0,0,0,0,0,0,0,0,0,0,0,0,0,0,0,0,0
UBE2D1,0,0,0,0,0,0,0,0,0,0,1,0,0,0,0,2,0,0,1,0,0,0,0,1,0,0,1,0,0,0,0,0,0,0,0,0,0,0,1,0,0,0,0,0,0,1,0,0,0,0,0,0,0,0,0,0,0,0,1,0,0,0,0,0,0,0,0,0,0,0,2,1,0,0,2,0,0,2,0,0,0,0,0,0,0,0,0,0,0,0,0,0,1,0,0,2,0,0,0,2,0,0,2,0,0,0,0,0,0,0,0,0,2,0,0,0,1,0,1,0,0,0,1,0,0,0,1,0,0,0,0,0,0,0,0,0,0,0,1,0,0,0,1,0,0,0,0,2,0,0,1,0,1,0,0,0,0,0,0,0,0,0,1,2,0,0,0,0,0,1,0,0,0,0,0,0,0,0,1,1,0,0,0,0,1,0,0,0,0,0,1,0,0,0,1,0,1,0,0,0,1,0,1,0,0,0,0,0,0,0,0,0,0,0,0,0,0,0,0,0,0,0,1,0,0,0,0,0,0,0,0,0,1,0,0,0,0,1,0,0,1,0,0,1,0,0,0,0,0,0,0,0,0,1,0,1,0,0,0,1,0,0,0,3,0,0,0,0,0,0,0,1,0,0,0,0,0,1,1,1,0,0,1,0,0,0,0,1,0,0,0,0,0,1,0,0,0,0,1,0,0,0,0,0,0,1,0,0,0,0,0,0,0,0,0,0,0,0,0,1,0,0,1,0,0,1,1,0,0,0,0,0,0,0,0,0,0,0,0,4,0,0,0,1,0,0,0,0,0,0,1,0,0,0,0,2,0,2,1,0,1,0,0,0,0,0,1,0,0,0,0,0,0,0,0,1,0,0,0,0,0,0,1,0,0,0,1,1,0,0,0,2,0,1,0,0,1,0,1,0,0,0,0,0,1,0,0,0,0,0,1,0,0,0,0,0,0,0,0,0,1,0,0,0,0,0,0,0,0,0,0,0,0,0,0,1,0,0,0,0,0,0,1,0,0,1,0,0,0,2,0,0,0,0,0,0,1,0,1,0,1,0,0,0,1,1,0,0,1,0,0,1,0,0,0,0,1,0,1,0,1,1,0,0,1,2,0,0,0,0,0,0,0,0,0,1,0,0,0,1,0,2,0,0,0,1,0,0,0,0,1,0,0,0,0,0,0,0,1,0,0,0,0,1,1,1,1,0,0,0,0,0,0,0,0,0,0,1,0,0,0,0,1,0,0,0,2,0,0,0,0,1,0,0,0,0,0,0,0,0,0,0,0,0,0,0,0,0,0,0,0,1,0,0,1,2,0,1,0,1,0,0,0,0,0,0,0,0,0,0,0,0,0,1,0,0,0,0,0,1,0,0,2,0,0,0,0,0,0,0,0,0,0,0,0,0,0,0,2,0,0,0,0,0,0,0,0,0,0,0,0,0,0,0,0,0,0,0,0,0,0,0,0,0,0,0,1,0,0,0,0,0,0,0,0,1,0,0,0,0,0,0,0,0,0,0,0,0,0,0,0,0,0,0,1,0,0,0,0,0,0,0,0,0,0,0,0,0,0,0,1,0,0,0,0,1,0,0,0,0,0,1,0,0,0,0,0,0,0,0,0,0,0,0,0,0,0,0,0,0,0,0,0,0,0,0,0,0,0,0,0,0,0,0,0,0,0,0,0,1,1,0,0,2,1,0,0,0,0,0,1,0,0,0,0,0,0,0,0,0,0,1,0,1,1,1,1,0,0,0,0,0,0,0,0,0,0,0,0,0,1,0,0,0,0,0,1,0,0,1,0,0,0,0,3,0,0,1,0,0,0,0,0,0,0,0,0,0,0,0,0,2,0,0,0,0,1,0,0,0,0,1,1,0,0,0,0,0,0,2,0,0,0,0,0,0,0,0,0,0,1,0,0,0,0,0,1,0,0,0,0,1,1,0,0,0,0,1,1,0,0,0,1,0,0,0,0,0,0,0,0,1,1,0,0,0,1,0,0,0,0,0,0,0,2,0,0,0,0,0,0,0,0,0,0,0,0,0,1,0,0,0,0,0,0,0,0,1,1,1,1,0,0,0,1,0,0,0,0,0,0,1,1,0,0,0,0,0,0,1,0,0,0,0,0,1,0,1,0,0,0,0,0,1,0,0,0,1,0,0,0,0,0,0,0,0,0,1,0,0,1,0,0,0,0,0,0,0,0,3,0,2,0,0,0,2,0,0,0,0,1,0,0,2,0,0,0,0,0,0,0,0,0,0,0,1,0,0,0,0,1,0,0,0,0,0,0,0,0,0,0,0,0,0,0,0,0,1,0,0,0,0,0,0,0,0,0,0,0,0,0,2,0,0,0,2,0,0,1,0,0,0,0,1,0,0,0,0,0,0,0,0,0,0,1,1,0,0,0,0,0,0,1,0,0,0,0,0,0,2,2,0,0,0,1,0,0,0,0,0,0,0,0,0,0,0,0,0,1,0,0,0,0,2,0,0,0,2,0,0,0,0,1,0,0,0,0,0,0,0,0,0,0,0,0,0,0,0,0,0,0,0,1,0,0,0,1,0,0,0,0,0,0,0,0,0,0,0,0,0,0,0,1,0,0,0,0,0,0,0,0,0,0,1,0,0,0,0,0,0,0,0,0,0,0,0,0,0,0,0,1,0,0,0,1,0,3,0,0,1,0,0,0,0,0,0,0,0,0,1,0,0,0,1,1,0,0,0,0,0,1,0,0,0,0,0,0,1,0,0,0,0,0,0,0,0,0,0,0,0,0,1,0,0,0,1,0,1,0,0,0,0,0,0,0,0,0,0,0,0,0,0,0,0,0,0,0,1,0,0,0,0,0,0,0,0,0,0,0,0,0,0,1,1,0,0,0,0,0,0,0,1,0,0,1,0,0,0,1,0,0,0,1,0,0,0,0,0,1,0,1,0,1,0,1,0,0,0,0,0,2,0,0,0,0,0,0,1,0,0,0,0,0,0,0,0,0,1,0,0,0,0,0,0,0,0,0,0,0,2,0,1,0,0,0,0,0,0,1,0,0,0,0,0,0,0,0,0,0,0,0,0,1,0,0,0,0,0,1,0,0,0,0,0,0,0,0,0,0,0,1,0,0,0,0,0,0,0,2,0,0,0,0,0,0,0,0,0,0,0,2,0,1,0,0,1,0,0,0,0,0,0,0,0,0,0,0,0,0,0,0,0,0,0,0,0,0,1,0,1,0,0,0,0,0,0,0,0,0,0,0,0,0,0,0,0,0,0,0,0,0,0,0,0,0,0,0,0,1,0,0,1,1,0,0,0,0,1,0,0,0,0,0,0,0,1,0,1,0,0,0,0,0,1,1,0,0,0,0,1,0,0,0,0,1,1,0,2,0,0,0,0,0,0,1,0,0,0,2,0,0,2,0,0,0,0,0,1,0,0,0,0,0,0,0,0,0,1,0,0,0,0,0,0,0,0,1,3,0,0,0,0,0,0,0,0
STK10,0,0,1,0,1,1,0,0,0,0,0,0,0,0,0,2,1,0,0,1,0,0,0,0,0,2,0,0,0,0,0,0,0,1,0,0,0,0,0,0,1,1,0,0,0,0,0,0,1,0,0,0,0,0,0,1,0,1,1,1,0,0,0,0,0,1,0,0,0,0,0,0,0,0,0,0,0,0,0,0,1,1,0,2,0,0,0,1,1,0,0,1,0,0,0,0,0,0,0,1,0,0,0,0,0,0,0,1,0,0,0,1,0,0,0,0,1,0,0,0,0,0,0,0,0,0,1,0,0,1,1,2,0,0,1,0,0,0,0,1,0,0,0,1,0,0,0,0,0,1,0,0,1,0,0,0,0,0,0,0,0,0,0,0,0,0,0,0,1,1,1,0,0,0,0,0,0,1,0,0,1,0,1,0,2,1,0,0,0,0,1,0,1,0,0,1,0,1,0,0,0,0,0,0,0,0,0,1,0,0,0,0,0,0,0,0,0,0,0,0,0,0,1,0,0,1,0,1,0,0,1,0,2,0,0,0,1,0,0,0,0,0,1,0,1,0,1,0,0,1,0,0,0,0,0,2,0,0,0,0,0,0,1,1,0,0,0,0,0,1,1,0,0,0,0,0,0,0,0,0,0,0,0,0,2,0,0,0,1,0,0,0,0,0,0,0,0,0,0,2,0,0,0,1,0,0,0,0,1,0,0,0,0,0,0,0,0,1,2,0,0,0,1,0,0,0,0,0,0,1,0,0,1,0,0,0,0,0,0,0,1,0,0,0,0,0,0,0,0,1,0,0,0,0,0,1,0,0,1,0,1,0,0,0,0,0,1,0,0,0,0,1,0,0,0,2,0,0,0,0,1,0,0,0,0,1,2,0,0,0,0,2,1,0,0,0,1,0,0,0,0,2,0,0,1,0,0,0,1,1,0,0,0,0,0,0,1,0,0,0,0,0,2,0,1,0,0,1,0,0,1,1,0,0,0,0,0,1,0,0,0,0,1,0,0,1,1,0,2,0,0,0,0,0,0,0,1,0,0,0,0,0,0,0,0,0,0,0,0,0,0,0,0,0,0,1,0,0,0,0,0,2,1,1,1,0,1,0,0,0,0,1,0,0,0,0,0,0,1,1,0,0,0,0,2,0,0,0,1,0,0,0,0,0,0,0,2,0,0,0,0,0,0,0,0,0,1,1,1,1,0,0,1,0,0,1,1,0,0,0,0,0,0,1,0,0,0,0,0,0,0,2,1,0,0,0,0,0,1,0,0,0,0,0,0,1,0,0,2,1,0,0,0,0,1,0,1,0,0,0,0,0,0,0,0,0,0,0,0,0,0,0,0,0,2,0,0,0,0,1,1,0,0,0,0,1,0,1,0,0,0,0,1,0,0,1,1,0,0,0,1,0,0,0,1,0,0,0,0,1,0,0,1,1,0,0,0,0,1,0,0,0,1,0,0,0,0,0,0,1,1,0,0,0,1,0,0,0,0,0,0,0,0,3,1,1,0,1,0,0,0,0,0,1,1,0,0,0,0,0,2,0,0,0,0,0,0,1,0,1,0,0,0,0,0,0,0,2,0,0,1,0,0,2,0,0,1,0,1,1,0,0,0,0,0,1,0,0,0,0,0,0,1,0,0,0,1,0,1,0,0,1,0,0,0,0,1,1,1,1,0,0,0,0,0,1,0,0,0,0,0,0,0,0,0,0,1,0,1,0,0,0,1,0,0,0,0,0,0,0,0,0,0,0,0,0,0,0,0,0,0,0,0,0,0,3,0,0,0,0,1,0,0,0,1,1,0,0,0,0,0,0,0,1,0,0,0,0,0,0,0,1,1,0,0,0,0,0,1,0,3,0,0,1,0,0,0,0,0,0,0,0,0,1,0,1,0,0,0,0,0,1,1,0,0,0,0,0,1,0,0,0,0,1,1,0,0,0,0,1,0,0,0,0,0,0,1,0,0,0,0,1,2,1,0,0,0,0,0,0,1,0,0,1,0,1,0,0,0,0,0,0,1,0,0,2,0,0,0,0,0,0,0,0,0,0,0,0,1,0,2,0,0,0,0,0,0,0,0,0,0,1,0,0,0,3,0,2,0,0,1,1,0,0,0,0,0,2,0,0,0,1,0,1,1,1,0,0,0,1,0,0,0,0,0,0,0,0,0,0,2,0,1,0,0,0,1,0,0,0,0,0,0,0,0,0,0,0,0,1,1,0,0,1,0,1,0,0,1,0,0,0,0,2,0,0,0,1,0,0,0,1,2,0,0,0,0,0,0,0,0,0,0,0,0,0,1,1,0,0,0,1,0,0,0,0,0,0,0,0,2,1,0,0,0,0,0,0,0,0,0,1,0,0,0,0,0,0,0,0,0,0,1,0,1,0,0,0,1,0,0,0,3,0,0,1,0,0,2,0,1,0,0,0,0,0,0,0,0,0,0,0,0,1,0,0,0,0,1,1,1,0,0,0,1,0,0,1,0,0,0,3,0,0,0,0,0,0,0,0,0,0,0,0,0,0,0,0,0,0,0,0,0,1,0,1,1,0,0,0,1,0,0,4,0,0,0,0,0,0,0,2,0,0,0,0,0,0,1,1,1,1,0,0,0,0,0,0,1,0,0,1,1,0,1,2,0,0,0,0,0,0,0,0,0,0,0,1,0,0,0,0,0,0,0,0,0,0,0,0,0,0,0,0,0,0,0,0,0,0,0,0,0,0,0,2,0,2,0,0,0,0,3,0,0,2,0,1,0,0,0,0,0,0,0,0,0,0,0,0,0,0,0,0,1,0,0,0,0,0,0,0,0,0,0,0,1,0,0,0,0,0,0,0,0,1,1,1,0,0,2,0,1,0,2,0,0,1,0,0,0,0,1,0,0,0,0,0,0,0,0,0,0,1,0,0,2,0,0,0,0,0,1,0,0,0,1,0,0,0,2,0,1,0,0,0,0,0,0,1,0,0,0,1,0,0,0,0,2,1,0,0,0,1,0,0,0,0,2,0,0,1,0,0,0,1,0,1,2,0,0,0,1,1,0,0,0,0,0,0,1,0,1,0,0,0,0,0,0,0,1,0,0,1,0,0,0,1,0,0,1,0,0,1,0,0,0,1,0,0,0,1,0,1,0,0,0,0,1,0,2,0,0,1,0,0,0,0,0,0,0,0,0,0,0,0,0,0,0,0,0,1,2,0,0,1,0,1,0,1,0,0,0,0,0,0,0,0,0,0,0,2,0,0,1,0,0,0,0,0,0,0,0,0,0,0,1,0,0,0,2,0,1,0,0,0,0,0,0,2,0,0,0,0,0,0,1,0,0,0,1,0,1,1,2,1,0,0,0,0,0,0,0,0,0,0,0,0,0,0,0,2,0,0,0,1,0,0,0,0,0,2,0,0,0,0,0,0,0,0,0,0,0,0,0,1,0,0,0,0,0,0,0,0,0,0,0,3,1,0,0,0,1,1,0,0
SPATA13,0,0,0,0,0,0,0,2,0,0,0,0,0,0,0,0,0,0,0,0,0,0,0,0,0,0,1,0,0,0,0,0,0,0,0,1,0,0,0,0,0,0,1,0,0,0,0,0,0,0,1,0,0,0,0,0,0,0,0,0,0,0,0,0,0,0,1,0,0,0,0,0,0,0,1,0,0,0,0,0,0,0,0,0,0,0,0,0,1,0,0,0,0,0,1,0,0,0,0,0,0,0,0,0,0,0,0,0,0,0,0,0,0,0,0,0,0,0,0,0,0,1,0,0,0,0,0,0,0,0,0,0,0,0,0,0,0,0,0,0,1,0,0,0,0,1,0,0,0,0,0,0,0,0,0,0,0,0,0,0,0,0,0,0,0,2,0,0,0,0,0,0,0,0,0,1,0,0,0,0,0,0,0,0,0,0,0,0,0,0,0,0,0,0,2,0,0,1,0,0,0,0,0,0,0,0,0,1,0,0,0,0,0,0,0,0,0,0,0,0,0,0,0,0,0,0,0,1,0,0,0,1,1,0,0,0,0,0,0,0,0,0,0,0,0,0,0,0,0,0,1,0,0,0,0,1,0,0,0,0,0,0,0,0,0,0,0,0,0,1,0,0,0,0,0,0,0,0,0,0,0,0,0,0,1,0,0,0,0,0,0,0,0,0,1,0,0,0,1,0,0,1,0,0,0,0,1,0,0,0,0,0,0,0,0,0,0,0,0,0,0,0,0,0,0,0,1,0,0,0,0,0,0,0,0,0,0,0,0,0,0,0,0,0,0,0,0,0,0,0,1,0,0,0,0,0,0,0,0,0,0,0,0,0,0,0,0,0,0,0,0,0,0,0,1,1,0,1,0,0,2,0,0,0,0,0,1,0,0,0,0,0,0,1,0,0,1,0,0,0,0,0,0,0,1,1,0,0,1,0,0,0,0,0,0,0,0,0,0,0,0,1,0,0,0,0,0,0,0,0,0,0,0,0,0,0,0,0,0,0,0,0,0,0,0,0,0,0,0,0,0,0,0,0,0,0,0,0,1,0,0,0,0,0,0,0,0,0,0,0,0,0,0,0,0,0,0,0,0,0,0,0,0,0,1,0,0,2,0,0,0,0,0,0,0,0,0,0,0,0,0,0,0,1,1,1,0,0,0,0,0,0,0,0,0,0,0,0,0,0,0,0,0,0,0,0,0,1,0,0,0,1,0,1,0,0,0,0,0,0,0,0,0,0,0,0,0,0,0,0,0,0,0,0,0,0,0,0,0,0,0,0,0,0,0,0,0,0,0,0,0,0,0,0,0,0,0,0,0,0,0,0,0,0,0,0,0,0,0,0,0,0,0,0,0,0,1,0,0,0,0,0,0,0,0,0,1,0,0,0,0,0,0,0,1,0,0,0,0,0,0,0,0,0,0,1,0,0,0,0,0,0,0,0,0,0,0,0,0,0,0,0,0,0,0,0,0,0,0,1,0,0,0,0,0,0,0,0,0,0,2,0,0,0,0,0,0,0,0,0,1,0,1,0,0,1,0,0,0,0,0,0,0,0,0,0,0,0,0,0,0,0,1,0,0,0,0,0,0,1,0,0,1,0,0,0,0,0,0,0,1,0,0,0,1,0,0,0,0,0,0,0,0,0,0,1,0,1,0,0,0,0,0,0,0,1,1,0,0,0,0,0,0,0,0,0,0,0,0,0,0,0,0,0,0,0,0,0,0,0,0,0,0,0,0,0,0,1,0,0,0,0,0,0,0,0,0,0,0,0,0,0,0,0,0,0,1,0,0,0,0,0,0,0,0,0,0,2,0,0,0,0,0,0,0,0,0,0,0,0,0,1,1,0,0,1,0,0,0,1,0,0,0,0,0,2,0,0,0,0,0,1,0,2,1,0,0,0,0,0,0,0,0,0,0,0,0,0,0,0,1,0,0,0,0,0,0,0,0,0,0,0,0,1,0,0,0,0,0,0,0,0,0,0,0,0,0,0,0,0,0,0,0,0,0,1,0,0,0,0,0,0,0,1,0,0,0,0,0,0,0,0,0,1,2,0,0,0,0,0,1,0,0,0,0,0,0,0,0,0,0,0,0,0,0,0,0,0,0,0,1,0,0,0,0,0,0,0,0,0,0,0,0,0,0,0,0,0,0,0,2,0,0,0,0,0,0,0,0,0,1,0,0,0,0,0,0,0,0,0,0,0,0,0,0,0,0,0,0,0,1,0,0,0,0,0,0,0,0,0,0,0,1,0,0,0,0,0,0,0,0,0,1,0,0,1,0,0,0,0,0,0,0,0,0,0,0,0,0,0,0,0,0,0,1,0,0,0,0,0,0,0,0,0,0,0,0,0,0,0,0,1,0,0,0,0,0,0,0,0,0,0,0,0,0,0,0,0,0,1,2,0,0,2,0,0,0,0,0,0,0,0,0,0,0,0,0,0,0,0,0,0,0,0,0,0,0,0,0,0,0,0,0,0,0,0,1,0,0,0,0,2,0,0,0,0,0,0,0,0,0,0,0,0,0,0,0,0,0,0,0,0,0,0,0,1,0,0,0,0,0,0,0,0,1,0,0,0,0,1,0,0,0,0,0,0,0,0,1,0,0,0,1,0,0,0,0,0,0,0,0,0,0,0,0,0,0,0,0,0,0,0,1,0,0,0,0,0,0,0,0,0,0,0,0,0,0,0,0,0,0,1,0,0,0,0,0,0,0,0,0,0,0,0,0,0,0,0,0,0,0,0,0,0,0,0,0,0,0,0,0,0,0,0,0,0,0,0,0,0,0,0,1,0,0,0,0,0,0,0,0,0,0,0,0,0,0,0,0,0,0,0,0,0,0,0,0,0,0,0,1,0,0,1,0,0,0,0,1,1,0,0,0,1,0,0,0,0,0,1,0,0,0,0,0,0,0,0,0,0,0,0,0,0,0,0,0,0,0,0,0,0,0,1,0,0,0,0,1,0,0,0,0,0,2,0,0,0,0,0,0,0,0,0,0,0,1,1,0,0,0,0,0,0,0,0,0,0,0,0,0,0,0,0,0,0,0,0,0,0,0,0,0,0,0,0,0,0,1,0,0,0,0,0,0,0,0,0,0,0,0,0,1,0,0,0,0,0,0,0,0,1,0,0,0,0,0,0,0,0,0,0,0,0,0,0,0,0,0,0,0,0,0,0,0,0,0,0,0,1,0,0,1,0,0,0,0,0,0,0,0,0,0,0,1,0,0,0,0,0,0,1,0,0,0,0,0,0,0,0,0,0,0,0,0,0,0,0,1,0,1,0,0,0,0,1,0,0,0,1,0,0,0,0,0,0,0,0,0,0,0,0,0,1,0,0,0,0,1,0,0,0,0,0,0,0,1,0,0,1,0,0,0,1,0,0,0,1,0,0,0,0,0,0,0,0,1,0,0,0,0,0,0,0,0,0,0,0,0,0,0,1,0,0,0,0,0,0,0,1,0,1,0,0,0,0
